simdem/realisation30.asc
NCOLS 350 
NROWS 171 
XLLCORNER 152620 
YLLCORNER 418050 
CELLSIZE 100 
NODATA_value -9999 
[rows 22 to 43 of 171, columns 50 to 99 of 350]
-9999 -9999 -9999 -9999 -9999 -9999 -9999 -9999 -9999 569.528121948242 620.726943969727 772.114486694336 695.481992721558 737.613945007324 523.493690490723 398.765205383301 388.622253417969 484.879859924316 554.063056945801 625.834398269653 586.713871002197 584.426155090332 649.79793548584 670.900548934937 856.371896266937 579.262161254883 638.628379821777 767.640029907227 664.206995010376 590.472574234009 559.410213470459 717.224479675293 511.098899841309 591.346811294556 506.870475769043 520.662368774414 447.76294708252 699.481269836426 512.760437011719 383.995956420898 567.387985229492 398.245910644531 1069.05599975586 542.953765869141 597.460609436035 514.874931335449 539.360843658447 700.616176366806 451.889144897461 1399.4432182312
-9999 -9999 -9999 -9999 -9999 -9999 -9999 -9999 703.578979492188 455.883453369141 481.228408813477 661.059343338013 530.578262329102 366.251815795898 379.118225097656 478.663940429688 504.93465423584 554.813179016113 624.98713517189 633.492015838623 660.202722549438 739.411239624023 618.384429931641 564.014617919922 541.971374511719 449.131317138672 489.252754211426 553.253932952881 629.977203369141 582.120252609253 409.017921447754 402.792633056641 508.720520019531 728.320938110352 494.982162475586 764.762411117554 604.324283599854 998.014156341553 585.027297973633 1129.98608016968 769.344333648682 542.830432891846 443.102493286133 376.684448242188 426.457046508789 599.539292812347 640.195804595947 776.674781799316 636.37434387207 1321.79360961914
-9999 -9999 -9999 -9999 -9999 -9999 -9999 872.190032958984 698.000839233398 688.584014892578 532.396858215332 485.949462890625 324.259323120117 278.192443847656 473.16934967041 546.296272277832 697.103050231934 692.589096069336 712.758644104004 676.780019760132 598.016868591309 704.549392700195 564.252977371216 569.76522064209 651.367181777954 582.69511961937 701.62321472168 473.764892578125 486.008743286133 1158.09782028198 605.689567565918 548.403594970703 607.400733947754 657.812316894531 725.895462036133 611.068183898926 784.955795288086 803.412948608398 643.65397644043 614.544775009155 671.533203125 632.488430023193 551.513523101807 358.006149291992 475.940841674805 516.699195861816 572.632697105408 480.870838165283 586.206027984619 1110.93870162964
-9999 -9999 -9999 -9999 -9999 -9999 744.455627441406 597.641082763672 724.88671875 777.749938964844 465.514205932617 443.6201171875 515.799610137939 529.919494628906 543.605777740479 567.532676696777 697.336441040039 710.959663391113 630.053527832031 731.148216247559 707.224840164185 767.507431030273 554.375863075256 669.399917602539 575.297421455383 584.430733382702 558.182897210121 1106.2858543396 789.707368850708 687.432495117188 669.025512695312 729.919822692871 697.37975692749 913.949645042419 680.189770698547 770.942886352539 883.708419799805 709.358901977539 765.890762329102 657.577270507812 625.845432281494 566.863443374634 547.142181396484 504.027633666992 640.644412994385 502.175933837891 472.374732971191 509.066116333008 515.410488128662 963.121368408203
-9999 -9999 -9999 -9999 -9999 612.682815551758 411.301742553711 407.208404541016 368.214370727539 503.428344726562 514.685874938965 578.475288391113 652.47843170166 743.007431030273 808.563110351562 635.140491485596 582.250211715698 586.956916809082 603.212940216064 612.513191223145 742.662261962891 548.64603805542 506.348442077637 598.381862640381 651.974487304688 815.651693820953 768.29337310791 910.330326080322 787.501892089844 598.106887817383 725.302099704742 696.517915725708 607.572235107422 545.29810333252 720.974349975586 787.975891113281 653.378807067871 636.80436706543 695.433364868164 711.452697753906 612.785369873047 514.293285369873 587.652252197266 522.705261230469 598.549999237061 670.844650268555 684.855613708496 644.62809753418 593.894081115723 769.558647155762
-9999 -9999 -9999 -9999 510.471530914307 557.441207885742 350.505889892578 471.310760498047 397.714500427246 642.166041851044 557.55509185791 664.483871459961 600.89068031311 686.20654296875 785.59228515625 838.890975952148 614.926422119141 577.147571563721 542.539421081543 504.384349822998 640.714920043945 678.453002929688 517.769229888916 858.376831054688 1001.16781234741 810.160274505615 767.681579589844 857.217491149902 607.341156005859 554.229339599609 505.193977355957 669.760286331177 521.894081115723 655.511616945267 601.812744140625 717.317100524902 751.369979858398 618.758707046509 484.24845123291 650.150619506836 486.348541259766 530.915386199951 626.314491271973 645.504257202148 631.674423217773 743.782989501953 709.157470703125 607.897310256958 622.636276245117 539.727043151855
-9999 -9999 -9999 1064.96473693848 299.796722412109 368.541030883789 500.135803222656 455.034271240234 615.920793533325 699.456165313721 666.194046020508 573.80281829834 511.152275085449 510.631637573242 743.778626203537 606.950379371643 757.053428649902 606.749459981918 503.607986450195 345.561492919922 504.303295135498 622.448120117188 921.421051025391 629.735679626465 655.691740036011 571.563884735107 535.659957885742 595.246253967285 353.942947387695 407.276161193848 535.885724067688 600.866371154785 539.565891265869 498.348213195801 583.009818077087 621.696756362915 685.795097351074 497.022918701172 455.432586669922 502.219850540161 544.716162204742 561.34718132019 444.574821472168 517.396210670471 494.116703033447 440.745552062988 549.842934608459 522.324117660522 652.388320922852 691.847045898438
-9999 -9999 656.392833709717 1075.93161010742 267.220855712891 318.457473754883 577.17700958252 474.84171295166 739.130378723145 647.738822937012 558.579025268555 514.174728393555 470.251922607422 615.88606262207 692.700603485107 484.144828796387 701.671485900879 514.304061889648 928.598260879517 451.725769042969 1085.5950012207 562.26501083374 623.758773803711 607.475967407227 497.234552383423 564.487773895264 440.836456298828 591.497437477112 328.095916748047 440.48893737793 613.357063293457 683.145057678223 662.517150878906 448.620697021484 574.877292633057 455.393005371094 577.410865783691 563.977472305298 498.716932296753 466.864818572998 416.16423034668 550.410614013672 529.209190368652 514.962299346924 553.917507171631 418.744445800781 553.92431640625 396.533126831055 575.526737213135 974.577407836914
-9999 -9999 768.543537139893 916.235076904297 899.508834838867 304.704696655273 606.952560424805 601.448219299316 685.733337402344 659.040466308594 350.111389160156 377.686004638672 624.479286193848 577.491882324219 585.206024169922 742.567237854004 635.268311917782 690.907501220703 817.618764877319 643.378879547119 491.597949981689 598.145713806152 537.441249847412 565.538055419922 455.404163360596 408.930904388428 351.931861877441 459.937002182007 514.083801269531 512.163372039795 523.153945922852 506.792989730835 598.236831665039 551.599235534668 517.910316467285 416.113414764404 494.708082199097 634.22794342041 558.151731491089 518.818370819092 374.64372253418 493.546104431152 473.716505050659 595.672546386719 467.840038299561 419.891059875488 369.960861206055 332.565292358398 464.936466217041 603.374313354492
-9999 659.805721282959 752.907375335693 514.578506469727 518.162734985352 503.589813232422 702.432899475098 771.962341308594 714.743089437485 710.785591125488 563.80184173584 693.894302368164 602.748374938965 586.447090148926 492.339916229248 704.805179595947 648.921653747559 622.179534912109 607.977432250977 603.565551757812 607.081748962402 672.698822021484 569.752754211426 419.45902633667 488.43335723877 560.837142944336 500.085487365723 533.016120910645 445.050193786621 489.554061889648 406.351287841797 439.818141937256 590.970809936523 510.450065612793 375.865516662598 482.685817718506 484.794637680054 343.336700439453 398.509902954102 437.237642288208 377.083778381348 574.816068649292 510.109933853149 518.877145767212 488.162086486816 462.293800354004 449.650787353516 555.91296005249 511.505035400391 505.283226013184
520.005599975586 679.937335968018 628.404464244843 634.674130439758 616.289815425873 734.820785522461 648.940494537354 629.503677368164 571.224922180176 724.996742248535 738.8994140625 773.306903839111 798.32691192627 681.04761505127 894.166595458984 803.724578857422 581.661354064941 613.906791687012 616.44367980957 694.142623901367 547.604690551758 576.022071838379 492.504999160767 457.791102409363 479.928874969482 430.557693481445 521.762130737305 502.956680297852 537.652465820312 674.745315551758 333.199310302734 370.976577758789 501.049549102783 475.763401031494 393.635818481445 474.036914825439 437.882068634033 446.644147872925 418.225858688354 411.400955200195 386.643104553223 348.66552734375 354.399291992188 517.044246673584 515.18639755249 492.410102844238 580.604816436768 515.738475799561 609.79222869873 551.483373641968
421.911834716797 487.204040527344 629.817100524902 697.224426269531 564.373340129852 683.801574707031 652.576051712036 645.188737869263 647.158333778381 678.991682052612 713.126286268234 613.907783508301 577.80369758606 500.987121582031 691.571453094482 613.054946899414 651.201759338379 684.158737182617 463.547187805176 449.829296112061 500.429355621338 579.207397460938 503.236793518066 368.141479492188 411.317138671875 454.730805397034 540.567070007324 517.262775421143 486.293422698975 551.126663208008 413.465885162354 304.910095214844 368.515174865723 352.963500976562 465.695348620415 502.43042755127 424.551565170288 507.618267059326 456.896377563477 503.082607269287 652.455825805664 561.674327850342 506.392868041992 465.524824142456 617.878662109375 523.956428527832 616.613174438477 497.554098129272 514.784080505371 567.586990356445
507.135749816895 581.37198638916 513.253150463104 493.276870727539 609.837913513184 807.942123413086 669.366449356079 421.064426422119 690.314535140991 629.990135192871 584.109163284302 590.705400466919 619.59765625 664.278003692627 536.882566452026 707.046817779541 583.377471923828 518.860545158386 464.76526260376 398.12606048584 394.847373962402 489.404479980469 511.43440246582 402.106189727783 517.527740478516 435.553991317749 648.194351196289 519.804969787598 560.794456481934 393.56116104126 288.411575317383 375.886009216309 390.009727478027 365.135475158691 294.061477661133 479.481332778931 407.328323364258 324.845642089844 495.300201416016 533.564483642578 484.674017906189 431.952919006348 513.141746520996 380.766807556152 467.828373908997 455.233240127563 559.236167907715 605.245422363281 597.65650177002 555.802703857422
625.698143005371 546.070705413818 515.418029785156 611.10718536377 512.117712020874 647.124568939209 513.732614517212 805.33666229248 542.062004089355 550.274703979492 541.416289329529 504.333726882935 584.897874832153 577.634693145752 680.196014404297 612.613800048828 611.095458984375 617.861122131348 478.743869781494 388.328353881836 380.745147705078 437.735773086548 424.262134552002 540.711837768555 475.88703918457 315.363929748535 424.743087768555 430.365509033203 454.956335067749 408.064533233643 347.443374633789 408.275634765625 321.141204833984 376.22008895874 373.964546203613 343.108749389648 238.918762207031 398.030757904053 480.489370346069 482.088241577148 480.033813476562 606.503173828125 561.215087890625 494.048915863037 437.822666168213 532.821228027344 443.647853851318 676.381866455078 599.141151428223 586.169982910156
624.707993030548 693.754135131836 515.709301948547 459.213592529297 606.510597229004 637.697616577148 577.763767242432 608.509353637695 565.454772949219 650.282958984375 258.462799072266 530.884469985962 454.536529541016 589.542194366455 493.648391723633 593.200416564941 516.582242965698 595.140754699707 366.659561157227 406.1923828125 323.238494873047 343.798324584961 488.651462554932 359.232406616211 262.314315795898 315.084632873535 303.901306152344 348.059959411621 386.611629486084 323.806541442871 491.837032318115 459.46688079834 359.114059448242 354.131278991699 440.125070571899 272.551498413086 265.296157836914 249.063247680664 421.041797637939 488.727489471436 490.10013961792 412.923968315125 544.955963134766 476.638492584229 490.424911499023 473.994508743286 517.065605163574 578.497894287109 564.765403747559 638.017868041992
451.307571411133 467.59086227417 571.216949462891 702.170776367188 696.862342834473 546.34939956665 418.755668640137 483.868755340576 559.946746826172 553.599060058594 349.924354553223 542.873245239258 523.587633132935 611.613666534424 597.895210266113 485.336959838867 534.555711746216 445.508975982666 310.141166687012 442.161975860596 343.002555847168 242.182464599609 348.218757629395 317.001274108887 287.865829467773 402.78311920166 424.237628936768 506.358993530273 565.41423034668 513.356140136719 450.165552139282 435.312669754028 411.667629957199 353.180511474609 479.039752960205 389.694023132324 229.632751464844 346.98348236084 455.188975334167 368.697868347168 484.893001556396 463.340776443481 454.672317504883 575.906120300293 449.415782213211 389.110649108887 471.803863525391 534.941162109375 428.165462493896 426.333415985107
430.398696899414 346.321640014648 403.664901733398 602.599096298218 440.63688659668 438.20591545105 508.211893081665 1097.24836730957 1118.05422973633 1027.43946838379 520.453845977783 420.106323242188 553.886665344238 576.202079772949 599.626098632812 399.208984375 331.848808288574 473.329246520996 332.708518981934 448.042240142822 412.77611541748 224.114669799805 277.103775024414 237.844207763672 404.759751319885 503.419860839844 479.971504211426 466.693206787109 474.194122314453 465.809457778931 375.013542175293 452.45631980896 344.119819641113 359.904747009277 421.46471786499 575.076583862305 280.285934448242 270.966873168945 468.132606625557 469.565345287323 451.691520690918 489.82621383667 421.419677734375 413.97767829895 387.256523132324 347.717712402344 498.14933013916 318.280334472656 366.686431884766 405.314714431763
327.726226806641 390.971290588379 369.723052978516 604.91357421875 401.373905181885 417.43404340744 430.009703636169 763.296295166016 552.930740356445 708.604449272156 472.346035003662 476.295768737793 687.426528930664 510.290969848633 464.926998138428 428.709144592285 433.157264709473 506.303157806396 504.6848487854 449.221605300903 488.738576889038 425.515739440918 347.062995910645 387.502391815186 386.363445281982 426.822259902954 474.52751159668 437.117435455322 457.009990692139 474.590972900391 480.816341400146 401.86887550354 417.408222198486 466.387321472168 350.161949157715 258.310760498047 270.892715454102 290.119354248047 384.628768920898 442.111916840076 493.632331848145 617.218536376953 564.206298828125 514.210411071777 374.562324523926 413.229862213135 449.297555923462 431.805833816528 449.472204208374 391.609222412109
428.298545837402 462.914581298828 559.030349731445 667.474056243896 694.515022754669 462.5364112854 626.860549926758 791.244445800781 647.754814147949 561.918487548828 393.529479980469 494.778964996338 600.233345031738 561.505661010742 548.801738739014 552.048698425293 515.932800292969 386.642608642578 524.642959594727 486.452228546143 464.225363731384 287.44287109375 201.750518798828 246.815093994141 286.307479858398 464.448081970215 469.67259979248 568.699584960938 500.627258300781 336.179298400879 350.75252532959 366.637367248535 462.425413131714 420.988251686096 540.118041992188 254.257186889648 361.911689758301 424.7242603302 578.650207519531 568.561225891113 507.518203735352 416.634609222412 405.25074005127 402.061264038086 400.142723083496 323.497093200684 405.664810180664 381.800994873047 363.332946777344 394.110717773438
617.251075744629 557.084571838379 597.463932037354 446.95719909668 589.954925537109 416.692764282227 452.968006134033 832.509918212891 890.658332824707 1085.56081390381 578.958728790283 598.176565170288 610.479446411133 528.91609287262 697.289260864258 448.718204498291 519.503692626953 365.846656799316 314.437042236328 364.003128051758 342.85661315918 289.757217407227 402.625534057617 383.798320770264 409.950397491455 464.146175384521 431.680757522583 511.19905090332 422.46432352066 350.57787322998 487.692668914795 451.104923248291 346.038093566895 393.687517166138 549.097061157227 463.869964599609 391.406860351562 309.839965820312 462.788597106934 487.099613189697 349.029510498047 495.747753620148 286.234771728516 320.698547363281 340.817192077637 444.439279079437 414.99938583374 457.996570587158 451.09649848938 322.636764526367
830.506309509277 855.081241607666 832.810070037842 711.025161743164 354.979934692383 464.109081268311 706.338005065918 648.826084136963 534.056793212891 583.690078735352 647.316505432129 623.747215270996 458.656524658203 553.42583656311 433.928409576416 569.080963134766 480.345848083496 437.100784301758 358.020790100098 557.61888885498 448.575358390808 401.535614013672 398.313899993896 350.642555236816 458.279663085938 346.17809677124 327.95108795166 363.883110046387 441.261690139771 315.546073913574 488.737510681152 350.924026489258 480.320278167725 437.041614532471 485.489959716797 497.030044555664 265.248825073242 452.318971633911 520.265319824219 415.149587631226 493.972255706787 404.302322387695 264.248001098633 197.496215820312 273.769668579102 362.285144805908 433.231045246124 493.763301849365 350.770530700684 325.776550292969
593.85675239563 772.766883850098 691.919319152832 733.724338531494 355.428466796875 449.70622253418 551.161834716797 597.25350189209 678.155067443848 524.167062759399 778.453750610352 595.999557495117 649.775955200195 568.36014175415 577.79907989502 457.332361221313 403.361446380615 488.605014801025 460.433734893799 491.088096618652 497.148029327393 401.016038894653 420.786336794496 506.507911682129 550.785385131836 506.195671081543 322.898918151855 369.540306091309 445.984781265259 423.524549484253 427.067806243896 493.158466339111 618.730621337891 501.839454650879 575.891815185547 496.326835632324 336.472732543945 427.275217056274 474.460475921631 549.174095153809 347.595237731934 441.175239562988 502.914890289307 275.452163696289 313.686164855957 284.439956665039 387.918968200684 502.780204772949 450.482377529144 419.238456726074
