simdem/realisation21.asc
NCOLS 350 
NROWS 171 
XLLCORNER 152620 
YLLCORNER 418050 
CELLSIZE 100 
NODATA_value -9999 
[rows 110 to 131 of 171, columns 200 to 249 of 350]
-9999 -9999 -9999 797.893577575684 616.190483093262 574.18226146698 653.432041168213 884.492988586426 791.29467010498 1210.58680725098 837.232276916504 787.262771606445 673.484066367149 763.100151062012 721.344795227051 666.254720687866 851.098022460938 647.961166977882 558.987197875977 620.882385730743 528.801414489746 525.15315246582 700.029674291611 557.778583526611 488.055023193359 531.133361816406 592.664840698242 486.309097290039 736.964904785156 691.104112625122 708.412086486816 741.210693359375 625.756313323975 627.255760192871 563.200805664062 507.789291381836 626.205833435059 766.857929229736 495.383369445801 346.558929443359 480.738327026367 670.15339589119 771.994382858276 715.977676391602 1129.75241088867 766.935775756836 979.560466766357 1279.10387802124 682.317253112793 931.27280330658
-9999 -9999 -9999 -9999 847.649959564209 712.330718129873 682.529765129089 872.212890625 955.096786499023 1037.0260925293 809.683868408203 772.191795349121 766.495910644531 806.590476989746 721.597030639648 708.609169006348 661.980760574341 766.748527526855 730.469413757324 775.690689086914 627.75728225708 617.839735031128 1504.00450897217 466.521224975586 579.927215859294 590.230630874634 685.806791305542 613.172477722168 558.098419189453 559.887763977051 592.186182022095 693.60636806488 622.426643371582 787.172454833984 519.626678466797 615.703506469727 864.898086547852 793.204216003418 437.989303588867 420.966796875 733.340847015381 626.233913421631 637.603897094727 1007.95006077364 635.614814758301 926.739756584167 1068.5609164238 963.314079284668 616.140571594238 899.459365844727
-9999 -9999 -9999 -9999 803.291980743408 760.075771331787 665.323972702026 968.882049560547 948.871292114258 913.679718017578 865.294578552246 841.96898651123 749.450073242188 781.667945861816 855.532958984375 648.334474563599 724.905956268311 735.934982299805 671.686851501465 509.381240844727 511.126281738281 650.736976623535 738.93773651123 727.167678833008 600.654663085938 623.814657688141 753.708190917969 737.224674224854 583.551048278809 642.028450012207 590.028363227844 609.271835327148 724.155979156494 657.909561157227 543.351089477539 552.872344970703 698.912462234497 794.004524230957 729.941844940186 686.422058105469 827.7986728549 694.757755279541 675.897020339966 851.597999572754 623.437554359436 1044.91571044922 1243.06507873535 867.21524810791 789.192077636719 691.274719238281
-9999 -9999 -9999 -9999 -9999 816.115730762482 732.496074676514 770.158447265625 862.853538513184 859.664054870605 1195.73295783997 762.551517486572 756.146045684814 928.296691894531 746.64884185791 790.443740844727 707.345161437988 796.793228149414 607.69713973999 506.065551757812 416.588150024414 925.768203735352 705.91911315918 711.194145202637 621.688869476318 528.910598754883 604.071029663086 805.882545471191 807.318756103516 610.971219062805 476.061317443848 644.987670898438 644.665531158447 550.284057617188 703.357027053833 673.103332996368 660.068918228149 628.637916564941 661.225204467773 668.691421508789 805.24146270752 827.349817276001 751.229904174805 674.580017089844 762.38981628418 722.998191833496 855.354362487793 1331.28859138489 734.344039916992 845.730712890625
-9999 -9999 -9999 -9999 -9999 852.739280700684 677.516983032227 718.746032714844 702.792633056641 790.953365325928 1181.98496627808 757.414226055145 770.770999908447 595.272453308105 622.681732177734 783.600067138672 855.850158691406 760.813774108887 509.111404418945 479.357833862305 1116.58068847656 577.673316955566 712.870056152344 640.762186527252 591.163667678833 436.336334228516 488.982238769531 725.562446594238 699.15385055542 695.580749511719 611.837425231934 607.804679870605 688.657833099365 522.46696472168 547.194686889648 607.14981842041 649.44136428833 697.762861251831 732.979180335999 686.462684631348 805.162044525146 793.167915344238 728.67115020752 559.650939941406 674.269287109375 683.413131713867 806.984402120113 944.835567474365 811.638084411621 784.28539276123
-9999 -9999 -9999 -9999 -9999 910.478702545166 605.108123779297 785.604454040527 645.051713943481 662.079490661621 666.139617919922 750.386698722839 648.849792480469 664.192402839661 714.748945236206 644.496353149414 735.916495800018 673.666007041931 723.019588470459 1039.77337646484 588.845161437988 612.326522827148 683.500812530518 672.672143936157 436.775695800781 492.061737060547 509.679138183594 618.095275878906 740.160179138184 693.280217170715 512.466995239258 639.139114379883 726.378074645996 623.516944885254 664.022117614746 675.121395111084 640.991828918457 639.924787990749 787.517204284668 800.645137786865 799.462997436523 968.768287658691 620.077819824219 856.605941772461 686.667060852051 690.471580505371 734.410737514496 741.340465545654 817.05237197876 731.507293701172
-9999 -9999 -9999 -9999 -9999 -9999 857.054731369019 950.441696166992 848.062805175781 771.922988891602 825.188709259033 941.627258300781 624.36206817627 643.733444213867 642.777359008789 714.159850120544 700.162117004395 686.143188476562 762.749176025391 547.373725891113 615.246187210083 654.122868537903 681.529007911682 680.762650489807 619.196899414062 652.186180114746 710.078275918961 715.288318365812 781.117610931396 737.11060333252 731.095106124878 692.362727403641 685.416906654835 641.554790496826 730.985546112061 703.496294021606 691.746927380562 664.118989944458 712.314338684082 784.070171356201 1050.69253540039 916.595458984375 742.023376464844 612.068603515625 901.701080322266 947.02604675293 1033.6650352478 963.488777160645 718.759948730469 748.131546020508
-9999 -9999 -9999 -9999 -9999 -9999 898.671684265137 1397.5362610817 1348.16209030151 684.713943481445 517.822113037109 551.266204833984 1117.08109283447 716.655902862549 746.749995231628 600.234329223633 528.711502075195 575.659805297852 1158.02806854248 678.822504997253 770.608085632324 736.073757171631 647.96205329895 634.461357116699 584.854064941406 632.824043273926 835.547088623047 746.72608757019 787.427181243896 677.963275909424 746.252861022949 772.614353179932 801.507171630859 875.056228637695 884.690895080566 860.488456726074 928.045429229736 687.972846984863 770.519889831543 743.742733001709 731.410717964172 727.590416282415 609.827865600586 712.064708709717 626.343856811523 574.327682495117 568.631561279297 868.008659362793 1083.15572357178 714.788753509521
-9999 -9999 -9999 -9999 -9999 -9999 -9999 961.482177615166 882.666675567627 752.121825218201 749.062591552734 664.703056335449 592.808609008789 819.669761657715 818.022132873535 577.579612731934 570.103881835938 1350.1982421875 683.021377563477 721.826593399048 659.28565788269 692.975637435913 641.413013458252 716.487539291382 719.398914337158 676.207233428955 712.297064304352 1059.92053985596 851.291934967041 928.340087890625 659.260489463806 813.01789855957 653.609008789062 886.170634269714 847.294688224792 865.13256072998 852.523223876953 836.697860717773 1103.214012146 580.895034790039 439.479522705078 434.283966064453 528.614654541016 574.108276367188 687.888221740723 551.280380249023 572.30290222168 752.434551239014 752.065759658813 748.241641998291
-9999 -9999 -9999 -9999 -9999 -9999 -9999 -9999 679.620223999023 833.995347976685 719.201049804688 622.275676727295 714.614570617676 676.958908081055 649.708572387695 539.129318237305 1251.84292602539 588.053833007812 770.528345108032 799.643909454346 779.49963760376 802.206916809082 594.059967041016 687.861282348633 689.431499481201 681.364961624146 701.493352890015 724.162223815918 751.844757080078 660.29953956604 492.904819488525 523.28955078125 646.956265449524 914.908246994019 907.075912475586 833.742361068726 998.341136932373 1118.04328918457 945.587409973145 814.326583862305 569.279479980469 427.659698486328 550.230697631836 590.893905639648 617.60962677002 573.883911132812 524.924514770508 530.755462646484 709.771818161011 588.882684707642
-9999 -9999 -9999 -9999 -9999 -9999 -9999 -9999 -9999 1162.71673583984 1304.96805286407 1176.82883834839 659.932916641235 652.790946960449 663.231544494629 668.023941040039 895.208160400391 665.824127197266 861.220092773438 759.132247924805 748.671320319176 634.416557312012 813.192909240723 879.558029174805 771.952224731445 859.831153869629 670.050033569336 598.08752822876 783.710824966431 562.37345123291 676.973266601562 482.554428100586 395.996627807617 602.001361846924 905.207679748535 842.135662078857 963.269416809082 902.567718505859 830.547149658203 898.370231628418 962.142227172852 588.636535644531 611.890213012695 814.099439620972 676.321182250977 600.713868021965 612.161214828491 597.564889907837 517.160858154297 548.313631057739
-9999 -9999 -9999 -9999 -9999 -9999 -9999 -9999 -9999 -9999 999.78839302063 619.595176696777 669.990791320801 684.486881256104 600.109855651855 614.972671508789 554.162963867188 625.642608642578 749.587821960449 708.775814056396 699.913066864014 881.139083862305 775.298763275146 753.68713760376 1224.09136962891 874.91414642334 534.329706192017 697.628002166748 592.057083129883 644.608222961426 652.334129333496 541.726226806641 480.434158325195 582.820865631104 875.136524200439 854.430739879608 772.912979125977 811.254409790039 875.505411148071 809.445281982422 885.17586517334 690.605175971985 686.47159576416 905.179779052734 593.730684280396 549.532615661621 564.835506439209 602.930744171143 648.448602676392 620.389499664307
-9999 -9999 -9999 -9999 -9999 -9999 -9999 -9999 -9999 -9999 -9999 1201.16189479828 1133.6802482605 920.11400604248 559.716920852661 442.576675415039 537.787460327148 600.198989868164 726.162170410156 788.368642807007 873.582374572754 914.68424987793 724.370321273804 633.881220817566 1132.19277954102 742.117078781128 1016.60264587402 895.251337051392 753.953550338745 701.092926025391 864.507044792175 726.212532043457 568.516265869141 573.392105102539 697.228813171387 813.991800308228 719.252464294434 817.900043487549 855.662268638611 842.519102096558 928.184850692749 688.713661193848 916.682075500488 766.089614868164 721.176193237305 697.809158325195 543.102668762207 765.166823387146 671.863826751709 691.849193572998
-9999 -9999 -9999 -9999 -9999 -9999 -9999 -9999 -9999 -9999 -9999 -9999 1226.4557800293 1341.462059021 608.874366760254 428.203033447266 429.275985717773 490.718841552734 639.298449516296 688.370694160461 717.688423156738 801.008010864258 563.543670654297 603.487598419189 660.780258178711 849.872005462646 899.136795043945 836.906921386719 725.463409423828 789.759250640869 861.344225883484 803.258304595947 609.274597167969 713.608085632324 715.369758605957 655.1369972229 836.891149044037 881.902179718018 920.681282043457 784.714584350586 864.506038665771 890.630299568176 758.677055358887 699.741050720215 719.429779052734 716.181034564972 660.072044372559 732.28092956543 724.448396682739 854.886611938477
-9999 -9999 -9999 -9999 -9999 -9999 -9999 -9999 -9999 -9999 -9999 -9999 -9999 -9999 665.147964477539 507.45068359375 504.306976318359 860.665100097656 606.072799682617 789.819152832031 570.293722391129 600.732000350952 547.34365272522 483.344444274902 879.966888427734 721.961427688599 642.527618408203 819.203575134277 940.994026184082 851.309711456299 840.795948982239 874.081453323364 711.272048950195 739.128909111023 706.170890808105 754.579879760742 861.886087417603 990.906272888184 812.774869918823 980.901016235352 1092.72932434082 1285.09868621826 721.899948120117 668.275553703308 784.474975585938 795.392890930176 701.966819763184 572.603851318359 610.426834106445 713.561317443848
-9999 -9999 -9999 -9999 -9999 -9999 -9999 -9999 -9999 -9999 -9999 -9999 -9999 -9999 -9999 -9999 -9999 1034.96865081787 795.949577331543 829.540939331055 905.990516662598 813.9909324646 655.482383728027 835.719802856445 769.98860168457 680.21614074707 754.619300842285 557.336090087891 713.674850463867 658.787246704102 770.013792037964 767.556304931641 884.286659240723 822.44082069397 723.237257003784 702.617630004883 804.231201171875 914.939586639404 858.853216171265 571.001957416534 595.561828613281 1120.32110214233 705.698951721191 694.264577865601 626.728034973145 788.857444763184 546.643936157227 713.777076721191 656.880653381348 640.599388122559
-9999 -9999 -9999 -9999 -9999 -9999 -9999 -9999 -9999 -9999 -9999 -9999 -9999 -9999 -9999 -9999 -9999 -9999 -9999 -9999 829.97721862793 763.163467407227 828.180038452148 768.010452270508 831.800727844238 845.937713623047 863.083068847656 708.964324951172 789.942439079285 628.869445800781 864.800006866455 655.212265014648 762.803705215454 848.32893371582 899.684219360352 664.442859649658 745.104438781738 952.511512756348 871.364431381226 546.597007751465 663.748313546181 862.100715637207 640.307459354401 661.467308044434 622.029907226562 680.423538208008 663.871751785278 690.946655273438 522.710861206055 642.178592681885
-9999 -9999 -9999 -9999 -9999 -9999 -9999 -9999 -9999 -9999 -9999 -9999 -9999 -9999 -9999 -9999 -9999 -9999 -9999 -9999 -9999 -9999 -9999 -9999 -9999 856.747676849365 843.710762023926 823.857040405273 805.809135437012 974.780799865723 914.933251619339 808.781766414642 690.43196105957 784.325302124023 641.719909667969 856.093336105347 1087.0711517334 1007.4712677002 779.761047363281 717.1086769104 563.353622436523 831.122955322266 543.609436035156 640.096138000488 563.909576416016 666.482345581055 757.935581207275 613.918243408203 554.919692993164 659.360664367676
-9999 -9999 -9999 -9999 -9999 -9999 -9999 -9999 -9999 -9999 -9999 -9999 -9999 -9999 -9999 -9999 -9999 -9999 -9999 -9999 -9999 -9999 -9999 -9999 -9999 -9999 -9999 -9999 -9999 871.77477645874 1066.90267944336 1052.50150299072 950.334648132324 809.010810852051 808.561614990234 764.544830322266 943.106132507324 1074.75736999512 817.481178283691 622.909725189209 486.97119140625 648.448188781738 589.148406982422 562.317581176758 507.53645324707 600.007186889648 652.007215499878 682.252765655518 646.428970336914 695.754306793213
-9999 -9999 -9999 -9999 -9999 -9999 -9999 -9999 -9999 -9999 -9999 -9999 -9999 -9999 -9999 -9999 -9999 -9999 -9999 -9999 -9999 -9999 -9999 -9999 -9999 -9999 -9999 -9999 -9999 -9999 -9999 1290.6273651123 1116.79499816895 904.765881538391 830.366813659668 751.269104003906 811.359184265137 728.372627258301 812.661315917969 532.724332809448 889.203605651855 649.458817005157 654.825508117676 643.05241394043 632.92797088623 660.206439971924 746.424682617188 695.664649963379 727.697456359863 664.657180786133
-9999 -9999 -9999 -9999 -9999 -9999 -9999 -9999 -9999 -9999 -9999 -9999 -9999 -9999 -9999 -9999 -9999 -9999 -9999 -9999 -9999 -9999 -9999 -9999 -9999 -9999 -9999 -9999 -9999 -9999 -9999 -9999 914.533874511719 907.959257125854 959.960296630859 867.955505371094 751.012498378754 865.006393432617 728.550582885742 678.582836151123 907.006744384766 799.812110900879 696.411010742188 563.05647277832 591.416084289551 687.874292850494 638.363342285156 675.613302230835 718.521999359131 683.744739532471
-9999 -9999 -9999 -9999 -9999 -9999 -9999 -9999 -9999 -9999 -9999 -9999 -9999 -9999 -9999 -9999 -9999 -9999 -9999 -9999 -9999 -9999 -9999 -9999 -9999 -9999 -9999 -9999 -9999 -9999 -9999 -9999 -9999 953.042854309082 907.582152843475 907.109565734863 713.946098327637 783.00951385498 672.401641845703 616.112930297852 893.531749725342 776.903511047363 743.278699874878 737.133346557617 625.69026184082 684.43504524231 674.959623336792 788.860549926758 747.833019256592 613.471633911133
