simdem/realisation47.asc
NCOLS 350 
NROWS 171 
XLLCORNER 152620 
YLLCORNER 418050 
CELLSIZE 100 
NODATA_value -9999 
[rows 44 to 65 of 171, columns 250 to 299 of 350]
688.754556655884 781.191963195801 901.018821716309 714.846426486969 754.534336090088 825.445175170898 652.45393371582 693.841500282288 756.958618164062 714.394645690918 688.195358276367 658.63786315918 688.31028175354 846.894081115723 814.024833679199 877.994445800781 800.734798431396 792.28833770752 761.032670974731 786.850309371948 684.346420288086 770.047260284424 799.239475250244 741.37628364563 868.371635437012 805.782803058624 815.691192626953 937.065845489502 802.201965332031 605.150283813477 763.917098999023 860.25408744812 898.232098579407 871.752265691757 948.049453735352 936.47061920166 734.178020477295 764.307708740234 738.179153442383 880.874458312988 768.279067993164 776.759426116943 867.441738128662 812.890258789062 874.866924285889 895.784572601318 790.91442489624 737.323471069336 825.036482334137 844.564988851547
653.922210693359 874.839618682861 690.32647895813 762.057292938232 795.281105041504 848.863708496094 726.951144695282 717.781246185303 649.185440063477 763.839954376221 581.826065063477 542.473220825195 541.996917724609 764.267677307129 779.585132598877 754.794275522232 832.482749938965 713.683746337891 856.807723999023 839.14102935791 757.769674301147 746.851620674133 762.713545799255 733.963989257812 847.214281320572 780.943786621094 826.511556625366 739.119300842285 772.206331253052 923.651588439941 920.178783416748 981.03254699707 960.479318618774 900.689785003662 665.537727355957 834.603894710541 930.087959289551 728.71826171875 1464.24673080444 968.843862533569 726.728370666504 983.608612060547 775.961700439453 836.17632484436 854.785406112671 910.927883148193 965.934743881226 908.411315917969 887.980281829834 808.011688232422
656.795227050781 569.679534912109 719.693035125732 650.6501121521 775.888473510742 743.090343475342 743.799034118652 506.105728149414 479.617889404297 575.091796875 622.964141845703 698.032276153564 824.053943634033 585.146896362305 677.872455596924 709.567234039307 839.898330688477 763.271541595459 718.87979888916 710.174346923828 799.132999420166 735.425551891327 596.22233581543 705.8072681427 768.247369766235 1417.11742115021 669.438751220703 1130.01314163208 1321.59951019287 662.798370361328 884.447208404541 641.730163574219 820.027305603027 773.550354003906 1181.60998344421 1506.70528793335 1114.49021911621 878.85751914978 1405.51050949097 1396.21611404419 969.986610412598 864.366017818451 1048.19632339478 871.23525595665 1068.46442699432 898.737022399902 1397.12800598145 816.460159301758 919.336936950684 946.201206207275
734.60933303833 579.797470092773 557.072601318359 560.354080200195 554.958953857422 601.136642456055 632.808898925781 519.338272094727 557.88330078125 572.047607421875 733.620512008667 671.54566192627 712.02197265625 843.415435791016 786.172904968262 641.748275756836 682.443572998047 659.568733215332 825.674610137939 600.156295776367 723.146084785461 742.885826587677 502.07373046875 702.25764465332 739.458817481995 892.391998291016 593.005035400391 1073.36447906494 1140.40516662598 1312.32501220703 833.764122009277 812.314178466797 816.285377502441 1117.52321624756 818.335243225098 1165.86271286011 1268.54162788391 793.304004669189 1161.63816261292 965.270401000977 877.888542175293 879.891529083252 1311.98569107056 982.694367408752 885.430709838867 799.39973449707 739.417556762695 841.355033874512 831.494297027588 975.00178527832
644.004280090332 670.536060333252 697.173343658447 572.277214050293 560.125686645508 592.077705383301 522.340438842773 553.670623779297 706.289918899536 752.616554260254 642.254341125488 744.8058385849 744.455923080444 765.657683372498 752.020373463631 755.849666595459 768.435649871826 769.719678878784 719.657667160034 818.970878601074 851.128494262695 812.622467041016 816.600952148438 752.6833152771 710.163948059082 663.279113769531 550.89860534668 826.953033447266 778.687346458435 1101.03162574768 1268.53902435303 695.622421264648 833.472267150879 984.518135070801 901.491508483887 776.317943572998 997.923095703125 611.860290527344 1566.38899993896 1000.88450622559 623.181518554688 511.234130859375 917.004974365234 667.022033691406 820.495635986328 870.321701049805 804.293930053711 1848.7214050293 608.322662353516 960.698608398438
687.45471572876 674.090492248535 749.789333343506 644.061981201172 645.753776550293 507.735092163086 709.349632263184 621.047393798828 545.008544921875 647.153205871582 761.474090576172 851.155288696289 749.325491905212 804.38404083252 743.598951339722 743.91672039032 888.706695556641 840.250205993652 673.909854888916 725.711890220642 801.085506439209 822.259948730469 797.459327697754 663.053916931152 693.294616699219 969.424255371094 656.163757324219 661.585601806641 642.606803894043 674.950912475586 817.183547973633 841.769950866699 752.216247558594 937.220718383789 1442.57926177979 877.317863464355 774.755832672119 676.441429138184 844.977035522461 554.983016967773 614.548553466797 708.445587158203 833.811340332031 933.309913635254 777.609592437744 823.882347106934 950.529129981995 734.574752807617 808.781661987305 839.924390792847
653.736835479736 688.541966438293 556.932403564453 653.898448944092 548.544006347656 709.889980196953 706.538417816162 739.844207763672 660.15433883667 577.01286315918 730.095541954041 830.37043762207 682.068656921387 897.625854492188 765.074901580811 717.205087900162 729.307504653931 835.355743408203 730.454542160034 600.986396789551 623.989059448242 726.865051269531 542.2919921875 612.913711547852 593.391571044922 732.53443145752 843.408027648926 800.814743041992 678.012771606445 743.642730712891 1160.1100025177 1054.26752090454 724.909423828125 769.480911254883 776.508804321289 828.005027770996 834.000028610229 1110.58337402344 716.781494140625 756.826507568359 1010.39608764648 782.022598266602 713.066200256348 920.745273590088 945.986322402954 807.345909118652 916.551375389099 1206.45080518723 985.668369293213 738.664367675781
566.959098815918 650.286296844482 564.642959594727 623.019264221191 647.365043640137 677.209264755249 608.302841186523 554.283889770508 737.102043151855 831.980163574219 778.92565536499 776.754686355591 749.960842132568 744.147142410278 616.746795654297 658.449363708496 609.249229431152 618.40177154541 676.382709503174 594.888626098633 535.465805053711 632.221252441406 553.101470947266 710.772766113281 698.359420776367 840.120712280273 905.303108215332 783.591484069824 651.888702392578 867.095027923584 1145.98208618164 977.126037597656 797.755157470703 1081.75848388672 995.16487121582 807.884155273438 821.381385803223 836.837398529053 657.065765380859 670.979507446289 829.715393066406 783.846141815186 739.893188476562 801.141788482666 861.266647338867 764.167877197266 894.853668212891 814.614054888487 888.481689453125 900.126583099365
801.280868530273 657.755111694336 548.306549072266 656.735790252686 633.082778930664 691.486560821533 654.461154937744 750.964128494263 824.568344116211 926.155120849609 795.111518859863 740.640632629395 707.977499008179 678.813400268555 484.183502197266 599.229904174805 649.209403991699 720.250322341919 671.567630767822 574.421020507812 711.39136505127 645.802589416504 506.832138061523 598.600555419922 795.399892807007 838.104217529297 879.256763458252 692.465423583984 742.810241699219 732.409843444824 623.861930847168 651.740737915039 809.821640014648 1050.49252319336 665.86735534668 567.531127929688 1002.62409973145 693.13069152832 973.805210113525 898.492637634277 911.317962646484 759.91748046875 736.37818145752 761.556205749512 810.949404895306 707.050979614258 1243.00282287598 941.419258117676 887.14497756958 838.584831237793
441.312896728516 869.183959960938 873.973178386688 626.57585144043 655.374500274658 753.183898925781 722.290344238281 686.860231399536 704.093011856079 931.891479492188 1260.76592254639 736.760102272034 705.038444519043 523.062545776367 706.323913574219 797.12841796875 525.337478637695 499.810516357422 636.083839416504 1713.66027355194 788.222549438477 534.945022583008 499.786743164062 1131.57431030273 657.418930053711 669.020950317383 752.369432449341 995.846038818359 835.829345703125 854.18265914917 697.583251953125 926.904632568359 646.264846801758 679.849975585938 551.331390380859 1062.79776000977 764.721221923828 855.553482055664 706.494476318359 809.547358512878 1282.63467168808 669.583160400391 674.231155395508 721.899368286133 674.68571472168 696.275207519531 731.416160583496 913.223327636719 946.183746337891 835.865817695856
502.347900390625 659.32421875 598.643600463867 592.664154052734 725.771554946899 730.614212036133 714.06938123703 696.327243804932 745.618855714798 673.431159973145 901.97346496582 1602.59645843506 897.915281295776 1081.7088394165 968.06379699707 1440.59481811523 413.282623291016 744.663238525391 744.576995849609 658.381340026855 443.002014160156 310.9482421875 400.090423583984 583.859161376953 710.562164306641 721.879692077637 759.042821884155 1009.81157684326 940.243598937988 794.793467521667 718.336067199707 659.02507019043 921.428833007812 786.86491394043 784.698593139648 717.905776977539 1096.66625976562 550.857055664062 836.779381752014 854.554489135742 911.755016326904 825.358879089355 664.312324523926 840.140342712402 844.518227577209 979.386596679688 953.859313964844 938.060302734375 946.046524047852 730.98844909668
622.397493362427 663.926986694336 685.49263048172 643.884860992432 612.286483764648 561.109992980957 588.301414489746 1189.57075500488 722.02995300293 792.165470123291 954.368041992188 881.407928466797 825.014144897461 705.016227722168 646.564514160156 1331.0710144043 341.332733154297 1165.74118041992 690.972946166992 693.43620300293 1086.25689697266 921.210266113281 1459.31497192383 836.113975524902 1092.22494888306 1376.170753479 856.80029296875 725.568664550781 845.553676605225 757.232902526855 851.90991973877 609.049591064453 758.915513038635 613.704711914062 879.09733581543 713.582336425781 1046.47320556641 1050.10997772217 781.14977645874 1201.52355194092 1215.22702026367 786.055908203125 1512.62256717682 748.028450012207 693.864852905273 866.007369995117 850.809787750244 740.710205078125 617.791595458984 573.11767578125
805.57048034668 692.880647659302 727.442733764648 656.930526733398 563.863586425781 667.981315612793 863.592544555664 712.666095733643 703.836982727051 643.567626953125 834.284164428711 825.107429504395 863.177368164062 782.485009670258 569.410293579102 504.838500976562 733.440399169922 702.508361816406 791.904722213745 626.913787841797 641.768585205078 529.468109130859 1682.18112182617 1955.25093078613 818.41695022583 971.321800231934 943.628555297852 781.738426208496 734.989097595215 712.696212768555 785.347431182861 860.218200683594 874.008449554443 991.798942565918 790.883098602295 664.439498901367 575.784408569336 1013.74013900757 951.346284151077 1267.60766792297 754.375469207764 951.519798278809 792.880364596844 858.533229827881 829.864950180054 957.698120117188 767.067085266113 655.510208129883 368.552337646484 695.268615722656
778.676048278809 790.636703491211 736.54566192627 689.16983795166 775.392105102539 812.680763244629 821.173324584961 541.304946899414 721.842819213867 670.819517612457 728.731426239014 717.37685585022 638.8336353302 641.722953796387 675.577331542969 527.778442382812 675.589385986328 740.208198547363 792.833030700684 635.882659912109 735.230102539062 730.52583694458 1134.32429504395 804.204452514648 726.405151367188 824.528804779053 738.232803344727 932.192245483398 780.657557964325 727.130378723145 777.14527130127 866.460632324219 823.601913452148 883.073183059692 948.22155380249 1333.18840789795 755.499938964844 716.395545959473 808.831068515778 724.542469024658 682.615371704102 820.469009399414 740.880126953125 872.75511932373 920.769226074219 944.221893310547 812.652742862701 754.403961181641 343.469787597656 713.027099609375
852.954086303711 593.528678894043 680.511686325073 613.751098632812 619.780532836914 572.377265930176 769.569747924805 758.486289978027 721.651237487793 723.205684661865 709.841007232666 689.246882915497 746.454292297363 847.754760742188 719.901601791382 589.917434692383 568.074325561523 610.396110534668 608.414283752441 542.44921875 711.726379394531 715.417930603027 938.916885375977 539.845779418945 978.426193237305 749.962982177734 680.287376403809 880.525741577148 774.783883780241 908.08562374115 746.51082611084 827.950035095215 762.038715362549 1037.19099807739 772.720606327057 739.665756225586 767.607635498047 811.396186828613 856.867069244385 757.658172607422 921.667673826218 821.435842514038 860.685691833496 899.529724121094 868.493255615234 927.161743164062 785.969518661499 844.10352897644 826.734191894531 2090.92260742188
754.226272583008 709.06086730957 738.845748901367 508.682952880859 700.046234130859 646.514831542969 697.338945388794 762.201919555664 822.704788208008 726.45182800293 783.262809753418 683.011549949646 674.121347427368 691.940250396729 762.10082244873 701.174375772476 660.530384063721 770.923851013184 568.386611938477 894.900131225586 669.669479370117 798.548965454102 732.175746917725 659.812194824219 756.083236694336 847.005363464355 722.8798828125 796.319011688232 756.153382301331 686.802665710449 810.176914215088 652.280578613281 609.527526855469 767.444005966187 786.402900695801 662.236839294434 762.463256835938 833.636881351471 853.915184020996 855.133903503418 903.82137298584 893.700736999512 816.394031524658 878.510177612305 760.561071395874 669.900344848633 679.125610351562 654.057098388672 1305.18399047852 1391.48712158203
733.354713439941 865.149490356445 695.948870658875 658.686985969543 687.675584793091 581.422538757324 658.375411987305 688.932230949402 654.517913818359 692.638887882233 637.624114990234 634.813846588135 533.49040222168 705.551128387451 781.484107971191 719.063257217407 742.142265319824 675.544582366943 638.061614990234 663.267848968506 901.601348876953 1260.5643081665 711.259523391724 707.589181900024 582.626129150391 820.806781768799 957.4944896698 903.01442527771 813.241661071777 840.932666778564 717.164293289185 864.464317321777 686.042835235596 712.262125492096 711.577928543091 826.985610961914 679.371604919434 758.796466827393 1048.7039642334 744.418647766113 850.939262390137 943.968475341797 827.019523620605 791.533206939697 791.17199420929 758.39991569519 958.320053100586 838.009410858154 723.979606628418 1281.43717956543
649.851712226868 666.752252578735 531.887435913086 747.7024269104 796.326019287109 749.51570892334 721.282039642334 758.878664970398 629.443759918213 605.080558776855 733.477108001709 661.812304854393 684.384488105774 727.177848815918 807.254623413086 680.029417037964 788.283683776855 614.473686218262 757.995460510254 672.692317962646 523.7451171875 602.398559570312 769.734939575195 728.98775100708 762.899406433105 715.549176454544 762.591567993164 776.959774017334 767.295032501221 1111.09229469299 703.116912841797 698.927574157715 763.117721557617 824.76237487793 820.125183105469 880.802917480469 762.477832794189 859.465543746948 643.702529907227 771.441781044006 891.686492919922 792.573135375977 900.030242919922 667.798614501953 748.737321853638 811.076749801636 815.570911407471 823.36549949646 696.862342834473 611.266067504883
669.495832920074 738.83341217041 631.80184173584 767.62133026123 750.195602416992 731.419250488281 666.909262180328 802.66495513916 650.986310958862 555.978088378906 696.023622512817 702.430398464203 733.45140838623 754.328735351562 700.20015335083 785.399993896484 706.760756492615 544.491912841797 600.857780456543 803.711547851562 748.185974121094 661.697834014893 752.170379638672 574.444854736328 729.680754303932 683.278339385986 721.532383918762 689.789703369141 632.642700195312 623.206436157227 710.980414032936 893.059310913086 851.91975402832 645.002182006836 799.937202453613 895.181121826172 814.798149108887 678.109107971191 824.452354431152 842.64493560791 746.633028894663 756.434247255325 763.557611465454 675.459686279297 807.262147903442 846.601951599121 804.671951293945 729.521961212158 773.818475008011 743.483985900879
677.779941558838 732.857116699219 769.086669921875 759.681785583496 772.779930114746 629.092805862427 721.100379943848 779.875411987305 697.147119998932 563.584663391113 684.471651315689 729.555339813232 657.666599273682 767.858039855957 751.478126525879 763.017776489258 649.19762802124 631.133525848389 583.498779296875 559.327011108398 647.900817871094 758.361309051514 637.758121490479 673.517999649048 576.175727844238 634.376625061035 838.642265319824 787.13187789917 691.888328552246 697.659616947174 762.861135482788 809.77970123291 793.695308685303 725.844038009644 834.896240234375 700.319618225098 896.915542602539 720.130491256714 817.055686950684 674.987930297852 670.442039489746 725.285037994385 668.116485595703 724.481563568115 730.935039520264 773.852915287018 688.420761108398 647.084381103516 845.319801330566 864.776428222656
768.745788574219 705.583354949951 700.03782081604 649.848655700684 615.794952392578 678.110292434692 668.652893155813 559.841278076172 594.813415527344 586.323257446289 624.259262084961 746.324966430664 571.715187072754 742.647521972656 704.000343322754 726.760124206543 617.027473449707 553.212997436523 656.610572814941 778.720544576645 689.654835700989 741.300300598145 708.223169326782 626.240997314453 609.117309570312 730.431554794312 850.489730834961 740.362792015076 676.622367858887 687.131832122803 770.611824035645 801.520858764648 701.557922363281 684.349559783936 784.645444393158 753.535615921021 804.520950317383 727.753646850586 690.644821166992 604.780456542969 575.918304443359 711.369960784912 683.88875579834 530.525283813477 791.929843902588 927.240417480469 905.960006713867 689.914970397949 773.972134232521 645.00732421875
698.7131690979 561.383476257324 539.47306060791 591.474349975586 583.656021118164 554.558540344238 651.415458679199 437.575714111328 616.480411529541 642.282611846924 818.422256469727 744.060272216797 640.957347869873 705.961290359497 708.2942237854 674.59370136261 755.68318939209 777.754333496094 744.075744628906 660.781322479248 586.522850036621 665.235271453857 548.258407592773 649.470695495605 637.736419677734 669.354545593262 682.305786132812 563.787124633789 732.817481994629 836.89151763916 710.597012519836 671.759284973145 732.198692798615 747.6764793396 599.382095336914 582.735534667969 779.393093109131 706.776773452759 704.436773300171 783.189434051514 724.257089614868 746.671396255493 757.897959709167 607.615310668945 670.222915649414 942.899780273438 775.812867164612 762.773632049561 688.333282470703 732.203037261963
