simdem/realisation81.asc
NCOLS 350 
NROWS 171 
XLLCORNER 152620 
YLLCORNER 418050 
CELLSIZE 100 
NODATA_value -9999 
[rows 66 to 87 of 171, columns 250 to 299 of 350]
667.404685974121 686.387084960938 564.727180480957 602.780651092529 627.446308135986 614.794311523438 602.857196807861 569.430389404297 604.476806640625 667.681221008301 761.662101745605 809.539367675781 767.680107116699 599.908218383789 708.221284866333 652.756210327148 747.444534301758 712.248140335083 706.610360145569 731.632678985596 669.254198551178 833.645278930664 694.131723642349 673.803030014038 693.619707107544 729.512059211731 573.919921875 644.245086669922 582.977294921875 753.372970581055 723.054542541504 743.900415420532 859.193771362305 763.672801971436 728.265011072159 787.459701538086 750.189765930176 750.75171661377 885.030725955963 767.752616882324 796.4281873703 754.062146663666 936.059906005859 722.887382507324 601.126586914062 713.188167572021 671.444030761719 867.536674499512 867.259819030762 812.658334672451
638.121779441833 844.27668762207 997.786956787109 761.882392883301 685.615550994873 799.417129516602 704.076015472412 682.638029098511 599.329719543457 545.413673400879 622.109535217285 660.783359527588 723.381725311279 580.352149963379 592.050724029541 684.882724761963 801.88883972168 692.89478302002 731.431659698486 806.011611938477 878.752563476562 693.533692359924 633.081489562988 638.856990814209 700.816557884216 701.399589300156 718.341445922852 687.750268936157 693.920159816742 860.996429443359 871.651504516602 790.108367919922 890.24543762207 842.466842651367 766.641201019287 718.503437995911 692.364389419556 760.265195846558 676.853782653809 687.67459487915 1233.2276763916 1191.92176818848 807.73420715332 727.528051376343 792.141450881958 776.347208023071 667.745220184326 791.825347900391 795.485290527344 694.900970458984
704.020919799805 897.203369140625 734.833648681641 650.100213050842 679.948390960693 735.766090393066 655.469876289368 566.589736938477 558.545509338379 603.279216766357 632.700740814209 614.003536224365 741.98258972168 535.761352539062 734.589317321777 821.673950195312 633.813261032104 574.879516601562 662.506459236145 827.102325439453 649.105499267578 727.650661468506 768.56356048584 621.37508392334 653.235904693604 756.60188293457 707.65783405304 754.059543609619 759.164459228516 708.851049423218 744.251005411148 709.356337547302 736.265701293945 736.665235519409 822.479148864746 769.193489074707 561.627471923828 716.127391815186 751.821537017822 714.946971893311 740.246584892273 736.588447570801 1157.81955528259 1442.9019908905 829.624828338623 735.985214233398 693.744777679443 766.664962768555 643.173194885254 715.402961730957
667.858854293823 746.073432922363 660.98281955719 735.195388793945 730.285095214844 674.43306350708 488.227478027344 565.516654968262 630.415872573853 623.710765838623 572.822380065918 642.567206382751 668.53740978241 707.695838928223 714.499347686768 585.226127624512 632.73482131958 589.66771697998 590.487854003906 599.386161804199 662.169450759888 686.57449400425 587.920837402344 664.471922874451 676.500266075134 773.006454467773 821.423202514648 683.874448776245 816.130561828613 647.455169677734 634.705764770508 560.417007446289 674.84238243103 680.404117584229 670.303237915039 784.674911499023 722.290802001953 636.36222076416 714.951386928558 784.01770401001 729.334140777588 852.081695556641 761.547966003418 730.887786865234 803.486976623535 1521.4751739502 793.157774925232 567.523391723633 733.052352905273 771.009799003601
643.976907253265 628.865015506744 676.184215545654 443.700790405273 702.902355194092 598.631771087646 626.750459671021 721.533351898193 780.37310218811 446.083084106445 726.228485107422 675.75404548645 691.395576477051 656.777025222778 583.866477966309 717.484773635864 651.925983428955 698.651203155518 625.532974243164 711.666030883789 695.856054663658 635.779434204102 677.907205283642 646.408168792725 526.478500366211 587.797943115234 733.043682098389 767.737434387207 747.52473449707 730.716464996338 611.389747619629 665.177745819092 675.411218643188 674.229486465454 768.478057861328 687.48860168457 644.653167724609 622.207794189453 592.24787902832 819.976425170898 796.257503509521 848.446655273438 718.812749862671 670.740337371826 685.901931762695 744.605094909668 823.968444824219 1098.70902252197 746.483741760254 716.128437995911
567.611907958984 598.306385040283 590.966133117676 570.550163269043 554.410278320312 621.893934249878 630.018218398094 641.249903678894 689.431755065918 599.850372314453 664.025485992432 664.336208343506 636.160273015499 495.204208374023 643.562174797058 728.337059020996 625.141708374023 708.929599761963 600.918437957764 705.799613952637 699.524869918823 669.030993461609 652.290794372559 631.175758361816 708.509919166565 795.500949859619 752.274662017822 606.073127746582 643.05167388916 780.043579101562 700.284861564636 656.286365509033 700.072149991989 629.068870544434 560.685836791992 570.156814575195 822.07829284668 723.076592922211 749.452131748199 835.560760498047 575.429733276367 678.179611206055 765.612380981445 753.502212524414 638.350059509277 1027.75028991699 748.298713684082 732.9020652771 787.212540626526 561.484680175781
705.177192687988 689.67350769043 605.273113250732 613.177791595459 674.085780143738 741.216907501221 754.594421386719 708.990020751953 799.985488891602 479.587036132812 493.004974365234 614.113405227661 616.83341884613 676.898880004883 755.214912414551 819.712417602539 787.008453369141 708.252395629883 565.898544311523 603.173311233521 659.898319244385 696.931434631348 588.62873840332 637.964729309082 719.05708694458 718.755781173706 807.841484069824 764.717834472656 655.672758102417 835.879974365234 669.299508571625 620.165237426758 636.268615722656 578.822723388672 662.670280456543 630.175224304199 810.118034362793 670.43155670166 750.766045570374 752.437294006348 681.743984222412 1226.07737731934 779.97373008728 792.099831581116 686.354114532471 908.435657501221 750.148067474365 814.040348052979 621.80078125 701.197841644287
876.788040161133 686.845157623291 830.315773010254 676.477981567383 739.970649719238 748.088485717773 787.241844177246 728.187721252441 649.404619216919 645.894765377045 594.927062988281 684.96862411499 711.43830871582 633.03856754303 702.60962677002 645.703826904297 644.451423555613 772.378982543945 558.041442871094 571.63582611084 543.308937072754 718.915554046631 719.451993942261 562.272537231445 559.431846618652 743.230781555176 745.236259460449 865.597091674805 663.956541061401 669.870334625244 569.924530029297 702.326529502869 690.835596084595 639.434906005859 528.238159179688 626.595108032227 661.849884033203 675.36462020874 753.728311538696 508.171234130859 667.810092926025 776.90096282959 805.418121337891 983.432678222656 947.577432632446 875.089580535889 865.375270843506 653.348236083984 945.582733154297 540.051254272461
781.638137817383 740.017608642578 574.661011695862 600.65869140625 638.109800338745 705.463917732239 771.143039703369 807.338188171387 728.942672729492 709.645458221436 746.465663909912 576.095222473145 727.710014343262 702.555866241455 661.621975421906 490.295394897461 635.482023239136 662.503002643585 608.866256713867 607.540512084961 752.965705871582 711.037101745605 776.289970397949 527.63200378418 521.921447753906 708.525436401367 770.227584838867 563.773216247559 643.655944824219 731.662706375122 629.307910919189 722.948165893555 773.338081359863 714.330910682678 676.945825576782 776.663963317871 777.828037261963 636.789978027344 724.40793800354 626.493896484375 466.714385986328 757.027221679688 536.520355224609 1008.88871765137 902.282730102539 737.570432662964 772.526702880859 664.892807006836 632.143417358398 875.835784912109
759.906669616699 625.595083236694 433.342910766602 486.142845153809 585.785335540771 706.379531860352 745.298421859741 658.770080566406 732.274177074432 676.736625671387 779.402821540833 694.365028381348 777.880523681641 718.303184509277 551.83487701416 472.69303894043 539.07105255127 515.25951385498 560.874382019043 651.756888389587 653.014422416687 683.252115249634 749.431390762329 626.442302703857 647.286960601807 689.872707366943 763.751480102539 709.866865158081 694.342322349548 566.103851318359 593.739517211914 698.613465309143 802.731826782227 569.02278137207 686.160852432251 744.792578697205 901.031814575195 847.133674621582 767.472324371338 720.730388641357 829.596324920654 857.572860717773 730.965942382812 775.063461303711 709.276184082031 892.543350219727 869.229648590088 756.883712768555 819.603645324707 898.291198730469
584.173728942871 474.066375732422 508.012008666992 565.66032409668 643.589538574219 673.936702728271 509.305488586426 720.227292060852 679.082466125488 753.778326034546 718.15362071991 764.102125167847 663.444279551506 655.73110127449 584.189367294312 568.533569335938 611.746221542358 696.101188659668 561.994697570801 535.894020080566 563.358940124512 603.448184967041 577.719573974609 659.899747848511 679.93231010437 683.809298694134 802.580291748047 798.456596374512 738.095272064209 691.47373008728 549.010231018066 710.661977767944 734.619606018066 685.426790237427 693.555044174194 810.014945983887 840.648086547852 683.292915344238 634.976947784424 576.519866943359 748.002027511597 816.457365036011 703.870315551758 789.658227920532 749.613304138184 596.088668823242 716.706481933594 714.378677368164 690.820785522461 509.499847412109
562.921058654785 527.874092102051 519.497467041016 416.658355712891 589.923416137695 645.484378814697 466.398361206055 373.640029907227 657.579231262207 709.912060655653 620.416709899902 644.758880615234 626.544951438904 773.185607910156 613.830039978027 650.205993652344 534.376129150391 688.546064376831 522.439224243164 541.855392456055 586.342582702637 690.86768913269 681.859477043152 678.413940429688 765.978935241699 707.477821350098 737.200481414795 824.680099487305 739.285186767578 519.430389404297 439.191864013672 606.970581054688 601.674798965454 702.206436872482 740.952491760254 852.903518676758 766.821132659912 737.660209655762 701.598434448242 653.273145675659 1014.18391633034 800.89351606369 840.370258331299 892.73908996582 765.152313232422 639.794799804688 788.801902770996 704.714241027832 897.524124145508 1044.85803222656
666.643676757812 495.383499145508 510.030448913574 497.387405395508 446.161773681641 617.636333465576 654.140911102295 569.450881958008 710.64414024353 738.768325805664 725.36975479126 680.057014465332 547.70768737793 746.394241333008 683.292524337769 574.691108703613 578.845909118652 661.865833282471 678.709814071655 696.092249155045 849.368469238281 545.776275634766 689.933070659637 568.405555725098 712.791114807129 648.923223495483 676.085238456726 682.200294494629 655.459434509277 585.421058654785 593.54532623291 583.022613525391 436.111618041992 597.571968078613 583.247024536133 810.767364501953 863.998489379883 852.910659790039 732.301246643066 748.084244251251 727.112222671509 1284.15915679932 1064.86246013641 836.849702835083 729.224792480469 596.877655029297 900.978015899658 813.331558227539 1175.3829498291 691.651657104492
507.376533508301 569.247627258301 615.866742610931 585.941638946533 624.004196166992 691.480051994324 741.121932983398 678.690902709961 815.200592041016 661.464813232422 733.441379547119 747.060379981995 581.913772583008 796.902183532715 755.929077148438 693.513460159302 580.244934082031 631.703554153442 504.090728759766 484.111404418945 621.739608764648 617.658531188965 487.233352661133 649.099975585938 660.421604156494 623.327835083008 553.18212890625 728.6930809021 643.963390350342 705.011615753174 692.270449399948 521.541961669922 571.848358154297 490.306793212891 606.351509094238 761.057266235352 702.12052154541 624.792545318604 686.572964191437 725.85572052002 615.477840423584 748.808013916016 1033.99437332153 880.702480316162 1219.68486785889 779.514838218689 954.350738525391 729.043907165527 618.327896118164 732.282775878906
553.500526428223 607.426598548889 731.11629486084 685.770915985107 678.072647094727 801.249435424805 662.498460412025 763.912742614746 599.225826263428 595.005241394043 731.339530944824 854.955230712891 642.419189453125 717.659091949463 581.588874816895 687.734279632568 691.251651763916 631.191719055176 600.212478637695 596.322425842285 732.623420715332 683.268548965454 605.519691467285 634.826988220215 695.763050079346 552.163467407227 537.118141174316 592.881591796875 649.773097991943 622.504455804825 651.722717285156 551.197830200195 638.136238098145 644.024074554443 653.809274673462 756.376495361328 688.062026977539 672.063697814941 537.168098449707 693.559326171875 601.447044372559 846.869966506958 764.020858764648 1047.34750366211 526.499221801758 661.482803344727 1126.23306274414 692.572380065918 654.021087646484 839.566432952881
634.550414085388 601.253503799438 719.643417358398 724.734046936035 807.600784301758 826.447296142578 734.923828125 810.901809692383 924.604858398438 739.207565307617 705.985034942627 764.966979980469 586.053520202637 516.752296447754 699.074375152588 653.885982036591 681.43111038208 699.495084762573 685.142599105835 674.156543731689 664.001945495605 668.250102996826 710.79381942749 757.150852203369 696.790086746216 592.42887878418 609.598739624023 617.043525695801 703.420063018799 595.729726791382 706.966064453125 680.480653762817 828.780456542969 739.731754302979 772.415965080261 535.387390136719 697.01957321167 735.239120483398 716.303771972656 688.209884643555 589.322814941406 847.930519104004 671.558486938477 730.743625640869 691.853118896484 522.995269775391 1028.96339416504 774.920883178711 690.846496582031 822.339546203613
679.593410491943 703.091400146484 752.929916381836 697.231781005859 708.00390625 673.287109375 683.55913734436 615.536252975464 794.327407836914 864.040756225586 745.187690734863 686.647380828857 471.623443603516 658.102139472961 594.093650817871 577.127937316895 701.935619354248 731.718299865723 625.661064147949 627.350765228271 625.015045166016 626.08406829834 640.939651489258 627.762283325195 720.372291564941 509.653442382812 695.405701160431 693.639854311943 735.885841369629 787.087959289551 598.229347229004 772.302886962891 654.669982910156 686.970757484436 644.66393661499 739.965381622314 606.454528808594 684.805811405182 644.362659454346 680.981887817383 694.072418212891 797.890930175781 746.228889465332 736.531402587891 819.58283996582 684.008903503418 464.788330078125 675.249801635742 916.993228912354 1087.20037460327
740.791549682617 639.710037231445 675.946136474609 724.89591217041 734.17643737793 673.411212921143 682.722343444824 566.147605895996 689.539461135864 706.483478546143 707.450954437256 645.372204303741 450.730026245117 572.96265411377 664.77903175354 638.646769523621 770.246459960938 741.56640625 654.997062683105 632.335327148438 635.828948974609 635.017604827881 570.072849273682 671.737838745117 794.119453430176 774.117195129395 796.051391601562 832.91828918457 745.380321502686 604.916534423828 756.724983215332 569.920890808105 607.971237182617 709.328708648682 771.711380004883 813.452224731445 478.639434814453 553.644828796387 606.178535461426 815.270057678223 645.410400390625 958.703704833984 587.089736938477 754.121227264404 1071.43449401855 769.331165313721 1013.17283630371 737.424942016602 882.669403076172 734.937881469727
664.365197181702 636.851789474487 671.625312805176 640.827862739563 604.889162063599 773.69947052002 535.204414367676 568.77738571167 675.732109069824 683.194396972656 639.229965209961 632.962701797485 458.087478637695 943.143280029297 799.020202636719 472.192794799805 736.796226501465 718.669376373291 597.953742980957 667.144744873047 731.45037651062 691.594625473022 593.538368225098 734.622360229492 546.898139953613 768.808479309082 669.161624908447 649.058265686035 652.183036804199 737.235618591309 605.254341125488 638.12825012207 716.256511688232 799.141345977783 814.041023254395 738.191947937012 703.699214935303 558.170928955078 520.742004394531 697.159561157227 771.631311416626 750.797004699707 735.656700134277 537.072296142578 688.484024047852 701.709838867188 736.912239074707 822.727846086025 759.096870422363 668.508544921875
561.525054931641 612.908338546753 482.139663696289 641.597026348114 514.986724853516 550.144920349121 521.378311157227 616.763198852539 674.312405586243 519.461090087891 496.379699707031 581.86706161499 547.621910095215 754.702434539795 605.025672912598 559.806159973145 519.462707519531 646.798020362854 539.310096740723 734.997755050659 685.819254159927 678.458344459534 639.147079467773 603.91381072998 624.23983001709 580.271835327148 745.487300872803 694.082193374634 614.107810974121 595.017036437988 622.769565582275 644.693092346191 679.798286437988 751.863862991333 685.77206993103 694.378835678101 678.146517515182 520.70735168457 726.695789337158 834.716033935547 1121.90668487549 654.000797271729 1058.93276977539 566.807495117188 466.396575927734 566.894683837891 753.27307510376 716.492240905762 566.373046875 1109.23204803467
777.17594909668 764.002624511719 656.441833257675 682.588325500488 764.617317199707 580.326839447021 655.417070388794 689.312074661255 531.642715454102 581.82640838623 708.093494415283 660.823616027832 710.996657371521 463.712112426758 515.84358215332 448.145477294922 611.005760192871 821.316780090332 631.226755142212 659.197462081909 731.711280822754 553.019149780273 1241.95002746582 861.365798950195 692.691494822502 537.642768859863 663.855260848999 760.921768188477 653.759765625 604.707695007324 609.484771728516 558.569320678711 690.261520385742 863.085815429688 643.975582122803 654.045303344727 832.164108276367 720.844667434692 729.082344055176 1025.17813491821 584.74210357666 738.091007232666 716.816455841064 1445.27192687988 543.440155029297 1756.79596710205 811.757435321808 753.16231918335 1046.03529930115 716.088851928711
1289.3053894043 1119.30963134766 916.443237304688 722.943368673325 769.778923034668 559.614593505859 693.570613861084 590.926082611084 732.927764892578 725.474730014801 606.791732788086 779.352813720703 894.334424972534 568.986328125 600.884094238281 1125.26424694061 1097.66502952576 680.32190990448 677.413475036621 676.700331687927 558.215812683105 375.074951171875 456.427932739258 721.964096069336 765.032691478729 774.317832946777 612.442308425903 475.641174316406 500.541198730469 729.793390274048 711.558525085449 565.501602172852 657.688179016113 739.980644226074 692.618404388428 835.082527160645 792.141639709473 697.503287553787 670.930938720703 821.031394004822 502.042404174805 657.827484130859 716.611114501953 713.485717773438 881.383255004883 951.68962097168 650.213912963867 571.358367919922 727.78003692627 714.078918457031
