simdem/realisation86.asc
NCOLS 350 
NROWS 171 
XLLCORNER 152620 
YLLCORNER 418050 
CELLSIZE 100 
NODATA_value -9999 
[rows 22 to 43 of 171, columns 200 to 249 of 350]
694.594188213348 732.624771118164 682.655601024628 612.366142272949 748.975555419922 673.396186828613 706.232887268066 818.307456970215 723.563488006592 672.367166042328 753.450843811035 636.769618988037 597.135047912598 686.473061561584 690.454193115234 662.530469894409 658.772785186768 694.146963119507 627.471813201904 595.000526428223 771.79753112793 903.789077758789 897.231353759766 723.038066864014 639.972690582275 538.077972412109 717.471210479736 686.536419868469 693.747713088989 720.216796875 778.116920471191 809.784675598145 632.969207763672 789.389709472656 691.007823944092 734.146234512329 583.211822509766 755.289056777954 765.386628389359 803.473489761353 783.782026290894 678.110813140869 742.749766349792 777.419929504395 700.145332336426 1369.7410826683 755.805137634277 916.131645202637 984.292678833008 895.082675933838
690.552842140198 708.986055374146 742.277648925781 520.880142211914 619.374130249023 672.416799545288 599.436367034912 702.9953956604 724.52326965332 607.565895080566 636.592060089111 755.338676452637 681.056041717529 651.029587745667 744.692890167236 693.177688598633 562.289878845215 656.139400005341 588.462684631348 635.710018157959 725.206016540527 789.091194152832 630.338157653809 507.127136230469 693.427794933319 684.835010528564 744.279354095459 680.130661010742 655.269535064697 819.335639953613 859.838119506836 712.490882873535 569.511871337891 669.993957519531 773.280406951904 606.200454711914 633.757637023926 789.470746994019 646.608535766602 718.442169189453 843.868858337402 802.14631652832 763.967074871063 884.860359191895 892.907722473145 772.805118560791 929.639879226685 978.186820030212 943.444641113281 1296.13335418701
616.1435546875 666.620296478271 677.750051498413 701.387912750244 699.757839202881 599.624179840088 592.783576965332 739.822288513184 681.022760391235 716.691730499268 697.72021484375 660.164714813232 726.054153442383 734.721225738525 613.777502059937 671.19647026062 596.446655273438 663.749977588654 444.465209960938 796.12629699707 813.881744384766 665.587829589844 557.439346313477 480.227890014648 588.752098083496 713.333871841431 709.390949249268 953.285915374756 622.05297088623 637.200565338135 792.561767578125 773.534072875977 800.912841796875 799.379955291748 700.865371704102 686.531097412109 626.796287536621 753.089521408081 750.128260135651 894.723320007324 894.180114746094 844.498455047607 819.016785621643 929.711067199707 877.813339233398 903.306869506836 895.499702453613 850.837269306183 893.358989715576 503.632827758789
607.598880767822 648.035970687866 609.812065124512 637.130628466606 714.794746398926 664.534965515137 690.321743011475 728.861511230469 725.090408325195 596.334892272949 722.735328674316 532.850898742676 701.2060546875 600.391403198242 429.421936035156 522.444765090942 756.491230010986 644.076498031616 596.172473907471 739.135841369629 683.081223964691 655.483529090881 661.868572235107 548.82723236084 585.807327270508 543.848251342773 765.684141159058 749.227420806885 551.201766967773 750.042953491211 870.041015625 777.066009521484 929.931198120117 808.004898071289 738.197680473328 662.512985229492 785.113295555115 723.193884849548 870.988945007324 706.594120025635 826.232109069824 851.632930755615 810.594334363937 705.953605651855 835.244518280029 950.92268371582 931.874305725098 803.855102539062 820.447526931763 633.287506103516
757.546325683594 552.065322875977 695.070777893066 800.223739624023 793.646759033203 658.941059112549 707.950378417969 653.796180725098 551.750869750977 718.145736694336 473.461524963379 527.955558776855 659.621128082275 639.661308526993 555.034116744995 573.049583435059 423.389053344727 543.44987487793 435.855819702148 452.43709564209 624.920539855957 667.882943153381 649.168526172638 640.186637878418 512.976272583008 629.672378540039 590.519882202148 811.933586120605 758.947780609131 715.406006336212 787.104736328125 821.819702148438 904.642288208008 733.012251853943 689.646862030029 818.483680725098 872.223403930664 657.459594726562 705.409355163574 674.918350219727 776.898216247559 893.95238494873 999.50212097168 654.284423828125 802.377994537354 818.307037353516 765.44751739502 771.27082824707 797.457397460938 826.583009719849
572.351165771484 625.768922805786 678.516090393066 715.579147338867 597.086933374405 663.891242980957 654.655006408691 808.423950195312 650.827613830566 576.815402984619 607.726727604866 635.819972991943 627.521331787109 668.715484619141 641.558403015137 467.784461975098 537.977760314941 465.033332824707 442.392593383789 410.145858764648 505.235855102539 593.327766418457 807.23462677002 828.297225952148 643.127182006836 640.735462188721 724.854871749878 754.459007263184 713.963417053223 631.159187316895 764.363101959229 742.503875732422 688.7454662323 726.603197574615 789.362796783447 739.428803920746 776.782297134399 700.263172149658 718.1627368927 702.316730499268 649.738136291504 870.219573974609 895.505928039551 874.355911254883 839.799983978271 794.911235809326 795.010513305664 828.297092437744 887.583122253418 828.594502449036
559.421615600586 607.131809234619 709.834609985352 655.564781188965 599.060132980347 572.742508888245 668.504203796387 579.181529998779 598.777661800385 579.218299865723 532.83540725708 654.001964569092 665.961683273315 587.316782951355 717.855392456055 537.299106776714 607.844316482544 573.907509803772 573.671509504318 516.820384979248 471.843475341797 568.022583007812 682.916557312012 747.640121459961 722.603321075439 522.40754699707 625.51538848877 626.485092163086 695.670467376709 730.530847072601 700.977408409119 684.277422904968 621.234970092773 663.339115142822 695.622722625732 700.659576416016 704.524797439575 815.786659240723 767.484203338623 821.507400512695 743.679101467133 734.312397003174 786.564239501953 824.881820678711 795.271406173706 846.257625579834 811.916187286377 805.341983795166 827.877182006836 886.02677154541
516.444744110107 556.935441017151 538.50594329834 479.48429107666 579.730507016182 514.933486938477 499.110107421875 642.494140625 535.829105377197 553.667301177979 645.547756195068 761.268180847168 599.589279174805 599.396488189697 671.467666625977 494.643445968628 598.316429138184 604.693859100342 478.139419555664 440.781044006348 555.119918823242 574.631294250488 526.773567199707 715.647201538086 613.839122772217 689.929183006287 720.528720855713 558.937141418457 819.059219360352 761.23136138916 704.087133407593 695.137974739075 585.659034729004 695.165537834167 650.790817260742 716.346038818359 747.942966461182 662.488590240479 703.377534866333 719.170530319214 640.747604370117 749.773387908936 787.533819198608 857.070121765137 806.520294189453 768.833839416504 751.639518737793 855.396347045898 912.436904907227 880.765396118164
597.674586772919 459.662315368652 536.637428283691 481.52660369873 565.60781955719 676.482734680176 660.204147338867 689.657173156738 594.615891933441 513.961059570312 648.193542480469 649.363212585449 619.163450241089 562.298776626587 497.132471561432 601.106391906738 558.738296508789 620.526084899902 597.314693450928 450.857139587402 639.630576133728 582.121875762939 621.554899215698 609.935844421387 612.158916473389 536.922988891602 685.066555976868 602.190662384033 719.410099029541 678.147397041321 605.707454681396 606.219596862793 737.274261474609 760.617874145508 743.92264175415 553.016738891602 581.302963256836 664.597534179688 786.936046600342 779.336071014404 640.009002685547 668.485290527344 810.517177581787 915.43962097168 866.309906005859 728.177867889404 735.398101806641 751.10803604126 849.952076911926 856.687255859375
585.343456268311 512.173645019531 363.76676940918 633.818725585938 728.712203979492 676.385520935059 705.884475708008 612.586952209473 579.222441673279 639.628887176514 505.263038635254 609.906875610352 636.147323608398 438.844940185547 340.301834106445 664.66389465332 730.406372070312 662.058570861816 529.72700881958 524.424913585186 661.768810272217 540.039573669434 569.988273620605 694.043701171875 645.674521923065 688.428415298462 648.254978179932 691.925197601318 640.121131360531 682.606649398804 531.313400268555 654.249086380005 536.474128723145 815.660980224609 623.572761535645 692.71556854248 704.958112239838 667.07287979126 646.343482971191 720.408609390259 566.127410888672 777.24810218811 803.204460144043 823.718463897705 768.115475654602 689.664520263672 778.679166793823 645.83837890625 833.373216629028 990.755142211914
616.63623046875 609.929090499878 432.597854614258 554.296592712402 586.572981357574 750.303726196289 561.354864120483 585.823766708374 598.287697792053 512.610702514648 515.294143676758 720.138694763184 718.793350219727 543.335037231445 525.175800323486 584.236793518066 640.405265808105 638.559017181396 597.843862533569 548.415506362915 705.61156463623 645.657416343689 696.39909362793 721.972930908203 581.869590759277 671.142219543457 748.689605712891 758.079887390137 628.355358123779 691.035280227661 752.323059082031 712.821094512939 672.795299530029 585.810729980469 580.036735534668 589.332946777344 743.807163238525 736.985922813416 673.908889770508 703.554145812988 763.14395904541 781.343818664551 825.020050048828 909.035827636719 786.349517822266 797.620349884033 724.514106750488 735.179000854492 769.241050720215 953.904266357422
436.502197265625 552.989511489868 573.43951779604 640.736267089844 656.051872253418 681.138168334961 532.23217010498 511.207778930664 501.98265838623 515.87947845459 651.233615875244 584.668794631958 589.843753814697 756.971160888672 530.067100524902 622.996879577637 389.030944824219 614.961980819702 623.129207611084 617.126920700073 600.623983383179 588.517135620117 632.100336074829 671.669261932373 661.82888174057 794.367813110352 791.859954833984 755.675590515137 768.394927978516 487.080642700195 715.516262054443 585.071029663086 526.542953491211 691.271830320358 626.056720733643 753.320404052734 728.243946075439 836.830001831055 670.112400054932 819.335510253906 817.42936706543 708.140184402466 859.387893676758 789.114311218262 788.831052780151 689.261878967285 622.202926635742 714.511589050293 796.857892990112 1056.59140014648
552.405072212219 468.835029602051 548.302583694458 647.504119873047 612.08475112915 742.991409301758 677.940776824951 573.678924560547 439.745452880859 509.464706420898 634.388149261475 540.545782089233 665.496932983398 615.578628540039 651.822563171387 564.706897735596 335.424438476562 610.422798156738 612.290857315063 590.971210479736 557.549667358398 526.939453125 502.908706665039 699.318592071533 677.797912597656 734.200286865234 812.137847900391 693.193803787231 563.396522521973 567.59326171875 650.534324645996 562.374984741211 680.447350502014 542.786026000977 663.410325050354 691.170848667622 831.863845825195 730.678849220276 781.107025146484 766.007747650146 653.890800476074 703.093097686768 710.942701339722 903.200424194336 665.21484375 750.478717803955 767.097038269043 955.163345336914 885.057807922363 774.849624633789
556.993288993835 455.089447021484 503.055522918701 619.050586700439 646.807601928711 597.570079803467 542.791915893555 516.792242050171 503.974914550781 668.311996459961 632.764129638672 560.273895263672 621.753913879395 496.630935668945 621.206506729126 427.326141357422 412.692489624023 490.368499755859 561.463752746582 653.7281665802 702.418901443481 672.988672733307 538.126373291016 552.85929107666 527.993431091309 632.658850669861 681.805835723877 558.676498413086 667.974952697754 576.92244720459 674.636238098145 624.813121795654 707.166736602783 652.770158529282 632.236354827881 623.669052124023 591.569557189941 635.715957641602 624.618057250977 663.971881866455 617.438095092773 694.022411346436 732.356523990631 688.488578796387 620.811096191406 735.916213035583 754.217578887939 784.144950866699 802.150310516357 634.04573059082
549.736639022827 507.687088012695 654.212585449219 535.442539215088 531.702377319336 686.589157104492 604.464856147766 531.364597320557 546.612323760986 646.816566467285 562.766384124756 1078.09355163574 478.406646728516 535.831474304199 641.68505859375 679.028354644775 675.034332275391 707.749908447266 549.750583648682 436.554473876953 587.355522155762 609.736272335052 587.75061416626 535.258453369141 536.319816589355 558.612312316895 621.452789306641 648.159431219101 699.545188903809 769.334945678711 647.212255477905 733.722343444824 629.608890533447 630.006492614746 609.360710144043 580.051910400391 568.793830871582 616.104469299316 634.26123046875 663.599292755127 649.807426452637 675.755340576172 664.525520324707 740.941959857941 574.661972045898 628.525894165039 559.026168823242 755.344362258911 702.973052978516 662.616340637207
500.151359558105 629.009140014648 669.886394500732 614.580234527588 500.354766845703 567.311743497849 606.54824256897 637.335079193115 769.269058227539 702.156875610352 490.08757019043 976.453231811523 742.156578063965 707.001304626465 626.032510757446 490.294860839844 609.677930355072 584.656478881836 666.425922393799 489.67546081543 722.227958679199 688.83430480957 542.54167175293 711.483711242676 679.77267074585 583.80114364624 588.229061126709 486.564956665039 618.218235015869 670.937982559204 600.954116821289 671.826380729675 669.998241186142 690.898761749268 581.415100097656 560.397159576416 662.740707397461 686.907306671143 624.5537109375 698.413957595825 628.683197021484 721.929209709167 606.785438537598 646.707397460938 745.737678527832 719.330396652222 700.89168548584 814.065689086914 688.143287658691 685.486656188965
536.364372253418 613.869667053223 631.232429504395 523.036575317383 548.476846694946 579.7275390625 423.704574584961 550.393955230713 551.33683013916 653.066921234131 547.107364654541 500.923110961914 524.660949707031 427.476150512695 564.100605010986 515.28392791748 505.034317016602 596.037002086639 729.672729492188 598.807926177979 689.485404968262 632.781681060791 709.678467273712 687.54345703125 567.583763122559 576.175006866455 655.244577407837 622.466156005859 686.340015411377 710.651786804199 688.347702026367 710.8323097229 646.954319000244 588.493965148926 681.323504686356 667.607036590576 718.245914459229 649.6340675354 648.782077789307 580.320434570312 657.502223968506 677.148349761963 600.619232177734 693.969005584717 754.549900054932 851.625793457031 679.459320068359 691.854797363281 664.355895996094 690.706424713135
632.175624847412 594.96876335144 528.736038208008 439.31761932373 610.153093338013 625.225765228271 482.818897247314 547.19499206543 570.34582901001 569.3538646698 694.455490112305 708.253486633301 688.974235534668 571.28392791748 557.081939697266 620.779311180115 553.410415649414 684.542465209961 674.956378936768 568.049076080322 669.21851348877 661.956253051758 587.066707611084 767.715728759766 680.87321472168 591.316551208496 562.11888885498 627.560141563416 595.506122589111 828.69499206543 802.474411010742 756.366584777832 607.373695373535 482.634658813477 553.303337097168 726.578937530518 612.233421325684 753.436626434326 731.296495437622 715.952486038208 729.266595840454 660.950660705566 723.381645202637 620.481048583984 715.601670026779 629.63883972168 622.673431396484 671.282783508301 626.502014160156 687.442157745361
507.291286468506 449.453765869141 511.853736877441 415.731704711914 547.484560012817 679.68839263916 600.86918258667 565.940137863159 581.262413024902 495.738395690918 464.522918701172 711.547073364258 683.610862731934 567.5163230896 624.04478263855 629.240371704102 617.006489753723 538.463356018066 677.948455810547 584.252197265625 513.516815185547 580.559902191162 725.255096435547 661.865505218506 622.092023849487 634.784670829773 562.212436676025 706.639859199524 599.790458679199 731.54167175293 819.01432800293 656.774164676666 534.559608459473 616.758623123169 619.511100769043 681.891284942627 791.324127197266 750.06840133667 716.976008415222 635.578826904297 755.817607879639 748.703174591064 739.351417541504 695.161236286163 700.212287902832 504.256271362305 692.250743865967 525.808959960938 709.940331459045 629.010848999023
616.032752990723 531.509387969971 564.461343765259 461.16291809082 447.318794250488 556.298886299133 640.132377624512 499.036399841309 593.041982650757 526.489265441895 612.199373245239 686.17847442627 507.100021362305 595.044449090958 535.388885498047 551.83772277832 706.377159118652 681.868797302246 590.740526199341 571.858463287354 349.193542480469 554.086894989014 543.001045227051 686.848533630371 623.51540517807 680.545478820801 650.932401657104 503.307899475098 591.387912750244 663.122711181641 633.049230575562 642.042390823364 640.932259857655 556.181083679199 741.376365661621 741.260612487793 766.062965393066 590.454307556152 624.907222747803 751.796501159668 724.90509223938 867.954040527344 738.597101211548 703.806598037481 741.427764892578 500.324417114258 625.144542694092 663.791561126709 591.753692626953 803.138801574707
665.134078979492 500.328224182129 429.683448791504 530.997116088867 567.16316986084 602.680515289307 622.324268341064 590.22696018219 594.913596153259 443.584014892578 500.272430419922 545.353777885437 597.543518066406 561.97900390625 592.403011322021 638.87997674942 563.32727432251 669.126457214355 653.796180725098 540.853130340576 539.113368988037 568.974851608276 587.191928863525 653.162338256836 610.768352985382 560.895935058594 729.681434631348 624.584360599518 626.43571472168 712.211227416992 664.121738433838 587.235412597656 564.2477684021 571.942375183105 686.659133911133 746.966728210449 725.659622192383 761.478706359863 767.831993103027 653.342107772827 725.971523284912 726.58927154541 665.735204696655 648.277332305908 810.959190368652 754.037796020508 674.67133140564 674.473543167114 673.788024902344 781.126609802246
625.605407714844 605.087089538574 499.133270263672 470.29126739502 635.234214782715 617.324275970459 583.944588661194 519.613403320312 455.367767333984 425.471374511719 444.733657836914 410.977890014648 427.168670654297 581.300317764282 640.352676391602 544.756233215332 581.027770996094 750.016510009766 609.376026153564 555.29008102417 646.527202606201 585.048513412476 539.848262786865 715.736328125 699.586082458496 686.35669708252 667.769638061523 707.390960693359 760.125663757324 626.33957862854 615.44454574585 607.523712158203 699.243661880493 702.339727401733 747.556777954102 825.951934814453 772.202018737793 686.618843078613 784.438293457031 723.078125 740.994705200195 713.300327301025 829.126953125 662.725452423096 619.835639953613 717.040296554565 691.145318984985 650.554733276367 732.341201782227 869.945617675781
