simdem/realisation28.asc
NCOLS 350 
NROWS 171 
XLLCORNER 152620 
YLLCORNER 418050 
CELLSIZE 100 
NODATA_value -9999 
[rows 110 to 131 of 171, columns 200 to 249 of 350]
-9999 -9999 -9999 732.853149414062 537.255615234375 451.412750244141 690.001842498779 746.553451538086 912.474166870117 1011.70699691772 709.350303173065 576.176406860352 595.023399353027 521.260589599609 683.510314941406 651.202372550964 949.221725463867 811.331970214844 669.188915252686 606.171287536621 571.089630126953 570.206363677979 574.611305236816 427.663970947266 472.412742614746 587.403329849243 650.593215942383 602.282913208008 680.275545120239 642.916828155518 503.400497436523 540.063446044922 660.037635803223 535.796127319336 582.284515380859 526.684005737305 580.207504272461 658.270645141602 535.651668548584 470.44995880127 697.99090385437 737.802925109863 810.671104431152 709.378562927246 1284.7515296936 831.313026428223 1024.52455234528 1206.57845306396 692.300609588623 979.014587402344
-9999 -9999 -9999 -9999 843.628419876099 688.667720794678 674.476495504379 773.100788354874 703.103965759277 761.31005859375 498.462356567383 523.763412475586 775.084106445312 656.818977355957 618.359111785889 625.946201324463 623.453887939453 758.295967102051 697.961494445801 737.492218017578 627.441173553467 536.286712646484 1273.3630065918 570.548706054688 533.558887481689 521.072479248047 760.65259552002 685.122140884399 651.130247116089 484.606781005859 538.877456665039 595.695610046387 484.369842529297 661.013917922974 680.694316864014 656.872670173645 633.83381652832 662.698364257812 657.219623565674 661.028213500977 630.923614501953 760.941383361816 665.552410125732 1033.07395362854 740.776536941528 939.591634750366 1176.60165405273 890.587238311768 693.378690719604 987.229404449463
-9999 -9999 -9999 -9999 841.847625732422 767.637367248535 743.297183990479 826.908424377441 836.758399963379 698.428513765335 646.520599365234 658.984420776367 776.607536315918 560.861373901367 534.849899291992 632.468788146973 737.749046325684 614.486936569214 533.018783569336 709.524528503418 535.674194335938 706.27759552002 631.76757979393 604.684410095215 623.780200958252 653.905628204346 753.013580322266 663.48797416687 485.286056518555 605.309066772461 554.486156463623 622.271869659424 573.457023620605 773.116107940674 758.024909973145 706.293058395386 606.52165222168 637.019378662109 743.439754486084 851.579864501953 841.700890541077 785.169498443604 758.751693725586 979.080060958862 830.150451660156 1027.12271118164 1278.32574462891 945.779096603394 764.853992462158 798.489730834961
-9999 -9999 -9999 -9999 -9999 910.143798828125 796.401138305664 654.299222946167 820.834075927734 821.322540283203 1053.13111877441 640.232925415039 704.810461044312 620.51282119751 602.549667358398 611.811935424805 620.106163978577 632.918531417847 641.039064407349 558.964714050293 541.657737731934 1030.17442131042 619.758104324341 684.043533325195 577.899868011475 580.629035949707 654.376930236816 768.95435333252 608.474487304688 607.355993270874 761.18376159668 796.767524719238 781.564460754395 757.080924987793 737.731966018677 624.465084075928 613.958145141602 599.256103515625 733.358154296875 788.41058921814 953.850440979004 859.60034942627 921.38410949707 981.369766235352 850.174200057983 998.679000854492 873.383548736572 1181.53981018066 866.030910491943 840.017997741699
-9999 -9999 -9999 -9999 -9999 761.451095581055 641.13883972168 538.451484680176 632.287683486938 800.747158050537 1207.65428924561 776.328723907471 802.814933776855 793.059265136719 747.394771575928 761.15550994873 643.586074829102 546.932792663574 434.394546508789 471.952239990234 1142.12075805664 459.302978515625 601.198799133301 577.03050994873 614.999279975891 586.654342651367 623.376258850098 656.656200408936 652.852512359619 716.532814025879 595.975463867188 565.222152709961 616.825050354004 803.230278015137 661.935406804085 641.241130828857 612.559059143066 648.300773620605 760.836898803711 668.886520385742 673.190116882324 795.762092590332 808.783011436462 715.738750457764 911.406845092773 810.994972229004 840.792930603027 840.492454528809 676.262542724609 700.079849243164
-9999 -9999 -9999 -9999 -9999 945.830707550049 575.182052612305 631.626651763916 633.561197280884 749.693896859884 700.834320068359 737.854976221919 664.439559936523 717.267017364502 801.672218322754 729.174139022827 575.317596435547 547.889572143555 489.201217651367 1194.99224853516 580.389930725098 474.953155517578 693.166210174561 683.391193389893 840.187423706055 727.419183731079 638.007545471191 724.189374923706 609.04808807373 635.920127868652 556.336502075195 580.276176452637 510.548614501953 614.770164489746 756.527069091797 629.478134155273 743.794418334961 727.85669708252 830.543060302734 914.866592407227 594.915390014648 694.663757324219 542.613143920898 943.188980102539 677.707366943359 742.134994506836 632.841949462891 674.677124023438 754.139154434204 699.618644714355
-9999 -9999 -9999 -9999 -9999 -9999 920.077281951904 783.93977355957 771.528064727783 694.758983612061 748.754573822021 834.9452252388 625.032112121582 766.668689727783 698.752180099487 573.049026489258 580.373962402344 514.059936523438 479.602035522461 504.850494384766 585.468608856201 650.082368850708 655.198209762573 607.796615600586 755.291108250618 648.985855102539 706.832411766052 741.359987258911 682.787738800049 679.076446533203 694.075340270996 527.900756835938 675.725911140442 579.922088623047 852.142288208008 763.137428283691 760.509986877441 790.524314880371 864.260101318359 840.574714660645 543.245346069336 637.298294067383 671.689605712891 614.387145996094 913.966644287109 856.367767333984 940.658065795898 824.539489746094 786.267036437988 913.060276031494
-9999 -9999 -9999 -9999 -9999 -9999 822.730110168457 1374.26875972748 1279.25706195831 662.259689807892 582.397888183594 826.490859985352 1129.47302627563 616.048629760742 647.87858581543 671.741638183594 469.931549072266 582.926063537598 1175.84790802002 619.764053344727 529.654937744141 726.689628601074 643.036499023438 683.724210679531 617.515739440918 799.454277038574 757.235431671143 627.39673614502 591.160980224609 767.600330352783 786.161025166512 650.263496398926 816.209754943848 1031.9895324707 994.964164733887 1045.92729949951 1094.19763946533 729.288740158081 741.826354980469 733.17622756958 653.03897857666 545.23974609375 578.335220336914 700.937580108643 659.197952270508 665.676780700684 740.777500152588 847.589813232422 950.818969726562 609.900268554688
-9999 -9999 -9999 -9999 -9999 -9999 -9999 866.352272033691 866.215003013611 754.954224348068 597.254371643066 802.818782806396 759.431970596313 849.862476348877 735.267272949219 398.24658203125 486.498870849609 1310.41888427734 677.499893188477 716.915018558502 683.294124603271 661.504933357239 676.429573059082 644.553092956543 633.10994720459 824.117645263672 659.756778717041 949.712738037109 711.951095581055 819.87508392334 638.082654953003 769.383646965027 782.574447631836 790.616333007812 726.539108276367 903.892887115479 968.942103385925 934.755004882812 1003.75785827637 737.764808654785 532.916107177734 593.836822509766 697.212181091309 833.34757232666 818.581478595734 698.992156982422 615.24291229248 723.03987121582 592.900100708008 530.313781738281
-9999 -9999 -9999 -9999 -9999 -9999 -9999 -9999 793.297760009766 742.805511474609 641.010612487793 689.246780395508 697.318061828613 769.172357559204 703.611671447754 591.848098754883 1355.48593139648 488.339920043945 611.378036499023 685.296039581299 818.198211669922 700.486898422241 661.105667114258 637.581153869629 715.659721374512 748.49866104126 593.951812744141 569.071388244629 636.458679199219 624.910346984863 610.119152069092 689.513408660889 692.094432830811 834.115913391113 693.62336730957 810.177402496338 955.821105957031 816.691192626953 835.692749023438 977.885154724121 652.885047912598 606.478881835938 753.900725841522 729.633573532104 690.859433174133 582.104080200195 476.556640625 543.144863128662 592.750961303711 431.465087890625
-9999 -9999 -9999 -9999 -9999 -9999 -9999 -9999 -9999 1189.24773406982 1271.71120071411 1193.74842262268 638.246402025223 645.19605255127 721.438655853271 589.150192260742 844.592346191406 693.992050170898 727.773672103882 878.187171936035 834.13200378418 720.243166446686 620.955429077148 639.553329467773 599.522796630859 740.591743469238 580.833818435669 492.830795288086 611.425689697266 572.703105926514 638.163607597351 454.092948913574 579.137716293335 486.801887512207 872.116216659546 819.15620803833 853.576002597809 810.847099304199 900.418998718262 936.421348571777 1073.09951782227 638.907699584961 710.438766479492 848.97936630249 530.474060058594 513.211059570312 632.940624237061 512.184768676758 421.770462036133 476.320960998535
-9999 -9999 -9999 -9999 -9999 -9999 -9999 -9999 -9999 -9999 1087.00397109985 736.369483947754 676.876182556152 705.11226272583 677.22923207283 605.387916564941 659.210517883301 786.571517944336 853.967636108398 805.402557373047 581.243301391602 653.863243103027 611.569686889648 622.347778320312 992.772308349609 797.145427703857 548.662307739258 574.601367950439 634.606224060059 507.232147216797 644.79020690918 730.326156616211 579.879707336426 637.409240722656 862.049018621445 827.904712677002 813.216892242432 852.68282699585 874.901172637939 914.323356628418 944.378458023071 720.810043334961 701.861948013306 784.379089355469 665.494731903076 519.959991455078 518.644683837891 534.860313415527 614.409152030945 600.232154846191
-9999 -9999 -9999 -9999 -9999 -9999 -9999 -9999 -9999 -9999 -9999 1251.56829833984 1021.13278961182 1000.07723999023 598.845449447632 513.185958862305 802.006587982178 756.375787496567 709.811534881592 786.885860443115 798.360392570496 749.468835830688 681.4208984375 314.720977783203 839.820678710938 740.730098724365 917.53479886055 911.038407325745 577.498382568359 591.99040222168 734.018882751465 812.604503631592 754.209517002106 850.70287322998 769.823812484741 794.776184082031 800.015079498291 793.90104675293 749.837142944336 829.980297088623 908.414844512939 706.087009429932 807.21938419342 707.102851867676 669.821220397949 735.452484130859 698.785568237305 720.229358673096 752.441059112549 704.442929267883
-9999 -9999 -9999 -9999 -9999 -9999 -9999 -9999 -9999 -9999 -9999 -9999 1163.62934112549 1177.62755966187 592.022285461426 599.976009368896 750.926406860352 794.457153320312 689.93106842041 729.338203430176 646.447313308716 785.981834411621 515.926933288574 482.636085510254 692.723239898682 818.549755096436 874.599781036377 779.015029907227 735.449875116348 485.480072021484 758.324378967285 866.483959197998 754.327423095703 704.535465240479 772.765342712402 547.903480529785 629.657363891602 865.074108123779 603.622421264648 686.361618041992 821.965837478638 919.73010635376 854.348955154419 611.948902130127 769.669311523438 920.058120727539 857.112564086914 719.722061157227 705.766417503357 793.325160980225
-9999 -9999 -9999 -9999 -9999 -9999 -9999 -9999 -9999 -9999 -9999 -9999 -9999 -9999 728.543014526367 851.254470825195 771.895393371582 1029.96942996979 533.32134437561 620.747135162354 787.864318847656 861.155975341797 679.627731323242 455.788055419922 815.355400085449 841.931259155273 852.609825134277 783.543518066406 907.376535415649 776.246696472168 843.782075405121 859.252468109131 728.425775527954 630.902420043945 687.036346435547 515.239074707031 693.794021606445 987.983367919922 772.221939086914 967.037467956543 1175.70359039307 1068.08653259277 749.240608215332 802.973083496094 777.402778625488 658.040681838989 733.856296539307 727.551909685135 723.962119340897 749.065786361694
-9999 -9999 -9999 -9999 -9999 -9999 -9999 -9999 -9999 -9999 -9999 -9999 -9999 -9999 -9999 -9999 -9999 1113.81744289398 702.00927734375 665.265445709229 784.127207279205 792.098158836365 820.56859588623 781.573944568634 903.595657348633 981.270904541016 794.318054199219 713.154945373535 729.72004699707 757.658330917358 768.447883605957 849.81803894043 814.596788406372 826.2561378479 795.316272735596 490.395820617676 689.251379013062 985.980461120605 832.876249313354 579.794286727905 539.216470718384 1124.23068237305 618.723622322083 846.737121582031 716.576442241669 534.016784667969 655.206695556641 452.846801757812 665.855445861816 748.412830352783
-9999 -9999 -9999 -9999 -9999 -9999 -9999 -9999 -9999 -9999 -9999 -9999 -9999 -9999 -9999 -9999 -9999 -9999 -9999 -9999 897.591886997223 860.88104057312 960.066917419434 909.934923171997 945.813117980957 1019.81854248047 829.852458953857 740.101146697998 751.687824249268 647.763412475586 803.673596382141 774.355730056763 723.588914871216 693.664958953857 776.457947969437 681.136856079102 764.016498565674 1009.53215026855 995.819702148438 678.287855148315 678.883008956909 797.647699356079 668.648294448853 761.002576828003 569.865234375 691.719465255737 696.584066390991 620.738254547119 746.01488494873 729.944622039795
-9999 -9999 -9999 -9999 -9999 -9999 -9999 -9999 -9999 -9999 -9999 -9999 -9999 -9999 -9999 -9999 -9999 -9999 -9999 -9999 -9999 -9999 -9999 -9999 -9999 918.264199256897 948.650672912598 806.86750793457 928.634439468384 809.631164550781 899.084859848022 761.852016448975 900.705703735352 739.67064666748 654.041006088257 933.950408935547 1032.76871871948 870.109985351562 622.818405151367 600.418258666992 735.424369812012 997.105288505554 591.799140930176 691.264392852783 639.204086303711 754.595157623291 802.491050720215 621.675827026367 589.988746643066 760.757888793945
-9999 -9999 -9999 -9999 -9999 -9999 -9999 -9999 -9999 -9999 -9999 -9999 -9999 -9999 -9999 -9999 -9999 -9999 -9999 -9999 -9999 -9999 -9999 -9999 -9999 -9999 -9999 -9999 -9999 879.28271484375 886.873249053955 873.557807922363 1043.96910095215 803.972282409668 734.391806662083 804.816062927246 971.803649902344 992.726703643799 690.506053924561 594.848670959473 676.081546783447 788.862831115723 750.03870010376 779.702842712402 682.879390716553 731.306602478027 778.232833862305 772.474945068359 677.733615875244 676.66072845459
-9999 -9999 -9999 -9999 -9999 -9999 -9999 -9999 -9999 -9999 -9999 -9999 -9999 -9999 -9999 -9999 -9999 -9999 -9999 -9999 -9999 -9999 -9999 -9999 -9999 -9999 -9999 -9999 -9999 -9999 -9999 1151.07971763611 949.641639709473 903.780992507935 751.366611480713 740.160451889038 679.536636352539 527.549324035645 848.709907531738 520.30916595459 813.231773376465 738.833488464355 796.698127746582 814.584884643555 722.60424041748 810.773071289062 786.056945800781 814.49284362793 640.160667419434 642.731452941895
-9999 -9999 -9999 -9999 -9999 -9999 -9999 -9999 -9999 -9999 -9999 -9999 -9999 -9999 -9999 -9999 -9999 -9999 -9999 -9999 -9999 -9999 -9999 -9999 -9999 -9999 -9999 -9999 -9999 -9999 -9999 -9999 628.207000732422 871.210325241089 884.973070144653 750.103218078613 676.79736328125 807.46605682373 639.808765411377 615.195783734322 774.59273147583 652.636444091797 803.839157104492 687.268972396851 801.227813720703 741.331321716309 750.461364746094 699.557132720947 667.846565246582 704.653144836426
-9999 -9999 -9999 -9999 -9999 -9999 -9999 -9999 -9999 -9999 -9999 -9999 -9999 -9999 -9999 -9999 -9999 -9999 -9999 -9999 -9999 -9999 -9999 -9999 -9999 -9999 -9999 -9999 -9999 -9999 -9999 -9999 -9999 842.655223846436 991.260757446289 725.484931945801 544.452453613281 693.467445373535 641.512313842773 671.602851867676 843.506151199341 663.781089782715 802.556869506836 716.051904678345 739.439876556396 933.598236083984 793.451187133789 886.628890991211 682.451772689819 678.526870727539
