simdem/realisation82.asc
NCOLS 350 
NROWS 171 
XLLCORNER 152620 
YLLCORNER 418050 
CELLSIZE 100 
NODATA_value -9999 
[rows 0 to 21 of 171, columns 200 to 249 of 350]
-9999 -9999 -9999 -9999 -9999 -9999 -9999 -9999 -9999 -9999 -9999 -9999 -9999 -9999 -9999 -9999 -9999 -9999 -9999 -9999 -9999 -9999 -9999 -9999 -9999 -9999 -9999 -9999 -9999 -9999 -9999 -9999 -9999 -9999 -9999 -9999 -9999 -9999 -9999 -9999 -9999 -9999 -9999 -9999 -9999 -9999 -9999 -9999 -9999 -9999
-9999 -9999 -9999 -9999 -9999 -9999 -9999 -9999 -9999 -9999 -9999 -9999 -9999 -9999 -9999 -9999 -9999 -9999 -9999 -9999 -9999 -9999 -9999 -9999 -9999 -9999 -9999 -9999 -9999 -9999 -9999 -9999 -9999 -9999 -9999 -9999 -9999 -9999 -9999 -9999 -9999 -9999 -9999 -9999 -9999 -9999 -9999 -9999 -9999 -9999
-9999 -9999 -9999 -9999 -9999 -9999 -9999 -9999 -9999 -9999 -9999 -9999 -9999 -9999 -9999 -9999 -9999 -9999 -9999 -9999 -9999 -9999 -9999 -9999 -9999 -9999 -9999 -9999 -9999 -9999 -9999 -9999 -9999 -9999 -9999 -9999 -9999 -9999 -9999 -9999 -9999 -9999 -9999 -9999 -9999 -9999 -9999 -9999 -9999 -9999
-9999 -9999 -9999 -9999 -9999 -9999 -9999 -9999 -9999 -9999 -9999 -9999 -9999 -9999 -9999 -9999 -9999 -9999 -9999 -9999 -9999 -9999 -9999 -9999 -9999 -9999 -9999 -9999 -9999 -9999 -9999 -9999 -9999 -9999 -9999 -9999 -9999 -9999 -9999 -9999 -9999 -9999 -9999 -9999 -9999 -9999 -9999 -9999 -9999 -9999
-9999 -9999 -9999 -9999 -9999 -9999 -9999 -9999 -9999 -9999 -9999 -9999 -9999 -9999 -9999 -9999 -9999 -9999 -9999 -9999 -9999 -9999 -9999 -9999 -9999 -9999 -9999 -9999 -9999 -9999 -9999 -9999 -9999 -9999 -9999 -9999 -9999 -9999 -9999 -9999 -9999 -9999 -9999 -9999 -9999 -9999 -9999 -9999 -9999 -9999
635.661911010742 783.149887084961 619.460071563721 611.392799377441 845.96118927002 -9999 -9999 -9999 -9999 -9999 -9999 -9999 -9999 -9999 -9999 -9999 -9999 -9999 -9999 -9999 -9999 -9999 -9999 -9999 -9999 -9999 -9999 -9999 -9999 -9999 -9999 -9999 -9999 -9999 -9999 -9999 -9999 -9999 -9999 -9999 -9999 -9999 -9999 -9999 -9999 -9999 -9999 -9999 -9999 -9999
442.963041305542 524.030811309814 593.561225891113 356.450981140137 633.142860412598 703.655708312988 699.453399658203 733.042846679688 721.295547485352 600.841144561768 -9999 -9999 -9999 -9999 -9999 -9999 -9999 -9999 -9999 -9999 -9999 -9999 -9999 -9999 -9999 -9999 -9999 -9999 -9999 -9999 -9999 -9999 -9999 -9999 -9999 -9999 -9999 -9999 -9999 -9999 -9999 -9999 -9999 -9999 -9999 -9999 -9999 -9999 -9999 -9999
888.382455825806 524.553787231445 485.810821533203 430.786647796631 746.571624755859 665.967908859253 531.556282043457 591.957679748535 531.638336181641 356.76261138916 279.420867919922 450.66982460022 560.947654247284 604.079540252686 663.975250244141 648.996894836426 824.179504394531 690.867782592773 1077.26036071777 952.857803344727 1035.44886779785 960.951698303223 941.606472015381 869.40895652771 924.006657600403 981.390625 919.720210075378 962.386096954346 966.098124980927 821.763488769531 886.423004150391 978.217430114746 647.720916748047 785.161392211914 849.911335229874 694.255874633789 936.096160888672 890.093139648438 812.06103515625 -9999 -9999 -9999 -9999 -9999 -9999 -9999 -9999 -9999 -9999 -9999
916.41187286377 915.619659423828 642.42024230957 770.772552490234 1077.47783660889 990.006504058838 970.714920043945 534.084552764893 430.502243041992 302.613693237305 397.079299926758 473.938756942749 443.542430877686 349.741355895996 524.632049560547 526.902633666992 528.457695007324 523.141887664795 956.387771606445 699.010787963867 723.839546203613 776.18021774292 750.957248687744 938.977203369141 818.978578567505 862.718132019043 886.329792022705 959.430053710938 972.31315612793 880.610592842102 861.403135299683 751.620162963867 534.611358642578 542.101150512695 575.328643798828 625.027069091797 899.942687988281 958.546356201172 846.740882873535 807.950286865234 884.329429626465 1091.52026367188 1238.50184631348 873.737991333008 858.011360168457 -9999 -9999 -9999 -9999 -9999
1048.72379302979 980.537240982056 752.001876831055 883.504592895508 906.519393920898 948.31364440918 1037.57730102539 1074.3004322052 991.820472717285 660.074111938477 649.842643737793 887.795822143555 514.814052581787 432.163188934326 581.626274108887 564.938323974609 437.116453170776 477.587878227234 715.289138793945 793.920589447021 729.85791015625 720.021865844727 824.90047454834 846.88595199585 817.79697227478 765.680397033691 824.90355835855 885.956165313721 881.020638465881 905.004337310791 897.894176483154 985.094131469727 644.893321037292 703.994911193848 524.974807739258 657.776214599609 1055.33712387085 972.971252441406 420.311874389648 437.995941162109 587.643676757812 1030.63830947876 928.098720550537 974.113849639893 912.187423706055 1406.43505859375 963.648483276367 -9999 -9999 -9999
970.042327880859 771.797954559326 981.677463531494 1190.57873916626 1079.02271080017 1187.70558547974 1180.52346801758 1100.44571018219 1069.0558013916 690.152370452881 567.448547363281 657.164855957031 546.565582275391 563.234709367156 666.616264343262 809.281982421875 929.79997253418 771.297786712646 641.189025878906 935.685754776001 872.910541534424 946.502670288086 634.612243652344 602.781387329102 825.238117218018 938.648529052734 826.346555709839 816.865013599396 728.662754058838 893.902545928955 719.971992492676 733.731546401978 588.954048156738 496.296081542969 624.22575378418 496.39347076416 460.890029907227 814.868499755859 808.880966186523 496.226020812988 584.737915039062 684.79125213623 873.050788879395 797.572678565979 741.534006118774 1214.61775970459 969.121006011963 1431.39011383057 746.897550582886 -9999
967.576377868652 1132.10679626465 878.367557525635 1007.88298606873 1096.59787750244 980.391174316406 1062.85905456543 1150.36541223526 1183.81959533691 830.310579299927 941.995323181152 825.210558414459 573.477630615234 696.558773040771 698.733871459961 704.957866668701 838.583057403564 813.516112327576 725.540863037109 983.345272064209 920.945659935474 1005.50437164307 670.950332641602 555.491744995117 804.249805450439 844.982151031494 835.679971694946 744.682052612305 758.492971420288 880.506153106689 880.50821685791 645.11336517334 654.927949905396 580.581260681152 603.841194152832 505.753974914551 417.631256103516 769.032455444336 930.301712036133 948.654928922653 607.539283752441 639.722494125366 760.248260498047 784.694463729858 805.263359069824 903.089248657227 897.807167053223 1294.38232660294 865.060668230057 897.366847038269
989.069763183594 983.46556854248 1024.20915222168 873.685388565063 756.733158111572 1018.64672851562 730.729370117188 800.145736694336 1079.01655197144 888.848880767822 787.746562957764 722.293525695801 693.560043334961 569.122375488281 780.932220458984 696.370758056641 744.941711425781 978.916034698486 953.587947845459 1034.06782054901 1090.65203094482 1119.72539138794 839.282104492188 720.971923828125 930.01708984375 882.86149597168 1031.01351165771 998.86474609375 861.699473381042 855.686042785645 855.290267944336 839.4632396698 727.700710296631 754.521236419678 639.433212280273 548.331329345703 531.931015014648 910.967407226562 1070.35415840149 874.064895629883 632.55877494812 497.974151611328 521.033279418945 878.241584777832 934.007038116455 780.798969268799 763.794891357422 799.366876602173 775.100057125092 643.60546875
700.402698516846 667.950290475041 768.02335357666 731.245094299316 733.303310394287 821.50325012207 790.161499023438 843.523788452148 1124.42554473877 861.454475402832 821.963072776794 868.829261779785 646.009628295898 737.857315063477 755.614784240723 1225.87120056152 715.590728759766 904.329902648926 1045.55688858032 1308.63373529911 937.66014289856 1340.11735534668 893.504941940308 722.417720794678 720.036117553711 716.558891296387 757.222969055176 937.755599975586 913.415908813477 967.731774330139 780.91185760498 910.76319694519 1060.63112640381 1090.41725921631 996.318742752075 868.110343933105 866.251037597656 915.981521606445 1102.68490600586 904.510997772217 764.36395740509 522.818405151367 563.858306884766 930.307859420776 955.941908657551 1163.87969970703 1155.51487731934 733.775562286377 895.861831665039 1043.26519393921
666.883279800415 517.113754272461 653.634552001953 677.19759619236 754.837875366211 882.192672729492 807.415084838867 812.210735321045 653.526588439941 690.8664894104 890.991691589355 870.136825561523 1251.8917427063 721.681549072266 784.693958759308 844.6201171875 752.5553855896 938.828811645508 760.776224136353 1217.27909851074 880.72444152832 716.339672088623 685.308776855469 1168.21101570129 657.532707214355 790.277066230774 708.857986450195 994.286117553711 857.66571521759 822.214324951172 964.461414337158 873.040420532227 809.159633636475 923.127311706543 940.661548614502 977.900165557861 930.074073791504 971.833110809326 1031.12105560303 796.964309692383 762.371200561523 766.346466064453 758.582122802734 1012.97924423218 989.953357696533 1022.48031997681 988.189349889755 961.84624004364 892.903793334961 1129.04835128784
749.633922576904 619.24193572998 591.988296508789 624.276626586914 915.287322998047 926.693862915039 872.030975341797 815.448913574219 692.457807540894 736.374176025391 478.638092041016 688.57787156105 717.815605163574 779.588674545288 749.92085647583 767.41675567627 780.150911331177 771.636379241943 746.845976829529 861.137840270996 838.17992401123 663.086059570312 770.489185333252 926.134963989258 761.964260101318 822.887910842896 848.728658676147 736.394058227539 902.037109375 815.825147628784 959.877738952637 1024.5934753418 709.980178833008 900.773109436035 835.70428442955 772.366607666016 852.441215515137 822.586456298828 832.627479553223 924.123784065247 950.913459777832 781.124389648438 962.87771987915 1003.84101200104 1185.94508361816 1163.08280944824 932.807483673096 949.552891254425 811.502353668213 843.310112953186
780.276958465576 708.925910949707 709.443588256836 757.332584381104 846.270974159241 581.789459228516 695.555542469025 710.604175567627 757.09485244751 790.929405212402 962.126184463501 895.895439147949 715.225742340088 823.798191070557 729.864631652832 736.908489227295 903.959533691406 795.368827819824 683.961357116699 751.868642807007 778.503692626953 729.123344421387 743.370283126831 769.720890045166 867.932815551758 733.120489120483 708.030334472656 1293.97269916534 997.809020996094 1099.02705383301 1059.30966949463 890.893371582031 554.521881103516 769.937515258789 791.27172088623 675.65592956543 654.206893920898 669.332260131836 903.531280517578 883.268256187439 899.66850566864 1052.35346221924 935.760067939758 992.810314178467 884.164024353027 1023.78070735931 955.029151916504 1054.60789704323 953.16646194458 689.39323425293
352.174407958984 567.535713195801 1260.16244506836 771.004100799561 637.031070709229 668.044662475586 596.682075500488 726.234124720097 738.501066207886 858.914985656738 874.875532150269 785.291175842285 711.384078979492 763.204978942871 651.017250061035 611.952941894531 816.101783752441 756.943735122681 593.987342834473 549.125785827637 735.104444503784 903.809661865234 729.260276794434 601.716987609863 698.645029067993 460.750396728516 719.424655914307 708.493450164795 716.5270652771 970.857681274414 933.6376953125 823.724578857422 636.08129119873 1237.04483032227 551.078033447266 612.951416015625 480.516418457031 584.748168945312 851.259705543518 762.502864837646 863.750328063965 857.112648010254 866.765377044678 687.764877319336 779.491012573242 866.945880889893 1027.08591842651 1077.82683181763 952.482027053833 830.989044189453
922.711364746094 493.068344116211 1434.91572570801 1211.94152069092 731.272090911865 800.741138458252 777.506828308105 652.295265197754 1086.50075531006 713.980836868286 761.453998565674 650.258960723877 734.034111022949 664.791759490967 596.634918212891 710.216514587402 730.227468967438 633.5517578125 651.16194152832 502.749893188477 720.113530635834 920.423126220703 694.863586425781 624.407592773438 612.604957580566 633.727615356445 703.687648773193 711.330085754395 767.703365325928 840.216384887695 714.122764587402 820.790702819824 826.518829345703 566.141983032227 529.716415405273 1097.81887817383 616.072708129883 554.42448425293 651.267211914062 749.941444396973 922.137138366699 846.468645095825 814.841972351074 676.906021118164 819.937852859497 748.573955535889 869.071250915527 975.857192993164 938.93373298645 1036.90991687775
595.752937316895 679.946266174316 733.851654052734 752.14744758606 1057.13018798828 1330.59032821655 897.608526229858 702.121209144592 745.003639221191 843.206100463867 697.247966766357 762.340492248535 737.813232421875 663.251358032227 668.355575561523 635.979415893555 710.840297222137 746.793254852295 617.619155883789 683.793573379517 730.504711151123 719.923397064209 639.306205749512 686.210043907166 689.511486053467 773.404697418213 799.930118560791 827.821449279785 677.992370605469 811.266021728516 865.925277709961 936.284286499023 868.752563476562 754.379711151123 669.983329772949 644.577198028564 545.545715332031 873.750640869141 587.664459228516 612.175109863281 721.324836730957 696.18773651123 713.83268737793 768.331550598145 780.035066604614 755.902919769287 806.380973815918 808.678188323975 886.965895652771 1024.11698913574
769.700984954834 721.13828086853 705.933630466461 624.122428894043 710.860201507807 672.858755111694 649.42455291748 574.484878540039 667.253856658936 703.015691757202 686.401670455933 626.135448455811 736.160743713379 725.678882598877 605.848480224609 558.107391357422 667.078308105469 774.714393615723 666.572716712952 574.379150390625 787.681976318359 713.037986755371 630.17310333252 706.529266357422 721.256187438965 843.972793579102 681.575622558594 657.099113464355 771.722515106201 861.231872558594 737.494351387024 756.513277053833 760.992831230164 716.858787536621 754.450218439102 834.560577392578 767.670810520649 680.341819763184 665.63402557373 1134.69805908203 1242.36247253418 746.978729248047 672.366882324219 764.487194061279 758.350955963135 925.85026550293 880.270263671875 985.150501251221 1325.32032775879 828.218250274658
678.881589889526 774.362312316895 710.393706321716 718.192920684814 792.413917541504 664.744857788086 723.748472213745 575.330383300781 648.229999542236 550.709533691406 667.670226573944 566.069541931152 603.848964691162 543.80876159668 650.128572463989 625.940948486328 613.511276245117 749.236099243164 569.367492675781 441.668090820312 744.764472007751 811.787269592285 620.962539672852 803.746078491211 651.893531799316 660.588024139404 837.527450561523 746.994790077209 924.099502563477 645.011581420898 675.89119720459 901.119415283203 810.792167663574 709.431039810181 733.843021392822 802.318927764893 739.722316741943 771.760969161987 634.29655456543 772.786287307739 707.523288726807 743.820973396301 818.532382965088 909.42992401123 778.865802764893 951.871673583984 998.378875732422 923.526145935059 835.080551147461 839.817943572998
