simdem/realisation84.asc
NCOLS 350 
NROWS 171 
XLLCORNER 152620 
YLLCORNER 418050 
CELLSIZE 100 
NODATA_value -9999 
[rows 44 to 65 of 171, columns 200 to 249 of 350]
935.100158691406 893.781799316406 720.01335144043 526.799869537354 480.300910949707 529.740047454834 679.055886507034 715.23837852478 657.093280792236 620.471496582031 647.067127227783 693.396692276001 546.286285400391 690.629859924316 567.865756988525 708.253273010254 494.1640625 673.549652099609 571.917419433594 566.687653541565 743.740478515625 643.879261016846 515.191101074219 482.053161621094 732.891563415527 687.624900817871 544.692749023438 646.177932739258 712.490642547607 653.351244926453 653.521106719971 638.335922241211 1150.9494934082 673.381162643433 780.420261383057 757.133651733398 973.922302246094 882.509994506836 775.510864257812 440.887496948242 676.96870136261 846.332809448242 864.990234375 719.27811050415 637.495750427246 519.587463378906 642.010856628418 742.890258789062 769.427589416504 761.71858215332
1246.68942260742 1793.50219726562 1297.70297241211 906.170989990234 774.298089981079 1068.16747283936 841.093309402466 877.034873962402 679.88353729248 589.513717651367 795.60574054718 733.453109741211 700.19699203968 934.291984558105 692.742977142334 848.153301239014 644.287330627441 752.918472290039 733.786849975586 544.709606170654 600.427708506584 633.197141647339 529.344257354736 465.494476318359 704.360534667969 741.450546264648 625.541310310364 634.81957244873 739.800239562988 596.111274719238 673.590616226196 691.505798339844 693.067108154297 477.534652709961 639.746845245361 728.188034057617 951.09440612793 876.60725402832 677.969318389893 529.860534667969 546.739593505859 832.905288696289 737.931827545166 649.355743408203 669.719982147217 759.192611694336 793.923034667969 701.39256477356 757.562812805176 717.356323242188
839.507965087891 1152.45309448242 1699.08055114746 1149.09330749512 645.445110321045 669.632810592651 523.534729003906 714.382471978664 556.643400192261 611.038389205933 635.778591156006 666.495803833008 727.825744628906 816.736639976501 766.469932556152 843.523792266846 1348.94864654541 666.177062988281 591.987018108368 602.266330718994 542.17366027832 467.888671875 447.758361816406 496.239883422852 681.507141113281 609.336156845093 618.385694980621 647.505672454834 760.158065795898 691.316009521484 719.994651794434 690.469551086426 694.11731338501 581.908599853516 540.935447692871 567.769630432129 754.236099243164 573.727348327637 663.040985107422 671.025479316711 662.674108505249 756.156280517578 712.139820098877 802.683044433594 788.316513061523 741.406929016113 698.030517101288 822.784454345703 808.162769317627 675.966609954834
702.572296142578 627.640552520752 947.45866394043 1314.83396530151 818.692405700684 611.596347808838 621.066711425781 588.895332336426 476.647933959961 480.636001586914 536.109294891357 676.063819885254 568.996557712555 624.169053077698 748.92919921875 971.082899093628 1170.93449401855 1955.56003665924 1395.64365005493 803.696350097656 558.262826919556 531.321098327637 565.156509399414 549.634742736816 543.148284912109 658.483551025391 648.570088386536 659.442417144775 607.673536300659 571.63062286377 691.345364689827 645.973395347595 749.881652832031 727.145736694336 616.939926147461 715.723880767822 745.664321899414 637.232822418213 655.974285125732 680.995384216309 792.43627166748 686.275123596191 693.298145830631 679.136360645294 720.239059448242 771.405647277832 677.942446708679 783.166961669922 709.873752593994 759.645118713379
622.361597061157 576.754735469818 734.292098522186 542.828392028809 599.385933876038 673.292163848877 581.57808303833 656.847156524658 673.526966094971 598.323215484619 716.425323486328 619.826877593994 529.117630004883 635.921508789062 674.437992095947 681.781959533691 963.391128540039 1294.54286193848 1057.88650512695 1067.05762481689 818.801391601562 674.542655944824 593.008021354675 636.970494747162 476.631652832031 626.262788772583 748.707504272461 675.303447723389 551.585952758789 702.264442443848 616.203845977783 714.746528625488 704.227058410645 560.289192199707 621.872133255005 736.44344329834 648.318615913391 808.189468383789 736.895370483398 734.356349945068 664.413034439087 712.639450073242 579.30379486084 729.14289855957 563.855430603027 693.042203426361 798.605888366699 708.944221973419 710.098683357239 812.746253967285
688.041244506836 645.177398681641 632.112808227539 727.662445068359 602.90015411377 601.029220581055 626.715049743652 606.564590454102 644.350419998169 656.807693481445 636.317314147949 643.900329589844 684.452278137207 631.434280395508 582.249225616455 664.632793426514 782.109107971191 1173.52097702026 1865.37157058716 1744.11178588867 876.136558532715 953.79443359375 739.478630065918 603.58655166626 573.768882751465 631.67017364502 505.514579772949 577.303808689117 635.392126083374 518.792861938477 572.973121643066 567.796875 617.940525054932 615.512731552124 709.298927307129 780.181114196777 565.957260131836 628.469131469727 731.09538269043 569.858665466309 621.451972961426 547.8623046875 488.572860717773 1014.35230255127 960.102958679199 953.243553161621 981.148933410645 629.75089263916 705.681396484375 603.774139404297
575.773950576782 568.213918685913 592.67626619339 613.714025497437 560.681878209114 509.8069190979 434.597595214844 650.837860107422 721.112090349197 643.654365539551 608.037132263184 740.421249389648 617.555404663086 673.65168762207 407.213455200195 464.956695556641 672.234413146973 1005.78450775146 1358.35556030273 1756.17854404449 957.332824707031 729.713024139404 543.549880981445 478.455230712891 585.737333297729 506.807586669922 555.332221984863 646.764204025269 712.438446044922 643.742945671082 647.068363666534 570.351516723633 419.748611450195 661.032478809357 716.964948654175 769.732093811035 730.019378662109 725.590442657471 735.746295928955 683.168202400208 648.399750232697 655.279976844788 636.305820465088 612.687606811523 1026.07005310059 1238.09680175781 803.042163848877 679.793888092041 616.275276184082 816.145313262939
464.537788391113 633.171672821045 642.813917219639 641.154504776001 703.306373596191 681.081314086914 779.296432495117 511.87621307373 445.203384399414 557.976989746094 742.590774536133 655.61572265625 618.551868438721 605.124881744385 457.265937805176 510.044151306152 692.432007789612 901.25122833252 1250.75561523438 1132.97027587891 1158.57731628418 683.161720275879 587.593322753906 517.622985839844 592.548005104065 593.33448600769 534.858329772949 517.369697570801 553.036499023438 546.66674041748 546.79524230957 479.778930664062 648.343731403351 626.17396736145 747.963790893555 647.686020374298 707.079822540283 609.381807327271 696.275561332703 651.872621536255 626.962604522705 652.635517120361 707.190464019775 636.26181602478 902.367828369141 812.356758117676 886.345169067383 1162.37019348145 626.902496337891 718.595581054688
549.287586212158 596.963249206543 764.565605163574 752.432281494141 628.838768005371 749.309509277344 844.844478607178 734.129855155945 537.59481048584 688.087844848633 695.729110717773 747.029876708984 676.297790527344 725.811195373535 613.544807434082 635.544906616211 666.852836608887 772.098705291748 941.869972229004 1532.40613555908 1930.50453948975 1169.7620010376 533.471893310547 520.360237121582 482.320785522461 582.444734573364 685.039939880371 579.503896713257 584.835174560547 760.042724609375 609.562857627869 632.935940027237 657.243585586548 750.288589477539 631.86256980896 746.221488952637 726.543815612793 683.475801467896 639.365655899048 768.470138549805 597.252365112305 568.330406188965 637.419952392578 663.646388053894 702.433921813965 671.731971740723 717.482105255127 422.419006347656 995.50830078125 892.160980224609
663.186027526855 588.529816150665 714.442771911621 626.005294799805 506.409149169922 644.793493270874 788.450492858887 696.780340194702 502.54411315918 587.984893798828 613.815528869629 611.380292892456 588.689577102661 601.305629730225 583.612637996674 525.855464935303 613.646312713623 627.391307830811 890.96587562561 966.860744476318 1296.05926513672 1388.81191253662 1538.57773590088 702.969207763672 646.897682189941 654.349061965942 680.954002380371 661.778079986572 499.205711364746 735.382125854492 657.227529525757 573.867191314697 618.205713272095 736.624786376953 593.902786254883 655.933631896973 801.964996337891 600.526386260986 606.562686920166 657.752179682255 710.788185119629 645.966878890991 632.899780273438 682.364017486572 672.464031219482 623.862182617188 592.797142028809 636.795806884766 866.791427612305 471.557510375977
619.45788192749 593.577355384827 602.880952835083 481.555572509766 587.721168756485 616.857398986816 723.805160522461 617.957252502441 643.83572769165 753.499488830566 427.876022338867 607.530979156494 654.526381492615 724.480201721191 653.540691375732 657.163475036621 476.11255645752 626.692440032959 591.512046813965 689.829490661621 806.967422485352 1346.42868804932 1671.30040073395 895.351449966431 828.989784240723 665.148178100586 506.262748718262 487.637794494629 577.926040649414 528.195808410645 669.814430236816 740.056060791016 566.180042266846 616.734655380249 799.842529296875 685.057353973389 646.048069953918 721.892768859863 663.669034481049 650.735147476196 639.921104431152 720.720191955566 721.887680053711 646.972637176514 743.412158966064 718.121128082275 570.660278320312 605.479530334473 624.015014648438 594.52010345459
626.404762268066 738.599464416504 626.681021690369 703.252490997314 528.805641174316 394.151062011719 612.349534988403 628.486177444458 687.774833202362 849.872268676758 743.466377258301 623.494178771973 599.026245117188 699.983703613281 575.265224456787 559.028772354126 616.888405241072 742.464172363281 645.538722991943 685.418148040771 728.016105651855 907.549446105957 1123.54065322876 1322.44565200806 810.569339752197 558.359481811523 518.364418029785 608.576187133789 591.994777679443 613.006268501282 535.848449707031 607.206835746765 562.171207427979 575.394634246826 638.907453536987 596.840261459351 513.287246704102 611.275760650635 613.353874206543 665.874952316284 671.985830307007 645.88242149353 643.173183441162 526.147636413574 655.866603851318 712.936508178711 610.053142547607 620.219665527344 526.360992431641 601.296813964844
700.738174438477 647.175905227661 657.902389526367 560.104404449463 577.332439422607 609.848581314087 578.572677612305 711.151107788086 805.97834777832 755.499244689941 805.484687805176 748.221603393555 586.504776000977 605.800996780396 616.585037231445 717.909224294126 850.251510620117 812.699691772461 910.526428222656 932.464729309082 830.112850189209 999.087928771973 1393.72106933594 1094.21917724609 770.282127380371 560.344108581543 625.781592845917 598.829093933105 679.841087341309 548.693820953369 509.920150756836 518.341156005859 459.754806518555 626.707110881805 512.581756591797 610.6296043396 450.697418212891 621.73020362854 671.301902770996 702.480331420898 795.404998779297 534.851333618164 631.062676429749 637.887306213379 614.196067810059 707.812725067139 717.948627471924 507.037094116211 494.308853149414 673.048029899597
604.839693903923 626.911808013916 667.152521133423 754.471923828125 576.937450408936 557.042037963867 468.338279724121 696.91405582428 733.308143615723 662.105092048645 644.25651550293 786.681636810303 699.872522354126 641.673810958862 532.238830566406 673.775619506836 727.858598709106 837.934183239937 846.532615661621 785.070007324219 770.244792938232 960.662490844727 958.910465240479 940.170444488525 702.286834716797 534.139549255371 593.556444644928 594.896202087402 516.948379516602 512.036262512207 550.86742401123 581.599876403809 585.21118927002 589.095546722412 592.039649963379 587.671619415283 510.878303527832 618.61873626709 612.702463150024 761.931747436523 647.150787353516 770.014175415039 716.711758136749 657.885474205017 543.139801025391 682.591798782349 791.889701843262 630.85612487793 599.221084594727 681.059264183044
564.972549438477 652.322389602661 567.318099975586 528.523422241211 674.577302932739 618.456819534302 768.939544677734 641.093863010406 614.874908447266 670.669134140015 645.199119567871 591.281616210938 536.189392089844 699.534111976624 711.840167999268 664.94079208374 763.853595733643 840.736217498779 720.324523925781 874.375312805176 820.85181427002 763.778388977051 961.353256225586 869.950008392334 671.824893951416 724.95002746582 663.002670288086 585.895553588867 576.400085449219 491.727127075195 469.213043212891 804.07080078125 569.937965393066 514.457870483398 555.150833129883 493.257171630859 558.817779541016 560.480400085449 642.048488616943 797.046264648438 704.800765991211 756.698684692383 653.846260070801 445.416290283203 648.556855201721 708.360260009766 657.731026649475 588.093116760254 654.863908946514 678.001865386963
661.242191314697 505.087287902832 518.879600524902 609.791278839111 683.150691986084 607.585304260254 575.13410949707 599.838352203369 688.269525527954 711.152763366699 711.616765975952 658.423751831055 573.804397583008 605.607376098633 747.948932647705 719.002170562744 656.218482971191 696.062152862549 729.889930725098 965.581268310547 768.753227233887 853.978950500488 920.783519744873 662.622235447168 698.960418701172 611.914881706238 657.890842437744 687.659561157227 639.776849746704 511.545547485352 669.532409667969 564.35173034668 624.864685058594 614.729598999023 512.100433349609 611.396301269531 514.7548828125 478.031715393066 598.179693222046 644.174041748047 622.723812103271 715.646060943604 543.209907531738 680.579975128174 600.883325576782 623.205856323242 605.960800170898 664.473260879517 740.324615478516 621.712051391602
565.205417633057 648.164567947388 644.614189147949 517.180404663086 614.090057373047 740.85277557373 531.780967712402 626.362648010254 487.753067016602 615.033935546875 688.839784622192 687.687152862549 710.972549557686 558.233123779297 568.358444213867 812.726551055908 706.651672363281 699.545388698578 738.427781105042 920.585388183594 873.375514984131 750.584632873535 577.550870895386 788.898956298828 613.962703943253 494.350006103516 578.056198120117 510.200973510742 441.61589050293 740.928649902344 605.773590087891 423.708343505859 419.249114990234 490.059585571289 519.786994934082 812.780899047852 676.251884460449 443.247314453125 510.332702636719 668.238189697266 670.045919418335 649.441712379456 530.42854309082 585.233768463135 657.512119293213 606.56049156189 526.667785644531 688.932746887207 660.924922943115 747.920715332031
723.413040161133 655.604164123535 587.332567214966 609.447143554688 502.33162689209 656.923418045044 483.108062744141 713.768180847168 557.793151855469 544.051712036133 633.396033287048 553.34236907959 500.59920501709 662.437015533447 723.837303161621 840.820251464844 867.483512878418 761.969036102295 760.032586097717 887.610485076904 748.906230926514 692.311172485352 691.957481384277 654.921905517578 684.323383331299 551.510467529297 643.702074050903 480.471328735352 597.404839515686 693.874855041504 597.299530029297 429.329452514648 423.303451538086 476.997146606445 641.533287525177 750.311538696289 897.889099121094 748.437448501587 641.873489379883 653.50431060791 767.563140869141 635.509885787964 728.988182067871 656.420553207397 560.634834289551 484.392333984375 549.594581604004 583.209095001221 700.686176300049 804.680282592773
644.947445631027 584.177242279053 723.717247009277 699.635047912598 755.134757995605 512.244110107422 646.104679107666 674.869400024414 716.731300354004 643.300935745239 636.314338684082 640.69228553772 646.052787780762 641.414854049683 746.693140029907 874.423488616943 850.23804473877 683.769371032715 771.712265014648 699.146942138672 633.515690803528 787.035614013672 783.351943969727 657.23646736145 561.633380889893 617.166698455811 525.29573059082 533.042854309082 652.556334495544 793.78984618187 583.399799346924 612.69685459137 511.309272766113 616.386878967285 707.843269348145 785.419876098633 747.760835647583 1047.43230056763 1014.080119133 793.19930267334 642.002817153931 659.229877471924 656.404476642609 622.917128562927 559.495666503906 321.972381591797 447.6220703125 628.709034562111 740.475898742676 724.706493377686
642.985544204712 595.95193862915 558.460548400879 656.440083503723 697.232780456543 536.77693939209 605.412158966064 636.977400779724 721.719711303711 695.061714172363 606.186611175537 622.493475914001 712.554214477539 659.773956298828 747.088321685791 854.63591003418 724.650924682617 724.758453369141 740.851013183594 661.902690887451 665.040538787842 605.702053070068 711.986686706543 542.326622009277 670.392425537109 542.289901733398 629.326318740845 546.750045776367 669.848747253418 622.00248336792 547.684646606445 475.756927490234 676.994841575623 841.09928894043 732.03636932373 728.362373352051 729.527290344238 930.722731113434 655.456691741943 611.612247467041 617.614485263824 704.049003601074 533.724884033203 692.375381469727 651.827169418335 494.726150512695 620.711149215698 492.045776367188 618.870992660522 699.098930358887
680.490230560303 738.958964943886 577.751235961914 609.526561737061 654.684226989746 683.624618530273 531.573211669922 689.327335357666 648.897746086121 573.205303192139 590.555545806885 639.7325694561 696.43147277832 618.341232180595 586.892841339111 686.196726799011 793.894744873047 740.23655128479 827.570678710938 641.54615020752 576.254970550537 734.59831237793 804.50422668457 582.402679443359 712.756416320801 577.427619934082 488.692008972168 610.975517272949 572.936779022217 613.831385612488 642.407360076904 648.812755584717 617.008471488953 880.919708251953 639.564956665039 719.617012023926 644.145349264145 839.671773910522 663.19730758667 751.84033203125 584.626953125 642.903587341309 573.307479858398 614.405117034912 644.217672348022 728.921737670898 649.830430984497 627.224166870117 546.137031555176 564.064674377441
618.058399200439 480.20142364502 595.008708953857 561.342086791992 604.791423797607 693.884941101074 645.655187606812 570.679672241211 728.064956665039 583.038120269775 787.313949584961 688.272258758545 677.091114044189 615.328765869141 674.497699737549 593.582431793213 625.654653549194 688.86291885376 760.201522827148 684.337078094482 730.81468963623 705.236450195312 720.180473327637 686.968379974365 645.531183242798 589.275463104248 499.634956359863 596.689350128174 653.139457702637 613.935081481934 726.426044464111 703.352719694376 687.742790222168 787.942977905273 631.078698158264 1060.01371765137 987.84496307373 821.531944274902 587.619287490845 478.987854003906 527.640251159668 596.474315643311 596.438873291016 627.110473632812 654.860317230225 643.963577270508 584.404842376709 691.78942489624 742.176834106445 569.123168945312
