simdem/realisation73.asc
NCOLS 350 
NROWS 171 
XLLCORNER 152620 
YLLCORNER 418050 
CELLSIZE 100 
NODATA_value -9999 
[rows 66 to 87 of 171, columns 200 to 249 of 350]
445.191848754883 656.158644676208 499.166702270508 729.923316955566 570.535232543945 478.505432128906 561.937042236328 633.464340209961 517.313095092773 499.310836791992 717.986595153809 602.81160736084 576.895355224609 774.146697998047 552.623382568359 713.980445861816 548.394180297852 692.386817932129 668.251243591309 671.127267837524 608.718013763428 673.821250915527 667.807481765747 731.922500610352 829.814407348633 803.746078491211 695.270011901855 580.008260726929 735.555130004883 538.889650344849 529.379127502441 567.939315795898 593.537475585938 644.644342422485 504.642059326172 490.860961914062 530.333374023438 408.876083374023 536.974349975586 629.816382408142 670.955089569092 566.467613220215 548.802169799805 604.948868274689 642.678123474121 671.164959907532 659.340732574463 587.595741271973 605.495124816895 446.908889770508
755.07307434082 669.281576156616 592.855770111084 702.701812744141 688.441753387451 519.207679748535 332.212219238281 652.656116247177 573.984413146973 657.899240493774 617.06941986084 629.013767242432 614.5263671875 560.150177001953 352.623168945312 538.183769226074 486.712097167969 506.831283569336 613.658912658691 759.011100769043 652.690312385559 677.891929626465 584.749500274658 673.708770751953 749.681381225586 790.440307617188 622.614659309387 649.017585754395 744.054550170898 605.486557006836 578.273049354553 696.136100769043 570.391059875488 625.898582458496 898.487365722656 719.93754196167 587.953872680664 527.493057250977 572.264221191406 481.262588500977 595.145146846771 561.125518798828 576.874759674072 574.961093902588 612.510208129883 549.964729309082 597.043621063232 689.924713134766 637.127727508545 452.117446899414
583.952123641968 662.365307807922 689.90767288208 621.58616065979 620.261053085327 662.811067581177 448.647338867188 588.081203460693 555.660682678223 561.741416931152 541.995864868164 508.118408203125 485.980209350586 585.958053588867 664.843082427979 512.801139831543 462.182632446289 509.997848510742 562.4404296875 557.38818359375 588.671588897705 640.061737060547 639.721965789795 594.617889404297 665.576000213623 532.855449676514 504.510009765625 711.605800628662 715.215431213379 791.966110229492 743.556121826172 752.968873977661 412.349517822266 648.345901489258 705.329238891602 601.674102783203 517.845306396484 675.348323822021 575.429676055908 629.288078308105 534.987487792969 633.326471090317 547.585929870605 587.833065032959 691.02172088623 697.307815551758 628.14928817749 548.266593933105 622.303247451782 611.475746154785
713.541259765625 653.292135238647 448.379852294922 657.18733215332 697.67749786377 645.467557907104 439.716979980469 492.663452148438 491.769805908203 634.183682143688 595.368408203125 382.252807617188 515.762573242188 658.809635162354 658.337772369385 528.250007629395 497.137283325195 473.93864440918 494.12939453125 553.137985229492 585.502548217773 648.740886688232 475.575714111328 453.714149475098 405.903686523438 609.205471992493 706.625877380371 714.339847564697 606.38053894043 816.159423828125 495.033821105957 468.153625488281 527.759872436523 739.684585571289 710.312439441681 722.009468078613 579.464714050293 561.946563720703 465.334228515625 623.033908843994 505.145080566406 537.231300354004 472.529571533203 609.732091903687 535.09407043457 581.604900360107 603.941497802734 542.97200012207 492.220642089844 524.171417236328
584.976360321045 658.085723876953 466.80940246582 615.462812900543 723.543243408203 514.084487915039 402.924041748047 510.945846557617 482.062316894531 556.002960205078 637.450277328491 624.466896057129 370.595672607422 502.060409545898 564.379592895508 553.087821960449 693.383750915527 425.842376708984 628.829835891724 532.263809204102 663.019340515137 708.359840393066 694.976364135742 582.108383178711 536.23526763916 540.008094787598 602.638715744019 688.211093902588 549.852989196777 524.709083557129 580.008880615234 627.26167678833 747.525230407715 651.359865188599 780.661712646484 710.925773620605 612.975679397583 625.147789001465 424.566207885742 499.992462158203 532.350891113281 621.566579818726 625.717839241028 728.223014831543 429.103164672852 632.546003341675 612.061214447021 640.231898784637 625.106415748596 738.745323181152
402.352340698242 538.930793762207 566.074783325195 603.10661315918 674.411933898926 581.816856384277 566.517959594727 575.034622192383 634.170639038086 605.355140686035 531.067485809326 697.03865814209 622.172199249268 747.821426391602 639.456807136536 632.981777191162 560.277835845947 696.467164993286 744.969036102295 745.303421497345 723.447340011597 834.985382080078 506.488220214844 585.933429718018 736.044281005859 609.484014511108 546.058750152588 671.8450050354 757.436325073242 601.21616268158 587.42227935791 719.902000427246 684.928680419922 635.326622009277 529.745552062988 558.286834716797 634.543877035379 477.811218261719 420.04508972168 499.493377685547 623.839339256287 540.02507019043 585.78716468811 658.928661346436 565.669548034668 602.045834541321 656.354597091675 617.977096557617 750.686316490173 646.576366424561
611.649490356445 713.258346557617 560.238334655762 566.504348754883 585.416957855225 662.937206268311 636.946538925171 646.070461273193 650.999653816223 605.097858428955 586.456265449524 608.623699188232 568.143501281738 668.481460571289 646.52259349823 648.800354003906 632.288664579391 598.227905273438 838.629110336304 790.959095001221 848.854164123535 709.256164550781 611.292013168335 641.630416870117 645.49213218689 538.694091796875 633.45475769043 633.203605651855 694.206474304199 702.904296875 496.908966064453 628.0673828125 611.283353805542 508.685928344727 527.730461120605 618.992062091827 574.930742263794 578.129474639893 439.60334777832 593.649801254272 605.650785446167 560.337409973145 535.18327331543 596.013618469238 738.333015441895 530.748504638672 664.126539230347 705.312831878662 765.344848632812 660.602731704712
654.801940917969 634.250057220459 611.29114151001 558.617889404297 443.155792236328 545.806747436523 649.3893699646 753.290840148926 645.997156143188 754.076797485352 566.945495605469 662.285538673401 714.633827209473 642.596920013428 717.747901916504 722.761383056641 733.621307373047 733.186012268066 700.236751556396 835.638931274414 701.225479125977 622.449768066406 548.888175964355 689.922550201416 713.678039550781 732.451210021973 455.075897216797 653.042130947113 641.981294631958 616.909774303436 598.693284988403 599.724628448486 795.481168746948 491.752899169922 387.105346679688 489.150207519531 508.487312316895 597.612900257111 646.415590763092 542.401664733887 610.795497894287 735.521705627441 566.707695007324 493.793670654297 647.496334075928 583.660987854004 600.089056015015 543.812301635742 592.699188232422 594.721389770508
632.770671844482 657.688175201416 665.424518585205 544.148124694824 576.671272277832 633.814217567444 672.620700836182 743.400367736816 683.243587493896 586.962303161621 589.884452819824 671.910449981689 560.034797668457 611.544445037842 713.182312011719 701.63444519043 593.774826049805 666.892544746399 588.080406188965 792.59395980835 750.416229248047 865.469314575195 1078.99161243439 935.033630371094 761.416286468506 738.777789115906 621.729442596436 623.180391311646 551.684677124023 569.182661056519 620.135784745216 840.738039016724 740.349311828613 529.709327697754 442.325729370117 621.338289260864 662.214691162109 480.632049560547 618.129788398743 582.774524688721 697.777435302734 840.482574462891 764.983375549316 664.662422180176 697.811454772949 707.755569458008 651.974657535553 595.71129989624 447.769012451172 545.016574859619
628.060739517212 713.264572143555 556.832107543945 562.953590393066 607.572158813477 724.027076721191 763.895599365234 809.186416625977 586.585884094238 525.920463562012 686.020505905151 565.765800476074 660.415969848633 765.994850158691 836.457565307617 571.254261016846 485.884254455566 546.208755493164 671.159982681274 728.529935836792 682.035511016846 794.411081314087 815.985843658447 629.364868164062 719.81909942627 919.943466186523 1041.44849395752 903.626190185547 642.367558002472 661.279213905334 692.076248168945 811.854095458984 648.198753356934 686.195018768311 571.834693908691 511.920120239258 724.994262695312 713.020957946777 654.889717102051 699.195308685303 830.983688354492 682.206268310547 687.221984863281 594.993381500244 796.251724243164 671.463638305664 557.254661560059 656.601257324219 635.936670303345 565.235004425049
673.144882202148 710.923240661621 623.924230575562 513.027145385742 558.445194244385 683.909606933594 640.197746038437 716.630859375 698.509786605835 572.743103027344 626.317258834839 548.296272277832 739.174415588379 739.612945556641 742.068237304688 638.17373085022 624.353015899658 647.345581054688 689.276123046875 527.603927612305 694.781167984009 729.584320068359 650.872158050537 609.431121826172 798.32977104187 797.929759979248 740.097778320312 836.532461643219 747.492607116699 683.996318817139 1308.89752960205 695.90975189209 677.662712097168 642.476354598999 497.728866577148 619.30753326416 657.774361133575 634.636482954025 650.95825958252 608.386547088623 667.886671066284 640.940670728683 636.938515663147 558.464588165283 700.827781677246 657.346548080444 635.784017562866 611.993697881699 647.736255645752 739.307518005371
536.113845825195 562.909969329834 492.760925292969 596.44341468811 606.786947250366 670.21337890625 692.288299560547 660.862457275391 554.524040222168 603.610580444336 639.323024749756 638.005774497986 680.343235015869 732.71263885498 568.229892730713 726.536521911621 622.087548732758 624.682825088501 773.32048034668 765.239479064941 699.90258026123 716.312080383301 571.840637207031 783.496814727783 673.747383117676 765.402979850769 868.548065185547 898.351268768311 1098.50438499451 970.232772827148 937.524658203125 763.720306396484 585.541015625 710.594146728516 804.217712402344 653.297698736191 601.703315734863 550.788864135742 703.393852233887 640.606095314026 601.619037628174 729.614685058594 681.493934631348 691.868011474609 610.876898527145 594.767417907715 589.786169052124 619.359399676323 602.961379051208 730.888549804688
655.642082214355 553.381092071533 503.665573120117 594.966121673584 672.424964904785 582.321105957031 480.540802001953 619.756447792053 692.469970703125 635.827919006348 551.930442810059 693.962520599365 661.900388717651 657.701568603516 659.633655548096 545.32975769043 515.411460876465 492.034622192383 517.412063598633 750.632009506226 970.580116271973 970.536115646362 726.086408615112 621.919654846191 567.712005615234 695.11056137085 707.807289123535 836.921829223633 1305.78409576416 1291.61332702637 789.422317504883 587.668502807617 783.586397171021 837.515991210938 815.108047485352 796.900314331055 602.184684753418 605.871276855469 598.435375213623 677.599182128906 674.518020629883 791.067321777344 619.403633117676 566.673622131348 614.301238059998 596.598169326782 560.148254394531 575.370288848877 764.897216796875 515.346420288086
648.538862228394 488.916481018066 663.605392456055 573.764270782471 593.758876800537 692.292419433594 564.02827835083 697.282341003418 646.298923969269 704.201949954033 621.597206115723 729.735008239746 641.007231712341 671.698057174683 535.959487915039 615.382947921753 611.917293548584 577.695953369141 584.632434844971 744.989036560059 659.194053649902 739.667617797852 763.935005187988 680.019912719727 722.490261077881 759.615036010742 643.047691345215 852.426776885986 1228.85816955566 1051.14034080505 1157.91568374634 962.020893096924 903.323745727539 797.52097761631 761.780128479004 728.920635223389 672.597057342529 545.936431884766 649.370040893555 635.535903930664 549.253723144531 604.245780944824 624.973905563354 609.010402679443 577.601913452148 488.331436157227 568.763236999512 594.399040222168 632.297442436218 528.562042236328
781.722518920898 663.335906982422 658.849725723267 667.181259155273 467.117462158203 588.008571624756 532.529357910156 604.216213226318 539.867820739746 582.874412536621 611.20475769043 674.51256275177 678.989437103271 674.661302566528 532.787368774414 700.060546875 750.320747375488 657.257566452026 600.379028320312 736.503162384033 489.151947021484 532.254707336426 642.582679748535 631.552619934082 467.421356201172 691.314720153809 735.075784683228 756.04905796051 721.260704040527 846.163907051086 964.407321929932 1263.67357826233 1018.4633140564 788.761734008789 1184.37557601929 849.973785400391 580.603645324707 679.089724063873 627.281387329102 584.137680053711 761.104034423828 676.013043642044 686.500799179077 610.87020111084 690.803176879883 528.32349395752 601.610494613647 614.42053604126 651.680461883545 744.789428710938
839.114135742188 699.039039611816 703.721176147461 685.629810333252 641.979867935181 533.505653381348 438.898071289062 588.054710388184 562.95703125 507.999099731445 549.124557495117 671.029172897339 654.220168113708 629.980436325073 633.619314193726 585.637672424316 602.383567810059 687.122482299805 660.902702331543 531.53108215332 522.518920898438 646.324615240097 543.548568725586 681.248168945312 521.110984802246 679.196138381958 681.156364440918 687.07502746582 782.959770202637 844.746002197266 642.971790313721 986.981323242188 878.35865020752 1027.57839393616 1061.11502075195 1042.49243164062 635.806526184082 510.666702270508 630.411117553711 711.040870666504 655.822769165039 697.72509765625 635.403448104858 682.827503204346 688.114883422852 626.379711151123 491.669479370117 609.181945800781 606.259654998779 764.061973571777
625.947187423706 469.128143310547 664.37993812561 569.895957946777 642.748260498047 521.541122436523 478.405975341797 654.408103942871 526.02197265625 552.66162109375 640.721008300781 724.976625442505 621.606214523315 662.16185259819 596.353771209717 518.510345458984 622.134254455566 606.843147277832 646.366901397705 713.176498413086 482.881637573242 494.374542236328 613.965354919434 695.143598556519 578.536605834961 628.697463989258 745.569761276245 696.529048919678 795.761046409607 567.630882263184 699.838111877441 686.49634552002 889.039016723633 1433.80752563477 1113.38922119141 1312.50308799744 789.623287200928 622.605491638184 759.406181335449 642.318576812744 604.746788024902 574.20442199707 712.0725710392 686.6930809021 457.993606567383 511.32633972168 621.75076341629 616.794178009033 499.58137512207 672.080955505371
484.126953125 583.618999481201 605.905624389648 623.97025680542 690.372676849365 547.11206817627 475.236968994141 546.309700012207 505.220336914062 667.451128005981 723.15442276001 866.778442382812 605.815200805664 672.693719148636 828.607833862305 786.182678222656 577.623710632324 630.972719669342 616.044239044189 718.754165649414 718.22346496582 683.614929199219 538.485061645508 618.792896270752 770.243858337402 705.795015335083 560.092468261719 603.555927276611 648.964782714844 641.990013122559 617.904850006104 669.648773193359 844.934089660645 1395.86575317383 855.079223632812 1044.60960006714 969.683689117432 696.481796264648 530.633575439453 451.614013671875 699.403755187988 602.484527587891 841.031005859375 772.002380371094 696.210464477539 606.787830352783 667.557102203369 708.383277893066 592.014862060547 750.613235473633
594.709648132324 644.860868453979 558.184577941895 667.525886535645 603.602707862854 491.712188720703 618.861567258835 686.053943634033 659.027484893799 796.612777709961 639.768608093262 642.010688781738 486.304672241211 738.377014160156 607.166980743408 625.105777740479 743.029655456543 615.469387054443 726.597679138184 664.608058929443 703.490703582764 721.179641723633 703.186519622803 717.286865234375 676.312586784363 652.86452960968 678.681865692139 780.779388427734 765.590209960938 673.594249725342 737.361389160156 826.311233520508 945.985189437866 826.195331573486 963.025604248047 968.051628112793 783.743682861328 649.814483642578 635.786598205566 649.84635925293 728.43888092041 828.318771362305 890.693458557129 879.351470947266 883.003190994263 1125.37284851074 1207.22871398926 1073.04390716553 609.833225250244 726.39896774292
605.09455871582 628.421680450439 723.675830841064 758.747100830078 592.627534866333 554.633556365967 682.894687652588 721.883056640625 780.720771789551 759.554618835449 713.482460021973 716.797334671021 687.791484832764 680.209079742432 568.121147155762 678.446563720703 532.746742248535 482.497772216797 678.215576171875 621.055597305298 673.741710662842 608.127607345581 670.392332077026 588.199359893799 643.478226661682 629.760189056396 607.953231811523 737.816528320312 683.350105285645 673.58398103714 710.161739349365 736.226253509521 878.398376464844 739.641574859619 830.23267364502 759.061732769012 640.024127960205 659.134338378906 571.524505615234 674.805824279785 636.930244445801 598.909481048584 651.730310708284 631.33634185791 854.469425201416 916.017097473145 1022.34803009033 986.662853240967 901.702178955078 579.564544677734
687.032422065735 604.506057739258 533.063278198242 694.992492675781 604.996969223022 605.090370178223 633.540645599365 679.179347991943 727.32056427002 742.27033996582 579.437679290771 653.808744907379 812.991546630859 748.633293151855 554.02904510498 536.130828857422 578.251922607422 629.991178512573 589.366024017334 622.679515838623 519.03385925293 557.567924499512 666.422046661377 760.574737548828 605.445220947266 625.993850708008 538.677284240723 739.117760658264 773.891235351562 682.387668609619 787.515060424805 837.41178894043 767.178199768066 598.144161224365 691.557044267654 756.33381485939 557.617851257324 527.770004272461 612.012321472168 655.229705810547 736.419082641602 785.449214935303 815.547378540039 775.173819065094 817.542434692383 908.165424346924 1025.69346618652 1100.14323425293 822.208549499512 705.929592132568
588.48511505127 641.395332336426 756.25065612793 636.346929550171 751.794403076172 602.416152000427 612.690574645996 600.409155845642 651.677947998047 648.360422134399 540.842231750488 693.85338973999 753.541282653809 795.186332702637 624.267211914062 570.685523986816 599.657051086426 640.145835876465 553.68920135498 631.534437179565 618.868968963623 524.831008911133 587.349884033203 568.809997558594 664.064989089966 663.645769119263 583.426300048828 704.65161895752 1224.63918304443 755.536956787109 743.638336181641 733.31169128418 632.691747665405 613.658771514893 668.769309997559 738.853595733643 557.099815368652 669.521753311157 539.90803527832 677.560070037842 712.043924331665 832.397071838379 741.270115375519 688.129280090332 690.798122406006 763.917587280273 828.718048095703 1001.50574493408 1047.77080535889 1209.41806030273
