simdem/realisation37.asc
NCOLS 350 
NROWS 171 
XLLCORNER 152620 
YLLCORNER 418050 
CELLSIZE 100 
NODATA_value -9999 
[rows 44 to 65 of 171, columns 200 to 249 of 350]
925.924163818359 794.890800476074 676.597343444824 576.863779067993 661.810600280762 596.680835723877 672.752264976501 710.96012878418 713.286720275879 754.808555603027 685.536344528198 567.83137512207 550.849792480469 798.970607757568 657.042022705078 552.177177429199 598.334859073162 581.407457351685 512.891006469727 478.836578369141 589.96952259168 509.974769592285 587.851927280426 590.514166355133 639.889446258545 616.342840433121 688.019706726074 751.371246337891 622.297388076782 474.246536254883 570.687046051025 692.612056732178 1319.71542358398 761.265098571777 650.51131439209 583.786155700684 671.535034179688 716.901462554932 802.899299621582 838.739654541016 671.980882644653 708.226786196232 608.974884033203 559.902908325195 678.565082550049 722.562164306641 776.844467163086 760.95970916748 695.647665739059 707.936034202576
1252.55659484863 1613.94165039062 1099.51469039917 931.765640258789 889.675811767578 1184.2095489502 982.458938598633 818.182178497314 721.6421251297 741.752769470215 679.06526184082 593.228530883789 525.853225708008 1019.64424324036 602.014976501465 810.485694885254 593.184509277344 587.780826568604 518.424392700195 593.921584129333 654.98713684082 552.005233764648 458.328506469727 560.659999847412 613.642252445221 601.819650828838 722.002418518066 580.083255767822 536.514251708984 378.451843261719 545.326614379883 642.991720199585 778.217636108398 742.66569519043 692.1520652771 726.998100280762 775.912185668945 770.638801574707 549.408500671387 746.839206695557 647.74925994873 612.597808837891 672.347358703613 733.123405456543 692.234708786011 732.257808685303 762.868316650391 701.881317138672 630.472221374512 780.056694030762
823.090408325195 978.152683258057 1543.12555170059 1085.20707511902 749.2080078125 859.440368652344 897.580184936523 849.702545166016 541.763725280762 571.518325805664 645.681442260742 511.081130981445 614.413166046143 846.231960296631 721.579946517944 796.906887054443 1386.77030944824 654.244453430176 475.686553955078 557.841571807861 570.18790435791 525.225273132324 613.68438243866 622.226359367371 642.684629440308 717.071113586426 610.533309936523 600.279751777649 732.462448120117 556.172393798828 566.024200439453 673.574949264526 642.642321586609 630.106515884399 785.050437927246 772.940086364746 719.704483032227 661.973093509674 593.005447387695 588.316017150879 647.123449325562 697.218776583672 796.476089477539 764.932716369629 692.955272674561 664.946027755737 739.786125183105 781.945495605469 710.603164672852 768.169334411621
767.282302856445 539.749160766602 776.929626464844 1135.77049255371 800.835418701172 592.908248901367 829.081031799316 862.334396362305 733.62621307373 538.745790481567 556.57292175293 616.360176086426 582.323034286499 644.76548910141 759.578643798828 867.83952331543 1101.9195098877 1950.28027915955 1218.57173156738 562.033584594727 618.109161376953 631.228668212891 582.38459777832 600.358743667603 708.137847900391 602.889608383179 688.259372711182 670.213661193848 689.537872314453 656.703512191772 741.163158416748 696.810607910156 708.75651550293 667.209321975708 616.397899627686 627.716091156006 607.255947113037 580.766548156738 574.447525024414 707.058035850525 619.58118057251 669.183179855347 756.165870666504 747.447471618652 651.884082794189 631.992973327637 826.225830078125 732.391693115234 732.448372811079 788.774940490723
607.572134017944 585.791118621826 738.084180831909 600.932476043701 484.571083068848 683.299139022827 607.456296920776 768.171405792236 728.483901977539 475.624809265137 534.535118103027 618.049083709717 632.972457885742 574.936315178871 508.784210205078 775.56526184082 949.802932739258 1479.6301574707 1026.67926025391 824.655838012695 716.670993804932 625.318737983704 674.903938293457 810.017623901367 812.729370117188 590.132553100586 722.00984954834 565.104705810547 678.528858184814 654.632923126221 614.531394958496 685.012306213379 686.864650726318 511.874313354492 527.829223632812 720.699062347412 662.733696937561 681.70954990387 687.748960494995 644.813705444336 713.646602630615 924.959053039551 742.218826293945 657.462839126587 684.955025672913 635.118957519531 689.043083906174 692.507122039795 740.685127258301 601.848587036133
514.64818572998 591.701439857483 714.856628417969 625.719425201416 427.530487060547 605.415552616119 584.508720397949 605.062110900879 568.526000976562 606.528690338135 649.007400512695 584.365646362305 615.653564453125 608.827472686768 629.947450999171 496.889419555664 787.463584899902 1175.75186920166 1841.90775680542 1422.17692565918 804.927303314209 823.455195426941 691.838581085205 670.520690917969 785.20751953125 805.34880065918 683.291423797607 642.189426422119 705.889099121094 589.604141235352 629.599791526794 601.328022003174 716.36775970459 629.800569534302 706.499893188477 628.43323135376 738.514083862305 646.736078262329 756.508934020996 701.285586357117 654.451711654663 739.935386657715 634.715944290161 1057.52233600616 1000.37203598022 1024.88616883755 835.796314239502 647.517890930176 841.483203887939 800.164192199707
489.523544311523 500.371826171875 576.321548461914 638.76944732666 606.838478088379 594.829635620117 531.952575683594 580.734657764435 776.715587615967 716.231742858887 485.831527709961 509.983066558838 389.490753173828 488.112213134766 521.99031829834 427.707000732422 738.992668151855 995.945014953613 1467.35803985596 1643.08400726318 768.704788208008 723.083477020264 530.064071655273 691.833625793457 660.095550537109 771.585418701172 703.600059509277 590.621971130371 492.870712280273 626.721784114838 648.3561398983 691.579349517822 684.202327728271 657.046002388 684.229020595551 645.099945068359 622.863800048828 646.416437149048 822.295944213867 780.078178405762 678.333768844604 692.416931152344 573.240013122559 745.48503112793 1148.00277709961 1397.5107421875 994.847808837891 753.7057056427 556.099304199219 824.312240600586
580.813007235527 595.858436584473 545.32398223877 550.444564819336 776.806274414062 690.924942016602 695.489395141602 723.32373046875 630.366281509399 720.095611572266 638.399129867554 517.239784240723 622.357093811035 636.650886535645 620.73217010498 508.787269592285 716.436895370483 833.085021972656 1232.00202941895 1290.98475646973 1293.88123321533 682.984809875488 596.820154190063 585.817106246948 750.690979003906 568.456958770752 542.004375457764 492.641578674316 473.348815917969 626.580852746964 634.639881849289 708.367416381836 661.060422897339 513.956298828125 657.243559837341 637.615705490112 520.613662719727 661.062330245972 776.327484130859 778.591552734375 575.012237548828 688.421287536621 669.32357108593 742.824356079102 1159.36860656738 758.387542724609 1021.94108629227 1300.72692489624 655.699462890625 781.229797363281
724.403717041016 480.512168884277 645.265678405762 689.650486946106 757.918754577637 764.732841491699 893.740539550781 777.842924118042 747.378799438477 679.783699035645 736.281118392944 656.100063323975 581.469459533691 695.075637817383 555.621012687683 529.965190887451 530.800025939941 787.679992675781 1023.28873062134 1534.094581604 1923.17290496826 1192.3731918335 699.374809265137 681.94344329834 844.037704467773 738.861785888672 681.352645874023 491.21354675293 654.302814483643 652.002899169922 652.472314834595 770.409469604492 676.099166870117 627.511903762817 582.373573303223 681.087482452393 749.701416015625 649.384522438049 580.332206726074 586.956451416016 637.187122344971 731.57502746582 637.85852432251 720.234222412109 815.654205322266 711.548973083496 638.99080657959 621.665721893311 1062.31840515137 862.420166015625
717.828216552734 609.871347427368 692.102907180786 601.638431549072 764.612594604492 790.064193725586 633.513607025146 713.582962036133 739.466049194336 712.548429489136 676.209119796753 702.658340454102 701.018211364746 717.942726135254 531.636211395264 322.739776611328 557.933725357056 716.294998168945 953.682079315186 888.005859375 1189.39540100098 1294.93356704712 1501.05145263672 927.655303955078 800.898216247559 747.51749420166 569.239772796631 516.761558532715 539.795848846436 529.802803039551 606.298299789429 783.020629882812 719.109725952148 601.565414428711 666.162673473358 658.478660583496 820.854751586914 578.059020996094 602.568866729736 636.832197189331 632.940896511078 604.52276802063 524.104293823242 702.117813110352 605.3157787323 605.180953979492 547.022308349609 774.4697265625 816.529373168945 444.39599609375
581.850943565369 579.906377792358 651.294361114502 810.580368041992 578.473141670227 700.237495422363 583.617629051208 640.013984680176 662.146991729736 754.491088867188 464.662803649902 492.976974487305 705.85120010376 712.831352233887 568.060543060303 501.451622009277 619.955299377441 671.702987670898 509.300735473633 736.764688491821 811.50789642334 1240.21477949619 1736.36229705811 890.598258018494 934.342094421387 648.673574447632 703.642189025879 457.407897949219 673.55997467041 663.349670410156 618.099687099457 613.82631111145 616.599083900452 596.121696472168 456.646179199219 635.343841552734 716.353744506836 670.559909820557 508.904968261719 656.211299180984 652.520234107971 660.978791574016 693.311939239502 721.133888244629 738.94877243042 671.21049785614 668.697477340698 598.033958435059 558.94873046875 645.983123779297
590.569980621338 661.026149749756 668.880184173584 887.839065551758 572.949089050293 626.412689208984 563.090812683105 582.923904418945 723.924224853516 737.271062850952 606.590324401855 675.798652648926 677.449081420898 721.516372680664 666.881713867188 450.542434692383 589.788969039917 734.565444946289 597.513010025024 702.299995422363 724.365283966064 1027.60950088501 1120.50719070435 1573.6771697998 924.345691680908 755.897903442383 642.22894859314 620.981689453125 696.928688049316 692.967086791992 685.29328918457 695.45435333252 611.349559783936 436.501678466797 476.612533569336 538.864677429199 550.468605041504 601.882743835449 638.114609241486 703.994003295898 752.801727294922 697.489707946777 746.090324401855 627.059135437012 843.474975585938 698.415302276611 821.0419921875 652.742101788521 596.19514465332 737.79309463501
828.935791015625 597.191390991211 640.157527923584 620.235295295715 595.105243682861 703.135948181152 517.359367370605 626.137291908264 709.958928108215 827.878540039062 719.703319549561 822.072113037109 645.191967010498 661.813663482666 610.43448638916 753.566219329834 770.979491114616 704.441028594971 670.811660766602 775.89587020874 732.995239257812 877.206005096436 1268.93759918213 1157.03345489502 968.548706054688 481.979644775391 545.093971252441 722.907203674316 638.966892242432 651.203899383545 715.563888549805 615.237987518311 539.96452331543 444.349502563477 448.154846191406 563.761207580566 596.516609191895 698.918361663818 686.409767150879 569.053249359131 628.832137107849 648.355484008789 736.677803039551 800.464824676514 674.408693313599 700.379623413086 844.135192871094 716.614490509033 772.369041442871 696.6227684021
667.019077301025 718.663009643555 706.780876159668 610.288331508636 558.053798675537 579.452129364014 601.453563690186 701.658430099487 703.756149291992 629.265914916992 678.440002441406 791.006128311157 697.255334854126 559.049819946289 614.971673965454 473.145141601562 828.188659667969 944.061492919922 841.278896331787 693.698745727539 665.290008544922 955.476760864258 1030.40850830078 967.0498046875 762.735569000244 549.678527832031 652.57543182373 648.804718017578 573.614009857178 521.745941162109 579.766033172607 570.069442749023 649.854496002197 358.861846923828 412.5234375 574.807147979736 600.663644790649 680.31706237793 691.751247406006 694.387615203857 614.962136268616 707.961372375488 861.921630859375 673.169202804565 675.624334335327 765.970428466797 738.304756164551 851.695251464844 667.948957443237 651.902948379517
660.978885650635 747.979469299316 580.451103210449 669.229549407959 615.361797332764 594.982498168945 571.775218963623 608.290302276611 724.319789886475 617.228378295898 742.722868919373 746.581296920776 661.119178771973 803.703872680664 651.48446559906 773.237098693848 866.091445922852 882.748943328857 824.301422119141 751.462371826172 786.853168487549 866.883678436279 941.93274307251 924.536247253418 528.739616394043 544.461288452148 665.28125 554.459106445312 584.026685714722 493.269607543945 438.881072998047 1053.47799682617 739.473285675049 501.895614624023 486.347503662109 570.958099365234 556.137313842773 517.018218994141 609.660744667053 620.947691679001 597.158622741699 715.836601257324 782.111907958984 697.503147125244 592.32389831543 535.864105224609 553.112487792969 842.959274291992 818.494323730469 731.1796875
618.860832214355 595.931642532349 610.669834136963 550.133041381836 532.556495666504 642.613382577896 596.099727630615 642.229235291481 650.648913383484 622.059112548828 741.19344329834 801.814170837402 788.194961547852 824.742752075195 757.713176727295 691.091825485229 750.057342529297 839.086303710938 732.94136428833 881.702568054199 989.685775756836 730.237884521484 928.472202301025 586.279144287109 584.610515594482 628.629241943359 535.573692321777 577.29133605957 419.640350341797 544.134841918945 806.164009094238 851.583698272705 734.053840637207 702.047561645508 639.347690582275 508.907531738281 502.638259887695 543.179786682129 591.121110916138 754.610427856445 682.541076660156 775.048915863037 579.212604522705 569.521129608154 551.499809265137 590.413131713867 563.311424255371 575.496841430664 706.953815460205 726.25537109375
561.34578704834 589.976066589355 730.135681152344 629.803784370422 531.138885498047 619.35068321228 665.058979034424 648.8385181427 651.444388866425 640.080718994141 602.435325622559 684.825946807861 751.318397521973 892.199478149414 761.504123687744 690.528732299805 659.367790222168 635.288307189941 647.585540771484 759.605085372925 981.816558837891 809.917459487915 553.713035583496 696.949287414551 610.812703132629 638.454471588135 567.334878921509 610.923909664154 519.205627441406 703.865249633789 866.190189361572 663.18758392334 733.936264038086 647.274664878845 630.85311794281 751.226699829102 791.692687988281 706.745140075684 684.877147674561 674.478561401367 594.128356933594 623.560810089111 564.536285400391 609.72244143486 644.057624816895 630.602594852448 680.887654304504 617.156280517578 629.674408912659 659.970621109009
565.167263031006 523.472053527832 716.104621887207 645.294364929199 521.884651184082 623.14005279541 703.376556396484 674.000499725342 602.500436782837 600.252202987671 705.565551757812 675.671257019043 608.039241731167 759.065521240234 832.812438964844 798.609845340252 635.070671081543 773.10041809082 738.063649177551 858.028577804565 940.675384521484 849.000823974609 743.995758056641 659.637141227722 651.330305337906 779.162704467773 603.497979164124 544.496185302734 360.273330688477 743.433746337891 607.738277196884 712.654052734375 659.295085906982 662.779651641846 516.444549560547 747.221141815186 940.388381958008 957.839889526367 683.338283538818 549.413261413574 676.243389129639 773.890655517578 691.665546417236 783.482818603516 585.718856811523 544.956573486328 651.874139785767 698.503082275391 667.588066101074 625.6291847229
561.545021057129 355.167083740234 492.508529663086 512.803680419922 544.51350402832 678.815349578857 574.784896850586 680.232524871826 691.708419799805 507.386177062988 665.104640960693 599.022837638855 708.41259765625 694.901519775391 831.362510681152 876.121948242188 824.963088989258 592.650108337402 619.975842475891 496.869384765625 744.680961608887 612.198644638062 615.921963691711 655.871878623962 560.814193725586 647.767967224121 473.403228759766 531.080917358398 505.194244384766 857.756446838379 645.268486022949 628.165418624878 542.234401702881 581.927131652832 542.808921813965 701.333415985107 764.038368225098 1137.04295349121 919.072952270508 728.589562416077 609.980138778687 720.807395935059 754.757202148438 684.892883300781 736.817268371582 616.027702331543 572.77880859375 724.400901794434 726.213562011719 684.628561019897
620.246528625488 563.680534362793 582.244729995728 680.544834136963 665.964683532715 724.605346679688 728.484268188477 589.223804473877 462.868423461914 607.788848876953 690.92166519165 717.782821655273 767.102172851562 602.222688674927 705.00875210762 724.014421463013 652.174781799316 614.673262119293 571.366271972656 586.463331222534 707.44832611084 700.79532623291 638.891042232513 619.906883239746 506.395317077637 657.218955993652 549.364212036133 570.658348083496 628.213435649872 669.174352645874 745.667053222656 691.664477348328 542.05110168457 513.648590087891 633.151393890381 620.461620330811 733.227806091309 841.334182739258 562.268451690674 734.225341796875 721.914009094238 625.924570083618 469.938385009766 545.704307556152 645.409823417664 478.626846313477 571.849143981934 766.424224853516 862.728897094727 628.482182502747
790.014190673828 780.125549316406 647.682506561279 733.40535736084 618.712543487549 477.711090087891 533.330612182617 607.140003204346 732.735328674316 696.490562438965 549.327194213867 735.726463317871 619.959112167358 611.460364818573 619.159544587135 611.068923950195 551.378231048584 722.908585637808 706.84285736084 705.147666931152 693.577159881592 680.984727859497 567.748062133789 684.005386352539 629.347093582153 564.646862030029 555.044898986816 724.941207885742 686.092529296875 688.269241333008 619.605514526367 574.31640625 549.8056640625 663.865428924561 546.16739654541 609.413475036621 561.035751342773 780.228256225586 467.617431640625 657.571338653564 744.001388549805 847.327026367188 608.592056274414 779.763488769531 609.215199947357 622.09744644165 638.487408638 738.475517272949 734.719909667969 488.202789306641
843.33544921875 736.285308837891 617.514545440674 632.669136047363 638.790735960007 484.007202148438 337.651214599609 531.641761779785 794.739151000977 458.791954040527 674.006664276123 881.991165161133 678.59859085083 781.926055908203 664.332187652588 664.511030197144 539.370025634766 618.982479095459 638.294951438904 772.836013793945 654.935005187988 666.451503753662 623.753974914551 722.523239135742 734.46785736084 581.756614685059 705.669013977051 583.073741912842 702.052665710449 761.996444702148 629.704326629639 654.191589355469 528.674606323242 592.461120605469 565.725635528564 1013.33235168457 849.456119537354 603.185340881348 418.936294555664 576.018749237061 634.644186019897 699.611831665039 717.866722106934 756.893653869629 620.952374458313 678.840270996094 722.789947509766 658.891085147858 603.274208068848 430.700622558594
