simdem/realisation28.asc
NCOLS 350 
NROWS 171 
XLLCORNER 152620 
YLLCORNER 418050 
CELLSIZE 100 
NODATA_value -9999 
[rows 0 to 21 of 171, columns 150 to 199 of 350]
659.555027008057 668.212622225285 772.746548056602 -9999 -9999 -9999 -9999 -9999 -9999 -9999 -9999 -9999 -9999 -9999 -9999 -9999 -9999 -9999 -9999 -9999 -9999 -9999 -9999 -9999 -9999 -9999 -9999 -9999 -9999 -9999 -9999 -9999 -9999 -9999 -9999 -9999 -9999 -9999 -9999 -9999 -9999 -9999 -9999 -9999 -9999 -9999 -9999 -9999 -9999 -9999
616.77220916748 598.366561889648 873.670188903809 763.059777736664 627.362762451172 526.619888305664 807.45344543457 -9999 -9999 -9999 -9999 -9999 -9999 -9999 -9999 -9999 -9999 -9999 -9999 -9999 -9999 -9999 -9999 -9999 -9999 -9999 -9999 -9999 -9999 -9999 -9999 -9999 -9999 -9999 -9999 -9999 -9999 -9999 -9999 -9999 -9999 -9999 -9999 -9999 -9999 -9999 -9999 -9999 -9999 -9999
617.22777557373 507.587532043457 838.984008789062 624.316371917725 601.38011932373 714.005226135254 641.960752487183 647.916276931763 711.72087097168 617.432174682617 740.132892608643 726.570995330811 839.146190643311 786.447998046875 -9999 -9999 -9999 -9999 -9999 -9999 -9999 -9999 -9999 -9999 -9999 -9999 -9999 -9999 -9999 -9999 -9999 -9999 -9999 -9999 -9999 -9999 -9999 -9999 -9999 -9999 -9999 -9999 -9999 -9999 -9999 -9999 -9999 -9999 -9999 -9999
530.881853580475 581.330615997314 845.642227172852 642.207319259644 709.448539733887 711.527893066406 650.87412071228 888.048355102539 864.220748901367 846.412628173828 723.099212646484 828.856628417969 715.552642822266 682.486373901367 459.362976074219 533.279991149902 876.86901473999 909.401343345642 874.168784022331 667.461128234863 728.237586975098 727.755065917969 821.48766708374 715.970657348633 673.631858825684 812.119457244873 886.404014587402 748.612327575684 729.2288646698 680.870399475098 825.274043798447 811.557739257812 846.59764289856 906.574974060059 809.933502197266 -9999 -9999 -9999 -9999 -9999 -9999 -9999 -9999 -9999 -9999 -9999 -9999 -9999 -9999 -9999
1045.61939048767 765.978923797607 677.181964874268 893.423742294312 997.408050537109 972.305778503418 996.912399291992 932.894824981689 893.292167663574 868.945190429688 894.149559020996 679.907404899597 747.553699493408 608.332901000977 486.961196899414 592.043395996094 652.453411102295 756.504901885986 759.043503761292 581.745666503906 738.989685058594 795.966060638428 893.808074951172 751.032661437988 713.489204406738 796.12158203125 740.611528396606 804.039199829102 639.167495727539 751.126510620117 828.613448530436 939.275764465332 792.171407699585 788.227264404297 647.477828979492 850.576049804688 513.510818481445 544.41618347168 822.019344329834 683.265258789062 449.410308837891 601.851009368896 631.788867950439 575.132362365723 531.850997924805 570.350509643555 581.321517944336 758.966727375984 788.363357543945 775.37931060791
1034.14029788971 595.776977539062 780.136178970337 1000.2965221405 1211.20757675171 1012.51447677612 956.584022521973 979.702676773071 964.745492935181 997.322343826294 1001.11367183924 667.698478937149 681.927376747131 499.228795051575 646.74543762207 627.352836608887 673.346759796143 723.942855834961 835.325531005859 745.156789779663 814.291923522949 738.058893918991 712.463352203369 624.093360900879 758.130424499512 730.229476928711 645.315599441528 640.290229797363 456.581817626953 605.532516479492 582.423980712891 764.604186296463 823.519416809082 705.287017822266 705.499139517546 614.630187988281 591.778480529785 763.488784790039 791.966247558594 726.058837890625 632.363403320312 557.221519470215 604.506591796875 590.501419067383 489.694793701172 558.747711181641 601.153385162354 676.14386177063 762.957675933838 923.427154541016
1071.2145690918 984.387176513672 732.874038696289 919.90909576416 1026.86015415192 968.871452331543 1013.82229614258 969.009155273438 1001.80941009521 978.794898986816 1088.291888237 794.306629180908 690.391647338867 416.542991638184 835.105140686035 760.977588653564 643.792640686035 642.464710235596 680.026062011719 737.428693771362 887.349334716797 817.084281921387 904.487274169922 743.717769622803 747.974712371826 626.353115081787 696.982986450195 719.814105987549 684.598945617676 773.087898254395 689.304370880127 751.898857116699 662.749668121338 563.72819519043 732.531526565552 893.922866821289 850.656315803528 921.003902435303 932.795574188232 874.532164573669 733.199562072754 772.478740692139 590.754425048828 625.219829559326 513.027038574219 551.268264770508 560.053276062012 754.576110839844 794.371452331543 808.368110656738
911.099304199219 667.918762207031 674.598793029785 854.233726501465 963.821304321289 895.617218017578 735.359710693359 692.833648681641 802.551513671875 893.311233520508 973.266899108887 781.082152366638 835.738945007324 619.284513950348 759.927459716797 782.796092987061 654.428619384766 690.523121833801 815.50842666626 790.395832061768 918.931407928467 1047.70020389557 588.302642822266 742.637649536133 700.286903381348 630.00248336792 673.443758964539 835.27848815918 663.506301879883 807.846548080444 652.699516296387 694.123485565186 707.973556518555 716.114213943481 620.276176452637 851.640226364136 926.847801208496 872.098745346069 730.397903442383 828.594886779785 777.174453735352 768.484024047852 752.296379089355 772.707237243652 676.412109375 807.050201416016 800.872512817383 775.351592063904 700.179746627808 834.53205871582
697.636302947998 613.89510345459 637.309707641602 664.712882995605 975.429374694824 726.643325805664 799.414581298828 649.717102050781 977.584243774414 876.311019897461 610.762268066406 748.991333007812 737.054344177246 796.702008962631 837.228942871094 718.686010360718 767.887001037598 794.031805038452 989.145645141602 964.530235290527 1092.92843437195 1157.33011436462 844.201541900635 732.809158325195 676.601722717285 773.384616374969 755.466772079468 872.432632446289 912.588409423828 856.21453666687 894.996150970459 882.523128509521 736.446521759033 734.052364349365 758.059734344482 923.640289783478 986.627227783203 907.04284286499 893.379234313965 965.317142486572 861.4169921875 679.218475341797 874.283218383789 699.981231689453 801.267955780029 806.084449768066 868.648986816406 665.903594970703 741.977373123169 754.757433891296
593.1767578125 676.649383544922 686.293809890747 615.6572265625 488.07453918457 610.161102294922 365.759948730469 449.365905761719 576.533821105957 597.908882141113 537.504760742188 832.043884277344 716.394020080566 710.508872032166 828.916290283203 1094.70186233521 1031.10360527039 755.667888641357 1168.87397766113 815.907012939453 1100.43296051025 1008.74227905273 1129.65366363525 1179.15602874756 685.325550079346 820.659400939941 629.535980224609 630.277389526367 744.341609954834 773.447639465332 931.307891845703 964.781463623047 737.183027267456 928.010208129883 570.110565185547 1030.68910217285 961.445903778076 803.938705444336 953.130332946777 910.619155883789 736.908554077148 820.749759674072 861.325361251831 645.574813842773 860.892517089844 942.142009735107 911.7822265625 755.455261230469 633.40998840332 783.549285888672
561.902740478516 672.30135345459 805.575614929199 627.281841278076 556.156768798828 456.195083618164 472.301406860352 466.263778686523 539.528793334961 551.625755310059 557.954864501953 672.512802124023 625.862251281738 687.202110290527 660.020086288452 1027.51721191406 1025.30911254883 684.433448791504 1159.91955184937 689.938674926758 882.905654907227 926.071701049805 776.426759719849 1032.6352481842 895.949974060059 1072.97602844238 695.615745544434 674.289268493652 620.827959299088 489.208908081055 665.040580749512 711.383394241333 680.337532043457 691.827346801758 647.244137763977 732.729652404785 846.695683002472 742.889175415039 844.948003768921 986.73038482666 694.210404396057 568.301551818848 837.107234954834 855.978576660156 641.118927001953 1209.34194374084 839.610008239746 1088.29536437988 1395.48364257812 817.41234588623
806.317184448242 626.910232543945 690.214044570923 583.020332336426 561.274345397949 450.641525268555 362.870666503906 448.510055541992 528.60026550293 560.889934539795 504.07014465332 644.996175765991 638.455642700195 943.125267028809 685.314834594727 744.794041752815 849.185955047607 825.950874567032 819.609489440918 607.820037841797 524.350280761719 1063.57734680176 700.08088684082 699.765159606934 777.492568969727 708.38143157959 1216.08162307739 1244.07166385651 1040.43238067627 1277.71266937256 1234.1000289917 764.48514175415 742.889316558838 493.486094474792 672.495643615723 672.684490203857 666.671531677246 566.981262207031 637.638790130615 687.844787597656 674.814903259277 691.039207458496 993.359237670898 633.358894348145 563.08659362793 666.215068817139 574.875122070312 671.563995361328 977.40877532959 843.19119644165
610.384662628174 541.786586761475 701.930528640747 559.805656433105 608.760189056396 623.643524169922 409.625900268555 526.256233215332 691.060872077942 665.75649356842 939.833892822266 726.154586791992 1266.01323127747 830.010963439941 838.109878540039 565.192337036133 657.553979873657 698.872192382812 910.905548095703 599.245712280273 550.377532958984 1012.99725341797 678.825233459473 757.989288330078 719.764778137207 648.578277587891 1020.60938262939 1261.79932403564 697.779342651367 973.515830993652 976.396514892578 694.217529296875 731.26936340332 602.688568115234 636.382427215576 773.818964004517 825.026695251465 584.711486816406 648.687561035156 434.442779541016 578.459915161133 675.399169921875 764.830830574036 661.022815704346 590.343406677246 649.29549407959 793.397678375244 635.563049316406 703.088794708252 866.035202026367
437.700881958008 490.133422851562 557.244052886963 1063.32504272461 787.328948974609 1158.71581077576 992.483050346375 721.672927856445 605.182071685791 644.882595062256 749.713352203369 711.80647277832 641.051441192627 412.657440185547 754.532516479492 538.610511779785 693.033821105957 551.763236999512 761.072441101074 690.33716583252 827.47824215889 729.442192077637 923.572052001953 761.512550354004 634.795562744141 843.211570739746 700.25617980957 844.903240203857 912.372959136963 621.371673583984 1097.97537231445 686.408409118652 531.971519470215 651.538040161133 658.249012947083 747.64924621582 853.512388706207 795.212482452393 517.710655212402 494.371124267578 520.448928833008 710.189140319824 720.147727966309 702.905681610107 697.949848175049 603.423408508301 740.18440246582 733.384536743164 833.528030395508 850.506862640381
986.589973449707 557.748634338379 619.579656600952 575.748825073242 449.467025756836 428.009582519531 620.557746887207 528.904777526855 542.520210266113 716.790950775146 647.761054992676 812.024398803711 738.211498260498 798.203590393066 1218.16276931763 513.335243225098 587.932388305664 557.380588531494 1001.92189025879 745.356674194336 763.664575576782 796.020946502686 938.937361381948 607.174911499023 662.776977539062 740.993438720703 955.788818359375 947.570414543152 975.338035583496 720.05744934082 615.38883972168 924.230575561523 1374.19128036499 783.631052017212 765.332466125488 747.603054046631 744.935291290283 894.9453125 615.98705291748 628.968925476074 644.678981781006 688.360103607178 773.075371742249 550.806259155273 733.208427429199 821.841567993164 673.627502441406 430.917739868164 919.322723388672 675.088264465332
533.364139556885 588.763509750366 572.159553527832 464.581237792969 416.888427734375 334.862396240234 577.703628540039 582.613441467285 511.957717895508 596.327156066895 681.350208282471 742.49104309082 859.582321166992 1274.24106216431 697.834983825684 838.013427734375 694.630378723145 1004.13377380371 809.134656906128 1322.04786682129 1144.69184875488 928.546936035156 1314.59715270996 709.596315383911 915.336605072021 790.527382850647 1086.60566139221 1026.29550170898 825.809371948242 773.99129486084 748.54419708252 704.581178665161 717.259674072266 701.67440032959 664.932685852051 761.630992889404 698.201335906982 634.123275756836 830.424747467041 662.261109352112 791.775985717773 680.783924102783 672.939304351807 608.468936920166 654.571192741394 588.671463012695 676.286413192749 612.823722839355 832.433891296387 760.856964111328
687.468349456787 670.059967041016 549.104064941406 528.205451965332 533.514846801758 537.695724487305 574.484359741211 531.086380004883 621.250915527344 734.839534759521 837.161712646484 674.785926818848 1566.22978210449 1456.93949127197 679.356155395508 778.008735656738 725.017063140869 742.649459838867 844.727722167969 790.524582386017 1079.60810089111 696.347190856934 798.893795013428 559.248603820801 763.371000289917 814.797294616699 1990.76134490967 1022.57121276855 959.41495847702 745.332272529602 948.219791412354 646.074592590332 663.813827514648 1256.12143421173 857.411298751831 662.430961608887 710.150947570801 1074.89301688224 1336.83191490173 659.399862289429 733.953945159912 786.785461425781 844.118179321289 723.960693359375 1009.7198638916 647.469947814941 793.575004577637 704.798927307129 736.397468566895 617.309448242188
638.628419876099 645.218002319336 528.941787719727 684.620162963867 641.272621154785 602.83325958252 682.933498382568 432.680511474609 649.847579956055 704.134357452393 723.984748840332 581.222452640533 602.740783691406 534.345367431641 528.938018798828 790.215026855469 587.085784912109 645.0361328125 602.083343505859 586.104820251465 828.643997192383 679.561141967773 837.593048095703 800.06378364563 867.410171508789 1211.26955413818 878.856567382812 828.026378631592 725.601600646973 847.334133148193 754.247711181641 961.068839073181 965.163164138794 634.890911102295 988.909971237183 700.45460960269 696.721251487732 695.736382901669 768.670448303223 789.167861938477 598.237937927246 704.091152191162 797.291473388672 837.99341583252 716.761730194092 564.078636169434 577.865280151367 630.904243469238 1012.18395233154 602.568923950195
578.06449508667 676.429168701172 672.347282409668 608.371005058289 640.323579788208 508.169845581055 1033.47557830811 793.11701965332 702.507907867432 677.643190979958 674.39185333252 752.221923828125 587.708229064941 498.473297119141 533.564224243164 982.005752563477 1032.79306030273 1121.05445861816 869.157858848572 772.879974365234 678.007503509521 716.166675567627 1058.05402755737 614.651443481445 1215.92964935303 776.048683166504 775.91735458374 878.348693847656 933.261459350586 828.650856018066 795.340398788452 827.21724319458 635.180123329163 599.548210144043 563.923637390137 1284.05490112305 663.903924942017 678.939510345459 744.943809509277 1162.42366027832 676.704468250275 696.094345092773 857.955696105957 1091.55992126465 1270.81764221191 974.411560058594 618.795120239258 696.18994140625 538.718742370605 508.446815490723
620.346416473389 675.877269744873 670.322593688965 686.553176879883 520.753280639648 426.757507324219 784.907926559448 605.077537536621 643.529521942139 583.975326538086 923.25229549408 605.2177734375 487.393692016602 694.544599533081 608.608795166016 493.898208618164 541.766166687012 749.52823638916 702.358366966248 506.980880737305 750.166130065918 724.948173522949 650.027328491211 712.850296020508 893.540065765381 807.691762924194 766.468941688538 1024.88182640076 856.830276489258 542.310470581055 696.706893920898 790.334980010986 836.953544616699 541.325531005859 583.238098144531 614.415069580078 476.054809570312 622.718456268311 840.56819152832 691.353140830994 702.549592256546 582.411741256714 897.683015823364 683.494018554688 691.260177612305 611.738624572754 713.891960144043 531.421119689941 674.24477148056 484.520263671875
483.494483947754 665.908168792725 596.283592224121 524.180286407471 494.545516967773 552.139091491699 782.594932556152 678.767768859863 1343.3453836441 617.988876342773 618.579875946045 616.007843017578 647.843778610229 670.588153839111 720.421745300293 562.897254943848 450.18327331543 574.387252807617 752.274070739746 783.75708770752 793.863189697266 594.936187744141 634.575759887695 805.317459106445 907.774700164795 1028.2388343811 1022.35833740234 732.109222412109 508.906265258789 675.749534606934 644.053913116455 645.525489807129 730.067646026611 636.559593200684 630.511154174805 460.126983642578 673.422508239746 616.778831481934 764.727684020996 863.744812011719 710.648429870605 962.836540222168 1194.68518066406 537.418548583984 506.807983398438 1072.82266235352 552.171295166016 687.553886413574 800.718143463135 932.245452880859
618.017175316811 759.876647949219 654.592420578003 493.382034301758 555.718399047852 588.586231231689 1049.91447353363 515.162506103516 572.458114624023 515.388038635254 533.556205749512 575.184112548828 504.481506347656 985.464752197266 634.206726074219 609.13663482666 783.289985656738 517.839569091797 1032.10374450684 794.232696533203 799.244827270508 1363.88626480103 1173.13160705566 725.794227600098 632.390327453613 1016.35506439209 845.983060836792 678.692012786865 1620.83943557739 611.167694091797 526.75602722168 667.03963470459 583.169402018189 544.040473937988 690.317764282227 720.110298156738 649.363096237183 646.196480751038 735.969715118408 774.398960113525 554.868469238281 686.262689590454 728.553859710693 706.689392089844 607.083305358887 1225.54455471039 523.224609375 555.782699584961 791.892951965332 713.455686569214
