simdem/realisation51.asc
NCOLS 350 
NROWS 171 
XLLCORNER 152620 
YLLCORNER 418050 
CELLSIZE 100 
NODATA_value -9999 
[rows 88 to 109 of 171, columns 0 to 49 of 350]
-9999 -9999 -9999 -9999 -9999 -9999 -9999 -9999 -9999 -9999 -9999 -9999 -9999 -9999 -9999 -9999 -9999 486.529228210449 461.280471801758 294.231863021851 164.015243530273 478.475807189941 492.982662200928 657.611967086792 633.276611328125 772.823768615723 701.210891723633 326.804769515991 763.497360229492 536.244861602783 374.283692836761 440.398372650146 775.499359130859 581.76057434082 650.175750732422 512.51628112793 516.417373657227 701.065286636353 796.904647827148 763.939033508301 863.585510253906 689.769792556763 354.506801605225 154.947158813477 290.39656829834 377.456649780273 563.971778869629 505.192481994629 533.218181610107 225.976318359375
-9999 -9999 -9999 -9999 -9999 -9999 -9999 -9999 -9999 -9999 -9999 -9999 -9999 -9999 -9999 -9999 -9999 354.17342376709 403.21263885498 201.792770385742 272.835105895996 507.918531417847 373.301158905029 583.469844818115 577.957908630371 907.709579467773 664.181119918823 1037.64622116089 578.72046661377 551.908706665039 296.041046142578 574.073683738708 321.978672027588 463.428783416748 567.42008972168 742.308670043945 756.741226196289 749.54468536377 704.698276519775 781.279769897461 989.491821289062 843.379470825195 674.22883605957 443.729469299316 328.720588684082 242.101470947266 638.242691040039 517.98468875885 422.827842712402 369.653793334961
-9999 -9999 -9999 -9999 -9999 -9999 -9999 -9999 -9999 -9999 -9999 -9999 -9999 -9999 -9999 -9999 599.692046165466 528.747791290283 328.493120193481 338.313658714294 488.57152557373 437.583431243896 460.88786315918 381.260047912598 641.325817108154 548.11589717865 511.417472839355 509.236005783081 578.305908203125 282.426765441895 314.022384643555 450.891052246094 211.858657836914 549.042636871338 540.73934173584 590.896547317505 703.25407409668 676.090316772461 650.090339660645 630.562042236328 455.617012023926 625.011184692383 881.856048583984 503.918884277344 383.318967819214 320.570495605469 484.988132476807 370.978324890137 469.532928466797 326.432850837708
-9999 -9999 -9999 -9999 -9999 -9999 -9999 -9999 -9999 -9999 -9999 -9999 -9999 -9999 -9999 -9999 591.142630577087 475.655576705933 576.609001159668 527.254916220903 575.088275909424 780.221908569336 420.738288879395 395.136085510254 464.286956787109 390.48006439209 555.222040176392 434.85986328125 385.554595947266 260.301849365234 510.272338867188 437.830635070801 373.935035705566 374.580017089844 752.621406555176 501.394670009613 754.345726013184 753.755210876465 634.450973510742 238.891333341599 392.837387084961 515.633544921875 509.830749511719 169.960377693176 420.885282516479 213.165225982666 476.323455810547 392.030944824219 452.166198730469 383.647666931152
-9999 -9999 -9999 -9999 -9999 -9999 -9999 -9999 -9999 -9999 -9999 -9999 -9999 -9999 -9999 475.352806091309 590.713716983795 489.214037656784 601.126304626465 498.304800033569 635.836303710938 621.594779968262 632.925933837891 810.715341567993 430.604202270508 467.313323974609 392.058944702148 287.209281921387 492.225807189941 574.871215820312 534.853363037109 716.616142272949 726.213777542114 299.167304992676 737.029121398926 781.149322509766 752.441276550293 634.191215515137 607.277381896973 221.931561470032 338.012329101562 409.747734069824 451.141571044922 114.57096862793 292.945911884308 280.296794891357 353.504432678223 355.70246887207 588.402191162109 467.29736328125
-9999 -9999 -9999 -9999 -9999 -9999 -9999 -9999 -9999 -9999 -9999 -9999 -9999 -9999 -9999 623.086645126343 451.047054290771 484.250198483467 392.963523864746 348.685188293457 569.555380821228 408.876720428467 630.814956665039 592.059204101562 750.256271362305 479.880958557129 458.678657531738 306.007049560547 523.445583343506 402.710731506348 198.111022949219 375.97420501709 414.559808731079 426.409080505371 855.654098510742 730.543235778809 751.573959350586 732.140209197998 726.019847869873 185.634014129639 311.44740486145 401.688346862793 482.829299926758 419.363906860352 219.9469165802 312.618873596191 403.65104675293 397.09375 355.696830749512 447.155014038086
-9999 -9999 -9999 -9999 -9999 -9999 -9999 -9999 -9999 -9999 -9999 -9999 -9999 -9999 577.590268611908 524.108976364136 627.830169677734 409.347869873047 383.510223388672 228.490356445312 494.060350418091 649.193214416504 642.359359741211 728.05415725708 499.93544960022 446.493957519531 474.209487915039 275.481071472168 320.014511108398 420.745939254761 587.349643707275 318.410839080811 231.8984375 275.303100585938 422.18620300293 590.598876953125 608.834407806396 713.167358398438 -9999 -9999 324.188171386719 459.242111206055 159.825912475586 240.115110397339 376.528015136719 500.889633178711 613.966186523438 583.578338623047 320.632087111473 255.388240814209
-9999 -9999 -9999 -9999 -9999 -9999 -9999 -9999 -9999 -9999 -9999 -9999 -9999 -9999 520.235420227051 566.842830657959 519.60898411274 417.997528076172 569.90015411377 544.177509307861 589.777633666992 754.055328369141 509.511444091797 556.76388168335 629.696807861328 643.238159179688 726.824775695801 685.666614532471 661.631500244141 586.728702545166 566.417146682739 202.672439575195 158.270416259766 226.542991638184 320.1214427948 -9999 -9999 -9999 -9999 -9999 -9999 -9999 321.281425476074 259.69762802124 318.627799987793 351.321090698242 390.049476623535 534.911670684814 218.558898925781 314.380477905273
-9999 -9999 -9999 -9999 -9999 -9999 -9999 -9999 -9999 -9999 -9999 -9999 -9999 520.240081787109 585.672912597656 541.806621551514 630.953514099121 212.917717933655 372.020083427429 574.980926513672 737.018501281738 592.371520996094 993.308318138123 544.69800567627 598.926564216614 564.016006469727 599.667875289917 555.278099060059 677.090816497803 740.718326568604 476.335311889648 360.394287109375 402.062330245972 200.591857910156 303.731094360352 -9999 -9999 -9999 -9999 -9999 -9999 -9999 -9999 288.133590698242 426.604370117188 340.632614135742 285.981544494629 355.833741188049 418.065574645996 288.447727203369
-9999 -9999 -9999 -9999 -9999 -9999 -9999 -9999 -9999 -9999 -9999 -9999 -9999 611.220932006836 493.829713821411 446.453729629517 113.759254455566 151.798110961914 296.1794308424 632.170166969299 566.769226074219 418.455793380737 662.041080474854 651.768989562988 626.427139282227 470.541778564453 408.420776367188 567.399532318115 588.168778419495 704.843765258789 379.893943786621 353.187538146973 351.107513427734 522.786170959473 -9999 -9999 -9999 -9999 -9999 -9999 -9999 -9999 -9999 -9999 285.778026580811 333.31086730957 229.830062866211 260.9635887146 391.509407043457 483.701736450195
-9999 -9999 -9999 -9999 -9999 -9999 -9999 -9999 -9999 -9999 -9999 -9999 556.90364074707 556.850479125977 475.129466533661 519.363697052002 604.381441116333 512.896541595459 548.958839416504 727.963790893555 535.182830810547 388.426275253296 572.270888328552 590.296180725098 539.634887695312 570.985494613647 523.54817199707 635.314458847046 720.082359313965 537.224987030029 461.866861343384 532.580688476562 571.565277099609 -9999 -9999 -9999 -9999 -9999 -9999 -9999 -9999 -9999 -9999 -9999 431.041213989258 378.889102935791 245.725383758545 222.68628692627 558.574966430664 739.639846801758
-9999 -9999 -9999 -9999 -9999 -9999 -9999 -9999 -9999 -9999 -9999 468.946120262146 594.546035766602 572.611694335938 410.909383773804 490.382919311523 612.192479133606 720.318326354027 503.104499816895 527.657936096191 401.319396972656 1030.8152961731 462.095458984375 535.724363327026 558.584665298462 597.767118453979 663.810478210449 676.472155570984 682.061653137207 577.846336364746 397.617858886719 415.355567932129 460.771968841553 -9999 -9999 -9999 -9999 -9999 -9999 -9999 -9999 -9999 -9999 -9999 -9999 210.558563232422 277.927494049072 258.282783508301 269.926582336426 508.216270446777
-9999 -9999 -9999 -9999 -9999 -9999 -9999 -9999 -9999 -9999 -9999 544.061931610107 530.230796813965 437.505486011505 428.866092681885 505.746360778809 382.228858947754 635.378093719482 559.730682373047 512.211479187012 590.302528381348 444.631340026855 423.785675048828 436.282180786133 669.03662109375 441.018798828125 584.77507019043 422.539993286133 452.754417419434 468.269432067871 470.052043914795 491.149803519249 -9999 -9999 -9999 -9999 -9999 -9999 -9999 -9999 -9999 -9999 -9999 -9999 -9999 558.234237670898 292.49764251709 334.06937122345 228.072937011719 259.459533691406
-9999 -9999 -9999 -9999 -9999 -9999 -9999 -9999 -9999 -9999 418.477577209473 368.116534233093 320.849876403809 335.320671081543 333.396743774414 643.588851928711 587.206016540527 598.173740386963 551.906715393066 467.620639801025 557.895202636719 518.917533874512 384.737243652344 473.763366699219 742.310974121094 644.720947265625 457.797958374023 514.892990112305 312.04369354248 395.013069152832 323.507377624512 -9999 -9999 -9999 -9999 -9999 -9999 -9999 -9999 -9999 -9999 -9999 -9999 -9999 -9999 -9999 495.010536193848 288.25227355957 93.373046875 154.997634887695
-9999 -9999 -9999 -9999 -9999 -9999 -9999 -9999 -9999 -9999 574.617774963379 410.382520675659 442.697017192841 239.804985046387 277.861335754395 420.237586975098 622.221431732178 389.482196807861 432.82625579834 329.977005004883 418.290702819824 432.134063720703 332.891525268555 454.118682861328 486.452867507935 486.071807861328 485.506511688232 237.446159362793 91.6954498291016 211.455128669739 -9999 -9999 -9999 -9999 -9999 -9999 -9999 -9999 -9999 -9999 -9999 -9999 -9999 -9999 -9999 -9999 -9999 480.719009399414 174.835662841797 265.710506439209
-9999 -9999 -9999 -9999 -9999 -9999 -9999 -9999 -9999 671.390747070312 583.021118164062 471.011611938477 376.365016937256 217.284378051758 302.273468017578 479.681377410889 454.590251922607 478.886764526367 438.167747497559 891.363235473633 425.74275970459 406.818382263184 506.699478149414 664.516990661621 295.601280212402 202.157135009766 372.842281341553 397.490768432617 160.265258789062 224.606355667114 -9999 -9999 -9999 -9999 -9999 -9999 -9999 -9999 -9999 -9999 -9999 -9999 -9999 -9999 -9999 -9999 -9999 -9999 259.695266723633 414.762092590332
-9999 -9999 -9999 -9999 -9999 -9999 -9999 -9999 486.385513305664 437.579007863998 434.393331229687 447.917512893677 446.344153106213 198.319225311279 322.791442871094 523.688856124878 451.624031066895 567.281561374664 449.295705795288 434.636444091797 304.706695556641 376.818115234375 498.782073974609 272.386512756348 148.400985717773 275.874015808105 170.172370910645 425.37353515625 304.005882263184 -9999 -9999 -9999 -9999 -9999 -9999 -9999 -9999 -9999 -9999 -9999 -9999 -9999 -9999 -9999 -9999 -9999 -9999 -9999 -9999 810.060123443604
-9999 -9999 -9999 -9999 -9999 -9999 -9999 -9999 429.392434597015 439.194273471832 400.82088470459 484.601516723633 472.408000946045 446.093162536621 449.0234375 432.466590881348 440.141799926758 422.407093048096 726.561050415039 368.66152381897 416.859085083008 414.84432220459 652.943339347839 195.57250213623 325.604252815247 193.526142120361 272.023782730103 341.594429016113 -9999 -9999 -9999 -9999 -9999 -9999 -9999 -9999 -9999 -9999 -9999 -9999 -9999 -9999 -9999 -9999 -9999 -9999 -9999 -9999 -9999 -9999
-9999 -9999 -9999 -9999 -9999 -9999 -9999 462.538297653198 495.703029632568 421.400568962097 387.77530670166 401.597690582275 464.599391937256 366.996429443359 371.521011352539 442.100540161133 656.740180969238 508.905311584473 443.639804840088 392.117301940918 534.779678344727 598.708755493164 262.513591766357 254.473793029785 164.145606994629 181.684196472168 206.18953704834 252.079557418823 -9999 -9999 -9999 -9999 -9999 -9999 -9999 -9999 -9999 -9999 -9999 -9999 -9999 -9999 -9999 -9999 -9999 -9999 -9999 -9999 -9999 -9999
-9999 -9999 -9999 -9999 -9999 -9999 505.104560852051 542.814834594727 331.779006958008 385.678466796875 391.120613098145 285.861206054688 549.252121925354 526.039276123047 420.453170776367 434.813316345215 278.209350585938 623.904226541519 533.818786621094 319.097396850586 333.15678691864 580.890075683594 542.753875732422 226.843759536743 211.117126464844 221.889554023743 142.737182617188 -9999 -9999 -9999 -9999 -9999 -9999 -9999 -9999 -9999 -9999 -9999 -9999 -9999 -9999 -9999 -9999 -9999 -9999 -9999 -9999 -9999 -9999 -9999
-9999 -9999 -9999 -9999 479.546718597412 564.632606506348 531.105888366699 149.269304275513 230.193706512451 504.575439453125 409.983940124512 425.087661743164 603.519866943359 597.994873046875 413.018539428711 382.386764526367 569.588287353516 366.121929168701 407.734973907471 515.361169099808 484.742652893066 577.755264282227 347.094940185547 115.666736602783 46.1863746643066 217.556703567505 -9999 -9999 -9999 -9999 -9999 -9999 -9999 -9999 -9999 -9999 -9999 -9999 -9999 -9999 -9999 -9999 -9999 -9999 -9999 -9999 -9999 -9999 -9999 -9999
211.955390930176 155.364349365234 271.07966709137 339.047592163086 406.376945495605 503.201564788818 476.132196426392 457.417440414429 316.141693115234 522.080673217773 445.97437286377 324.525680541992 465.43200302124 592.032325744629 393.97233581543 688.164958953857 901.043355941772 292.519798278809 424.187316894531 675.234741210938 554.074908971786 312.650909423828 235.662750244141 199.142097473145 83.0535917282104 76.2815537452698 -9999 -9999 -9999 -9999 -9999 -9999 -9999 -9999 -9999 -9999 -9999 -9999 -9999 -9999 -9999 -9999 -9999 -9999 -9999 -9999 -9999 -9999 -9999 -9999
