simdem/realisation80.asc
NCOLS 350 
NROWS 171 
XLLCORNER 152620 
YLLCORNER 418050 
CELLSIZE 100 
NODATA_value -9999 
[rows 0 to 21 of 171, columns 200 to 249 of 350]
-9999 -9999 -9999 -9999 -9999 -9999 -9999 -9999 -9999 -9999 -9999 -9999 -9999 -9999 -9999 -9999 -9999 -9999 -9999 -9999 -9999 -9999 -9999 -9999 -9999 -9999 -9999 -9999 -9999 -9999 -9999 -9999 -9999 -9999 -9999 -9999 -9999 -9999 -9999 -9999 -9999 -9999 -9999 -9999 -9999 -9999 -9999 -9999 -9999 -9999
-9999 -9999 -9999 -9999 -9999 -9999 -9999 -9999 -9999 -9999 -9999 -9999 -9999 -9999 -9999 -9999 -9999 -9999 -9999 -9999 -9999 -9999 -9999 -9999 -9999 -9999 -9999 -9999 -9999 -9999 -9999 -9999 -9999 -9999 -9999 -9999 -9999 -9999 -9999 -9999 -9999 -9999 -9999 -9999 -9999 -9999 -9999 -9999 -9999 -9999
-9999 -9999 -9999 -9999 -9999 -9999 -9999 -9999 -9999 -9999 -9999 -9999 -9999 -9999 -9999 -9999 -9999 -9999 -9999 -9999 -9999 -9999 -9999 -9999 -9999 -9999 -9999 -9999 -9999 -9999 -9999 -9999 -9999 -9999 -9999 -9999 -9999 -9999 -9999 -9999 -9999 -9999 -9999 -9999 -9999 -9999 -9999 -9999 -9999 -9999
-9999 -9999 -9999 -9999 -9999 -9999 -9999 -9999 -9999 -9999 -9999 -9999 -9999 -9999 -9999 -9999 -9999 -9999 -9999 -9999 -9999 -9999 -9999 -9999 -9999 -9999 -9999 -9999 -9999 -9999 -9999 -9999 -9999 -9999 -9999 -9999 -9999 -9999 -9999 -9999 -9999 -9999 -9999 -9999 -9999 -9999 -9999 -9999 -9999 -9999
-9999 -9999 -9999 -9999 -9999 -9999 -9999 -9999 -9999 -9999 -9999 -9999 -9999 -9999 -9999 -9999 -9999 -9999 -9999 -9999 -9999 -9999 -9999 -9999 -9999 -9999 -9999 -9999 -9999 -9999 -9999 -9999 -9999 -9999 -9999 -9999 -9999 -9999 -9999 -9999 -9999 -9999 -9999 -9999 -9999 -9999 -9999 -9999 -9999 -9999
449.751508712769 545.68564414978 655.874900817871 547.119094848633 884.825668334961 -9999 -9999 -9999 -9999 -9999 -9999 -9999 -9999 -9999 -9999 -9999 -9999 -9999 -9999 -9999 -9999 -9999 -9999 -9999 -9999 -9999 -9999 -9999 -9999 -9999 -9999 -9999 -9999 -9999 -9999 -9999 -9999 -9999 -9999 -9999 -9999 -9999 -9999 -9999 -9999 -9999 -9999 -9999 -9999 -9999
574.696220397949 493.558422088623 461.893072605133 532.417499542236 725.639846801758 812.705184936523 583.37915802002 826.484252929688 599.645622253418 671.15372467041 -9999 -9999 -9999 -9999 -9999 -9999 -9999 -9999 -9999 -9999 -9999 -9999 -9999 -9999 -9999 -9999 -9999 -9999 -9999 -9999 -9999 -9999 -9999 -9999 -9999 -9999 -9999 -9999 -9999 -9999 -9999 -9999 -9999 -9999 -9999 -9999 -9999 -9999 -9999 -9999
895.052591323853 432.95739364624 542.525512695312 493.18536567688 680.273857116699 824.522079467773 573.876678466797 506.410921096802 435.779453277588 476.09601020813 529.148002624512 492.587173461914 464.084381103516 485.506393432617 605.635407686234 782.380233764648 927.409210205078 682.216255187988 1013.13375854492 888.417037963867 1011.00074005127 896.838140487671 840.403232574463 981.091125488281 974.892585754395 1021.10269927979 968.806030273438 978.689102172852 944.408407211304 1016.74297332764 1007.98963928223 1040.24230957031 641.617347717285 737.778358459473 776.04313659668 874.402132987976 1120.99111175537 878.172088623047 744.737548828125 -9999 -9999 -9999 -9999 -9999 -9999 -9999 -9999 -9999 -9999 -9999
796.396377563477 722.736877441406 566.095764160156 604.477645874023 947.543888092041 1019.43192052841 1295.75503540039 586.973922729492 502.920944213867 430.408056259155 552.486129760742 528.279083251953 375.904327392578 355.12100982666 451.749176025391 518.822597503662 685.593994140625 509.914615631104 855.738390922546 888.840404510498 921.842445373535 819.296576023102 921.455924987793 985.359481811523 973.149353027344 857.966012954712 888.790454864502 769.884468078613 732.114852905273 893.636186599731 781.253791809082 752.535797119141 662.16553401947 575.471450805664 698.950836181641 663.218391418457 950.264617919922 1085.89582061768 674.483551025391 650.791938781738 810.727088928223 1111.02848815918 1154.86976623535 871.637603759766 789.70306968689 -9999 -9999 -9999 -9999 -9999
947.977903366089 926.641418457031 879.18180847168 667.05931854248 1031.94527244568 998.791933059692 1170.68915557861 1226.12886810303 1121.9137878418 748.314717769623 739.684989929199 801.907913208008 440.733341217041 490.305227279663 575.104827880859 439.711343765259 423.356048583984 479.933324813843 775.939559936523 902.359222412109 765.796730041504 863.106769561768 846.604972839355 907.929573059082 881.369659423828 832.628312110901 932.363395690918 810.751588821411 813.792232513428 898.749534606934 896.24584197998 922.200523376465 689.750459671021 705.936256408691 640.975723266602 737.160726547241 989.783660888672 988.952255249023 341.452819824219 531.23469543457 766.905462265015 1034.60595321655 903.620109558105 863.962177276611 811.838859558105 1209.68298339844 558.143539428711 -9999 -9999 -9999
779.354209899902 683.252418518066 1003.83058547974 1197.81204986572 1111.81297111511 1132.91638088226 1139.42088317871 1046.93886566162 877.663673400879 682.516937255859 680.373107910156 581.427841186523 476.479568481445 375.378860473633 488.927505493164 496.693695068359 579.661209106445 646.647216796875 776.357845306396 860.867378234863 813.712333679199 1044.87329387665 597.526626586914 616.965538024902 669.240211486816 711.340698242188 782.226430892944 772.321166992188 806.432861328125 909.17147064209 766.31156539917 951.040725708008 771.695381164551 663.42505645752 629.096221923828 634.098600387573 607.124339580536 782.988174438477 749.318572998047 522.170936584473 852.982444763184 869.215385437012 789.71116065979 796.288751602173 679.311988830566 1235.34881782532 899.126894950867 1379.85307121277 673.166885375977 -9999
989.402633666992 1066.73596954346 960.665157318115 1096.83269500732 1050.42993927002 1123.41547197104 1073.22312164307 1142.95052194595 1009.87361335754 828.2282371521 931.59733581543 689.579864501953 559.264701843262 573.842163085938 554.763958930969 578.339141845703 625.661239624023 802.383058547974 837.68874168396 908.46720123291 721.230453491211 941.177474975586 581.533897399902 627.95569229126 777.846388816833 697.062377929688 682.287666320801 722.632797241211 796.574460983276 674.29508972168 730.422134399414 782.803451538086 836.335006713867 777.463554382324 654.342674255371 567.81717300415 515.955375671387 940.289302110672 876.525985717773 784.818710327148 582.845603942871 749.319290161133 806.165863037109 823.109965324402 795.517887115479 963.80061340332 810.088288456202 1316.16131019592 729.823318481445 788.98991394043
881.644071578979 888.050275564194 1051.32838439941 881.998783111572 603.863899230957 975.606170654297 670.397020339966 761.353973388672 979.011226654053 906.003009796143 902.660331726074 766.21990776062 852.436515808105 635.037366867065 785.638027191162 783.727149963379 855.16361618042 882.043731689453 953.913116455078 1114.44242095947 981.143535614014 1067.80557250977 723.906311035156 658.125885009766 804.321125030518 939.522956848145 824.176727294922 764.527084350586 893.715745925903 828.501564025879 830.202812194824 760.4580078125 862.457939147949 707.182117462158 728.220149993896 668.976009368896 710.682086229324 1051.60314083099 1017.75743865967 834.787292480469 625.743438720703 719.664733886719 602.64200592041 1113.2133026123 1106.80484008789 738.599563598633 718.858390808105 757.483140945435 832.271331787109 832.977144241333
800.228713989258 766.498023986816 772.273254394531 653.848643302917 608.032051086426 614.705684661865 712.119659423828 746.071487426758 1018.2361843586 941.403182983398 933.003486633301 937.774921417236 921.606918334961 946.208099365234 896.766181945801 1457.84926605225 902.258600234985 740.88737487793 870.529426574707 1299.30326461792 962.777904510498 1346.50936508179 834.125106811523 582.700927734375 730.381553649902 755.947444915771 768.564849853516 749.505821228027 970.638758659363 930.835380554199 794.157119750977 880.426847457886 946.598316192627 864.249412536621 869.559753417969 1041.89419937134 898.106536865234 1093.18128204346 1038.69597816467 806.638076782227 708.794269561768 569.435363769531 608.071922302246 1030.96253967285 1030.2529296875 833.246231079102 943.664981842041 723.582538604736 682.912170410156 1156.25151824951
684.551637649536 653.162787437439 874.600051879883 724.983665466309 741.952754974365 623.504196166992 626.580364227295 672.065902709961 777.834487915039 763.333560943604 1027.21739578247 1109.62379455566 1453.69612121582 744.848410606384 746.376998901367 740.879043579102 654.159004211426 705.115943908691 717.458717346191 1338.99796867371 863.183822631836 797.960033416748 715.184814453125 1063.01245880127 698.028860092163 814.647556304932 691.501892089844 829.33186340332 759.432800292969 821.121612548828 958.604621887207 939.38078892231 795.518558502197 921.683479309082 930.487869262695 848.814849853516 1030.4174118042 956.526569366455 852.546333312988 824.076499938965 1044.03372573853 979.932258605957 1120.37331390381 1166.23630523682 1116.04147338867 988.931301355362 934.506938934326 850.592758178711 865.207424163818 1116.24017715454
599.516693115234 621.441413879395 705.477825164795 743.655715942383 822.61047744751 662.597400665283 679.882472991943 801.934707641602 739.442306518555 662.794118881226 722.599040985107 705.01121711731 798.286570549011 784.783485412598 848.152229309082 782.251777648926 688.724807739258 690.139835357666 769.207398414612 811.05177116394 736.207572937012 825.051528930664 743.335166454315 627.973495483398 803.069887161255 755.427146911621 690.704605102539 867.983826637268 693.635627746582 876.317440032959 839.492007255554 1028.38299560547 860.086330413818 788.534008026123 891.344741821289 762.133445739746 853.480087280273 834.217491149902 980.12622833252 983.196430206299 917.672548294067 967.333431243896 896.899276733398 896.565269470215 1106.21666717529 1145.01164245605 1065.87649536133 1061.96929931641 1033.14767456055 953.051475524902
816.632019042969 711.859874725342 811.437793731689 742.30598449707 834.793564319611 726.724685668945 708.395322799683 735.84141254425 776.487712860107 711.667028427124 1094.85012817383 942.272518157959 704.782413482666 837.280120849609 701.346084594727 614.673736572266 583.562896728516 770.711311340332 769.046295166016 680.831287384033 707.253803253174 636.022384643555 788.845460891724 799.877025604248 725.82489490509 764.92798614502 890.584403991699 1297.40152072906 834.623252868652 799.922485351562 928.874787330627 997.778472900391 763.906925201416 885.420804977417 826.183673858643 804.77424621582 836.072944641113 840.44734954834 799.179611206055 909.442945480347 883.76068687439 928.51878786087 1039.02543640137 934.067318916321 1023.01937103271 929.349281311035 1036.91135215759 1052.13141965866 1011.37342071533 863.105213165283
426.4130859375 605.05004119873 1398.22906494141 590.904083251953 650.044025421143 732.220146179199 840.779861450195 807.686904907227 857.106155395508 783.679691314697 924.998504638672 607.414672851562 727.119054794312 684.137351989746 616.245208740234 797.434871673584 820.377113342285 703.377452850342 733.658613204956 635.599006652832 511.040237426758 847.130786895752 668.964729309082 637.223876953125 639.508079528809 699.469776153564 846.318267822266 811.997360229492 717.583713531494 805.282018661499 1090.58232879639 831.87092590332 599.635879516602 1178.84608459473 711.755706787109 604.209899902344 649.044471740723 823.831762313843 781.812126159668 825.172355651855 760.322938919067 786.533753395081 824.349147796631 1028.31593322754 952.326316833496 1060.02661132812 969.944444656372 969.301956176758 893.701732635498 1021.99238586426
879.637603759766 467.840637207031 1396.66326141357 1187.64144706726 614.442008972168 779.811222076416 819.429756164551 696.913552761078 1205.65801239014 851.414779663086 840.350799560547 578.47061920166 673.865665435791 737.729679107666 657.872489929199 831.683628082275 768.354019165039 843.054214477539 747.351692199707 603.028549194336 562.446731567383 629.096252441406 646.051452636719 659.821029663086 617.407985687256 777.257827758789 756.540855407715 709.574649810791 804.296211242676 796.977893829346 640.453330993652 728.125465393066 557.181274414062 711.359592437744 706.118856430054 1128.45997619629 448.953735351562 614.607284545898 629.577865600586 679.387100219727 812.511737823486 790.418098449707 755.188201904297 824.545581817627 766.709342956543 827.373357772827 719.347885131836 847.564949035645 933.741317033768 1162.82448577881
721.606324195862 667.772247314453 917.275672912598 835.862567901611 1107.24732971191 1517.93356323242 964.968830108643 794.636497497559 709.394027709961 658.882732391357 741.844692230225 704.943668365479 643.43151473999 756.876754760742 776.125804901123 720.257026672363 699.372137546539 752.799619674683 680.762456893921 589.71467590332 720.315680503845 737.937637329102 685.412655830383 613.040679931641 707.796546936035 865.710609436035 741.140390396118 764.833198547363 695.920166015625 594.154159545898 761.008123397827 524.384414672852 751.906851053238 733.331939697266 723.429862976074 706.093376159668 585.139663696289 1079.84910583496 672.466125488281 707.87028503418 607.728042602539 725.53137588501 676.761764526367 828.348922729492 715.597671508789 664.891296386719 804.216087341309 945.868667602539 927.004402160645 953.086803436279
706.065939545631 783.720481872559 816.019104003906 777.21830368042 726.952097892761 736.291343688965 756.404541015625 750.737548828125 602.682891845703 629.912506103516 688.983139038086 684.388601779938 772.134323120117 753.935020446777 847.668601989746 863.474334716797 661.297317504883 657.928630828857 573.104316711426 617.180885314941 583.313339233398 651.665143013 649.563335418701 669.538664579391 825.09635925293 795.024795532227 742.003987312317 664.489562988281 825.683921813965 580.816070556641 633.691062927246 699.392539978027 768.25904083252 766.396680831909 736.019649505615 747.058210372925 627.911224365234 722.470378875732 692.003463745117 1164.24903392792 1164.35797119141 665.198471069336 626.276596069336 696.603157043457 685.559127807617 688.909713745117 757.30185508728 1072.92161560059 1133.73066329956 807.246578216553
833.324737548828 787.171432495117 646.724910736084 664.924049377441 596.763259887695 733.729564666748 751.432571411133 746.418636322021 677.481229782104 703.140144348145 739.318183898926 653.133679389954 693.799753189087 733.028060913086 751.599365234375 738.664602279663 721.510591506958 723.234977722168 554.526962280273 589.972053527832 556.606292724609 785.174392700195 814.434921264648 789.40731048584 644.326374053955 700.909932374954 700.596710205078 713.286529541016 703.292400360107 812.503032684326 904.128524780273 755.019495725632 693.366794586182 835.273216247559 770.446508407593 836.881820678711 581.700607299805 664.278511047363 766.932147026062 736.566764831543 677.304138183594 597.212783813477 709.409908294678 765.573837280273 659.658042907715 797.261096954346 827.157691001892 803.419677734375 865.564849853516 926.664588928223
