simdem/realisation61.asc
NCOLS 350 
NROWS 171 
XLLCORNER 152620 
YLLCORNER 418050 
CELLSIZE 100 
NODATA_value -9999 
[rows 66 to 87 of 171, columns 150 to 199 of 350]
411.436813354492 448.584808349609 501.089874267578 568.961304664612 523.627235412598 459.285957336426 480.737800598145 416.003517150879 501.419097900391 600.085025787354 535.430271148682 587.891892433167 615.486999511719 715.925384521484 626.863357543945 513.700393676758 484.194633483887 580.086570739746 528.770668029785 592.845613479614 742.751159667969 494.408500671387 438.7841796875 450.177879333496 576.066188812256 571.248046398163 614.263313293457 623.763862609863 535.573123931885 474.245712280273 583.730224609375 513.756034851074 433.153228759766 523.344680786133 445.992294311523 702.040458679199 593.454675674438 650.761047363281 533.425407409668 572.465717315674 619.917490959167 656.650833129883 559.762935638428 748.584335327148 761.219375610352 702.186614990234 642.868969917297 624.008140563965 689.406852722168 788.066421508789
444.898025512695 495.127426147461 597.077423095703 588.748096466064 484.292003631592 635.851699829102 527.793581008911 443.835235595703 677.401229858398 537.017822265625 394.240386962891 483.084129333496 624.80436706543 616.241596221924 522.841457366943 651.958618164062 578.99435043335 697.285339355469 573.440317153931 542.070388793945 487.505493164062 572.982603549957 447.734024047852 451.775535583496 358.033386230469 444.422103881836 391.300552368164 606.526155471802 520.194179534912 574.086605072021 553.008323669434 549.702722549438 551.856307983398 471.024475097656 381.736083984375 497.195213317871 637.453857421875 556.778594970703 601.237823963165 504.28197479248 591.128680229187 512.162788391113 621.925909519196 680.914747238159 749.046493530273 612.260391235352 639.456379413605 534.434356689453 731.256759643555 708.899635314941
514.66535949707 449.6884765625 674.747970581055 525.079723358154 522.883790016174 499.847259521484 441.467590332031 576.211130142212 570.054090499878 623.035701751709 566.830606937408 492.4245262146 616.74471282959 636.483058929443 671.953300476074 660.40705871582 548.181920051575 584.736352920532 536.937097549438 457.332160949707 579.180949091911 556.567956924438 474.822792053223 433.011497497559 611.063073158264 545.774326324463 373.798309326172 552.02604675293 633.063865661621 624.390308380127 644.007736206055 808.146499633789 645.211826324463 536.170631408691 639.754611968994 615.123465538025 716.05012512207 754.052154541016 558.454093933105 591.654651641846 593.006554603577 857.118408203125 719.222282409668 653.643314361572 659.084175109863 629.527618408203 556.755973815918 422.255874633789 622.170937538147 575.509685516357
456.8271484375 433.841835021973 550.680564880371 682.494094848633 551.11351776123 506.451103210449 514.494003295898 502.966537475586 490.172607421875 587.88284778595 704.740097045898 652.641639709473 534.098802566528 668.842323303223 590.050401687622 620.672897338867 575.32008934021 729.73713684082 587.681896209717 597.314384460449 547.043336868286 429.649032592773 459.055511474609 545.717834472656 704.637542724609 664.457077026367 560.683536529541 566.116914272308 628.252811431885 561.92142868042 571.093443870544 839.537796020508 607.948878288269 594.730733990669 562.40779876709 640.429306030273 828.338623046875 708.651924133301 657.651828765869 568.303544998169 731.457427978516 671.790824890137 702.515060424805 566.193695068359 587.589305877686 561.632694244385 608.577651977539 499.442962646484 690.131233215332 650.495677947998
441.437469482422 555.901328086853 481.514999389648 616.016269683838 521.329694747925 557.310117721558 478.764602661133 370.491622924805 497.577705383301 571.464241027832 681.975631713867 729.799392700195 639.717842102051 592.412063598633 648.570487976074 661.845611572266 689.434036254883 552.432909011841 583.615376591682 583.586916923523 624.956565856934 445.922424316406 401.465728759766 647.01195526123 673.039747238159 572.201169967651 535.502025604248 588.290457725525 590.33549118042 590.704420089722 552.241497039795 584.140580177307 451.601654052734 525.818416595459 518.982002258301 610.202579498291 813.355056762695 526.964965820312 615.30450630188 578.079267501831 643.580764770508 593.268305301666 621.801136016846 542.742805480957 517.781509399414 629.117418289185 621.820373535156 656.405139446259 691.774765014648 604.97606086731
448.676712036133 590.69567489624 579.897521972656 565.871269226074 534.378708839417 637.91529083252 456.905418395996 527.446384429932 568.429853439331 657.913269042969 676.454864501953 645.24885559082 553.985195159912 532.006479263306 593.757940292358 695.198379516602 429.933624267578 584.063098907471 575.39297786355 529.82018661499 561.334175109863 251.926666259766 527.674476623535 521.496078491211 523.542671203613 467.779510498047 550.964286804199 574.554772853851 610.069314002991 491.956871032715 599.145514130592 667.801734924316 595.55995965004 663.580753326416 545.07052230835 612.479997634888 622.782047271729 548.428646087646 650.005561828613 605.443071365356 489.108528137207 668.655529022217 557.706539154053 614.786083221436 588.985006332397 672.80069732666 656.311183929443 689.684955596924 644.844863891602 556.583965301514
699.87890625 711.443649291992 607.114433288574 456.29500579834 513.492198944092 590.042358398438 427.857650756836 344.260391235352 622.828369140625 566.678805351257 606.631393432617 544.291715621948 524.829685211182 496.967338562012 541.296997070312 679.589660644531 665.774482727051 598.572386741638 584.476390838623 534.273475646973 478.260078430176 326.418060302734 530.980247497559 542.746566772461 557.230804443359 508.094589233398 581.321929931641 577.282711029053 628.052265167236 626.984134674072 674.412048339844 757.264144897461 725.053588867188 623.299491882324 644.270000457764 545.100845336914 573.46590423584 613.933578491211 563.731685638428 480.173431396484 529.62540435791 679.758804321289 680.054183959961 667.512298583984 661.519760131836 568.211490631104 626.370815038681 675.303764343262 665.790073394775 728.256233215332
580.68218421936 498.239482879639 446.361122131348 491.06649017334 497.399810791016 643.979644775391 637.653823852539 583.318572998047 540.233203887939 462.165702819824 440.569496154785 515.963890075684 510.052169799805 530.716732025146 671.577209472656 698.864433288574 635.539966583252 656.522632598877 575.022052764893 491.678535461426 465.719116210938 454.215881347656 554.32389831543 520.291259765625 537.273147583008 625.783939361572 527.817512512207 626.33703994751 472.15364074707 559.597660064697 738.464797973633 716.369529724121 711.68017578125 776.7734375 693.473487854004 677.768211364746 554.683326721191 568.188528060913 488.55931854248 416.900314331055 537.984157562256 672.753616333008 633.01859664917 621.067653656006 625.875499725342 631.164596557617 598.859362125397 588.524899721146 763.856567382812 706.984554290771
509.054553985596 406.600189208984 418.167068481445 538.764108657837 382.873611450195 631.040760040283 623.257137298584 506.390243530273 579.624408721924 620.50098991394 439.992263793945 542.872060775757 512.013710021973 560.200284004211 527.800724029541 596.67187166214 485.120834350586 578.002080917358 538.434413909912 479.716537475586 477.858703613281 556.125473022461 639.304823637009 338.413879394531 531.847259521484 521.126953125 502.35230255127 542.540596008301 527.081970214844 503.721992492676 590.998948335648 587.306238174438 602.335776329041 674.402236938477 714.318473815918 671.757690429688 666.953163146973 635.996570587158 540.469409942627 507.118835449219 517.422142028809 636.102470397949 709.004692077637 517.944313049316 710.59009552002 645.116744995117 628.863515853882 632.276050567627 643.491962432861 547.035079956055
886.897651672363 551.33646774292 542.506496429443 548.559574127197 439.485061645508 531.484558105469 566.00901889801 587.097648620605 602.569534301758 663.380561828613 670.011878967285 489.997337341309 488.147491455078 674.835159301758 606.145095825195 626.977169752121 670.796733856201 610.351759910583 628.249114513397 610.173160672188 629.80322265625 483.230735778809 586.999183654785 633.934194564819 657.873531341553 539.11515045166 460.910583496094 465.254165649414 505.453727722168 460.426742553711 541.781070709229 714.680610656738 622.90287399292 723.90592956543 612.763774871826 667.100738525391 572.504814147949 633.916732788086 467.596603393555 519.453918457031 634.745216369629 637.88053894043 643.884815216064 554.613891601562 552.574756622314 690.194541931152 676.100090026855 627.522407531738 604.02439904213 623.070111274719
656.704446792603 764.635833740234 767.833862304688 854.507827758789 444.08137512207 565.065664380789 547.756076812744 582.458336830139 620.759918212891 565.816935062408 607.697101593018 641.615371704102 645.926948547363 670.799903869629 683.967575073242 607.16072511673 728.585052490234 597.605960845947 530.083972930908 618.723116159439 662.805494308472 673.33966255188 688.259902954102 617.780992031097 619.090888977051 555.228481292725 557.690174102783 570.423080444336 615.630291461945 576.838148117065 479.541946411133 636.073287963867 644.53999710083 591.295595169067 587.741766452789 564.059108734131 525.38907623291 464.16641998291 575.285029411316 408.423355102539 638.08683013916 485.92561340332 554.153678894043 541.472682952881 564.251045227051 642.622917175293 580.265800476074 529.773567199707 593.211312294006 647.464084625244
526.235424041748 581.059995651245 568.025657653809 563.452037811279 489.602653503418 724.603681564331 490.43822479248 588.916742324829 437.197280883789 473.477569580078 662.25439453125 450.988929748535 624.191623687744 644.098888397217 529.240852355957 523.915687561035 471.671203613281 476.44450378418 624.323041915894 780.892730712891 713.959579467773 614.854616165161 659.999618530273 511.121826171875 790.974496841431 778.807047843933 525.813461303711 645.2955493927 559.221759796143 642.841689348221 504.577293395996 584.73738861084 459.799987792969 562.472806930542 545.737957000732 550.626209259033 524.570487976074 586.705596923828 585.779029846191 576.650705337524 531.691604614258 703.308113098145 727.680480957031 776.272064208984 508.697143554688 642.911060333252 609.63222694397 632.136232376099 493.163108825684 678.439582824707
601.069862365723 584.396472930908 555.448524475098 507.055877685547 519.980880737305 521.345321655273 539.371746063232 475.173484802246 643.619895935059 541.159255981445 516.862892150879 672.917709350586 602.793340682983 553.68839263916 650.41402053833 551.153045654297 570.514530181885 541.062301635742 666.307826042175 760.436172485352 632.946838855743 524.780693054199 428.983795166016 453.334205627441 508.609405517578 622.498264312744 492.300399780273 566.773834228516 545.962684631348 563.442878723145 619.911743164062 630.225631713867 472.946914672852 592.59862947464 605.513590812683 579.643976211548 647.343696594238 661.973503112793 544.772380828857 650.102783203125 612.029546737671 686.660087585449 678.753791809082 805.824401855469 668.143615722656 642.251194000244 568.007169723511 615.203881263733 591.894006729126 588.544507980347
746.854919433594 464.321590423584 668.778854370117 791.723197937012 640.604022979736 579.739374160767 658.949680328369 653.945709228516 644.988474845886 576.999252319336 449.531005859375 618.702445983887 548.484563827515 612.503643035889 851.160387039185 621.47748374939 813.206008911133 861.833633422852 785.565872192383 666.200580596924 572.07901763916 548.051109313965 414.546447753906 372.154403686523 639.277198791504 683.350227355957 622.192145109177 626.165597915649 577.556777954102 609.660228729248 607.758995056152 613.569995880127 745.60892868042 778.124687194824 513.545783996582 670.416275024414 677.410751342773 508.256874084473 621.979711532593 720.875511169434 708.285537719727 585.114368438721 642.182392120361 795.831008911133 724.637367248535 603.251507759094 634.268732070923 489.349075317383 550.174919128418 589.971397399902
583.282089233398 507.120895385742 667.157287597656 820.702083587646 624.108646392822 601.078235626221 625.334056854248 657.786994934082 697.301372528076 534.199203491211 478.294883728027 702.663963317871 675.144908905029 987.463317871094 947.460472106934 700.759395599365 689.441070556641 844.503982543945 696.252418518066 709.419425964355 581.61296081543 655.496459960938 462.316345214844 510.647537231445 625.188499450684 649.393689632416 730.782417297363 724.796264648438 684.766180038452 551.34001159668 734.637588500977 629.870990753174 536.729141235352 627.898237228394 733.029739379883 677.200401306152 629.29701423645 506.744430541992 508.114479064941 518.082176208496 590.726315498352 613.626611709595 709.576324462891 596.013511657715 634.272228240967 719.573928833008 733.299751281738 637.558249473572 582.948719024658 610.313592433929
688.288450241089 806.762496948242 582.703254699707 905.317837715149 663.694114685059 675.5569242239 612.323225736618 572.873573303223 526.081741333008 515.05387878418 651.898542404175 1108.83200073242 642.55668258667 886.178104400635 747.982475280762 695.974018335342 730.257518768311 863.582275390625 733.408706665039 674.987234115601 670.378488540649 612.310597419739 589.62094783783 529.641237258911 664.782020568848 639.087366104126 648.509913921356 726.147094726562 780.660942077637 767.914375305176 669.82506942749 628.272114753723 531.940208435059 565.772552490234 657.801580429077 627.53316116333 646.6379737854 592.726438999176 603.179292440414 554.779266357422 632.698608398438 705.506744384766 667.395214080811 603.649324417114 598.290279388428 619.951026439667 581.55294418335 720.392807006836 655.136232376099 648.188823699951
649.217084407806 612.666633605957 606.269193649292 760.119525909424 806.603688240051 625.218627929688 719.739513397217 786.807800292969 605.884346008301 891.817642211914 500.927040100098 461.77222442627 687.005798339844 543.80793762207 494.923080444336 613.308277130127 683.96883392334 832.990478515625 980.948944091797 784.090507507324 795.7412109375 610.535357475281 650.197732925415 606.701614379883 569.912105560303 806.572113037109 763.854721069336 793.573043823242 809.432571411133 665.266628265381 754.73405456543 776.301345825195 569.787792205811 611.942844390869 707.174499511719 609.739009857178 378.005706787109 556.583473205566 689.403472900391 538.456573486328 465.103179931641 685.356781005859 639.154562473297 630.584833621979 390.635986328125 470.167495727539 725.919303894043 577.609497070312 773.849243164062 648.741290092468
645.227085113525 501.457054138184 540.698875427246 610.203483581543 807.169555664062 632.571670532227 530.623233795166 827.927735328674 489.140357971191 775.533264160156 427.190990447998 393.294815063477 511.313591003418 553.798233032227 464.108508192003 470.748839855194 742.187423706055 750.014015197754 860.774078369141 1067.44705200195 637.4365234375 645.715484619141 601.063163757324 466.375030517578 670.515463232994 674.532767295837 706.505458831787 851.694152832031 771.645950317383 778.432083129883 859.493194580078 675.158996582031 684.950675964355 657.165397644043 550.810646057129 571.347785949707 598.391787528992 510.752967834473 572.519758224487 631.628830909729 528.393028259277 756.798431396484 528.878570556641 575.125434875488 742.135566711426 592.544227600098 571.155387878418 616.744209289551 826.284469604492 835.778396606445
529.992599487305 593.334344863892 415.170669555664 352.857322692871 432.276275634766 529.824424743652 425.164318084717 627.84398651123 562.393287658691 602.48455619812 468.905990600586 445.693267822266 502.831512451172 626.478650569916 545.146667480469 610.912466049194 610.214111328125 616.55647277832 635.940956115723 1013.58326721191 567.426452636719 615.242244720459 834.671617507935 808.503021240234 641.979276657104 615.214088439941 709.859840393066 721.804943084717 651.453530311584 624.036631584167 763.080627441406 796.427688598633 904.015930175781 635.465801239014 702.944667816162 739.41943359375 615.548689365387 618.601274192333 602.244184494019 562.425540924072 594.661472320557 685.238981246948 577.004371643066 620.833950042725 590.793788909912 641.459159851074 721.173454284668 674.405055999756 705.270156860352 737.352249145508
506.277536392212 306.573333740234 619.576327562332 629.813424110413 619.60675573349 528.188671112061 419.217506408691 588.842247009277 823.083740234375 843.552307128906 676.359455108643 726.372272491455 679.976783752441 661.566970825195 738.850188672543 685.03279876709 523.062049865723 666.450355529785 576.394676208496 740.194816589355 612.611086845398 625.220397949219 783.774291992188 634.86163520813 857.78385925293 680.660322189331 582.190200805664 704.811729431152 523.495788574219 391.935012817383 530.455364227295 669.918678283691 833.05623626709 762.38330078125 741.585548400879 658.652002334595 644.008739471436 646.540740966797 692.232963562012 669.743740081787 722.072525024414 577.542518615723 529.955581665039 582.00602722168 520.187210083008 695.368574142456 715.337924957275 693.137247085571 670.11686706543 632.864097595215
479.047748565674 555.689666748047 731.114025115967 793.234252929688 -9999 -9999 -9999 -9999 -9999 -9999 -9999 -9999 -9999 -9999 -9999 790.752418518066 732.727741241455 625.655433654785 660.324119567871 532.411552429199 698.881904602051 691.599353790283 627.543591499329 556.085975646973 690.44081145525 718.490409851074 1019.42947387695 560.900985717773 479.863189697266 840.837532043457 410.480392456055 663.280296325684 692.276248931885 708.79740524292 635.451969146729 652.721723556519 588.534423828125 664.022819519043 542.247940063477 643.456768035889 669.450664520264 727.073390960693 503.448928833008 612.321022033691 710.450263977051 723.728110313416 818.704406738281 782.522575378418 670.922133922577 663.512723207474
-9999 -9999 -9999 -9999 -9999 -9999 -9999 -9999 -9999 -9999 -9999 -9999 -9999 -9999 -9999 -9999 -9999 -9999 537.698089599609 850.781433105469 709.803092956543 739.741971254349 588.414932250977 401.664169311523 560.834224700928 573.08385848999 673.612482070923 568.602760314941 487.123596191406 437.915588378906 562.037870407104 1020.85116767883 697.204845428467 670.241868138313 743.273620605469 610.944732666016 746.130584716797 620.574266433716 579.379753112793 746.32933807373 672.244588851929 707.936841964722 753.597122192383 672.824590682983 751.93803024292 727.789543151855 889.986557006836 797.81078338623 837.255279541016 774.498268127441
