simdem/realisation39.asc
NCOLS 350 
NROWS 171 
XLLCORNER 152620 
YLLCORNER 418050 
CELLSIZE 100 
NODATA_value -9999 
[rows 0 to 21 of 171, columns 150 to 199 of 350]
588.518547058105 675.386029243469 604.291534423828 -9999 -9999 -9999 -9999 -9999 -9999 -9999 -9999 -9999 -9999 -9999 -9999 -9999 -9999 -9999 -9999 -9999 -9999 -9999 -9999 -9999 -9999 -9999 -9999 -9999 -9999 -9999 -9999 -9999 -9999 -9999 -9999 -9999 -9999 -9999 -9999 -9999 -9999 -9999 -9999 -9999 -9999 -9999 -9999 -9999 -9999 -9999
394.934677124023 521.011215209961 827.960441589355 798.993520736694 952.75749206543 651.461536407471 597.333641052246 -9999 -9999 -9999 -9999 -9999 -9999 -9999 -9999 -9999 -9999 -9999 -9999 -9999 -9999 -9999 -9999 -9999 -9999 -9999 -9999 -9999 -9999 -9999 -9999 -9999 -9999 -9999 -9999 -9999 -9999 -9999 -9999 -9999 -9999 -9999 -9999 -9999 -9999 -9999 -9999 -9999 -9999 -9999
360.920562744141 491.177558898926 702.106573104858 710.391708374023 752.090774536133 630.036800384521 566.33203125 480.554733276367 689.477386474609 689.967323303223 763.984951019287 593.893402099609 748.837966918945 866.437228381634 -9999 -9999 -9999 -9999 -9999 -9999 -9999 -9999 -9999 -9999 -9999 -9999 -9999 -9999 -9999 -9999 -9999 -9999 -9999 -9999 -9999 -9999 -9999 -9999 -9999 -9999 -9999 -9999 -9999 -9999 -9999 -9999 -9999 -9999 -9999 -9999
565.807067871094 535.027954101562 727.827453613281 653.041475296021 769.41382598877 647.756853103638 494.530715942383 922.045150756836 950.443864822388 912.767395019531 592.894348144531 612.069641113281 698.705009460449 763.612077236176 486.912071228027 691.289710998535 726.613540649414 794.411056518555 706.458343505859 704.505683898926 745.999435424805 824.040459632874 893.661582946777 812.044597625732 598.625991821289 783.517448425293 688.074684143066 746.210300445557 698.396612644196 729.173271179199 786.246898651123 829.100883483887 873.620507836342 893.815528869629 794.765782356262 -9999 -9999 -9999 -9999 -9999 -9999 -9999 -9999 -9999 -9999 -9999 -9999 -9999 -9999 -9999
1252.85064697266 729.494724273682 670.033222198486 1030.15436553955 1190.08860015869 1068.65522193909 860.318313598633 923.200674057007 1010.04568099976 967.223175048828 976.606908798218 532.975006103516 570.235946655273 728.226833343506 442.492561340332 483.652458190918 577.542343139648 665.117233276367 557.807144165039 728.954902648926 831.627805233002 802.396453857422 1069.53979492188 774.112550735474 794.596306800842 813.888595581055 626.133926391602 710.621570587158 738.009273529053 803.208722352982 790.568737030029 872.762112617493 703.957244873047 692.248153686523 664.679958343506 735.393230438232 645.775440216064 603.04118347168 969.274101257324 838.504909515381 416.093338012695 548.768142700195 516.150634765625 692.301776885986 650.207969665527 584.247833251953 729.106693267822 709.286209106445 713.046653747559 825.794067382812
1053.35943412781 692.979214668274 756.648632049561 921.656242370605 1169.67151069641 1151.83930969238 846.563667297363 925.225324630737 761.395477294922 873.287017822266 878.08708190918 518.552551269531 632.102043151855 605.488090515137 627.801452636719 366.315475463867 484.398254394531 665.215209960938 730.479206085205 665.184337615967 694.032247543335 789.293014526367 773.127258300781 616.735000610352 596.870544433594 831.173095703125 670.576308250427 759.231857299805 661.972507476807 788.831581115723 809.129150390625 839.318336486816 781.803035736084 808.744724273682 703.996070384979 566.451034545898 581.579383850098 812.270042419434 960.040283203125 924.828052520752 680.409149169922 631.059782028198 659.363202929497 692.060131072998 570.068321228027 631.269021987915 786.572273254395 812.829940795898 655.457954406738 646.501655578613
1216.32064056396 1155.03312635422 892.254428863525 803.457057952881 955.60856628418 914.605323791504 866.976669311523 936.084167480469 951.322685241699 907.102005004883 957.137878417969 779.893823623657 744.83634185791 610.640808105469 587.430618286133 607.140007019043 594.72834777832 609.725250244141 723.39506149292 691.555404663086 588.26774597168 669.745155334473 638.839500427246 528.323989868164 762.434532165527 724.833694458008 735.759658813477 764.426200866699 749.514572143555 686.18276309967 815.088935852051 789.437074661255 699.187772750854 654.862083435059 656.716117858887 699.971488952637 773.395874023438 888.899410247803 997.885795593262 886.213244915009 737.149208068848 756.293197631836 600.205501556396 752.266227722168 762.003791809082 690.331714630127 575.888854980469 625.845684051514 643.559455871582 773.990882873535
1229.17051696777 832.806692123413 664.252304077148 662.265525817871 852.447479248047 969.126811981201 866.296234130859 736.888961791992 957.640167236328 813.573974609375 875.919631958008 718.936702728271 934.438919067383 691.166328430176 827.423221588135 765.24942779541 720.230320796371 663.738716125488 736.753433227539 692.657409667969 804.082290649414 818.170532226562 762.380798339844 756.405773162842 761.160057067871 832.940734863281 695.428995132446 779.426010131836 717.502159118652 818.392112731934 825.930206298828 818.008308410645 673.192896842957 626.706848144531 726.871841430664 796.938167572021 687.429397583008 851.120910644531 948.958595275879 817.000701904297 702.614944458008 787.531070709229 745.029640197754 901.683937072754 898.380424499512 975.31339263916 883.683437347412 515.279647827148 669.170867919922 829.223400115967
671.641891479492 642.022212982178 614.475082397461 739.419592857361 941.780517578125 715.821006774902 790.658966064453 798.758117675781 804.293701171875 811.463562011719 651.896377563477 733.089202880859 592.411483764648 784.074747085571 738.474411010742 654.188163757324 781.103697776794 786.214925765991 839.056007385254 806.393810272217 929.505462646484 876.802581787109 896.125299453735 841.683822631836 775.034099578857 941.640258789062 802.860639572144 775.166053533554 887.884979248047 989.991958618164 883.603942871094 947.904899597168 742.468185424805 757.943515777588 768.174110412598 996.961761474609 965.750852584839 1074.9241104126 1046.33264160156 928.067070007324 680.894638061523 797.583553314209 790.410892486572 817.156604766846 967.087310791016 940.889636993408 944.330360412598 748.806764602661 721.257731437683 793.310600280762
654.397782325745 705.003416061401 664.025970458984 598.020904541016 745.903732299805 826.741506576538 580.970184326172 643.734813690186 537.211280822754 524.054748535156 601.082313537598 655.879379272461 435.996520996094 620.100006103516 911.068112373352 1093.60533905029 1013.7841835022 823.32103729248 1096.91046142578 658.308746337891 963.692504882812 959.915435791016 1259.8325843811 1371.7264175415 780.302558898926 816.167537689209 793.516216278076 767.94522857666 853.262710571289 585.88306427002 799.755722045898 833.009705305099 620.831253051758 689.867797851562 829.996841430664 966.977752685547 1067.08489227295 1163.76963806152 1121.35423278809 857.946449279785 643.969772338867 743.073600769043 730.152435302734 797.152606964111 899.7082862854 837.639526367188 1004.07586431503 812.379577636719 900.680305480957 892.762493133545
729.922233581543 846.534652709961 829.311676025391 766.320167541504 704.682542800903 685.60412979126 580.495471954346 562.401732444763 586.742210388184 633.077101707458 680.158338546753 741.346506118774 657.866874694824 691.902660369873 587.688758850098 1164.36629486084 1277.45072937012 855.786994934082 1336.60998535156 989.605911254883 1038.37302398682 924.695892333984 740.210037231445 1146.91661834717 959.114400863647 1135.11292457581 635.445394515991 750.85920715332 601.478754043579 429.090286254883 743.658903121948 870.577194213867 616.574481964111 491.168502807617 611.358596801758 628.744750976562 896.788387298584 737.945915222168 786.98119354248 817.009296417236 627.645690917969 591.250770568848 628.730163574219 875.362739562988 806.961922686547 1184.1456413269 824.84538269043 1248.00918579102 1389.42630004883 955.474166870117
737.718036651611 682.027613639832 832.860610961914 755.638641357422 815.663909912109 751.434288024902 636.352165222168 493.1025390625 531.466827392578 596.800682067871 557.681663513184 588.572731018066 563.558319091797 895.422271728516 843.475580215454 897.625640869141 1064.27731323242 883.919883728027 1047.43027496338 724.159950256348 595.683319091797 1089.6683883667 711.226623535156 919.993019104004 772.421501159668 651.277877807617 1223.5703125 1165.4772644043 1016.91481018066 1296.35901641846 1224.58113861084 708.967094421387 680.455562591553 562.046806335449 559.334363937378 622.50634765625 734.992095947266 616.129515692592 616.66224527359 813.477401733398 723.111923217773 715.558616638184 644.275543212891 429.594116210938 445.422790527344 630.59838104248 648.123161315918 846.256156921387 982.551376342773 723.687408447266
488.593078613281 631.674255371094 694.813936233521 664.927730560303 737.532035827637 814.560726165771 492.217811584473 523.700523376465 659.272680282593 629.981803894043 883.417900085449 561.579597473145 1000.65545654297 762.168258666992 961.979595184326 520.197883605957 648.947891235352 817.457999229431 1108.15953063965 938.716430664062 765.064037322998 1018.18250274658 592.527160644531 811.655212402344 825.022312164307 749.965492248535 964.731254577637 1324.58438491821 752.328266143799 917.700302124023 1089.23452758789 743.558013916016 811.664680480957 619.473991394043 739.525737762451 754.046886444092 891.902927398682 797.435432434082 833.980499267578 741.645225524902 754.915323257446 654.451797485352 679.842224121094 665.818908691406 506.645004272461 700.438507080078 642.887199401855 758.034637451172 690.160446166992 867.392364501953
492.170349121094 491.262405395508 473.144439697266 1064.71997833252 859.937156677246 1092.70112609863 846.12141418457 530.226303100586 558.380584716797 692.444062232971 768.770946502686 594.984981536865 444.03840637207 555.334503173828 931.374427318573 655.86625289917 623.340515136719 645.339790344238 885.33903503418 831.317512512207 640.338180541992 711.618221282959 932.892364501953 754.051116943359 776.987251281738 798.64533996582 760.096466064453 823.174816131592 718.588638305664 672.889633178711 1000.81478881836 685.968650817871 612.138390138745 688.272979736328 563.157821655273 833.035940647125 737.401222229004 795.698902130127 659.858860015869 714.781433105469 813.151298522949 695.69104385376 794.192555427551 664.107551574707 753.317588806152 622.073738098145 853.393352508545 1066.73458862305 931.796054840088 1005.03454589844
1092.18845820427 548.40372467041 478.489585876465 549.263397216797 717.288467407227 703.235969543457 630.896179199219 623.77516746521 490.366561889648 580.42594909668 613.386070251465 637.617725372314 584.837425231934 625.352973937988 1166.59794998169 733.305786132812 632.660961151123 568.740951538086 873.533229827881 768.982980728149 729.968376159668 732.423210144043 845.88005065918 617.813369750977 711.970186233521 638.978057861328 799.207565307617 823.685066223145 867.115821838379 721.429496765137 805.943143844604 1005.21808242798 1299.30365276337 887.525291442871 962.980377197266 797.269031524658 762.223476409912 590.918884277344 689.985008239746 748.801536560059 700.160765647888 771.476947784424 798.307002067566 769.438400268555 627.556703567505 561.862510681152 683.531585693359 667.195163667202 959.449549674988 800.592819213867
608.892513275146 581.43839263916 496.851081848145 545.858520507812 738.678764343262 791.152236938477 759.801773071289 670.934194564819 554.364418029785 571.377250671387 620.364028930664 582.823775291443 603.331817626953 1180.87101364136 707.598278045654 921.289310455322 707.212844848633 892.710384368896 867.93053817749 1388.16239929199 1206.32170200348 970.337997436523 1269.06415557861 625.243591308594 869.532783508301 796.48243522644 972.241691589355 883.124374389648 785.925369262695 729.057662963867 798.605192184448 674.142559051514 802.020131111145 705.948265075684 657.562347412109 862.708335876465 729.040481567383 709.643993377686 724.542346954346 605.083168029785 619.080520629883 768.059288024902 804.47509765625 644.56582069397 690.286865234375 593.328086853027 658.439859390259 809.357238769531 749.801216125488 713.651377677917
587.866939544678 603.43763422966 481.587280273438 589.634613037109 629.216417312622 747.007232666016 693.258777618408 738.513488769531 677.742660522461 811.492980957031 479.914306640625 485.11043548584 1398.069190979 1320.99955749512 694.301643371582 664.139526367188 682.955268859863 807.45597076416 724.221749305725 851.75951385498 1031.58895111084 570.437469482422 778.131477355957 699.009954452515 794.491784572601 844.687484741211 1989.17872238159 1139.99820899963 840.491394042969 730.187586307526 1016.37838745117 741.141344070435 731.313844680786 1324.25219726562 873.000789642334 687.872211456299 765.114859580994 1063.6503162384 1383.15470123291 739.707401275635 620.753707885742 791.573860168457 852.634674072266 765.242121696472 1105.43004608154 727.288326263428 907.430316925049 728.944114685059 771.25866317749 738.038772106171
524.888572692871 601.347778916359 653.938228607178 663.652736663818 741.675521850586 766.538536071777 645.878183364868 624.989730834961 764.947998046875 682.862358093262 568.556327819824 516.422439575195 538.150024414062 435.476776123047 463.875823974609 776.722717285156 510.783843994141 589.577682495117 752.168720245361 738.241767883301 667.873035430908 699.957601547241 956.455642700195 847.849605560303 925.840377807617 1226.77591705322 850.443313837051 709.92643737793 741.222660064697 928.50089263916 1058.39196777344 1072.1692276001 1094.77967834473 748.562309265137 1059.14855194092 719.100755691528 591.76432800293 711.463626861572 597.766761779785 707.580500125885 634.839810371399 841.354385375977 850.915229797363 611.26628112793 676.046882629395 668.516641616821 792.186126708984 803.28369140625 1148.86270809174 793.705905914307
585.587114334106 627.736792564392 560.505199432373 629.971263885498 666.109508514404 675.006805419922 1086.9961746335 988.38892364502 692.807872772217 745.155731201172 688.860126495361 642.632191181183 556.61540222168 723.319264411926 510.316757202148 955.722900390625 993.752410888672 1178.61418151855 700.196914672852 701.693695068359 624.488006591797 841.083786010742 1173.53865814209 880.792022705078 1085.90165424347 806.092178344727 650.308227539062 702.212242126465 773.907941818237 920.37858581543 942.206962585449 1011.80378723145 685.615871429443 697.332691192627 727.84139251709 1173.45867919922 619.505088806152 608.907012939453 529.086456298828 1147.49472045898 748.360443115234 1009.27819824219 953.896995544434 930.00846862793 1027.27655792236 1081.06370544434 708.508377075195 617.81840133667 623.263584136963 519.256324768066
631.665607452393 699.446853637695 668.552528381348 637.814193725586 666.327835083008 678.36296081543 826.71541595459 674.778184890747 810.42227935791 632.95013999939 953.853950500488 578.90461730957 438.695785522461 624.41529083252 745.197345733643 561.873237609863 564.900833129883 698.245559692383 543.002655029297 546.773056030273 638.561828613281 683.881683349609 746.292976379395 776.719245910645 1019.44474029541 930.606491088867 836.395111083984 875.818817138672 912.940658569336 794.248958587646 771.232438087463 843.477210998535 1078.4948425293 778.117805480957 674.274551391602 725.357383728027 629.970293045044 570.137451171875 610.810813903809 666.66713809967 736.202854156494 627.358652114868 919.481654405594 521.061378479004 471.749893188477 558.28596496582 742.826042175293 656.700381159782 559.782638549805 564.579544067383
687.286811828613 690.358856201172 541.753570556641 561.851873397827 576.049795150757 626.971315383911 641.840396881104 658.049523353577 1281.27392959595 701.958602905273 552.902412414551 551.097198486328 401.045303344727 549.173683166504 460.29621887207 620.245529174805 606.95160484314 610.626220703125 711.712768554688 807.75944519043 802.444808959961 621.899520874023 793.65620136261 952.431728363037 977.615627288818 977.262145996094 948.402763366699 567.925018310547 539.373260498047 655.731735229492 650.163469314575 682.535533905029 792.602691650391 679.697554588318 671.382574081421 757.001914978027 843.483749389648 727.817531585693 691.352094650269 688.247595310211 615.941848754883 886.717733383179 1277.77661895752 593.939575195312 654.454612731934 1170.45694732666 698.1569237113 607.347675323486 729.37197303772 816.356521606445
633.890653610229 719.31315612793 738.29549407959 567.880508422852 605.142551422119 740.861129760742 978.23539352417 606.804607391357 793.69751739502 673.431507110596 591.25756072998 745.420291900635 386.231079101562 946.624389648438 658.747276306152 608.145988464355 777.172302246094 569.374038696289 1009.65468597412 724.579711914062 920.964408874512 1331.46161651611 1001.71385955811 814.924171447754 802.651412963867 1194.77597045898 913.10754776001 670.459331512451 1525.08577728271 655.470935344696 830.201354980469 709.110511414707 532.228820800781 702.506332397461 750.439262390137 779.483070373535 709.403053283691 602.976886749268 698.284042358398 712.905659079552 690.274795532227 600.266448974609 634.811721801758 711.990455627441 562.897262573242 1270.47779846191 605.985728263855 565.997665405273 672.070602416992 719.888439178467
