simdem/realisation96.asc
NCOLS 350 
NROWS 171 
XLLCORNER 152620 
YLLCORNER 418050 
CELLSIZE 100 
NODATA_value -9999 
[rows 44 to 65 of 171, columns 50 to 99 of 350]
677.73356628418 724.078430175781 684.270172119141 828.932949066162 326.215393066406 420.5892162323 613.834754943848 522.069826126099 537.2229347229 521.027505874634 882.177436828613 530.402854919434 585.326591491699 541.554630279541 388.044151306152 352.05655670166 466.578210353851 493.72546005249 491.032005310059 528.210800170898 496.779876708984 495.329444885254 489.912906646729 468.783420562744 410.676291465759 573.363525390625 527.418533325195 405.598798274994 366.14457321167 415.666126251221 493.110710144043 393.931587219238 349.637428283691 445.634614944458 378.896995544434 475.283855438232 474.392642974854 487.776977539062 496.970413208008 453.241966247559 589.375564575195 565.917964935303 476.107215881348 343.648262023926 345.530578613281 401.713018417358 511.481803894043 501.877304077148 535.43888092041 444.427279472351
651.771614074707 497.338592529297 585.04370880127 762.418865203857 360.896148681641 396.697853088379 553.248672485352 656.157470703125 493.965307235718 693.698467254639 541.748439788818 500.758086204529 636.155502319336 494.771904468536 345.701766967773 346.214500427246 427.676887512207 463.031932830811 386.637268066406 446.513898849487 528.933067321777 534.092292785645 523.150596618652 304.585601806641 308.990287780762 357.604808807373 402.814636230469 314.615684509277 305.935203552246 369.660533905029 456.693229675293 516.851127624512 348.910743713379 416.239192962646 463.72692489624 455.133573532104 479.586929321289 547.388870239258 559.697036743164 596.385299682617 586.348297119141 527.307792663574 372.847621917725 327.002128601074 391.131603240967 461.865381240845 509.800323486328 387.245872497559 425.852927684784 352.866836547852
713.683303833008 540.604521512985 553.856945037842 359.346397399902 222.472640991211 327.268112182617 542.785095214844 381.14737701416 787.237991333008 687.55322265625 638.071296691895 605.532623291016 629.51171875 509.491792678833 451.306529998779 395.756744384766 418.087227344513 519.713829040527 452.564712524414 346.661697387695 492.642021179199 559.479537963867 500.223937988281 345.966461181641 512.312652587891 331.079902648926 439.046457290649 366.727569580078 319.692413330078 366.990303039551 533.195648193359 450.545482635498 286.061347961426 578.844223022461 470.329113006592 270.612487792969 448.033511161804 507.365028381348 452.90852355957 543.49267578125 534.532890319824 465.938858985901 482.298393249512 366.497718811035 494.959846496582 355.322380065918 592.28288269043 552.438339233398 494.340713500977 463.112182617188
594.480247080326 502.084850788116 484.706134796143 433.424915313721 350.27543258667 402.577033996582 898.967056274414 666.223175048828 652.018669128418 582.308410644531 674.561599731445 738.00276184082 645.191314697266 466.617251396179 456.94522857666 441.003089904785 421.580080986023 492.449165344238 398.719471931458 425.843050003052 404.293544232845 571.018173217773 420.96541595459 400.098104715347 304.636833190918 298.487701416016 489.035081863403 540.709800720215 517.809432983398 382.530994415283 443.283166408539 573.243583679199 454.192624092102 578.206024169922 365.641754150391 396.057521820068 454.850679397583 495.419441223145 463.344463348389 604.097900390625 526.865158081055 449.122273445129 441.863713026047 521.276084899902 556.288299560547 391.666748046875 491.325099945068 502.22289276123 606.317291259766 497.349147796631
501.372156620026 532.679538726807 498.507183074951 541.519430160522 287.924392700195 498.928749084473 457.163093566895 569.251533508301 551.077144622803 576.119888305664 513.034717977047 557.027137756348 415.517578125 505.650437355042 325.030883789062 372.737037658691 456.645532608032 461.388660430908 499.876277923584 259.491958618164 400.782033920288 395.405384063721 496.150749206543 413.489066123962 319.020088195801 427.787408828735 435.097312927246 485.617527008057 572.904113769531 431.122488021851 380.499561309814 391.011951446533 440.873805999756 451.787340164185 422.067024230957 280.013122558594 337.91259765625 499.279167175293 491.461853027344 420.493982315063 424.28324508667 479.439977645874 566.617202758789 364.304122924805 327.072692871094 450.961896896362 413.0114402771 481.846588134766 436.324096679688 487.98246383667
595.761217594147 489.560554504395 602.457824707031 635.484298706055 623.960985183716 444.272487640381 562.509521484375 504.778392791748 559.558670043945 499.085920333862 399.83967590332 457.844734191895 462.990427017212 424.070125579834 341.443809509277 488.92261505127 380.154890060425 426.866436004639 363.045024871826 326.186614990234 417.491814136505 476.819625854492 508.158248901367 335.516960144043 396.558067321777 391.584587097168 286.85466003418 546.829689025879 595.771911621094 474.590538024902 297.017211914062 452.784639358521 472.533485412598 467.328498840332 404.85631942749 419.055185317993 400.302600860596 397.574752807617 456.220626831055 531.820701599121 372.509593963623 501.148498535156 540.012641906738 474.052810668945 479.967109680176 578.164581298828 401.555561065674 402.751415252686 492.855262756348 536.757766723633
443.897621154785 505.608053207397 531.089004516602 1152.26005554199 515.124752044678 455.718360900879 337.318420410156 542.645652770996 499.515098571777 425.859294891357 389.124713897705 305.274978637695 497.140609741211 431.305027008057 495.390857696533 456.63050365448 439.344539642334 425.461614608765 376.949817657471 672.272979736328 605.662109375 462.545234680176 452.774707794189 479.528331756592 496.987976074219 435.82322883606 341.572761535645 477.122566223145 444.995254516602 453.295261383057 337.336372375488 507.898719787598 615.296905517578 508.064544677734 473.452789306641 497.343795776367 577.707748413086 355.505966186523 473.06343460083 359.976173400879 397.839815139771 469.841892242432 542.779083251953 457.417607307434 417.833534240723 404.416172027588 419.563154935837 411.185394287109 376.206031799316 460.583357334137
725.642482757568 410.307968139648 467.350829124451 441.023300170898 472.788215637207 479.775257110596 365.786003112793 428.93262052536 467.264752447605 388.678977966309 447.115500450134 370.395584106445 347.327171325684 336.324203491211 485.91047668457 440.499403119087 437.482552528381 412.549477577209 298.080764770508 407.821513414383 398.838499069214 436.462348937988 445.746032714844 517.182022094727 442.712312698364 428.655576705933 461.818277359009 455.593982696533 422.111770629883 378.320907592773 325.272750854492 353.059150695801 469.406524658203 405.208897590637 358.200702667236 360.387870788574 280.416717529297 297.431678771973 436.746694564819 377.816932678223 400.354438781738 560.480690002441 461.023212432861 377.255638122559 426.322345733643 325.61026763916 307.806297302246 456.665893554688 451.918407440186 490.01448059082
684.215507507324 367.698944091797 1081.27853393555 469.914497375488 573.797132492065 554.876243591309 338.708358764648 318.440765380859 369.443901062012 534.807014465332 407.815479278564 365.459854125977 389.00577545166 396.677963256836 500.233276367188 452.91415977478 459.378711700439 339.735214233398 314.93798828125 218.45703125 341.437431335449 346.148590087891 406.406421661377 492.95149230957 562.827011108398 445.532583236694 433.271725654602 401.271732807159 418.591115951538 306.328117370605 349.484241485596 329.006591796875 300.474853515625 336.814563751221 399.739196777344 302.495712280273 341.231327056885 382.297657012939 357.203163146973 343.619483947754 456.382233142853 542.220703125 336.638809204102 351.275161743164 455.896327972412 270.485885620117 449.714160919189 403.62557888031 458.847850799561 420.817352294922
630.294959068298 586.129402160645 648.708633422852 665.735824584961 535.199041366577 584.578407287598 328.566345214844 370.701286315918 439.429901123047 515.218494415283 446.103842735291 386.150485992432 393.410893440247 430.048761367798 330.228172302246 377.872039794922 464.262538909912 361.503265380859 454.243431091309 407.466152191162 223.19938659668 412.908294916153 452.204517364502 465.697883605957 667.372817993164 503.52033996582 560.424011230469 382.427678108215 361.075454711914 289.036041259766 332.277923583984 452.897796630859 487.054557800293 459.348693847656 425.052316665649 360.662109375 230.662017822266 256.326919555664 353.344772338867 399.706826686859 416.687997579575 330.368453979492 379.160440444946 427.750196456909 448.901634216309 418.073744773865 448.576686859131 433.650157928467 407.774347305298 386.3063621521
619.19753344357 478.932540893555 466.874359130859 639.554306030273 490.597846984863 476.985511779785 466.028125762939 363.448150634766 395.00072479248 483.170176029205 488.818496704102 483.180626392365 348.185108184814 349.701034545898 392.067880630493 440.319713592529 388.667327880859 293.368194580078 410.135883331299 406.121163129807 276.024749755859 591.736480712891 372.76587677002 722.979179382324 900.521911621094 466.046348571777 403.344131469727 274.129127502441 265.432754516602 349.301448822021 469.649429321289 472.042472839355 438.57396697998 401.370341777802 390.697689056396 288.243392944336 325.569351196289 176.373504638672 324.970924377441 331.824562072754 571.977203369141 505.90258026123 534.05207824707 509.05778503418 411.645119667053 461.729131698608 511.8828125 638.156051635742 375.106182098389 409.485080718994
544.330657958984 1090.86807250977 528.44747543335 638.484703063965 560.21547794342 338.45475769043 363.679573059082 362.556053161621 294.840576171875 382.604393005371 433.482705831528 356.348949432373 337.411170959473 239.470504760742 330.655960083008 349.420257568359 467.791030883789 474.419521331787 523.470611572266 414.996204376221 445.363118171692 455.384090423584 617.683166503906 486.974136352539 490.693901062012 297.514793395996 344.159551620483 305.198394775391 208.400817871094 294.624244689941 437.913192749023 463.717147827148 422.204363822937 449.356300354004 351.026344299316 393.316232681274 323.93879699707 247.630569458008 285.679092407227 354.419445037842 392.478907585144 533.47486114502 404.744176864624 249.604415893555 305.963081359863 379.765438079834 462.009399414062 396.080078125 449.748716831207 437.9153175354
592.035873413086 648.964038848877 586.349815368652 590.007904052734 315.631134033203 458.633361816406 462.900093078613 391.493553161621 290.588012695312 380.862087249756 430.976148605347 350.070079803467 390.110974788666 398.415525436401 395.817050933838 373.549617767334 377.862773895264 465.160125732422 489.596626281738 379.350372314453 478.457077026367 570.786239624023 451.048797607422 460.761840820312 438.549911499023 507.955230712891 250.724021911621 342.973447799683 278.594711303711 289.969261169434 287.548439025879 377.835618972778 336.632822036743 325.8152384758 341.083076477051 306.017349243164 448.00768661499 430.016773223877 418.842891693115 332.957038879395 345.312397003174 502.237861633301 468.038379669189 445.773857116699 286.350570678711 437.076192855835 424.721712350845 308.284194946289 340.106651306152 474.312335968018
549.81143951416 380.120216369629 592.936401367188 508.12268447876 409.27555847168 564.025299072266 540.82501411438 387.812480926514 349.632400512695 504.381904602051 496.033966064453 347.189849853516 416.724821090698 327.577919006348 252.523147583008 278.505867004395 346.513473510742 481.620162963867 590.703491210938 424.239545822144 542.705581665039 570.646865844727 401.39506149292 351.027627229691 362.558563232422 434.393058776855 283.948276519775 297.279758453369 367.114097595215 230.510833740234 238.27433013916 315.030857086182 261.042663574219 322.935176849365 355.564304351807 499.3310546875 518.958404541016 481.565910339355 421.9323387146 407.808012008667 413.668295860291 368.162384033203 323.781341552734 422.852406978607 427.73962688446 347.609893798828 313.57201385498 449.77236366272 351.793792724609 476.963844299316
400.801765441895 554.031981468201 696.285316467285 649.550785064697 528.583606719971 479.170883178711 506.662302017212 479.072456359863 381.784191131592 506.492958068848 363.763534545898 445.789474487305 420.177349090576 305.510276794434 303.075241088867 276.188446044922 473.735677242279 587.114654541016 363.398384094238 409.93768119812 480.587921142578 325.480682373047 244.61442565918 333.442606925964 293.10315322876 332.827586650848 424.185852050781 452.70768737793 484.982864379883 452.479835510254 346.011142730713 481.230773925781 415.623031616211 444.053241729736 416.361030578613 444.66968536377 453.698833465576 591.38410949707 475.465217590332 445.986980438232 337.157447814941 307.86116027832 382.464225769043 476.682220458984 279.156097412109 332.926696777344 372.999580383301 430.256450653076 346.500984191895 406.41975402832
552.372758865356 484.008186340332 593.107105255127 675.817581176758 715.407104492188 606.654566764832 463.128929138184 532.350952148438 321.410301208496 422.656319618225 496.294235229492 534.209930419922 533.536911010742 335.706480026245 433.088077545166 453.607837677002 514.124580383301 428.870638847351 324.893840789795 335.743461608887 426.778930664062 256.153953552246 197.160552978516 419.442794799805 365.020727157593 348.954154968262 459.542198181152 269.275695800781 413.538612365723 522.007827758789 376.198786258698 405.238662719727 431.18180847168 461.538940429688 393.924221038818 373.071573257446 416.749435424805 345.213241577148 392.031775951385 516.900718688965 391.379611968994 323.827087402344 379.044111251831 254.010246276855 388.320146560669 286.512893676758 256.342559814453 288.856796264648 369.547729492188 363.619995117188
543.322246551514 606.490242004395 691.604148864746 589.684683561325 670.899216651917 623.784008026123 618.667156219482 381.938484191895 536.225440979004 579.310089111328 486.196243286133 413.491729736328 365.625635147095 460.364097595215 531.428894042969 461.982566833496 441.738742828369 479.346515655518 214.781448364258 219.061614990234 303.936855316162 391.978322505951 447.528602600098 256.502517700195 426.87483215332 436.186546325684 243.93758392334 190.348251342773 415.41185760498 525.397048950195 596.163909912109 487.527679443359 418.018417358398 405.146152496338 469.380638122559 504.669326782227 251.557464599609 384.852147102356 481.427185058594 535.012344360352 380.268169403076 318.208335876465 354.581581115723 391.494827270508 486.8659324646 201.351654052734 212.479736328125 231.60693359375 344.70384979248 421.804386138916
556.307819366455 492.516849517822 544.562942504883 671.966339111328 675.492473602295 658.919860839844 612.378770828247 445.325870513916 638.807830810547 593.065277099609 486.628898620605 433.957208633423 449.879814147949 418.027225494385 382.686145782471 433.770040512085 451.569343566895 459.134262084961 279.554016113281 195.596084594727 384.972772598267 450.927635192871 405.023729324341 395.240125656128 382.361072540283 420.162975311279 324.057844161987 127.996719360352 386.882637023926 513.958236694336 457.645126342773 261.191276550293 318.69522857666 263.03572845459 313.22575378418 315.201507568359 344.798801422119 428.803531169891 630.767684936523 382.75980758667 445.088073730469 334.630363464355 472.555770874023 325.288291931152 276.422256469727 302.20085144043 160.358032226562 304.371078491211 379.124374389648 416.416118621826
558.607473373413 660.106857299805 483.038040161133 611.801155328751 639.731498718262 686.711404800415 624.265193939209 442.576049804688 519.576969146729 519.979309082031 471.305694580078 457.429985046387 428.460216522217 373.614356040955 234.686996459961 311.48014831543 410.209384918213 332.036060333252 416.295509338379 302.336898803711 280.145027160645 188.355804443359 539.758346557617 397.183895111084 421.666595458984 396.867523193359 238.095397949219 302.601573944092 403.524026870728 309.924404144287 432.998714447021 326.039070129395 336.76095199585 297.413589477539 535.607955932617 411.141223907471 280.692497253418 483.613349914551 351.37183380127 442.230663776398 449.977207183838 436.174597501755 465.907341003418 374.112632751465 465.248197555542 419.448076248169 372.440277099609 472.730396270752 444.762924194336 394.584114074707
516.124572753906 590.202016830444 583.338068008423 601.353500366211 608.70344543457 379.419410705566 437.052267074585 330.733093261719 441.776613235474 402.355041503906 591.930938720703 567.440414428711 437.602386474609 359.775514602661 388.272285461426 424.240791320801 368.938866615295 417.280910491943 289.864135742188 277.666458129883 313.449661254883 409.087272644043 503.185836791992 444.712196350098 472.300476074219 301.342086791992 331.247486114502 302.860893249512 371.228275090456 569.935302734375 399.484760284424 257.515579223633 343.177017211914 392.812023162842 484.570953369141 394.468900680542 410.944105148315 479.190803527832 406.766669273376 403.328079223633 317.83358001709 407.057554244995 505.2568359375 468.005699157715 570.630996704102 568.294662475586 526.583908081055 467.970855712891 456.361940383911 366.259452819824
403.111526489258 487.188854217529 547.101456426084 661.243007659912 535.286147594452 620.454811096191 407.061447143555 403.972801208496 502.996704101562 484.075080871582 557.753349304199 491.673919677734 426.054695129395 395.818027496338 389.804347991943 378.803852796555 348.981386184692 373.038914680481 249.452262878418 244.76587677002 241.799896240234 298.482780456543 428.282989501953 538.720932006836 513.800384521484 268.410972595215 292.520904541016 294.399787902832 394.329155921936 528.599349975586 447.593521118164 447.943222045898 315.438491821289 374.777954101562 426.116004943848 430.819425582886 493.891998291016 629.79557800293 437.477945327759 415.825099945068 439.646966934204 528.091850280762 465.837947845459 465.54327583313 475.041049957275 462.12543296814 438.553758621216 392.209075927734 362.145027160645 353.455833435059
742.257827758789 500.954162597656 491.345697641373 563.602874279022 469.863919258118 470.741212368011 415.062984466553 474.365520477295 458.482894897461 447.162548065186 468.025444030762 512.52368927002 533.305557250977 425.339065551758 494.013031005859 379.845706939697 419.344104766846 483.568618774414 388.475436210632 429.955471038818 274.096633911133 367.013324737549 480.895706176758 308.48649597168 336.559562683105 358.649297714233 294.190956115723 200.97265625 167.5146484375 418.841503143311 367.296455383301 404.928776741028 298.82536315918 473.304733276367 452.495710611343 310.329231262207 396.498928070068 436.688097000122 425.614591360092 548.765762329102 391.706237792969 382.040729522705 442.701519846916 414.406492233276 414.007663726807 480.145854949951 451.052605390549 377.371246337891 453.010872364044 463.22061920166
