simdem/realisation58.asc
NCOLS 350 
NROWS 171 
XLLCORNER 152620 
YLLCORNER 418050 
CELLSIZE 100 
NODATA_value -9999 
[rows 110 to 131 of 171, columns 300 to 349 of 350]
855.367736816406 829.480449676514 963.697090148926 756.164167165756 732.480739593506 937.626792907715 719.792945861816 796.789962768555 903.991607666016 807.861187458038 991.91227722168 812.946135520935 1663.99063873291 884.896263122559 845.149719238281 804.577163696289 1336.9171295166 704.15803527832 1070.48439788818 -9999 -9999 -9999 -9999 -9999 -9999 -9999 -9999 -9999 -9999 -9999 -9999 -9999 -9999 -9999 -9999 -9999 -9999 -9999 -9999 -9999 -9999 -9999 -9999 -9999 -9999 -9999 -9999 -9999 -9999 -9999
890.213645935059 749.036392211914 648.415733098984 794.963302612305 732.390305131674 742.250858306885 1173.53512573242 1407.1360168457 665.632247924805 819.75431060791 1535.22408294678 637.322708129883 798.865142822266 662.360305786133 765.83470916748 602.160919189453 751.145324707031 1227.04412078857 890.370483398438 -9999 -9999 -9999 -9999 -9999 -9999 -9999 -9999 -9999 -9999 -9999 -9999 -9999 -9999 -9999 -9999 -9999 -9999 -9999 -9999 -9999 -9999 -9999 -9999 -9999 -9999 -9999 -9999 -9999 -9999 -9999
876.367997169495 964.591903686523 1098.22166442871 918.94157409668 844.356899261475 747.473999023438 728.701652526855 839.962341308594 757.469951629639 1775.83199310303 1303.5030670166 818.588756561279 888.697437286377 1007.68340682983 761.491775512695 1025.98843383789 597.812164306641 1012.23678588867 1692.65835571289 730.773498535156 -9999 -9999 -9999 -9999 -9999 -9999 -9999 -9999 -9999 -9999 -9999 -9999 -9999 -9999 -9999 -9999 -9999 -9999 -9999 -9999 -9999 -9999 -9999 -9999 -9999 -9999 -9999 -9999 -9999 -9999
956.704559326172 845.34059715271 897.530059814453 986.998947143555 806.407405853271 743.416986465454 774.40075302124 722.601318359375 761.459594726562 2306.23397064209 960.649875640869 834.329368591309 847.093379974365 1263.30488681793 1055.95529174805 893.08935546875 913.499008178711 687.531814575195 1071.66973114014 1305.33044433594 1110.84101867676 -9999 -9999 -9999 -9999 -9999 -9999 -9999 -9999 -9999 -9999 -9999 -9999 -9999 -9999 -9999 -9999 -9999 -9999 -9999 -9999 -9999 -9999 -9999 -9999 -9999 -9999 -9999 -9999 -9999
873.699932098389 870.906326293945 888.829379081726 812.888155937195 673.945457458496 723.124465942383 823.936037063599 755.969200134277 688.178680419922 1290.88487243652 983.037107467651 1141.86182451248 1040.1047668457 1031.91994476318 842.603439331055 938.350133895874 822.09016174078 936.20011138916 1101.52726745605 931.146202087402 873.550994873047 -9999 -9999 -9999 -9999 -9999 -9999 -9999 -9999 -9999 -9999 -9999 -9999 -9999 -9999 -9999 -9999 -9999 -9999 -9999 -9999 -9999 -9999 -9999 -9999 -9999 -9999 -9999 -9999 -9999
775.867835998535 925.179969787598 741.672058105469 841.04235458374 837.388076782227 860.810104370117 691.659042358398 782.940414428711 624.755386352539 1087.48426055908 1410.53017425537 834.713705062866 844.220851898193 1371.33080673218 883.142957687378 872.501417160034 1338.69622802734 887.165504455566 837.261245727539 642.792877197266 717.110450744629 765.43590927124 -9999 -9999 -9999 -9999 -9999 -9999 -9999 -9999 -9999 -9999 -9999 -9999 -9999 -9999 -9999 -9999 -9999 -9999 -9999 -9999 -9999 -9999 -9999 -9999 -9999 -9999 -9999 -9999
965.561340332031 776.364625930786 985.162982940674 1184.11808776855 646.027839660645 684.525068283081 1285.17759621143 738.604751586914 564.958724975586 1072.36962890625 996.534133911133 1372.28497314453 952.413848876953 1045.74579620361 988.379905700684 998.417694091797 1287.84100341797 1190.65169906616 787.201202392578 766.216468811035 926.580123901367 885.170948028564 895.476608276367 -9999 -9999 -9999 -9999 -9999 -9999 -9999 -9999 -9999 -9999 -9999 -9999 -9999 -9999 -9999 -9999 -9999 -9999 -9999 -9999 -9999 -9999 -9999 -9999 -9999 -9999 -9999
791.117660522461 669.577785491943 799.068761825562 929.722995758057 1231.17935943604 1357.40001678467 682.534344792366 668.994522094727 574.499588012695 676.874328613281 833.39909362793 838.378540039062 1263.5171661377 1341.97048473358 951.115999221802 1097.53784561157 1119.12729120255 726.429702758789 807.049824237823 813.508472442627 942.893665313721 782.740936279297 911.806871414185 -9999 -9999 -9999 -9999 -9999 -9999 -9999 -9999 -9999 -9999 -9999 -9999 -9999 -9999 -9999 -9999 -9999 -9999 -9999 -9999 -9999 -9999 -9999 -9999 -9999 -9999 -9999
701.857137680054 623.158164978027 754.223106384277 857.498985290527 871.860557556152 854.254940032959 824.797589302063 944.131256103516 629.897109985352 721.881011962891 935.810405731201 591.954978942871 788.293998718262 797.412414550781 970.312393188477 1012.03202438354 734.847877502441 960.13215637207 806.673866271973 874.948188781738 801.941038131714 906.214050292969 961.98503112793 1058.07032775879 -9999 -9999 -9999 -9999 -9999 -9999 -9999 -9999 -9999 -9999 -9999 -9999 -9999 -9999 -9999 -9999 -9999 -9999 -9999 -9999 -9999 -9999 -9999 -9999 -9999 -9999
905.6979637146 870.301361083984 679.609321594238 715.102745056152 1010.7043762207 742.208068847656 798.379997253418 728.011253356934 743.866724848747 710.215423583984 754.231231689453 714.023666381836 891.312515258789 1026.1293258667 1449.36184692383 911.872525215149 717.512969970703 877.282878875732 968.404960632324 812.125707626343 761.572353363037 996.370590209961 1094.74859619141 1038.00424194336 979.869552612305 -9999 -9999 -9999 -9999 -9999 -9999 -9999 -9999 -9999 -9999 -9999 -9999 -9999 -9999 -9999 -9999 -9999 -9999 -9999 -9999 -9999 -9999 -9999 -9999 -9999
1402.89175415039 1675.18386077881 1005.00157165527 1119.49335575104 1339.74030685425 948.685508728027 751.022579193115 768.342987060547 836.851154327393 1310.87465667725 717.317993164062 710.192817687988 839.981286048889 1100.71771335602 969.268054962158 1516.87862014771 879.336917877197 802.766872406006 965.55224609375 896.527278900146 874.802352905273 943.033432006836 994.597763061523 917.741519927979 930.216686248779 877.159698486328 -9999 -9999 -9999 -9999 -9999 -9999 -9999 -9999 -9999 -9999 -9999 -9999 -9999 -9999 -9999 -9999 -9999 -9999 -9999 -9999 -9999 -9999 -9999 -9999
1013.67179489136 931.971420288086 1362.16273498535 942.340438842773 1294.75991821289 1436.37080383301 924.575210571289 814.637542724609 914.401381015778 796.607315063477 711.338409423828 746.811748504639 978.315902709961 726.724548339844 939.458930969238 903.26579284668 709.008392333984 868.259662628174 815.146430969238 890.229736328125 905.358131408691 957.154724121094 969.214866638184 867.07621383667 921.614618301392 837.374618530273 -9999 -9999 -9999 -9999 -9999 -9999 -9999 -9999 -9999 -9999 -9999 -9999 -9999 -9999 -9999 -9999 -9999 -9999 -9999 -9999 -9999 -9999 -9999 -9999
1182.28317260742 1171.2843170166 1450.66697692871 976.631378173828 1077.26188278198 1252.4195098877 1303.94128417969 1192.61641693115 1056.56265258789 1264.3452885747 860.698150634766 794.296180725098 801.291976928711 739.747467041016 1013.34684753418 857.139228820801 693.916572570801 760.325868606567 694.423004150391 795.661106109619 817.385395050049 843.356973588467 817.869340896606 754.163772583008 811.723873138428 897.673259735107 769.230628967285 -9999 -9999 -9999 -9999 -9999 -9999 -9999 -9999 -9999 -9999 -9999 -9999 -9999 -9999 -9999 -9999 -9999 -9999 -9999 -9999 -9999 -9999 -9999
1341.19702148438 1254.6012878418 1213.19125366211 1095.12577819824 891.403509140015 1346.78087425232 1508.20182800293 1015.04093170166 1067.93431866169 1179.98648071289 793.806198120117 829.378772735596 999.805374145508 833.801382064819 874.945985794067 854.667992591858 837.045232772827 917.686233520508 803.310020446777 813.607288360596 813.171850204468 900.579704284668 836.959945678711 673.315063476562 661.842163085938 648.067764282227 639.787536621094 793.968208312988 -9999 -9999 -9999 -9999 -9999 -9999 -9999 -9999 -9999 -9999 -9999 -9999 -9999 -9999 -9999 -9999 -9999 -9999 -9999 -9999 -9999 -9999
1203.86289978027 1205.66390991211 951.634170532227 1025.53676152229 1103.6675567627 1079.39974784851 1433.20851898193 984.912658691406 964.714012145996 757.017021179199 865.439315795898 825.541574478149 746.753955841064 902.388641357422 832.720573425293 923.183685302734 911.931838989258 825.590644836426 910.539108276367 847.421840667725 775.130517959595 858.658706665039 1019.94473266602 817.853329658508 986.912124633789 914.410758972168 832.148120880127 820.172721862793 1036.30146789551 -9999 -9999 -9999 -9999 -9999 -9999 -9999 -9999 -9999 -9999 -9999 -9999 -9999 -9999 -9999 -9999 -9999 -9999 -9999 -9999 -9999
919.878029823303 1022.99319458008 896.27136516571 1137.34847259521 1457.24671936035 1034.10293960571 995.661972045898 1167.38790130615 743.468338012695 781.576137542725 691.027290344238 762.226871490479 850.310176849365 785.730744361877 740.892913818359 853.26987361908 724.404624938965 894.46692276001 908.935932159424 858.697704315186 903.550163269043 737.143547058105 854.061273574829 806.59538269043 895.066955566406 896.000511169434 884.277086257935 775.775688171387 852.382926940918 -9999 -9999 -9999 -9999 -9999 -9999 -9999 -9999 -9999 -9999 -9999 -9999 -9999 -9999 -9999 -9999 -9999 -9999 -9999 -9999 -9999
951.720928192139 923.617622375488 1578.16826629639 1545.67694091797 1155.31711578369 1086.32990694046 1133.44036865234 893.525726318359 1340.89830780029 1010.64431619644 752.471885681152 740.056167602539 749.596710205078 683.618186950684 787.971687316895 733.188774108887 781.878723144531 816.200147628784 903.211784362793 813.864886164665 828.526218891144 778.177885055542 784.369474411011 664.816421508789 789.669467926025 801.188339233398 750.559234619141 849.023681640625 912.03275680542 673.847412109375 -9999 -9999 -9999 -9999 -9999 -9999 -9999 -9999 -9999 -9999 -9999 -9999 -9999 -9999 -9999 -9999 -9999 -9999 -9999 -9999
869.190330505371 1001.24287319183 1208.04831695557 1650.23929595947 2179.37005615234 1279.47588348389 1135.00936126709 953.256126403809 1185.21970367432 853.345100402832 854.184242248535 824.019680976868 781.972045898438 638.661163330078 763.022019386292 747.201110839844 796.675647735596 655.30598449707 949.80086517334 810.519396781921 724.870384216309 842.254189610481 794.61794090271 823.65908241272 845.820825576782 786.706329345703 798.95760345459 987.723094940186 888.300359725952 802.78267288208 799.643112182617 -9999 -9999 -9999 -9999 -9999 -9999 -9999 -9999 -9999 -9999 -9999 -9999 -9999 -9999 -9999 -9999 -9999 -9999 -9999
1095.80043029785 975.27751159668 726.905578613281 1385.15308952332 1634.1509552002 1563.32453918457 1665.18452453613 1241.78206634521 1001.34483718872 841.097747802734 1031.80444717407 986.549787998199 979.085926055908 844.104049682617 841.423252105713 822.92822265625 870.662588119507 866.323778152466 787.853731155396 864.455978393555 740.118801116943 796.281036376953 877.808073043823 842.040234327316 810.401031494141 818.992977142334 864.269393920898 978.422988891602 851.087348937988 774.137306213379 906.019325256348 -9999 -9999 -9999 -9999 -9999 -9999 -9999 -9999 -9999 -9999 -9999 -9999 -9999 -9999 -9999 -9999 -9999 -9999 -9999
1253.76975727081 845.504127502441 850.492401123047 1225.43580627441 1264.91326904297 1595.89263916016 1405.1110458374 1278.43534088135 1905.66143798828 1414.85153579712 1308.17174530029 1242.03514862061 1191.97312927246 1835.18852233887 1175.78512001038 958.52424621582 898.079586029053 998.764572143555 808.159669876099 771.089641571045 955.317817687988 989.657852172852 993.517272949219 838.161089897156 787.152633666992 761.074974060059 824.662410736084 834.918483734131 935.250431060791 774.892631530762 860.784014701843 719.961288452148 -9999 -9999 -9999 -9999 -9999 -9999 -9999 -9999 -9999 -9999 -9999 -9999 -9999 -9999 -9999 -9999 -9999 -9999
1251.65533447266 986.671520233154 882.315093994141 968.300559997559 941.54630279541 1365.04661560059 1625.47035217285 1348.65539741516 1253.55860376358 1404.61798477173 1381.5531463623 1279.6206817627 1363.68211364746 1524.20616149902 1093.4059753418 1058.53435134888 1022.0609664917 818.050712585449 773.870025634766 834.161952972412 810.806175231934 737.003036499023 647.931289672852 717.989875793457 698.898132324219 816.24422454834 731.924987792969 773.516983032227 897.06859588623 696.22257232666 956.994613647461 781.425895690918 662.292587280273 -9999 -9999 -9999 -9999 -9999 -9999 -9999 -9999 -9999 -9999 -9999 -9999 -9999 -9999 -9999 -9999 -9999
774.475318908691 1003.69847488403 1332.99631500244 940.86492729187 900.458047866821 1328.80764770508 1362.48139953613 1236.48062133789 1309.5401802063 1454.49038696289 1452.90711975098 1294.4720916748 1227.15205383301 1214.03642272949 1151.81707763672 1051.88958358765 966.940878629684 829.135146260262 931.93482208252 984.549087524414 823.173402786255 845.188953399658 675.601364135742 701.352447509766 696.124847412109 751.350921630859 671.607528686523 780.857444763184 984.751163482666 721.898445129395 866.624076843262 853.755687713623 830.691337585449 -9999 -9999 -9999 -9999 -9999 -9999 -9999 -9999 -9999 -9999 -9999 -9999 -9999 -9999 -9999 -9999 -9999
