simdem/realisation35.asc
NCOLS 350 
NROWS 171 
XLLCORNER 152620 
YLLCORNER 418050 
CELLSIZE 100 
NODATA_value -9999 
[rows 22 to 43 of 171, columns 50 to 99 of 350]
-9999 -9999 -9999 -9999 -9999 -9999 -9999 -9999 -9999 607.691806793213 592.722507476807 646.084602355957 675.108559608459 613.034317016602 354.432159423828 333.624557495117 325.119110107422 561.561337471008 699.920364379883 533.236366271973 472.633850097656 421.714920043945 720.923431396484 617.055206298828 881.758773803711 681.983598709106 609.44660949707 513.776260375977 585.149719238281 602.622028112411 631.514543533325 580.391351699829 580.550498962402 632.916011810303 589.464215278625 499.45361328125 237.345672607422 371.661254882812 335.896301269531 401.896286010742 468.632991790771 460.175880432129 1067.22557067871 645.379802703857 692.96923828125 509.019020080566 602.940750598907 636.240219116211 666.238006591797 1664.55648803711
-9999 -9999 -9999 -9999 -9999 -9999 -9999 -9999 917.926748275757 577.90495300293 556.883277893066 562.38404083252 615.726989746094 189.461822509766 279.423843383789 475.947639465332 532.264801025391 629.156264305115 515.855377197266 532.662132263184 570.052803039551 779.110877990723 657.754734039307 623.237312316895 608.670974731445 564.502117156982 553.199151992798 448.329620361328 539.692310810089 598.091709136963 481.503787994385 551.782745361328 534.937585830688 588.435968399048 452.738471984863 636.306343078613 301.960723876953 894.579277038574 626.236114501953 1103.65370941162 720.093673706055 447.545349121094 612.030015945435 551.223281860352 580.765191555023 663.307800292969 660.769432067871 765.884300231934 689.293312072754 1230.70501083136
-9999 -9999 -9999 -9999 -9999 -9999 -9999 922.67391204834 756.635986328125 838.159568786621 604.003410339355 535.877899169922 439.020755767822 289.81494140625 401.841606140137 509.658126831055 538.355308532715 530.383117675781 545.287033081055 557.280014038086 702.761871337891 714.051414489746 535.546863555908 658.284927368164 733.431205749512 619.737800598145 529.932312011719 449.018157958984 535.311923980713 1118.43141174316 428.545837402344 549.567588806152 641.309219360352 706.914367675781 903.906608581543 703.354711532593 552.094886779785 575.663192749023 537.46614074707 719.805191040039 587.780893325806 590.891121864319 388.777816772461 444.357864379883 463.382301330566 595.237895965576 573.888803005219 469.80224609375 594.346824645996 1087.30247306824
-9999 -9999 -9999 -9999 -9999 -9999 785.755004882812 495.941131591797 805.630996704102 801.083145141602 432.607421875 589.862266540527 433.51509475708 527.210041046143 433.190528869629 637.12744140625 601.315259933472 538.49617767334 471.601211547852 611.909149169922 630.786083221436 606.478591918945 392.547393798828 607.40141582489 538.417407989502 618.127014160156 337.693374633789 897.994781494141 625.990707397461 683.807144165039 572.619888305664 538.425506591797 719.033571243286 979.488822937012 729.74613571167 794.149047851562 646.827360153198 456.352615356445 545.883388519287 665.757019042969 594.940960884094 523.628248214722 681.923721313477 473.208297729492 711.460689544678 635.305587768555 558.817090988159 682.898368835449 682.646842956543 889.23645401001
-9999 -9999 -9999 -9999 -9999 674.26708984375 452.016891479492 335.186294555664 353.057556152344 523.522315979004 564.443016052246 579.131896972656 645.271850585938 517.877166748047 637.164321899414 608.705753326416 356.058898925781 452.39234161377 589.957794189453 471.988990783691 517.647369384766 379.554504394531 317.286895751953 410.645706176758 447.089691162109 758.272701263428 644.409530639648 623.424209594727 856.440849304199 555.495468139648 469.001037597656 571.802703857422 719.277362823486 579.504913330078 630.331871032715 685.617024421692 470.212760925293 387.016387939453 626.970878601074 640.002952575684 685.915054321289 633.158946990967 555.404272675514 594.33194065094 516.885948181152 656.329666137695 560.215171813965 705.019432067871 651.293407440186 680.163404464722
-9999 -9999 -9999 -9999 513.107566833496 799.881736755371 392.416328430176 444.446243286133 538.833843231201 712.638404846191 544.224571228027 799.314643859863 628.80526971817 613.575874328613 576.268211364746 723.757368087769 377.213775634766 437.298622131348 564.346996307373 502.160079956055 381.966003417969 165.528564453125 364.897750854492 876.567909240723 964.407076358795 663.457397460938 590.727554321289 712.649230957031 690.569911956787 519.622467041016 397.221923828125 580.001091003418 538.764389038086 589.649139404297 564.492080688477 687.122173309326 704.792579650879 597.549359321594 661.390495300293 759.669845581055 748.113494873047 559.832206308842 471.633178710938 525.088764190674 609.747974395752 568.565457344055 547.786557197571 531.2568359375 598.484117031097 408.37939453125
-9999 -9999 -9999 1098.75830078125 549.146946907043 575.040628433228 594.101229667664 494.914018630981 587.793308258057 591.853992462158 652.700958251953 569.319129943848 666.185043334961 542.003768920898 725.388845443726 613.762800216675 736.743618011475 511.619277954102 565.984343528748 447.953277587891 306.994934082031 338.381729125977 755.083465576172 414.46565246582 542.628761291504 597.522048950195 503.252380371094 396.869201660156 410.104537963867 489.707225799561 413.076927185059 461.250587463379 546.698799133301 669.414070129395 512.341728210449 583.307885169983 723.63639831543 634.637466430664 596.745961368084 809.5234375 693.095306396484 598.377922058105 522.250916004181 543.575210571289 483.188371658325 492.110134124756 637.030815124512 455.824081420898 516.250694274902 530.762435913086
-9999 -9999 729.607362747192 1076.91883850098 376.668579101562 461.871044635773 626.882543563843 657.026748657227 677.581970214844 684.206371307373 593.495826721191 478.220291137695 543.055686950684 763.360773086548 649.069911956787 621.040912628174 683.948568344116 565.859596252441 959.468604803085 549.255989074707 1039.60050964355 639.789222717285 399.601776123047 355.154922485352 423.428970336914 441.890144348145 292.126327514648 498.154731750488 359.319793701172 459.301738739014 506.423663139343 602.718192100525 479.032730102539 551.973417282104 639.561836242676 669.522933959961 576.043365478516 677.360229492188 530.54998588562 692.078750610352 556.92174911499 555.998519897461 464.990177154541 614.146499633789 551.515380859375 569.310550689697 601.133377075195 598.638538360596 518.159164428711 789.828552246094
-9999 -9999 743.991199493408 1104.46647262573 1052.6079120636 377.498275756836 613.497465848923 503.954978942871 648.902275085449 674.574138641357 543.567489624023 341.941680908203 716.669036865234 737.536327362061 743.448612213135 736.183792114258 619.440908432007 470.515014648438 787.89136505127 517.22681427002 595.909027099609 605.599273681641 579.838981628418 451.683746337891 251.703277587891 332.944946289062 391.381320953369 481.922069072723 373.73331451416 505.148197174072 412.278381347656 311.798828125 600.664855957031 440.037347793579 638.36051940918 428.929801940918 726.153579711914 584.0998878479 603.092056274414 556.030395507812 502.975793838501 601.656482696533 555.241958618164 607.166938781738 620.878005981445 548.933078765869 519.411651611328 530.56006526947 459.741020202637 673.353202819824
-9999 678.00901222229 696.510814666748 652.519472122192 448.416793823242 633.838188171387 570.326084136963 614.238624572754 660.844242095947 542.060081481934 588.443828582764 552.940414428711 681.012910366058 651.325301170349 603.922271728516 571.766586303711 471.78987121582 520.860893249512 528.708002090454 561.774591445923 667.728096008301 562.561098098755 476.937686681747 423.162879943848 377.960807800293 453.059566497803 353.477310180664 493.894016265869 583.08984375 536.584815979004 383.118431091309 265.604263305664 391.947170257568 378.155952453613 498.967479705811 545.059959411621 492.049531936646 551.989128112793 456.406621932983 528.745475769043 582.34992980957 575.102119445801 520.516691207886 475.430000305176 590.795593261719 583.572555541992 588.684730529785 562.156192779541 619.496917724609 488.466659545898
728.512260437012 677.583032608032 583.389976501465 492.49772644043 525.349479675293 582.445049107075 589.135275840759 626.952880859375 459.54670715332 473.862213134766 593.33793258667 636.161308288574 614.884155273438 582.284568786621 628.717211842537 559.463039398193 474.314937591553 605.660049438477 391.971130371094 541.842193603516 564.230102539062 317.655426025391 434.128620147705 486.931217193604 466.619012832642 498.682788848877 496.404500961304 528.84264755249 641.050231933594 512.736310958862 380.922966003418 448.137130737305 492.024108886719 649.770370483398 429.835645675659 459.22568321228 431.18438911438 315.029266357422 407.301694869995 481.144199371338 479.232005119324 513.884546279907 625.909088134766 398.397506713867 458.085333049297 556.858554840088 526.844444274902 613.465553283691 529.199330806732 585.908843994141
742.639266967773 488.826854705811 445.037368774414 658.82124710083 519.960590362549 503.505966186523 641.911243438721 530.20125579834 577.336601257324 545.247817993164 658.291767120361 555.68436050415 744.647857666016 604.933822631836 637.176853179932 487.635747909546 551.330452919006 570.959957122803 409.370048522949 459.816493988037 327.120025634766 266.848297119141 374.827453613281 401.932159423828 459.938984870911 525.478851318359 523.625839233398 590.218620300293 507.750907897949 436.487773895264 470.121284484863 308.721221923828 493.040904998779 502.60343170166 511.701934814453 526.634365081787 458.006642341614 398.129150390625 491.828372955322 433.314962387085 454.641079902649 516.197882652283 434.354763031006 431.260749816895 528.070579528809 543.553779602051 533.687404632568 424.028423309326 521.250915527344 483.883383750916
690.87020111084 563.279552459717 555.898468017578 586.075558662415 489.264663696289 573.059562683105 611.71964263916 428.940433502197 524.704635620117 621.108692169189 532.45288848877 595.037061691284 484.50863724947 632.284227371216 570.588638305664 732.862327575684 402.605140686035 498.972389221191 496.230163574219 456.936374664307 353.66609954834 278.143692016602 396.646492004395 375.869667053223 535.354888916016 530.021934509277 493.484824180603 591.638969421387 517.933723449707 479.063945770264 432.371473312378 308.853820800781 368.408798217773 408.973827362061 451.802368164062 592.154006958008 466.476280212402 444.67350769043 411.358699798584 439.776738166809 381.694259643555 495.329719543457 469.940803527832 330.228927612305 358.872619628906 575.147079467773 571.716293334961 420.667297363281 451.476753234863 455.567348480225
626.314636230469 494.048160552979 510.170286655426 630.051887512207 471.646564483643 500.152717590332 483.450042724609 867.359322071075 734.92993927002 521.139755249023 536.973476409912 514.86771607399 569.646987557411 459.004009246826 493.411041259766 361.569358825684 418.02571105957 458.406883239746 389.415863037109 485.03935956955 460.39218378067 402.928127288818 476.885400772095 478.984558105469 407.955690383911 525.838356018066 380.17350769043 339.136650085449 358.03662109375 529.383079528809 405.544990539551 400.379371643066 348.948524475098 401.004886627197 464.398259878159 426.701860427856 543.458442687988 397.450202941895 544.878021240234 485.505935668945 341.737358093262 343.313690185547 494.864791870117 505.566368103027 456.765109062195 456.933517456055 405.510665893555 497.178556442261 508.496419906616 555.471900939941
794.626754760742 549.000282287598 541.774784088135 574.972728729248 526.265441894531 566.413270950317 484.208480834961 751.51381111145 749.547660827637 791.386682510376 451.55704498291 551.325248718262 520.155148983002 589.670867919922 665.326232910156 240.22705078125 483.928281784058 446.348190307617 408.42244720459 383.922233581543 462.501323461533 443.268915891647 551.08659362793 459.674774169922 459.2294921875 283.525909423828 346.732543945312 392.313682556152 434.129834651947 561.682945251465 514.217178344727 381.705810546875 325.400192260742 472.190790176392 489.860950469971 443.151668548584 609.492279052734 506.423683166504 481.489051818848 462.007200241089 414.11642074585 413.406468391418 406.85555267334 487.485057830811 429.585651397705 344.199676513672 481.027919769287 552.996353149414 498.723578929901 513.42170715332
551.160591125488 425.019416809082 475.836204528809 661.385810852051 650.878209114075 551.869899749756 281.465942382812 591.347770690918 693.398659229279 756.362232208252 381.006362915039 646.477439880371 545.991888284683 637.311416625977 607.647994995117 530.154947280884 458.471351623535 494.131967067719 499.59358215332 547.042236328125 453.725703239441 324.620697021484 302.823532104492 284.586715698242 384.437675476074 468.172765731812 442.056354522705 437.624208450317 323.771926879883 417.728902816772 373.020355224609 326.978691101074 412.837191820145 503.5576171875 417.105592727661 451.132040023804 375.735137939453 542.959083557129 397.911842346191 453.258010864258 533.822799682617 460.781791687012 341.84644317627 450.170803070068 494.359218597412 246.930770874023 484.675590515137 491.755968093872 341.583694458008 563.81746673584
561.06090927124 268.774978637695 391.038665771484 505.054588317871 422.612449645996 488.41283416748 366.130401611328 771.837280273438 822.003295898438 1093.82161712646 623.520362854004 472.682434082031 492.136343002319 485.382740020752 458.049980163574 530.656911849976 450.444634437561 452.351566314697 404.927026510239 507.579711914062 447.902371406555 235.004776000977 318.734260559082 326.66739654541 433.239417076111 511.777458190918 491.336860656738 366.390853881836 340.998680114746 291.804931640625 304.725738525391 459.122509002686 418.536221504211 450.960880279541 395.93782043457 337.203056335449 352.814750671387 411.278545379639 363.508041381836 452.045406341553 395.649284362793 444.069854736328 434.62575340271 405.701457977295 457.842485904694 369.155746459961 452.137105941772 570.596641540527 446.924833297729 450.060840606689
418.825729370117 367.53653717041 434.374969482422 617.117370605469 325.065803527832 322.890266418457 315.450775146484 368.315628051758 460.098968505859 603.410667419434 372.109298706055 552.495740890503 567.844284057617 558.752449035645 419.40998840332 425.025016784668 573.067611694336 361.196807861328 492.676021575928 485.762453079224 503.530559539795 429.205759048462 323.274299621582 394.238067626953 484.052536010742 464.01197052002 358.366088867188 312.701995849609 384.640464782715 306.187469482422 426.063712120056 475.627471923828 537.429840087891 478.130874633789 518.006553649902 323.110313415527 228.256408691406 376.219207763672 442.887769699097 534.050468444824 405.617256164551 587.660663604736 476.81184387207 583.060119628906 512.860626220703 344.887023925781 564.105865478516 497.165046691895 348.660835266113 482.341690063477
450.63890838623 563.822898864746 632.310173034668 592.481475830078 578.485877990723 396.072088241577 449.13289642334 582.662330627441 412.720611572266 526.44694519043 491.122894287109 513.046779632568 541.72660779953 428.759231567383 557.686126708984 551.507476806641 384.5263671875 431.977813720703 571.742576599121 562.601303100586 371.533599853516 281.916519165039 489.252220153809 535.638664245605 579.106704711914 457.470897674561 326.010223388672 314.537490844727 435.980551719666 379.129058837891 462.216705322266 461.99532699585 445.404980301857 438.489915370941 400.371099472046 299.139022827148 288.677276611328 402.368045806885 557.943336486816 457.324429512024 502.747718811035 511.658210754395 407.768562316895 562.381988525391 426.212867736816 403.618076324463 676.408782958984 658.923324584961 367.007904052734 454.439607620239
398.190185546875 476.99250793457 532.904731750488 563.297752380371 569.580108642578 403.185485839844 439.119213104248 642.644578933716 655.871170043945 1096.03476715088 421.626678466797 279.143035888672 513.264812469482 391.180709838867 552.574051380157 432.512802124023 320.187652587891 494.876480102539 435.384521484375 405.949481964111 427.061489105225 401.621246337891 412.189119338989 578.841018676758 376.783740997314 457.796161651611 398.375496387482 361.783451080322 339.061233520508 401.359647750854 397.64769744873 386.614284515381 395.057739257812 289.837463378906 356.429828643799 298.117118835449 418.442218780518 341.879653930664 367.979370117188 469.285871505737 487.153043746948 385.519493103027 466.723693847656 404.148063659668 416.282566070557 288.112716674805 416.942138671875 446.937586784363 357.597206115723 495.563789367676
700.399848937988 821.780662536621 596.68522644043 772.135021209717 438.31290435791 447.183837890625 556.380743026733 458.369689941406 543.639636993408 554.251625061035 577.568651199341 525.13774394989 477.644672393799 396.801040649414 399.778945922852 537.946794509888 444.664093732834 388.670593261719 479.550506591797 641.415084838867 475.070983886719 441.69312286377 490.341159820557 436.900835037231 427.276278495789 544.222198486328 448.740867614746 383.264209747314 456.379598617554 377.314247131348 374.988388061523 312.647171020508 426.742326855659 372.649761199951 265.964874267578 239.776107788086 218.35774230957 366.576675415039 321.20255279541 469.654125213623 404.957786560059 546.221367835999 303.805526733398 305.807250976562 353.49072265625 332.825752258301 407.757959365845 510.799797058105 369.748977661133 389.724395751953
514.362426757812 768.828552246094 599.312133789062 863.25952911377 386.204561233521 327.095558166504 555.232364654541 450.636489868164 517.96240234375 451.64192199707 734.830711364746 536.770095825195 421.100044250488 450.937477111816 489.284945487976 431.530990600586 438.134737014771 517.95174407959 487.828639984131 426.504183292389 536.109642028809 483.982398986816 439.048385620117 472.954315185547 518.21614074707 582.894866943359 540.654182434082 433.651678085327 476.012210845947 363.681568145752 377.282638549805 404.080986022949 463.013042449951 266.335357666016 309.25316619873 343.027549743652 394.52759552002 272.822525024414 480.85103225708 481.151277542114 330.797622680664 544.198401451111 427.376239776611 436.301248550415 273.609069824219 397.945941925049 445.121138572693 498.678867340088 415.571727752686 460.685260772705
