simdem/realisation18.asc
NCOLS 350 
NROWS 171 
XLLCORNER 152620 
YLLCORNER 418050 
CELLSIZE 100 
NODATA_value -9999 
[rows 22 to 43 of 171, columns 100 to 149 of 350]
540.023113250732 441.801193237305 423.52717590332 490.863624572754 576.939559936523 520.852073669434 813.650650024414 700.708507299423 719.268215179443 695.198799133301 1007.12948608398 567.461212158203 539.502426147461 965.503476142883 600.048095703125 421.645919799805 648.002593994141 695.222702026367 514.13720703125 524.146026611328 1010.34880828857 767.046264648438 314.221832275391 355.516296386719 513.013679504395 500.536201477051 491.480003356934 550.636737823486 673.782005310059 505.226722717285 632.395645141602 683.120132446289 545.342636108398 548.08366394043 570.873874664307 615.985637664795 482.851211547852 522.249771118164 574.852115631104 639.029775619507 589.171543121338 608.727504730225 602.660737991333 747.618469238281 579.640502929688 657.541725158691 482.920761108398 591.047119140625 529.090431213379 750.271507263184
360.272003173828 258.275848388672 410.778411865234 355.542739868164 395.761322021484 872.164421081543 748.803073883057 561.463119506836 701.489734649658 588.537879943848 1775.74957275391 762.217460632324 594.191452026367 1085.63437652588 530.867767333984 730.027946472168 822.706130981445 462.115814208984 449.693420410156 334.274658203125 788.194129943848 474.418838500977 979.800079345703 902.120742797852 596.96590423584 651.727996826172 494.168342590332 609.880613327026 726.477279663086 590.833240509033 476.125297546387 611.48836517334 662.523216247559 647.219815328717 575.461544036865 594.571056365967 482.503280639648 563.137474060059 537.01163482666 512.630935668945 697.243461608887 673.859230041504 661.119297027588 611.133689165115 524.23433303833 605.296992301941 649.436344146729 576.421758651733 612.701186180115 570.566963195801
472.495391845703 396.616882324219 463.15966796875 491.297485351562 423.793670654297 759.964904785156 475.146347045898 740.288471221924 579.431324005127 603.649617195129 705.449439048767 1066.14896297455 644.470512390137 699.08618927002 685.27473449707 890.587799072266 579.396011352539 419.490905761719 617.909690856934 870.863480806351 927.130268096924 477.264404296875 419.857879638672 443.52619934082 735.627346038818 574.955230712891 594.899749308825 656.409843444824 783.753112792969 576.828959226608 560.033874511719 511.026218414307 596.322034835815 629.957191467285 467.912094116211 613.717609405518 501.126502990723 546.963272094727 599.212423324585 672.91657435894 797.634323120117 726.272735595703 642.400339126587 539.109352111816 542.846269607544 670.398468017578 565.330610275269 489.211753845215 588.001591682434 523.947608947754
562.616891860962 564.723797798157 746.095534324646 507.664215087891 452.181167602539 582.722305297852 880.729259490967 1173.75299072266 672.009223937988 951.761688232422 1004.08857154846 939.035007357597 1053.57052612305 877.33500289917 838.882190704346 1130.97198104858 729.077342987061 575.965599060059 301.134246826172 741.683959960938 1370.18440246582 395.645568847656 505.342864990234 577.800779342651 504.654678344727 321.717544555664 648.430686950684 676.64249420166 682.360404968262 742.676803588867 613.805171966553 568.430982589722 543.663551330566 793.059952020645 567.079986572266 551.208686828613 518.940124511719 619.070718765259 579.752414703369 568.825679779053 486.311111450195 674.116416931152 656.541404724121 540.023960113525 469.091567993164 556.080205917358 541.74017906189 614.583526611328 527.23365020752 521.655651092529
507.373676300049 619.814796447754 812.246978759766 406.492645263672 523.423385620117 582.375684738159 713.051795959473 959.880142211914 1106.18093109131 637.189682006836 724.786882400513 826.87580871582 910.547300338745 789.918884277344 956.805744171143 1085.11669921875 657.079048156738 633.439437866211 645.044342041016 309.036285400391 1053.47939300537 491.829467773438 617.63109588623 512.368270874023 516.94408416748 423.277328491211 560.302614212036 540.030969619751 606.682983398438 593.101356506348 418.503082275391 493.749580383301 520.118438720703 622.745506286621 612.992542266846 587.437170028687 636.568088531494 615.151382446289 475.002494812012 479.408554077148 546.358543395996 547.379474639893 584.979568481445 547.927440643311 530.790252685547 644.645774841309 545.505836486816 488.01545715332 493.893165588379 447.65934753418
398.1513671875 539.393516540527 415.912796020508 326.56103515625 916.079498291016 1363.84231567383 804.044042348862 578.282510757446 711.164095878601 771.561859130859 554.522476196289 829.168678283691 756.264644622803 749.217308044434 758.958679199219 1225.82293701172 1468.8067779541 639.280387878418 538.36262512207 586.977874755859 475.965591430664 475.882339477539 643.372224807739 609.071006774902 736.261486053467 569.874176025391 423.257064819336 663.465606689453 692.798477172852 458.422897338867 540.906343460083 495.314064025879 522.335466384888 549.913885116577 493.230827331543 550.278049468994 612.527214050293 595.145213127136 493.15079498291 619.898602962494 678.451759338379 573.312504827976 609.745780944824 678.4033203125 553.796524047852 574.74528503418 475.697547912598 570.475447654724 397.270812988281 500.653911590576
488.421920776367 828.506828308105 333.581573486328 503.053573608398 347.109497070312 641.609630584717 543.811595916748 423.829742431641 810.025632381439 436.189041137695 705.619537353516 697.518332481384 377.655029296875 657.006408691406 987.587989807129 653.910228729248 644.301599502563 955.269668579102 1018.00866699219 375.60578918457 470.423080444336 581.224598884583 553.204467773438 581.58413541317 574.509552955627 518.51244354248 518.615684509277 776.880645751953 614.219169616699 544.602897644043 505.948474884033 624.396778106689 492.696586608887 498.744228363037 505.327373504639 589.225175857544 638.129333496094 625.347282409668 582.076484203339 702.778747558594 431.408096313477 495.186721801758 570.156063079834 656.796920776367 561.160570144653 434.636688232422 380.098220825195 420.424682617188 537.363845825195 668.976371765137
440.416549682617 367.110122680664 303.206634521484 441.738433837891 510.927238464355 415.254760742188 505.586860656738 552.698961257935 763.911499023438 610.903134346008 971.910222053528 602.043422698975 774.978805541992 1027.59895324707 972.240310668945 557.828727722168 490.270240783691 393.979934692383 441.855331420898 442.297546386719 606.80948638916 578.569206237793 478.882911682129 596.871115922928 596.941009521484 831.028610229492 502.308546066284 563.067691802979 506.505821228027 517.844542503357 447.04224395752 473.271324157715 359.68000793457 481.05778503418 582.612228393555 600.095199584961 685.337135314941 632.740234375 631.64582824707 689.099594116211 587.437511444092 691.875930786133 683.380073547363 571.993497848511 475.15353012085 556.358670204878 465.846138000488 446.239700317383 368.862838745117 521.325561523438
458.512023925781 345.908599853516 332.536285400391 602.504501342773 670.982727050781 582.01177740097 682.195907592773 653.351615905762 627.241436004639 872.604641914368 636.14826965332 500.657508850098 644.124076843262 839.560216903687 737.774002075195 1044.83662033081 523.937026977539 497.283889770508 326.606399536133 525.009744644165 597.085166931152 455.630737304688 524.156280517578 603.066028594971 913.512802124023 1889.56353759766 554.218388557434 616.532241821289 560.628044128418 478.374908447266 593.668159484863 414.304306030273 473.415683746338 530.764699935913 461.015525817871 430.880096435547 490.66961479187 607.699011325836 565.9255464077 548.179630279541 501.504837036133 584.172008514404 665.942268371582 618.696159362793 586.897743225098 582.678562164307 598.658149719238 571.970264434814 442.658317565918 630.985473632812
278.331359863281 410.646995544434 339.08381652832 507.255157470703 1331.32326507568 586.913093566895 579.571998596191 391.866271972656 741.736459732056 539.648281097412 762.94612121582 835.075381278992 646.114252261817 558.582234442234 622.565212249756 746.708923339844 570.464538574219 435.572937011719 401.904067993164 557.438325881958 504.779914855957 594.116966247559 641.362152099609 643.899467468262 703.174758911133 657.702423095703 489.580862045288 432.496200561523 433.34725189209 500.9842004776 515.995045185089 444.994110107422 434.017486572266 499.768888473511 348.995849609375 455.414779663086 492.592140197754 549.316834449768 526.04437828064 421.720993041992 473.427070617676 401.807739257812 641.772491455078 496.157249450684 606.847198486328 599.729095458984 711.789520263672 533.834752082825 527.205615997314 478.870750427246
573.153125762939 333.132888793945 430.200088500977 359.630126953125 596.059164524078 605.59383392334 496.87495803833 972.544227600098 1293.02741241455 707.363891601562 737.297561645508 768.499069213867 749.192500114441 553.486764907837 698.226516723633 628.785087585449 527.947418212891 413.309387207031 518.788398742676 577.72624206543 604.355358123779 561.072157621384 658.42537689209 532.432760238647 612.267112731934 568.141326904297 484.645669937134 457.95552444458 348.234436035156 458.658355712891 393.725364685059 603.584747314453 378.208076477051 543.862758636475 488.689811706543 385.80989074707 396.124633789062 437.284881591797 499.02991104126 465.91622543335 624.833076477051 680.465209960938 755.023223876953 586.176692962646 500.162391662598 604.053871154785 721.471603393555 598.955585479736 609.394241333008 488.224185943604
455.066741943359 502.131398558617 437.159164428711 533.587566375732 382.855407714844 504.299102783203 519.757764816284 579.424560546875 671.614772796631 554.876303434372 711.410564422607 564.285453796387 541.244905948639 863.495826721191 413.144332885742 612.059257507324 508.542168617249 427.583786010742 520.796800136566 602.023735046387 465.874732971191 491.693096160889 467.523933410645 603.67749786377 581.60376739502 452.542556762695 570.850166320801 496.045544624329 426.659202575684 436.659706115723 416.712554931641 456.394969940186 490.861095428467 450.936698913574 508.131721496582 463.420166015625 444.506797790527 510.112366676331 679.466247558594 439.162002563477 496.361553907394 592.682014465332 643.571044921875 516.943310022354 518.532647132874 574.489841461182 606.548522949219 595.713073730469 666.607086181641 572.550493240356
417.798347473145 517.308876037598 549.54264831543 417.919040679932 435.953216552734 463.682388305664 481.872664451599 517.086689949036 429.609519958496 404.107948303223 543.663190841675 569.241931915283 473.952037811279 509.308216810226 582.697776794434 561.865119934082 517.854166984558 465.12593460083 441.403739929199 558.198886871338 485.25061416626 593.784362792969 630.275581359863 642.678192138672 504.393390655518 485.6240234375 456.170030593872 639.373306274414 658.574859619141 443.763946533203 455.863990783691 428.296165466309 432.959861755371 372.854362487793 504.16964006424 399.648971557617 424.885345458984 563.299903869629 531.00390625 629.609603881836 526.334047317505 448.252059936523 524.722951889038 592.566215515137 484.241451263428 495.295917510986 595.218414306641 598.830059051514 527.446266174316 570.511392354965
455.675100326538 522.14826965332 534.704704284668 428.53556060791 416.713848114014 283.084823608398 387.843780517578 500.411232948303 539.877155303955 648.361312866211 610.363777160645 562.931423187256 377.86784362793 330.447006225586 535.067176818848 481.638490796089 459.189477920532 490.622374534607 494.814332008362 608.867179870605 531.08650970459 497.272306203842 604.452438354492 643.58283996582 643.04443359375 498.275063514709 416.419002532959 438.92261505127 660.201019287109 470.642393112183 570.196739196777 401.744262695312 395.444000244141 350.612976074219 389.586524963379 435.392486572266 482.581212282181 607.517059326172 658.207946777344 526.665147781372 605.645835876465 540.21460723877 522.966911353171 610.597290039062 624.240760803223 542.15892124176 601.023139953613 536.571618080139 603.789154052734 541.818084716797
546.691581726074 459.887292861938 414.04264831543 455.511079788208 513.095685958862 477.655401229858 250.304275512695 264.706665039062 553.243996620178 480.532735824585 468.118396759033 359.887390136719 494.787221908569 521.182552337646 530.601654052734 611.908103942871 576.123069763184 482.200913786888 559.023506164551 568.053726196289 476.486251831055 384.702087402344 319.98779296875 482.010164260864 545.620986938477 540.716423034668 540.601509094238 386.260108947754 596.111755371094 484.192886829376 586.665626525879 474.488459587097 353.73811340332 434.001235961914 508.02373790741 500.219111442566 550.410469055176 499.285839080811 485.277252197266 461.102195739746 523.991760253906 458.112888336182 554.476081848145 518.2920358181 693.893020629883 512.845434188843 597.301231384277 637.938529968262 553.186237335205 403.865127563477
552.451362609863 607.677947998047 435.129873275757 557.663848876953 474.094520568848 387.501358032227 335.181854248047 248.494247436523 431.162158966064 363.601821899414 409.949974060059 482.51561164856 427.65657043457 524.681678771973 520.594390869141 560.748634338379 522.983615875244 425.384593963623 550.398406982422 566.784492492676 529.45182800293 406.115207672119 316.677436828613 465.906684875488 378.312271118164 532.339645385742 495.746715545654 484.405288696289 486.169962882996 379.021820068359 436.824249267578 408.207672119141 376.942642211914 373.51912689209 488.106774330139 502.712873458862 524.299179077148 462.470121383667 410.155876159668 569.621528625488 653.09831237793 633.747367858887 643.294036865234 539.543386459351 538.876663208008 509.781700134277 640.480171203613 658.523040771484 347.850891113281 464.950042724609
503.722873687744 636.214660644531 423.495655059814 415.898597717285 423.064105987549 471.326181411743 425.507080078125 376.567962646484 369.129173278809 369.845123291016 506.56502532959 405.810073852539 452.304256439209 402.305290222168 440.159326553345 403.960266113281 369.544677734375 479.497175216675 530.039436340332 501.56005859375 620.113891601562 448.866186141968 471.94558429718 464.026934623718 445.357801437378 562.306427001953 464.531875610352 521.025230407715 501.443172454834 370.781959533691 491.220827102661 506.905330657959 398.747505187988 425.559238433838 617.225616455078 615.84651184082 650.117706298828 411.450828552246 495.935523986816 610.808563232422 584.090240478516 607.970962524414 565.701065063477 410.20384979248 476.134635925293 565.155616760254 549.79504776001 582.256568908691 473.492713928223 496.66003036499
466.899362564087 482.966281890869 394.107555389404 464.565409660339 433.229810714722 428.309653282166 480.655418395996 326.65348815918 325.874786376953 393.245063781738 427.273471832275 496.060106277466 335.81120300293 506.494777679443 531.85375213623 337.27116394043 318.057403564453 448.73345375061 484.905939102173 545.315444946289 561.34814453125 525.736129760742 404.441444396973 497.590785980225 455.060616493225 405.958950042725 519.776947021484 429.76636505127 520.519004821777 467.528921127319 523.932285308838 515.223293304443 600.01000213623 417.643047332764 561.914367675781 546.421508789062 537.4465675354 508.434419631958 566.454666137695 553.997383117676 531.73176574707 546.863840103149 418.890953063965 563.53076171875 535.905656814575 602.336799621582 578.3258934021 523.97474861145 630.017776489258 743.606262207031
445.747505187988 481.862434387207 379.010322570801 503.792533874512 525.955200195312 447.03532409668 592.400161743164 455.433283805847 405.840423583984 479.056203842163 485.931756019592 403.334815979004 445.705268859863 461.100743293762 426.387615203857 471.839698791504 572.449546813965 448.292146682739 448.913051605225 333.740493774414 487.864889144897 507.768768310547 390.741874694824 507.967334747314 460.032917022705 416.017303466797 360.894752502441 525.676261901855 534.386627197266 580.836494445801 581.415031433105 640.083343505859 511.919925689697 435.713298797607 533.523231506348 499.919494628906 558.434410095215 481.148328781128 538.389444351196 434.473930358887 494.954823493958 470.701530456543 354.372589111328 511.514621734619 600.236854553223 769.174987792969 698.382293701172 571.390316009521 757.805389404297 718.319061279297
484.123142242432 450.942279815674 517.170387268066 579.479858398438 566.090232849121 393.368843078613 573.376182556152 572.551742553711 463.350083947182 483.988748550415 406.275604248047 414.947303771973 375.418754577637 494.89500617981 419.125621795654 485.839084625244 497.847264289856 498.40308380127 429.573295593262 420.546360015869 470.336115837097 388.657539367676 535.605045318604 497.247014045715 452.967258453369 499.89501953125 457.648166656494 249.505859375 407.863105773926 526.352531433105 506.394157409668 595.243156433105 598.335975646973 418.297542572021 447.963373184204 498.170652389526 410.031448364258 475.134792327881 549.018539428711 702.336486816406 721.464965820312 449.177658081055 313.908920288086 415.887222290039 518.574866771698 653.311973571777 657.483192443848 546.51208114624 598.285453796387 637.672523498535
382.323028564453 494.613346099854 610.875701904297 465.473289489746 501.965328216553 441.221603393555 509.664730072021 380.750228881836 433.221200942993 442.97305226326 514.96134185791 385.576442718506 287.433151245117 392.080902099609 305.657333374023 421.474792480469 587.719970703125 410.347343444824 419.483291625977 313.994476318359 558.902984619141 535.197494506836 546.449954986572 470.638116836548 379.734809875488 306.192932128906 482.378284454346 450.736198425293 433.034225463867 467.330299377441 504.804140090942 586.59644317627 512.905944824219 491.834819793701 330.3017578125 560.675392150879 403.580154418945 504.213148117065 489.02853012085 469.312408447266 672.608032226562 390.430465698242 416.777061462402 434.810386657715 491.212549209595 429.090972900391 571.224292755127 575.927761077881 460.608005523682 640.771942138672
374.279136657715 423.194118499756 455.452140808105 639.989074707031 646.574645996094 397.208797454834 427.517057418823 390.245491027832 486.826820373535 585.885299682617 451.095808982849 355.381134033203 455.066107273102 401.851093292236 407.194316864014 522.006359100342 523.459453582764 562.027542114258 462.251883029938 454.76021194458 425.547191619873 468.136795043945 524.271755218506 487.468863964081 303.062728881836 371.914421081543 371.475616455078 519.601140975952 562.064804077148 576.277442932129 437.698181152344 514.10428237915 574.685562133789 489.810341835022 490.832752764225 506.065755844116 407.245849609375 616.618339538574 479.58589553833 439.375923156738 628.818542480469 555.462524414062 448.356132507324 553.750244140625 476.6978931427 571.32426071167 647.190231323242 733.540191650391 598.041725158691 472.23083114624
