simdem/realisation92.asc
NCOLS 350 
NROWS 171 
XLLCORNER 152620 
YLLCORNER 418050 
CELLSIZE 100 
NODATA_value -9999 
[rows 44 to 65 of 171, columns 50 to 99 of 350]
686.254611968994 730.859607696533 670.393966674805 769.513191223145 310.201156616211 365.499908447266 519.877279281616 602.885604858398 601.364151000977 649.323150634766 923.776454925537 432.75577545166 529.899484634399 627.656890869141 584.05542755127 370.998153686523 531.054862976074 430.652841567993 355.545989990234 406.827844619751 460.531806945801 506.852493286133 533.29402923584 640.118927001953 548.59252166748 373.547832489014 362.622894287109 278.130508422852 418.692079544067 242.61393737793 201.391342163086 401.632961273193 427.421504974365 508.379028320312 390.893123626709 319.179260253906 483.663906097412 497.196434020996 526.804183959961 430.015460014343 194.163696289062 424.741188049316 396.78267288208 525.607681274414 505.046295166016 358.59188079834 399.665353775024 300.543075561523 303.478294372559 367.977108001709
785.199253082275 629.380952835083 562.050888061523 753.126693725586 370.054260253906 431.209861755371 499.569679260254 435.163398742676 501.984689235687 573.175247192383 564.019100189209 523.102893829346 523.883846282959 559.12096786499 508.389322280884 538.729118347168 729.364868164062 554.501235961914 429.588283538818 378.827182769775 467.611083984375 446.923608779907 497.65315246582 542.086441040039 547.208427429199 328.596031188965 307.628860473633 414.590579032898 393.162296295166 505.065010070801 373.10818862915 465.904668807983 398.464260101318 507.04761505127 347.714820861816 392.994674682617 464.713773727417 544.250671386719 417.385850906372 415.884810447693 283.057525634766 305.404083251953 338.908279418945 376.53942489624 504.905723571777 594.470252990723 495.446548461914 481.252830505371 335.398017883301 322.583320617676
541.9013671875 563.526664733887 505.700950622559 299.193893432617 367.842990875244 505.620559692383 623.626194477081 475.275291442871 642.001598358154 522.038505554199 499.144112586975 613.162689208984 563.309463500977 347.193588256836 333.470123291016 524.367126464844 657.38330078125 805.543304443359 518.335334777832 249.431030273438 415.807794570923 583.591781616211 463.115753173828 552.36051940918 572.341491699219 360.42671585083 385.322219848633 341.906898498535 371.891258239746 497.200424194336 413.020095825195 277.786712646484 337.256660461426 307.908409118652 222.964065551758 498.716228485107 427.281098365784 411.155847549438 450.873023986816 348.157661437988 465.712558746338 449.699514389038 450.527347564697 396.583650588989 396.084434509277 472.001453399658 474.024787902832 397.370220184326 312.882499694824 432.64622592926
582.757030487061 513.31732749939 307.01139831543 380.827301025391 283.51139831543 373.016448974609 952.112297058105 748.236263275146 544.440956115723 505.25028604269 580.214141845703 583.830604553223 522.435842514038 320.878890991211 491.573684692383 580.559539794922 602.474136352539 567.953643798828 407.109408855438 405.727651596069 395.4848985672 377.372838973999 470.613906860352 509.875854492188 350.423324584961 306.694786071777 481.335567474365 487.684745788574 435.68528842926 406.908149719238 489.928997039795 484.487714767456 415.098617553711 364.241912841797 354.815223693848 366.578323364258 453.705669403076 479.805824279785 426.470558285713 443.918665409088 418.047395706177 344.641334533691 440.212685585022 291.824676513672 283.719512939453 449.599884033203 501.759532928467 352.081787109375 444.884627819061 467.135736465454
287.537445068359 338.793182373047 375.861389160156 502.210636138916 550.938415527344 482.671981811523 459.941467285156 381.472946166992 487.8971118927 551.914100646973 688.581024169922 572.218036651611 515.036689758301 481.02619934082 579.248512268066 588.191909790039 381.353042602539 483.598159790039 456.265214920044 483.505500793457 261.147583007812 391.22950553894 504.631248474121 343.201324462891 395.987871170044 375.337154388428 492.766128540039 484.634395599365 418.822005271912 329.882766723633 469.972492218018 507.732105255127 436.180564880371 420.303308963776 347.667419433594 339.50952911377 472.268608093262 406.345090866089 502.877647399902 328.110412597656 443.416919708252 418.885814666748 322.891891479492 410.445922851562 249.822357177734 523.604026794434 499.387092590332 487.891332626343 517.824844360352 369.796073913574
425.724716186523 301.670341491699 522.670017242432 483.73815870285 547.574264526367 413.592552185059 384.872528076172 515.625534057617 571.265678405762 491.347148895264 557.606979370117 695.838485717773 644.632263183594 534.22135925293 598.722351074219 585.351150512695 354.714855194092 287.204238891602 396.214176177979 455.642566680908 431.845445632935 480.625686645508 378.457487106323 361.771511077881 447.88715171814 293.967391967773 330.79224395752 457.469913482666 371.521697998047 491.278430938721 493.754959106445 570.082824707031 372.925964355469 560.839630126953 581.793075561523 368.68656539917 407.427141189575 496.121368408203 516.819625854492 473.094610214233 288.297302246094 443.70170211792 407.17696762085 389.227897644043 420.694566726685 507.834831237793 446.33579158783 456.934113502502 354.307441711426 519.487812042236
234.066253662109 424.654651641846 474.058810710907 1029.85660600662 504.357280731201 400.221343994141 613.36270904541 494.739694595337 526.405460357666 487.243984222412 507.753364562988 563.881820678711 542.376541137695 490.574741840363 397.903823852539 485.034538269043 335.734527587891 398.092052459717 425.262749671936 408.252372741699 361.295513153076 330.666316986084 480.60652923584 451.359289169312 439.95166015625 306.806198120117 499.700317382812 346.070468902588 501.601051330566 387.846096038818 523.609962463379 393.745971679688 405.08709526062 491.267627716064 488.735111236572 428.711643218994 399.799038410187 417.867076873779 533.648948669434 507.864181518555 475.921649932861 463.83971786499 517.860015869141 444.658531188965 486.99471282959 532.368881225586 467.598110198975 501.307319641113 481.988647460938 291.246475219727
706.43851184845 549.580860137939 517.685852050781 748.89680480957 710.68505859375 567.66682434082 504.557669639587 418.20361328125 480.932731628418 565.332290649414 596.788330078125 576.276229858398 374.621433258057 398.380588531494 385.608295440674 504.326148986816 423.540365636349 459.710559844971 417.362073898315 450.471668243408 348.021759033203 452.417457580566 384.819240570068 431.699142456055 445.182918548584 441.059501647949 373.002635955811 455.213653564453 465.790473937988 340.460067749023 319.125595092773 447.970767974854 334.417083740234 333.103370666504 437.718524932861 441.145623207092 337.041778564453 299.38102722168 466.371215820312 413.067761421204 403.390796661377 498.83055973053 345.943061828613 353.845626831055 443.275527954102 429.747173309326 376.755407333374 538.001579284668 390.323192596436 332.547920227051
488.527938842773 360.674057006836 1056.39432144165 765.533004760742 609.775089263916 449.469264984131 439.791137695312 498.302108764648 444.299709320068 355.809997558594 432.258989334106 436.257723808289 423.122566223145 362.802772521973 227.620239257812 376.409614562988 538.357490539551 369.725360870361 590.537216186523 473.087959289551 456.504161834717 384.024421691895 456.320919036865 452.078125 501.549217224121 394.694414138794 509.375953674316 400.66443157196 359.669704437256 371.365074157715 359.875854492188 369.775583267212 427.866250991821 210.603713989258 378.854442596436 335.031875610352 284.205123901367 260.347045898438 322.743698120117 403.543842315674 508.514205932617 458.686359405518 445.681997299194 505.513198852539 368.737018585205 359.332935333252 440.77742767334 301.193473815918 367.389320373535 318.332809448242
653.774169921875 294.499481201172 463.868545532227 626.896068572998 524.853412628174 477.818607330322 471.404780387878 471.26590192318 305.495956420898 438.175384521484 383.762943267822 527.337562561035 420.391105651855 378.742294311523 325.441307067871 319.112777709961 386.257186889648 447.264662742615 437.371967315674 342.898834228516 485.043434143066 372.104263305664 472.606788635254 592.178619384766 647.601760864258 530.061973571777 522.827178955078 373.047101974487 254.531707763672 252.718322753906 275.314949035645 331.301849365234 343.620613098145 332.923164367676 467.655988693237 244.605346679688 288.383605957031 216.983474731445 392.560073852539 302.503135681152 264.050704956055 366.073244094849 363.279605865479 432.569080352783 381.039386749268 435.806335449219 410.045675754547 349.319637298584 341.797679901123 341.752807617188
695.207160949707 491.796615362167 495.939304351807 608.486625671387 590.594745635986 617.096294403076 534.254997253418 472.38569355011 516.182106018066 300.398574829102 374.387714385986 560.269805908203 413.721449375153 422.557239532471 449.71089553833 274.385147094727 335.67259979248 339.190021514893 420.320648193359 455.459953308105 400.014503479004 422.494840621948 317.457740783691 767.307067871094 639.015655517578 554.29801940918 459.174827575684 380.457466930151 255.350242614746 219.110748291016 226.926498413086 277.936370849609 284.807708740234 425.531637191772 338.08226776123 407.907804489136 389.673889160156 421.197292327881 420.351098060608 406.91429901123 540.342933654785 450.23327255249 422.961597442627 312.43985748291 312.936248779297 399.079048156738 300.058570861816 391.447116851807 400.777551651001 382.621532440186
693.647994995117 1117.38239383698 539.364570617676 556.793731689453 563.864426612854 579.076263427734 621.975509643555 519.395427703857 567.230735778809 429.783202409744 352.368698120117 484.396034240723 485.037036895752 470.283069610596 270.432144165039 421.806181311607 366.740871429443 359.013744354248 468.994945526123 469.584449768066 429.28192615509 452.260746002197 505.511024475098 548.724281311035 460.77513885498 412.688296318054 402.224946975708 350.521027088165 438.921035766602 392.119893074036 331.195816040039 319.489685058594 379.572597503662 426.717056274414 422.856996536255 461.468811035156 437.723129272461 453.487022399902 328.516342163086 361.762161254883 480.079162597656 601.923690795898 517.34545135498 309.630447387695 295.26042175293 294.847259521484 422.015755653381 448.500854492188 366.868103027344 211.161651611328
549.663833618164 698.16333770752 667.735084533691 591.71257019043 626.571006774902 641.363204956055 576.367767333984 467.461332798004 473.302890777588 389.307922363281 432.621086120605 429.952228546143 329.050941467285 379.041744232178 404.739906311035 398.014827728271 312.13988494873 386.923894882202 470.560150146484 508.391777038574 511.704948425293 495.630867004395 423.513332366943 477.938507080078 439.44596862793 334.320152282715 318.095372200012 360.630661010742 405.111667633057 509.329010009766 304.264385223389 341.278472900391 382.176551818848 453.300720214844 389.408016204834 464.60977935791 400.480693340302 342.525142669678 371.582172393799 361.774463653564 438.500865936279 431.751459121704 526.117874145508 305.97859954834 340.291870117188 366.579170227051 294.405876159668 382.806030273438 486.507545471191 464.712188720703
619.841693878174 507.266609191895 590.582424163818 504.177906036377 578.090364456177 654.54337310791 686.389083862305 454.955847263336 524.446762084961 431.572320401669 285.706680297852 337.136032104492 235.862457275391 293.77156829834 381.757110595703 514.50456237793 471.725521087646 437.164209365845 516.12654876709 410.96498632431 472.234008789062 511.1669921875 475.215141296387 405.836040496826 382.466835021973 380.439392089844 437.142944335938 277.185649871826 372.255237579346 456.354339599609 349.462549209595 426.679077148438 364.131633758545 378.604556083679 418.468826293945 324.536296844482 247.393989562988 268.277618408203 251.397674560547 368.228401184082 455.294609069824 495.82511138916 435.071697235107 382.916458129883 378.937160491943 540.89582824707 361.573329925537 299.562911987305 472.232444763184 547.070877075195
316.191940307617 507.389461517334 822.781677246094 586.163734436035 686.323257446289 682.169822692871 423.832382202148 343.263282775879 406.952789306641 310.967193603516 404.30454826355 300.254325866699 242.479438781738 215.609710693359 340.875415802002 556.422393798828 564.864707946777 518.455848693848 531.105155944824 342.094955444336 357.6478099823 425.139778137207 337.01292514801 395.847396850586 379.909896850586 380.631725311279 448.503570556641 402.729602813721 310.788902282715 399.217638611794 394.35396194458 409.245262145996 389.603128433228 427.419918060303 363.304466247559 376.452750205994 317.775184631348 312.740676879883 324.251613616943 258.951751708984 397.957622051239 365.514461517334 373.609085083008 465.665115356445 482.930969238281 444.067430496216 378.477241516113 323.104736328125 517.378566741943 521.857902526855
398.272384643555 438.161964416504 534.434631347656 555.345462799072 519.513580322266 624.2878074646 329.000015258789 293.849014282227 330.136489868164 318.978927612305 381.456811904907 345.27018737793 354.202085494995 360.562345504761 371.232755661011 442.327442169189 439.732285737991 485.267292022705 367.9075050354 257.441192626953 295.674533843994 295.167388916016 410.289756774902 493.269897460938 314.440589904785 507.515777587891 380.416084289551 463.421531677246 458.690864562988 293.711578369141 355.787914276123 350.780454874039 500.905029296875 554.915985107422 281.032417297363 418.61466217041 432.395812988281 521.379364013672 340.431755065918 229.063919067383 363.4680519104 431.138906478882 311.481559753418 394.719850540161 366.503471374512 371.510845184326 414.936819076538 346.893447875977 502.043464660645 443.286209106445
456.595106124878 505.031959533691 586.53915977478 604.678862571716 553.68741607666 522.309768676758 415.535858154297 373.004127502441 411.539531707764 522.417434692383 485.447456359863 509.217834472656 393.343273580074 404.51393699646 548.015502929688 504.733421325684 463.786102294922 427.116123199463 371.831783294678 369.346698760986 254.151206970215 335.873302459717 407.652500152588 329.306636810303 404.875205993652 461.094665527344 415.820426940918 404.523698806763 410.517595291138 594.459442138672 327.209190368652 485.305313110352 464.108024597168 400.196334838867 416.853813171387 397.502527236938 346.421844482422 460.267448425293 443.406246185303 268.298461914062 275.675979614258 248.805328369141 363.780261993408 268.455062866211 425.241031646729 339.858016967773 404.213075637817 302.99967956543 404.847339630127 450.355362415314
461.51586151123 516.804786682129 576.618642807007 503.344802856445 611.495853424072 550.183670043945 482.131210327148 461.123615264893 479.13645362854 468.083652496338 520.500495910645 415.838929176331 297.011795043945 338.668899536133 429.719520568848 511.552864074707 487.652484893799 379.854195505381 341.750804901123 437.318546295166 319.727058410645 318.244506835938 350.354969024658 406.034778594971 378.461186885834 470.737213134766 451.405769348145 346.070323944092 369.320548772812 366.34890294075 190.001861572266 489.726089477539 360.813414573669 447.741325378418 354.414131164551 418.51050567627 328.039375305176 441.642585754395 406.150507926941 524.709419250488 453.568660736084 375.177577972412 330.516502380371 457.944473266602 289.122146606445 260.799987792969 210.138610839844 471.861248016357 559.249229431152 426.964435577393
476.343070983887 608.200382232666 685.983222961426 583.478128433228 513.386215209961 556.499649047852 454.96639251709 553.996990203857 445.722217559814 471.937282562256 351.383926391602 409.882225990295 390.437244415283 440.330337524414 351.436908721924 445.262351989746 468.756484985352 408.776271820068 290.308013916016 320.890037536621 382.71874666214 243.70397567749 374.624347686768 350.510120391846 371.538244009018 444.794479370117 358.995569229126 388.965377807617 421.83434677124 471.150527954102 425.514739990234 262.849395751953 367.75305056572 410.767436981201 446.54373550415 400.619251251221 362.977559052408 388.152307033539 471.554828643799 555.007789611816 498.181343078613 380.361572265625 468.158054351807 360.209274291992 359.945579528809 276.134323120117 360.663726806641 441.908460617065 599.498901367188 546.520004272461
606.879264831543 684.852348327637 560.200168371201 633.19645690918 430.726150512695 370.832138061523 549.11026763916 549.200843811035 414.21508026123 350.5012550354 573.59114074707 621.162139892578 403.414813995361 438.671630859375 428.95121383667 354.42091178894 326.865669250488 214.210800170898 281.657699584961 353.687808990479 334.214225769043 322.975547790527 311.164848327637 307.174301147461 432.66321182251 482.42423248291 455.598075866699 358.889042854309 385.282056808472 358.957265853882 438.403533935547 367.899873733521 337.448915481567 362.488854408264 500.150588989258 473.54808807373 412.287893295288 443.719329833984 442.350151062012 547.807723999023 437.720180988312 362.420448303223 489.350875854492 439.094962835312 362.104782104492 264.589736938477 227.008087158203 439.602883815765 455.470886230469 495.346565246582
554.322154998779 611.364723205566 535.412825584412 685.287023544312 495.629489898682 464.051166534424 488.493589401245 448.779581069946 433.982067108154 341.642017364502 383.722648620605 362.918697357178 520.638778686523 427.360877990723 455.250610351562 302.14820098877 243.774299621582 500.218948364258 439.681602478027 299.08150100708 298.461196899414 287.387550354004 373.650579452515 365.678485870361 481.740547180176 275.116584777832 302.474098205566 347.021255493164 457.441513061523 356.945497512817 371.148440361023 330.087169647217 369.934005737305 401.723833084106 447.643913269043 482.901313781738 403.687278747559 461.548416137695 524.536170959473 466.711540222168 437.268286705017 453.610321044922 284.246383666992 420.834018707275 428.079010009766 543.789360046387 342.890251159668 405.893613815308 490.727239608765 429.526254653931
532.374824523926 636.40690612793 513.035175323486 426.843292236328 347.763877868652 413.844375610352 409.867298126221 585.814315795898 497.564262390137 437.691390991211 431.241279602051 294.880302429199 403.037696838379 297.374942779541 308.23832321167 369.107510566711 340.908451080322 529.11784362793 414.241577148438 474.017280578613 451.122592926025 386.843803405762 317.784767150879 316.501173019409 304.126441955566 247.615097045898 318.323356628418 411.46103477478 367.220244407654 326.530834197998 253.931884765625 325.717971801758 536.475738525391 454.29442024231 500.34289932251 374.666515350342 489.214347839355 394.783205032349 365.606536865234 450.488961219788 484.009433746338 393.523571014404 406.449653625488 339.42342376709 314.627632141113 466.593919754028 443.356993675232 394.955661773682 432.740805625916 406.568700790405
