simdem/realisation38.asc
NCOLS 350 
NROWS 171 
XLLCORNER 152620 
YLLCORNER 418050 
CELLSIZE 100 
NODATA_value -9999 
[rows 44 to 65 of 171, columns 200 to 249 of 350]
889.237251281738 739.511616706848 630.996421813965 578.702548980713 592.72692489624 597.821434020996 688.458302497864 888.849990844727 730.367248535156 665.026874542236 712.477625846863 591.136390686035 647.695579528809 767.07022857666 721.158081054688 601.598111152649 608.020497322083 665.464931488037 587.782674789429 407.685287475586 701.613456726074 747.102020263672 572.623250961304 590.878875732422 682.803680419922 696.132904052734 689.810470581055 699.813360214233 799.064498901367 684.369659423828 623.849590301514 698.007041931152 1203.15850615501 584.188053131104 700.185432434082 557.980628967285 738.42041015625 657.927494049072 677.645657539368 545.872482299805 683.874337792397 646.460918426514 571.000541687012 687.648863613605 692.066541671753 626.942985534668 568.774002075195 624.059692382812 748.963176727295 658.356628417969
1350.48471069336 1533.49318695068 1139.02644348145 868.330332756042 844.821258544922 1080.9517364502 1010.65759277344 905.118026733398 755.552730560303 649.663154602051 623.763778686523 687.566446304321 596.696464538574 1051.83695077896 865.889450073242 953.487365722656 736.480457305908 635.044402122498 619.489778131247 598.907611370087 552.792678833008 537.505279541016 624.324954986572 626.044006347656 730.360237121582 614.555571556091 652.336235046387 639.227235794067 467.822982788086 654.692719340324 668.408935546875 728.946899414062 776.414024353027 750.676307678223 558.799209594727 617.943202972412 672.943351745605 587.678657531738 616.395317077637 605.384628295898 627.698616027832 640.005226135254 649.443157196045 682.816494330764 672.787859916687 706.75063085556 670.53208732605 710.825061798096 712.719620704651 655.214611053467
770.40234375 960.667278289795 1458.75786590576 1169.97611999512 762.596801757812 823.624778747559 807.538925170898 654.203777313232 521.643089294434 604.528522491455 507.830917358398 615.112739562988 659.82458114624 868.15909576416 911.197463989258 860.344970703125 1526.01121520996 841.347496032715 565.769695281982 591.022008419037 504.054595947266 545.180057525635 695.566299438477 635.901180267334 600.029165267944 666.787845611572 543.627708435059 540.722484588623 525.812355041504 507.503265380859 639.794278264046 694.350006103516 628.255230903625 753.900390625 674.695932388306 484.072357177734 675.835878372192 655.327994346619 703.459096908569 653.414009094238 685.842309474945 701.190782546997 662.881253480911 799.141876220703 745.63786315918 719.915599822998 760.324562072754 644.804714202881 737.074358940125 643.104270935059
582.360960006714 528.577285766602 870.758635520935 1167.77256011963 918.351665496826 665.257491588593 813.209579467773 598.244758605957 666.734691619873 438.106803894043 457.686164855957 602.937818527222 670.357879638672 699.404144287109 755.895673751831 989.200038909912 1074.56114196777 1932.99155807495 1371.85578918457 731.677531719208 456.280982971191 620.2398686409 589.557153701782 517.281753540039 733.090103149414 645.486927032471 530.372161865234 474.30012512207 588.844375610352 644.381579875946 662.876493453979 589.372863769531 649.341526985168 634.054612159729 630.07142829895 724.62699508667 685.195714950562 685.988296508789 677.947377443314 784.62321472168 817.679702758789 714.047813415527 857.155517578125 720.074813842773 654.412292480469 655.017690658569 751.187255859375 670.999057769775 705.353012084961 678.711725234985
534.342346191406 493.875175476074 847.022171020508 632.307319641113 564.920902252197 653.211502075195 552.250503540039 769.769908905029 593.077480316162 442.14720916748 664.88013458252 551.053291320801 556.164856910706 748.516098022461 666.263275146484 697.610660552979 1038.34127044678 1290.0245513916 1273.97660827637 915.222751617432 736.431163787842 623.337314605713 637.881832122803 604.244850158691 717.903388977051 646.142900466919 564.887535095215 559.084720611572 711.255653381348 610.392786026001 590.508399963379 602.521553039551 642.403671264648 792.070709228516 634.368187904358 652.653017044067 775.566398620605 673.976926088333 606.832374572754 669.708549499512 604.490306854248 821.518632888794 741.700008392334 565.866813659668 669.297892093658 587.663993835449 820.993942260742 762.993728637695 751.573040008545 679.904479980469
393.998672485352 532.757766723633 558.217900276184 693.582740783691 630.183715820312 607.054994821548 713.187296867371 747.948879241943 745.947929382324 664.987817764282 656.014755249023 711.908096313477 685.146064758301 565.399024009705 486.960113525391 765.810214996338 750.378784179688 1174.03902053833 1920.31196212769 1518.11738586426 799.016431808472 818.603694915771 749.915664672852 676.761196136475 712.6201171875 753.700317382812 649.447803497314 590.290497303009 698.879764556885 731.66724395752 569.441146850586 678.585571289062 758.217308044434 699.200054168701 634.660949707031 638.535480499268 645.402250289917 762.372177124023 686.9274559021 638.89811706543 624.657104492188 591.698432922363 575.444137573242 908.289932250977 965.522354125977 920.145324707031 819.29418182373 668.030353546143 678.179809570312 743.804452896118
608.2960896492 484.75772857666 678.261184692383 517.016098022461 651.406044006348 784.710983276367 803.342498779297 501.762557983398 692.176208496094 690.042722702026 550.800682067871 606.5771484375 585.230598449707 571.184915542603 602.299991607666 680.916074752808 860.318542480469 1107.030377388 1492.27243041992 1803.30633163452 785.566123962402 701.089614868164 687.65772819519 630.728523254395 756.163757324219 629.159004211426 726.540824890137 689.771659851074 728.934722900391 597.546073913574 700.514419555664 637.187723636627 656.679428100586 684.957311630249 550.806198120117 745.181896209717 574.299880981445 762.415672302246 823.240829467773 756.220733642578 653.430029332638 565.607009887695 716.871112823486 579.748115539551 938.735153198242 1234.77082061768 717.008483886719 621.29955291748 446.223587036133 745.987648010254
739.379501342773 663.555589675903 657.238027572632 692.377052307129 577.601547241211 639.937057495117 720.354228973389 690.739410400391 685.125259399414 655.706552505493 649.372917175293 623.278095245361 637.700225830078 593.828662872314 735.960784912109 666.607353210449 646.584609985352 927.346172332764 1313.86382293701 1304.70985794067 1248.48027038574 706.945781707764 450.227981567383 594.009569168091 718.354751586914 697.067626953125 644.628154754639 662.454704284668 819.861328125 622.675737380981 790.507141113281 755.960464477539 619.052560806274 721.698890686035 730.562873840332 591.47274017334 612.610954284668 734.073715209961 801.080474853516 711.839414596558 714.657527923584 655.658124923706 634.548183441162 636.092208862305 967.544146537781 570.390579223633 1057.74660873413 1178.52481079102 616.683532714844 643.437286376953
527.327243804932 471.14266204834 706.166786193848 788.834266662598 639.724478721619 566.272193908691 826.634265899658 853.870628356934 690.652400970459 657.391929626465 665.528072357178 618.269282341003 732.275054931641 645.081363677979 573.049168586731 649.879104614258 698.399475097656 830.974611520767 990.55443239212 1496.22549438477 1876.24212646484 1109.78269958496 665.255359649658 599.142866134644 771.229873657227 710.548179626465 659.520198822021 754.215270996094 816.189514160156 685.453857421875 811.647201538086 731.305328369141 678.842666625977 665.09252166748 673.280141830444 641.893846988678 555.961013793945 617.955867767334 786.397415161133 581.596748352051 626.594783782959 623.512722015381 712.719200134277 641.031185150146 537.174766540527 761.943027496338 646.244079589844 647.886562347412 1142.22342681885 952.58447265625
609.21618270874 588.870252609253 572.34693145752 611.311058044434 590.365302562714 548.684799194336 648.555046081543 645.787239074707 749.159729003906 756.023809432983 720.598543167114 777.04426574707 622.690608978271 646.778339385986 617.329105377197 586.804386138916 556.083281517029 722.463924407959 883.723514556885 983.142917633057 1268.43218612671 1211.62767028809 1646.84922790527 910.91100692749 711.313905715942 662.179616928101 719.20719909668 829.878997802734 690.746025085449 740.955520629883 692.352363586426 632.152598500252 635.366404533386 722.796653747559 750.519973754883 566.078178405762 550.537055969238 591.347827911377 666.167602300644 712.885971069336 593.175342559814 642.358327865601 752.573432922363 618.633781433105 519.209465026855 736.194835662842 691.945476531982 786.168548583984 911.495086669922 455.570007324219
848.943511962891 709.425399780273 654.885860443115 592.377082824707 511.170440673828 571.889091491699 487.777046203613 610.991480827332 946.897552490234 872.973663330078 718.863174438477 739.197868347168 716.650974273682 641.24137878418 572.772932052612 623.978450775146 505.505062103271 671.441802978516 587.655136108398 674.392372131348 843.809478759766 1073.55023193359 1521.54098510742 759.684356689453 807.261157989502 593.440788269043 769.787643432617 815.782684326172 787.019821166992 574.714845657349 567.12047958374 591.773555755615 676.481189727783 564.070663452148 573.44856262207 747.485771179199 600.184070587158 621.24967956543 631.621685028076 607.484077453613 642.310848236084 836.784027099609 697.204166412354 618.013210296631 710.138717651367 631.58256149292 700.290786743164 608.371074676514 610.291255950928 664.974403381348
578.427963256836 791.865539550781 619.25651204586 686.397151947021 572.134845733643 554.850471496582 655.200569152832 572.291610717773 712.788446426392 814.140022277832 791.093650817871 655.249885559082 677.184371948242 618.551462173462 475.345092773438 636.749126434326 724.989120483398 741.30541229248 510.328468322754 587.614315032959 752.897132873535 834.963882446289 1200.7131652832 1409.43083190918 864.367710590363 660.729238510132 709.212089538574 650.472198486328 704.243896484375 566.490211486816 572.012968063354 647.766510009766 483.456832885742 544.302909851074 388.570388793945 571.713020324707 556.988410949707 702.920860290527 530.670021057129 770.848846435547 678.043476104736 838.780181884766 704.749402999878 746.748809814453 757.249282836914 634.938415527344 658.526149749756 678.186145782471 663.0992603302 517.086486816406
622.125458717346 543.490203857422 665.101547241211 634.341522216797 555.204559326172 721.59268951416 734.88695526123 595.484710693359 537.175079345703 670.843856811523 775.739256173372 805.11775970459 588.909051895142 671.112663269043 585.684226989746 634.784439086914 718.923400878906 769.869116783142 811.705200195312 709.985794067383 834.314418792725 921.12674331665 1218.95624160767 1103.24392700195 789.426792144775 587.61742401123 548.855369567871 545.677383422852 617.118288993835 620.986379623413 546.571872711182 559.55171585083 563.770202636719 603.845096588135 647.00492477417 600.574047088623 584.13208770752 540.072288513184 556.186828613281 680.714790344238 642.116407632828 853.392501831055 812.212036132812 894.376968383789 745.729278564453 750.567276000977 830.557662963867 831.198928833008 738.283672332764 732.549865722656
609.865605354309 657.1012840271 473.960968017578 504.51375579834 527.717506408691 463.043212890625 556.255840301514 715.086959838867 670.433355331421 534.365280151367 734.503509521484 688.906562805176 565.488784790039 653.125794410706 616.97368812561 534.222106933594 638.271446228027 842.907875776291 914.669082641602 836.298781991005 859.976989746094 753.501686096191 1017.51154327393 986.12328338623 742.944541931152 590.921417236328 457.875244140625 728.128395080566 533.708885192871 666.191844940186 794.864761352539 624.448781967163 745.000267028809 664.19637298584 523.123031616211 659.306596755981 622.346799612045 608.102459907532 599.767492294312 600.223873138428 634.120616912842 739.578681945801 831.18904876709 694.764711380005 707.897270202637 664.26162815094 650.314073562622 640.064746856689 581.650970458984 737.241943359375
472.662033081055 424.972915649414 591.051803588867 657.957862019539 696.47061920166 669.020393371582 658.011938095093 621.433797836304 610.249015808105 682.41760635376 635.668846130371 618.116012573242 622.233345031738 615.456718444824 572.908355712891 605.324447631836 710.784317016602 738.776565551758 730.441267490387 761.397853851318 812.670007705688 819.026326179504 1002.58307647705 849.885301589966 588.663318634033 709.860298156738 645.722347259521 552.752681732178 697.713226318359 625.121349334717 627.060451507568 1025.79476928711 684.190900802612 679.266616821289 477.352340698242 564.682304382324 670.147994995117 582.228420257568 636.676820755005 528.668968200684 557.691207885742 546.037628173828 680.60796546936 737.820686340332 729.73152923584 614.521005630493 650.191074848175 660.219486713409 676.118955612183 569.704566955566
571.856254577637 435.816055297852 553.509666442871 542.332313537598 649.548490524292 701.079231262207 685.237907409668 625.589254379272 617.754901885986 606.575679779053 692.848770141602 743.422805786133 586.155754089355 538.324661254883 759.273704528809 737.450241088867 615.408760070801 631.047340393066 688.395210266113 841.120300292969 831.047419548035 714.261764526367 927.123359680176 658.691077709198 704.231887817383 619.202939987183 630.954392194748 574.86686706543 581.857629776001 497.421714782715 791.011535644531 770.648937225342 777.85498046875 831.571618080139 676.641285419464 538.591690063477 644.53694152832 659.001621246338 547.205551147461 458.081741333008 558.591903686523 639.30802154541 550.746726989746 525.868949890137 717.827049255371 784.807662963867 765.318458557129 737.527313232422 674.717157363892 709.344219207764
580.548587799072 460.836700439453 497.014114379883 412.171691894531 465.074859619141 658.544991016388 644.928658485413 711.738391876221 682.862283706665 672.39421081543 572.166397094727 633.146602630615 658.704601287842 607.272262573242 771.93172454834 808.35461807251 752.91890335083 681.135765075684 711.731872558594 849.734039306641 914.200386047363 819.871706008911 582.910642623901 731.508804321289 646.843994140625 677.697204589844 595.279611110687 788.406402587891 634.381198883057 756.972923278809 794.70728302002 648.316333770752 494.454193115234 596.617687225342 467.789016723633 776.46008682251 726.647938251495 502.274368286133 543.882965087891 694.45777130127 645.902253627777 637.384620666504 652.717603683472 670.789100646973 661.478759765625 514.208450317383 640.443853378296 551.875915527344 623.403787612915 727.536308288574
375.846237182617 422.899307250977 440.317672729492 635.938453674316 509.260963439941 573.774017333984 640.300374031067 556.733062744141 617.70835018158 610.792488098145 628.691012382507 579.326122283936 538.023498535156 684.033959627151 714.775253295898 773.268802642822 773.157560348511 789.396301269531 834.145645141602 1009.92967224121 942.617172241211 660.670639038086 717.813911437988 632.195547103882 591.621513366699 539.496597290039 571.406593322754 683.023086547852 600.90936088562 810.802893191576 639.851112365723 619.157684803009 551.648063659668 536.637016296387 564.311584472656 649.266941070557 771.062496185303 748.343376159668 570.302749633789 630.139586448669 596.639045715332 674.934898376465 661.051166534424 579.232307434082 633.748554229736 574.456405639648 675.884685516357 579.791046142578 822.909713745117 713.259078979492
513.304588317871 542.174514770508 603.528991699219 555.256042480469 470.942489624023 625.296432495117 498.065055847168 518.339904785156 551.697593688965 664.337959289551 611.539087295532 574.364192962646 582.413549423218 659.642177581787 660.3659324646 813.492663025856 879.606872558594 836.411254882812 775.906890869141 650.062767028809 833.015884399414 716.373519897461 666.080631256104 623.137144088745 657.095867156982 521.903282165527 621.860463693738 596.314392089844 798.840408325195 886.875221252441 730.144104003906 614.077256202698 631.524139404297 602.77481842041 687.229431152344 581.261741638184 687.904457092285 958.589996337891 985.341789245605 767.627758026123 707.919807434082 595.821649551392 622.639568328857 675.425228118896 567.331130981445 621.523511886597 555.619209289551 646.601669311523 688.180938720703 757.880638122559
632.087862014771 554.263031005859 473.343994140625 572.450370788574 628.130106762052 720.92049407959 595.398651123047 543.967552185059 612.171934127808 652.331786155701 672.418102264404 619.68060874939 702.284244537354 711.026329040527 776.491523742676 803.317317962646 661.582466125488 608.275600910187 588.42321395874 667.250247955322 579.867851257324 552.645652770996 586.793613433838 573.652813911438 660.901905059814 424.893417358398 543.661804199219 572.831146240234 675.955596923828 643.502064228058 724.815090179443 761.276153564453 672.313339233398 584.713558197021 674.990384578705 634.900791168213 579.721687316895 810.764045715332 705.313774108887 661.915201187134 525.10285949707 467.549896240234 622.513016700745 549.909912109375 618.384301185608 661.879459381104 620.963979721069 609.589544296265 708.824256896973 522.779510498047
682.050567626953 680.421436309814 619.979312896729 671.821418762207 779.656341552734 724.975936889648 642.675018310547 732.828971862793 576.12618637085 628.062431335449 639.101773738861 668.333028793335 688.021488189697 704.683074951172 698.441741943359 770.550033569336 573.445365905762 662.331470489502 525.755577087402 780.368026733398 649.83438205719 614.668998718262 610.346229553223 749.360656738281 573.220010757446 469.577713012695 454.580032348633 571.544845581055 602.56622505188 628.62401676178 635.041641235352 802.738258361816 688.834178924561 648.692451477051 680.664966583252 692.934944152832 685.832710266113 775.930870056152 782.780830383301 659.904474258423 539.710174560547 619.449501037598 693.58572101593 746.131301879883 487.216064453125 567.574508666992 563.741714477539 572.86897277832 588.668403625488 673.488355636597
661.022902488708 579.18850851059 649.382463932037 778.713012695312 647.336319923401 629.300090074539 655.381937026978 627.287242412567 720.888153076172 595.627666473389 749.812347412109 676.74328994751 690.385482788086 580.879871368408 725.687957763672 606.678398132324 435.783920288086 570.17366027832 642.677598953247 714.22673034668 623.860275268555 661.19793510437 600.489446640015 692.352909088135 567.449481964111 611.596199035645 482.7255859375 459.624496459961 510.661849975586 758.647621154785 655.090648651123 740.968029022217 537.604370117188 550.055801391602 641.804347991943 900.653664827347 858.127937316895 663.239940643311 683.081817626953 733.528411865234 583.729156494141 690.25853729248 689.386959075928 641.66867351532 594.306941986084 481.417816162109 575.442134857178 632.039169311523 597.836582183838 632.797773361206
