simdem/realisation62.asc
NCOLS 350 
NROWS 171 
XLLCORNER 152620 
YLLCORNER 418050 
CELLSIZE 100 
NODATA_value -9999 
[rows 22 to 43 of 171, columns 200 to 249 of 350]
718.296730041504 707.891851425171 698.186491012573 554.212356567383 569.811698913574 543.304298400879 659.352643966675 704.270425796509 679.845698356628 596.222801208496 732.945976257324 712.78772354126 707.76248550415 472.01985168457 751.956687927246 832.555053710938 798.318542480469 645.872703552246 704.850692749023 705.441947937012 896.222518920898 837.098205566406 871.712677001953 561.18431854248 504.008575439453 635.214134216309 719.164989471436 635.661800384521 708.754169940948 764.862934112549 710.950969696045 574.773040771484 732.402216911316 692.078113555908 784.229381561279 751.922721385956 878.321250915527 754.196635246277 651.447654724121 715.860649108887 710.97424697876 761.624843597412 787.679470062256 832.920837640762 735.116394042969 1323.25024032593 773.491333961487 942.72477722168 849.891250491142 792.563850402832
690.227589607239 574.605285644531 612.38053894043 519.178833007812 626.043830871582 595.816295623779 686.493530273438 775.812744140625 646.908443450928 721.190391540527 642.849187850952 595.230941772461 711.604862213135 641.36833190918 619.066215515137 697.990634918213 679.828033685684 730.347511291504 539.541351318359 634.166736602783 726.194839477539 757.603630065918 695.609786987305 724.460990905762 560.680389404297 531.149780273438 764.534475326538 704.180426597595 684.319934844971 689.763656616211 727.47184753418 744.293210983276 636.380851745605 766.398077011108 870.921646118164 757.237204328179 687.247566223145 662.763954162598 635.525543212891 676.85710144043 759.202053070068 852.459548950195 780.018384933472 882.73509979248 928.06721496582 942.342109680176 914.623294830322 1096.62018585205 793.426332473755 1348.20525741577
583.662109375 782.777191162109 724.914459228516 686.221580505371 667.201445102692 571.140357971191 618.008766174316 596.083061218262 661.980526447296 753.304725646973 818.825210571289 584.290336608887 618.370960235596 657.711242675781 765.292808532715 640.689399242401 775.890441894531 732.38069152832 696.762241363525 750.089416503906 814.489349365234 693.102411270142 603.414489746094 649.945768356323 773.330368041992 790.909328460693 744.911287307739 1076.05677032471 784.850563049316 737.961814880371 634.426612854004 674.912895202637 761.445537567139 783.736293792725 818.9169921875 687.114753723145 776.702138900757 667.256843566895 813.964374542236 784.299386024475 763.438806533813 737.869041442871 818.050857543945 770.050151824951 903.495025634766 864.374732971191 929.143997192383 837.97140789032 898.23904800415 685.792432785034
631.415374755859 667.572191238403 713.840538024902 562.423522949219 617.816129684448 609.064527511597 690.25602722168 673.129137039185 585.798515319824 775.049823760986 693.662334918976 548.54468536377 625.897842407227 599.537582397461 493.889671325684 578.475955963135 725.857978820801 667.618556529284 580.71129989624 641.962093353271 801.619277954102 744.097885131836 710.749298095703 669.132619976997 750.518333435059 757.052057266235 785.647876262665 708.601135253906 712.07933807373 809.382118225098 606.968132019043 760.370906829834 805.05842590332 880.529907226562 746.559410095215 751.374908447266 760.025957107544 707.19464969635 702.414005279541 757.026399612427 848.353675842285 781.321978569031 812.526213169098 732.380336761475 767.925716400146 850.49747467041 857.669416904449 916.241512298584 971.663192749023 777.336177825928
495.546630859375 659.316261291504 783.507873535156 594.604316711426 660.234390258789 578.874942779541 598.472129821777 682.668857574463 728.893157958984 619.84706735611 660.863128662109 616.394390106201 639.521060943604 601.424369812012 478.622203826904 646.716095924377 684.694381713867 518.432411193848 467.13745880127 491.860557556152 698.215193748474 672.577815532684 708.189449310303 621.161022186279 680.517425537109 847.613006591797 700.597171783447 681.647300720215 645.528015136719 749.711067199707 651.850868225098 782.398384094238 841.641998291016 791.418197631836 692.540500640869 788.294769287109 838.917793273926 814.945358276367 832.526924133301 728.315608978271 797.237144470215 769.861642837524 733.153907775879 899.100677490234 736.224494934082 827.649521827698 868.714551925659 832.510803222656 832.064821243286 913.429428100586
665.128700256348 547.934265136719 719.31721496582 601.122400760651 522.655029296875 555.908321380615 534.516647338867 761.220153808594 750.329132080078 661.888130187988 545.756855010986 619.062809944153 669.415227890015 527.411431312561 461.750366210938 516.604288101196 648.089460372925 593.271644592285 510.052465438843 612.275396347046 655.461624145508 857.644012451172 595.570838928223 666.811542034149 694.487694740295 662.912551879883 758.899305343628 625.118949890137 714.650440216064 703.290500164032 686.124845504761 719.729193210602 781.926544189453 763.268688201904 812.321212768555 800.886741638184 838.519157409668 756.864568710327 641.140533447266 729.525136947632 798.753070831299 644.308929443359 854.06324005127 901.02751159668 762.72013092041 807.225952148438 831.211519241333 781.179485321045 796.970504760742 977.616500854492
613.477689743042 605.137287139893 623.336906433105 465.1416015625 512.13111114502 624.964683532715 629.425226211548 597.843681573868 667.63232421875 686.390518188477 744.601867675781 589.849358558655 563.431365966797 496.782585144043 577.393286913633 583.459415435791 697.444732666016 682.693519592285 584.767774581909 587.440212249756 806.684432983398 818.240661621094 669.135564804077 609.408103942871 605.244934082031 688.935430526733 695.437746047974 712.239324569702 618.702102661133 715.93848991394 666.934364318848 528.877853393555 692.034257054329 755.618656158447 854.433044433594 630.364353179932 722.181354045868 731.582180023193 593.326232910156 651.297080993652 824.964660644531 798.069071769714 720.035829544067 801.659414291382 808.458200454712 799.661261200905 806.23747253418 857.676002502441 852.322822570801 853.143905639648
545.50365447998 712.150726318359 479.49446105957 520.592468261719 532.154632568359 470.733039855957 618.584379196167 703.91584777832 578.258731126785 655.652900695801 715.578872680664 712.022701263428 584.36531829834 531.22762298584 608.441761016846 587.187202453613 634.288391113281 598.816925048828 649.564643859863 559.749532699585 751.789970397949 717.367076873779 546.076316833496 646.912117004395 552.070816040039 600.733528137207 514.445907592773 648.494920730591 680.824086666107 612.89380645752 633.560111999512 618.271797180176 509.505996704102 793.880874633789 775.11393737793 732.820377349854 749.046529769897 742.131942749023 666.231575012207 703.613838195801 876.890975952148 908.150283813477 830.971164703369 812.391258239746 768.123493671417 863.656032562256 815.480760574341 830.596376419067 782.314479827881 787.978221654892
575.556621551514 579.029625892639 662.049095153809 521.544548034668 537.58570098877 477.302459716797 526.016130447388 673.785827636719 708.18579864502 561.820121765137 663.226432800293 629.452205657959 659.561079025269 481.846416473389 536.094482421875 477.440090179443 478.631483078003 609.91597366333 641.210708618164 560.152326583862 790.135543823242 564.723335266113 654.752995967865 618.854236602783 603.526100158691 581.172630310059 597.535888671875 751.299743652344 754.08056640625 703.360546112061 657.941495895386 617.41263961792 607.817031860352 634.024917602539 746.15686416626 724.229998588562 744.230598449707 758.025829315186 763.00252532959 782.536323547363 796.968425750732 885.535102844238 808.57545042038 661.667961120605 833.609634399414 794.232372283936 760.825950622559 823.219947814941 938.118362426758 813.896730422974
599.618999481201 591.769320487976 629.581451416016 564.447643280029 524.483055114746 526.743209838867 728.387313842773 601.53924369812 501.590194702148 586.621130943298 499.881988525391 580.498366355896 565.935153961182 581.594738960266 527.090026855469 460.274429321289 544.110584259033 663.991813659668 524.39957344532 536.654895782471 701.301696777344 743.703620910645 585.362152099609 601.951282501221 604.764656066895 659.866239547729 721.918766021729 682.726194381714 681.336856842041 731.73860168457 652.627440452576 714.35418510437 657.594478607178 750.330856323242 710.758139610291 816.843620300293 777.286437988281 723.57656288147 699.861099243164 778.683639526367 737.193105697632 583.825744628906 709.797931671143 683.71403503418 700.008460998535 775.774738311768 797.284029006958 855.055503845215 1005.2373046875 881.819450378418
618.123374938965 650.248886108398 647.565505981445 571.164659500122 624.728374481201 599.413000106812 576.894492380321 583.27229309082 550.082168579102 559.026065826416 616.87520980835 687.306232452393 572.935523986816 742.891571044922 571.135620117188 557.108516693115 541.502259731293 570.686133384705 578.911635875702 489.142765045166 526.883186340332 696.35391998291 714.456398010254 824.324783325195 687.290584564209 721.61759185791 661.220359325409 708.119598388672 704.312576293945 652.105075836182 729.910827636719 825.085983276367 627.03026676178 711.286968231201 699.110908508301 718.02108001709 737.861549377441 725.719835162163 842.612113952637 646.15421295166 701.31116104126 606.997131347656 733.961269140244 778.232381820679 691.224609375 829.571254730225 801.263889312744 857.922897338867 792.780754089355 746.023284912109
602.10297203064 479.14176940918 498.410995483398 537.197359085083 521.345600128174 572.595314323902 632.61111831665 605.78310585022 658.490455627441 611.551002502441 590.367778778076 518.738098144531 573.613094329834 698.681264877319 601.630560874939 791.000381469727 744.33821105957 528.653217315674 715.887184143066 505.225204467773 329.207580566406 377.009368896484 583.91130065918 723.707855224609 665.695007324219 814.898635864258 758.090858459473 711.975212097168 663.278329849243 671.047742843628 827.250793457031 700.620876312256 675.314914703369 601.959144592285 732.991897583008 576.020515441895 746.086040496826 660.48025894165 765.184272766113 781.694005966187 579.23616027832 578.662322998047 794.540531158447 679.573307037354 870.080558776855 771.100443840027 684.306064605713 824.701919555664 733.000659942627 888.427680969238
491.623779296875 387.189300537109 495.672500610352 595.732727050781 583.023993492126 613.490921020508 776.020439147949 739.381202697754 596.187538146973 638.056537628174 506.956489562988 575.117299556732 752.126582145691 798.455146789551 641.382436752319 511.60333943367 429.509452819824 615.548124313354 649.164730072021 591.724700927734 631.3421407938 624.345595359802 694.216758728027 671.734834671021 663.80673789978 712.574111938477 726.149765014648 664.410434961319 792.859680175781 579.873695373535 648.058792114258 678.150832176208 588.704917907715 716.729064941406 660.145891189575 708.402755737305 646.631084442139 622.000434875488 698.678798675537 801.474502563477 747.560443878174 729.840127944946 828.74649810791 698.919651031494 755.399981021881 719.146991729736 589.849563598633 755.392971038818 576.817810058594 764.550149917603
435.015243530273 498.904651641846 610.695446014404 703.147186279297 538.169076919556 737.941009521484 668.303314208984 582.519256591797 542.485904693604 712.469627380371 682.604823112488 670.216970443726 795.041324615479 622.239841461182 667.470672607422 429.171600341797 404.765228271484 459.010803222656 679.531078338623 716.334190368652 617.571754455566 522.063751220703 569.649963378906 478.242431640625 510.092414855957 618.578683584929 760.902633666992 769.321556091309 714.178440093994 626.301486968994 778.195930480957 852.648101806641 592.179580688477 771.932983398438 794.016181945801 667.649997711182 696.009005069733 793.010780334473 848.615692138672 778.435684204102 677.226211547852 822.786437988281 809.747428894043 769.478590011597 778.448961257935 811.475250244141 814.91690826416 750.895706176758 773.8790807724 790.874015808105
410.086990356445 625.286674499512 691.700996398926 714.600769042969 688.432319641113 594.207192420959 671.983467102051 744.087387084961 584.424131393433 710.640090942383 597.387762546539 1129.41896057129 643.099402666092 605.382122039795 699.697693824768 548.256698608398 399.47200012207 603.232239723206 598.350952208042 644.271060943604 437.0576171875 511.383445739746 603.516830444336 530.377738952637 531.458404541016 559.309753417969 643.389114141464 636.188170433044 707.529594421387 712.352355957031 653.262221336365 684.93762588501 724.918159484863 776.724082946777 882.860717773438 721.854278564453 575.01123046875 652.497299194336 707.891179651022 719.465774536133 768.581638336182 598.931533813477 790.050724029541 822.493087768555 646.18106842041 740.317905426025 818.822875976562 733.975142478943 811.066749572754 657.286628723145
443.671699523926 541.228448867798 663.935306549072 648.875228881836 540.965885162354 525.342636108398 743.697113037109 482.836578369141 550.151630401611 702.542686462402 486.59659576416 1035.88863372803 817.684860229492 692.537048339844 541.683612823486 549.996166229248 548.730972290039 498.07991027832 696.06875552237 456.593841552734 439.08268737793 487.99137878418 470.725692749023 507.544914245605 599.29610824585 683.397308349609 651.578838348389 732.091636657715 782.124099731445 663.918273568153 768.318405151367 530.812622070312 664.148821115494 636.364565849304 740.475257873535 513.41641998291 658.282234191895 522.536590576172 583.205001831055 707.886603355408 719.895473480225 622.248199462891 771.382102966309 881.250427246094 885.100471496582 829.778694152832 701.542362213135 823.220764160156 566.864700317383 585.071411132812
577.82373046875 532.117008209229 377.387756347656 584.242153167725 455.94596862793 566.822662353516 674.373603820801 610.100818634033 526.095802307129 652.330753326416 628.717720031738 637.734867095947 484.686225891113 493.510925292969 625.228799819946 640.866180419922 540.278778076172 568.316673278809 587.900199890137 561.811580657959 386.807174682617 553.438186645508 579.084823608398 558.320846557617 662.63508605957 629.917322874069 641.692482948303 627.866118907928 758.394340515137 663.787573814392 741.176307678223 655.230878353119 678.784229278564 722.710132598877 687.224832773209 650.635631561279 678.75910282135 750.90157699585 729.223327636719 564.346832275391 679.156167984009 626.89485168457 759.681917190552 844.953910827637 769.236221313477 720.13293492794 834.53360748291 774.207382202148 707.431518554688 768.748497009277
538.047348022461 561.338800430298 513.2571144104 423.518936157227 508.798362731934 506.271835327148 574.969429016113 560.6920337677 657.022212982178 600.852754592896 549.578575134277 626.276584625244 685.799446105957 598.008003234863 561.78569984436 646.670562744141 620.267599105835 602.868606567383 594.407674789429 679.198398590088 622.33606338501 643.824883937836 597.829442977905 681.252433776855 721.244338989258 680.002582550049 477.285659790039 545.14102935791 618.826913833618 778.454643249512 729.489448547363 643.73449420929 714.998863220215 762.263031005859 537.789360046387 562.859169006348 522.521011352539 656.379070281982 665.655628204346 752.9680519104 722.639848709106 667.996421813965 640.130867004395 665.846881866455 795.662582397461 750.349695205688 705.99320602417 832.485134124756 744.244394302368 794.478569030762
611.743499755859 591.907072067261 587.867341041565 369.395843505859 391.520004272461 469.861793518066 581.01079750061 497.632225036621 505.928100585938 613.106620788574 545.975040435791 513.788024902344 560.07430267334 598.283232688904 449.829666137695 451.675842285156 443.29052734375 569.155162811279 477.289535522461 636.396445274353 570.838226318359 574.333332061768 677.200172424316 687.446502685547 729.206268310547 550.552947998047 584.279899597168 586.140998840332 731.877311706543 727.499130249023 755.014335632324 653.743030071259 723.160270690918 700.51879119873 530.168212890625 485.152725219727 561.007270812988 594.554313659668 598.068237304688 682.521869421005 791.306495666504 783.688194274902 786.978912353516 586.251609802246 747.99982213974 816.238670349121 879.486633300781 722.667953491211 598.737831115723 807.98998260498
641.829376220703 612.364723205566 551.576942443848 639.651557922363 570.026157855988 510.82165145874 538.912815093994 522.76619720459 535.689186096191 556.058101654053 544.276279449463 660.009937286377 489.532691955566 501.103492736816 715.672027587891 527.817649841309 533.772773742676 392.451736450195 474.243209838867 486.682235717773 536.100570678711 554.414768218994 640.339778900146 579.716762542725 727.218719482422 784.048614501953 772.091445922852 636.943371772766 588.25895690918 553.958698272705 770.068031311035 745.317512512207 691.278266906738 536.463256835938 724.058982849121 565.310668945312 599.76895904541 643.314727783203 565.271682739258 614.123115539551 709.187926769257 692.987567901611 637.484771728516 713.780253410339 705.754148483276 798.38208770752 724.331577301025 709.437825202942 692.248795509338 768.618507385254
464.084136962891 533.518283843994 524.974572181702 683.41626739502 440.034408569336 571.747854471207 595.288726806641 536.616138458252 490.759666442871 491.304130554199 565.08501291275 512.138973236084 575.979884147644 504.496124267578 675.945045471191 735.179862976074 626.059730529785 484.035247802734 605.077436447144 537.204048156738 602.6625623703 515.609870910645 628.025741577148 591.201720237732 791.898803710938 680.096672058105 667.68775177002 619.993378639221 521.480026245117 626.843503952026 593.478271484375 789.439971923828 676.736305236816 657.29399394989 679.407068252563 548.048858642578 569.291664123535 686.298657417297 642.957225799561 735.499080657959 535.646896362305 543.474304199219 576.819374084473 666.053409576416 782.682586669922 781.181190490723 797.596687316895 737.855773925781 584.817481994629 710.231419324875
610.646366119385 549.323226928711 672.166351318359 615.77840423584 654.652336120605 606.206745147705 563.215487480164 471.574592590332 553.522972106934 446.280502319336 628.012843132019 563.285629272461 490.589668273926 620.492454528809 585.693179130554 653.180297851562 648.387557983398 660.943367004395 683.383743286133 584.648106336594 667.473091125488 742.533157348633 533.083045959473 653.628734588623 594.580714225769 595.222811698914 594.810134887695 568.998310089111 574.337509155273 655.080421447754 664.743144512177 677.261127471924 801.256011962891 756.576412200928 593.362838745117 470.753387451172 539.244934082031 554.921569824219 789.686500549316 658.577077865601 596.364898681641 655.989973068237 618.870079040527 687.719812393188 801.7451171875 806.170349121094 652.647644042969 801.568740844727 711.467706680298 759.908660888672
