simdem/realisation23.asc
NCOLS 350 
NROWS 171 
XLLCORNER 152620 
YLLCORNER 418050 
CELLSIZE 100 
NODATA_value -9999 
[rows 132 to 153 of 171, columns 300 to 349 of 350]
832.449615478516 864.720760345459 1685.92411804199 1295.73301696777 1047.39508056641 1085.63134765625 1572.26695251465 1665.09799194336 1280.84907531738 1342.37782287598 1247.91746902466 1371.13934326172 1030.77621078491 1424.80046463013 1370.90744876862 1016.33743286133 1362.61978149414 1264.19195556641 1273.96435546875 1127.28244018555 869.731859207153 903.709148406982 769.062347412109 749.99934387207 931.832786560059 872.752998352051 865.500875473022 903.285261154175 987.483890533447 867.709770202637 936.103485107422 978.294708251953 874.633100509644 962.35143661499 -9999 -9999 -9999 -9999 -9999 -9999 -9999 -9999 -9999 -9999 -9999 -9999 -9999 -9999 -9999 -9999
735.430252075195 842.537200927734 1022.22966766357 1374.84288787842 1083.28337097168 1066.58195495605 1667.43185424805 1946.49893188477 1380.78726196289 1217.55822753906 1249.01872253418 1393.98728942871 1205.92044830322 1225.29706573486 1516.99612426758 1875.80487060547 1689.9087677002 2494.50183105469 2204.23516845703 1639.97442626953 1603.84468078613 827.682231903076 732.068717956543 804.765609741211 797.043682098389 825.95746088028 732.081268310547 830.589149475098 837.380363464355 1040.40798187256 882.301738739014 780.714385986328 776.133766174316 894.388027191162 -9999 -9999 -9999 -9999 -9999 -9999 -9999 -9999 -9999 -9999 -9999 -9999 -9999 -9999 -9999 -9999
805.935594558716 860.334609985352 819.057712554932 1017.85777664185 1098.30567932129 1028.15574264526 1409.23928833008 1562.06304931641 1352.94877624512 1305.90266418457 1339.19326782227 1337.58194732666 1325.41358947754 1148.53038024902 1412.07424163818 1485.92349243164 1360.28996276855 1585.48895263672 1251.72647094727 1130.42938232422 1208.48567962646 1172.59022521973 764.573280334473 694.124481201172 729.713912963867 873.339040756226 953.91511631012 885.492444992065 861.664306640625 940.069362640381 872.309984266758 765.19051361084 822.838119506836 942.534864425659 910.286563873291 -9999 -9999 -9999 -9999 -9999 -9999 -9999 -9999 -9999 -9999 -9999 -9999 -9999 -9999 -9999
860.066566467285 760.859140396118 1044.81128883362 1324.08851623535 1118.96794128418 1172.75065612793 1057.87640380859 1505.81571960449 1780.15838623047 1661.39538574219 1302.39273071289 1430.08319091797 1153.45877838135 1102.06608009338 1194.26357269287 1835.71110916138 1405.03809356689 1116.06986999512 1040.19149780273 1044.12606048584 984.69415473938 959.808288574219 1157.57601928711 1045.55152130127 850.104303359985 802.227729797363 863.560426712036 728.546951293945 752.150077819824 976.322238922119 968.926624298096 876.443532943726 1133.78721809387 821.27244758606 943.564915657043 1133.43797302246 -9999 -9999 -9999 -9999 -9999 -9999 -9999 -9999 -9999 -9999 -9999 -9999 -9999 -9999
870.868553161621 980.156036376953 1018.57084655762 1069.5334777832 1088.29797363281 1393.10159301758 1226.63652038574 1056.59483337402 1156.0399017334 1269.71817016602 1112.80318832397 1108.63565063477 1177.96510314941 1574.31086349487 1273.76724243164 1033.02096557617 1140.77183532715 1089.06844329834 1160.95306396484 1036.9333190918 876.836483001709 1038.43575286865 979.169471263885 1174.13452148438 931.081108093262 841.509323120117 832.739856719971 581.446105957031 700.776153564453 754.160125732422 839.732070922852 1495.97136211395 829.281440734863 885.292282104492 806.51496887207 989.804138183594 -9999 -9999 -9999 -9999 -9999 -9999 -9999 -9999 -9999 -9999 -9999 -9999 -9999 -9999
933.349464416504 1092.35899353027 967.494510650635 866.578510284424 904.480037689209 1186.97328186035 1129.24279785156 1005.47470664978 1019.20740509033 1144.14668273926 1142.01000976562 994.096872329712 1323.61552524567 1420.48748111725 1301.88657283783 1055.54274594784 1114.34153747559 846.159873962402 943.585306167603 987.71325302124 1039.87174987793 971.136409759521 807.942520141602 1005.62637424469 976.906414031982 1010.19236755371 1727.11548233032 899.016666412354 841.925929069519 784.984909057617 1326.18123626709 1000.08655643463 1012.16648101807 931.180442810059 898.491535186768 748.930442810059 683.396713256836 -9999 -9999 -9999 -9999 -9999 -9999 -9999 -9999 -9999 -9999 -9999 -9999 -9999
812.459205627441 971.301780700684 977.118377685547 861.552799224854 813.57300567627 1050.6351776123 1347.69502258301 1074.50771331787 1142.64489746094 1236.78747558594 1049.59621047974 932.539115905762 1099.83640670776 1524.27281761169 1428.07646942139 1392.89402770996 1131.62001037598 1049.29001998901 903.320343017578 990.466949462891 1011.93724060059 973.278392791748 1025.19808387756 931.219924926758 905.414535522461 975.396986961365 1007.26656627655 1041.66529464722 1057.85145950317 1187.39524841309 943.28791809082 931.528846740723 868.682929992676 884.611608505249 859.067083358765 667.37223815918 848.734359741211 -9999 -9999 -9999 -9999 -9999 -9999 -9999 -9999 -9999 -9999 -9999 -9999 -9999
702.829795837402 942.931327819824 1089.37689208984 891.337417602539 813.281261444092 1088.21440982819 1173.56118774414 1121.96130371094 927.950462341309 1116.19468688965 1050.6107673645 1020.69552993774 1011.49795627594 1027.67748260498 1701.73807525635 1724.54515838623 994.071273803711 1253.83911132812 1158.12921142578 1032.62509536743 962.621181488037 1096.84176635742 1095.50521850586 1085.76596069336 990.021228790283 1038.89586639404 919.047576904297 889.385856628418 1025.48750686646 1019.23840332031 875.857116699219 887.193336486816 941.902997970581 821.116668701172 835.138557434082 747.772155761719 808.01008605957 898.48833656311 -9999 -9999 -9999 -9999 -9999 -9999 -9999 -9999 -9999 -9999 -9999 -9999
803.123090744019 834.965167999268 849.289373219013 776.665266990662 886.974760055542 918.135032653809 867.55744934082 927.108737945557 928.903610229492 924.521560668945 857.421630859375 972.617000579834 834.1884765625 1011.7317609787 1371.33023834229 1699.5412902832 1272.34272766113 1141.26049804688 999.458744049072 956.158592224121 1157.802734375 952.109561920166 961.864552497864 1047.24186706543 1028.19476318359 962.906110584736 915.022087097168 864.643913269043 965.227397918701 959.140762329102 1336.11999797821 973.778015136719 885.244964599609 959.575794219971 905.61176109314 808.138374328613 1003.5482635498 972.172233581543 -9999 -9999 -9999 -9999 -9999 -9999 -9999 -9999 -9999 -9999 -9999 -9999
693.386215209961 654.792434692383 886.043725013733 993.234039306641 1048.75869750977 814.340278625488 795.377655029297 741.67992401123 999.082019805908 650.664657592773 794.289077758789 1034.34531402588 1008.0793132782 1035.1674079895 1236.69868087769 1528.2526473999 1044.79368591309 1036.98101806641 1157.61430358887 1028.14952087402 1035.33623838425 1002.46418380737 1206.39671325684 1109.95175170898 1045.35614776611 925.839010715485 974.192012786865 1077.85527420044 814.758460998535 1014.64191436768 1184.79208374023 1007.89953613281 951.165281295776 1035.85638809204 935.029444694519 888.531803131104 913.922520637512 919.185901641846 869.44574546814 -9999 -9999 -9999 -9999 -9999 -9999 -9999 -9999 -9999 -9999 -9999
826.081485748291 662.00276184082 724.023880004883 954.753601074219 923.409080505371 948.327178955078 1193.50483322144 1055.33409175277 1079.07091522217 1069.90801334381 816.558570861816 1053.0094833374 906.380920410156 946.723678588867 1365.91264438629 1095.40042304993 903.297698974609 919.739845275879 999.79235458374 1213.76525115967 1275.51977348328 1071.35943603516 1353.81646347046 1093.70464706421 962.077434062958 1158.77444458008 960.775684356689 1068.56834030151 875.551513671875 940.557991027832 1159.24361801147 1171.39456605911 864.551292419434 957.154872894287 882.621139526367 899.966648101807 983.989435195923 940.591010034084 851.396985054016 -9999 -9999 -9999 -9999 -9999 -9999 -9999 -9999 -9999 -9999 -9999
610.55793762207 784.880289077759 673.986251831055 775.624332427979 840.300079345703 939.520191192627 964.600582122803 1103.67803955078 924.871269226074 760.113560676575 880.105548381805 899.860374450684 999.866943359375 1016.05163192749 1177.60755157471 1397.41762542725 955.726440429688 1058.97540664673 1041.9952545166 1110.48490142822 961.546371459961 827.612655639648 1080.90896224976 1324.64075469971 1040.25681209564 965.787391662598 1211.31176757812 1107.86841583252 965.831977844238 944.900321960449 1103.39252471924 1142.62536716461 868.439315795898 680.761627197266 741.474197387695 1014.81524085999 994.416969299316 1065.76010131836 895.841678619385 -9999 -9999 -9999 -9999 -9999 -9999 -9999 -9999 -9999 -9999 -9999
800.330047607422 730.05392074585 755.413635253906 675.271728515625 674.446464538574 777.879888534546 863.310173034668 750.266635894775 750.356559753418 799.600280433893 826.062370300293 709.937885284424 918.881679534912 863.853378295898 1116.73397827148 1092.74442958832 1481.57257461548 985.780853271484 1081.38631439209 1046.43579483032 824.695922851562 794.626708984375 813.087844848633 1258.50208282471 1126.08676528931 1010.94784927368 1659.94404602051 1006.17534732819 1043.36396932602 863.593826293945 976.059883117676 919.893692016602 799.97730255127 710.596542358398 944.105442047119 911.0107421875 1095.25006103516 1046.46208953857 956.419799804688 856.577644348145 -9999 -9999 -9999 -9999 -9999 -9999 -9999 -9999 -9999 -9999
590.375503540039 600.905395507812 711.687104225159 769.92733001709 727.279872894287 806.156017303467 855.49739074707 737.15243434906 777.475772857666 665.554641723633 825.044553756714 695.276214599609 680.238410949707 798.859069824219 810.13996887207 862.035362243652 1013.24598693848 1098.06682014465 1721.24058532715 1019.48794555664 922.10591506958 1008.89486312866 889.271484375 912.19310760498 1524.97252655029 1717.89197540283 975.314661026001 1193.67991447449 928.793418884277 878.452964782715 1165.18574714661 768.267654418945 675.772171020508 716.648864746094 1035.33864593506 951.344175338745 1098.64514160156 867.46187210083 772.28173828125 899.270252227783 -9999 -9999 -9999 -9999 -9999 -9999 -9999 -9999 -9999 -9999
699.240989685059 750.047962665558 679.599273681641 691.592468261719 691.790256500244 743.614933013916 757.611427307129 818.083450317383 876.849113464355 774.951568603516 569.833908081055 755.731884002686 636.167572021484 703.42138671875 845.217197418213 976.7763671875 969.111019134521 992.417785644531 994.940273284912 1058.94199538231 841.874389648438 975.632083892822 1041.78736937046 900.181762695312 897.758110046387 1323.98213005066 1164.2904586792 1077.25534820557 1030.2375831604 1035.7847738266 1048.43174934387 1058.3561668396 822.45735168457 915.128540039062 989.581611633301 945.389934539795 1010.89833831787 1005.57444763184 839.349967956543 945.940082550049 -9999 -9999 -9999 -9999 -9999 -9999 -9999 -9999 -9999 -9999
848.100498199463 792.82900428772 723.06763458252 646.098350524902 730.223510742188 560.239044189453 759.356109619141 808.050123214722 846.441375732422 930.859882354736 876.981170654297 691.900009155273 617.765609741211 840.141227722168 793.358118057251 864.007766723633 1038.37923431396 987.463371276855 1143.99826812744 1033.92983627319 1026.9022808075 960.59252166748 973.129005432129 1050.82306671143 1002.54127120972 1075.83610916138 860.966705322266 1209.77439117432 872.67626953125 998.125617980957 964.808788299561 812.113792419434 808.196662902832 825.842262268066 984.254567146301 895.801223754883 957.838397979736 1140.96336364746 1042.29730224609 972.363346099854 902.940821409225 -9999 -9999 -9999 -9999 -9999 -9999 -9999 -9999 -9999
888.029205322266 739.797222137451 709.996322631836 679.620941162109 638.674057006836 691.437629699707 800.452583312988 900.476196289062 854.491191864014 918.205528259277 792.113464355469 794.292037963867 911.578983306885 871.413480758667 800.198022842407 884.439178466797 816.259548187256 804.50341796875 863.795654296875 993.140691757202 1128.07200622559 1237.31265258789 1143.30527496338 1175.16368103027 929.870548248291 1040.07979297638 1090.12100982666 1008.60607814789 862.012916564941 788.934631347656 837.051483154297 815.18726348877 895.139490127563 869.861415863037 954.407743453979 1048.88468933105 907.85774230957 1068.33282470703 1102.69435119629 967.734172821045 904.528205871582 -9999 -9999 -9999 -9999 -9999 -9999 -9999 -9999 -9999
874.343238830566 811.54217004776 736.259696960449 602.758285522461 650.444839477539 621.138198852539 781.058255672455 916.84741973877 840.181204557419 861.274938583374 807.800626754761 857.109722137451 754.052307128906 1100.88333129883 934.658363342285 907.578346252441 798.823356628418 943.978370666504 1025.58073425293 1062.37083435059 888.332330703735 1023.48340988159 1163.96448516846 1325.30206298828 1101.56985855103 1058.34397888184 1043.83782196045 1025.89279937744 851.663974761963 827.9541015625 924.1462059021 885.613483428955 974.280891418457 986.450973510742 1071.21736907959 1039.27065944672 1026.88171386719 966.186102867126 987.70291519165 967.7626953125 977.247714996338 958.820641040802 -9999 -9999 -9999 -9999 -9999 -9999 -9999 -9999
712.547325134277 798.795709609985 856.25524520874 556.631958007812 603.875717163086 698.968193054199 723.14119720459 820.258075714111 815.417642593384 937.860061645508 954.33441734314 1091.91470336914 746.418746948242 892.570379257202 922.053574021906 880.897006988525 855.512584686279 759.20581817627 941.681396484375 975.593360900879 989.973983764648 1046.89602661133 913.097291946411 1061.63352298737 1110.22152709961 1019.39154815674 982.825149536133 968.180038452148 922.453567504883 940.904084205627 937.375804901123 825.636123657227 956.421472549438 902.26125061512 939.245144844055 956.4884724617 929.181053161621 938.370468139648 805.644081115723 1121.01266479492 1088.51161956787 1021.28192901611 -9999 -9999 -9999 -9999 -9999 -9999 -9999 -9999
761.891227722168 719.935646057129 721.463180541992 711.247894287109 735.928852081299 562.799682617188 611.28254699707 746.96085357666 926.123260498047 874.402996063232 855.507987976074 790.529693603516 686.451568603516 837.991767883301 1068.51786804199 937.99667263031 1072.3987121582 814.448947906494 901.419815063477 953.002044677734 873.686183929443 789.19075012207 827.536511421204 1033.55184936523 857.44871711731 959.752388000488 876.459034085274 994.098594665527 865.052536010742 980.080847740173 1021.06495666504 1064.21143341064 931.517785072327 915.471309661865 1205.99948120117 859.177177429199 764.847686767578 993.004920005798 1034.35838317871 1054.68576812744 1039.24851226807 968.530103683472 798.461990356445 -9999 -9999 -9999 -9999 -9999 -9999 -9999
653.225280761719 804.7434258461 846.119952201843 821.143409729004 892.501029968262 611.428329467773 632.437957763672 783.22015953064 805.809864044189 786.315107345581 871.102640211582 947.299507141113 822.654983520508 816.518104553223 856.164833068848 1006.07203674316 1051.27919387817 954.24077129364 940.585466384888 1063.19686126709 850.206211090088 793.173483967781 923.103713989258 934.372718811035 956.791076660156 1032.64553833008 888.051769256592 871.589569091797 911.568064689636 982.147324562073 1067.79335021973 1031.51546478271 995.670600891113 907.283275604248 1130.51435089111 879.440017700195 940.634208679199 1195.83779907227 1007.57795810699 1115.08350372314 1159.10349273682 922.565719604492 890.002784729004 -9999 -9999 -9999 -9999 -9999 -9999 -9999
651.766723632812 856.429862976074 612.031326293945 739.734027862549 750.555599212646 747.249420166016 690.119407653809 773.501094818115 843.757358551025 810.594439506531 799.986206054688 874.384275436401 1032.78218841553 888.826410293579 790.47523021698 735.163520812988 980.613056182861 1097.69439697266 1096.06890869141 923.096244812012 950.113990783691 917.627913475037 1049.04235839844 993.507553100586 839.069282531738 915.531409978867 843.057312011719 888.331885635853 826.191734313965 825.528617858887 1005.15437698364 1014.51094436646 977.86864566803 687.988159179688 992.904327392578 791.832427978516 1050.07404327393 907.375122070312 930.248817443848 966.081153869629 983.777503967285 1016.74346542358 1041.03381729126 1046.2446975708 -9999 -9999 -9999 -9999 -9999 -9999
