simdem/realisation25.asc
NCOLS 350 
NROWS 171 
XLLCORNER 152620 
YLLCORNER 418050 
CELLSIZE 100 
NODATA_value -9999 
[rows 22 to 43 of 171, columns 50 to 99 of 350]
-9999 -9999 -9999 -9999 -9999 -9999 -9999 -9999 -9999 738.744438171387 682.710742950439 749.477027893066 764.601860046387 591.29663848877 470.230742096901 448.086896896362 454.529767990112 635.23949432373 611.848033905029 604.60306930542 582.79370880127 617.701599121094 678.523426055908 623.455276489258 765.710494995117 587.586647033691 592.858871459961 667.814598083496 667.076049804688 567.702831268311 633.056087493896 673.17936706543 627.746553421021 460.012237548828 450.820495605469 585.779537200928 450.654136657715 476.694030761719 480.781387329102 610.964981079102 404.930671691895 417.089019775391 1102.87820005417 692.284139633179 663.205104827881 491.818283081055 536.546955108643 677.488882064819 486.377143859863 1440.08502094448
-9999 -9999 -9999 -9999 -9999 -9999 -9999 -9999 868.818450927734 640.56746006012 776.788879394531 781.074127197266 702.835510253906 402.370944976807 403.820098876953 516.665927886963 553.389860153198 753.118286132812 656.276859283447 615.096494674683 622.451278686523 759.940887451172 634.30765914917 714.125004768372 718.64250087738 507.97395324707 455.249458312988 511.085201263428 647.083755493164 599.351890563965 559.463306427002 531.67724108696 552.570413589478 532.442077636719 435.450180053711 597.968566894531 509.643379211426 890.832534790039 743.963298797607 1026.376953125 546.708892822266 474.05549621582 467.894905090332 565.014463424683 475.105125427246 547.223213195801 560.4990234375 647.998073577881 616.763111114502 1206.96658325195
-9999 -9999 -9999 -9999 -9999 -9999 -9999 707.721527099609 726.842163085938 710.975692749023 672.557256698608 682.109912872314 515.006313323975 529.466911315918 501.154855728149 552.682029724121 671.629356384277 598.304176330566 698.960121154785 793.827972412109 712.574422836304 734.255447387695 613.996885299683 694.153259277344 741.109443664551 534.145793914795 531.765686035156 533.428845405579 512.569805145264 1235.34918212891 752.077526092529 592.614711761475 643.162792205811 393.29362487793 664.177673339844 673.584510803223 614.58499622345 700.521617889404 663.290489196777 554.170883178711 653.364345550537 492.415260314941 436.827850341797 485.969314575195 486.073066711426 529.99097442627 514.443901062012 508.757093429565 485.089153289795 1002.0892829895
-9999 -9999 -9999 -9999 -9999 -9999 779.136688232422 545.250732421875 801.979843139648 845.456497192383 629.02416062355 629.684767723083 540.440017700195 628.039394378662 366.90518951416 607.943359375 598.437168121338 547.985931396484 521.807163238525 707.013486390933 653.951309204102 485.885848999023 299.079544067383 698.325950622559 589.144557952881 446.246551513672 490.904518127441 1036.82807159424 771.24395275116 768.551565170288 684.504356384277 531.455596923828 562.515243530273 818.384475708008 627.140872955322 580.544715881348 615.915145874023 560.4577293396 685.28914642334 618.576591491699 572.850996017456 574.085502624512 519.195861816406 500.132297515869 514.564605712891 509.356433868408 435.609039306641 544.085586547852 540.860996246338 837.557085990906
-9999 -9999 -9999 -9999 -9999 511.959808349609 309.861633300781 426.181503295898 447.314552307129 516.965461730957 766.350357055664 642.618228435516 705.715183258057 690.036273956299 643.008377075195 514.198913574219 572.344379425049 586.246389389038 538.370397567749 485.350105285645 608.499725341797 473.906707763672 473.380546569824 452.781211853027 530.623783111572 715.908798217773 701.514129638672 688.370300292969 792.545532226562 714.289852142334 602.33821105957 482.404006958008 490.276092529297 487.992263793945 565.089752197266 577.70874786377 557.834606170654 374.040130615234 591.30532169342 607.954246520996 578.909391403198 677.661376953125 351.583129882812 496.783828735352 372.100555419922 451.199859619141 483.70336151123 550.02853012085 688.331283569336 694.135812759399
-9999 -9999 -9999 -9999 237.090515136719 506.806304931641 396.430763244629 454.035118103027 441.768249511719 629.873971939087 553.598152160645 567.888656616211 634.916057825089 514.675338745117 494.102142333984 645.151123046875 355.633979797363 618.420127868652 575.105581760406 528.239330291748 553.419486999512 438.121963500977 646.138748168945 1092.62425231934 921.381797790527 662.114669799805 748.524406433105 741.60776758194 667.01082611084 716.52880191803 529.305877685547 564.280624389648 453.232757568359 586.12174987793 579.631385803223 517.1708984375 532.878494262695 541.207012176514 468.191009521484 630.72029876709 621.58443069458 541.191432952881 408.293930053711 546.951261520386 478.759033203125 613.392875671387 372.725189208984 550.108156204224 530.480926513672 574.06990814209
-9999 -9999 -9999 1055.16956329346 382.032485961914 626.583379745483 548.461864471436 529.370462417603 671.306762695312 526.540580749512 760.878532409668 694.398313522339 624.065793991089 512.647903442383 576.987457275391 592.946246743202 713.134357452393 661.053897857666 539.333448410034 634.099365234375 665.999771118164 671.053970336914 985.074966430664 793.672149658203 539.84676361084 354.120788574219 715.416374206543 574.443950653076 613.095153808594 491.78218460083 196.814788818359 442.152351379395 426.056442260742 585.560667037964 630.05004119873 595.581663370132 493.267776489258 463.463348388672 565.985475540161 595.112281799316 454.371292114258 433.907897949219 550.01362991333 485.48610496521 519.868776321411 482.98108291626 351.998077392578 553.204489707947 533.123140335083 496.493881225586
-9999 -9999 726.818824768066 1175.99385976791 489.99415397644 402.699275970459 608.036446094513 513.463247746229 563.523391723633 788.424644470215 794.386833190918 700.438926696777 643.368343353271 622.464660644531 706.99533367157 521.704734802246 709.594062805176 547.093994140625 924.942085266113 637.707202911377 1498.35842895508 629.814193725586 635.560684204102 632.002426147461 474.863815307617 478.509811401367 596.072067260742 630.252906799316 570.34765625 415.2724609375 234.364593505859 445.451293945312 527.417659759521 536.965194702148 480.734176635742 521.415350914001 458.532524108887 541.535675048828 462.504695892334 498.105827093124 435.869304656982 597.449142456055 509.237245559692 511.006746292114 582.930076599121 556.462730407715 547.389831542969 557.729864120483 521.814727783203 842.173572540283
-9999 -9999 456.493957519531 1053.0161895752 1103.64442443848 498.145683288574 693.358940124512 494.475980758667 637.114347457886 714.224136352539 731.652587890625 499.430646896362 720.486890792847 569.185806274414 649.575698852539 728.052505493164 639.1648209095 414.347854614258 822.826335906982 684.311660766602 588.52481842041 685.711479187012 471.317970275879 652.493743896484 440.541706085205 434.813552856445 513.252796173096 541.031967163086 360.575622558594 468.944299697876 353.506446838379 517.025417327881 531.574005126953 582.361045837402 535.785224914551 448.356744766235 531.674312591553 448.762557983398 521.677395820618 498.795566558838 466.349725723267 607.401260375977 596.161598205566 508.898364543915 469.484645843506 414.536285400391 446.453022003174 510.570724487305 311.077743530273 717.096174240112
-9999 564.046424865723 573.620025634766 622.087197065353 641.71173286438 777.067276000977 757.385925292969 780.315292358398 700.364656448364 684.856781005859 642.055603027344 643.429528474808 728.804092407227 543.75708770752 504.936882019043 681.148611068726 679.129531860352 579.618812561035 547.07345020771 524.097524166107 528.057106971741 615.869884490967 412.185218811035 452.17649269104 312.936996459961 597.7294921875 411.402088165283 425.650089263916 371.021514892578 541.26505279541 554.297431945801 527.653144836426 320.221710205078 418.219211578369 474.441211700439 532.620971679688 409.659816741943 503.132843017578 515.766742706299 382.746810913086 442.16996383667 499.768615722656 585.940040588379 576.744132995605 447.907482147217 590.540920257568 441.197746276855 660.778366088867 400.348274230957 462.221969604492
698.411499023438 592.408348083496 377.576950073242 637.433696746826 625.158922672272 630.164672851562 551.6086769104 675.234798431396 625.37957572937 812.61767578125 786.005584716797 746.589189529419 550.71955871582 553.920967102051 636.173121452332 631.987655639648 633.224983215332 663.270126342773 513.778467178345 363.503372192383 423.121948242188 526.397476196289 546.133583068848 544.468162536621 493.449981689453 425.382347106934 518.238441467285 450.390060424805 436.616947174072 391.899566650391 466.202483177185 509.571897506714 467.7579870224 398.908615112305 458.722256749868 474.231678009033 485.563591003418 497.285499572754 373.842212677002 307.22216796875 353.376129150391 516.35090637207 627.041717529297 589.293319702148 375.508964538574 457.447303771973 551.362504959106 532.769752502441 407.095901489258 561.740642547607
512.218414306641 438.121772766113 512.449974060059 705.988372802734 535.940227508545 627.552433013916 621.203670501709 491.91374206543 705.656219482422 652.879742622375 814.359153747559 697.05249786377 578.098049163818 362.243301391602 489.807159423828 379.301170349121 637.993423461914 690.898376464844 617.037590026855 337.937118530273 426.386184692383 479.484674453735 522.479187011719 555.266014099121 573.896713256836 613.588668823242 635.509567260742 490.103306770325 406.453315734863 390.347663879395 479.74800491333 578.921905517578 531.192832946777 449.575484752655 396.960624694824 551.476417541504 535.792411804199 672.441040039062 430.609783172607 515.326686859131 536.894157409668 502.683170318604 443.292106628418 448.380584716797 379.658737182617 504.234104156494 434.933479309082 429.853260040283 569.129920959473 618.856384277344
428.450134277344 419.575180053711 613.679786682129 550.966785430908 641.808723449707 669.255177378654 557.402305603027 320.672729492188 783.532028198242 653.329927444458 606.716099262238 631.09948348999 411.38500213623 576.868576049805 465.449306488037 620.550054550171 490.610367298126 491.712398529053 404.754318237305 419.328887939453 398.110229492188 460.957551956177 457.083181381226 528.41674041748 599.863433837891 540.085716247559 645.279708862305 550.297904968262 496.685981750488 481.682292938232 451.135445594788 443.457363128662 530.214500427246 400.24825668335 357.512054443359 466.098562240601 417.612586975098 445.946415901184 554.24195098877 401.464859008789 331.294372558594 489.323722839355 440.074768066406 408.661239624023 382.095458984375 507.857927322388 590.010841369629 563.825378417969 405.822486877441 613.836250305176
427.600700378418 589.559600830078 447.159408569336 411.816284179688 516.449106216431 688.693710327148 448.98120880127 802.526557922363 513.355484008789 654.23445558548 677.156562805176 632.023910522461 642.304153442383 522.447385311127 653.356422424316 475.73591953516 455.645057678223 548.443370819092 498.379819959402 602.993598937988 409.334449768066 355.710632324219 405.057975769043 320.749382019043 384.927917480469 420.822458267212 421.568634033203 425.989318847656 416.819578170776 422.557319641113 450.304767608643 573.699279785156 490.981185913086 333.950454711914 501.39098739624 408.027610778809 468.086820319295 501.383274078369 483.734729766846 322.173500061035 347.571166992188 441.519878387451 460.838073730469 441.964336395264 530.75537109375 577.869186401367 582.791175842285 494.079490661621 517.812080383301 564.621406555176
571.92036819458 607.105512619019 414.560562133789 582.030387878418 640.222661972046 683.035057067871 698.668159484863 726.143802642822 591.314338684082 869.959289550781 464.218307495117 656.898262023926 513.057942390442 599.662677764893 575.998100280762 529.624851703644 496.290971040726 470.668567657471 530.393871307373 467.612373352051 501.674346923828 513.58903503418 530.16089630127 468.898778915405 380.481922149658 368.844482421875 394.343696594238 377.225654602051 335.330703735352 517.738182067871 396.39200592041 464.872901916504 488.177577972412 379.958415985107 391.263519287109 406.057678222656 478.55916595459 326.972549438477 480.108285903931 443.373816758394 369.475166320801 234.222213745117 346.685081481934 456.504135966301 423.682441711426 489.809638977051 465.194017410278 627.528411865234 495.554284334183 566.485496520996
626.560841798782 489.75433921814 592.828704833984 643.42134475708 694.97534942627 572.329345703125 668.469421386719 636.451103210449 689.780265808105 755.609962463379 479.086629867554 717.30755853653 562.776391983032 678.855377197266 608.282806396484 451.096111297607 415.694900512695 382.09854888916 257.353866577148 391.361312866211 346.376167297363 326.990211486816 430.430629730225 405.745002746582 502.3046875 408.21443939209 206.085708618164 380.939727783203 410.069179534912 527.602729797363 508.344268798828 408.46512389183 453.740447998047 394.248458862305 500.426574707031 494.907947540283 452.282440185547 444.742002487183 377.141159057617 383.444080352783 423.264276504517 326.130462646484 361.555950164795 387.852249145508 352.037399291992 368.048900604248 418.44800567627 480.119594573975 397.703418731689 521.953968048096
540.667549133301 279.712768554688 477.787715911865 596.967100143433 408.697090148926 389.345203399658 436.449157714844 997.707748413086 983.2004737854 1094.2706489563 610.037540435791 637.353309631348 496.877805709839 664.248596191406 641.206207275391 486.197313308716 367.70866394043 282.768981933594 218.671829223633 376.159194946289 469.815867900848 399.488498687744 508.346725463867 375.243721008301 466.23490524292 389.780485153198 381.569974899292 264.017822265625 415.925363540649 461.157981872559 420.473891735077 444.956880092621 490.472587585449 426.446701049805 480.367771148682 558.763938903809 507.054233551025 416.38988494873 295.531280517578 448.176197052002 542.387870788574 396.300586700439 309.994888305664 494.307861328125 351.708068847656 457.685194015503 476.527968406677 531.027114868164 455.805953979492 384.152149200439
510.22908782959 326.38786315918 328.306289672852 729.356201171875 383.926887512207 274.736083984375 367.393432617188 636.498489379883 674.348403930664 686.502918243408 443.739822387695 591.371192932129 479.207431793213 521.78183555603 485.704287528992 416.347183227539 309.654571533203 347.115463256836 365.178108215332 480.916947841644 469.344800949097 500.052783966064 477.540832519531 468.319297790527 396.475326538086 474.64966583252 383.226881980896 268.331878662109 354.9892578125 548.024360656738 428.232716560364 318.580497741699 329.094940185547 388.761615753174 365.538093566895 502.916343688965 496.564895629883 499.553535461426 481.384073257446 394.874851226807 456.096483707428 429.300216674805 481.5700340271 327.412620544434 431.713300704956 414.500991821289 532.291603088379 533.772079467773 498.612777709961 423.346577167511
565.779521942139 686.332149505615 621.863098144531 666.420036315918 692.517084121704 314.141357421875 416.745544433594 622.344379425049 644.402503967285 683.568132400513 597.455913543701 534.493222236633 567.484066009521 494.67440032959 418.245468139648 197.948974609375 344.608024597168 362.692413330078 465.210830688477 350.001243591309 476.774003982544 535.157119750977 441.086483001709 528.671356201172 510.320625305176 514.404907226562 358.68225479126 328.937530517578 493.50951385498 364.510749816895 451.624801635742 345.465171813965 324.238700866699 420.480530738831 312.647621154785 454.348419189453 426.496755599976 481.130512237549 460.280379295349 451.249058008194 374.951202392578 439.784223556519 430.190498352051 356.976707458496 467.54790353775 422.080320358276 412.433483123779 493.369808197021 516.549430847168 403.405797958374
446.160545349121 636.011304855347 585.705116271973 711.215656280518 760.260997772217 423.661170959473 456.363052368164 653.805443763733 855.263610839844 1186.95397949219 633.222846984863 649.375679016113 641.044128417969 526.6873254776 395.903366088867 358.261604309082 435.269735336304 401.572002410889 359.706298828125 470.419584274292 542.529991149902 513.711654663086 352.74340057373 363.716453552246 359.158676147461 504.365432739258 487.489952087402 393.389686584473 468.351066589355 406.877223968506 346.926002502441 377.73607635498 416.663983345032 386.492092132568 355.867126464844 482.478927612305 522.235771179199 403.298599243164 379.923545837402 353.236839294434 412.282188415527 283.858612060547 440.823042392731 486.098222732544 402.361995697021 378.510383605957 489.210445404053 579.05012512207 505.328239440918 389.56079864502
803.531636238098 830.099864959717 799.541881084442 656.200958251953 431.695346832275 392.455863952637 551.393642425537 600.034913063049 685.711723327637 711.34147644043 736.763366699219 642.85205078125 817.452209472656 697.592987060547 582.689353942871 441.716049194336 526.296340942383 363.640769958496 479.290897369385 499.528255462646 419.108015060425 453.663973808289 453.902976989746 290.023544311523 430.171077728271 442.134536743164 498.099853515625 421.15718793869 400.332250595093 416.857839345932 406.589492797852 434.698250770569 384.983757019043 317.680541992188 454.468765258789 491.379043579102 542.201850891113 390.974124908447 331.408126831055 340.360801696777 430.808332443237 516.082313537598 350.955009460449 401.512130737305 344.065063476562 421.27149772644 385.9215965271 441.146054267883 638.965682983398 479.891277313232
531.592414855957 800.544319152832 633.588516235352 606.091293334961 444.808555603027 375.75085067749 437.343231201172 452.588973999023 625.782518386841 630.471397399902 683.029609680176 632.717063903809 635.544357299805 794.849029541016 580.144302368164 444.550827026367 507.628852844238 517.795951843262 458.355974197388 292.110641479492 392.210021972656 358.290954589844 381.212455749512 379.119607925415 423.577564239502 416.66778755188 314.77628326416 410.387616634369 518.698211669922 491.818664550781 388.067581176758 471.824235916138 378.512542724609 440.428009033203 458.291412353516 364.609329223633 333.258911132812 424.564037322998 414.706304550171 503.234516143799 438.889695167542 458.154556274414 237.284133911133 398.970851898193 406.571516096592 565.580047607422 425.337023735046 324.727851867676 412.83904838562 540.679862976074
