simdem/realisation33.asc
NCOLS 350 
NROWS 171 
XLLCORNER 152620 
YLLCORNER 418050 
CELLSIZE 100 
NODATA_value -9999 
[rows 22 to 43 of 171, columns 150 to 199 of 350]
609.578461170197 617.904047012329 671.203004837036 593.772079467773 583.195449829102 577.399351119995 762.424942016602 724.550987243652 786.705726623535 667.635684967041 439.539855957031 660.233283996582 922.087421417236 519.544692993164 793.06799697876 766.351417541504 940.453533172607 665.210052490234 549.721908569336 755.131264209747 658.759544372559 569.478042602539 798.820476531982 671.472133636475 641.434829711914 628.407485961914 840.528900146484 670.980743408203 604.703346252441 529.582984924316 548.528503417969 559.041682243347 535.382919311523 674.60767364502 641.236443519592 639.934423446655 652.861874580383 586.203643798828 676.802032470703 521.470687866211 651.227390289307 857.009704589844 622.481563568115 796.869636535645 539.294631958008 550.658973693848 541.171539306641 555.147438049316 782.412017822266 727.434061050415
570.210216522217 574.699466705322 479.527450561523 578.245090484619 672.407913208008 525.87100982666 743.784790039062 695.615425109863 745.276214599609 632.82164478302 429.803237915039 619.467948913574 749.518906593323 727.624364852905 459.57780456543 669.214378356934 524.84098815918 771.324020385742 607.536964416504 549.108665466309 636.656814575195 557.703330993652 516.961334228516 717.103839874268 761.858264923096 707.993054270744 861.072875976562 708.722213745117 554.577140808105 685.579320847988 523.712230682373 677.465595245361 482.08032989502 668.881387710571 618.086877822876 637.314829826355 526.491859436035 690.564277648926 732.730751037598 710.896789550781 656.274257659912 724.395236968994 712.372982025146 630.922061920166 701.848615646362 426.303314208984 610.290245056152 558.830902099609 744.790054321289 660.87035369873
474.703857421875 459.511032104492 567.33712387085 586.534236907959 569.676929473877 613.399739861488 669.513698577881 676.783271789551 517.140518188477 634.364915847778 610.119964599609 668.547794342041 917.525993347168 754.209144592285 519.627731323242 1235.54254150391 591.931884765625 370.305999755859 516.299835205078 612.905471801758 730.06031036377 533.593872070312 687.798312187195 631.045753479004 694.384172439575 673.493457794189 563.956146240234 624.563598632812 460.788284301758 665.321739196777 691.363296508789 662.38192653656 661.571853637695 569.722938537598 597.03104019165 596.825477600098 531.221939086914 689.839466094971 792.590927124023 669.481771469116 790.370040893555 765.349784851074 640.255007743835 663.31246471405 662.865829467773 535.547576904297 634.727046966553 657.336071014404 753.881038665771 634.692565917969
558.870040893555 491.362892150879 606.747529983521 585.955337524414 617.807854175568 614.577154159546 539.237705230713 565.148056030273 633.612122535706 562.603107452393 572.803321838379 523.340469360352 990.452056884766 632.156467437744 817.12181854248 566.773086547852 638.163461685181 912.657012939453 532.615081787109 680.95068359375 1018.01273345947 946.457649230957 712.939682245255 696.415105819702 729.450489044189 590.122581481934 593.476776123047 625.220977783203 516.253761291504 589.588752746582 535.538864135742 774.347244262695 743.671836853027 757.672386169434 689.716102600098 630.077666282654 600.237655639648 620.9643201828 596.352272033691 693.027689933777 810.082191467285 762.738109588623 750.109649658203 680.61336183548 730.219590187073 675.571475982666 684.989122390747 650.975799560547 640.41760635376 584.431015014648
539.225002288818 701.098213195801 779.991821289062 604.827779769897 672.38671875 629.843965530396 606.410671234131 537.567474365234 575.93643951416 572.558658599854 444.61018371582 569.902309417725 724.797857284546 610.680305480957 536.239776611328 791.158455848694 673.247634887695 724.449401855469 564.037414550781 647.835433959961 520.843826293945 612.333526611328 766.741359710693 584.108558654785 693.144337654114 742.311965942383 762.900360107422 556.723793029785 637.989590644836 646.923813819885 652.565357208252 589.315757751465 695.129674911499 652.837291717529 634.092625498772 630.185166358948 682.563640594482 731.240844726562 667.067591667175 772.947769165039 616.058204650879 852.85693359375 598.360569000244 633.772048950195 605.312065124512 720.554989844561 803.31339263916 673.347241431475 648.637449264526 594.728496551514
551.48091506958 643.604698181152 671.297348022461 569.446179389954 674.216384887695 757.313034057617 653.151346206665 653.823539733887 549.575172424316 490.759140014648 428.978744506836 480.77783203125 611.005081176758 702.94464468956 701.286992073059 698.457992553711 706.33228302002 571.063140869141 527.614784240723 674.370697021484 586.640380859375 681.04328918457 583.61767578125 684.518575668335 677.602445393801 1004.33505249023 619.00122833252 739.870109558105 641.032289505005 658.597290039062 691.693187713623 590.428604125977 756.003936767578 782.772399902344 734.131492614746 779.687271118164 677.952613830566 789.952819824219 663.39931678772 618.94702911377 686.68873500824 622.960702896118 526.146072387695 534.179306030273 796.497207641602 652.277561187744 683.673801422119 785.150238037109 584.125179290771 601.201477050781
519.663860321045 701.246337890625 608.926736831665 532.566165924072 521.124876022339 616.186645507812 595.031824588776 585.59624004364 519.964866638184 644.265293121338 618.031860351562 952.599517822266 700.795059204102 780.37329864502 703.576080322266 1092.5673828125 485.44108581543 966.624557495117 526.686012268066 750.392593383789 724.309295654297 663.42366027832 588.630184173584 656.575187683105 574.082466125488 671.721588134766 659.219245910645 691.672843933105 690.721817016602 677.146194458008 688.720699310303 568.390830993652 515.621635437012 495.552780151367 644.206792831421 706.515724182129 521.621894836426 653.923622131348 568.92858505249 509.814277648926 675.97339630127 1068.82876586914 658.266045570374 637.251556396484 602.179679870605 640.999681472778 597.273948669434 686.759742736816 506.674011230469 661.047157287598
504.213371276855 415.63591003418 466.902168273926 545.304178237915 542.585903167725 482.44278717041 523.32633972168 599.089686393738 509.680191040039 626.145496368408 592.182586669922 858.81071472168 1019.60182189941 986.637466430664 803.594680786133 757.42847442627 527.432601928711 495.674057006836 514.667877197266 441.810119628906 860.121109008789 737.409187316895 547.82421875 828.583438873291 481.670883178711 542.958930969238 507.971382141113 556.334121704102 492.777809143066 656.406093597412 646.847610473633 570.21569442749 583.139807701111 619.053449630737 647.731653213501 570.44059753418 523.457725524902 732.566253662109 725.452301025391 826.769439697266 706.084766387939 755.877752304077 567.235908508301 710.4111328125 614.446128845215 546.494697570801 642.771531105042 563.173145294189 720.21216583252 639.585472106934
426.730270385742 389.005416870117 371.927917480469 578.718631744385 530.785175323486 568.404160499573 574.165916442871 550.524890899658 566.962947845459 738.478134155273 811.935253024101 1045.24401855469 1184.70683288574 840.254814147949 831.538354873657 610.451933860779 465.752899169922 511.114242553711 449.07731628418 719.082916259766 788.745796203613 677.54399394989 557.197448730469 585.944156646729 619.208667755127 717.24422454834 626.108961269259 591.724168777466 614.796927213669 637.75023651123 604.165657997131 569.861037254333 638.863422393799 678.737426757812 736.043182373047 534.558471679688 602.314261198044 567.995656967163 671.7724609375 647.74299621582 809.253715515137 610.991966247559 651.533561706543 560.544326782227 609.485897064209 634.54310798645 622.400184631348 488.485443115234 694.53296661377 601.69694519043
558.793235778809 557.201126396656 646.163871765137 595.832431793213 514.444853782654 594.503490447998 562.248778343201 629.15943145752 609.367317199707 760.521789550781 836.343627929688 712.137005567551 969.475761413574 573.978988647461 596.63469171524 553.546974182129 619.680368423462 467.181137084961 353.721054077148 507.604766845703 493.227737426758 559.332811355591 510.239227294922 491.693481445312 484.546112060547 634.374076843262 671.579277038574 614.182281017303 457.987014770508 519.413669586182 498.317489624023 573.44678401947 561.142292022705 621.811813354492 497.767189025879 476.208595275879 472.483070373535 678.453262329102 562.479795455933 461.563674926758 790.759895324707 689.993986129761 518.354049682617 595.583082914352 622.121868133545 549.784286499023 674.294067382812 592.270900726318 600.990833282471 513.70890045166
665.203460693359 724.585372924805 621.969581604004 526.941333770752 552.954910755157 627.387718200684 613.145606994629 525.616416931152 799.940231323242 526.855247497559 703.505125999451 689.954822540283 680.327919006348 557.354385375977 497.56999206543 418.566375732422 564.795316696167 481.641830444336 499.08984375 665.429290771484 577.839550018311 554.469327926636 602.465587615967 660.757858276367 583.788608551025 579.4162940979 695.05396270752 630.970304489136 659.648330688477 499.85961151123 512.500448226929 623.288856506348 567.520483016968 435.930114746094 427.969223022461 438.305450439453 476.105529785156 575.217922210693 549.700234889984 678.806022644043 662.411242485046 593.503219604492 553.764057159424 545.443971633911 560.891702413559 588.26767539978 619.065895080566 483.396087646484 405.153945922852 562.014373779297
460.033699035645 663.476654052734 536.711442947388 649.204124450684 574.423759460449 578.553635597229 540.259346008301 551.853660583496 596.748718261719 489.369995117188 625.539890289307 638.989688873291 530.304000854492 541.975925445557 495.245597839355 414.722137451172 421.366744995117 480.580825805664 479.083198547363 622.613674163818 795.62548828125 695.173828125 665.470741271973 749.761032104492 547.935209274292 564.823493123055 678.571174621582 737.553413391113 506.844955444336 592.970703601837 520.890129089355 557.205738067627 510.384124755859 543.069478034973 523.383943557739 587.932546615601 644.743186950684 646.004997253418 801.99674987793 746.024032592773 604.234069824219 584.282501369715 657.309761047363 583.210328102112 495.863178253174 546.66482925415 490.847595214844 604.272632598877 495.656723022461 451.564208984375
674.972381591797 318.577331542969 512.668148040771 643.319717407227 553.239239215851 565.784565925598 670.27912902832 599.740516662598 465.809066772461 565.5388225317 612.490921020508 583.196952819824 487.179962158203 632.838348388672 563.094913482666 578.257204055786 521.40013885498 467.128723144531 546.241947174072 556.23250746727 616.354141235352 573.096291981637 610.0048828125 530.094259262085 402.404876708984 611.263387680054 630.193229675293 485.888748168945 525.821880340576 653.141792297363 562.183329582214 556.791608810425 481.12003326416 556.982448577881 801.161087036133 698.457443237305 617.13595199585 605.372848510742 641.77220916748 570.139586448669 530.011926651001 509.452068328857 701.945014953613 508.868064880371 612.115924835205 520.435787200928 627.173950195312 565.599548339844 554.434471130371 553.030975341797
633.613433837891 392.338531494141 369.185974121094 384.377883911133 555.022741317749 669.550033569336 724.86351776123 665.542263031006 522.962852478027 565.586521148682 699.962516784668 453.234619140625 400.718704223633 546.858907699585 630.504302978516 513.879276275635 548.539971351624 477.677841186523 486.069278717041 423.74040222168 594.781425476074 520.480155944824 521.863342285156 569.239303588867 451.495475769043 550.255576133728 505.347724914551 611.946804046631 591.308547973633 581.57315826416 496.977439880371 572.079786300659 631.708625793457 655.567558288574 765.613586425781 557.829187393188 612.833316802979 556.942966461182 467.270957946777 460.38948059082 621.690231323242 600.042213439941 737.839576721191 728.221817016602 1152.74952697754 638.935005187988 668.75203704834 530.627725601196 560.57043582201 635.992469787598
558.162874221802 570.51452255249 536.487537384033 516.856414794922 404.05842590332 660.823280334473 573.31730556488 290.283813476562 596.375217437744 612.933515071869 622.350692749023 455.856185913086 484.400054931641 478.702941894531 487.584148406982 631.134872436523 586.42520904541 659.77417755127 512.414970397949 547.927694320679 469.325500488281 643.944847106934 650.30835723877 588.817514419556 440.303237915039 657.887413024902 440.785568237305 602.656806945801 611.577754974365 535.881175994873 520.078872680664 532.217063903809 557.492641448975 547.625720977783 558.535263061523 715.110626220703 488.049549102783 552.719779968262 559.693801879883 590.895000457764 553.505202293396 571.480316162109 528.890594482422 611.84098815918 1089.8763885498 711.212875366211 665.487396240234 355.679183959961 570.122877120972 614.284248352051
497.850009918213 486.57698059082 400.010589599609 492.44026184082 333.234420776367 532.86350440979 530.077911376953 426.720672607422 469.674667358398 563.237060546875 554.07238650322 617.580835342407 521.146147489548 428.621597290039 351.889587402344 494.337924957275 567.371360778809 629.056373596191 604.433715820312 620.153213500977 450.124237060547 600.029773712158 538.235471725464 518.053449630737 461.341636657715 568.379959106445 563.102718353271 622.304504394531 942.388284683228 506.94164276123 457.202285766602 393.983703613281 464.193328857422 459.531784057617 468.114009857178 418.539810180664 474.09211730957 652.018692016602 610.402187347412 589.938159942627 467.512184143066 602.072124481201 627.453872680664 612.163154602051 717.293067932129 569.928871154785 513.342019557953 585.311065673828 551.832168579102 614.863208770752
633.252021789551 528.288593292236 481.329765319824 527.434734344482 547.882331848145 624.208576202393 705.26700592041 475.038017272949 465.527633666992 505.257736206055 599.314628601074 556.555310249329 471.603454589844 349.5693359375 406.943084716797 435.042839050293 440.853713989258 608.535957336426 549.815607070923 657.488914489746 545.514255523682 499.326850891113 567.66758108139 520.837485313416 497.112888336182 485.529075622559 561.296031951904 542.648971557617 666.059921264648 541.140869140625 479.224876403809 514.728843688965 424.52173614502 477.007209777832 497.412460327148 584.714275360107 503.613195419312 580.155414581299 567.581336975098 586.425136566162 547.127853393555 564.053839683533 553.72172498703 524.965179443359 496.616317749023 625.304359436035 359.323532104492 509.742984771729 555.587250709534 540.959043502808
694.768947601318 578.374653816223 571.932322897017 544.007064819336 536.763152122498 388.706008911133 476.556167602539 563.739254236221 430.841156005859 463.175483703613 496.99250793457 556.650936126709 523.833572387695 544.945219039917 547.764216899872 582.06526184082 556.613183021545 620.226280212402 615.770095825195 632.473999023438 575.434097290039 510.087268829346 587.708626270294 472.534561157227 450.90728187561 528.764610290527 463.068138122559 395.980361938477 840.505705952644 957.82097196579 561.014498710632 430.99161529541 471.169479370117 454.074447631836 484.157539367676 532.461532592773 579.49560546875 480.054718017578 414.121742248535 482.289093017578 462.349014282227 507.844680786133 508.11647605896 500.831092834473 461.782699584961 546.986042976379 416.672950744629 500.934642791748 559.676963806152 639.45166015625
542.212398529053 507.78685760498 479.934173583984 717.355133056641 691.51831817627 477.492588043213 480.252353668213 332.627090454102 470.612373352051 701.623764038086 523.63842010498 611.075946807861 458.545379638672 648.872673034668 694.702621459961 543.671772003174 566.193565368652 681.735473632812 624.644012451172 413.420219421387 520.054069519043 422.509002685547 320.713623046875 511.939888000488 647.210411071777 529.619583129883 531.592315673828 713.882730484009 561.989936828613 492.166496276855 585.317958831787 508.008014678955 566.020309448242 681.557189941406 517.263000488281 543.430195242167 590.979572296143 570.171461105347 553.716417312622 421.085693359375 488.57568359375 587.877090454102 515.22375869751 508.956077575684 609.131759643555 418.676162719727 523.464694976807 559.548388004303 624.305931091309 664.077354431152
541.106260299683 553.736316680908 457.931869506836 547.183782815933 567.786268234253 532.134963989258 415.754280090332 501.334205627441 415.149887084961 551.964492797852 446.609466552734 463.485446929932 428.497573852539 469.24693107605 592.218170166016 646.349975585938 521.003881454468 534.86023235321 517.574512481689 566.334568977356 522.099193572998 433.791748046875 441.006629943848 518.987789154053 544.245364189148 639.664817810059 649.329025268555 664.966416358948 718.626861572266 507.843673706055 546.055952072144 724.293807983398 498.041877746582 553.895704269409 737.816131591797 528.735108375549 626.447952270508 670.060829162598 698.803695678711 632.605125427246 643.055015563965 581.799304962158 615.067344665527 624.557403564453 486.432752609253 420.041343688965 561.282682418823 521.059146881104 544.236086845398 532.795249938965
563.771167755127 495.713817596436 406.229415893555 520.736463546753 649.314712524414 487.030548095703 388.874359130859 543.174047470093 374.037841796875 538.96785736084 608.298881530762 390.252716064453 520.895238876343 544.876304626465 669.22972869873 618.070556640625 492.980365753174 493.44596862793 545.692441225052 600.229103088379 559.267866134644 477.817417144775 581.462867736816 722.217514038086 610.53914642334 596.783178329468 605.501369476318 696.269775390625 771.093674182892 673.821872711182 632.45440530777 693.175476074219 487.386360168457 477.027465820312 521.316780328751 601.481826782227 680.458374023438 638.765884399414 630.990188598633 568.223480224609 616.262588500977 652.665634155273 650.238441467285 533.035533905029 550.699964463711 515.110158920288 576.610265731812 520.691045761108 522.925165176392 449.217666625977
538.916843414307 559.455360412598 490.476024627686 494.330913543701 551.866840362549 615.854198455811 598.316345214844 546.371146202087 539.255296707153 531.775609970093 499.873809814453 515.22399520874 534.429083824158 682.185348510742 604.276615142822 521.048997879028 560.060356140137 593.383590698242 674.123825073242 609.899291992188 591.814407348633 556.636514663696 598.282718658447 539.544227600098 616.328830718994 615.757724761963 662.521705627441 655.482208251953 607.579462051392 574.635269165039 789.770805358887 630.26473236084 625.821197509766 553.0756316185 513.195304870605 384.696487426758 448.970695495605 582.753112792969 551.837524414062 508.814041137695 632.474508285522 513.490592956543 812.919786453247 697.369512557983 694.562607765198 627.954349517822 621.720157623291 599.257919311523 457.836128234863 530.93293762207
