simdem/realisation30.asc
NCOLS 350 
NROWS 171 
XLLCORNER 152620 
YLLCORNER 418050 
CELLSIZE 100 
NODATA_value -9999 
[rows 44 to 65 of 171, columns 100 to 149 of 350]
363.966613769531 382.668529510498 374.348236083984 439.219011306763 273.540313720703 311.170143127441 196.697494506836 285.156356811523 351.307342529297 358.914726257324 421.955067623407 366.768131256104 350.084007263184 494.180755615234 548.274169921875 568.45043182373 415.790496826172 502.795602798462 521.461650848389 463.933675765991 385.692489624023 470.967261314392 418.447257995605 584.479461669922 575.562927246094 566.383613586426 551.584915161133 621.340972900391 498.11537027359 472.807636260986 472.59556388855 438.782909393311 575.494049072266 507.195110321045 474.444101333618 521.813289642334 488.703202366829 516.570045471191 501.115180015564 474.759620666504 388.610412597656 378.323989868164 470.44492149353 430.192405700684 501.854607582092 433.326568603516 458.527454376221 500.036345720291 407.075843811035 469.350463867188
554.762519836426 435.864820480347 508.187423706055 444.375377774239 366.053909301758 251.424194335938 292.668365478516 432.501146316528 465.296358108521 410.359701156616 400.932411193848 440.313669204712 471.327971458435 331.044174194336 603.394317626953 626.569976806641 524.119884490967 400.261016845703 634.711753845215 374.419361114502 328.943771362305 481.66284942627 396.809623718262 455.668518066406 637.242835998535 562.857452392578 563.336334228516 453.473518371582 513.505121231079 398.398513793945 512.711946487427 597.506217956543 506.247489929199 429.294734954834 425.046314239502 473.989309310913 409.185394287109 396.355598449707 339.595169067383 539.519985198975 420.076187133789 491.008859634399 560.787246704102 538.440216064453 489.059608459473 499.349342346191 536.661455154419 508.875551223755 403.081321716309 568.255027770996
492.901252746582 269.700546264648 444.456803321838 240.325317382812 321.935409545898 390.701438903809 427.884136199951 439.635225296021 312.896453857422 395.635517120361 415.542491912842 463.726219177246 627.5224609375 391.837650299072 603.480010986328 502.290809631348 481.829092025757 439.326412200928 417.72639465332 372.475830078125 284.728759765625 521.688079833984 460.672517776489 353.449356079102 552.070388793945 481.748860359192 203.103210449219 400.415351867676 403.227317810059 487.985207557678 545.325004577637 535.616331100464 546.543392181396 415.097122192383 570.697166442871 598.61653137207 510.210975646973 436.709175109863 510.677444458008 376.150146484375 445.718193054199 562.898620605469 617.693237304688 488.864242553711 354.183547973633 535.328811645508 490.284086227417 547.161987304688 351.379028320312 403.318954467773
369.544288635254 318.692405700684 343.409294128418 354.311004638672 274.940582275391 366.414978027344 432.142926216125 419.456119537354 307.795806884766 345.321800231934 468.070171356201 476.863800048828 522.879009246826 582.883743286133 582.584976196289 442.042048454285 359.591529846191 388.315948486328 383.367378234863 402.149993896484 375.649688720703 357.329902648926 527.455993652344 531.529169082642 531.185920715332 355.234146118164 222.482086181641 372.560737609863 522.486973762512 559.872703552246 527.624593734741 509.950879573822 541.60901927948 435.736572265625 620.230499267578 648.567413330078 615.395523071289 506.105742931366 493.138908863068 441.729820251465 497.183438301086 443.997478485107 590.598129272461 681.678207397461 361.092590332031 360.645538330078 471.669338226318 580.480812072754 440.559085845947 452.146423339844
408.40364074707 319.938652038574 358.30965423584 371.260780334473 376.172805786133 390.643280029297 563.059623718262 503.13158416748 417.21110534668 415.900161743164 465.69761967659 488.771409988403 508.470241546631 441.622120857239 426.868469238281 535.112594604492 374.69979095459 422.218070983887 393.20378112793 566.950119018555 344.242156982422 331.940277099609 536.232597351074 545.167449951172 527.229892730713 559.884338378906 366.599182128906 329.065536499023 507.558368682861 509.52209854126 511.875873565674 696.226608276367 572.758193969727 588.945381164551 679.955718994141 734.195022583008 582.584632873535 546.032489776611 474.768529891968 441.412147521973 488.520645141602 462.506185531616 542.927394866943 478.71143913269 535.157482147217 373.804397583008 463.800783157349 461.725597381592 363.008270263672 448.912261962891
488.33667755127 460.950824737549 505.898872375488 482.261163949966 480.217971801758 424.200542449951 331.5615234375 380.957588195801 400.463655471802 401.523384094238 382.653335571289 519.410484313965 599.249717712402 478.676666259766 496.632070541382 401.399543762207 406.391723632812 481.161825180054 588.417579650879 545.159767150879 388.844062805176 500.635364532471 525.274188995361 581.869651794434 664.783264160156 525.876575469971 647.742935180664 437.289085388184 516.872100830078 419.611213684082 516.371762275696 651.121795654297 632.681701660156 424.977355957031 503.252301216125 579.966896057129 461.120092391968 481.346611022949 507.344232559204 526.457610607147 330.985275268555 414.375556945801 530.495080947876 520.474947452545 510.85919880867 403.811111450195 371.355987548828 409.760467529297 573.951599121094 520.277448654175
504.855453491211 522.72021484375 622.099411010742 483.941761016846 404.522735595703 491.193729400635 390.573215484619 487.685768127441 372.11637878418 591.679222106934 508.678470611572 471.102182388306 450.950665950775 438.445583343506 436.700286865234 472.621420383453 401.222526550293 476.286037921906 429.536888122559 415.372138977051 482.614881515503 514.448453903198 444.218460083008 628.38069152832 553.201620101929 495.8830909729 378.162811279297 385.200927734375 527.836374282837 579.310958862305 458.909160614014 560.377492904663 623.393417358398 615.118919372559 358.629928588867 491.263664245605 465.908222198486 526.199230194092 398.971099853516 372.471649169922 306.174819946289 470.777454376221 603.924285888672 579.482494354248 623.694854736328 646.835159301758 598.290908813477 377.45841217041 430.18042755127 506.270575523376
441.354137420654 443.187814712524 432.529514312744 598.334747314453 485.319694519043 469.444553375244 473.315082550049 512.410099029541 410.97554397583 412.433193206787 383.828727722168 331.385452270508 494.356023311615 429.631019592285 379.06534576416 449.581855773926 475.317192077637 413.697998046875 551.436222076416 426.621459960938 420.626647949219 375.732391357422 503.987231254578 519.15494966507 530.085141181946 591.622375488281 451.432201385498 362.968536376953 483.391576766968 600.408447265625 601.751800537109 536.38516998291 627.55249786377 591.541389465332 464.418357849121 530.63468170166 497.828336715698 326.998199462891 508.8175573349 551.209142684937 345.761138916016 607.95906829834 572.827972412109 429.198951721191 398.939239501953 661.722900390625 498.203882217407 396.740287780762 362.959396362305 486.191017150879
380.374549865723 385.234878540039 278.89729309082 485.861312866211 490.713088989258 489.083087921143 243.921600341797 419.86319732666 478.416100025177 409.412117004395 342.515510559082 382.390296936035 475.644897460938 465.452795028687 499.35823059082 606.975128173828 615.196441650391 622.08837890625 507.568994522095 412.239601135254 488.187564849854 606.570701599121 496.029851913452 436.706165313721 447.876602172852 530.726280212402 474.751657485962 388.184646606445 427.892948150635 487.200012207031 571.759078979492 463.618022918701 675.492782592773 628.492279052734 605.720123291016 456.703842163086 437.860397338867 304.382827758789 415.033729553223 574.898983001709 558.59769821167 508.791606903076 508.571251869202 508.729606628418 473.448978424072 478.364273071289 388.512756347656 559.954360961914 525.994800567627 389.649322509766
324.858108520508 349.036018371582 252.764190673828 433.905211448669 501.70295715332 361.983306884766 278.314346313477 380.518753051758 462.157465934753 453.614334106445 483.030449867249 550.110023498535 546.750953674316 690.417327880859 594.828826904297 476.818530797958 663.091033935547 499.588136196136 541.198383331299 527.390251159668 610.574394226074 652.441131591797 572.249420166016 522.343212127686 463.482067108154 441.891979217529 540.310115814209 585.55184173584 555.180168151855 452.997894287109 629.522132873535 524.236989021301 556.73243522644 523.269968509674 617.805717468262 399.371231079102 486.306159973145 416.073211669922 541.399984359741 613.585990905762 622.68775177002 582.069183349609 490.168125152588 497.4674949646 345.191879272461 466.655094146729 527.742176055908 478.089267730713 436.596519470215 361.49967956543
436.023869514465 454.552007675171 517.338226318359 414.414944648743 432.610678553581 251.655960083008 294.934936523438 412.664688110352 417.936676025391 571.40160369873 576.927543640137 584.092323303223 563.755111694336 629.155609130859 526.820129394531 439.410297393799 575.658721923828 521.12410736084 454.441516876221 503.255847930908 595.932304382324 583.705986022949 527.360149383545 637.163635253906 422.064819335938 559.449298858643 454.10013961792 475.408695220947 487.240165710449 543.86735534668 557.899795532227 589.791786193848 512.77889251709 498.349340438843 559.070907592773 550.049419403076 578.393157958984 473.13500213623 560.118232727051 558.613189697266 588.347301483154 555.83846950531 436.186676025391 360.005981445312 501.17395401001 571.199409484863 507.170566558838 489.810413360596 426.906623840332 538.433146476746
412.193187713623 429.048523783684 518.211547851562 537.248603820801 389.886528015137 396.088233947754 471.485197067261 338.964828491211 429.77368927002 549.081993103027 488.758107185364 608.597480773926 563.713912963867 519.861949920654 311.698608398438 491.116588592529 473.570589065552 512.416223526001 420.051300048828 500.388790130615 550.720420837402 566.904872894287 528.209365844727 545.852649688721 453.736110687256 457.877799987793 428.189476013184 505.394623637199 378.097427368164 450.465644836426 588.61376953125 624.48095703125 593.415161132812 562.655715942383 607.442321777344 630.238945007324 606.001670837402 681.201843261719 669.189743041992 578.176330566406 531.947251558304 594.178745269775 547.71253028512 333.95735168457 393.681015014648 449.452613830566 530.32642364502 536.863313674927 582.261404037476 452.36353302002
488.494983673096 391.719356536865 375.946868896484 433.095867156982 466.356721878052 450.533399581909 497.875099182129 408.865829467773 512.604839324951 513.184423446655 485.718611180782 430.836307525635 357.430931091309 473.030476570129 392.178321838379 410.790397644043 473.915733337402 362.773056030273 423.063274383545 575.790523529053 493.220534324646 631.700241088867 494.878883361816 593.951080322266 401.751770019531 520.160823822021 667.692337036133 600.948638916016 552.527847290039 523.208209991455 570.263468980789 677.530792236328 685.554077148438 535.194312095642 535.703804969788 612.645545959473 604.950012207031 542.413594484329 577.829830169678 710.227798461914 604.618549346924 538.527249336243 467.226364135742 603.69681930542 484.794532775879 551.198951721191 600.241924285889 584.828666687012 496.812843322754 573.245960235596
544.733879089355 453.605348110199 521.29655456543 481.450277328491 372.127975463867 496.069713592529 391.60343170166 444.061667442322 474.400238037109 553.721473693848 440.861242294312 350.286979675293 308.84765625 523.720294952393 466.629293084145 456.907655715942 479.707566261292 425.94649887085 345.115089416504 482.513113021851 460.955215454102 448.007141113281 495.803867340088 509.130706787109 462.246299743652 429.929889678955 450.709754943848 484.931546211243 603.361259460449 525.474243164062 733.553600311279 706.056053161621 770.046142578125 644.757102966309 381.174728393555 544.636277198792 492.476642608643 391.819747924805 527.43424987793 636.396705627441 735.651580810547 497.905303955078 574.946716308594 563.326433181763 565.049787521362 753.174224853516 671.844711303711 684.160720825195 641.250419616699 525.770866394043
502.33179473877 425.217489480972 366.667236328125 307.625625610352 446.021031796932 471.787715911865 508.63053894043 506.183078765869 633.4765625 480.36545753479 510.631523132324 382.247581481934 427.179109573364 412.831161499023 397.819831848145 440.432174682617 424.20919418335 398.501617431641 496.04098033905 522.645542144775 579.939407348633 346.249374389648 353.7568359375 452.183628082275 493.636876940727 449.915138244629 433.304672241211 543.875846862793 663.194320678711 508.793956756592 538.165092468262 808.294860839844 611.645997047424 636.296020507812 566.907097101212 602.904647827148 560.970859289169 491.723121643066 675.639292240143 663.206871032715 659.05632019043 512.549125671387 514.535526275635 704.121994018555 470.949588775635 758.621826171875 722.114082336426 548.667654454708 426.531997680664 529.728041172028
552.753036499023 578.312881469727 492.071830749512 348.376419067383 477.908790588379 541.34928894043 524.492744445801 376.351913452148 429.33135509491 429.214099884033 472.35871219635 452.293399810791 539.28067779541 471.309686660767 442.028837203979 349.807601928711 467.083242416382 433.727191925049 532.38550567627 473.456395149231 492.232597231865 426.955905914307 444.266017913818 495.690933227539 313.742370605469 459.835886001587 442.56916809082 525.90341758728 469.538360595703 420.967887878418 415.729949951172 588.521408081055 615.920776367188 674.293304443359 722.060699462891 631.315078735352 726.187580108643 509.511520385742 663.819736480713 588.614559650421 719.440643310547 390.659423828125 513.757410049438 530.696444988251 559.045909881592 578.382430791855 607.869846343994 461.13697052002 383.212524414062 531.453387260437
367.542915344238 414.003540039062 469.097041130066 422.989318847656 516.890949249268 497.4753074646 431.011156082153 421.224941253662 552.767837524414 401.246936798096 505.301277160645 363.493682861328 399.240909576416 356.666893005371 559.789825439453 409.120685577393 542.627422332764 523.438980102539 532.470794677734 433.506984710693 468.591611862183 577.96395111084 478.626091003418 466.728553771973 461.417233467102 508.189772605896 506.300765037537 518.605449438095 532.999956130981 547.171295166016 384.056457519531 418.042976379395 525.066403865814 528.819481611252 658.269203186035 549.555284500122 527.686393737793 472.165542602539 292.074752807617 568.397403717041 565.450021743774 477.981956481934 497.847232818604 604.785713195801 636.809234619141 755.079071044922 694.642791748047 409.296295166016 544.553916931152 410.708206176758
291.006439208984 407.15701675415 401.308788299561 423.368389129639 477.421769142151 551.016876220703 342.084510803223 456.798950195312 423.809410095215 418.282417297363 434.226845741272 345.735580444336 352.078979492188 247.203353881836 383.786224365234 389.12296295166 511.941083908081 627.647354125977 438.623006820679 410.768630981445 441.922756195068 515.426459312439 483.954656600952 396.730899810791 380.629508972168 573.891616821289 573.80037689209 644.611358642578 581.08618927002 538.476062774658 576.187309265137 564.443748474121 541.079536437988 536.335267543793 435.285850524902 378.062362670898 551.206661224365 360.727294921875 340.717010498047 454.547332763672 515.861232757568 619.629383087158 477.582977294922 635.070807695389 597.856327056885 627.612916946411 832.186923027039 791.597137451172 517.531158447266 341.351119995117
401.68391418457 354.853469848633 341.478828430176 356.015319824219 457.471030712128 458.788204908371 630.657302856445 457.586143016815 424.843185424805 368.226806640625 384.742149353027 560.067169189453 499.640953063965 493.281337738037 477.896553039551 450.808183670044 388.306854248047 404.421253204346 445.104591369629 543.832130432129 503.136863708496 482.373044490814 481.209727287292 422.414947509766 471.162004470825 594.864356994629 654.553100585938 590.670372009277 530.627252578735 712.418579101562 568.557350158691 469.581680297852 342.808380126953 457.397113800049 479.344188690186 501.56830406189 406.040710449219 482.125335693359 447.794883728027 299.781860351562 485.384185791016 500.564315795898 583.239740371704 499.593467712402 601.720680236816 440.281829833984 810.822867393494 489.396450042725 350.807266235352 338.583312988281
548.116676330566 441.027370452881 231.323226928711 373.241943359375 381.710304260254 448.550178527832 490.860950469971 484.384326934814 417.596942901611 482.06817150116 611.836807250977 714.503082275391 645.714263916016 545.620101928711 374.365699768066 432.892223358154 357.140380859375 420.76579284668 401.276977539062 395.700843811035 470.811191558838 564.824798583984 400.837257385254 467.8076171875 554.30447769165 513.030740737915 594.215934753418 521.45339012146 588.622184753418 500.334336280823 572.89737701416 507.650776863098 550.486099243164 436.844551086426 565.187980651855 587.443691253662 491.782646179199 443.901077270508 390.460327148438 545.496171951294 586.181484222412 513.793613433838 580.119125366211 556.70338344574 535.279962539673 569.685153961182 477.589263916016 448.963317871094 389.005706787109 488.175197601318
546.496482849121 477.63729429245 449.469758033752 524.13419342041 494.453227996826 554.643814086914 503.173065185547 488.302906036377 359.952102661133 473.55354309082 630.656204223633 730.628479003906 617.274078369141 607.697357177734 468.406797647476 437.901103973389 414.335765838623 352.053634643555 354.529754638672 565.882637023926 398.074607849121 410.789779663086 536.803024291992 444.70112991333 574.53923034668 568.347518920898 581.639041900635 510.907148838043 611.82105255127 564.18558883667 527.151893615723 464.991619110107 428.534210205078 459.023109436035 470.955097198486 560.588342666626 511.181670188904 552.652181148529 482.201824188232 560.609529495239 506.258087158203 582.4775390625 604.828659057617 534.192465782166 615.334770202637 463.490501403809 520.747608184814 496.935928344727 511.177314758301 519.904895782471
468.667226433754 412.218334197998 457.141117095947 559.568000793457 552.745651245117 592.602111816406 489.390373706818 415.961002349854 394.888523101807 529.064416885376 537.199619293213 660.597213745117 533.25496673584 495.34285736084 447.630449295044 426.879642486572 407.164447784424 377.820365905762 494.250816345215 370.636360168457 369.297737121582 342.82048034668 524.321041107178 555.61009979248 650.011581420898 650.072723388672 668.322219848633 502.504885673523 613.200637817383 637.619155883789 491.515302658081 629.451538085938 418.519973754883 510.309156417847 463.373371124268 614.113151550293 570.657703399658 553.247493579984 588.267105102539 627.687477111816 547.070482254028 694.447677612305 506.24760055542 590.907779693604 484.592838287354 491.095092773438 624.805709838867 588.579238891602 573.400465011597 607.972061157227
