simdem/realisation56.asc
NCOLS 350 
NROWS 171 
XLLCORNER 152620 
YLLCORNER 418050 
CELLSIZE 100 
NODATA_value -9999 
[rows 88 to 109 of 171, columns 200 to 249 of 350]
621.990371704102 452.918594360352 493.200500488281 681.704745769501 782.213935852051 781.793563842773 590.642570495605 591.038513183594 652.461196899414 602.662181854248 645.145511627197 679.192012786865 721.297927856445 765.353355407715 701.39559173584 845.788009643555 671.217531681061 822.872787475586 740.888874053955 792.29615020752 707.138511657715 652.071350097656 595.947425842285 706.181282043457 634.229585647583 728.409473419189 663.814299821854 830.909942626953 583.131340026855 699.384822845459 592.840324401855 556.433181762695 702.742691040039 705.277709960938 746.689582824707 748.278373718262 738.049743652344 731.222030639648 927.993743896484 786.581470489502 810.527130126953 940.945129394531 932.379539489746 801.945503234863 660.113838195801 734.262445449829 687.853851318359 839.353172302246 842.580215454102 925.557357788086
498.493209838867 336.502197265625 536.305572509766 664.214898109436 772.967674255371 638.078684806824 634.027240753174 708.611572265625 595.979042053223 594.922904968262 580.641212463379 718.655540466309 638.411664485931 624.490951538086 746.420082092285 591.767925262451 648.360099613667 621.330764770508 681.535774707794 690.839859008789 679.095584869385 852.290771484375 746.408012390137 620.786786079407 558.645324707031 630.327800750732 827.979598999023 685.948707580566 691.631492614746 571.373764038086 695.541683197021 681.338779449463 674.769437789917 706.415031433105 513.868049621582 675.986736297607 634.947902679443 787.691070556641 895.747909545898 835.890472412109 851.273506164551 906.622802734375 830.655563354492 848.746286392212 691.536315917969 679.242973327637 800.06872177124 1146.57171630859 1072.6524066925 762.325626373291
570.459266662598 987.300704956055 604.862754821777 794.102607727051 683.703378677368 714.998455047607 646.006513118744 596.785537719727 636.095193862915 610.175872802734 618.964660644531 668.032787322998 700.717277526855 617.520485877991 701.33780670166 880.009719848633 744.80052947998 672.039422988892 744.78719329834 830.120620727539 655.099557675421 558.843391418457 625.419673919678 700.850944519043 648.1930103302 740.462535858154 788.925453186035 686.603816986084 745.924125671387 685.342790603638 647.762894153595 706.96834564209 680.483901977539 833.084030151367 599.063665390015 641.872402191162 562.29479598999 796.46711730957 967.022933959961 867.865646362305 855.17204284668 816.209655761719 872.233695983887 925.175666809082 753.939143180847 692.208047017455 786.702491760254 918.749445915222 945.653774261475 832.092555046082
391.984832763672 418.961044311523 522.288162231445 670.418352127075 662.402598381042 692.564878463745 667.569965362549 665.170547485352 565.125160217285 582.298858642578 647.214876517653 609.215520858765 729.294731140137 752.47248840332 704.509346008301 775.692611694336 646.442625999451 608.755352020264 586.66092300415 635.98650932312 574.68839263916 595.597633361816 552.671752929688 714.159900665283 765.960121154785 780.782341003418 821.974761962891 557.23119354248 701.875240325928 707.174381256104 799.403686523438 855.335525512695 759.177230834961 689.791172027588 723.740127563477 718.833908081055 836.044692993164 908.016998291016 887.867980957031 725.731248855591 793.297618865967 794.360794067383 937.010955810547 934.295997619629 782.451698303223 635.254489898682 751.553184509277 843.38256072998 1031.50115203857 816.678077697754
569.386642456055 560.732524871826 729.432426452637 836.608276367188 632.692207336426 560.65161895752 614.66739654541 689.698234558105 609.326622009277 686.810096740723 826.815017700195 673.503887176514 609.492827415466 680.355781555176 647.995020866394 765.98274230957 600.808336257935 587.331623077393 647.339232444763 750.412490844727 659.110046386719 683.668518662453 715.737607002258 718.232593536377 592.947326660156 700.985013961792 787.595380783081 631.875602722168 697.894817352295 606.136199951172 609.207763671875 622.332809448242 647.659351348877 619.070701599121 726.875663757324 800.117538452148 689.062303543091 734.570274353027 680.019668579102 585.086140632629 668.664276123047 685.348243713379 729.412929534912 858.344696044922 763.492553710938 678.55179977417 683.845371246338 757.740546226501 928.212532043457 961.827018737793
598.8844165802 706.425951957703 768.101585388184 634.262377142906 436.968070983887 844.898544311523 614.382710456848 557.326400756836 778.904815673828 729.127807617188 658.470333099365 645.037704467773 487.121002197266 615.77118062973 532.991973876953 657.034610748291 607.192066192627 704.061180114746 565.100975036621 675.031651496887 600.946460723877 559.066131591797 748.399282455444 636.783050537109 750.193424224854 689.326718091965 749.578553199768 588.609199523926 603.94388961792 674.339587211609 685.504855155945 607.719947814941 662.671577453613 860.300155639648 793.719665527344 752.804203391075 631.261367797852 626.13597869873 675.589779376984 636.815780639648 606.700325012207 686.179664611816 627.927118301392 882.726516723633 825.365203857422 890.91796875 776.607124328613 678.575157165527 838.765600204468 802.65486240387
616.546714782715 623.525276184082 784.323509216309 747.394290924072 598.403366088867 429.935943603516 753.052444458008 635.330657482147 730.45979309082 665.789323806763 608.02047252655 768.349853515625 740.531532287598 674.153686523438 686.032096862793 585.453449249268 597.792964935303 725.610595703125 659.586849212646 624.175022125244 666.551918029785 602.39474105835 537.340141296387 791.951114654541 742.696821212769 747.651596069336 690.194664001465 645.310081481934 660.032878756523 637.826320648193 691.30296421051 840.460098266602 754.252471923828 699.157526016235 840.083961486816 871.312080383301 654.407649993896 667.317895650864 678.083129882812 693.012397766113 753.384708404541 651.701717376709 626.794467926025 853.9619140625 745.856857299805 766.325941085815 761.569358825684 689.03466796875 799.739822387695 771.527200698853
595.795776367188 579.872619628906 685.032604217529 788.177798748016 613.486457824707 558.125671386719 607.199569702148 778.049369812012 622.633876800537 617.538753509521 667.752915382385 749.434989929199 769.197814941406 728.799240112305 592.279121398926 566.1252784729 560.050682067871 613.318027496338 614.919895172119 715.508743286133 758.973350524902 733.058456420898 820.563911437988 566.317911148071 698.079467773438 783.406692504883 698.708606719971 660.645849227905 594.956275939941 593.66414642334 661.09961605072 733.44799041748 745.446689605713 586.26049041748 847.842193603516 911.80687713623 724.912330627441 635.657691955566 800.394165039062 651.303722381592 686.313884735107 643.168395996094 604.054977416992 709.608961343765 878.20450592041 733.317779541016 569.529891967773 576.195457458496 670.839988708496 697.298202514648
657.438642501831 477.983016967773 652.116645812988 841.245544433594 764.143351554871 643.942565917969 548.62557220459 712.041881561279 662.403860092163 517.65966796875 705.197235107422 765.604347229004 728.887825012207 584.013145446777 649.8059425354 690.582160949707 665.010372161865 697.758842468262 704.392021179199 804.929077148438 719.453109741211 645.863140106201 790.9326171875 718.542200088501 694.592300415039 706.268249511719 690.13293170929 762.483459472656 633.020191192627 604.03295135498 652.225727081299 606.368324279785 638.461679458618 675.726303100586 692.942075252533 822.878227233887 740.297485351562 707.882543444633 835.42463684082 676.558958053589 574.244964599609 667.866081237793 530.135238647461 657.065826416016 701.082485198975 664.919036865234 810.942886352539 480.643081665039 511.933670043945 501.900375366211
427.875427246094 566.226341247559 642.862518310547 764.422101020813 685.357734680176 711.68429851532 744.629615783691 1011.16000366211 530.151000976562 547.757804870605 689.255359649658 680.706737518311 555.73316192627 594.224235534668 607.929378509521 630.105699062347 509.27205657959 569.194713592529 561.888679504395 799.925796508789 721.171905517578 798.35856628418 818.672973632812 638.288768768311 601.831481933594 724.906806364655 623.543537139893 512.199249267578 678.636878967285 629.141802787781 644.248142242432 740.915306091309 592.557006835938 481.716079711914 439.412582397461 644.574768066406 654.591613769531 735.384803771973 692.884239196777 635.419296264648 488.983947753906 553.698623657227 579.735458374023 589.077690124512 852.61759185791 816.523338317871 851.408866882324 679.894969940186 858.76912689209 593.278213500977
619.740608215332 650.087547302246 618.975326538086 622.684867858887 736.943984508514 755.288541793823 626.386077880859 659.922225952148 657.472484588623 752.625282287598 673.097446918488 695.51976776123 746.06965637207 717.298404693604 765.858863830566 577.42924118042 583.282188415527 644.396565914154 563.900375366211 697.956474304199 649.547915935516 582.361053466797 713.752067565918 538.698570251465 630.754852294922 723.294162750244 730.826480865479 689.98612644989 702.811053276062 732.491519927979 735.184951782227 710.411430358887 715.63525390625 729.222694396973 705.331726074219 620.223556518555 672.302261352539 568.347122192383 575.100273132324 546.712860107422 392.231292724609 465.499938964844 643.871280670166 502.517135620117 647.021446228027 831.411880493164 745.427580833435 886.494660377502 553.106079101562 714.496070861816
979.877151489258 659.788436889648 732.438457965851 701.76513671875 838.503540039062 903.494972229004 715.494203567505 715.33798122406 760.591119766235 693.45791053772 621.959571838379 628.885081291199 611.550673484802 602.280349731445 678.154050588608 637.172335624695 673.734657287598 600.386457443237 698.116226196289 768.658012390137 702.358825683594 624.128551483154 689.672996520996 624.135339736938 618.76050567627 760.208452701569 971.643177032471 811.264205932617 621.962936401367 521.158554077148 777.599433898926 818.638557434082 688.900156974792 659.981789588928 576.362739562988 645.190250396729 694.142729759216 741.83081817627 700.292879104614 537.849212646484 529.290084838867 533.110733032227 593.547973632812 578.106285095215 666.015602111816 678.565402984619 769.188243865967 1017.8159198761 1029.76416015625 1027.36546421051
822.445485591888 789.189685821533 588.595123291016 668.907745361328 740.312664031982 779.267951965332 774.1546459198 704.564903259277 506.593139648438 541.475067138672 610.697822570801 714.720996856689 695.722496032715 622.74356842041 656.314178466797 691.713550567627 714.556457519531 703.304870605469 606.373985290527 497.825592041016 607.79598236084 641.398351669312 745.264068603516 986.243629455566 692.356072157621 672.435846328735 1015.21198272705 814.031063556671 811.812881469727 1171.81823730469 1376.86111450195 775.932399749756 751.018947601318 715.556169509888 584.662414550781 746.139419555664 913.72486114502 637.228572845459 698.727696657181 760.959949493408 609.05224609375 647.909057617188 684.206962585449 558.950820922852 816.218475341797 867.820541381836 1001.74156951904 823.105945587158 872.616058349609 757.64672088623
800.276119232178 705.993144989014 538.873878479004 789.334533691406 790.83381652832 708.014045715332 845.66268157959 817.623184204102 651.916564941406 818.29801940918 489.751235961914 621.175354003906 587.550216674805 487.047622680664 686.00977897644 673.726539611816 711.390487670898 729.179695129395 643.8266248703 534.719917297363 683.132038116455 741.735008239746 682.575717926025 850.101516723633 565.643188476562 764.802753925323 640.045722961426 603.741340637207 671.675638198853 609.406547546387 645.803291320801 629.336433410645 456.382049560547 1060.55285644531 843.933654785156 815.690093994141 1184.1700553894 999.09642791748 676.264419555664 807.913795471191 926.56769490242 602.319915771484 579.417251586914 454.026153564453 587.023498535156 769.782997131348 807.612045288086 1023.83615112305 1387.30281829834 768.853706359863
657.46354675293 803.047132015228 675.882211685181 579.027381896973 589.226852416992 700.841117858887 783.404741287231 814.050157271326 744.44132232666 741.352897644043 1031.15557861328 547.711494445801 621.67227935791 728.347431182861 698.296989202499 553.438003540039 763.482307434082 707.042427062988 661.239959716797 688.540786743164 565.143527984619 770.94660949707 689.017881393433 541.950332641602 673.880367279053 573.063674926758 510.046981811523 529.929748535156 531.970916748047 589.703079223633 569.903305053711 559.50732421875 537.403366088867 439.489974975586 547.848480224609 551.639266967773 499.490219116211 922.57356262207 516.430633544922 496.143096923828 558.637298583984 598.493118286133 1038.26150512695 510.091354370117 984.089202880859 784.802261352539 811.626152038574 1022.52568817139 1058.97994995117 726.577556610107
638.899925231934 870.756912231445 779.210594177246 557.296546936035 779.993198394775 813.734001159668 752.979775905609 813.111837387085 896.409545898438 870.412624359131 675.155250549316 732.242767333984 583.473316192627 642.470817565918 631.898265838623 752.120971679688 685.905193328857 771.85188293457 582.306198120117 472.530281066895 616.989838123322 605.850343704224 620.333789825439 641.731767654419 770.785743713379 570.966331481934 571.222053527832 517.300170898438 350.137725830078 581.31721496582 547.34642791748 403.283874511719 634.259212493896 576.094665527344 637.58512878418 667.058291196823 964.534902572632 990.623569488525 830.91771697998 692.09361076355 614.584526062012 722.805642604828 1085.70570802689 710.24979019165 1077.30799484253 1034.54167747498 746.416453361511 1187.38080596924 785.920083045959 1306.08055114746
-9999 688.032244682312 572.044464111328 567.63028717041 585.665184020996 839.698211669922 854.913223266602 793.333417892456 716.870048522949 769.147602081299 827.44660949707 950.571426391602 586.642028808594 568.792678833008 596.478084564209 666.883262634277 652.422097206116 627.791703224182 594.163343429565 529.544807434082 603.713581085205 753.710220336914 601.31459236145 896.271446228027 1027.84497070312 546.679092407227 615.882061004639 481.472518920898 607.456687927246 525.08447265625 594.261703491211 503.666778564453 557.733184814453 568.575538635254 1005.42686271667 682.131206512451 652.088304519653 578.007957458496 570.570411682129 718.236885070801 684.896648406982 527.667709350586 818.686443328857 744.558305740356 811.186529159546 1270.01846313477 790.588748931885 775.594423294067 695.43482208252 816.343994140625
-9999 737.775637075305 752.309219360352 518.175079345703 665.345229148865 799.940059661865 793.968891143799 808.458972930908 646.313140869141 710.992057800293 861.843330383301 870.292472839355 562.895034790039 530.515731811523 691.564674377441 697.570960998535 497.17407989502 458.756217956543 589.485664367676 492.037994384766 537.544593811035 697.298843383789 718.707740306854 577.853454589844 996.459484100342 475.60498046875 621.877475738525 582.930023193359 420.926284790039 521.508285522461 594.560722351074 610.409313201904 630.239093780518 516.526473999023 1198.02735137939 644.519104003906 624.322780609131 756.850090026855 689.567820072174 603.106071472168 612.890510559082 486.389846801758 782.347637414932 715.880516052246 723.45970916748 809.686561584473 985.411354064941 734.592415809631 642.664321899414 571.147033691406
-9999 -9999 858.71900177002 673.360456466675 715.769969940186 829.142539978027 791.603481292725 771.835181236267 759.291458129883 754.115966796875 779.415375709534 750.113677978516 671.749990940094 535.42658996582 593.052116394043 562.302659988403 441.758003234863 428.527557373047 506.696296691895 650.880462169647 464.843139648438 580.344932556152 727.989524841309 533.364036560059 593.095458984375 550.611221313477 600.889232635498 702.863033294678 407.942947387695 465.72248840332 527.635955810547 602.132328033447 745.708786010742 709.332439422607 898.770362854004 749.476150512695 700.526008605957 784.141189575195 760.043243408203 604.810050964355 647.739574432373 579.553802490234 862.723365783691 931.765930175781 676.588768005371 596.511199951172 587.510726928711 631.695526123047 853.270202636719 647.084976196289
-9999 -9999 1139.8765335083 1050.55158996582 701.196384429932 690.716798782349 838.755416870117 794.898681640625 666.60961151123 797.950939178467 1025.07946395874 670.180457115173 593.134986877441 572.251327514648 608.428106307983 523.224792480469 578.599508285522 429.433151245117 509.065189361572 612.853073120117 524.261108398438 507.840991973877 626.412261962891 565.170417785645 538.168361663818 650.179916381836 624.275436401367 589.213890075684 567.924362182617 402.943817138672 524.426284790039 530.947784423828 627.570995330811 691.895500183105 608.232921600342 740.205780029297 614.324165344238 812.058169804513 749.399208068848 635.193580627441 842.563228607178 776.32682800293 965.400382995605 1084.71842956543 958.381416320801 784.809829711914 666.583435058594 759.021209716797 968.403835296631 748.387260437012
-9999 -9999 -9999 761.308639526367 634.829467773438 682.868452072144 851.275436401367 753.880038261414 693.943946838379 599.351249694824 533.420402526855 417.467193603516 544.464179992676 673.241354942322 527.334625244141 722.26042175293 538.337963104248 538.285419464111 441.757781982422 607.520690917969 560.461438179016 464.047721862793 673.016708374023 1255.90382385254 445.992889404297 521.481185913086 634.884750366211 526.032989501953 492.293563842773 568.036361694336 773.081951141357 576.34139251709 693.20654296875 654.701360702515 571.321487426758 691.755065917969 411.555099487305 692.852638244629 651.88599395752 570.904026031494 763.55751991272 760.270896911621 807.936222076416 839.758470535278 625.484466552734 746.286254882812 712.117080688477 789.487846374512 819.861747741699 1282.46688079834
-9999 -9999 -9999 576.480117797852 506.15983581543 601.700496673584 762.130638360977 847.636611938477 706.167232513428 944.047912597656 644.814231872559 557.52409362793 725.434471130371 770.95238494873 753.592590332031 633.099721908569 583.144672393799 614.67915725708 635.755933761597 610.813943862915 602.760986328125 475.716369628906 512.037673950195 716.22492980957 509.235229492188 537.416870117188 457.638885498047 528.1904296875 485.334197998047 580.358436584473 561.863235473633 673.035974502563 746.616706848145 606.025123596191 461.396118164062 945.555358886719 697.550731658936 711.961124420166 570.144958496094 503.079818725586 685.602006912231 533.112762451172 742.281504631042 942.356861114502 729.622894287109 1094.05395507812 844.258380889893 790.71949005127 1133.58602619171 1014.6945514679
