simdem/realisation73.asc
NCOLS 350 
NROWS 171 
XLLCORNER 152620 
YLLCORNER 418050 
CELLSIZE 100 
NODATA_value -9999 
[rows 132 to 153 of 171, columns 250 to 299 of 350]
863.901870727539 836.422252655029 902.751197814941 939.835311889648 886.02855682373 621.742637634277 495.911323547363 738.165573120117 761.300926208496 772.85290145874 818.714500427246 749.979635238647 814.657649993896 674.690574645996 636.993209838867 786.50253868103 834.290618896484 849.94066619873 888.397937774658 757.927268981934 824.016815185547 617.764961242676 661.174755096436 623.375549316406 633.463966369629 662.25213432312 537.063407897949 714.221801757812 547.638847351074 683.965692520142 729.874069213867 663.466066360474 630.726757049561 649.424298167229 788.258651733398 681.299060821533 724.759582519531 795.554496765137 742.784870147705 693.926376342773 926.372695922852 1214.13401031494 1003.52133560181 1130.77290058136 1027.08898735046 1033.79946136475 920.779449462891 585.073745727539 802.523796081543 1057.91278076172
679.78165435791 864.464469909668 864.216533660889 761.051319122314 752.896820068359 541.822402954102 632.293827056885 622.872066497803 792.165019989014 778.025715827942 782.10572052002 876.020225524902 904.461807250977 960.838150024414 643.46802520752 746.054497718811 785.409652709961 892.081108093262 844.528182983398 677.005355834961 769.367343902588 880.17951965332 608.194274902344 673.870179176331 717.383624076843 627.947395324707 535.235527038574 735.83277130127 620.706075668335 773.71688079834 662.640905380249 501.598663330078 539.896453857422 572.94554901123 650.258220672607 720.843151092529 806.871154785156 808.781066894531 739.185466766357 742.889038085938 654.42836689949 887.537355422974 1151.25008392334 1111.01577568054 1058.64921236038 964.957140922546 1042.177734375 765.337532043457 895.126623153687 879.243755340576
705.720336914062 778.036117553711 697.590553283691 634.851440429688 618.822346776724 547.516010284424 556.32975769043 733.831388473511 739.7522315979 924.571350097656 800.475801467896 805.138278961182 863.821815490723 774.374975204468 561.800643920898 673.19115447998 691.380977630615 668.038009643555 796.995498657227 712.774391174316 751.942231178284 697.125392913818 648.561632156372 682.31229019165 685.013550758362 682.954383850098 776.865173339844 730.110824584961 578.162063598633 604.896842956543 731.75870513916 658.714271783829 643.545555114746 709.367263793945 666.343491315842 702.644672393799 725.656238555908 831.162460327148 818.115859985352 769.544830322266 681.689979970455 691.335426330566 776.350791931152 887.559280395508 904.077470064163 1075.5177154541 952.413665771484 841.707382202148 956.870178222656 875.531453132629
723.387264251709 765.029349327087 787.112319946289 654.00191783905 698.712043762207 770.448417663574 709.402912139893 866.34504699707 823.744226455688 774.874664306641 820.105674743652 902.548332214355 763.034047961235 683.174201965332 644.111854553223 672.600463867188 650.961395263672 781.63826751709 716.092140197754 725.607696533203 608.218322753906 728.865037918091 642.965545654297 737.013748168945 623.832088470459 708.420722961426 814.648773193359 775.014007568359 662.594853401184 694.717586517334 688.840972900391 731.97102355957 705.095272064209 752.066444396973 677.849669575691 693.75757598877 700.270397186279 781.150840759277 775.732383728027 788.631561279297 745.781299591064 774.649604797363 723.407901763916 691.979241371155 831.107383728027 925.548997879028 1050.20761108398 983.414688110352 949.883529663086 1067.20074462891
792.423271179199 755.835418701172 548.379959106445 611.211027145386 591.839687347412 595.39631652832 774.237083435059 860.357387542725 712.160758972168 688.300758361816 814.520305633545 764.385450363159 608.877471923828 640.34595489502 678.366580963135 818.081405639648 811.325091481209 944.719619750977 709.600746154785 694.958396911621 725.570854187012 556.019638061523 765.054126739502 562.871139526367 545.386276245117 646.869360923767 803.573287963867 699.976451873779 676.777439594269 751.903427124023 525.519424438477 693.351066589355 681.15580368042 728.3254737854 782.305458068848 635.017312169075 671.871984481812 683.619918823242 836.942413330078 767.11686706543 684.600771903992 745.795398712158 756.270683288574 700.364379882812 735.787155151367 755.874267578125 860.829696655273 861.362455368042 878.65941619873 953.93634223938
751.556974411011 631.134590148926 598.968612670898 583.457809448242 766.382661819458 801.737835884094 849.144493103027 883.92073059082 765.08412361145 700.31888961792 773.387535095215 732.168439865112 661.593276977539 619.930236816406 681.448047637939 760.389877319336 751.748531341553 989.170516967773 719.666864395142 604.14102935791 629.762435913086 606.405265808105 620.751159667969 630.071620941162 710.195644378662 653.035915374756 708.733177185059 713.030258178711 834.045471191406 775.381759643555 763.607322692871 690.690870285034 600.076873779297 503.135177612305 622.830837249756 694.382680177689 729.865249633789 670.759056091309 728.499992370605 846.852020263672 751.121925354004 817.68335723877 743.445291519165 871.531433105469 755.511795043945 749.802268981934 978.134460449219 969.257431030273 787.285068511963 786.289640426636
711.704719543457 655.274765014648 612.203140258789 740.169319152832 891.546096801758 952.207748413086 876.934646606445 847.738265991211 832.105674743652 716.145935058594 664.650581359863 691.364135742188 673.278419494629 744.406044006348 645.096000671387 723.136825561523 551.990570068359 636.097503662109 665.027084350586 697.189418792725 719.514513969421 662.571449279785 794.045829772949 543.804351806641 687.91979598999 732.607666015625 642.905868530273 807.111480712891 749.382537841797 701.961277008057 809.588836669922 772.112075805664 746.644332885742 637.782329559326 623.724815368652 792.427742004395 729.90438079834 743.949764251709 760.734844207764 735.77827835083 881.109985351562 805.529525756836 856.230438232422 750.933486938477 743.529926776886 795.73876953125 770.228363037109 793.083522796631 829.840243339539 759.38452911377
718.967544555664 798.432722091675 851.282051086426 950.599166870117 826.325472831726 910.420417785645 810.642077445984 788.069465637207 754.639343261719 794.405671387911 749.564441680908 746.552845001221 675.865577697754 816.926235198975 820.871528625488 756.177774429321 680.313102722168 830.566352844238 599.838577270508 839.794418334961 855.221176147461 639.252017974854 712.423896789551 668.82283782959 711.423343658447 719.668922901154 744.381256103516 790.511672973633 793.213455200195 775.60075378418 664.34833240509 890.445343017578 654.23420715332 536.559921264648 572.390640258789 667.17462682724 628.148365020752 758.312450408936 555.305442810059 761.201026916504 815.894653320312 821.525787353516 613.861518859863 816.129524230957 781.261375427246 821.759033203125 652.845237731934 899.152328491211 868.565559387207 794.20316696167
867.825592041016 918.53727722168 881.813991546631 843.716004371643 877.463920593262 836.867448806763 764.684177398682 694.210357666016 886.756675720215 658.931365966797 812.636228561401 758.502307891846 781.362920761108 680.486228942871 750.135173797607 773.92413520813 923.454803466797 827.106376647949 676.860618591309 677.830814361572 753.830558776855 720.578647613525 609.589981079102 759.143497467041 868.449844360352 793.175643920898 840.391235351562 858.169219970703 786.09383392334 802.941993713379 726.155439376831 728.875709533691 757.812196731567 653.624196052551 631.172008514404 518.406005859375 562.358955383301 739.906330108643 536.40185546875 644.748748779297 673.19553565979 746.64701461792 679.265661239624 747.43078327179 649.771591186523 819.802551269531 762.081802368164 739.348579406738 895.377731323242 665.049198150635
721.990126132965 705.015777587891 816.198023304343 834.431997776031 935.804565429688 859.969814300537 781.482978820801 780.848518371582 750.044036865234 658.629119873047 847.280956268311 826.257837295532 751.975135803223 871.032691955566 694.406547546387 825.149167060852 921.766639709473 814.736011505127 863.350738525391 635.368545532227 736.011404037476 670.785961151123 549.355895996094 603.036193847656 713.560506820679 964.320770263672 894.796142578125 929.252902984619 841.421947479248 775.566926717758 625.098289489746 619.262794494629 799.723365783691 778.091461181641 625.480484008789 701.66130065918 612.048439025879 604.562408447266 782.675573348999 808.608863830566 738.350101470947 678.841033935547 688.065059661865 859.988571166992 864.628799438477 811.085380554199 725.75856590271 666.563014984131 807.040214538574 811.693252563477
797.372825622559 724.767211914062 1174.91890192032 825.320751190186 842.032274246216 762.291931152344 651.625457763672 447.770233154297 764.230918884277 875.574043273926 952.157295227051 707.813171386719 871.439659118652 668.893020629883 761.416175842285 983.260818481445 926.76416015625 830.101321697235 1020.67723846436 681.204189300537 761.141441345215 733.935565948486 618.442543029785 783.801538467407 788.453819274902 866.018249511719 917.064720153809 783.584421157837 841.861297607422 693.322906494141 586.539840698242 586.299003601074 704.071652889252 874.369186401367 809.760314941406 582.904251098633 464.372055053711 581.957740783691 639.293155670166 820.439239501953 714.42343044281 591.101753234863 646.06844329834 800.883781433105 858.371810913086 903.099105834961 737.829223632812 520.947128295898 778.312877655029 669.009628295898
859.268936157227 822.624649047852 1026.55026245117 722.017160415649 742.694111824036 608.054618835449 655.411468505859 929.433685302734 742.900032043457 779.866693496704 786.706876754761 798.860866546631 738.522621154785 724.923545837402 651.598480224609 929.214210510254 914.854736328125 935.41340637207 824.903903961182 763.821092605591 778.737789154053 715.671821594238 737.830471038818 685.167461395264 806.135541915894 756.398719787598 819.859806060791 838.469615936279 936.398834228516 907.230209350586 739.965709686279 775.493408203125 747.455955505371 739.193065643311 727.559949874878 604.266357421875 591.8466796875 585.145652770996 599.540077209473 729.382820129395 829.150894165039 916.304107666016 731.114017486572 787.336280822754 677.812614440918 812.998863220215 742.531869888306 648.533210754395 737.342763900757 636.285621643066
845.084716796875 813.47265625 722.907737731934 640.272583007812 717.388038635254 488.335708618164 654.613647460938 795.715957641602 560.845588684082 792.270821094513 1092.74317932129 681.282768249512 636.229583740234 730.213790893555 788.36735534668 878.965351104736 833.342692375183 882.315858840942 861.890342712402 815.846961259842 801.722737312317 720.179710388184 827.329429626465 745.994449615479 834.418918609619 706.34358215332 800.645141601562 877.985733032227 766.680767059326 789.09178352356 825.321743011475 796.537100791931 849.076751708984 728.651720046997 760.466701507568 723.70627117157 607.166374206543 633.797821044922 774.624961853027 737.235557556152 761.491302490234 738.831142425537 855.126678466797 798.868209838867 811.676467895508 793.628570556641 703.378774642944 700.074268341064 807.752166748047 716.468557357788
-9999 -9999 -9999 784.869590759277 802.251781463623 766.733383178711 854.877014160156 628.597473144531 697.968395825475 830.658142089844 837.435707092285 825.351100921631 831.441547393799 770.083114624023 829.217393875122 746.623977661133 898.640554428101 944.783599853516 931.257999420166 814.972156524658 744.752593994141 716.731506347656 760.79273223877 799.277324676514 810.269012451172 790.450706481934 731.803637862206 659.24600982666 777.315231323242 955.601577758789 862.237167358398 811.497327804565 884.10173034668 749.205472946167 822.891471862793 952.695724487305 719.176630020142 895.334197998047 815.492973327637 680.517135620117 864.434341430664 843.499626159668 686.668350219727 838.584136962891 833.624145507812 656.676483154297 810.121963500977 815.521278381348 844.282554626465 711.16565322876
-9999 -9999 -9999 -9999 -9999 -9999 888.799655914307 843.176992416382 707.594467163086 773.50100684166 745.860481262207 802.241790771484 737.892501831055 994.484977722168 893.728855133057 769.624481201172 689.716087341309 825.168846130371 672.378646850586 803.515182495117 748.670143127441 536.120544433594 647.388442993164 708.433532714844 821.175411224365 628.673027038574 904.33358001709 667.051334381104 802.628116607666 810.477828979492 811.34104347229 794.682159423828 710.409790039062 761.044008255005 779.623508453369 827.076820373535 804.321618080139 755.623950958252 786.145202636719 825.261215209961 852.167516827583 807.540145874023 782.37313079834 737.955090999603 656.536373138428 612.564567565918 732.331871032715 876.548263549805 855.922828674316 723.085529327393
-9999 -9999 -9999 -9999 -9999 -9999 -9999 -9999 -9999 795.919563293457 820.383152008057 840.524528503418 1021.60255432129 857.636636734009 756.045877456665 697.295509338379 1107.47384166718 793.869384765625 877.589157104492 773.720245361328 835.091903686523 780.021530151367 659.98811340332 793.313865661621 904.593048095703 928.227394104004 930.2021484375 722.714262008667 920.328620910645 789.002758026123 783.293724060059 678.509391784668 711.561613082886 791.333961486816 885.401123046875 816.288040161133 746.96849822998 784.590888977051 741.222972869873 643.375305175781 800.010261535645 810.007598876953 672.976558685303 807.812728881836 867.175079345703 751.820507049561 904.444610595703 900.476898193359 826.188385009766 800.36833190918
-9999 -9999 -9999 -9999 -9999 -9999 -9999 -9999 -9999 -9999 -9999 1005.53643798828 684.568954467773 792.127710342407 652.764045715332 690.398067474365 868.320831298828 1402.53476715088 854.214084625244 746.396560668945 927.47314453125 813.812850952148 681.284027099609 909.826411008835 823.675861358643 807.389640808105 820.414169311523 833.026496887207 655.768081665039 911.194250106812 945.990829467773 704.097854614258 717.288267612457 746.732036590576 922.890426635742 726.168436050415 776.648941040039 764.512603759766 734.7659034729 682.775581359863 558.333831787109 682.541271209717 804.281074523926 780.69429397583 668.995132446289 704.944718837738 901.516296386719 740.046753644943 728.554485321045 663.68244934082
-9999 -9999 -9999 -9999 -9999 -9999 -9999 -9999 -9999 -9999 -9999 -9999 906.093322753906 823.754135131836 695.914447784424 653.733085632324 754.666221618652 1478.10976028442 1207.90036964417 1134.23041915894 1156.07574701309 1068.98023223877 1062.91606903076 1066.35256004333 798.09423828125 738.037053108215 714.543384552002 772.809799194336 986.775588989258 845.126281738281 784.904188156128 765.747783660889 806.649639129639 844.490837097168 715.866397857666 701.424214363098 734.259733200073 783.466819763184 703.552864074707 513.038452148438 683.244972229004 692.849063873291 799.580101013184 803.903026580811 839.92765045166 818.439933776855 690.588653564453 583.198867797852 716.511444091797 712.411186218262
-9999 -9999 -9999 -9999 -9999 -9999 -9999 -9999 -9999 -9999 -9999 -9999 1059.71929931641 851.352073669434 770.018453121185 651.730182647705 642.057361602783 770.343105316162 863.122325897217 669.353042602539 905.22737121582 893.205862045288 842.041572570801 859.005365371704 810.664644241333 657.233200073242 1379.96043395996 896.898551940918 1074.92816162109 1047.18375396729 820.642154693604 920.757942199707 691.974143981934 689.33918762207 676.71321105957 684.372756958008 683.558692932129 677.555541992188 672.31840133667 587.195281982422 583.274795532227 678.693168640137 947.136825561523 854.635589599609 787.490883946419 793.135447025299 774.989645004272 756.728775501251 801.362213134766 709.978923797607
-9999 -9999 -9999 -9999 -9999 -9999 -9999 -9999 -9999 -9999 -9999 -9999 -9999 943.667015075684 717.365100860596 533.329254150391 616.068260192871 593.83479309082 766.076995849609 782.567161560059 906.728324890137 758.725891113281 706.459411621094 773.827114105225 727.290817260742 804.912036895752 868.200828552246 902.195373535156 780.516664505005 894.293701171875 1058.47644042969 688.502243041992 803.736032485962 807.104379653931 620.884162902832 742.868560791016 756.240112304688 709.49137878418 709.535514831543 622.24299621582 729.275032043457 799.085914611816 888.287254333496 825.035842895508 803.956390380859 725.156671524048 813.702928543091 952.687774658203 836.62389755249 899.180160522461
-9999 -9999 -9999 -9999 -9999 -9999 -9999 -9999 -9999 -9999 -9999 -9999 -9999 -9999 727.996265411377 637.888595581055 713.435722351074 683.528259277344 742.646530151367 788.619033813477 865.300293922424 890.545909404755 775.327682495117 777.017265319824 738.994117736816 798.703071594238 695.174777984619 765.33415222168 854.460494995117 787.957689285278 611.464477539062 586.003555297852 802.998832702637 718.046810150146 794.443901062012 684.214614868164 798.203819274902 733.178169250488 774.759967803955 677.452239990234 689.749504089355 863.935043334961 946.892547607422 921.503204345703 760.865653991699 836.21339225769 894.472702026367 781.170269012451 738.947792053223 693.524513244629
-9999 -9999 -9999 -9999 -9999 -9999 -9999 -9999 -9999 -9999 -9999 -9999 -9999 -9999 862.897476196289 750.913499832153 724.807655334473 567.083679199219 711.268333435059 729.897964477539 862.266624450684 800.321472167969 752.645874023438 934.92211151123 904.212287902832 947.714263916016 917.693130493164 824.018501281738 820.089553833008 785.629728317261 660.294174194336 775.246910095215 1117.05097579956 838.08570098877 807.685771942139 819.613639831543 584.815658569336 641.350921630859 736.819988250732 718.979774475098 688.642425537109 764.291412353516 835.161685943604 808.072463989258 839.297825813293 840.568092346191 911.310943603516 820.536222457886 815.380687713623 680.682693481445
