simdem/realisation9.asc
NCOLS 350 
NROWS 171 
XLLCORNER 152620 
YLLCORNER 418050 
CELLSIZE 100 
NODATA_value -9999 
[rows 132 to 153 of 171, columns 300 to 349 of 350]
970.291126251221 947.582773208618 1724.93200683594 1106.48611450195 902.276738166809 1053.69488525391 1653.73062133789 1580.82241821289 1291.99784851074 1293.71405029297 1339.6815032959 1350.11434936523 954.220657348633 1335.97714614868 1344.81820297241 939.686122894287 1045.415599823 1016.72863769531 1095.20262145996 1002.11251831055 889.712604522705 870.59153175354 771.218032836914 700.27424621582 793.387962341309 861.670734405518 864.873769760132 932.388664245605 883.134666442871 961.864547729492 774.155792236328 859.537044525146 781.807395935059 773.613342285156 -9999 -9999 -9999 -9999 -9999 -9999 -9999 -9999 -9999 -9999 -9999 -9999 -9999 -9999 -9999 -9999
751.916664123535 866.694150924683 1002.51487731934 1297.68340682983 1045.7233581543 1070.07972717285 1682.91070556641 1927.9716796875 1327.80715942383 1216.28619384766 1201.86064910889 1248.50198936462 1139.55725097656 1287.54727172852 1605.51782226562 1932.60861206055 1803.58972167969 2425.21057128906 2094.47991943359 1515.51809692383 1716.23742675781 1006.03021240234 725.411911010742 853.862829208374 965.107757568359 818.929523468018 688.079933166504 953.207250595093 975.468780517578 888.837772369385 881.632995605469 858.050300598145 872.058715820312 872.149429321289 -9999 -9999 -9999 -9999 -9999 -9999 -9999 -9999 -9999 -9999 -9999 -9999 -9999 -9999 -9999 -9999
828.75425696373 768.973461151123 848.856071472168 943.025617599487 1081.80126190186 1066.92272567749 1441.19491577148 1537.45895385742 1358.21856689453 1303.24772644043 1304.6716003418 1297.71096801758 1252.73480987549 1290.75067138672 1376.67175292969 1437.29901123047 1454.19387817383 1599.18130493164 1268.56619262695 1122.14614868164 1169.47356414795 1118.96649551392 772.093788146973 923.454074859619 801.644947052002 809.27144241333 907.385725021362 871.787614822388 1074.28894805908 899.931457519531 846.589454650879 843.793440818787 966.517221450806 804.283386230469 762.996803283691 -9999 -9999 -9999 -9999 -9999 -9999 -9999 -9999 -9999 -9999 -9999 -9999 -9999 -9999 -9999
662.021278381348 848.937889099121 1210.73289489746 1371.32098388672 1209.81651306152 1209.48146057129 1195.85443115234 1793.41491699219 1943.60583496094 1455.11053466797 1248.00468444824 1455.68161773682 1035.90769577026 1051.60759353638 1273.6018409729 1840.29571914673 1509.63229370117 1214.28651428223 1103.59265136719 1036.58317565918 1023.46733856201 1058.38958740234 1053.18310546875 1165.06066894531 958.686325073242 787.280128479004 902.563720703125 755.948356628418 800.874061584473 876.389541625977 782.148223876953 892.108776092529 1038.82011413574 778.990543365479 882.614887237549 876.910026550293 -9999 -9999 -9999 -9999 -9999 -9999 -9999 -9999 -9999 -9999 -9999 -9999 -9999 -9999
659.664543151855 914.124618530273 981.670639038086 1151.314453125 1215.78469848633 1448.01330566406 1283.02946472168 1232.59143066406 1260.13464355469 1361.42263793945 1202.18406677246 1024.65425300598 1358.4171295166 1639.1211643219 1164.77894210815 1050.28447341919 1026.30655479431 1068.67987442017 1092.75036621094 931.746616363525 970.320899963379 1139.23677062988 835.836959838867 1151.22946739197 1061.20319366455 888.835182189941 847.07159614563 766.444145202637 733.093414306641 763.735916137695 913.595649719238 1446.83592605591 827.443447113037 871.362588882446 899.569091796875 823.925094604492 -9999 -9999 -9999 -9999 -9999 -9999 -9999 -9999 -9999 -9999 -9999 -9999 -9999 -9999
900.528129577637 991.136562347412 919.171480178833 917.945419311523 885.162208557129 1303.86740112305 1193.99114990234 1244.91088867188 1135.24404907227 1273.13226318359 1021.15041351318 992.338917732239 1257.15446853638 1511.22644805908 1248.88323974609 1010.18528747559 981.249404907227 1121.99090576172 937.932758331299 1022.65410614014 994.688259124756 984.437019348145 999.781764984131 937.606033325195 1038.14552164078 1248.54652404785 1774.33096313477 855.289999008179 985.446151733398 879.714401245117 1223.94720458984 966.438554763794 930.835121154785 850.553882598877 800.882564544678 756.3525390625 969.153274536133 -9999 -9999 -9999 -9999 -9999 -9999 -9999 -9999 -9999 -9999 -9999 -9999 -9999
1079.77632141113 941.732807159424 806.818298339844 846.401754379272 907.319854736328 950.243376255035 1197.01949691772 922.614719390869 1159.64810180664 1174.42947387695 1062.29209136963 892.230312347412 1027.70307922363 1544.20807552338 1443.70835876465 1249.66746044159 852.038879394531 1076.36596679688 1006.55812072754 1006.4911441803 1068.96282958984 994.64563369751 1114.40251922607 1031.46650481224 916.387466430664 979.198899269104 1107.50379180908 891.472122192383 1183.80911254883 1210.93050384521 963.853942871094 859.707473754883 906.126108169556 827.940246582031 683.766830444336 893.727544784546 906.92253112793 -9999 -9999 -9999 -9999 -9999 -9999 -9999 -9999 -9999 -9999 -9999 -9999 -9999
762.902486801147 752.320602416992 971.852203369141 834.67071723938 805.973105430603 1038.32418060303 945.474273681641 1047.37037611008 1136.88265991211 1187.19407653809 1002.15999883413 939.448806762695 1040.63237190247 1088.0259475708 1630.41425973177 1625.55678939819 878.696517944336 1016.51428794861 1293.41906738281 1185.91693115234 784.156875610352 1060.52979278564 1042.10810852051 1085.13594055176 860.583625793457 980.801502227783 926.2668800354 813.535789489746 1066.54454421997 1115.97061157227 827.902954101562 834.792259216309 804.185028076172 774.325325012207 813.448066711426 823.314071655273 959.936965942383 962.930282592773 -9999 -9999 -9999 -9999 -9999 -9999 -9999 -9999 -9999 -9999 -9999 -9999
823.459100723267 887.047096371651 1061.22459411621 945.808502197266 926.997928619385 980.990966796875 1084.31060791016 1017.03819274902 1087.94385147095 1223.01335144043 1111.15110778809 1010.10833627731 891.814147949219 987.776208877563 1394.76703643799 1726.05676269531 1129.28076934814 1060.41439437866 1208.88236999512 1060.25693511963 1046.81848335266 853.114303588867 1012.46208953857 907.115727901459 852.047233581543 873.304878234863 913.005989074707 891.322082519531 969.657657623291 940.607643127441 1194.67535400391 1032.86184120178 861.301055908203 734.372970581055 719.905670166016 850.465469360352 981.682384490967 1027.56698608398 -9999 -9999 -9999 -9999 -9999 -9999 -9999 -9999 -9999 -9999 -9999 -9999
733.630654811859 798.358866691589 928.16622543335 818.856084823608 871.19730758667 902.214252471924 1043.87675476074 877.590606689453 1230.06512451172 1077.41896057129 1071.2758026123 1068.78631687164 945.905128479004 964.61986541748 1213.48067808151 1693.04696655273 1205.53179931641 1174.46241760254 1091.84185218811 975.236175537109 992.861446380615 1050.25183868408 1021.38972854614 974.325889587402 930.223533630371 904.573524475098 1008.15445709229 1017.76355266571 1013.7395324707 1211.94242858887 1086.76200866699 1027.50458145142 920.637531280518 949.157470703125 930.811882019043 883.463737487793 1028.96099090576 963.586402893066 895.572151184082 -9999 -9999 -9999 -9999 -9999 -9999 -9999 -9999 -9999 -9999 -9999
787.289765357971 934.157943725586 784.964195251465 939.427936553955 987.581135749817 1303.96206665039 1211.97589111328 1237.87919616699 1063.76775360107 1195.10356140137 861.805366516113 1039.00439453125 1035.68850708008 1090.2004776001 1469.06336212158 1218.0943145752 1104.73751068115 971.164712905884 946.630500793457 1037.11672973633 1258.09800720215 1155.68209075928 1260.60285186768 1151.96444702148 948.108691215515 908.045669555664 850.541439056396 1087.34964752197 1001.12266731262 1012.81358909607 1210.96569442749 979.661926269531 735.056259155273 965.570384979248 1022.88235282898 759.630996704102 927.705139160156 983.756916046143 887.886779785156 -9999 -9999 -9999 -9999 -9999 -9999 -9999 -9999 -9999 -9999 -9999
878.274627685547 953.317535400391 745.39969587326 783.522598266602 891.271942615509 1042.2993927002 926.265580177307 1139.2486114502 984.069702148438 824.725524902344 765.176559448242 971.318567276001 1168.62740325928 1017.77133560181 1156.09805297852 1365.30575275421 1018.33276748657 1034.92259788513 980.729681015015 901.245697021484 903.201858520508 1008.38609695435 1114.71641421318 1145.98975372314 1067.73609733582 758.512191772461 1070.10759878159 927.57092666626 1093.74703025818 1147.21939849854 1020.55304718018 915.479187011719 860.542922973633 785.61791229248 1008.46417999268 971.427370071411 873.18709564209 847.09642791748 894.512170791626 -9999 -9999 -9999 -9999 -9999 -9999 -9999 -9999 -9999 -9999 -9999
742.255136489868 804.430648803711 915.254592895508 837.113189697266 884.562797546387 855.43440246582 802.133430480957 733.296253204346 967.412704467773 836.431789398193 810.887294769287 754.10297870636 964.07080078125 1097.55353546143 1013.04172897339 1058.05609512329 1521.86882424355 987.937934875488 946.829368591309 923.181442260742 882.429458618164 856.345600128174 924.05297088623 1355.49137377739 1146.44160461426 994.807243347168 1455.35278320312 907.24543762207 1090.15863800049 1205.72877502441 1079.54289340973 964.348136901855 879.892574310303 922.345073699951 968.336009979248 924.035976409912 985.810106277466 1006.60482406616 925.191970825195 960.371917724609 -9999 -9999 -9999 -9999 -9999 -9999 -9999 -9999 -9999 -9999
715.404762268066 715.820245742798 861.97395324707 765.002956390381 819.004554748535 818.961475372314 780.583367347717 684.659790039062 812.014189600945 800.413898468018 671.993270874023 633.593002319336 883.015884399414 962.191131591797 1031.42811012268 979.563656806946 1061.98431968689 943.485855102539 1590.84686279297 892.355560302734 843.828231811523 950.053775787354 907.437278747559 1030.71452999115 1467.92766189575 1630.84168243408 992.477380752563 1227.02591323853 1169.69897460938 1062.52416992188 1138.67577466369 821.982299804688 818.185558319092 760.903503417969 918.377105712891 910.086349487305 1055.26501464844 933.403710365295 783.034576416016 910.180675506592 -9999 -9999 -9999 -9999 -9999 -9999 -9999 -9999 -9999 -9999
800.164438247681 736.362060546875 726.96333694458 858.669097900391 622.848182678223 758.19877910614 644.564254760742 751.052541732788 932.160322189331 729.365280151367 728.105491638184 719.947143554688 731.437397003174 753.180171966553 858.368427276611 996.317935943604 926.109035491943 1016.65406799316 1070.73118400574 1027.12882041931 862.790588378906 1135.98993682861 984.221199035645 972.017730712891 918.592567443848 1439.70491027832 1137.75290298462 996.760520935059 1149.95191192627 1043.07984733582 1004.99796676636 1047.92395019531 826.577255249023 1135.51707077026 1006.38339996338 747.340484619141 878.352668762207 1023.61625671387 936.587171554565 1082.00720214844 -9999 -9999 -9999 -9999 -9999 -9999 -9999 -9999 -9999 -9999
695.352577209473 696.743446350098 652.200508117676 748.47601890564 637.781646728516 650.775848388672 793.905225753784 688.483222961426 624.063537597656 732.813888549805 830.011322021484 852.629877090454 739.946807861328 735.527324676514 851.053684234619 874.905849456787 987.107583999634 875.391807556152 969.131496429443 1168.27293395996 992.122469425201 1041.66827392578 1092.681640625 1162.2693901062 1068.05525398254 1062.30834197998 1074.05168914795 1159.28857421875 1011.61103248596 1002.03332138062 955.405078887939 867.670375823975 830.557823181152 843.396957397461 988.961172103882 877.971252441406 983.247742176056 1051.61563873291 861.555290222168 957.195465087891 905.988762140274 -9999 -9999 -9999 -9999 -9999 -9999 -9999 -9999 -9999
735.584804534912 764.171203613281 822.698150634766 703.966407775879 734.559125542641 638.098220825195 738.706817626953 748.186264038086 763.447742462158 614.710571289062 854.909931182861 853.96558380127 913.437545776367 664.17268371582 682.469215393066 735.503028869629 896.383888244629 764.596138000488 816.471115112305 1058.70780181885 1030.18887424469 1029.23121261597 1055.49435806274 1082.39914512634 1022.78823280334 1062.62384128571 1114.7314453125 955.620273590088 892.080749511719 834.880741119385 772.160217285156 879.593759536743 831.328620910645 880.901641845703 995.015684127808 1005.92944335938 986.915690422058 919.37467956543 875.261976242065 929.214083194733 944.886167526245 -9999 -9999 -9999 -9999 -9999 -9999 -9999 -9999 -9999
746.742444992065 823.763900756836 846.445697784424 761.108367919922 592.36149597168 556.537399291992 545.274276733398 688.853912353516 758.595291137695 771.081993103027 752.159000396729 842.053855895996 734.871353149414 984.899826049805 721.117004394531 884.544464111328 886.801452636719 895.940799713135 1032.68511962891 767.096160888672 897.423173427582 1012.27781295776 1059.62909698486 1186.32147979736 1190.37351989746 1127.88042449951 909.502937316895 809.691986083984 803.180351257324 788.993759155273 960.395706176758 882.099569320679 874.179244041443 798.752212524414 922.684745788574 1128.34383392334 996.532484054565 1028.61287689209 945.035479545593 983.600646972656 874.48600769043 790.657623291016 -9999 -9999 -9999 -9999 -9999 -9999 -9999 -9999
825.368583679199 848.277984619141 804.303054332733 808.807889938354 836.313636779785 677.558052062988 670.00267791748 823.618976593018 850.644884109497 964.07145690918 812.647308349609 939.313621520996 716.886856079102 781.872940063477 901.538015365601 949.580108642578 792.404357910156 882.958305358887 878.420036315918 856.845561027527 786.453453063965 849.55615234375 924.555057525635 982.472679138184 1027.65879440308 1086.21371459961 1024.78921508789 972.494358062744 623.304840087891 809.548118591309 879.821610450745 1011.9056854248 955.430025100708 892.086786270142 927.613182067871 968.154783725739 1040.73264312744 1003.87094593048 799.607215881348 1059.6940612793 1011.17120361328 737.91682434082 -9999 -9999 -9999 -9999 -9999 -9999 -9999 -9999
775.525224208832 854.801643371582 799.751841545105 805.972984313965 790.153120040894 816.123344421387 742.931676864624 722.69116973877 815.995531082153 1022.11401367188 918.945365905762 993.841117858887 740.980926513672 805.630165100098 1010.85924530029 1071.66789245605 1052.88583374023 962.961898803711 807.451461076736 717.948951721191 622.390518188477 728.395904541016 860.519756317139 860.34366607666 872.384643554688 904.347846984863 895.208023071289 1042.65203857422 959.862325668335 977.430064201355 873.037994384766 1007.99199676514 906.409934043884 906.20671081543 1315.97194290161 968.585559844971 963.311637878418 1013.3452796936 940.067855834961 1008.81237602234 919.092849731445 906.519622802734 978.629699707031 -9999 -9999 -9999 -9999 -9999 -9999 -9999
825.946773529053 825.000196456909 851.336819648743 811.168926239014 705.383666992188 728.617256164551 781.619024276733 800.815780639648 1016.41705322266 948.069915771484 935.695938110352 913.676681518555 753.10546875 767.484451293945 907.239004135132 1097.71547698975 1188.62432861328 1124.89027404785 927.294589996338 967.298585891724 819.476150512695 671.651969909668 839.695608139038 765.575538635254 775.787582397461 847.81579208374 879.322466850281 847.30482339859 990.35181427002 1025.28409576416 906.088516235352 950.704623222351 893.652870178223 876.818893432617 1174.42021942139 870.828247070312 919.971210479736 959.944366455078 969.148370742798 1185.78663635254 1196.50175476074 1153.30464172363 1000.8138718605 -9999 -9999 -9999 -9999 -9999 -9999 -9999
815.218561053276 965.287017822266 755.061996459961 813.094470977783 612.193099975586 713.949371337891 870.415855407715 736.838565826416 901.885108947754 883.990325927734 858.33472442627 828.425666809082 854.744003295898 852.31470489502 790.624904632568 770.625545501709 1041.52468109131 1004.6854019165 999.430225372314 988.947574138641 705.312927246094 799.685470581055 849.6279296875 930.820491790771 735.049209594727 913.399642109871 930.336448669434 881.478230476379 786.686187744141 769.440292358398 859.370559692383 927.837829589844 928.008125305176 806.962600708008 1055.8291015625 767.291931152344 891.384613037109 1073.42509460449 1059.64139556885 1115.55528259277 1103.77954101562 1164.40425109863 1075.14269256592 1012.84054946899 -9999 -9999 -9999 -9999 -9999 -9999
