simdem/realisation34.asc
NCOLS 350 
NROWS 171 
XLLCORNER 152620 
YLLCORNER 418050 
CELLSIZE 100 
NODATA_value -9999 
[rows 22 to 43 of 171, columns 250 to 299 of 350]
931.87281036377 759.823774337769 851.263246536255 768.256324768066 915.089042663574 818.506782531738 1012.35186004639 942.142013192177 823.830139160156 616.93620300293 644.156364440918 595.778579711914 702.640571594238 625.627517700195 676.072324752808 756.946880340576 974.480438232422 601.209762573242 715.659915924072 784.130605101585 595.077095031738 367.217102050781 546.39421081543 751.478439331055 854.003211975098 625.317764282227 859.067840576172 888.779014587402 665.499954223633 837.645528793335 821.676666259766 -9999 -9999 -9999 -9999 -9999 -9999 -9999 -9999 -9999 -9999 -9999 -9999 -9999 -9999 -9999 -9999 -9999 -9999 -9999
774.264245986938 766.13247013092 725.359306335449 798.809684753418 768.972089767456 814.151889801025 988.728977203369 737.402923583984 932.520782470703 748.110656738281 973.593521118164 832.890846252441 638.401779174805 732.128707885742 790.982718657702 766.273231506348 997.119525909424 824.782522201538 844.118476867676 879.358055114746 635.827621459961 655.032508850098 675.610996246338 588.204647064209 711.454490661621 631.496114730835 688.581985473633 820.289991378784 788.552574157715 554.674499511719 752.532684326172 979.963226318359 824.896760940552 776.729690432549 -9999 -9999 -9999 -9999 -9999 -9999 -9999 -9999 -9999 -9999 -9999 -9999 -9999 -9999 -9999 -9999
558.062881469727 1091.15551757812 1053.4340133667 762.37292098999 718.727073669434 650.992012023926 831.506362915039 832.163375854492 875.484191894531 887.817241668701 654.474060058594 1028.04764080048 986.842269897461 760.511680603027 778.687169075012 795.848686218262 998.033069610596 910.563472747803 990.900444030762 916.030296325684 1074.10137939453 1048.1833190918 912.459335327148 653.003910064697 617.549697875977 676.814975738525 839.21694624424 793.045669555664 903.974796295166 812.483615875244 932.821365356445 989.642097473145 797.691558837891 779.62483215332 911.295497894287 1185.18843078613 947.01456451416 -9999 -9999 -9999 -9999 -9999 -9999 -9999 -9999 -9999 -9999 -9999 -9999 -9999
648.352661132812 749.20401763916 797.501575469971 813.802642822266 729.428070068359 771.20983505249 934.359470367432 899.793687820435 955.461364746094 975.553218841553 859.668720245361 1004.22048187256 869.977607727051 984.61695098877 937.375507354736 924.264361381531 966.399566650391 1070.79850769043 852.536911010742 872.844720840454 1312.20132446289 1155.09817504883 1112.62059020996 1030.18544006348 749.220701217651 557.249557495117 908.710508346558 885.009147644043 996.498413085938 866.982207298279 747.607284545898 980.200233459473 851.044555664062 759.564788818359 952.831844329834 890.894528388977 663.363075256348 657.907844543457 729.662906646729 677.691474914551 754.443687438965 -9999 -9999 -9999 -9999 -9999 -9999 -9999 -9999 -9999
799.913745880127 912.81205368042 860.593078136444 922.811019897461 806.825868606567 877.623295307159 761.216480255127 772.45313167572 757.007751464844 887.002250671387 804.471797943115 1110.30937719345 1044.55972290039 1315.1974105835 910.993896484375 980.093244552612 1058.20486450195 996.710411071777 1027.66683959961 883.078527450562 954.400985717773 970.580322265625 1252.60055541992 1173.95192718506 923.141996383667 927.272640228271 1019.78453063965 961.433437347412 1044.19072723389 950.102478027344 730.670345306396 698.23885345459 774.823364257812 563.197227478027 779.903030395508 875.998914718628 619.186889648438 678.129486083984 718.422996520996 668.485321044922 750.407870292664 732.072275161743 1025.65148925781 1044.4814453125 1001.60751342773 -9999 -9999 -9999 -9999 -9999
631.178924560547 730.322067260742 731.67554473877 776.339508056641 821.812068939209 735.612045288086 1193.63391113281 918.291534423828 809.182205200195 902.802877426147 806.80411529541 750.668319702148 668.53678894043 2022.99983215332 872.001846313477 972.763134002686 751.979133605957 972.477638244629 908.712356567383 877.351873397827 797.083267211914 841.064105987549 861.394752502441 1117.46787261963 1103.20230484009 1148.11647796631 1039.76954650879 905.133995056152 928.973392486572 799.639511108398 729.396095275879 767.177963256836 802.551739215851 690.460868835449 751.798034667969 551.892578125 688.869827270508 717.590942382812 764.68968963623 774.957324028015 733.608131408691 890.579513549805 931.612421035767 997.351535797119 888.07266998291 941.064188957214 946.037047386169 785.953164577484 793.463366985321 946.297866821289
813.487725615501 682.899429321289 736.509490966797 751.976715087891 807.523330688477 850.999864697456 811.085958600044 751.072005271912 810.782749176025 681.964797973633 606.279800415039 551.741516113281 538.014343261719 1773.87336730957 776.971908569336 853.564067840576 918.583984375 829.594009399414 767.873023986816 820.4931640625 671.182464599609 614.903015136719 926.486278057098 959.991355895996 1112.26396560669 868.974601745605 1016.90027809143 986.620376586914 975.635740697384 925.85355758667 836.059295654297 824.45629119873 1016.68796157837 792.834968566895 704.838795661926 620.348764419556 724.817977905273 687.665802001953 749.246139526367 815.362239837646 657.686080932617 778.797607660294 852.013595581055 860.681813836098 918.770404815674 966.708606719971 1118.49392700195 806.202571868896 793.115031957626 752.031787872314
855.397609710693 902.509910583496 824.139488458633 845.288097381592 856.432289123535 760.629829406738 708.687896728516 904.788703918457 761.779061317444 830.225419998169 637.297241210938 325.073364257812 971.297393798828 505.071350097656 833.501923084259 929.944004058838 692.723770141602 715.144638061523 775.925415039062 745.868789672852 606.427383422852 785.452178955078 1033.91929244995 905.200942993164 833.233734130859 1408.74160671234 932.398495435715 1009.14586639404 979.410293579102 1044.67311239243 913.624057769775 854.814836502075 1036.2637386322 712.748954772949 907.011566162109 970.275783538818 1123.44882202148 1023.02422332764 812.698287963867 894.337547302246 771.148281097412 830.703521728516 837.900413513184 896.833602905273 818.290367126465 774.5221824646 666.67936706543 540.572714328766 458.870956420898 767.596977233887
799.069326400757 946.309066772461 898.207427978516 923.662307739258 935.026275634766 779.561841487885 826.934547424316 849.425590515137 857.010154724121 701.988586425781 663.406127929688 325.583038330078 1278.32794189453 477.01123046875 641.945007324219 793.706806182861 713.595596313477 773.514633178711 822.376972198486 754.221084594727 869.660264968872 765.405693054199 884.627563476562 838.94659614563 736.022720336914 842.374431610107 833.096918106079 859.060609817505 819.793354034424 737.18034362793 882.801742553711 1208.41955852509 982.003051757812 1120.44233703613 907.634494781494 822.450386047363 1070.12345123291 906.168769836426 887.81270980835 836.516380310059 809.296768188477 801.695960998535 843.185340881348 1093.66184997559 831.850547790527 841.573825836182 607.522348403931 512.085214614868 418.183120727539 899.914079666138
899.757507324219 1010.02493286133 891.002334594727 861.607307434082 820.261949539185 759.442796707153 896.915496826172 766.412792205811 873.255805969238 609.581817626953 643.200988769531 918.255767822266 649.627914428711 712.66926574707 833.761443138123 763.724853515625 771.864044189453 758.95295715332 866.1286277771 811.538349151611 715.953063964844 667.287384033203 866.557178497314 892.348068237305 923.425727844238 830.6109790802 854.60131072998 790.546514511108 834.640522956848 896.130348205566 847.087656021118 834.340839385986 930.18790435791 905.55792093277 1009.291472435 898.50638961792 899.908267974854 827.904180526733 803.68049621582 1209.06649780273 850.987747192383 924.49097442627 982.140235900879 937.8355884552 914.184412002563 743.903747558594 720.069425582886 577.905757904053 539.926765441895 844.89323425293
808.566284179688 764.403608322144 815.809613704681 714.25581741333 712.67901802063 784.057214736938 855.803550720215 826.135135650635 812.346477508545 704.381462097168 659.467147827148 1352.05297851562 706.802230834961 844.658401489258 950.121765136719 861.602828979492 806.87532043457 776.448329925537 752.848907470703 938.016242980957 798.324333190918 713.617309570312 871.318511962891 809.553003311157 760.992969512939 905.810668945312 837.772155761719 764.824333190918 757.598011016846 929.361083984375 806.742080688477 979.676666259766 768.6799659729 902.130430221558 916.505767822266 822.806275367737 735.073852539062 706.709686279297 884.770971298218 794.926712036133 812.772569179535 794.921440124512 823.530006408691 1418.77958297729 782.332084655762 902.967323303223 894.902542114258 1118.24687957764 1098.43896484375 940.679931640625
865.051696777344 707.981638431549 652.926315307617 676.403755187988 870.714653015137 817.37174987793 1019.85601806641 935.035995483398 890.499717712402 855.854572296143 1157.03186798096 767.353099822998 775.279500246048 799.758480072021 694.715156555176 850.953517913818 794.870126724243 840.394905090332 691.783843994141 695.764543533325 811.426994562149 806.594760894775 847.274673461914 773.382718086243 707.752143859863 777.428514480591 866.766098022461 824.049575805664 825.598857879639 776.614700317383 795.214465141296 920.928268432617 780.684892654419 854.214887619019 830.92594909668 895.589363098145 812.284422129393 727.206169128418 884.115810394287 799.956497192383 870.908748626709 789.190704345703 811.856288909912 806.194755554199 1280.89531707764 769.4714012146 836.957736968994 860.821807861328 1055.21997451782 1007.58415603638
723.338523864746 709.353488922119 558.723403930664 627.793655395508 962.259811401367 888.567398071289 820.575702667236 853.072235107422 871.663993835449 1168.12870788574 782.920009613037 881.809936523438 733.794006347656 732.36589050293 621.340179443359 856.408782958984 1011.07583999634 800.027940750122 856.767658233643 824.920424938202 797.150896549225 653.250114440918 847.841865539551 870.243835449219 817.295748710632 843.660850524902 889.593444824219 905.916580200195 674.715408325195 692.894241333008 758.783718109131 781.118537902832 654.488922119141 690.557998657227 864.70320892334 823.571409225464 929.667068481445 839.77526473999 854.105415344238 830.09895324707 831.904735565186 810.285312652588 766.660835266113 811.586887359619 859.14026594162 1305.85287475586 765.1708984375 978.535491943359 943.340576171875 1068.09332942963
831.322441101074 724.914876937866 839.25634765625 690.330009460449 729.826885223389 848.267406463623 791.899587631226 682.34496307373 685.072914123535 636.19751739502 659.679428100586 754.348356246948 780.937412261963 776.183859825134 624.540939331055 771.428855895996 920.281478881836 733.841278076172 871.104072570801 858.370826721191 678.281509399414 780.305294036865 809.40295791626 846.018737792969 736.524185180664 846.819095611572 877.544956207275 855.560188293457 814.554649353027 763.038311004639 767.675350189209 695.576332092285 654.444549560547 793.416530609131 886.794185638428 837.946614265442 919.409927368164 951.032791137695 926.855461120605 959.443481445312 980.464004516602 711.987030029297 730.382530212402 685.218887329102 862.160314559937 925.330673217773 890.947179198265 1281.80671691895 924.04695892334 796.584465026855
686.754501342773 708.751670837402 893.11735534668 794.828151702881 870.56982421875 818.078720092773 716.654983520508 619.749908447266 738.277130126953 638.75602722168 565.466384887695 695.448760986328 663.571319580078 929.197540283203 1365.20425415039 753.942810058594 781.093029022217 976.985313415527 1295.89282226562 983.744735717773 680.889129638672 901.567378997803 757.909126281738 825.895853042603 792.248229503632 836.41088104248 811.720592498779 833.03638458252 897.347564697266 607.673736572266 655.81266784668 810.54564666748 759.733207702637 795.204843521118 732.374877929688 752.76513671875 784.578880310059 739.447761535645 658.630798339844 1003.10710144043 948.062553405762 728.234909057617 663.911514282227 684.140426635742 802.621837615967 819.908336639404 915.384412765503 766.891510009766 928.615213394165 1105.35981178284
698.522163391113 731.340036392212 636.666748046875 712.974727630615 695.378807067871 634.820983886719 611.172973632812 837.923782348633 763.086488723755 624.651878356934 655.313522338867 592.946975708008 679.398910522461 1057.74426651001 1197.33304595947 853.743266105652 664.832344055176 811.413118362427 1409.46069216728 761.745079040527 762.115039825439 791.808010101318 811.311727523804 806.910667896271 768.754384994507 909.903503417969 851.101570129395 860.139705657959 882.013793945312 756.230766296387 745.386116027832 774.15612411499 933.701370239258 842.387031555176 775.744123458862 862.051918029785 908.305244445801 851.461833953857 739.217636108398 836.012870788574 805.651524543762 743.493057250977 617.353515625 801.602485656738 888.375787734985 834.403390884399 792.0732421875 827.351623535156 856.772254943848 979.778064727783
681.589363098145 924.92448425293 664.835990905762 606.397171020508 784.379043579102 792.329074859619 615.71696472168 651.998413085938 722.208276748657 731.491302967072 1215.34663391113 768.079849243164 993.21110534668 1035.2208480835 943.322792053223 799.408248901367 806.21842956543 1578.22439575195 639.496215820312 1194.72755432129 1210.11530303955 780.583198547363 641.981773376465 828.700623035431 820.960369110107 748.291408538818 735.757102966309 695.854949951172 818.434989929199 772.227649688721 795.894525527954 794.221357345581 878.808368682861 872.344921112061 822.600273370743 920.421325683594 993.996002197266 889.169860839844 711.543815612793 707.446273803711 702.261199951172 639.982299804688 818.582593917847 739.698944091797 913.660453796387 930.615669250488 864.651570320129 881.938014984131 853.953090667725 999.174087524414
684.670085906982 720.016483962536 821.308853149414 595.239181518555 575.228775024414 673.931728363037 743.634768486023 719.672582626343 786.930736541748 671.902137756348 706.337509155273 784.945137023926 781.044544219971 1231.5680770874 1104.21548461914 888.258117675781 640.624649047852 702.123970031738 816.812732696533 808.510078430176 1010.2719335556 814.205741882324 792.304862976074 718.268264770508 836.519504547119 736.609771728516 666.322006225586 810.519195556641 834.262217521667 786.047080993652 877.979372024536 799.439754486084 796.225021362305 794.081853628159 747.418586730957 735.896385192871 923.23461151123 763.276744842529 811.437318563461 731.823432922363 652.099731445312 787.579326629639 878.925304412842 828.290741920471 753.207664489746 725.830520629883 868.31960105896 853.15799331665 792.181259155273 934.780082702637
706.115489959717 728.794277191162 725.661153316498 676.003887176514 616.45679473877 727.300071716309 740.538076400757 702.882104873657 695.83279800415 788.447746276855 856.388912200928 767.495018005371 868.041699409485 885.627468109131 853.779714584351 1090.05960083008 796.783336639404 984.942283630371 710.491130828857 792.90793800354 841.858856201172 735.217102050781 780.971175193787 831.865055084229 873.270500183105 754.283309936523 545.557083129883 724.930267333984 893.174011230469 761.998519897461 828.623653411865 847.283967971802 987.603286743164 825.402089595795 836.787700653076 742.502094268799 828.911813259125 802.971313476562 898.804931640625 773.577747344971 1035.10661315918 627.139511108398 769.028839111328 883.733795166016 737.647109985352 751.17440032959 653.788879394531 831.519307613373 864.151430130005 956.672752380371
668.976642608643 755.167182922363 706.007911682129 794.09449005127 823.667717933655 741.534969329834 707.749384880066 636.077087402344 731.249310970306 836.225158691406 1068.1138458252 1029.55983352661 755.462524414062 750.445358276367 725.922601699829 1076.4139251709 930.490600585938 775.280651092529 765.121765136719 776.17475605011 806.180095672607 801.99366569519 798.20112991333 795.887310028076 943.661209106445 777.725995063782 705.688209533691 765.527278900146 881.315734863281 875.842394709587 1255.092628479 751.05118560791 881.387991845608 793.147228240967 801.882171630859 911.221733093262 1027.99365234375 776.491519927979 809.731044769287 810.249542236328 1005.35633850098 621.96711730957 885.600898742676 841.173295125365 736.264442443848 677.137847900391 873.912803649902 877.441055297852 787.788112640381 854.050992965698
667.016548156738 623.260581970215 832.869537353516 670.268623352051 785.825843811035 683.834045410156 711.084325790405 647.858894348145 750.599376678467 777.427439689636 1078.13152313232 1476.42211914062 664.939949035645 670.513633728027 762.31929397583 816.404197692871 853.250564575195 990.471603393555 875.693687438965 829.419616699219 858.562515258789 757.768960952759 757.72499859333 748.626592636108 789.078756332397 792.258445739746 804.426986694336 639.745742797852 624.897811889648 993.078300476074 924.205154418945 972.602767944336 961.230987548828 821.25396156311 799.513217926025 781.936893463135 810.174263000488 1136.23558807373 888.156406402588 1275.43029785156 780.276412963867 708.905342102051 810.349265933037 900.75309753418 783.904968261719 832.858030319214 765.238876342773 870.78675365448 787.986532211304 1019.76849365234
712.130107879639 666.328117370605 701.572200775146 681.555639266968 690.881404876709 702.939582824707 640.623085021973 703.342144012451 721.288647651672 876.167200088501 856.779255151749 703.630429267883 518.156112670898 759.462145805359 761.388823509216 1014.7693939209 887.850616455078 646.963508605957 744.96658706665 786.519894599915 804.807098388672 691.526397705078 803.552368164062 658.703323364258 702.863880157471 831.41512298584 1061.73600769043 792.463691711426 770.490543365479 1269.39354705811 833.3304271698 781.078773498535 967.846458435059 676.243270874023 824.150144577026 1008.79063415527 875.348483681679 1002.45342254639 924.283920288086 823.223567962646 813.435024261475 719.883590698242 890.692207336426 899.424118041992 840.075273990631 816.90638923645 719.247680664062 818.53977394104 881.970197677612 988.118194580078
