simdem/realisation3.asc
NCOLS 350 
NROWS 171 
XLLCORNER 152620 
YLLCORNER 418050 
CELLSIZE 100 
NODATA_value -9999 
[rows 44 to 65 of 171, columns 250 to 299 of 350]
627.931045532227 604.346153259277 740.180252075195 741.347106933594 728.790565490723 587.126846313477 664.25212097168 712.219825744629 861.92448425293 656.399444580078 727.407152175903 682.420036315918 592.360778808594 656.515144348145 730.114887237549 747.31952381134 676.872703552246 738.058207511902 768.678236722946 815.691905975342 731.898962020874 694.273406982422 931.063110351562 781.585803031921 731.821212768555 713.834106445312 871.682800292969 916.698169708252 746.49153137207 837.203567504883 826.079200744629 764.120124816895 816.60359954834 841.56245803833 858.870121002197 655.131774902344 692.88387298584 895.147716522217 840.768760681152 764.808868408203 808.73423576355 708.323905944824 657.694030761719 773.187652587891 859.207141876221 878.151355743408 815.052404403687 797.181732177734 770.759887695312 886.060585021973
651.740058898926 660.53483581543 576.118148803711 762.932292938232 696.863712310791 646.655174255371 671.638446807861 752.65859413147 658.444259643555 872.697357177734 900.585754394531 826.235122680664 710.558584213257 547.780822753906 719.845211029053 723.692199707031 771.914981842041 768.978933334351 803.508566856384 740.430183410645 695.33597946167 790.615608215332 779.764122009277 731.22894859314 789.976081848145 612.092361450195 686.593139648438 716.618751525879 704.253730773926 961.587825775146 945.105830192566 759.746894836426 809.402557373047 861.002712249756 927.450347900391 911.060493469238 851.274002075195 703.073486328125 1331.25817871094 908.722312927246 809.318454742432 1002.75174713135 619.762405395508 773.224746704102 867.342823982239 850.745027542114 994.09886932373 772.484199523926 819.052356719971 805.004283905029
819.71199798584 582.113342285156 612.324951171875 610.063621520996 617.855117797852 671.130765914917 767.480979919434 757.399768829346 742.059371948242 584.131774902344 736.352077007294 644.485649108887 709.111000061035 619.336097717285 766.743968963623 657.881958007812 605.192413330078 755.494903564453 803.921447753906 725.299854278564 802.237731933594 806.238849639893 859.465354919434 748.987155914307 579.200180053711 1285.85842895508 630.197021484375 1045.13817596436 1296.10897445679 762.807867050171 903.008981704712 781.593515396118 843.209156036377 836.070003509521 1234.38771820068 1512.24599838257 1014.01341247559 555.87744140625 1233.32797241211 1305.21968841553 950.500579833984 787.192878723145 817.439483642578 812.641746520996 889.393615722656 849.919342041016 1520.09210205078 852.049718856812 847.679862976074 970.664257049561
577.405822753906 684.030546188354 775.919300079346 622.68896484375 635.37296295166 648.986640930176 710.740334510803 751.33763885498 644.336036682129 606.550956726074 622.853096008301 767.43786239624 690.54105758667 574.357192993164 713.644805908203 835.239379882812 799.286483764648 768.265832901001 805.307172775269 833.519859313965 683.152614593506 824.78581237793 723.002222061157 845.651870727539 628.551666259766 882.352264404297 775.436630249023 1260.00044250488 1079.32743835449 1265.92558288574 790.636138916016 814.278968811035 890.175760269165 1190.17485332489 793.74584197998 1029.23209381104 1147.17797851562 590.922760009766 1112.2742767334 996.031005859375 795.916765213013 744.94002532959 1216.31356048584 915.058349609375 904.344604492188 788.375335693359 847.441749572754 826.694705963135 809.377548217773 904.765264511108
725.154188156128 660.039962768555 671.277866363525 649.038070678711 617.48844909668 711.461311340332 736.184656143188 607.68864440918 623.55354309082 623.56714630127 729.059143543243 705.186252593994 737.743671417236 795.291725158691 612.355667114258 785.799373626709 701.695350646973 853.22868347168 720.412269592285 772.239409208298 760.728910446167 623.461799621582 737.093423843384 796.285757064819 736.34086227417 669.231330871582 644.961814880371 855.633827209473 780.222486495972 1044.58990478516 1226.01718139648 720.777267456055 918.671817779541 844.761863708496 714.573547363281 760.569305419922 1164.30459403992 725.429504394531 1658.41314697266 1034.12633514404 907.785438537598 793.73991394043 1069.9311504364 723.168067932129 842.37478017807 995.204093933105 786.223297119141 2064.67539978027 907.322715759277 896.986869812012
592.925163269043 818.912109375 667.565195083618 592.446815490723 821.460502624512 632.29606628418 636.202968597412 740.320943832397 664.044467926025 773.717086791992 855.653930664062 770.946664810181 799.354507446289 729.308863759041 772.348899841309 860.6611328125 777.421672821045 612.397109985352 883.745864868164 702.586339950562 654.978294372559 477.761474609375 667.46556854248 793.234046936035 913.556198120117 1143.33840799332 899.240314483643 741.397193908691 712.724815368652 800.539705276489 860.169025421143 822.551780700684 777.975997924805 638.936874389648 1130.51318359375 635.711532592773 823.834987640381 708.714111328125 837.844863891602 832.665431976318 845.15901184082 933.162691116333 955.781852722168 978.037963867188 774.686805725098 817.904319763184 858.442802429199 1106.24333190918 1043.35682678223 884.709518432617
593.915481567383 665.507263183594 604.646697998047 567.567672729492 701.441291332245 636.254905700684 743.276123046875 682.631778717041 810.239372253418 736.889743804932 676.678833007812 689.195592537522 588.848754882812 691.914009094238 734.967293024063 754.37109375 775.067390441895 741.750893592834 722.60523891449 590.856536865234 523.956878662109 703.257316589355 792.552835464478 731.397634506226 878.226715087891 854.440208435059 792.700866699219 983.484186172485 679.651824951172 644.571762084961 1042.5506439209 920.638748168945 445.353912353516 534.028503417969 651.959289550781 701.715759277344 870.119510650635 1238.67988014221 990.309894561768 963.257785797119 1274.307762146 795.916954040527 762.648738861084 844.705940246582 957.766765594482 845.353778839111 831.96858215332 1406.38883972168 1207.7815246582 842.363752365112
586.523399353027 598.148651123047 588.654090881348 702.739832282066 825.381652832031 652.49732208252 740.533538818359 774.466938018799 754.632514953613 716.820473074913 717.265757322311 721.226139068604 500.464965820312 583.354354858398 711.660923957825 693.927700042725 722.999127864838 650.771545410156 719.073126554489 627.030990600586 740.829727172852 764.028928756714 741.967533111572 695.315731048584 749.130966186523 821.083129882812 907.913703918457 745.922508239746 745.397758483887 750.175064086914 966.637306213379 986.223472595215 732.452331542969 1266.36462402344 939.657409667969 690.836547851562 656.891815185547 827.295307159424 904.647341251373 1064.75817871094 967.87215423584 852.221765518188 705.318725585938 771.757965087891 1056.02867126465 737.150108337402 996.887722015381 775.3369140625 1094.42944335938 951.894226074219
855.502716064453 661.866233825684 592.692886352539 721.777906417847 712.063035964966 778.85578918457 721.960195541382 721.975461959839 787.310897827148 680.697940826416 663.924270629883 742.460613250732 582.592147827148 498.377136230469 563.208045959473 620.335639953613 745.057876586914 797.350692749023 732.140121221542 674.680679321289 795.589590072632 795.865966796875 643.427024841309 722.536876678467 748.682205200195 771.325820922852 826.646659851074 748.05286026001 669.328475952148 782.059833526611 648.737289428711 798.744445800781 831.381500244141 1170.39717102051 714.303253173828 562.642883300781 914.224716186523 769.325798034668 894.022346496582 951.698684692383 693.193389892578 654.725616455078 660.249450683594 764.591571807861 724.907768249512 842.024261474609 1293.51952171326 890.447076797485 784.382316589355 771.284637451172
633.220754623413 826.387176513672 851.103084564209 865.500930786133 664.562633514404 661.658588409424 679.558097839355 598.98405456543 663.499866485596 710.757614135742 1212.827709198 778.676189422607 637.774459838867 755.494476318359 952.83198928833 931.211410522461 681.907279968262 608.435943603516 641.726692199707 1647.55020904541 871.964866638184 642.061462402344 670.113357543945 1253.38075256348 801.030120849609 547.652786254883 637.832427978516 742.145706176758 798.412942886353 896.906677246094 814.519718170166 989.462127685547 766.197341918945 897.932151794434 657.131988525391 1107.85675048828 707.996795654297 781.221466064453 674.985748291016 792.08847618103 1004.85562133789 448.908966064453 617.303558349609 655.4013671875 756.659622192383 795.662927627563 787.825940132141 759.621620178223 657.379379272461 735.717643737793
695.312093734741 562.194030761719 753.864372253418 674.719860076904 688.964477539062 618.543640136719 654.497886657715 440.56428527832 837.887260437012 698.124408721924 656.533477783203 1529.49976539612 703.466018676758 1229.9506149292 1062.44061088562 1655.39996337891 514.464248657227 736.836761474609 735.966690063477 744.584592819214 455.590057373047 331.863342285156 707.837799072266 768.518630981445 797.863224029541 701.103576660156 798.979882240295 1027.77556610107 1004.79571533203 731.902454376221 750.029960632324 657.086891174316 1061.60992431641 778.603942871094 791.402069091797 875.046569824219 1059.25942993164 610.165069580078 652.051162719727 661.877304077148 778.119338989258 667.882125854492 602.212265014648 879.086776733398 836.030634403229 886.732398986816 866.250843048096 916.820953369141 791.20133972168 683.034851074219
542.462135314941 586.229301452637 642.716442108154 732.025226593018 726.341514587402 486.311264038086 554.516983032227 1251.19992828369 784.422897338867 780.730766296387 634.573318481445 538.868148803711 734.14603471756 842.049659729004 722.553813934326 1400.87614440918 487.575103759766 1260.99938964844 701.12809753418 746.069038391113 1240.69671630859 1032.16455078125 1630.09024047852 713.042572021484 990.539680480957 1335.16978645325 881.3955078125 772.264024734497 807.074294924736 670.193435668945 877.29727935791 798.425336837769 660.393516540527 787.610794067383 1010.21172332764 728.356292724609 1055.37013244629 1063.53073501587 719.010215759277 1151.11875152588 1160.92645263672 702.3828125 1392.04830932617 855.882026672363 735.731979370117 857.698265075684 911.821922302246 751.118553161621 868.085974216461 775.170238494873
693.412645339966 640.104885101318 604.738105773926 787.453773498535 763.258682250977 708.837661743164 702.256164550781 569.500022888184 779.600929260254 557.963439941406 647.780185699463 652.26685333252 680.48095703125 750.104606628418 711.955764770508 614.847305297852 840.636138916016 548.31689453125 716.405876159668 696.788955688477 717.525817871094 626.06623840332 1831.52372741699 1695.95162963867 631.179000854492 827.779235839844 902.090419769287 785.260396957397 787.472459793091 694.464141845703 748.39688205719 770.853203296661 725.44945526123 815.223068237305 647.326843261719 717.973968505859 729.723392486572 980.064331054688 895.259914398193 1139.86682128906 604.687957763672 827.154304504395 774.257501602173 800.585592746735 898.853485107422 875.173358917236 804.152061462402 740.09880065918 576.19694519043 821.965393066406
714.405776977539 673.136210441589 625.987071990967 682.668957233429 547.595855712891 663.048093795776 486.061019897461 669.149482250214 660.364763259888 617.627765655518 631.168674468994 674.827285766602 645.961133956909 781.658477783203 801.117630004883 629.004783630371 822.040017604828 675.164054870605 854.850746154785 680.25074005127 719.953956604004 668.629936218262 1185.74206542969 553.692916870117 711.812973022461 767.38939666748 906.692153930664 784.777442932129 909.662551879883 794.09032523632 782.934898376465 814.687500953674 735.189654007554 1015.69731140137 1038.1727180481 1249.5817489624 856.280729293823 866.534034729004 828.588521957397 796.178604125977 761.753073215485 819.218978881836 688.393653869629 645.950637817383 818.510890960693 916.642112731934 845.141273498535 704.013702392578 315.687164306641 751.599243164062
712.926471710205 604.640377044678 615.224853515625 614.77027130127 714.464363098145 512.110458374023 674.998989105225 711.036922454834 517.530334472656 690.401629447937 812.886787414551 720.755041122437 726.58819770813 629.488792419434 692.200639247894 666.445465087891 548.713775634766 679.457370758057 514.149780273438 678.775848388672 717.31672668457 593.334106445312 1031.75344848633 588.621154785156 1052.74319458008 775.436758041382 825.94881439209 780.425435721874 798.274284362793 885.076425552368 855.160713195801 815.606456756592 853.220821380615 1008.45371818542 875.696243286133 775.826360702515 943.079086303711 810.235221862793 850.063652038574 912.71654510498 906.031093597412 714.56884765625 756.841388702393 823.332099914551 740.645542144775 844.555171966553 827.300846099854 778.510406494141 824.346435546875 1980.04333496094
700.057121276855 690.591259002686 713.075382232666 738.191017150879 666.383377075195 662.113379120827 574.519371032715 775.790191650391 600.153434753418 612.097946166992 590.634788513184 612.503387451172 595.278099060059 623.787399291992 723.04972076416 604.64794921875 614.861404418945 781.618713378906 754.106182098389 913.968467712402 761.322067260742 769.39241027832 722.888565063477 658.945602416992 830.534333229065 727.108341217041 530.773513793945 771.955253601074 796.40732383728 759.610961914062 841.431631088257 696.825107574463 705.478466033936 763.326072692871 757.827466011047 725.037448883057 788.008659362793 862.001792907715 788.157207489014 949.644058227539 844.628711700439 758.855091094971 675.740081787109 730.182464599609 764.336750030518 786.951042771339 612.216857910156 765.707014083862 1322.69964599609 1673.18891906738
685.924119949341 725.853050231934 653.352382659912 658.414850234985 739.784465789795 656.568572998047 507.408294677734 579.523727416992 674.970297813416 753.345779418945 488.317657470703 484.15104675293 635.202049255371 653.979503631592 711.092373847961 659.674228668213 730.11025428772 755.37837600708 672.591381072998 576.058174133301 1095.61497497559 1136.26661682129 763.259376525879 749.328948974609 660.984783172607 788.335761070251 888.582134246826 904.175193786621 771.520141601562 791.053829193115 798.329975128174 809.087028503418 748.005235671997 714.560599327087 680.806316375732 730.695734024048 761.923454284668 660.496734619141 1065.34250259399 802.067859649658 752.992816925049 783.676050186157 769.840452313423 800.150764465332 788.268946647644 705.500526428223 783.847986221313 689.336082458496 706.68172454834 1172.21174621582
755.089546203613 684.973075866699 694.179763793945 614.36644744873 527.037338256836 583.583946228027 633.631603240967 765.367401838303 740.621246337891 618.127864837646 791.805732727051 620.469909667969 762.704940795898 764.380958557129 768.315414428711 593.180488586426 649.938014984131 633.129783630371 646.856132507324 580.893356323242 621.70458984375 640.435897827148 720.178602218628 729.406723022461 872.827026367188 890.369003295898 702.384254455566 868.61791229248 701.401798248291 1129.9876947403 578.037796020508 801.650199890137 737.751292228699 658.318176269531 598.167068481445 684.630840301514 718.894742488861 921.037811279297 784.339595794678 690.930839538574 650.543243408203 730.858768463135 881.592178344727 961.514739990234 650.567291259766 704.550537109375 786.255146503448 681.854011535645 767.540900230408 671.255676269531
754.987342834473 693.238479614258 699.683486938477 670.405157089233 601.109832763672 645.752326965332 668.559993267059 719.965724945068 725.771427154541 663.41739654541 793.572227478027 700.405301570892 740.954189300537 699.642395019531 662.789354324341 610.006164550781 532.881240844727 618.102119445801 749.817749023438 648.101619720459 605.928619384766 685.618661880493 741.728664398193 797.002792358398 950.983184814453 840.197555541992 834.18741607666 744.889597892761 757.78178691864 750.619701385498 699.567455291748 767.68794631958 635.701919555664 574.481781005859 625.904457092285 715.874101638794 672.388874053955 722.958177566528 555.484588623047 595.451934814453 766.591556549072 674.122146606445 819.725231170654 920.403701782227 810.404525756836 658.882148742676 670.459007263184 724.641014099121 797.421621322632 874.955368041992
592.059524536133 712.585521697998 631.014427185059 745.509117126465 603.597309112549 545.505836486816 623.149024963379 629.581420898438 654.458972930908 703.626005172729 544.105178833008 673.092156410217 606.117286682129 672.290191650391 693.051071763039 636.85567855835 525.129287719727 630.549018859863 778.856086730957 762.042217254639 604.88452911377 732.363174438477 733.077228546143 749.239269256592 926.621612548828 838.767799377441 818.13346862793 724.368745803833 780.419412612915 695.524488925934 665.227188110352 697.677188873291 582.169494628906 657.509185791016 613.173645019531 640.075531005859 748.660816192627 834.692489624023 784.110922813416 820.341323852539 724.316585540771 610.420745849609 739.000999450684 706.21021270752 879.247756958008 736.957233428955 751.244100570679 654.981262207031 716.810764312744 801.298637390137
671.088132858276 603.806186676025 681.114283084869 748.539733886719 733.379913330078 720.024356842041 700.235860824585 728.817253112793 609.211219787598 735.464626312256 695.058431625366 605.713310241699 631.013107299805 687.464554786682 689.865922689438 594.894645690918 592.084541320801 719.970054626465 812.421630859375 874.509834289551 646.465602874756 589.573348999023 689.269718170166 749.601089477539 957.167373657227 862.016494750977 762.484535217285 686.495880126953 618.486228942871 619.878440856934 674.633134841919 728.030223846436 691.910966873169 718.509269714355 744.445316314697 653.175514221191 646.690818786621 821.052642822266 740.08242893219 735.714678287506 671.120132446289 719.527050018311 588.385650634766 686.85311126709 611.761413574219 695.8232421875 734.748390197754 763.692979812622 689.697311401367 670.820999145508
575.985145568848 587.683692932129 624.461177825928 647.950001716614 518.092391967773 618.08472442627 632.755859375 607.408092498779 699.818193435669 606.55297088623 593.620597839355 703.788387298584 813.763122558594 881.006393432617 675.58682346344 669.875123977661 546.761833190918 615.016876220703 652.013990402222 700.260429859161 666.035702228546 653.081153869629 708.360628128052 650.434547424316 775.819164276123 873.877639770508 692.359464645386 707.544845819473 786.839641571045 817.56623840332 857.587356567383 761.475173950195 655.97322845459 743.114410400391 651.964054107666 713.936756134033 906.395721435547 722.706575393677 616.834632873535 708.475946426392 683.646595001221 674.21768951416 594.109710693359 634.446334838867 557.336013793945 698.055992126465 688.633407592773 669.253402709961 709.547473907471 736.173522949219
