simdem/realisation53.asc
NCOLS 350 
NROWS 171 
XLLCORNER 152620 
YLLCORNER 418050 
CELLSIZE 100 
NODATA_value -9999 
[rows 132 to 153 of 171, columns 250 to 299 of 350]
783.388920783997 917.36604309082 747.191230773926 992.205154418945 751.220310211182 592.281135559082 694.307685852051 694.985229492188 542.364059448242 671.237686157227 608.024635314941 797.732559204102 724.405519485474 590.580978393555 547.027572631836 723.576171875 693.902629852295 689.172966003418 738.312782287598 831.596878051758 742.517467498779 613.093872070312 645.222515106201 682.083063960075 666.514766693115 828.801422119141 782.439460754395 730.438083648682 591.56166267395 630.230546951294 669.794606685638 641.439568519592 650.225988149643 524.519004821777 609.685066223145 451.173965454102 611.596611022949 737.254300117493 796.912330627441 931.2041015625 1020.20739746094 1048.94853973389 830.819976806641 967.412612915039 834.529220581055 802.128387451172 866.601303100586 694.881072998047 894.062976837158 862.621780395508
884.414031982422 943.513656616211 836.649765014648 868.139778137207 708.864499092102 521.285362243652 731.732452392578 743.270889282227 671.811561584473 775.549849510193 697.100696563721 780.814743041992 591.7255859375 498.661529541016 568.551528930664 658.114074707031 589.405860900879 767.957809448242 992.470917224884 679.596492767334 764.381580352783 789.945579528809 759.171142578125 712.885620117188 645.131729125977 820.151733398438 681.279056549072 681.281455993652 718.609321594238 648.914048194885 510.888359069824 552.569129943848 534.769317626953 672.603857040405 694.490062713623 653.036324501038 486.355209350586 646.926781654358 752.130813598633 735.979530334473 683.39496421814 816.388195037842 933.448745727539 1067.80796813965 712.276885986328 776.441223144531 855.254364013672 781.468801498413 777.128852844238 850.232608795166
768.69567489624 820.886570930481 762.031976699829 668.982057571411 717.017501831055 637.252418518066 628.502330780029 743.977702140808 782.726034998894 813.104251861572 864.411079406738 815.596992492676 582.160797119141 497.379318237305 564.71321105957 792.032970428467 578.123687744141 620.24137878418 932.274873733521 732.088607788086 621.76781463623 797.139209747314 880.377487182617 822.149444580078 575.848335266113 755.477256774902 725.541339874268 495.565963745117 566.20304107666 682.031627655029 617.084136962891 659.682435274124 607.320198059082 545.712272644043 740.588073730469 739.002075195312 602.338279724121 757.967620849609 669.633815765381 607.810539245605 622.70573425293 500.969833374023 668.414155960083 709.43189239502 776.421012878418 802.373680114746 839.77759552002 744.296199798584 807.756034851074 881.012246131897
823.635597229004 775.833543777466 566.803756713867 587.576103210449 666.72550201416 589.767097473145 754.481676101685 773.066942214966 778.632791519165 799.544465065002 877.916976928711 986.761688232422 723.666194915771 664.449966430664 787.92204284668 658.76049041748 682.722351074219 651.853805541992 706.455276489258 680.78392791748 772.864182472229 672.026077270508 781.768135070801 648.442207336426 598.877918243408 688.148616790771 634.711462020874 531.093147277832 728.374618530273 622.369945526123 675.240430831909 734.638595581055 741.664772033691 684.337001800537 676.063272155821 627.022472381592 652.459318161011 615.517578125 612.727249145508 545.560562133789 709.286276817322 630.626014709473 711.294200897217 645.972326278687 442.491088867188 877.809406280518 818.882724761963 839.010455369949 958.351165771484 978.485462188721
712.254354476929 635.200492858887 660.703762054443 725.673385620117 540.346740722656 823.206554412842 739.481773376465 722.538452148438 787.503182411194 703.428153991699 823.87659072876 853.114822387695 707.498264312744 731.502861976624 762.531478881836 668.913772583008 751.842918395996 733.935081481934 560.887939453125 636.447082519531 763.988552093506 731.649662017822 764.3157081604 583.360549926758 580.857192993164 660.800856590271 680.947986602783 667.467226028442 725.062614440918 716.997802734375 733.619522094727 663.468631744385 652.133350372314 718.141098022461 658.03822517395 595.981189727783 560.952880859375 608.958824157715 648.138278961182 607.457313537598 619.305809020996 669.821380615234 693.463603019714 627.035352706909 684.599712371826 762.149673461914 852.415699958801 843.031269073486 867.940198898315 957.052988052368
674.984474182129 663.905250549316 548.583068847656 676.948585510254 798.548248767853 760.203159332275 655.988677978516 556.350814819336 533.746887207031 592.323577880859 662.398849487305 783.147792816162 751.617371559143 772.939094543457 805.190078735352 824.905029296875 851.433586120605 809.72517490387 521.767852783203 547.925338745117 629.45751953125 679.019435882568 722.222105979919 642.720575332642 685.465454101562 731.699142456055 703.307697296143 592.505302429199 672.862276792526 636.458789825439 717.085861206055 776.744186401367 549.263961791992 640.343807220459 653.114477157593 688.005224227905 859.71142578125 678.434213638306 708.456144332886 734.902820587158 672.925731658936 584.678764343262 548.136413574219 639.539817810059 738.308109283447 772.676452636719 986.349304199219 1001.7173614502 871.545896530151 785.347282409668
713.413063049316 633.486991882324 840.873756408691 880.357543945312 793.555056095123 670.922737121582 729.822166442871 520.959884643555 512.981521606445 481.910949707031 558.88688659668 704.105857849121 747.921903610229 810.288562774658 744.095447540283 864.096282958984 829.976318359375 702.194719314575 738.835997104645 777.431503295898 691.595464706421 553.199310302734 685.405914306641 611.185432434082 799.714813232422 675.952062606812 662.431774497032 720.336387634277 699.536846160889 649.875782966614 652.464984893799 569.224975585938 545.175010681152 628.311103820801 739.339866638184 664.442517280579 761.478553771973 683.862284660339 840.47176361084 889.038055419922 706.780028343201 695.291475296021 631.045642852783 679.006744384766 637.135643005371 670.525955200195 771.008071899414 834.943466186523 952.209014892578 683.449573516846
795.699569702148 791.190137863159 739.442073822021 741.138042449951 903.544952392578 854.415687561035 707.954246520996 719.76424407959 741.678592681885 691.518775939941 690.039436340332 789.242641925812 688.318695068359 776.188137292862 869.112831115723 798.302911758423 781.605829238892 958.277496337891 667.877288818359 711.489395141602 769.678932189941 624.454940795898 777.774289548397 789.695243835449 863.390281677246 761.957420349121 687.427814483643 664.620449066162 632.029411315918 649.049499511719 730.048545837402 610.372421264648 711.973617553711 566.367782592773 590.048149108887 686.351233482361 671.819265365601 718.639349937439 657.833730697632 755.71911239624 717.612573623657 771.397514343262 726.127571105957 563.060424804688 731.236621379852 807.048545837402 679.645724534988 840.665634155273 892.20442199707 808.821016311646
852.599479675293 739.162456512451 770.903915405273 861.407745361328 761.56262588501 863.625564575195 784.654147148132 764.340953826904 740.394618988037 739.653385162354 811.309152603149 727.628231048584 673.706329345703 807.702663421631 712.684265136719 820.830110549927 934.968231201172 1020.80270385742 934.706420898438 684.04084777832 661.38883972168 593.667572021484 753.924903392792 771.111797332764 920.821014404297 751.733840942383 746.128631591797 793.34107208252 828.082046508789 700.070287704468 705.02775490284 569.750991821289 755.162809371948 647.093221664429 694.67055606842 722.386798858643 730.166774749756 668.529342651367 650.041206359863 671.476257324219 665.170938491821 753.916816711426 656.452907562256 668.381774902344 725.986600875854 724.195697784424 654.840167999268 818.009620666504 707.264676094055 771.246627807617
828.739082336426 889.16780090332 893.549049377441 848.680068969727 838.633676528931 745.073379516602 788.470350265503 872.946044921875 934.643432617188 956.552795410156 724.799415588379 635.287841796875 661.900344848633 870.720069885254 738.461029052734 872.492534637451 895.803077697754 1013.36651611328 793.610809803009 766.224996566772 552.059478759766 566.92610168457 730.826617240906 683.819644927979 769.299547195435 745.997169494629 705.768341064453 906.1189661026 794.397843122482 868.601585388184 843.526802062988 689.680305480957 772.300498962402 720.775302886963 648.835502624512 742.219032287598 800.499183654785 583.230850219727 711.446487426758 673.241004943848 688.63582611084 844.940521240234 612.58674621582 619.92406463623 707.690441131592 708.93701171875 675.300048828125 718.861850738525 727.899255752563 615.131240844727
839.549354553223 772.411243438721 1237.1831817627 778.452159881592 925.369766235352 1006.54748535156 1011.31623840332 682.686492919922 833.54723739624 898.192283630371 761.398078918457 711.660469055176 681.999359130859 795.635593414307 782.58832359314 839.462342262268 1017.2335357666 828.532591819763 887.2098736763 724.239870071411 725.724927902222 683.557441234589 818.072227478027 844.19312286377 724.285718917847 862.06014251709 824.661849975586 886.123489379883 950.414962768555 776.250200271606 753.650598526001 664.880121231079 819.951759338379 614.216728210449 657.75122833252 650.195602416992 607.49165725708 576.339134216309 404.752044677734 594.770263671875 592.685623168945 696.652523756027 657.487197875977 382.691925048828 645.250183105469 614.304420471191 776.854782104492 804.032913208008 652.721420288086 695.175865650177
617.820724487305 803.678649902344 1049.02274513245 711.104659080505 706.450275421143 892.218673706055 950.433456420898 1008.87946414948 828.28120803833 807.71720123291 842.980598449707 814.733276367188 763.345230102539 781.652183532715 743.338508605957 854.124002456665 929.09041595459 796.779495239258 1013.24761962891 810.89714050293 700.004447937012 596.429618835449 716.796377062798 757.725654602051 755.766803741455 750.045139312744 973.836395263672 811.630456924438 841.667953491211 869.837516784668 924.237350463867 749.86937713623 785.952560424805 831.378402709961 701.413755178452 642.338088989258 621.848762512207 497.943481445312 488.162048339844 540.517013549805 710.988297462463 769.932861328125 648.618915557861 645.732238769531 621.495269775391 647.71378326416 738.844142913818 751.463948249817 782.679256439209 638.325035095215
791.771301269531 698.389422416687 656.92643737793 794.567554473877 807.648414611816 787.159408569336 715.422435760498 909.229954719543 613.904304504395 745.064830780029 926.683643341064 784.290836334229 890.672012329102 837.007894515991 848.098585128784 907.462635040283 819.405041873455 834.236259460449 734.616424560547 924.238014221191 865.200859069824 658.828506469727 635.993278503418 744.65043258667 728.07007598877 663.736968994141 665.250896453857 641.0302734375 705.604835510254 817.178659379482 748.836559295654 897.609146118164 775.783805847168 607.051719665527 657.206363677979 701.006355285645 591.57364654541 609.578636169434 743.507278203964 893.665054321289 786.083992004395 829.833488464355 659.993659973145 762.230972290039 526.038879394531 688.157093048096 706.950794219971 679.919136047363 774.728952407837 765.943084716797
-9999 -9999 -9999 834.620244979858 873.086590766907 1095.75891113281 864.564079284668 712.912185668945 604.476181030273 629.024192810059 847.094625473022 734.305522918701 867.970903396606 983.577411651611 835.291831970215 952.368156433105 785.79419708252 860.467021942139 943.801109313965 771.388519287109 848.723667144775 987.609451293945 953.732368469238 968.427894592285 817.836212158203 798.089454650879 795.883117675781 609.931922912598 632.25366973877 861.840560913086 786.182950973511 786.719306468964 868.878746032715 757.631650924683 761.528804779053 758.059658050537 722.10417175293 787.935657024384 856.954895019531 749.796279907227 815.997980117798 892.660537719727 765.389862060547 685.721992492676 650.687171936035 858.713737487793 810.142860412598 874.372451782227 830.22046661377 665.636703491211
-9999 -9999 -9999 -9999 -9999 -9999 857.304759979248 870.805296897888 712.85950088501 831.934909820557 768.883743286133 713.86340713501 790.711829423904 931.408022880554 925.637393951416 841.017017841339 815.674059867859 943.097175598145 890.884845733643 1030.7943572998 985.080963134766 1069.62641906738 1043.41635131836 921.081470489502 904.499652862549 700.622686386108 902.42081451416 585.193397521973 606.965438842773 700.245803833008 808.725830078125 872.088684082031 871.549156188965 853.133842468262 756.83723449707 694.570861816406 850.155422210693 740.253673553467 835.864904880524 986.462387084961 991.359893798828 776.801562309265 812.048645019531 875.134063720703 697.778581619263 827.853469848633 796.940139770508 921.632400512695 899.163681030273 743.993947982788
-9999 -9999 -9999 -9999 -9999 -9999 -9999 -9999 -9999 806.505157470703 704.006164550781 664.046127319336 786.99634552002 890.338821411133 728.262504577637 760.501331329346 1099.22363042831 850.196426391602 1148.87301635742 944.054862976074 1095.35652160645 872.355604171753 923.84712600708 853.712055206299 948.063381195068 790.735908508301 722.431060791016 738.065929412842 731.384986877441 775.71605682373 847.26070690155 819.963109970093 770.799686431885 623.441551208496 756.861164093018 794.886375427246 837.560211181641 799.102210998535 669.357757568359 737.68070602417 651.132350921631 641.843292236328 673.592571258545 820.206901550293 670.632354736328 814.514083862305 1000.07208251953 866.573455810547 752.126708030701 765.493753552437
-9999 -9999 -9999 -9999 -9999 -9999 -9999 -9999 -9999 -9999 -9999 942.261260986328 883.848007202148 820.086486816406 572.526023864746 653.336141586304 840.918426513672 1350.10964584351 938.919158935547 952.480422973633 1100.76296234131 841.523429870605 879.562538862228 871.494770050049 895.323561668396 633.817657470703 685.464164733887 686.66130065918 594.359512329102 898.449119567871 945.513214111328 898.69457244873 706.952753305435 657.244277954102 692.579238891602 731.021502256393 727.930337905884 733.946956634521 640.463684082031 705.688618302345 689.59228515625 717.119016647339 837.354927062988 709.231489181519 676.057113647461 658.751575469971 851.729393005371 778.510246276855 650.383941650391 621.501525878906
-9999 -9999 -9999 -9999 -9999 -9999 -9999 -9999 -9999 -9999 -9999 -9999 995.287658691406 886.425872802734 655.380741119385 664.672315597534 886.138656616211 1454.57954597473 1212.27351760864 1117.81094741821 1133.90273094177 1112.28618240356 1028.84690856934 1053.72965240479 899.028160095215 765.831962585449 690.311698913574 680.001098632812 638.862594604492 1013.0862121582 846.117328643799 815.580241799355 834.569332122803 671.017852783203 559.684539794922 572.03840637207 655.103340148926 697.358509063721 712.945976257324 725.543308287859 747.86878824234 758.13808631897 708.210220336914 876.026000976562 834.663055419922 772.551372528076 778.130405426025 823.815940856934 746.966073036194 776.442672729492
-9999 -9999 -9999 -9999 -9999 -9999 -9999 -9999 -9999 -9999 -9999 -9999 873.533012390137 771.245223999023 706.013679504395 687.616520047188 860.57878112793 923.990509033203 1029.6986541748 882.803188323975 996.216781616211 946.50895690918 867.715411663055 767.621311187744 958.780609130859 953.490859985352 1145.3073425293 737.607677459717 873.060592651367 1039.07579803467 840.192325592041 907.737117767334 767.418239593506 735.253053665161 725.14465713501 811.421291351318 665.842720031738 760.670011043549 836.555030822754 812.407241821289 803.214740753174 744.811859130859 717.203193664551 869.020133972168 827.882720947266 841.373573303223 717.895568847656 822.969585418701 958.409255981445 834.339500427246
-9999 -9999 -9999 -9999 -9999 -9999 -9999 -9999 -9999 -9999 -9999 -9999 -9999 855.252311706543 783.736413002014 758.754301071167 661.740493774414 822.154930114746 882.793876171112 843.749135971069 959.994232177734 944.14875793457 821.289279937744 865.745254516602 884.144882202148 1014.55662536621 793.445322036743 736.278442382812 690.40934753418 822.760822296143 1152.05054664612 757.787279844284 854.485990524292 910.472839355469 720.206600189209 792.399711608887 756.544387817383 800.126773834229 854.569957733154 914.712509155273 847.067092895508 826.175857543945 930.935241699219 852.887786865234 685.451278686523 732.688278198242 933.932723999023 832.156314849854 939.756210327148 943.863098144531
-9999 -9999 -9999 -9999 -9999 -9999 -9999 -9999 -9999 -9999 -9999 -9999 -9999 -9999 786.480945587158 668.70206451416 876.310344696045 966.710494995117 902.899406433105 854.872806549072 895.179162979126 798.745796203613 854.319877624512 923.442855834961 834.178276062012 802.751876831055 734.63081741333 858.080763816833 896.707870483398 836.040075302124 781.845344543457 751.72930431366 679.848197937012 744.222017288208 704.467571258545 741.477939605713 914.445448875427 906.925594329834 729.464401245117 855.475692749023 886.744636535645 821.784242630005 993.042907714844 979.214874267578 921.961898803711 778.552528381348 951.305587768555 860.381687164307 824.232158660889 828.777076721191
-9999 -9999 -9999 -9999 -9999 -9999 -9999 -9999 -9999 -9999 -9999 -9999 -9999 -9999 965.229797363281 659.931205749512 791.403787612915 736.108871459961 738.345581054688 796.253860473633 833.75806427002 875.586210012436 815.296272277832 963.991600036621 866.777914047241 802.017742156982 694.533996582031 761.415550231934 799.814456939697 880.927230834961 840.503128051758 746.209644317627 890.565322875977 697.376876831055 796.798072814941 923.430206298828 751.062117576599 804.114952087402 847.168716430664 736.051368713379 749.984725952148 912.852333068848 833.931776046753 982.129440307617 906.29027557373 976.0810546875 888.872211456299 853.237630844116 624.817657470703 698.076385498047
