simdem/realisation89.asc
NCOLS 350 
NROWS 171 
XLLCORNER 152620 
YLLCORNER 418050 
CELLSIZE 100 
NODATA_value -9999 
[rows 44 to 65 of 171, columns 50 to 99 of 350]
835.910720825195 868.412010192871 963.611877441406 960.016174316406 470.710948944092 513.980041503906 657.424537658691 663.783073425293 863.468597412109 780.354339599609 964.514591217041 445.484870910645 516.216445922852 529.272357940674 453.932846069336 463.79042673111 501.005018234253 547.781875610352 515.258987426758 462.506969451904 366.894821166992 511.720611572266 699.9453125 576.353790283203 370.839855194092 547.39176940918 410.480389595032 254.022994995117 325.867256164551 383.217407226562 402.063914299011 463.385320663452 420.568483352661 510.655437469482 479.381904602051 442.871405720711 421.884532928467 481.71488571167 404.189495563507 452.030490875244 382.125385284424 424.607368469238 297.730133056641 396.987342834473 415.139485359192 338.274620056152 477.466033935547 391.390125274658 390.61939239502 398.404449462891
701.497119903564 699.092700958252 823.820083618164 933.453338623047 608.801788330078 522.36233997345 670.076972961426 601.066989898682 596.68278503418 719.481763839722 471.484865188599 363.445877075195 347.658798217773 433.012424468994 278.695327758789 373.670448303223 406.25972366333 424.766394615173 425.654145240784 499.07795715332 435.395930290222 426.551331520081 559.569595336914 610.597808837891 545.849403381348 428.841915130615 467.574363708496 364.571605682373 234.542358398438 131.244018554688 336.103935241699 296.276840209961 418.331267356873 371.792751312256 392.547172546387 283.785369873047 460.823535919189 399.492950439453 289.661903381348 419.817267417908 334.591079711914 162.167877197266 267.543899536133 387.290538787842 404.289791107178 416.768577575684 418.473896980286 483.377101898193 243.197647094727 322.864326477051
621.590419769287 482.217834472656 651.735557556152 545.326766967773 459.626762390137 606.711326599121 582.676692962646 334.465560913086 635.853569030762 426.397689819336 402.864562988281 415.447006225586 451.598621368408 421.380252838135 453.58740234375 310.083419799805 391.523971557617 494.194213867188 534.892555236816 497.61882019043 305.839385986328 480.129096984863 373.953735351562 454.086776733398 332.545806884766 428.44535446167 396.745901107788 367.955694198608 443.850450515747 225.755386352539 295.225677490234 363.059059143066 407.437310218811 429.510719299316 338.037673950195 418.666027069092 509.329460144043 475.107112884521 349.208782196045 393.601589202881 300.962066650391 389.278717041016 320.441802978516 546.363250732422 386.054071426392 373.163589477539 461.229846954346 480.479305267334 378.965034484863 272.811264038086
559.138156890869 396.300231933594 473.714498519897 506.640300750732 341.820945739746 328.390289306641 939.413414001465 606.312232971191 462.546051025391 479.066925048828 414.510185241699 552.523742675781 512.316314697266 529.821014404297 664.786949157715 522.411010742188 525.560234069824 452.45637512207 378.403680801392 439.36185836792 377.488924026489 352.616863250732 435.986991882324 388.685386657715 324.320304870605 337.861488342285 550.154441833496 476.997940063477 501.846740722656 429.25057888031 380.019493103027 493.727924346924 416.554246902466 465.964031219482 356.055976867676 493.197021484375 529.411491394043 516.96509552002 526.741264343262 481.073486328125 397.832939147949 379.398345947266 494.217922210693 486.617095947266 389.268686294556 457.934267997742 410.010231018066 303.578643798828 270.752349853516 258.853759765625
520.218338012695 626.854507446289 420.517757415771 586.645137786865 580.232444763184 520.996559143066 440.79857635498 484.144231796265 516.491879463196 435.859466552734 423.091209411621 468.967052459717 451.022790908813 500.039356231689 544.828964233398 502.801361083984 476.638847351074 506.655235290527 391.454917907715 287.208320617676 341.508140563965 287.839859008789 330.560562133789 421.946074962616 181.18505859375 295.963516235352 455.673343658447 415.245923042297 571.371246337891 586.803680419922 416.370546340942 436.975715637207 585.03734588623 405.914772033691 374.793739318848 479.598403930664 429.538067817688 583.06999206543 503.394371032715 707.758666992188 566.404495239258 596.870727539062 481.861968994141 655.639266967773 476.042304992676 460.056756973267 340.149253845215 414.340854644775 386.856903076172 332.200340270996
453.110946655273 336.619361877441 350.299736022949 372.192893981934 726.336959838867 571.342750549316 601.153427124023 583.057777404785 528.374088287354 537.551399230957 431.871082305908 574.502086639404 407.209625244141 360.296737670898 450.158143043518 451.679793357849 232.274337768555 424.961084365845 435.176807403564 355.343269348145 188.048431396484 328.592018127441 362.897796630859 381.156458854675 416.99418258667 495.01049041748 397.71915435791 412.526584625244 563.874252319336 457.592672348022 360.174385070801 441.009821414948 464.549036026001 428.656675338745 459.947917938232 358.144596099854 419.20370721817 558.405029296875 452.040362358093 519.693603515625 450.740135192871 447.785526275635 521.578926086426 439.101696014404 406.004096984863 480.292850494385 462.504316329956 433.322120666504 384.567600250244 394.620952606201
355.918973922729 323.689010620117 398.658012390137 998.391122817993 484.814113616943 674.879791259766 591.715156555176 635.562911987305 284.725311279297 451.328101158142 492.269542694092 453.410639762878 510.212963104248 485.853633880615 422.503625869751 451.558346748352 419.829793930054 564.999282836914 491.289680480957 546.038627624512 446.376636505127 300.271759033203 463.767864227295 489.918167114258 397.891456127167 384.082328796387 437.516237258911 411.747344970703 514.322044372559 456.720977783203 392.026184082031 525.8466796875 375.106666564941 456.205501556396 558.377899169922 389.915725708008 421.143560409546 437.896125793457 560.439315795898 438.979138374329 570.434020996094 417.794669151306 423.594505310059 466.869931459427 498.334719181061 486.361499786377 456.816314697266 456.126413345337 379.368328094482 321.476425170898
574.044128417969 327.102645874023 333.658721923828 463.716003417969 614.706596374512 693.898986816406 549.864551544189 484.639503479004 484.274290084839 393.899105072021 474.197626113892 608.919845581055 488.319030761719 424.958784103394 336.237060546875 390.570331573486 313.306190490723 203.509048461914 304.457366943359 435.998258590698 528.154541015625 380.670108795166 472.870132446289 519.075469970703 424.689749956131 462.877250671387 406.972190856934 392.778686523438 404.801824331284 392.645963668823 435.332242965698 322.761917114258 316.08865737915 399.680181503296 517.67325592041 599.188095092773 513.386100769043 578.036193847656 649.325180053711 422.110496520996 485.263931274414 504.353870391846 493.799293518066 543.242195129395 406.790432929993 429.500234603882 550.085876464844 326.045188903809 320.212677001953 253.005859375
472.713836669922 272.00520324707 910.390434265137 574.290607452393 571.819225311279 528.29238319397 582.146408081055 444.383190155029 516.065246582031 425.642196655273 458.47251033783 581.763122558594 520.788776397705 213.003326416016 387.339324951172 387.57385635376 403.494516372681 329.025199890137 323.54328918457 425.468296051025 446.317934036255 433.292721390724 456.974187850952 391.131341934204 373.309734344482 400.720262527466 505.217491149902 268.343338012695 403.255465507507 394.424832344055 347.347709655762 441.378009796143 508.053443908691 375.602758407593 428.762809753418 441.973321914673 408.323358535767 362.705993652344 511.931793212891 422.846326351166 505.495624542236 545.687934875488 464.452163696289 515.862724304199 337.987030029297 447.06689453125 515.930397033691 304.107040405273 292.287857055664 269.709228515625
469.785278320312 355.081100463867 327.577697753906 650.261787414551 662.441299438477 451.392906188965 434.993446350098 425.970252990723 516.324989318848 464.009636878967 409.101501464844 441.244735717773 530.301513671875 413.295269012451 398.670846939087 347.418258666992 516.493919372559 285.91276550293 354.063255310059 340.914932250977 488.059776306152 506.48323059082 564.856460571289 411.447154045105 507.816482543945 513.803173065186 403.690334320068 343.817066192627 372.896530628204 273.946548461914 463.590278625488 426.831314086914 431.742658615112 529.761657714844 523.590263366699 431.652042359114 403.166625499725 559.612747192383 521.217514038086 475.278190612793 446.250061035156 493.622802734375 447.651863098145 375.82222366333 361.717102050781 416.689081192017 308.261657714844 260.437286376953 294.420745849609 414.50500202179
703.071884155273 410.794441223145 554.924869537354 710.360759735107 661.442733764648 584.463851928711 409.088607788086 512.575229644775 345.165313720703 618.247924804688 481.037746429443 439.523601531982 461.843074798584 376.394611358643 432.701379776001 350.677501678467 339.950576782227 200.034973144531 314.678146362305 351.316822052002 545.360565185547 449.580779910088 420.075072288513 737.878532409668 522.127143859863 334.722900390625 280.812080383301 274.051109313965 340.867555618286 425.722484588623 535.911270141602 448.93021774292 438.679016113281 399.735174655914 406.993213653564 476.9621925354 413.67450094223 329.623764038086 321.577972412109 444.416011810303 400.746369361877 283.927261352539 458.323371887207 504.859176635742 399.912812829018 352.15478515625 120.740020751953 228.388580322266 424.696799278259 364.957046508789
707.913917541504 1134.88650226593 691.637115478516 688.737899780273 611.574722290039 516.644319534302 339.759307861328 465.814278125763 394.405208587646 451.498611450195 457.910802841187 411.066281795502 384.928218841553 402.880313873291 295.159027099609 388.751106262207 283.817184448242 461.779396057129 341.189796447754 307.13232421875 306.207176208496 359.758655548096 294.077484130859 466.613119125366 357.076393127441 387.780148506165 364.064950942993 267.908317565918 426.237861633301 324.972122192383 466.66382598877 395.87421131134 409.670932292938 397.354429244995 455.764453887939 355.014640808105 299.385520935059 505.796936035156 380.337657928467 394.77810049057 322.119842529297 515.826812744141 467.449867248535 332.407524108887 367.565868377686 216.678070068359 235.652130126953 122.976318359375 418.940406799316 534.132545471191
526.735389709473 531.204875946045 636.683128356934 693.583099365234 595.468727111816 465.365814208984 442.699882507324 515.412014007568 420.035112380981 443.00177192688 304.121032714844 444.42561340332 465.902481079102 393.854019165039 357.270812988281 338.752792358398 412.477901935577 443.127227783203 515.007141113281 415.99257850647 405.647483825684 389.935821533203 396.472959756851 336.28885269165 289.221549987793 299.081398010254 369.317024230957 302.019355773926 325.308280944824 411.942053794861 502.447677612305 347.159908294678 389.135871887207 303.654802322388 560.599594116211 381.594167709351 466.14529800415 460.613681793213 447.448204040527 525.719352722168 442.978534698486 510.91276550293 343.127555847168 251.068786621094 476.562980651855 304.530853271484 339.687019348145 217.730804443359 247.330276489258 332.956466674805
776.755401611328 432.390800476074 505.846252441406 691.495193481445 669.681015014648 534.110541343689 487.321342468262 444.285304069519 532.262733459473 385.653144836426 368.138214111328 406.789203882217 485.010269165039 432.848712921143 466.967868804932 551.552459716797 464.94116973877 424.902828216553 517.117683410645 506.833724975586 590.301132202148 443.403647422791 412.873722076416 265.912223815918 245.023345947266 304.485023498535 274.471549987793 214.519035339355 314.022504806519 357.112767219543 337.434792399406 275.513969421387 418.167724609375 388.969282865524 393.351696014404 266.701034545898 303.351226806641 468.899040222168 553.618438720703 467.518775939941 471.128700256348 255.973434448242 248.604919433594 389.309049606323 450.658517837524 408.22049665451 486.071487426758 374.132400512695 389.763031005859 268.314529418945
539.666152954102 584.530916213989 629.615636348724 650.465854644775 576.094664573669 714.711799621582 490.087038993835 411.654312133789 397.94841003418 388.687866210938 384.881504058838 371.308023452759 369.136109352112 428.891555786133 488.298789978027 515.205299377441 456.03796005249 474.730819702148 583.717132568359 535.15641784668 284.046180725098 423.625671386719 385.394153594971 441.778732299805 365.163734436035 408.634834289551 220.813781738281 290.843086242676 329.267650604248 293.455490112305 440.83869934082 384.982849121094 458.556785583496 442.269504547119 333.824810028076 421.674495697021 350.95329284668 395.581501483917 451.102348327637 403.698136329651 408.206743717194 375.847723007202 275.483352661133 319.170600891113 505.483894348145 441.855390548706 355.742637634277 305.051544189453 525.287742614746 600.889251708984
551.325605392456 646.768493652344 687.681861877441 655.879413604736 610.92493057251 610.347187042236 339.620239257812 427.35977935791 379.213390350342 415.19384765625 358.101184844971 231.748306274414 386.444399595261 551.008346557617 451.222991943359 385.972045898438 525.397323608398 587.487884521484 370.732975959778 471.582748413086 456.371421813965 188.492370605469 418.221252441406 346.927165985107 416.587951660156 452.189315795898 264.330520629883 338.055999755859 394.94668006897 466.476097106934 527.186920166016 510.406600952148 607.486175537109 458.013038635254 296.705703735352 274.111289978027 396.797477722168 405.20287322998 477.556282043457 355.008754730225 500.681510925293 420.84921169281 190.822967529297 173.098892211914 286.68578338623 225.365844726562 195.670135498047 312.997863769531 337.568016052246 340.772453308105
392.84561920166 656.252433776855 740.729278564453 731.340286254883 681.419185638428 679.808674812317 539.379493713379 453.77833366394 278.581115722656 325.475875854492 462.873168945312 400.22784614563 370.365217208862 395.37645149231 422.26000213623 551.340515136719 524.142631530762 591.323150634766 571.826446533203 420.554293632507 280.311950683594 400.033195495605 461.899703979492 331.195358276367 328.735252380371 364.882073521614 307.762828826904 288.371444702148 395.041418075562 483.689361572266 494.747344970703 352.449253082275 404.347362518311 288.026863098145 415.711643218994 375.976901292801 337.408946990967 486.61499786377 397.004550933838 473.609100341797 486.585891723633 353.0810546875 188.460876464844 314.465858459473 410.623634338379 288.170501708984 262.075668334961 303.780914306641 320.569946289062 302.545837402344
504.699226379395 541.735389709473 670.630157470703 658.67057800293 705.952087402344 691.07861328125 675.766262054443 499.660664200783 402.78874206543 561.291244506836 453.714122772217 526.705978393555 404.63770866394 432.079498291016 463.179718017578 455.73813945055 506.845031738281 521.537872314453 478.446144104004 411.767965316772 510.343688964844 430.731309890747 410.921701431274 370.711690425873 298.245994567871 398.350564956665 337.684128761292 350.391691207886 285.481132507324 589.284271240234 323.305759429932 365.803028106689 404.074733734131 265.64136505127 380.542685508728 301.873672485352 361.71329498291 465.124389648438 367.55850982666 430.939210891724 452.390155792236 509.499572753906 384.050170898438 264.320877075195 393.826877593994 407.09342956543 175.085311889648 330.631126403809 338.727600097656 247.790817260742
510.986221313477 513.799942016602 675.176651000977 614.980582237244 609.382781028748 649.92332649231 603.669033050537 589.202606201172 382.128707885742 528.161338806152 420.851272583008 393.604821205139 361.475276947021 368.633328676224 379.359321117401 339.957630157471 254.231063842773 341.100406646729 355.551486968994 426.755168914795 516.838638305664 360.170219421387 357.575693130493 330.113773345947 317.519599914551 239.579223632812 246.77840423584 287.351783752441 358.581436157227 499.363372802734 366.451097488403 454.784591674805 359.090518474579 155.604904174805 344.822807312012 364.297559022903 463.654762268066 480.127288818359 565.133636474609 422.935132026672 251.867538452148 449.743339538574 380.450317382812 441.566608428955 429.445927619934 551.291450500488 464.014735221863 495.28466796875 487.11231803894 322.312232971191
421.644592285156 492.311050415039 561.358348846436 535.256429672241 488.348014831543 395.344711303711 386.156352996826 441.608753204346 505.708072662354 328.772190093994 378.081813812256 429.170227050781 424.099681854248 422.295333862305 338.850336074829 218.01579284668 207.886367797852 228.280029296875 335.028833389282 338.208835601807 376.098460197449 351.697971343994 428.116477966309 483.354698181152 362.925006866455 348.437740325928 288.400360107422 144.444152832031 292.074638366699 412.561470031738 463.733329772949 443.839279174805 363.637296676636 240.115829467773 435.058547973633 295.187103271484 295.299850463867 547.254295349121 590.516784667969 431.368783950806 451.951989650726 381.608165740967 396.289136886597 385.957595825195 307.314544677734 351.944488525391 477.936511993408 566.018196105957 476.906705856323 375.587928771973
431.904922485352 494.135948181152 566.231000900269 573.529724121094 585.220188140869 412.135284423828 626.894302368164 476.963809967041 531.514892578125 391.202218055725 403.959770202637 342.307159423828 316.45100402832 467.583030700684 249.007377624512 309.474327087402 310.442886352539 325.785907745361 302.59354019165 294.864879608154 389.758169174194 511.271492004395 370.468996047974 288.886169433594 317.062278747559 250.079330444336 370.486026763916 449.020904541016 346.15604019165 357.010892868042 388.306201457977 423.479455947876 440.702325820923 413.626739501953 468.391258239746 362.028053283691 394.702868461609 525.997924804688 590.71826171875 545.661987304688 326.119354248047 541.414741516113 497.620895385742 421.490842819214 347.249580383301 357.369667053223 445.469917297363 457.05283164978 506.796039581299 407.332084655762
467.031730651855 483.731464385986 483.868753433228 566.388030052185 390.550178527832 480.980344772339 415.052032470703 507.669960021973 290.140190124512 340.608589172363 314.792671203613 373.13583946228 309.031856536865 287.565254211426 291.084632873535 346.447327613831 205.775863647461 386.098697662354 274.706718444824 333.247241973877 427.186851501465 283.293983459473 373.395767211914 291.490306854248 316.621215820312 273.325019836426 515.23616027832 437.961128234863 462.981727600098 340.070648193359 355.913768768311 491.576522827148 509.106483459473 520.682525634766 473.930059432983 401.759260177612 322.384788513184 472.01053237915 598.6630859375 617.188583374023 507.717796325684 448.913372039795 494.453369140625 539.49520111084 539.108695983887 455.603908538818 440.638468742371 463.063506126404 514.669807434082 480.035820007324
