simdem/realisation8.asc
NCOLS 350 
NROWS 171 
XLLCORNER 152620 
YLLCORNER 418050 
CELLSIZE 100 
NODATA_value -9999 
[rows 66 to 87 of 171, columns 200 to 249 of 350]
628.258888244629 645.358403205872 693.220146179199 610.698722839355 701.881065368652 694.917024612427 701.256965637207 692.992622375488 550.382148742676 535.247192382812 626.713544845581 582.564881324768 586.310333251953 483.559967041016 503.762916564941 476.508026123047 526.965850830078 482.047576904297 699.144981384277 651.503003120422 701.926239013672 598.191359519958 594.076232910156 585.666702270508 604.052597045898 757.653884887695 516.765907287598 610.504944801331 515.962051391602 496.513862609863 563.352828979492 698.977752685547 489.43766784668 450.58251953125 591.869426727295 516.711853027344 712.560886025429 514.701721191406 419.392593383789 458.474472045898 590.254974365234 535.300117492676 551.45344543457 609.565188288689 543.820457458496 761.795127868652 707.410087585449 548.688583374023 706.161605834961 696.236164093018
591.656150817871 604.702648162842 615.347850799561 652.319414138794 577.459426879883 599.232719421387 655.054111480713 699.52857208252 549.547012329102 617.531061172485 777.330596923828 704.58544921875 759.170875549316 692.464553833008 576.26428604126 575.836698532104 448.471229553223 630.538696289062 566.466835021973 835.490084648132 677.772652626038 586.499090194702 623.278158187866 517.827011108398 527.180320739746 697.900207519531 633.870700836182 681.885269165039 651.919509887695 598.728300094604 591.117026150227 672.38677406311 646.995615959167 602.852073669434 498.705215454102 726.854370117188 512.131439208984 574.112968444824 657.631634712219 566.262763977051 644.088569641113 538.951362609863 511.046440124512 602.649381637573 657.375343322754 591.998027801514 570.76530456543 583.460918426514 768.992904663086 767.425201416016
749.589248657227 735.046493530273 633.674879074097 819.740539550781 623.458194732666 510.803436279297 579.181845664978 605.548992156982 608.690422058105 773.259094238281 796.076141357422 752.726264953613 739.474029541016 707.671268463135 643.234192848206 585.192627906799 510.12512588501 606.163995742798 644.431728363037 723.782150268555 642.168844223022 607.832857131958 521.676055908203 702.451377868652 697.710556030273 578.144621253014 496.671485900879 645.416717529297 572.677709579468 678.301334381104 659.494913101196 796.175319671631 771.754760742188 651.554738998413 488.838180541992 593.291023254395 582.737014770508 575.153053283691 506.560455322266 722.601627349854 570.538261413574 672.334350585938 611.003377914429 582.450134277344 543.098320007324 601.791135787964 613.611831665039 574.028244018555 601.648773193359 682.991626739502
731.036392211914 720.032302856445 602.21964263916 689.697174072266 660.071252822876 600.985527038574 463.446594238281 707.521263122559 615.78104019165 704.746810913086 637.661678314209 594.962425231934 808.350357055664 816.540161132812 664.593921661377 625.434454917908 618.441598892212 608.175324440002 714.556083679199 734.381607055664 559.655090332031 725.486373901367 523.22193145752 559.572237014771 638.09077835083 746.712516784668 540.989795684814 569.928749084473 536.132019042969 649.740364074707 573.882316589355 617.643068313599 718.583679199219 671.751169919968 610.304473876953 639.065166473389 731.297584533691 785.849166870117 691.002731323242 585.126235961914 585.014427185059 580.783390045166 562.222282409668 526.37043762207 502.953048706055 746.002128601074 657.117221832275 654.224311828613 658.321008682251 718.202575683594
558.198905944824 649.025766372681 588.053359985352 724.759986877441 554.506652832031 591.701389312744 485.98664855957 646.982207298279 770.955207824707 697.705657958984 641.10179901123 579.491317749023 619.641807556152 608.63408946991 569.161727905273 740.391952514648 635.651772558689 527.190101623535 603.166656494141 617.031764984131 635.883819580078 733.806631326675 534.336166381836 659.570321083069 666.782730102539 720.11637878418 568.132732391357 593.094295501709 674.521158218384 583.157905578613 457.853927612305 616.036130428314 664.035472869873 532.644592285156 594.993919372559 661.552312850952 750.419502258301 794.404006958008 650.561464309692 506.003814697266 528.579460144043 648.073329925537 808.141952514648 608.445412635803 581.497264862061 449.134460449219 674.612216949463 632.054087638855 458.542236328125 663.087110519409
576.361846923828 641.70202255249 704.455829620361 624.04610824585 625.986666202545 529.92066192627 499.055206298828 598.189441680908 590.65811920166 667.341960668564 513.801177978516 642.197067737579 681.495817184448 617.246376037598 645.520150184631 611.324703216553 611.622237205505 490.279479980469 626.38452911377 584.501647949219 579.442970275879 684.905698776245 565.574234008789 643.267610549927 602.652576446533 618.113655090332 679.734329223633 733.992622375488 780.400512695312 741.866806030273 666.763975143433 781.548065185547 712.756744384766 709.530691146851 629.266645431519 623.367131233215 592.483997344971 688.120559692383 718.962921142578 617.755813598633 431.667221069336 581.278167724609 737.388092041016 674.936626434326 530.635734558105 634.714912414551 593.638088226318 738.331516265869 841.386726379395 548.429534912109
509.051979064941 600.295955657959 758.754486083984 530.186996459961 484.253173828125 587.598636627197 632.624471664429 632.591993331909 627.101928710938 664.089059829712 566.895278930664 653.798678398132 698.141292572021 596.55419921875 691.14652633667 692.677673339844 637.323569297791 625.253479003906 653.035354614258 795.341556549072 756.810855865479 654.431167602539 578.798904418945 630.233199477196 685.683074951172 680.756034851074 618.633430480957 699.257186889648 563.842746734619 731.865325927734 748.865852355957 642.461556434631 623.877548217773 652.84313583374 670.803718566895 658.646492004395 510.542129516602 693.123832702637 623.108671188354 696.775932312012 663.46170425415 683.754627227783 743.652221679688 789.046737670898 670.178203582764 515.515655517578 523.824607849121 600.862213134766 600.738418579102 594.043292999268
560.711990356445 519.72827911377 634.05094575882 440.617080688477 564.796115875244 677.566261291504 735.991363525391 630.645358085632 732.085014343262 707.348056793213 667.794471740723 659.013172149658 590.904304504395 524.507095336914 627.206622123718 593.137142181396 649.772439002991 699.24015712738 638.215721130371 805.270332336426 931.942169189453 772.822978973389 503.140182495117 705.323173522949 708.127471923828 623.574263334274 563.765748977661 610.437385559082 648.339796066284 601.434020996094 623.186700344086 682.165115356445 874.980907440186 642.587259292603 650.79264831543 562.153703689575 523.470153808594 573.091676712036 605.43737411499 559.50904083252 647.490745544434 692.001567840576 648.251445770264 656.616764068604 683.618355512619 703.083610534668 557.601234436035 595.718715667725 589.578304290771 625.58868598938
512.122535705566 624.029268264771 672.775074005127 591.232110977173 549.683563232422 582.694076538086 748.634567260742 806.757530212402 774.121200561523 860.696838378906 713.431381225586 649.42271232605 619.859195709229 704.01399230957 726.211418151855 624.538806438446 547.26619720459 633.856712341309 535.81315612793 663.137619018555 887.129940032959 867.273222923279 1051.9719619751 879.549617767334 703.124283790588 674.825923919678 480.087005615234 541.184879302979 630.388856887817 596.620473861694 716.333595275879 962.042579650879 677.965839385986 593.199819564819 636.245692253113 680.950145721436 651.488632202148 697.117034912109 707.133178710938 656.375267028809 539.433418273926 506.873764038086 566.804664611816 489.990097045898 542.211135864258 728.431579589844 802.572525024414 503.250541687012 581.570976257324 548.159706115723
706.832099914551 634.627274990082 586.040405273438 635.561147689819 642.298562049866 663.244449615479 697.221397399902 799.325141906738 575.75846862793 721.324531555176 736.378936767578 717.829833984375 538.677505493164 639.38410949707 787.96533203125 608.121746063232 369.998275756836 570.465507507324 618.210174560547 705.077045440674 606.416660308838 753.978591918945 664.460983276367 719.151030540466 931.572334289551 814.636901855469 933.249954223633 656.432113647461 624.949032783508 560.681945800781 723.554901123047 761.813926696777 582.674008369446 639.179420948029 737.442558288574 684.41247177124 704.3503074646 650.042669296265 654.13493347168 551.442977905273 427.889190673828 522.924560546875 418.5830078125 541.38053894043 671.545551300049 666.109481811523 705.34602355957 574.531795501709 527.765060424805 623.744271278381
607.71563577652 593.793577194214 668.210773468018 620.740031719208 618.74820715189 703.883346557617 477.444458007812 698.779033660889 738.402114868164 806.590728759766 682.086853027344 662.500053405762 612.326725006104 584.634269714355 484.469757080078 530.932975769043 456.781158447266 707.048651695251 726.376132965088 623.332473754883 615.590911865234 701.406509399414 581.221420288086 722.205268859863 773.757827758789 754.780269622803 773.062942504883 725.217597961426 805.490658760071 684.942527770996 1259.5567741394 549.004455566406 540.998962402344 696.641319274902 638.058542251587 678.206804275513 720.95329284668 644.388945579529 562.041221618652 470.179763793945 565.99356842041 524.31192779541 431.48225402832 579.846801757812 689.320198059082 765.501159667969 810.270751953125 557.958583831787 589.723413467407 510.809104919434
447.428115844727 612.989603757858 621.254959255457 456.991073608398 610.685968399048 733.295875549316 722.993270874023 631.509530067444 565.597702026367 723.862892150879 779.556663513184 608.017360687256 553.088973999023 652.089726448059 578.595569610596 696.204299926758 597.940658569336 458.706298828125 873.280550956726 791.439723968506 869.31371307373 756.104373931885 737.829217910767 771.007175445557 568.290802001953 687.894432067871 688.220806121826 790.588180541992 1044.63547134399 861.658459663391 859.181106567383 827.881004333496 791.483345031738 766.987972259521 727.796516418457 681.202735900879 709.647464752197 646.7356300354 794.652618408203 674.100191116333 526.01441192627 545.356948852539 379.720504760742 594.634971618652 609.652513742447 531.279518127441 643.974391937256 619.701288580894 687.283653259277 599.138977050781
563.009870529175 593.88410949707 545.358268737793 567.26305770874 596.457055091858 600.449065208435 632.424007892609 641.936778068542 599.80065536499 728.145122051239 654.222506523132 553.588584899902 514.116821289062 521.25707244873 651.501446723938 677.864521026611 573.923990249634 620.658338546753 661.248187065125 855.096817016602 874.610601425171 1134.10417175293 754.063275814056 662.838115692139 534.548889160156 565.900741577148 685.840824127197 813.373123168945 1103.42995452881 1188.3078918457 791.547798156738 719.723640441895 753.536131858826 736.030023574829 622.147954940796 720.500427246094 680.201797485352 743.592140197754 609.591678619385 604.17947769165 780.329162597656 504.609878540039 425.245986938477 551.907165527344 702.996025085449 667.548080444336 675.12463760376 626.200168609619 776.510131835938 559.945953369141
678.585777282715 632.623462677002 704.65592956543 542.752464294434 596.72629737854 609.615931272507 532.86897277832 642.340232849121 650.305365562439 779.642395019531 632.442981719971 640.002158164978 545.33910369873 698.027889251709 779.978187561035 595.651748657227 611.107486724854 712.116920471191 641.304995536804 797.449229478836 727.601648330688 936.545715332031 787.256013870239 655.241394042969 543.508255004883 826.571628570557 677.163774490356 740.145175933838 1107.24639129639 987.199798583984 1061.87241363525 991.259704589844 953.514526367188 853.476745605469 771.062606811523 721.768047332764 733.442443847656 705.134937286377 616.180870056152 630.039688110352 503.938278198242 575.219673156738 622.925114631653 566.42692565918 635.47354888916 698.949779510498 542.769721984863 449.064788818359 589.444278717041 507.290657043457
723.721069335938 723.474411010742 635.196715354919 650.357091903687 621.761842370033 697.841590881348 652.112821578979 738.731140136719 698.481098175049 812.240356445312 727.876045227051 688.3489112854 559.987380981445 776.954391479492 837.021240234375 767.577201843262 678.93600487709 671.082576751709 607.125305175781 729.479206085205 642.285989761353 692.591255187988 739.599243164062 625.019905090332 504.739974975586 695.192939758301 656.35205078125 682.989921569824 637.10319519043 831.055442810059 801.19172668457 1166.43672180176 1149.0220489502 1029.31423950195 1238.60977172852 1050.50927734375 875.038513183594 792.050354003906 612.965953826904 635.540016174316 569.662406921387 659.421112060547 716.35347366333 683.172233581543 698.678782194853 661.034051895142 556.406074523926 486.174057006836 630.856564998627 586.485622406006
699.141033172607 720.753959655762 616.071715593338 707.453468322754 549.440826416016 687.980972290039 585.450923919678 659.026683807373 574.05908203125 663.547477245331 656.86540222168 705.27251291275 677.810523986816 637.003708839417 602.786472320557 720.520467758179 776.682426452637 774.668716430664 700.968502044678 803.926788330078 684.276695251465 768.880523681641 746.447784423828 645.561025619507 654.914413452148 650.6003074646 597.841232299805 537.068267822266 756.772888183594 784.972988128662 581.197196960449 938.896891236305 943.616645812988 1172.63912963867 1150.60107421875 1056.0200881958 695.277755737305 603.428981781006 714.983768463135 659.038188934326 699.92840385437 667.384388923645 561.942939758301 590.377334594727 708.969019412994 759.827743530273 677.412460327148 741.695037841797 744.200782775879 617.27961730957
819.945419311523 699.152587890625 584.616153717041 573.981662750244 686.873867034912 689.824928283691 517.087677001953 594.36376953125 708.487380981445 779.427200317383 852.666519165039 899.464767456055 712.551651000977 567.981903076172 604.285453796387 596.2522315979 624.936319351196 643.557437777519 692.656620025635 852.617370605469 694.642280578613 828.810409545898 801.501739501953 692.092916488647 557.594169616699 639.525894165039 707.307464599609 616.946029663086 695.490905761719 761.715316772461 810.895301818848 777.189045906067 895.416748046875 1485.43392944336 962.621896743774 1450.86540222168 745.67209815979 536.472747802734 587.343124389648 607.317657470703 559.653373718262 611.88996887207 662.84765625 602.453639984131 671.600814819336 724.56143951416 682.994232177734 642.222358703613 615.778819084167 450.243377685547
544.924293518066 611.69900894165 680.734346151352 600.459182739258 523.299964904785 678.88330078125 700.900726318359 699.381858825684 645.892153739929 721.750984191895 752.06761932373 783.61400604248 593.45760345459 544.478462219238 645.810179710388 596.663608551025 506.271453857422 682.277156829834 799.632354736328 650.696593284607 651.935522556305 826.078491210938 621.086929321289 655.412000656128 695.92267036438 725.016495704651 606.390981674194 503.415771484375 617.129810333252 779.375282287598 606.395278930664 789.609176635742 984.832000732422 1247.19209957123 1172.15884399414 1181.98710632324 1073.95941162109 807.194618225098 676.142570495605 484.047355651855 518.28840637207 576.01245880127 636.563552856445 722.14609336853 783.864334106445 811.06916809082 754.174842834473 688.545310974121 762.675254821777 645.530649662018
731.688701629639 774.159690856934 746.277496337891 653.691160202026 649.02198600769 657.939338684082 675.67208480835 805.098297119141 806.264923095703 679.663173675537 782.446678161621 653.34482383728 553.392112731934 674.959562063217 653.387496471405 720.140213012695 618.11678314209 517.766799926758 743.371086120605 609.408050537109 649.764447212219 722.15372467041 659.998868942261 638.076738357544 645.718894958496 583.487915039062 603.20645904541 473.705383300781 641.592571258545 837.058372497559 750.48445892334 704.845569610596 837.961288452148 820.99694442749 1018.26820206642 1210.73017883301 832.656299591064 750.43327331543 553.733505249023 662.45955657959 687.930778503418 649.92546081543 646.374206542969 688.545349121094 936.224090576172 1084.33480834961 1238.60279846191 1037.03910827637 708.618385314941 611.043510437012
672.207246780396 638.090456008911 803.488555908203 701.117382049561 704.744148254395 765.783630371094 741.19898223877 713.326385498047 690.978073120117 666.41782951355 720.039051055908 782.096946716309 592.741237640381 598.953536987305 588.840259552002 788.839004516602 516.847816467285 544.876129150391 575.114570617676 603.157032012939 531.641242980957 660.053901672363 761.112205505371 573.816986083984 665.709642410278 605.514141082764 623.706855773926 572.764457702637 724.032035827637 698.127458572388 724.349283218384 641.796424865723 847.197101593018 671.742446899414 783.848421096802 802.204113006592 579.686058044434 765.79610824585 622.581893920898 617.352828979492 641.292285919189 639.053040027618 670.664348602295 629.557777404785 746.662582397461 809.965930938721 1029.70993804932 1103.13288879395 906.050476074219 593.596801757812
740.949237823486 619.045001983643 661.702039718628 694.434143066406 652.25777053833 700.117485046387 651.835283279419 697.488960266113 519.207870483398 630.759616374969 701.071575164795 614.156215667725 693.172835350037 539.155471801758 713.015319824219 792.299499511719 622.431888580322 620.79821395874 780.502838134766 593.163543701172 564.557594299316 563.447257995605 554.327621459961 632.697338104248 651.211605668068 538.926139831543 605.597835540771 761.10090637207 552.157913208008 689.416698455811 728.806076049805 580.544151306152 827.361892700195 721.864555358887 712.276315689087 888.246200561523 623.688827514648 808.358947753906 773.465927124023 807.242037773132 789.247688293457 720.322397232056 638.81116104126 787.94899559021 834.340721130371 963.293167114258 910.748863220215 1057.36503601074 744.944091796875 601.02938079834
645.118682861328 660.355133056641 636.710990905762 576.971061706543 652.231871724129 671.155735015869 701.395179748535 593.381536483765 682.10107421875 527.440849304199 687.762641906738 696.909088134766 658.197871685028 495.181610107422 629.3840675354 697.042329788208 719.437488555908 704.075242996216 603.881195068359 646.432189941406 580.131401062012 617.276582717896 599.971172332764 567.360649108887 665.500537872314 647.526081085205 531.845222473145 654.400260925293 1173.46918487549 738.068222045898 658.999027252197 549.370445251465 657.385833740234 741.829978942871 667.803384780884 734.928157806396 630.520848274231 694.629566192627 727.103830337524 669.460998535156 705.894164085388 681.004337310791 661.97087097168 801.57103729248 759.514762878418 893.637229919434 963.619373321533 1085.75192523003 977.426514625549 1099.5866394043
