simdem/realisation24.asc
NCOLS 350 
NROWS 171 
XLLCORNER 152620 
YLLCORNER 418050 
CELLSIZE 100 
NODATA_value -9999 
[rows 0 to 21 of 171, columns 200 to 249 of 350]
-9999 -9999 -9999 -9999 -9999 -9999 -9999 -9999 -9999 -9999 -9999 -9999 -9999 -9999 -9999 -9999 -9999 -9999 -9999 -9999 -9999 -9999 -9999 -9999 -9999 -9999 -9999 -9999 -9999 -9999 -9999 -9999 -9999 -9999 -9999 -9999 -9999 -9999 -9999 -9999 -9999 -9999 -9999 -9999 -9999 -9999 -9999 -9999 -9999 -9999
-9999 -9999 -9999 -9999 -9999 -9999 -9999 -9999 -9999 -9999 -9999 -9999 -9999 -9999 -9999 -9999 -9999 -9999 -9999 -9999 -9999 -9999 -9999 -9999 -9999 -9999 -9999 -9999 -9999 -9999 -9999 -9999 -9999 -9999 -9999 -9999 -9999 -9999 -9999 -9999 -9999 -9999 -9999 -9999 -9999 -9999 -9999 -9999 -9999 -9999
-9999 -9999 -9999 -9999 -9999 -9999 -9999 -9999 -9999 -9999 -9999 -9999 -9999 -9999 -9999 -9999 -9999 -9999 -9999 -9999 -9999 -9999 -9999 -9999 -9999 -9999 -9999 -9999 -9999 -9999 -9999 -9999 -9999 -9999 -9999 -9999 -9999 -9999 -9999 -9999 -9999 -9999 -9999 -9999 -9999 -9999 -9999 -9999 -9999 -9999
-9999 -9999 -9999 -9999 -9999 -9999 -9999 -9999 -9999 -9999 -9999 -9999 -9999 -9999 -9999 -9999 -9999 -9999 -9999 -9999 -9999 -9999 -9999 -9999 -9999 -9999 -9999 -9999 -9999 -9999 -9999 -9999 -9999 -9999 -9999 -9999 -9999 -9999 -9999 -9999 -9999 -9999 -9999 -9999 -9999 -9999 -9999 -9999 -9999 -9999
-9999 -9999 -9999 -9999 -9999 -9999 -9999 -9999 -9999 -9999 -9999 -9999 -9999 -9999 -9999 -9999 -9999 -9999 -9999 -9999 -9999 -9999 -9999 -9999 -9999 -9999 -9999 -9999 -9999 -9999 -9999 -9999 -9999 -9999 -9999 -9999 -9999 -9999 -9999 -9999 -9999 -9999 -9999 -9999 -9999 -9999 -9999 -9999 -9999 -9999
394.434028625488 678.361381530762 635.436019897461 606.849456787109 861.054550170898 -9999 -9999 -9999 -9999 -9999 -9999 -9999 -9999 -9999 -9999 -9999 -9999 -9999 -9999 -9999 -9999 -9999 -9999 -9999 -9999 -9999 -9999 -9999 -9999 -9999 -9999 -9999 -9999 -9999 -9999 -9999 -9999 -9999 -9999 -9999 -9999 -9999 -9999 -9999 -9999 -9999 -9999 -9999 -9999 -9999
339.432189941406 394.979354858398 516.109771728516 422.571140289307 668.027517318726 644.313746452332 696.948425292969 864.287048339844 706.919662475586 527.369676589966 -9999 -9999 -9999 -9999 -9999 -9999 -9999 -9999 -9999 -9999 -9999 -9999 -9999 -9999 -9999 -9999 -9999 -9999 -9999 -9999 -9999 -9999 -9999 -9999 -9999 -9999 -9999 -9999 -9999 -9999 -9999 -9999 -9999 -9999 -9999 -9999 -9999 -9999 -9999 -9999
781.252029418945 422.026069641113 433.231567382812 488.686004638672 737.26587677002 656.705529212952 527.014278411865 396.404655456543 446.141528129578 381.170745849609 329.497032165527 474.148826599121 665.626182556152 708.595794677734 724.776542663574 798.217987060547 877.229614257812 800.771743774414 998.511638641357 936.236453056335 929.728768825531 893.337051391602 923.387634277344 819.748870849609 931.083074569702 1001.86625289917 1086.74195861816 1006.00466918945 977.898873329163 884.907890319824 904.39038848877 1028.80419158936 754.402499675751 752.926322937012 780.088340759277 717.428817749023 1040.82270812988 912.785125732422 814.722381591797 -9999 -9999 -9999 -9999 -9999 -9999 -9999 -9999 -9999 -9999 -9999
722.926574707031 890.568236351013 615.776412963867 732.336586952209 1051.01096343994 1019.36851453781 1167.99363708496 529.010917663574 437.172424316406 198.760314941406 242.590179443359 440.469291687012 444.55587387085 477.380359649658 449.256114959717 427.481689453125 439.953420639038 497.369209289551 782.859104156494 784.144496917725 699.160697937012 990.720443725586 788.384722709656 715.812362670898 846.483489990234 893.072631835938 968.093688964844 954.834075927734 819.943248748779 881.439604759216 853.104228973389 809.749074459076 635.086437225342 704.671566009521 576.292053222656 566.178100585938 1000.60571289062 1111.44964599609 949.736747741699 748.766586303711 878.35525894165 1187.00946855545 1318.46756839752 966.888708114624 714.782218933105 -9999 -9999 -9999 -9999 -9999
855.518005371094 890.20775604248 853.132900238037 773.488441467285 1037.83033561707 1116.21542358398 1212.15113067627 1170.51225280762 804.791511535645 705.294376373291 613.47200012207 768.764297485352 199.075927734375 375.672378540039 394.764450073242 364.893867492676 423.5774269104 535.007484436035 941.874221801758 912.340522766113 759.009269714355 904.432968139648 852.439842224121 773.375301361084 842.32405090332 836.677691459656 857.037872314453 842.95937538147 884.090751647949 890.683330535889 804.736354827881 891.089172363281 609.092727661133 802.187568664551 486.295959472656 602.85595703125 1047.5947227478 1177.16437160969 771.424987792969 657.962394714355 859.696105957031 954.614959716797 875.166729450226 992.827941894531 916.24781036377 1278.23235321045 953.749313354492 -9999 -9999 -9999
950.852005004883 668.856140136719 883.542938232422 1194.24675750732 1074.57831764221 1199.17947387695 1381.97975158691 1192.27460479736 936.621269226074 721.280420303345 722.624783039093 684.162322998047 403.033218383789 373.37776184082 422.986480712891 584.562309265137 771.770453453064 803.565160751343 888.161643981934 1054.18186950684 1021.87265014648 1098.93964767456 733.588897705078 676.470005989075 803.871475219727 773.808319091797 820.231314659119 837.560607910156 906.533874511719 942.32120513916 746.670135498047 751.555981636047 664.129660606384 627.773429870605 702.666635513306 593.023921966553 585.863403320312 963.445747375488 986.642105102539 699.798622131348 812.403305053711 768.073426961899 683.512641906738 810.931401230395 785.560218811035 1315.12478256226 947.673755645752 1352.8053817749 825.396743774414 -9999
988.056037902832 979.721563339233 917.153705120087 1067.53785324097 999.52947807312 1067.88947677612 1125.00391387939 1169.79580688477 1044.69580459595 911.158687591553 706.442543029785 753.986145019531 641.223260879517 517.80046081543 455.803993225098 529.052352905273 785.693929314613 889.863548278809 750.829467773438 859.262145996094 948.494668960571 1007.06830978394 802.867744445801 696.040723800659 723.956813812256 830.887138366699 719.634414672852 821.948169708252 863.922607421875 751.445899963379 769.740627288818 743.657705307007 568.243156433105 626.059421539307 631.044101715088 530.822998046875 653.69514465332 1019.25678253174 956.401254653931 1068.89190673828 716.221866607666 631.526863098145 739.665239334106 735.941223144531 695.145824432373 869.657157897949 946.769134521484 1339.9245223999 864.554671287537 756.884094238281
861.420507907867 836.048732757568 792.663543701172 831.474698066711 697.310979604721 928.673534393311 751.76940536499 708.484798431396 1066.19116973877 827.051733016968 691.891304016113 783.070594787598 752.876747131348 626.194171905518 792.083986282349 691.800811767578 1008.83711242676 987.486587524414 959.336357116699 988.842441558838 1142.40073394775 1162.82275485992 816.220363616943 712.399154663086 864.522943735123 863.172756195068 843.284805297852 849.350788116455 924.317108154297 871.955543518066 738.29736328125 788.188247680664 554.03271484375 705.188121795654 713.396797180176 713.600849211216 865.277389526367 1174.72082519531 1095.59986495972 1189.78982543945 734.849967956543 610.733997344971 671.399242401123 1066.67339324951 948.834470748901 889.881301879883 900.219596862793 856.387367248535 748.474939346313 694.429962158203
709.619831085205 594.849380493164 559.13883972168 630.358268737793 700.044900894165 720.2809715271 747.996730804443 897.996810913086 1094.35300445557 763.671516418457 799.129508018494 1063.39616394043 678.691352844238 882.112686157227 877.710277557373 1252.77238464355 898.990711212158 902.236183166504 1031.9176902771 1239.32246398926 892.611488342285 1286.39632034302 856.715160369873 700.204666137695 682.707214355469 719.007667541504 930.242279052734 894.930618286133 957.993131637573 840.671981811523 877.122013092041 823.288238525391 902.380756378174 882.955474853516 920.051723480225 1037.91676712036 1221.60777282715 1271.30137634277 1052.38104248047 1002.58304214478 665.86213684082 675.284996032715 607.157363891602 915.622440338135 873.052734375 983.695140600204 919.32689666748 771.084126472473 694.428100585938 1030.1989402771
579.224571228027 654.207805633545 646.644721984863 663.642859458923 748.758575439453 652.258087158203 664.743668556213 877.312347412109 758.150205612183 672.664970397949 936.126010894775 1034.0585899353 1349.79801559448 728.038902282715 764.897449493408 744.117565155029 757.230093002319 867.552764892578 842.101268768311 1318.36322689056 708.350910186768 634.351593017578 718.922452926636 1080.03578948975 639.44359588623 696.12474822998 747.66675567627 765.066879272461 758.913124084473 769.765625 955.877464294434 776.036880493164 733.424011230469 870.094423770905 888.099662303925 856.772338867188 1083.06642913818 991.525260925293 857.299240112305 942.195691585541 1002.85509490967 979.277667999268 1064.55825614929 1012.32131958008 951.649425029755 950.975914001465 1037.85642623901 1021.64172363281 751.970756530762 1002.77780151367
520.370315551758 643.024101257324 700.294630050659 816.136688232422 888.455589294434 643.500461578369 794.596778869629 845.329978942871 617.853935241699 691.076519489288 768.80850982666 527.196853637695 758.600280761719 816.252530097961 791.912540435791 844.360553741455 680.02840423584 786.308280944824 794.045715332031 805.119609832764 549.018646240234 564.872283935547 664.493560791016 720.73904800415 591.104965209961 745.399139404297 907.374410629272 899.910444259644 816.062561035156 833.7965259552 752.363914489746 881.509742736816 713.240837097168 903.533409118652 867.847072601318 881.893539428711 938.285166740417 1007.79521942139 894.77011013031 974.964389801025 943.842283248901 976.282192230225 898.859714508057 971.874061584473 1041.52119064331 997.861747741699 1024.18234634399 1020.94665145874 883.212711334229 738.171600341797
574.862869262695 631.684295654297 711.319030761719 861.918029785156 893.508766174316 667.736198425293 624.861885070801 776.083017349243 672.011234283447 676.261333465576 895.986709594727 1111.53755187988 720.842288970947 695.439041137695 684.808380126953 730.436424255371 721.396284103394 681.524444580078 623.906219482422 694.309986114502 788.757308959961 680.802963256836 763.163346290588 601.591644287109 612.061363220215 526.405426025391 692.711578369141 1216.16355133057 921.193267822266 833.064567565918 915.871849060059 825.192520141602 822.649345397949 828.287389755249 757.290832519531 773.612930297852 905.213104248047 840.760547637939 801.054832458496 826.780517578125 911.905318140984 948.46388053894 935.655549049377 874.396270751953 891.206909179688 1111.65402984619 1091.00833511353 1106.61742019653 1073.9900970459 1018.52171325684
304.150787353516 480.955108642578 1262.237449646 759.277179718018 829.515380859375 785.885995864868 803.439033508301 689.898593902588 784.810035705566 840.842559814453 777.237586975098 783.192687988281 798.195793151855 816.048156738281 723.125534057617 815.411079406738 803.608127593994 888.631195068359 630.413780212402 720.598064422607 828.776695251465 792.675672531128 701.649482727051 632.000099182129 674.587410628796 641.648071289062 638.640811920166 728.697638511658 784.269069671631 799.424692153931 916.601715087891 912.7728266716 659.625610351562 1272.57594299316 522.896118164062 645.697372436523 568.148040771484 728.018821716309 716.651824951172 760.096015930176 613.209671020508 756.701259613037 777.015480041504 733.49201965332 731.233406066895 904.288887023926 908.913932800293 1077.8189239502 1004.85880279541 1086.7347869873
947.753646850586 557.636825561523 1375.52202987671 1293.08046722412 711.939942836761 674.940872192383 834.185890197754 769.677131652832 1140.33927154541 668.332534790039 730.657014846802 705.842712402344 823.772720336914 829.45849609375 620.453552246094 789.516005277634 880.813629150391 873.898895263672 812.435684204102 781.70386505127 914.11067199707 875.491138458252 732.021995544434 666.139492034912 778.386291503906 653.438331604004 662.286827087402 774.626865386963 622.564590454102 706.178779602051 729.119686126709 745.112998962402 767.764934539795 753.446624755859 715.480010986328 1102.70092773438 492.096633911133 673.490081787109 748.250190734863 698.302917480469 781.039024353027 849.979496002197 962.577758789062 742.919975280762 835.844257354736 884.772148132324 951.067264556885 771.538833618164 850.290161132812 1091.87759780884
790.214508056641 750.261166572571 884.429908752441 817.820545196533 1105.03899765015 1320.09485626221 834.5283203125 548.847045898438 588.623687744141 684.325052261353 753.573268890381 777.673530578613 711.939886569977 586.51399230957 703.93558883667 769.280206680298 896.556991577148 1010.55001831055 867.991455078125 925.845825195312 863.301971435547 651.231694221497 580.454246520996 690.830331802368 844.950424194336 689.086982727051 567.128021240234 752.137456893921 757.825344085693 649.303703308105 661.176856994629 817.104351043701 802.903816223145 803.913185119629 808.406929016113 608.851409912109 625.276565551758 1081.52445983887 620.827781677246 736.853134155273 702.607925415039 823.428615570068 704.233657836914 977.420272827148 766.624780654907 966.317535400391 1061.59417724609 816.675222396851 823.958847045898 1064.92556762695
619.821174621582 672.558073043823 622.109596252441 644.665733337402 631.517295837402 721.543849945068 621.012504577637 657.016628265381 717.521339416504 781.980667114258 702.65051651001 824.004150390625 656.234346389771 749.632884979248 708.398741722107 844.209808349609 808.628700256348 840.917144775391 772.495376586914 802.710189819336 725.814737319946 603.999755859375 734.819904327393 770.208465576172 655.894426345825 688.295063018799 563.626678466797 531.24006652832 662.238353729248 791.392799377441 645.013778686523 761.847272872925 715.445749282837 812.637615203857 720.474864959717 779.066880226135 714.638660430908 641.49097442627 727.968635559082 1073.82067108154 1209.03764343262 730.091396331787 794.374794006348 754.349990844727 813.21134853363 904.824485778809 982.069671630859 1025.42170190811 1146.78709793091 929.565902709961
731.777408599854 769.66072845459 748.572601318359 763.694221496582 667.994764328003 674.195833206177 642.548385620117 619.438888549805 723.333320617676 703.651163101196 725.014270782471 766.604339599609 752.56494140625 726.00817489624 697.501028060913 633.252059936523 756.994026184082 902.462127685547 735.741565704346 712.535495758057 660.65153503418 690.71496796608 689.932942390442 669.57022190094 516.529891967773 592.146881103516 702.757452011108 715.142507553101 774.535957336426 919.863464355469 699.507148742676 766.622511863708 826.085006713867 630.632766723633 672.918151855469 778.199098587036 694.921615600586 593.831954956055 811.401916503906 808.665571212769 852.74169921875 890.625823974609 814.887413024902 829.677038192749 737.668440461159 703.868999481201 928.563507080078 934.742252349854 902.75065612793 920.472965240479
