simdem/realisation59.asc
NCOLS 350 
NROWS 171 
XLLCORNER 152620 
YLLCORNER 418050 
CELLSIZE 100 
NODATA_value -9999 
[rows 132 to 153 of 171, columns 300 to 349 of 350]
834.482208251953 896.278348922729 1686.31433868408 1044.22451019287 923.504351139069 1052.92538452148 1626.45980834961 1594.87017822266 1242.91708374023 1252.1195268631 1284.17707061768 1410.50439453125 1124.55564880371 1251.84097290039 1313.1273727417 914.096954345703 1104.71481323242 1089.98291015625 1132.53045654297 1066.95921325684 837.141268253326 778.586288452148 824.71280670166 749.967651367188 867.651947021484 974.760406494141 852.506135940552 871.16667842865 907.765968322754 835.139846801758 869.063627243042 935.305347442627 1000.68978118896 1136.78942871094 -9999 -9999 -9999 -9999 -9999 -9999 -9999 -9999 -9999 -9999 -9999 -9999 -9999 -9999 -9999 -9999
650.460876464844 970.946586608887 898.149966239929 1201.36266326904 1079.85509490967 1143.06120300293 1638.02386474609 2039.16122436523 1343.4485168457 1208.23844909668 1207.58612060547 1334.91289520264 1119.68843460083 1186.76519012451 1565.19296264648 1806.59446334839 1746.83966064453 2341.06161499023 2150.41387939453 1478.14375305176 1500.03736114502 871.712433815002 872.891580581665 864.170145988464 950.73314666748 933.174766540527 838.387214660645 942.396375656128 853.637065887451 1028.98375701904 870.359794616699 954.181274414062 860.456897735596 1019.90456390381 -9999 -9999 -9999 -9999 -9999 -9999 -9999 -9999 -9999 -9999 -9999 -9999 -9999 -9999 -9999 -9999
833.73149394989 753.340984344482 818.693653106689 1080.78701782227 1170.09466552734 1034.01842498779 1419.83026123047 1553.26196289062 1411.42199707031 1262.80987548828 1351.68696594238 1309.35762023926 1323.73661804199 1196.15023040771 1439.92121887207 1470.71040344238 1264.3342590332 1410.5272064209 1150.41732788086 1107.89080810547 1235.19496154785 1194.15223312378 810.756301879883 911.184309005737 946.413749694824 922.017875671387 942.236458301544 917.10912322998 990.109691619873 914.514110684395 884.011659622192 891.651073455811 992.154201507568 966.152278900146 883.405004739761 -9999 -9999 -9999 -9999 -9999 -9999 -9999 -9999 -9999 -9999 -9999 -9999 -9999 -9999 -9999
768.444589614868 890.39811706543 1227.99171447754 1368.72651672363 1103.6647644043 1104.01667785645 1069.1026763916 1614.39929199219 1677.37280273438 1494.6296081543 1278.71104431152 1529.65800476074 1196.60182952881 1077.715944767 1307.00798511505 1821.33449745178 1281.32776832581 1156.5710144043 1023.57540130615 973.865726470947 983.410083770752 1075.33954620361 1197.79779434204 1091.57692718506 909.589702606201 858.883455276489 817.872756958008 939.253402709961 850.419624328613 890.968669891357 987.761596679688 887.059505462646 1210.03242492676 756.700801849365 948.02546787262 711.465316772461 -9999 -9999 -9999 -9999 -9999 -9999 -9999 -9999 -9999 -9999 -9999 -9999 -9999 -9999
808.988121032715 890.139980316162 965.812591552734 1052.51942443848 1202.60565185547 1408.49142456055 1194.72679138184 1086.14295959473 1176.85710144043 1330.40490722656 1130.30763244629 1060.28855895996 1250.47275543213 1536.39356231689 1151.57913780212 1119.16994094849 1006.15653944016 1132.57263946533 1053.36079406738 960.13413476944 965.04642868042 940.062835693359 1062.4041595459 1225.93329620361 1074.35191345215 853.752395629883 856.884611129761 844.515116691589 868.891523182392 763.330955505371 985.318546295166 1536.51170349121 954.022666931152 827.178350448608 790.827827453613 857.015518188477 -9999 -9999 -9999 -9999 -9999 -9999 -9999 -9999 -9999 -9999 -9999 -9999 -9999 -9999
984.068054199219 1040.00109100342 1028.8645324707 938.211086273193 920.997520446777 1439.15396118164 1279.38082885742 1161.60958862305 980.326412200928 1171.87176513672 994.381939888 1005.02762413025 1293.4245223999 1379.20847702026 1227.97449493408 1021.41546630859 1139.93505096436 1112.45524597168 1011.24324798584 957.590663909912 1069.35855102539 949.833221435547 1074.3589553833 977.48770904541 894.708618164062 926.771667480469 1616.9878692627 778.959251403809 771.540954589844 909.798307418823 1328.05511665344 1100.03630828857 1009.65118408203 859.815492630005 800.289257049561 716.048736572266 829.675468444824 -9999 -9999 -9999 -9999 -9999 -9999 -9999 -9999 -9999 -9999 -9999 -9999 -9999
847.227886199951 995.272407531738 962.329120635986 795.111434936523 819.856241226196 1003.74697494507 1262.12906646729 935.310176849365 954.880035400391 1198.44292449951 1050.96649551392 901.990669250488 1175.01393890381 1605.74072647095 1450.5837097168 1363.00999450684 1054.27359580994 988.750977039337 1067.93766021729 986.143181800842 1103.15472412109 980.599716186523 957.64497756958 1027.80841171741 983.122073173523 792.023880004883 746.722686767578 1053.96244812012 1130.51825237274 1308.21935272217 1075.90999794006 1062.79721832275 864.015209197998 881.145025253296 768.896087646484 827.673862457275 806.004734039307 -9999 -9999 -9999 -9999 -9999 -9999 -9999 -9999 -9999 -9999 -9999 -9999 -9999
621.408065795898 711.743621826172 862.78279876709 861.148063659668 780.879920959473 1191.02500152588 1088.23767566681 1013.56271934509 1063.26048278809 1126.5054473877 1122.34693908691 1016.49403381348 1010.06748390198 1223.13905334473 1696.13179016113 1642.27314758301 994.351043701172 1217.15110778809 1136.11413574219 930.809524536133 981.901084899902 971.018264770508 936.586563110352 1040.30758666992 870.620246887207 899.103302001953 884.309638977051 859.583717346191 1034.82146644592 1287.94590759277 1020.95506858826 925.318389892578 969.98731559515 812.165283203125 723.957366943359 900.003648757935 840.514724731445 734.044311523438 -9999 -9999 -9999 -9999 -9999 -9999 -9999 -9999 -9999 -9999 -9999 -9999
811.466033935547 822.592124938965 874.154426574707 793.406937599182 836.227867126465 1078.68576049805 919.293537139893 967.025938034058 1158.74871826172 1215.14256286621 1209.5717010498 1210.96000671387 1037.00201797485 1065.31524658203 1362.9295425415 1680.81141662598 1206.5036315918 1036.84378433228 1078.1682434082 1029.38143539429 1076.6362657547 894.637317657471 988.442539215088 936.777275085449 845.744155883789 936.904504776001 982.916159629822 963.795156478882 990.504821777344 1070.68223190308 1345.23441839218 968.969085693359 1088.04048919678 979.190139770508 833.504356384277 906.721761703491 905.621231079102 929.276504516602 -9999 -9999 -9999 -9999 -9999 -9999 -9999 -9999 -9999 -9999 -9999 -9999
697.638282775879 800.070341110229 921.354789733887 749.868667602539 793.590408325195 809.43994140625 824.318923950195 697.601928710938 1044.3643951416 889.016663551331 1033.88137817383 1180.00319671631 1105.15966796875 1040.78420257568 1255.17057800293 1649.9715423584 1051.26493835449 1087.6659526825 1285.74404907227 1050.61924123764 1122.17007446289 849.198387145996 1082.50465393066 928.665830612183 934.941180229187 937.169582366943 878.333240509033 937.228355407715 854.612133026123 969.710098266602 1205.48054122925 965.94815826416 934.476585388184 1025.25688171387 915.352213859558 827.261833190918 904.008083343506 993.3994140625 912.079460144043 -9999 -9999 -9999 -9999 -9999 -9999 -9999 -9999 -9999 -9999 -9999
805.260427474976 767.720165252686 726.093421936035 874.688986778259 947.04606628418 1002.55641937256 1008.36247253418 923.359588623047 1058.15245056152 1130.5951385498 959.952796936035 1230.1602935791 1159.80612182617 1050.18803787231 1424.19730377197 1183.34455108643 1062.88978385925 1033.12459182739 970.507148742676 1185.19756698608 1320.14648246765 1099.85289478302 1404.59214782715 915.677474975586 854.056221008301 1156.41192626953 821.542327880859 834.519104003906 916.212921142578 908.758079528809 1177.28416061401 1178.26156365871 822.193542480469 1153.14483642578 1041.82328414917 890.775779724121 899.028064727783 875.69905090332 780.079452514648 -9999 -9999 -9999 -9999 -9999 -9999 -9999 -9999 -9999 -9999 -9999
766.420886993408 714.22534942627 673.841003417969 657.830986022949 832.173698425293 881.825033187866 1018.5832824707 931.799583435059 946.686920166016 862.105979919434 856.66908454895 1014.16536712646 1022.0648765564 997.953624725342 1143.11781311035 1417.12547302246 1094.32819366455 1072.79697036743 1114.98516845703 1172.81924438477 1145.03839111328 1082.08504486084 1200.10369873047 1232.39098739624 1028.41149902344 973.758544921875 990.91983795166 840.379608154297 993.328178405762 1059.21684646606 1064.79217147827 1015.78540039062 831.816650390625 695.319625854492 1016.37517547607 1016.37852859497 856.32755279541 928.327033996582 906.388282775879 -9999 -9999 -9999 -9999 -9999 -9999 -9999 -9999 -9999 -9999 -9999
754.688854217529 687.589831352234 807.643608093262 694.73542881012 765.967060089111 671.220405578613 820.191596984863 763.317760467529 716.918334960938 895.28987121582 762.94833946228 622.680305480957 733.91291809082 895.457450866699 1091.35414505005 1127.0006942749 1430.46800231934 954.692710876465 1029.28443050385 1104.82801055908 1036.07537841797 1046.74382019043 1076.55020141602 1318.84146499634 1185.74536132812 1104.38356399536 1531.98385238647 1103.43175506592 1140.40303039551 891.440567016602 1008.16339111328 953.367713928223 806.194686889648 712.388870239258 975.068172454834 976.941101193428 878.251327514648 991.023541927338 819.65795135498 872.270702362061 -9999 -9999 -9999 -9999 -9999 -9999 -9999 -9999 -9999 -9999
718.391851425171 777.290008544922 816.307495117188 647.325103759766 613.78141784668 850.02318572998 771.877022266388 755.595246553421 734.705284118652 747.365219116211 761.28120803833 666.587997436523 708.437217712402 882.221199035645 1010.9392182827 943.777605056763 1006.63837432861 999.630867004395 1584.69417762756 972.379081726074 1012.08942604065 968.545428752899 1051.42282295227 1041.39706802368 1464.19005870819 1546.83876800537 1052.3073425293 1185.61562919617 881.243453979492 905.976356506348 1166.04614448547 827.533309936523 775.657814025879 835.460258483887 862.173126220703 825.959503173828 987.849834442139 873.864181518555 983.573860168457 949.789222717285 -9999 -9999 -9999 -9999 -9999 -9999 -9999 -9999 -9999 -9999
796.181735038757 677.864974975586 618.926544189453 645.410095214844 623.561111450195 702.507102966309 938.231002807617 764.316558837891 896.40202331543 707.365570068359 728.717346191406 711.70491027832 643.554641723633 732.806137084961 1024.19659423828 1030.39348602295 1035.49168395996 908.487079620361 938.330009460449 1030.70763778687 980.170372009277 1036.74871253967 1026.29876327515 1089.05532073975 918.072196960449 1220.79891204834 1087.53552246094 878.145347595215 923.264419555664 977.968509674072 975.71789932251 1004.74801635742 781.972412109375 1016.30465698242 906.920135498047 919.654425621033 913.596466064453 817.472702026367 800.2216796875 874.361087799072 -9999 -9999 -9999 -9999 -9999 -9999 -9999 -9999 -9999 -9999
774.282922744751 667.801986694336 602.748336791992 578.546966552734 730.399082183838 679.719329833984 689.584930419922 817.891716003418 763.794050216675 817.108810424805 729.046798706055 749.674583435059 741.763977050781 802.343990325928 789.187366485596 907.843360900879 935.874689102173 902.300037384033 1024.11609137058 1081.13556289673 996.726601719856 1000.18196105957 933.680999755859 1127.48239374161 916.910232543945 1071.84061050415 905.350997924805 1160.49817657471 947.582069396973 924.998184204102 863.116287231445 856.135131835938 886.665658950806 910.242107391357 816.65690612793 994.793968200684 948.387565612793 806.854934692383 830.458221435547 892.584043502808 892.678408622742 -9999 -9999 -9999 -9999 -9999 -9999 -9999 -9999 -9999
768.49905872345 706.293876647949 629.522171020508 742.503846168518 813.771644592285 766.078559875488 808.742971420288 814.470155715942 851.2490234375 765.462131500244 716.68115234375 918.107978820801 1070.57002258301 871.409824371338 835.410522460938 823.096293449402 886.166149139404 862.393949508667 950.782707214355 972.224287033081 963.308723449707 1077.01408159733 1085.88521575928 973.024780273438 1014.14743041992 1054.79540705681 1035.8766002655 846.953399658203 765.220367431641 702.010726928711 765.873748779297 809.214920043945 912.492363929749 907.779942512512 1047.10594177246 1025.64256286621 1043.29315567017 831.205429077148 864.976188659668 942.163707733154 995.535850524902 -9999 -9999 -9999 -9999 -9999 -9999 -9999 -9999 -9999
668.764854431152 606.166748046875 766.285467147827 676.909149169922 838.86491394043 731.080129623413 653.942642211914 755.715881347656 863.109647750854 817.409236907959 734.459663391113 782.096038818359 836.603790283203 1083.44821166992 841.757393360138 813.953896760941 796.473762512207 875.232580184937 920.210250854492 921.517593383789 966.815879821777 1046.39976501465 1062.39698028564 986.45085144043 876.713088989258 920.498664855957 970.034645080566 1025.07878112793 788.782203674316 924.60059940815 902.074918746948 803.116676330566 913.68726348877 978.608390808105 1059.34830474854 1119.34460449219 1010.45345306396 864.556716918945 858.670570373535 831.144989013672 1043.45388031006 845.097747802734 -9999 -9999 -9999 -9999 -9999 -9999 -9999 -9999
737.453983306885 749.213794708252 717.214576721191 769.531694412231 785.021589279175 656.72550201416 707.372711181641 800.755012512207 792.84740447998 832.041959762573 900.99178314209 868.631774902344 717.635131835938 825.439903259277 873.185108184814 946.193054199219 900.941017150879 788.80823135376 853.197750091553 801.030410766602 886.023552536964 913.860719919205 865.470344543457 912.002853393555 915.369010925293 884.678176879883 972.34741973877 930.372291564941 819.784027099609 836.512512207031 788.794128417969 843.490886688232 941.849116325378 807.92603302002 1004.93581390381 995.192733764648 921.849239349365 1042.88576507568 961.712753295898 1057.05716705322 974.400408685207 957.9576587677 -9999 -9999 -9999 -9999 -9999 -9999 -9999 -9999
790.461373329163 715.22505569458 796.617609024048 696.887580871582 798.633674621582 764.056290626526 829.044364929199 858.577747344971 757.150215148926 832.513131856918 931.068567752838 846.82137298584 802.613594055176 827.819229125977 942.726119995117 837.862648010254 796.948440551758 842.323699951172 871.203491210938 818.498893737793 730.265014648438 811.121566772461 871.276592254639 795.972106933594 864.300731658936 919.618179321289 810.100456237793 939.774629592896 908.174903869629 922.328948974609 966.980506896973 862.976615905762 913.691604614258 910.313261032104 1285.656504035 1010.00199890137 937.410627365112 1038.66124725342 1070.81764221191 1071.42697906494 949.54105424881 1055.80825042725 1008.27697372437 -9999 -9999 -9999 -9999 -9999 -9999 -9999
753.859004974365 849.449935913086 804.793464660645 768.95877456665 766.358057022095 725.957214355469 749.985237121582 755.389330387115 778.93278503418 731.390159606934 816.040489196777 902.630920410156 1048.53477096558 821.367614746094 1007.04873657227 1037.7705552578 996.565689086914 1012.86201095581 952.459314346313 858.728134155273 867.183624267578 693.793067932129 799.426544189453 948.918952941895 796.089332580566 884.312131881714 884.856382369995 895.45276260376 898.483557224274 908.785797119141 790.050628662109 849.026214599609 735.863861083984 762.401260375977 1166.91521453857 844.07763671875 991.636247634888 1189.1876373291 1001.69199848175 1017.11469745636 1164.04382324219 952.765533447266 1065.83815002441 -9999 -9999 -9999 -9999 -9999 -9999 -9999
830.025038719177 836.68399810791 649.108558654785 780.581461906433 782.622510910034 784.772412195802 805.138540267944 706.535636901855 697.492454528809 768.35214805603 786.21556854248 760.08757019043 901.258743286133 974.126541137695 887.178123474121 847.810209274292 995.525184631348 979.622415542603 979.232307434082 1018.71486663818 812.364791870117 881.965438842773 953.699427604675 901.079905986786 894.288165092468 847.975128173828 817.425651550293 885.200129032135 794.790283203125 898.993377685547 868.265914916992 913.229949951172 827.254257202148 684.711883544922 1112.80316162109 923.904777526855 772.789688110352 1015.4684253931 937.017715454102 918.440040588379 996.819091796875 1033.72111070156 1148.46340942383 1084.95230102539 -9999 -9999 -9999 -9999 -9999 -9999
