simdem/realisation10.asc
NCOLS 350 
NROWS 171 
XLLCORNER 152620 
YLLCORNER 418050 
CELLSIZE 100 
NODATA_value -9999 
[rows 44 to 65 of 171, columns 250 to 299 of 350]
559.301696777344 771.41841506958 756.441421508789 793.389053344727 732.115480422974 661.853515625 646.630065917969 643.933151245117 735.525953292847 704.378635406494 756.919625520706 744.813410758972 751.27974319458 759.419106006622 611.570541381836 695.860134124756 800.441188812256 779.724126815796 738.411693572998 823.712167739868 725.272470474243 784.344190597534 903.994750976562 730.583354949951 812.710338592529 743.574356079102 851.659881591797 891.082310676575 873.117025375366 621.587554931641 870.397875785828 766.769416809082 845.54292678833 755.091423034668 858.528797149658 817.68440246582 705.793891906738 987.194114685059 998.475051879883 942.278657913208 768.771221160889 809.113485336304 794.194118499756 936.339767456055 814.210269927979 783.349647521973 760.244506835938 776.964855194092 861.439319610596 947.65161895752
575.971969604492 764.753303527832 523.796234130859 630.19652557373 750.533000946045 733.640361785889 770.658275604248 707.170579910278 709.648014068604 733.677767753601 810.22087097168 687.028099060059 695.041799545288 657.861129760742 606.198196411133 739.266712188721 712.687068939209 775.388090133667 831.454315185547 844.260234832764 818.672470092773 704.658367156982 728.997362136841 740.221988677979 931.903900146484 776.744388580322 833.725825309753 808.802234649658 858.553798675537 984.676454544067 856.175804138184 866.274809837341 849.246017456055 672.913299560547 731.46573638916 830.430137395859 974.469457626343 673.622299194336 1334.37928771973 975.359348297119 886.432201385498 1071.74240493774 812.832067489624 883.801505088806 819.219020843506 844.250417470932 858.955230712891 770.628540039062 817.930404663086 871.277292251587
648.009902954102 598.372596740723 579.085792541504 693.825517654419 665.787483215332 635.406688690186 793.23218536377 747.609413146973 604.480529785156 583.412994384766 818.557800292969 673.726058959961 770.343779563904 665.447132110596 698.538063049316 717.621536254883 696.882057189941 760.37393951416 780.201332092285 765.715919494629 771.452116012573 716.562244415283 800.670783996582 744.583653450012 777.377067565918 1304.962890625 661.78791809082 1021.01168823242 1322.87846374512 695.791893005371 798.336273193359 838.830020904541 814.834396362305 782.576240539551 1275.82258605957 1606.68933105469 1283.74412536621 834.900695800781 1306.1527671814 1304.44709777832 854.743701934814 913.635513305664 1086.99732208252 863.329689025879 968.972473144531 1026.28677368164 1405.04166412354 824.440647125244 838.854354858398 934.241652488708
719.906244754791 705.798731803894 745.901159286499 634.414813995361 597.356605529785 716.199146270752 795.4833984375 650.001991271973 652.726333618164 585.249053955078 767.066314697266 815.80061340332 708.637401580811 588.508087158203 690.781814575195 616.994049072266 730.035972595215 791.069885253906 820.578746795654 762.933003425598 817.149978637695 766.5794506073 818.561248779297 809.635902404785 629.622177124023 913.362640380859 625.954925537109 1026.10778808594 906.166831970215 1196.94807434082 797.285110473633 857.813697814941 822.765190124512 1160.38041114807 872.853973388672 1106.0150038423 1325.17808151245 783.638114929199 1131.45275878906 1085.56875991821 884.16658782959 844.299865722656 1373.02140426636 1114.97088623047 906.654075622559 825.438003540039 840.289478302002 936.996837615967 822.50089263916 949.727104187012
669.563949584961 694.182571411133 681.198980331421 692.773831114173 795.097808837891 760.17280960083 718.291196465492 647.775604248047 655.649597167969 674.933670043945 789.457618713379 724.985005378723 761.793089389801 639.15128326416 780.643859863281 817.048110961914 791.039131164551 884.076034545898 888.407470703125 799.641374588013 814.202903747559 791.677291870117 815.655296325684 880.93253326416 757.668420791626 684.274360656738 597.662399291992 817.02367401123 774.720378875732 979.106353759766 1174.46429443359 649.622207641602 775.612777709961 832.082931518555 814.804214477539 754.235336303711 1084.51622009277 776.448101043701 1652.58945465088 1213.37338256836 907.861686706543 886.353149414062 1158.21096038818 924.419761657715 812.267545700073 976.62028503418 787.414596557617 1937.92436504364 709.099166870117 831.546779870987
681.464511871338 801.827781677246 640.385501861572 830.797546386719 850.621520996094 966.177047729492 740.452243804932 824.637641906738 707.485770225525 695.59423828125 799.503044128418 905.358505249023 884.653106689453 728.804751634598 752.722923278809 603.345993041992 634.747406005859 853.948303222656 673.346340179443 672.744606018066 802.877807617188 819.396148681641 748.410575866699 841.24382019043 965.355270385742 1129.82844924927 801.021263122559 732.641021728516 660.099243164062 738.469985961914 813.468231201172 819.758689880371 924.114025115967 709.34147644043 1317.12899017334 716.936683654785 750.504676818848 872.765663146973 942.671526432037 833.712783813477 936.80281829834 1109.91102600098 1174.44264221191 1015.72450256348 792.174757003784 797.71257019043 956.204137802124 838.438800811768 803.002090454102 809.527039527893
616.880790710449 543.547744750977 535.040573120117 628.307014465332 651.237331390381 743.527935028076 647.283233642578 823.644393920898 632.791236877441 627.488868713379 736.205785751343 847.560638427734 798.969367980957 704.288864135742 774.788021087646 665.025619506836 569.211227416992 636.930252075195 780.793556213379 722.657923698425 821.183486938477 797.356384277344 832.630081176758 797.150085449219 821.784854888916 720.570663452148 859.140121459961 979.614944458008 620.74169921875 759.760948181152 961.426803588867 871.654510498047 679.352874755859 506.893676757812 663.281188964844 670.821975708008 818.140510559082 1299.71104431152 995.474788665771 998.326951980591 1169.13966178894 1006.29740905762 776.616329193115 808.173736572266 914.819537162781 877.612651824951 861.830017089844 1063.05308532715 917.446105957031 774.697952270508
533.214767456055 613.578231811523 563.985321044922 660.08016204834 792.576278686523 755.256763458252 649.250967025757 666.765625 598.187339782715 739.473072052002 741.576602935791 771.724159240723 717.372875213623 765.907661437988 724.042427301407 652.053283691406 693.439554214478 680.960723876953 824.56356048584 848.170486450195 853.959373474121 738.165397644043 850.243995666504 801.67614364624 848.833503723145 954.533966064453 851.885894775391 843.582399845123 694.387260437012 741.208610534668 972.36784362793 930.873504638672 788.62890625 1094.23678588867 933.465942382812 609.891815185547 798.498043060303 823.561012268066 863.321208953857 853.375625610352 870.390647888184 683.576095581055 648.320541381836 793.848449707031 857.273445129395 773.60107421875 919.53768157959 659.846328735352 704.937561035156 817.436183929443
900.730453491211 674.970539093018 727.362854003906 495.783218383789 661.355213165283 734.314628601074 789.913909912109 812.957145690918 726.005764007568 804.182739257812 670.162246704102 784.243629455566 710.055623054504 757.659961700439 670.2437915802 612.709968566895 690.270606994629 700.045177459717 718.203568458557 803.319557189941 779.046950817108 670.364822387695 723.889335632324 689.374450683594 715.256828308105 918.544462203979 929.740291595459 699.635688781738 672.488891601562 831.533810019493 663.363838195801 650.091644287109 827.60710144043 1160.65669250488 636.623931884766 685.665954589844 1054.99546051025 807.255502700806 916.905342102051 963.011870384216 671.702743530273 577.468872070312 612.366027832031 742.230041503906 749.713390350342 780.59171295166 1230.14684677124 826.403938293457 806.20235824585 717.673889160156
606.458564758301 989.744781494141 888.043209075928 802.836074829102 778.667030334473 661.546028137207 724.487558364868 739.358112335205 782.427185058594 785.026123046875 1134.42607879639 656.589530944824 611.918106079102 778.422351837158 936.421783447266 1166.43558502197 731.189788818359 745.419714927673 652.01683807373 1840.67734527588 851.688415527344 392.038543701172 623.282196044922 1218.46159362793 701.183700561523 797.894020080566 915.496459960938 862.056167602539 672.600875854492 791.894922316074 779.419257879257 915.92919921875 752.86637878418 827.765777587891 678.326766967773 1074.3466796875 902.656036376953 769.088165283203 705.009643554688 801.256242752075 1199.40498352051 731.854667663574 758.000225067139 654.375595092773 737.935070037842 887.083053588867 695.049644470215 748.355361938477 799.684181213379 949.607948303223
697.990468978882 844.425277709961 766.819618225098 740.085289001465 795.287357330322 809.55277633667 744.122318267822 608.826343536377 749.0539727211 886.174057006836 730.560508728027 1413.20052337646 752.531112670898 1092.47601318359 887.194961547852 1705.20386886597 596.460220336914 735.550323486328 958.346748352051 693.880672454834 529.576110839844 267.663665771484 609.654739379883 854.570129394531 782.273893356323 796.738101959229 905.910209655762 896.863700866699 892.268537521362 836.318923950195 704.13109588623 613.319854736328 1022.89880371094 765.332389831543 786.397415161133 841.068222045898 1185.01731872559 768.388229370117 866.012895584106 871.814030647278 884.852485656738 816.299125671387 548.175094604492 834.128524780273 837.759649753571 1004.10952758789 909.324981689453 892.161987304688 824.312255859375 791.093729019165
697.573791503906 776.951171875 798.808540344238 739.45023727417 746.012111663818 747.670318603516 568.914138793945 1147.66130065918 721.003356933594 734.16845703125 731.705373764038 742.613059043884 670.017749786377 669.835662841797 636.881332397461 1476.1321182251 472.260528564453 1166.25592041016 773.686866760254 710.373718261719 1294.8528137207 976.824462890625 1580.29153442383 819.707015991211 1172.26468276978 1338.34691333771 763.873912811279 816.33349609375 783.949857711792 802.268119335175 864.374382019043 708.526290893555 786.766958236694 733.611785888672 1016.22825622559 689.599746704102 982.002944946289 1001.27359008789 820.970655441284 1123.126953125 1439.89807128906 831.791366577148 1408.13046264648 737.470703125 752.44059753418 740.425066947937 723.592399597168 732.50959777832 724.381820678711 680.355621337891
781.338882446289 738.32755279541 667.571937561035 767.790580749512 859.114105224609 647.300506591797 601.331642150879 491.849884033203 685.270020484924 755.432121276855 667.16001701355 787.877067565918 756.92200088501 698.349174499512 549.46240234375 657.06169128418 695.825988769531 676.90803527832 586.286254882812 765.275930404663 695.044418334961 506.123626708984 1657.42935180664 1797.76176452637 823.149276733398 851.190921783447 750.415962219238 875.231704711914 645.059799194336 734.47981262207 725.661727905273 821.201469421387 775.157653808594 906.064716339111 724.401588439941 696.036743164062 588.372016906738 913.375701904297 994.733947753906 1269.05268287659 805.379402637482 830.916603088379 570.170608520508 659.651473999023 823.021476268768 865.743103027344 875.409927368164 629.324768066406 516.626922607422 544.696105957031
788.374252319336 754.00666809082 742.865753173828 734.006237030029 774.35173034668 660.026386260986 594.70629119873 570.777183532715 769.672988891602 748.338340759277 697.195383071899 795.512596130371 669.67796421051 597.971832275391 663.220489501953 546.113494873047 683.709197998047 639.18701171875 739.107231140137 564.917007446289 712.484851837158 592.721038818359 1046.90368652344 540.907577514648 765.996467590332 652.673645019531 580.110534667969 749.182502746582 597.375289916992 675.82421875 933.504364013672 915.839897155762 660.437545776367 815.49439239502 884.955307006836 1267.38674926758 755.410766601562 923.984664916992 873.672004699707 751.066438674927 772.316630840302 909.282474517822 594.454971313477 658.767738342285 775.093223571777 755.981788635254 853.354202270508 757.706520080566 298.615325927734 799.256652832031
769.50350189209 726.583946228027 714.656540155411 678.72865486145 691.525345802307 691.82133102417 590.659019470215 613.903930664062 690.075201034546 749.74532699585 785.675033569336 758.89729309082 693.52854347229 829.863777160645 729.061405181885 727.582263946533 650.822612762451 676.194957733154 660.899982452393 616.841262817383 601.520584106445 495.670364379883 981.964553833008 645.35124206543 947.339279174805 706.257705688477 816.820732116699 639.304168701172 764.653651237488 931.459300994873 871.929809570312 617.700164794922 735.507904052734 925.639575958252 765.160467147827 788.111265182495 826.026955604553 894.662700653076 836.167325973511 842.666383743286 900.439922332764 779.886318206787 719.595726013184 813.41788482666 713.072631835938 735.799301147461 848.480297088623 691.733222961426 823.973114013672 2003.65478515625
792.692451477051 653.02805095911 673.369783878326 624.060073852539 746.209524154663 752.523773193359 484.328491210938 565.877792358398 604.816513061523 647.87784576416 649.876205444336 696.748940944672 724.028148651123 826.415313720703 681.410835266113 659.928539276123 693.122742652893 651.286586761475 661.756649017334 949.876831054688 696.260612487793 740.901779174805 674.277626037598 761.784618377686 814.772557258606 844.179527282715 822.394828796387 822.546821594238 719.357971191406 664.123489379883 756.066474914551 648.906188964844 560.893203735352 726.141311645508 663.34260559082 641.443893432617 779.302040100098 863.929044723511 944.262985229492 916.320846557617 800.76859664917 660.061325073242 746.758010864258 769.397157669067 839.182994842529 759.721969604492 741.144924163818 560.708770751953 1338.39935302734 1521.80035400391
699.69104385376 580.220588684082 766.14705657959 669.05645942688 714.510368347168 608.090003967285 762.295341491699 565.306015014648 780.404006958008 713.731678009033 741.608528137207 611.23363494873 615.146980285645 782.422805786133 686.666478157043 702.47838267684 745.897525787354 663.206001281738 654.499725341797 695.245909690857 1085.38899993896 1109.24082946777 615.51513671875 732.065355300903 749.576854705811 807.178543567657 961.32975769043 814.048099517822 641.1728515625 759.58177947998 601.639831542969 688.077003479004 737.504105567932 778.502674102783 706.204822540283 812.682556152344 865.434280395508 680.576553344727 1137.04331970215 748.31997013092 656.222854614258 712.444839477539 632.061340332031 728.621910095215 809.594970703125 857.19881439209 856.613174438477 833.368408203125 769.071521759033 1425.27861785889
735.789436340332 713.676540374756 654.93603515625 703.577404975891 653.084239959717 456.437545776367 564.054931640625 570.364822387695 569.195510864258 729.579399108887 573.0439453125 451.931930541992 654.397384643555 816.52271270752 728.322677612305 634.188373565674 699.980070114136 776.780265808105 843.520568847656 782.818382263184 595.429634094238 548.321670532227 751.012870788574 672.509216308594 618.975311279297 684.533126831055 670.784408569336 780.734386444092 659.476585388184 943.156494140625 579.437713623047 549.13818359375 588.169036865234 738.4382147789 684.449626922607 728.676144599915 673.704097747803 836.458690434694 580.954864501953 693.948776245117 639.575775146484 752.330677509308 726.05806350708 727.884765625 820.824584960938 724.549087524414 847.795581817627 821.363893508911 939.67204284668 825.588775634766
633.885841369629 706.414447784424 730.046783447266 812.714866638184 629.030641555786 490.977249145508 470.8466796875 698.728255271912 644.011253356934 723.867851257324 827.238647460938 682.810872077942 578.302299499512 717.380084991455 813.963592529297 670.770937919617 589.464492797852 711.741096496582 704.788827776909 573.464111328125 672.744338989258 526.451049804688 675.916881561279 746.855247497559 657.185485839844 656.6838722229 672.56969833374 634.264778137207 665.950500488281 770.368235588074 591.052513122559 618.769157409668 721.593591690063 772.993873596191 793.680847167969 722.114881515503 670.482601165771 869.4208984375 793.808650970459 651.085647583008 630.940330505371 642.986053466797 774.737641811371 741.598232269287 742.095836639404 833.097465515137 800.374643325806 779.732333421707 952.159393310547 951.778945922852
737.21012878418 620.777229309082 685.307540893555 720.489315032959 574.971649169922 683.945667266846 456.311218261719 649.720750808716 647.379043579102 690.546455383301 714.001207351685 626.565628051758 771.998878479004 790.172264099121 851.766052246094 704.535648345947 618.075241088867 644.072313308716 682.674020767212 728.708213806152 606.259094238281 633.694900512695 612.523834228516 713.014177322388 612.588943481445 736.445111274719 714.317796945572 712.200490951538 719.46183013916 624.761505126953 805.842399597168 638.936866760254 665.467704772949 787.085773468018 863.868476867676 692.643527984619 675.24271774292 749.626382827759 771.201063990593 702.950859069824 634.928504943848 701.841506958008 813.307434082031 697.927574157715 795.206249237061 723.553592681885 764.018120765686 801.754611968994 833.659126281738 868.2646484375
691.413600921631 693.040130615234 683.048606872559 627.406902313232 673.61872959137 635.866352081299 619.629821777344 661.034004211426 647.281021118164 643.99760055542 667.775862693787 695.178739547729 688.254328012466 843.687728881836 776.31909942627 781.993217468262 726.226722717285 693.231048107147 718.863380432129 749.647304534912 567.855453491211 699.190105199814 714.750279426575 828.812355041504 749.47647857666 817.578330993652 745.936628341675 733.25934112072 737.888738632202 674.066261291504 655.407917022705 629.737213134766 745.509788513184 751.610715866089 862.105026245117 929.036346435547 747.112386703491 746.509111404419 732.837846159935 666.858695983887 631.75798034668 615.493637084961 695.292297363281 624.605010986328 684.484085083008 792.601585388184 839.080898284912 688.04468536377 766.874668121338 665.380783081055
611.336051940918 634.138605117798 512.967407226562 671.650032043457 622.37525177002 676.148899078369 665.220920562744 663.721524238586 665.378697395325 707.271411895752 739.830337524414 735.351802825928 799.186996459961 774.047668457031 724.337375640869 656.042772293091 714.96520614624 643.806713104248 635.408634185791 553.176849365234 569.688003540039 602.901390075684 749.456691741943 817.253303527832 745.062654495239 883.142929077148 818.145278930664 697.919883728027 692.966297149658 691.569416046143 687.891027450562 560.8818359375 748.40311050415 754.463298797607 631.752372741699 805.136192321777 813.577590942383 779.481872558594 732.153747558594 502.207458496094 656.743942260742 761.322393417358 657.812927246094 707.428073883057 807.221012115479 793.697637557983 700.064407348633 658.815635681152 596.958435058594 719.431713104248
