simdem/realisation38.asc
NCOLS 350 
NROWS 171 
XLLCORNER 152620 
YLLCORNER 418050 
CELLSIZE 100 
NODATA_value -9999 
[rows 0 to 21 of 171, columns 200 to 249 of 350]
-9999 -9999 -9999 -9999 -9999 -9999 -9999 -9999 -9999 -9999 -9999 -9999 -9999 -9999 -9999 -9999 -9999 -9999 -9999 -9999 -9999 -9999 -9999 -9999 -9999 -9999 -9999 -9999 -9999 -9999 -9999 -9999 -9999 -9999 -9999 -9999 -9999 -9999 -9999 -9999 -9999 -9999 -9999 -9999 -9999 -9999 -9999 -9999 -9999 -9999
-9999 -9999 -9999 -9999 -9999 -9999 -9999 -9999 -9999 -9999 -9999 -9999 -9999 -9999 -9999 -9999 -9999 -9999 -9999 -9999 -9999 -9999 -9999 -9999 -9999 -9999 -9999 -9999 -9999 -9999 -9999 -9999 -9999 -9999 -9999 -9999 -9999 -9999 -9999 -9999 -9999 -9999 -9999 -9999 -9999 -9999 -9999 -9999 -9999 -9999
-9999 -9999 -9999 -9999 -9999 -9999 -9999 -9999 -9999 -9999 -9999 -9999 -9999 -9999 -9999 -9999 -9999 -9999 -9999 -9999 -9999 -9999 -9999 -9999 -9999 -9999 -9999 -9999 -9999 -9999 -9999 -9999 -9999 -9999 -9999 -9999 -9999 -9999 -9999 -9999 -9999 -9999 -9999 -9999 -9999 -9999 -9999 -9999 -9999 -9999
-9999 -9999 -9999 -9999 -9999 -9999 -9999 -9999 -9999 -9999 -9999 -9999 -9999 -9999 -9999 -9999 -9999 -9999 -9999 -9999 -9999 -9999 -9999 -9999 -9999 -9999 -9999 -9999 -9999 -9999 -9999 -9999 -9999 -9999 -9999 -9999 -9999 -9999 -9999 -9999 -9999 -9999 -9999 -9999 -9999 -9999 -9999 -9999 -9999 -9999
-9999 -9999 -9999 -9999 -9999 -9999 -9999 -9999 -9999 -9999 -9999 -9999 -9999 -9999 -9999 -9999 -9999 -9999 -9999 -9999 -9999 -9999 -9999 -9999 -9999 -9999 -9999 -9999 -9999 -9999 -9999 -9999 -9999 -9999 -9999 -9999 -9999 -9999 -9999 -9999 -9999 -9999 -9999 -9999 -9999 -9999 -9999 -9999 -9999 -9999
410.176170349121 580.404511451721 530.48360824585 644.896766662598 930.466232299805 -9999 -9999 -9999 -9999 -9999 -9999 -9999 -9999 -9999 -9999 -9999 -9999 -9999 -9999 -9999 -9999 -9999 -9999 -9999 -9999 -9999 -9999 -9999 -9999 -9999 -9999 -9999 -9999 -9999 -9999 -9999 -9999 -9999 -9999 -9999 -9999 -9999 -9999 -9999 -9999 -9999 -9999 -9999 -9999 -9999
391.333572387695 523.932971954346 535.877197265625 491.587463378906 576.92130279541 718.310234069824 498.517543792725 787.273193359375 531.641246795654 512.705673217773 -9999 -9999 -9999 -9999 -9999 -9999 -9999 -9999 -9999 -9999 -9999 -9999 -9999 -9999 -9999 -9999 -9999 -9999 -9999 -9999 -9999 -9999 -9999 -9999 -9999 -9999 -9999 -9999 -9999 -9999 -9999 -9999 -9999 -9999 -9999 -9999 -9999 -9999 -9999 -9999
867.157297134399 547.488563537598 498.278882980347 455.015858650208 501.507049560547 611.228134155273 442.594615936279 446.89098739624 380.918724060059 377.883476257324 448.469069480896 364.104362487793 570.919674873352 712.692657470703 712.271293640137 872.919738769531 868.938049316406 758.162841796875 1138.10789489746 1055.42306518555 973.669715881348 1089.40574645996 1031.54534912109 884.560695648193 898.473599433899 908.425750732422 792.050109863281 916.569878578186 853.228088378906 916.051921844482 814.358558654785 940.18597984314 693.392196655273 790.85627746582 778.960121154785 588.952087402344 957.153182983398 923.414001464844 798.921035766602 -9999 -9999 -9999 -9999 -9999 -9999 -9999 -9999 -9999 -9999 -9999
860.406680107117 766.020477294922 697.115213394165 672.720779418945 951.787822723389 965.303909301758 1075.92748451233 408.012588500977 586.306121826172 460.741502046585 281.827667236328 454.226654052734 534.477363586426 544.42000579834 649.138595581055 622.488067626953 616.17366027832 646.810653686523 880.321998596191 906.786026000977 830.671701431274 970.324249267578 865.715957641602 832.816905975342 725.671409606934 808.985660552979 767.472694396973 693.094345092773 771.724327087402 676.026977539062 638.643371582031 710.169662475586 455.803771972656 648.841979980469 583.473510742188 628.627258300781 908.039810180664 916.431884765625 668.487609863281 493.510070800781 711.953369140625 1177.54119777679 1384.00439453125 1021.60450744629 713.144233703613 -9999 -9999 -9999 -9999 -9999
1098.06280517578 967.408882141113 821.436079382896 715.471860408783 995.65919303894 1033.81839752197 1230.01411437988 1097.84274625778 998.404167175293 841.007843017578 642.047821044922 763.282020568848 520.232120513916 434.845804214478 520.650394439697 578.316970825195 563.616882324219 546.890068054199 760.45645904541 725.332023620605 832.90959072113 757.423988342285 882.090789794922 852.260494232178 769.186862945557 851.715261459351 754.493728637695 761.420906066895 717.316696166992 758.331314086914 639.504623413086 644.636672973633 564.952308654785 797.058334350586 734.13854598999 543.408599853516 980.546051025391 1117.70706939697 444.503280639648 488.831436157227 626.123947143555 1060.49143600464 769.829429626465 877.889049530029 864.515784263611 1382.20708274841 644.102890014648 -9999 -9999 -9999
873.268405914307 833.726409912109 965.928535461426 1278.45596313477 985.184020996094 1132.06178951263 1330.28710174561 1058.25403213501 936.067041397095 810.445568084717 788.506484985352 770.472770690918 454.777793884277 456.86775970459 484.683319091797 691.885047912598 753.336711883545 728.311912536621 880.166667938232 978.769620895386 1033.02230072021 1053.0518989563 617.880889892578 620.502792358398 661.367561340332 762.946380615234 795.195652961731 811.761504411697 715.822662353516 819.594097137451 535.631134033203 592.576522827148 721.7578125 705.626903533936 544.283599853516 529.310615539551 570.606578826904 964.934127807617 1007.54452896118 604.234849214554 728.281599998474 692.134880065918 683.298896789551 746.875053405762 785.337575912476 1272.7158370018 816.791748046875 1395.36512064934 817.989883422852 -9999
778.916381835938 1087.2465133667 1003.01091003418 970.406665802002 1035.04267072678 1194.53820800781 1230.67890167236 1129.89609909058 1104.76542663574 1038.29902648926 1083.01823425293 862.814189910889 788.667694091797 575.228729248047 540.459754943848 571.583847045898 803.627271652222 813.823067188263 856.861114501953 986.443321228027 995.187164306641 1039.80521774292 536.768646240234 667.493562698364 769.080953121185 865.67875289917 849.589813232422 958.252517700195 812.551628112793 843.074851036072 786.873359680176 716.401908874512 579.51643371582 557.877166748047 680.083004713058 574.424533843994 537.564125061035 892.94066619873 1081.96148681641 1007.75236129761 631.814514160156 716.391529083252 825.10982131958 817.582654953003 676.720550537109 773.389507293701 615.076202392578 1267.04649162292 859.710440635681 755.087982177734
1034.40660095215 861.735761642456 950.925086975098 799.408260345459 783.616744995117 1061.2287902832 692.973897814751 698.377801895142 906.893707275391 920.615158081055 1047.92677307129 880.210716247559 942.475402832031 639.116600036621 734.647327423096 775.406108856201 886.887393832207 904.403853416443 939.688371658325 1040.84723520279 1018.96373820305 1152.24966287613 772.001256942749 698.125717163086 836.568601608276 894.043183326721 947.643123626709 944.659729003906 881.263871192932 831.260597229004 862.499015808105 969.675621032715 764.527152061462 760.629698693752 658.927772521973 644.40625 581.824783325195 988.265323638916 1112.69826126099 941.896893501282 662.794404029846 521.222442626953 602.68620300293 849.044799804688 850.27815246582 717.660865783691 854.513061523438 797.718564987183 815.196559906006 721.059799194336
652.071035385132 664.954522848129 712.645420074463 708.964061737061 696.665157318115 630.812099456787 640.744556427002 731.899341583252 950.507881164551 635.639541625977 914.898788452148 979.207491159439 925.751045227051 856.083835601807 768.79052734375 1298.13597106934 955.990242004395 937.216850280762 1009.05870342255 1365.80965423584 1013.9942779541 1320.70495271683 933.623403549194 800.24104309082 825.80545425415 681.05029296875 910.519485473633 837.620010375977 853.728202819824 796.916030883789 866.312786102295 889.468668937683 919.251281738281 1015.49649047852 935.358943939209 1003.21457672119 932.510810852051 981.420043945312 979.96248626709 1036.59155273438 767.644119262695 653.466331481934 556.240989685059 828.159873962402 847.941062927246 915.636344909668 998.827416419983 750.124700546265 682.278419494629 974.700752258301
618.757789611816 715.647476196289 733.921970367432 867.512023925781 767.752799987793 831.611221313477 690.923956871033 714.975227355957 812.518951416016 778.898590087891 1049.9921875 1067.87532806396 1303.45747494698 738.077779769897 738.389064788818 626.419418334961 725.406059265137 848.795997619629 1067.66818237305 1407.47319793701 900.837142944336 870.387542724609 842.384262084961 1211.10750579834 677.542171478271 688.888679504395 688.278678894043 977.11540222168 812.895881652832 699.915390014648 903.044870376587 921.359443664551 783.698539733887 957.059143066406 877.767758846283 842.826271057129 873.593246459961 827.625907897949 932.745800018311 971.478370666504 1007.55952072144 1019.07736158371 1066.72398757935 953.608032226562 773.317337036133 986.536340713501 950.126678466797 762.457870483398 644.04833984375 1097.2769203186
603.513122558594 736.139295578003 830.617713928223 773.225112915039 826.565082550049 792.712501525879 695.056732177734 749.521689414978 620.317432403564 670.522977828979 757.846412658691 753.160427093506 781.982151031494 747.969020843506 662.88720703125 660.08625793457 754.074548721313 822.797866821289 932.292907714844 852.36646270752 881.071304321289 875.666076660156 782.74772644043 726.549364089966 812.253065109253 683.736831665039 824.727313995361 848.1584815979 695.538513183594 767.406433105469 703.273147583008 889.707595825195 776.992729187012 905.310752868652 815.41626739502 692.737884521484 814.846954345703 907.107818603516 759.480621337891 845.332237243652 892.203254699707 867.348327636719 956.880474090576 1041.92391586304 1186.12943267822 1165.9270324707 1015.84621238708 959.615005970001 758.715194702148 813.27650642395
689.57234954834 505.198348999023 698.148548126221 864.062088012695 932.144683837891 763.022018432617 768.462066650391 888.019729614258 758.195388793945 678.598861694336 1091.50191497803 1133.6215057373 703.547845840454 753.070227622986 643.300140380859 432.025848388672 665.113082885742 712.197704315186 554.427185058594 732.649312973022 713.631757736206 825.141799926758 754.802763938904 662.662826538086 790.848537445068 628.940483093262 675.898216247559 1325.66829299927 814.671897888184 665.947708129883 787.086791992188 765.709381103516 735.42472076416 731.236381530762 757.764831542969 707.684448242188 616.350952148438 762.831161499023 700.007873535156 755.506286621094 801.43921661377 795.958862304688 940.732069015503 944.045974254608 1098.40557861328 1114.13140106201 1100.59738922119 1093.72090911865 977.157291412354 873.67138671875
442.880615234375 481.407073974609 1293.78722000122 703.98313331604 788.286491394043 809.900928497314 729.069274902344 775.700958251953 774.619441986084 766.725397467613 955.203262329102 779.706195831299 564.878570556641 668.96463394165 672.253051757812 689.025672912598 699.672004699707 642.923492431641 573.135955810547 587.698600769043 684.475952148438 772.437648773193 812.908908843994 611.503921508789 621.915714263916 545.684814453125 643.056537628174 782.201316833496 763.786377906799 780.461853027344 911.46452331543 854.237991333008 708.624198913574 1300.92882537842 759.302627563477 722.572006225586 623.161422729492 633.426712036133 733.078071594238 665.819686889648 766.903315544128 763.876411437988 716.915580749512 883.51717376709 876.165746688843 881.228593826294 884.451080322266 1058.17344284058 737.354934692383 935.681995391846
891.443420410156 470.925277709961 1236.07908630371 1104.32123565674 863.341079711914 885.029273986816 844.61353302002 843.077606201172 1122.61315441132 761.238018035889 764.409832000732 659.592464447021 777.554359436035 702.872892379761 755.003227233887 611.500030517578 805.620376586914 614.522636413574 581.5224609375 659.302440643311 642.272491455078 646.445678710938 513.111557006836 584.940292358398 639.078296661377 685.629679679871 766.895391464233 647.407745361328 823.936279296875 745.587027907372 886.402984619141 826.160911560059 730.671521186829 842.644371032715 576.916427612305 1071.97483825684 617.241119384766 563.284255981445 678.334106445312 767.213500976562 868.141399383545 883.251815795898 871.985832214355 744.415679931641 883.880111694336 685.223892211914 868.473596572876 965.830516815186 773.282333374023 1057.68396949768
648.817359924316 592.422729492188 804.326952934265 686.367721557617 1120.03883552551 1627.49172973633 1026.89236450195 800.646789550781 732.70751953125 833.886711120605 762.210159301758 748.52465057373 677.4105052948 700.124920368195 638.730461120605 667.959785461426 752.778358459473 749.912998199463 625.000564575195 769.872554779053 677.078512191772 557.324668884277 501.562194824219 451.490829467773 548.550956726074 735.850313186646 755.458847045898 685.440612792969 752.713784217834 767.44393157959 800.656482696533 822.185676574707 727.874502182007 756.975433349609 709.822525024414 592.206809997559 689.825138092041 1167.65856170654 797.696868896484 828.031181335449 744.785633087158 782.485741615295 885.728199005127 885.073296546936 729.367034912109 747.063598632812 837.991348266602 750.806137084961 897.240608990192 955.829969406128
727.728813171387 728.228504180908 786.065475463867 663.734992980957 744.406337738037 755.436599731445 902.709182739258 810.763809204102 771.094345092773 544.212249755859 695.78560256958 896.089767456055 729.760894775391 673.578459739685 789.724868774414 558.631546020508 682.324447631836 684.998514175415 579.067749023438 527.427291870117 635.025840759277 666.650908470154 573.231895446777 547.053237915039 602.813575744629 814.010780334473 703.656017303467 718.338771820068 789.567100524902 748.362537384033 644.550170898438 801.998977661133 784.319793701172 856.829040527344 734.994409561157 744.603427886963 741.784317016602 748.984974622726 801.25066947937 1184.88200950623 1305.08646917343 825.215030670166 920.004119873047 724.16476726532 892.132049560547 934.72664642334 771.526644706726 979.562564849854 1262.22954559326 841.158920288086
776.072288513184 778.724258422852 710.311985969543 577.204429626465 550.935928344727 729.010246276855 837.536590576172 963.087921142578 655.56014251709 547.00846862793 672.433603286743 730.999450683594 616.195098876953 604.234565734863 520.7041015625 707.675936222076 633.648540496826 633.25611114502 623.273963928223 566.669960021973 604.736297607422 604.773139953613 673.181575775146 609.238456726074 598.806259155273 679.661636352539 757.558464050293 705.475574493408 804.287342071533 846.275772094727 665.183464050293 755.925067424774 847.135101318359 871.106094360352 909.718353271484 708.761337280273 734.68803024292 811.697856903076 797.356426239014 849.344741821289 802.693481445312 780.372482299805 806.27721786499 857.757187843323 687.520458221436 814.475379943848 845.584052085876 874.036956787109 938.545686721802 892.716726303101
