simdem/realisation66.asc
NCOLS 350 
NROWS 171 
XLLCORNER 152620 
YLLCORNER 418050 
CELLSIZE 100 
NODATA_value -9999 
[rows 0 to 21 of 171, columns 200 to 249 of 350]
-9999 -9999 -9999 -9999 -9999 -9999 -9999 -9999 -9999 -9999 -9999 -9999 -9999 -9999 -9999 -9999 -9999 -9999 -9999 -9999 -9999 -9999 -9999 -9999 -9999 -9999 -9999 -9999 -9999 -9999 -9999 -9999 -9999 -9999 -9999 -9999 -9999 -9999 -9999 -9999 -9999 -9999 -9999 -9999 -9999 -9999 -9999 -9999 -9999 -9999
-9999 -9999 -9999 -9999 -9999 -9999 -9999 -9999 -9999 -9999 -9999 -9999 -9999 -9999 -9999 -9999 -9999 -9999 -9999 -9999 -9999 -9999 -9999 -9999 -9999 -9999 -9999 -9999 -9999 -9999 -9999 -9999 -9999 -9999 -9999 -9999 -9999 -9999 -9999 -9999 -9999 -9999 -9999 -9999 -9999 -9999 -9999 -9999 -9999 -9999
-9999 -9999 -9999 -9999 -9999 -9999 -9999 -9999 -9999 -9999 -9999 -9999 -9999 -9999 -9999 -9999 -9999 -9999 -9999 -9999 -9999 -9999 -9999 -9999 -9999 -9999 -9999 -9999 -9999 -9999 -9999 -9999 -9999 -9999 -9999 -9999 -9999 -9999 -9999 -9999 -9999 -9999 -9999 -9999 -9999 -9999 -9999 -9999 -9999 -9999
-9999 -9999 -9999 -9999 -9999 -9999 -9999 -9999 -9999 -9999 -9999 -9999 -9999 -9999 -9999 -9999 -9999 -9999 -9999 -9999 -9999 -9999 -9999 -9999 -9999 -9999 -9999 -9999 -9999 -9999 -9999 -9999 -9999 -9999 -9999 -9999 -9999 -9999 -9999 -9999 -9999 -9999 -9999 -9999 -9999 -9999 -9999 -9999 -9999 -9999
-9999 -9999 -9999 -9999 -9999 -9999 -9999 -9999 -9999 -9999 -9999 -9999 -9999 -9999 -9999 -9999 -9999 -9999 -9999 -9999 -9999 -9999 -9999 -9999 -9999 -9999 -9999 -9999 -9999 -9999 -9999 -9999 -9999 -9999 -9999 -9999 -9999 -9999 -9999 -9999 -9999 -9999 -9999 -9999 -9999 -9999 -9999 -9999 -9999 -9999
224.371154785156 464.910209655762 499.784408569336 631.811290740967 895.385375976562 -9999 -9999 -9999 -9999 -9999 -9999 -9999 -9999 -9999 -9999 -9999 -9999 -9999 -9999 -9999 -9999 -9999 -9999 -9999 -9999 -9999 -9999 -9999 -9999 -9999 -9999 -9999 -9999 -9999 -9999 -9999 -9999 -9999 -9999 -9999 -9999 -9999 -9999 -9999 -9999 -9999 -9999 -9999 -9999 -9999
459.397296905518 351.286247253418 388.472694396973 360.441535949707 779.335418701172 625.77089881897 548.968658447266 784.320037841797 617.941478729248 573.990659713745 -9999 -9999 -9999 -9999 -9999 -9999 -9999 -9999 -9999 -9999 -9999 -9999 -9999 -9999 -9999 -9999 -9999 -9999 -9999 -9999 -9999 -9999 -9999 -9999 -9999 -9999 -9999 -9999 -9999 -9999 -9999 -9999 -9999 -9999 -9999 -9999 -9999 -9999 -9999 -9999
786.015144348145 564.673728942871 637.093536376953 423.328617095947 758.381217956543 814.243560791016 555.262420654297 624.903778076172 279.092102050781 363.534217834473 359.0205078125 406.866737365723 633.366775512695 595.628911972046 641.238315582275 821.793151855469 813.805786132812 707.831634521484 1048.45259094238 1039.38705444336 917.103051185608 903.897912979126 826.053550720215 799.773063659668 975.578102111816 1005.84589385986 953.537137985229 986.430633544922 878.095405578613 940.568172454834 906.522016525269 840.183258056641 633.018455505371 849.566450119019 779.45304107666 788.284812927246 928.773773193359 920.621307373047 750.698364257812 -9999 -9999 -9999 -9999 -9999 -9999 -9999 -9999 -9999 -9999 -9999
850.277690887451 916.422409057617 692.528032302856 838.086151123047 1069.82239532471 986.685981750488 1231.96415710449 555.805824279785 434.283868789673 426.022775650024 439.621616363525 503.348949432373 403.78099822998 573.878829956055 595.760940551758 611.951797485352 640.751846313477 464.509102344513 874.9603099823 821.407014846802 733.439407348633 907.261093139648 834.250972747803 767.107513427734 697.886268615723 787.263332366943 687.153747558594 859.12313079834 849.706254959106 990.317237854004 900.482040405273 822.803831100464 496.021286010742 828.055404663086 809.477184295654 693.522514343262 952.636917114258 1076.72138214111 718.339614868164 593.877754211426 882.847579956055 1222.17991447449 1363.36723709106 956.028280258179 818.993017196655 -9999 -9999 -9999 -9999 -9999
1015.41339874268 1072.55423736572 897.136840820312 834.595588684082 973.962947845459 1127.7271270752 1207.57627105713 1165.51184844971 894.233575820923 729.281646728516 667.663249969482 801.830184936523 531.911647796631 449.413233757019 546.442016601562 523.938747406006 440.114814758301 649.383178710938 879.323574066162 692.628997802734 632.611572265625 869.911674499512 885.189208984375 733.166526794434 624.592376708984 738.756858825684 892.270225524902 816.209550857544 845.047164916992 912.459529876709 796.351524353027 667.710342407227 725.353286743164 914.367401123047 816.411987304688 884.727363586426 1131.20124053955 1147.46211624146 548.241664886475 583.189989089966 718.235038757324 1026.45236206055 922.30558013916 956.828777313232 962.167663574219 1364.62642794847 843.562942504883 -9999 -9999 -9999
822.874959945679 864.89582824707 1071.22058486938 1225.33270263672 1117.93642997742 1069.27180480957 1210.1592040062 1191.55152130127 906.892169952393 715.61060333252 650.298530578613 778.182224273682 694.77001953125 685.079925537109 586.147657394409 663.557501792908 773.006746292114 867.693950653076 666.891403198242 935.283692359924 851.088119506836 873.979263305664 647.052543640137 641.826244354248 598.269165039062 669.211151123047 900.127883911133 871.73087310791 851.677322387695 788.150001525879 629.382690429688 622.882888793945 671.234325408936 714.917556762695 619.917205810547 526.203010559082 619.210367202759 954.422015190125 1078.71231079102 650.966381072998 669.935958862305 783.358392715454 710.617275238037 900.778633117676 763.16545009613 1323.68628692627 961.361480712891 1372.72256088257 701.931327819824 -9999
884.634509086609 1043.19035339355 942.506351470947 1041.57251358032 1101.1633605957 1140.36482810974 1299.06661987305 1334.26040649414 1101.08484649658 787.812015533447 752.54483795166 815.782063484192 816.981750488281 779.15168762207 565.98023223877 786.777626037598 855.090637207031 784.127281188965 937.65901184082 946.126742959023 812.583023071289 955.490447998047 676.256980895996 553.61311340332 758.473562955856 711.949577331543 736.330978393555 847.60213470459 707.127208709717 779.20295715332 620.625350952148 585.820648193359 448.304916381836 479.96354675293 417.174072265625 494.242164611816 437.128036499023 920.322509765625 1095.69093322754 1092.7360534668 737.099304199219 732.180015563965 898.76912689209 827.406690597534 760.870874881744 885.199348449707 833.762990951538 1241.53826141357 867.605404376984 734.053787231445
842.124355316162 844.86251449585 985.426445007324 817.55252456665 722.097917556763 946.299766540527 746.118072509766 731.593658447266 1089.5375289917 859.438939094543 739.586380004883 776.369258880615 795.653053641319 763.60799407959 824.677291870117 759.343155384064 889.390999794006 813.45783996582 926.124465465546 1096.76930236816 915.937103271484 992.677001953125 833.583343505859 774.717100143433 730.410598754883 898.117815971375 849.237537384033 821.362457275391 840.21403503418 841.345199584961 909.688446044922 797.733783721924 681.422691345215 634.459106445312 733.547267913818 505.168060302734 592.512596130371 944.366943359375 1073.47415351868 930.650547027588 693.670001983643 711.70389175415 670.345609664917 923.003597259521 881.086860656738 752.047344207764 784.986755371094 658.665588378906 790.932443618774 662.640426635742
665.899321079254 687.465703964233 678.457610338926 616.901477813721 689.72215461731 637.476261138916 822.222259521484 849.335830688477 994.773401260376 731.30753326416 733.31591796875 883.386352539062 776.610027313232 953.651069641113 764.235328674316 1537.53848266602 1087.26972961426 892.123180389404 999.974796772003 1357.7869720459 897.923799514771 1216.27144622803 896.659329414368 605.516052246094 711.940605163574 778.087829589844 869.589088439941 842.286479949951 965.105652570724 871.117057800293 742.183044433594 861.329208374023 976.764940261841 933.600494384766 921.470031738281 989.123047351837 970.522022247314 1061.02892494202 1157.81544494629 947.230731010437 822.031105041504 748.186718940735 590.06067276001 822.55632019043 921.40071105957 1000.77028465271 939.415691375732 648.701995849609 652.487754821777 812.592376708984
694.76029419899 609.951808929443 662.710433959961 713.108478546143 658.782114028931 671.761782169342 760.605339050293 889.403457641602 844.88346862793 716.931261062622 939.76049041748 906.181076049805 1112.79389953613 722.651031494141 812.865934371948 745.644481658936 680.558197021484 863.271476745605 815.722747802734 1248.9008102417 806.403316497803 913.122085571289 813.856895446777 1201.23153686523 716.504922628403 850.468132019043 728.677799224854 828.828800201416 877.780814647675 787.483558654785 862.687610626221 827.842559814453 804.681648254395 754.926170349121 824.293460845947 846.047256469727 1009.34287071228 1069.61080932617 1144.15545654297 904.623403549194 940.628234863281 1040.01717376709 1032.94396018982 859.206161499023 907.94458770752 844.092346191406 902.900215148926 943.46763420105 716.93448638916 943.182174682617
620.314613342285 681.042572021484 659.781627655029 592.749176025391 907.59489440918 769.858818054199 839.121726989746 850.38777923584 747.711151123047 682.426636099815 589.81729888916 699.346445083618 804.314599990845 818.691072463989 743.134014129639 720.692779541016 771.30406665802 731.505480766296 719.524223327637 860.31893157959 768.919395446777 734.032980918884 703.511417388916 716.871765136719 807.206315994263 778.298366546631 730.47998046875 898.380334854126 704.418014526367 855.619343757629 885.94722366333 792.644729614258 660.480941772461 825.797419548035 869.254585266113 858.420970916748 955.205258369446 931.263555526733 944.636669158936 933.261991977692 856.572448730469 835.066421508789 871.185874938965 972.204837799072 891.577972412109 1084.94830894098 973.325583457947 1001.1729927063 945.149032592773 897.424423217773
778.405448913574 692.319877624512 744.274975776672 787.460476875305 967.216354370117 779.781997680664 703.698265433311 871.334449768066 666.939270019531 558.218566894531 1073.65565490723 1002.00696372986 592.888275146484 790.928228378296 689.126731872559 540.066421508789 796.561004638672 772.251720428467 821.775451660156 789.316276550293 786.04487991333 684.839004516602 689.313255310059 698.014602661133 750.95059967041 853.220970153809 739.033973693848 1391.02495574951 993.193008422852 880.644380569458 846.914794921875 879.507179260254 709.43383026123 771.045303344727 935.523265838623 791.230697631836 936.75785446167 841.19807434082 768.18278503418 801.215744018555 786.284797668457 871.093997955322 1020.95406341553 952.852931976318 958.047286987305 1086.54666137695 1009.07443618774 968.327713012695 860.12425994873 885.146064758301
522.019477844238 442.813400268555 1167.47410583496 691.252716064453 744.837013244629 838.871925354004 694.585995435715 734.514340400696 674.071765899658 742.820201873779 856.550525665283 714.529636383057 674.235681533813 728.371517181396 812.055812835693 801.806690216064 833.606788635254 777.49044418335 897.734008789062 636.34538269043 636.372634887695 717.275344848633 622.856109619141 717.567578315735 547.442276000977 556.985153198242 649.636791229248 682.123291015625 809.251708984375 958.594802856445 1065.1992816925 942.057645797729 577.112701416016 1207.24934387207 730.455558776855 729.936386108398 686.317443847656 785.719583511353 786.747852325439 684.514205932617 663.599334716797 719.114593505859 921.681900024414 889.347953796387 901.572036743164 1017.55078125 954.084590911865 1009.38928794861 911.197956085205 852.704429626465
1004.02108764648 516.460250854492 1160.17674255371 1085.36798095703 569.536819458008 705.424915313721 826.980476379395 792.577621459961 1192.97091674805 790.242000579834 700.798927307129 694.437808990479 807.857315063477 872.673416137695 750.703727722168 722.344161987305 770.231605529785 782.340133666992 725.590488433838 515.920333862305 417.280853271484 585.338470458984 634.565773010254 751.67652130127 660.73085975647 650.615772247314 685.283676147461 643.986373901367 765.123003005981 843.300842285156 781.988862991333 661.714042663574 703.354816436768 662.151298522949 583.560119628906 1019.56845092773 621.207717895508 605.050582885742 824.573806762695 682.090866088867 721.077018737793 783.245079040527 832.351169586182 970.743156433105 948.451995849609 831.599649429321 871.140487670898 873.271350860596 921.830687522888 1049.22156310081
703.235969543457 753.124178886414 740.299674987793 690.581481933594 1027.02017974854 1266.05549621582 943.107036590576 880.737884521484 772.715476989746 685.07883644104 773.940734863281 462.073974609375 708.329288959503 753.634387969971 777.468479156494 776.895324707031 705.741607666016 697.716327667236 692.706925392151 674.315490722656 615.450347900391 488.232116699219 596.131240844727 608.638603210449 709.085006713867 864.906700134277 715.186786651611 707.255783081055 846.659156799316 898.159301757812 672.345092773438 769.154742717743 706.297805786133 753.572715759277 758.81081199646 598.500961303711 708.027826309204 1130.17548370361 681.895240783691 710.303153991699 709.383731842041 715.301097869873 736.821517944336 822.203544616699 722.75146484375 808.84098136425 811.225631713867 621.816909790039 811.32169342041 883.327045440674
710.160550117493 735.978290557861 793.892936706543 651.861000061035 606.150718688965 434.129501342773 658.168075561523 771.023849487305 691.851173996925 518.096984863281 647.328168869019 601.886039733887 663.747520446777 766.335479736328 831.258041381836 659.484649658203 664.671005249023 690.192770957947 663.455364227295 561.311904907227 655.08324432373 508.703170776367 615.940528869629 570.434051513672 601.732734680176 850.720481872559 749.788473129272 652.271427154541 746.572414398193 741.427047729492 730.10013961792 809.654609680176 681.413856506348 760.623375892639 790.088714599609 734.84810256958 657.795677185059 725.838350296021 781.165308713913 1070.53531646729 1158.02755737305 798.291383743286 763.501527786255 807.39737701416 682.68505859375 789.489933013916 663.27806854248 915.059844970703 1000.43592834473 829.604042053223
779.498252868652 786.046600341797 577.740783691406 720.317998886108 646.912395477295 686.362319946289 632.806148529053 603.11653137207 700.130552768707 751.581100463867 519.830688476562 596.096115112305 590.005714416504 686.050180435181 691.857557296753 675.54479598999 684.982527732849 778.767333984375 669.203917503357 569.320579528809 526.660110473633 670.765642166138 720.297122955322 600.355567932129 566.165473937988 569.16130065918 715.098499298096 738.710073947906 731.596982002258 744.19490146637 822.880271911621 807.156158447266 739.469821453094 849.131370544434 839.793243408203 699.751064300537 731.882827758789 773.954633712769 712.080444335938 788.75071144104 742.496122360229 683.657768249512 772.379845619202 790.295246124268 656.229469299316 657.603485107422 692.948089599609 831.682205200195 934.754231452942 948.284461975098
