simdem/realisation34.asc
NCOLS 350 
NROWS 171 
XLLCORNER 152620 
YLLCORNER 418050 
CELLSIZE 100 
NODATA_value -9999 
[rows 66 to 87 of 171, columns 50 to 99 of 350]
507.369039535522 564.213958740234 495.811805725098 395.052551269531 401.453792572021 218.474258422852 286.398223876953 275.32177734375 435.064809322357 382.488453626633 422.966068267822 295.982265472412 260.90087890625 223.705612182617 365.069521903992 348.659337997437 191.656295776367 242.336296081543 304.312515258789 325.697399139404 269.568260192871 194.449401855469 285.808265686035 269.013603210449 285.27466583252 425.723628997803 288.318000793457 344.48482131958 269.764686584473 322.28137588501 362.554943084717 174.213485717773 308.567344665527 394.41632270813 410.66614484787 395.713861465454 490.050994873047 530.577522277832 460.241878986359 459.848881721497 492.327964782715 432.340484142303 373.740287780762 268.102600097656 359.909561157227 453.443529129028 417.160808563232 573.197250366211 508.374980926514 427.127340316772
429.224922180176 567.159767150879 463.550062179565 385.625205993652 357.713710784912 448.975639343262 483.836078643799 242.733444213867 407.601226806641 353.204978942871 252.13697052002 380.326728820801 243.438430786133 230.253845214844 290.242530822754 242.462547302246 185.824447631836 320.839282989502 384.881900787354 297.557624816895 295.861862182617 346.252269744873 259.292602539062 265.352111816406 234.150650024414 433.941074371338 278.271713256836 195.523544311523 426.128757476807 334.433563232422 338.815570831299 261.846862792969 175.156707763672 330.448684692383 459.317180633545 458.967788696289 453.985668182373 456.053146362305 473.528869628906 410.850702285767 419.126347541809 382.660480499268 445.981167793274 326.14949798584 407.793121337891 379.475067138672 381.850105285645 417.79719543457 451.370676040649 309.912536621094
577.358726501465 608.420547485352 489.519737243652 412.735063552856 406.647753238678 340.042812347412 375.279612541199 234.607345581055 347.064010620117 384.705005645752 344.841299057007 331.04105758667 352.497826576233 199.9833984375 339.63543510437 255.870750427246 214.373260498047 267.144081115723 384.040720462799 289.377388000488 264.383819580078 300.604499816895 426.184719085693 244.973495483398 235.092102050781 412.206798553467 387.187777817249 309.226982116699 454.614242553711 370.066975280643 272.654663085938 280.576347351074 336.448036193848 276.323791503906 415.452444076538 512.628646850586 449.846527099609 497.198402404785 379.076313018799 351.133773803711 440.711359024048 478.900547027588 492.92191696167 306.154113769531 313.655242919922 384.429557800293 502.834468841553 371.585525512695 442.869710922241 463.122658252716
504.01841545105 494.469118118286 380.371292114258 466.752311706543 302.688987731934 268.562141418457 388.037983894348 319.009471893311 331.581738352776 497.213272094727 419.952194213867 270.596794128418 294.320762634277 258.029846191406 379.05499458313 407.654680252075 389.793430328369 446.226502418518 279.202629089355 241.802291870117 263.630348205566 341.321899414062 352.232362747192 250.01203918457 398.143667459488 503.349258422852 325.700912475586 425.848777770996 439.482536315918 410.844635009766 349.305435180664 336.922664642334 415.579162597656 353.818058013916 345.142604827881 486.882522583008 439.137092590332 409.685942173004 466.116226196289 479.354721069336 446.194877624512 584.521209716797 515.237861633301 458.100211143494 319.75830078125 382.286605834961 394.594825744629 438.09121131897 350.069938659668 359.475486755371
430.088779449463 493.658336639404 398.559736251831 464.221393585205 412.294515609741 280.341690063477 398.762065887451 268.151695251465 316.082221984863 288.408790588379 140.517944335938 278.338539123535 456.236106872559 469.05403137207 314.048847198486 429.089515686035 437.077972412109 381.064393997192 237.626968383789 325.471138000488 295.007789611816 320.258636474609 381.970752716064 290.668579101562 470.607070922852 585.528991699219 456.78494644165 500.443244934082 396.058382034302 472.619850158691 357.919715881348 398.92765045166 466.34001159668 507.352111816406 475.540367126465 504.044128417969 406.765918731689 308.259872436523 316.580062866211 341.732597351074 503.450866699219 520.346244812012 514.008972167969 521.675235748291 393.912525177002 343.036354064941 352.647552490234 416.492279052734 364.547492980957 457.571235656738
337.585754394531 453.53477191925 423.28848695755 400.203575387597 413.312480926514 415.219722747803 428.630149841309 415.085670471191 446.438674926758 385.071376800537 420.32116317749 475.937339782715 393.700801849365 417.832386016846 291.872817993164 371.906906604767 443.159519195557 346.411985874176 151.236587524414 274.531585693359 358.552848815918 323.100944519043 354.551691055298 233.359436035156 525.774642944336 530.525390625 421.140823364258 330.585773468018 413.882638454437 405.150543212891 470.464298248291 377.523850440979 445.793193817139 419.162518501282 413.885026931763 411.435261726379 419.249288201332 538.455055236816 393.119083404541 537.135704040527 363.266448974609 363.264434814453 516.963745117188 502.163433074951 356.293388366699 341.436447143555 452.86030626297 440.442192077637 307.791152954102 453.757621765137
390.804218292236 437.990703582764 411.110684394836 318.32347869873 450.395320892334 405.720512390137 467.684112548828 615.898956298828 391.460475921631 411.117317199707 372.082780838013 401.41088104248 359.477316856384 329.26545715332 209.661804199219 261.299179077148 330.578674316406 391.247024536133 452.274742126465 369.852256774902 349.955423355103 298.607398986816 371.920657634735 278.43350982666 368.257677078247 381.681697845459 382.083323478699 328.729528427124 318.976997375488 348.691707611084 311.334728240967 445.982849121094 292.03295135498 226.692794799805 374.108610153198 278.374649047852 526.572288513184 606.383331298828 532.022201538086 529.846580505371 437.337620735168 350.72533416748 390.366279602051 492.062973022461 446.862387895584 422.166027069092 450.904457092285 451.576398849487 341.991722106934 434.031307220459
409.340509414673 300.707122802734 356.573596954346 304.791816711426 370.275953769684 486.026695251465 467.79216003418 524.135971069336 402.267185211182 435.69075012207 439.407836914062 335.526082992554 431.428665161133 319.173290252686 296.05256652832 341.448293685913 363.08943271637 369.010135889053 420.985698699951 380.593801498413 401.860805511475 279.134429931641 359.401741504669 411.117496490479 281.396423339844 237.942337036133 417.340660095215 356.981409072876 382.528379917145 228.039886474609 278.371658325195 381.235124588013 406.519487380981 275.443748474121 266.704734802246 441.001628875732 489.897048950195 587.257919311523 503.056427001953 445.143189430237 285.663146972656 320.679016113281 443.93843460083 664.176254272461 511.144031524658 402.034950256348 395.280197143555 465.571317672729 470.371282577515 493.195428848267
289.51383972168 432.831875324249 355.981945037842 300.35888671875 385.480976104736 498.105010986328 458.939338684082 413.93928527832 457.214218139648 344.350545883179 381.920537948608 429.57088470459 293.868488311768 445.628219604492 294.332611083984 322.411010742188 334.192848205566 428.65796661377 379.002548217773 349.254371643066 330.5285987854 368.339801311493 253.750968933105 276.194732666016 363.512718200684 302.843017578125 292.879051208496 401.63285446167 309.204986572266 277.54515838623 267.986877441406 299.04061126709 380.568214416504 447.953514099121 260.628143310547 347.456481933594 403.93763256073 316.076179504395 553.62092590332 567.684860229492 327.66911315918 312.069885253906 530.010494232178 618.869598388672 598.818428039551 408.848266601562 420.169525146484 486.468172073364 340.9580078125 604.811668395996
366.107711791992 378.90807723999 424.64614200592 397.679054260254 333.688720703125 461.817092895508 379.852052688599 331.656436920166 366.421665668488 357.37944996357 353.584522247314 431.018119812012 332.398210525513 402.523490905762 598.111755371094 458.931182861328 500.326568603516 523.057250976562 416.48624420166 324.793296813965 417.249454498291 252.239761352539 357.074283123016 289.152839660645 429.587036132812 326.835006713867 424.763084411621 361.280794620514 397.468769073486 354.721561431885 316.950775146484 417.113613128662 393.637099742889 478.251396179199 283.28084564209 462.096828460693 318.46248626709 482.204246520996 572.580169677734 547.385780334473 316.564483642578 394.102615356445 440.686588287354 567.224540710449 529.733589172363 345.782455444336 477.086120605469 440.797393798828 539.344102859497 817.184627532959
686.241485595703 252.592544555664 456.102226257324 355.713726043701 387.970153808594 332.938621520996 353.505802154541 209.39469909668 262.699363708496 206.405227661133 435.842216491699 343.673238754272 539.159164428711 407.133659362793 430.525672912598 436.384628295898 378.427577018738 404.672786712646 417.998161315918 359.323696136475 259.409614562988 256.227226257324 302.267669677734 311.899181365967 387.392951965332 363.457551956177 284.841720581055 472.4482421875 410.545785903931 475.310523986816 332.519618988037 381.324778556824 515.688743591309 368.757415771484 531.389198303223 549.545593261719 314.77855682373 346.916793823242 423.108715057373 496.775581359863 393.923835754395 443.961524963379 517.252674102783 507.008262634277 301.112045288086 354.486602783203 711.557064056396 947.924388885498 611.395238876343 680.997924804688
460.520662307739 457.537666320801 425.076831817627 417.101985931396 567.01831817627 419.705617189407 227.637084960938 263.456993103027 349.191039085388 269.293151855469 438.227398172021 387.659463882446 453.071731567383 342.575916290283 409.020771026611 274.16089630127 340.421794891357 472.55436706543 461.58570098877 361.928788661957 354.447278022766 225.324981689453 262.670272827148 356.932865142822 251.900939941406 329.883602142334 367.466379165649 416.084909439087 428.697231292725 503.277183532715 433.288040161133 367.255199432373 441.962482452393 550.957290649414 478.14045715332 566.03148651123 544.81224822998 392.82682800293 513.74781036377 382.925491333008 485.138271331787 539.461204528809 336.534400939941 479.56635093689 437.479622840881 638.51628112793 669.752510070801 859.054756164551 497.566863059998 681.906648635864
374.893043518066 309.817707061768 340.436508655548 486.807662963867 576.514694213867 429.744335174561 342.428642272949 374.022140026093 433.8112449646 490.641059875488 550.731185913086 363.306490540504 324.921752929688 449.379173278809 440.775917053223 319.325740814209 277.904968261719 413.26570892334 500.991744995117 439.939224243164 316.839321136475 351.934455871582 269.551231384277 268.845085144043 410.456577301025 331.078624725342 332.105926513672 520.399337768555 476.145393371582 297.937774658203 299.90934753418 367.574117660522 352.757629394531 424.111692428589 410.663360595703 491.897268772125 612.774078369141 508.19205904007 436.268283843994 424.257278442383 559.099956512451 578.765644073486 451.459419250488 831.483055114746 742.228134155273 780.192398071289 434.820362091064 428.794994354248 542.285088539124 595.476707458496
326.838005065918 184.730911254883 359.111995697021 469.486358642578 537.572860717773 388.165069580078 237.180099487305 285.507164001465 452.665336608887 405.355438232422 414.965751647949 419.081787109375 328.683557510376 262.400863647461 301.238082885742 264.987182617188 274.850555419922 252.67594909668 437.903717041016 380.727079391479 400.823455810547 371.460842132568 308.45837020874 297.981880187988 461.214477539062 322.379283905029 364.580657958984 350.151653289795 436.834003448486 370.193649291992 435.447463989258 317.465507507324 440.618137359619 342.691757202148 434.80056476593 663.149566650391 535.96558380127 436.850612640381 455.298645019531 586.679847717285 528.380618572235 618.770622253418 919.708076477051 783.465835571289 668.794258117676 717.285354614258 549.038993835449 437.394302368164 537.4670753479 557.145317077637
472.136798858643 404.021229743958 429.840526580811 454.311958312988 333.534610748291 364.012075424194 236.543228149414 327.863250732422 373.445539474487 378.600517272949 349.92214679718 319.465476989746 292.417991638184 190.349533081055 228.840896606445 317.659301757812 288.35799407959 415.699443817139 467.067985534668 363.843296051025 460.145401000977 432.69994354248 338.606414794922 388.163228034973 312.702590942383 338.234600067139 316.44017791748 343.73461151123 263.194427490234 395.65914106369 395.506447792053 392.557931900024 468.831420898438 426.921597480774 472.941665649414 443.266010284424 419.057739257812 524.439237594604 506.288558959961 563.377174377441 565.634006500244 610.45719909668 826.995818138123 499.051900863647 427.084083557129 439.03791809082 543.884201049805 468.361549377441 648.535675048828 546.898501873016
353.040714263916 299.996841430664 406.82186126709 473.545303344727 412.216808319092 274.645774841309 261.339057922363 341.285658836365 354.589248180389 355.035317897797 364.735346317291 319.865795135498 262.611694335938 236.306228637695 163.554122924805 229.805145263672 263.303672790527 379.123348236084 452.105819702148 508.798522949219 508.756256103516 503.105697631836 478.436515808105 414.014055252075 355.069675445557 392.451486349106 356.13444519043 389.196044921875 298.074241638184 367.017812728882 398.299504041672 402.030832290649 548.582679748535 371.097839355469 570.134857177734 539.146198272705 630.641693115234 592.99649810791 459.251766204834 649.651084899902 1054.87033081055 562.9200963974 717.974228858948 784.831893920898 453.536205291748 534.002578735352 359.080169677734 490.211809158325 506.436709403992 544.543857574463
361.091539382935 344.128300189972 503.857757568359 546.158355712891 468.80150604248 283.871131896973 243.008682250977 242.020324707031 301.070037841797 221.242279052734 336.997708320618 245.600028991699 289.156692504883 346.301486968994 255.767890930176 355.079517483711 401.417499542236 345.168899536133 335.192058563232 448.04093170166 572.495010375977 517.858474731445 503.172302246094 409.936459541321 377.400002479553 498.175537109375 527.572647094727 449.254928588867 385.161355018616 314.578536987305 297.316848754883 346.205207824707 493.26244354248 437.308555603027 562.643760681152 616.402709960938 571.432746887207 727.606002807617 752.080476999283 713.558929443359 675.812530517578 523.400192260742 527.784576416016 486.249160766602 563.252655029297 370.432907104492 449.237663269043 360.677017211914 505.015166282654 500.218284606934
387.060752868652 369.264876365662 438.873245239258 376.538806915283 471.788177490234 362.639214038849 81.2541198730469 209.93782043457 269.382041931152 325.993598937988 412.200813293457 353.434885025024 365.714340209961 328.784650802612 345.533910036087 362.132787704468 367.341456413269 415.457592010498 490.396926879883 500.559494018555 607.879058837891 433.666450500488 417.172927856445 341.776100158691 350.172397613525 458.774856567383 524.918151855469 306.420143127441 360.474571228027 389.576152801514 253.384155273438 311.881149291992 486.020774841309 439.824745178223 582.173141479492 536.506149291992 563.493370056152 728.94979095459 797.10270690918 636.500709533691 594.770195007324 549.972038269043 471.459812164307 496.912628300488 628.05680847168 510.198883056641 570.308193206787 476.096618652344 559.603225708008 599.575382232666
420.523498535156 356.296569824219 381.251739501953 306.392181396484 303.066139221191 375.088817596436 252.094459533691 319.918186187744 351.683284759521 365.624820053577 377.631603240967 225.789253234863 254.04256439209 366.422620773315 338.818386077881 344.854747772217 369.889921188354 403.822441101074 405.464256286621 405.692586898804 351.467475891113 295.35262298584 401.429861068726 381.49986743927 277.912040710449 459.644462585449 547.860366821289 526.176803588867 457.328327178955 321.352073669434 351.771198272705 293.85026550293 464.905022621155 412.44596862793 440.934871673584 355.979095458984 671.366556167603 534.996864318848 586.912132263184 515.277042388916 475.986217498779 567.711612701416 680.780067443848 684.259780883789 643.116976737976 546.666435241699 420.106674194336 619.582567453384 547.109367370605 695.451274871826
423.831159591675 298.506378173828 444.209548950195 477.040031433105 295.594635009766 369.839466094971 340.077682495117 316.025493621826 417.125545501709 300.176528930664 147.75520324707 218.191421508789 272.004943847656 328.804718017578 318.293376922607 352.664958953857 270.069816589355 298.984100341797 351.928072929382 430.747566223145 396.48272895813 433.699363708496 437.742557525635 372.290157318115 440.991676330566 449.900165557861 482.057258605957 453.852550506592 368.727573394775 367.507717132568 412.597099304199 393.156177520752 374.760108947754 428.318542480469 410.05318069458 390.418701171875 526.843523025513 614.554882049561 602.896352767944 334.41389465332 522.163877487183 693.565986633301 812.215072631836 665.388656616211 662.292392730713 -9999 -9999 914.77961063385 710.333343505859 895.896904945374
334.357749938965 426.320339202881 346.904956817627 383.627691626549 434.332427978516 265.227470397949 476.675109863281 340.384684801102 454.390151977539 380.289813995361 280.484889984131 360.423128128052 417.390510559082 367.259885787964 303.90514755249 479.582099914551 399.513515472412 249.825775146484 371.017417907715 471.766975402832 348.629619598389 358.480396270752 399.227586746216 460.744110107422 509.783645629883 408.462286472321 568.202255249023 342.30493927002 495.999351501465 450.181461334229 509.140380859375 486.372447967529 407.718940734863 349.040428161621 333.395248413086 823.855892181396 616.993633270264 803.062133789062 578.579208374023 508.39611518383 676.127555847168 714.84016418457 -9999 -9999 -9999 -9999 -9999 -9999 -9999 -9999
319.624771118164 252.316696166992 335.133834838867 318.695671081543 328.913112640381 414.764442443848 396.577270507812 272.868389129639 349.038457870483 270.326194763184 250.143196105957 348.200729370117 413.154472351074 255.623794555664 323.107133865356 582.751220703125 394.776567459106 361.177010536194 338.519588470459 461.786750793457 388.995262622833 441.595916748047 297.183418273926 414.931407928467 347.405536651611 335.282146453857 407.05296754837 455.406648635864 438.455668449402 478.405038833618 446.9128074646 412.149402618408 440.009498596191 269.356582641602 458.058198928833 534.467548370361 614.884738922119 733.658798217773 732.429077148438 634.287712097168 615.412846565247 -9999 -9999 -9999 -9999 -9999 -9999 -9999 -9999 -9999
