simdem/realisation14.asc
NCOLS 350 
NROWS 171 
XLLCORNER 152620 
YLLCORNER 418050 
CELLSIZE 100 
NODATA_value -9999 
[rows 22 to 43 of 171, columns 100 to 149 of 350]
718.055740356445 682.085754394531 589.996804714203 519.928764343262 660.848602294922 614.488649368286 836.639495849609 688.779291152954 638.969970703125 579.107406616211 878.636436462402 569.742774963379 611.954551696777 868.791915893555 816.219696044922 570.721063613892 589.315734863281 595.748413085938 600.143264770508 727.748332977295 1050.9725112915 880.71656036377 403.060073852539 477.055328369141 547.589183807373 431.109313964844 492.654579162598 330.223388671875 488.982528686523 417.24641418457 586.536238908768 564.38578414917 621.577123641968 634.9347615242 737.035873413086 677.299751281738 625.892894744873 580.214424133301 583.962425231934 673.991415023804 715.478416442871 706.272342681885 620.556471824646 604.719763994217 624.416306495667 592.532634735107 649.827024459839 726.798904418945 555.844047546387 596.19075012207
601.839082717896 661.892555236816 682.702033996582 648.297298431396 424.954177856445 840.42121887207 660.528881072998 566.253189086914 599.592041015625 513.461151123047 1586.34628295898 538.756568908691 540.043014526367 1279.85934448242 552.705169677734 625.010513305664 845.487670898438 600.744468688965 564.758422851562 639.975219726562 780.745346069336 547.982975006104 1035.35319519043 1049.97978210449 529.685913085938 709.654037475586 520.578330993652 554.253574371338 591.412066459656 556.713930130005 521.367340087891 530.669120788574 590.676912307739 782.338958740234 659.231864929199 630.083739280701 547.387107849121 619.682264328003 616.175831794739 638.281456947327 699.287155151367 713.274322509766 671.821327209473 699.138290405273 697.346031188965 675.246520996094 584.245914459229 477.827774047852 462.401184082031 551.023780822754
693.010719299316 617.742164611816 571.79906463623 435.097076416016 447.287185668945 742.801635742188 572.287147521973 800.983207702637 660.269226074219 699.896110534668 614.853706359863 898.109268188477 760.434072196484 716.930725097656 486.573867797852 566.446914672852 586.416213989258 532.350616455078 711.537341117859 790.812507629395 711.26025390625 463.68399810791 405.21989440918 456.952484130859 739.06139755249 586.362804412842 605.696529388428 486.907196044922 590.21967792511 704.82975769043 586.225399971008 589.599132537842 638.854074478149 753.759489059448 821.81462097168 711.267757415771 607.026608467102 576.920791625977 592.20135307312 690.911825180054 814.901824951172 680.63525390625 634.903432846069 637.082851409912 702.227355957031 602.389969825745 401.261306762695 498.757499694824 542.494964599609 626.364377975464
568.934135437012 501.276973724365 729.632849693298 564.555221557617 475.447845458984 422.066162109375 661.664428710938 1015.69811248779 685.510353088379 847.184951782227 843.920013427734 825.188980102539 1081.9867515564 978.30200958252 940.964019775391 1011.5684967041 618.914123535156 659.741903305054 522.542013168335 697.700424194336 1376.56715393066 500.682357788086 711.068641662598 594.889253616333 599.105171203613 502.983543395996 426.215667724609 518.588573455811 607.846580505371 667.423866271973 613.598873138428 697.435493469238 611.663997769356 777.295615196228 779.003192901611 654.831384181976 533.319175720215 498.878189086914 647.974395751953 539.919723510742 605.15951859951 450.058212280273 528.877487182617 655.303413391113 647.082084655762 524.61474609375 500.794921875 591.22993850708 609.915367126465 719.372787475586
318.095718383789 239.021789550781 624.311462402344 270.728820800781 571.464569091797 303.884002685547 357.445770263672 569.7392578125 1089.75485992432 671.956619262695 589.502670288086 777.017868041992 1009.80744934082 677.20555305481 836.166473388672 902.157020568848 604.028610229492 651.84725189209 749.418975830078 426.473770141602 1239.53050231934 776.540592193604 767.501647949219 715.176406860352 482.072036743164 591.074882507324 525.324028015137 586.174942016602 569.507141113281 711.400939941406 529.625165939331 594.350154876709 689.225555419922 603.111156463623 558.630344390869 490.211036682129 504.403228759766 379.025268554688 557.752220153809 548.228843688965 444.699188232422 401.28190612793 448.826240539551 609.668262481689 473.281036376953 452.248352050781 568.086065769196 635.292289733887 717.728073120117 698.004302978516
238.133514404297 488.40552520752 425.861572265625 372.161087036133 889.142028808594 1206.33047485352 556.719268798828 300.317901611328 682.614189147949 859.815464019775 487.511871337891 672.079681396484 737.785842895508 444.059127807617 549.281410217285 964.825912475586 1261.94647216797 513.535274505615 574.265365600586 654.635498046875 508.871612548828 559.81107711792 673.026500701904 608.609794616699 703.114051818848 524.389579772949 489.161720275879 703.288391113281 665.124458312988 547.014554023743 639.296279907227 546.5890583992 633.430107116699 533.827582359314 577.231022357941 565.822873592377 678.100021362305 513.90958404541 696.70100402832 676.73450088501 622.953758239746 491.982414245605 628.246429443359 598.17951965332 675.673461914062 526.008750915527 530.364950180054 579.207067489624 579.503015518188 668.594535827637
430.500801086426 705.548400878906 469.797233581543 586.945037841797 452.511764526367 751.858814239502 438.452621459961 415.316757202148 703.592918395996 443.930847167969 698.612991333008 539.006561279297 482.714096069336 467.5400390625 804.816513061523 438.650619506836 449.897476196289 988.528335571289 959.092636108398 598.891042709351 569.922889709473 655.135730743408 618.955078125 529.681629180908 557.876188278198 688.396682739258 579.002330780029 674.430541992188 536.134919166565 548.908250808716 479.445503234863 581.334955334663 543.288990020752 602.985271453857 529.697902679443 471.730812072754 638.369338989258 601.256107330322 526.886619567871 626.406337738037 520.06697845459 584.110290527344 566.017080307007 513.248760223389 550.377691268921 557.875599861145 466.330230712891 532.437120676041 696.480133056641 593.775266647339
354.296310424805 375.016845703125 473.994926452637 536.193756103516 521.710296630859 550.026817321777 595.788110733032 383.519134521484 571.723701477051 472.481109619141 726.784301757812 422.873092651367 568.182830810547 831.110427856445 798.504962921143 437.503326416016 417.049102783203 329.930450439453 481.429313659668 543.840100288391 623.648880004883 590.153350830078 552.948080062866 460.993698120117 547.134788036346 795.976181030273 703.632904052734 602.001182556152 515.791440010071 553.155076980591 515.21521282196 517.271440505981 535.707584857941 468.204822540283 434.05640411377 589.621646881104 463.069374084473 510.196775436401 695.090682983398 674.324066162109 658.569435119629 700.085968017578 511.948417663574 452.588928222656 603.232955932617 521.544048309326 476.324394226074 540.476103305817 521.470497131348 453.672325134277
696.084609985352 496.397361755371 489.701587677002 745.316298484802 677.676483154297 583.442335128784 492.784538269043 537.170471191406 525.856262207031 782.074745178223 685.897914886475 527.722320556641 538.601531982422 820.03387594223 583.445520401001 827.827102661133 516.072219848633 360.277496337891 526.124038696289 491.912391662598 631.740142822266 557.121765136719 832.574417114258 625.505912780762 634.464557647705 1652.50733947754 644.051376342773 505.998384475708 585.008232116699 597.202079772949 631.230499267578 494.014841079712 529.774436950684 522.862168312073 443.746307373047 428.58715057373 426.839981079102 596.571343183517 492.397071838379 535.209913253784 545.891262531281 485.152233123779 593.020875930786 564.354682922363 547.429570674896 471.330696105957 473.332893371582 512.53186416626 522.83888053894 580.282688140869
443.405960083008 370.531494140625 483.483238220215 556.09987449646 1366.87985229492 544.68866944313 461.513397216797 418.868659973145 713.6484375 619.607284545898 747.40453338623 899.429553985596 747.16529083252 466.847396850586 407.691970825195 527.615615844727 548.921977996826 544.581596374512 523.671285629272 577.139484405518 650.804344177246 479.922729492188 674.323913574219 534.775919914246 458.612838745117 519.519996643066 576.476936340332 471.323879241943 620.280921936035 506.069193840027 622.632629394531 526.944381713867 638.515998840332 578.202823638916 551.038846969604 459.493362426758 495.220890045166 552.710117340088 550.875522613525 663.647895812988 707.954132080078 524.560965538025 559.513137817383 567.779714584351 530.046327590942 531.414082765579 534.726429343224 535.747218608856 557.807273864746 492.861141204834
632.888603210449 411.865631103516 553.211441040039 759.460067749023 733.244766235352 708.923583984375 561.550554275513 1094.90619659424 1217.37020111084 597.478921890259 576.626762390137 620.26912689209 620.340873718262 512.689800262451 558.260009765625 355.302780151367 541.599491119385 570.286098480225 567.047468185425 559.138229370117 721.940063476562 442.807899475098 505.85117149353 508.411252975464 535.598054885864 422.933143615723 471.368854522705 519.294694900513 456.375213623047 424.766944885254 573.560710906982 452.082424163818 561.660587310791 425.300239562988 410.14030456543 525.119596481323 686.451583862305 543.808645248413 628.303161621094 588.851654052734 563.379871368408 521.179500579834 511.720756530762 547.877691268921 520.450653076172 660.741455078125 646.066879272461 591.041091918945 545.804410457611 469.386249542236
551.791923522949 482.342388153076 522.992780685425 537.570018768311 625.753311157227 619.590530395508 429.968288421631 440.249435424805 623.156799316406 494.514312744141 657.20437335968 461.540264129639 381.626983642578 722.0966796875 443.076377868652 471.715858459473 489.070402145386 464.144969940186 519.102855205536 557.577472686768 595.667385101318 559.301265716553 484.342737197876 541.262350082397 531.012878417969 470.455974578857 555.443584442139 575.359748840332 580.185272216797 611.393943786621 614.5888671875 410.923934936523 540.113349914551 506.471841812134 451.488761901855 362.789916992188 502.224145889282 542.225275039673 539.690467357635 549.849945068359 454.134250640869 561.488681793213 475.87154006958 505.659728050232 601.029808044434 678.305221557617 585.948627471924 593.416339874268 566.651224136353 380.197525024414
470.752573013306 373.771141052246 517.290536880493 497.537006378174 546.347679138184 545.899726867676 484.724146664143 472.192314147949 419.761375427246 449.837997436523 490.6159324646 558.969436645508 373.889373779297 451.210369110107 460.85168838501 509.108009338379 408.917091369629 421.581169128418 567.240940093994 564.332725524902 559.863567352295 541.388498306274 498.542896270752 511.199948787689 530.374641418457 558.157638549805 494.006289482117 599.939292907715 617.730781555176 626.627197265625 487.883344650269 528.612682342529 515.99475479126 488.531465411186 334.9677734375 397.379463195801 473.619937896729 430.937141418457 393.741134643555 457.739318847656 508.960082054138 464.740097045898 398.344207763672 603.273399353027 518.747239589691 633.256042480469 496.171112060547 576.218332290649 556.891732931137 469.844833374023
501.927520751953 421.854034423828 567.196159362793 496.925682067871 595.890548706055 560.220390319824 433.89372253418 587.217208862305 449.196689605713 523.13223528862 638.178726196289 396.738632202148 571.181350708008 415.606250762939 500.415715694427 560.851936340332 490.254444122314 428.752304077148 420.08618927002 616.126678466797 590.643028259277 528.7971534729 530.402008056641 545.04903793335 472.661092758179 520.611431121826 510.993305206299 567.305862426758 529.519096374512 569.598030090332 564.322204589844 500.292737960815 506.749861717224 401.793403625488 435.204330444336 506.334142684937 491.171538352966 523.430681228638 441.265758514404 449.863693237305 533.799976348877 558.794719696045 529.679605007172 531.682234764099 454.503265380859 613.321327209473 419.865745544434 602.540832519531 593.542762756348 593.902736663818
498.286153793335 456.770580291748 548.211288452148 462.640588760376 628.256210327148 513.863208770752 487.167497634888 466.854183197021 571.968223571777 481.476488113403 452.089458465576 439.245548248291 491.406372070312 534.749103546143 488.338932991028 483.433805942535 482.896625518799 482.60888504982 416.469039916992 589.368797302246 505.342777252197 502.345335006714 418.13468170166 495.620453834534 566.037902832031 487.350841522217 541.272743225098 547.029518127441 584.767524719238 526.252727508545 549.062023162842 518.441967010498 531.180511474609 430.651348114014 417.91185760498 461.192123413086 380.370246887207 355.765838623047 413.344429016113 409.780059814453 474.343237876892 480.437480926514 393.006927490234 507.019502639771 524.003398895264 617.545616149902 530.355358123779 524.335109710693 621.716995239258 555.133214473724
574.873443603516 613.859527587891 543.21076965332 456.182565689087 433.52717590332 550.299095153809 462.014896392822 440.46704864502 399.572845458984 466.306060791016 476.745878219604 556.321678161621 489.380251407623 459.063098907471 390.344825744629 369.629081726074 417.402576446533 380.37744140625 297.783020019531 412.113010406494 505.654590606689 462.869419693947 307.165344238281 460.469038009644 473.954351425171 406.783256530762 501.665348052979 534.775230407715 568.7626953125 522.255992889404 480.948621273041 422.287448883057 540.312614440918 583.795196533203 458.371755599976 486.961823225021 404.931678771973 429.010440826416 355.781982421875 439.059143066406 391.310523986816 472.008247375488 384.635879516602 496.247577667236 497.457636356354 529.841557681561 606.752143859863 643.114524841309 471.329383850098 680.27262878418
661.068313598633 685.919799804688 391.046424865723 554.700668334961 491.270153999329 562.68448638916 464.690711975098 387.171882629395 535.773368835449 505.716686248779 470.193120360374 470.146579265594 423.922904968262 576.462699890137 471.999708175659 444.402448654175 553.194938659668 348.618232727051 436.474090576172 481.219138145447 447.998484134674 476.886199712753 466.655246734619 591.380271911621 423.258472442627 453.93416595459 382.779945373535 449.826688289642 522.273571014404 418.379154205322 498.061611175537 441.623840332031 510.639200210571 498.861108779907 373.14720916748 488.889850616455 531.329290390015 442.983444213867 420.281471252441 308.111557006836 324.995239257812 387.510932922363 395.343460083008 599.89769744873 574.313400268555 523.773849010468 607.862091064453 484.806694030762 561.548817157745 582.225969314575
539.955154418945 578.90869140625 473.489250183105 497.910182952881 459.910598278046 407.252380371094 369.836769104004 467.754383087158 472.27125453949 435.807859420776 397.901222229004 419.740673065186 426.0758934021 460.04016494751 349.353828430176 557.851852416992 399.111404418945 426.972480773926 494.022521972656 470.261149525642 434.563287734985 366.181098937988 472.105995178223 465.488525390625 364.219985961914 400.257648468018 430.270383834839 472.249340057373 495.621012687683 284.034851074219 496.262460708618 427.849185943604 409.889518737793 366.799690246582 491.731481552124 405.151580810547 489.320702552795 386.4912109375 272.52912902832 296.310928344727 250.220260620117 272.509307861328 403.615173339844 548.192838668823 603.373565673828 492.790069580078 498.614845275879 507.595788478851 632.132972717285 587.743398427963
482.954586029053 480.742328643799 375.697845458984 382.966941833496 342.813148498535 331.119323730469 415.676807403564 398.148128509521 458.306506156921 444.085550308228 478.644251823425 467.549617767334 438.406028747559 455.27544593811 376.257118225098 491.162551879883 479.719662189484 490.452751159668 505.685682296753 487.285522460938 512.666454315186 462.883146286011 572.957450866699 514.440223693848 431.498378753662 433.513740539551 395.801315307617 608.141387939453 548.597839355469 400.938293457031 402.306167602539 499.706798553467 435.17712020874 354.394119262695 329.950477600098 404.209510803223 477.409193992615 491.895311355591 340.470657348633 243.974182128906 378.925643920898 405.941291809082 312.514694213867 474.48709487915 469.610565185547 638.472282409668 552.180801391602 612.892539978027 541.170286178589 526.850782871246
392.249252319336 405.667945861816 375.785202026367 482.336380004883 432.790475845337 460.773769378662 373.020973205566 449.016355514526 392.941459655762 443.280044555664 426.34786605835 496.604804039001 470.648645877838 471.094821929932 432.355525970459 358.281173706055 474.290566444397 425.394142150879 488.91473197937 343.595138549805 476.817974567413 505.111415863037 573.893310546875 431.013618469238 453.592418670654 397.022621154785 479.714950561523 578.928573608398 529.146690368652 457.984455108643 413.073638916016 408.539691925049 318.128372192383 313.232818603516 338.657020568848 419.773643493652 488.206632614136 505.453452438116 399.060905456543 401.941879272461 294.67366027832 405.504821777344 481.479328155518 477.328233718872 517.919406294823 688.479080200195 607.390029907227 569.853832244873 592.572460174561 510.182804107666
348.79377746582 397.782459259033 566.650588989258 433.104373931885 406.358489990234 481.207223892212 434.153783798218 500.450248718262 410.387096405029 410.862354278564 393.174907684326 383.558216094971 326.520202636719 559.648773193359 510.179573059082 485.915064811707 509.83625793457 534.151664733887 514.835765838623 390.073204040527 561.103439331055 493.268257141113 557.12914276123 497.026721954346 442.85986328125 361.195838928223 349.77269744873 550.403205871582 620.149337768555 451.139526367188 571.459083557129 559.634002685547 540.351142883301 503.299671173096 454.386003494263 552.343322753906 430.746131896973 610.786987304688 601.460006713867 523.461080551147 438.917041778564 529.33447265625 583.805076599121 634.941635131836 466.116218566895 535.314691543579 482.647233963013 497.662805557251 516.185084223747 567.387258529663
310.564041137695 469.426832199097 448.412930965424 271.633743286133 347.607032775879 502.592079162598 479.160060882568 540.195213317871 372.020866394043 297.707473754883 346.296173095703 215.858352661133 308.939514160156 441.507926940918 361.407646179199 449.345539093018 696.81005859375 617.75456237793 511.072849273682 466.294339179993 559.103500366211 519.716461181641 473.863746643066 533.438568115234 543.958797454834 459.994485855103 532.566825866699 351.200317382812 578.035461425781 537.46594619751 417.720565795898 621.163543701172 547.487518310547 372.437728881836 599.205299377441 392.666801452637 485.835944652557 551.81897354126 530.909748077393 530.918962478638 491.962533950806 495.811060190201 628.124992370605 576.459503173828 497.361800193787 501.3217420578 531.408018112183 563.759357452393 476.551731109619 562.944673538208
