simdem/realisation75.asc
NCOLS 350 
NROWS 171 
XLLCORNER 152620 
YLLCORNER 418050 
CELLSIZE 100 
NODATA_value -9999 
[rows 44 to 65 of 171, columns 200 to 249 of 350]
862.694667816162 793.959899902344 694.60466003418 494.191558837891 547.804986953735 524.791921615601 702.766553878784 814.50365447998 724.9836769104 797.412330627441 621.248123168945 505.482543945312 582.170417785645 887.050537109375 619.738540649414 702.24284362793 578.488319396973 655.5061378479 533.034912109375 510.379776000977 413.937713623047 478.312850952148 591.940810680389 579.273725509644 603.673112630844 675.434429168701 558.481842041016 589.857864379883 482.887893676758 629.147257804871 650.193920135498 623.494113922119 1148.39597702026 624.005493164062 817.223731994629 836.545867919922 761.886672973633 654.069626331329 535.213226318359 533.590240478516 671.120323181152 746.007488250732 650.769962310791 684.514839410782 814.172966003418 738.859573364258 755.722175598145 820.253326416016 785.361267089844 755.676563262939
1196.900390625 1474.96366119385 1042.0426864624 926.415332794189 741.421340942383 834.374908447266 878.938488006592 846.822982788086 752.94771194458 668.678493499756 827.001739501953 671.00643157959 689.483582496643 1074.89789199829 575.826248168945 969.133415222168 805.789916992188 618.750020503998 533.413635253906 559.828788757324 636.267719268799 549.34920501709 671.138793945312 680.677360534668 649.140197753906 726.40601348877 618.587942123413 629.084679603577 572.875942230225 654.622764825821 621.168977737427 629.78987121582 683.200818896294 677.976610183716 761.83065032959 690.948064804077 847.877410888672 652.431053161621 668.607406616211 665.392154693604 675.03977394104 672.776356220245 642.794990539551 601.494773864746 692.866125106812 686.521389007568 825.475120544434 844.931732177734 685.104169845581 693.084643363953
551.701240539551 1042.33318328857 1727.99211120605 1152.36722946167 733.888137817383 597.534690856934 771.737133026123 701.337068557739 525.545291900635 677.314468383789 556.293704986572 622.120532989502 688.673202514648 835.416986465454 754.992884635925 994.706573486328 1395.92210006714 600.981887817383 448.332321166992 486.342788696289 495.100700378418 556.725791931152 679.392723083496 717.761260986328 746.096817016602 630.434707164764 614.191264152527 669.032600402832 696.373672485352 659.520530700684 707.671325683594 738.159645080566 711.943542480469 661.07900428772 784.443092346191 763.8486328125 749.309242248535 785.839790344238 701.719772338867 694.487302780151 599.47582244873 709.449452400208 710.171737670898 674.712465286255 723.81067276001 782.197845458984 798.930938720703 782.266006469727 778.958841323853 724.583974838257
578.66494178772 732.769836425781 894.259174346924 1379.39147949219 840.997457504272 661.435436487198 824.555801391602 636.382583618164 538.277976989746 536.248722076416 615.704147338867 589.872324943542 578.99804353714 482.394470214844 740.933053731918 915.414993286133 1071.9793548584 1959.46642017365 1296.77366638184 531.256423950195 422.705291748047 545.699401855469 642.784755706787 677.107528686523 657.482078552246 605.917137145996 651.705976486206 693.08464050293 798.676696777344 671.977127075195 773.957374572754 741.903411865234 726.860481262207 601.327171325684 731.672103881836 632.524406433105 681.803941726685 750.974754333496 724.832164764404 638.772018432617 611.701148986816 614.985782623291 647.912254333496 637.926315307617 582.191581726074 745.529632568359 686.498177647591 853.054946899414 712.019207000732 752.82194519043
558.413177490234 662.586456298828 903.271621704102 795.130172729492 631.659336090088 675.152011394501 640.369781017303 702.933141708374 621.761856079102 645.413734436035 702.319221496582 585.044139862061 710.320327758789 749.299896240234 616.086359024048 728.7873878479 959.070892333984 1323.43653106689 1100.35643768311 945.748918533325 617.32275390625 607.973472595215 682.805229187012 731.482124328613 726.769203186035 531.688049316406 521.891662597656 630.69113779068 678.467769622803 822.748031616211 699.549510955811 761.956024169922 803.359512329102 801.865127563477 770.882247924805 714.96715927124 731.848175048828 751.415809631348 841.490158081055 608.174629211426 673.638778686523 855.854264259338 805.407913208008 576.382110595703 669.602640151978 735.076587677002 696.558238983154 657.887088775635 860.018218994141 809.911277770996
493.308197021484 605.448707580566 703.47868347168 736.828964233398 650.888816833496 591.98999786377 737.796659469604 607.157974243164 749.430358886719 790.687484741211 699.599304199219 641.335189819336 665.765777587891 793.400833129883 679.909755706787 718.896622657776 901.955215454102 1114.05545043945 1873.57469558716 1559.55611228943 844.850821495056 905.884353637695 701.509677886963 818.658538818359 721.13330078125 483.629165649414 640.184688568115 649.422920227051 617.522083282471 712.340560913086 631.010022640228 688.577327728271 640.709903717041 616.410638809204 653.224489212036 653.298758506775 805.473571777344 589.808143615723 744.64771270752 631.630126953125 643.652435302734 622.650947570801 543.976844787598 1132.24809646606 939.841888427734 812.330032348633 823.114501953125 774.216697692871 745.443733215332 692.730834960938
672.186096191406 696.820869445801 652.858985900879 667.896858215332 691.333831787109 620.048572540283 700.134170532227 645.663932800293 842.459175109863 760.104949951172 643.666648864746 718.264755249023 654.41463470459 562.064938545227 562.212200164795 563.518531799316 616.792434692383 1031.77239990234 1607.25410079956 1814.83139038086 1033.46127319336 848.642623901367 718.744285583496 596.445605278015 674.189430236816 797.957504272461 588.27152633667 582.90869140625 744.746147155762 507.18896484375 568.757835388184 617.308771133423 624.937905311584 637.055700302124 598.563842773438 638.583938598633 701.391231536865 655.625165939331 709.146808624268 628.725410461426 594.253479003906 649.748840332031 617.841732025146 636.093418121338 941.660980224609 1320.67288160324 757.913047790527 641.254943847656 494.561004638672 667.830032348633
571.981812477112 703.70922088623 646.570688724518 790.228164672852 662.159934997559 614.3271484375 740.759811401367 619.720087051392 655.462768554688 684.379019737244 683.290817260742 537.340698242188 771.464370727539 593.432052612305 603.374153137207 586.665033817291 689.295812129974 1065.49101257324 1499.25594329834 1499.23448181152 1467.00705718994 769.567943096161 724.00895690918 526.168159484863 605.313482522964 604.402028441429 632.328182220459 560.874725341797 597.871402740479 650.066530227661 630.248183608055 591.661502838135 624.681846618652 578.710556030273 692.753795623779 599.052989959717 639.624105453491 705.680625915527 717.660795211792 582.593017578125 571.986427307129 736.51921081543 786.823043823242 668.084911130369 952.489042282104 711.502759933472 991.925834655762 1213.52425384521 723.351806640625 743.274749755859
444.691307067871 526.622627258301 774.492225646973 771.02311706543 675.794944763184 759.177207946777 832.929828643799 790.270797729492 700.349353790283 907.094573974609 835.595664978027 607.592435449362 638.109516143799 590.338270187378 565.185415625572 505.574489593506 546.782455444336 935.422981262207 1051.309425354 1746.5936126709 2018.30960738659 1218.58492279053 672.862066268921 658.953578948975 685.02880859375 563.023998260498 573.098522186279 652.146297454834 662.829128265381 623.339105606079 532.241020202637 654.854301452637 593.354068756104 745.332656860352 692.537899017334 665.206567764282 651.930535793304 640.63497543335 639.842176437378 760.127456665039 717.680065155029 704.192058563232 720.164810180664 671.00369977951 640.20174407959 662.509483337402 636.945602416992 549.070404052734 930.177429199219 895.967956542969
535.465969085693 614.508731842041 815.060821533203 688.999654769897 637.371952056885 510.175064086914 664.021570205688 700.699367523193 624.754611968994 728.546043395996 810.271224975586 675.688297271729 538.310607910156 521.287841796875 524.477798461914 536.084495544434 601.240951538086 774.982498168945 1017.90871429443 915.893333435059 1191.00819396973 1276.20288085938 1673.90375137329 910.159843444824 767.619529724121 586.543033599854 569.464916229248 615.25168800354 594.424007177353 654.024295806885 606.33274269104 667.769386291504 703.984920501709 582.953590393066 624.41370010376 543.66365814209 695.282625198364 672.781011581421 753.786102294922 699.133708953857 662.523691177368 743.963600158691 658.210889339447 625.770385742188 668.038677215576 750.746276855469 487.977432250977 813.230964660645 894.488067626953 559.121055603027
641.621822357178 564.704544067383 651.656433105469 718.534156799316 605.54688167572 633.568036079407 582.010067939758 612.38568687439 748.740737915039 824.003128051758 620.341968536377 674.725242614746 632.554021835327 656.835414886475 712.357177734375 610.511420726776 560.089659690857 585.276458740234 717.236663818359 731.618553161621 833.041076660156 1253.38778686523 1798.39170837402 982.351119995117 819.895301818848 574.938766479492 458.549407958984 512.218925476074 618.032542228699 582.798238754272 618.521695137024 626.044195652008 598.057643890381 656.857652664185 463.146575927734 512.096298217773 576.713321685791 608.884948730469 656.341126441956 734.29027557373 652.304127693176 640.662744522095 617.990386962891 676.545600891113 723.874043941498 551.468719482422 562.405754089355 630.153591156006 552.285163879395 679.201704025269
575.975820541382 635.386163711548 587.583889007568 522.755645751953 492.258522033691 662.013427734375 548.829460144043 654.910678863525 611.901374816895 643.114242553711 802.627059936523 643.172107696533 693.672821044922 655.080223083496 780.137954711914 708.590347290039 586.236034393311 594.06079864502 660.522171020508 694.674869537354 765.285086154938 991.070062637329 1200.97858428955 1501.19389343262 947.420257568359 624.497270584106 615.188145637512 635.406265258789 622.878519058228 603.500718832016 611.009790420532 539.732315063477 650.246328353882 546.989524841309 490.379180908203 607.071654319763 545.588470458984 681.927560806274 663.24959564209 741.536010742188 626.838772773743 587.87313079834 736.035419464111 587.729782104492 572.289459228516 550.956871032715 666.278529047966 613.73514175415 735.302093505859 767.962966918945
623.005678415298 695.119163513184 678.802124023438 602.128846168518 510.628387451172 720.782493591309 618.35068321228 596.136096954346 782.091896057129 763.964496612549 837.926795959473 880.137222290039 727.38729095459 541.279670715332 802.208641052246 733.583687782288 816.3141746521 782.130136489868 612.431793212891 692.867835998535 872.929961681366 1036.18082427979 1304.19367218018 1101.84169769287 978.698867797852 642.774700164795 688.01375579834 634.893716812134 720.905220031738 540.856216430664 557.538272857666 597.935844421387 774.943572998047 607.268087387085 432.928848266602 505.196975708008 631.484230995178 628.384638786316 558.079208374023 512.964569091797 695.252586364746 740.500305175781 679.467708587646 827.576049804688 667.66356754303 668.208152770996 734.332466125488 721.455341339111 750.162292480469 714.751586914062
602.898739695549 627.024726867676 634.034565925598 524.046234130859 449.335525512695 713.999710083008 589.48181438446 724.37825012207 711.060312271118 758.994438171387 821.297847747803 778.196443080902 683.851459503174 727.624397277832 608.710876464844 628.848392486572 857.764717102051 874.427738189697 680.423141479492 809.484149932861 850.168560028076 959.19010925293 863.082973480225 989.802108764648 894.162940979004 763.027496337891 743.659301757812 589.986545562744 593.941198348999 581.738737106323 501.471824645996 560.727195739746 592.462635040283 606.637155532837 617.145396232605 457.461547851562 534.909851074219 624.395822763443 597.999952316284 678.527835845947 775.414749145508 693.920330047607 773.879177093506 638.462989807129 619.430061340332 652.493826150894 678.871387481689 696.409038543701 630.909160614014 686.063751220703
517.212867736816 449.706985473633 673.288888931274 585.738021850586 622.881134033203 644.914978981018 608.833187103271 626.810899734497 632.536117553711 615.069948196411 519.380981445312 627.37476348877 798.032524108887 710.779494166374 554.68669128418 597.913314819336 770.9928855896 795.648582458496 617.985336303711 796.257263183594 955.969367980957 886.520503997803 988.456489562988 901.343872070312 577.467273712158 600.02569770813 621.859697341919 618.054717063904 659.437961578369 503.467193603516 431.781433105469 889.657064437866 704.540092468262 621.351837158203 528.639945983887 519.411643981934 504.559371948242 708.795776367188 684.631240844727 759.530456542969 691.511627197266 787.801422119141 788.952407836914 786.191513061523 632.077672958374 620.844451904297 705.918594360352 748.755462646484 674.993558883667 719.283905029297
556.097763061523 488.71321105957 563.741680145264 690.280426025391 576.288269042969 616.274383544922 573.122741699219 487.539443969727 566.329620361328 651.206966400146 672.029392242432 682.742172241211 807.506843566895 836.913391113281 800.874801635742 646.086338043213 712.932896375656 688.079359054565 909.166748046875 938.078628540039 899.553489685059 802.551706314087 1015.28198242188 725.886669158936 529.681884765625 541.574550628662 662.826438903809 669.822048187256 624.279444694519 584.826778411865 856.062299728394 693.024978637695 764.887420654297 892.926204681396 544.29768371582 578.370903015137 558.485221862793 605.818401217461 609.624949455261 759.321929931641 732.578651428223 684.341690063477 568.868461608887 522.578971862793 561.183101654053 784.880363464355 661.266385316849 702.317900657654 587.639572143555 724.279216766357
546.506454467773 601.370664596558 801.324401855469 681.855175018311 527.464530944824 672.685873031616 557.408912658691 633.828630447388 575.28572845459 642.488671302795 525.519027709961 666.779594421387 689.690795898438 718.660217285156 773.060440063477 726.77451133728 755.640554428101 732.877582550049 711.4118309021 753.453090667725 974.665222167969 898.701148986816 649.364791870117 545.358291625977 590.112665176392 602.810013771057 706.67650604248 613.591829299927 585.826446533203 761.461219787598 862.450168609619 458.148864746094 512.258934020996 549.10831451416 596.451877593994 897.991386413574 711.241498947144 602.054580688477 683.510955810547 706.836898803711 728.336639404297 590.236045837402 537.749053955078 621.476376533508 588.349913597107 675.7682762146 626.63830947876 676.305801391602 603.292457580566 713.088348388672
524.025581359863 639.856410980225 752.028533935547 721.460795402527 604.061670303345 706.226133346558 705.792652130127 777.749809265137 619.475639343262 496.868896484375 644.667819619179 487.628570556641 494.07795715332 720.031192779541 777.22492980957 737.364410400391 831.030586242676 790.454730987549 709.559646606445 766.841606140137 721.340484619141 674.359306335449 589.880634307861 620.18360710144 650.887252807617 566.82022857666 481.001510620117 530.504066467285 555.767391204834 845.750045776367 662.695877075195 531.630126953125 428.233535766602 547.955230712891 543.461975097656 800.871765136719 895.504577636719 663.303535461426 787.561058044434 660.232685089111 867.366027832031 729.093521118164 585.861129760742 547.037460327148 656.057518005371 630.675404548645 649.189109802246 696.871223449707 637.023723423481 676.325937271118
698.726409912109 671.105003356934 727.921264648438 649.387823104858 775.643341064453 689.727184295654 645.970422744751 627.383911013603 670.779651641846 698.347763061523 699.000938415527 644.742399215698 697.56120300293 665.212184906006 832.013809204102 682.507675170898 694.459186553955 509.099662780762 487.567695617676 461.195602416992 632.046556472778 569.880352020264 501.948707580566 598.684009552002 594.927174568176 472.635498046875 484.142669677734 554.377624511719 557.040946960449 847.60795211792 643.244213104248 504.135200500488 450.829666137695 613.533790588379 690.624729156494 746.696212768555 895.032119750977 1030.32739639282 1025.92534065247 711.902775764465 582.81717300415 600.735145568848 708.001201629639 642.381365299225 736.714767456055 640.317000985146 843.047302246094 824.122436523438 790.057586669922 639.824081420898
634.070793628693 864.041732788086 829.297119140625 702.929412841797 627.248628854752 524.328941345215 764.871368408203 610.723394393921 452.028060913086 804.051040649414 715.30126953125 643.04577922821 873.074005126953 680.013690948486 880.955902099609 729.94607257843 463.161399841309 583.751594543457 544.035255432129 494.859481811523 658.146489143372 439.087265014648 619.706707000732 524.556133270264 539.41039276123 391.165573120117 489.870559692383 582.756759643555 593.370643615723 734.205879211426 574.272659301758 524.129501342773 386.156097412109 496.405166625977 802.133041381836 738.516906738281 769.845840454102 965.783710479736 617.547052383423 573.453559875488 650.199365615845 772.986709594727 756.771194458008 564.693046569824 733.55297088623 660.50760269165 711.926025390625 832.579467773438 902.770812988281 662.176885604858
576.695453643799 862.806800842285 759.048233032227 689.096332550049 690.246047973633 509.221069335938 718.012142181396 729.238296508789 760.199745178223 595.443974494934 851.106292724609 820.222732543945 663.13260269165 636.064702987671 681.970096588135 639.448692321777 569.518730163574 789.340286254883 731.993179321289 524.311904907227 642.700090885162 678.520532608032 751.324462890625 605.939842700958 646.093822479248 585.739211559296 567.958002090454 581.555442810059 420.701034545898 539.41576385498 664.364833831787 613.13370513916 431.92936706543 384.109191894531 695.818241119385 722.278221130371 658.716260910034 801.403297424316 553.905990600586 514.805458068848 531.325912475586 665.670124053955 503.551574707031 606.364822387695 713.140068054199 701.896957397461 641.969879150391 630.9884557724 792.713943481445 786.973114013672
521.310501098633 567.197237491608 683.400869369507 587.783382415771 640.59797629714 501.179634094238 666.970977783203 588.406173706055 624.127352714539 468.255737304688 774.398971557617 813.496475219727 668.819328308105 579.064872741699 586.340740203857 654.872472763062 705.539268493652 583.615894317627 651.992237091064 609.873533248901 635.826002120972 778.357299804688 744.551574707031 768.591735839844 615.225353240967 440.008865356445 544.666851043701 628.245095729828 673.267963409424 766.158020019531 645.616352081299 685.740440368652 568.292839050293 559.640579223633 612.073273658752 879.039043426514 785.340637207031 681.653352737427 526.240379333496 523.87818145752 561.256015777588 650.216563642025 582.354412078857 697.527690887451 673.525726318359 777.604141235352 726.731842041016 715.146141052246 689.051868438721 682.581760406494
