simdem/realisation28.asc
NCOLS 350 
NROWS 171 
XLLCORNER 152620 
YLLCORNER 418050 
CELLSIZE 100 
NODATA_value -9999 
[rows 22 to 43 of 171, columns 100 to 149 of 350]
543.725337982178 462.084579467773 519.891372680664 452.754653930664 645.000785827637 582.058944702148 677.57137298584 712.488194465637 579.69905090332 498.204437255859 716.008560180664 522.290023803711 578.625942230225 851.749114990234 612.512405395508 519.239547729492 747.066696166992 760.590965270996 594.937507629395 738.150609970093 1093.53980255127 833.380996704102 439.002426147461 358.78466796875 400.189346313477 372.229843139648 332.076675415039 508.841480255127 660.457786560059 664.952095031738 618.274873733521 504.201812744141 638.964214324951 671.579832077026 512.619293212891 522.109855651855 595.605039596558 512.048011779785 563.217956542969 659.177823543549 646.85178565979 581.326847076416 603.915643215179 557.950305938721 719.802276611328 646.447173118591 685.218681335449 644.23286819458 580.508804321289 622.505190849304
542.114562988281 520.762954711914 536.062305450439 532.611236572266 420.160308837891 758.196380615234 661.735042572021 618.90544128418 651.758079528809 600.488128662109 1592.28746795654 576.479606628418 570.76880645752 1217.35780906677 549.821533203125 531.380081176758 782.689559936523 579.088256835938 746.629211425781 405.828063964844 703.865737915039 478.205612182617 1180.77378845215 949.83903503418 681.072772026062 651.682083129883 600.823689460754 478.67903137207 556.06852722168 575.821498155594 599.877581834793 525.241317749023 538.17947769165 583.417785644531 622.813052177429 610.838222503662 659.194004058838 574.625389099121 644.100578308105 612.869567871094 532.997589111328 604.668960571289 658.629890441895 573.117504119873 680.12370300293 629.673360824585 664.738838195801 718.770278930664 648.274917602539 584.839200973511
476.775520324707 512.303783416748 470.204986572266 574.520027160645 256.084259033203 707.000579833984 518.140853881836 599.59455871582 620.695508003235 577.253372192383 727.247245788574 1105.19371032715 718.186950683594 760.808994293213 500.515655517578 651.50870513916 647.574275970459 582.3928565979 762.75902557373 769.761672973633 810.866989135742 490.998382568359 524.779899597168 491.544166564941 692.811416625977 472.921264648438 611.107078552246 602.12141418457 521.427032470703 430.248901367188 456.731636047363 566.5879599154 597.045265197754 635.153411865234 761.866249084473 574.922744750977 573.394924163818 574.773498535156 628.054826259613 652.251964569092 646.520956039429 595.476728439331 593.738325119019 566.636039733887 545.360473632812 728.2451171875 723.204650878906 701.623252868652 682.542549133301 620.472766876221
490.228713989258 521.224849700928 733.599761605263 565.746276855469 553.27067565918 536.863494873047 802.965469360352 907.928726196289 602.805389404297 954.888607025146 1047.35620880127 943.50189447403 893.912521362305 878.046398162842 892.641360282898 1188.30185127258 669.288281440735 611.445171356201 614.358768463135 785.937915802002 1457.11730957031 566.782150268555 498.333923339844 414.286209106445 532.383056640625 497.307842254639 543.930605888367 595.672330856323 437.384613037109 562.005683898926 441.81787109375 625.838054656982 658.06311416626 775.623373985291 750.188062667847 628.369869232178 582.33890914917 505.934898376465 507.077568054199 546.607795715332 613.926152229309 683.252662658691 731.688552856445 544.254314422607 544.779346466064 728.323394775391 560.620913028717 562.341012954712 525.130283355713 496.306671142578
375.777374267578 365.22966003418 718.470008850098 631.303263187408 713.417999267578 464.737289428711 543.320510864258 717.451210021973 1085.94193267822 681.437240600586 763.585405349731 974.600517272949 965.407072067261 601.766708374023 930.743141174316 858.76969909668 683.300425052643 594.691619873047 753.854442596436 459.499176025391 1177.61500167847 671.059387207031 645.99925994873 396.277221679688 471.795455932617 658.049932479858 502.441009521484 549.760037899017 542.819969892502 487.888389587402 489.247955322266 591.354019165039 723.251007080078 641.287322998047 579.771068572998 631.384845733643 621.269845962524 500.007713317871 440.649917602539 529.425468444824 553.670265197754 640.557510375977 713.918914794922 629.169075012207 734.157974243164 611.06654548645 513.518329620361 546.649709701538 621.022258758545 541.462535858154
428.039947509766 458.17310333252 585.608057022095 529.531715393066 967.269515991211 1243.89971923828 744.425693511963 659.960014343262 721.098562240601 750.019439697266 569.741317749023 634.76823425293 773.968280792236 584.856983184814 375.798461914062 914.169357299805 1311.5509262085 423.428436279297 574.060775756836 720.344604492188 505.541633605957 441.525680541992 491.182434082031 480.913589477539 738.468574523926 564.415180206299 478.47770690918 538.6284532547 640.610618591309 487.286521911621 573.094367980957 519.594367980957 632.574508666992 430.274711608887 603.544311523438 597.925800323486 623.31982421875 447.58235168457 670.797508239746 560.247653961182 624.933013916016 607.064765930176 605.269412994385 650.31649017334 504.195011138916 606.835117340088 598.910869598389 577.482248306274 589.979499816895 636.561988830566
399.958282470703 916.099075317383 375.107086181641 390.276916503906 338.457061767578 464.813842773438 483.567184448242 575.819645881653 753.629119873047 548.508613586426 601.897918701172 446.963653564453 402.848266601562 713.445930480957 871.13614654541 392.380889892578 489.454177856445 881.739593505859 1021.33888244629 352.647888183594 351.624786376953 496.893615722656 468.785736083984 489.879089355469 510.786838531494 421.070816040039 603.185737609863 502.769464492798 542.184847831726 590.562088012695 563.996026992798 579.703310012817 599.392002105713 555.374724388123 545.030305862427 602.437690734863 590.847604751587 594.071318626404 749.063568115234 602.011910438538 501.508007049561 557.593675613403 518.531227111816 525.33002281189 510.356716156006 569.647985458374 556.218692302704 561.224826812744 549.716915607452 606.311908721924
407.36653137207 435.440574645996 380.780563354492 435.268890380859 391.6279296875 560.770967483521 580.43421459198 567.491144180298 621.174736022949 469.136428833008 783.589981079102 516.505920410156 757.448291778564 1063.11586761475 968.995018005371 443.400131225586 475.00122833252 388.39045715332 468.65576171875 412.692993164062 489.921043395996 574.121677398682 570.715297698975 651.515060424805 540.354771614075 491.129547119141 531.002484148834 563.935493469238 414.936363220215 397.281616210938 520.671294212341 507.61678314209 533.120756149292 604.466613769531 562.593330383301 590.960021972656 626.451915740967 681.548919677734 813.233184814453 582.82063293457 562.071142196655 620.057239532471 652.204818725586 528.339094161987 642.105255126953 588.900497436523 580.128311157227 573.023307800293 466.49942779541 550.140174865723
670.232116699219 458.877239227295 346.364669799805 666.123123168945 830.138816833496 724.195785522461 695.575645446777 567.525547027588 621.545614957809 856.373317718506 680.897815704346 431.395935058594 591.80527305603 874.631126403809 678.257858276367 936.635917663574 577.811265945435 522.364686965942 460.899169921875 491.349170684814 439.005798339844 523.147693634033 427.720397949219 446.443580627441 567.560684204102 1646.42676544189 536.712250709534 528.314623832703 503.626728057861 627.794906616211 692.05891418457 594.242683410645 585.370834350586 581.527099609375 521.275721549988 663.54443359375 754.788848876953 923.34130859375 710.593688964844 581.747867584229 567.344987869263 527.883439064026 513.960468292236 527.202352523804 519.036575317383 407.839553833008 517.099161148071 525.211631774902 419.225471496582 530.966932296753
510.78458404541 508.197507858276 420.332862854004 622.947334289551 1417.58611297607 625.391456604004 709.266716003418 527.523550987244 878.971221923828 583.344667434692 474.034805297852 650.668045043945 679.27600479126 631.648193359375 687.536918640137 610.817863464355 558.400451660156 511.315612792969 491.556129455566 449.753952026367 608.551731109619 500.460262298584 470.022792816162 442.530586242676 475.354850769043 705.41682434082 470.76008605957 599.377586364746 495.232713699341 615.496162414551 547.532428741455 480.81453704834 587.006988525391 594.05980682373 485.934879302979 694.257019042969 656.513862609863 596.73352432251 438.148574829102 593.179492950439 535.411628723145 536.002766728401 511.014848709106 487.720245361328 650.893280029297 605.942420959473 697.2275390625 767.180526733398 579.25957775116 503.724617004395
672.967819213867 513.522097587585 403.780258178711 462.121315002441 656.646850585938 651.114448547363 633.770553588867 1086.37510681152 1106.86106109619 421.659973144531 316.329071044922 604.577522277832 850.667785644531 639.760566711426 585.744876861572 474.183795928955 438.079219818115 499.737697601318 521.165809631348 387.549072265625 663.41618347168 531.253467559814 529.186711072922 501.504910349846 684.070861816406 626.455688476562 523.434986114502 458.964199066162 533.295890808105 620.510566711426 474.685314178467 526.324537277222 495.730665206909 472.701511383057 521.135268688202 568.211059570312 603.823455810547 424.700080871582 567.873733520508 501.151114940643 558.059551239014 586.605033874512 502.959625244141 507.329086303711 659.905899047852 713.18766784668 664.53742980957 547.672064781189 590.332958221436 510.20707321167
461.982372283936 561.738735198975 383.93473815918 406.682899475098 452.302337646484 421.98201751709 385.036651611328 514.997003875207 659.877023696899 348.388458251953 562.10188293457 454.739307403564 529.648557662964 1057.09422302246 503.291700363159 424.810913085938 438.062294006348 500.524038314819 470.583148956299 396.462051391602 640.191864013672 568.120666503906 583.684646606445 439.582511901855 577.039764404297 587.803665161133 569.520492553711 424.76683807373 481.928024291992 510.760855674744 455.118782043457 533.193809509277 526.143862724304 457.624633789062 499.659973144531 472.983192443848 610.558692932129 550.576139450073 530.370619773865 647.761535644531 569.016494750977 679.997497558594 613.746482849121 539.560482025146 623.050895690918 618.44416809082 610.64567565918 541.850949287415 634.946517944336 389.637069702148
577.498115539551 402.829811096191 470.81845664978 466.678398132324 483.262998104095 524.874423980713 565.011749267578 553.623622894287 462.980533599854 569.142070770264 572.205801010132 468.46654510498 455.758014678955 592.214134216309 521.498031139374 398.941398620605 584.044311523438 566.027698516846 512.36091709137 550.039295196533 522.683886051178 656.190063476562 619.559173583984 631.346923828125 614.23104095459 556.696281433105 507.653705596924 511.23804807663 438.398963928223 444.564571380615 545.24768447876 543.315826416016 457.078578948975 430.804534912109 437.406188964844 457.510063171387 423.880844116211 427.623085021973 459.882682800293 431.474990844727 562.818832397461 717.262771606445 595.005760192871 581.697509765625 648.674285888672 692.949752807617 515.609312057495 452.674034118652 706.36848449707 597.327339172363
531.345191955566 588.293510437012 538.1452293396 450.918546676636 475.176250457764 494.611818313599 544.345401763916 560.630447387695 561.146991729736 391.929092407227 565.779863595963 527.776964187622 569.437507629395 400.181549072266 346.081893920898 349.959396362305 518.545654296875 453.108150482178 447.754356384277 454.493267059326 505.049566268921 506.320370674133 572.81893157959 676.689880371094 620.024169921875 648.929626464844 528.4892578125 556.974044799805 414.737548828125 429.684623718262 505.119052886963 510.067951202393 402.015350341797 449.197151184082 462.465377807617 474.332260131836 425.821884155273 376.157577514648 340.619613647461 581.078353881836 627.047218322754 677.805633544922 621.054954528809 515.923913002014 561.830787658691 502.52089881897 433.209289550781 497.559020996094 623.154602050781 648.045738220215
533.15238571167 405.372413635254 494.525239944458 493.315636634827 576.008407592773 551.300933837891 509.698192596436 649.545715332031 513.440990447998 489.218915224075 507.245929718018 470.200048446655 495.462856292725 527.638862609863 516.436346054077 454.333526611328 552.398532867432 592.566345214844 386.878883361816 494.989331245422 499.138957977295 478.233271121979 460.706714630127 474.915550231934 543.129051208496 618.748962402344 596.496002197266 523.859985351562 616.415252685547 499.143926620483 481.349132537842 488.30756187439 530.649471282959 629.96858215332 657.214416503906 576.852127075195 533.827091217041 380.24983215332 447.43913269043 416.269241333008 415.955146789551 530.355469703674 476.547012329102 510.800179481506 417.909843444824 426.385597229004 390.088340759277 572.363876342773 645.518707275391 577.666847229004
467.716377019882 517.311218261719 529.241966247559 325.329956054688 496.209587097168 481.698711395264 554.896030426025 617.422866821289 568.796257019043 484.449046850204 480.149277687073 408.920715332031 512.546714782715 535.212673187256 444.859504699707 588.804443359375 438.956241607666 372.462715148926 381.789047241211 465.532405436039 424.27416229248 592.1103515625 428.69944190979 443.001064300537 451.612249612808 476.782559394836 440.820508956909 511.962692260742 494.354907989502 416.321094512939 538.856338500977 455.490322113037 493.307428359985 384.086402893066 628.946762084961 595.288200378418 415.511901855469 456.965452194214 340.874328613281 543.61145401001 568.272926330566 529.188963890076 502.219702243805 633.218360900879 545.351921081543 588.113494873047 500.463085174561 638.99658203125 714.984588623047 587.215208053589
436.704498291016 399.772247314453 426.765739440918 335.848670959473 480.449180841446 473.609617233276 642.028861999512 491.634088516235 416.089233398438 540.502010345459 376.256057739258 480.946956634521 471.798974990845 523.931980133057 406.682765960693 571.818801879883 324.721054077148 344.227447509766 268.646606445312 465.557357549667 463.17345905304 447.996212005615 417.114925384521 429.801921844482 399.224609375 439.19030380249 489.701557159424 368.77311706543 479.249251365662 460.237035751343 488.797301292419 534.731044769287 425.851696014404 475.723380565643 521.149574279785 418.62703704834 394.26261138916 428.100471496582 241.438232421875 266.979263305664 412.367752075195 546.439952850342 594.455665588379 600.716499328613 512.953214645386 540.284267425537 683.162338256836 615.366844177246 595.2932472229 661.797325134277
350.157730102539 512.611499786377 461.643307209015 413.323719024658 385.682899475098 364.423027038574 349.303344726562 528.540851593018 494.911521911621 556.323127746582 521.033660888672 514.142581939697 426.498863220215 562.921577453613 456.917275428772 384.979698181152 430.419311523438 325.555145263672 305.156188964844 382.946266174316 302.311050415039 429.682697296143 413.708641052246 499.060888290405 471.740245819092 493.848331451416 391.282814025879 328.336563110352 493.737304210663 501.791690826416 624.616546630859 472.738160610199 447.540510177612 402.132034301758 533.401641845703 390.54337310791 402.904258728027 365.456245422363 289.893051147461 361.217826843262 418.476676940918 557.929889678955 561.175765991211 561.068737030029 483.074131011963 585.700759887695 603.426025390625 409.041404724121 530.893947601318 598.303091049194
313.759231567383 359.214416503906 423.537380218506 462.69407749176 377.564086914062 481.24991941452 587.422172546387 390.657344818115 524.432189941406 524.4508934021 586.419372558594 593.673637390137 546.065734863281 518.57816696167 549.286155700684 424.662937164307 503.463275909424 313.280334472656 375.270820617676 515.699768066406 437.121004104614 426.698623657227 365.706855773926 565.887321472168 411.066329956055 506.500385284424 461.975093841553 532.261001586914 625.040618896484 598.168846130371 550.203407287598 494.360679626465 498.188171386719 541.669651031494 557.441696166992 419.687461853027 441.847492218018 387.071060180664 379.499145507812 509.037414550781 540.314575195312 539.999929428101 585.273193359375 551.174928665161 633.876167297363 667.892883300781 577.519496917725 554.328585624695 533.942738056183 503.633394241333
311.291809082031 329.585205078125 397.232128143311 288.55615234375 386.999290466309 505.696880340576 489.270692825317 531.361171722412 509.673931121826 468.321089267731 572.243202209473 553.488815307617 602.463928222656 448.777000427246 573.951850891113 502.557544708252 620.413284301758 539.232948303223 371.280067443848 365.200157165527 471.831056594849 550.251449584961 443.402740478516 445.713382720947 485.469184875488 368.574279785156 589.377548217773 650.94660949707 576.071342468262 599.71070098877 511.121425628662 430.537956237793 444.014793395996 500.762483596802 459.645251274109 453.920568466187 444.76845741272 430.151229858398 381.314224243164 488.844917297363 517.444108963013 582.499671936035 567.12296295166 502.684369802475 429.300575256348 557.064922332764 597.909694671631 552.358707427979 561.790235519409 463.454719543457
294.810287475586 492.62956237793 530.054260253906 519.380409240723 473.115905761719 435.523965835571 534.349670410156 523.380180358887 606.195373535156 452.578083515167 445.10480928421 530.068382263184 611.395858764648 650.779846191406 460.526173114777 404.21794128418 382.893730163574 457.714780807495 504.086029052734 420.58150100708 395.531692504883 543.846939086914 451.434490203857 524.00354385376 482.831143856049 510.797889709473 512.65864944458 469.591228485107 443.646488189697 555.641983032227 421.92622756958 472.600742340088 478.959992408752 498.595071792603 532.223316192627 350.528060913086 361.716583251953 409.779914855957 580.572330474854 394.304946899414 394.441955566406 498.377715110779 437.795707702637 467.490875244141 421.04077911377 544.575859069824 546.175064086914 538.056730270386 444.038146972656 422.07014465332
350.203735351562 446.421482563019 466.043169021606 591.27165222168 454.596553444862 636.307876586914 474.791654586792 567.125923156738 488.029560089111 333.613098144531 229.523040771484 317.746810913086 468.392602443695 536.805374145508 296.598846435547 277.144226074219 354.392471313477 462.944225311279 434.098300933838 502.35919380188 461.759408950806 474.483574867249 417.483787536621 515.831548690796 483.868352890015 320.728302001953 422.198394775391 640.992156982422 383.612312316895 390.010818481445 357.199829101562 480.835782527924 462.378849029541 434.845523834229 476.842094421387 454.744064331055 497.607782363892 567.39826965332 478.168476104736 433.315246582031 566.075084686279 453.085163116455 516.1187915802 483.132778167725 465.867904663086 614.487022399902 614.397071838379 590.11408996582 499.460376739502 561.38950920105
