simdem/realisation68.asc
NCOLS 350 
NROWS 171 
XLLCORNER 152620 
YLLCORNER 418050 
CELLSIZE 100 
NODATA_value -9999 
[rows 66 to 87 of 171, columns 50 to 99 of 350]
573.75691986084 587.095977783203 476.257843017578 385.40705871582 556.471664428711 373.617637634277 354.085510253906 368.828624725342 415.493995666504 396.668960571289 345.659442901611 386.008117675781 328.351097106934 280.274215698242 208.752838134766 244.748168945312 283.678916931152 326.715187072754 297.7926902771 319.416130065918 308.435371398926 249.332092285156 212.108108520508 257.638458251953 265.485885620117 362.465444564819 305.312355041504 340.516826629639 342.159061431885 436.529064178467 532.546356201172 425.434637069702 394.930632591248 331.406639099121 272.340393066406 342.614883422852 285.277198791504 432.653076171875 456.262851476669 462.338008880615 465.001247406006 398.378009796143 512.632034301758 404.96492767334 458.286722183228 566.790481567383 340.877639770508 369.61003112793 395.214691162109 450.574854135513
583.007850646973 520.797073364258 394.040992736816 336.314697265625 440.640338897705 337.488941192627 522.136161804199 318.960731506348 248.419250488281 361.409698486328 330.019655227661 325.719593048096 447.789184570312 240.609298706055 333.152946472168 242.597595214844 260.398582458496 185.185562133789 204.210403442383 519.622573852539 436.753456115723 310.007583618164 310.161354064941 275.829025268555 436.711658477783 398.261905670166 400.734853744507 429.243118286133 520.385238647461 264.544418334961 414.327827453613 383.302499771118 465.486175537109 373.466199874878 462.188083648682 312.417739868164 462.000675201416 295.066741943359 390.512990951538 474.350814819336 346.35131072998 352.453506469727 388.080101013184 461.420993804932 510.322372436523 463.907118797302 374.903457641602 347.855308532715 504.34912109375 613.965545654297
629.445755004883 578.103080749512 455.647513866425 475.929054260254 338.194198608398 352.253620147705 146.430572509766 294.321548461914 349.518142700195 281.421878814697 344.527720928192 412.488399505615 356.236106157303 292.011211395264 314.123653411865 322.443651199341 280.429191589355 285.639461517334 435.987678527832 459.658172607422 516.607467651367 321.973781585693 240.294036865234 323.566825866699 223.90544128418 437.053623199463 379.727297782898 555.311111450195 362.38250207901 292.663993835449 420.798748016357 492.892150878906 483.658332824707 554.586196899414 415.901132583618 413.2758436203 325.250648498535 546.097152709961 386.252696990967 405.329221725464 547.983673095703 389.143173217773 348.404365539551 444.188454627991 435.363235473633 303.385284423828 415.068119049072 256.015502929688 532.56298828125 512.669910430908
386.414245605469 558.391296386719 389.439659118652 435.887525558472 388.697825431824 371.483464241028 345.645011901855 398.255046844482 217.886421203613 334.540544509888 313.125118255615 412.06950378418 294.999664306641 180.475982666016 395.263793945312 431.058448791504 355.170183181763 469.024276733398 300.531105041504 253.05908203125 441.257652282715 440.055938720703 250.422668457031 314.153350830078 342.140949249268 250.589340209961 435.912117004395 472.95320892334 455.460353851318 384.241017341614 454.418472290039 521.95263671875 630.885177612305 504.261100769043 439.051258087158 304.64705657959 330.254058837891 448.845634460449 491.051338195801 430.3299741745 423.448179244995 432.943728923798 486.014389038086 594.94075012207 409.727226257324 494.660583496094 398.348751068115 390.480697631836 432.493953704834 456.672472000122
413.468292236328 421.930137634277 337.380393981934 328.407035827637 412.685546875 434.502979278564 381.703072547913 394.604671478271 409.186004638672 377.217845916748 434.944343566895 484.705986022949 328.639015197754 194.675918579102 332.702612876892 423.164772033691 609.392608642578 453.209426879883 369.561710208654 287.30290222168 417.651737213135 397.099589347839 250.135688781738 319.363971710205 417.712200164795 362.679706573486 413.677364349365 555.813537597656 383.23281621933 404.616120815277 413.977130889893 491.389869689941 462.735206604004 487.633346557617 435.957294464111 514.157867431641 465.63005065918 380.485111236572 460.40015411377 390.58614730835 306.930130004883 509.712608337402 532.231056213379 557.002906799316 385.641006469727 382.249504089355 452.834364652634 480.581239700317 619.173233032227 584.379127502441
359.299987792969 369.111923217773 461.675094604492 398.248600125313 461.25617980957 411.469829559326 496.917106628418 324.130983352661 316.432939529419 339.825642585754 328.836940765381 389.788196563721 310.702518463135 307.362731933594 439.583031654358 469.035377502441 476.175247192383 405.936515808105 358.760547637939 276.345520019531 367.234712600708 322.999645233154 286.805770874023 330.366802215576 418.968616485596 424.561008453369 345.119487762451 393.338547229767 440.018325805664 407.704254150391 421.072452545166 453.068840026855 403.887130737305 490.166137695312 344.513233184814 429.02420425415 461.827053070068 394.34278678894 360.524925231934 551.324813842773 547.510704040527 407.862491607666 480.062953948975 499.237682342529 458.190170645714 368.979522705078 450.358211517334 405.027988433838 476.651926040649 439.539529800415
407.671089172363 518.914108276367 549.405838012695 491.123176574707 419.294525146484 366.232308745384 493.298904418945 385.547040939331 455.493705749512 280.588264465332 398.814865112305 324.192888259888 216.113403320312 413.479164123535 260.516380310059 338.493099212646 398.659469604492 367.450958251953 309.559028625488 337.652542114258 304.980201721191 307.01651763916 245.438842773438 377.188907623291 367.432896614075 301.00373840332 394.319132804871 379.006340026855 548.959350585938 365.187070846558 331.149173736572 398.464658737183 382.778638839722 390.839417934418 472.57625579834 620.338882446289 458.848129272461 446.206430435181 436.920635223389 494.150035858154 296.594635009766 430.881368637085 510.333820343018 539.938133239746 402.189052581787 417.823505401611 365.522033691406 423.916858673096 501.547847747803 647.869400024414
382.961494445801 393.025591850281 470.960784912109 455.166931152344 503.222351074219 398.714588165283 363.80789577961 476.523086547852 386.172866821289 314.113471984863 294.026481628418 390.614334106445 243.622123718262 243.491638183594 176.101486206055 323.096836090088 483.481346130371 281.51734161377 325.572616577148 427.413265228271 389.907361984253 373.075961351395 380.946792602539 402.804803848267 333.469223022461 311.219089508057 413.843090057373 498.200149536133 482.910430908203 347.133134841919 356.183069229126 415.706771850586 277.671257019043 392.076159477234 427.769336700439 502.489486694336 515.377601623535 482.684707641602 378.290023803711 335.60774230957 431.144861221313 430.072246551514 507.655792236328 687.741333007812 558.759208679199 559.788238525391 316.206466674805 466.68776512146 538.902393341064 577.572227478027
339.926067352295 431.341752290726 430.665061950684 381.066357135773 373.233543872833 380.048015594482 427.1731300354 416.996452331543 340.800960540771 340.753686904907 360.201453447342 381.917083740234 310.064266204834 262.807876586914 250.33708190918 360.40668964386 511.2109375 424.655776977539 324.581882476807 357.918396949768 242.339698791504 215.381317138672 293.04842376709 386.41966342926 358.326829910278 245.033004760742 376.597932338715 357.970029830933 379.600810617208 314.687705993652 320.422088623047 399.740442276001 388.89168548584 518.965133666992 427.777128219604 463.98738861084 507.37181854248 410.381359100342 433.896708488464 429.791772842407 449.744567155838 530.43879699707 771.827239990234 611.228927612305 452.33327293396 446.450023651123 511.436344146729 411.647003173828 486.098275184631 566.335037231445
508.584063529968 413.587530136108 456.118114471436 428.137189567089 300.64111328125 200.289260864258 243.97380065918 402.025800704956 333.400054931641 331.29430770874 350.421989440918 398.385108947754 284.855796813965 405.682731628418 411.975807189941 424.339664459229 385.882020115852 340.429395675659 345.753952026367 381.389995574951 398.586996078491 400.617733001709 215.119064331055 218.065582275391 340.353559494019 191.294403076172 446.690742492676 318.001937866211 410.554882049561 308.218162536621 317.523994445801 282.453300476074 445.497379302979 413.359273910522 418.531341552734 466.743438720703 666.056213378906 577.131698608398 338.10701751709 503.51668548584 436.87851524353 462.439889907837 594.100379943848 486.316257476807 191.287506103516 211.385101318359 397.103820800781 329.331588745117 395.465629577637 809.181499481201
740.697479248047 492.676872253418 413.34792137146 431.213611602783 387.540660858154 275.811889648438 295.042694091797 356.573481559753 367.555011034012 421.619499206543 278.946907043457 391.110458374023 450.622413635254 601.564865112305 456.076667785645 565.890502929688 380.477138519287 319.012058258057 423.04829788208 374.788478851318 472.724670410156 269.579750061035 169.493148803711 214.14665222168 346.877714276314 257.844024658203 321.542194366455 387.888847351074 433.137027740479 410.584283828735 375.832132339478 436.665817260742 577.10302734375 465.003993988037 450.65246963501 515.092010498047 445.956796646118 502.550262451172 373.3046875 575.450798034668 414.701942443848 471.102153718472 501.08931350708 454.538491249084 399.72643661499 381.109596252441 602.167427062988 815.46346282959 687.174827575684 669.874652862549
477.937576293945 540.054130554199 464.461837768555 464.655158996582 581.014282226562 420.434244155884 312.304130554199 416.738910675049 322.943740844727 350.860458374023 351.371559143066 394.393844604492 417.168640136719 461.46866607666 488.750968933105 548.119964599609 302.40608215332 331.87903213501 509.376129150391 469.111625671387 381.28680229187 294.23316192627 304.477081298828 367.67605304718 401.061304092407 284.619270324707 431.866970062256 442.279373168945 352.683977127075 385.823749542236 372.606140136719 511.371574401855 528.139762878418 510.260437011719 389.787204742432 483.771028518677 404.657852172852 516.549373626709 362.858779907227 505.942941665649 614.142654418945 523.467464447021 580.503860473633 450.880524136126 491.060707092285 791.495025634766 556.967233657837 758.563259124756 512.870679855347 616.876045227051
471.440864562988 425.380588531494 462.965789794922 499.803344726562 377.521842956543 379.930012702942 508.171615600586 527.65690612793 331.034652709961 491.482398986816 390.011074066162 303.02127456665 389.023443222046 414.842365264893 515.95881652832 497.884963989258 261.608009338379 425.13888168335 408.464900970459 405.94514465332 326.05294418335 464.847373962402 269.120086669922 345.269199371338 415.607772827148 415.418569564819 425.988634109497 298.853103637695 366.32151222229 281.323623657227 422.905380249023 508.035331726074 382.409980773926 554.063217163086 536.428840637207 404.324668884277 407.559635162354 474.77396774292 456.068935394287 490.055804252625 439.959831237793 533.22509098053 506.81330871582 753.162836551666 563.956508636475 705.202186584473 363.960479736328 321.020721435547 581.143880844116 660.48458480835
291.777599334717 363.339992523193 538.900863647461 455.893581390381 346.029724121094 328.763381958008 308.322257995605 362.46484875679 370.222343444824 371.444549560547 396.586050033569 363.827556610107 390.254234313965 383.112237930298 469.440612792969 481.198890686035 422.386478424072 368.752830505371 359.221956253052 347.642393112183 310.203552246094 356.620105743408 331.947052001953 283.638916015625 398.019664764404 505.715759277344 461.96817779541 382.376390457153 418.067338943481 335.258819580078 304.178779602051 385.35676574707 460.39139175415 351.082862854004 455.042473316193 407.948471069336 499.655490875244 505.14458656311 467.715070724487 593.34984588623 493.814651489258 527.64182806015 805.949487686157 342.436447143555 526.475746154785 644.600982666016 579.105514526367 495.071983337402 486.159782409668 710.377910614014
570.43775177002 465.116088867188 504.46280670166 540.300979614258 403.93571472168 449.769012451172 370.887237548828 295.658393859863 251.875579833984 371.424758911133 412.640918731689 384.237680435181 345.538423538208 349.534852027893 246.875396728516 466.421401977539 394.92435836792 268.330535888672 240.326690673828 255.608695983887 298.760459899902 493.123565673828 348.022367477417 487.475593566895 425.519561767578 447.551513671875 410.227478027344 393.830234289169 366.969913482666 280.968002319336 254.737777709961 287.505836486816 342.765899658203 361.242042541504 487.302938461304 289.204040527344 375.125526428223 560.584880828857 522.114719390869 551.424018859863 426.461097717285 642.373718261719 797.451011657715 387.808738708496 502.459100246429 476.185474395752 479.75373840332 631.585029602051 566.093160629272 570.735889434814
356.082485198975 390.516313552856 366.535999298096 441.639213562012 339.382320404053 380.419725418091 346.727436065674 356.41415309906 294.340961456299 356.941498279572 349.631567001343 295.675388336182 241.750381469727 230.419860839844 291.960334777832 210.090682983398 508.195358276367 332.772829055786 239.757522583008 307.163814544678 404.556800842285 333.707971572876 256.403739929199 531.636909484863 348.434185028076 425.402275085449 356.543783187866 516.94261932373 391.073364257812 476.570854187012 386.400761604309 315.205471038818 249.244216918945 408.984802246094 299.193618774414 183.853759765625 427.939189910889 511.905959129333 533.490543365479 714.120040893555 792.772602081299 521.049781799316 773.024574279785 695.268829345703 578.052001953125 589.255317687988 545.145763397217 543.41990852356 536.295948028564 441.87769317627
372.123840332031 289.309906005859 319.055659294128 396.19953918457 341.911422729492 365.905694961548 540.84716796875 406.422142028809 376.09704875946 310.404247283936 389.748912811279 361.534614562988 316.228912353516 268.118522644043 210.783508300781 148.411331176758 213.561584472656 323.985748291016 343.314493179321 383.378227233887 578.316055297852 444.459587097168 395.641527175903 406.354113817215 340.891670227051 368.786703109741 482.776039123535 499.599990844727 254.204696655273 407.156688690186 438.925189971924 270.866027832031 350.250953674316 382.80078125 338.917442321777 424.117000579834 473.90679359436 529.986694335938 720.107450485229 624.368518829346 542.873779296875 446.824331283569 491.432754516602 653.73291015625 592.732620239258 538.501071929932 505.47677230835 583.072143554688 418.660507202148 559.594833374023
396.930290222168 323.531860351562 343.203930139542 350.367292404175 349.73012638092 367.700890421867 395.734485626221 394.651924133301 275.166667938232 311.049949645996 432.470268249512 433.372077941895 328.05908203125 339.569361686707 330.10910987854 247.912322998047 289.50048828125 383.302603721619 364.091455459595 413.200782775879 462.632732391357 448.364158630371 390.942342758179 401.158462047577 361.345405578613 214.693084716797 411.309566497803 312.718788146973 384.962272644043 372.518039703369 434.879539489746 312.775054931641 414.602982521057 519.799928665161 530.194507598877 541.010177612305 514.849744796753 703.084553718567 502.953903198242 396.244354248047 377.658935546875 389.256874084473 463.476997375488 559.76831817627 711.301399230957 727.894058227539 637.244365692139 500.116073608398 548.23511505127 539.298942565918
410.427688598633 338.960342407227 398.136840820312 436.012626647949 322.701435089111 108.451522827148 339.582399368286 213.573364257812 189.980484008789 187.70329284668 382.310279846191 425.79670715332 396.953777313232 357.946813106537 264.492515563965 333.540420532227 258.054077148438 327.754108428955 445.618019104004 489.928558349609 405.551406860352 407.51523399353 298.752807617188 402.32067489624 340.80472946167 433.101194381714 360.312046051025 336.252349853516 417.862129688263 380.264566421509 477.441253662109 531.519630432129 438.77694606781 617.290145874023 687.087799072266 321.025436401367 768.869125366211 498.406829833984 527.639190673828 446.437210083008 384.745559692383 430.961929321289 523.254737854004 500.840599060059 628.247922897339 652.307838439941 606.849708557129 648.475345611572 611.54616355896 597.007274627686
499.512168884277 427.686420440674 494.70873260498 351.766357421875 223.215148925781 331.972385406494 343.478790283203 170.741744995117 129.422119140625 285.081512451172 337.467930555344 378.24250793457 387.48815536499 409.820495605469 371.660316467285 343.438406944275 240.460098266602 416.076362609863 315.636123657227 438.248336791992 384.349115371704 366.169634819031 444.317642211914 363.807971954346 334.015865325928 429.864000320435 416.888008117676 471.770530700684 410.535582304001 428.797946214676 425.500779032707 379.214988708496 495.880481719971 607.734436035156 638.907348632812 401.189796447754 584.097860336304 591.667980194092 518.066204071045 370.720481872559 444.694183349609 613.185013771057 755.901763916016 606.447932243347 695.832588195801 -9999 -9999 716.753799438477 655.302838802338 818.007049560547
493.445541381836 345.293949127197 446.687320709229 297.030517578125 273.679122924805 258.443801879883 252.250946044922 167.620986938477 138.992813110352 253.234870910645 395.820419311523 307.943645477295 288.967842102051 336.660305023193 339.847587585449 333.75274848938 443.829864501953 405.457653045654 316.291763305664 462.872001647949 229.733139038086 400.532733917236 468.668281555176 409.00301361084 380.161737442017 426.272922515869 490.781005859375 567.069244384766 330.09090423584 422.681273460388 327.459831237793 352.928779602051 450.030906677246 421.1018409729 524.488235473633 849.691305160522 532.398555755615 565.875526428223 421.157272338867 381.790145874023 535.565795898438 579.105628967285 -9999 -9999 -9999 -9999 -9999 -9999 -9999 -9999
341.049301147461 356.717094421387 381.823905944824 277.381782531738 335.718894958496 308.408840179443 319.687213897705 177.645042419434 319.564167022705 272.612098693848 325.021697998047 301.341006278992 427.778816223145 365.736718654633 441.468467712402 386.955764770508 482.631622314453 347.885597229004 382.251865386963 515.48755645752 332.358772277832 391.960641860962 372.302104949951 353.314125061035 385.182139396667 427.938552856445 535.812698364258 462.814010620117 504.051132202148 453.929093360901 454.885599136353 327.29793548584 475.400131225586 450.140254974365 400.941680908203 504.927474975586 573.4438123703 670.2119140625 409.329879760742 533.096279144287 575.755495071411 -9999 -9999 -9999 -9999 -9999 -9999 -9999 -9999 -9999
