simdem/realisation33.asc
NCOLS 350 
NROWS 171 
XLLCORNER 152620 
YLLCORNER 418050 
CELLSIZE 100 
NODATA_value -9999 
[rows 22 to 43 of 171, columns 100 to 149 of 350]
495.838218688965 528.095918655396 619.468048095703 621.450992584229 692.787080764771 523.376251220703 654.979621887207 739.078971862793 636.89542388916 565.521270751953 902.760120391846 644.246397972107 698.146415710449 867.098991394043 575.821228027344 324.356018066406 625.07421875 702.740692138672 668.764221191406 698.632362365723 1046.47626495361 988.533483505249 580.979522705078 309.261810302734 347.094650268555 582.044305801392 582.776166915894 547.218013286591 411.366302490234 430.335494995117 390.778839111328 679.530212402344 558.276954650879 619.203598022461 649.221622467041 605.514148712158 641.749311447144 627.309875488281 607.759105682373 726.973655700684 700.143913269043 527.608131408691 687.955383300781 615.722777366638 656.038454055786 617.690594673157 549.156875610352 474.731735229492 624.969819545746 488.828765869141
551.123678207397 476.240562438965 562.778623580933 606.762782335281 601.16561126709 818.783004760742 590.589660644531 762.266426086426 709.044094085693 559.260131835938 1647.0516037941 635.00609588623 610.572521209717 1165.87215805054 594.542324066162 497.589248657227 858.710815429688 690.034060239792 626.559005737305 442.795562744141 588.099456787109 575.366317749023 1104.81744384766 892.106414794922 538.444213867188 549.151397705078 563.336513519287 483.764709472656 429.431045532227 263.387939453125 524.434089660645 557.240812301636 538.505130767822 697.690677642822 645.333030700684 653.049629211426 730.199546813965 598.882308959961 627.557943105698 631.126899719238 676.549236297607 419.955978393555 576.120798110962 542.060211181641 525.411724090576 591.688481330872 551.585033416748 473.929443359375 569.428974151611 485.305999755859
506.810264587402 513.836776733398 604.535402297974 535.500473022461 478.992645263672 690.981781005859 483.844207763672 734.745620727539 679.282600402832 624.854740619659 686.819358825684 1062.94528776407 680.735450744629 806.547749996185 475.487869262695 623.920051574707 575.26188659668 513.53931427002 615.737464904785 737.159469604492 657.593597412109 372.06201171875 403.731430053711 354.243774414062 755.842666625977 564.334041595459 503.566566467285 359.226104736328 462.076103210449 436.634521484375 581.472093492746 534.370475769043 570.907314300537 749.346235275269 642.959548950195 731.64241027832 724.535095214844 597.774192333221 600.71568107605 760.382888793945 762.267654418945 538.763107299805 580.424835205078 596.854104995728 554.304112434387 598.734930992126 535.737182617188 481.475852966309 476.144439697266 441.816787719727
622.143283843994 434.119285583496 541.206268310547 504.325607299805 522.092971801758 418.915832519531 825.668266296387 1031.19804382324 647.119777798653 964.893222808838 961.001819610596 973.900108337402 1130.94250488281 959.033611297607 754.498687744141 1009.21585083008 614.436706542969 649.870141983032 480.565574645996 736.010780334473 1327.44566345215 439.736465454102 480.386413574219 403.534866333008 468.306427001953 432.165382385254 570.50645160675 522.981788635254 449.524787902832 604.636880874634 524.596130371094 717.910446166992 612.858431577682 731.204864501953 706.858623504639 743.064544677734 667.247756958008 605.341418266296 692.116821289062 710.644226074219 659.124099731445 535.898838043213 446.472778320312 680.912246704102 647.153717041016 470.315589904785 525.258457183838 344.623428344727 522.157989501953 447.254318237305
557.74780613184 416.51097869873 715.408218383789 478.427108764648 602.030242919922 435.623199462891 538.416152954102 764.963482316583 1166.54420852661 558.108840942383 722.959468841553 883.148964881897 823.501899719238 652.561473846436 934.954750061035 759.479278564453 683.915948390961 772.473145484924 828.966031074524 525.331554412842 1035.58136749268 594.823554992676 530.909606933594 453.157073974609 446.376586914062 608.31974029541 415.175354003906 570.240336418152 480.314849853516 615.815582275391 409.33854675293 544.686598777771 663.137382507324 573.429046630859 694.342590332031 622.008163452148 637.486068725586 711.169219970703 593.919540405273 852.527603149414 624.85124206543 423.553512573242 440.910781860352 612.671094894409 511.504734039307 522.749519348145 390.481552124023 447.726188659668 545.484132766724 624.462272644043
367.201904296875 488.02702331543 566.704162597656 454.768798828125 989.74169921875 1369.44288253784 718.462287902832 565.578342437744 680.275039672852 775.751121520996 610.633865356445 587.960479736328 729.591934204102 373.523864746094 614.769424438477 942.811080932617 1268.48495483398 505.004833221436 722.768659591675 722.476722717285 514.512763977051 496.931793212891 500.786712646484 611.952909469604 696.898010253906 488.182510375977 484.670829772949 582.973693847656 498.860027313232 522.360496520996 605.396884918213 557.028059959412 538.535961151123 746.858505249023 647.36646270752 603.715824127197 612.607946395874 587.303318500519 630.831653594971 782.602386474609 571.336787700653 523.206199645996 488.422836303711 537.008389472961 587.68278503418 479.134963989258 515.658863067627 444.840629577637 532.112800598145 584.852626800537
313.698684692383 737.33935546875 535.214752197266 666.068635940552 419.113922119141 657.609287261963 696.645370483398 481.215614318848 648.457717895508 586.500957489014 734.166488647461 606.545944213867 522.120964050293 791.665421485901 874.995559692383 520.230361938477 472.18928527832 785.787902832031 1019.87335205078 395.864410400391 607.913572311401 541.964252471924 561.630142688751 434.124420166016 405.661773681641 505.615669250488 496.749561309814 472.108478546143 363.632141113281 475.592319488525 542.108093261719 534.397609710693 668.95832824707 677.984176635742 518.861408233643 586.299989700317 651.017417907715 667.762130737305 633.051895141602 647.903099060059 619.209327697754 488.125396728516 484.767917633057 513.11056137085 428.24813079834 521.089059829712 450.787643432617 406.826553344727 486.185775756836 549.884540557861
443.48917388916 433.724945068359 539.552376747131 606.820236206055 484.894035339355 533.09884262085 558.934918403625 563.565192222595 648.946834564209 743.924072265625 908.53727722168 601.683162689209 715.375686645508 928.318626403809 847.824647426605 580.271007537842 504.591651916504 410.308731079102 398.31787109375 521.395504951477 339.975296020508 540.453062057495 525.564092636108 436.591537475586 599.170845031738 649.880226135254 392.163619995117 386.562026977539 508.078840255737 431.672546386719 532.113594532013 447.164657592773 513.126512527466 508.788877487183 460.542831420898 555.304761886597 575.683297157288 542.433468818665 562.180362701416 608.592037200928 668.73836517334 616.77513885498 631.908290863037 545.654955863953 422.24129486084 488.136276245117 559.672038078308 524.468883514404 536.752582550049 549.25026512146
693.643081665039 401.570487976074 473.500759124756 847.894271850586 768.539939880371 488.696395874023 541.024898529053 594.00186920166 565.527717590332 932.894847869873 702.848190307617 499.367301940918 561.319786071777 733.743591308594 520.541961669922 1071.20045471191 602.530421733856 519.918960571289 569.366100311279 567.401443481445 440.440811157227 515.420623779297 670.821868896484 510.995063781738 571.032531738281 1671.04885101318 444.906562805176 386.617492675781 339.841644287109 272.122680664062 498.350708007812 537.581532478333 482.099798202515 413.65998840332 581.743480682373 459.146553039551 450.483348846436 652.78734588623 650.084999084473 448.936088562012 508.097696304321 503.447074890137 702.572784423828 636.906585693359 597.92650604248 427.599021911621 562.493473052979 529.845514297485 546.832609653473 492.350807189941
380.066421508789 473.251960754395 391.167251586914 534.959251403809 1268.37203025818 553.72413444519 525.732536315918 377.691024780273 628.268920898438 645.536949157715 737.120277404785 861.954643249512 539.808906555176 454.665405273438 487.629417419434 794.351043701172 614.265306472778 555.992938995361 530.613651275635 584.443809509277 527.642887115479 601.041610717773 493.365676879883 490.103717803955 442.910865783691 567.618441939354 477.463752746582 244.642730712891 232.22119140625 360.139114379883 434.076049804688 548.590677261353 600.73314666748 740.828643798828 514.628090858459 526.092723846436 426.57731628418 570.68639755249 436.10196685791 407.005065917969 677.962852478027 503.573890686035 630.846977233887 582.397743701935 490.192188262939 492.48558807373 649.998069763184 612.513633728027 656.075973510742 557.649386405945
443.981033325195 329.761611938477 303.285583496094 383.537399291992 777.528381347656 558.916439056396 447.386352539062 974.799072265625 1167.96459984779 736.297454833984 580.649305343628 609.324150085449 613.857406616211 523.798992156982 551.125579833984 420.014366149902 482.31976890564 657.479804992676 638.216247558594 547.154408454895 458.099197387695 554.047780990601 608.908073425293 442.579513549805 549.083869934082 457.460424423218 536.916641235352 477.374435424805 376.892120361328 404.224822998047 561.811893463135 586.198768615723 528.076366424561 571.500476837158 588.816783905029 542.341983795166 504.564147949219 407.957778930664 376.695175170898 403.669441223145 585.66389465332 620.517166137695 738.801452636719 777.443176269531 606.835475921631 567.837810516357 584.74142074585 516.455238342285 578.697448730469 575.52331161499
480.260133743286 454.590869903564 356.383010864258 517.802059173584 600.944190979004 426.620727539062 402.030609130859 633.784851074219 760.573287963867 672.101951599121 745.679130554199 509.657797068357 535.993893623352 946.037052154541 527.573654174805 444.575813293457 499.364038467407 544.691581726074 540.727802276611 581.335689544678 635.379463195801 479.448375701904 403.237701416016 461.031280517578 598.890594482422 501.894702911377 560.468490600586 610.725448608398 429.984596252441 479.023958206177 386.522727966309 455.645015716553 455.175575256348 495.100435256958 658.331451416016 589.145427703857 380.516189575195 569.22501373291 458.035919189453 473.243595123291 506.562840461731 589.865249633789 554.395418167114 688.242416381836 654.100936889648 442.86572265625 454.764572143555 675.211883544922 747.998352050781 596.460697174072
405.29460144043 388.982109069824 420.952583312988 610.812652587891 568.478912353516 511.930294036865 306.848114013672 510.622504711151 569.785522460938 671.475067138672 487.364608764648 569.786457061768 552.697479248047 485.8342628479 470.271221160889 446.324691772461 571.945693969727 561.507671356201 635.148658752441 466.107418060303 540.105083465576 440.139778137207 427.63835144043 469.727798461914 644.55477142334 493.22332572937 484.824269473553 549.735752105713 464.109455108643 413.660934448242 363.948623657227 410.004066467285 429.648239135742 404.850273132324 523.204748153687 520.014326572418 421.510078430176 393.307571411133 472.973861694336 571.925788879395 603.22794342041 483.852857589722 455.834270477295 483.625915527344 680.390396118164 642.716751098633 565.876480102539 610.589599609375 585.108798980713 575.88790845871
351.46435546875 525.06266784668 392.185035705566 422.800628662109 432.333950042725 440.065532684326 430.933120727539 420.541595458984 542.786205291748 487.864162445068 548.84694480896 331.084075927734 409.112060546875 442.68906211853 483.235097885132 445.265983581543 524.038604736328 535.122249603271 440.797016143799 423.711547851562 560.775917053223 476.604730606079 536.613632202148 490.011811256409 465.447177886963 544.273963928223 522.315254211426 452.959366798401 624.693237304688 430.214878082275 444.639141082764 423.917575836182 488.131985425949 381.533798217773 407.605758666992 315.573348999023 386.35555267334 565.110191345215 528.85274887085 539.863471984863 548.150806427002 473.159645080566 434.467460632324 609.379501342773 563.632984161377 600.056999206543 488.075481414795 537.230165481567 624.793983459473 629.382194519043
573.347763061523 449.520971298218 441.475486755371 437.648681640625 452.972034454346 402.243148803711 406.822799682617 427.885124206543 570.677318572998 588.244758605957 550.039031982422 531.118240356445 537.813980102539 565.691925048828 530.026412963867 413.576042175293 613.153762817383 515.211275100708 413.973556518555 447.332450866699 427.372465133667 452.121820449829 519.348526000977 489.882741928101 469.612995147705 443.539266586304 469.554609298706 418.87557220459 451.063512802124 435.374702453613 491.633622646332 547.675712585449 531.020278930664 479.014678478241 382.36247253418 357.070419311523 441.213874816895 408.112155914307 456.017181396484 485.011779785156 546.458145141602 540.01739692688 529.979580879211 681.565002441406 505.024207115173 472.80774307251 595.214859008789 589.437602996826 664.979484558105 552.609749853611
470.348071455956 275.740768432617 401.736381530762 482.71692276001 448.62907409668 414.119262695312 473.956886291504 557.590751647949 512.121932983398 381.602577209473 473.804845809937 535.471187591553 475.740084171295 499.52564239502 599.024909973145 436.409706115723 526.969169616699 733.209716796875 592.589370727539 438.630405426025 458.386065483093 418.306545257568 487.507152557373 404.143180847168 406.845390319824 614.64990234375 530.293064117432 432.313722610474 380.178749084473 399.891479492188 540.361228942871 438.597599029541 471.024785995483 459.316652297974 254.797729492188 497.38433265686 525.250102996826 529.415813446045 629.688812255859 569.624137878418 483.925505638123 573.595333099365 564.842124938965 600.893951416016 516.553917884827 545.170928955078 555.881513595581 662.902084350586 530.045678138733 647.196434020996
444.882402420044 342.754135131836 404.129768371582 519.358489990234 415.093013763428 380.377777099609 485.857917785645 547.958526611328 515.745574951172 513.07239151001 360.537689208984 441.168750762939 382.264602661133 485.694162368774 451.913432836533 439.976856231689 539.890350341797 498.281703948975 593.886581420898 526.872512817383 358.864799499512 478.023940563202 498.32794380188 628.361557006836 509.330787658691 549.538360595703 459.717345714569 500.342956542969 543.988433837891 567.601387023926 542.44149017334 495.006771087646 476.899093151093 472.939237594604 346.673065185547 322.756072998047 507.639859497547 471.569181442261 627.060722351074 552.057136535645 542.376327514648 598.149627685547 620.194526672363 417.695152282715 349.955169677734 445.732177734375 503.626092910767 517.963135719299 562.593479156494 628.982009887695
471.036972045898 511.302410125732 370.639915466309 457.734362602234 380.469886779785 291.561584472656 326.153907775879 398.571929931641 445.63624382019 538.299522399902 403.43985748291 472.937712192535 394.600273132324 496.273384094238 356.812324523926 608.291122436523 555.781265258789 476.57852935791 574.348091125488 567.377799987793 558.893608093262 584.54557800293 688.761474609375 751.225219726562 660.758895874023 565.511558532715 448.488804340363 535.306106567383 503.171813011169 447.305906295776 396.431945800781 538.84517288208 453.38191986084 442.445735931396 539.287544250488 485.070248603821 540.836555480957 587.524848937988 659.557983398438 485.234977722168 306.371795654297 553.793788909912 511.992866516113 374.745513916016 431.664375305176 565.346523284912 534.986233711243 627.896492004395 579.383039474487 650.552940368652
535.889686584473 347.41478729248 526.717330932617 428.197303771973 428.464065551758 433.033508300781 491.373229026794 315.615310668945 435.470638275146 398.050933837891 316.693542480469 498.005722045898 427.382236480713 485.519930839539 440.159984588623 479.789933204651 479.590941905975 431.202056884766 615.912612915039 586.080078125 503.423007965088 646.557266235352 613.947494506836 549.157249450684 493.804209709167 341.195831298828 474.858662605286 507.702808380127 323.923553466797 429.680183410645 450.920961380005 367.448280334473 467.695813655853 591.847457885742 475.741159439087 511.839595794678 543.461750030518 596.538093566895 511.183435440063 412.893035888672 386.654968261719 629.087005615234 470.140129089355 572.303379058838 462.337947845459 547.014822006226 559.545593261719 726.570205688477 618.588531494141 698.101150512695
430.634259313345 425.967311859131 468.137977600098 464.236278533936 450.853971719742 480.263719558716 306.380096435547 253.522872924805 530.145980834961 498.055057525635 503.780368804932 536.875076293945 535.149295806885 536.020488739014 495.468360900879 457.485960006714 537.011905670166 491.332586288452 613.098510742188 451.29811668396 460.553747177124 355.647674560547 550.575950622559 591.75562286377 493.648238956928 515.748344421387 430.648094177246 427.739059448242 389.768188476562 396.032249450684 472.953330516815 562.099952697754 483.816105604172 557.112983703613 469.596348762512 409.53734588623 452.178243637085 520.892624855042 424.059913635254 415.242309570312 518.76203918457 628.612449645996 461.467475891113 487.101610183716 521.601776123047 692.863800048828 570.428623199463 642.883392333984 486.625473022461 687.522705078125
449.85493183136 502.152370452881 454.718754768372 445.034923553467 608.912017822266 450.660223960876 487.118835449219 468.853779792786 500.194358825684 502.450199127197 380.600006103516 372.416145324707 530.054683685303 504.136379241943 456.564723491669 561.762939453125 579.470756530762 557.827835083008 437.197906494141 319.265777587891 419.774345397949 333.72216796875 341.869750976562 532.133800506592 505.162107467651 608.989166259766 481.331220626831 430.099094390869 376.006172180176 480.701837539673 406.149185180664 571.602493286133 408.169075012207 530.779468536377 546.276481628418 430.392482757568 544.028633117676 504.142120361328 562.254327774048 399.883865356445 479.74658203125 603.94490814209 316.192474365234 575.434978485107 381.941879272461 556.456008911133 495.951848983765 557.019416809082 488.810083389282 334.803192138672
274.998687744141 485.696277618408 493.494689941406 530.77685546875 510.755741119385 382.695678710938 325.80606842041 441.729810237885 469.452857971191 538.700660705566 389.290092468262 424.270438194275 504.822700500488 504.154735565186 502.156742095947 559.423774719238 613.282127380371 523.497150421143 485.454292297363 422.88858795166 516.599960327148 530.825695037842 487.636475563049 633.017471313477 562.093788146973 533.324169158936 303.386871337891 484.480677604675 457.498516082764 509.855888366699 418.667678833008 523.147533416748 552.704349517822 491.458537101746 482.64408826828 511.908073425293 450.944232940674 571.19979095459 482.409620285034 465.449012756348 556.622566223145 395.052055358887 461.57593536377 345.734039306641 446.029457092285 558.076118469238 593.728157043457 609.990707397461 566.065418243408 398.773818969727
