simdem/realisation87.asc
NCOLS 350 
NROWS 171 
XLLCORNER 152620 
YLLCORNER 418050 
CELLSIZE 100 
NODATA_value -9999 
[rows 22 to 43 of 171, columns 50 to 99 of 350]
-9999 -9999 -9999 -9999 -9999 -9999 -9999 -9999 -9999 559.839653015137 512.851531982422 454.579528808594 520.941421508789 703.740699768066 466.50254535675 493.965339660645 459.641889572144 515.278942108154 646.428497314453 569.853866577148 633.319617271423 645.806861877441 667.213363647461 748.361854553223 889.763719558716 637.606903076172 622.846954345703 731.963607788086 537.614616394043 359.207855224609 504.802345275879 639.38903427124 521.17098236084 430.104553222656 471.666000366211 452.649200439453 411.826965332031 383.327026367188 477.686836242676 422.081771850586 440.875007629395 483.732898712158 1178.24653625488 697.23161315918 589.521245956421 610.627582550049 649.961986541748 833.168304443359 593.715524673462 1504.09401702881
-9999 -9999 -9999 -9999 -9999 -9999 -9999 -9999 1005.47946166992 693.446468353271 638.949299812317 605.454444885254 741.535526275635 508.904312133789 365.991203308105 442.235153198242 671.898887634277 673.480339050293 690.26734161377 742.453758239746 696.619895935059 846.675060272217 682.569450378418 802.004623413086 691.812085151672 502.139251708984 514.11531829834 583.334852218628 467.845230102539 339.35791015625 459.680637359619 410.796585083008 419.933715820312 519.471897125244 496.806350708008 652.359519958496 490.261024475098 997.477233886719 747.314754486084 1085.83079528809 815.415714740753 635.13985824585 528.90119934082 565.531847000122 585.140748023987 651.855461120605 642.031406402588 756.769393920898 560.186888694763 1312.24098205566
-9999 -9999 -9999 -9999 -9999 -9999 -9999 917.3134765625 838.4296875 945.581267952919 557.280281066895 648.95081281662 532.378360748291 657.264633178711 588.243076324463 531.68611907959 678.717662811279 621.413757801056 594.581604003906 655.715653657913 798.180801391602 679.335424423218 538.8889503479 687.298164367676 621.442121505737 570.574311256409 623.689519166946 470.090385437012 560.556583404541 1057.9977722168 647.841571807861 471.12809753418 472.061553955078 526.55428314209 755.926284790039 676.252557754517 477.29377746582 587.828254699707 548.529842376709 686.140426635742 726.598182678223 648.00666809082 488.941268920898 676.329544067383 571.914875984192 739.291397094727 604.648242950439 488.970756530762 568.26439666748 1032.46892738342
-9999 -9999 -9999 -9999 -9999 -9999 667.882659912109 586.379852294922 787.717514038086 809.842681884766 649.162237167358 523.381927490234 521.415866851807 530.356689453125 501.51945400238 553.092292785645 638.848899841309 626.722404241562 514.150318145752 597.124740600586 723.908626556396 708.191780090332 488.064186096191 578.759143829346 657.460075378418 605.409273147583 564.615067958832 1082.3576965332 555.116134643555 768.729635238647 645.308975219727 612.150436401367 725.23940372467 902.275854110718 631.52908706665 597.338188171387 617.851469993591 684.661987304688 780.373199462891 680.661376953125 694.585411071777 484.673828125 524.328930854797 438.781311035156 589.29744720459 664.858032226562 617.409275054932 593.364828109741 654.974731445312 1072.28117370605
-9999 -9999 -9999 -9999 -9999 706.675807952881 431.320465087891 339.946105957031 385.711288452148 575.246856689453 633.125756591558 626.938751220703 798.488513946533 727.455253601074 703.05207824707 628.766036987305 523.309730529785 572.699252605438 529.739849090576 457.676910400391 772.553230285645 593.328567504883 476.717926025391 513.54322052002 668.731254577637 633.863296508789 738.200965881348 825.62816619873 671.890808105469 750.379616737366 650.118095397949 771.847953796387 716.570323944092 576.69994354248 642.51887512207 676.451469123363 662.515777587891 553.941232204437 672.536933898926 694.847885131836 594.651481628418 671.566131591797 597.02339553833 581.932965636253 340.648147583008 488.651256561279 523.279766082764 568.917985916138 564.68078994751 652.921531677246
-9999 -9999 -9999 -9999 657.822769165039 680.728532791138 429.416915893555 457.193073272705 412.477813720703 494.003997802734 526.679954528809 730.63448548317 594.759014129639 576.573581695557 648.405670166016 718.135011672974 595.535713195801 526.666357040405 631.131950378418 553.603596687317 606.777709960938 647.055244445801 532.441614151001 887.004028320312 1012.51768112183 645.89030456543 624.420768737793 657.813446044922 570.465896606445 833.595848083496 582.476909637451 667.728032112122 586.499628067017 629.123796463013 535.64542388916 883.63151550293 738.399589538574 603.349311828613 651.874015808105 611.047863960266 407.439300537109 489.605682373047 600.825904846191 446.702728271484 450.323104858398 523.222690582275 664.775115966797 619.058452606201 577.665735244751 714.11408996582
-9999 -9999 -9999 1006.3296661377 568.223875999451 412.570907592773 581.566997528076 474.616107940674 591.763233184814 453.898666381836 672.451919555664 608.175716400146 604.812096118927 570.170883178711 799.760734558105 724.14958190918 688.266392230988 560.868968963623 542.158434867859 693.731994628906 709.25048828125 668.657989501953 756.326446533203 489.61100769043 519.309967041016 601.957588195801 581.266979217529 526.461402893066 491.685955047607 510.006275177002 535.868364334106 529.607068777084 587.97029209137 595.353914737701 577.117681503296 744.793090820312 635.551345825195 716.892959594727 640.12047958374 429.833206176758 370.12109375 555.769908905029 569.635623931885 543.481334686279 619.639015197754 641.938652038574 555.659748077393 476.115943908691 499.94319152832 741.064674377441
-9999 -9999 739.46478843689 1056.67118835449 419.10807800293 508.717391967773 512.060707092285 505.063129901886 551.569984436035 518.6708984375 608.242118835449 557.630470275879 487.917053222656 800.304542541504 700.19472026825 688.331535339355 729.660655975342 611.126943588257 1038.51849365234 748.824409484863 1360.54837036133 611.813635349274 510.130023956299 451.449478149414 452.651111602783 361.074508666992 381.597351074219 525.199363708496 518.769565582275 492.700371742249 520.27142739296 519.702033996582 530.326755523682 373.669357299805 503.391136169434 406.739219665527 499.389854431152 530.387156486511 636.871391296387 403.710220336914 238.184753417969 573.28275680542 615.00178527832 414.314826965332 405.404945373535 508.589412689209 558.209850311279 665.354553222656 609.38646697998 710.640701293945
-9999 -9999 739.500230789185 992.084098815918 1041.84524536133 409.791343688965 635.017505645752 393.378509521484 442.104965209961 584.375358581543 538.757530212402 341.605880737305 726.373647689819 740.287616729736 772.196113586426 728.205955505371 663.343730926514 564.072122573853 952.680374145508 708.762481689453 621.72087097168 655.824760437012 466.898254394531 342.044281005859 572.600410461426 309.246673583984 359.406181335449 480.276945352554 408.503269195557 511.143417358398 523.130531311035 469.333553314209 584.566436767578 364.352966308594 381.852020263672 438.962226867676 431.257904052734 447.754287719727 480.482437133789 511.201875686646 408.902458190918 399.369583129883 471.703907966614 393.99934387207 444.39282989502 483.447923660278 484.892112731934 439.967651367188 542.725175857544 666.350219726562
-9999 690.584320068359 704.511854171753 573.181663513184 712.071807861328 591.173849105835 617.032999113202 557.01042175293 737.086618423462 606.171451568604 569.337051391602 531.946067810059 611.422225952148 715.181880950928 604.915439605713 696.58731842041 628.464530944824 431.173606872559 443.836082458496 563.379655838013 574.308320999146 637.195892333984 507.9017162323 512.038608551025 573.162208557129 571.516944885254 515.290019989014 503.428005218506 604.158935546875 536.476593017578 462.818475723267 606.616004943848 590.370513916016 547.550079345703 469.929193496704 399.023609161377 441.865598678589 381.63623046875 410.475673675537 486.997068405151 442.479095458984 499.814594268799 576.614845275879 486.521710395813 444.252265930176 502.417125701904 524.853157043457 404.509902954102 497.33985710144 519.194046020508
627.491647720337 601.674057006836 544.37548828125 489.066482543945 751.258636474609 601.08299446106 560.55884552002 635.98055267334 705.671398162842 683.196781158447 720.360710144043 755.023101806641 656.89316368103 617.250776290894 668.369338989258 604.730589389801 427.034484863281 623.507446289062 388.352981567383 689.32373046875 593.047492980957 460.119818687439 468.199784755707 483.923824310303 533.073722839355 491.946863174438 400.661041259766 495.645776748657 479.800394535065 463.163478851318 522.927803039551 640.826461791992 559.952072143555 397.228401184082 500.549491882324 478.276159286499 428.18537902832 413.564258575439 596.446350097656 482.030097961426 340.17658996582 381.4111328125 444.367977142334 380.927940368652 392.854431152344 477.688285827637 616.473358154297 573.485538721085 552.179012298584 518.152293205261
559.097255706787 388.506500244141 519.590930938721 604.278923034668 501.567855834961 498.094085693359 631.963573455811 565.216747283936 650.188167929649 578.08797454834 741.964338302612 633.57474899292 479.920463562012 378.084983825684 545.319366455078 434.864372253418 575.567855834961 455.339817047119 537.973926544189 504.601682901382 583.046371459961 476.476185798645 570.953666687012 467.512464523315 480.424575805664 661.6875 423.978927612305 505.597427368164 473.180168151855 464.490572929382 432.817433357239 414.229000091553 368.284698486328 435.609268188477 502.187671661377 421.653049468994 513.116546630859 522.208435058594 474.774084091187 272.90446472168 377.886283874512 316.761413574219 442.271503448486 447.179347991943 431.00500869751 535.293361663818 496.902112960815 509.840225219727 474.496344566345 527.055793762207
525.694129943848 368.133178710938 412.926116943359 522.430137634277 482.243026733398 646.575517654419 629.661245346069 382.263229370117 636.854797363281 606.915885925293 672.063941955566 673.800064086914 444.602336883545 529.331253051758 340.466751098633 583.756065368652 519.928195953369 469.298984527588 555.815990447998 518.211578369141 586.867233276367 453.629457473755 486.833911895752 477.39541053772 512.792087554932 506.091674804688 491.414554595947 504.410190582275 573.791191101074 482.182250976562 342.056846618652 324.438827514648 357.912391662598 439.731515884399 519.994689941406 423.80558013916 349.882659912109 358.672416687012 374.936599731445 378.876029968262 441.407161712646 516.488096237183 477.936563968658 476.506622314453 563.363227844238 495.987102508545 480.182412147522 459.750659942627 367.981513977051 472.607757568359
464.224773406982 375.868896484375 527.59774017334 586.065818786621 417.607002258301 604.747856557369 509.092231750488 814.845287322998 641.601497650146 570.290412902832 513.219356536865 473.665824890137 626.860401153564 450.803764343262 383.637496948242 357.675514221191 473.394878387451 490.483995437622 632.502578735352 478.855117797852 485.004531860352 388.389007568359 421.562181472778 472.44274520874 415.467759132385 372.601051330566 566.382011413574 408.119037628174 343.011817932129 436.078771591187 457.818822860718 440.931603908539 363.244163513184 481.069080352783 502.838325500488 563.064208984375 443.49880027771 464.083348274231 318.123474121094 443.007776737213 412.661392211914 436.922458648682 426.750644683838 413.17561340332 551.767021179199 399.126579284668 390.470565795898 430.131088256836 464.520315170288 295.398300170898
630.10814281553 509.805267333984 431.481155395508 476.823593139648 572.200946807861 619.958660125732 686.181991577148 924.177093505859 793.033912658691 799.81038582325 368.189399719238 454.755928039551 524.978637091815 598.758785247803 453.943428039551 454.941421508789 486.414741516113 486.172946929932 549.971256256104 531.40975189209 446.101447105408 323.046760559082 421.479055404663 562.256034851074 360.125152587891 429.92351064831 352.810989379883 473.338628768921 434.483560562134 433.723658561707 415.390596389771 326.272087097168 304.686309814453 387.65779876709 531.727378845215 517.195938110352 408.030689239502 487.375518798828 383.044525146484 461.996154785156 471.961231231689 506.55069732666 510.141098022461 422.320816040039 431.368909835815 313.047271728516 459.551223278046 530.052852630615 492.408618450165 397.263153076172
434.666488647461 425.899703979492 409.683036804199 549.066215515137 626.012327194214 485.446665763855 640.230522155762 593.282562255859 828.558349609375 724.861303329468 486.813968658447 688.814456939697 665.635345458984 674.679000854492 447.903205871582 428.708694458008 530.141553878784 263.392501831055 408.171441555023 565.150199890137 554.203277587891 499.215263366699 438.02746629715 531.798637390137 462.498208999634 351.018913269043 423.902894020081 449.830636978149 447.018976211548 415.485007286072 344.124702453613 425.752179145813 364.621932983398 251.773529052734 385.119281768799 557.924438476562 587.757675170898 371.764488220215 339.701126098633 435.250825881958 515.583717346191 394.299575805664 367.186626434326 387.972991943359 444.65821313858 311.758041381836 493.130563735962 499.825119018555 507.732669830322 630.18424987793
485.902847290039 359.254051208496 394.595283508301 650.761127471924 495.769414901733 560.217666625977 638.178169250488 1100.01626205444 1012.14438438416 981.864562988281 551.114454269409 620.652679443359 623.332122802734 485.653297424316 469.35412979126 414.175155639648 396.70690536499 380.639724731445 391.845653533936 478.534769058228 326.067687988281 501.172912597656 430.136894702911 399.591087341309 355.383438110352 473.790340423584 363.370918273926 389.496304512024 420.324904441833 416.480833053589 426.706955432892 450.291774749756 411.449490070343 225.376174926758 381.893371582031 536.120735168457 484.32479095459 485.293909072876 350.880401611328 453.473274230957 426.674297332764 396.019733428955 429.572092056274 575.875106811523 399.979511260986 453.112365722656 478.278262138367 419.25040435791 471.11968421936 456.486457824707
419.570106506348 509.87232208252 546.316493988037 629.311553955078 295.375228881836 451.856620788574 530.465232849121 625.900587081909 529.891212463379 665.800983428955 493.64143371582 540.475526809692 492.681720733643 507.382213592529 486.818845748901 542.667999267578 444.53787612915 396.051448822021 422.785814285278 445.520427703857 319.365188598633 432.692910194397 393.379585266113 412.046028137207 482.156902313232 446.441772460938 420.933340072632 387.16107749939 363.549915313721 358.555641174316 424.50106048584 318.863594055176 460.482625961304 476.99528503418 365.986785888672 298.480018615723 376.049339294434 401.071655273438 386.539993286133 431.321239471436 400.603115081787 523.838156700134 485.109043121338 518.497245788574 570.554290771484 424.160751342773 386.106521606445 400.079711914062 436.676746368408 467.826820373535
529.722390651703 680.601041793823 739.935888290405 699.73331618309 790.901870727539 397.773105621338 457.32896232605 707.228847503662 545.022495269775 744.680824279785 578.142992019653 585.210369110107 404.592559814453 405.994094848633 482.591147422791 496.160848617554 528.428443908691 550.555625915527 578.834739685059 488.780788421631 369.989364624023 388.394073486328 260.948089599609 525.199569702148 308.595657348633 444.449378967285 426.76652431488 405.271188735962 449.900248527527 446.434593200684 431.299831390381 341.076866149902 483.164630889893 469.133876800537 384.355697631836 344.631828308105 379.671737670898 382.599327087402 295.374160766602 347.655067443848 363.519668579102 433.298234939575 416.794834136963 381.292633056641 696.236907958984 449.538377761841 462.279268026352 487.224906921387 493.776905059814 374.823383331299
455.574630737305 564.720542907715 701.873611450195 628.713632583618 739.269798278809 564.559303283691 519.071105957031 666.992677211761 781.199897766113 1181.82455444336 476.430870056152 473.232559204102 468.826797485352 340.717056274414 524.477489471436 535.993015289307 558.630149841309 405.325752258301 518.532157897949 387.839195251465 349.636451721191 424.095508098602 468.802478790283 438.547707080841 361.666549682617 476.189037322998 442.178314208984 479.429042816162 540.304763793945 361.657196044922 320.554969787598 442.653011322021 472.418579101562 450.907081604004 394.891490936279 406.688705444336 343.679809570312 423.272287368774 359.48893737793 412.296455383301 347.940078735352 415.226303100586 450.774344682693 411.5578956604 509.528182983398 485.251651763916 554.777046203613 493.302261352539 477.124935150146 527.66138458252
833.327110290527 840.942245483398 766.06414604187 703.848434448242 505.752550125122 561.574966430664 538.783973693848 509.921783447266 531.947074890137 420.64533996582 564.816734313965 396.849304199219 446.493865966797 530.706301212311 453.098487854004 519.927291870117 519.595413208008 479.868762969971 505.810935974121 473.407495498657 387.055564880371 395.709362030029 482.930400848389 394.865880966187 354.917682647705 315.493988037109 395.416589736938 449.654035568237 449.945808410645 502.271385192871 500.367702484131 552.843788146973 486.166591644287 481.799034118652 428.483039855957 271.979568481445 380.252758026123 438.524990797043 324.987358093262 380.468151092529 484.272232055664 458.425430297852 313.25284576416 396.960552215576 384.301452636719 505.593940734863 475.829856872559 369.992202758789 331.995262145996 452.582347869873
708.917602539062 929.848175048828 780.002255439758 738.900020599365 433.995006561279 358.369861602783 373.812377929688 363.161483764648 429.759094238281 497.420223236084 567.380462646484 321.943084716797 502.772597491741 537.058257102966 418.758811950684 520.966411590576 465.776609420776 375.529151916504 271.51774597168 374.907146453857 300.955596923828 455.501321792603 388.861480712891 381.219509124756 293.153182983398 259.847152709961 467.690929412842 327.361488342285 498.41332244873 501.833724975586 438.144644260406 382.034744262695 450.662631034851 304.118865966797 542.336845397949 386.791381835938 365.101936340332 298.630317687988 310.069869995117 244.106582641602 404.193542480469 518.794943809509 481.354936599731 502.501617431641 465.015277862549 325.082069396973 457.500419616699 559.30899810791 458.945718765259 507.777000427246
