simdem/realisation40.asc
NCOLS 350 
NROWS 171 
XLLCORNER 152620 
YLLCORNER 418050 
CELLSIZE 100 
NODATA_value -9999 
[rows 132 to 153 of 171, columns 300 to 349 of 350]
965.21985244751 791.198928833008 1483.89811706543 1115.26725769043 1023.53050994873 998.888305664062 1662.40698242188 1564.72183227539 1400.69229125977 1410.43260192871 1417.36145019531 1352.79498291016 1124.79696655273 1407.97749233246 1233.39459228516 993.009494781494 1183.1241607666 1139.22494506836 1120.22375488281 973.175872802734 912.959693908691 992.860198974609 804.05041885376 803.237102508545 805.243789672852 712.83415222168 603.241836547852 705.250244140625 768.002456665039 904.02318239212 936.560615539551 892.04123878479 801.094421386719 722.610961914062 -9999 -9999 -9999 -9999 -9999 -9999 -9999 -9999 -9999 -9999 -9999 -9999 -9999 -9999 -9999 -9999
807.788087844849 783.760963439941 911.238767623901 1234.10816574097 1173.11804199219 1039.13833618164 1624.76739501953 1955.77056884766 1512.91812133789 1368.12649536133 1219.83749389648 1377.97711181641 1137.77571487427 1213.99663543701 1483.04648971558 1743.75323104858 1767.30801391602 2381.05224609375 2002.55642700195 1527.1946105957 1647.31075286865 797.806442260742 852.3518846035 959.346549987793 839.511571884155 624.050476074219 721.386833190918 670.955963134766 814.730514526367 853.535835266113 944.508575439453 845.710540771484 827.181293487549 729.937789916992 -9999 -9999 -9999 -9999 -9999 -9999 -9999 -9999 -9999 -9999 -9999 -9999 -9999 -9999 -9999 -9999
815.457895278931 717.206161499023 792.515085220337 981.015544891357 1192.54585266113 1091.79615020752 1326.85305786133 1566.7470703125 1372.68304443359 1417.41284179688 1352.76176452637 1281.19959259033 1405.93492126465 1221.98979187012 1332.90761184692 1443.74957275391 1471.611328125 1411.10113525391 1240.79571533203 1083.61668395996 1144.89893341064 1197.71588516235 837.933116912842 935.054088592529 799.575931549072 806.833301544189 827.621620178223 824.240463256836 985.2248878479 1002.75424957275 742.900970458984 796.856830596924 952.26353392005 832.195320129395 777.786827087402 -9999 -9999 -9999 -9999 -9999 -9999 -9999 -9999 -9999 -9999 -9999 -9999 -9999 -9999 -9999
724.991203308105 778.245323181152 1148.86679840088 1344.04119873047 1184.05897521973 1160.42211914062 1136.38140869141 1690.59442138672 1652.52792358398 1546.17715454102 1335.70248413086 1415.26948547363 1081.84761023521 1237.37455749512 1339.75 1852.71806335449 1314.08541297913 1205.76779174805 1114.43963623047 1148.83140563965 1045.94694519043 977.31300163269 1145.38919067383 883.98836517334 723.662658691406 692.860702514648 846.540302276611 825.758735656738 862.940046310425 941.067663192749 1007.83435058594 844.006635189056 1212.72344970703 872.399932861328 827.036178588867 860.136558532715 -9999 -9999 -9999 -9999 -9999 -9999 -9999 -9999 -9999 -9999 -9999 -9999 -9999 -9999
641.443664550781 921.542015075684 1060.52593994141 1277.76788330078 1075.62359619141 1197.71499633789 1237.43615722656 1173.6847076416 1267.96234130859 1354.68295288086 1255.69900512695 1070.22559356689 1238.93932342529 1557.93298721313 1203.52088737488 1055.19895172119 1096.7121963501 1145.37041473389 1031.50303649902 1107.3482208252 1036.02835845947 913.817222595215 885.011856079102 1181.84173202515 984.286268234253 957.516788482666 889.175527572632 776.420101165771 864.998863220215 1052.82559204102 1021.92189025879 1479.17917442322 894.630685806274 835.498249053955 803.220565795898 860.076477050781 -9999 -9999 -9999 -9999 -9999 -9999 -9999 -9999 -9999 -9999 -9999 -9999 -9999 -9999
812.410301208496 884.274097442627 889.807662963867 995.723419189453 985.361129760742 1240.37797546387 1279.29745483398 1126.19563293457 1130.72023010254 1322.07751464844 1091.78622436523 989.785623550415 1248.35397338867 1454.53621864319 1414.70258331299 969.059310913086 1012.58155441284 989.238082885742 924.0314412117 974.156814575195 1101.11083984375 940.149312973022 829.525688171387 983.242292404175 996.264392852783 1067.52272415161 1595.06651306152 814.236736297607 891.242652893066 890.68144261837 1237.15560913086 971.729110717773 994.810745239258 905.652570724487 859.5294713974 688.956497192383 900.487548351288 -9999 -9999 -9999 -9999 -9999 -9999 -9999 -9999 -9999 -9999 -9999 -9999 -9999
745.274505615234 784.805191040039 871.456809997559 815.994915008545 826.674694061279 1030.28444671631 1384.62197875977 1098.16787719727 1253.27735900879 1161.28961181641 1152.6735534668 1049.34111785889 1215.37200164795 1607.81601333618 1541.98435974121 1383.62831115723 1077.39089202881 1142.42225646973 1030.31700134277 1015.05332565308 913.861749649048 978.8017578125 970.38737487793 1109.37720489502 1075.08407592773 1077.77864074707 1030.24542236328 972.847540855408 1078.91008377075 1131.38376617432 1036.07511901855 931.381610870361 900.155736923218 956.898326873779 856.725242614746 746.756622314453 754.342853546143 -9999 -9999 -9999 -9999 -9999 -9999 -9999 -9999 -9999 -9999 -9999 -9999 -9999
769.778034448624 826.869270324707 915.232610702515 960.955108642578 802.693922996521 1258.38479614258 1146.46208572388 1250.00166320801 990.021987915039 1062.13327026367 1038.26149749756 1073.57841491699 987.215808868408 1116.03422546387 1717.65377044678 1675.77512323856 988.006973266602 1219.60354614258 1358.11569213867 1225.81645202637 1012.28256225586 993.69172668457 1034.46314430237 986.734468460083 953.516765594482 1067.35232543945 954.98335647583 995.75993347168 929.372276306152 1052.99063110352 964.142440795898 931.318702697754 1017.76782226562 1002.71545410156 910.195031881332 998.236137390137 939.284343719482 876.544501304626 -9999 -9999 -9999 -9999 -9999 -9999 -9999 -9999 -9999 -9999 -9999 -9999
902.907241821289 930.602828979492 907.464973449707 884.611015319824 1035.31300354004 964.560897827148 1061.55762481689 1187.70829772949 1250.3024597168 1280.63682556152 1037.68071746826 861.898620605469 937.867321014404 999.217664718628 1310.90263366699 1693.82809448242 1083.15913009644 1140.4878692627 1057.94500732422 1246.78631591797 1145.51556396484 1035.46112823486 1043.99613952637 951.512393951416 940.611520767212 1017.34038162231 915.123382568359 973.957693099976 923.192043304443 1102.84120178223 1429.94501495361 1124.42925643921 1120.90782165527 942.718622207642 944.389060974121 1027.45678710938 861.574729919434 753.796203613281 -9999 -9999 -9999 -9999 -9999 -9999 -9999 -9999 -9999 -9999 -9999 -9999
689.098945617676 729.397731781006 847.449192047119 859.011618614197 975.405136108398 918.715398281813 847.244125366211 881.146339416504 1203.56010437012 1096.58822631836 1047.46685791016 1156.32145690918 1044.99585914612 1069.08900737762 1313.45782470703 1469.03141403198 1109.81071472168 1078.07009124756 1084.81556034088 1184.67010498047 1118.17894744873 942.715768158436 1004.87343978882 1045.59896087646 965.668853759766 928.643707752228 1045.96156311035 1187.15147399902 931.735963821411 1093.98421001434 1225.32558822632 992.120803833008 967.801886558533 967.337100982666 916.420614242554 873.629245758057 853.204696655273 822.796188354492 852.03157043457 -9999 -9999 -9999 -9999 -9999 -9999 -9999 -9999 -9999 -9999 -9999
765.99608039856 801.025764703751 587.945266723633 792.426643371582 1065.02207183838 1032.19994163513 1137.77117729187 1191.7282409668 1064.90230560303 1115.34354400635 891.771692276001 1148.90500831604 1095.4222869873 1086.96204376221 1381.29953384399 1153.95806121826 1177.21311950684 1202.74276733398 1078.85315704346 1145.57165622711 1483.70890808105 1147.2956237793 1251.91928100586 947.811950683594 798.424530029297 830.139419555664 903.07497382164 1127.19577789307 1123.37117767334 1126.15709686279 1206.46623802185 1177.2324295342 948.397859573364 1001.29483890533 965.299217224121 817.787368774414 833.548065185547 996.114177703857 971.114776611328 -9999 -9999 -9999 -9999 -9999 -9999 -9999 -9999 -9999 -9999 -9999
730.671834945679 603.601623535156 615.20858001709 645.018829345703 841.746784210205 941.36828994751 859.633445739746 1060.05541992188 873.875419616699 790.48783493042 809.408241271973 713.02490234375 1070.49265098572 1034.05278205872 1076.72776794434 1401.53415870667 1075.94328117371 1107.47266387939 1119.31304931641 1073.43309783936 1154.74307250977 1006.70690917969 923.017791748047 1007.14840698242 948.763740539551 859.461109161377 1073.53471374512 942.627868652344 1079.46241188049 1067.33137130737 959.234939575195 1010.40123748779 824.498229980469 837.196319580078 838.176971435547 930.317695617676 863.855308532715 996.236953735352 880.063502788544 -9999 -9999 -9999 -9999 -9999 -9999 -9999 -9999 -9999 -9999 -9999
781.935539245605 768.839309692383 720.957256317139 657.413902282715 810.137145996094 722.355001449585 782.141307830811 673.512496948242 811.353796005249 737.997791290283 773.383856296539 650.217544555664 1106.07702636719 1017.01846408844 997.988639831543 1115.63333702087 1499.56019973755 1199.86583709717 1146.60122680664 938.294769287109 883.260215759277 783.68717956543 852.432968139648 1259.74629211426 1224.95069503784 1109.13259124756 1629.66321563721 1001.7156329155 955.921478271484 954.195953369141 1008.40774154663 1036.02454090118 913.765148162842 804.722145080566 952.462619781494 959.314247131348 963.395101070404 1032.64298629761 931.631038665771 1006.03810119629 -9999 -9999 -9999 -9999 -9999 -9999 -9999 -9999 -9999 -9999
817.344421386719 786.533996582031 725.318533658981 810.624221801758 891.534118652344 931.777084350586 737.660511016846 748.847657203674 674.980804443359 838.598306298256 845.577682495117 750.607456207275 861.449935913086 945.859932899475 934.409576416016 896.609237670898 996.512710571289 1156.4061126709 1790.66180419922 979.914215087891 898.40202331543 852.607803344727 892.949142456055 1014.6487660408 1547.60305023193 1619.79890012741 991.392198562622 1221.7562789917 936.447196960449 853.079605102539 1082.11776733398 833.675582885742 868.345635414124 735.668701171875 923.495620727539 974.944042205811 981.587930679321 972.689765930176 956.603721618652 1001.50580596924 -9999 -9999 -9999 -9999 -9999 -9999 -9999 -9999 -9999 -9999
799.460098266602 711.563999176025 714.217807769775 677.90913772583 715.222310066223 758.500312805176 698.831840515137 638.159408569336 751.342819213867 709.347396850586 725.030982971191 710.738372802734 705.699394226074 849.169860839844 833.707725524902 1024.79526519775 990.57445526123 990.260869979858 968.18522644043 1154.21484375 1043.11983680725 914.806610107422 995.827621459961 925.289619445801 1180.29536437988 1371.17156219482 1253.66899108887 1025.62506103516 911.876159667969 851.149322509766 895.978546142578 1060.42253112793 819.662406921387 1015.7950592041 1015.85804653168 845.442565917969 907.030990600586 996.899589538574 979.980796813965 947.788776397705 -9999 -9999 -9999 -9999 -9999 -9999 -9999 -9999 -9999 -9999
675.319282531738 651.015106201172 653.79093170166 754.012893676758 676.610221862793 864.043581008911 713.543312072754 696.939727783203 668.595642089844 948.569147109985 885.221965789795 825.247581481934 797.032042503357 782.010818481445 882.65299987793 884.763523101807 947.375694274902 878.062339782715 1050.74649810791 966.062889099121 925.364944458008 1109.32484817505 1010.37705039978 1160.01582336426 1041.68023014069 1069.15873336792 1159.47389221191 1341.02760314941 966.952335357666 1028.2712726593 991.213573694229 941.230716705322 799.137664794922 879.905731201172 960.819805145264 810.00407409668 845.881011962891 902.736236572266 951.536808013916 932.191473007202 896.457828044891 -9999 -9999 -9999 -9999 -9999 -9999 -9999 -9999 -9999
589.26806640625 667.94856262207 687.086036682129 581.70703125 622.99983215332 678.253280639648 831.633534431458 910.288696289062 811.449092388153 754.122314453125 887.212598800659 911.14225769043 881.62158203125 849.454524993896 513.257293701172 652.692810058594 613.597930908203 808.217987060547 939.133779525757 892.136848449707 1144.4037322998 1163.88355255127 1069.11220741272 996.99681854248 1053.51736450195 1150.94667053223 1013.78104782104 962.885450363159 842.83179473877 808.371856689453 951.655895233154 944.468158721924 831.556777954102 879.280902862549 1037.8235244751 931.263330459595 895.164512634277 899.8681640625 908.656203269958 896.876214981079 906.460514068604 -9999 -9999 -9999 -9999 -9999 -9999 -9999 -9999 -9999
702.114807128906 812.498300790787 658.583740234375 595.080108642578 687.666648864746 682.23250579834 735.603488922119 843.423819065094 823.642507553101 722.267700195312 712.732093811035 891.626607894897 718.20671081543 998.459060668945 668.438781738281 572.935928344727 622.287109375 855.235408067703 888.083561897278 894.21012878418 933.233232498169 1013.56674194336 1040.4006652832 1128.03188705444 970.188812255859 986.250972747803 950.564918518066 932.392210006714 777.822616577148 794.508483886719 937.478916168213 941.39331817627 871.099800109863 982.514633178711 1002.17832183838 1097.55278015137 843.957000732422 891.177131652832 842.1484375 721.304290771484 974.733690261841 1052.42286682129 -9999 -9999 -9999 -9999 -9999 -9999 -9999 -9999
608.002426147461 718.014762878418 729.962631225586 633.657241821289 651.560615539551 649.868354797363 780.955141067505 877.081362724304 738.898452758789 745.674301147461 852.348777770996 895.428993225098 666.971008300781 913.949838757515 857.32453918457 781.022872924805 720.706283569336 886.244319915771 839.077848434448 929.815322875977 947.542186737061 756.706283569336 983.622631072998 1055.92899656296 884.844444274902 775.024871826172 975.292022705078 902.860778808594 983.168584823608 950.81361579895 939.326873779297 836.261783599854 929.552914023399 890.833190917969 871.51244354248 992.694358825684 857.135520935059 962.097099304199 840.007808685303 879.548927307129 897.087409973145 1096.7924118042 -9999 -9999 -9999 -9999 -9999 -9999 -9999 -9999
630.176116943359 738.755153656006 623.990982055664 529.554626464844 678.043380737305 756.186061024666 792.275012969971 539.934997558594 737.927192687988 685.587921142578 875.076816558838 733.694549560547 813.252517700195 872.354593276978 1018.76985931396 1041.07186126709 939.780944824219 921.620235443115 949.578247070312 849.046627044678 877.825008392334 795.844261169434 806.320980072021 780.014179229736 721.448013305664 712.653999328613 667.10107421875 910.582092285156 853.587280273438 1018.73986053467 963.499578475952 902.626476287842 926.261193275452 943.118176698685 1182.22514343262 836.361358642578 864.337184906006 834.854415893555 950.718628883362 1015.88756561279 948.529774725437 1152.9422454834 961.407585144043 -9999 -9999 -9999 -9999 -9999 -9999 -9999
568.43359375 556.607559204102 723.689849853516 606.056198120117 738.396877288818 874.732986450195 889.805816650391 628.04515838623 800.56856918335 705.29370880127 598.952941894531 932.307525634766 920.283203125 739.017318725586 929.218124389648 1043.32323598862 1127.82713317871 964.982202529907 1040.68548583984 1049.69394683838 888.058320999146 662.268203735352 800.232761383057 824.327180862427 748.483001708984 744.992904663086 865.280027031898 832.873048782349 884.679351806641 1107.9200592041 994.441383361816 864.586006164551 864.485313415527 974.879379272461 1126.54084777832 777.539367675781 924.88064956665 875.548141479492 929.77209854126 1063.7145652771 1057.50520324707 1199.70674133301 1048.58528900146 -9999 -9999 -9999 -9999 -9999 -9999 -9999
890.750526428223 818.774968147278 805.055116653442 803.548062324524 778.297552108765 729.851531982422 812.061697006226 804.253172874451 758.669212341309 761.75463104248 689.032699584961 807.30883026123 956.641426086426 982.503021240234 1003.75936889648 994.799331665039 967.653171539307 970.591226577759 995.714542388916 966.348755836487 814.878120422363 707.329193115234 690.534729003906 872.987117767334 824.203029632568 810.220428466797 878.5009765625 798.063461303711 882.677799224854 793.715377807617 845.010200500488 811.508850097656 977.814709186554 824.509811401367 916.669616699219 809.633453369141 963.705146789551 951.193092346191 889.046424865723 977.763248443604 1102.65943145752 1087.4158782959 1135.56419372559 944.427539825439 -9999 -9999 -9999 -9999 -9999 -9999
