simdem/realisation29.asc
NCOLS 350 
NROWS 171 
XLLCORNER 152620 
YLLCORNER 418050 
CELLSIZE 100 
NODATA_value -9999 
[rows 22 to 43 of 171, columns 150 to 199 of 350]
600.871985435486 529.390007019043 591.102523803711 566.649017333984 586.242752075195 467.822631835938 683.032119750977 491.161323547363 430.044235229492 609.552331924438 427.957046508789 533.04313659668 774.149612426758 593.01734161377 820.612581253052 700.313188552856 932.204341888428 696.190601348877 734.932929992676 616.321792602539 521.927658081055 568.899948120117 619.801696777344 636.943534851074 824.56224822998 685.433120727539 971.900913238525 682.436670303345 687.800303459167 528.235023498535 508.22176361084 482.016319274902 572.82088470459 547.723915100098 568.447662353516 572.065460205078 647.044885635376 587.016296386719 798.927192687988 749.960296630859 652.987670898438 661.406482696533 700.664989471436 665.662990570068 653.794826507568 760.281837463379 755.284744262695 719.784713745117 662.495166778564 732.169988632202
652.560035705566 435.504989624023 563.91626739502 724.436103820801 591.691125869751 528.822975158691 655.187732696533 612.067310333252 580.440055847168 546.438110351562 438.105590820312 560.095565795898 529.832778930664 522.414962768555 523.271118164062 639.55534362793 608.892784118652 958.321727752686 682.575103759766 646.275077819824 562.122436523438 524.400588989258 711.029663085938 719.716108322144 713.472059249878 578.869926452637 918.914672851562 618.824615478516 666.954435348511 638.040260314941 454.777359008789 599.192626953125 498.124366760254 671.785381317139 602.585231781006 659.178465843201 673.22068977356 597.018421173096 643.951267719269 616.125244140625 709.47468495369 592.539710998535 611.975807189941 645.947568893433 685.952991485596 598.399879455566 784.372520446777 663.764276504517 724.747525215149 651.96421777457
507.113563537598 330.58757019043 468.425796508789 651.206962585449 624.637856960297 597.243667602539 574.374103546143 667.444133758545 693.304580688477 573.048377990723 543.644859313965 529.333831787109 847.699417114258 703.16487121582 554.277244567871 1361.10302734375 715.527755737305 542.337310791016 648.981457710266 649.48120880127 674.294891357422 731.881221294403 644.368450164795 593.758758544922 536.949172973633 575.242553710938 455.272689819336 554.19522857666 707.672798156738 742.763946533203 640.381050109863 685.192775726318 549.429374694824 600.405387878418 625.093049049377 624.787677764893 549.519714355469 555.319259643555 650.189291000366 646.203277587891 750.562044143677 624.488246917725 522.446998596191 701.583978652954 646.618808746338 655.749929428101 792.166427612305 861.794509887695 713.625224113464 640.495502471924
496.252197265625 711.829574584961 607.669966697693 586.687883377075 667.754615783691 554.980527877808 598.775870323181 559.999492645264 618.222128391266 441.465835571289 549.932426452637 596.066024780273 984.054946899414 526.678115844727 815.161750793457 715.695285320282 581.579124450684 1023.63252258301 586.496398925781 571.167556762695 924.885116577148 940.603080749512 665.70280456543 613.451427459717 512.856842041016 464.222030639648 530.681777954102 660.977592468262 668.895526885986 768.044937133789 695.741369247437 645.791187286377 597.403385162354 598.750270843506 484.539123535156 559.501647949219 632.444969177246 597.835147857666 693.806561470032 644.332580566406 652.173934936523 682.39764213562 774.472076416016 761.777046203613 768.359296798706 805.152610778809 727.103668212891 692.964056253433 652.96932220459 653.889980316162
427.837966918945 668.625343322754 651.744945526123 564.525329589844 530.995643615723 644.665858268738 497.212684631348 594.497156143188 630.428687095642 487.69270324707 363.521041870117 472.789642333984 539.526748657227 509.580047607422 453.258865356445 816.253635406494 697.061147689819 532.626953125 429.160018920898 600.975738525391 535.304641723633 625.162239074707 656.823448181152 669.671258926392 629.646926879883 714.850875854492 893.052311897278 546.420433044434 595.406818389893 663.779016494751 637.368385314941 547.854850769043 543.62809753418 622.000503063202 611.550115585327 627.542001724243 626.263488054276 576.663856506348 606.453720092773 667.231979370117 521.98462677002 725.271835327148 640.357824325562 714.867050170898 806.739166259766 667.487110137939 709.572488307953 604.373413085938 579.751190185547 575.310913085938
499.978370666504 662.924613952637 657.637725830078 560.892669677734 498.337120056152 595.641067028046 805.544677734375 611.210821390152 584.949987411499 644.751983642578 404.920745849609 474.490539550781 654.436874389648 665.482704162598 726.663597106934 854.402191162109 897.820304870605 559.002883911133 420.328643798828 643.727020263672 497.162872314453 783.078063964844 426.039886474609 487.953109741211 499.176742553711 863.880924224854 489.781158447266 673.623100280762 528.082344055176 518.482406616211 555.973434448242 565.863227844238 587.317459106445 547.557777404785 734.490074157715 720.006114959717 685.720581054688 697.058193206787 572.128120422363 725.168422698975 708.029437065125 682.917045593262 712.553703308105 568.484825134277 752.457702636719 658.162104606628 648.61177444458 623.35737991333 500.269378662109 500.253753662109
599.60721206665 540.117774963379 632.448986053467 620.402359008789 454.503799438477 526.109973907471 602.298745155334 673.888343811035 646.833950042725 408.788818359375 582.823364257812 1122.10517120361 774.792803764343 795.622741699219 916.559173583984 1240.55224609375 673.494756698608 993.242065429688 473.728912353516 780.269790649414 671.251083374023 652.804534912109 504.703079223633 566.718673706055 581.154434204102 720.164037704468 558.139587402344 782.600218772888 523.694869995117 654.615142822266 484.096038818359 536.499778747559 556.464572906494 450.485137939453 612.085866928101 623.452570915222 592.772657394409 499.212097167969 623.6851978302 620.012884140015 773.242240428925 1114.05476379395 640.691377639771 675.416790008545 643.682689666748 539.652481079102 651.393951416016 560.947269439697 638.097949981689 497.018089294434
578.956941604614 549.287919044495 602.131229400635 549.92730140686 623.226608276367 576.208799362183 523.585334777832 604.540863037109 656.530532836914 712.66423034668 608.64395904541 1066.98522949219 842.242584943771 1014.68448466063 1103.73352050781 902.611053466797 635.002828598022 533.446098327637 517.962387084961 513.804275512695 897.974349975586 698.519225120544 648.900630950928 879.956701278687 693.422554016113 675.862594604492 593.819671630859 555.648361206055 561.733486175537 562.72492980957 610.793155670166 422.353332519531 540.251037597656 645.688313812017 630.114836476743 607.232890605927 573.203907012939 683.268798828125 564.113010406494 516.268737792969 580.100608825684 791.341152191162 649.661470413208 630.485976159573 632.461586892605 566.619972229004 602.160064697266 519.594177246094 580.718059539795 660.511054992676
517.448364257812 609.71452331543 600.902114868164 635.136192321777 487.071144104004 704.586486816406 665.524490356445 663.129516601562 586.854381680489 672.639390945435 905.688377380371 1007.15641403198 1101.8910446167 774.717905044556 918.573028564453 648.078094482422 412.80908203125 488.336059570312 465.677146911621 763.64973449707 931.205131530762 732.971954345703 503.712112426758 618.073163986206 594.858814239502 673.006202697754 554.98583984375 479.292404174805 612.646556735039 611.549207687378 608.811338424683 569.079633712769 567.986610412598 498.725662231445 605.987398147583 723.965942382812 631.906076431274 548.454083442688 521.675598144531 499.15096282959 783.315784454346 661.911781311035 603.252876281738 631.886680603027 631.491691589355 557.014743804932 673.103630065918 673.156784057617 694.446296691895 713.979125976562
453.070655822754 600.836994171143 550.599828720093 560.131570577621 440.981086730957 632.52392578125 563.859899520874 657.54288482666 628.6955909729 680.132247209549 884.302917480469 815.382270812988 846.970329284668 572.703281402588 675.529319763184 712.465621948242 590.832769393921 474.01318359375 570.531866073608 574.919498443604 459.821685791016 548.628955841064 477.785537719727 581.705108642578 628.637641906738 651.089557647705 772.77513885498 666.418109893799 701.113082885742 581.38552570343 631.564178466797 640.321746826172 619.110820770264 588.904166221619 546.054138183594 539.583190917969 470.821365356445 431.350372314453 659.274063110352 703.639472961426 736.858872413635 733.343561172485 600.041669368744 630.269313812256 621.15793132782 577.613056659698 533.288845062256 601.09520816803 507.088897705078 770.537445068359
528.233294487 503.496971130371 548.735638380051 600.333755493164 513.467491149902 530.306156158447 430.116409301758 467.364448547363 795.00048828125 699.771110534668 736.987337112427 693.880859375 548.835048675537 677.246299743652 688.853012084961 736.439529418945 556.642063140869 433.79167175293 561.142014503479 647.873710632324 637.77742767334 523.335609436035 535.247543334961 573.506276607513 540.102827072144 617.15225982666 589.832053184509 510.01692199707 586.941354751587 491.206604003906 483.822784423828 552.815130233765 521.195976257324 494.369659423828 640.826820373535 659.605491638184 451.811569213867 542.502155303955 554.6322722435 594.057778358459 651.666127204895 590.961570739746 518.692432403564 533.370128631592 584.167995452881 600.361736297607 574.488670825958 590.360591888428 469.075218200684 495.027214050293
511.037990570068 637.792934417725 481.165130615234 563.472819209099 433.848785400391 449.383140563965 510.633693695068 622.190731048584 644.072509765625 710.913417816162 598.970551490784 760.776550292969 758.422836303711 623.482860565186 596.505921363831 587.833944320679 596.72275352478 581.162802696228 463.335906982422 494.328750610352 512.81721496582 667.141479492188 568.80841255188 474.661903381348 522.084197998047 654.676277160645 637.830825805664 534.724502563477 508.348575592041 666.249816894531 641.937370300293 642.47940826416 606.779613494873 603.372234344482 673.97403717041 703.45002746582 592.749759674072 650.857429504395 689.64900970459 680.825180053711 539.260272979736 484.775688171387 590.224500656128 710.267532348633 690.124725341797 633.658882141113 634.110977172852 566.617279529572 500.976654052734 521.786819458008
526.235256195068 484.803268432617 570.097503662109 376.330703735352 444.959892272949 487.27709197998 446.406692504883 570.297565102577 608.537082672119 529.449321746826 669.816162109375 725.964744567871 721.2412109375 549.032695770264 597.419612884521 628.393920898438 583.936042785645 694.167678833008 669.82209777832 540.799516677856 566.78816986084 689.842323303223 593.745197296143 536.99605178833 481.088478088379 512.483901977539 450.126708984375 563.47588634491 549.952056884766 529.505748748779 594.212619781494 725.568161010742 673.850006103516 635.680030822754 596.98706817627 642.105453491211 638.799705505371 598.374793052673 650.07307434082 641.889999389648 410.506912231445 502.410934448242 516.05810546875 684.83723449707 624.813869476318 593.605567932129 609.410617828369 624.759616851807 716.563056945801 656.075180053711
385.414489746094 408.223083496094 494.01171875 527.478565216064 387.990600585938 483.625289916992 507.407585144043 635.674583435059 579.084980010986 619.81623840332 602.620634078979 689.669494628906 655.483848571777 742.15690612793 624.444313049316 569.139695167542 661.035003662109 552.201498031616 606.181312561035 618.328353881836 662.208557128906 589.317163467407 666.923347473145 577.457359313965 580.82199048996 604.688598632812 584.981026172638 702.354194641113 608.784942626953 562.265075683594 632.962677001953 641.492172241211 716.281265258789 676.395301818848 595.176349639893 589.790269851685 671.304816246033 678.255058288574 597.49885559082 581.519371032715 547.395245552063 501.580974578857 645.067957401276 551.044776916504 1037.62895202637 572.969984054565 513.181274414062 557.73813021183 558.669298529625 538.245073318481
489.36519241333 539.337287902832 531.282354354858 484.480712890625 400.759521484375 530.71430015564 546.836702346802 492.98445892334 606.767589569092 593.069027900696 577.870460510254 537.42956161499 515.928287506104 639.380729675293 584.84415435791 647.597595214844 536.379350662231 535.234155654907 693.647811889648 566.394609451294 693.871932983398 571.755603790283 648.982414245605 678.13973236084 565.764997005463 535.333459854126 516.647338867188 733.293979644775 707.111923217773 527.453712463379 512.428115844727 772.029708862305 658.504943847656 632.58821105957 729.988800048828 579.236103057861 697.59587097168 662.843475341797 555.240695953369 413.763046264648 458.424140930176 611.732799530029 641.749519348145 478.641613006592 1017.89391136169 409.604385375977 498.393905639648 651.653854370117 595.034088134766 620.33667755127
461.196144104004 629.369438171387 590.597778320312 487.45726776123 578.288425445557 522.020320892334 594.701190948486 559.186935424805 544.821308135986 662.637924194336 554.475069046021 506.822227478027 547.468332290649 595.601303100586 481.813690185547 598.065391540527 466.56770324707 512.149166107178 656.332176208496 553.877011299133 443.250190734863 475.919609069824 513.675947666168 562.748401641846 446.294738769531 413.913719177246 594.45837688446 657.33952331543 906.23706817627 527.127046585083 592.529549598694 553.898208618164 640.813432216644 622.708555221558 583.473426818848 613.146064758301 647.560005187988 483.749187469482 576.801874160767 512.925987243652 496.960964202881 616.076717376709 535.537034988403 443.752456665039 547.257030487061 585.707237243652 516.001346826553 625.515083312988 749.660064697266 673.897354125977
475.467575073242 577.448666095734 616.85648727417 540.819465637207 671.298053741455 655.734178543091 611.708353042603 616.765518188477 572.639499664307 648.409278869629 531.590751647949 532.629940032959 546.686359405518 515.152839660645 402.736083984375 540.636955738068 546.453899562359 508.327503204346 493.565837860107 485.637382507324 470.36457824707 516.180068969727 529.88144493103 689.169784545898 553.210475921631 547.387393474579 564.329578399658 633.697549343109 761.645500183105 642.151554107666 469.606185913086 459.913249969482 383.852722167969 455.027687072754 500.365451812744 631.687553405762 526.109078340232 608.629936218262 522.801309585571 571.88990020752 500.413604736328 512.444435119629 520.586433410645 514.021629333496 611.457580566406 584.470294952393 517.174125671387 563.825712203979 666.250274658203 390.43953704834
701.699645996094 643.938758850098 672.223861694336 758.370666503906 699.068450927734 582.43025970459 590.180274963379 727.223846435547 651.015640258789 664.183746337891 512.085372924805 474.615135192871 416.615692138672 399.733245849609 677.330375671387 571.179473876953 567.779556274414 378.354614257812 476.511405944824 400.461807250977 554.578395843506 523.791049957275 572.554328918457 561.741627693176 533.44563293457 467.655982971191 510.058673858643 492.004592895508 754.67707824707 895.829914093018 451.161010742188 541.011804580688 499.732731819153 444.161315917969 606.236694335938 505.661998748779 441.015007019043 567.335834503174 554.178462982178 564.412974357605 602.124145507812 551.043210983276 488.561363220215 517.273294448853 612.498252868652 637.276435852051 495.982028961182 557.617654323578 653.363334655762 569.229434967041
632.703022003174 635.04076385498 623.901359558105 663.004920959473 628.799156188965 520.230526924133 559.818811416626 607.012538909912 504.915912628174 581.859844207764 585.754348754883 598.953304290771 531.950748443604 455.840927124023 477.152191162109 494.613037109375 651.901599884033 564.143148422241 603.998292922974 413.567459106445 518.753147125244 576.310848236084 441.766296386719 480.432395935059 724.530883789062 580.676298141479 589.723467826843 548.494552612305 540.635734558105 464.741630554199 407.426391601562 521.420555114746 448.156063079834 548.305875778198 508.254692077637 616.220481872559 502.147174835205 549.687439441681 530.580904006958 497.432788848877 401.643371582031 598.28768157959 487.595695495605 478.22127532959 613.829486846924 552.300900697708 482.515716552734 546.834993362427 575.666286468506 540.799091339111
548.512804418802 552.591420173645 502.507724761963 500.731342315674 494.806632995605 491.014793395996 523.43604850769 602.838134765625 357.085342407227 616.966600418091 586.798000156879 541.272541046143 477.408306121826 454.740165710449 660.475341796875 521.986415863037 572.52303314209 648.08031463623 645.783668518066 585.099689483643 569.139447927475 515.936500549316 433.307540893555 566.119569778442 524.290930747986 534.708622932434 530.60841178894 641.371802330017 798.677499771118 570.299814224243 583.675273895264 440.184997558594 424.745826721191 629.258476257324 611.91130065918 518.537775039673 731.809448242188 476.888771057129 514.016572952271 502.413505554199 325.91032409668 552.011606216431 474.441341400146 386.02067565918 427.635269165039 419.493728637695 264.670959472656 457.217269897461 518.360908508301 630.076835632324
526.168250083923 480.602546691895 532.645565032959 443.11075592041 470.037189483643 561.903980255127 644.125183105469 749.190032958984 561.660885810852 699.661720275879 488.647857666016 479.663192272186 457.90438079834 405.053253173828 641.032371520996 675.294067382812 559.543893814087 593.934646606445 570.264226913452 543.247103571892 548.796556472778 625.630546569824 612.342514038086 559.04714012146 602.949043273926 571.832603856921 486.352584838867 427.774490356445 682.552391052246 716.097270965576 649.034241676331 555.539665222168 296.67936706543 450.812042236328 426.153030395508 523.086901664734 533.816910386086 495.013717651367 429.636116027832 387.80086517334 517.440196990967 607.955230712891 522.793954849243 425.039367675781 545.194645404816 446.42204284668 474.858291625977 384.230346679688 580.789791107178 422.235778808594
481.650714874268 530.429183959961 574.52534866333 555.450345993042 490.176063537598 475.165557861328 585.744834899902 629.008201599121 496.55659866333 441.368835449219 569.012428879738 458.278938293457 502.333099365234 527.92001914978 695.912506103516 586.480438232422 432.994621276855 517.273984909058 689.238815307617 577.422332763672 599.825386047363 569.528602600098 580.71329498291 543.656240463257 624.50316619873 636.307777404785 630.946506500244 649.456270217896 542.916709899902 636.149219036102 710.297520637512 716.319599151611 510.05305480957 464.147239685059 654.606094360352 712.284103393555 544.814262866974 461.609390258789 497.701232910156 562.402454376221 611.795228481293 503.530601501465 785.219036102295 706.768123626709 692.863756895065 521.131767272949 401.238708496094 521.406455993652 556.46981048584 487.07243347168
