simdem/realisation25.asc
NCOLS 350 
NROWS 171 
XLLCORNER 152620 
YLLCORNER 418050 
CELLSIZE 100 
NODATA_value -9999 
[rows 66 to 87 of 171, columns 150 to 199 of 350]
558.544720649719 423.057228088379 495.229377746582 591.14444732666 584.729696273804 555.082980632782 469.906097412109 586.993625640869 619.649265289307 748.405151367188 644.492561340332 697.859184265137 601.082639694214 635.648239135742 501.213607788086 435.04460144043 440.858619689941 483.719635009766 490.566162109375 502.205665588379 615.152729034424 640.221801757812 591.451202392578 361.890075683594 479.17748260498 361.486312866211 665.511795043945 625.639404296875 646.560947418213 711.285522460938 756.450408935547 707.777236938477 674.377471923828 621.892377853394 616.263693809509 610.687349319458 639.33465385437 580.726943969727 596.878856658936 556.502090454102 690.808204650879 764.704208374023 776.310684204102 671.100507378578 585.348640441895 644.284272670746 614.232034683228 528.234405517578 677.991104125977 581.089324951172
601.979545593262 511.100629806519 511.555633544922 551.322655677795 568.256805419922 581.65255355835 489.82088470459 643.495628356934 675.395446777344 713.460006713867 566.689593315125 640.598968505859 609.776893615723 568.332149982452 619.486724853516 529.575414657593 518.031246185303 644.211036682129 505.802509307861 603.782283782959 495.487289428711 607.899559020996 624.940036773682 409.503448486328 506.970031738281 568.20116519928 653.38191986084 609.788036346436 586.238237380981 574.221450805664 617.664665222168 428.604049682617 605.984453201294 538.38533782959 588.767850875854 446.027862548828 592.406718254089 521.378715515137 654.132099151611 564.760665893555 762.501586914062 579.759466171265 629.661810398102 676.515510559082 630.998174667358 639.448306560516 714.953582763672 633.875520706177 679.740112304688 624.127794265747
511.28630065918 475.081657409668 540.130405426025 520.53454208374 516.01181602478 528.940760612488 595.375259399414 543.808650493622 596.291130065918 550.930168151855 579.646577835083 455.106155395508 562.611362457275 603.362134933472 608.822681427002 347.224487304688 520.029342651367 542.326866149902 449.246650695801 555.226421356201 480.58292388916 598.108457565308 609.240390777588 499.54615020752 565.031440734863 581.838057160378 561.786112785339 557.067714691162 601.633147239685 653.776035308838 506.539428710938 665.824848175049 613.922979354858 716.098861694336 523.26220703125 410.043731689453 451.034477233887 447.710083007812 601.306512236595 508.213577270508 639.395635604858 715.462699890137 653.358103752136 665.835903167725 609.553144454956 731.748588562012 672.277820587158 673.196380615234 690.651351928711 613.893101215363
575.027855873108 563.550760269165 438.623878479004 515.67162322998 564.840236663818 513.247116088867 526.588342666626 557.415089011192 650.59449005127 628.542852401733 571.511114120483 558.557180404663 542.529612541199 540.765928268433 518.317764282227 410.852233886719 499.885097503662 442.586700439453 425.714050292969 505.273284912109 553.079191207886 472.927215576172 569.314568758011 525.407241821289 542.392120361328 556.150562286377 390.801376342773 600.714477539062 570.128017425537 684.872894287109 555.613246917725 693.835418701172 699.084121704102 606.733123779297 708.638862609863 470.132247924805 578.095846176147 590.63232421875 653.766300201416 606.896666526794 575.42893409729 597.703147888184 669.204082489014 693.6653175354 634.71776008606 659.836395263672 586.393074035645 551.974479675293 675.79662322998 654.133348464966
553.221483230591 490.237319946289 436.722991943359 393.398406982422 547.054500222206 554.690086364746 615.833312988281 695.537216186523 561.987817764282 637.653450012207 623.58358001709 724.66357421875 656.578826904297 625.006271362305 389.921127319336 430.7265625 560.604917526245 494.970321655273 598.353849411011 534.644302368164 595.303960800171 610.769214630127 696.645355224609 657.487148284912 611.539522171021 659.492523193359 512.850631713867 601.647022485733 549.266059875488 680.675559997559 578.000635883305 596.652346968651 627.030277252197 578.343110084534 593.684406518936 638.147563934326 660.965961456299 625.575603485107 707.093017578125 574.41353225708 601.608794212341 703.785675048828 651.275142669678 664.313896179199 732.412200927734 606.786739349365 689.71862411499 571.191963195801 674.04442024231 790.987045288086
602.159870147705 628.004348754883 378.459365844727 508.764419555664 597.544582366943 517.977886199951 582.674240112305 514.856575012207 535.723568439484 661.675331115723 542.775130748749 598.483383178711 619.99560546875 610.777938842773 418.414337158203 554.002141952515 592.780771255493 512.757514953613 575.711980223656 597.469519615173 594.307726860046 628.102973937988 671.855407714844 761.683822631836 664.559852600098 565.444602966309 664.621974945068 467.622871398926 594.153009414673 652.382110595703 579.21727180481 679.044731140137 416.684371948242 456.973083496094 550.061817169189 533.899974822998 651.836981773376 731.978149414062 778.466690063477 707.21826171875 707.149620056152 757.907135009766 672.016712188721 589.356467962265 603.248330116272 816.504928588867 685.508602142334 551.471031188965 452.247909545898 565.065097808838
547.450018882751 507.116807937622 545.238000869751 549.355776786804 510.330486297607 466.38215637207 512.510335922241 402.486038208008 442.419502258301 477.727264404297 508.993835449219 695.902908325195 485.912872314453 631.398231506348 489.531593322754 619.086853027344 548.700705528259 594.600481033325 609.631301879883 602.894300818443 615.851510047913 508.127555847168 486.448387145996 533.365653991699 673.672660827637 563.457706451416 578.473487854004 598.077026367188 625.865770339966 719.74340057373 543.632895469666 531.909332275391 330.693939208984 342.434539794922 550.088787078857 654.220054626465 497.671417236328 532.714485168457 564.894618988037 605.071105957031 586.858329772949 596.055275917053 726.155723571777 692.434349060059 562.452116012573 637.220643997192 657.524299621582 596.545150756836 407.159072875977 559.735214233398
476.315757751465 490.784675598145 523.593159675598 490.179626464844 417.137634277344 600.181457519531 508.849010467529 482.441032409668 430.102188110352 323.126037597656 415.96711730957 402.137954711914 468.47314453125 640.531097412109 604.20036315918 614.100646972656 646.142845153809 615.906296730042 598.636348724365 461.182907104492 681.538459777832 721.035774230957 582.919281005859 461.55207824707 548.244617462158 462.708602905273 635.038782119751 517.278274536133 476.279235839844 569.202995300293 594.465476512909 682.902053833008 496.868812561035 390.120101928711 559.59610748291 505.352989196777 557.639324188232 465.844665527344 431.615707397461 413.065948486328 463.680908203125 569.862112045288 538.879711151123 532.60279083252 636.085121154785 490.316284179688 449.896041870117 375.554229736328 538.172843933105 620.875965118408
478.790245056152 511.695365905762 546.046770513058 562.56486082077 560.132937908173 506.97966003418 560.226843357086 488.608993530273 350.377166748047 420.154632568359 371.709228515625 379.597076416016 462.586502075195 677.374618530273 606.360134124756 677.94213104248 655.630325317383 769.783096313477 553.636611938477 551.629131317139 597.568778991699 619.276999473572 527.853530883789 574.985946655273 681.728401184082 527.407173156738 673.989940643311 669.96053314209 579.265300750732 538.379592895508 481.840492248535 607.531121253967 661.148582458496 396.754470825195 681.910255432129 557.631488800049 666.665168762207 578.470556259155 512.016914367676 586.465574383736 578.858283996582 489.442543029785 508.409088134766 624.547409057617 555.331150054932 485.305282592773 479.233169555664 473.920944213867 644.030944824219 587.492298126221
597.424392700195 436.435287475586 555.47513961792 461.317947387695 600.76043510437 509.951320648193 595.042350769043 666.206100463867 591.96216583252 511.130737304688 498.09886932373 603.382961273193 515.697570800781 654.915458679199 589.501055240631 644.059377670288 774.330505371094 759.714385986328 664.149169921875 674.151306152344 691.861923217773 485.07218170166 415.357604980469 515.759674072266 844.357131958008 480.473960876465 578.120468139648 650.718841552734 642.415212631226 593.611821651459 600.606952667236 567.46648979187 637.913288116455 571.313203811646 499.609146118164 462.555328369141 556.618148803711 597.366635322571 454.06071472168 450.428588867188 669.516082763672 599.956053256989 626.02618598938 534.714744567871 474.083892822266 463.595306396484 492.847465515137 458.584732055664 636.522727966309 646.098037719727
516.615539550781 455.302978515625 734.694404602051 898.77286529541 486.094390869141 564.520852208138 671.368217468262 801.400436401367 745.786193847656 492.687858581543 562.493504524231 436.664337158203 552.705877304077 735.894912719727 611.838101863861 639.75085067749 627.285369873047 708.551147460938 623.606727600098 712.813034057617 552.047996520996 508.52619934082 434.188140869141 470.381637573242 680.261882781982 539.404201507568 557.682502746582 553.347457885742 668.276954650879 642.356052398682 635.328056335449 676.618286132812 620.916526794434 515.902458190918 521.148639678955 649.519390106201 614.343112945557 588.167041659355 555.904411315918 558.882061958313 606.462471008301 579.581172943115 704.638786315918 722.993446350098 546.008155822754 443.763870239258 506.803009033203 598.583250522614 703.623809814453 508.978050231934
484.082626342773 505.279029846191 636.300022125244 725.094047546387 579.48623085022 734.254192352295 454.533065795898 561.561402320862 589.906362533569 525.433864593506 533.132537841797 522.579483032227 621.41739654541 604.378566741943 521.241333007812 653.008665084839 517.255310058594 668.795448303223 644.252470016479 763.515777587891 653.521173477173 602.091152191162 596.544471740723 598.216499328613 730.499362945557 736.527839660645 647.188299179077 650.314315795898 653.992956161499 725.43090057373 623.78897857666 532.46369934082 668.171340942383 588.006677389145 646.176319122314 569.230506896973 556.673858642578 602.322033882141 461.417633056641 627.404233932495 550.334400177002 646.307670593262 538.729141235352 535.320526123047 632.935501098633 531.603527069092 620.485492706299 536.740303039551 500.218910217285 374.71159362793
405.84065246582 651.70085144043 547.949348449707 591.193761825562 662.261210441589 342.636123657227 583.835327148438 629.428806304932 684.636672973633 651.492809295654 673.214767456055 531.936225891113 660.016151428223 558.433298110962 628.144178390503 590.244802474976 569.818748474121 597.097038269043 598.112857818604 660.565359115601 663.490961074829 492.868690490723 553.514831542969 468.985771179199 485.034805297852 492.153434753418 443.100936889648 568.772882461548 686.4596824646 563.580261230469 625.655544281006 648.172281265259 708.4697265625 762.137908935547 635.076212882996 482.714340209961 540.517833709717 470.700462341309 504.977012634277 351.374740600586 550.29842376709 616.251441240311 533.260040283203 667.73698425293 594.929203033447 587.187382221222 578.607925415039 663.337429046631 544.151832580566 558.708545684814
639.263809204102 419.165556907654 538.770561218262 488.708068847656 644.973178863525 580.309732437134 742.019439697266 538.301025390625 616.128603935242 646.767911911011 705.752326965332 611.353851318359 681.445327758789 694.851715087891 702.663093566895 689.523899078369 555.294342041016 619.752090454102 779.677368164062 686.703784942627 744.800506591797 592.219517707825 596.220440387726 505.740425109863 539.442386627197 666.151058197021 519.255577087402 560.025947570801 563.007621765137 547.569427490234 674.266571044922 802.667053222656 855.062377929688 823.075538635254 632.611156463623 550.394176483154 655.646713256836 570.923757553101 581.989579200745 609.905413627625 541.301719665527 583.196681976318 650.981029510498 701.338386535645 557.508525848389 581.207305908203 637.911045074463 577.947723388672 654.400159835815 541.641082763672
612.575210571289 392.473178863525 551.148717880249 653.389610290527 642.296900808811 642.072032928467 594.537573814392 533.066162109375 710.387756347656 649.247426986694 501.072395324707 574.786296844482 684.560966491699 1046.83033752441 801.535234451294 608.393146514893 621.96989440918 817.964752197266 497.717956542969 681.150539398193 601.383163452148 510.50772857666 557.121629714966 597.416687011719 551.911277770996 845.455154418945 689.838005065918 627.524260520935 602.349540710449 607.603319168091 813.648223876953 703.166877746582 634.309341430664 641.768732070923 598.311599731445 770.780609130859 725.891082763672 585.868629455566 584.292231559753 485.911262512207 669.21110534668 605.653116226196 506.482727050781 714.088653564453 543.389656066895 604.930053710938 580.656059265137 456.705261230469 548.970947265625 478.872650146484
653.404636859894 657.076236404479 468.474128723145 924.35572052002 708.674705505371 681.860686302185 675.366142272949 455.421272277832 657.378177642822 599.100383758545 635.757362365723 1023.59210586548 565.285919189453 1013.40155792236 891.837593078613 633.674919128418 738.769351959229 898.757209777832 781.733322143555 688.963733673096 708.121353149414 631.737282276154 630.471504211426 525.234760284424 555.844932556152 670.71809309721 691.724891662598 574.964408874512 625.528545379639 793.680328369141 706.169429779053 556.716651916504 685.764495849609 634.623433589935 656.013933181763 583.266998291016 704.146415710449 574.476978302002 651.611846923828 549.029396057129 678.910552978516 523.937538146973 543.778999328613 614.808272361755 622.935892105103 768.557525634766 529.344352722168 538.840309143066 519.628913879395 556.818969726562
702.165031433105 729.064376831055 749.824493408203 851.690925598145 860.434177398682 769.503480911255 649.534454345703 857.350269317627 819.767471313477 1114.82795715332 525.507251739502 479.493682861328 615.070682525635 683.922210693359 521.087242126465 620.536197662354 601.802374839783 675.340664863586 924.949378967285 804.049011230469 708.222434997559 565.30782699585 647.268674850464 630.376892566681 676.152362823486 703.016179084778 610.38395690918 714.25993347168 712.582126617432 627.295689582825 626.513006210327 659.997833251953 619.849198818207 699.334899902344 667.484195709229 671.712650299072 587.187596321106 552.794975280762 592.880513191223 632.369619369507 681.228775024414 572.84436416626 581.881576538086 617.539072036743 641.827479362488 716.228576660156 683.213497161865 515.765762329102 499.163909912109 542.82250213623
717.02222442627 775.339416503906 725.247192382812 689.558944702148 791.166870117188 671.91334438324 491.756958007812 731.652435302734 658.292278289795 881.191257476807 441.329759597778 546.956321716309 791.492309570312 715.605392456055 503.581142425537 540.543395996094 598.688359260559 553.981216430664 660.534549713135 944.355120658875 647.019287109375 525.066715240479 618.86483001709 591.079929351807 763.604751586914 567.377754211426 690.18500328064 834.842056274414 765.349937438965 598.619407653809 576.607215881348 532.96467590332 598.140260696411 714.949310302734 636.032703399658 629.441823959351 668.138790130615 638.516933441162 601.455097436905 607.410093307495 657.176578521729 694.88077545166 536.501792907715 581.41463470459 655.667105674744 725.418300628662 745.986854553223 730.195796966553 686.949284553528 748.014747619629
582.659440994263 676.936687469482 562.569305419922 486.522659301758 514.758987426758 586.345155715942 359.977447509766 682.538335800171 681.406723022461 592.694332122803 635.078940391541 669.578559875488 907.099044799805 723.574234008789 792.153961181641 628.000464439392 506.555991023779 459.30738067627 533.636581420898 980.584680557251 662.130462646484 665.330520629883 738.584251403809 845.699951171875 693.574726104736 599.08748626709 808.685409545898 815.767395019531 727.590705871582 620.72865152359 581.709771156311 539.63200378418 628.121810913086 820.452728271484 699.072177886963 717.436172485352 612.611414909363 693.436218261719 614.442090034485 639.82604598999 675.504711151123 775.726669311523 672.003894805908 577.579597473145 596.966609954834 667.84436160326 720.055088043213 791.193031311035 718.278060913086 824.72673034668
441.276527404785 572.697692871094 598.156709671021 560.820739746094 645.150060653687 632.608497619629 410.05786895752 659.910083770752 825.333770751953 736.840645313263 676.290023803711 797.560821533203 835.171146392822 845.588821411133 834.632652282715 753.708484649658 579.348209381104 647.868732452393 620.845883846283 707.837371826172 556.475288391113 442.66227722168 576.459259033203 625.753421783447 1086.85228729248 786.39208984375 738.820213317871 727.309822499752 615.146532058716 461.390995025635 441.650825500488 714.585479736328 759.522354125977 730.443977355957 678.761077880859 699.608966827393 661.576667785645 669.521881103516 661.810483932495 519.665237426758 624.656237602234 513.180419921875 643.99359703064 641.469758987427 639.941682815552 746.259033203125 693.679858207703 641.470720291138 586.816452026367 639.020835876465
531.462692260742 518.069534301758 599.372932434082 686.823045730591 -9999 -9999 -9999 -9999 -9999 -9999 -9999 -9999 -9999 -9999 -9999 933.715744018555 703.226650238037 802.00129699707 719.824244499207 699.167587280273 459.674667358398 542.721221923828 602.486845970154 490.324569702148 559.062576293945 623.753252029419 1051.34308815002 662.5071144104 548.216186523438 812.764297485352 474.72403717041 698.937545776367 643.671581268311 761.645034790039 764.523498535156 710.83757019043 606.2083568573 609.585985183716 616.336023330688 647.511812210083 658.651768684387 697.707508087158 659.847451865673 524.845809936523 762.715705871582 826.082489013672 730.494228363037 700.923904418945 692.840965270996 600.878353118896
-9999 -9999 -9999 -9999 -9999 -9999 -9999 -9999 -9999 -9999 -9999 -9999 -9999 -9999 -9999 -9999 -9999 -9999 899.948303222656 659.40210723877 702.433853149414 933.66276550293 793.864654541016 654.457378387451 556.293495178223 509.657629013062 677.297040939331 646.958353996277 754.240547180176 655.102504730225 552.658445358276 925.618949890137 634.297864198685 753.72159576416 619.661464691162 783.175048828125 588.474559783936 645.745374202728 507.166763305664 657.030513763428 622.544548034668 655.91166305542 690.941335678101 625.863887786865 787.091567993164 763.102325439453 726.581749916077 685.59001159668 625.335525512695 617.875900268555
