simdem/realisation27.asc
NCOLS 350 
NROWS 171 
XLLCORNER 152620 
YLLCORNER 418050 
CELLSIZE 100 
NODATA_value -9999 
[rows 66 to 87 of 171, columns 50 to 99 of 350]
653.196716308594 617.895904541016 455.974060058594 519.305381774902 357.000595092773 376.844058990479 426.756655216217 416.839458465576 444.322420120239 334.369274139404 291.194969177246 386.995838165283 518.287948608398 407.557193756104 450.318466186523 391.397640228271 326.094399452209 330.387069702148 400.130828857422 465.833923339844 274.927558898926 435.899394989014 391.881278581917 382.2192902565 344.641521453857 258.661743164062 375.989952087402 289.119522094727 334.802757263184 370.966747283936 369.052215576172 289.744995117188 277.74910736084 390.488374710083 385.039115905762 537.987045288086 432.131992340088 247.010040283203 307.317993164062 357.923690795898 289.317428588867 455.974033355713 499.565185546875 460.159624099731 686.140228271484 574.642623901367 515.542495727539 347.496253967285 401.033168792725 386.36213684082
402.084571838379 461.070287704468 468.075004577637 385.837177276611 379.397510528564 275.181617736816 401.960353851318 388.073236465454 489.18643951416 673.564605712891 576.683639526367 381.230716705322 406.335254669189 398.823120117188 369.861042022705 363.836975097656 211.941337585449 217.50944519043 296.473182678223 434.846809387207 354.059827804565 478.999015808105 372.840483665466 234.998229980469 386.94207239151 309.90616607666 392.244366645813 279.364433288574 377.369756698608 253.921836853027 242.314559936523 270.224624633789 387.637942314148 387.993522644043 392.956308364868 414.004514694214 494.009887695312 496.815628051758 391.257326126099 507.032295227051 490.166404724121 382.499050140381 411.78910446167 378.256568908691 520.713150024414 432.621610641479 313.710647583008 301.88671875 286.574310302734 381.21949005127
550.192031860352 477.113487958908 500.252029418945 497.248077392578 338.443756103516 313.219520568848 418.848821640015 315.492084503174 350.20468044281 373.889247894287 381.127376556396 374.863739013672 445.853408813477 272.064224243164 374.317419052124 180.721054077148 163.991973876953 217.53199005127 416.200546264648 373.28104019165 166.199584960938 330.858943939209 368.711818695068 348.00471496582 331.221881866455 281.27091217041 415.546394348145 427.882649421692 281.336158752441 269.498954772949 362.438159942627 451.756828308105 464.972705841064 392.799184799194 467.612121582031 462.56078338623 441.221324920654 400.328251361847 380.606483459473 404.123293876648 473.324611663818 448.684944152832 461.606164932251 520.809745788574 576.91926574707 483.709741592407 414.896183013916 420.465572357178 482.788568496704 426.011909484863
522.12767791748 514.4407081604 478.853994369507 463.607711791992 365.105751037598 358.58291053772 310.080741882324 344.325572967529 300.37056350708 449.373680114746 537.060134887695 370.195520401001 313.738006591797 386.809242248535 376.925399780273 277.611389160156 327.927875518799 408.485765457153 296.64185333252 368.614262104034 258.394577026367 307.568817138672 378.268811702728 380.034949302673 443.987659454346 482.196922302246 447.914684295654 378.063632965088 382.781181335449 413.226375579834 353.194332122803 525.126449584961 386.822557449341 360.480354309082 424.989633560181 483.493438720703 365.099863052368 238.227127075195 337.600601196289 368.328922271729 370.917743682861 399.029453277588 577.998641967773 461.195790290833 553.853225708008 546.076156616211 463.537199497223 569.105590820312 592.335952758789 415.562522888184
454.141564369202 571.110595703125 403.955545425415 510.842460632324 321.87776184082 466.668243408203 346.682695388794 343.383143186569 385.748849868774 445.0751953125 411.684688568115 488.423065185547 534.065292358398 302.858955383301 487.922576904297 293.409072875977 309.876808166504 353.737850189209 310.544647216797 447.221054077148 305.391799926758 295.638160705566 254.179306030273 341.559650421143 408.374176025391 347.870754241943 420.549713134766 468.535720825195 385.84619808197 418.267122268677 420.351312637329 580.477157592773 493.29517364502 415.6748046875 285.807312011719 397.507348895073 475.774909973145 346.416610717773 337.345993041992 462.047985076904 426.878155231476 468.056533813477 434.038332939148 494.298194885254 428.216974258423 517.597457885742 400.343795776367 451.215431213379 537.617134094238 493.778964996338
451.131851196289 375.211524963379 491.107864379883 426.884410858154 513.210334777832 311.249507904053 296.447914123535 287.208602905273 315.042346954346 382.830680847168 489.302467346191 494.451797485352 409.839195251465 422.376342773438 469.341293334961 432.403610229492 351.403026580811 337.849180221558 272.984909057617 371.425621986389 433.1178855896 416.708709716797 397.05651473999 262.861747741699 421.830585479736 402.910175323486 447.089153289795 398.29278755188 416.44163608551 401.73194694519 521.540458679199 449.454490661621 445.068473815918 281.352493286133 386.388801574707 443.6784324646 495.027282714844 439.721033096313 513.920127868652 525.265182495117 409.211492538452 468.627199172974 470.625612258911 579.193420410156 469.587705612183 339.296440124512 400.805297851562 440.304229736328 589.365371704102 427.93868637085
489.336410522461 393.868686676025 448.160182952881 376.957586288452 359.326755523682 198.935409545898 185.889419555664 203.729751586914 412.156253814697 323.543453931808 513.912994384766 423.64582824707 338.890384674072 382.073541641235 396.344528198242 425.786834716797 314.233432769775 315.802234649658 350.580451965332 483.659523010254 375.72419500351 356.567966461182 272.813926696777 406.029987335205 317.67943572998 259.042655944824 341.690574645996 422.088592529297 450.551593780518 431.874809265137 487.253761291504 470.800819396973 380.717960357666 338.563411712646 326.28247833252 418.882605552673 463.466361999512 415.782958984375 381.884700775146 435.182092428207 451.437992095947 538.476181030273 538.04768371582 564.702407836914 440.958684921265 389.438903808594 466.352470397949 472.46845126152 552.806716918945 435.317230224609
459.60461807251 364.474227905273 465.909690856934 381.190832138062 369.463327407837 287.043464660645 184.82145690918 325.864225387573 422.605751037598 388.250354766846 440.241348266602 400.305015563965 341.273020744324 281.38737487793 262.221870422363 391.50626373291 410.631980895996 390.138359069824 393.973550796509 630.372116088867 454.767478942871 451.470077514648 375.25261592865 380.7536277771 339.037746429443 339.446754455566 288.950714111328 421.370475769043 359.463474273682 331.41157913208 443.641036987305 419.370613098145 414.696977615356 354.996765136719 275.942108154297 407.111070632935 314.668296813965 350.498275756836 326.346290588379 426.829748630524 430.75287437439 461.716044425964 529.613342285156 589.806396484375 446.044912338257 528.530811309814 525.722999572754 633.571273803711 624.671264648438 520.610763549805
347.112361907959 303.460556030273 364.423406600952 320.918060302734 408.089733123779 322.661422729492 251.522941589355 400.318332672119 435.85383605957 417.48161315918 422.339935302734 319.987152099609 301.180046081543 396.129611968994 409.092472076416 415.382923126221 519.393539428711 457.267063140869 401.580989837646 626.839691162109 531.576080322266 384.732026100159 316.894458770752 373.059685349464 333.275352478027 298.878532409668 462.73274230957 466.262840270996 357.184370040894 358.330593109131 384.35830783844 390.583862304688 384.17983341217 464.981761932373 408.262192964554 389.637155771255 388.640119552612 435.010353088379 420.868806838989 244.241317749023 339.684410095215 445.606200218201 542.759140014648 606.597686767578 510.254959106445 517.256216049194 436.156261444092 548.52766418457 495.106917858124 449.658065795898
503.522832393646 488.431476593018 456.334836959839 520.857109069824 374.833122253418 337.897151947021 299.97350692749 398.373279571533 520.410430908203 422.198471069336 543.032592773438 365.232264026999 454.391571044922 421.831535339355 626.953704833984 417.206703186035 438.789722442627 283.25008392334 491.151702880859 356.648503303528 442.227729797363 498.552886962891 274.214042663574 151.216262817383 297.768920898438 398.211702346802 430.421756744385 371.615526199341 431.792930603027 384.018770217896 354.535793304443 410.763754844666 558.072250366211 385.183920860291 398.716062545776 442.23480796814 435.826639175415 445.03994679451 353.438690185547 306.623123168945 266.149063110352 396.316215515137 601.638984680176 551.633178710938 494.245044708252 432.223068237305 502.706399202347 382.798629760742 395.902984619141 820.207359313965
671.945373535156 442.656021118164 538.94953918457 438.494319915771 429.569977760315 364.551811218262 361.417140007019 431.989589691162 467.920127868652 418.732078552246 510.879196166992 265.18675994873 263.743774414062 402.791963577271 413.979488372803 501.610931396484 442.742282867432 406.594581604004 357.552526473999 340.917301177979 471.061157226562 361.732681274414 359.06599855423 206.159103393555 233.398361206055 447.120044708252 136.421340942383 346.195373535156 467.616081237793 387.458841323853 437.517044067383 401.236539840698 390.558019638062 631.028030395508 489.47745513916 386.238838195801 441.8881701231 401.556854248047 473.372416973114 422.896373748779 474.609934270382 472.846648216248 590.428604125977 473.23547744751 426.08136177063 239.354110717773 515.110916137695 685.164825439453 416.78059387207 641.535409927368
466.126260757446 573.484771728516 385.195903778076 411.716835021973 586.682029724121 433.477247238159 305.5625 301.175239562988 399.117519378662 532.838882446289 458.540641784668 365.004199028015 409.644569396973 404.152717590332 448.775848388672 536.066299438477 530.412551879883 412.229722976685 424.729984283447 364.015207767487 400.35835647583 330.431545257568 374.123042106628 268.808654785156 307.859878540039 507.987106323242 327.50802230835 318.298370361328 432.676605224609 402.477618217468 404.208699226379 446.685153961182 575.587738037109 603.619338989258 524.590698242188 497.791614532471 345.569671630859 406.849990844727 549.74552154541 499.762403488159 578.965522766113 600.175689697266 475.35071182251 465.138475418091 363.414932250977 573.656829833984 495.562561035156 668.352516174316 404.192169189453 617.376037597656
422.379192352295 301.814262390137 250.217826843262 404.166428565979 426.619812607765 311.856071472168 363.631435394287 344.921112060547 550.75700378418 429.31502532959 331.062763214111 225.287399291992 426.716598510742 465.289642333984 546.754806518555 527.540588378906 448.037780761719 481.436737060547 290.493347167969 407.081573486328 316.842615127563 299.945640563965 336.772678375244 314.42919921875 404.547262191772 505.241218566895 310.598945617676 242.965682983398 390.654173612595 388.698197364807 466.760246276855 530.898727416992 467.045524597168 294.500366210938 482.925277709961 482.296885490417 492.147325515747 467.999660491943 525.643215179443 425.134124755859 729.765930175781 632.773124694824 374.048210144043 884.428161621094 662.143421173096 742.22654914856 391.242149353027 430.642524719238 453.132164001465 643.046008110046
335.073698975146 265.166717529297 238.588134765625 452.077667236328 627.711380004883 423.760799407959 351.186677932739 363.00431907177 631.281372070312 417.186538696289 326.634098052979 391.828044891357 264.645027160645 383.55366897583 400.655540466309 511.27033996582 405.797550201416 348.340059280396 419.241691589355 365.870473012328 389.605233192444 273.522727966309 381.854787826538 403.303262710571 334.567565917969 374.157349586487 252.164138793945 478.719802856445 405.146557807922 508.070381164551 474.420143127441 491.936958312988 404.147415161133 400.185424804688 262.058059692383 387.938133239746 386.724014282227 405.92015838623 511.577091217041 429.075843811035 477.977661132812 443.106903076172 766.356941223145 590.231275558472 586.83233833313 527.859764099121 696.236740112305 651.612228393555 610.168003082275 683.067644119263
529.668672561646 377.28510093689 317.155471801758 314.041175842285 408.684652328491 430.747291564941 318.972034454346 295.585014343262 406.075698852539 550.615341186523 306.172351837158 328.052122116089 303.676742553711 321.977962493896 350.553737640381 396.048414230347 283.905143737793 394.690814971924 389.664614677429 350.047720909119 402.561878204346 377.468546867371 469.285690307617 488.664405822754 183.170867919922 408.921224594116 322.253570556641 428.811985015869 438.250297546387 560.014739990234 395.560015678406 486.850540161133 458.019563674927 458.470335006714 495.241725921631 370.889381408691 527.37621307373 456.335014343262 419.056324005127 517.939056396484 557.137435913086 548.755660057068 942.40372467041 559.678558349609 518.22162437439 587.363708496094 684.768077850342 577.378246307373 679.76008605957 577.62180519104
532.857727050781 362.844409584999 337.616558074951 373.830615997314 458.336685180664 442.833923339844 327.610942840576 318.309474945068 364.282201766968 337.768533706665 392.273815155029 452.187957763672 310.676300048828 276.66185760498 315.550567626953 386.068832397461 263.594085693359 379.11775970459 356.381479263306 424.237678527832 319.602680206299 247.20531463623 389.005274772644 430.432671546936 276.035781860352 289.190757751465 440.940650939941 542.145523071289 450.258285522461 411.196451187134 334.215660095215 511.416305541992 438.749376296997 415.95051574707 355.847099304199 489.762447357178 494.493283748627 516.021196842194 480.991526603699 661.770812988281 871.467578887939 566.991054534912 809.755935668945 802.783500671387 548.498500823975 654.534912109375 648.227416992188 584.299140930176 621.206428527832 616.535774230957
502.016944885254 391.842590332031 190.225952148438 426.435531616211 401.583885192871 445.07559967041 380.093790054321 379.501089096069 323.615909576416 347.540016651154 328.388378143311 255.663604736328 347.501708984375 358.582859039307 261.059684753418 401.100212097168 427.981170654297 427.321872711182 324.602325439453 362.394257545471 485.855072021484 270.013442993164 372.177352905273 374.007225036621 380.368673324585 358.248985290527 597.853851318359 571.384536743164 515.834281921387 480.030418395996 351.737415313721 413.818009480834 432.011543273926 428.264686584473 510.413604736328 461.116633176804 537.551959991455 578.765017271042 769.265985488892 735.839904785156 629.564392089844 434.335289001465 525.694892883301 508.55092716217 513.50309753418 590.083656311035 663.161727905273 587.083770751953 623.596496582031 623.268882751465
489.676361083984 344.184976577759 278.964420318604 463.349563598633 360.744518518448 357.45170879364 338.446176886559 400.704319000244 334.562726974487 397.159023284912 451.287750244141 346.496267318726 216.934112548828 374.494853973389 285.452579498291 443.940200805664 331.290281295776 390.62712097168 270.51131439209 318.775398254395 385.852828979492 281.136154174805 331.070053100586 339.021507263184 343.161689758301 353.339992523193 559.20662689209 686.086242675781 584.501663208008 428.691415786743 486.964691162109 501.63597869873 414.589170455933 550.301296234131 525.204566955566 580.906913757324 380.558883666992 628.932876586914 586.772655487061 625.572364807129 533.22896194458 561.688552856445 629.208801269531 601.583984375 821.527435302734 688.24584197998 688.064697265625 567.944988250732 688.129104614258 650.131996154785
487.123870849609 503.840446472168 330.392147064209 338.803456783295 445.285530090332 504.671432495117 210.549560546875 325.007709503174 380.870633199811 305.823192596436 319.370770454407 268.728164672852 417.137187957764 371.865255355835 477.773147583008 356.816736459732 548.857376098633 295.799186706543 432.316299438477 266.459770202637 281.723022460938 267.026405334473 347.939792633057 500.445091247559 436.646049499512 490.155235290527 439.232412338257 603.891204833984 637.881973266602 448.199401855469 508.748741149902 532.846656799316 355.390235900879 376.939056396484 423.623348236084 489.952111244202 585.046409606934 555.116008758545 507.277961730957 643.357635498047 537.561386108398 494.168697357178 663.805992126465 637.626943588257 621.938680648804 567.207935333252 592.398027420044 624.36538028717 641.687347412109 639.0908203125
456.336097717285 408.326765060425 466.542495727539 376.24539232254 550.026794433594 491.679504394531 341.990631103516 230.135417938232 264.875480651855 357.066265106201 194.829391479492 395.8532371521 478.119293212891 316.483768463135 350.4184923172 341.294699668884 371.053387403488 309.662200927734 262.360939025879 345.211082577705 392.02880859375 500.567443847656 481.023208618164 371.583337783813 493.999000549316 359.905254364014 558.295562744141 515.066429138184 443.915176391602 507.708518981934 592.820449829102 531.77604675293 331.651412963867 388.276458740234 397.201019287109 375.675186157227 469.983276367188 406.933517456055 517.836143493652 481.400190353394 632.972717285156 640.037540435791 579.128177642822 547.728515625 746.08959197998 -9999 -9999 955.75182723999 737.974670410156 903.2659907341
448.47110748291 438.592823028564 325.557983398438 391.844977378845 435.830615997314 413.947235107422 473.155303955078 372.14347076416 217.563171386719 194.974884033203 266.595390319824 521.111465454102 477.522430419922 386.428186416626 380.499471664429 366.543627738953 325.914165496826 288.737884521484 250.126899719238 190.709136962891 389.846444606781 380.237144470215 311.442932128906 375.248296737671 485.609413146973 517.953193664551 611.687652587891 508.279876708984 468.418865203857 483.826076507568 523.681221008301 494.319526672363 389.458877563477 395.196754455566 436.359272003174 826.451862335205 365.944519042969 386.676742553711 361.911064147949 529.474407196045 593.602782249451 568.695468902588 -9999 -9999 -9999 -9999 -9999 -9999 -9999 -9999
500.331809997559 450.778034210205 499.344276428223 541.49089050293 412.333522796631 419.976379394531 547.625228881836 478.787445068359 292.223121643066 234.93285369873 319.783657073975 493.561157226562 506.677276611328 468.034294128418 293.522911071777 257.664260864258 400.684537887573 359.524609565735 352.20460319519 365.938268661499 413.152738571167 462.956077575684 327.814819335938 419.605117797852 501.760612487793 436.900791168213 453.948715209961 637.039138793945 410.167148590088 547.790557861328 528.915306091309 453.802034378052 497.90460395813 463.295219421387 471.215828418732 551.495788574219 373.284362792969 299.320678710938 321.10986328125 524.897727966309 603.753289282322 -9999 -9999 -9999 -9999 -9999 -9999 -9999 -9999 -9999
