simdem/realisation66.asc
NCOLS 350 
NROWS 171 
XLLCORNER 152620 
YLLCORNER 418050 
CELLSIZE 100 
NODATA_value -9999 
[rows 66 to 87 of 171, columns 200 to 249 of 350]
623.09042263031 600.885673522949 710.314300537109 650.180150985718 646.107858657837 762.952987670898 703.811634063721 721.900066375732 515.978210449219 629.275777816772 746.565872192383 668.131843566895 689.800010681152 498.216270446777 578.543230056763 573.958839416504 625.743641853333 618.226405143738 607.123300552368 659.157035827637 623.457252502441 600.486083984375 705.92504119873 565.875129699707 662.217679977417 587.096961975098 506.72526550293 613.458437919617 627.452941894531 567.541135787964 505.970726013184 687.38595199585 610.205276489258 438.056198120117 709.899291992188 485.176208496094 751.757205963135 518.526458740234 553.843681335449 588.316143035889 673.563488006592 609.605255126953 762.358154296875 664.768222808838 647.919830322266 807.675468444824 701.429252624512 560.022476196289 688.484083175659 627.934692382812
495.902938842773 616.06902885437 671.950637817383 708.791839599609 823.38264465332 816.977127075195 633.431324958801 714.718116760254 543.25577545166 603.331085205078 593.678024291992 645.154891967773 698.711048126221 640.936890602112 489.808330535889 657.038921356201 490.94962310791 663.188869476318 589.81774520874 792.162242889404 699.745809555054 624.033761024475 648.021991729736 637.471206665039 692.176887512207 641.738172531128 577.798965454102 564.440803527832 591.172451972961 574.628593444824 598.59824514389 567.321594238281 571.971389770508 600.597148895264 813.067680358887 693.697792053223 588.772514343262 572.681373596191 598.589778900146 583.599700927734 611.256663322449 545.767425537109 655.113742828369 643.742868423462 682.688457489014 679.491031646729 622.44246673584 576.339427947998 701.517015457153 704.78108215332
490.969841003418 728.01978302002 681.283819198608 671.822441101074 647.126804828644 719.806686401367 630.155307769775 494.480209350586 722.078926086426 644.961359977722 618.222400665283 605.65442276001 673.673783302307 669.479487299919 608.942470550537 462.212142944336 544.93575668335 694.334289550781 628.621688842773 448.341644287109 705.922233581543 692.433708190918 546.932178497314 558.279979705811 588.523361206055 483.63858795166 478.273025512695 633.671047210693 584.406574249268 520.456069946289 704.59468460083 779.455865859985 619.260028839111 595.454399108887 575.805061340332 601.855613708496 571.141494750977 694.900447845459 617.793708324432 705.993282318115 595.198440551758 477.943099975586 587.605529785156 645.831386566162 601.401126861572 594.749084472656 689.824451446533 679.492403030396 543.200790405273 668.559787750244
675.230033874512 717.98014831543 658.210884094238 708.132148742676 626.109030723572 661.592903137207 618.493129730225 638.880775511265 666.9250831604 585.816688537598 721.708850860596 628.388301849365 589.967475891113 621.870006561279 546.693603515625 503.93270111084 669.783584594727 738.606285095215 609.065423965454 501.404968261719 742.073875427246 720.640895843506 621.640432357788 573.762575626373 528.197662353516 583.96301651001 521.321838378906 504.660552978516 580.779001235962 665.815540313721 564.211513519287 680.993896484375 540.524990081787 680.833324432373 675.552349090576 620.977279663086 532.773811340332 708.644676208496 724.489372253418 665.764928817749 488.239288330078 505.627258300781 586.529590606689 666.659320831299 532.403617858887 626.530832290649 639.807770729065 503.617179870605 609.931449890137 475.328125
674.292026519775 732.434989929199 611.44845199585 565.861934661865 597.699136734009 555.782577514648 650.206867218018 640.603561401367 707.029567718506 671.174070358276 674.324845314026 638.573616027832 460.597137451172 601.888191223145 514.309020996094 507.340408325195 651.885783195496 522.109600067139 609.855308532715 624.428298950195 815.387115478516 804.99227142334 645.584603786469 654.741247177124 626.090358734131 622.140491485596 566.305671691895 520.079063415527 595.257141113281 564.784961700439 611.909453868866 621.65493106842 721.924255371094 721.162399291992 745.3671875 557.610168457031 596.077865600586 614.471076965332 651.576686859131 686.77082824707 592.783330917358 444.420913696289 595.887634277344 653.451641082764 536.904640197754 597.596998214722 596.707752227783 559.456161499023 850.931182861328 752.85725402832
631.955348968506 624.270392894745 655.835615634918 597.96252822876 745.646583557129 638.952878952026 588.746467590332 553.551795959473 678.242737770081 623.40669631958 551.140617370605 613.726856231689 637.649318695068 677.691253662109 654.141002655029 578.179008483887 672.083637237549 674.063346862793 619.620918273926 758.960689544678 877.747604370117 754.426189422607 704.157073974609 692.517490386963 592.100879669189 617.723888397217 513.204978942871 614.808987617493 474.462203979492 585.299715518951 834.41374206543 799.879837036133 716.4072265625 674.281610488892 564.122886657715 528.844078063965 564.414703369141 631.453302383423 735.881271362305 626.007641792297 647.60718536377 688.64680480957 627.505863189697 571.546436309814 591.24705696106 645.380107879639 794.676986694336 733.763935089111 893.202850341797 691.732406616211
680.909088134766 619.575521469116 512.609176635742 632.63224029541 622.892399787903 586.156345367432 547.075603485107 644.371419906616 675.696361541748 732.586555480957 494.991416931152 768.08528137207 732.317535400391 557.17546081543 653.516677856445 639.343315124512 638.751433372498 727.827152252197 850.543460845947 928.939041137695 943.423355102539 763.087948799133 638.37095117569 665.460983276367 558.048530578613 474.535400390625 459.180816650391 639.02140045166 644.602966308594 668.441360473633 792.771957397461 730.039184570312 518.236015319824 617.381291389465 580.786069869995 502.951866149902 511.146659851074 630.521474838257 564.324821472168 459.525314331055 691.495765686035 663.035778045654 698.538734436035 819.345657348633 727.937202453613 573.373687744141 613.442718505859 713.891624450684 821.618835449219 666.87580871582
619.882534980774 606.011854171753 509.908874511719 543.895942687988 540.947143554688 611.201101303101 836.827941894531 739.710838317871 704.818069458008 654.089936256409 545.778594970703 611.084987640381 570.537460327148 667.063228607178 574.49768447876 574.887691497803 743.976417541504 770.361358642578 787.012382507324 914.928939819336 890.440925598145 808.175922393799 700.18310546875 480.385391235352 413.75537109375 498.501052856445 552.146785736084 719.29557800293 560.1272315979 688.233596801758 653.506935119629 706.305793762207 680.635681152344 714.505279541016 756.746276855469 512.417594909668 524.979202270508 528.211647033691 669.525119781494 461.740692138672 401.096694946289 707.070030212402 732.693489074707 769.298034667969 897.55908203125 732.81175994873 524.466789245605 644.888728618622 594.613105773926 608.64234161377
596.026358127594 690.955009460449 599.607524871826 590.864456176758 505.798805236816 508.136093139648 700.265724182129 827.298812866211 682.750896453857 615.262367248535 555.465362548828 679.676425933838 650.640559434891 677.431196212769 550.162910461426 684.480743408203 714.821548461914 752.562362670898 876.745727539062 798.558506011963 779.120403289795 845.987400054932 1100.95663070679 797.994123458862 745.91593170166 898.175231933594 667.14900970459 530.795520782471 711.36181640625 584.103169441223 613.740732192993 912.804878234863 616.316226959229 721.820327758789 588.233310699463 549.083450317383 625.700311660767 608.953866958618 779.361755371094 578.672031402588 497.060340881348 677.589600563049 606.328369140625 740.456062316895 724.452453613281 570.069023132324 668.96280670166 640.479612350464 636.780947685242 522.44108581543
786.333465576172 691.028171539307 642.203742980957 673.050273895264 625.530781269073 651.348644256592 569.059703826904 675.189678192139 649.379384994507 679.325866699219 726.023475646973 665.284721374512 732.009475708008 718.82788848877 638.381641387939 668.078430175781 536.864231109619 581.868011474609 726.611261367798 711.457939147949 656.006967544556 661.789199829102 758.337111473083 825.936622619629 860.594585418701 961.561599731445 1067.72510719299 609.968467712402 502.397842407227 574.58154296875 563.794269561768 676.315391540527 450.824935913086 582.950996398926 803.463562011719 511.752792358398 650.477527141571 597.710996627808 668.887468338013 691.103321075439 603.469230651855 622.0008020401 624.363712787628 685.213989257812 666.357002258301 647.426174163818 587.588186264038 691.500473022461 758.978851318359 573.441802978516
731.749717712402 756.226654052734 679.373825073242 522.737281799316 574.627914428711 584.154857635498 695.159637451172 667.137331962585 793.071533203125 826.967933654785 762.832328796387 681.476100921631 649.026809692383 747.515514373779 564.775817871094 577.474517822266 579.715732574463 605.630897521973 733.072811126709 584.402862548828 772.351528167725 766.441452026367 702.487704753876 733.318109512329 832.650436401367 752.093704223633 730.866241455078 735.592567443848 870.57307434082 602.685489654541 1064.96954345703 584.41716003418 482.340362548828 501.74503326416 616.402571201324 625.597444534302 634.545402526855 542.27530670166 617.241785049438 751.341011047363 567.136215209961 614.819593429565 637.823499679565 625.408255577087 642.560380935669 704.811950683594 586.713687896729 593.401840209961 623.6811170578 607.494123458862
683.105003356934 594.745115280151 600.55318069458 493.041290283203 648.267639160156 590.714979171753 476.26611328125 645.498222947121 740.552963256836 710.064609527588 719.964511871338 652.128452539444 526.365158081055 599.206554412842 647.629842758179 724.582206726074 713.069671630859 741.204681396484 863.702840805054 865.11828994751 800.568128585815 778.604530334473 573.734252929688 778.660808563232 664.346313476562 625.320281982422 483.274871826172 897.224910736084 1077.23250961304 993.957885742188 924.957885742188 798.399841308594 759.220058441162 675.841247558594 550.248031616211 656.570334911346 749.598274230957 653.239810943604 640.980045318604 850.285888671875 753.016342163086 634.70311164856 653.379423141479 655.261596679688 518.915451049805 702.064926147461 692.366081237793 637.243984222412 636.750734329224 575.163383483887
688.961982727051 692.130577087402 447.261352539062 651.528285980225 668.162994384766 633.899784088135 582.640411376953 691.655208587646 780.257637023926 755.440460205078 730.854606628418 676.84979057312 609.977020263672 662.924057006836 583.140235900879 614.52879524231 618.46293258667 638.744731128216 652.107023239136 725.637794494629 938.914489746094 1060.76585388184 822.276947021484 509.342819213867 486.428161621094 601.469390869141 691.284042358398 871.231952667236 1210.67763519287 1285.75380706787 903.325637817383 635.098350524902 750.911098480225 725.880973815918 602.039546966553 641.676413536072 660.19348192215 758.511138916016 781.322341918945 686.456386566162 769.721064567566 694.230934143066 666.005063056946 628.67628288269 672.61852645874 607.382035255432 664.364391326904 614.183216333389 589.092714309692 664.477548599243
709.266716003418 671.495758056641 542.194030761719 667.212417602539 666.724685668945 617.923814296722 612.852758407593 692.227806091309 712.169120788574 754.515361785889 645.282602310181 689.500576019287 681.619068145752 670.867610931396 671.784902572632 555.872512817383 686.09623336792 672.941822052002 469.138275146484 733.723796844482 745.980243682861 903.09831237793 728.07543182373 745.363647460938 596.346603393555 686.504318237305 545.94091796875 904.938316345215 1189.9117474556 1111.65579986572 1117.06027984619 870.697334289551 818.731910705566 924.183746337891 760.810111999512 697.206846237183 615.776557922363 638.600107192993 657.060468435287 825.275512695312 763.100044250488 788.688583374023 574.403560638428 516.155883789062 689.140651702881 710.385486602783 553.790023803711 562.69474029541 642.673279523849 536.225578308105
542.618026733398 609.132366418839 616.024238586426 771.45133972168 694.901733398438 733.104377746582 733.021911621094 820.049118041992 756.723709106445 746.889026641846 475.201538085938 630.803407669067 601.218389511108 597.792041778564 738.975116729736 673.621395111084 628.930839538574 770.382652282715 619.141143798828 668.365598678589 521.61402130127 643.713387489319 643.464508056641 600.148429870605 631.406116485596 578.441452026367 636.629684448242 684.616348266602 742.106330871582 775.367286682129 866.863456726074 1248.79529380798 1142.27573394775 1031.0375213623 1235.76364135742 921.563598632812 710.391296386719 684.929286956787 597.33171081543 690.630903244019 691.319541931152 630.111331939697 665.575254797935 647.525359630585 784.016410827637 745.074600219727 700.132682800293 624.497224807739 766.472015380859 599.378524780273
674.827432632446 631.292294502258 637.722152709961 601.119235992432 664.547550201416 579.670341491699 586.332801818848 633.6058177948 624.058891296387 701.667102813721 747.5754737854 698.394896298647 637.459095716476 723.444816589355 434.286270141602 630.369140625 681.09291267395 658.302514076233 595.314846038818 716.17716217041 474.74723815918 669.619895935059 581.406940460205 504.79859161377 515.023315429688 599.900390625 526.063873291016 617.918884277344 680.693786621094 821.048952102661 840.584030151367 942.521449327469 951.063369750977 1159.96578979492 1050.3289642334 1116.31797790527 760.868896484375 659.760542869568 718.639823913574 653.143226623535 665.338756561279 681.413804471493 656.155517578125 740.759124755859 728.466558456421 665.5304646492 694.987205505371 747.837287902832 646.410753250122 679.285511016846
578.785140991211 626.938390731812 608.674331665039 597.165882110596 548.706413269043 631.799513816833 676.624759674072 647.193759918213 687.300632476807 736.437591552734 825.722503662109 797.8876953125 606.984992980957 638.826845169067 628.40284538269 725.843383789062 614.520000457764 663.264312744141 725.505790710449 687.926387786865 713.838760375977 725.777145385742 667.635032653809 677.356666564941 678.728986740112 722.25207901001 712.017095565796 672.471054077148 705.368171691895 690.389294147491 933.948081970215 1016.05113220215 906.137840270996 1364.99417114258 970.80401301384 1372.85523223877 679.087627410889 747.402896881104 790.344947814941 650.080093383789 630.659627914429 673.355997085571 822.307479858398 656.336866378784 716.125526428223 810.693801879883 641.806414604187 790.12060546875 719.981742858887 759.900169372559
690.942562103271 626.299240112305 705.772979736328 653.836401939392 676.948287963867 664.996208190918 597.566429138184 519.814468383789 702.685947418213 780.954147338867 813.631149291992 753.250984191895 675.012599945068 658.398176193237 544.835350036621 743.180694580078 649.905504822731 707.985145568848 656.732245445251 784.079635620117 765.080642700195 580.924007415771 575.33960723877 531.683609008789 669.682026863098 652.190383911133 478.934066772461 531.549194335938 508.195449829102 722.648391723633 649.257467746735 844.829368591309 989.896499633789 1498.08424377441 1030.5529460907 1183.16491699219 1057.89884567261 794.979423522949 662.597999572754 613.929347991943 661.759947985411 723.276470184326 775.131004333496 709.371162414551 795.366466522217 683.338203430176 757.645843505859 596.489402770996 681.594013214111 707.495567321777
758.064170837402 765.754371643066 693.736387252808 624.076021909714 623.503678798676 695.299583435059 654.245113372803 570.988479614258 617.931583046913 643.734588384628 737.360473632812 788.741218566895 694.442993164062 619.631973266602 609.068874359131 763.147331237793 607.204780578613 647.637312889099 710.308048248291 721.578521728516 672.799022674561 522.214691162109 613.890678405762 622.391624450684 686.333894252777 656.770785331726 574.391052246094 517.505767822266 583.614700317383 639.374908447266 756.039077758789 823.489028930664 1034.73812866211 907.843715667725 1097.30917358398 1107.99066925049 1044.70727539062 759.450927734375 596.31517791748 662.353977203369 817.396469116211 789.879695892334 957.140548706055 787.291836261749 860.283325195312 988.6136302948 1104.31704807281 842.902130126953 625.271209716797 540.32975769043
643.667657852173 766.354309082031 727.32315826416 717.464317321777 586.463020324707 709.17057800293 618.439923763275 568.161483764648 692.594615936279 632.745213031769 691.705646514893 689.407628297806 726.705291748047 608.040349960327 661.94730091095 641.769163131714 581.364219665527 722.307487487793 571.303062438965 661.345656394958 707.011810302734 695.120899200439 717.715461730957 688.855926513672 684.421794891357 602.695709228516 755.435983657837 624.301361083984 599.262704849243 657.158076286316 732.718627929688 781.331115722656 737.919822692871 790.216999053955 801.335939407349 817.378952026367 895.106582641602 859.118726730347 679.854597091675 697.933288574219 617.065032958984 701.293613433838 729.481834411621 730.911828041077 804.361299514771 954.702713012695 905.352870941162 1087.37121582031 944.062950134277 419.372528076172
579.457740783691 578.910209655762 731.592533111572 754.680397033691 677.867778778076 644.204139709473 700.443206787109 654.656509399414 722.595344543457 571.684474945068 505.818084716797 761.181709289551 776.109199523926 657.136576652527 654.764521598816 551.596794128418 619.157241821289 685.482898712158 809.827209472656 727.21915435791 804.865295410156 629.04773235321 569.963432312012 673.787855148315 637.457746505737 604.59005355835 624.785001754761 550.121643066406 587.135391235352 546.049491882324 707.792919158936 823.967529296875 871.381317138672 576.954360961914 669.086284637451 806.538242340088 766.070533752441 724.999477386475 710.509932041168 724.818130493164 702.674911499023 745.268321990967 660.945209503174 800.113555908203 723.189804077148 969.735122680664 885.232701778412 977.072871208191 851.572509765625 656.405841827393
584.583854675293 503.230499267578 564.169136047363 653.115867614746 817.945251464844 574.183055877686 620.972186684608 634.45778465271 637.472911834717 529.230514526367 552.820205688477 584.664524078369 590.233833312988 565.671722412109 658.229447364807 610.613307952881 670.959354400635 808.18212890625 695.184591293335 575.984886169434 472.634674072266 592.264545440674 597.605159759521 683.757125854492 724.309669494629 744.298553466797 662.251983165741 632.76008605957 1116.43064880371 575.143295288086 695.301860809326 755.763305664062 645.921711444855 558.818778991699 639.870342254639 603.03360748291 766.443908691406 716.979347229004 681.996995925903 601.381484985352 641.430576324463 707.652538299561 625.603477478027 706.456039428711 711.230131149292 748.984985351562 865.466556549072 1093.10910320282 975.690622329712 1026.4825592041
