simdem/realisation84.asc
NCOLS 350 
NROWS 171 
XLLCORNER 152620 
YLLCORNER 418050 
CELLSIZE 100 
NODATA_value -9999 
[rows 44 to 65 of 171, columns 150 to 199 of 350]
491.259664773941 519.323435783386 471.175399780273 464.816581726074 473.518165588379 581.349185943604 440.688163757324 423.642692565918 654.52278137207 725.405044555664 617.760753631592 535.872276306152 563.075193405151 600.0837059021 768.393295288086 625.58358001709 600.739948272705 573.118376731873 587.012615203857 650.683975219727 532.020251274109 680.743515014648 620.384429931641 646.99674987793 654.61994934082 578.992848396301 430.513519287109 448.283264160156 578.090654373169 559.916796080768 686.077816009521 703.798034667969 704.104829788208 759.885116577148 638.854873657227 727.605682373047 639.569248199463 760.11026763916 794.794342041016 597.739954948425 582.431172370911 601.592653274536 703.807151794434 860.753219604492 832.475069999695 615.257736206055 663.086135864258 649.769008636475 1152.07322692871 1099.77472686768
559.78084564209 526.811229705811 580.147151947021 499.777684688568 531.645202636719 553.834811687469 571.34260559082 681.260200500488 510.221826553345 509.522186279297 643.107074737549 627.096996307373 632.247005462646 629.266792297363 754.021530151367 636.357933044434 543.992287635803 506.270114898682 588.233098983765 507.939071655273 547.50740814209 607.084022521973 576.060497283936 631.83056640625 605.319137573242 428.471832275391 466.267036437988 420.047592163086 638.303642272949 488.76944732666 495.442436218262 640.312965393066 577.077788829803 821.698844909668 658.51293182373 507.964889526367 602.715766906738 590.784767150879 615.674927711487 673.526222229004 565.931835174561 569.53781747818 550.402898788452 650.856811523438 666.502769470215 656.155155181885 460.454803466797 530.774829864502 744.92520904541 972.32844543457
627.534339904785 649.24195098877 601.963726043701 563.434158325195 531.807968139648 690.764465332031 641.665199279785 493.152313232422 383.098114013672 610.737819671631 428.439498901367 520.358196258545 523.71501159668 492.480239868164 566.775415420532 683.750038146973 450.06372833252 488.80736541748 583.704647064209 555.919898986816 596.077133178711 582.256786346436 568.144491195679 562.189126968384 484.578731536865 488.357707977295 358.306091308594 397.360137939453 404.6044921875 471.944808959961 470.070472717285 557.192524909973 515.514492034912 558.218097686768 643.575519561768 554.396059036255 498.003601074219 396.076629638672 569.32626914978 493.238960266113 502.327545166016 576.349649429321 594.62691116333 541.073364257812 564.089420318604 680.517055511475 599.569366455078 656.271644592285 832.384384155273 797.348098754883
633.971580505371 648.625625610352 668.895248413086 581.169876098633 461.650100708008 535.334860444069 470.276569366455 531.110688686371 437.594955444336 445.09358215332 609.371688842773 652.830131530762 513.755283355713 486.214370727539 574.172444343567 528.989900588989 543.257984161377 547.303668498993 575.73030090332 553.974931716919 699.40771484375 641.02693939209 633.10001373291 608.804298400879 644.707000732422 659.426918029785 442.242614746094 358.095825195312 443.203399658203 398.892868041992 339.624526977539 513.272457122803 469.411613464355 597.905181884766 689.142501831055 515.894077301025 479.941223144531 471.141403198242 569.645473480225 541.981910705566 509.675594329834 559.070876121521 542.242755889893 689.533752441406 639.469944000244 663.002723693848 606.920128107071 716.653900146484 730.333236694336 636.4909324646
522.949949264526 487.680694580078 509.706422805786 598.376892089844 535.306575059891 558.063865661621 734.421813964844 652.487480163574 361.115798950195 508.748313903809 625.554023742676 571.535129785538 602.49295425415 560.183578491211 729.977470397949 682.923212051392 527.216339111328 642.894866943359 589.204132080078 692.722686767578 656.869728088379 602.163372039795 645.029891967773 602.115898132324 616.35445022583 566.569294929504 539.983047485352 434.426818847656 462.890518188477 495.057674407959 424.212387084961 498.057451248169 516.276414871216 463.537963867188 437.062057495117 347.398544311523 487.916805267334 437.241645812988 643.196281433105 655.090339660645 553.09637260437 540.767587661743 651.369117736816 564.220693588257 660.514335632324 757.114227294922 859.402145385742 702.570159912109 808.948501586914 643.437507629395
523.371521949768 390.473297119141 505.827722549438 459.495288848877 450.136161804199 431.027435302734 471.111362457275 687.115951538086 707.389099121094 534.412130355835 586.441932678223 486.242813110352 500.097526550293 537.009788513184 639.900188446045 749.627529144287 739.200302124023 670.202427148819 524.941940307617 595.640508651733 740.271987915039 734.263862609863 604.837593078613 602.360025405884 526.544498443604 447.930816650391 533.798290252686 388.447235107422 554.9035551548 561.725191354752 545.062799453735 516.884156227112 644.384788513184 584.801391601562 566.153882026672 371.818466186523 496.975147247314 599.369728088379 531.538618087769 753.505477905273 658.68920135498 410.160110473633 588.336688995361 690.23698425293 572.612991333008 599.004516601562 611.621263027191 782.552032470703 764.480987548828 666.603096008301
481.647109985352 531.892837524414 568.995128631592 501.516300201416 444.492942810059 452.522941589355 503.329231262207 687.941390991211 568.412641525269 513.54122543335 459.743431091309 601.507818222046 480.212196350098 590.120046615601 525.173057556152 562.390552520752 791.810806274414 632.497314453125 714.181177616119 620.968322753906 624.250064849854 727.769424438477 810.461532592773 669.597940444946 588.211463928223 538.670707702637 512.35132598877 487.12442779541 675.241065979004 647.99490737915 648.112197875977 565.707311630249 551.162556007504 558.848125934601 457.154640197754 510.833339691162 586.409828186035 490.777252197266 450.222473144531 557.908702850342 596.094463348389 624.968139648438 570.244947433472 659.85139465332 539.354167938232 464.499656677246 506.036209106445 571.480740785599 778.570617675781 626.818103790283
476.803565979004 523.29770565033 435.38623046875 460.724815368652 413.091796875 551.71403002739 558.19084072113 594.828216552734 546.538541555405 674.225044250488 519.722961425781 535.546577453613 549.954999923706 530.041397094727 520.813980102539 562.744762420654 707.684310913086 642.470970153809 566.602340698242 650.005336761475 637.618453979492 779.316482543945 778.664276123047 649.106250762939 865.000961303711 652.589370727539 655.240314483643 554.212074279785 550.274572372437 545.07901763916 483.493118286133 570.615758895874 598.461925506592 481.259941101074 655.091262817383 568.212953567505 614.655464172363 600.564956665039 422.768005371094 412.237457275391 471.908020019531 520.104091644287 518.513652801514 572.076014280319 561.213720321655 470.223266601562 563.460287094116 656.942474365234 632.761409759521 665.072158813477
418.439025878906 500.343266010284 485.057762145996 507.298942565918 578.582859039307 628.225921630859 596.088695526123 637.671295166016 557.011697769165 601.136554718018 650.828731536865 561.54602098465 558.18249130249 667.510124206543 628.448654174805 682.458194732666 777.407684326172 703.774185180664 569.557727813721 687.047853469849 644.662570953369 579.676803588867 526.65975189209 587.746507644653 600.789268493652 623.320586204529 678.149085998535 614.436561584473 588.139288902283 677.283355712891 548.82347202301 623.331550598145 591.019256591797 687.203720092773 640.464897155762 742.074142456055 573.287323951721 524.165618896484 447.788833618164 592.244781494141 593.498972415924 582.404545783997 596.748851776123 619.118507385254 658.847961425781 643.151523590088 559.814647674561 605.536828517914 749.741661071777 575.706248760223
471.687232971191 488.130054473877 570.464321136475 573.892993927002 645.000595092773 577.39966583252 589.730768203735 540.445947647095 596.414821624756 657.87858581543 519.708442687988 528.427305221558 600.090170860291 561.891695976257 536.82873916626 572.176486968994 800.809524536133 539.889419555664 601.526924133301 602.937664031982 582.565357208252 587.084874629974 553.62490272522 645.255798339844 617.700115203857 511.792709350586 555.381591796875 649.286602020264 531.327026367188 769.935089111328 745.486831665039 633.494537353516 700.050979614258 548.249973297119 556.389304161072 687.023284912109 491.096824645996 483.794776916504 702.658569335938 451.222122192383 571.004761695862 591.812379837036 556.988855361938 745.878784179688 576.618276596069 607.126502990723 568.837493896484 637.399036407471 640.764949798584 649.200733184814
487.454147338867 474.573509216309 495.054595947266 533.363174438477 717.811080932617 684.136672973633 481.355567932129 447.165115356445 500.502738952637 483.353065490723 351.953125 439.234077453613 628.058116912842 437.345458984375 372.526275634766 485.136238098145 661.011177062988 644.410514831543 518.647766113281 620.927360534668 634.473628997803 539.841289520264 513.723655700684 574.848784446716 649.18577003479 665.742500305176 700.78572845459 553.435066223145 561.984939575195 628.950386047363 782.510177612305 663.748390197754 614.135475158691 600.702522277832 610.693920135498 584.92774772644 493.02730178833 592.16788738966 781.112075805664 503.90771484375 684.903030395508 606.709468841553 545.774044036865 597.045393943787 671.771663665771 499.346031188965 587.240571975708 547.813974380493 545.279052734375 581.66819858551
535.19922542572 516.245447158813 588.659664154053 568.562252044678 622.797416687012 489.126335144043 351.437896728516 519.651084899902 587.202266693115 648.399169921875 514.456787109375 691.870384216309 584.798358917236 579.469874382019 348.573333740234 517.050689697266 578.633606910706 614.670955657959 682.506645202637 581.533574104309 674.741996765137 519.266059875488 494.725936889648 571.431823730469 504.965133666992 806.274688720703 772.232633590698 446.792816162109 495.662887573242 598.309906005859 662.547004699707 548.800470352173 569.667757034302 527.515846252441 560.445282936096 601.019540786743 548.99471282959 486.056030273438 566.563716888428 567.198532104492 579.917383253574 501.881454467773 494.559226989746 486.363456726074 611.731551289558 617.735794663429 673.527313232422 777.851959228516 693.53052520752 687.075241088867
573.90936088562 555.65122127533 544.278685569763 614.89966583252 595.246143341064 359.042907714844 463.443046569824 460.293632507324 541.030323028564 485.023319244385 579.604781150818 669.91040802002 693.435401916504 542.711555480957 433.474670410156 487.34041595459 608.713212966919 569.614276885986 557.384149551392 596.977854251862 472.342132568359 571.277041435242 474.736099243164 610.498432159424 473.355697631836 607.206980705261 658.698616027832 482.618667602539 584.530254364014 613.291702270508 558.543399810791 511.314781188965 588.975736618042 611.646022796631 553.179515838623 591.828718185425 666.108428955078 548.987060546875 610.460737228394 441.497024536133 530.988254547119 596.756191730499 445.908187866211 518.73762512207 541.630256652832 602.877670288086 589.690414428711 652.981323242188 661.818300247192 622.424838542938
530.336643218994 497.18871307373 444.720428466797 650.828628540039 533.74125289917 559.56969833374 661.689628601074 476.139915466309 502.098815917969 570.703964233398 612.393035888672 616.480587005615 683.091415405273 639.916526794434 559.737754821777 578.973074913025 629.110778808594 596.626882791519 727.583908081055 554.463153839111 455.202545166016 545.981506347656 556.430707931519 555.236877441406 674.759544372559 693.574401855469 672.70983505249 574.240203857422 547.272796630859 686.933811187744 636.237438201904 720.475578308105 656.010814666748 618.087692260742 605.946223378181 604.636108398438 667.129150390625 805.946502685547 661.052742004395 664.980773925781 666.357894897461 556.670799255371 443.103439331055 592.740266799927 572.55616569519 577.185590386391 597.433003425598 627.950654506683 506.021545410156 585.246625900269
469.969337463379 519.010894775391 388.276809692383 467.154327392578 653.285682678223 586.263163566589 579.653102874756 606.498886108398 575.769048690796 514.615707397461 525.28226852417 660.404136657715 542.682094573975 562.654962539673 592.833488464355 690.546340942383 733.588470458984 706.033653259277 606.881088256836 410.085952758789 478.875282287598 521.905101776123 601.15581035614 571.539047718048 618.932773590088 732.561614990234 505.046569824219 513.528274536133 545.788749694824 805.614097595215 628.672229290009 714.278244018555 703.186449050903 750.320243835449 737.129331111908 636.027367115021 605.471584320068 610.97257232666 661.743370056152 700.111968994141 575.771354675293 489.823928833008 693.622169494629 549.085006713867 605.557813644409 596.660663604736 502.203094482422 643.511703491211 686.123802185059 641.426002502441
392.384841918945 295.795562744141 370.541641235352 508.46764755249 618.118396759033 748.215682983398 593.648975372314 641.414138793945 512.172760009766 542.463108062744 469.151496887207 602.96046257019 674.282432556152 659.983459472656 695.176971435547 775.953689575195 763.353378295898 618.920776367188 616.106094360352 583.680753707886 638.387533187866 655.095203399658 572.829319000244 685.999237060547 623.444968223572 558.416839599609 525.975608825684 577.825396537781 803.671142578125 878.5419921875 913.219940185547 654.262855529785 727.861427307129 702.141033172607 691.427658975124 711.659572601318 661.729040145874 638.061626434326 625.841858863831 622.915413856506 625.915107727051 562.561939239502 587.994598388672 609.39280128479 691.592674255371 667.781520843506 589.756191253662 572.45679473877 552.255910873413 711.794128417969
427.375137329102 367.277160644531 520.075729370117 430.223793029785 487.429992675781 698.017654418945 689.885131835938 588.847252845764 633.064605712891 633.094055175781 512.937107086182 516.627616882324 631.268360137939 630.844520568848 673.974998474121 530.968420028687 622.682159423828 574.23202419281 602.974773406982 562.755752563477 598.1455078125 603.040069580078 536.770843505859 630.583744049072 538.300178527832 589.645458221436 610.413909912109 672.198989868164 695.140785217285 720.182037353516 741.267150878906 581.424961090088 476.010589599609 450.424285888672 686.266849517822 800.629119873047 649.582931518555 588.658081054688 704.068099975586 736.393669128418 667.356842041016 785.459228515625 702.829849243164 713.505832672119 653.835218429565 733.046524047852 696.519989013672 632.289196014404 617.150749206543 732.502223968506
411.469757080078 512.552062988281 534.515720367432 541.096489906311 442.692283630371 499.149188995361 623.461875915527 608.956482887268 547.009748458862 391.445846557617 328.62532043457 595.591848373413 593.429439544678 550.510288238525 691.917724609375 724.394638061523 625.356590270996 563.531359672546 527.418975830078 555.086596488953 683.286361694336 718.875640869141 672.743545532227 824.863830566406 640.398099899292 527.474456787109 655.156875610352 689.885353088379 668.667617797852 590.699817657471 748.646133422852 773.685684204102 704.523246765137 643.046679615974 667.826194763184 679.837196350098 494.953857421875 661.899774551392 657.684841156006 804.221817016602 688.345226287842 625.297653198242 647.677062034607 823.449489593506 664.76830291748 617.77334022522 500.059066772461 523.866325378418 599.719039916992 672.68635559082
472.895202636719 652.893379211426 608.786079406738 464.674095153809 509.550563812256 591.815368652344 604.22972869873 446.160766601562 358.648086547852 393.224273681641 350.319046020508 485.758666992188 695.100372314453 645.046417236328 580.01881313324 657.804817199707 675.801239013672 550.996771812439 552.331441879272 516.472721099854 623.180110931396 788.849166870117 568.818552017212 616.570930480957 615.123675346375 524.031730651855 745.642356872559 724.615158081055 784.529556274414 791.217361450195 699.237915039062 628.16339302063 649.892280578613 694.186754226685 683.193796157837 531.545631408691 495.796119689941 566.995239257812 634.435497283936 692.826396942139 468.850311279297 642.232500076294 584.373077392578 700.703670501709 704.638061523438 700.380962371826 617.758777618408 619.580286026001 569.414474487305 553.101837158203
550.066212654114 550.639572143555 547.788884162903 635.576484680176 640.313903808594 585.413814544678 579.672248363495 607.045616149902 493.906097412109 455.990493774414 376.307678222656 420.94775390625 529.451614379883 707.30517578125 779.077117919922 609.116230010986 560.610583901405 549.834745407104 550.400760650635 404.427062988281 535.517730712891 633.986305236816 584.132987976074 751.169891357422 624.583122253418 536.056869506836 679.574600219727 826.993072509766 784.722930908203 673.025955200195 520.877033233643 585.64262676239 532.292297363281 662.078414916992 637.165601730347 589.060665130615 563.695995330811 540.647018432617 649.630657196045 671.816513061523 628.076638221741 523.202209472656 546.919044494629 679.034832000732 653.895072937012 530.263389587402 614.129426956177 599.693832397461 625.4018201828 508.630447387695
646.682960510254 610.144264221191 360.933624267578 677.108963012695 585.681522369385 495.610946655273 591.141260147095 558.502730131149 555.196685791016 498.565361022949 683.893371582031 607.979225158691 673.665405273438 694.322303771973 666.579322814941 526.218879699707 623.208267211914 512.269592285156 525.955665588379 519.691791534424 530.046527862549 602.537853240967 483.414131164551 537.507743835449 594.854315757751 653.230659484863 658.598541259766 682.419849395752 584.247130393982 539.229373931885 551.775485992432 565.153797149658 586.713005065918 580.937002182007 584.462188720703 543.539222717285 573.039413452148 530.664161682129 672.51789855957 668.14217376709 658.177593231201 636.693680882454 638.81374835968 731.467399597168 615.893041610718 611.940964221954 653.291835784912 582.494667321444 572.157783508301 477.333297729492
590.415866851807 528.605091094971 428.034194946289 474.173652648926 546.464949607849 422.807983398438 452.342308044434 439.152404785156 529.65881729126 504.389915466309 574.870534896851 539.482841491699 571.262442588806 577.689949154854 564.329590797424 552.495903015137 540.80348777771 581.890462875366 384.505035400391 416.025741577148 409.326797485352 544.167583465576 547.573644638062 449.269546508789 596.053789138794 616.910638809204 479.762924194336 565.473026275635 543.031436920166 658.872421264648 465.52897644043 370.774307250977 560.659511566162 662.612339019775 643.524848937988 607.023429870605 562.405017852783 586.22590637207 593.280326843262 527.656608581543 613.215951919556 606.101587295532 613.738561749458 627.682901382446 572.592872619629 694.129348754883 547.758323669434 600.512916564941 644.612051010132 688.792088508606
