simdem/realisation32.asc
NCOLS 350 
NROWS 171 
XLLCORNER 152620 
YLLCORNER 418050 
CELLSIZE 100 
NODATA_value -9999 
[rows 110 to 131 of 171, columns 200 to 249 of 350]
-9999 -9999 -9999 789.429077148438 546.060409545898 603.874044418335 586.259635925293 722.967281341553 755.302618980408 1066.94311618805 710.34404861927 712.048370361328 727.165088653564 703.73045539856 533.388244628906 588.328845977783 796.838367462158 596.362567901611 643.607265472412 488.601547241211 672.522998809814 811.848403930664 737.717380523682 504.02335357666 566.282044887543 704.235496520996 681.117959499359 485.999618530273 528.309692382812 967.33349609375 921.547210693359 720.288696289062 669.344171524048 638.455526351929 645.585056304932 713.016792297363 654.776473999023 585.626586914062 574.662618160248 601.313541412354 742.90446472168 730.431579589844 796.320751190186 756.636333465576 1076.05603027344 877.676818847656 956.317420959473 1166.26053619385 635.541770935059 905.843589782715
-9999 -9999 -9999 -9999 743.707893371582 738.703342437744 595.331886291504 551.878036499023 684.926719665527 696.129913330078 631.226970672607 654.990799427032 755.744117736816 572.967147827148 452.241683959961 630.595163345337 627.107301712036 696.214542388916 620.772751808167 688.626850128174 689.574970245361 706.157402038574 1443.12406158447 450.624206542969 488.231567382812 522.542907714844 745.244941711426 626.231895446777 474.82096862793 666.103294372559 694.037628173828 697.435901641846 655.54683303833 655.785549163818 705.231349945068 749.478294372559 817.696792602539 725.336124420166 711.215507507324 745.95482635498 741.178112030029 668.011221885681 742.840129852295 1117.23619842529 594.272811889648 899.179149627686 933.29069519043 947.487086296082 858.575500488281 912.976103782654
-9999 -9999 -9999 -9999 807.633860588074 622.49755859375 629.585468292236 672.982482910156 734.01778793335 611.611534118652 714.916450500488 631.242012023926 545.559387207031 476.894119262695 367.983337402344 575.045593261719 597.538551330566 618.239475250244 778.5234375 749.589431762695 539.118339538574 721.255126476288 656.925329208374 692.462265014648 586.759490013123 672.348861694336 605.936882019043 712.176446914673 611.480514526367 655.648756027222 677.440254211426 727.453216552734 652.723355293274 772.473957061768 747.228401184082 707.477085113525 796.998680114746 921.784942626953 882.115135192871 898.427917480469 863.024421691895 680.723930358887 732.873313903809 971.12553024292 541.450607299805 856.289459228516 951.265632629395 1005.98622131348 873.455875396729 788.691295623779
-9999 -9999 -9999 -9999 -9999 781.974029541016 542.400772094727 565.178161621094 703.439605712891 903.415817260742 1170.92045974731 776.184482574463 707.171673774719 556.818450927734 648.88726234436 614.695442199707 582.917385101318 662.033784866333 579.878608703613 624.011234283447 461.503143310547 934.897186279297 668.54628944397 781.558380126953 658.065311431885 664.925556182861 982.423400878906 832.021789550781 605.869987487793 644.874116897583 546.148895263672 747.010601043701 746.834915161133 646.074546813965 701.480224609375 695.530611038208 736.387798309326 674.247575759888 812.484310150146 847.802925109863 848.198688983917 915.464530944824 916.564300537109 804.183207511902 739.228500366211 732.776893615723 851.526359558105 1433.66699981689 714.243316650391 781.364547729492
-9999 -9999 -9999 -9999 -9999 807.983465194702 648.585845947266 535.338981628418 701.8620262146 858.645225524902 1171.41536712646 793.28088760376 744.583515167236 572.598014831543 595.535842895508 464.085800170898 634.967384338379 637.491653442383 511.200744628906 465.486724853516 1029.07565307617 548.61767578125 666.706171989441 718.517250061035 589.048946380615 616.535717010498 830.677017211914 709.387604236603 839.158676147461 716.902872085571 639.999134063721 746.157989501953 656.162101745605 674.670298576355 570.974784851074 758.601211547852 702.577691078186 672.585525512695 659.038928985596 766.150253295898 787.925472259521 1177.29763793945 891.347801208496 753.562630653381 761.090576171875 647.118667602539 641.497100830078 790.202949523926 691.196975708008 626.889038085938
-9999 -9999 -9999 -9999 -9999 993.349319458008 766.918199539185 625.219066619873 717.111640930176 800.825653076172 813.133275985718 705.92357635498 685.26252746582 588.430976867676 601.402572631836 582.908531188965 585.566528320312 574.416694641113 361.742919921875 924.121612548828 501.841979980469 582.658485412598 513.101608276367 647.645668029785 567.056114196777 713.468082427979 730.033108711243 672.530532836914 733.58469581604 684.543621063232 820.446411132812 777.738555908203 667.045845031738 754.900329589844 745.983444213867 828.198501586914 638.558876037598 643.097309112549 599.616271972656 741.059900283813 694.362251281738 930.354866027832 703.470238685608 1077.54730224609 726.543128967285 654.014511108398 511.233978271484 664.908279418945 633.287338256836 642.148880004883
-9999 -9999 -9999 -9999 -9999 -9999 1081.89546203613 945.323226928711 862.777473449707 585.800308227539 805.022731781006 785.645282745361 653.55760383606 710.8618298769 753.782649993896 698.710998535156 686.220794677734 552.970657348633 595.936096191406 461.17692565918 557.254547119141 677.248857498169 681.953852653503 639.533359527588 769.219366073608 734.017039299011 782.755424499512 604.875442504883 676.008232116699 736.438724517822 802.432723999023 650.524028778076 689.24587059021 729.039093017578 689.02490234375 646.912349700928 683.090137958527 479.835586547852 544.970336914062 744.321823120117 760.08521386981 727.484020233154 547.565216064453 736.600823402405 984.206161499023 1018.60638809204 1010.96420288086 1018.65362596512 716.041656494141 843.25553894043
-9999 -9999 -9999 -9999 -9999 -9999 1097.87858581543 1530.81134033203 1446.74513244629 725.450378417969 648.996836662292 672.197624206543 1001.53897857666 873.831619262695 612.89933013916 581.748016357422 468.676696777344 599.120582580566 1119.23503112793 527.579345703125 549.460861206055 737.624507904053 591.545051574707 494.495300292969 625.530494689941 860.415084838867 801.226066589355 679.939300537109 644.756278991699 657.023441314697 751.077484130859 763.557309150696 599.82421875 934.333526611328 727.957473754883 873.653648376465 880.632049560547 652.266296386719 613.295188903809 597.468368530273 699.576953887939 548.231399536133 535.198745727539 815.446144104004 642.788063049316 591.30810546875 716.731353759766 956.033115386963 1055.97080230713 638.958267211914
-9999 -9999 -9999 -9999 -9999 -9999 -9999 1047.93940734863 775.126014709473 727.475299835205 713.28494644165 719.224853515625 718.062377929688 895.920327186584 672.815795898438 399.883880615234 574.610260009766 1364.55087280273 635.435585021973 514.014709472656 651.816387176514 679.211169242859 577.651901245117 533.724060058594 659.193367004395 771.278106689453 724.73920917511 1220.72413635254 832.352039337158 726.285949707031 674.478057861328 935.555969238281 742.51001739502 799.381889343262 651.750946044922 902.006122589111 855.596237182617 945.561050415039 1038.68817138672 564.82592010498 536.975738525391 483.5517578125 651.632171630859 693.515502929688 841.763776779175 696.887428283691 675.495845794678 648.443099975586 661.231140136719 650.359184265137
-9999 -9999 -9999 -9999 -9999 -9999 -9999 -9999 792.430156707764 931.194282531738 781.231525421143 606.504257202148 630.302696228027 515.279708862305 602.303085327148 521.160003662109 1293.0891418457 573.391128540039 605.573684692383 618.169677734375 692.367607116699 665.49503326416 610.719680786133 628.976875305176 658.10302734375 659.826583862305 864.546035766602 704.603778839111 928.906982421875 888.601028442383 526.084981918335 636.724599838257 791.451019287109 836.799377441406 808.858673095703 837.32447052002 902.252910614014 825.05859375 875.226211547852 935.624212265015 572.049057006836 676.212757110596 582.713302612305 590.601699829102 502.986907958984 542.104888916016 644.009424209595 512.77904510498 650.518005371094 532.09029006958
-9999 -9999 -9999 -9999 -9999 -9999 -9999 -9999 -9999 1387.52100372314 1347.2693939209 1257.71905136108 628.233362197876 603.31282043457 895.919898986816 526.946624755859 577.843353271484 605.257675170898 539.171005249023 789.14573431015 662.473640441895 704.74951171875 652.95719909668 682.742328643799 774.726257324219 899.846176147461 634.358434677124 486.306381225586 792.379621505737 603.700996398926 627.360763549805 464.052268981934 547.399841070175 550.6214209795 842.313524246216 799.30948638916 820.40225982666 784.28783416748 809.407669067383 792.530410766602 1137.93950271606 622.195373535156 684.352165222168 737.443565368652 531.135467529297 528.15047454834 520.11791229248 475.761322021484 564.929787635803 514.005386352539
-9999 -9999 -9999 -9999 -9999 -9999 -9999 -9999 -9999 -9999 1295.69299316406 790.407455444336 563.747509479523 645.323854446411 590.017738342285 500.046249389648 621.903884887695 631.070205688477 721.839454650879 699.018466949463 630.630104064941 720.997422218323 638.406677246094 842.386619567871 1100.38845491409 762.776599884033 375.091598510742 603.791748046875 775.31217956543 942.695556640625 867.845947265625 867.867599487305 587.671115875244 553.459138393402 856.506458282471 770.474250793457 784.131881713867 754.445755004883 681.96875 900.438041687012 852.39412689209 599.794898986816 616.495811462402 743.493461608887 615.784441232681 695.166854858398 588.785991668701 572.391845703125 565.695205688477 573.841697692871
-9999 -9999 -9999 -9999 -9999 -9999 -9999 -9999 -9999 -9999 -9999 1284.62927246094 969.487548828125 985.674864768982 582.754774808884 512.885528564453 712.814514160156 691.046531677246 728.487701416016 771.41881275177 912.726867675781 843.650886535645 688.81339263916 703.263557434082 1036.55946350098 733.158951759338 952.689628601074 969.967723846436 798.136798858643 811.172088623047 1096.43399047852 1014.44047546387 750.092997647822 734.864486694336 727.063701629639 843.332418441772 727.684906005859 826.457685470581 715.264465332031 763.482841491699 983.991123199463 739.141969680786 786.078678131104 564.01736831665 578.115776062012 724.657703399658 773.140106201172 858.26636505127 595.047805786133 654.320575714111
-9999 -9999 -9999 -9999 -9999 -9999 -9999 -9999 -9999 -9999 -9999 -9999 984.559326171875 1239.82704734802 706.042314529419 715.814819335938 737.649269104004 635.542098999023 564.148956298828 795.95580291748 780.019119262695 862.551803588867 621.38288974762 497.975769042969 668.765365600586 893.531478881836 780.672874450684 811.58317565918 775.864261627197 824.281745910645 1029.72065734863 945.183479309082 787.735389709473 567.599609375 604.371322631836 621.066217422485 746.361450195312 773.677574157715 798.677005767822 734.893180847168 857.792687416077 807.671913146973 714.796028137207 599.118286132812 731.602043151855 680.720163345337 859.568954467773 756.712989807129 615.766563415527 695.117973327637
-9999 -9999 -9999 -9999 -9999 -9999 -9999 -9999 -9999 -9999 -9999 -9999 -9999 -9999 661.569549560547 723.718704223633 723.97469329834 1039.37235641479 555.064251899719 648.718955993652 687.260269165039 746.489547729492 657.462478637695 495.676708221436 633.499694824219 729.034109115601 719.541475296021 787.763961791992 912.537170410156 815.91801071167 869.837116241455 984.152603149414 774.066028594971 559.094467163086 587.550491333008 583.253162384033 895.442756652832 971.743989944458 737.171005249023 1073.63914442062 961.062088012695 1260.12118530273 647.958475828171 689.216724395752 866.290176391602 573.617309570312 651.07494354248 576.276412963867 759.294509887695 714.020202636719
-9999 -9999 -9999 -9999 -9999 -9999 -9999 -9999 -9999 -9999 -9999 -9999 -9999 -9999 -9999 -9999 -9999 1109.55431747437 773.096709251404 770.200180053711 764.270467758179 683.396408081055 667.438316345215 616.736694335938 587.659561157227 698.814468383789 599.409358978271 649.674511432648 857.627754211426 766.996541500092 702.770961761475 809.605365753174 826.914812088013 732.43017578125 472.065887451172 544.009590148926 683.766544342041 936.525657176971 840.465222001076 446.844818115234 418.892715454102 1139.42383575439 673.453311920166 837.680648803711 783.983772277832 643.897483825684 600.755798339844 667.782888412476 736.23530960083 680.685287475586
-9999 -9999 -9999 -9999 -9999 -9999 -9999 -9999 -9999 -9999 -9999 -9999 -9999 -9999 -9999 -9999 -9999 -9999 -9999 -9999 836.187606811523 825.274307250977 832.051113128662 819.978462219238 675.085357666016 741.085083007812 752.434539794922 743.289302825928 892.159423828125 889.610900878906 856.704692840576 734.277426719666 881.339248657227 727.795858383179 600.79833984375 557.803619384766 676.167652130127 992.306655883789 928.619766235352 534.092926025391 480.460205078125 686.571739196777 605.442470550537 797.311264038086 776.561603546143 730.319658279419 619.689632415771 662.241556167603 731.325099945068 746.244621276855
-9999 -9999 -9999 -9999 -9999 -9999 -9999 -9999 -9999 -9999 -9999 -9999 -9999 -9999 -9999 -9999 -9999 -9999 -9999 -9999 -9999 -9999 -9999 -9999 -9999 696.103515625 825.819152832031 827.92537689209 807.449272155762 972.199203491211 1106.14761352539 775.674003601074 811.093376159668 640.834980010986 539.975448608398 807.528377532959 1137.77304077148 900.847145080566 711.791751861572 711.622016906738 602.345455169678 991.204405784607 706.479476928711 844.115783691406 868.632843017578 685.03736114502 704.441170692444 764.254829406738 741.057228088379 676.095668792725
-9999 -9999 -9999 -9999 -9999 -9999 -9999 -9999 -9999 -9999 -9999 -9999 -9999 -9999 -9999 -9999 -9999 -9999 -9999 -9999 -9999 -9999 -9999 -9999 -9999 -9999 -9999 -9999 -9999 937.635465621948 986.035137176514 909.676019668579 920.825927734375 772.035018920898 689.996643066406 786.168399810791 860.511219024658 873.789043426514 768.609836578369 617.551876068115 679.264089584351 648.674545288086 677.199794769287 656.277397155762 735.58292388916 765.929393768311 692.982183456421 811.109031677246 891.676788330078 678.376991271973
-9999 -9999 -9999 -9999 -9999 -9999 -9999 -9999 -9999 -9999 -9999 -9999 -9999 -9999 -9999 -9999 -9999 -9999 -9999 -9999 -9999 -9999 -9999 -9999 -9999 -9999 -9999 -9999 -9999 -9999 -9999 1123.54899835587 1004.48426818848 861.65161895752 802.398204803467 711.099170684814 926.895294189453 609.720275878906 680.856288909912 544.506421089172 848.439840316772 665.263178825378 729.012077331543 576.786651611328 608.29345703125 662.088994979858 571.195816040039 670.092597961426 676.072883605957 816.599113464355
-9999 -9999 -9999 -9999 -9999 -9999 -9999 -9999 -9999 -9999 -9999 -9999 -9999 -9999 -9999 -9999 -9999 -9999 -9999 -9999 -9999 -9999 -9999 -9999 -9999 -9999 -9999 -9999 -9999 -9999 -9999 -9999 728.909843444824 954.829429626465 928.289834976196 845.253887176514 638.719856262207 736.313026428223 662.776374816895 645.382160186768 792.187644958496 830.914352416992 781.000968933105 801.66869354248 595.662979125977 665.334007263184 698.019931793213 665.702165603638 557.069046020508 708.804229736328
-9999 -9999 -9999 -9999 -9999 -9999 -9999 -9999 -9999 -9999 -9999 -9999 -9999 -9999 -9999 -9999 -9999 -9999 -9999 -9999 -9999 -9999 -9999 -9999 -9999 -9999 -9999 -9999 -9999 -9999 -9999 -9999 -9999 855.007225036621 892.991360664368 815.615979194641 573.104583740234 563.083801269531 779.650484085083 692.073753356934 838.039137840271 892.023315429688 748.701204299927 584.16024017334 777.312126159668 735.405944824219 711.519018173218 617.922149658203 645.686847686768 733.892158508301
