simdem/realisation69.asc
NCOLS 350 
NROWS 171 
XLLCORNER 152620 
YLLCORNER 418050 
CELLSIZE 100 
NODATA_value -9999 
[rows 22 to 43 of 171, columns 50 to 99 of 350]
-9999 -9999 -9999 -9999 -9999 -9999 -9999 -9999 -9999 690.926361083984 669.170265197754 734.556621551514 599.940963745117 703.841463088989 405.670188903809 451.142297744751 719.309661865234 512.170379638672 607.348903656006 592.802421569824 549.08911895752 535.407653808594 694.605545043945 641.623175621033 844.450347900391 558.684730529785 540.878486633301 633.501536369324 706.902912139893 687.56844329834 663.043102264404 582.530340194702 572.644687652588 707.330581665039 515.234169006348 551.37296295166 478.404304504395 490.918975830078 410.447769165039 409.863342285156 609.113624572754 460.74715423584 995.414710998535 660.070083618164 545.965293884277 581.671781539917 578.203914642334 639.029724121094 678.911163330078 1533.74165344238
-9999 -9999 -9999 -9999 -9999 -9999 -9999 -9999 812.085388183594 654.16547369957 515.186157226562 589.341041564941 674.541949748993 436.865540504456 524.820053100586 620.330345153809 621.132331848145 657.333999633789 612.160636901855 552.258934020996 560.540496826172 703.908874511719 499.132972717285 660.67875289917 710.106345653534 569.512359619141 588.867588043213 571.667371034622 643.414962768555 625.942188262939 586.507080078125 570.665962219238 497.365173339844 447.330253601074 350.566223144531 467.985046386719 441.257255554199 866.009803771973 595.598251342773 1140.42823028564 820.481971651316 549.876884460449 593.098432540894 519.010238647461 421.619415283203 475.955078125 610.705567359924 595.431747436523 582.961042404175 1293.82776260376
-9999 -9999 -9999 -9999 -9999 -9999 -9999 766.176147460938 808.557540893555 800.658843994141 473.617645263672 568.1162109375 408.828857421875 467.651809692383 505.338766098022 689.134426116943 691.070899963379 637.178262710571 606.021179199219 578.129455566406 544.023559570312 682.48450088501 606.374859809875 775.456878662109 601.345928192139 628.992233276367 627.15363907814 525.333574295044 616.668258666992 1228.56019592285 587.859725952148 538.637321472168 716.203582763672 511.631622314453 661.695114135742 628.087463378906 660.56421661377 622.022300720215 576.758861541748 671.312385559082 467.560684204102 524.193950653076 455.936828613281 492.533752441406 543.071254730225 558.540042877197 577.579962730408 488.953418731689 626.192413330078 987.824928283691
-9999 -9999 -9999 -9999 -9999 -9999 721.783248901367 636.490814208984 747.211456298828 758.558242797852 480.133041381836 557.899810791016 389.728660583496 535.488536834717 526.280586242676 704.777389526367 721.382141113281 549.090316772461 458.176193237305 711.313874721527 768.468635559082 628.167846679688 509.002262115479 586.339658737183 580.873583555222 592.378617286682 518.406993865967 1064.0065536499 785.046957015991 768.793746948242 675.152862548828 452.41194152832 709.454807281494 801.211647033691 595.296409606934 506.319869995117 585.178230285645 524.936103820801 546.797088623047 612.624450683594 691.709663391113 547.258239746094 346.393585205078 637.581260681152 816.721130371094 582.374505996704 535.852916717529 548.423906326294 696.623168945312 792.78413772583
-9999 -9999 -9999 -9999 -9999 484.888275146484 345.440887451172 378.156204223633 277.041778564453 452.071395874023 496.750244140625 537.640975952148 638.50016784668 759.050247192383 754.640357971191 813.738555908203 762.433609008789 580.163702011108 475.890251159668 583.043790817261 539.623519897461 497.467002868652 547.569890975952 453.431640625 393.090911865234 655.014495849609 696.597305297852 658.816986083984 1061.94667053223 902.988388061523 850.917694091797 689.065868377686 634.978620529175 555.29906463623 756.699829101562 586.126594543457 666.221420288086 588.406847000122 531.986408233643 559.753613948822 524.476278305054 518.807510375977 487.719345092773 543.029682159424 452.086463928223 487.61597442627 496.125717163086 647.852756500244 565.716388702393 764.058940887451
-9999 -9999 -9999 -9999 398.662368774414 641.172485351562 377.105285644531 371.467544555664 346.611587524414 534.206512451172 503.803436279297 506.914459228516 526.751266479492 682.453708648682 501.869285583496 822.072944641113 621.112365722656 551.26064825058 566.498844861984 552.426314353943 687.197166442871 695.388961791992 613.541309356689 941.083366394043 681.614990234375 572.007141113281 570.254272460938 681.80167388916 843.097190856934 823.286468505859 649.94506072998 765.077377319336 519.773246765137 697.979438781738 605.325012207031 445.81803894043 661.725290298462 531.206371307373 651.265571594238 667.695686340332 645.690841674805 574.540148735046 544.335522174835 648.740875244141 519.350532531738 509.867736816406 479.538139343262 433.713745117188 410.831161499023 622.42191696167
-9999 -9999 -9999 1023.82188415527 470.945960998535 619.266864776611 516.296325683594 537.876953125 531.066497802734 587.319026947021 693.360916137695 575.764991760254 528.324325561523 495.731483459473 632.519912719727 557.785842895508 738.898151397705 624.552028656006 559.378363847733 641.220443725586 593.238410949707 641.262786865234 995.565658569336 650.937732696533 604.027351379395 502.874137878418 552.693298339844 668.855247497559 410.493682861328 588.950096130371 546.012310028076 670.393157958984 503.264114379883 677.808517456055 613.538967132568 560.619956970215 720.178596496582 610.409984588623 544.214202880859 507.884088516235 664.294708251953 432.115425109863 327.354187011719 475.003440856934 372.344909667969 496.073753356934 384.51318359375 428.031677246094 431.065269470215 674.11702132225
-9999 -9999 741.50902557373 1138.2632522583 336.040092468262 473.523228645325 591.418135643005 517.526944160461 644.264838814735 727.464352607727 754.942588806152 566.221488952637 632.853706359863 748.803058624268 727.902240753174 502.689880371094 689.835181236267 586.46378326416 1063.65840148926 624.932116031647 1354.88079071045 649.777103424072 616.298568725586 537.649079322815 435.768760681152 407.693695068359 430.867088317871 635.727336883545 453.134834289551 449.026988983154 621.436111450195 731.182655334473 681.581481933594 665.945755004883 473.095642089844 369.626998901367 482.805572509766 354.610794067383 460.820449829102 546.294357299805 400.421546936035 493.067422866821 436.162796020508 410.383110046387 482.815851211548 597.02271270752 473.953025817871 467.922012329102 362.199844360352 775.004760742188
-9999 -9999 775.889320373535 1021.19338226318 1089.82579708099 452.511610507965 705.315979003906 521.909424781799 711.538986206055 747.206760406494 738.627449035645 413.992858886719 859.941284179688 800.969619750977 766.853500366211 727.706634521484 642.907917499542 671.30184173584 939.382713317871 696.049736022949 539.730828285217 681.370849609375 598.290363311768 584.635456085205 364.894264221191 314.76872253418 433.700172424316 562.421432495117 572.92985534668 530.764106750488 532.17960357666 433.000652313232 528.388233184814 494.155666351318 404.090816497803 330.238388061523 329.317901611328 522.992649078369 557.543020248413 571.983421325684 601.823234558105 421.080154418945 476.244687080383 586.464477539062 504.237083435059 345.386474609375 352.53645324707 407.879356384277 308.941329956055 720.522602081299
-9999 571.886169433594 695.530485153198 514.435104370117 593.069286346436 506.102127075195 648.092924118042 688.444358825684 750.76252746582 752.104118347168 689.881298065186 695.625877380371 722.930950164795 806.651184082031 672.185394287109 649.891584157944 599.636867523193 673.769393920898 621.028259277344 675.341262817383 510.734432220459 645.631912231445 656.854904174805 609.074188232422 489.597526550293 622.454284667969 488.428525924683 466.014638900757 634.677490234375 530.50080871582 483.105410575867 511.26148223877 308.005599975586 412.933639526367 541.286392211914 446.977409362793 423.571815490723 480.455892562866 571.055847167969 509.406841278076 529.560726165771 497.988513946533 509.614789962769 411.087501525879 532.253684997559 455.14820098877 312.62565612793 260.313461303711 408.209754943848 505.067333221436
651.17582321167 522.058822631836 578.448425292969 688.669502258301 582.876293182373 518.579063415527 619.777416229248 612.718032836914 563.558753967285 802.243209838867 798.481185913086 754.330354690552 662.30627822876 591.427647352219 658.445838928223 451.080718994141 588.695266723633 632.906730651855 630.386260986328 485.195749282837 515.976608276367 549.908363342285 739.051696777344 624.063568115234 514.469276428223 494.811641693115 527.692817687988 471.924512386322 562.655914306641 644.233108520508 500.999668121338 350.281539916992 439.402648925781 453.556772470474 429.832344055176 435.675703048706 497.989200592041 434.784973144531 496.474140167236 354.158340454102 360.341285705566 336.191558837891 231.56982421875 354.428192138672 359.513137817383 501.259670257568 389.636871337891 379.243591308594 488.246955871582 562.781009674072
441.291900634766 541.371909618378 460.649528503418 482.990921020508 324.430191040039 455.431007385254 678.191852092743 678.027370452881 715.663177490234 846.405166625977 808.637145996094 715.523452758789 684.431465148926 387.659122467041 644.109853744507 475.558776855469 690.077941894531 485.540699005127 553.756614685059 375.769515991211 692.13591003418 516.644840240479 742.220062255859 741.134643554688 535.107543945312 484.889217376709 474.926753997803 538.294273376465 487.208736419678 438.440841674805 534.060928344727 485.377935409546 401.185913085938 432.010595321655 522.39408493042 405.477001190186 441.209312438965 545.849510192871 468.249272823334 495.408840179443 477.783393859863 492.382930755615 347.715240478516 329.624496459961 491.891746520996 577.999565124512 309.202606201172 462.458837509155 487.491207122803 523.784805297852
512.041976928711 403.287986755371 464.236469268799 447.845985412598 444.905296325684 492.791915893555 652.310614585876 594.309555053711 736.052648544312 716.234436035156 757.551147460938 663.610000610352 568.205688476562 708.230323791504 544.555027008057 689.713356018066 508.58447265625 547.520157814026 520.615695118904 405.696754455566 395.498474121094 400.109794616699 532.81999206543 627.597366333008 717.063110351562 462.896544933319 456.71192741394 527.094482421875 474.339997291565 349.151344299316 446.487243652344 383.31901550293 293.863876342773 394.912208557129 487.239310264587 509.896942138672 437.845607757568 604.336273193359 490.431121826172 579.780487060547 545.098220825195 545.06512260437 443.68444442749 480.116300582886 447.549151420593 494.753953933716 515.977787017822 498.657511234283 569.902328491211 650.301712036133
428.021263122559 546.584930419922 438.034317016602 444.059951782227 430.578910827637 561.138900756836 584.597064971924 918.800514221191 573.734786987305 634.034772872925 565.054397583008 550.348518371582 563.762969017029 518.128394365311 445.600723266602 452.994306564331 496.484567642212 359.520889282227 372.47127532959 519.412242889404 356.269668579102 469.931699752808 543.462478637695 752.326812744141 551.076164245605 617.902694702148 564.069007873535 432.307970046997 455.776615142822 407.794780731201 450.671924591064 222.157104492188 213.861602783203 425.06573677063 358.746131896973 370.427192687988 485.801605224609 490.190467834473 558.059860229492 492.736633300781 453.793409705162 501.401643276215 417.019653320312 485.355224609375 445.179370880127 427.71459197998 477.48999786377 458.382036209106 452.057580947876 430.807247161865
442.865264892578 619.917851448059 629.368255615234 453.657642364502 504.23363494873 623.152263641357 626.631795525551 770.088177680969 701.756562650204 838.378253936768 544.019691467285 568.624562263489 556.636203765869 514.307468414307 551.475566864014 554.38063621521 476.89600944519 414.195945739746 453.950119018555 540.759525299072 408.711627960205 425.342596054077 490.838245391846 656.690948486328 602.368041992188 592.34846496582 523.916786193848 392.831302642822 392.898929595947 467.484972000122 329.471748352051 365.953136444092 317.629859924316 423.005758285522 330.727767944336 204.078765869141 433.40943145752 583.685974121094 546.745300292969 485.126777648926 463.092506408691 552.876983642578 500.606044769287 567.506355285645 494.342422485352 458.355957984924 441.182458877563 433.774978637695 486.269347190857 331.418914794922
391.951141357422 474.002216339111 458.280128479004 643.789165496826 660.543380737305 514.04737663269 487.617527008057 571.823497772217 772.103889465332 752.444446563721 370.14087677002 671.332851409912 529.74414730072 571.212495803833 512.87216758728 551.143642425537 534.068714141846 289.980590820312 385.322273254395 475.624168872833 426.252645492554 477.834585189819 548.509201049805 564.327041625977 558.847557067871 461.348213195801 418.949300765991 501.818405151367 413.285526275635 356.07787322998 447.738138198853 435.175643920898 467.964595794678 472.07971572876 416.816974639893 246.654495239258 334.872856140137 474.556879997253 547.696098327637 555.897346496582 559.129905700684 639.16130065918 570.495300292969 590.024383544922 488.297931671143 355.46768951416 444.363632202148 429.092922210693 430.602476119995 451.846265792847
345.569519042969 500.555303573608 477.96794128418 591.641834259033 498.985235214233 498.561309814453 541.409364700317 1112.24123382568 1083.75693511963 1059.28691101074 527.091949462891 581.316875457764 562.951190948486 449.853927612305 550.024673461914 562.305332183838 343.71549987793 152.926727294922 333.958442687988 553.34107208252 350.917953491211 394.221210479736 556.976806640625 495.325584411621 334.249572753906 347.275650024414 446.807022094727 342.620517730713 400.401239395142 543.098121643066 468.823875427246 407.74153137207 326.392990112305 359.584419250488 519.096260070801 298.290679931641 202.141677856445 384.637138366699 550.842948913574 470.477476119995 415.566963195801 454.935096740723 498.491874694824 444.93305015564 558.713844299316 550.161811828613 524.417125701904 438.880617141724 409.17000579834 527.541397094727
388.840744018555 510.589170455933 434.249893188477 675.727439880371 305.651153564453 438.708497047424 459.297786712646 796.238067626953 665.700592041016 646.92582321167 387.005783081055 405.006423950195 414.794639587402 514.65055847168 549.959411621094 437.778469085693 445.942228317261 241.986724853516 332.83381652832 354.43424987793 484.957908630371 440.234976768494 505.865013122559 350.36141204834 554.502197265625 368.889839172363 359.228126525879 312.895042419434 472.640369415283 552.096923828125 453.179452896118 306.06909942627 272.012237548828 369.650203704834 493.096603393555 428.228650093079 293.675598144531 390.918739318848 509.2555809021 499.297260284424 573.739219665527 600.675941467285 571.340209960938 380.569759368896 531.239242553711 735.914520263672 635.950347900391 454.45881652832 440.693314552307 363.635787963867
456.390808105469 552.797325134277 580.12434387207 572.829345703125 700.506314754486 450.816320419312 524.095874786377 690.480693817139 625.154098510742 659.282939910889 393.563842773438 389.832824707031 383.310241699219 513.51584148407 494.037672519684 518.749359130859 437.446197509766 353.328681945801 482.38591003418 447.549911558628 370.158210754395 548.207870483398 554.478927612305 389.260536193848 532.983535766602 427.467510223389 360.34224319458 296.827850341797 333.345520019531 408.478891968727 326.11612701416 345.18611907959 198.877365112305 295.212203979492 578.180389404297 592.634826660156 533.548301696777 409.864990234375 317.422866821289 424.179399490356 582.605911254883 481.785173416138 485.971649169922 479.322462081909 389.711959838867 535.794105529785 563.817329406738 530.349990844727 264.438888549805 288.079849243164
551.059965133667 616.480714797974 623.042867660522 581.949813842773 699.566360235214 476.534406661987 551.580688476562 646.242000579834 684.4111328125 1204.87144470215 373.392974853516 438.062240600586 474.909687042236 422.075790405273 659.108070373535 628.227447509766 591.287414550781 453.060870528221 413.509454727173 502.315174102783 473.706756591797 545.366348266602 495.310001373291 494.514602661133 525.679138183594 425.753994941711 414.977899551392 376.915672302246 364.155353546143 385.910715103149 371.128993988037 331.293479919434 274.751770019531 443.301517486572 451.065059661865 592.889953613281 582.563522338867 411.109622955322 525.458885192871 482.611770629883 409.934459686279 443.532524108887 426.222839355469 531.138313293457 408.050220489502 328.990577697754 377.458190917969 406.149866104126 456.198638916016 461.368083953857
855.897380828857 870.519191741943 731.980396270752 706.43238067627 383.171463012695 388.036239624023 707.466102600098 637.66756439209 586.220950126648 415.432777404785 558.595924377441 543.993980407715 505.32234954834 490.93669128418 477.872587203979 503.964828491211 417.153251647949 492.473728179932 466.853229522705 629.273025512695 493.470016479492 515.618751525879 468.296245574951 355.05052947998 429.237364768982 408.007848739624 327.561584472656 462.068782806396 334.766342163086 272.335510253906 334.25016784668 418.877422332764 452.774799346924 395.963055610657 400.490678787231 414.593091011047 560.830337524414 372.942775726318 481.468017578125 374.990348815918 310.039535522461 480.739677429199 364.907783508301 418.989652633667 397.56067276001 193.263229370117 238.114456176758 362.348854064941 365.646240234375 535.663948059082
544.844429016113 778.661193847656 700.666275024414 636.238800048828 305.192985534668 431.327592849731 635.942405700684 554.723724365234 537.575721740723 356.313339233398 542.462303161621 502.853876113892 483.76496887207 580.041133880615 619.080368041992 485.141767501831 377.586845397949 549.932983398438 527.49210357666 474.167362213135 470.475490570068 357.59423828125 364.467155456543 416.843632698059 491.048164367676 386.341812133789 544.086318969727 282.247528076172 281.858413696289 265.782684326172 339.430000305176 360.923774719238 489.793056488037 411.97093963623 349.356414794922 345.975936889648 417.258660316467 435.373010635376 446.512267112732 539.00471496582 295.491683959961 456.341903686523 505.341491699219 377.215576171875 380.353796005249 209.307067871094 241.503967285156 394.22386932373 499.066059112549 472.649291992188
