simdem/realisation57.asc
NCOLS 350 
NROWS 171 
XLLCORNER 152620 
YLLCORNER 418050 
CELLSIZE 100 
NODATA_value -9999 
[rows 110 to 131 of 171, columns 200 to 249 of 350]
-9999 -9999 -9999 860.650332868099 737.225128173828 596.109289169312 562.806221008301 698.375244140625 687.958435058594 952.427154541016 602.891159057617 670.894453048706 632.899730682373 667.003291130066 593.498607635498 646.830053329468 969.195846557617 693.898777008057 791.112747192383 693.224624633789 770.821441650391 766.90202331543 667.151260375977 446.718063354492 599.491813659668 612.415588855743 612.839851379395 644.539091110229 780.814872741699 796.117668151855 746.236145019531 636.009860992432 546.936065673828 483.342742919922 430.6376953125 490.783386230469 621.250450134277 527.507522583008 573.962413787842 399.667739868164 681.073283195496 720.939487457275 767.038860321045 729.172218322754 1299.17359924316 773.895141601562 825.252502441406 1248.68500471115 785.04759979248 908.749124526978
-9999 -9999 -9999 -9999 835.3665599823 825.833290100098 646.741621017456 690.093109130859 812.134952545166 739.845893859863 685.484521865845 583.838676452637 590.647186279297 678.234317779541 605.568004608154 580.537425994873 709.289039611816 776.78800201416 771.611251831055 721.628623962402 676.258857727051 694.082252502441 1378.86370849609 553.001052856445 633.07311630249 664.205169677734 694.209762573242 647.741245269775 421.513580322266 633.250988006592 607.150630950928 712.941112518311 550.707717895508 584.340560913086 450.165771484375 516.209854125977 630.377975463867 586.341690063477 474.390289306641 576.358734130859 737.701622009277 720.40096282959 468.131683349609 894.500526428223 689.962055206299 820.663871765137 1004.15874481201 917.739847183228 647.454597473145 829.129547119141
-9999 -9999 -9999 -9999 871.450675964355 882.449325561523 677.643949508667 720.000823974609 652.661727905273 631.467727661133 753.371747970581 612.090629577637 745.969871520996 832.571151733398 663.997072851285 657.219931602478 728.418842315674 660.440120697021 720.271743774414 792.053131103516 679.107599258423 787.91130065918 667.202430725098 527.073455810547 620.956737518311 603.737187385559 737.993045806885 656.155046463013 444.81950378418 670.207513809204 585.836688995361 749.57243347168 706.462715148926 560.859161376953 594.461067199707 576.629638671875 525.402359008789 630.218826293945 684.951095581055 712.225112915039 890.271064758301 731.089609622955 614.107795715332 790.858505249023 507.022872924805 784.190567016602 927.146423339844 903.215316772461 774.372531890869 1015.35235595703
-9999 -9999 -9999 -9999 -9999 806.415065765381 588.54118347168 704.094787597656 780.056659698486 619.747367858887 1214.7625951767 691.645017623901 757.072910308838 681.359750747681 789.155685424805 632.879196166992 675.000595092773 685.660057067871 670.521550655365 573.79825592041 559.277778625488 1158.91783905029 511.192497253418 463.177825927734 493.164756774902 602.270133972168 606.629318237305 586.187377929688 420.377838134766 464.365447998047 477.651100158691 648.958290100098 702.37824344635 580.24324798584 714.477750778198 573.855987548828 566.095092773438 636.727233886719 761.831608295441 718.485694885254 702.977401733398 785.424367904663 734.446437835693 780.551689147949 792.852489471436 712.709495544434 763.569000244141 1053.15948486328 746.605648040771 860.082355499268
-9999 -9999 -9999 -9999 -9999 730.195816040039 610.865333557129 704.999969482422 719.024230957031 642.42032623291 1157.58557128906 778.948490142822 727.193427920341 529.915161132812 632.545631408691 705.079433441162 760.074645996094 610.5703125 514.214126586914 684.972381472588 1179.17747497559 656.244838237762 752.733924865723 526.897399902344 470.31266784668 573.23722076416 687.979135513306 587.794647216797 684.924917221069 563.829193115234 594.526290893555 696.605684280396 687.205052375793 571.797981262207 585.907623291016 593.624755859375 591.652603149414 693.123743057251 675.011352539062 712.774611473083 781.937070846558 784.621604919434 798.523167610168 646.222755432129 836.855066299438 724.678503036499 757.952156066895 712.463073730469 601.97509765625 707.496398925781
-9999 -9999 -9999 -9999 -9999 695.592575073242 777.739637076855 639.493942260742 587.225734710693 887.918655395508 947.043670654297 760.155891418457 655.274513244629 637.188774108887 724.300928115845 588.433250427246 695.444942474365 609.839736938477 520.096054077148 1025.29420471191 395.487121582031 641.913558959961 602.387020111084 645.620992660522 716.61697769165 675.110916137695 693.752191543579 735.342058181763 758.4084815979 655.549903869629 695.016418457031 746.928237915039 795.152862548828 617.329223632812 661.484386444092 636.958435058594 730.514301300049 639.456637144089 672.870107650757 619.286071777344 600.316530227661 698.786666870117 598.888069152832 843.156631469727 748.385562896729 696.038238525391 691.800121307373 802.455716133118 647.703796386719 653.029968261719
-9999 -9999 -9999 -9999 -9999 -9999 845.926780700684 674.121856689453 717.413906097412 613.105220794678 773.28782081604 820.896226882935 759.50952911377 714.410746097565 691.282115936279 766.498241424561 753.288200378418 499.333053588867 677.226512908936 687.688121795654 553.58846282959 485.858749389648 509.616607666016 681.70577955246 713.324760437012 784.259738922119 750.632518768311 776.074913024902 677.785984039307 719.578593730927 726.558000564575 766.790260314941 665.534042358398 781.45906829834 789.529266357422 716.462596893311 780.128341674805 639.73900604248 593.126022338867 677.340431213379 856.46907043457 788.008084177971 670.092761993408 793.354183197021 1007.42795449495 972.689903259277 1108.62052345276 1091.20474243164 750.576370239258 916.205509185791
-9999 -9999 -9999 -9999 -9999 -9999 930.91742515564 1358.57611465454 1256.9151763916 637.641733169556 680.848878860474 749.188226699829 1114.2171459198 731.524904251099 674.1833152771 709.768970489502 666.199676513672 762.666015625 1176.09213638306 639.148628234863 784.057800292969 593.62873840332 558.433128356934 668.885334014893 752.654973983765 666.256843566895 628.606079101562 852.031311035156 796.874465942383 606.762626647949 848.397228240967 711.800285339355 771.601512908936 1160.40400695801 886.415176391602 875.136917114258 920.643493652344 571.458358764648 567.906021118164 554.221862792969 674.734146118164 714.048877716064 677.94454574585 814.310874938965 808.679161071777 814.906585693359 794.755004882812 906.604415893555 1002.51767730713 721.761379241943
-9999 -9999 -9999 -9999 -9999 -9999 -9999 1048.57942199707 983.042037963867 847.897346496582 687.989854812622 773.096247673035 672.681213378906 800.42024230957 795.235633850098 522.389541625977 705.460510253906 1399.83110809326 731.240877628326 710.958477258682 676.894204139709 612.96439743042 597.358024597168 617.524154663086 732.138210296631 738.627686500549 717.881303429604 1158.72354888916 763.167724609375 711.110153198242 632.361259460449 737.595031738281 620.591722488403 814.37287902832 668.488159179688 701.213562011719 736.705337524414 777.725799560547 940.885284423828 599.007736206055 654.175628662109 712.735538482666 648.965400695801 726.112762451172 697.087051391602 736.475570678711 644.339401245117 759.191612243652 685.781742095947 575.972457885742
-9999 -9999 -9999 -9999 -9999 -9999 -9999 -9999 716.088119506836 719.981857299805 775.025733947754 566.095520019531 722.489686965942 708.528018951416 669.557029724121 494.168395996094 1421.88278198242 599.320495605469 738.904486656189 709.897003173828 688.597999572754 634.705543518066 776.792469024658 685.246788024902 729.482628822327 621.018936157227 645.484260559082 699.687412261963 876.056571006775 706.516372680664 398.879287719727 650.702166557312 613.86971282959 775.486450195312 809.073677062988 746.717414855957 720.953979492188 823.219589233398 770.139129638672 781.242813110352 657.377834320068 950.863143920898 673.278358459473 720.086867332458 510.889419555664 676.112598419189 557.59147644043 639.50594329834 651.315002441406 471.363288879395
-9999 -9999 -9999 -9999 -9999 -9999 -9999 -9999 -9999 1146.4083404541 1211.31761169434 1075.02323913574 631.616402626038 822.099628448486 769.617694854736 639.453453063965 954.072387695312 827.085391998291 645.099418640137 688.893157958984 781.248003005981 705.196956634521 724.875671386719 711.881212234497 565.966156005859 773.174926757812 475.653457641602 603.831523895264 748.911105155945 634.186679005623 661.148244857788 500.710784912109 563.434677124023 463.629875183105 856.379576206207 790.104064941406 694.422134399414 625.54606628418 697.557006835938 723.333724975586 1145.12887907028 691.401653289795 806.683917999268 699.16234588623 566.070087432861 505.301605224609 493.907104492188 587.21857047081 564.913301467896 556.110651016235
-9999 -9999 -9999 -9999 -9999 -9999 -9999 -9999 -9999 -9999 928.143646240234 421.593597412109 457.267349243164 732.770050048828 675.004931552801 810.135543823242 709.885921478271 733.748401641846 805.49453163147 626.093063354492 841.826400756836 786.084182739258 613.037925720215 660.365478515625 914.958312988281 616.530410766602 430.24195098877 591.933433532715 677.394260406494 643.600929260254 820.388473510742 678.721839904785 407.959411621094 370.530654907227 767.808494567871 834.945411682129 774.571182250977 634.061706542969 702.375335693359 606.300476074219 823.166854858398 655.568073272705 756.866762161255 844.483292222023 644.776494979858 705.414852142334 476.142974853516 586.620548248291 695.884750366211 578.517066955566
-9999 -9999 -9999 -9999 -9999 -9999 -9999 -9999 -9999 -9999 -9999 1016.64602661133 1034.58085250854 1027.89608764648 670.890243530273 705.928375244141 664.092277526855 752.052520751953 797.845882415771 779.751096725464 898.01244354248 856.467361450195 550.640274047852 535.666061401367 902.62565612793 574.007797241211 847.158500671387 991.772705078125 670.517364501953 677.378192901611 628.40348815918 813.628601074219 714.521556854248 649.474739074707 674.412239074707 738.391487121582 675.101684570312 589.745941162109 662.644012451172 667.125381469727 971.561559677124 782.213144302368 803.139940261841 782.016464233398 682.656253814697 717.249031066895 584.970611572266 750.724533557892 697.046684980392 771.828994750977
-9999 -9999 -9999 -9999 -9999 -9999 -9999 -9999 -9999 -9999 -9999 -9999 1149.81365966797 1228.63894355297 577.247367858887 480.413383483887 594.013217926025 664.558129310608 536.160659790039 795.178764343262 723.4013671875 796.00114440918 621.492112159729 544.810027599335 716.84986114502 962.50707244873 914.071632385254 759.330207824707 769.384056091309 691.27318572998 689.920684814453 736.245628356934 715.023197174072 666.367279052734 577.026916503906 493.097640991211 792.381313323975 709.253723144531 768.236373901367 708.685440063477 808.586498260498 961.730941772461 893.644580841064 695.288234710693 771.935455322266 653.259517669678 778.156784057617 657.331287384033 724.045757293701 757.395112991333
-9999 -9999 -9999 -9999 -9999 -9999 -9999 -9999 -9999 -9999 -9999 -9999 -9999 -9999 569.745025634766 623.546859741211 589.622615814209 829.494155883789 383.403762817383 547.141132354736 645.858604431152 709.58903503418 704.593200683594 563.422822952271 617.449462890625 717.279293060303 719.196086883545 760.790182113647 787.048782348633 752.131065368652 674.9658203125 742.068870544434 605.303894042969 739.654173374176 729.52347946167 489.774421691895 720.614685058594 785.855438232422 764.53857421875 862.070816040039 1098.84720230103 1165.81884169579 652.08546769619 766.259735107422 771.044658660889 661.307249069214 688.059097290039 664.179508209229 822.64045715332 716.170566558838
-9999 -9999 -9999 -9999 -9999 -9999 -9999 -9999 -9999 -9999 -9999 -9999 -9999 -9999 -9999 -9999 -9999 1043.96541595459 733.346126556396 721.342624664307 941.908615112305 848.00471496582 950.237701416016 802.203616142273 771.354239463806 741.448436737061 695.138801574707 702.223316192627 817.843240737915 727.957721710205 717.296005249023 685.991760253906 764.047950744629 812.434543609619 791.954967498779 529.142799377441 648.391445159912 804.457931518555 834.95733833313 533.704364776611 700.77864074707 1083.53951644897 592.475654602051 706.830845832825 730.21474647522 704.465423583984 688.797210693359 616.372013092041 604.152313232422 691.56876039505
-9999 -9999 -9999 -9999 -9999 -9999 -9999 -9999 -9999 -9999 -9999 -9999 -9999 -9999 -9999 -9999 -9999 -9999 -9999 -9999 902.183059692383 916.002613067627 950.61547088623 912.662132263184 834.209129333496 965.74308013916 897.807327270508 954.509780883789 776.947034835815 912.571266174316 761.585067749023 620.316764831543 537.988891601562 719.121204376221 780.588451385498 582.997974395752 688.104579925537 848.791328430176 933.477649688721 730.886764526367 739.045143127441 830.112419128418 577.342628479004 604.495895385742 523.738265991211 493.985488891602 523.710540771484 509.591064453125 722.716957092285 769.526062011719
-9999 -9999 -9999 -9999 -9999 -9999 -9999 -9999 -9999 -9999 -9999 -9999 -9999 -9999 -9999 -9999 -9999 -9999 -9999 -9999 -9999 -9999 -9999 -9999 -9999 988.253005981445 963.926963806152 1010.95635223389 946.938888549805 941.141490936279 879.939575195312 781.598323822021 734.62760925293 723.018123626709 635.454898834229 695.205993652344 1023.60952758789 908.169990539551 816.055641174316 753.523341685534 589.158500671387 1069.78553009033 732.275928497314 661.723793029785 425.25048828125 642.890312194824 632.261394500732 556.82080078125 717.318191289902 686.996608734131
-9999 -9999 -9999 -9999 -9999 -9999 -9999 -9999 -9999 -9999 -9999 -9999 -9999 -9999 -9999 -9999 -9999 -9999 -9999 -9999 -9999 -9999 -9999 -9999 -9999 -9999 -9999 -9999 -9999 896.204109191895 1006.58303070068 1015.41667175293 866.60732460022 722.908880233765 558.908721923828 597.594116210938 871.103637695312 1055.41748809814 788.022357940674 604.810260772705 619.787780761719 616.75325012207 659.255256652832 789.605098724365 532.398956298828 667.184120178223 603.459426879883 628.226898193359 743.957977294922 700.711875915527
-9999 -9999 -9999 -9999 -9999 -9999 -9999 -9999 -9999 -9999 -9999 -9999 -9999 -9999 -9999 -9999 -9999 -9999 -9999 -9999 -9999 -9999 -9999 -9999 -9999 -9999 -9999 -9999 -9999 -9999 -9999 1170.85976028442 1007.12882232666 886.265087842941 647.517608642578 569.610321044922 868.451880455017 643.776932239532 772.914566040039 455.233436584473 788.246685028076 479.190551757812 663.512680053711 549.863174438477 666.130102157593 787.033271789551 743.314403533936 703.652034759521 591.043609619141 694.670108795166
-9999 -9999 -9999 -9999 -9999 -9999 -9999 -9999 -9999 -9999 -9999 -9999 -9999 -9999 -9999 -9999 -9999 -9999 -9999 -9999 -9999 -9999 -9999 -9999 -9999 -9999 -9999 -9999 -9999 -9999 -9999 -9999 698.059665679932 873.791934967041 781.85546875 795.56166934967 787.076787948608 762.567726135254 565.254463195801 480.803771972656 643.236206054688 760.114395141602 705.971726417542 762.253276824951 686.014366149902 632.09147644043 733.252113342285 517.28173828125 590.382659912109 757.502439498901
-9999 -9999 -9999 -9999 -9999 -9999 -9999 -9999 -9999 -9999 -9999 -9999 -9999 -9999 -9999 -9999 -9999 -9999 -9999 -9999 -9999 -9999 -9999 -9999 -9999 -9999 -9999 -9999 -9999 -9999 -9999 -9999 -9999 817.985557556152 853.094173431396 757.330936431885 662.410354614258 595.346885681152 703.962677001953 713.961460113525 962.032737731934 878.241729736328 863.335800170898 732.845020294189 728.077566146851 718.036252975464 690.016658306122 652.331943511963 732.812673568726 913.487548828125
