simdem/realisation1.asc
NCOLS 350 
NROWS 171 
XLLCORNER 152620 
YLLCORNER 418050 
CELLSIZE 100 
NODATA_value -9999 
[rows 88 to 109 of 171, columns 50 to 99 of 350]
399.610919952393 385.738252639771 609.07421875 432.280005455017 454.833335876465 353.075650215149 338.295497894287 309.004749298096 239.685684204102 193.245147705078 141.992263793945 109.929504394531 210.591033935547 273.827011108398 313.118354797363 240.613082885742 315.942066192627 239.663131713867 324.616260528564 207.152221679688 419.265462875366 445.631862640381 540.370880126953 513.553176879883 460.898380279541 332.807098388672 447.456602096558 495.752044677734 501.971138000488 408.590738296509 491.437877655029 450.392792701721 396.768600463867 435.442577362061 462.070831298828 536.141075134277 588.879551887512 517.016307830811 574.674926757812 448.867141723633 617.416418552399 -9999 -9999 -9999 -9999 -9999 -9999 -9999 -9999 -9999
367.384475708008 425.763666152954 506.820484161377 489.025245666504 646.031311035156 497.112915039062 347.629884719849 377.943340301514 280.703872680664 199.674530029297 167.622604370117 283.235282897949 336.516700744629 465.326766967773 314.973728179932 379.159339129925 301.297658920288 299.294868469238 253.113174438477 455.504264831543 467.780059814453 422.030656814575 573.412033081055 306.376037597656 256.179565429688 242.134078979492 364.029289245605 336.58512878418 362.079895019531 446.87609910965 404.636611938477 547.284004211426 437.975940704346 465.858961105347 683.58032989502 611.280687332153 612.980381011963 450.53666305542 604.080025672913 616.30005645752 -9999 -9999 -9999 -9999 -9999 -9999 -9999 -9999 -9999 -9999
870.789828896523 479.746000289917 547.984840393066 494.099044799805 553.122047424316 435.486320495605 352.795372009277 376.241624832153 347.61088180542 360.141774654388 344.191952586174 308.417297363281 425.289791107178 461.192764282227 348.424928665161 349.590167999268 440.86544418335 267.191444396973 236.963745117188 288.876640319824 391.051823616028 357.222200393677 455.039485931396 469.208679199219 374.520130157471 350.455268859863 454.252975463867 478.721519470215 444.058557510376 460.956142425537 410.531280517578 393.351348876953 497.797794342041 633.566680908203 941.606414794922 552.695636749268 498.523857116699 576.638786315918 587.709216117859 570.665267944336 -9999 -9999 -9999 -9999 -9999 -9999 -9999 -9999 -9999 -9999
590.654861450195 994.579551696777 577.387199401855 365.874946594238 362.291969299316 339.41731262207 346.490226745605 374.993843078613 430.667427062988 405.637908935547 463.846313476562 382.703081607819 362.843263626099 359.27841758728 520.694732666016 329.154968261719 413.060989379883 325.260566711426 401.891867876053 290.731567382812 365.184627532959 503.012596130371 438.869142532349 360.729068756104 414.019165754318 418.381096363068 390.556552886963 482.224548339844 432.035140037537 455.074661254883 470.920612335205 464.873287200928 555.029449462891 479.287185668945 889.146537780762 583.727954864502 456.866275787354 478.776670455933 563.180221557617 -9999 -9999 -9999 -9999 -9999 -9999 -9999 -9999 -9999 -9999 -9999
486.047592163086 474.87833404541 810.366424560547 406.661207199097 405.255748748779 498.84122467041 482.838443756104 384.872852325439 500.374923706055 585.01286315918 454.233345031738 337.626396179199 385.425937652588 328.223526000977 341.82506942749 456.848888397217 312.20093536377 375.772928714752 405.954847335815 296.642074584961 494.444053649902 407.032928466797 340.175773620605 441.701446533203 480.50562286377 377.690322875977 390.69758605957 366.335998535156 427.4368019104 560.107269287109 310.247192382812 255.24104309082 533.060715675354 652.085343837738 674.095336914062 524.36404800415 371.103591918945 554.815376281738 556.641487121582 -9999 -9999 -9999 -9999 -9999 -9999 -9999 -9999 -9999 -9999 -9999
459.878753662109 501.154434204102 330.978586912155 764.122829437256 264.528262615204 441.863208770752 458.703468322754 350.632186889648 459.306465148926 548.358306884766 416.420009613037 305.626510620117 383.424126625061 443.414237976074 266.289505004883 297.515235900879 271.858215332031 342.878688812256 336.58332824707 505.670906066895 510.715545654297 452.45979309082 493.259742736816 489.986427307129 531.945190429688 416.203096389771 553.282211303711 508.057968139648 526.887680053711 427.825740814209 445.896865844727 432.173015594482 578.864212036133 642.273422241211 760.250732421875 694.846885681152 578.70231628418 691.409889221191 521.826141357422 -9999 -9999 -9999 -9999 -9999 -9999 -9999 -9999 -9999 -9999 -9999
385.982002258301 427.766708374023 408.386960983276 455.893814086914 688.541889190674 515.252574920654 330.285484313965 401.27089881897 433.747753143311 454.518688201904 515.445755004883 471.777374267578 456.99454498291 472.169044494629 389.935468673706 484.689781188965 431.686618804932 345.79808807373 333.629264831543 616.366287231445 454.354528427124 407.926212310791 421.20251083374 473.693214416504 458.943408966064 431.905482292175 531.221199035645 468.128931045532 486.603112697601 423.38883972168 494.585927963257 651.773124694824 594.669494628906 505.039703369141 517.21996307373 524.163471221924 530.856292724609 618.7911195755 -9999 -9999 -9999 -9999 -9999 -9999 -9999 -9999 -9999 -9999 -9999 -9999
326.958080291748 357.569038391113 418.119644165039 515.89688873291 469.56356048584 641.080749511719 428.12516784668 460.721864700317 514.045433044434 636.511581420898 623.859359741211 380.611183166504 416.889705657959 388.024386167526 339.595909118652 417.18152141571 385.697732925415 379.832183837891 470.299007415771 439.091245651245 454.432323455811 422.071070671082 304.121200561523 474.217315673828 420.252082824707 429.075416564941 446.292490005493 518.021556854248 494.737742543221 485.094473361969 569.049270629883 723.403564453125 556.768089294434 547.612148284912 554.874509811401 609.458400726318 553.055492401123 495.112403869629 -9999 -9999 -9999 -9999 -9999 -9999 -9999 -9999 -9999 -9999 -9999 -9999
294.626260757446 159.391738891602 269.678623199463 328.203235626221 549.406869888306 557.67156791687 489.279760360718 316.173934936523 424.671912193298 663.243041992188 531.02953338623 543.465446472168 632.932327270508 467.376075744629 475.953773498535 539.190368652344 516.672019958496 514.775924682617 446.89324760437 492.468860626221 428.056366920471 418.14733505249 473.328805923462 531.221248626709 410.511517524719 399.046096801758 345.97208404541 497.619131088257 502.525924682617 447.145370483398 488.662056922913 377.304557800293 526.654655456543 594.879127502441 703.734909057617 549.008884429932 533.598876953125 602.68464756012 -9999 -9999 -9999 -9999 -9999 -9999 -9999 -9999 -9999 -9999 -9999 -9999
314.616638183594 169.715362548828 259.514925003052 464.106109619141 443.163871765137 482.220241546631 526.883367538452 678.352508544922 477.890655517578 537.614814758301 563.990501403809 468.054397583008 576.500366210938 519.954559326172 483.383483886719 436.367712020874 435.443593025208 475.801723480225 390.334381103516 290.549163818359 266.707229614258 620.631546020508 499.794693946838 574.608657836914 595.710807800293 309.225433349609 210.139038085938 368.531776428223 464.090844035149 520.277099609375 537.250625610352 491.381177902222 751.968475341797 652.015007019043 482.626876831055 548.519302368164 629.914318084717 -9999 -9999 -9999 -9999 -9999 -9999 -9999 -9999 -9999 -9999 -9999 -9999 -9999
479.000198364258 167.124908447266 655.527954101562 692.079391479492 502.171627044678 394.966598510742 653.704490661621 614.423606872559 738.295349121094 442.428569555283 587.939331054688 555.333969116211 507.667724609375 532.628967285156 382.20584487915 479.021587371826 399.038932800293 393.406390190125 257.756866455078 329.207366943359 506.740859985352 436.859817504883 580.848431587219 667.494247436523 519.260612487793 787.11487865448 281.136413574219 260.414108276367 356.501419067383 575.515800476074 590.981408953667 702.252281188965 634.399490356445 523.454360961914 381.108291625977 462.927980422974 681.14559173584 -9999 -9999 -9999 -9999 -9999 -9999 -9999 -9999 -9999 -9999 -9999 -9999 -9999
540.332828521729 532.990898132324 562.462057113647 684.997467041016 611.607774734497 623.140918731689 450.016304016113 620.222747802734 615.47151184082 635.365516662598 612.784034729004 496.616790771484 410.354339599609 461.338112831116 460.195924758911 516.279144287109 476.75830078125 396.935994148254 518.164588928223 515.687621355057 611.046745300293 456.042907714844 523.641061782837 408.796844482422 627.874061584473 541.01508128643 735.268020629883 530.877304077148 550.339996337891 687.14382314682 822.179275512695 761.808578491211 715.214515686035 471.979549407959 348.379104614258 400.494148254395 577.657331466675 -9999 -9999 -9999 -9999 -9999 -9999 -9999 -9999 -9999 -9999 -9999 -9999 -9999
475.506843566895 574.283521652222 558.452507019043 490.3623046875 458.594261169434 553.587139129639 449.833938598633 470.922576904297 561.374248504639 642.59584236145 588.232217788696 539.163329124451 524.675754547119 451.016725540161 370.044914245605 346.184984207153 556.108543395996 492.335830688477 371.833129882812 528.161602020264 482.221923828125 448.124305725098 499.169044494629 473.874725341797 532.494920730591 512.374652862549 431.041305541992 463.570266723633 633.407155990601 606.010185241699 713.518188476562 725.347637176514 655.930946350098 555.332315444946 513.78591299057 657.686149597168 589.58781337738 -9999 -9999 -9999 -9999 -9999 -9999 -9999 -9999 -9999 -9999 -9999 -9999 -9999
249.685806274414 685.824928283691 609.142120361328 499.071258544922 549.05352640152 650.400135040283 623.871963500977 581.188945770264 385.693634033203 519.141807556152 573.782035827637 581.559299468994 772.315673828125 486.274112701416 483.439136505127 685.798818588257 644.088180541992 519.383899688721 478.358291625977 706.278022766113 553.566655755043 636.879888534546 686.106964111328 535.826770782471 394.574783325195 462.493560791016 615.236694335938 463.938827514648 603.491715431213 638.619725704193 616.3254737854 496.976028442383 500.958892822266 540.258323669434 582.331876754761 589.904701709747 -9999 -9999 -9999 -9999 -9999 -9999 -9999 -9999 -9999 -9999 -9999 -9999 -9999 -9999
184.476745605469 552.362579345703 571.159175872803 727.181579589844 685.910985946655 778.838470458984 706.248630523682 581.772399902344 437.255004882812 414.403060913086 452.075607299805 633.549644470215 609.213478088379 644.248991966248 490.375408172607 426.949806213379 537.109302997589 460.136751174927 364.771133422852 546.922988891602 516.100231170654 529.33408164978 564.145621299744 590.913684368134 754.118316650391 551.873394012451 549.324031829834 549.233165740967 687.501670837402 569.910850524902 518.82991027832 396.142311096191 659.592788696289 665.524963378906 484.883224487305 -9999 -9999 -9999 -9999 -9999 -9999 -9999 -9999 -9999 -9999 -9999 -9999 -9999 -9999 -9999
397.558403015137 508.202926635742 578.332859039307 508.634292602539 489.71636390686 653.642700195312 631.925323486328 554.442283630371 556.90055847168 525.711448669434 366.783432006836 316.537147521973 352.95142364502 425.775955200195 490.300811767578 521.88904440403 498.315581321716 432.538009643555 456.838745117188 571.774833679199 380.572723388672 524.250917434692 531.732055664062 603.575401306152 665.685508728027 743.960327148438 629.235336303711 575.720375061035 391.289016723633 380.406463623047 430.803817749023 506.955078125 598.854374885559 612.770515441895 -9999 -9999 -9999 -9999 -9999 -9999 -9999 -9999 -9999 -9999 -9999 -9999 -9999 -9999 -9999 -9999
913.424949645996 600.338470458984 423.016036987305 320.093769073486 398.500280380249 456.573162078857 407.041683197021 508.872398376465 403.779792785645 530.840991973877 570.967723846436 313.939651489258 450.13501739502 491.034828186035 613.723167419434 703.662780761719 565.567029953003 326.200592041016 452.476181030273 554.908090591431 502.183029174805 373.952117919922 664.986343383789 541.837154388428 484.277367115021 692.49284362793 603.321228027344 622.070526123047 276.696624755859 474.711875915527 577.68648815155 718.966018676758 682.824325561523 -9999 -9999 -9999 -9999 -9999 -9999 -9999 -9999 -9999 -9999 -9999 -9999 -9999 -9999 -9999 -9999 -9999
-9999 596.556648254395 1193.65740966797 506.148609161377 499.307189941406 807.963035583496 383.722246170044 469.892158508301 412.190811157227 366.805650949478 419.410199403763 338.239402770996 511.444755554199 617.241165161133 444.639812469482 579.620849609375 331.912971496582 322.814517974854 342.085418701172 386.992214202881 433.195203781128 438.537904262543 349.772186279297 524.823257446289 541.747249603271 614.076148986816 604.141082763672 492.491696834564 375.643760681152 565.433565616608 558.785097122192 607.125327110291 -9999 -9999 -9999 -9999 -9999 -9999 -9999 -9999 -9999 -9999 -9999 -9999 -9999 -9999 -9999 -9999 -9999 -9999
-9999 -9999 -9999 -9999 774.996437001973 915.319053649902 585.357765197754 539.653091430664 814.688722610474 865.061145782471 567.117893218994 535.486461639404 454.578897476196 469.450199127197 525.341209411621 550.394317626953 656.786880493164 143.053863525391 130.11149597168 424.942031860352 440.098854064941 552.171188354492 529.138179779053 608.899543762207 412.924987792969 366.65087890625 575.094821929932 536.551414489746 393.102012634277 513.613410949707 -9999 -9999 -9999 -9999 -9999 -9999 -9999 -9999 -9999 -9999 -9999 -9999 -9999 -9999 -9999 -9999 -9999 -9999 -9999 -9999
-9999 -9999 -9999 -9999 -9999 -9999 -9999 -9999 -9999 1010.48253631592 654.924864768982 791.518768310547 623.14200592041 497.319511413574 377.521007537842 625.108039855957 795.432678222656 302.513687133789 133.600158691406 676.407943725586 541.707962036133 517.509590148926 625.476681232452 690.846519470215 572.164249420166 549.527214050293 530.089126586914 478.011581420898 -9999 -9999 -9999 -9999 -9999 -9999 -9999 -9999 -9999 -9999 -9999 -9999 -9999 -9999 -9999 -9999 -9999 -9999 -9999 -9999 -9999 -9999
-9999 -9999 -9999 -9999 -9999 -9999 -9999 -9999 -9999 -9999 -9999 -9999 -9999 -9999 -9999 -9999 740.73957824707 991.826889038086 769.85237121582 843.820993423462 853.152809143066 1014.27927398682 966.873790740967 1047.03771209717 805.499900817871 -9999 -9999 -9999 -9999 -9999 -9999 -9999 -9999 -9999 -9999 -9999 -9999 -9999 -9999 -9999 -9999 -9999 -9999 -9999 -9999 -9999 -9999 -9999 -9999 -9999
-9999 -9999 -9999 -9999 -9999 -9999 -9999 -9999 -9999 -9999 -9999 -9999 -9999 -9999 -9999 -9999 -9999 -9999 -9999 -9999 -9999 -9999 -9999 -9999 -9999 -9999 -9999 -9999 -9999 -9999 -9999 -9999 -9999 -9999 -9999 -9999 -9999 -9999 -9999 -9999 -9999 -9999 -9999 -9999 -9999 -9999 -9999 -9999 -9999 -9999
