simdem/realisation49.asc
NCOLS 350 
NROWS 171 
XLLCORNER 152620 
YLLCORNER 418050 
CELLSIZE 100 
NODATA_value -9999 
[rows 0 to 21 of 171, columns 200 to 249 of 350]
-9999 -9999 -9999 -9999 -9999 -9999 -9999 -9999 -9999 -9999 -9999 -9999 -9999 -9999 -9999 -9999 -9999 -9999 -9999 -9999 -9999 -9999 -9999 -9999 -9999 -9999 -9999 -9999 -9999 -9999 -9999 -9999 -9999 -9999 -9999 -9999 -9999 -9999 -9999 -9999 -9999 -9999 -9999 -9999 -9999 -9999 -9999 -9999 -9999 -9999
-9999 -9999 -9999 -9999 -9999 -9999 -9999 -9999 -9999 -9999 -9999 -9999 -9999 -9999 -9999 -9999 -9999 -9999 -9999 -9999 -9999 -9999 -9999 -9999 -9999 -9999 -9999 -9999 -9999 -9999 -9999 -9999 -9999 -9999 -9999 -9999 -9999 -9999 -9999 -9999 -9999 -9999 -9999 -9999 -9999 -9999 -9999 -9999 -9999 -9999
-9999 -9999 -9999 -9999 -9999 -9999 -9999 -9999 -9999 -9999 -9999 -9999 -9999 -9999 -9999 -9999 -9999 -9999 -9999 -9999 -9999 -9999 -9999 -9999 -9999 -9999 -9999 -9999 -9999 -9999 -9999 -9999 -9999 -9999 -9999 -9999 -9999 -9999 -9999 -9999 -9999 -9999 -9999 -9999 -9999 -9999 -9999 -9999 -9999 -9999
-9999 -9999 -9999 -9999 -9999 -9999 -9999 -9999 -9999 -9999 -9999 -9999 -9999 -9999 -9999 -9999 -9999 -9999 -9999 -9999 -9999 -9999 -9999 -9999 -9999 -9999 -9999 -9999 -9999 -9999 -9999 -9999 -9999 -9999 -9999 -9999 -9999 -9999 -9999 -9999 -9999 -9999 -9999 -9999 -9999 -9999 -9999 -9999 -9999 -9999
-9999 -9999 -9999 -9999 -9999 -9999 -9999 -9999 -9999 -9999 -9999 -9999 -9999 -9999 -9999 -9999 -9999 -9999 -9999 -9999 -9999 -9999 -9999 -9999 -9999 -9999 -9999 -9999 -9999 -9999 -9999 -9999 -9999 -9999 -9999 -9999 -9999 -9999 -9999 -9999 -9999 -9999 -9999 -9999 -9999 -9999 -9999 -9999 -9999 -9999
501.052257537842 520.706974029541 587.462774276733 566.980033159256 946.206985473633 -9999 -9999 -9999 -9999 -9999 -9999 -9999 -9999 -9999 -9999 -9999 -9999 -9999 -9999 -9999 -9999 -9999 -9999 -9999 -9999 -9999 -9999 -9999 -9999 -9999 -9999 -9999 -9999 -9999 -9999 -9999 -9999 -9999 -9999 -9999 -9999 -9999 -9999 -9999 -9999 -9999 -9999 -9999 -9999 -9999
554.763496398926 415.687614440918 565.331954956055 538.329528808594 617.651659011841 730.556816101074 573.507545471191 772.137420654297 619.245601654053 507.024028778076 -9999 -9999 -9999 -9999 -9999 -9999 -9999 -9999 -9999 -9999 -9999 -9999 -9999 -9999 -9999 -9999 -9999 -9999 -9999 -9999 -9999 -9999 -9999 -9999 -9999 -9999 -9999 -9999 -9999 -9999 -9999 -9999 -9999 -9999 -9999 -9999 -9999 -9999 -9999 -9999
881.991798400879 563.111709594727 569.082717895508 500.849044799805 621.125463485718 764.93953704834 633.652481079102 695.776580810547 471.439806938171 567.366775512695 471.344135284424 531.449764251709 690.581596374512 591.542869567871 583.102548599243 851.185913085938 874.277252197266 517.439498901367 1101.95404052734 993.064758300781 873.707553863525 823.901100158691 902.271697044373 1167.64227294922 1001.11267852783 950.884512901306 1004.26113128662 978.208778381348 997.117656707764 979.167011260986 908.509017944336 876.02433013916 761.260078668594 882.633937835693 846.518198490143 750.125518798828 1027.81072998047 915.271636962891 646.392791748047 -9999 -9999 -9999 -9999 -9999 -9999 -9999 -9999 -9999 -9999 -9999
856.606100082397 880.523059844971 854.537445068359 792.97989654541 1109.61884307861 1170.94078063965 1106.70309972763 481.718657493591 554.954399108887 536.363861083984 452.48037147522 517.697341918945 468.307750582695 405.714279174805 539.424835205078 616.254989624023 489.403783798218 488.122230529785 895.89225769043 903.860935211182 797.378423690796 843.961111068726 855.934879302979 926.838104248047 896.028762817383 878.044807434082 859.402332305908 921.09415435791 787.953651428223 927.537422180176 782.06282043457 807.443257331848 536.346939086914 734.534536361694 799.939609527588 681.157699584961 1079.1643371582 1123.94191741943 796.441123962402 613.876022338867 855.059423446655 1094.56681060791 1403.44775390625 883.758769989014 765.313758850098 -9999 -9999 -9999 -9999 -9999
1104.95767211914 1098.71865081787 981.53532409668 712.524429321289 1050.49873733521 1063.86568832397 1157.65204238892 1295.95935058594 1082.66598510742 824.38094329834 613.517837524414 743.705536842346 540.218818664551 498.208198547363 489.926533699036 618.50065612793 459.362466573715 360.378387451172 879.249229431152 875.692132949829 782.137145996094 866.386978149414 945.364700317383 804.599306106567 837.669803619385 782.159797668457 842.034000396729 748.74186706543 932.763366699219 851.015125274658 917.856140136719 834.845836639404 500.231643676758 672.289665222168 749.75314283371 718.69010925293 1203.53508758545 1216.93119430542 552.802791595459 662.611331939697 745.51410150528 1034.80276107788 830.54610824585 925.282205581665 864.51672744751 1164.20727539062 712.85572052002 -9999 -9999 -9999
869.691396713257 817.080215454102 961.843635559082 1057.06351470947 1032.24528503418 1131.65148448944 1375.26351928711 1228.4644241333 1061.56427001953 859.361686706543 602.198974609375 704.32967376709 658.223670959473 676.033760070801 694.964019775391 760.773628234863 842.856151580811 728.435729980469 708.312660217285 868.094192504883 918.072206616402 1080.42012214661 753.15336227417 811.73225402832 735.309850692749 829.36785697937 766.409442901611 882.881683349609 804.234092712402 873.001991271973 845.598258972168 707.04541015625 710.174243927002 580.768653869629 599.043174743652 606.791799068451 529.943023681641 905.062015533447 846.630668640137 558.314125061035 835.731307983398 800.770095825195 696.551879882812 731.067100524902 789.06526184082 1072.9175567627 1050.12719726562 1387.86153030396 695.668045043945 -9999
957.653411865234 863.113609313965 900.656028747559 981.572109222412 1075.32988739014 1237.09201812744 1378.94148254395 1379.51860046387 1153.77908325195 1008.45460510254 834.738224029541 823.431946277618 632.601879119873 783.038833618164 777.6943359375 751.629524230957 942.31330871582 858.590797424316 693.134094238281 932.071148872375 908.667406082153 1104.29385757446 697.491027355194 657.808513641357 721.280990600586 923.974296569824 712.403182983398 818.255666732788 656.364212036133 798.120906829834 839.668834686279 770.535733222961 532.045104980469 589.99927520752 582.261573791504 417.789001464844 429.381286621094 940.780496120453 844.50732421875 1001.13055419922 603.56615447998 756.949401855469 666.561492919922 677.658081054688 746.337893486023 835.555099487305 841.542020797729 1337.80015563965 863.713232040405 844.356288909912
895.608806610107 798.787559509277 927.1248960495 926.201759338379 648.391765594482 886.898202896118 864.764450073242 814.80061340332 1102.94827270508 975.067810058594 783.827255249023 832.746646881104 838.102931976318 779.492919921875 891.004905700684 808.394443511963 931.293403625488 927.678978443146 835.885078430176 1020.20621109009 989.423837661743 1096.95111465454 718.057929992676 615.09814453125 929.620010375977 963.762195587158 972.814964294434 864.921798706055 777.623374938965 815.290664672852 771.698913574219 814.372859954834 738.402889251709 657.275299072266 725.923206329346 589.920608520508 555.933151245117 1019.27119445801 1127.82865905762 969.165637969971 721.610877990723 785.981033325195 706.119598388672 931.924819946289 1002.2501411438 804.922771930695 818.877809524536 856.651290893555 747.950830459595 592.440399169922
671.267378866673 672.48441028595 841.588592529297 821.214080810547 661.668266296387 796.644157409668 792.115814208984 918.490585327148 1097.58727264404 841.52788066864 683.711654663086 850.449012756348 670.025360107422 714.720489501953 698.416778564453 1349.39646720886 896.015254020691 881.386657714844 1202.54595947266 1373.58057403564 931.694383621216 1223.34140777588 768.324523925781 775.682859420776 882.300407409668 945.661834716797 895.634750366211 902.293296813965 924.457046508789 916.735717773438 767.6123046875 850.559894561768 1006.67809295654 990.332765579224 962.846652030945 915.288635253906 902.33797454834 1009.683177948 1148.91940307617 1123.09632873535 844.335319519043 793.618625640869 681.528896331787 931.879037857056 914.67546081543 879.693687438965 996.012459754944 723.639038085938 745.902299880981 879.024490356445
700.707756519318 727.366943359375 658.798950195312 757.664649963379 656.246292114258 679.715424776077 772.742095947266 848.110473632812 819.244743347168 667.359550476074 995.953058242798 842.082168579102 1126.94323730469 685.976295471191 728.557758331299 767.926776885986 719.418657302856 828.501007080078 856.165618896484 1269.13703155518 737.096947669983 739.824187755585 702.699493408203 1092.08570861816 696.261026382446 782.559160709381 777.996312618256 873.454356193542 714.744964599609 671.739212036133 928.854152679443 931.466948509216 766.954559326172 866.832842826843 826.906955718994 998.147666931152 1018.2798576355 847.928886413574 883.339859008789 962.957313537598 993.324268341064 1114.13369750977 1143.2102432251 1100.57825088501 1033.68869781494 896.357841491699 920.571853637695 762.932067871094 665.143630981445 1006.39400482178
637.339687347412 588.524291992188 716.272963821888 647.712772369385 682.318061828613 765.267181396484 814.22607421875 837.686882019043 758.595680236816 547.071701049805 816.74047088623 655.825843811035 816.410125255585 823.099431037903 722.036365509033 855.514854431152 770.963168144226 870.964553833008 764.006687641144 893.262222290039 673.309566497803 689.568195343018 745.20799446106 718.237369537354 760.20343208313 821.552180290222 882.351925849915 917.115745544434 653.712272644043 730.015716552734 802.429912567139 881.81787109375 754.318256378174 825.680282592773 755.074485778809 890.357810974121 802.188720703125 801.054534912109 808.956642150879 880.449012756348 1112.51620483398 1016.09706115723 978.883411407471 1063.04900360107 1078.26099777222 1192.56610870361 1063.23616790771 904.650833129883 747.980812072754 755.812484741211
619.14680480957 654.05256652832 632.962799072266 694.312377929688 850.919527053833 847.929351806641 779.019477844238 768.07837677002 744.538120269775 691.503881454468 979.189724206924 1056.20149230957 669.26985168457 832.9970703125 848.579742431641 752.150358200073 676.161590576172 689.215278625488 753.63418006897 881.995178222656 874.451187133789 735.333814620972 678.679840087891 692.145748138428 753.43347454071 728.541744232178 689.239501953125 1383.33401489258 802.875102996826 740.663330078125 896.565624237061 999.689702987671 808.881320953369 734.545349121094 936.974449157715 802.066452026367 886.249161720276 846.622386932373 939.407188415527 881.837168693542 941.996812820435 1015.06315612793 897.765197753906 971.665592193604 1017.03429794312 1167.24949645996 1154.4790725708 1053.88346266747 935.635735034943 829.163422346115
385.490798950195 588.445495605469 1236.1612701416 730.933197975159 711.144161224365 953.372619628906 668.997262954712 722.559834480286 680.215068817139 704.430332183838 868.152978897095 747.827666282654 733.81614112854 671.989738464355 767.828700065613 712.28173828125 744.973276138306 819.281028747559 851.127700805664 811.67822265625 686.723789215088 851.648139953613 601.941375732422 693.659658432007 662.602764129639 748.264785766602 644.681926727295 777.870292663574 773.641195297241 689.293014526367 1059.38565158844 817.172294616699 659.036506652832 1305.04373168945 660.814331054688 683.893600463867 668.121398925781 810.484176158905 797.392799377441 787.398693084717 874.419425964355 902.980117797852 755.594284057617 878.849353790283 1115.20721435547 1060.71896362305 1047.93031311035 1095.56153488159 935.014612674713 941.806232452393
997.523056030273 527.213577270508 1213.47552490234 1140.89341545105 751.821399688721 795.979467391968 787.242729187012 686.954868793488 1013.22053527832 628.710517883301 650.209609985352 611.476501464844 709.165815114975 649.43758392334 758.159564971924 784.305145263672 834.694267272949 614.073173522949 808.255187988281 738.364311218262 536.277557373047 752.149101257324 697.227096557617 739.688858032227 615.367530822754 762.233100891113 732.234746456146 727.767234683037 717.006164550781 737.211455345154 783.06886100769 765.136420249939 755.690874099731 789.83434677124 735.055682659149 1276.89686393738 590.36767578125 587.063873291016 695.678291320801 746.584228515625 751.238174438477 792.85062789917 863.106882095337 962.441398620605 956.486801147461 912.72110748291 914.964412689209 1016.50528717041 965.032419204712 1107.86664581299
680.132888793945 774.593776702881 772.834510803223 741.654487609863 1058.35694122314 1361.06896972656 981.745910644531 646.434608459473 650.146911621094 753.102348327637 692.487967729568 719.855381011963 784.495986938477 709.66371011734 700.496158599854 769.1647605896 706.781632781029 684.310955047607 601.880310058594 681.089250564575 592.58171081543 476.576278686523 697.348644018173 663.049300193787 698.97442817688 716.681812286377 751.831336975098 821.572067260742 705.838481903076 677.330997467041 805.564758300781 695.527046203613 612.048522949219 738.706081390381 774.949535369873 634.568508148193 635.630065917969 1184.36568832397 606.564392089844 712.796421051025 810.405620574951 853.582397460938 697.658172607422 959.750854492188 924.965446472168 983.951171875 1025.72080993652 833.390158653259 960.802089691162 957.214019775391
759.076427459717 749.815517425537 821.381362915039 704.973296165466 610.417610168457 773.572189331055 726.080291748047 827.659233093262 662.016241073608 672.119204044342 660.803115844727 761.533332824707 772.062805175781 601.621109008789 694.841129302979 845.684112548828 689.496948242188 573.702911376953 677.827562332153 490.119903564453 619.939880371094 540.973564147949 708.261474609375 617.257469177246 651.06372833252 694.981288909912 805.044067382812 797.958320617676 697.974494934082 638.873344421387 880.654846191406 809.472541809082 767.255039215088 821.869422912598 808.970325469971 727.586700439453 784.939342498779 724.809957504272 932.354034423828 1112.34098434448 1390.96172332764 753.085367202759 682.273014068604 766.956428527832 825.059577941895 1060.09657287598 881.6337890625 1205.68103027344 1446.67749023438 838.932439804077
688.040639877319 814.22566986084 665.132862091064 677.711283683777 659.920783996582 722.281795501709 785.994575500488 672.251401901245 641.228904724121 625.921077728271 630.360118865967 626.665531158447 537.300048828125 595.766670227051 547.936370849609 680.400991439819 656.745094299316 697.691012382507 629.855346679688 699.962875366211 711.19695854187 690.195776462555 757.306793212891 845.281295776367 682.192432880402 629.841232299805 672.91086769104 835.677993774414 816.947616577148 869.488616943359 761.04817199707 796.47599029541 681.400550842285 672.035411834717 784.881629943848 797.812561035156 709.967407226562 813.981861114502 920.891220092773 846.439224243164 841.571357727051 851.757263183594 802.66951751709 869.610363006592 731.414022922516 774.022115707397 983.184799194336 999.373252868652 930.713205337524 948.96745300293
