simdem/realisation41.asc
NCOLS 350 
NROWS 171 
XLLCORNER 152620 
YLLCORNER 418050 
CELLSIZE 100 
NODATA_value -9999 
[rows 44 to 65 of 171, columns 150 to 199 of 350]
553.770576477051 463.505043029785 540.052477359772 547.654450893402 466.581718444824 478.800842285156 515.263683617115 613.582221984863 609.815273284912 505.51428604126 582.201356887817 602.609712600708 507.452625274658 606.073009490967 548.663208007812 462.964149475098 465.600914001465 664.198799133301 629.644668579102 529.063035964966 550.20040512085 583.809087753296 396.385635375977 413.589889526367 521.179229736328 487.417457580566 607.408500671387 688.724975585938 457.681114196777 379.987579345703 602.227054595947 533.189453125 575.146331787109 609.132621765137 713.414599537849 716.91975402832 793.214782714844 837.813117980957 778.165550231934 683.890892028809 372.750396728516 535.816387176514 475.869163513184 767.042121887207 745.33325958252 686.228141784668 804.682113647461 836.082824707031 1156.12670516968 1159.83658599854
442.272830963135 474.77791595459 528.777902603149 491.425080060959 554.973854064941 649.99730682373 675.666854858398 545.970546722412 617.639366149902 384.488342285156 456.382637023926 545.146503448486 560.103038787842 449.668449401855 482.095672607422 526.68616104126 536.471342086792 694.21369934082 658.142379760742 557.514730453491 363.486053466797 565.384437561035 478.712585449219 591.136280059814 710.714965820312 809.342193603516 712.603454589844 640.056137084961 591.026290893555 600.145919799805 640.812866210938 488.138137817383 515.084091186523 677.575119018555 694.472885131836 669.390211105347 614.571489334106 716.48168182373 740.45378112793 512.629577636719 394.820892333984 438.821563720703 528.70051574707 442.835647583008 512.137580871582 449.276916503906 576.81029510498 649.081466674805 736.354598999023 922.445907592773
555.206089019775 746.075805664062 641.521041870117 547.887203216553 515.125244140625 684.054870605469 569.984180450439 506.340019226074 549.780391693115 580.433572769165 578.621499061584 549.09302520752 657.658828735352 493.050109863281 600.306493759155 646.660102844238 783.671081542969 716.27099609375 536.191660881042 465.722686767578 364.112243652344 603.778221130371 569.895696640015 619.765625 461.606643676758 585.793125152588 738.994125366211 634.620002746582 500.084365844727 380.86897277832 452.824111938477 486.385349273682 613.094287872314 637.290405273438 596.113763809204 549.263927459717 543.693901062012 640.546382904053 658.759548187256 687.314384460449 517.094551086426 486.050727844238 573.588823318481 459.377822875977 432.190902709961 481.328460693359 599.324869155884 689.723556518555 688.088005065918 526.77254486084
704.264739990234 562.615730285645 450.323806762695 417.98046875 613.647705078125 588.576591491699 553.598064422607 488.702396392822 512.648061752319 670.79419708252 639.958908081055 555.818670272827 616.251758575439 609.85228729248 532.684658050537 685.205307006836 766.793197631836 701.734237670898 611.020629882812 392.326568603516 428.200653076172 616.598564147949 536.233907699585 624.064258575439 595.892948150635 558.532964706421 617.176239013672 624.56324005127 523.321151733398 438.25325012207 460.791305541992 596.184242248535 668.28443145752 595.470909118652 649.370765686035 634.990615844727 693.460289001465 672.826965332031 652.61353302002 599.583503723145 524.950634002686 591.295757293701 592.429018497467 408.012283325195 505.168235778809 555.09158706665 595.471548557281 655.461608886719 687.386039733887 521.649398803711
528.771050453186 472.72403717041 363.432479858398 466.073635101318 609.287773132324 652.018737792969 603.776657104492 419.791427612305 454.716125488281 665.457015991211 518.874561309814 541.704467773438 670.717315673828 631.18286895752 618.341407775879 766.855331420898 675.240356445312 732.994506835938 540.918591022491 498.927192687988 441.625610351562 447.935050964355 566.719957351685 603.967334747314 576.812935829163 617.037521362305 620.168510437012 662.763038635254 510.484800338745 613.315864562988 412.889533996582 510.389188766479 614.643028259277 540.3315782547 580.348499298096 506.58779335022 516.566383361816 622.067520141602 713.37434387207 675.948616027832 472.811920166016 478.956367492676 470.477966308594 496.820030212402 564.852083086967 582.945167541504 682.114366531372 736.645553588867 688.694366455078 551.54834318161
509.852291107178 381.085708618164 509.693984985352 475.867614746094 524.148221969604 499.203544616699 485.057056427002 506.050535202026 605.389984130859 436.279556274414 476.286201477051 548.550643920898 629.511669158936 549.637588500977 599.885107934475 738.842395782471 660.314267158508 618.282772064209 674.915832519531 647.912666320801 399.560897827148 660.555690765381 601.088308334351 587.690216064453 584.05250787735 615.596591949463 532.299915313721 637.751640319824 484.032417297363 530.43045425415 476.278987884521 460.045761108398 565.372018814087 480.873268127441 560.684319972992 525.481240272522 548.378154754639 520.182571411133 660.185592651367 677.246391296387 309.492767333984 513.778587341309 517.722137451172 612.490985870361 590.985767364502 556.42206454277 705.275657653809 507.982154846191 555.309391021729 432.599502563477
515.102957904339 382.441207885742 513.835599899292 533.392277956009 386.93212890625 456.687393188477 587.297786712646 503.069980621338 546.1608543396 591.134075164795 543.594556808472 643.417289733887 536.674438476562 542.429796218872 551.252672195435 769.986724853516 657.646564483643 499.763137817383 627.849235534668 564.959981918335 451.004577636719 594.284243941307 670.172306060791 691.078007936478 648.747108459473 607.119979858398 601.190744400024 542.079853057861 540.473012924194 552.398609161377 498.305145263672 582.722585678101 589.468021392822 575.601684570312 484.920787811279 520.759006500244 596.746013641357 625.480522155762 646.802597045898 522.072605133057 434.096961975098 536.371082305908 582.321346282959 540.808926582336 639.514266967773 519.530660390854 551.02463722229 555.636925697327 653.746295928955 494.876777648926
482.955978393555 429.844902038574 420.31502532959 590.113964080811 689.325149536133 760.38932800293 645.921943664551 585.515361785889 597.823753356934 618.800567626953 513.427139282227 527.25528717041 621.0188331604 617.007225036621 510.29679107666 655.762199401855 498.811782836914 657.608955383301 561.792236328125 600.20337677002 543.899658203125 572.623622894287 590.132137298584 669.128902435303 705.411987304688 694.562114715576 507.631790161133 567.422222137451 685.731071472168 552.638378620148 579.048099517822 647.937713623047 515.336137771606 635.946319580078 610.84920501709 618.605323791504 491.154273986816 557.839966535568 521.80396270752 482.624961853027 383.135665893555 579.64108133316 553.545309066772 531.188694000244 507.090858459473 607.106603622437 337.437927246094 548.936820983887 556.556980133057 453.064422607422
418.169380187988 472.497901916504 544.828987598419 640.542877197266 589.44068145752 666.013450622559 704.896057128906 616.52180480957 563.901733398438 530.721788406372 598.510487556458 583.986112594604 631.542736053467 522.070739746094 515.967189788818 628.761516094208 609.403797149658 720.075790405273 530.194248199463 708.24925994873 721.729469299316 577.046310424805 518.937705993652 494.191909790039 407.388931274414 610.848937988281 717.621168136597 569.2705078125 530.444011688232 589.611563205719 629.538383483887 512.795974731445 506.344215393066 695.358749389648 573.824689865112 520.979640960693 527.792373657227 325.066177368164 436.281600952148 490.580810546875 625.459959030151 508.666381835938 503.659122467041 595.410772800446 482.282173156738 534.526256561279 412.44580078125 511.254447937012 631.646288394928 552.806455612183
473.441104888916 516.868963241577 524.478354454041 555.100202798843 701.309646606445 597.801475524902 587.349637985229 517.268058776855 567.271751403809 729.475830078125 730.778823852539 519.334667205811 567.793081283569 446.411605834961 599.948291778564 592.673755645752 606.483268737793 641.750228881836 716.645469665527 562.621658325195 664.200126647949 553.67006111145 440.944564819336 481.75708770752 659.631042480469 670.556657791138 658.063298225403 700.760940551758 571.763719558716 585.097066879272 585.841555595398 551.298981666565 577.692142486572 578.596043109894 715.357772827148 609.871788024902 536.936920166016 408.929565429688 396.700302124023 466.657920837402 642.382965087891 554.553853988647 649.073463439941 504.013381958008 474.77116394043 523.861221313477 394.186798095703 513.161415100098 593.427571058273 535.468669891357
506.886619567871 478.482124328613 610.715316772461 547.706141471863 674.732154846191 668.303169250488 531.904088973999 524.369476318359 648.057594299316 698.052886962891 619.647872924805 606.504245758057 603.565221786499 562.241258621216 519.784561157227 674.718551635742 716.027542114258 611.767217636108 534.974075317383 639.642055511475 527.734069824219 581.886735200882 591.655723571777 549.424896240234 731.852180480957 573.723297119141 672.826572418213 781.335357666016 695.856552124023 603.148804664612 520.236724853516 540.361166000366 679.548965454102 557.439752101898 553.456064224243 557.520568609238 553.542051315308 463.867614746094 555.963043212891 504.284233093262 678.17667388916 618.629650115967 457.347045898438 525.903209686279 548.38542175293 549.388732910156 486.588317871094 444.948577880859 492.084968566895 389.824951171875
530.044216156006 593.362186431885 624.634063720703 663.993682861328 650.281219482422 553.687887191772 617.064590454102 647.423057556152 659.331588745117 609.022151947021 645.020149230957 620.980508804321 568.573807954788 512.97371673584 576.311171531677 626.263507843018 733.761245727539 683.283187866211 586.154365539551 515.362949371338 567.621288299561 521.451248168945 587.704755544662 603.934314727783 634.3811378479 728.392784118652 773.125558853149 712.979904174805 572.502876281738 606.848701477051 634.304206848145 593.387203216553 607.169895172119 628.504951477051 581.55760383606 593.444492340088 512.590744018555 602.358816146851 577.847967147827 671.46842956543 702.921524047852 575.860176086426 540.849052429199 463.926696777344 550.576923370361 667.777015686035 557.562180519104 512.858665466309 489.551177978516 676.693572998047
612.676132202148 597.013671875 619.59073638916 619.669548034668 670.134902954102 711.699752807617 630.04708480835 436.197128295898 612.442771911621 631.467506408691 549.244867324829 507.348033905029 584.732452392578 583.900644302368 639.631706237793 600.299936294556 647.660491943359 646.076778411865 609.084861755371 481.790245056152 479.896492004395 591.97571849823 447.427757263184 574.878517150879 636.802721977234 619.319606781006 904.782135009766 706.619750976562 591.942493438721 479.630233764648 590.448024272919 549.430393218994 413.296981811523 665.480453491211 598.684650421143 499.037292480469 600.439392089844 694.162536621094 652.720934867859 600.094036102295 598.681128501892 606.006498336792 508.417869567871 624.255495071411 470.046844482422 597.828587532043 593.037094116211 634.814241409302 742.689949035645 615.941868185997
594.450046539307 493.164154052734 490.765472412109 632.351181030273 708.765914916992 811.818817138672 654.894603729248 607.295349121094 638.523246765137 678.220397949219 559.185291290283 543.121032714844 502.671539306641 602.023731231689 690.379264831543 618.604412078857 663.359558105469 746.699157714844 622.273101806641 543.840873718262 530.303211212158 541.556800842285 535.667625427246 596.680206298828 654.249069213867 636.59906578064 691.874992370605 670.905403137207 647.037414550781 499.496643066406 564.403350830078 619.154777526855 612.270428657532 761.871536254883 846.58171081543 685.449089050293 680.927291870117 734.232452392578 622.558101654053 577.84743309021 612.209075927734 538.659652709961 474.643081665039 544.441711425781 455.782287597656 322.897644042969 448.860946655273 528.614868164062 663.617080688477 646.410776138306
602.342292785645 613.44649887085 655.512859344482 516.594947814941 574.215261459351 675.501678466797 523.668907165527 548.088788986206 536.379035949707 627.961624145508 565.063800416887 622.220092773438 555.733270645142 641.415645599365 603.817367553711 507.652297973633 685.383094787598 695.100967407227 703.007949829102 671.896575927734 606.594114303589 673.697074890137 688.734909057617 439.973388671875 549.244884490967 495.618095397949 495.414428710938 596.857822418213 565.98868560791 750.43293762207 605.751470565796 649.870978355408 792.524826049805 924.013336181641 738.789261817932 663.486387252808 556.635654449463 545.865165710449 601.162097930908 532.926986694336 551.187732696533 550.645992279053 370.744033813477 626.526642799377 655.921855926514 646.711282730103 643.281127929688 477.377151489258 595.087451934814 676.377746582031
530.620710372925 434.719284057617 491.320571899414 559.412768363953 502.220748901367 436.01318359375 504.667865753174 625.942306518555 724.642425537109 702.549240112305 596.520107269287 537.109840393066 667.525215148926 744.054092407227 537.281335830688 427.416473388672 507.933452606201 597.204080581665 567.043231487274 588.826628684998 545.219917297363 537.417064666748 577.936822891235 543.152774810791 370.120849609375 548.341682434082 589.660083770752 648.585838317871 550.373504638672 633.413776397705 580.11742401123 532.2041015625 815.13639831543 697.923572540283 675.042852401733 645.434646606445 590.176445007324 598.3113489151 521.868141174316 427.98307800293 677.911922454834 592.582293510437 664.70783996582 612.374968528748 659.805694580078 802.467300415039 641.708162307739 655.433109283447 593.17761516571 712.802223205566
490.287475585938 397.732757568359 478.126266479492 382.316345214844 403.585189819336 426.023361206055 586.25249671936 591.777118682861 547.069801330566 568.775042533875 547.848347663879 420.819122314453 717.804595947266 713.505294799805 528.09712600708 536.327644348145 347.453338623047 559.132539749146 686.660171508789 617.759014129639 581.648549795151 485.889167785645 438.399932861328 545.509143829346 511.77710723877 444.476303100586 576.188537597656 536.824829101562 666.850296020508 581.414833068848 587.128898620605 476.791015625 768.279281616211 658.698944091797 669.96622467041 715.939025878906 776.030258178711 769.397048950195 668.357955932617 530.054183959961 653.119525909424 670.973091125488 564.376350402832 519.594757080078 661.698480606079 555.449760437012 623.375219345093 677.261196136475 607.640850067139 672.018154501915
510.485214233398 454.43042755127 438.483360290527 345.616470336914 442.613006591797 639.560264587402 563.574216842651 657.09748840332 574.915370941162 574.887840270996 573.651788234711 569.610556840897 556.42626953125 624.580062866211 638.226707458496 428.459342956543 618.823833465576 649.250457763672 517.460826873779 522.527313232422 541.814430236816 519.370765686035 652.190994262695 586.031536102295 513.591735839844 492.902236938477 479.169364929199 526.185371398926 504.341804504395 608.852088928223 608.023738861084 575.902137756348 739.369575500488 712.239761352539 644.291484832764 707.158592224121 747.140975952148 734.016075134277 814.77214050293 692.488124847412 617.889404296875 534.417999267578 532.097045898438 913.713485717773 654.890663146973 542.194984436035 569.758861541748 675.930824279785 651.920165061951 596.357460021973
550.06396818161 559.203093528748 345.161514282227 408.351409912109 543.051588535309 676.574905395508 658.705192565918 612.174949645996 650.496955871582 559.778349399567 442.881988525391 595.153387069702 540.694423675537 464.841033935547 487.753265380859 607.060230255127 577.295528411865 524.311492919922 459.102684020996 579.529075622559 489.41138458252 444.827835083008 566.505570411682 595.361800670624 457.215942382812 620.98686003685 550.11653137207 490.512733459473 634.768133163452 695.736892700195 570.910957336426 631.683174133301 699.892608642578 783.660858154297 615.781856536865 673.656034469604 586.507423400879 661.500953674316 762.60221862793 629.203094482422 473.933975219727 618.331232070923 663.758480072021 935.788635253906 788.810438156128 615.046981811523 649.033491134644 652.096148490906 641.206212997437 583.389450073242
681.531372070312 576.911304473877 463.402481079102 578.70874786377 645.331245422363 568.670260429382 557.553587913513 645.048080444336 546.753686904907 454.960411071777 601.349466323853 522.701503753662 505.814758300781 316.307525634766 563.651660919189 614.337673187256 580.780408859253 598.082801818848 564.938312530518 526.214492797852 531.641399383545 577.352060317993 417.486846923828 568.6741771698 454.097129821777 495.369888305664 454.738662719727 641.362602233887 603.313406765461 599.727439165115 610.881015777588 669.385124206543 574.698402404785 610.108720779419 668.418910980225 573.095920562744 624.112742900848 508.196342468262 519.905364990234 561.400886535645 584.754016876221 727.669868469238 693.159675598145 781.492691040039 570.731718063354 596.538135528564 623.993679729756 606.805408477783 552.168792724609 567.629165649414
639.811973571777 697.978866577148 594.592643737793 583.646800994873 530.478992462158 508.827262878418 561.085053637624 547.260981559753 387.457962036133 487.268692016602 552.268651008606 491.32772064209 608.674989700317 520.662986755371 465.713088989258 647.270965576172 580.374423980713 516.416038513184 433.989624023438 607.777061462402 582.549864768982 702.27933883667 593.466296195984 636.05700302124 553.041723251343 357.05500793457 472.862533569336 591.036415100098 608.070819854736 643.604267120361 680.589820861816 680.081565856934 595.39809513092 721.674880981445 588.604259490967 707.564598083496 540.162757873535 492.708076477051 438.387420654297 596.997190475464 730.771728515625 740.858863830566 722.402084350586 627.0338306427 649.627861022949 614.314520359039 668.034866333008 459.855239868164 647.487392425537 593.156978607178
497.884284973145 484.629608154297 587.678169250488 624.505828857422 854.43603515625 772.069183349609 562.764197349548 582.134281158447 494.122806549072 606.722148895264 504.120769500732 512.941040039062 483.625762939453 538.963695526123 501.538757324219 568.613875389099 596.526134490967 526.719543457031 399.341781616211 575.051755428314 484.663665771484 555.479978561401 662.241737365723 533.769130706787 527.090465545654 593.437971115112 502.116439819336 457.611206054688 518.100273132324 691.970581054688 666.472469329834 644.085906982422 631.332271575928 455.392608642578 479.381942749023 555.031326293945 523.269142150879 583.625606536865 429.967636108398 519.623641967773 717.542686462402 649.953212738037 731.306175231934 670.418048858643 700.739330291748 678.168823242188 680.216815948486 603.255924224854 530.865577697754 666.198624610901
