simdem/realisation76.asc
NCOLS 350 
NROWS 171 
XLLCORNER 152620 
YLLCORNER 418050 
CELLSIZE 100 
NODATA_value -9999 
[rows 66 to 87 of 171, columns 200 to 249 of 350]
577.883293151855 585.428897857666 713.098876953125 850.650741577148 683.464071273804 688.357534408569 606.420024871826 653.031493186951 668.389625549316 744.400337219238 751.284622192383 628.671283721924 672.428119659424 545.852432250977 582.781122207642 665.383758544922 705.55980682373 526.35083770752 554.212440490723 641.565952539444 607.029651641846 525.910118103027 500.408187866211 718.941413879395 623.944978713989 632.528816223145 511.568328857422 641.429595947266 712.904415130615 486.879047393799 433.452941894531 606.817741394043 578.9140625 589.878665924072 538.733695983887 569.987533569336 721.192956924438 656.313585281372 654.076795578003 734.632858276367 565.291801452637 683.789794921875 652.007536888123 507.69189453125 578.05468082428 777.097236633301 682.785984039307 595.259330749512 592.333198547363 653.326721191406
548.021858215332 728.932029724121 666.537927627563 645.030772209167 762.681938171387 651.527661800385 557.148132324219 663.76807975769 644.885195732117 665.249938964844 723.22151184082 673.186195373535 784.118743896484 692.989456176758 519.38859307766 516.786392211914 496.16943359375 616.897612094879 565.536140441895 851.890661239624 673.361916542053 573.14631652832 416.038345336914 637.886177062988 622.138875007629 577.376075744629 546.345806121826 563.54956817627 631.982532501221 643.47013759613 439.055068969727 589.173477172852 629.897115707397 589.470176696777 665.368041992188 776.154682159424 740.794887542725 569.589340209961 685.472671508789 618.002840042114 648.764896392822 591.598693847656 607.797364711761 540.631843566895 660.461494445801 474.779754638672 645.23143863678 511.879104614258 696.794372558594 679.707448959351
612.893860340118 591.116798400879 733.239036560059 588.744724273682 551.008178710938 649.747100830078 610.557567596436 727.76148223877 617.005411148071 751.902069091797 842.747009277344 620.468921661377 646.945829391479 712.479591369629 711.983104705811 452.02653503418 466.924171447754 629.899891853333 731.56632232666 722.759651184082 700.906787872314 587.791536331177 509.184997558594 546.329025268555 591.171867370605 631.642086029053 741.30305480957 830.252471923828 774.972625732422 602.82568359375 507.736404418945 645.882415771484 552.170623779297 629.895801544189 668.598550796509 655.219623565674 773.97652053833 751.356201171875 464.93424987793 587.661460876465 647.220178604126 829.903594970703 697.29455947876 494.488632202148 657.090255737305 552.362297058105 623.752445220947 574.8095703125 647.298035621643 621.621139526367
709.975868225098 611.24690246582 561.561149597168 612.563220977783 676.867012023926 593.019271850586 431.951889038086 588.810138702393 557.96883392334 640.971445560455 791.600128173828 664.201864242554 651.27472114563 666.803087234497 718.167484283447 573.345279693604 629.163572311401 664.288967132568 686.267730712891 666.881837844849 752.595977783203 754.882919311523 639.827666044235 418.550003051758 643.332988739014 753.054229736328 657.352916717529 748.073234558105 661.743907928467 616.329875946045 587.75989151001 543.317176818848 569.137672424316 651.981262207031 656.010101318359 774.21728515625 598.504920959473 640.371786117554 622.032444000244 585.985008239746 649.436614990234 696.518737792969 663.243698120117 679.001941680908 635.678358078003 509.208801269531 442.286041259766 510.160438537598 569.142990112305 658.555717468262
660.193248748779 565.962615966797 771.124114990234 721.227462768555 705.772415161133 602.952470779419 559.780212402344 554.974418640137 654.792791843414 604.284729003906 820.657989501953 790.287933349609 595.585567474365 524.516487121582 506.515769958496 574.02791595459 654.982397079468 631.065574645996 741.05899810791 694.780956268311 658.840530395508 701.472156524658 553.623649597168 566.252349853516 613.889857292175 737.867370605469 791.4248046875 748.552734375 701.189502716064 505.150337219238 484.629501342773 490.005905151367 646.160043716431 668.96997833252 654.806751251221 654.978668212891 688.081066131592 677.571174621582 676.59693145752 523.14680480957 574.768207550049 692.470603942871 606.304733276367 582.692951202393 661.338790893555 522.404838562012 542.114288330078 543.359970092773 486.706436157227 559.672348022461
543.399688720703 489.968078613281 622.480432510376 750.719497680664 768.354858398438 806.837631225586 690.839776992798 532.79328918457 489.22265625 635.646739959717 584.824387073517 644.35938501358 730.753288269043 625.369426727295 656.401361465454 531.780426025391 643.282283782959 736.857902526855 640.76762008667 761.440101623535 800.860679626465 695.506213665009 673.112239837646 613.987319946289 616.397262573242 697.187034606934 540.804683685303 814.660171508789 769.791381835938 499.847717285156 598.895637512207 680.145294189453 503.163604736328 630.085216522217 575.635375976562 485.912475585938 618.838945388794 599.392022132874 715.287467956543 757.96662902832 671.916591644287 725.817489624023 540.552368164062 535.875816345215 518.853660583496 695.585800170898 519.473281860352 544.82421875 703.412521362305 625.973051548004
583.144785881042 580.227516174316 662.157262802124 813.920883178711 656.151557922363 604.910070419312 631.837471008301 636.095609664917 638.820852279663 559.866333007812 644.293922424316 704.498645782471 602.707706451416 736.494781494141 636.6415155828 493.706237792969 508.003379821777 736.950611114502 762.643516540527 887.355491638184 758.981704711914 734.735145568848 681.092300415039 670.122207641602 604.240829467773 670.569217681885 561.201930999756 698.587593078613 841.538314819336 685.739292144775 556.307228088379 546.999420166016 527.516662597656 490.499778747559 498.886161804199 565.767803192139 649.155902862549 625.5496301651 731.845802307129 624.52041053772 591.156585693359 530.0224609375 588.649433135986 509.98876953125 671.207374572754 631.366165161133 520.054618835449 768.425422668457 523.965682983398 573.416198730469
537.792869567871 556.790473937988 673.889579772949 587.742034912109 642.283679962158 548.278839111328 676.549785614014 699.572395324707 644.169343948364 626.614101409912 767.158645629883 671.003982543945 698.042816162109 641.606926560402 640.504205703735 503.519897460938 616.978361129761 600.453071594238 610.944381713867 706.509521484375 740.743286132812 741.888690948486 758.333625793457 651.983444213867 714.952239990234 765.048599243164 626.986074447632 785.906631469727 709.812721252441 748.440071105957 501.785606384277 471.803649902344 870.860530853271 651.973518371582 583.629448890686 648.97779083252 495.248588562012 577.325548171997 759.148384094238 601.28423500061 578.997585296631 598.115966796875 586.396434783936 473.924942016602 565.272148132324 665.051670074463 659.142936706543 561.618515014648 494.315658569336 672.077260971069
682.25968170166 577.598503112793 709.774864196777 556.61149597168 616.866353034973 575.409648895264 615.266313552856 798.282592773438 760.477787017822 622.327812194824 647.938679695129 702.25887298584 668.281959533691 574.890678405762 728.440910339355 724.572578430176 657.144094467163 668.085287958384 634.348175048828 676.743530273438 619.438980102539 865.496480941772 1112.18836593628 894.453048706055 767.462364196777 656.877334594727 600.411811828613 562.341753005981 542.383270263672 542.129093170166 604.940525054932 794.511459350586 689.800106048584 695.099487304688 704.377143859863 613.516964912415 572.165809631348 584.911170959473 607.236326694489 726.098281860352 701.586357116699 644.756290435791 689.301204681396 609.729158401489 565.029499053955 546.11897277832 648.839089393616 541.744659423828 667.100700378418 648.521461486816
563.585369110107 734.978408813477 627.783624649048 595.151386260986 605.913932800293 670.652423858643 577.237529754639 769.726177215576 669.104912877083 591.43542098999 648.701370239258 629.180486679077 676.183191299438 813.844390869141 726.528457641602 641.089925765991 646.854560852051 646.036680221558 723.858972549438 635.895637512207 523.658813476562 790.485958099365 608.406326293945 669.496021270752 878.8681640625 788.072250366211 1046.98380661011 732.238133907318 608.482139587402 541.99488067627 517.623405456543 746.815464019775 675.296348571777 672.495044708252 663.776905059814 646.490697383881 641.496348381042 641.183305740356 622.639347076416 677.983215332031 707.893211364746 605.072457313538 688.231704711914 615.818576335907 533.694122314453 517.890525817871 718.835037231445 713.8779296875 740.007110595703 685.012519836426
831.090545654297 698.612716674805 739.617469787598 695.01318359375 570.649402618408 558.962631225586 500.581924438477 561.763206481934 673.299124717712 762.139766693115 689.34122467041 600.076642990112 727.364826202393 727.319522857666 688.668437004089 753.399429321289 620.903455734253 462.011642456055 692.4873046875 606.850891113281 724.625668525696 760.445295333862 658.533531188965 573.332153320312 673.462203979492 551.853378295898 718.265151977539 847.251428604126 822.326802253723 486.776031494141 1068.59886169434 528.992088317871 613.097462654114 684.146114349365 583.972148895264 512.784851074219 581.408668518066 640.831783294678 712.00691986084 639.883664369583 662.076305389404 745.535652160645 740.026817321777 667.600009918213 754.581390380859 600.214849472046 694.87232208252 647.183300018311 709.274490356445 633.63106918335
726.413993835449 787.731414794922 894.168975830078 740.669357299805 579.039081573486 510.795684814453 465.345123291016 538.751205444336 758.906509399414 736.195064544678 701.114431381226 711.818031311035 612.012170791626 651.838858604431 636.231414794922 674.134311676025 602.06556892395 460.37109375 851.60440826416 744.434051513672 760.125709533691 789.931338310242 613.069374084473 789.242084503174 729.453256130219 836.253894805908 787.960216522217 956.338308334351 1032.76610565186 772.500282287598 707.157215118408 702.327568054199 630.220581054688 624.680473327637 719.874519348145 598.463760375977 538.268829345703 568.348014831543 623.374416351318 624.213270187378 633.646071434021 644.950112581253 534.25732421875 605.176633834839 588.534440994263 699.156372070312 648.422367095947 643.646064758301 639.39967918396 515.467399597168
533.348133087158 641.470342636108 764.460311889648 680.455078125 665.116413116455 664.86026763916 544.77889251709 585.385517120361 733.025825500488 816.207176208496 652.409847259521 714.099990844727 747.873153686523 604.214469909668 543.114166259766 502.747314453125 491.244842529297 501.872772216797 515.418869018555 781.032085180283 828.102935791016 1020.56605529785 708.785343170166 740.53337097168 754.137950897217 773.103946685791 768.450201034546 809.817947387695 1152.07720947266 1169.20582962036 844.72233581543 628.677234649658 852.260856628418 815.393901824951 715.647560119629 566.20531463623 740.431167602539 754.555320739746 638.610173225403 621.998491287231 844.350509643555 523.864181518555 518.191787719727 438.520706176758 615.456878662109 736.590263366699 636.209128856659 646.389045715332 683.576694488525 595.705047607422
634.812406539917 667.972496032715 783.398941040039 642.646289825439 687.97331237793 663.0260887146 624.790090560913 559.247184753418 725.616806030273 732.965780258179 673.775978565216 650.439184904099 679.828887939453 642.425484657288 684.042499542236 551.099906921387 533.103309631348 585.259624481201 490.053283691406 649.740081787109 639.238578796387 825.434351444244 817.289224624634 838.296262741089 903.837905883789 858.420234680176 764.08948135376 822.051120758057 1224.89558410645 1184.11068725586 1237.44973754883 1036.05612182617 932.594528198242 848.931583404541 786.081344604492 592.879920959473 692.848377227783 661.996449947357 621.645294189453 661.06007194519 650.974010467529 556.662071228027 616.199438095093 619.485294342041 565.180015563965 702.156799316406 658.991083145142 681.336284637451 661.55867767334 662.045509338379
580.396034240723 522.295028686523 683.270069122314 766.816711425781 619.383189082146 690.740829467773 710.207588195801 694.198455810547 676.245328903198 703.909990310669 592.38550567627 504.388717651367 693.20915222168 702.608570098877 765.802459716797 463.035400390625 567.999061584473 670.325658798218 753.990341186523 657.236845016479 613.990235328674 658.927297592163 581.223968505859 715.783864974976 846.769836425781 822.825859069824 900.516891479492 846.937164306641 744.887794494629 970.719177246094 1007.46781158447 1299.70140838623 1194.86804199219 1029.78028869629 1327.01864624023 825.332927703857 792.504867553711 624.992977142334 683.453117370605 824.458129882812 674.875993192196 535.015579223633 680.479824066162 636.290266036987 756.75707244873 746.673728942871 695.586639404297 592.015560150146 673.859512329102 656.869123458862
513.552261352539 666.051864624023 580.316791534424 588.253223419189 646.771570205688 725.094223022461 732.059059143066 750.170272827148 508.528373718262 587.366111755371 718.052947998047 637.687145233154 665.427110671997 626.016717910767 799.10791015625 657.600273132324 416.942581176758 636.889037132263 625.701095581055 748.301124572754 723.154876708984 728.171730041504 733.167091369629 699.222785949707 637.905912399292 847.893325805664 777.491652965546 776.602733612061 826.431243896484 856.557041168213 657.527179718018 798.91357421875 946.621406555176 1085.47413063049 1034.81327819824 1160.23672485352 795.786972045898 654.712727546692 668.917280197144 639.817878723145 692.011465549469 552.054473876953 522.121658325195 503.790084838867 755.759399414062 537.690269470215 606.633453369141 666.561952114105 578.335403442383 472.47932434082
655.015453114174 628.593372344971 656.770955085754 690.055206298828 660.66040802002 676.7985496521 779.581420898438 674.198379516602 655.449220657349 737.187576293945 849.266052246094 713.379121780396 743.89631652832 529.588088989258 692.968730926514 652.89692401886 552.497772216797 570.879951477051 691.341869354248 712.603454589844 724.332595825195 726.615684509277 708.686908721924 830.718170166016 642.776429176331 838.606140136719 611.882469177246 757.428451538086 851.162189483643 584.891929626465 651.729522705078 700.795234680176 988.634292602539 1300.95931625366 1025.45227050781 1347.01840591431 823.354682922363 582.958442687988 551.359901428223 582.651901245117 633.066304206848 701.028942108154 506.939559936523 561.509002685547 399.726852416992 331.93408203125 557.574684143066 522.288459777832 584.650310516357 608.153120040894
529.228286743164 679.679279327393 776.566421508789 556.982192993164 641.001028060913 595.880661010742 685.140724182129 825.37321472168 797.852005004883 787.684417724609 801.853561401367 691.853650093079 713.105186462402 706.121250152588 649.795857429504 459.609115600586 678.570425033569 670.030693054199 662.37281036377 723.595329284668 798.999130249023 679.488475799561 600.545936584473 677.227825164795 754.159645080566 797.383010864258 577.266380310059 657.844472885132 850.014526367188 785.746864318848 499.523071289062 564.934066772461 986.154098510742 1272.77892684937 1036.11684417725 1048.310546875 913.328720092773 824.956050872803 646.658424377441 462.993659973145 632.048223495483 654.01616859436 747.876304626465 587.922180175781 662.300659179688 479.48356628418 461.236709594727 582.044059753418 708.921112060547 641.881393432617
700.186391830444 495.260772705078 659.271045684814 593.12668800354 849.320922851562 621.315074920654 545.338150024414 676.701679229736 642.582963943481 617.889705657959 641.508237838745 743.940330505371 628.664581775665 714.055862426758 509.456451416016 625.536920547485 647.862767219543 622.361354827881 799.137756347656 646.833708643913 740.059478759766 575.524253845215 677.784297943115 597.906475067139 724.505130767822 552.837814331055 535.408325195312 741.745796203613 726.279937744141 801.605125427246 607.329235076904 726.022068023682 987.795989990234 857.509865045547 1028.49922275543 942.468399047852 859.634768664837 797.892267227173 905.793518066406 658.539016723633 734.486392974854 674.463356018066 696.907501220703 600.091262817383 855.502025604248 833.718368530273 822.713531494141 905.62092590332 570.422248840332 509.93994140625
700.937557220459 622.930656433105 657.696711540222 679.664632797241 663.941131591797 653.791416168213 727.170379638672 620.888907432556 684.072997093201 479.860610961914 600.622436523438 823.865173339844 781.526779174805 637.369479656219 635.509716033936 651.606006622314 732.079383850098 601.99104309082 686.688911437988 644.327202320099 609.27063369751 735.541625976562 730.382820129395 662.158224105835 576.776237487793 750.640441894531 743.558437347412 679.210362434387 607.26872253418 626.131912231445 772.162216186523 747.450775146484 804.933885574341 742.216294288635 770.972340464592 787.872917175293 645.112358093262 751.78736114502 761.604351043701 786.800254821777 758.821174621582 667.958148956299 613.118881225586 670.21960067749 705.866287231445 760.245796203613 877.953430175781 888.707206726074 884.930709838867 494.960601806641
724.203929901123 692.969631195068 815.411819458008 703.165706634521 598.728179931641 710.312347412109 639.849281311035 705.756072998047 664.295024871826 671.628646850586 557.192771911621 656.927155971527 762.525581359863 703.935764312744 728.933303833008 750.650566101074 731.36678314209 659.612500190735 562.74112701416 615.106351852417 671.918083190918 622.960577011108 712.86661529541 560.338897705078 516.963943481445 618.33101272583 610.988597869873 826.074813842773 555.239784240723 626.172437667847 605.772537231445 762.444633483887 702.083619117737 646.924908824265 829.901229858398 866.44775390625 662.110489845276 724.371676445007 673.479904174805 826.633193969727 708.445022583008 811.720596313477 743.435417175293 842.925682067871 836.382308959961 912.949293136597 719.61181640625 907.655113220215 751.421188354492 678.469996452332
656.163726806641 609.255157470703 783.230842590332 637.745933532715 522.381500244141 589.178455352783 750.817718505859 776.533630371094 642.742534637451 780.063095092773 663.589859008789 495.881713867188 609.917491912842 661.44632434845 731.899948120117 650.404569625854 766.892349243164 760.647514343262 789.133781433105 514.188148498535 602.217346191406 706.517066955566 633.648832321167 655.122519493103 624.510575294495 700.679731369019 603.248310089111 799.379425048828 1098.60662841797 679.471231460571 645.224185466766 658.855224609375 634.281272888184 773.037887573242 630.039100646973 783.03621673584 715.811958312988 593.732650756836 656.808792114258 597.80876159668 515.340057373047 686.00622177124 842.555267333984 782.98461151123 712.226432800293 909.425266265869 870.352981567383 1144.00217056274 996.700059890747 1080.48588562012
