simdem/realisation11.asc
NCOLS 350 
NROWS 171 
XLLCORNER 152620 
YLLCORNER 418050 
CELLSIZE 100 
NODATA_value -9999 
[rows 22 to 43 of 171, columns 250 to 299 of 350]
839.191597938538 779.585206985474 855.229038238525 879.988344907761 803.844108581543 769.911361694336 987.135238647461 1019.67190551758 958.11840057373 871.248512268066 756.155191421509 560.21622467041 545.462280273438 562.618560791016 604.459030151367 716.056427001953 833.607644081116 776.113658905029 824.668357849121 765.656854629517 655.870208740234 618.34228515625 560.188999176025 820.54242181778 952.523452758789 820.851001739502 772.990877151489 769.827026367188 799.076873779297 1001.70584106445 833.887771606445 -9999 -9999 -9999 -9999 -9999 -9999 -9999 -9999 -9999 -9999 -9999 -9999 -9999 -9999 -9999 -9999 -9999 -9999 -9999
915.842170715332 652.715782165527 644.793731689453 827.580171585083 841.992626190186 718.644287109375 1000.5380897522 1108.53167724609 1077.15932655334 988.851253509521 1047.26670837402 643.835464477539 851.448944091797 623.738388061523 608.909301757812 793.702072143555 671.492858886719 772.9501953125 681.418598175049 908.792785644531 701.802949905396 674.737342834473 593.666086196899 503.67155456543 667.180500984192 733.143775939941 807.699207305908 932.49144744873 683.819923400879 849.377105712891 584.334823608398 1018.73693180084 978.721374511719 755.846370697021 -9999 -9999 -9999 -9999 -9999 -9999 -9999 -9999 -9999 -9999 -9999 -9999 -9999 -9999 -9999 -9999
807.987434387207 1125.77967834473 1042.05928039551 770.960647583008 772.108406066895 715.239944458008 883.100858688354 1020.5924987793 1026.55345153809 931.640430450439 746.500045776367 854.064346313477 890.335487365723 832.403166979551 772.356880664825 767.387245178223 962.040630340576 979.431510925293 766.824851989746 988.551971435547 944.658004760742 892.643592834473 833.674743652344 566.560443878174 587.773948669434 613.805179595947 848.354598999023 907.149566650391 985.41731262207 743.68372631073 911.008591651917 889.219535827637 808.670768737793 629.5930519104 940.231185913086 1026.21893119812 982.992057800293 -9999 -9999 -9999 -9999 -9999 -9999 -9999 -9999 -9999 -9999 -9999 -9999 -9999
700.512031555176 754.45206451416 799.450888633728 714.404108047485 723.966102600098 892.184989929199 923.311755657196 1048.93312072754 964.06031036377 857.424896240234 972.96549987793 900.920532226562 846.406723022461 871.591369628906 1061.1577835083 877.331745147705 927.435914993286 850.486446142197 807.950843811035 939.959308624268 1023.07447814941 1060.99076843262 1099.92329406738 1104.84809875488 648.382751464844 641.178329467773 848.785568237305 815.027992248535 975.782089233398 883.776193618774 790.699417114258 1001.8903427124 719.658847808838 683.214832305908 1037.40594482422 1037.04681396484 891.64665222168 884.159759521484 750.871686935425 647.198974609375 735.716949462891 -9999 -9999 -9999 -9999 -9999 -9999 -9999 -9999 -9999
832.557643890381 775.793464660645 846.102443695068 874.419090270996 885.626022338867 989.335426330566 834.355136871338 872.45189666748 813.915048599243 847.189315795898 871.05153465271 1048.00344848633 1094.87763977051 1235.52555847168 907.482276916504 941.451438903809 1065.00611877441 721.395065307617 840.829055786133 893.712361335754 814.563129425049 899.587572097778 1115.63304901123 1194.72159576416 1043.93310546875 1053.31885528564 996.539047241211 982.95532989502 1053.35306549072 974.263130187988 774.13257598877 881.154327392578 921.646903991699 544.078277587891 588.373865127563 912.02289390564 802.828155517578 816.251449584961 736.421157836914 742.715614318848 702.615413665771 662.651054382324 1022.16957092285 974.807493209839 1236.81767272949 -9999 -9999 -9999 -9999 -9999
848.142288208008 687.599472045898 825.422658920288 830.684051513672 828.847381591797 869.434213638306 1288.65228271484 733.922332763672 920.768778800964 809.783050537109 758.552307128906 772.17765045166 697.721099853516 2105.38397216797 887.842918395996 994.49942111969 871.654502868652 888.566184997559 825.897933959961 727.658554077148 880.053186416626 832.653961181641 760.754760742188 1053.93858718872 1136.49170684814 1049.03685951233 995.802816867828 974.729261398315 1029.82626342773 861.902351379395 855.753433227539 913.034101486206 793.90726184845 711.118621826172 638.501235961914 528.236114501953 950.246307373047 886.167598843575 777.515991210938 640.850471496582 748.067604064941 712.478889465332 927.722764968872 855.768997192383 897.330966949463 873.82772064209 829.663269042969 754.924606323242 682.808219909668 802.317649841309
784.889179229736 782.76099395752 884.165458679199 887.054039001465 830.708763122559 836.562688827515 926.733497619629 766.545028686523 804.355474472046 815.767687559128 632.269287109375 683.118347167969 686.241241455078 1867.65219116211 760.945678710938 725.970100402832 696.458755493164 792.336692810059 643.689590454102 772.915573120117 879.477416992188 684.154457092285 957.307308197021 939.436813354492 1114.99755859375 874.372243404388 1063.86619567871 958.123099803925 943.372035980225 859.524421691895 924.878299713135 903.485594987869 1126.06030273438 666.167362213135 781.556304931641 523.757965087891 880.568411827087 746.067092895508 729.149726867676 868.114339828491 719.998725891113 694.503974914551 705.383377075195 778.033058166504 800.476409912109 819.014724731445 836.985054016113 634.340225219727 695.655517578125 788.272115826607
936.28963470459 677.318542480469 877.147315979004 821.421404838562 969.82649230957 984.624618530273 866.740455627441 1015.65744018555 805.601177215576 888.08483505249 676.380035400391 526.853988647461 985.219970703125 561.902633666992 759.734489440918 810.405700683594 776.69132232666 798.020767211914 829.28475189209 617.149459838867 803.587055206299 841.801986694336 851.542602539062 747.699096679688 931.088356018066 1524.95314025879 987.486003875732 1163.55571746826 982.460166931152 947.576530456543 865.197883605957 939.450603485107 1036.2260723114 654.335510253906 800.451637268066 979.947247505188 1039.75779342651 882.234786987305 835.954895019531 860.843056678772 835.066509246826 840.446578979492 849.008735656738 823.319721221924 692.571319580078 843.202869415283 550.314708709717 539.009879350662 569.683029174805 851.359928131104
808.021896362305 897.824653625488 767.356998443604 872.923064231873 722.867340087891 792.6468334198 793.803308486938 796.24257850647 864.870349884033 727.254699707031 664.153564453125 444.79541015625 1313.17468261719 589.159790039062 675.622375488281 783.857368469238 821.171836853027 952.570953369141 1036.79412841797 835.108183860779 841.846601724625 795.065322875977 754.181884765625 793.715167999268 828.830714225769 966.763214111328 876.732444763184 739.862548828125 915.518768310547 937.924209594727 924.818592071533 1154.47059631348 940.689651489258 887.317481994629 928.118637084961 945.840133666992 1071.02968597412 983.757204294205 957.645121574402 1103.00807189941 1000.4035949707 1046.79496765137 983.970695495605 974.000769615173 885.075575828552 743.706928253174 535.599700927734 519.716239929199 669.538848876953 1007.94171905518
882.616714477539 711.176864624023 743.996864318848 922.79296875 832.967010498047 828.946884155273 713.136405944824 782.521520137787 827.557521820068 655.292266845703 870.988471984863 1206.7915096283 735.017158508301 648.802932739258 702.891090393066 623.36833190918 773.245452880859 1005.69667053223 875.005741119385 852.689683914185 799.402048110962 802.839217185974 787.63715171814 807.440551519394 762.952098846436 824.165782570839 836.155403137207 757.905109405518 765.393245697021 822.488899230957 886.113063812256 812.111856460571 802.523015975952 860.740447998047 1100.53676605225 1008.78130340576 907.672527313232 921.44376373291 954.397720336914 1479.66580200195 944.299346923828 1117.68090057373 994.905111193657 1033.0263671875 915.766520500183 789.577096939087 762.150024414062 527.57682800293 702.007766723633 1213.56225585938
705.919017791748 605.119995117188 799.940614700317 723.186555862427 829.830230712891 917.130401611328 680.49927520752 835.375816345215 843.293556213379 727.527328491211 871.646530151367 1513.47898292542 788.057699322701 699.772560119629 769.777918815613 763.182300567627 755.594360351562 876.359046936035 930.954345703125 805.668571472168 732.614646911621 731.358020782471 808.909328460693 822.96569442749 828.59375 688.341484069824 709.132423400879 777.812511444092 794.192735671997 802.694330215454 866.447858810425 751.3039894104 758.217205047607 971.248840332031 980.798797607422 919.795738220215 931.771530151367 836.982212424278 882.438932418823 768.593200683594 790.609502792358 763.492660522461 938.140066146851 1454.78850841522 819.710105895996 927.169227600098 1132.07251739502 1053.53673553467 1078.76171875 1072.64440536499
741.649541854858 646.283149719238 820.493827819824 854.794944763184 753.790969848633 906.360137939453 884.772987365723 695.795043945312 723.460968017578 755.585678100586 1075.35753440857 703.13126373291 901.813049316406 747.421123504639 737.246898651123 735.972343444824 666.546127319336 837.445882797241 663.314186096191 727.425270080566 910.450408935547 650.828773498535 806.147338867188 841.00435256958 758.672210693359 705.331287384033 742.018039703369 784.692255020142 753.756288528442 776.963045120239 989.149948120117 992.68115234375 850.499755859375 830.118216991425 787.940322875977 912.597709655762 863.916362762451 821.22451043129 858.115705490112 872.971126556396 671.946304321289 754.83162689209 785.161750793457 797.288360595703 1333.79693603516 750.721031188965 895.412929534912 885.321731567383 1126.4879989624 964.299850463867
833.879383087158 778.467818260193 915.818984985352 779.438957333565 863.030952453613 600.545654296875 772.242767810822 860.222106933594 718.309986114502 1068.87364196777 720.772414207458 910.324829101562 760.649410247803 771.864814758301 729.099006652832 948.462993621826 921.489501953125 807.480318069458 862.180908203125 807.111530303955 789.709726333618 861.17350769043 761.215686798096 783.179025650024 881.71671295166 710.500713348389 760.683885574341 823.132683753967 744.258605957031 829.502132415771 881.149116516113 923.792259216309 760.342193603516 869.563770294189 785.788624763489 877.935180664062 876.665103912354 901.018753051758 810.351432800293 618.647598266602 695.786674499512 651.927825927734 609.338027954102 649.241989135742 746.991188049316 1326.21685791016 982.982139587402 1101.97824859619 1126.53738021851 998.181785583496
719.249332427979 727.346700668335 845.002853393555 708.403369903564 700.578155517578 748.963287353516 756.327226638794 778.278783619404 668.409317016602 622.951713562012 821.834690093994 859.193634033203 716.321430206299 783.247999191284 728.059374094009 890.618148803711 1029.54522705078 1017.40323638916 816.483053684235 788.638672888279 965.568542480469 800.183301687241 817.473472595215 911.370498657227 810.480586051941 758.704803466797 840.341890335083 776.414817810059 753.463985443115 885.083961486816 857.602920532227 702.640625 773.771488189697 831.089579105377 901.367729187012 897.231266021729 826.427471160889 826.674175262451 745.424018859863 689.53002166748 700.687797546387 699.756614685059 647.488418579102 597.763885498047 664.747802734375 853.164047241211 789.83617401123 1377.84131622314 1089.73667526245 852.610069274902
719.299976348877 734.447716712952 809.80721282959 716.060176849365 788.349224090576 754.49760055542 647.237045288086 773.720690727234 1000.8664932251 643.127731323242 764.28862285614 850.811279296875 663.459602355957 792.430507659912 1184.47756195068 891.010015964508 938.21817779541 1108.42483520508 1291.14929199219 1038.93421936035 843.132066726685 864.882565021515 849.440372467041 823.021987915039 788.511109352112 932.390434265137 828.052003860474 993.395004272461 854.035850524902 897.322578430176 818.367676377296 724.866157531738 816.95026922226 771.426975727081 763.337882995605 875.600788116455 837.546510457993 784.634769439697 836.183689117432 743.72590637207 663.723297119141 720.542953491211 705.912307739258 644.331741333008 781.485443115234 802.632305145264 918.806135177612 905.903785705566 990.274314880371 1064.29706192017
869.196166992188 829.428985595703 793.242332458496 878.998443603516 809.547210693359 891.655319213867 736.250633239746 925.777605056763 723.248128890991 701.309577941895 771.181519508362 916.306793212891 824.753482311964 883.199890136719 1014.2777557373 756.926559448242 744.399932861328 745.98624420166 1414.51357603073 909.81681060791 827.77703666687 875.324722290039 829.577388763428 855.980743408203 829.813299179077 739.481880187988 829.515701293945 906.499610900879 909.102409362793 790.116348266602 785.083862304688 783.391611099243 858.803569793701 736.21142578125 912.140251159668 892.494834899902 866.649642944336 857.134880065918 849.351829528809 814.705429077148 762.181476593018 774.822994232178 684.993118286133 663.947555541992 886.488269805908 781.774353027344 823.699440002441 688.02799987793 794.629699707031 1009.74676513672
826.94660949707 715.879063606262 858.167816162109 783.759502410889 813.310989379883 883.519409179688 876.774696350098 700.691371917725 703.355018615723 610.222679138184 1290.39185523987 1057.92950439453 1274.85723495483 894.324600219727 775.99951171875 708.213363647461 745.832855224609 1664.54262399673 848.360176086426 1292.01681518555 1294.91238975525 783.514122009277 804.909091949463 845.665641784668 831.832023620605 772.350515365601 885.093982696533 830.01203250885 895.064460754395 852.328422546387 830.451079368591 1000.01846313477 917.419258117676 961.694869995117 852.560848236084 755.604293823242 939.986862182617 817.943159103394 777.571952819824 784.701210021973 694.763961791992 848.727344512939 707.236503601074 796.801212310791 820.475275039673 839.390018463135 892.829772949219 778.282402038574 964.806274414062 893.360093593597
677.504493713379 605.26611328125 828.336204528809 897.504638671875 755.158908843994 845.876556396484 928.478424072266 652.41429901123 580.539581298828 828.201370239258 760.023431777954 903.206953048706 759.200401306152 1181.85809326172 1200.0572052002 894.91512298584 509.083587646484 623.324096679688 818.231691360474 866.601593017578 980.45813369751 686.280197143555 826.363300323486 630.369537353516 807.941942214966 937.045822143555 809.660710334778 757.485977172852 919.556396484375 1083.67372131348 879.760924339294 929.372894287109 837.368967056274 905.55704498291 743.249839782715 616.729141235352 533.286468505859 741.982067108154 719.55493927002 752.251365661621 717.341743469238 811.967140197754 764.681968688965 836.515533924103 869.217472076416 841.819913864136 863.778232097626 829.765694618225 924.455200195312 838.713201522827
771.59610748291 748.392387390137 810.663246154785 755.073959350586 612.37068939209 745.800384521484 681.520240783691 702.55380821228 604.451225280762 665.672142028809 784.1960105896 900.589221954346 808.786094665527 890.331279754639 845.16487121582 1104.22852706909 629.124740600586 1076.71570253372 695.079238891602 810.24214553833 719.771011352539 757.942935943604 622.990600585938 776.665115356445 770.581870436668 828.837306976318 744.769493103027 725.323257446289 837.421697616577 859.979818344116 785.426864624023 746.463989257812 1000.59340667725 771.18444442749 745.275596618652 632.36457824707 722.448600769043 746.766448974609 813.940250396729 778.782695770264 1065.71655273438 712.199234008789 672.518478393555 871.682554244995 811.143760681152 879.933574676514 859.919715881348 928.85083770752 753.289688110352 860.371742248535
865.440246582031 694.651710510254 789.810056686401 733.995451927185 656.639205932617 926.664474487305 771.367630004883 710.035972595215 607.082160949707 805.215181350708 992.8366959095 1114.49926757812 629.686805725098 758.224030256271 657.025520324707 880.270645141602 839.598028182983 796.169370651245 845.540885925293 790.906257629395 680.718765258789 743.121406555176 785.073947906494 683.213005065918 618.952697753906 785.449715614319 725.301780700684 777.538084030151 1049.91062164307 969.705604553223 1208.2643661499 741.017707824707 813.392723083496 855.869812011719 836.670284867287 901.590188980103 1177.84946393967 806.710313796997 682.644256591797 802.265686035156 1200.65269088745 660.808334350586 745.726577758789 864.255640029907 711.985984802246 828.454023838043 806.572048187256 817.921726226807 848.848876953125 899.021209716797
869.710571289062 762.725070953369 765.353231430054 769.896089553833 875.223878860474 891.716949462891 710.708620071411 663.968887329102 557.251525878906 702.701812744141 1120.25931930542 1480.72325897217 719.730812072754 769.186868667603 780.193557739258 862.846252441406 708.807975769043 788.652030944824 862.182746887207 708.621967315674 718.465065002441 778.78762447834 739.995069503784 759.857531547546 714.806869506836 810.876270294189 866.009510040283 752.53731918335 683.960801124573 824.118949890137 712.272842407227 643.532897949219 676.553192138672 800.70287322998 854.288590431213 873.689659118652 818.829517364502 920.344207763672 779.74739074707 1204.56576538086 632.048934936523 705.517807006836 658.186950683594 878.13575553894 790.756893157959 831.959083557129 959.489471435547 901.070106506348 955.656661987305 882.527044296265
762.605304718018 758.445848464966 742.410797119141 806.664840698242 717.519213676453 651.978187561035 896.894424438477 732.401006698608 593.804931640625 861.825946331024 928.194961547852 804.587615966797 598.040390014648 618.896820068359 801.885623931885 910.33251953125 815.464519500732 632.619705200195 765.63952255249 780.631760120392 822.111625671387 680.339729309082 654.885856628418 647.580642700195 836.187568664551 696.854167938232 898.289772033691 778.663276672363 711.576286315918 1162.83697509766 792.715621948242 587.29468536377 784.850341796875 628.790863037109 701.89094543457 800.676773071289 806.127044677734 796.525169372559 780.003925323486 770.459259033203 682.620300292969 655.171798706055 878.060188293457 730.599632263184 831.269728660583 846.481792449951 833.954893112183 872.579835891724 1035.54769897461 1107.0387878418
