simdem/realisation74.asc
NCOLS 350 
NROWS 171 
XLLCORNER 152620 
YLLCORNER 418050 
CELLSIZE 100 
NODATA_value -9999 
[rows 88 to 109 of 171, columns 250 to 299 of 350]
888.539540290833 967.918924689293 948.582277297974 857.428527832031 649.327972412109 812.256393432617 534.006187438965 516.394760131836 784.164710998535 753.942230224609 806.966409683228 729.263736724854 573.353492736816 847.889755249023 768.539367675781 841.896667480469 648.260902404785 719.327465057373 666.60538482666 659.475078582764 625.983907699585 709.964202880859 510.260231018066 568.217712402344 597.68310546875 657.331563770771 671.884880065918 830.614124298096 802.822265625 804.650897979736 611.228858947754 709.728881835938 772.032901763916 740.043952941895 758.206912994385 727.40526843071 635.869812011719 627.801002502441 630.29190826416 636.648910522461 578.851486206055 621.379528045654 721.652587383986 879.837738037109 493.259536743164 708.053405761719 833.269226074219 632.169097900391 620.686447143555 695.864631652832
715.121658325195 851.110208511353 916.27547454834 855.321807861328 867.140854358673 836.958853721619 734.84671831131 728.175109863281 612.467163085938 890.317623138428 603.072143554688 800.025947570801 709.781219482422 774.309152603149 934.321266174316 775.706062316895 622.512344360352 733.72127532959 711.316246032715 730.144863128662 642.27063369751 635.599267959595 532.939224243164 564.197792053223 701.083128929138 677.93884563446 783.52547454834 770.999839782715 863.297317504883 811.769462585449 622.484725952148 705.855072021484 818.223384857178 586.407981872559 724.891708374023 745.557899475098 781.933933258057 602.454650878906 627.814323425293 524.742340087891 1279.59427642822 631.520854949951 642.501708984375 883.350082397461 960.485595703125 851.488869667053 810.636862874031 762.574199676514 815.203779697418 927.728904724121
796.138523101807 774.705360412598 695.949813842773 970.892570495605 982.876762390137 864.092544555664 893.46809387207 664.801519393921 712.867931365967 606.292449951172 668.217681884766 716.307220458984 591.487808227539 819.322286605835 734.542751312256 718.836837768555 618.405002593994 736.678020477295 599.845413208008 669.405376434326 783.224699020386 647.579257965088 643.070264577866 814.888290405273 808.348564147949 857.930767059326 955.296768188477 783.612411499023 797.593542098999 858.487907409668 761.263633728027 950.40552520752 712.700794219971 691.105563163757 639.100433349609 682.347286224365 697.860233306885 687.26263999939 552.522369384766 477.278396606445 827.047943115234 452.724151611328 703.630800247192 594.865386962891 908.559448242188 915.102554321289 1026.15520477295 869.346755981445 784.47066116333 1057.16677856445
805.525142669678 766.105020523071 814.089447081089 889.855912089348 1201.36094331741 1413.74591064453 686.249977111816 769.63018989563 682.724060058594 786.549682617188 678.620300292969 693.912384033203 597.346267700195 745.427143096924 665.659194946289 741.540008544922 859.952346801758 642.567470550537 661.420516967773 778.455279350281 876.316947937012 891.104705810547 806.858037948608 771.57458114624 947.060424804688 813.85809469223 872.899745941162 840.843240737915 900.438999176025 1379.42416381836 888.615821838379 729.073459625244 840.650802612305 702.602146148682 725.601345062256 653.199886322021 616.057216644287 516.608917236328 651.240161895752 542.517578125 864.860015869141 861.663269042969 411.03369140625 544.698745727539 605.348014831543 701.23086643219 826.261184692383 660.682647705078 965.114418029785 1263.91025543213
866.906852722168 822.160694122314 703.817127227783 783.485626220703 1096.80867767334 1007.30654907227 1092.85234832764 707.042627334595 791.711393356323 784.949317932129 923.447493076324 818.178131103516 766.982711791992 622.962982177734 669.507125854492 1157.18892669678 771.51944732666 731.86003112793 573.849853515625 800.708667755127 683.099937438965 731.712184906006 739.564338684082 866.338714599609 847.866165161133 729.899253845215 750.15202331543 797.398963928223 791.517692565918 935.642997741699 841.90552520752 764.947086334229 806.801258087158 825.746562957764 766.930568695068 626.452514648438 657.655571937561 650.546382904053 512.602294921875 329.399841308594 247.550628662109 1016.4462890625 521.893905639648 501.140548706055 637.715408325195 691.489921569824 763.991277694702 561.934967041016 706.782669067383 739.306594848633
844.142774581909 788.928344726562 952.712600708008 1072.6716003418 938.441219329834 920.714211463928 817.113803863525 870.403930664062 845.376893997192 1130.05215644836 1016.02047729492 723.704559326172 737.231826782227 797.669036865234 913.036041259766 509.26416015625 753.740242004395 778.343391418457 695.352729797363 730.914981842041 719.152328491211 885.125717163086 746.913288116455 862.718711853027 758.851340293884 848.741165161133 1001.28479003906 1140.80801391602 632.409713745117 749.815719604492 736.067039489746 929.909576416016 843.451946020126 858.722930908203 781.437225341797 833.61323928833 760.359008789062 688.852752685547 440.935348510742 415.575561523438 491.764556884766 1211.32885742188 621.990356445312 700.217926025391 648.534774780273 690.48014831543 721.348558425903 830.091082572937 809.997856140137 941.924896240234
765.099817156792 919.769668579102 1096.48357391357 1183.50479125977 905.568557739258 867.336845397949 827.960718154907 735.965156555176 818.355117797852 860.666732788086 1035.79668045044 896.670455932617 751.463417053223 928.037796020508 830.433578491211 543.176406860352 633.326728820801 602.570205688477 631.776168823242 738.494166374207 819.296669006348 799.793334960938 674.882816314697 777.73046875 725.373600006104 992.736328125 829.707416534424 905.531799316406 653.171691894531 821.896087646484 941.938079833984 825.513614654541 870.48721319437 962.583955764771 836.39916229248 828.978809356689 802.964851379395 750.765007019043 533.951522827148 460.141220092773 516.669570922852 672.964256286621 812.679859161377 705.163204193115 760.369220733643 733.913220405579 660.68522644043 865.522834777832 759.020629882812 775.313415527344
708.334922790527 868.530662536621 897.789762496948 941.889989852905 880.651266098022 830.173332393169 1193.19995117188 883.40160369873 770.423881530762 1029.31583786011 917.531326293945 1465.09140014648 1031.35569190979 865.485069274902 882.566152095795 961.22424697876 790.321022033691 748.096575021744 784.880798339844 771.481453895569 906.464645385742 867.031147003174 796.690635681152 857.014602661133 884.029327392578 1207.79733276367 917.203964233398 683.652420043945 755.240528106689 836.148334980011 1500.71067047119 697.304733276367 707.22200012207 865.003902435303 789.69856262207 865.623687744141 720.895370483398 735.654541015625 681.921875 781.82253074646 629.890167236328 651.889717102051 1306.03055381775 613.839416503906 707.837375640869 650.62943649292 1286.69923400879 776.792194366455 590.022750854492 844.665832519531
732.480422973633 1029.05905151367 878.563293457031 776.439376831055 1010.78367614746 954.427368164062 832.000871658325 824.973087310791 1261.79681301117 868.140174865723 661.018478393555 749.640640258789 821.029907226562 694.941062927246 805.5129737854 780.715530395508 637.357559204102 774.052490234375 675.778251647949 984.667198181152 973.129318237305 1214.94580078125 1133.15646362305 603.380081176758 817.413955688477 720.993713378906 585.440765380859 584.072357177734 648.504989624023 1515.01979064941 892.802558898926 761.828247070312 541.264221191406 814.050994873047 1132.02742767334 746.318344116211 753.420211791992 697.039680480957 800.830339431763 724.711753845215 733.598272323608 625.201156616211 1136.48851776123 670.835945129395 894.293151855469 731.905712127686 655.928642272949 723.555047988892 537.60334777832 921.284194946289
704.971374511719 788.664588928223 737.485420227051 899.346778869629 813.62186050415 885.783304214478 1005.88842010498 1028.85549926758 1235.98606872559 1274.58764648438 873.599924862385 773.132736206055 1359.24038696289 956.104164123535 701.251853942871 548.690017700195 734.650955200195 696.394691467285 790.294183731079 846.359077453613 903.138603210449 938.048842430115 699.8369140625 594.868896484375 523.202285766602 738.582336425781 815.704895019531 566.804122924805 667.42578125 1073.31831157207 783.262306213379 1461.96337127686 1332.01036071777 704.31120300293 734.341888427734 666.78596496582 820.549688816071 735.607383728027 875.761489868164 818.602088928223 791.480463027954 644.304931640625 812.648178100586 1542.89799499512 768.168678283691 800.190757751465 615.048721313477 548.671051025391 723.78768157959 903.632392883301
796.532150268555 1336.46955871582 1088.5082359314 733.403518676758 801.387578010559 937.71671295166 902.219329833984 1185.63376998901 952.135116577148 886.992050170898 804.241357803345 913.275847434998 809.178415298462 880.499373435974 529.050521850586 762.951721191406 808.635643005371 698.836837768555 655.977737426758 877.074523925781 870.108755111694 820.249841690063 741.291305541992 743.061706542969 335.931854248047 881.290740966797 1512.15884399414 856.396057128906 1233.10946655273 522.017059326172 895.687896728516 786.800262451172 806.396339416504 966.913284301758 806.152618408203 863.968183517456 878.296875 741.707122802734 745.282697677612 749.135704040527 745.954019546509 610.115173339844 960.693733215332 559.301544189453 420.128265380859 418.364074707031 563.411499023438 758.920799255371 738.679138183594 1094.9284362793
688.307846069336 661.05052947998 1369.18804931641 805.552551269531 824.155363082886 890.741584777832 1279.50115966797 1265.96100234985 917.544452667236 1107.32324981689 739.542697906494 1061.32769775391 1514.31634521484 1078.49622344971 877.053924560547 913.255630493164 827.522491455078 631.026550292969 765.180005073547 782.264928817749 1170.58532524109 651.650665283203 659.153747558594 537.905670166016 1242.49542236328 869.219345092773 821.251953125 1072.67758178711 1089.74456787109 533.692504882812 1024.3282623291 903.625381469727 778.780975341797 962.884902954102 868.339374542236 847.117631435394 809.416767120361 773.117926597595 767.244783401489 676.815326690674 734.409645080566 581.915523529053 797.274968147278 1074.90934753418 1427.13465881348 648.414894104004 698.231063842773 702.951148986816 817.717054367065 847.819370269775
1108.87818908691 618.95068359375 607.565551757812 776.195618629456 573.553253173828 1106.82305526733 764.60132598877 1139.83386993408 884.92818069458 811.731750488281 981.943939208984 814.082592010498 1060.75199127197 1035.29551696777 791.232391357422 782.811782836914 493.895812988281 436.466400146484 567.815643310547 770.979442596436 1214.45740509033 1242.73872375488 631.297973632812 827.617446899414 689.865478515625 1196.52215576172 777.384368896484 568.773315429688 1226.58578491211 698.437728881836 999.644302368164 714.445037841797 955.621572494507 903.090348243713 1005.81019592285 838.130823135376 782.237417459488 852.390365600586 704.025182723999 718.386169433594 831.146560668945 802.675750732422 878.352508544922 693.32731628418 609.649597167969 504.9140625 577.403182983398 697.027702331543 873.861705780029 793.851627349854
643.637825012207 649.418350219727 796.956298828125 717.770317077637 675.343864440918 1078.71174049377 939.74765586853 1035.38178634644 861.230422973633 842.951454162598 664.871315002441 938.630722045898 850.456411361694 796.486785888672 1056.49148178101 604.428756713867 477.693695068359 994.716125488281 584.937103271484 676.14729309082 1282.91690063477 677.507522583008 1159.22853088379 785.458992004395 685.806747436523 1021.19790649414 1200.25576782227 1728.65257263184 634.184234619141 1147.2193145752 873.827789306641 797.899925231934 953.158365249634 1006.62350463867 960.4013671875 956.999313354492 743.215587615967 894.58472442627 662.539627075195 717.28844833374 765.931488037109 717.03141784668 668.823017120361 775.778406143188 838.99153137207 699.783653259277 764.085163116455 849.253387451172 741.282211303711 834.18824005127
602.486038208008 821.269683837891 831.468154907227 791.551573991776 770.4320333004 754.645774841309 881.046840667725 1104.92378234863 705.099838256836 1502.35454559326 695.447456359863 1168.19765472412 1008.16885757446 806.734008789062 879.269222259521 888.186614990234 607.145446777344 456.655822753906 1356.24008178711 866.382953643799 1037.53707885742 815.987899780273 791.038482666016 1226.09502410889 1011.89194488525 800.475273132324 711.028701782227 1436.45669555664 1030.8697052002 635.380310058594 849.640472412109 1289.92398071289 922.54997253418 934.31298828125 928.847110748291 807.936756134033 672.630279541016 786.981964111328 620.624534606934 608.477912902832 696.141906738281 645.042457580566 596.944648742676 772.675609588623 731.224781036377 662.226348876953 767.992842674255 792.542392730713 743.389659881592 834.632913589478
648.274063110352 1159.21949768066 1180.50087356567 1003.43469238281 1324.65603256226 993.841371059418 1081.65075969696 928.220687866211 959.719245910645 781.451072692871 855.847007751465 815.501266479492 895.696210861206 1004.9253320694 910.599193572998 748.805374145508 1000.83898925781 690.122749328613 849.855655670166 1060.50201797485 718.065879821777 805.165412902832 805.770454406738 1135.78315734863 903.102947235107 861.541343688965 833.236480712891 691.631713867188 496.884338378906 569.319488525391 1193.65268707275 1108.02340698242 767.948448181152 722.567687988281 821.788173675537 808.541828155518 871.42752456665 852.012147903442 781.639238357544 672.17970085144 701.255889892578 722.904678344727 671.827020645142 895.968872070312 813.957431793213 711.778785705566 852.97639465332 776.275207519531 818.146183013916 783.075862884521
1029.18490600586 554.070129394531 845.455810546875 796.701448440552 752.163213729858 858.499900817871 827.291631698608 975.285797119141 934.884704589844 930.380844116211 909.561861038208 858.796346664429 843.706359863281 1186.86304092407 958.9202003479 930.862335205078 1010.35612487793 923.328517913818 789.543151855469 979.608985900879 809.660158157349 1194.79874038696 842.710941314697 702.22639465332 884.681941986084 798.719772338867 1041.09087371826 859.668960571289 1515.80088806152 1268.67697143555 1176.09422302246 905.099073410034 877.532337188721 864.175421714783 978.838607788086 929.448659896851 803.758728027344 909.432899475098 837.03755569458 835.473388671875 729.600189208984 633.418338775635 789.361038208008 726.709312438965 759.328680276871 1229.72319316864 908.527858734131 749.274607658386 692.253879547119 867.150504231453
690.130638122559 529.763366699219 671.753540039062 776.087287902832 750.518814086914 1128.49563217163 885.057929992676 1088.22552490234 1143.82612609863 1055.16022014618 856.443893432617 1301.28498077393 1369.025390625 878.155616760254 933.896698951721 923.042137145996 1127.77380371094 868.771915435791 987.597183227539 1142.93852996826 735.799156188965 917.877151489258 1311.76536560059 1265.04229354858 1044.90296554565 897.728057861328 975.957534790039 965.323852539062 882.943013191223 824.669176101685 768.023323059082 962.095817565918 868.307289123535 906.193298339844 856.390535354614 822.89909362793 896.886615753174 807.071449279785 965.329845428467 817.718494415283 840.427581787109 764.638258934021 683.933532714844 653.527448654175 766.943839073181 950.114685058594 805.650043487549 882.417045593262 829.638031005859 918.292277336121
818.48348236084 876.747970581055 1307.67695617676 969.368751525879 970.689964294434 1007.85510635376 887.220264434814 1264.9953918457 2071.04407119751 729.444425582886 1381.31531524658 613.025192260742 1127.28790283203 829.894668579102 917.468532562256 999.756988525391 927.098472595215 722.591407775879 730.114868164062 879.283562660217 897.807693481445 826.311920166016 713.823928833008 810.024127960205 752.427513122559 786.32087802887 787.559645652771 858.958258628845 842.628526687622 879.630012273788 952.725028991699 679.665740966797 855.487297058105 839.728038787842 837.530082702637 938.298236846924 992.950706481934 851.815536499023 718.632629394531 745.050598144531 812.507186889648 802.572445869446 675.141147613525 698.841425895691 631.018280029297 768.305572509766 832.20608997345 873.421996593475 800.936782836914 559.939697265625
775.443511962891 1041.81460475922 811.423431396484 778.78889465332 902.917182922363 1441.91255950928 1708.34396362305 1153.4240436554 882.308368682861 859.430950164795 1120.50918579102 838.599948883057 919.48099899292 864.204437255859 916.112613677979 1152.96716499329 980.378601074219 872.889236450195 622.220642089844 721.397033691406 1129.89119720459 688.065048217773 805.452495574951 894.79666519165 659.62744140625 739.70849609375 745.531478881836 735.991306304932 852.93504524231 883.592624902725 867.494655609131 731.788475036621 858.499591827393 943.814758300781 724.358417510986 897.157600402832 1082.57551574707 980.304054260254 777.475547790527 750.292007446289 732.964027404785 641.862743377686 710.602920532227 561.962779998779 734.920066833496 579.012496948242 822.964458465576 655.170875549316 619.380355834961 657.797370910645
712.530822753906 1102.10207366943 1139.00839233398 905.893567085266 921.211486816406 891.432289123535 958.426761627197 1504.33951568604 1465.48475646973 581.964660644531 829.140928268433 1048.92158508301 883.950094223022 1041.76149749756 1028.49272155762 983.540016174316 1069.8745803833 864.957042694092 1655.14298629761 1290.62822723389 935.851058959961 758.819534301758 697.164764404297 767.322738647461 806.912384033203 726.740646362305 663.358184814453 827.74959564209 752.450607299805 961.195314407349 901.301885604858 914.370655059814 703.402984619141 797.165367126465 939.432342529297 882.263862609863 842.361365318298 746.088335037231 645.268371582031 685.275276660919 908.87126159668 808.293769836426 823.652070999146 860.41682434082 656.860740661621 640.024337768555 704.714336395264 577.159225463867 717.311111450195 846.461380004883
775.844292640686 713.674911499023 659.380279541016 925.294548034668 1120.32022094727 964.749229431152 761.842811584473 1195.30082702637 1583.53085327148 713.463104248047 1270.78644561768 925.576797485352 975.122659683228 785.156929016113 892.242149353027 1104.45231628418 1026.65146636963 877.748008728027 1199.70953369141 1027.66635894775 1276.36854362488 834.680374145508 1000.10474395752 660.879211425781 688.177642822266 452.943084716797 773.523658752441 886.80538892746 979.030227661133 981.74641418457 898.029950600117 795.046350479126 825.642095565796 790.271125793457 887.667011260986 773.875537872314 795.447864532471 730.95170211792 882.584945678711 683.966354370117 785.767535209656 781.356903076172 728.217166900635 884.12385559082 826.865829467773 685.816349983215 782.590676307678 858.362976074219 803.699745178223 807.217384338379
