simdem/realisation86.asc
NCOLS 350 
NROWS 171 
XLLCORNER 152620 
YLLCORNER 418050 
CELLSIZE 100 
NODATA_value -9999 
[rows 88 to 109 of 171, columns 50 to 99 of 350]
402.532709121704 446.337009429932 481.385204315186 423.860554456711 518.691268920898 410.478645324707 507.368881225586 466.968902587891 446.26245880127 380.77294921875 465.263412475586 285.80530166626 294.913600921631 280.355178833008 405.48836517334 318.720901489258 319.983474731445 500.934669494629 405.124366760254 457.845336914062 427.533020019531 434.085330963135 472.077537536621 509.24201965332 244.188415527344 187.590530395508 195.373870849609 300.2724609375 380.724624633789 365.769889831543 393.644477844238 485.099718093872 569.389259338379 541.36149597168 494.644129753113 553.397649765015 659.8115234375 567.260536193848 536.152702331543 799.198440551758 695.918807983398 -9999 -9999 -9999 -9999 -9999 -9999 -9999 -9999 -9999
389.588130950928 415.535125732422 299.295104980469 496.867351531982 426.663524627686 586.485336303711 422.974048614502 467.375175476074 498.184371948242 458.291847229004 409.429023742676 228.962516784668 374.812833786011 495.066024780273 388.235246658325 332.224098205566 409.44221496582 576.742477416992 513.538459777832 539.791763305664 505.459442138672 503.836151123047 469.643482208252 448.120792388916 400.777945518494 392.107706069946 402.63916516304 454.475309371948 504.370780944824 357.233406066895 314.906860351562 473.544898033142 451.04846572876 462.52480506897 562.849975585938 618.000453948975 664.687911987305 486.318776607513 637.2971534729 611.60791683197 -9999 -9999 -9999 -9999 -9999 -9999 -9999 -9999 -9999 -9999
974.061264038086 458.696534156799 369.239356994629 560.141662597656 455.728837966919 456.878578186035 372.571403503418 533.735725402832 428.016780853271 409.739177703857 305.033191680908 313.717185974121 428.678840637207 350.833371162415 258.744842529297 359.054943084717 343.951976776123 431.924194335938 436.449729919434 433.304431915283 446.080410003662 353.249647140503 475.507331848145 401.156778335571 421.170431137085 361.161926269531 380.245262145996 422.322518825531 456.307209014893 343.305290222168 325.794250488281 617.748199462891 595.745208740234 569.625915527344 849.156665444374 733.450698852539 551.20930480957 489.834177017212 571.509378433228 581.672430038452 -9999 -9999 -9999 -9999 -9999 -9999 -9999 -9999 -9999 -9999
511.879692077637 915.231044769287 410.888477325439 564.99641418457 458.602640151978 391.692816734314 620.395812988281 526.626449584961 265.789108276367 478.753120422363 417.414169311523 317.939998626709 420.861152648926 293.787727355957 399.419023513794 388.86607170105 421.973438262939 340.539596557617 410.92823600769 324.226516723633 399.003261089325 425.231063842773 336.089492797852 314.256408691406 352.624675750732 530.833290100098 393.835399627686 337.847755432129 382.691287994385 486.757684707642 401.643074035645 553.302383422852 609.336639404297 586.211601257324 922.088920593262 584.622610092163 462.131339073181 501.821745693684 549.346874237061 -9999 -9999 -9999 -9999 -9999 -9999 -9999 -9999 -9999 -9999 -9999
335.364101409912 465.614322662354 745.635509490967 294.01838684082 474.863059997559 574.567558288574 660.175262451172 415.607080459595 269.514236450195 404.006317615509 500.743629455566 515.97388458252 495.700080871582 418.756900787354 192.616897583008 266.840896606445 403.189025878906 421.849628448486 494.184242248535 369.356586456299 418.598205566406 612.278839111328 455.014827728271 382.217174530029 444.562364578247 415.447898864746 421.375735759735 425.668968677521 301.272750854492 402.576820373535 365.12060546875 417.846866607666 469.207584381104 585.712600708008 620.645630836487 672.959938049316 515.754514932632 571.076698303223 437.311141967773 -9999 -9999 -9999 -9999 -9999 -9999 -9999 -9999 -9999 -9999 -9999
368.726139068604 326.471960783005 359.35213470459 858.088264465332 260.721768856049 446.758033752441 420.59190839529 400.136222839355 308.140312194824 324.11124420166 392.102479457855 311.968872070312 356.596141815186 246.171188354492 250.017303466797 348.938827514648 379.130611419678 328.321624755859 484.837272644043 442.418817520142 399.865097045898 386.126533508301 527.728416442871 478.717018127441 528.430267333984 403.445097923279 547.257606506348 272.760223388672 319.744918823242 418.731357574463 486.989761352539 525.699039459229 840.307067871094 684.541854858398 592.553154945374 603.662771224976 514.549167871475 575.00207901001 635.051662445068 -9999 -9999 -9999 -9999 -9999 -9999 -9999 -9999 -9999 -9999 -9999
272.573608398438 310.047545433044 528.54564666748 425.142417907715 605.11408996582 391.502998352051 387.592342376709 370.692161560059 434.256887435913 246.089279174805 268.162887573242 370.381807327271 382.599290847778 408.104930877686 374.221351623535 262.53450012207 429.707355499268 497.920524597168 349.050861358643 464.449878692627 381.675662994385 429.813896179199 563.69401550293 490.190322875977 530.865913391113 533.542549133301 544.833251953125 512.61408996582 452.687147140503 508.458183288574 476.122869968414 685.062080383301 696.580917358398 527.794876098633 539.395690917969 622.554538726807 527.724437713623 618.704173088074 -9999 -9999 -9999 -9999 -9999 -9999 -9999 -9999 -9999 -9999 -9999 -9999
408.442657470703 389.575927734375 279.536464691162 427.520889282227 357.229793548584 462.785926818848 394.118743896484 424.798933029175 432.986700057983 260.37028503418 253.98405456543 341.639663696289 416.260255813599 617.322189331055 465.975734710693 469.816844940186 499.559494018555 359.003242492676 549.816833496094 430.472186088562 336.726722717285 440.767440080643 468.594058036804 403.086845397949 518.907413482666 587.169189453125 474.212776660919 441.921384811401 384.201583862305 446.200031280518 605.355674743652 671.388854980469 557.215579986572 594.397136688232 580.644817352295 480.096725463867 492.4798412323 555.772441864014 -9999 -9999 -9999 -9999 -9999 -9999 -9999 -9999 -9999 -9999 -9999 -9999
347.004203796387 310.952602386475 185.893714904785 285.645964622498 501.485523223877 386.779739379883 447.454956054688 502.823692321777 477.096496582031 268.778518676758 296.375076293945 423.292499542236 377.216239929199 608.438339233398 438.926601409912 546.702972412109 273.809066772461 351.630325317383 487.003005981445 540.351348876953 333.926414489746 348.458602905273 488.465342998505 377.655136108398 392.99268913269 493.606949806213 440.415462493896 418.855052947998 362.936645507812 307.883773803711 479.706781387329 618.273223876953 539.856086730957 518.319959640503 614.953918457031 537.36018371582 433.289421081543 493.269035339355 -9999 -9999 -9999 -9999 -9999 -9999 -9999 -9999 -9999 -9999 -9999 -9999
240.059032440186 201.806640625 140.527755737305 526.165311813354 457.705017089844 583.446723937988 485.033485412598 527.13415145874 333.328922271729 421.395515441895 338.837013244629 403.605899810791 506.148487091064 591.242584228516 436.300653457642 475.628059387207 295.562698364258 275.595077514648 397.747787475586 417.726537704468 382.874317169189 737.817375183105 424.101318359375 452.889797210693 574.530851364136 279.410919189453 471.122388720512 414.656898498535 294.199432373047 238.819259643555 473.136177062988 493.115350723267 923.27311706543 772.678868293762 574.592668533325 490.235222816467 563.582901000977 -9999 -9999 -9999 -9999 -9999 -9999 -9999 -9999 -9999 -9999 -9999 -9999 -9999
509.97611618042 284.118557929993 560.124694824219 582.550276994705 665.641693115234 657.292831420898 529.79535484314 627.11116027832 526.300682067871 495.720607757568 551.650566101074 490.787628173828 502.211166381836 573.895263671875 510.194137573242 472.196910858154 358.193229675293 420.449512481689 244.511215209961 458.709949493408 446.924446105957 586.824106216431 582.668938875198 562.924113273621 370.036636352539 812.885392189026 324.36848449707 383.707176208496 266.966903686523 606.12646484375 495.106369018555 583.06254196167 720.297462463379 842.466812133789 545.37230682373 496.252466201782 567.869291305542 -9999 -9999 -9999 -9999 -9999 -9999 -9999 -9999 -9999 -9999 -9999 -9999 -9999
492.499961853027 493.737480163574 471.27172088623 579.159729003906 753.327621459961 676.859176635742 478.117736816406 572.585052967072 548.272541046143 536.282890319824 522.055282592773 555.292911529541 550.479698181152 463.221899032593 402.903732299805 445.688522338867 454.166305541992 440.150032043457 525.151393890381 440.864517211914 543.991341590881 615.340980529785 561.449588775635 609.233497619629 563.802872657776 533.213850498199 721.23558807373 583.216361999512 580.976409912109 605.89241027832 567.234375 644.148517608643 702.745328903198 582.621208190918 661.425521850586 533.670635223389 510.10400390625 -9999 -9999 -9999 -9999 -9999 -9999 -9999 -9999 -9999 -9999 -9999 -9999 -9999
558.242855072021 573.68837928772 479.426788330078 575.788082122803 579.377877831459 643.548240661621 458.722885131836 564.304418563843 616.342618942261 753.087280273438 632.023080825806 702.845077514648 632.818939208984 256.741928100586 384.119261741638 298.060180664062 488.769263267517 674.875885009766 520.404095649719 614.961250305176 704.902374267578 684.474868774414 551.378074169159 483.644958496094 597.507858276367 541.053966522217 408.371444702148 648.737862586975 652.783054947853 672.492789268494 707.06664276123 769.551315307617 629.886379241943 699.605934143066 539.04545211792 496.572326660156 552.001441955566 -9999 -9999 -9999 -9999 -9999 -9999 -9999 -9999 -9999 -9999 -9999 -9999 -9999
350.322162628174 569.282554864883 723.569396972656 613.53422164917 458.943000793457 504.717269897461 690.976493835449 586.441394805908 681.736183166504 636.764489173889 855.591110229492 700.803367614746 950.325332641602 489.358383178711 470.203552722931 737.211402893066 604.249809265137 677.680130004883 662.382621765137 580.075065612793 546.343042373657 552.957237243652 435.114669799805 485.220153808594 528.927261352539 495.956462860107 532.725734710693 510.209197998047 720.632263183594 651.328054428101 648.48509979248 677.409271240234 555.780921936035 483.666761398315 563.23743057251 421.257843017578 -9999 -9999 -9999 -9999 -9999 -9999 -9999 -9999 -9999 -9999 -9999 -9999 -9999 -9999
387.36563873291 516.954063415527 650.905612945557 583.090264558792 661.77985471487 655.971448898315 708.542476654053 708.427299499512 813.261581420898 697.364440917969 770.990943908691 717.670680999756 703.33373260498 777.03727722168 590.654426574707 612.260696411133 510.053943634033 567.990913391113 464.642570495605 556.268033981323 464.63631439209 575.369638442993 700.251686096191 732.953231811523 598.262977361679 625.205894470215 467.371894836426 583.856775283813 613.371967315674 599.872856140137 571.7470703125 595.489433288574 703.022674560547 735.675903320312 616.925447225571 -9999 -9999 -9999 -9999 -9999 -9999 -9999 -9999 -9999 -9999 -9999 -9999 -9999 -9999 -9999
482.642463684082 469.116287231445 566.137302398682 505.680229187012 513.346343994141 656.21174621582 615.051105499268 712.143341064453 794.288131713867 688.033378601074 418.149971008301 494.183753967285 557.54313659668 643.017669677734 386.32470703125 597.680160522461 500.777084350586 552.233655929565 541.259903043509 571.761905670166 492.440475463867 478.81566619873 756.18766784668 604.519733428955 631.25651550293 583.063163757324 474.325607299805 410.972629547119 486.682703018188 438.153202056885 445.490089416504 677.484474182129 581.689192771912 537.920745849609 -9999 -9999 -9999 -9999 -9999 -9999 -9999 -9999 -9999 -9999 -9999 -9999 -9999 -9999 -9999 -9999
814.382516860962 321.240272521973 110.390090942383 278.652183532715 217.110122680664 449.866344451904 350.76570892334 553.684329986572 480.979843139648 481.730922698975 516.79294334352 659.028244018555 525.487909317017 553.964771270752 548.731037139893 649.811706542969 670.816848754883 617.310287475586 568.774696350098 523.646127700806 535.847274780273 499.622592926025 631.344055175781 570.209988594055 516.049816131592 550.689350128174 445.402088165283 400.585647583008 487.834854125977 458.886247634888 598.515739440918 602.748664855957 522.304916381836 -9999 -9999 -9999 -9999 -9999 -9999 -9999 -9999 -9999 -9999 -9999 -9999 -9999 -9999 -9999 -9999 -9999
-9999 386.831085205078 912.01936340332 255.456085205078 282.637062072754 733.816921234131 264.250671386719 268.671783447266 402.199317932129 467.735046386719 403.868559837341 465.153789520264 318.90754699707 415.561305046082 441.594753265381 380.782390594482 462.22495508194 396.648080825806 430.715560913086 442.210751771927 349.866569519043 456.680962562561 347.90650177002 483.21300137043 454.991619110107 556.204727172852 583.043251037598 494.747428894043 444.583780288696 613.782634735107 596.05982875824 547.209506988525 -9999 -9999 -9999 -9999 -9999 -9999 -9999 -9999 -9999 -9999 -9999 -9999 -9999 -9999 -9999 -9999 -9999 -9999
-9999 -9999 -9999 -9999 689.244407653809 748.236236572266 452.998184204102 489.126449584961 828.467741012573 835.908658027649 567.689547538757 370.903617858887 478.162757873535 350.622497558594 289.290618896484 210.707931518555 394.631099700928 0.8974609375 -69.2543792724609 471.981365203857 541.92483830452 591.511138916016 474.62865447998 454.18864440918 419.327941894531 387.194808959961 533.716979980469 733.685729980469 501.610988616943 506.53589630127 -9999 -9999 -9999 -9999 -9999 -9999 -9999 -9999 -9999 -9999 -9999 -9999 -9999 -9999 -9999 -9999 -9999 -9999 -9999 -9999
-9999 -9999 -9999 -9999 -9999 -9999 -9999 -9999 -9999 973.56958770752 669.397521018982 630.50394821167 557.000759124756 450.741485595703 274.985214233398 311.121536254883 484.677314758301 19.3786087036133 215.706237792969 716.453132629395 766.900245666504 591.900770187378 606.223321914673 551.164337158203 464.088912963867 549.030838012695 688.490488052368 593.754648208618 -9999 -9999 -9999 -9999 -9999 -9999 -9999 -9999 -9999 -9999 -9999 -9999 -9999 -9999 -9999 -9999 -9999 -9999 -9999 -9999 -9999 -9999
-9999 -9999 -9999 -9999 -9999 -9999 -9999 -9999 -9999 -9999 -9999 -9999 -9999 -9999 -9999 -9999 546.683303833008 792.233451843262 966.36922454834 902.997489929199 948.244132995605 1029.90643310547 968.546398162842 863.852745056152 711.17024230957 -9999 -9999 -9999 -9999 -9999 -9999 -9999 -9999 -9999 -9999 -9999 -9999 -9999 -9999 -9999 -9999 -9999 -9999 -9999 -9999 -9999 -9999 -9999 -9999 -9999
-9999 -9999 -9999 -9999 -9999 -9999 -9999 -9999 -9999 -9999 -9999 -9999 -9999 -9999 -9999 -9999 -9999 -9999 -9999 -9999 -9999 -9999 -9999 -9999 -9999 -9999 -9999 -9999 -9999 -9999 -9999 -9999 -9999 -9999 -9999 -9999 -9999 -9999 -9999 -9999 -9999 -9999 -9999 -9999 -9999 -9999 -9999 -9999 -9999 -9999
