simdem/realisation70.asc
NCOLS 350 
NROWS 171 
XLLCORNER 152620 
YLLCORNER 418050 
CELLSIZE 100 
NODATA_value -9999 
[rows 66 to 87 of 171, columns 100 to 149 of 350]
591.009017944336 489.63748550415 353.357696533203 310.936828613281 509.733390808105 531.326992034912 486.156036376953 500.107601165771 395.283721923828 620.507553100586 547.358673095703 377.582542419434 450.326122283936 460.099659919739 406.896301269531 245.317901611328 473.699068903923 422.648693084717 420.005187988281 454.15500831604 632.700012207031 606.792472839355 572.591873168945 507.316215515137 437.071926116943 418.903930664062 447.992050170898 465.86657333374 539.221733093262 485.773321151733 417.10343170166 394.138549804688 484.476455688477 499.118339538574 481.165077209473 479.384140014648 581.35652923584 616.474426269531 501.81844329834 535.658370018005 396.380355834961 423.036560058594 578.714107513428 616.767051696777 447.712661743164 548.015742778778 578.915866851807 436.366607666016 507.010326385498 594.015037536621
499.566566467285 406.796234130859 604.394226074219 443.352485656738 324.339828491211 370.966522216797 400.806381225586 398.50220489502 404.253723144531 486.667852401733 445.288240194321 545.065979003906 497.668613433838 401.535888671875 363.626953125 408.498184204102 538.045310974121 505.552516937256 406.02660369873 552.248558044434 478.479905128479 473.17684173584 458.721881866455 487.725429534912 316.938690185547 414.806259155273 288.843597412109 391.651748657227 468.219398498535 453.923454284668 431.014526367188 541.952088356018 549.030529022217 522.571441650391 485.599899291992 658.29137802124 620.108745574951 782.014236450195 631.105848789215 539.413768768311 579.51153087616 540.848573684692 617.003322601318 587.332035064697 559.500465393066 699.623016357422 466.785217285156 598.806301116943 610.719131469727 503.48412322998
466.858076095581 386.779453277588 359.650268554688 403.192584991455 461.233791351318 274.772903442383 457.218711853027 358.666816711426 395.392845153809 456.976718902588 483.894750595093 674.186264038086 422.95821762085 343.832565307617 309.981323242188 351.371292114258 452.386444091797 447.167190551758 499.342305183411 569.797256469727 437.074987411499 485.079658865929 399.723007202148 428.880477905273 376.952514648438 349.927963256836 339.510787963867 519.109028816223 496.925779342651 378.135330200195 410.928955078125 665.09440612793 562.413058280945 486.107032775879 579.777262210846 511.306518554688 519.915969848633 565.084714889526 666.34156036377 493.866188049316 501.156471252441 691.688613891602 503.219120025635 632.426902770996 629.368171691895 570.681179523468 532.775928497314 525.076370239258 496.138374328613 517.595584869385
481.219440460205 544.227149963379 399.086933135986 433.141714096069 393.338607788086 490.331970214844 470.742706775665 375.695495605469 438.248279571533 377.106750488281 421.390102386475 507.080871582031 480.124881744385 328.405136108398 459.598348617554 472.083457112312 490.748382568359 324.309547424316 476.810006141663 549.160163879395 584.677001953125 496.287815093994 456.757381439209 535.821159362793 329.56755065918 398.856575012207 295.735900878906 508.825414657593 598.585544586182 496.928657531738 486.804195404053 582.605260848999 521.054313659668 471.897521972656 386.458679199219 479.280303955078 591.750558853149 553.913038253784 625.538047790527 673.140411376953 668.820137023926 663.941230773926 519.957576751709 476.680076599121 719.974975585938 695.631210327148 631.028579711914 612.456840515137 494.353797912598 523.924354553223
375.147071838379 455.300466537476 471.522445678711 485.025239944458 514.850509643555 456.431324958801 399.403678894043 349.810882568359 402.85954284668 402.603351593018 462.461216926575 553.056274414062 417.015808105469 289.571517944336 470.124960899353 583.718757629395 518.990882873535 390.652633666992 439.742519378662 440.377815246582 444.40465927124 435.437171936035 444.626953125 396.771369934082 487.290894508362 386.154632568359 363.354385375977 592.874618530273 560.598096847534 418.083862304688 413.16283416748 488.833290100098 509.31555557251 378.601760864258 541.50952911377 585.845161437988 597.667514801025 447.023010253906 614.174117088318 450.646072387695 522.559253692627 536.798206329346 516.448036193848 442.114959716797 447.085510253906 558.826553344727 504.31063079834 306.020721435547 536.353485107422 524.823612213135
574.214576721191 594.947937011719 532.941352844238 537.412601470947 498.515962600708 600.355560302734 457.672958612442 525.545784950256 381.795532226562 434.204963684082 476.724519252777 441.96361541748 430.408096313477 313.07356262207 437.290019989014 600.86701965332 462.622418403625 457.125004291534 310.257019042969 469.127813339233 436.119148254395 463.13139629364 528.291031837463 478.684991836548 458.39172744751 538.185512542725 534.515793800354 610.570373535156 425.42359161377 556.923902511597 522.353317260742 567.307949066162 530.324178695679 527.27495765686 526.869430541992 560.555764198303 718.593963623047 719.297510147095 605.504929065704 684.95036315918 588.523579120636 626.350624084473 560.481639862061 580.56468963623 603.509238243103 573.947731018066 485.768577575684 483.471870422363 424.761810302734 601.457180023193
407.488632202148 414.467147827148 592.63005065918 594.826225280762 609.625495910645 648.123092651367 565.443656921387 447.675712585449 362.704704284668 239.566879272461 343.889656066895 334.624252319336 268.356140136719 355.921234130859 557.126510620117 479.877567768097 395.249160766602 468.625135421753 320.695938110352 480.96669960022 433.068740844727 375.822883605957 499.960636615753 621.366172790527 473.235500335693 551.206394195557 523.457342624664 613.431610107422 482.631694793701 457.815170288086 589.253040313721 456.543678283691 616.356998443604 555.53054857254 531.921096801758 881.642547607422 513.663562774658 750.914443969727 847.162322998047 631.158683776855 666.158912658691 597.086158752441 644.913833618164 475.367279052734 561.581758022308 895.896392822266 387.695541381836 469.018104553223 454.873626708984 568.760568618774
505.24206161499 456.95743560791 562.854270935059 458.525917053223 449.39744758606 604.330017089844 483.894179821014 354.949195861816 447.684372901917 387.027359008789 498.842597961426 467.430206298828 444.66569519043 531.436115264893 511.036630630493 538.217807769775 436.15941619873 375.033203125 542.380577087402 520.012523651123 613.156066894531 476.764724731445 485.151522636414 545.25531578064 520.854746818542 531.612861633301 555.291271209717 538.800586700439 403.369430541992 377.500778198242 501.6943359375 524.436475753784 582.015645027161 806.913547515869 664.621673583984 678.243743896484 497.064033508301 560.996978759766 644.041404724121 521.869140625 736.389999389648 437.095640182495 503.319847106934 527.72624206543 533.961814880371 471.670547485352 630.158676147461 385.123062133789 478.781272888184 636.180072784424
565.661167144775 394.643577575684 472.06681060791 482.095450401306 449.180898666382 507.585819244385 463.509789466858 423.536159515381 516.739879608154 486.886528968811 510.323249816895 460.061552047729 445.368656158447 534.048988342285 463.109434127808 461.728771209717 368.304550170898 417.56697845459 606.503150939941 490.426328778267 544.78426361084 430.320613861084 371.529861450195 334.922348022461 486.426191329956 645.830780029297 530.3255443573 527.323621749878 443.724433898926 450.160263061523 372.892242431641 352.778274536133 654.358478546143 791.0478515625 762.397926330566 619.7694439888 335.374336242676 498.914001464844 581.610420227051 539.418510437012 703.202453613281 329.165657043457 318.007553100586 344.222778320312 366.56421661377 481.705795288086 434.894271850586 433.534271240234 922.520660400391 602.153534889221
428.328842163086 522.494033038616 502.696062088013 462.199903488159 440.498691558838 382.684288024902 453.229511260986 468.622098207474 566.144592285156 665.368041992188 600.943954467773 551.214324951172 453.413398742676 624.086334228516 495.94079208374 439.259899139404 270.046539306641 418.097511291504 621.408020019531 486.905130386353 472.043811798096 347.823226928711 281.690048217773 541.300916671753 551.819892883301 665.215240478516 698.287902832031 674.774475097656 468.530258178711 359.509185791016 597.67299747467 454.959579467773 648.034648895264 722.874717712402 832.329284667969 725.901985168457 429.132815182209 624.028167724609 636.77560043335 642.043029785156 612.632553100586 378.031898498535 453.062963485718 460.723440170288 436.452088356018 450.346298217773 450.74195098877 456.072319030762 463.586421966553 450.982284545898
805.419857025146 434.908355712891 389.68824005127 413.890213012695 363.664901733398 498.051275253296 531.154644012451 512.623649597168 504.167714118958 582.214447021484 467.52258682251 434.58536529541 562.744415283203 508.144611358643 550.656341552734 488.067020893097 595.345626831055 448.181797027588 501.284390747547 460.338715076447 447.400810241699 479.348220825195 492.398108482361 608.486473083496 425.439445495605 513.918977737427 625.002975463867 568.644924163818 431.703323364258 500.048095703125 443.110778808594 459.233671188354 385.458129882812 665.418632507324 777.738189697266 738.616363525391 346.428283691406 768.508430480957 666.3619556427 753.198657989502 736.528831481934 439.93187713623 544.016952514648 491.595603942871 437.169902801514 733.96590423584 677.236358642578 547.81809425354 440.097229003906 707.594383239746
761.062194824219 468.347450256348 573.860202789307 739.38996887207 452.329303741455 326.067611694336 440.364612579346 502.53777217865 520.992053985596 568.781909942627 485.968521118164 483.535884857178 415.113094329834 545.137298583984 571.332569122314 564.988746643066 506.637142181396 522.434526801109 621.840621948242 602.930557250977 379.554466247559 511.692942619324 552.113624572754 566.188335418701 515.994579315186 505.919149398804 423.543838500977 465.449447631836 620.240715026855 651.009429931641 559.4743309021 510.615249633789 478.52751159668 523.351020812988 691.644195556641 728.451995849609 506.720054626465 717.701442718506 654.671169281006 806.852516174316 561.827323913574 602.514358520508 587.970855712891 503.015605926514 625.892944335938 802.564224243164 636.190658569336 340.989570617676 388.72437286377 587.421062469482
689.471710205078 458.138877868652 569.802635192871 475.188972473145 627.562796592712 678.690933227539 455.739097595215 519.706577301025 579.608238220215 436.732315063477 397.383399963379 853.05403470993 464.160057067871 540.190460205078 493.39716053009 500.580955505371 629.755386352539 695.923599243164 561.294319152832 381.591339111328 520.007739067078 577.458801269531 570.755432128906 490.302786827087 449.891716003418 529.370558738708 441.09553527832 579.227676391602 634.482246398926 550.424621582031 528.649816513062 592.134819030762 429.023489236832 376.146389007568 455.078184127808 747.101516723633 475.163383483887 609.854899406433 586.741227149963 589.800547599792 468.375457763672 521.00271987915 507.62034034729 467.030438899994 462.812015533447 492.441934585571 460.886947631836 485.233169555664 308.27946472168 481.378257751465
624.557548522949 682.794189453125 577.052963256836 509.154243469238 563.829074859619 580.351343154907 801.492334365845 490.135330200195 591.951454162598 494.746237754822 385.846786499023 524.744583129883 542.844383239746 613.814849853516 508.771287918091 573.877128601074 630.59049987793 640.587966918945 479.4801197052 592.368988037109 501.779650211334 675.812286376953 519.840734004974 361.299255371094 492.455921173096 650.997573852539 607.876472473145 474.944046020508 370.425457000732 518.750511169434 447.991687774658 299.806991577148 265.060943603516 299.704696655273 290.843597412109 507.075325012207 594.562852859497 641.364162445068 597.232496500015 529.004989624023 577.091499328613 522.208980560303 432.301128387451 570.133346557617 575.529224395752 519.459564208984 437.739608764648 277.333023071289 530.377220153809 567.48557472229
552.661571502686 510.250831604004 610.983889579773 544.285652160645 605.715334892273 488.604934692383 603.151242494583 797.971393585205 565.019409179688 552.250918865204 530.501155853271 420.776275634766 640.987663269043 651.045547485352 688.789398193359 574.150835037231 478.232175827026 560.700158596039 338.427169799805 435.807067871094 531.864225387573 563.504844665527 541.722578048706 556.332720756531 610.744724273682 741.082305908203 658.989288330078 353.762504577637 459.294405937195 403.066528320312 440.22308921814 353.309524536133 335.873153686523 269.984527587891 357.165740966797 468.482330322266 550.261867523193 780.484008789062 745.734878540039 494.730453491211 523.573022246361 456.276113510132 423.527835845947 512.699783325195 663.476692199707 660.133331298828 519.872134208679 476.715438842773 430.495307922363 533.792307376862
419.58723449707 524.471801757812 532.761306762695 611.91598033905 576.656272888184 531.384094238281 441.092178344727 576.686111450195 493.272903442383 502.708262443542 368.936828613281 491.739854454994 478.026042938232 544.670051574707 607.206153869629 540.009239196777 606.269111633301 514.867700576782 507.020620584488 425.721382141113 423.175201416016 364.470016479492 498.225475311279 405.376190185547 577.940704345703 653.967514038086 625.427795410156 348.68985748291 425.064998626709 477.708389282227 539.02074432373 482.823429107666 371.870956420898 387.135238647461 507.754753112793 617.035242080688 447.731903076172 723.005043029785 682.856071472168 679.693580627441 522.597673237324 452.845333099365 435.999984741211 617.793434143066 638.277328491211 574.323959350586 467.647048950195 484.363382339478 441.717544555664 613.532377243042
561.277225494385 638.230834960938 597.710965156555 615.01189994812 601.992979049683 518.901298522949 615.770866394043 579.16515827179 597.833446502686 641.309860229492 595.801651000977 476.705554962158 375.481071472168 453.989749908447 445.111011505127 323.094055175781 476.080066680908 530.939853668213 585.609073638916 376.53914642334 410.950202941895 409.864845275879 491.058403015137 531.353613853455 441.999076843262 578.533586502075 506.417494773865 315.479026794434 635.950798034668 693.464408874512 721.62574005127 542.996467590332 368.238616943359 302.434112548828 391.02294921875 597.613921403885 541.387004852295 694.591247558594 691.44507598877 777.560546875 623.279666543007 648.16268157959 688.116134643555 618.874273300171 594.31541633606 688.567512512207 766.313705444336 875.921112060547 711.015563964844 581.233215332031
569.050552368164 461.380596160889 546.662841796875 594.397129178047 692.69709777832 556.820091247559 635.099494934082 669.921943664551 779.929656982422 722.377632141113 551.378761291504 396.861709594727 426.550506591797 320.558959960938 378.040809631348 236.931793212891 635.053314208984 492.944646835327 509.348071575165 387.907981872559 244.559173583984 356.804290771484 437.128913879395 389.102691650391 425.40739440918 484.07373046875 452.168853759766 803.31534576416 623.839036941528 625.203504562378 650.302471160889 611.827976226807 516.877891540527 341.205352783203 332.443374633789 435.390113830566 428.424659729004 585.829650878906 614.089218139648 637.598356246948 679.955871582031 726.783988952637 608.623313903809 631.102508544922 557.683242797852 531.027648925781 422.054244995117 685.385019779205 902.348648071289 853.922904968262
815.189514160156 604.729385375977 807.355941772461 530.644023895264 514.384174346924 494.351585388184 628.406885147095 485.351844787598 677.171363830566 799.392807006836 552.9049243927 424.787506103516 376.912780761719 416.538688659668 461.930765151978 338.568710327148 627.562835693359 572.439853668213 504.046751022339 458.016357421875 305.765869140625 402.696243286133 363.855239868164 497.321973800659 466.267417907715 491.358978271484 495.874691009521 494.211853027344 483.815625905991 527.662349700928 743.522094726562 735.04345703125 570.947197914124 497.813354492188 271.181365966797 411.030954360962 422.65535736084 452.333122253418 412.298690795898 450.186134338379 490.145261764526 618.49340057373 691.190460205078 580.364559173584 555.097381591797 452.777244567871 669.602153778076 627.080413818359 700.26318359375 687.304023742676
664.065143585205 575.60228729248 600.124828338623 583.990020751953 451.690658569336 521.604001998901 727.439804077148 632.273954391479 730.573638916016 711.504379272461 597.835716247559 426.794918060303 403.798500061035 253.791381835938 301.601364135742 432.413696289062 523.157054901123 509.987737178802 367.02278137207 484.910106658936 388.40503692627 462.803085327148 543.573253631592 475.037548065186 439.855125427246 597.971988677979 629.906845092773 524.699695587158 388.282755851746 446.601340293884 639.029712677002 653.313262939453 623.851783752441 418.45837187767 267.415817260742 264.904495239258 412.606155395508 438.587287902832 464.31628036499 555.658275604248 408.028366088867 465.809913635254 725.442300796509 1038.01879882812 759.79857635498 455.763954162598 632.589714050293 657.707788467407 575.479494690895 544.867626190186
567.010194778442 656.27278137207 713.285606384277 640.937797546387 556.020702362061 592.620647907257 394.94514465332 609.863993227482 647.437942504883 701.326377868652 587.525047302246 365.846145629883 536.280359268188 624.538482666016 552.355464935303 526.755477905273 565.513114929199 669.527587890625 396.141761779785 538.551635742188 585.313491821289 479.099094390869 571.567123413086 595.723648071289 593.964340209961 579.98055267334 527.704911231995 478.239322662354 590.218475341797 423.876598358154 522.543018341064 760.94490814209 552.915706634521 227.819122314453 281.032852172852 393.871288299561 482.644485473633 426.216400146484 622.830505371094 545.755456924438 591.228796005249 475.709205627441 726.046184539795 842.745613098145 775.829811096191 581.202754974365 601.128172874451 802.199951171875 678.583953857422 540.934452056885
-9999 -9999 622.173167705536 983.673889160156 736.908988952637 636.314821243286 621.371285527945 475.80562210083 577.441734313965 628.205804824829 552.059310913086 521.514310836792 622.167694091797 681.17692565918 594.28991317749 506.91880607605 478.495304107666 607.576866149902 494.705755233765 528.965057373047 461.807693481445 587.495826721191 568.003211975098 625.954635620117 489.30832195282 687.869979858398 613.720634460449 538.44017791748 690.93518447876 421.522537231445 319.439468383789 535.855762481689 590.99829864502 434.332901000977 182.69953918457 349.90975189209 463.304504394531 399.471633911133 497.817939758301 650.40022277832 682.699890136719 694.691028594971 698.608261108398 956.100761413574 817.552543640137 669.807468414307 714.975150585175 -9999 -9999 -9999
