simdem/realisation37.asc
NCOLS 350 
NROWS 171 
XLLCORNER 152620 
YLLCORNER 418050 
CELLSIZE 100 
NODATA_value -9999 
[rows 88 to 109 of 171, columns 200 to 249 of 350]
714.189538955688 777.461380004883 634.717784881592 629.244335174561 642.92951965332 699.614109039307 671.934480667114 628.184545040131 593.484853744507 722.255363464355 670.684066772461 518.296607971191 532.498840332031 613.756816864014 630.027919769287 528.027679443359 582.023460388184 630.592372894287 665.554306030273 742.754806518555 668.980812072754 668.976346492767 505.721923828125 638.46743106842 749.071418762207 551.46231842041 619.510375976562 708.352062225342 737.014137268066 816.712646484375 617.547721862793 654.409713745117 716.838130950928 693.978137969971 766.175018310547 657.400220870972 519.24796295166 463.005165100098 647.383548736572 701.008541107178 756.082572937012 777.135992050171 781.937980651855 811.50163269043 704.927547454834 729.521505355835 769.645565032959 928.41597366333 1024.45216369629 894.097187042236
561.322578430176 597.065696716309 677.176278352737 701.19672203064 684.301849365234 673.382093429565 621.066520690918 581.073402404785 601.812896728516 602.341449737549 547.107681274414 528.931930541992 553.831703186035 521.410102844238 607.929187774658 612.477638244629 490.743408203125 703.379608154297 785.355537414551 753.223686218262 644.83309841156 765.330299377441 733.502754211426 737.896987915039 810.849609375 697.018823623657 635.416568756104 559.74308013916 641.606887817383 652.46276807785 571.092094421387 648.784374952316 721.21605682373 514.475769042969 593.867588043213 612.452770233154 622.221122741699 509.528709411621 596.42716217041 721.945850372314 827.363182067871 771.298885345459 700.03833770752 891.667778015137 727.646377563477 745.747146606445 797.970916748047 963.242713451385 1037.39458751678 839.675004959106
568.708435058594 888.249404907227 517.63850402832 695.616642475128 621.044761657715 654.165238380432 676.132835388184 546.903007507324 664.200063705444 699.775588989258 576.792510986328 503.387359619141 554.528656005859 685.787303924561 688.674461364746 670.97093963623 643.338572502136 725.674339294434 692.20357131958 715.844078063965 811.423233032227 871.464660644531 689.228200912476 694.592205047607 713.599052429199 756.486228942871 694.095320701599 550.862335205078 555.623184204102 666.836978912354 527.023155212402 668.893508911133 632.806467056274 556.636569976807 591.270239114761 632.996730804443 671.70987701416 689.957347869873 769.507497787476 698.378980636597 819.742942810059 674.683517456055 782.31503033638 869.897686839104 726.972787857056 689.762216091156 782.277473449707 887.3962059021 840.276695251465 894.813949584961
439.167411804199 474.533683776855 567.042533874512 709.197742462158 710.870365142822 599.113975524902 597.888710021973 823.135223388672 737.652885437012 688.62145614624 496.053497314453 627.20455121994 579.791248321533 724.062019348145 702.806411743164 712.926551818848 655.082294464111 577.316413879395 653.382985115051 623.216815948486 697.549839019775 755.905151367188 698.306562423706 683.252157211304 720.03271484375 764.7919921875 812.224273681641 584.782897949219 563.132400512695 695.874402999878 646.046257019043 816.096130371094 671.966175079346 669.543584823608 592.963802337646 707.952362060547 737.550659179688 832.215789794922 788.508354187012 815.91788482666 782.00461769104 718.042463302612 781.673229217529 845.537477493286 711.438678741455 632.214694976807 443.242034912109 789.902309417725 975.065185546875 903.805767059326
520.035942077637 641.380958557129 747.416473388672 586.748051643372 625.312393188477 482.803451538086 529.991630554199 692.740955352783 521.080062866211 564.874198913574 669.15012550354 629.679744720459 814.369094848633 649.140693664551 714.011917114258 593.716743469238 708.642105102539 643.678797245026 588.035995483398 613.071157455444 626.771161794662 652.537693023682 698.618244171143 596.225769042969 666.119215011597 722.722877502441 897.098098754883 779.842971801758 621.751163482666 577.398483276367 732.401443481445 773.305843353271 822.512496948242 672.093852996826 685.753030776978 587.467063903809 720.10315322876 739.412231445312 746.355743408203 578.717432975769 742.336380004883 820.712631225586 700.479556083679 648.618026733398 623.742847442627 458.298767089844 539.62198638916 791.763721466064 774.410221099854 868.264936447144
551.745338439941 677.472593307495 741.462537765503 607.523223876953 482.741458892822 1041.5551879406 591.384273529053 591.000675201416 554.316276550293 629.260242462158 653.979825973511 705.541732788086 594.411027908325 646.141574859619 630.394477844238 611.287614822388 564.936172485352 660.268747329712 459.601608276367 652.111427307129 716.290069580078 597.974640846252 728.772691726685 768.541328430176 726.821633458138 728.3069190979 871.520530700684 665.916024208069 609.005764007568 558.125045776367 559.563537597656 661.000955581665 690.723720550537 685.781509399414 715.79630279541 818.03776550293 677.430429458618 622.131233215332 678.636658668518 635.331253051758 738.999794006348 516.940505981445 616.132630348206 785.255065917969 592.885120391846 680.119849130511 669.651430130005 724.758331298828 789.785442352295 853.070819854736
623.699235916138 740.630929946899 822.697875976562 727.93355178833 709.196937561035 636.8918800354 794.628623962402 617.867077827454 641.368710517883 620.116436004639 662.486213684082 687.08536529541 646.49068069458 707.051025390625 648.04670715332 590.036026000977 615.114589691162 544.234504699707 513.909957885742 660.753365039825 745.500813484192 761.340034484863 631.974628448486 725.056304931641 749.9222240448 707.154438018799 672.759788513184 585.281715393066 540.561408996582 530.413314819336 603.56470489502 671.26167678833 726.838979721069 665.867303848267 708.477237701416 763.322368621826 654.594146728516 718.985683441162 685.488826751709 600.063629150391 687.872619628906 722.45241355896 791.93196105957 842.635208129883 635.701484680176 700.429145812988 634.349433898926 637.462510585785 644.774360656738 751.6872215271
615.487831115723 708.638496398926 842.316337585449 891.611335754395 819.606140136719 588.219913482666 531.711502075195 631.920490264893 710.873397827148 642.19504737854 588.882019042969 681.312776565552 723.41414642334 772.491592407227 611.693487167358 623.185288667679 702.615371704102 544.042381286621 642.327941060066 723.522262573242 646.865257263184 683.535893917084 647.080108642578 570.130332946777 583.374488830566 655.126022338867 542.426712036133 717.047523498535 481.654769897461 593.803680419922 628.082412719727 674.352323532104 772.489364624023 729.637836456299 815.927932739258 707.452606201172 713.709991455078 603.79451751709 685.626364707947 662.072528839111 701.24924993515 727.664070129395 674.500640869141 735.448614120483 760.387184143066 835.758279800415 685.326374053955 621.319618225098 641.737503051758 559.518264770508
741.02783203125 620.102313041687 799.203807830811 839.410331726074 749.696660041809 602.874588012695 530.252479553223 698.418761253357 687.406753540039 657.894136667252 598.736652374268 743.498435974121 548.249404907227 652.490056991577 735.348022460938 754.884574890137 774.326919555664 714.370643615723 660.420619010925 732.955879211426 682.869886398315 687.86079788208 694.639123916626 619.68962097168 614.305492401123 673.811080932617 707.545392990112 646.721183776855 503.425888061523 599.717247009277 625.660377502441 562.143684387207 541.069038391113 748.48755645752 712.893094062805 619.904678344727 626.580993652344 694.222395896912 725.259540557861 625.587448120117 678.998046875 728.338602781296 758.815841674805 938.13037109375 760.352476119995 945.246978759766 688.057302474976 466.407379150391 636.285629272461 524.11164855957
526.058834075928 579.668449401855 796.345436096191 918.283172607422 686.353904724121 629.620063781738 731.276390075684 910.172241210938 549.559036254883 616.025367736816 647.467838287354 787.951904296875 848.48991394043 656.00807094574 611.568635940552 632.542484283447 631.178248405457 532.506828308105 608.896778106689 706.303562164307 582.962738037109 550.930847167969 620.067914962769 583.280250549316 554.290603637695 706.832134246826 636.01342010498 570.511245727539 508.992721557617 585.837745666504 493.465698242188 517.192642211914 511.69506072998 769.057472229004 504.572456359863 589.112831115723 613.156677246094 657.709987640381 781.788619995117 558.877685546875 650.273979187012 776.993083953857 770.226657867432 813.73705291748 885.543411254883 781.020975112915 842.527610778809 710.291125297546 863.00772857666 662.359817504883
647.396835327148 506.832210540771 681.740425109863 824.080345153809 748.369943141937 656.574378967285 708.580905914307 648.911508560181 703.245872497559 620.287254333496 598.062370300293 692.379722595215 706.059661865234 604.023826599121 625.748195648193 710.781562805176 660.138273239136 535.121406555176 533.470420837402 619.293800354004 629.017150878906 633.237453460693 696.782859802246 597.327655792236 656.347972869873 893.222534179688 962.232299804688 838.24267578125 769.77766418457 690.785999298096 724.392086029053 597.02124786377 571.796363830566 569.277336120605 535.496391296387 605.865859985352 532.749839782715 633.389831542969 670.857816696167 693.954566836357 547.115776062012 610.95502281189 671.638365745544 729.088962554932 810.938869476318 829.269481658936 791.278312683105 914.718101501465 699.370231628418 674.312705993652
931.837959289551 612.056045532227 704.317342758179 824.704792022705 659.637138366699 825.643501281738 785.30358505249 781.020042419434 977.307723999023 738.497180938721 757.074295043945 706.592338562012 636.338569641113 532.654067993164 747.40599822998 746.050422668457 612.440502166748 695.786743164062 535.159103393555 633.653336524963 702.807529449463 692.504344940186 673.093589782715 486.395523071289 582.478668212891 798.470462799072 1155.33976745605 1022.78623962402 789.154113769531 597.285919189453 578.278861999512 613.166831970215 651.791402816772 572.423141479492 501.743103027344 601.943550109863 637.660865783691 582.043228149414 643.150123596191 625.903419494629 559.02995300293 588.149307250977 540.173309326172 522.825866699219 732.525947570801 755.258541107178 824.709582328796 1020.92160224915 961.588672637939 927.713691711426
753.999183654785 862.540344238281 495.093627929688 686.526180267334 805.686180114746 815.890525817871 740.718016386032 724.941165924072 774.572521209717 747.212589263916 802.070487976074 751.55542755127 684.786981582642 626.093494415283 816.71802520752 756.980995178223 679.030765533447 579.673858642578 702.164756774902 619.972555160522 705.210430145264 715.176055908203 594.884508132935 835.846519470215 621.401992797852 651.266757965088 1129.98833465576 916.49779510498 896.72989654541 1088.87840270996 1203.4527053833 679.617584228516 693.810992240906 586.51927947998 601.339492797852 729.269012451172 923.240493774414 670.553852081299 626.040237426758 648.535697937012 463.895874023438 587.453308105469 572.018280029297 631.128898620605 808.605621337891 970.178577423096 1096.37736129761 820.075504302979 930.395092010498 849.51139831543
820.499017119408 660.746959686279 581.378364562988 640.226806640625 627.099868774414 698.664512634277 731.034523010254 830.566074371338 717.731781005859 888.279678344727 729.694679260254 667.663956642151 626.682048797607 599.274597167969 792.062164306641 820.62752532959 721.701797485352 684.249244689941 767.505523681641 530.739158630371 667.777614593506 640.395572662354 601.823680877686 582.204849243164 453.364044189453 717.584972381592 600.524620056152 551.404632568359 616.072875976562 639.905696868896 454.64225769043 545.119827270508 498.838134765625 996.115173339844 876.894058227539 735.210006713867 1007.62893676758 1054.89421844482 648.547981262207 909.104621887207 918.008509635925 566.38134765625 555.640884399414 635.37589263916 758.091384887695 817.51974105835 801.848346710205 1004.97875976562 1419.49737548828 757.258913040161
821.256895005703 881.970375061035 789.501960754395 510.989730834961 620.357696533203 718.997531890869 763.042063236237 826.6097240448 737.779335021973 827.525066375732 1146.6128616333 695.584712982178 714.567342758179 786.776229858398 803.95093536377 778.625228881836 684.820036888123 645.891708374023 675.325349807739 612.469459533691 759.547744750977 719.751129150391 624.95565032959 684.243841171265 635.236129760742 541.889945983887 405.768798828125 402.869720458984 531.540863037109 573.646461486816 698.421449661255 669.801211357117 697.174861907959 503.43766784668 750.940777778625 539.303619384766 603.788101196289 1083.11686706543 663.05677986145 817.407249450684 644.529178619385 573.420188903809 1153.67161941528 591.74528503418 1015.12342834473 799.781211853027 668.852340698242 728.209320068359 993.081290245056 658.63843536377
734.906766891479 910.643173217773 842.028064727783 818.922470092773 642.638450622559 716.817348480225 802.510139465332 904.663864135742 808.641157150269 746.836181640625 775.000506401062 1066.02568817139 752.814399719238 683.910806179047 659.149338245392 760.067199707031 795.099700927734 777.80598449707 698.776226043701 473.083961486816 611.746467590332 733.487091064453 570.110192775726 656.141565322876 812.159774780273 534.42463684082 533.817512512207 611.02709197998 518.236190795898 600.338119506836 639.312273025513 688.217189788818 579.121246337891 618.470333099365 924.057106018066 759.939437866211 1021.0969543457 1037.21656513214 969.411834716797 813.743377685547 831.516624450684 660.417697906494 1051.03381347656 605.737243652344 917.997955322266 920.80908203125 713.808658599854 1117.88999557495 779.709299087524 1385.64444351196
-9999 678.683519363403 696.663719177246 771.956832885742 727.22053527832 734.915966033936 698.197666168213 715.655738830566 923.006759643555 857.532333374023 845.896087646484 1259.36987304688 592.545902252197 589.940319061279 740.045013427734 556.433219909668 680.421669006348 627.265991687775 607.732929229736 479.767456054688 624.629510879517 538.020111083984 674.361827850342 941.396413803101 815.677673339844 548.420959472656 616.521690368652 566.90682220459 572.043426513672 541.646797180176 695.601940155029 719.265949249268 614.062004089355 619.146812438965 1012.38300800323 852.948516845703 796.515960693359 708.993270874023 688.854008674622 729.713134765625 796.456573486328 625.881507873535 712.738548278809 860.536766052246 759.406032562256 1079.14441680908 688.195735931396 895.41381072998 651.633422851562 782.110855102539
-9999 747.094356536865 663.907764434814 611.978011369705 685.237564086914 736.942394256592 615.747299194336 715.333263397217 838.292961120605 869.840213775635 763.392892837524 755.825611114502 760.696464538574 606.135482788086 751.949913024902 621.541580200195 584.093872070312 521.128112792969 469.179397583008 472.276260375977 636.581276893616 634.706390380859 808.12964630127 610.476337432861 1018.81514930725 601.475528717041 538.999450683594 567.823188781738 586.696308135986 594.293174743652 614.198287963867 557.749900817871 525.275955200195 642.191810131073 1213.93958091736 663.276636123657 648.491684913635 626.064010620117 704.750728607178 829.879730224609 764.81005859375 648.33081817627 670.778663635254 639.565849304199 807.777309417725 751.019844055176 872.530197143555 694.140190124512 694.707233428955 552.832565307617
-9999 -9999 945.637390136719 603.208015441895 710.605701446533 797.307327270508 625.605102539062 742.404737472534 884.813720703125 808.146506309509 774.217129707336 736.836498260498 616.639789581299 575.615779876709 631.720670700073 677.106628417969 571.33219909668 466.974479675293 698.670555114746 700.023780822754 516.604766845703 559.853782653809 684.071701049805 586.134517669678 593.577514648438 620.445281982422 523.516510009766 601.854705810547 606.812976837158 695.335227966309 613.136310577393 570.333938598633 526.783874511719 615.158229827881 799.129959106445 537.848861694336 706.725086212158 577.579605102539 650.109621047974 655.190437316895 709.121259689331 577.691360473633 434.788818359375 557.886856079102 678.856071472168 561.942962646484 555.598648071289 630.170921325684 717.708190917969 633.748550415039
-9999 -9999 1070.74875926971 981.376663208008 719.998706817627 653.307188034058 711.666553497314 637.450172424316 866.927841186523 752.119535684586 983.038185119629 498.978103637695 485.495849609375 467.77458190918 504.370903015137 602.379398345947 466.323394775391 362.173538208008 517.08126449585 558.596475839615 476.486072540283 510.670379638672 515.664630889893 710.577968597412 583.342724323273 772.599391937256 572.426284790039 541.503639221191 587.340698242188 683.951854705811 738.428939819336 660.019735813141 583.162475585938 421.029022216797 659.835830450058 602.363430023193 673.348793029785 776.926258087158 646.535865783691 658.632583618164 771.130737304688 854.015712738037 733.030548095703 924.708520889282 767.922203063965 810.928924560547 799.314360618591 865.539787769318 860.957824707031 671.892120361328
-9999 -9999 -9999 721.839864730835 726.10765838623 597.903961181641 752.487005233765 676.341491699219 698.282684326172 594.146606445312 623.015746116638 551.963523864746 541.343696594238 705.393711090088 718.203750610352 706.001747131348 535.326293945312 429.822860717773 492.922218322754 576.162624359131 461.297645568848 567.966939926147 486.870864868164 1424.9532122612 531.04626083374 609.955505371094 642.061660766602 533.064605712891 569.800498962402 675.172103881836 801.289302825928 610.800491333008 574.054229736328 627.262767791748 529.913772583008 737.108505249023 567.660873413086 775.552719116211 620.657531738281 550.244102478027 694.677429199219 778.204936981201 647.649429321289 724.929061889648 792.934051513672 755.966003417969 725.971237182617 685.057231903076 720.862600326538 980.878036499023
-9999 -9999 -9999 720.328587532043 682.252883911133 614.830112457275 806.045581817627 810.796501159668 753.144882202148 1013.08191299438 642.33967590332 657.81237411499 640.877982139587 670.723543167114 658.968894481659 625.308548927307 550.8752784729 581.591324806213 478.679550170898 489.63011932373 563.257751464844 533.242160797119 513.289451599121 783.921974182129 443.975708007812 503.368606567383 611.183040618896 761.588920593262 629.739437103271 702.328079223633 711.748359680176 763.003532409668 622.604698181152 594.320491790771 689.016868591309 1013.66925048828 545.423789978027 758.456064224243 792.094818115234 604.080074310303 507.760940551758 745.249298095703 740.47332572937 869.072830200195 639.112640380859 1105.69052124023 701.822891235352 769.755874633789 1025.10230255127 842.731430053711
