simdem/realisation85.asc
NCOLS 350 
NROWS 171 
XLLCORNER 152620 
YLLCORNER 418050 
CELLSIZE 100 
NODATA_value -9999 
[rows 132 to 153 of 171, columns 250 to 299 of 350]
779.093040466309 734.597640991211 897.197540283203 764.508373260498 846.222507476807 729.733463287354 462.804962158203 485.38761138916 668.476883172989 789.533954620361 775.635589599609 773.867317199707 631.141738891602 663.018173217773 702.262878417969 810.826007843018 793.18522644043 782.924240112305 933.617568969727 650.091796875 657.229881286621 665.702556610107 641.60514831543 692.071703910828 582.020523071289 646.051658630371 659.543755531311 597.290870666504 463.875610351562 507.857360839844 426.474029541016 423.712020874023 617.379962921143 722.140167236328 715.814086914062 597.413471221924 597.555652618408 658.545734405518 831.157791137695 862.80538225174 987.582560420036 1131.32152557373 999.03498840332 1118.29009771347 925.020179748535 837.819267272949 956.111275672913 876.840827941895 776.382179260254 978.766695976257
746.150218963623 726.296203613281 869.260070800781 796.620008468628 644.642185211182 685.76554107666 505.83080291748 740.364074707031 801.760009765625 684.081115722656 538.929695129395 705.888805389404 678.693283081055 571.008666992188 597.853652954102 746.80749130249 597.004135131836 826.892570495605 939.126197814941 694.420211791992 726.116028785706 684.502647399902 792.035972595215 657.544588088989 638.909515380859 690.318655252457 567.946556091309 639.432361602783 693.422424316406 513.576782226562 455.40869140625 427.967803955078 587.423034667969 686.632968902588 530.295227050781 607.476921081543 604.140468597412 642.776023864746 745.168567657471 846.592559814453 684.614307403564 865.65537238121 1038.73114585876 1162.22605895996 976.012512207031 903.235855102539 1057.06324768066 745.994819641113 892.512506008148 869.544414520264
887.875328063965 886.406742095947 806.456447601318 729.880363464355 671.433036804199 574.131381988525 681.785099029541 804.911052703857 879.215858459473 693.561027526855 692.888687133789 766.073652267456 536.789703369141 509.344055175781 701.648181915283 704.071140289307 768.086088180542 747.763645172119 890.172908782959 765.162100791931 688.587997436523 736.895935773849 590.587745666504 670.120162963867 746.795013427734 687.144083023071 681.519681930542 662.783525943756 627.350255966187 660.842368125916 589.603897094727 511.699493408203 436.753326416016 622.555263519287 649.943286895752 639.037357330322 699.743419647217 797.301025390625 824.431282043457 833.442535400391 605.724014282227 657.078420639038 597.090629577637 747.306144714355 928.417421340942 844.083404541016 933.853569030762 875.272819519043 886.240172386169 847.576820373535
806.061641693115 731.133377075195 761.277557373047 703.727355957031 536.452949523926 569.145484924316 780.98726940155 792.246282339096 909.50080871582 889.631484985352 827.738605499268 688.741683959961 749.408275604248 580.988174438477 626.480224609375 696.041309356689 726.043096542358 714.427642822266 807.683567047119 814.589033126831 714.622245788574 643.913864135742 704.382090091705 654.439575195312 614.231594085693 589.319480895996 782.707801818848 643.55314040184 688.771575927734 720.013595581055 499.170364379883 491.803131103516 476.532897949219 608.630073547363 674.212324619293 686.48321723938 793.094024658203 765.21134185791 738.726451873779 806.60627746582 815.851387023926 705.388301849365 679.177794694901 665.510356903076 696.268423080444 994.15071105957 944.115142822266 959.26065826416 936.815246582031 863.199066162109
717.055006980896 596.037864685059 646.718158721924 545.284530639648 629.050535202026 712.32349395752 839.092788219452 812.057682991028 874.922210693359 938.450424194336 852.300636291504 715.38871383667 600.253795623779 636.83959197998 660.251983642578 704.015964508057 673.705764770508 757.285800933838 738.074859619141 846.867713928223 743.84757232666 650.317893981934 729.183893203735 548.68000793457 612.040943145752 725.232696533203 775.277671813965 626.611707687378 586.53018951416 735.55419921875 520.303268432617 438.263580322266 407.190032958984 649.830972671509 686.122228980064 564.675918579102 624.117561340332 663.514009475708 653.203392028809 696.457659482956 802.051193237305 610.73762512207 697.726590156555 694.320865631104 718.153520584106 847.802913665771 888.662460327148 957.345283508301 886.972099304199 859.464996337891
622.095153808594 738.764290809631 644.296737670898 789.933120727539 703.88793182373 702.363319396973 912.166305541992 779.094831466675 879.303176879883 864.524856567383 864.247978210449 798.081642150879 795.128414154053 480.554489135742 653.476455688477 734.756411552429 608.701690673828 695.866851806641 628.796463012695 524.372146606445 535.679092407227 650.690944671631 560.285125732422 618.321357727051 596.675651550293 657.610081672668 576.725173950195 413.973831176758 598.812217712402 647.870014190674 603.462577819824 652.361206054688 629.249769210815 591.579940795898 561.690635681152 552.528121948242 647.020080566406 612.068992614746 628.794036865234 676.981342315674 775.090057373047 612.577758789062 687.337184906006 828.967376708984 698.484289646149 640.964817047119 941.052558898926 793.807752609253 844.156198143959 713.443809509277
892.154907226562 753.35623550415 868.779670715332 707.12532043457 666.078636169434 718.413909912109 818.551700592041 699.607788085938 831.086250305176 923.071685791016 726.613658905029 831.614845275879 717.871101379395 747.451354980469 704.596519470215 582.962379455566 543.233108520508 529.988632202148 492.188278198242 609.551780700684 579.604400634766 516.774047851562 652.309448242188 674.925138473511 660.738448143005 418.61198425293 573.222587585449 757.465202331543 630.062080383301 727.249130249023 769.35523223877 719.480228424072 657.125177383423 565.568092346191 683.979813575745 656.647608757019 602.517559051514 633.39376449585 707.196606636047 621.73038482666 619.146156311035 609.457061767578 768.98600769043 817.907112121582 630.52498626709 664.580295562744 731.928283691406 811.899276733398 858.560062408447 665.191505432129
697.143615722656 747.86766242981 786.314661979675 797.74626159668 747.60294342041 622.15788269043 759.612014770508 822.894920349121 749.148471832275 842.34497833252 907.866729736328 830.984153747559 709.122901916504 785.814008712769 903.779479980469 767.734558582306 656.183067321777 803.338165283203 674.419303894043 667.958053588867 684.792224884033 693.957955360413 732.980808258057 746.183256149292 693.23900604248 605.012702941895 503.82194519043 669.374084472656 701.84375 702.327572822571 707.332038879395 735.304599761963 663.355094909668 523.238204956055 615.450881958008 580.531639099121 729.143901824951 676.616352081299 580.824401855469 581.985549926758 680.380151748657 646.838760375977 644.07702255249 873.142791748047 818.664741516113 720.322474956512 709.394432067871 678.442119598389 786.409594535828 783.964519500732
744.402412414551 837.826560974121 910.77986907959 950.311065673828 815.32578420639 875.431083679199 922.6083984375 741.428401947021 898.309204101562 910.678115844727 875.071601867676 667.852668762207 676.208274841309 877.482849121094 773.681970596313 736.321449279785 767.6760597229 690.986206054688 636.123916625977 699.061698913574 733.490676879883 686.769304275513 761.238527297974 721.681953430176 765.454288363457 657.462921142578 800.854084968567 829.665756225586 778.311599731445 881.752838134766 758.51379776001 527.985107421875 650.515609741211 645.560014724731 601.583618164062 737.485015869141 803.87370300293 684.004901885986 723.674612045288 561.276062011719 720.425994873047 692.680847167969 622.584419250488 758.331079483032 857.800872802734 823.477737426758 660.235357284546 657.838897705078 804.956077575684 741.506114959717
786.864288330078 798.644844055176 828.969175338745 884.423305511475 933.067031860352 858.503818511963 798.555587768555 738.824798583984 644.537841796875 900.215133666992 670.573974609375 653.392303466797 720.282234191895 857.815658569336 751.797842025757 715.450714111328 745.148067474365 765.586782455444 764.02103805542 666.570701599121 664.722553253174 618.244110107422 733.745699882507 720.44228553772 653.181785583496 797.118129730225 739.221717834473 940.333618164062 850.566555023193 825.813507080078 801.01342010498 691.320751190186 740.649131774902 740.248382568359 814.435997009277 753.46199798584 718.160572052002 677.620308876038 689.30672454834 682.9001121521 705.235966682434 745.423722267151 566.310775756836 775.968147277832 804.656455993652 698.343173980713 779.455570220947 678.792604446411 676.659706115723 796.271556854248
704.59774017334 846.474605560303 1313.75971984863 848.355335235596 764.103668212891 737.274070739746 836.636119842529 575.816612243652 736.908000946045 610.393936157227 805.713449478149 774.124309539795 759.500156402588 827.121430397034 863.853778839111 942.282890319824 679.531661987305 876.277240753174 946.056243896484 610.605072021484 780.746437072754 755.180076599121 701.448328018188 697.187591552734 692.591646194458 718.065544128418 758.960445404053 853.197193145752 838.082248687744 770.193989753723 710.637434005737 602.380897521973 713.669188499451 868.596435546875 878.35676574707 771.479156494141 647.921112060547 749.806632995605 616.196907043457 644.442276000977 691.30616569519 628.257827758789 714.756370067596 650.189231872559 735.94189453125 657.661323547363 637.912261962891 748.816438674927 729.52868270874 686.877996444702
710.968383789062 670.969404220581 1203.96598815918 657.264839172363 662.393821716309 714.214115142822 857.527618408203 1143.68511962891 616.806076049805 653.908065795898 749.804821014404 762.008485794067 759.527454376221 873.270202636719 775.335243225098 883.131072998047 891.719139099121 888.080760955811 913.987049102783 778.326121330261 828.358039855957 785.746932983398 672.470481872559 671.833950042725 863.674942016602 671.965848922729 870.630760192871 817.344808578491 759.475946426392 812.775505065918 890.918807983398 833.526885986328 737.819961547852 830.489166259766 704.531912326813 627.387336730957 767.889377593994 772.820373535156 826.55615234375 648.682308197021 699.299833416939 740.745193481445 835.67268371582 744.457736968994 659.58508682251 808.00341796875 776.51326751709 719.974704742432 766.362553596497 555.570465087891
693.902639389038 657.102256774902 910.236145019531 770.382111549377 667.343505859375 624.496244311333 800.375907897949 961.024780273438 740.610778808594 737.540626525879 771.823287963867 582.314254760742 773.66442489624 923.616912841797 921.947834014893 866.970262527466 791.531410217285 902.54097366333 790.515863418579 856.47274017334 960.795104980469 764.557726383209 743.410331726074 692.647872924805 755.86559677124 678.705651044846 675.136302947998 720.943603515625 777.322254657745 809.352043151855 738.701988220215 823.032127380371 780.990657806396 753.188621520996 687.420956611633 713.048656463623 676.885124206543 678.598680496216 703.856330871582 861.181327819824 687.503570556641 722.291881382465 706.367718696594 796.742942810059 569.215469360352 775.831192016602 739.11226272583 847.928825378418 832.810012817383 749.633452177048
-9999 -9999 -9999 770.128837585449 885.047298431396 947.295867919922 770.227859199047 941.30241394043 773.143325805664 573.311630249023 707.284774780273 712.885341644287 946.258651733398 958.976678848267 995.15202331543 772.880218505859 723.147613525391 917.835079193115 965.289428710938 876.086868286133 823.017708778381 857.921580314636 771.59614944458 695.195816040039 846.91508769989 710.856896400452 669.337383270264 750.270317077637 750.815299987793 792.302697658539 628.07763671875 702.615142822266 695.240249633789 832.664173126221 672.139041900635 664.306751251221 820.17204284668 907.846710205078 820.519273281097 703.418914794922 802.172112464905 842.618461608887 697.151229858398 686.058288574219 673.450687408447 583.008544921875 919.222534179688 974.242523193359 923.745651245117 828.23509979248
-9999 -9999 -9999 -9999 -9999 -9999 747.935813903809 863.914410591125 734.513313293457 707.133071899414 546.812469482422 538.712112426758 633.043045043945 954.482498168945 913.083267211914 802.539642333984 793.705185890198 854.369445562363 791.091632843018 820.072120666504 790.705413818359 769.151359558105 903.344902038574 800.769462585449 901.644355773926 794.115097045898 969.46907043457 929.980499267578 863.827011108398 662.557708740234 740.784118652344 898.967750549316 755.75323677063 753.957901000977 745.659272193909 718.054884910583 907.697608947754 928.156478881836 817.17259979248 760.893127441406 709.998565673828 747.339937210083 849.254386901855 743.622574806213 604.367454528809 796.715042114258 830.917922973633 906.559967041016 853.611053466797 834.780975341797
-9999 -9999 -9999 -9999 -9999 -9999 -9999 -9999 -9999 790.3056640625 757.769655227661 675.929252624512 728.664031982422 877.745582580566 852.494750976562 775.020113425329 1135.80983352661 919.563751220703 1062.20802307129 805.959697723389 840.67098236084 818.532600402832 776.263381958008 876.984415054321 936.775344848633 941.742492675781 856.045684814453 920.311737060547 895.437774658203 743.104866027832 758.332870483398 844.027225494385 643.685523986816 768.991630554199 904.032165527344 691.283577799797 758.992649078369 766.867835998535 588.561431884766 499.324493408203 583.810134887695 725.633934020996 640.252502441406 764.896816253662 719.00549697876 788.354034423828 998.240051269531 916.813598632812 907.541915893555 852.511573791504
-9999 -9999 -9999 -9999 -9999 -9999 -9999 -9999 -9999 -9999 -9999 733.542053222656 727.752456665039 668.070762634277 711.750679016113 709.762657165527 837.155059814453 1431.77489471436 718.519927978516 738.472316741943 1022.28512883186 1004.83093643188 815.838928222656 901.558866977692 913.77201461792 683.640083312988 725.570591926575 885.836647033691 1006.90492248535 1043.81415557861 852.488399505615 830.263852119446 724.183557510376 816.187545776367 845.082420349121 766.703437805176 787.038146972656 659.133991241455 661.508140563965 618.527503967285 618.958343505859 658.55517578125 787.88529586792 692.546607971191 641.344879150391 686.739349365234 786.646217346191 814.494934082031 776.675130844116 835.222755432129
-9999 -9999 -9999 -9999 -9999 -9999 -9999 -9999 -9999 -9999 -9999 -9999 838.304004669189 745.204395294189 657.758184432983 604.830726623535 858.689270019531 1406.33995437622 1012.00584411621 1163.4901676178 1169.76470184326 1285.98361206055 1133.41549682617 1174.74085998535 822.875907897949 645.420806884766 802.555702209473 865.100833892822 925.156898498535 1006.80598449707 850.530132293701 794.421598434448 872.626842498779 752.524824976921 867.8935546875 677.385566711426 745.322677612305 730.158086776733 777.511604309082 756.209600448608 810.471374511719 729.862808227539 784.496660232544 740.707075119019 733.262229919434 710.85597038269 692.935317993164 650.124877929688 729.553009033203 765.612092852592
-9999 -9999 -9999 -9999 -9999 -9999 -9999 -9999 -9999 -9999 -9999 -9999 922.380157470703 664.030067443848 727.137630462646 689.011905593798 598.14875793457 891.700134277344 786.082740783691 643.697006225586 810.783302307129 863.860981464386 863.317306518555 913.252311706543 915.674468994141 759.079669952393 1296.97704696655 853.839084625244 1115.84083557129 982.760495185852 862.568595409393 888.587547302246 879.079475402832 725.950773239136 739.317237854004 951.180969238281 756.476917266846 763.187257766724 783.281433105469 929.952011108398 840.903606414795 893.094909667969 886.304595947266 888.776138305664 765.569709777832 692.81502532959 581.731903076172 733.099765777588 689.776359558105 680.568489074707
-9999 -9999 -9999 -9999 -9999 -9999 -9999 -9999 -9999 -9999 -9999 -9999 -9999 905.926864624023 832.311317443848 826.878871917725 643.974365234375 820.915809631348 910.890382766724 734.064178466797 799.913280487061 812.469264984131 892.779014587402 928.657066345215 882.635047912598 780.97447013855 834.97647857666 887.350570678711 910.327911376953 808.415637969971 1088.3436088562 790.242713928223 766.851219177246 779.941042900085 808.394821166992 891.937648773193 835.435836791992 788.680770874023 845.678838729858 846.293640136719 742.836223602295 768.482353687286 886.583908081055 1052.81530761719 679.760116577148 742.65411567688 708.945793151855 798.420206069946 730.129814147949 664.827598571777
-9999 -9999 -9999 -9999 -9999 -9999 -9999 -9999 -9999 -9999 -9999 -9999 -9999 -9999 756.791452407837 791.385429382324 854.365003585815 778.006378173828 850.369842529297 934.615055084229 829.58532333374 805.557518005371 966.032138824463 954.691047668457 910.790306091309 785.090507507324 727.127840042114 952.206062316895 892.008773803711 648.910903930664 787.299526453018 765.413509368896 786.925325393677 975.09895324707 835.478378295898 735.056293487549 805.124305725098 788.364074707031 838.953832626343 763.776023864746 814.904328614473 701.436180114746 946.437866210938 943.439262390137 847.418474197388 889.676742553711 860.344802856445 776.865203857422 799.737606525421 865.116012573242
-9999 -9999 -9999 -9999 -9999 -9999 -9999 -9999 -9999 -9999 -9999 -9999 -9999 -9999 977.079887390137 815.384731292725 754.960432052612 714.511878967285 638.075286865234 796.754219055176 1013.3171005249 884.095971107483 869.532223701477 901.625957489014 918.989974975586 925.566253662109 1023.73651123047 848.168417930603 989.582580566406 734.242614746094 538.219665527344 795.947913169861 1168.59619140625 899.794281005859 785.524354934692 721.306423187256 689.670783996582 767.269288063049 824.771097183228 894.254043579102 848.718700408936 875.259433746338 793.22620010376 808.938858032227 889.335582733154 848.073822021484 884.352165222168 891.112274169922 828.317546844482 967.141845703125
