simdem/realisation27.asc
NCOLS 350 
NROWS 171 
XLLCORNER 152620 
YLLCORNER 418050 
CELLSIZE 100 
NODATA_value -9999 
[rows 110 to 131 of 171, columns 200 to 249 of 350]
-9999 -9999 -9999 880.257766723633 701.467399597168 592.190071582794 719.183151245117 790.292287826538 758.157670497894 994.185134887695 739.21785736084 730.750461578369 702.407720565796 705.078699111938 534.84009552002 518.951522827148 685.347007751465 523.083969116211 565.382362365723 598.149503707886 601.170316696167 565.018054962158 661.56859588623 494.942253112793 538.349758148193 565.629795074463 658.030332565308 576.49503326416 546.793731689453 506.924926757812 615.78804397583 641.319759368896 642.549270629883 691.299592971802 598.34680557251 685.971371173859 843.17366027832 633.527412414551 578.746078491211 688.754707336426 685.891874313354 721.78343963623 702.210674285889 637.614959716797 1037.51202392578 667.093658447266 789.552398681641 1231.20107078552 641.839630126953 756.371658325195
-9999 -9999 -9999 -9999 805.650414466858 718.294251441956 599.170524597168 801.779430389404 754.099721908569 931.224067687988 818.119750976562 754.873420715332 699.291076660156 565.664978027344 484.610000610352 623.009336471558 567.912544250488 562.178970336914 565.00671005249 602.253059387207 573.389450073242 438.46875 1172.85874938965 387.345794677734 502.905715942383 474.925201416016 616.378009796143 769.917575836182 587.216926574707 467.573745727539 516.289886474609 644.670734405518 743.573715209961 575.61304473877 662.954344749451 744.816619873047 815.171768188477 854.582450866699 745.511711120605 711.737312316895 844.688285827637 715.342525482178 548.960571289062 934.510612487793 606.428977966309 937.13995552063 1130.96461486816 889.334968566895 685.875595092773 928.477246761322
-9999 -9999 -9999 -9999 801.484712600708 750.312931060791 698.695397377014 658.57096862793 712.834587097168 771.225357055664 795.453685760498 600.544631958008 556.167266845703 638.216022491455 684.45806312561 534.600524902344 666.999933242798 528.786041259766 637.683511257172 756.420280456543 505.199188232422 468.700408935547 478.458221435547 643.385215759277 610.320388793945 524.595199584961 649.120122909546 638.860668182373 666.543212890625 640.270782470703 618.426248550415 662.067247390747 733.414115905762 749.553455352783 702.290842056274 579.447265625 669.132486343384 939.33122253418 947.107864379883 886.683502197266 702.88557434082 653.916534423828 680.090133666992 932.535968780518 532.830291748047 890.598846435547 1021.62962341309 1042.15409088135 802.675234794617 751.342239379883
-9999 -9999 -9999 -9999 -9999 649.321166992188 574.728927612305 597.018035888672 818.592918395996 649.80199432373 1086.07331848145 709.434341430664 672.815662384033 621.083377838135 636.663234710693 521.417114257812 618.453861236572 454.784378051758 467.638977050781 764.965362548828 565.77335357666 841.640777587891 426.310440063477 486.74333190918 584.886260986328 564.495880126953 746.808437347412 725.907005310059 748.302764892578 616.677602767944 527.625457763672 628.276893615723 632.726173400879 606.880958557129 679.206516265869 751.83553314209 603.041381835938 633.701385498047 730.907955169678 622.064453125 785.620506286621 866.212368011475 846.660720825195 814.975821733475 770.300563812256 762.686603546143 1015.37578582764 1274.00479888916 863.55122756958 817.811813354492
-9999 -9999 -9999 -9999 -9999 792.203554153442 492.56672668457 443.417297363281 578.037788391113 676.006721496582 1165.35488891602 715.849754333496 646.222648620605 553.747169494629 516.15510559082 506.048156738281 578.776496887207 553.166801452637 444.746994018555 464.739196777344 1081.12936401367 517.173263549805 632.192024230957 545.261566162109 540.430870056152 666.374483108521 860.289596557617 862.614929199219 727.820920944214 659.861877441406 637.624420166016 590.342468261719 645.057613372803 553.491287231445 526.523086547852 743.551094055176 540.049224853516 631.389083862305 706.896562576294 597.077919006348 688.10131072998 830.348188400269 838.948167800903 695.452056884766 808.42309319973 736.438142776489 808.951852798462 901.626840114594 805.157432556152 808.498729705811
-9999 -9999 -9999 -9999 -9999 673.439086914062 756.571739196777 650.036870956421 670.895584106445 781.274183273315 902.078666687012 849.968040466309 619.498649597168 589.704483032227 675.492540359497 555.396987915039 485.220108032227 501.503860473633 432.279403686523 1118.28807067871 609.927581787109 634.638757705688 839.459259033203 735.827415466309 563.194274902344 649.102630615234 628.053237915039 710.664767980576 673.047554016113 583.936157226562 544.817352294922 540.436309814453 624.008201599121 635.892490386963 659.378984451294 632.504531860352 680.977801322937 675.358055114746 742.981601715088 868.938407897949 643.250909805298 939.035461425781 840.771636962891 1150.0738067627 789.629105091095 691.21565246582 725.564423561096 738.213787078857 845.197708129883 700.719848632812
-9999 -9999 -9999 -9999 -9999 -9999 825.274341583252 755.708808898926 799.952663421631 671.692529678345 760.490340232849 843.155015707016 729.034965515137 682.339765548706 753.293016433716 511.754425048828 474.899353027344 418.363037109375 550.464630126953 590.175567626953 605.780242919922 684.267011642456 668.305257201195 606.335189819336 665.338317871094 520.025131225586 505.605865478516 674.411529541016 723.783874213696 671.065505981445 675.060794830322 729.143123626709 727.725799560547 664.041271209717 669.799385070801 684.38014793396 660.12361907959 583.66227722168 657.944295883179 766.403743743896 773.624075889587 790.142792224884 873.079986572266 831.872909545898 831.563858032227 784.9169921875 1024.39582061768 1056.56481170654 784.294860839844 938.484375
-9999 -9999 -9999 -9999 -9999 -9999 991.444198608398 1448.12028884888 1381.64643859863 720.575382232666 647.508485794067 665.254264831543 1007.76222991943 675.519401550293 497.5146484375 443.237762451172 387.155487060547 536.621444702148 1006.08103942871 607.482475280762 710.942499160767 723.357772827148 659.756383895874 661.097520828247 759.600303649902 494.965576171875 742.19529914856 737.916522979736 830.393974304199 722.287362098694 681.996841430664 611.841644287109 720.025709152222 905.432373046875 844.305702209473 1002.62957763672 850.228073120117 785.546842575073 594.654937744141 682.971462249756 724.391490459442 766.32181930542 648.006713867188 721.797580718994 752.037935256958 682.028831481934 794.209129333496 851.817527770996 937.075439453125 660.095550537109
-9999 -9999 -9999 -9999 -9999 -9999 -9999 986.66411781311 891.546722412109 906.018997192383 789.541007995605 752.31086730957 527.462860107422 901.920110702515 690.925628662109 501.507858276367 345.877593994141 1293.1443939209 576.944320678711 691.163373947144 768.234100341797 650.491067886353 666.228469848633 693.853698730469 818.572418212891 639.317558288574 677.042476654053 1077.16757202148 900.244319915771 758.635250091553 567.578071594238 755.057208120823 681.506469726562 789.054489135742 762.871070861816 956.406917572021 909.534194946289 944.784847259521 1081.51782989502 552.109680175781 664.577606201172 695.740047454834 729.200054168701 796.924427032471 734.620391845703 767.316795349121 700.937223434448 762.426258087158 886.195678710938 765.989189147949
-9999 -9999 -9999 -9999 -9999 -9999 -9999 -9999 849.09587097168 776.051704406738 895.348815917969 769.168342590332 704.200618743896 654.073989868164 582.071060180664 541.527069091797 1363.18524169922 550.685333251953 591.490631103516 821.263763427734 782.696601867676 712.21854019165 695.524471282959 700.859661102295 838.984893798828 696.699927330017 705.264291763306 808.267074584961 881.548162460327 662.809372901917 569.667488098145 561.466957092285 568.596778869629 742.633865356445 677.905456542969 787.147926330566 893.299430847168 867.968902587891 859.303009033203 749.291732788086 740.599431991577 741.498140335083 728.718450546265 718.027629852295 559.915740966797 688.817562103271 562.210441589355 715.460174560547 738.088854312897 562.87942814827
-9999 -9999 -9999 -9999 -9999 -9999 -9999 -9999 -9999 1344.86770820618 1401.90477752686 1180.33517074585 621.8768491745 615.778289794922 591.191467285156 507.389587402344 748.892578125 665.354614257812 693.840454101562 719.415496826172 625.861045837402 628.938987731934 606.665420532227 629.419441223145 791.810668945312 878.642753601074 610.490532040596 546.938944816589 831.217475891113 761.690406799316 704.971260070801 533.269999504089 377.152877807617 304.009292602539 675.545562744141 653.448638916016 730.309036254883 908.482238769531 873.477149963379 772.677764892578 1129.28444671631 861.175827026367 691.049457550049 869.913726806641 599.2419090271 613.354571342468 613.597198486328 552.196151733398 626.326694488525 565.882874011993
-9999 -9999 -9999 -9999 -9999 -9999 -9999 -9999 -9999 -9999 1037.6218996048 744.714996337891 459.558555603027 617.422595977783 564.686218261719 512.608856201172 664.922096252441 804.529960632324 849.937753677368 723.534173965454 753.014037489891 817.67008972168 593.161483764648 712.584018707275 1012.43665313721 793.555875778198 465.594394683838 621.875944137573 690.851829528809 761.735702514648 847.562515258789 718.10205078125 577.715406417847 347.615585327148 697.825637817383 663.407531738281 628.482467651367 669.352691650391 778.792221069336 899.849212646484 1009.23740005493 698.946448802948 737.800572395325 894.424560546875 749.686279296875 768.851219177246 599.530876159668 561.865791320801 505.930465698242 549.080307006836
-9999 -9999 -9999 -9999 -9999 -9999 -9999 -9999 -9999 -9999 -9999 1307.55130767822 1007.26033782959 1016.9259185791 550.840595245361 665.197826385498 772.003087997437 787.996362686157 812.629539489746 763.300716012716 748.654850006104 833.411354064941 740.052629470825 608.971179962158 883.655731201172 718.425729751587 908.808127403259 939.347204208374 820.877876281738 725.425810813904 933.335899353027 753.225563049316 747.846016407013 589.78645324707 634.575538635254 723.819885253906 799.293643951416 726.605918884277 745.589141845703 744.05744934082 969.206171035767 786.456886291504 858.749237060547 652.230655670166 770.761993408203 801.56266784668 504.796234130859 603.524551391602 600.059120178223 571.108489990234
-9999 -9999 -9999 -9999 -9999 -9999 -9999 -9999 -9999 -9999 -9999 -9999 1063.85021400452 1195.83684158325 647.124500274658 497.714653015137 550.27116394043 587.941596984863 773.218437194824 771.72038269043 616.499656677246 642.490158081055 657.828413009644 507.88516998291 704.009387969971 908.291976928711 803.769882202148 800.190612792969 702.501502990723 882.623565673828 825.247188568115 886.290744781494 786.891250610352 705.728889465332 627.828674316406 630.705570220947 780.797576904297 847.294762134552 734.746444702148 673.954803466797 947.299659729004 952.193588256836 899.357933044434 702.844509124756 658.601818084717 740.406820297241 664.587465286255 640.041603088379 646.238563537598 620.1181640625
-9999 -9999 -9999 -9999 -9999 -9999 -9999 -9999 -9999 -9999 -9999 -9999 -9999 -9999 685.594848632812 537.575485229492 528.22331237793 1006.39430522919 526.838573455811 708.446380615234 629.755706787109 526.869915008545 659.604263305664 609.706115722656 693.533981323242 764.945955276489 772.031072616577 805.484798431396 932.726551055908 883.380952835083 754.620407104492 762.594535827637 754.338081359863 775.405462265015 826.681686401367 626.577308654785 747.020156860352 947.584475517273 766.470771789551 995.42554473877 1040.69052886963 1207.8098449707 782.310073852539 734.780754089355 761.440353393555 573.223304748535 736.403718948364 766.700359344482 715.040904045105 794.263290405273
-9999 -9999 -9999 -9999 -9999 -9999 -9999 -9999 -9999 -9999 -9999 -9999 -9999 -9999 -9999 -9999 -9999 1127.86042881012 827.592140197754 640.890773773193 806.978540420532 913.086639404297 791.469967842102 609.344985961914 688.226501464844 718.758392333984 555.691421508789 667.016592025757 775.867190361023 779.185439586639 644.92699432373 739.141661643982 691.940689086914 768.532325744629 740.034074306488 627.468191146851 786.975364685059 861.410118103027 737.874137878418 544.717798233032 497.400825500488 983.351600646973 537.457527160645 696.069936752319 764.485778808594 739.174068450928 580.343109130859 730.695018768311 782.019882202148 867.544296264648
-9999 -9999 -9999 -9999 -9999 -9999 -9999 -9999 -9999 -9999 -9999 -9999 -9999 -9999 -9999 -9999 -9999 -9999 -9999 -9999 837.87903213501 923.897071838379 950.095947265625 856.736221313477 922.329795837402 765.683937072754 689.943717956543 774.479898452759 765.677383422852 717.766944885254 700.55297088623 777.964206695557 664.861999511719 629.540252685547 714.066051483154 615.861938476562 760.38489151001 995.636978149414 870.16123008728 672.221272945404 583.311447143555 864.532272338867 609.803771972656 797.916969299316 801.043800354004 734.586835861206 668.938341140747 712.261079788208 599.832527160645 721.867521286011
-9999 -9999 -9999 -9999 -9999 -9999 -9999 -9999 -9999 -9999 -9999 -9999 -9999 -9999 -9999 -9999 -9999 -9999 -9999 -9999 -9999 -9999 -9999 -9999 -9999 796.305809020996 882.221858739853 844.863842010498 876.49280166626 772.662063598633 756.460723876953 892.304100036621 775.496444702148 560.984161376953 633.296802520752 815.383459091187 1136.5439453125 805.157947540283 789.715263366699 506.412979125977 519.156173706055 976.269647598267 756.79956817627 665.893703460693 658.937316894531 657.296783447266 590.992805480957 665.393039703369 595.185188293457 775.261871337891
-9999 -9999 -9999 -9999 -9999 -9999 -9999 -9999 -9999 -9999 -9999 -9999 -9999 -9999 -9999 -9999 -9999 -9999 -9999 -9999 -9999 -9999 -9999 -9999 -9999 -9999 -9999 -9999 -9999 838.646606445312 791.026641845703 832.954170227051 673.602981567383 607.432144165039 599.516815185547 714.952573776245 890.299289703369 858.881851196289 571.634674072266 326.559478759766 489.165298461914 720.758437633514 591.632820129395 696.737785339355 649.613609313965 650.973442077637 696.437238693237 759.782859802246 614.754035949707 786.147392272949
-9999 -9999 -9999 -9999 -9999 -9999 -9999 -9999 -9999 -9999 -9999 -9999 -9999 -9999 -9999 -9999 -9999 -9999 -9999 -9999 -9999 -9999 -9999 -9999 -9999 -9999 -9999 -9999 -9999 -9999 -9999 1140.43965911865 864.878177642822 738.88037109375 725.592098236084 724.787349700928 900.267604827881 654.827417373657 660.234558105469 411.939865112305 710.215194702148 656.291144371033 818.244636535645 687.400114059448 557.436004638672 683.150288105011 662.41651725769 739.846919283271 770.485343933105 798.397304534912
-9999 -9999 -9999 -9999 -9999 -9999 -9999 -9999 -9999 -9999 -9999 -9999 -9999 -9999 -9999 -9999 -9999 -9999 -9999 -9999 -9999 -9999 -9999 -9999 -9999 -9999 -9999 -9999 -9999 -9999 -9999 -9999 850.809875488281 1048.56373596191 883.19509601593 794.517636299133 764.129942893982 864.494178771973 572.264476776123 494.36841583252 878.367477416992 785.535152435303 850.823196411133 701.21463394165 504.643569946289 687.552945613861 773.357261657715 677.737277984619 757.261940002441 757.419780731201
-9999 -9999 -9999 -9999 -9999 -9999 -9999 -9999 -9999 -9999 -9999 -9999 -9999 -9999 -9999 -9999 -9999 -9999 -9999 -9999 -9999 -9999 -9999 -9999 -9999 -9999 -9999 -9999 -9999 -9999 -9999 -9999 -9999 1039.83682250977 935.005100250244 712.668823242188 730.52067565918 648.000066757202 794.402629852295 631.143585205078 935.219863891602 745.20272064209 748.465538024902 792.523628234863 740.801296234131 667.622207641602 661.868228912354 814.466178894043 684.146165847778 677.450508117676
