simdem/realisation54.asc
NCOLS 350 
NROWS 171 
XLLCORNER 152620 
YLLCORNER 418050 
CELLSIZE 100 
NODATA_value -9999 
[rows 110 to 131 of 171, columns 300 to 349 of 350]
689.757171630859 752.975040435791 800.98579788208 709.6422996521 662.962471008301 1052.22846603394 841.161066055298 811.80632019043 878.720062255859 591.981979370117 776.899002075195 711.923851013184 1800.0759601593 965.952198028564 727.842651367188 782.204132080078 1400.34465789795 876.295721054077 1144.56169509888 -9999 -9999 -9999 -9999 -9999 -9999 -9999 -9999 -9999 -9999 -9999 -9999 -9999 -9999 -9999 -9999 -9999 -9999 -9999 -9999 -9999 -9999 -9999 -9999 -9999 -9999 -9999 -9999 -9999 -9999 -9999
680.517608642578 733.76195526123 550.880249023438 763.679896354675 820.125381469727 882.657600402832 1374.17221069336 1379.14351654053 571.615661621094 713.340515136719 1381.89793395996 617.425128936768 859.010269165039 869.509008407593 744.363998413086 661.71809387207 1000.33525085449 1377.81954574585 1229.49667739868 -9999 -9999 -9999 -9999 -9999 -9999 -9999 -9999 -9999 -9999 -9999 -9999 -9999 -9999 -9999 -9999 -9999 -9999 -9999 -9999 -9999 -9999 -9999 -9999 -9999 -9999 -9999 -9999 -9999 -9999 -9999
903.853942871094 828.442390441895 1145.44079589844 770.554887771606 850.158050537109 815.975689888 814.969833374023 976.722724914551 727.271469116211 1570.42417907715 1073.75626373291 698.720016479492 757.16039276123 1032.56199645996 740.617568969727 1009.2431640625 519.459503173828 950.600158691406 1754.99179077148 802.722473144531 -9999 -9999 -9999 -9999 -9999 -9999 -9999 -9999 -9999 -9999 -9999 -9999 -9999 -9999 -9999 -9999 -9999 -9999 -9999 -9999 -9999 -9999 -9999 -9999 -9999 -9999 -9999 -9999 -9999 -9999
776.403327941895 869.028348922729 993.561218261719 856.16756439209 801.535470962524 780.89239692688 843.508569717407 887.406826019287 827.911422729492 2274.8532333374 847.313751220703 879.933143615723 724.102676391602 1067.70899963379 1088.59341430664 969.181579589844 964.265029907227 704.743896484375 893.261749267578 1207.39122009277 1049.24375915527 -9999 -9999 -9999 -9999 -9999 -9999 -9999 -9999 -9999 -9999 -9999 -9999 -9999 -9999 -9999 -9999 -9999 -9999 -9999 -9999 -9999 -9999 -9999 -9999 -9999 -9999 -9999 -9999 -9999
859.511554718018 842.301631599665 849.988729476929 990.457015991211 823.695991516113 744.986396789551 747.879680633545 704.765747070312 823.886867523193 1155.02220153809 887.12174987793 1183.29397201538 944.398818969727 921.932388305664 601.773742675781 886.31534576416 776.97583770752 864.476539611816 1015.07766723633 885.493988037109 778.174667358398 -9999 -9999 -9999 -9999 -9999 -9999 -9999 -9999 -9999 -9999 -9999 -9999 -9999 -9999 -9999 -9999 -9999 -9999 -9999 -9999 -9999 -9999 -9999 -9999 -9999 -9999 -9999 -9999 -9999
926.732456207275 891.745895385742 861.357110977173 947.694953918457 1075.30743408203 706.95686340332 546.557632446289 731.259490966797 597.680297851562 865.944000244141 1279.52807617188 776.480293273926 836.577037811279 1265.9222869873 788.454727172852 853.472856044769 1181.51432800293 905.750915527344 903.052673339844 759.423522949219 867.884674072266 683.698974609375 -9999 -9999 -9999 -9999 -9999 -9999 -9999 -9999 -9999 -9999 -9999 -9999 -9999 -9999 -9999 -9999 -9999 -9999 -9999 -9999 -9999 -9999 -9999 -9999 -9999 -9999 -9999 -9999
922.533798217773 829.486770629883 927.206393957138 1149.75456619263 751.288432717323 642.66051864624 1229.1891784668 538.431747436523 652.999450683594 941.734771728516 1040.66540527344 1615.701171875 947.746109008789 1045.30213928223 826.81298828125 729.124099731445 1377.96071624756 1035.54266357422 797.956169128418 764.007026672363 896.509254455566 954.050872802734 1241.02610778809 -9999 -9999 -9999 -9999 -9999 -9999 -9999 -9999 -9999 -9999 -9999 -9999 -9999 -9999 -9999 -9999 -9999 -9999 -9999 -9999 -9999 -9999 -9999 -9999 -9999 -9999 -9999
821.045074462891 589.774391174316 918.785751342773 944.213680267334 1303.27512741089 1256.22039031982 571.956031799316 557.748016357422 633.5185546875 447.183197021484 905.578666687012 955.371159076691 1286.24154472351 1258.85311126709 955.10408449173 909.188293457031 892.370742797852 744.025535583496 797.385645866394 704.084136962891 927.75200843811 951.420394897461 985.679992675781 -9999 -9999 -9999 -9999 -9999 -9999 -9999 -9999 -9999 -9999 -9999 -9999 -9999 -9999 -9999 -9999 -9999 -9999 -9999 -9999 -9999 -9999 -9999 -9999 -9999 -9999 -9999
876.358062744141 786.268054962158 882.919357299805 975.967140197754 951.560905456543 749.402397155762 755.565605163574 887.296028137207 607.608779907227 544.146179199219 939.295091629028 718.385089874268 879.171069145203 986.831909179688 790.309417724609 974.611045837402 405.687255859375 564.890197753906 852.501317977905 787.398893356323 724.807884216309 879.569999694824 1030.09903717041 853.936866760254 -9999 -9999 -9999 -9999 -9999 -9999 -9999 -9999 -9999 -9999 -9999 -9999 -9999 -9999 -9999 -9999 -9999 -9999 -9999 -9999 -9999 -9999 -9999 -9999 -9999 -9999
868.637190818787 709.75569152832 616.761680603027 873.193016052246 1040.54095554352 758.394821166992 747.991558074951 638.242218017578 527.943786621094 662.768844604492 988.660423278809 952.070411682129 973.05704498291 1183.70891571045 1162.10254669189 723.157974243164 783.702816009521 617.172286987305 780.619155883789 844.709466934204 773.780307769775 718.312026977539 771.638969421387 798.413681030273 956.58349609375 -9999 -9999 -9999 -9999 -9999 -9999 -9999 -9999 -9999 -9999 -9999 -9999 -9999 -9999 -9999 -9999 -9999 -9999 -9999 -9999 -9999 -9999 -9999 -9999 -9999
1081.5470123291 1824.462059021 962.53157377243 993.011871337891 1188.32112121582 848.282012939453 622.170028686523 628.897476196289 716.982360839844 1535.92903900146 891.40113067627 880.58617401123 943.394233703613 1162.81429290771 939.115776062012 1381.33526611328 781.597461700439 715.714645385742 675.030166625977 733.571197509766 889.028945922852 898.753831863403 840.247413635254 869.677865982056 889.185239315033 827.804298400879 -9999 -9999 -9999 -9999 -9999 -9999 -9999 -9999 -9999 -9999 -9999 -9999 -9999 -9999 -9999 -9999 -9999 -9999 -9999 -9999 -9999 -9999 -9999 -9999
815.721939086914 677.712661743164 1281.24549484253 984.486473083496 1295.92050933838 1572.75835418701 1036.47007751465 773.006652832031 835.69490814209 917.87558555603 721.887100219727 662.374771118164 737.225227355957 771.571430206299 988.454216003418 883.247434616089 737.612045288086 783.989753723145 787.999073028564 826.37228012085 880.11890411377 1006.38003540039 861.850776672363 730.106155395508 968.017044067383 816.29175567627 -9999 -9999 -9999 -9999 -9999 -9999 -9999 -9999 -9999 -9999 -9999 -9999 -9999 -9999 -9999 -9999 -9999 -9999 -9999 -9999 -9999 -9999 -9999 -9999
1075.45377349854 1006.84629631042 1211.44848608971 1031.14971923828 1279.19129943848 1369.50198745728 1443.58791732788 1115.59797286987 1151.17156982422 1195.94077301025 1064.31080341339 755.533470153809 844.02158164978 981.739501953125 745.716209411621 705.917274475098 680.902702331543 830.600791931152 728.225601196289 819.078517913818 946.093597412109 843.454583287239 933.255874633789 680.776916503906 772.188758850098 931.066535949707 896.254161834717 -9999 -9999 -9999 -9999 -9999 -9999 -9999 -9999 -9999 -9999 -9999 -9999 -9999 -9999 -9999 -9999 -9999 -9999 -9999 -9999 -9999 -9999 -9999
1256.63882064819 1029.13526153564 1013.52857971191 986.480735778809 863.492797851562 1479.69458007812 1486.42102131248 1137.66063547134 1141.05442810059 1123.71278381348 849.150928497314 703.627738952637 802.495361328125 815.894444704056 847.733866930008 798.47541809082 781.21989440918 670.074317932129 707.344123840332 805.524875640869 796.47838973999 799.564811706543 841.675197601318 914.245780944824 722.329475402832 703.717376708984 824.485580444336 960.389545440674 -9999 -9999 -9999 -9999 -9999 -9999 -9999 -9999 -9999 -9999 -9999 -9999 -9999 -9999 -9999 -9999 -9999 -9999 -9999 -9999 -9999 -9999
954.204374313354 1022.21389770508 971.241218566895 1041.62948226929 1002.61408472061 1129.28558921814 1454.99249649048 1119.40741729736 1046.0426197052 1006.23460388184 830.347596168518 804.559331417084 877.838401794434 843.412998199463 609.059417724609 759.710754394531 706.813568115234 777.750363826752 844.30205321312 807.617605566978 691.838768005371 744.064506530762 772.931938171387 825.161731719971 776.097621917725 865.352226257324 870.617327690125 915.855306625366 837.188892364502 -9999 -9999 -9999 -9999 -9999 -9999 -9999 -9999 -9999 -9999 -9999 -9999 -9999 -9999 -9999 -9999 -9999 -9999 -9999 -9999 -9999
926.142860651016 797.190856933594 919.35845375061 1023.6521987915 1392.12686920166 1064.97590446472 1098.80725860596 994.904083251953 760.724945068359 808.578527450562 897.348266601562 884.241527557373 851.434173583984 834.504589080811 743.790454864502 890.264930725098 662.573379516602 889.31014251709 981.295623779297 818.501121520996 889.208366394043 947.968170166016 803.213582992554 832.057309031487 749.457572937012 713.729072570801 845.892120361328 969.03564453125 991.136558532715 -9999 -9999 -9999 -9999 -9999 -9999 -9999 -9999 -9999 -9999 -9999 -9999 -9999 -9999 -9999 -9999 -9999 -9999 -9999 -9999 -9999
935.406181335449 884.59440279007 1347.84200286865 1314.64608383179 1075.33361649513 1118.10297012329 1178.54385375977 962.885833740234 1281.7897605896 956.438659667969 835.139823913574 765.229755401611 844.841083526611 760.066681861877 931.35139465332 831.333005905151 822.927024841309 907.260631561279 836.320196151733 843.286289215088 810.389682769775 794.412018299103 852.992149353027 906.758804321289 866.907978057861 829.230862617493 870.245922088623 996.985214233398 879.018297195435 797.751510620117 -9999 -9999 -9999 -9999 -9999 -9999 -9999 -9999 -9999 -9999 -9999 -9999 -9999 -9999 -9999 -9999 -9999 -9999 -9999 -9999
848.150436401367 893.731803894043 1023.13381958008 1575.93256855011 2132.56401062012 1409.3402557373 1218.78944206238 1052.16472625732 1331.6284866333 788.455535888672 777.952701568604 591.813003540039 761.641670227051 814.938571214676 765.523440361023 898.921356201172 818.061241149902 709.682670593262 915.438953399658 929.299072265625 701.057586669922 855.668048858643 737.632637023926 780.407741546631 925.988105773926 988.498306274414 916.303981781006 985.367134094238 930.753265380859 875.372398376465 895.656787872314 -9999 -9999 -9999 -9999 -9999 -9999 -9999 -9999 -9999 -9999 -9999 -9999 -9999 -9999 -9999 -9999 -9999 -9999 -9999
1108.63298797607 994.368968963623 838.780502319336 1376.13787674904 1538.7032699585 1613.58905029297 1573.39068603516 1272.41002655029 1036.45913910866 957.103325843811 993.869836807251 926.628372192383 1033.44538879395 1013.65694046021 835.86799287796 791.177005767822 792.505470275879 831.014570236206 816.356541633606 885.443422317505 748.579418182373 762.27840423584 854.411648750305 773.556037902832 915.906089782715 780.494920730591 854.92778968811 784.350372314453 874.761625289917 820.789001464844 853.934928894043 -9999 -9999 -9999 -9999 -9999 -9999 -9999 -9999 -9999 -9999 -9999 -9999 -9999 -9999 -9999 -9999 -9999 -9999 -9999
1209.86887741089 960.03089427948 882.075592041016 1520.99684143066 1286.53207397461 1655.65371704102 1449.1120300293 1348.44749450684 1818.25550842285 1334.44969558716 1283.69027709961 1061.17084503174 1198.08779144287 1799.76007080078 1173.62136077881 805.704025268555 781.513717651367 950.786376953125 958.443908691406 856.638988494873 814.937278747559 910.317494392395 862.710623383522 812.080743789673 846.578711509705 875.7688331604 882.004040718079 992.06468963623 876.692472279072 848.679651260376 998.649215698242 882.091114521027 -9999 -9999 -9999 -9999 -9999 -9999 -9999 -9999 -9999 -9999 -9999 -9999 -9999 -9999 -9999 -9999 -9999 -9999
997.164985656738 935.740741729736 867.784049987793 1071.4428396225 885.013772010803 1297.53799438477 1687.2328338623 1474.14881896973 1120.08152770996 1430.44229888916 1489.84516906738 1052.15457630157 1178.14543151855 1500.81065368652 947.858630180359 827.663192749023 872.960742950439 884.795669555664 833.700123786926 903.202060699463 849.231298923492 773.02668762207 871.711624145508 853.613521575928 915.076805114746 1139.18173217773 1119.755859375 1055.19415283203 932.810173988342 813.250877380371 810.263628005981 819.498752593994 985.682540893555 -9999 -9999 -9999 -9999 -9999 -9999 -9999 -9999 -9999 -9999 -9999 -9999 -9999 -9999 -9999 -9999 -9999
718.131607055664 905.115478515625 1307.9713973999 880.24702835083 921.171932220459 1280.93800354004 1341.50286865234 1166.29473876953 1266.73645782471 1313.76583480835 1224.16586995125 1111.27755975723 1105.58877563477 1149.01567077637 912.308155059814 923.479598999023 980.354461669922 855.146858215332 842.14929485321 932.559364318848 646.080642700195 754.774078369141 751.095169067383 807.275169372559 1039.99298858643 1099.9912109375 1033.27334594727 929.420532226562 892.630020141602 734.898654937744 755.830825805664 869.04638671875 940.38641166687 -9999 -9999 -9999 -9999 -9999 -9999 -9999 -9999 -9999 -9999 -9999 -9999 -9999 -9999 -9999 -9999 -9999
