simdem/realisation42.asc
NCOLS 350 
NROWS 171 
XLLCORNER 152620 
YLLCORNER 418050 
CELLSIZE 100 
NODATA_value -9999 
[rows 88 to 109 of 171, columns 250 to 299 of 350]
962.136222839355 1008.37545776367 945.374158859253 963.699987411499 671.951309204102 852.115260124207 599.779987335205 568.074859619141 683.359741210938 697.632095336914 713.281494140625 679.437210083008 699.277421951294 902.577926635742 774.028690338135 944.053834915161 651.726745605469 804.03870010376 755.703330993652 644.196800231934 640.549684047699 822.034744262695 504.634979248047 606.249744415283 604.599166870117 753.586494445801 753.519523620605 673.596458435059 495.613784790039 515.756607055664 560.998611450195 643.772083282471 730.000734210014 654.327327728271 721.155910670757 722.029197216034 733.790790557861 708.564626693726 677.655603408813 584.99308013916 685.880294799805 613.781711578369 636.498344421387 922.855857849121 536.057083129883 798.612617492676 703.06404876709 675.06706237793 722.529983520508 793.069619297981
874.51180267334 866.282465934753 940.036468505859 945.815690994263 865.782945156097 836.727824211121 806.135536193848 713.310844421387 633.769004821777 764.521057128906 575.493774414062 709.236358642578 844.756477355957 664.223350524902 898.508735656738 837.971273422241 739.625995635986 714.480144500732 886.28409576416 588.069488525391 479.314895629883 582.499042510986 605.231647491455 554.502403259277 622.634315490723 708.832939147949 672.085754394531 628.123203277588 590.29817199707 561.104080200195 635.339202880859 711.284309387207 779.553153991699 548.052124023438 725.895917892456 551.302955627441 736.080302000046 785.394233703613 721.039430618286 665.691253185272 1286.90795135498 633.003913879395 700.307249069214 695.713562011719 819.410732150078 812.824897766113 758.469421386719 644.773956298828 848.874923706055 886.386161804199
867.297290802002 762.50284576416 807.168601989746 1141.8366394043 1087.62300109863 698.807651519775 954.543524742126 640.464202880859 693.747846126556 566.433616638184 753.643867492676 945.589038848877 678.275604248047 831.702078819275 693.920593261719 843.164333343506 678.366393089294 790.683944702148 695.406935691833 597.900672912598 740.825689315796 683.450117707253 690.596134185791 824.043838500977 851.177307128906 863.745105743408 829.259935379028 734.844757080078 748.542724609375 588.660232543945 624.689643859863 775.698448181152 753.289809942245 495.924377441406 545.823013305664 746.150199890137 755.590103149414 723.97972869873 626.08832359314 600.356910705566 889.139846801758 483.968170166016 731.351015090942 753.030349731445 799.93469619751 732.584419250488 933.524185180664 691.064147949219 754.449638366699 1107.71942710876
840.879180908203 777.780717849731 749.527626037598 849.087322235107 1282.27642822266 1438.31578826904 888.828903198242 604.791015625 707.170597076416 745.594371795654 752.041709899902 743.762161254883 613.039794921875 590.864379882812 543.939758300781 675.310554504395 702.680126190186 644.499416351318 764.061059951782 732.664665222168 775.440135955811 879.910270690918 941.468658447266 890.452667236328 841.319137573242 790.667346954346 959.294525146484 730.266761779785 973.193405151367 1202.3286819458 728.145877838135 603.441909790039 756.08468067646 528.813262939453 637.244903564453 796.334930419922 801.785110473633 647.996053338051 677.826917648315 489.629058837891 851.807678222656 957.969940185547 628.211711883545 711.668161392212 672.254868507385 610.960830688477 895.41241645813 872.051452636719 990.252708435059 1185.24638366699
808.717751026154 805.748902320862 766.466954231262 980.698387145996 1001.34073734283 868.464756011963 1213.41012191772 576.278503417969 901.949485778809 864.137404441833 899.448539733887 862.676071166992 666.9951171875 532.931533813477 628.22053527832 1221.78995895386 612.245330810547 775.212953567505 756.156066894531 695.364814758301 725.580892562866 778.440946578979 975.566650390625 860.315425872803 676.033679962158 801.434164047241 843.841251373291 735.43669128418 890.797632217407 1014.46140289307 863.252738952637 752.251934051514 693.656188964844 764.380064964294 732.766125679016 571.145050048828 666.561020374298 603.671997070312 716.878520965576 551.951049804688 277.521484375 1072.42230224609 383.709136962891 662.887222290039 736.317245483398 617.366897583008 699.59838104248 844.709886550903 773.167675018311 609.650634765625
870.318405151367 819.536170959473 1028.14559936523 1191.10534667969 1069.16130065918 931.641926288605 732.867168426514 934.713348388672 830.266969680786 1054.35079956055 984.364330291748 786.792182922363 795.774230957031 1110.13200378418 1057.37182617188 728.428461372852 751.215936660767 653.257034301758 714.120578765869 951.21484375 818.556507110596 723.503936767578 980.841995239258 839.639316558838 780.176012039185 768.097290992737 1113.74428939819 1072.91390991211 849.848868370056 987.693866729736 909.718173980713 935.016719818115 905.038665771484 813.077381134033 881.139802932739 820.829383850098 828.339197158813 563.963562011719 625.518676757812 657.181205749512 689.360630989075 1107.6110534668 453.522827148438 611.942291259766 554.246337890625 609.821731567383 568.55924987793 663.430221557617 846.994701385498 1068.09095001221
781.854004859924 864.843257904053 1095.35859680176 1131.53088378906 1012.72620391846 866.976005554199 827.124670028687 759.313060760498 804.900415420532 726.098190307617 1012.8201341629 862.951438903809 642.043884277344 862.570938110352 880.277236938477 600.200836181641 666.238048553467 710.872638702393 690.255935668945 828.036026000977 727.705165863037 686.093065261841 750.388946533203 821.763182640076 719.992828369141 1108.11354064941 789.57576751709 957.194236755371 745.027992248535 1053.8883562088 932.51904296875 868.219720840454 893.966932296753 970.290518283844 840.862491607666 844.948753356934 843.093944549561 847.608875274658 812.41463470459 674.789991378784 698.167784690857 629.12580871582 627.038482666016 535.401275634766 666.680084228516 504.609085083008 609.537925720215 609.063339233398 636.498275756836 744.179702758789
749.358108520508 619.119262695312 968.307357788086 1012.21089553833 911.339282989502 906.318664550781 1098.58351898193 844.371215820312 724.354377746582 978.247047424316 652.926651000977 1252.3948059082 947.075233459473 781.636333465576 752.735847473145 901.093978881836 690.567840576172 657.590873718262 885.226547241211 545.236755371094 737.090417861938 808.158409118652 761.849258422852 902.034454345703 1003.79486846924 1228.79859924316 958.490463256836 719.674255371094 685.146919250488 580.479232788086 1442.99934387207 830.963645935059 883.231918334961 892.182357788086 879.851398468018 947.220259666443 846.542330741882 1143.80429077148 923.639934539795 857.100997924805 700.060441970825 624.830833435059 1213.73692321777 702.785870552063 636.008636474609 521.930191040039 1098.9677734375 754.640097618103 456.857986450195 912.950134277344
901.645439147949 961.089859008789 901.710704803467 772.419868469238 865.088340759277 921.676688671112 812.282732009888 752.745590209961 1163.83573150635 933.70584487915 673.678249359131 451.430938720703 545.642120361328 547.426788330078 785.96116065979 917.529847145081 549.016815185547 861.279552459717 760.460975646973 866.58821105957 937.145553588867 1323.78302001953 1254.50839233398 587.02880859375 836.596069335938 858.884120941162 696.52758026123 592.10661315918 604.687683105469 1281.73454284668 702.465713500977 979.311508178711 936.565567016602 1023.96070861816 1256.46552658081 911.776042938232 914.065988540649 801.187309265137 964.595672607422 760.676188468933 651.243263244629 589.836868286133 1125.01663208008 601.195960998535 817.952667236328 579.070343017578 676.672218322754 647.329536437988 452.625289916992 863.840942382812
716.052932739258 831.101104736328 724.69295501709 900.891284942627 715.472694396973 932.299571990967 981.415828704834 795.405696868896 1282.7820854187 1172.46969604492 823.930141448975 710.098426818848 1240.05522155762 810.490036010742 706.375259399414 796.895432472229 728.115303039551 743.445985794067 634.423919677734 772.045537948608 668.168914794922 849.603294372559 510.193481445312 417.944793701172 298.388153076172 885.090240478516 742.357208251953 539.768127441406 566.527618408203 767.866882324219 729.96329498291 1364.7145690918 1328.28608703613 790.198997497559 887.573625564575 907.706848144531 804.257875442505 898.208847045898 855.090110778809 912.08952331543 663.580230712891 527.254623413086 749.996734619141 1381.33804321289 622.782928466797 664.643600463867 757.998596191406 765.270846366882 775.833618164062 646.8173828125
698.629898071289 1408.78416824341 1182.32174301147 834.150650024414 735.958122253418 829.470090866089 976.012016492896 1233.79569244385 903.098960876465 861.906761169434 827.001403808594 867.753688812256 640.171752929688 772.227294921875 644.556007385254 763.736618041992 755.256622314453 569.017211914062 730.580904483795 702.665515899658 773.179656982422 643.881393432617 817.029525756836 763.33740234375 250.488830566406 835.370758056641 1775.41352844238 1050.13571166992 1155.72430419922 511.611938476562 790.728973388672 644.223754882812 767.802223205566 1044.02626800537 714.860168457031 779.69828414917 729.121810913086 799.918529510498 763.854015350342 715.226718902588 712.943412780762 558.336929321289 957.842811584473 714.358337402344 514.229217529297 676.686567306519 776.236759185791 765.313493728638 707.971588134766 1075.36309814453
732.312419891357 696.469528198242 1488.86766052246 828.541206359863 708.187934875488 875.906826019287 1432.51128005981 1297.87441825867 876.76229763031 1153.33766174316 954.304748535156 1153.40477371216 1341.80850982666 1027.73986816406 946.917114257812 1061.10875701904 1003.1891784668 512.066360473633 631.247024536133 706.200050354004 1107.22011566162 776.555728912354 744.541152954102 534.226379394531 1380.28387451172 962.308120727539 959.860565185547 1218.68551635742 1105.73635864258 575.902191162109 989.826461791992 834.150588989258 880.591300964355 1181.72008514404 844.876292705536 1037.06384277344 718.830581665039 724.09024810791 743.837002754211 720.127655029297 714.890342712402 629.654142856598 690.96720123291 1087.6753692627 1347.9853515625 641.216949462891 540.109329223633 718.020580291748 805.882125854492 815.462561607361
1107.59426879883 726.883804321289 695.31746673584 816.45764541626 806.115165710449 1209.77708053589 854.91798210144 1138.21655273438 878.830894470215 1079.98419189453 1018.58588409424 774.419128417969 891.078971862793 990.97395324707 838.362815856934 756.889144897461 644.958190917969 504.165405273438 633.684646606445 789.166347503662 1257.29010772705 1246.37164306641 673.425231933594 886.448791503906 862.980032682419 1320.0241317749 775.76350402832 721.544723510742 1414.81597900391 682.909317016602 1088.31543731689 743.574829101562 1008.03852081299 897.857843399048 923.709869384766 937.269950866699 836.450016021729 820.493853449821 723.468315124512 655.719520568848 798.46533203125 685.732654571533 672.541229248047 724.942512512207 787.029754638672 607.991088867188 734.601555109024 802.139365196228 881.052932739258 809.400066375732
719.320091247559 681.36701965332 899.225860595703 648.429870605469 886.282096862793 1222.02374267578 964.43540596962 956.45318031311 965.341888427734 1008.9860458374 619.885726928711 1015.23146820068 737.163925170898 695.103256225586 1082.32875728607 622.516296386719 728.075805664062 1084.88732910156 689.311172485352 848.92488861084 1200.54734039307 750.705810546875 1211.09748077393 696.184860229492 721.514724731445 1023.86868286133 1112.76553344727 1867.87848567963 853.770439147949 1156.24412536621 1031.88748550415 819.8176612854 916.022451400757 877.265221595764 795.93176651001 792.114517211914 826.643527984619 926.34122467041 720.543075561523 690.199766159058 516.142196655273 538.622151851654 619.841823577881 716.402824401855 1040.1961479187 874.019683837891 771.734371185303 735.404273986816 780.96106004715 775.044280529022
857.847631454468 1142.93335342407 773.017288208008 785.854923248291 803.832809448242 898.905685424805 984.566329956055 943.974151611328 949.72643661499 1687.53273010254 778.919771194458 1261.1856174469 918.961654663086 761.884857177734 732.096778869629 983.210628509521 796.325031757355 686.08221244812 1613.60182952881 833.42936706543 1023.25220489502 836.095489501953 756.193206787109 1185.27284240723 1066.4669008255 1060.30352783203 809.366619110107 1744.08896636963 1038.38526916504 712.04670715332 1072.52327728271 1337.49562835693 1010.45143318176 818.843544006348 851.877847671509 815.515296936035 916.277870178223 869.029136657715 710.449085235596 654.725326538086 600.329097747803 494.675025939941 412.358543395996 651.604442596436 639.890037536621 718.761367797852 837.725563049316 800.448137760162 780.715043544769 812.441490411758
900.560516357422 1393.46831893921 1203.21002960205 820.328540802002 1355.48883104324 1031.87630081177 1128.72735214233 827.708923339844 789.348030090332 807.604156494141 894.611137390137 926.982421875 811.924751281738 966.505016326904 817.140953063965 864.22826385498 1158.43967247009 640.868728637695 628.819274902344 994.150763511658 926.820999145508 894.241101264954 951.064685821533 1245.15211486816 794.337936401367 731.792388916016 903.998657226562 771.420021057129 663.287139892578 648.865539550781 1236.00811958313 1147.760597229 844.065176963806 890.339349746704 814.845783233643 803.037384033203 862.836387634277 791.870796203613 775.40082359314 617.113178253174 611.522158622742 716.527381896973 618.224540710449 653.420433044434 711.280220031738 636.90193939209 790.526714324951 688.703502655029 814.64026260376 854.686723709106
1112.7273979187 711.219078063965 1014.75664138794 736.957450866699 680.110595703125 862.950889587402 693.21125793457 884.39905166626 829.747138977051 1138.38352966309 1090.49975585938 919.31169128418 1025.06676483154 1206.87076568604 1024.36859750748 1131.55884170532 835.367706298828 756.070587158203 687.461074829102 1015.67987442017 886.483875274658 1096.07230377197 813.311614990234 689.011436462402 666.813873291016 814.320106506348 962.986282348633 711.487808227539 1346.50326538086 1286.95220947266 1227.96337890625 904.378171443939 898.656131744385 1028.59375 914.825674057007 948.551620483398 824.89998626709 809.213989257812 757.118320465088 756.833848953247 722.179643630981 675.489730834961 647.45373916626 620.278142929077 758.435549229383 1155.14290237427 727.29239654541 777.534442901611 746.656105041504 814.779796600342
774.404716491699 634.863525390625 756.451900482178 800.048534393311 874.211854934692 993.70378112793 633.828506469727 936.382692337036 913.956713199615 1165.64675140381 997.677392959595 1360.06832122803 1539.75909423828 1009.02937316895 1010.69130706787 1000.44128417969 909.074630737305 791.96076965332 1103.11348724365 1261.91730499268 775.9381980896 862.081993103027 974.289184570312 1271.04251480103 970.679298400879 932.10996723175 964.303863525391 798.31803894043 859.069225311279 735.050773620605 754.255920410156 945.539930343628 766.222969055176 960.341606140137 889.914695739746 938.288696289062 871.583523750305 937.083423614502 904.444485664368 902.218368530273 868.143360137939 765.613146781921 632.35357093811 603.391143798828 890.60733795166 960.317485809326 833.87963104248 845.530911922455 933.474716186523 699.350051879883
641.309036254883 768.87028503418 1585.82913208008 981.207834243774 975.695381164551 1013.30822944641 764.470977783203 1168.03107261658 2033.1356716156 844.858215332031 1536.19403076172 779.047430753708 1261.96166610718 1079.02006530762 979.869926452637 1112.95707702637 850.677185058594 814.611526489258 820.495124816895 943.997035980225 856.358856201172 853.876861572266 638.69499206543 725.497673034668 738.655883789062 805.529182910919 927.446792602539 910.40030670166 921.465835571289 885.650955200195 898.898368835449 956.703903198242 748.764280319214 785.277146816254 761.547080993652 992.235122680664 1053.61459350586 631.259452819824 769.886779785156 892.82213973999 802.576198577881 788.706872940063 617.261688232422 560.524185180664 658.194107055664 917.583930969238 965.20191192627 838.784355163574 923.067779541016 758.429463863373
871.581909179688 1042.72941017151 1011.04704284668 827.186478614807 879.13102722168 1354.95463265851 1607.51264953613 1091.31513977051 714.956848144531 798.602802276611 1324.81396102905 895.248332977295 1037.40777587891 1036.78006744385 809.416610717773 1082.89737319946 872.429889678955 1013.02355098724 737.366256713867 629.030944824219 1024.84409332275 668.347366333008 589.625152587891 856.425323486328 593.326644897461 778.513702392578 821.273498535156 579.310371398926 783.210205078125 810.842987060547 971.824413299561 757.871467590332 732.731636047363 598.648223876953 843.903854370117 853.783042907715 928.001861572266 1001.15315246582 856.669063568115 827.647124767303 750.771949768066 547.585144042969 505.07502746582 503.979064941406 701.646505355835 646.794707298279 965.747222900391 724.2424659729 899.770088195801 737.48228931427
808.395866394043 1204.8292350769 1220.36045265198 899.052069664001 970.003814697266 903.91202545166 1017.02956581116 1407.95923614502 1645.44485473633 814.630237579346 939.514053344727 1184.32995414734 956.739646911621 1200.91547012329 1180.22146606445 1048.13517567515 1105.86231231689 906.371520996094 1576.60591125488 1304.42266845703 940.972229003906 749.77587890625 853.120780944824 759.215690612793 748.546257019043 947.624210357666 873.656226634979 820.583076477051 667.413604736328 866.363273620605 960.265247344971 919.505073547363 803.80908203125 763.90843963623 925.741806030273 901.579406738281 845.155087471008 735.023090362549 625.434593200684 690.699685931206 814.2378282547 904.525961875916 800.486449241638 731.739608764648 627.83568572998 595.793411254883 737.991123199463 688.441452026367 903.115661621094 1020.44429779053
554.526672363281 548.447723388672 793.257273674011 980.754894256592 1213.14940643311 1051.48604869843 794.228149414062 1119.82720947266 1707.7020111084 722.211654663086 1203.33131694794 939.473442077637 1040.36720657349 880.950635910034 1067.63149261475 1289.58082580566 1062.77767181396 979.296092987061 1140.41651916504 968.360794067383 1150.01824951172 957.343466758728 976.912239074707 612.035095214844 737.843246459961 837.731956481934 868.567184448242 968.126319885254 661.677963256836 822.153053283691 917.766712188721 745.853061676025 843.428460597992 707.358917236328 862.347393035889 778.148784637451 930.370223999023 777.223036766052 1066.68383789062 704.439212799072 791.146754264832 1017.65838623047 940.928314208984 680.311827659607 724.638130187988 710.455581665039 853.172462463379 887.034080505371 857.905334472656 855.960314273834
