simdem/realisation99.asc
NCOLS 350 
NROWS 171 
XLLCORNER 152620 
YLLCORNER 418050 
CELLSIZE 100 
NODATA_value -9999 
[rows 0 to 21 of 171, columns 200 to 249 of 350]
-9999 -9999 -9999 -9999 -9999 -9999 -9999 -9999 -9999 -9999 -9999 -9999 -9999 -9999 -9999 -9999 -9999 -9999 -9999 -9999 -9999 -9999 -9999 -9999 -9999 -9999 -9999 -9999 -9999 -9999 -9999 -9999 -9999 -9999 -9999 -9999 -9999 -9999 -9999 -9999 -9999 -9999 -9999 -9999 -9999 -9999 -9999 -9999 -9999 -9999
-9999 -9999 -9999 -9999 -9999 -9999 -9999 -9999 -9999 -9999 -9999 -9999 -9999 -9999 -9999 -9999 -9999 -9999 -9999 -9999 -9999 -9999 -9999 -9999 -9999 -9999 -9999 -9999 -9999 -9999 -9999 -9999 -9999 -9999 -9999 -9999 -9999 -9999 -9999 -9999 -9999 -9999 -9999 -9999 -9999 -9999 -9999 -9999 -9999 -9999
-9999 -9999 -9999 -9999 -9999 -9999 -9999 -9999 -9999 -9999 -9999 -9999 -9999 -9999 -9999 -9999 -9999 -9999 -9999 -9999 -9999 -9999 -9999 -9999 -9999 -9999 -9999 -9999 -9999 -9999 -9999 -9999 -9999 -9999 -9999 -9999 -9999 -9999 -9999 -9999 -9999 -9999 -9999 -9999 -9999 -9999 -9999 -9999 -9999 -9999
-9999 -9999 -9999 -9999 -9999 -9999 -9999 -9999 -9999 -9999 -9999 -9999 -9999 -9999 -9999 -9999 -9999 -9999 -9999 -9999 -9999 -9999 -9999 -9999 -9999 -9999 -9999 -9999 -9999 -9999 -9999 -9999 -9999 -9999 -9999 -9999 -9999 -9999 -9999 -9999 -9999 -9999 -9999 -9999 -9999 -9999 -9999 -9999 -9999 -9999
-9999 -9999 -9999 -9999 -9999 -9999 -9999 -9999 -9999 -9999 -9999 -9999 -9999 -9999 -9999 -9999 -9999 -9999 -9999 -9999 -9999 -9999 -9999 -9999 -9999 -9999 -9999 -9999 -9999 -9999 -9999 -9999 -9999 -9999 -9999 -9999 -9999 -9999 -9999 -9999 -9999 -9999 -9999 -9999 -9999 -9999 -9999 -9999 -9999 -9999
394.039085388184 604.687660217285 619.782047271729 623.552074432373 910.256866455078 -9999 -9999 -9999 -9999 -9999 -9999 -9999 -9999 -9999 -9999 -9999 -9999 -9999 -9999 -9999 -9999 -9999 -9999 -9999 -9999 -9999 -9999 -9999 -9999 -9999 -9999 -9999 -9999 -9999 -9999 -9999 -9999 -9999 -9999 -9999 -9999 -9999 -9999 -9999 -9999 -9999 -9999 -9999 -9999 -9999
372.791168212891 450.20583152771 433.015842437744 650.567153930664 716.47240447998 802.18293762207 616.483520507812 803.033554077148 583.704998016357 522.779148101807 -9999 -9999 -9999 -9999 -9999 -9999 -9999 -9999 -9999 -9999 -9999 -9999 -9999 -9999 -9999 -9999 -9999 -9999 -9999 -9999 -9999 -9999 -9999 -9999 -9999 -9999 -9999 -9999 -9999 -9999 -9999 -9999 -9999 -9999 -9999 -9999 -9999 -9999 -9999 -9999
893.845634460449 488.113607406616 474.281066417694 384.515167236328 679.277069091797 764.969802856445 556.201469421387 571.65145111084 478.062397003174 516.806777954102 493.214237213135 594.235382080078 511.296379089355 597.391120910645 769.089111328125 851.962890625 928.364135742188 640.038154602051 902.332824707031 888.830284118652 825.24649810791 859.958179473877 788.178276062012 777.701599121094 814.014167785645 884.410179138184 731.660446166992 830.685447692871 998.516864776611 1039.99891662598 906.14151763916 923.618277549744 855.501029968262 850.347163200378 767.970016479492 633.974594116211 954.048461914062 897.259674072266 751.643203735352 -9999 -9999 -9999 -9999 -9999 -9999 -9999 -9999 -9999 -9999 -9999
936.219539642334 932.178508758545 691.491245269775 878.951187133789 1023.8459854126 1108.5979385376 1197.54187011719 413.757297515869 441.938430786133 513.880786895752 470.296956062317 554.407424926758 492.555641174316 620.54460144043 550.917720794678 648.37629699707 609.550567626953 367.995697021484 809.271381378174 804.571533203125 688.712890625 862.93323135376 636.340270996094 847.725536346436 818.84105682373 766.612411499023 810.643144607544 861.206836700439 916.114887237549 930.24080657959 765.055465698242 786.590417861938 568.337547302246 763.733945012093 618.120559692383 670.83763885498 868.796096801758 948.011688232422 795.518928527832 630.139381408691 773.492553710938 1203.47587108612 1250.74578857422 841.722946166992 732.409339904785 -9999 -9999 -9999 -9999 -9999
1031.90613174438 1146.60542297363 832.284586906433 771.122108459473 1010.57245922089 1166.08476257324 1068.27792358398 1025.35701751709 865.538459777832 770.162933349609 703.828351974487 665.844676971436 510.318714141846 407.472385406494 587.182144165039 454.13777589798 385.4140625 387.814407348633 870.760353088379 791.70641708374 945.519203186035 785.465219497681 670.220428466797 729.340873718262 801.686319828033 734.34700012207 881.50651550293 760.184562683105 796.779281616211 856.575286865234 712.46565246582 798.004375457764 716.251079559326 881.473876953125 781.131162643433 802.060131072998 911.744659423828 1100.93768310547 518.817337036133 643.955085754395 733.237361907959 1040.86364746094 804.910202026367 786.989929199219 741.426963806152 1206.42106628418 623.489974975586 -9999 -9999 -9999
860.809772491455 776.58996963501 1091.95593261719 1303.2551574707 1240.4407043457 1197.38570404053 1220.28342628479 1081.84368515015 904.53476524353 834.172782897949 640.741058349609 662.570556640625 463.462928771973 566.00669503212 477.974662780762 630.490489959717 706.157386779785 863.379596710205 802.430643081665 1030.55278778076 935.99861240387 1066.19069671631 620.115234375 643.95491027832 651.065231323242 740.907180786133 758.210136413574 626.258361816406 693.884346008301 893.957191467285 733.826179504395 713.069641113281 637.96488571167 697.355911254883 692.110785484314 562.683738708496 532.132339477539 852.492492675781 824.038681030273 656.228317260742 816.002372741699 722.280586242676 602.898391723633 762.87629699707 671.139846801758 1099.41334533691 688.656524658203 1425.44497489929 768.682338476181 -9999
936.370578765869 1048.76914978027 926.02099609375 1173.81912231445 1037.59130716324 1152.37351989746 1051.14356231689 1103.38551712036 1005.38238525391 989.07405090332 874.362361907959 712.167503356934 632.188133239746 817.348571777344 610.432907104492 677.085697174072 644.178588867188 834.319939613342 965.287673950195 1001.71221923828 1004.85300445557 1074.69933891296 695.132432937622 647.221111297607 660.673721313477 652.104843139648 703.180099487305 729.209259033203 606.0576171875 751.572113037109 791.942337989807 821.097484588623 612.307670593262 562.651611328125 695.441411972046 581.94960975647 543.180885314941 862.870002746582 912.776973724365 1050.55416107178 694.315032958984 669.55085849762 742.085927963257 817.279246807098 706.474281311035 746.335273742676 912.965538024902 1332.48640823364 905.44250869751 809.99503326416
861.020481586456 851.605186462402 771.093612670898 853.836818695068 702.820602178574 915.672294616699 743.770915985107 657.143445968628 979.221096038818 1042.31756591797 952.790740966797 655.748550415039 800.374889135361 706.333106994629 710.38053894043 852.169967651367 742.680755615234 835.416275024414 925.965323925018 1058.23350048065 1177.82563781738 1122.14033126831 778.113115310669 702.700088500977 825.234680175781 734.996246337891 776.181625366211 918.814195632935 943.448837280273 864.351287841797 849.329044342041 988.568115234375 732.35530090332 568.935577392578 782.874037504196 740.010202407837 725.131060600281 931.171119689941 931.37296295166 911.831676483154 616.160320281982 637.852964401245 592.8108253479 1002.77747344971 977.352207183838 879.191673278809 771.674617767334 892.842384338379 800.986120223999 629.337127685547
699.993768692017 687.344051361084 665.278730392456 760.273056030273 728.584442138672 592.007553100586 831.733200073242 836.552108764648 1124.75620269775 915.954986572266 926.305152893066 1068.25666046143 745.559631347656 765.539031982422 668.911209106445 1343.92861938477 925.64432144165 798.954235076904 1008.51774024963 1264.99309539795 891.991542816162 1374.73647689819 920.013601303101 618.412017822266 753.45630645752 692.196258544922 803.739418029785 825.4185962677 1026.9796257019 1010.68751144409 820.109519958496 755.265045166016 1006.68727111816 1012.44528198242 966.123599052429 858.113174438477 1008.11786460876 970.868438720703 952.865089416504 971.560707092285 873.404563903809 604.966842651367 670.88628578186 935.307159423828 1045.08581542969 1018.77795028687 940.009548187256 809.929203033447 827.199283599854 877.611572265625
666.057399749756 592.77318572998 607.535827636719 639.616088867188 648.728500366211 632.440185546875 736.357372283936 785.976243495941 885.898696899414 817.226295471191 1136.7145690918 1159.56666564941 1215.91339874268 658.31404876709 833.940460205078 841.565776824951 791.42268371582 1136.15762329102 839.969867706299 1181.34950256348 821.666191101074 833.471267700195 829.688346862793 1050.67419433594 738.928030014038 778.643810272217 815.701900482178 887.141154766083 879.046632766724 935.766143798828 922.23507475853 1018.35900878906 896.304134368896 969.528915405273 862.409393310547 903.088333129883 1115.91583251953 940.033388137817 1016.72872543335 916.01718711853 981.06440615654 1011.54255771637 1228.95442199707 1059.25020217896 1041.16819000244 907.775382995605 955.527925491333 1001.29948806763 856.275871276855 1002.46087646484
624.413177490234 624.362411499023 687.823722839355 761.887596130371 870.804641723633 685.359811544418 650.472236633301 871.337890625 807.017890930176 757.60627746582 740.295196533203 765.111045837402 720.477783203125 775.114078521729 980.786651611328 844.379133224487 726.783508300781 792.258869171143 697.128582000732 784.136606931686 853.402862548828 832.05396270752 832.460098266602 666.539741516113 764.323535919189 774.757808685303 811.68212890625 951.282348632812 810.650018692017 858.063259124756 794.077224731445 933.774982452393 949.308837890625 828.50349521637 890.149188995361 786.319244384766 1032.74472808838 1067.05751037598 894.047050476074 944.038967132568 940.975102424622 1000.34283447266 986.733184814453 980.01796913147 849.876647949219 981.738090515137 1111.13767242432 926.930164337158 679.619354248047 768.804595947266
775.766414642334 604.697448730469 695.451126098633 763.429120063782 943.277168273926 640.498065948486 686.368871688843 694.507301330566 743.11856842041 668.48229598999 879.312370300293 1036.37636566162 897.265106201172 892.287582397461 884.683731079102 723.365395545959 750.795707702637 774.598087310791 638.823379516602 718.881999492645 798.913848876953 821.743766784668 692.212760925293 741.772393226624 831.566307067871 687.963768005371 775.985637664795 1301.42579650879 848.082463264465 893.350895881653 916.492546081543 1013.76237869263 696.352439880371 797.175788879395 906.856401443481 925.986968994141 867.756409645081 778.741340637207 715.601516723633 881.642651557922 954.798168182373 853.443626403809 932.135599136353 820.481155395508 863.791679382324 870.257171630859 893.593994140625 962.260925292969 868.184028625488 814.221796035767
576.489749908447 623.823661804199 1364.14200592041 589.32731628418 701.276020050049 731.799522399902 746.058628082275 652.448776245117 649.895771026611 745.614761352539 802.626575469971 698.494323730469 904.107543945312 783.791969299316 856.99893951416 777.132280349731 829.329711914062 736.731315135956 648.903930664062 866.183670043945 767.874805450439 890.180488586426 766.212903022766 579.823547363281 652.751024246216 648.422912597656 730.984794616699 776.86251449585 827.283645629883 862.591316223145 1004.64171600342 986.046188354492 778.456474304199 1199.35870361328 564.812805175781 701.326904296875 460.246215820312 617.190063476562 703.863388061523 810.332091331482 729.479999542236 807.703896522522 805.550308227539 725.741500854492 765.95694732666 765.560440063477 765.701583862305 1002.84399032593 1021.5747833252 906.886913299561
970.938278198242 525.27522277832 1301.32988739014 1118.03597259521 752.496753692627 743.063650131226 744.145879745483 652.966636657715 1042.23281097412 672.262283325195 747.504459381104 715.208080291748 908.116668701172 824.377418518066 775.071544647217 902.19896697998 754.652210235596 580.617202758789 694.165819168091 710.281066894531 814.684089660645 780.467109680176 602.651489257812 579.679862976074 530.457336425781 619.194103240967 851.715400695801 817.601234436035 720.429973602295 760.767770767212 645.879135131836 725.647129058838 576.373397827148 602.290618896484 639.74250793457 1060.28204345703 583.349990844727 543.318344116211 742.16869354248 679.158172607422 885.693939208984 799.515197753906 854.191715240479 769.57154083252 686.163536071777 669.756362915039 798.584838867188 927.818379282951 874.14143371582 1055.22139406204
646.118103027344 631.376777648926 696.17643737793 763.62501335144 1177.3332233429 1415.41865730286 885.265472412109 780.184761047363 787.143394470215 620.269378662109 668.84553527832 773.632331848145 680.522727966309 642.182964324951 799.447380065918 738.002117156982 643.009605407715 712.48979473114 623.975009918213 755.372776031494 655.424362182617 556.77294921875 563.329040527344 574.491256713867 472.174453735352 737.873788833618 735.970861434937 744.018111228943 713.740758895874 779.100337982178 798.099849700928 748.263094902039 723.633596420288 622.873199462891 705.337453842163 565.08878326416 701.969837188721 1177.51711273193 798.374938964844 769.793055057526 729.677814483643 746.813550949097 752.919296264648 854.477970123291 670.311172485352 669.454803466797 905.553215026855 905.46166229248 921.189527511597 893.282444000244
628.244918823242 681.81342124939 583.371475219727 708.219102859497 703.600416183472 700.925879478455 667.216339111328 798.101036071777 698.494495868683 697.355430603027 682.265609264374 625.275417327881 673.812553405762 744.906440734863 707.32830619812 724.177961587906 730.545817613602 791.958213806152 638.986747741699 568.000556945801 576.099060058594 592.641891479492 666.508508682251 621.604465484619 522.495483398438 758.84747505188 828.587028503418 706.800496101379 664.665229797363 709.183239653707 673.92822265625 732.541259288788 724.694942474365 705.606788635254 797.2092628479 663.84008026123 829.390174865723 878.022048950195 948.715896606445 1236.04207992554 1285.77016067505 700.870819091797 652.311988830566 550.117630004883 770.947250366211 729.015197753906 863.955436706543 1044.53261947632 1189.12080037594 682.665634155273
657.390991210938 701.491740226746 745.987110137939 653.622299194336 737.313064575195 723.018026351929 657.186592102051 894.879302978516 860.80305480957 633.115482330322 661.739960670471 744.926864624023 653.138159751892 770.048873901367 700.148052215576 771.402389526367 730.006359100342 820.088363647461 728.789569854736 519.595199584961 745.635788440704 783.697639465332 761.940605163574 583.884948730469 703.277311325073 680.115552902222 684.310648918152 672.342273712158 711.614791870117 742.278219223022 715.243970870972 784.357715606689 689.766910552979 778.744899749756 764.847585678101 784.131923675537 744.644992828369 881.942680358887 880.360244750977 863.910346984863 730.544675827026 763.916061401367 711.286254882812 826.985848426819 742.455194473267 794.086437225342 872.194499969482 895.06298661232 851.018264770508 739.681854248047
