simdem/realisation43.asc
NCOLS 350 
NROWS 171 
XLLCORNER 152620 
YLLCORNER 418050 
CELLSIZE 100 
NODATA_value -9999 
[rows 66 to 87 of 171, columns 250 to 299 of 350]
668.577035903931 607.103807449341 715.333076477051 589.187679290771 693.435516357422 599.584758758545 531.877822875977 620.822853088379 639.180938720703 587.398220062256 678.569141387939 635.539836883545 615.88249206543 675.198617458344 734.704135894775 556.508766174316 624.996799468994 672.418749809265 697.007588386536 685.170463562012 624.166969299316 732.437280654907 704.501523017883 748.410793304443 708.431246757507 670.429718017578 694.21842956543 734.295680999756 793.326873779297 740.084995269775 858.666091918945 686.8137550354 731.665985584259 607.686500549316 730.295201659203 704.912982940674 782.684677124023 816.549682617188 838.72253036499 715.487182617188 542.397399902344 621.197021484375 730.759399414062 723.007522583008 764.912055969238 816.421058654785 785.230613708496 763.402329176664 756.87388420105 801.070237159729
656.489473342896 702.55961227417 648.683891296387 633.191827774048 693.371925354004 575.112335205078 648.425213813782 560.654083251953 711.528591156006 741.48348236084 722.41089630127 697.640693664551 681.697553634644 729.035652160645 709.042087554932 596.341384887695 728.829978942871 782.608303070068 802.526969909668 590.926223754883 703.319236755371 728.940372467041 645.10786819458 648.814750671387 709.400173902512 698.222693696618 696.38459444046 662.428493499756 692.516412973404 776.440948486328 858.637847900391 795.699333190918 585.852241516113 709.760395526886 725.728105545044 593.47575378418 782.605049133301 874.246398925781 784.066139221191 560.026397705078 931.373420715332 871.875350952148 804.494773864746 783.415914535522 782.905202865601 740.069631576538 638.475151062012 643.401657104492 652.273475646973 589.152893066406
672.733427047729 837.50666809082 730.430641174316 705.287490844727 618.662040710449 622.422496795654 736.031143188477 612.151569366455 698.787086486816 758.369483947754 703.316307067871 604.469390869141 661.885242938995 715.035549163818 626.246997833252 579.977661132812 588.381652832031 755.480201721191 803.254577636719 754.116886138916 664.347768783569 637.976455688477 692.770019054413 804.888511657715 701.847505331039 770.679794311523 620.811988830566 729.384342193604 683.79949426651 717.964027404785 735.042639732361 694.483432769775 655.694667816162 654.847702026367 657.662837982178 761.371868133545 868.104232788086 819.548851013184 654.058876037598 511.372985839844 523.305252075195 638.687858581543 1049.17430877686 1358.73165893555 831.663352966309 831.217826843262 695.025959014893 605.306579589844 719.85206413269 736.697292327881
710.643058776855 737.811210632324 642.271355628967 650.758546829224 692.267032623291 612.41056060791 707.409034729004 720.821975708008 665.413219451904 614.651321411133 631.618514060974 578.865348815918 603.331600189209 580.920063018799 648.677480697632 554.875862121582 769.499755859375 765.17658996582 837.688491821289 628.387538909912 622.043037414551 686.368363380432 710.5163230896 604.577789306641 768.396415710449 687.37492609024 656.558849334717 685.236435413361 614.387092590332 584.340469360352 761.690326690674 509.091293334961 620.008651733398 573.452011108398 493.744552612305 772.419967651367 833.901977539062 736.49191069603 604.677848815918 713.301212310791 675.773361206055 784.719542503357 753.73189163208 862.040256500244 876.324642181396 1373.1912612915 750.003475189209 592.611793518066 612.123542785645 670.0029296875
604.902526855469 490.478332519531 593.012500762939 576.23205947876 717.770835876465 693.957511901855 608.746646881104 691.170655846596 618.259033203125 544.076278686523 502.257354736328 621.89316368103 547.592254638672 677.057859420776 642.559888839722 689.207778930664 719.250431060791 774.600204467773 824.910369873047 733.940586090088 676.325395584106 612.342651367188 776.81201171875 685.469027996063 710.167232513428 628.710060119629 640.770858764648 735.730133056641 594.897720336914 743.517990112305 711.884773254395 630.189468383789 455.612243652344 524.793350219727 630.001960754395 667.56050491333 657.980640411377 698.873792648315 704.653026580811 625.800827026367 843.442993164062 945.49250793457 832.835006713867 639.410667419434 682.810028076172 667.822463989258 688.501007080078 1108.90979385376 821.880560874939 725.535914182663
560.728607177734 518.946182250977 551.593086242676 631.964400291443 672.527412414551 667.157403945923 543.434371948242 559.705284118652 663.253360748291 632.719636917114 557.139907836914 564.590049743652 531.68106842041 661.845410346985 717.489585876465 691.746739387512 627.856712341309 778.592269897461 778.186553955078 693.183030366898 619.960670471191 814.344604492188 649.861133575439 656.644859313965 765.606712341309 703.649238586426 689.175621986389 709.131148099899 613.944923400879 645.978404998779 666.64835357666 604.150817871094 616.070960998535 665.122886657715 663.45698928833 774.468032836914 743.100772857666 632.465911865234 727.397668838501 817.410507202148 843.531127929688 782.072738647461 733.783611297607 766.25545501709 708.815361261368 1197.14993858337 562.931442260742 671.786575317383 839.368659973145 764.557800292969
477.480865478516 535.787651062012 731.853958129883 601.561225891113 604.400329589844 735.32822394371 731.273717880249 588.856231689453 651.548469543457 539.001792907715 696.917448043823 615.747659683228 597.90195274353 753.030418395996 626.668849945068 611.800605773926 675.616529464722 692.727569580078 637.012773513794 675.459213256836 572.305297851562 771.970901489258 702.728021621704 743.42259979248 808.877784729004 646.053226470947 569.041732788086 698.861901938915 597.947471618652 643.02562713623 679.03324508667 720.36243057251 788.444366455078 709.068725585938 733.031594276428 798.614906311035 836.090927124023 789.798904418945 752.542711257935 792.90502166748 880.32194519043 1277.37190246582 764.801118850708 747.69554901123 788.939456939697 915.955089569092 899.367897033691 676.321586608887 781.032482147217 678.858154296875
506.944137573242 478.765502929688 721.692962646484 651.857616424561 730.520042419434 699.258791089058 626.640243530273 803.821577072144 608.907295227051 606.48583984375 682.683913230896 785.858215332031 662.12487411499 728.893295288086 652.692306518555 678.719141960144 643.476829946041 711.50163269043 778.158203125 654.384906768799 679.608219146729 691.445762634277 771.110153198242 677.982371807098 610.211933135986 712.714488983154 702.042942047119 459.461975097656 634.221530914307 647.856071472168 705.416055679321 642.57568359375 680.777223587036 683.291358947754 646.88927936554 761.829246520996 587.706359863281 678.897956848145 664.937080383301 704.395526885986 679.780103683472 788.263210296631 944.50471496582 1111.94757461548 857.267395019531 903.01992225647 710.594917297363 736.098930358887 1036.1029586792 579.235900878906
496.148880004883 520.761619567871 504.751678466797 648.994194030762 679.90217590332 707.291878700256 763.553344726562 801.581977844238 669.449153900146 584.217437744141 780.377216339111 730.745864868164 727.710983276367 724.563163757324 655.961675643921 607.659501075745 679.749752044678 604.19548034668 690.338293075562 786.693359375 608.891418457031 708.272483825684 642.123306274414 713.902679443359 661.776990890503 669.408149719238 760.132881164551 751.3962059021 654.109540939331 690.804752349854 758.964088439941 638.669822692871 607.353576660156 731.132503509521 806.102508544922 633.713233947754 696.085273742676 563.511520385742 543.139923095703 461.982864379883 599.792831420898 811.359786987305 759.558418273926 1085.2359752655 884.891464233398 530.530960083008 747.860931396484 705.843048095703 661.392272949219 848.928268432617
577.368209838867 530.200134277344 410.53059387207 490.225921630859 562.852241516113 709.023132324219 775.604587554932 731.227449417114 786.241996765137 838.290100097656 820.189044952393 844.873516082764 731.722091674805 674.591819763184 548.982864379883 797.08967590332 748.783660888672 648.488261699677 494.99201965332 673.943260192871 699.335876464844 741.30103302002 615.900611877441 624.678894042969 675.706737518311 510.465850830078 662.921743392944 653.244943618774 739.396018981934 689.919277191162 713.842105865479 730.57738494873 637.483123779297 506.740463256836 684.249914169312 704.149105072021 607.543937683105 660.896110534668 671.006629943848 415.162109375 709.812973022461 883.20679473877 862.511518478394 987.64412689209 805.267765045166 885.168518066406 715.771469116211 646.556060791016 742.314910888672 882.55517578125
654.289386749268 682.328327178955 534.369682312012 559.912384033203 623.406318664551 650.117393493652 672.280250549316 860.855346679688 738.602843046188 812.124794006348 802.47681427002 753.445673942566 653.952157974243 700.137897491455 564.986522674561 702.746620178223 748.289154052734 738.911178588867 504.093597412109 656.819420337677 525.348724365234 547.144088745117 520.936401367188 555.941986083984 669.089667320251 601.105010986328 575.28199005127 596.105224609375 639.002536773682 719.002219676971 661.041820526123 562.023979187012 647.327083587646 701.530917882919 563.596664428711 716.36199760437 832.483779907227 845.231353759766 601.533920288086 595.222007751465 669.594551086426 682.655639648438 813.751335144043 864.399154663086 757.367237091064 596.062255859375 580.067687988281 632.06982421875 724.82942199707 724.295059204102
625.117149353027 575.107166290283 620.410448074341 533.799201965332 640.126876831055 543.043655395508 602.319090843201 685.495048522949 918.288558959961 782.634315490723 858.672607421875 750.813144683838 660.809665679932 735.530120849609 671.721046447754 628.360832214355 617.704648971558 546.584671020508 561.775787353516 661.039562225342 634.788467407227 683.932216644287 635.078819274902 671.49794960022 648.905288696289 652.150289535522 678.654348373413 610.199836730957 635.474281311035 627.506469726562 556.021820068359 670.980518817902 514.012542724609 569.908813476562 763.198272705078 806.558856964111 824.894638061523 866.923904418945 718.40860748291 610.008995056152 937.837539672852 683.224082946777 654.736953735352 1143.76489639282 987.004112243652 892.587512969971 777.606048583984 759.411972045898 869.441680908203 1081.89248657227
573.007350921631 623.253614425659 597.273034095764 512.131324768066 619.532661437988 661.295498847961 679.124000549316 641.137294769287 727.295799255371 725.393308639526 673.113702774048 623.771915435791 717.417644500732 767.627235412598 626.267219543457 510.357223510742 518.076843261719 595.92635345459 615.321296691895 743.441253662109 696.340644836426 656.425395965576 706.035219192505 708.767951965332 702.240800857544 622.467704772949 681.157854318619 611.570985794067 629.004203796387 685.253067016602 543.677261352539 487.379684448242 457.988647460938 453.517715454102 704.994912624359 831.911003112793 702.046926498413 755.600044250488 673.586145401001 839.6875 634.371337890625 1006.65431213379 870.790817260742 878.562065124512 925.6142578125 787.789555072784 750.457092285156 896.744491577148 1222.4859085083 799.452850341797
476.239929199219 489.504943847656 662.912506103516 629.777042388916 563.365524291992 810.806365966797 783.272010803223 792.419509887695 654.742828369141 583.457962036133 694.397853851318 869.990142822266 656.528100967407 680.048965454102 681.906833648682 532.585983276367 552.713638305664 632.704483032227 726.492973327637 682.524519920349 720.57453918457 727.57173538208 629.472862243652 534.956207275391 659.895008087158 731.662117958069 697.641313552856 727.563941955566 723.811180114746 644.841590881348 681.281270980835 706.046600341797 618.76392364502 503.443313598633 666.937934875488 736.446926116943 627.935878753662 589.257125854492 633.784656524658 715.745735168457 580.882667541504 708.928764343262 1004.60997772217 894.757030487061 1148.26942253113 692.568252563477 1027.73609924316 660.606628417969 633.745971679688 629.729736328125
562.056190490723 503.386772155762 691.250663757324 615.765913009644 511.574844360352 603.810623168945 727.884300231934 605.758972167969 567.88077545166 651.107147216797 668.895008087158 680.535346984863 679.116306304932 707.810539245605 612.880039215088 557.713607788086 695.374217987061 704.305171966553 584.075218200684 614.811920166016 564.972053527832 476.926177978516 563.515083312988 638.518375396729 744.331592559814 704.728309631348 530.52409362793 653.123699188232 612.333930969238 554.642242431641 760.697917938232 699.345086693764 585.102188110352 517.660263061523 522.517211914062 605.488414764404 676.085796356201 758.678092956543 664.610673427582 869.726871490479 521.087051391602 780.263702392578 666.571319580078 890.02033996582 554.556518554688 797.784446716309 1157.35711669922 638.139083862305 697.637908935547 769.646057128906
776.050750732422 571.208972930908 603.850522994995 683.347236633301 632.456209659576 670.751426696777 653.560938835144 633.74760055542 645.770572662354 590.088932037354 601.88175201416 506.057067871094 570.352180480957 558.709991455078 662.012473106384 638.259431838989 755.381210327148 710.232139587402 598.008399963379 721.812806129456 682.130537033081 574.539501190186 500.760955810547 593.367828369141 560.934097290039 632.553913116455 657.646686553955 604.690979003906 624.645137786865 736.353485107422 753.412651062012 797.1669921875 797.695571899414 670.693840026855 675.457427978516 650.108474731445 588.331497192383 675.186621665955 676.93511390686 771.508655548096 620.863540649414 882.579412937164 656.607383728027 680.989250183105 755.461410522461 571.835494995117 945.613861083984 678.984771728516 737.756233215332 816.723243713379
668.021419525146 602.596300125122 634.252181053162 487.172340393066 559.903579711914 614.586932182312 623.850509643555 557.233406066895 682.80188369751 620.732664108276 530.984619140625 422.791305541992 414.284164428711 608.977073669434 613.40623664856 756.75496673584 593.989231109619 630.80951499939 733.098747253418 807.477294921875 592.735572814941 625.403007507324 851.329437255859 738.074235916138 740.713264465332 746.363388061523 771.404121398926 715.949174880981 598.77953338623 632.964309692383 665.888162612915 756.026496887207 671.841318130493 591.846397399902 552.53311920166 787.921730041504 690.911781311035 660.510307312012 661.936641693115 619.754837036133 626.695983886719 816.227691650391 744.82103729248 944.968265533447 890.645648956299 597.795364379883 509.594680786133 724.040283203125 919.104952812195 1305.2785949707
623.396560907364 716.217056274414 691.198196411133 623.198804855347 605.39616394043 577.254127502441 549.955673217773 730.589920043945 666.924991607666 635.810432434082 663.02067232132 525.717132568359 585.994155883789 685.978637695312 509.956680297852 531.73607635498 602.674921035767 688.086893081665 555.412937164307 689.810831069946 636.096328735352 690.354099273682 741.155624389648 782.178871154785 697.401134490967 622.452087402344 630.361724853516 525.281188964844 588.431228637695 708.324840545654 854.23307800293 662.916351795197 672.831134796143 755.720222473145 658.549103736877 741.082748413086 702.220136642456 611.607013702393 476.327423095703 619.341659545898 623.184494018555 1044.66352844238 735.011526107788 926.636154174805 1114.26580619812 694.240509033203 955.975914001465 697.563751220703 876.990291595459 873.091377258301
631.492298126221 527.520874023438 637.746482849121 658.72315788269 743.01651763916 711.467174530029 565.068984985352 671.629009246826 547.997817993164 719.992027282715 707.486721038818 689.142192840576 693.563220977783 960.242179870605 836.588470458984 569.792602539062 784.300849914551 657.42641210556 563.271850585938 742.835159301758 714.073183298111 721.419078826904 776.051963806152 939.266941070557 670.178833007812 623.16121673584 539.101432800293 681.294715881348 644.393119812012 758.552364349365 727.711282730103 770.962333679199 789.164344787598 709.64896774292 579.66975402832 473.763900756836 549.152572631836 646.304710388184 651.625522613525 788.273788452148 646.723709106445 672.485595703125 847.125127792358 662.007291793823 793.346176147461 833.706611633301 670.636169433594 661.182754516602 774.276779174805 797.638412475586
693.279705047607 627.221457481384 484.979782104492 757.28589630127 793.775573730469 556.938110351562 572.855728149414 734.493980407715 699.973022460938 661.278600811958 688.876136779785 735.607650756836 575.749290466309 817.012926101685 632.4524974823 697.452735900879 643.441806793213 759.597618103027 651.121162414551 784.518646240234 628.008968353271 523.875274658203 520.314331054688 744.167999267578 711.601406097412 611.548645019531 799.750038146973 758.373893737793 805.359397888184 714.168366909027 791.495170593262 867.4443359375 640.373016357422 505.875137329102 563.9697265625 637.942588806152 664.336721420288 449.482696533203 490.974639892578 863.752014160156 1116.15444946289 638.372352600098 1039.58410644531 593.57487487793 577.263759613037 665.161743164062 618.363189697266 498.556762695312 657.158485412598 1168.97635555267
757.393692016602 780.618225097656 800.746459960938 666.977043151855 612.580791473389 569.808319091797 536.052627563477 706.171443939209 560.387832641602 709.635807037354 680.869867324829 755.03241443634 792.836097717285 495.222061157227 559.687324523926 646.015701293945 712.535562515259 777.83408164978 718.816596984863 616.161773681641 673.332710266113 587.283020019531 1234.71324157715 528.789306640625 634.167125701904 637.842075824738 674.259202957153 678.473045349121 646.776145935059 703.516063690186 747.017048835754 723.40874671936 867.812355041504 584.280456542969 570.149864196777 599.011749267578 643.64542388916 754.676364898682 705.383566856384 1041.74565505981 636.642292022705 666.308544158936 776.738139867783 1433.62561035156 535.845153808594 1731.15190887451 818.011530637741 499.559173583984 1004.51085662842 755.731803894043
1281.90774536133 1034.57705688477 849.389633178711 762.422595977783 682.112264633179 633.24366235733 541.262588500977 622.710342407227 714.032291412354 735.461045265198 702.219547271729 1009.82140350342 746.971664428711 509.435791015625 611.314056396484 1007.44955444336 933.388473510742 573.778289794922 556.737976074219 609.85298538208 578.433197021484 551.148262023926 503.93424987793 785.735548019409 627.408157348633 540.87614440918 650.965452194214 661.542146682739 635.450656890869 502.990356445312 603.20556640625 633.992248535156 746.618395328522 720.71196937561 622.239120483398 562.862854003906 661.997764587402 649.808929443359 650.642642974854 645.235992431641 532.144058227539 669.055015563965 704.977508544922 491.618530273438 820.640686035156 1067.48781204224 756.874053955078 623.643005371094 797.218770623207 642.920562744141
