simdem/realisation78.asc
NCOLS 350 
NROWS 171 
XLLCORNER 152620 
YLLCORNER 418050 
CELLSIZE 100 
NODATA_value -9999 
[rows 22 to 43 of 171, columns 150 to 199 of 350]
605.066806793213 629.25647354126 557.722885131836 597.017200469971 533.875526428223 564.480648040771 564.200214385986 657.489116668701 685.32693862915 599.691390991211 519.004997253418 614.457901000977 980.445827484131 562.129600524902 778.099355697632 682.995864868164 776.478317260742 547.20671081543 493.184844970703 640.969200134277 708.549957275391 557.76522064209 841.030770778656 753.739944458008 744.133140563965 785.571296691895 892.605712890625 572.100738525391 635.124851226807 660.926328659058 449.390975952148 479.099617004395 370.782989501953 453.46012878418 637.448534011841 505.292846679688 790.727890014648 971.351165771484 666.634203910828 668.148739218712 651.594505310059 689.649183273315 634.827220916748 677.172985076904 631.708057403564 550.144752502441 627.899402618408 596.725931167603 720.538937568665 651.097316741943
640.975635528564 638.920454025269 594.983139038086 439.735824584961 534.786087036133 683.680442810059 467.998748779297 604.75971698761 539.817222595215 493.168190002441 416.291946411133 657.50496673584 664.239669799805 653.33757019043 578.656448364258 584.516326904297 658.335994720459 921.923141479492 744.534387588501 674.969691514969 683.263969421387 647.608924865723 852.023994445801 780.842990875244 711.975083351135 664.195850372314 925.654998779297 489.726226806641 473.955108642578 624.487770080566 562.132904052734 526.846885681152 464.276763916016 506.851486206055 740.640090942383 624.588802337646 737.107116699219 705.852466583252 621.68736076355 706.889986038208 650.865917205811 777.304992675781 741.33585357666 642.563562393188 680.925373077393 639.1274933815 675.904222488403 631.013664245605 682.518547058105 490.754852294922
514.979751586914 496.829360961914 606.931053161621 434.714630126953 483.966262817383 685.707481384277 679.128479003906 595.149663925171 570.042686462402 485.3349609375 461.80940246582 554.473968505859 921.839508056641 676.632614135742 558.822166442871 1348.62414169312 731.515705108643 592.485288619995 584.592330932617 687.616439819336 510.953491210938 506.515014648438 609.93384552002 616.166442871094 753.202419281006 710.839665412903 502.574813842773 567.514236450195 619.601940155029 538.995933532715 576.166114807129 584.005111694336 497.116500854492 519.771347045898 681.433410644531 594.444259643555 729.006469726562 589.547649383545 579.179222106934 557.311935424805 657.779365539551 815.96354675293 616.107368469238 701.6676902771 606.308464050293 628.330666065216 699.876538276672 751.672962188721 769.18709564209 628.213287353516
459.838043212891 548.915897369385 464.295745849609 559.592761993408 486.787368774414 531.164043426514 635.739742279053 495.500465393066 646.568948745728 504.50609588623 587.749618530273 585.107479095459 1064.61570739746 581.373008728027 896.823619842529 735.984228134155 621.180717468262 1041.53627681732 649.386680603027 594.151794433594 848.339309692383 826.529907226562 768.07250213623 745.03736114502 593.086006164551 538.349746704102 553.703903198242 637.520599365234 516.221092224121 646.700790405273 504.638961791992 537.110214233398 377.561126708984 515.548347473145 507.181106567383 775.343597412109 729.980144500732 640.182097434998 576.200103759766 649.564937591553 644.392555236816 762.9264793396 644.369590759277 622.876853942871 702.749137878418 669.215995788574 710.320026397705 766.942527770996 645.740505218506 586.612762451172
569.524715423584 549.048686981201 573.358242034912 478.605010986328 454.511962890625 648.162665367126 573.048542022705 673.757358551025 586.589546203613 496.043037414551 327.031982421875 347.951202392578 744.610377788544 761.235292434692 610.557516098022 835.817081451416 699.947927474976 699.916709899902 605.518253326416 575.247543334961 562.98974609375 565.852714538574 596.314544677734 559.59001159668 649.027038574219 613.429374694824 828.936668395996 509.302673339844 496.609634399414 667.54370880127 647.133087158203 615.203031539917 649.290058135986 406.160888671875 632.977720499039 685.913787841797 578.665088653564 779.40837097168 720.359481811523 574.915336608887 635.697952747345 607.873435974121 625.369705200195 738.87691116333 605.810943603516 726.997121810913 803.915031433105 696.249580383301 731.029022216797 638.564831733704
565.590627670288 509.124408721924 809.370590209961 682.694671630859 559.815135955811 527.885513305664 644.122621059418 755.910659790039 666.46964263916 561.269733428955 488.204513549805 461.444412231445 517.223175048828 597.359329223633 624.961128234863 663.346900939941 692.363159179688 509.362808227539 472.434722900391 678.197463989258 622.785537719727 692.496627807617 446.900924682617 590.355598449707 577.890960693359 868.274803161621 632.251846313477 544.834503173828 615.123376846313 587.062107086182 697.566032409668 683.320621490479 587.848052978516 523.999435424805 763.432075500488 831.339202880859 784.008071899414 756.28768157959 655.088293604553 559.231246948242 647.369697570801 679.104990005493 625.149938583374 743.575241088867 585.734886169434 663.352560043335 647.923228740692 769.276573181152 738.625549316406 704.30802154541
617.554698944092 600.303213119507 715.497360229492 601.644072532654 568.626420974731 551.473169326782 569.742778778076 640.379432678223 684.984901428223 612.185186386108 655.616806030273 1074.20960998535 762.155757904053 887.778522491455 869.268997192383 1245.62372207642 578.458145141602 955.036422729492 570.097038269043 814.443817138672 768.78498840332 668.504959106445 691.161716461182 637.567596435547 690.710006713867 796.795074462891 644.120227813721 592.076034545898 656.009334564209 567.558990478516 594.144878387451 645.228645324707 639.718868255615 565.691634178162 694.381057739258 662.1819190979 719.967147827148 693.062118530273 560.63366317749 449.682968139648 599.218643188477 1076.83874511719 698.104133605957 673.636244773865 518.513061523438 535.315811157227 693.908351898193 721.674110412598 621.353176116943 660.220157623291
581.084924697876 656.473007202148 443.26570892334 501.665046691895 508.949188232422 622.672424316406 590.096517562866 710.070037841797 646.686386108398 598.3323969841 599.243160247803 1062.39621734619 863.199960708618 1075.02674865723 876.918285131454 856.398168563843 624.378288269043 542.776268005371 491.848968505859 435.470230102539 907.787612915039 593.624031066895 680.020611763 780.522491455078 586.186267852783 571.393775939941 577.364128112793 574.243072509766 696.745330810547 680.572834014893 560.31583404541 563.625408172607 401.775924682617 549.989776611328 638.849997520447 760.172775268555 885.335876464844 552.457813262939 389.177017211914 485.806823730469 566.307960510254 793.859588623047 742.945205688477 613.317178726196 554.326683044434 702.779121398926 753.799209594727 677.336055755615 681.201133728027 576.937841415405
436.917457580566 617.307640075684 420.648162841797 644.601387023926 642.576225280762 683.963310241699 636.469009399414 671.109046936035 585.602903366089 726.093601226807 856.264099121094 992.352863311768 1042.94890213013 877.92716217041 681.543762207031 754.7431640625 661.766754150391 659.681762695312 461.565940856934 754.940086364746 863.13689994812 681.687369346619 654.147533416748 679.987888336182 747.862274169922 768.057342529297 587.71070098877 613.679745197296 566.116992950439 516.823638916016 507.407287597656 519.15901184082 516.964096069336 591.930902481079 655.081455230713 677.259338378906 718.938247680664 504.666095733643 563.001301765442 409.786926269531 545.288833618164 705.221025466919 657.576995849609 589.683078765869 661.522138118744 642.068866729736 693.373077392578 737.889221191406 615.293340682983 679.116798400879
441.308700561523 503.167942047119 592.303401947021 586.737174987793 434.972152709961 666.739067077637 671.107711791992 642.913757324219 521.007774353027 657.65465927124 681.421073913574 711.441792011261 1010.19340515137 675.373340606689 591.36553478241 608.73507976532 703.616691589355 717.062141418457 690.635696411133 602.469985961914 565.898282051086 629.407447814941 628.813522338867 691.228591918945 716.947120666504 661.655345916748 717.374828338623 623.456624984741 539.84740447998 677.992866516113 475.585845947266 597.257390975952 642.493633270264 651.56413269043 567.742295265198 500.114326477051 686.809173583984 664.55509185791 640.45715713501 594.910974025726 685.579296112061 637.19750213623 578.223503112793 647.202423095703 651.712200164795 540.929927825928 610.119194030762 669.294326782227 523.49197769165 502.931282043457
528.406421661377 635.695495605469 504.0400390625 561.661369562149 642.46361541748 595.17264175415 602.921438217163 596.218353271484 931.68900680542 699.402641296387 774.361190795898 570.914329528809 674.609321594238 542.230876922607 579.857000350952 636.893058776855 639.291645050049 792.784469604492 520.498378753662 577.048127651215 620.946998596191 669.208190917969 659.030319213867 565.535153031349 668.084243774414 643.709503173828 574.829519271851 588.338409423828 548.906560897827 546.624055862427 548.214282035828 531.06177520752 529.695411682129 666.114936828613 806.614974975586 682.959510803223 672.084884643555 653.557418823242 559.515239715576 587.951902389526 580.558326721191 522.342544555664 400.20671081543 586.361995697021 528.837226867676 655.167442321777 659.396011352539 611.638427734375 629.242317199707 579.013156175613
488.314041137695 510.718109130859 558.888928413391 546.197292327881 643.782218933105 731.309265136719 626.307739257812 670.152465820312 607.407363891602 566.905906677246 541.408355712891 560.765657424927 655.053161621094 623.961994171143 501.560585021973 631.976638793945 676.042533874512 737.767532348633 623.957012176514 532.828498840332 780.482955932617 747.431869506836 668.52953338623 649.163017272949 638.973266601562 623.398345947266 533.576726913452 671.753687858582 551.341601908207 697.37508392334 846.059936523438 639.785873413086 531.219126701355 614.235553741455 703.132339477539 718.954147338867 635.847808837891 719.681747436523 637.194202423096 623.979297637939 574.983171463013 609.59391784668 536.70569229126 694.18359375 616.294509887695 628.433227539062 687.686393737793 577.133160114288 573.745881080627 613.853731155396
524.807746887207 624.733367919922 529.003545284271 588.939217567444 536.618146896362 534.547203063965 597.062782287598 617.789131164551 467.944496154785 437.304405212402 471.260200500488 588.715116500854 535.000995635986 525.073139190674 572.525333404541 460.191886901855 682.455688476562 545.624493598938 579.072502613068 538.704055786133 613.156951904297 663.339813232422 670.4951171875 607.483673095703 542.513174057007 537.787887573242 583.08585691452 623.113361358643 532.84566116333 564.069174766541 574.793972015381 499.544261932373 619.482933044434 592.703378677368 595.575262069702 739.408142089844 794.723907470703 599.224968910217 439.332046508789 653.887245178223 797.615036010742 523.186763763428 671.129219055176 691.3974609375 819.155792236328 669.426078796387 685.373275756836 617.999668121338 494.851760864258 534.682323455811
654.046112060547 661.076232910156 673.636993408203 537.362308502197 501.53235244751 623.324016571045 486.646194458008 713.948959350586 528.028755187988 566.026824951172 585.872323513031 549.265743255615 513.320213317871 541.262468338013 579.639223098755 658.840339660645 542.965397596359 605.960199356079 552.639684677124 313.241790771484 410.854248046875 706.256866455078 638.262710571289 745.539825439453 583.542963027954 389.38330078125 448.589492797852 692.95011138916 444.386329650879 420.442024230957 506.724830627441 568.497520446777 630.029640197754 756.501159667969 637.033218383789 610.213274002075 786.44807434082 585.181058883667 445.638801574707 488.55859375 765.339614868164 560.835544586182 529.077659606934 663.289573669434 1149.43565368652 820.552307128906 684.75048828125 503.591361999512 469.170936584473 468.692886352539
709.446014404297 607.987548828125 531.980518341064 616.496448516846 530.270291805267 461.461944580078 569.205865859985 615.797496795654 550.204572677612 660.810447692871 523.648601531982 622.889225006104 447.622085571289 567.603321075439 497.263278961182 556.378494262695 546.575238704681 530.38397026062 664.298652648926 514.855796813965 452.45686340332 609.465759277344 578.852857589722 479.297897338867 523.507755279541 483.677581787109 510.435241699219 723.535408973694 570.73352098465 530.243656158447 657.96736907959 693.618911743164 658.353256225586 489.189277648926 610.66993522644 497.908580780029 537.631119251251 678.989963531494 558.05020904541 682.202560424805 620.095836639404 571.638674259186 552.664133548737 597.937805175781 1029.7509098053 568.731355667114 541.969637870789 694.584548950195 645.353080749512 605.700500488281
729.528915405273 565.052883148193 559.594871997833 484.335830688477 489.69217300415 564.299238681793 489.864685058594 579.023949980736 342.013244628906 506.787994384766 661.054893493652 493.690841674805 518.874650001526 553.874908447266 572.832695007324 514.071809768677 592.540271759033 564.358543395996 443.421371459961 491.186264038086 563.951531887054 561.866064071655 592.786056518555 498.454805374146 539.84733581543 519.594266176224 660.706550598145 709.444747924805 991.859252929688 541.28475689888 637.936626434326 620.326913833618 523.705154418945 624.645044326782 581.471630096436 637.238922119141 516.600610733032 630.023239135742 596.907779693604 632.64013671875 590.205867767334 571.284374237061 633.091033935547 594.223987579346 639.395652770996 668.764373779297 564.066272735596 543.682361602783 495.97144317627 467.899337768555
594.981042861938 533.946384429932 567.560127258301 608.936374664307 617.527757644653 756.571800231934 714.519920349121 466.257102966309 622.937712669373 598.397001266479 470.362594604492 496.30583190918 568.252243041992 481.036743164062 480.011367797852 468.046981811523 459.513236999512 451.449440002441 513.238498687744 545.953385353088 496.524772644043 543.64573097229 579.358856201172 423.895721435547 518.799339294434 641.013946533203 566.593673706055 691.656429290771 845.642799377441 753.785034179688 584.406009674072 631.21070098877 525.106969833374 720.986938476562 576.710121154785 609.902549743652 624.052780151367 449.92601776123 592.87028503418 535.604717254639 584.526317596436 584.684734344482 654.944114685059 560.985544204712 641.361640930176 665.383102416992 497.580295562744 616.689811706543 519.401168823242 609.690483093262
719.123062133789 636.433822631836 623.097553253174 545.968423843384 613.630393981934 611.911911010742 687.436614990234 545.316570281982 528.568347930908 551.268525600433 528.213706970215 594.12334394455 705.994735717773 528.059833526611 466.739776611328 519.999206542969 488.292194366455 498.877227783203 585.90071105957 509.07788848877 571.275966644287 523.053884506226 560.155220031738 625.797676086426 441.719584703445 580.043066978455 454.937400817871 534.380216598511 879.242847442627 993.442604064941 596.92064666748 650.884323120117 676.347595214844 600.75927734375 628.397331237793 702.16276550293 525.192498207092 489.018531799316 470.830924987793 447.622940063477 668.181438446045 755.511322021484 589.184947967529 652.146514892578 693.524215698242 617.644195556641 582.364463806152 559.260277748108 498.031642913818 594.929368972778
524.147323608398 662.831695556641 678.80850982666 499.347442626953 652.626625061035 568.480613708496 461.860160827637 514.519744873047 603.294715881348 558.068069458008 590.219617843628 608.743350982666 696.643981933594 544.152355194092 492.45299911499 577.964286804199 521.14966583252 625.194984436035 532.81990814209 479.174554824829 696.670715332031 543.411255836487 593.476890563965 632.888999938965 607.682813644409 662.838943481445 578.792596817017 704.626525878906 600.673866271973 609.55931854248 547.705351829529 543.474452018738 540.398441314697 625.815238952637 640.922752380371 656.831565856934 602.030975341797 391.976638793945 498.228847503662 599.081901550293 527.708106994629 610.704364776611 616.558204650879 516.240369796753 618.053131103516 597.089038848877 572.916851043701 607.262126922607 565.183359146118 557.826120376587
574.231670379639 487.364524841309 667.767318725586 759.058792114258 450.282363891602 480.071430206299 552.8421459198 527.11750793457 536.21399307251 583.849609375 600.59677696228 422.173233032227 546.073951721191 439.943103790283 554.829765319824 540.342148303986 555.779213428497 489.337387084961 578.296756744385 373.5068359375 574.726206541061 524.954025268555 543.294829845428 701.08674621582 724.372512817383 547.833848595619 618.941703796387 479.292495727539 896.110771179199 665.493148803711 522.876861572266 417.108779907227 552.644981384277 600.682426452637 558.742025375366 586.821743011475 692.239585876465 557.526791572571 530.596545219421 578.376811981201 546.977466464043 645.525665283203 588.377910614014 545.092358589172 467.556316375732 557.003187179565 584.656463623047 442.645416259766 610.564849853516 583.94394493103
500.728231430054 376.080047607422 524.043174266815 561.231828689575 419.981483459473 474.937545776367 519.333736419678 502.243965148926 509.348697662354 586.906720161438 609.842695236206 278.650985717773 454.769924163818 459.255420684814 608.753974914551 514.903211593628 453.718444824219 571.175941467285 566.834253311157 469.897811889648 620.35750579834 516.799377441406 568.475650787354 538.618826627731 742.042755126953 508.839546203613 645.1240234375 619.232953071594 807.061115264893 755.763433456421 593.052997589111 562.717109680176 546.449203491211 458.625949859619 500.618022918701 572.82067489624 622.548011779785 610.609237670898 589.916732788086 613.439323425293 537.426947593689 558.583461761475 661.128211975098 548.864544332027 496.626731872559 524.574766159058 646.882209777832 628.369606018066 525.208023071289 568.498449325562
470.726902008057 519.25328540802 589.917297363281 566.514539718628 464.041717529297 509.552825927734 430.03515625 541.155796051025 441.412315368652 454.60196685791 655.58772277832 460.600425720215 544.711565494537 588.35604095459 580.148862838745 497.150505065918 385.551239013672 487.457908630371 562.9466381073 552.454698562622 540.121313095093 591.712177276611 475.562324523926 658.147804260254 582.512104034424 671.259819030762 560.766525268555 598.609991073608 629.263637542725 693.227680206299 667.160442352295 617.656723022461 633.222284317017 454.832336425781 488.352188110352 428.163291931152 574.948776245117 617.401065826416 670.483070373535 608.048811912537 575.728679656982 546.919651031494 829.995612621307 503.625930786133 585.19800567627 551.56282043457 643.777002334595 533.16919708252 467.054840087891 466.449920654297
