simdem/realisation16.asc
NCOLS 350 
NROWS 171 
XLLCORNER 152620 
YLLCORNER 418050 
CELLSIZE 100 
NODATA_value -9999 
[rows 132 to 153 of 171, columns 300 to 349 of 350]
794.614547729492 749.093338012695 1567.56331348419 1100.91599273682 900.336778640747 1010.99366760254 1546.67291259766 1578.89114379883 1211.60484313965 1320.1149559021 1416.10238647461 1309.88372039795 1032.79000091553 1258.05249023438 1250.90721130371 934.281402587891 1010.64658927917 1052.75012207031 1082.00799560547 1002.89657592773 757.791564941406 844.3329654634 944.376350402832 807.821704864502 897.719436645508 932.09601688385 850.539259910583 807.96524810791 911.189167022705 925.412454605103 869.731031417847 945.076240539551 1030.8599395752 778.440307617188 -9999 -9999 -9999 -9999 -9999 -9999 -9999 -9999 -9999 -9999 -9999 -9999 -9999 -9999 -9999 -9999
819.477733612061 751.599639892578 968.56282043457 1372.76863098145 957.362537384033 953.875194549561 1599.76644897461 1936.06246948242 1273.22674560547 1134.41953277588 1225.57289123535 1380.1600189209 1187.71315765381 1149.19794273376 1575.59832763672 2034.48739624023 1788.77621459961 2275.67401123047 2092.25592041016 1488.13031005859 1629.63430023193 857.429176330566 736.439628601074 832.857082366943 915.886962890625 859.886161804199 837.600271224976 859.33264541626 919.2904047966 884.800331115723 874.477697372437 1025.7991104126 901.810542106628 746.40104675293 -9999 -9999 -9999 -9999 -9999 -9999 -9999 -9999 -9999 -9999 -9999 -9999 -9999 -9999 -9999 -9999
681.904708862305 852.641712188721 829.578674316406 1129.2638092041 1063.10896682739 1067.48762512207 1389.59866333008 1542.09564208984 1360.82844543457 1312.33120727539 1370.62182617188 1291.87754058838 1348.6925201416 1140.85996246338 1454.33120727539 1544.05514526367 1458.39743041992 1615.69644165039 1354.94973754883 1199.61692810059 1311.67434692383 1207.58847808838 922.229972839355 966.4755859375 865.971142292023 889.129825592041 983.905700683594 852.879663467407 1064.53414154053 930.054796218872 962.021240234375 900.326908111572 1054.50994873047 881.91089630127 865.090170860291 -9999 -9999 -9999 -9999 -9999 -9999 -9999 -9999 -9999 -9999 -9999 -9999 -9999 -9999 -9999
756.850803375244 729.525922775269 1058.50146102905 1277.47883605957 1148.56123352051 1097.14045715332 1006.22121429443 1610.55389404297 1590.59403991699 1531.61190795898 1429.46621704102 1468.48532104492 1260.19343566895 1086.35519123077 1342.2004699707 1796.66367581487 1352.54986572266 1226.90840148926 1020.19302368164 903.55272102356 1053.89807891846 1110.77861022949 1235.01075527817 1148.5725402832 945.524303436279 803.037117004395 891.477096557617 944.581115722656 864.979846954346 946.108681678772 882.999919891357 946.484977722168 1098.14786338806 930.875030517578 913.52335357666 686.184097290039 -9999 -9999 -9999 -9999 -9999 -9999 -9999 -9999 -9999 -9999 -9999 -9999 -9999 -9999
784.511750221252 1005.85568237305 932.795631408691 1028.85702133179 1061.58213806152 1354.83679199219 1137.34164428711 1122.98110961914 1132.36901855469 1253.87258911133 1267.9507598877 1075.32569885254 1413.10942077637 1577.02434539795 1110.56853485107 984.800148010254 1014.96910953522 1105.03575134277 1024.39711761475 1001.25424957275 915.792659044266 944.723167419434 996.747224807739 1125.01808452606 995.531558990479 950.404584884644 929.409744262695 841.894435882568 880.418531417847 936.659996032715 970.002626895905 1488.2648229599 836.585844039917 862.529391288757 750.61075592041 821.898574829102 -9999 -9999 -9999 -9999 -9999 -9999 -9999 -9999 -9999 -9999 -9999 -9999 -9999 -9999
856.189472198486 1075.39340209961 993.958618164062 798.337661743164 886.528896331787 1222.71215820312 1145.29257965088 909.846382141113 930.946717262268 1277.61396789551 1112.00415039062 867.710205078125 1290.23133468628 1355.85433959961 1326.68861293793 914.048645019531 1030.56591796875 874.209087371826 993.073234558105 883.618469238281 1014.60985183716 849.119766235352 878.336654663086 883.331825256348 1061.49753761292 1132.24408340454 1628.29565811157 781.841506958008 928.864967346191 887.318222761154 1295.47615432739 973.038969039917 894.301022171974 752.160736083984 889.015468597412 792.064670562744 876.671558380127 -9999 -9999 -9999 -9999 -9999 -9999 -9999 -9999 -9999 -9999 -9999 -9999 -9999
895.066423892975 921.185562610626 907.058744430542 778.501628875732 937.756469726562 1070.45120239258 1312.20847320557 918.47615814209 1126.58853912354 1213.47352600098 1114.06700134277 899.981792449951 1121.35592651367 1554.42082738876 1487.64860534668 1287.21118736267 1009.58221054077 1181.41821289062 1075.2533416748 1084.42770385742 895.930568695068 981.129806518555 960.972644805908 1089.40159988403 916.268196105957 978.079860687256 1074.82218933105 913.506507873535 1087.55754089355 1169.30995178223 1046.42724990845 967.12593126297 774.393081665039 887.073701858521 787.413093566895 825.893783569336 789.504535794258 -9999 -9999 -9999 -9999 -9999 -9999 -9999 -9999 -9999 -9999 -9999 -9999 -9999
734.957118988037 758.95246887207 771.170776367188 803.409465789795 754.846839904785 1000.40855407715 1157.4733505249 1038.84905433655 972.949886322021 955.189205169678 1034.56907272339 1067.99970245361 1095.15620422363 1073.03144454956 1733.14356994629 1703.85470199585 962.364797592163 1247.65464782715 1126.45142364502 989.906440734863 987.803928375244 960.452083349228 878.773780822754 896.240821838379 971.811185121536 1028.82295608521 1030.21173858643 920.109878540039 924.771598815918 1196.69785785675 855.930847167969 865.085906982422 935.23095703125 968.65747833252 834.475135803223 915.777194023132 864.870693206787 1004.93025970459 -9999 -9999 -9999 -9999 -9999 -9999 -9999 -9999 -9999 -9999 -9999 -9999
816.931185722351 918.958654403687 841.045744895935 712.11848449707 854.065551757812 1004.81426286697 962.522643089294 975.506484031677 1039.15279006958 960.125717163086 1077.66194152832 970.730781555176 857.30534362793 930.316146850586 1351.18293762207 1700.08615112305 1312.8077545166 1087.10847473145 1065.37734222412 1013.96120071411 1036.42077827454 950.627899169922 991.36254119873 977.087837219238 1023.73938751221 1017.49309539795 1076.0071105957 841.300720214844 844.022254943848 919.506927490234 1469.83568572998 1050.0150642395 1113.71839141846 967.144866943359 852.329746246338 909.831309318542 876.971286773682 877.091681480408 -9999 -9999 -9999 -9999 -9999 -9999 -9999 -9999 -9999 -9999 -9999 -9999
738.244967103004 725.524131774902 912.750537872314 789.093811035156 852.517604827881 865.081100463867 818.141479492188 904.173263549805 1094.83769989014 882.130945205688 1001.66860961914 1126.83753204346 984.440013885498 1192.36926269531 1360.59526062012 1527.09089660645 1227.50343322754 1417.59008789062 1220.99092102051 1123.05574798584 1062.36869430542 986.396743774414 1040.03079605103 934.936966896057 953.466426849365 949.908494949341 991.371822357178 994.893898010254 1012.92654418945 1068.35436534882 1363.95601654053 1027.93588066101 880.711120605469 1059.22552490234 982.629592895508 851.807746887207 1006.49533843994 892.349171161652 887.973140716553 -9999 -9999 -9999 -9999 -9999 -9999 -9999 -9999 -9999 -9999 -9999
676.385879516602 868.376922607422 852.312973976135 970.615463256836 990.938684463501 1022.00129127502 1290.86735534668 1104.60627746582 1153.1688079834 1197.34260559082 958.626758575439 1040.21291351318 1145.29446411133 1109.94356536865 1344.44077539444 1201.92919921875 1205.48309326172 1153.97230529785 1227.27473449707 1104.25220489502 1299.23688650131 1070.94018363953 1276.99695014954 963.763160705566 900.871723175049 1001.52112579346 859.705039978027 1180.80296325684 1132.08055114746 1090.01854705811 1200.56712722778 1131.26783752441 1003.09213256836 901.771545410156 1003.3676636219 747.469360351562 788.155990600586 1001.45251846313 826.045639038086 -9999 -9999 -9999 -9999 -9999 -9999 -9999 -9999 -9999 -9999 -9999
736.51192855835 785.321641921997 889.263427734375 812.735664367676 820.191131591797 747.369293212891 986.881790161133 1066.01299285889 924.952606201172 914.084426879883 814.27278137207 870.371505737305 900.167724609375 970.03581237793 1136.87692260742 1474.18045806885 1057.2383480072 887.752883911133 1070.84459686279 1143.04373168945 1068.67974853516 923.454158782959 1086.11987495422 1114.62129211426 1041.43571281433 990.425735473633 1088.81651878357 1087.40520477295 1123.37080001831 1044.49882316589 975.253242492676 1130.51638960838 936.183876037598 832.403221130371 887.921478271484 919.750755310059 764.445617675781 850.078842163086 818.546745300293 -9999 -9999 -9999 -9999 -9999 -9999 -9999 -9999 -9999 -9999 -9999
701.480375289917 756.328071594238 687.112010955811 708.174860954285 828.639953613281 708.365169525146 783.504602432251 894.510604858398 814.636873245239 777.297040939331 784.308423995972 703.132530212402 865.59204864502 926.284683227539 1013.49642944336 1092.66498279572 1475.1319694519 1098.16220474243 972.907752990723 1152.8365020752 1134.83276367188 881.291624069214 1065.50003814697 1307.47142410278 1175.86268043518 1067.78510093689 1593.8505948782 993.097268283367 1060.58024597168 1020.61344110966 1033.11676025391 1054.03120422363 872.431812286377 888.25400352478 975.817422866821 927.62947845459 789.068481445312 913.800552368164 844.723499298096 990.69157409668 -9999 -9999 -9999 -9999 -9999 -9999 -9999 -9999 -9999 -9999
851.124130249023 702.135868310928 707.814135551453 830.322227478027 686.210922241211 868.169502258301 782.241981506348 880.743469238281 936.96044921875 864.080558776855 753.07247543335 457.676940917969 736.232048034668 1011.96734619141 960.844120025635 910.869915008545 1026.71557998657 1009.88158798218 1575.17009353638 1009.77099561691 900.429359436035 885.29231262207 1118.5912322998 1054.99340057373 1532.7283744812 1607.23757982254 892.204162597656 1189.39295387268 994.637187957764 1027.43654251099 1152.37784194946 942.199508666992 871.694913864136 859.832015991211 950.887939453125 804.910903930664 769.220764160156 802.222648620605 777.73999786377 989.0260887146 -9999 -9999 -9999 -9999 -9999 -9999 -9999 -9999 -9999 -9999
696.025581359863 799.897731781006 805.332550048828 759.069416046143 820.014022827148 720.625629425049 735.708232879639 765.922117233276 1008.95137405396 862.360687255859 689.624359130859 529.909362792969 759.794805884361 758.323318481445 859.446067810059 947.933734178543 1002.90032196045 1012.54779434204 1196.08375549316 1147.16222381592 859.322311401367 823.868576049805 966.465896606445 1049.34587669373 891.69017791748 1216.73586273193 1022.74691009521 950.220497131348 987.856101989746 1024.03005383536 948.217407226562 990.665428161621 738.955444335938 1128.82705307007 976.792457580566 828.140762329102 891.92667388916 999.469390869141 1022.05486297607 930.123426437378 -9999 -9999 -9999 -9999 -9999 -9999 -9999 -9999 -9999 -9999
702.072257995605 861.238746643066 825.441329956055 663.469009399414 696.943893432617 800.603755950928 734.052947998047 770.398564815521 709.436744689941 830.245025634766 774.851806640625 708.459197998047 710.502464294434 760.680831372738 792.482959747314 833.436273574829 1087.1707611084 1029.34261322021 1171.39112854004 1126.52439117432 977.393198013306 1007.7974395752 1000.8562374115 1126.59867614508 1070.66723823547 905.437393188477 920.552627563477 1048.74905395508 972.415302276611 907.870910644531 916.338005065918 890.235307693481 925.586975097656 798.635894775391 860.11328125 953.330316066742 1031.66771316528 1061.96704864502 930.066890716553 947.708534240723 915.710385322571 -9999 -9999 -9999 -9999 -9999 -9999 -9999 -9999 -9999
681.794624328613 846.897666931152 766.209474563599 681.989326477051 621.085723876953 816.134731292725 861.916732788086 686.428131103516 761.190078735352 788.049907684326 777.028205871582 911.598705291748 873.518707275391 1076.28231811523 846.397876739502 818.294885635376 914.241283416748 911.847190856934 988.404830932617 1051.09024047852 1022.60424995422 1041.43375396729 1133.36186218262 1041.90889358521 904.07169342041 1052.91064226627 915.975402832031 932.447681427002 950.32682800293 961.294914245605 940.085838317871 772.988510131836 928.671489477158 949.558444976807 903.765632629395 896.531111717224 977.700661182404 932.745475769043 915.522959709167 958.409168243408 870.921100616455 -9999 -9999 -9999 -9999 -9999 -9999 -9999 -9999 -9999
799.192672729492 851.011917114258 804.574349403381 615.031799316406 659.05054473877 633.603523254395 749.651271820068 771.732612609863 702.252975463867 737.529327392578 695.702697753906 843.774322509766 835.663993835449 1266.04179382324 908.518642425537 841.479156494141 714.456443786621 823.707538604736 944.931823730469 853.616959571838 962.598648071289 798.35334777832 978.752868652344 1006.60618591309 963.211410522461 1148.38693237305 945.820858001709 1038.26235961914 866.916736602783 959.646717071533 1014.98728942871 823.136749267578 888.010513305664 934.985355377197 824.867492675781 1009.13482284546 1001.52649497986 924.853698730469 795.379791259766 748.080810546875 974.106280326843 831.79793548584 -9999 -9999 -9999 -9999 -9999 -9999 -9999 -9999
903.0283203125 648.52320098877 600.530456542969 562.329605102539 566.944305419922 653.935340881348 591.039947509766 798.20849609375 717.056343078613 854.404276847839 840.055297851562 871.608665466309 829.900602340698 832.893135070801 890.906600952148 826.517471313477 680.592010498047 649.956085205078 902.754379272461 954.533882141113 933.359107971191 810.709800720215 903.647270202637 1105.05419540405 1054.7017250061 1062.91526031494 1112.9102935791 998.577370166779 1022.74072265625 845.700057983398 881.055427074432 887.687634944916 1065.45506286621 836.299308776855 814.993225097656 896.582221984863 1035.22508239746 1042.00199890137 872.364783287048 991.081226348877 974.276428669691 876.68790435791 -9999 -9999 -9999 -9999 -9999 -9999 -9999 -9999
872.338623046875 843.103614807129 832.807262420654 641.05867767334 605.11604309082 807.492244720459 757.906353712082 860.513118743896 717.761383056641 719.111251831055 692.710906982422 786.842315673828 876.215385437012 904.31597661972 1041.14193725586 848.194389343262 835.264228820801 892.394695281982 838.528564453125 798.112049102783 832.324317038059 851.972713470459 837.190009653568 991.146179199219 844.093307495117 986.842010498047 1066.38354492188 920.258220672607 889.863624572754 875.039245605469 866.662528991699 958.912408828735 868.224098205566 848.962890625 1323.3236541748 946.85450387001 840.152725219727 1019.39124488831 1025.77878189087 987.831610202789 842.962158203125 973.731609344482 968.37713432312 -9999 -9999 -9999 -9999 -9999 -9999 -9999
927.934661865234 926.138900756836 882.619556427002 866.317520141602 635.412567138672 686.697509765625 852.472618103027 840.659301757812 819.14627456665 718.965171813965 702.761199951172 969.234970092773 842.573837280273 806.06958770752 819.016754150391 808.756088256836 932.408752441406 978.321117401123 989.407112121582 952.633749246597 960.814338684082 762.043762207031 769.393051147461 818.903411865234 955.27116394043 795.123268127441 968.799331665039 874.399248123169 838.806884765625 793.754760742188 845.813919067383 873.154434204102 848.932273864746 817.589645385742 1099.76858520508 853.076683044434 967.728759050369 1109.34242248535 945.775287628174 967.870059967041 994.461166381836 922.709281921387 984.034826278687 -9999 -9999 -9999 -9999 -9999 -9999 -9999
877.739170074463 765.810771942139 755.318264007568 702.220649719238 655.031036376953 691.162300109863 657.983901977539 835.068649291992 780.272204399109 683.182067871094 873.079193115234 800.227485656738 1004.76140213013 864.387401580811 736.048709869385 693.971786499023 883.923873901367 856.490356445312 886.367736816406 821.982482910156 889.513620376587 876.800094604492 905.324069976807 775.672897338867 677.777359008789 717.975128173828 870.87866973877 822.293281555176 781.94995880127 804.944965362549 854.318351745605 793.744369506836 702.468139648438 628.156219482422 1086.57777404785 809.483459472656 930.984062194824 979.252471923828 1031.93311309814 1015.46997642517 951.339561462402 898.466659545898 830.811416625977 914.141979217529 -9999 -9999 -9999 -9999 -9999 -9999
