simdem/realisation74.asc
NCOLS 350 
NROWS 171 
XLLCORNER 152620 
YLLCORNER 418050 
CELLSIZE 100 
NODATA_value -9999 
[rows 0 to 21 of 171, columns 200 to 249 of 350]
-9999 -9999 -9999 -9999 -9999 -9999 -9999 -9999 -9999 -9999 -9999 -9999 -9999 -9999 -9999 -9999 -9999 -9999 -9999 -9999 -9999 -9999 -9999 -9999 -9999 -9999 -9999 -9999 -9999 -9999 -9999 -9999 -9999 -9999 -9999 -9999 -9999 -9999 -9999 -9999 -9999 -9999 -9999 -9999 -9999 -9999 -9999 -9999 -9999 -9999
-9999 -9999 -9999 -9999 -9999 -9999 -9999 -9999 -9999 -9999 -9999 -9999 -9999 -9999 -9999 -9999 -9999 -9999 -9999 -9999 -9999 -9999 -9999 -9999 -9999 -9999 -9999 -9999 -9999 -9999 -9999 -9999 -9999 -9999 -9999 -9999 -9999 -9999 -9999 -9999 -9999 -9999 -9999 -9999 -9999 -9999 -9999 -9999 -9999 -9999
-9999 -9999 -9999 -9999 -9999 -9999 -9999 -9999 -9999 -9999 -9999 -9999 -9999 -9999 -9999 -9999 -9999 -9999 -9999 -9999 -9999 -9999 -9999 -9999 -9999 -9999 -9999 -9999 -9999 -9999 -9999 -9999 -9999 -9999 -9999 -9999 -9999 -9999 -9999 -9999 -9999 -9999 -9999 -9999 -9999 -9999 -9999 -9999 -9999 -9999
-9999 -9999 -9999 -9999 -9999 -9999 -9999 -9999 -9999 -9999 -9999 -9999 -9999 -9999 -9999 -9999 -9999 -9999 -9999 -9999 -9999 -9999 -9999 -9999 -9999 -9999 -9999 -9999 -9999 -9999 -9999 -9999 -9999 -9999 -9999 -9999 -9999 -9999 -9999 -9999 -9999 -9999 -9999 -9999 -9999 -9999 -9999 -9999 -9999 -9999
-9999 -9999 -9999 -9999 -9999 -9999 -9999 -9999 -9999 -9999 -9999 -9999 -9999 -9999 -9999 -9999 -9999 -9999 -9999 -9999 -9999 -9999 -9999 -9999 -9999 -9999 -9999 -9999 -9999 -9999 -9999 -9999 -9999 -9999 -9999 -9999 -9999 -9999 -9999 -9999 -9999 -9999 -9999 -9999 -9999 -9999 -9999 -9999 -9999 -9999
309.677429199219 427.791702270508 547.231729507446 676.078117370605 801.660724639893 -9999 -9999 -9999 -9999 -9999 -9999 -9999 -9999 -9999 -9999 -9999 -9999 -9999 -9999 -9999 -9999 -9999 -9999 -9999 -9999 -9999 -9999 -9999 -9999 -9999 -9999 -9999 -9999 -9999 -9999 -9999 -9999 -9999 -9999 -9999 -9999 -9999 -9999 -9999 -9999 -9999 -9999 -9999 -9999 -9999
500.145673751831 460.914582252502 504.615760803223 498.829275131226 796.336715698242 711.16242980957 678.693237304688 807.135757446289 797.078964233398 620.718765258789 -9999 -9999 -9999 -9999 -9999 -9999 -9999 -9999 -9999 -9999 -9999 -9999 -9999 -9999 -9999 -9999 -9999 -9999 -9999 -9999 -9999 -9999 -9999 -9999 -9999 -9999 -9999 -9999 -9999 -9999 -9999 -9999 -9999 -9999 -9999 -9999 -9999 -9999 -9999 -9999
866.237390518188 324.190994262695 329.182601928711 343.305564880371 687.129482269287 908.846954345703 580.360275268555 599.680107116699 422.701663970947 625.42350769043 486.89638710022 496.300905227661 536.026775360107 579.618095397949 669.32787322998 730.364120483398 867.628112792969 669.378997802734 1097.03890991211 919.472162246704 889.047016143799 965.729049682617 924.360387802124 1026.20475769043 932.484394073486 955.270805358887 841.472846984863 821.557426452637 1008.25664520264 885.485900878906 939.276399612427 935.384334564209 724.785778045654 814.090591430664 800.540184020996 688.547439575195 924.851623535156 1017.60733032227 776.595184326172 -9999 -9999 -9999 -9999 -9999 -9999 -9999 -9999 -9999 -9999 -9999
895.467149734497 929.329086303711 579.615127563477 664.165088653564 1090.40927886963 1178.65896606445 1054.02369308472 487.939579963684 394.209362030029 671.264755249023 584.515182495117 551.763282775879 535.635108947754 498.027027130127 530.266265869141 688.263748168945 796.218475341797 689.594528198242 933.428665161133 824.890243530273 847.804664611816 880.515327453613 893.971923828125 818.97200012207 732.276679992676 771.110504150391 737.419578552246 761.092121124268 869.346429109573 760.228012084961 805.866886138916 830.289014816284 600.673610687256 602.714981079102 763.821806907654 650.41633605957 963.935455322266 1011.34510803223 712.977874755859 583.515640258789 808.0341796875 1260.42250823975 1350.62296676636 1004.52214813232 796.744364976883 -9999 -9999 -9999 -9999 -9999
995.57493019104 1089.85330200195 682.722457885742 595.688911437988 1080.4370803833 1056.30281448364 1105.25226855278 1088.05283260345 795.547676086426 845.155715942383 892.833618164062 685.577648162842 432.149898529053 483.166938781738 552.948635101318 669.624435424805 652.310028076172 511.89038848877 928.894523620605 808.669486999512 781.899925231934 737.536437988281 775.379516601562 783.557702064514 704.762939453125 840.91231071949 767.772117614746 661.610397338867 896.374923706055 864.424634218216 771.791423797607 800.328193664551 595.770088195801 685.729370117188 670.309753417969 660.82682800293 921.986724853516 1084.69552612305 531.925338745117 553.222721099854 654.823265075684 1060.23181915283 927.136219024658 945.423683166504 849.792603492737 1399.44249725342 845.953338623047 -9999 -9999 -9999
1040.57624816895 902.845840454102 1026.71367168427 1035.76326751709 1160.41481018066 1099.88293075562 1206.66045880318 1167.60359954834 903.142377853394 864.916717529297 759.093574523926 699.056383132935 599.602428436279 461.011215209961 652.35311126709 742.649429321289 838.7268409729 851.273313522339 839.529958724976 1006.26938247681 914.065884113312 1003.09495925903 583.753852844238 651.61157989502 752.977555274963 768.888259887695 736.939109802246 611.442443847656 640.661224365234 785.811492919922 813.435068130493 757.227324724197 608.499946594238 685.813819885254 489.959320068359 480.119827270508 592.060575485229 892.625267028809 955.451168060303 652.374843597412 790.756248474121 767.262746095657 722.225051879883 769.356922149658 756.820493102074 1381.67212677002 910.461423903704 1409.57119941711 776.05538225174 -9999
938.710929870605 954.474220275879 908.155777931213 972.212497711182 996.990684509277 1250.26624298096 1298.53918457031 1111.10517501831 1091.84573364258 897.499561309814 802.901090621948 832.038497209549 683.588407516479 585.756927490234 515.471481323242 620.161869049072 864.061874389648 888.73127746582 883.316108703613 1024.68061065674 991.506782531738 948.043838500977 591.880210876465 602.885070800781 626.584716796875 855.109939575195 868.702407836914 820.162022590637 687.003852844238 842.222899436951 804.887381076813 825.276275634766 653.679210662842 634.43985748291 651.493673324585 520.7724609375 553.100952148438 820.193962097168 821.635009765625 957.636339664459 602.193019866943 526.300796508789 736.885009765625 863.988346099854 681.683197021484 747.186305999756 856.712238311768 1239.10488891602 915.822338104248 804.11589050293
881.569183349609 896.585206985474 957.601547241211 879.485317230225 669.243564605713 950.639976501465 640.695281982422 610.536727905273 846.12760925293 845.167084693909 814.799505233765 740.312622070312 749.562450408936 645.478816986084 617.898788452148 645.377433776855 879.480703353882 1017.07829284668 973.420902252197 1065.09968757629 1146.32387542725 1292.62104797363 919.396102905273 708.034408569336 778.171890258789 897.097660541534 827.765846252441 866.401359558105 788.342788696289 778.915924072266 794.458068847656 948.913108825684 804.361886978149 766.768863677979 801.423969268799 784.315986633301 710.455560684204 1008.44077301025 943.900390625 800.287460327148 604.818580627441 624.206476211548 659.030191898346 901.24019241333 779.336883544922 614.834121704102 782.674364089966 962.514556884766 840.299133300781 762.294345855713
570.033538818359 609.482215881348 712.09460067749 697.667795181274 776.28360748291 785.13996887207 731.514011383057 833.610641479492 1050.40814590454 861.298059463501 837.007167816162 896.550323486328 710.439910888672 749.412925720215 674.014678955078 1178.41610717773 796.022117614746 725.668395996094 950.972911834717 1370.17561340332 1052.66893005371 1389.49700927734 1000.32069396973 774.820892333984 754.115791320801 721.664215087891 803.74674987793 660.437774658203 826.405944824219 812.180114746094 748.924392700195 852.409812927246 901.972793579102 951.860090255737 966.359402656555 1011.52326202393 919.623641967773 1043.89860260487 972.241409301758 942.754464626312 815.96284866333 873.63631439209 604.46236038208 1043.85285949707 898.782444000244 913.326026916504 1013.9920425415 747.127555847168 721.112140655518 1021.46086502075
642.112461090088 494.812423706055 644.037483215332 634.267875671387 726.904857635498 786.251365661621 731.550636291504 789.039930343628 850.413093566895 809.068534851074 969.471716880798 831.729553222656 1281.01405906677 805.847755432129 762.387495040894 682.984436035156 716.504198074341 753.6946144104 762.993789672852 1279.25677680969 741.891041755676 736.661045372486 774.696018218994 1054.22396850586 667.483535766602 688.734962463379 712.130874633789 893.833032608032 775.112457275391 816.53687286377 854.056381225586 831.293815612793 863.140470027924 924.392887115479 845.612400054932 901.167505264282 1080.28842926025 898.43651008606 892.086982727051 1038.76898193359 1044.56582260132 1117.74459075928 1119.59962463379 1151.21660614014 1003.26202011108 992.837666988373 963.53178024292 1015.29723739624 789.720230102539 1007.36421966553
785.05184173584 757.046257019043 774.74161529541 667.78130531311 814.724872589111 767.094024658203 771.27840423584 678.727375030518 619.886016845703 645.640224456787 696.263497829437 614.675048828125 723.127105712891 819.439575195312 742.660083770752 912.0185546875 622.286041259766 662.84154510498 773.399185180664 697.895561218262 679.588367462158 644.852210998535 862.680381774902 690.768672943115 669.118347167969 776.310321807861 836.99044418335 770.579864501953 772.770362854004 799.095706939697 958.288833618164 1086.02355194092 822.955034255981 899.3815574646 861.619091033936 873.738298416138 1017.75213623047 944.140626907349 906.03041934967 930.278129577637 943.456083297729 987.744697570801 1017.86766815186 1110.98928070068 1027.99308013916 1021.49439239502 957.600900650024 1072.7543258667 674.764755249023 731.062484741211
706.093803405762 842.075637817383 782.870121002197 759.288436889648 877.354473114014 664.683460235596 620.850616455078 652.774452209473 665.262676239014 599.807655334473 956.844638824463 888.714942932129 616.159721374512 783.4289894104 718.384479522705 732.898198127747 779.106281280518 652.934127807617 545.36735534668 627.471199035645 631.259963989258 772.651908874512 926.740249633789 699.546424865723 549.315185546875 698.562572479248 698.686027526855 1193.1456451416 695.251876831055 883.661108016968 1132.59506225586 972.464716911316 740.774291992188 908.79252243042 738.46223449707 768.84986114502 879.984434449114 856.751201629639 981.625663757324 883.22043132782 887.824216842651 951.980894088745 960.725964546204 817.891677856445 866.571907043457 1052.81697845459 1097.40323638916 1231.80987548828 931.740659624338 774.279560089111
499.001968383789 666.547269821167 1225.89515686035 805.406684875488 710.097496032715 955.891845703125 836.865859985352 868.645370483398 617.927978515625 709.085746765137 763.842994689941 707.601940155029 687.222987174988 624.026153564453 831.881454467773 813.452835083008 893.935684204102 738.458838224411 602.209533691406 496.533325195312 640.75350189209 825.713377952576 886.568481445312 657.54504776001 649.933832168579 635.621715545654 710.069734573364 728.831126213074 684.783241271973 861.254539489746 1074.36694145203 870.306415557861 656.882926940918 1334.35696029663 776.090045928955 689.739181518555 701.813568115234 773.528102874756 823.058330535889 622.56819152832 770.748370170593 841.667915344238 826.85168838501 647.316635131836 865.7813539505 976.614082336426 927.838684082031 1176.89799499512 883.677043914795 820.2734375
1038.56762695312 433.026763916016 1270.90007781982 1128.37545013428 769.595809936523 741.802680969238 752.763114929199 698.428749084473 1162.48962783813 705.013530731201 541.731246948242 623.938861846924 767.386150360107 830.230026245117 715.053253173828 806.322587966919 729.890211105347 740.735836029053 578.927627563477 558.145072937012 562.593124389648 803.343143463135 721.07181930542 619.693809509277 714.443470001221 596.65592956543 654.071662902832 755.424880981445 737.013464987278 749.46212720871 758.409196376801 795.670146942139 758.700044631958 616.354431152344 662.259086608887 1151.20637512207 720.333023071289 712.402187347412 704.528785705566 711.275772094727 875.349346160889 826.319910049438 816.11572265625 816.874614715576 759.000965118408 815.380729675293 935.278656005859 908.335489273071 944.540563106537 944.30623626709
691.711786270142 782.603504180908 870.773368835449 776.400720596313 1104.54008483887 1368.92354393005 829.211891174316 689.339160919189 703.061725616455 714.21306848526 674.943389892578 662.324405670166 665.690505981445 749.40060043335 692.492855072021 819.801658630371 694.056303977966 771.633869171143 553.857666015625 570.383316040039 734.914873123169 766.954620361328 705.691595077515 656.621389389038 696.547569274902 859.542419433594 921.707290649414 881.808837890625 743.272022247314 738.537859916687 728.221046447754 813.853061676025 726.418142318726 680.843278884888 591.317535400391 606.433120727539 812.321922302246 1257.64226531982 756.553632736206 761.818611621857 770.29809743166 881.268257141113 813.7015209198 922.948289871216 919.62572479248 890.056510925293 810.479682922363 947.590759277344 818.609703063965 947.832857131958
710.193707227707 698.718629598618 766.948356628418 863.81559753418 667.412082672119 739.012470245361 745.451126098633 692.466312408447 661.17138671875 702.911638259888 660.125675201416 751.707672119141 516.478012084961 643.396118164062 720.86950302124 696.893867492676 790.635761260986 712.136241912842 726.788726806641 615.561073303223 722.810976028442 679.920868873596 634.474170684814 625.794525146484 743.153869628906 669.458572387695 718.560222625732 648.946361541748 725.795156463981 737.135005950928 739.239453315735 803.850654602051 709.294208526611 715.320377349854 788.871898651123 851.871917724609 775.522731781006 679.130332946777 753.691329956055 1208.59717178345 1376.01929473877 775.689691543579 611.373512268066 805.064834594727 814.644563674927 800.108205795288 730.698299407959 1098.38611602783 1213.8286895752 862.179952144623
753.860874176025 766.553485870361 710.082006454468 664.994258880615 629.679351806641 726.96307182312 654.429080963135 628.197418212891 733.960079193115 650.339448928833 704.673063278198 574.497077941895 552.650581359863 638.662422180176 811.147796630859 746.453903198242 741.121406555176 764.970901489258 677.435422897339 566.626602172852 678.471160888672 684.648259162903 597.784912109375 570.233421325684 522.456741333008 615.338920593262 743.171558380127 804.583763122559 721.066024780273 825.768615722656 774.648115158081 873.494773864746 690.659729003906 569.490463256836 811.243675231934 882.270965576172 739.052734375 746.930904388428 719.016780853271 975.294479370117 830.490409851074 822.861434936523 764.85281920433 816.279800415039 775.655082702637 800.570194244385 987.368896484375 941.656623840332 944.067373275757 835.565002441406
