simdem/realisation71.asc
NCOLS 350 
NROWS 171 
XLLCORNER 152620 
YLLCORNER 418050 
CELLSIZE 100 
NODATA_value -9999 
[rows 22 to 43 of 171, columns 50 to 99 of 350]
-9999 -9999 -9999 -9999 -9999 -9999 -9999 -9999 -9999 689.410266876221 766.658950805664 827.747680664062 817.193695068359 778.848442077637 481.964598655701 465.344515800476 433.491012573242 467.311965942383 637.839775085449 508.692794799805 587.231006622314 586.391578674316 589.364719390869 760.539939880371 909.678607940674 698.157123565674 569.564880371094 589.670307159424 604.951366424561 602.286102771759 531.318649291992 649.243259429932 567.896812438965 644.816749572754 618.383056640625 657.73593711853 422.437164306641 482.329895019531 395.542602539062 522.530214309692 427.724601745605 396.165603637695 1018.07859039307 670.309787750244 688.315811157227 703.338523864746 587.057157516479 770.959259033203 683.892913818359 1539.05989837646
-9999 -9999 -9999 -9999 -9999 -9999 -9999 -9999 908.338905334473 806.649307250977 783.830780029297 675.230582714081 605.541809082031 481.973922729492 567.08723449707 727.96598815918 548.178823471069 666.58448600769 594.452840805054 590.741031646729 671.450817108154 765.380760192871 851.875427246094 833.114151000977 781.832168579102 754.295028686523 558.553756713867 631.339122772217 609.70467376709 533.811029434204 437.048004150391 525.397805452347 489.112449645996 601.866970062256 602.166139602661 694.320030212402 348.753158569336 765.87825012207 679.375923156738 1265.78874206543 830.734541893005 588.601131439209 440.671371459961 507.830062866211 552.257831573486 740.298309326172 683.069114685059 895.915313720703 791.132553100586 1304.60540771484
-9999 -9999 -9999 -9999 -9999 -9999 -9999 811.14616394043 801.536178588867 980.032871246338 550.093589782715 653.7543592453 486.550192832947 457.330358505249 670.472061157227 794.084014892578 796.521224975586 715.383163452148 741.772148132324 692.562538146973 653.792839050293 763.072128295898 607.149564743042 686.745254516602 654.201622962952 645.148536682129 577.032447814941 559.161166191101 607.196578979492 1122.55188751221 652.489711761475 605.141607284546 653.28685760498 500.58341217041 685.078140258789 511.404479980469 465.174072265625 526.207626342773 630.094167709351 642.961071014404 627.436897277832 589.306005477905 666.227676391602 633.918067932129 547.097192764282 672.965873718262 708.477890014648 605.612800598145 660.167541503906 1123.7412071228
-9999 -9999 -9999 -9999 -9999 -9999 777.922927856445 569.695739746094 701.303909301758 894.167331695557 550.289619445801 764.510070800781 450.956846237183 558.069318771362 546.447460174561 719.98429107666 645.843656539917 847.458602905273 626.456283569336 754.908977508545 731.071376800537 744.137462615967 443.069725036621 609.024972438812 545.01197052002 511.959045410156 488.938171386719 1045.54152679443 663.330825805664 874.448928833008 659.322769165039 757.60733795166 739.973130464554 844.061710357666 627.377552032471 460.769149780273 423.200057983398 682.237640380859 541.604480743408 617.079929351807 565.791954040527 593.007690429688 610.619262695312 502.950328826904 588.516395568848 588.677280426025 671.254295349121 718.103790283203 654.471649169922 807.201885223389
-9999 -9999 -9999 -9999 -9999 610.893005371094 368.162734985352 334.988586425781 426.29182434082 788.387268066406 574.136726379395 618.299020767212 700.4817237854 646.893500328064 618.615699768066 619.313320159912 533.982601165771 667.70881652832 572.429283618927 678.694320678711 808.601333618164 742.151077270508 601.43013381958 475.802261352539 450.700912475586 641.680435180664 494.701202392578 618.971328735352 782.763137817383 824.596855163574 702.746158599854 695.259910583496 729.409255981445 696.222610473633 678.97906088829 655.892816543579 563.834615707397 575.259796142578 525.194152832031 553.405835151672 467.392768859863 600.715421676636 553.793287754059 522.833030700684 462.267280578613 498.92115020752 618.442840576172 599.987905502319 571.840019226074 640.082111358643
-9999 -9999 -9999 -9999 572.209920883179 659.928047180176 405.011749267578 497.816519737244 509.754165291786 838.102447509766 744.120880126953 737.486979484558 587.159038543701 479.057708740234 410.673477172852 587.19352722168 290.151626586914 530.900356292725 613.904842376709 574.077796936035 520.797904968262 568.321729660034 678.780914306641 1037.4937210083 919.280467987061 778.37392616272 364.908386230469 484.539001464844 554.876831054688 640.21110534668 516.707824707031 538.39282989502 642.484729766846 663.469604969025 561.574424743652 653.728736877441 697.295864105225 656.165184020996 588.431926727295 663.697578430176 434.270874023438 626.883666992188 439.836036682129 532.083652496338 654.095886230469 525.518871307373 675.031661987305 545.163497924805 525.263870239258 577.852920532227
-9999 -9999 -9999 1255.49301147461 696.614624023438 712.597198486328 623.843202590942 496.740909576416 730.762344360352 715.679893493652 763.456150054932 595.068626403809 559.055103302002 653.737125396729 499.384704589844 571.635936737061 740.173336029053 647.921432495117 632.569801330566 509.560005187988 477.963829040527 497.199115514755 682.018157958984 515.346542358398 689.334293365479 670.095249176025 611.564192295074 494.169219970703 450.155883789062 473.130115509033 444.293251037598 496.266628265381 571.873753547668 500.484191894531 521.162452697754 538.97049331665 485.120475769043 465.366317749023 531.327491760254 394.843109130859 428.891914367676 488.205940246582 439.515258789062 574.453857421875 400.854881286621 457.290878295898 521.475842475891 410.039352416992 527.717975616455 522.479446411133
-9999 -9999 752.515804290771 1151.68864631653 674.41471862793 539.501167297363 608.279728889465 505.177458763123 498.934341430664 634.303115844727 715.269729614258 610.473761558533 502.784294128418 700.09391784668 535.368103027344 645.44144821167 668.5901927948 595.250514984131 1079.78700256348 645.472852706909 1247.25288963318 580.727188110352 445.74730682373 471.559226989746 426.805862426758 443.942848205566 439.07105255127 537.18501663208 521.284158706665 474.854484558105 548.539546966553 675.566738128662 648.806617736816 628.851356506348 622.712745666504 397.059906005859 549.314363479614 639.344337463379 512.397131919861 359.444580078125 375.032485961914 455.859409332275 369.752700805664 466.417552947998 540.841911315918 443.482200622559 503.324746131897 506.832942962646 630.915939331055 781.096664428711
-9999 -9999 780.71696472168 1089.56756210327 1180.94627380371 544.959373474121 706.446746826172 399.733474731445 485.033294677734 629.659286499023 568.032287597656 504.24259185791 745.968645334244 667.547061920166 653.531517028809 787.515441894531 635.334957957268 502.269672393799 928.374519348145 583.655555725098 501.05556678772 630.23042678833 632.934074401855 550.481492996216 428.262565612793 486.479339599609 422.248474121094 544.758407592773 316.157470703125 307.073867797852 500.84069442749 626.391174316406 665.330947875977 505.091403961182 616.560913085938 480.259326934814 494.537899017334 507.229640960693 434.124938964844 504.310293197632 426.956886291504 539.400085180998 467.9303150177 417.218673706055 633.365219116211 599.122657775879 528.520822525024 548.884632110596 657.120300292969 728.935138702393
-9999 561.294616699219 788.882774353027 597.818349838257 665.992572784424 551.917785644531 718.994293212891 685.730333328247 711.388439655304 548.704536437988 555.721229553223 606.597507476807 544.86994934082 568.978317260742 507.312786102295 775.696029663086 783.116348266602 593.058303833008 567.517642974854 517.691882133484 515.911773681641 506.571376800537 562.86986541748 523.85018157959 448.680220365524 485.334872961044 490.792282104492 393.807800292969 445.757404327393 418.257713317871 566.953544616699 472.196918487549 509.141723632812 653.24577331543 495.38346862793 391.147308349609 515.937789916992 429.818672180176 486.707190513611 363.949798583984 544.052871704102 591.747104644775 538.31019449234 516.390684127808 461.620561599731 467.015670776367 593.418167114258 614.62459564209 622.727027893066 603.711109161377
476.967239379883 734.257255554199 629.578130722046 631.982026100159 576.128398895264 544.732872009277 559.418926239014 782.600738525391 680.700847625732 622.748941421509 528.227668762207 564.93782043457 545.433486938477 532.914241790771 612.866937637329 657.310131072998 515.583519697189 584.428642272949 521.864616394043 334.851669311523 332.976181030273 365.157516479492 257.052947998047 416.063957214355 431.226362705231 451.674171447754 417.96040725708 485.541872024536 463.958892822266 453.970649719238 424.861801147461 446.272274017334 454.515110015869 451.495283693075 463.480798244476 436.90044593811 352.785125732422 389.962379455566 337.385604858398 489.588468551636 656.322677612305 629.423355102539 502.395864486694 494.558139801025 361.629501342773 474.718124389648 688.909255981445 618.977512359619 648.582748413086 509.671669006348
615.667572021484 599.228302001953 604.152976989746 611.70334148407 608.416156768799 517.629356384277 570.251762390137 647.66194152832 732.102424621582 547.305229187012 576.292556762695 358.865173339844 543.129711151123 344.277961730957 611.159845352173 383.568870544434 515.820960998535 583.64436340332 548.422424316406 442.972869873047 199.269165039062 392.796340942383 347.125793457031 232.903442382812 301.309799194336 338.32723236084 460.417568206787 517.923057556152 452.89409160614 536.326232910156 586.162414550781 558.03987121582 504.639869689941 515.795013427734 522.833778381348 432.095664978027 420.362592697144 281.594207763672 412.605617523193 352.53141784668 609.899703979492 644.647392272949 452.162040710449 396.020584106445 450.445838928223 416.064956665039 541.464454650879 574.298866271973 554.666831970215 698.567092895508
767.50390625 417.372398376465 680.295669555664 710.905456542969 593.752420425415 527.929290771484 532.490249633789 360.390312194824 621.655059814453 561.945922851562 501.687240600586 509.563201904297 476.53392791748 516.096809387207 544.656192779541 493.026519775391 397.923057556152 489.839965820312 503.907037734985 346.173736572266 350.524154663086 410.105743408203 305.821762084961 331.125068664551 351.674537658691 307.268478393555 413.526893615723 548.24536895752 433.795362472534 545.060707092285 608.607421875 542.577102661133 474.600685119629 453.138668060303 367.325157165527 525.605770111084 319.908218383789 365.356399536133 423.853708267212 295.777801513672 474.168236732483 516.375444412231 447.005905151367 317.083145141602 596.168609619141 531.718189239502 475.61018845439 660.523544311523 666.905395507812 659.718765258789
503.137178897858 431.050300598145 575.483016967773 477.522529602051 434.428192138672 507.773414611816 511.299697875977 843.323196411133 477.008453369141 720.972808837891 537.148803710938 426.016288757324 508.287029266357 506.224182128906 599.62020111084 300.385406494141 206.619018554688 351.528137207031 503.557610034943 490.953071951866 388.313888549805 448.544297218323 491.532901763916 353.011131286621 225.033676147461 377.68078994751 334.881454467773 441.319361209869 466.675662994385 429.423143386841 521.039035797119 598.663070678711 639.463806152344 524.57942199707 438.172595977783 339.947090148926 392.781593322754 312.128982543945 398.033828735352 419.9765625 428.558277130127 665.57307434082 483.076706886292 419.939479827881 483.916286468506 495.742336273193 401.237003326416 509.418670654297 534.225730895996 510.896352767944
585.929168701172 717.739036560059 560.305950164795 597.127258300781 510.428001403809 532.005466461182 582.727882385254 787.430931091309 656.866458892822 765.450672149658 335.277740478516 392.021560668945 527.983343601227 688.762435913086 655.378913879395 310.926635742188 405.614738464355 556.857555389404 598.835563659668 424.119430541992 435.593042373657 308.923278808594 481.176368713379 448.442348957062 455.152742385864 423.942509174347 260.964172363281 502.180072784424 588.461837768555 452.238160133362 475.153018951416 458.398986816406 600.282806396484 599.403945922852 430.55459022522 395.078788757324 352.069023132324 291.820236206055 441.564317703247 382.984310150146 567.580642700195 506.558921813965 545.48127746582 508.581245422363 407.243869781494 456.206167221069 419.079605102539 386.532104492188 444.200386047363 452.342819213867
623.174111843109 514.56068944931 398.148429870605 621.769474983215 633.67756652832 551.601547241211 474.188705444336 596.805435180664 758.138195037842 522.884048461914 256.414505004883 635.241958618164 466.836875915527 444.286590576172 546.580226898193 516.405514717102 615.427276611328 490.372158050537 473.190254211426 465.408396244049 378.342475891113 285.715179443359 451.757646560669 453.168124198914 449.756532669067 276.533325195312 401.024730682373 475.105875968933 446.138706207275 463.901805877686 461.082319259644 446.431480407715 474.004306793213 493.454078674316 429.283082962036 437.301869630814 408.052806854248 406.797157287598 392.91609954834 540.005355834961 570.442398071289 548.208213806152 491.927665710449 562.375099182129 426.998157501221 398.394250869751 443.582065582275 322.440338134766 406.842388153076 508.63916015625
531.766235351562 506.107730865479 456.576889038086 533.22176361084 354.466552734375 446.15311050415 613.428894042969 1052.42541980743 1106.34844970703 1058.70682525635 531.047378540039 533.908084869385 541.951242446899 486.068141937256 607.323417663574 499.974496483803 573.959693908691 493.256484270096 515.052597045898 529.06404876709 490.03825378418 487.981433868408 437.307814240456 398.426826477051 409.838624954224 415.318457603455 305.816612243652 194.130249023438 330.154296875 500.387626647949 427.613335371017 498.517566680908 417.544631004333 421.14173078537 450.128028869629 453.175577163696 437.209545135498 544.329284667969 433.759750366211 605.613494873047 544.357887268066 522.076179504395 406.014214038849 247.178421020508 398.020462036133 284.183471679688 364.238960266113 388.641403198242 439.960580825806 355.25528717041
418.42280960083 416.89086151123 530.529857635498 732.604782104492 288.307022094727 403.660404205322 436.962819099426 634.033729553223 704.584587097168 728.732345581055 570.15747833252 544.236987113953 595.821502685547 426.994338989258 540.220062255859 557.068054199219 662.491668701172 566.834602355957 433.627280235291 507.76399230957 490.521848678589 464.558353424072 391.822505950928 439.351925849915 608.428451538086 584.645141601562 476.197715759277 312.546875 362.12357711792 405.330142974854 568.954917907715 398.606292724609 412.953880310059 503.354858398438 449.686943054199 349.310516357422 566.032417297363 426.76513671875 488.639583587646 491.290859222412 582.086753845215 678.422256469727 412.90912437439 416.901037216187 359.510818481445 340.57120513916 419.460269927979 445.267555475235 458.815562725067 460.875089645386
451.106338500977 627.362915039062 673.575897216797 627.366477966309 702.488926798105 591.701248168945 607.583168029785 743.538955688477 622.761116027832 771.391250610352 750.62174987793 659.358680725098 658.163993835449 608.662742614746 567.728866577148 583.988296508789 508.591220855713 522.958675384521 446.758495807648 499.007061004639 389.635459899902 364.674270629883 398.619964599609 602.812286376953 477.822910308838 432.127157211304 488.731018066406 455.678943634033 486.760810852051 412.073081493378 469.257389068604 395.910312652588 433.536742210388 674.217529296875 482.411991119385 242.067718505859 316.032409667969 466.221158027649 579.62825012207 502.153392791748 484.227056503296 405.61003112793 464.724383831024 349.860687255859 422.534545898438 435.577331542969 489.410606384277 432.865449905396 511.748992919922 594.926712036133
546.268037796021 601.001453399658 808.133758544922 573.898056030273 686.255404472351 449.298736572266 557.157585144043 723.991096496582 830.005798339844 1294.85821533203 590.113876342773 571.269017219543 547.770859718323 460.598724365234 507.286487579346 606.973098754883 465.641731739044 479.062078475952 424.047788619995 512.392658233643 390.454265594482 237.32893371582 439.03470826149 594.611053466797 518.530616760254 447.031691074371 440.564117431641 455.377468109131 309.42113494873 374.185695648193 379.154510498047 354.636581420898 520.976203918457 490.835098266602 310.7958984375 225.775527954102 357.785827636719 495.951042175293 518.479057312012 497.585369110107 391.719116210938 606.217681884766 344.880569458008 378.521095275879 481.104572296143 464.839057922363 402.26167678833 478.467945098877 548.401168823242 370.78199005127
824.559980392456 994.998268127441 877.924339294434 848.646858215332 403.846351623535 421.829437255859 554.590074539185 663.658920288086 695.203224182129 605.502754211426 715.788131713867 519.016786575317 695.022583007812 461.997207641602 459.863136291504 452.35782623291 557.764137268066 436.922580718994 436.224165916443 461.643081665039 424.508172988892 369.192764282227 472.501796722412 440.82423210144 374.131164550781 363.71573638916 367.733478546143 365.220287322998 392.251136779785 338.723495483398 445.281300544739 415.417684555054 515.20288848877 475.620323181152 308.602592468262 154.768310546875 343.361541748047 327.963691711426 363.008361816406 385.338272094727 430.341888427734 512.02180480957 286.278549194336 434.40936756134 473.64139175415 478.083045959473 449.415628433228 516.343360900879 310.679672241211 392.604038238525
720.610710144043 934.961059570312 913.886367797852 883.250289916992 327.217445373535 445.768424987793 502.147063732147 626.261116027832 656.136226654053 448.219169616699 639.470041871071 457.334331512451 533.852479934692 569.289241790771 587.397895812988 453.417980194092 477.737365722656 379.020713806152 483.706275939941 414.894409179688 473.963468551636 476.068675994873 403.787292480469 474.557067871094 443.573684692383 483.877742767334 378.367694854736 468.74250793457 487.879707336426 411.93967628479 334.386276245117 459.93347454071 418.457029342651 324.08016204834 184.955795288086 308.111427307129 292.428756713867 279.767318725586 425.506943702698 455.008415699005 384.47526550293 467.958633422852 294.972518920898 320.381088256836 276.959869384766 309.766906738281 364.704833984375 495.147483825684 437.409734725952 421.826644897461
