simdem/realisation27.asc
NCOLS 350 
NROWS 171 
XLLCORNER 152620 
YLLCORNER 418050 
CELLSIZE 100 
NODATA_value -9999 
[rows 0 to 21 of 171, columns 150 to 199 of 350]
629.925709247589 747.414283752441 651.01978302002 -9999 -9999 -9999 -9999 -9999 -9999 -9999 -9999 -9999 -9999 -9999 -9999 -9999 -9999 -9999 -9999 -9999 -9999 -9999 -9999 -9999 -9999 -9999 -9999 -9999 -9999 -9999 -9999 -9999 -9999 -9999 -9999 -9999 -9999 -9999 -9999 -9999 -9999 -9999 -9999 -9999 -9999 -9999 -9999 -9999 -9999 -9999
635.459730148315 593.749603271484 688.298278808594 635.038757324219 691.115348815918 785.430938720703 778.231101989746 -9999 -9999 -9999 -9999 -9999 -9999 -9999 -9999 -9999 -9999 -9999 -9999 -9999 -9999 -9999 -9999 -9999 -9999 -9999 -9999 -9999 -9999 -9999 -9999 -9999 -9999 -9999 -9999 -9999 -9999 -9999 -9999 -9999 -9999 -9999 -9999 -9999 -9999 -9999 -9999 -9999 -9999 -9999
514.067276954651 529.462142944336 803.921234130859 721.948234558105 669.551848292351 745.653121948242 779.96671295166 816.496505737305 810.343606948853 737.629314422607 768.426845550537 770.206624984741 880.490874767303 880.894864082336 -9999 -9999 -9999 -9999 -9999 -9999 -9999 -9999 -9999 -9999 -9999 -9999 -9999 -9999 -9999 -9999 -9999 -9999 -9999 -9999 -9999 -9999 -9999 -9999 -9999 -9999 -9999 -9999 -9999 -9999 -9999 -9999 -9999 -9999 -9999 -9999
510.916440963745 572.134263277054 772.613754272461 793.215377807617 691.430191040039 563.840965270996 595.743751525879 949.842872142792 881.722785949707 803.588455200195 537.355804443359 695.335876464844 737.703533172607 825.083564758301 702.536972045898 752.380653381348 895.881011962891 859.977672576904 987.36994934082 748.078718185425 860.543552398682 921.827102661133 968.094390869141 877.566116333008 945.059234619141 697.761749267578 754.088477134705 712.822989463806 679.134544372559 859.628730773926 864.748615264893 847.21110534668 817.193069458008 866.118618965149 696.227256774902 -9999 -9999 -9999 -9999 -9999 -9999 -9999 -9999 -9999 -9999 -9999 -9999 -9999 -9999 -9999
1019.21821784973 660.901374816895 734.683071136475 927.737984657288 1079.59948682785 992.50651550293 856.006828308105 889.063629150391 902.782531738281 796.463836669922 842.769104003906 433.374450683594 699.612678527832 906.703491210938 561.896632671356 588.245990753174 766.081645965576 808.317165374756 872.393882751465 520.164749145508 766.5046043396 917.141174316406 1051.77041625977 872.899116516113 910.16194152832 845.18909072876 584.979965209961 720.758823394775 709.417787075043 842.811187744141 752.332244873047 818.864082336426 666.429847717285 750.241611480713 659.572303771973 670.87414932251 679.356107711792 620.35090637207 763.082366943359 801.415916442871 572.123313903809 655.752741336823 556.880340576172 576.110778808594 804.539867401123 844.780364990234 711.340229034424 775.597856521606 858.770904541016 790.54963684082
1010.97198104858 670.979801177979 748.873905181885 1029.94917964935 1337.39749145508 1065.23773527145 962.32727432251 981.551338195801 989.879723548889 1002.5302323103 964.616512298584 413.608581542969 471.022766113281 273.307601928711 697.192001342773 650.464340209961 648.717208862305 618.369049072266 738.882923126221 644.761627197266 654.764068603516 708.300754547119 662.184387207031 690.11344320327 729.446521759033 605.885414123535 705.120826721191 655.771815299988 663.735790252686 678.917078018188 665.56566619873 592.816360473633 643.143157958984 782.208126068115 755.032245635986 583.285942077637 630.485008239746 774.075012207031 822.158500671387 904.12622833252 834.550089001656 664.895743370056 622.902462005615 740.738906860352 660.880457937717 697.441955566406 637.243692398071 547.03475189209 718.584281921387 915.227493286133
976.934204101562 1205.93048477173 847.54237306118 848.48667049408 1077.11250305176 869.657516479492 941.743530273438 953.001876831055 1064.52998638153 1020.26026916504 901.231842041016 601.34130859375 421.50537109375 510.431992292404 768.70484161377 854.01774597168 755.242534637451 564.342819213867 664.043975830078 657.274200439453 510.507080078125 694.885902404785 680.987991333008 608.819931030273 729.542850494385 695.412247657776 710.871898651123 662.557448148727 627.68147277832 699.414103984833 673.941982269287 675.04141998291 662.632987976074 880.929000854492 781.789474487305 747.288459777832 856.840456962585 699.960540771484 808.935913085938 853.304655075073 936.196914672852 871.624893188477 726.852928161621 605.372329711914 542.738143920898 604.747043609619 562.231964111328 628.443714141846 637.291885375977 746.818929672241
975.35270690918 786.098430633545 741.110866546631 748.700013160706 882.037063598633 920.29727935791 798.098541259766 712.857116699219 925.363235473633 870.449829101562 847.788681030273 656.19864654541 639.696502685547 416.994903564453 657.781555175781 877.704288482666 684.526988983154 454.921691894531 645.832015991211 581.417037963867 870.987815856934 988.42403793335 744.69359588623 732.485866546631 625.062223434448 568.30411529541 650.490922927856 708.551435470581 750.728729248047 804.011165618896 695.226917266846 681.613971710205 573.799613952637 621.267768859863 716.989455223083 823.342026948929 710.627868652344 798.286304473877 844.751153945923 765.299339294434 837.73930311203 769.177295684814 778.928001403809 776.155403137207 717.380912780762 776.288963317871 904.472522258759 708.931140899658 721.357995510101 741.212707519531
771.356060028076 784.902755737305 690.304178237915 726.730249404907 938.473388671875 790.408088684082 788.366943359375 860.877136230469 801.277740478516 991.422424316406 743.833335876465 674.012275695801 624.595180511475 726.657684326172 743.993392944336 724.575126647949 833.751655578613 730.848670959473 863.840244486928 828.510272979736 971.874122619629 1006.51621246338 905.744487762451 674.061050415039 786.51049041748 626.628036499023 792.552619934082 837.177280426025 835.23828125 824.357925415039 901.4089012146 923.031547546387 700.906631469727 780.161164283752 757.420124053955 956.061962127686 909.718490600586 1027.57388305664 1057.84551239014 924.926403045654 844.541664123535 761.886108398438 812.077079772949 902.77042388916 800.296787261963 756.432235717773 1031.38417053223 806.418380737305 883.421615600586 874.50545501709
626.661296844482 745.523454666138 744.151828765869 554.016006469727 555.352767944336 793.196109771729 465.544952392578 508.739944458008 497.690704345703 592.805709838867 562.955169677734 757.793192863464 472.598281860352 583.247772216797 959.038475036621 1160.51518249512 1101.80599975586 663.808738708496 952.455413818359 845.878528594971 1027.87331008911 1022.13265228271 1101.97930145264 1207.61065673828 702.686408996582 785.496304273605 853.25276184082 772.929275512695 770.413646697998 615.983249664307 778.103981018066 874.198780059814 769.820859909058 825.195358276367 751.637568473816 914.386497497559 908.525177001953 1080.8610458374 985.5958776474 1065.03482818604 726.836700439453 835.086179018021 799.662845611572 796.38697052002 998.55904006958 1148.56796264648 1252.40711975098 965.405975341797 917.205917358398 1093.13578796387
654.297351837158 566.895843505859 778.536487579346 671.736720085144 564.455215454102 545.251388549805 578.744777679443 530.870853424072 756.131637573242 591.925205230713 545.417999267578 588.217742919922 510.708381652832 579.850769042969 646.309494018555 1053.95637893677 1102.1639341116 767.902074813843 1084.53393554688 812.299951553345 966.345581054688 949.951629638672 672.805847167969 1045.54757022858 855.90837097168 1178.23944091797 747.60033416748 656.319889068604 739.317665100098 534.71222114563 756.657594680786 765.562704086304 815.388488769531 719.747039794922 637.118644714355 751.552997589111 834.008732318878 850.012794494629 936.006404876709 1038.32510375977 718.847187042236 634.545021057129 828.022100448608 879.455345153809 854.429595947266 1338.62949371338 1042.02628326416 1338.58294296265 1330.79249000549 934.917854309082
635.931980133057 751.789527893066 818.822425842285 595.313377380371 544.397338867188 389.599487304688 586.790538787842 595.557765960693 841.465347290039 574.781772613525 471.80517578125 496.09049987793 517.542602539062 829.926513671875 573.091064453125 514.384872436523 762.134254455566 854.362268447876 888.262596130371 560.376342773438 578.684997558594 1029.15756225586 767.080055236816 791.908205032349 831.304250717163 714.59765625 1274.0147485733 1312.77976226807 1163.30121612549 1356.90256500244 1246.56062316895 849.303291320801 665.492160797119 464.695920944214 674.672004699707 658.784679412842 682.034912109375 617.374066114426 581.546026229858 713.71169090271 827.341979980469 791.229920268059 870.700500488281 503.009353637695 627.914108276367 797.444091796875 922.926666259766 725.552795410156 1095.86526107788 782.57735824585
642.435446977615 632.519844055176 650.28649520874 646.590907096863 470.428649902344 682.229995727539 703.007415771484 704.705009460449 663.951677322388 812.11100769043 850.641975402832 560.200874328613 1150.43707275391 755.596908569336 806.47681427002 459.632354736328 614.416847229004 907.523979187012 1050.33742332458 632.310516357422 739.997909545898 910.434600830078 609.631439208984 930.433654785156 940.196212768555 829.973487854004 963.431686401367 1334.44019317627 646.728073120117 1036.43137359619 1106.77145385742 936.622043609619 872.010261535645 681.222487926483 799.762649536133 970.013046264648 964.136474609375 797.056755065918 795.986907958984 652.004177093506 718.053207397461 728.095246315002 641.017036437988 669.901790618896 674.228223800659 756.025995254517 871.954925537109 654.988250732422 738.298933029175 944.909980773926
696.585464477539 604.631678581238 612.443349838257 1233.43225479126 990.734031677246 1277.22541809082 1072.2755279541 678.586170196533 659.608047246933 694.691562652588 580.261428833008 581.465728759766 491.613922119141 551.064788818359 845.119033813477 643.142040252686 737.780933380127 788.447639465332 840.953220367432 805.231853485107 855.663064956665 650.240966796875 958.291221618652 786.841621398926 928.966674804688 1184.13865661621 945.507904052734 897.992816925049 917.677412509918 640.731338500977 925.497009277344 719.224571228027 457.829437255859 862.31103515625 826.172698974609 920.017036437988 867.637638092041 792.63122177124 600.06011390686 464.525146484375 559.068969726562 645.491729736328 706.670600891113 741.158682823181 679.736415863037 829.768440246582 929.605239868164 976.490867614746 999.359912872314 868.574029922485
1072.02952003479 746.518501281738 672.590507507324 649.705278396606 657.580862045288 651.798341751099 641.536003112793 613.299839019775 637.99595451355 733.746448516846 585.421127319336 626.544868469238 750.13264465332 531.452896118164 1132.17415618896 543.268684387207 611.135890960693 612.753094673157 933.221542358398 867.547203063965 770.868061065674 759.428482055664 893.676460266113 793.022230148315 686.262145996094 813.559526443481 1088.36922073364 959.404327392578 829.332458496094 724.726263046265 785.684156417847 901.165863037109 1273.34987258911 811.542247772217 929.921234130859 834.738265991211 793.990459442139 791.717658996582 671.527015686035 628.49097442627 644.447612762451 730.466260910034 705.729957580566 652.581661224365 771.009757995605 780.024787902832 720.564334869385 705.372459411621 1053.52674865723 643.271591186523
681.722854614258 673.190002441406 647.228893280029 552.70821762085 675.155780792236 631.016250967979 691.692005157471 516.519348144531 581.637359619141 609.767238616943 724.416436195374 542.461093902588 642.080139160156 1169.17130279541 647.885314941406 794.81689453125 780.559501647949 1000.02611923218 807.9762134552 1420.7257232666 1091.43113708496 879.848175048828 1315.27326965332 693.483413696289 841.826057434082 815.431705474854 1101.65021514893 973.646858215332 773.241752624512 688.135513305664 722.052520751953 733.485253095627 842.403978347778 692.668586730957 663.350852966309 741.987892150879 800.351623535156 817.691822052002 838.332015991211 716.817337036133 648.441244125366 657.232692718506 724.388256072998 743.250991821289 700.231395721436 619.587261199951 848.095184326172 575.805587768555 748.586694717407 704.263643264771
740.903770446777 574.240617752075 772.996643066406 695.509696960449 657.730621337891 767.563766479492 639.511326789856 557.635963439941 705.08530831337 565.901191711426 623.47424697876 466.230247497559 1396.1647644043 1339.69729614258 607.475082397461 650.303085327148 617.930648803711 761.751824378967 668.026306152344 664.833290100098 1010.4154510498 614.735374450684 784.610916137695 639.828727722168 595.450500488281 725.430183410645 2035.65227508545 1017.41325378418 867.344848632812 727.820430755615 1019.71594238281 816.63028717041 630.717933654785 1340.01690673828 856.027793884277 727.458223581314 746.726969718933 1238.04307556152 1294.83796691895 692.041768074036 755.982398986816 818.316749572754 785.278617858887 874.751426696777 1211.60506439209 860.816917419434 955.163757324219 702.86056137085 714.958075523376 808.945846557617
760.086212158203 572.047739028931 517.260459899902 577.119070053101 607.497243881226 662.238399505615 522.33952331543 465.319259643555 775.402019500732 684.748224258423 588.265880584717 339.722885131836 554.554862976074 621.282852172852 457.199630737305 828.348510742188 579.014678955078 397.444946289062 551.756881713867 626.948028564453 595.904403686523 652.735900878906 731.652381896973 802.824648857117 838.706853866577 1092.33012008667 893.845840454102 846.967355728149 788.044078826904 861.214685440063 873.676582336426 1052.66970062256 925.899284362793 645.640350341797 1072.70790100098 723.490371704102 705.488557815552 830.718505859375 775.22412109375 720.427278995514 571.081504821777 746.834714889526 897.272476196289 868.347923278809 873.559608459473 774.958419799805 720.748377561569 599.82559967041 1135.79078650475 779.065933227539
645.767162322998 547.084915161133 608.733247756958 652.534437179565 620.935891389847 655.178203582764 1031.32012176514 783.084693908691 625.303017616272 679.465166807175 701.388236999512 655.938168525696 638.784927368164 623.307388305664 632.700187683105 999.872360229492 1139.4684677124 920.931732177734 863.051683425903 790.583499908447 597.254379272461 687.295852661133 913.2451171875 676.766418457031 1057.38101196289 658.368899345398 706.32836151123 867.989074707031 654.642158508301 911.25172996521 866.036106109619 750.212791442871 530.172805786133 708.768199920654 750.590385437012 1373.83696937561 715.868251800537 621.126922607422 642.747241973877 994.236259460449 705.437490463257 1011.73104858398 982.953216552734 997.017436981201 1021.905418396 1133.59864044189 630.271697998047 765.967155456543 670.029647827148 605.244295120239
609.027187347412 575.079036712646 472.667327880859 518.307220458984 477.168075561523 506.819808959961 886.070953369141 718.793155670166 655.847324371338 674.159293174744 988.902702331543 558.426063537598 563.665344238281 520.726318359375 696.795708656311 621.285575866699 586.297058105469 587.4921875 638.680606842041 673.464836597443 748.525360107422 755.244300842285 742.318073272705 819.787925720215 991.592266082764 770.399234771729 850.415245056152 936.830413818359 913.06294631958 752.15442943573 893.69603729248 772.647556304932 834.07999420166 700.698095321655 785.874799728394 735.294990539551 836.888610839844 602.462966918945 676.350725650787 775.639030456543 647.210800170898 707.841194152832 848.896842956543 693.846485137939 630.458156585693 691.788712501526 794.273826599121 740.188034057617 726.668533325195 593.20813369751
553.393426895142 600.580749511719 542.197395324707 561.766183853149 616.81107711792 611.720121860504 794.588912963867 678.643852233887 1364.94177055359 758.974601745605 663.644173622131 762.894486427307 509.540679931641 579.392871856689 594.844200134277 709.683982849121 552.356399536133 691.219755172729 806.026203155518 657.802871704102 764.552398681641 493.75178527832 758.459949493408 844.364448547363 872.233909606934 907.73091506958 587.601989746094 599.804122924805 604.238632202148 805.231063842773 758.598709106445 662.52751159668 614.53987121582 667.669994354248 697.367637634277 569.865028381348 748.651172637939 632.273822784424 591.007553100586 574.474914550781 620.835411071777 851.172622680664 1182.96376037598 710.095375061035 581.903327941895 1214.63953542709 770.14079284668 630.342967033386 789.276275634766 884.368095397949
636.550519943237 692.877662658691 642.170381546021 673.895801544189 802.84489440918 747.794509887695 1259.57550048828 713.673492431641 633.474182128906 509.434371948242 605.437931060791 791.938314437866 566.280582427979 1126.11474227905 707.595413684845 747.981712341309 852.004356384277 692.181640625 857.763732910156 722.3916015625 736.490127563477 1233.00999450684 900.39208984375 627.928649902344 637.916282653809 836.673355102539 715.910491943359 572.262878417969 1690.25715255737 524.024253845215 591.464500427246 763.518051147461 652.538726806641 614.539447784424 699.404350280762 643.548593521118 686.75194644928 681.639539718628 746.813320159912 680.530151367188 693.169424057007 664.556625366211 771.322807312012 660.648571014404 673.555114746094 1165.58939743042 609.825064659119 626.043139338493 710.107738137245 632.278373718262
