simdem/realisation90.asc
NCOLS 350 
NROWS 171 
XLLCORNER 152620 
YLLCORNER 418050 
CELLSIZE 100 
NODATA_value -9999 
[rows 44 to 65 of 171, columns 250 to 299 of 350]
803.992797851562 761.844272613525 883.531776428223 769.699714660645 751.258071899414 843.416610717773 804.14680480957 784.307304382324 816.96630859375 804.11527633667 802.797115325928 738.952597837895 721.549411058426 723.424896240234 803.131469726562 748.947866439819 774.905426025391 810.791290283203 871.237899780273 787.145414352417 734.632221221924 646.572334289551 591.400207519531 647.171203613281 749.527995407581 666.447250366211 853.535125732422 944.812210083008 692.287979125977 726.759735107422 884.539754867554 915.627922058105 800.597213745117 807.503189086914 751.516796112061 666.715469360352 756.214778900146 876.218772888184 841.544563293457 898.426593780518 652.23030090332 676.240203857422 692.704010009766 860.159715652466 833.210468947887 750.135200500488 811.30613899231 850.428795814514 847.653978347778 839.97825717926
740.550909042358 912.985130310059 778.227531433105 805.546737670898 737.975896835327 760.549312591553 812.875129699707 737.877362012863 938.796859741211 824.531242370605 763.109082221985 708.494327545166 722.076370000839 824.762649536133 640.484664916992 687.851341247559 829.847373962402 674.788452148438 771.59429359436 858.272857666016 782.253112792969 623.155166625977 605.714752197266 567.199676513672 887.340763092041 759.514022827148 745.147308349609 753.572561264038 629.227691650391 835.880950927734 843.243278503418 759.345161437988 962.787599563599 916.30445098877 684.467590332031 663.674407958984 945.537356376648 848.828327178955 1343.52571868896 997.228922843933 733.719306945801 1080.58494567871 827.389202594757 747.05785369873 828.914127349854 762.498161315918 952.082221984863 914.922340393066 901.523155212402 848.005197966006
768.19700717926 764.37455368042 651.238647460938 581.46607208252 708.771441459656 797.914329528809 702.583015441895 762.0725440979 905.452255249023 816.477630615234 667.963081359863 534.541259765625 696.133987426758 798.586654663086 617.320686340332 759.80611038208 607.461624145508 674.23567199707 878.240905761719 794.411743164062 686.485321044922 611.344802856445 616.652709960938 702.886745452881 595.00944519043 1087.17327880859 540.135498046875 962.207305908203 1102.69300842285 511.883758544922 843.001708984375 581.286285400391 850.837207794189 829.596277236938 1293.69445800781 1568.62233662605 1160.88356781006 755.058464050293 1432.39074707031 1316.34938049316 641.788436889648 814.669357299805 872.09928894043 640.004791259766 991.322311401367 983.796627044678 1493.5596446991 877.757258892059 796.97339630127 866.431758880615
679.325550079346 653.02611541748 678.256885528564 723.054023742676 856.109252929688 719.644969940186 757.953437805176 760.025592803955 856.928245544434 863.605575561523 760.93111038208 557.941619873047 792.068576812744 674.90845489502 613.563781738281 629.072822570801 586.460006713867 829.542839050293 827.421813964844 743.966600418091 600.530609130859 705.947284698486 622.629745483398 643.683700561523 678.857147216797 923.978759765625 551.597045898438 1094.54735565186 816.91064453125 1313.33881378174 765.215637207031 804.9169921875 867.334259033203 1037.88598632812 743.402679443359 1069.89286804199 1238.26850128174 785.141147613525 1185.92825591564 1081.92750358582 644.953552246094 626.922744750977 1112.59239196777 935.663478851318 813.64469909668 801.968368530273 799.58666229248 696.412750244141 822.096092224121 973.729217529297
635.137718200684 647.418884277344 723.113388061523 844.035110473633 899.710113525391 742.572463989258 858.301788330078 891.881759643555 818.116851806641 769.282173156738 803.890472412109 690.155849456787 609.266479492188 625.553581237793 782.475866317749 759.145175933838 672.251373291016 836.717491149902 705.185373306274 825.624351501465 652.03426361084 827.104057312012 726.623477935791 758.526571273804 588.790954589844 527.562042236328 519.175643920898 841.291053771973 602.507736206055 976.266372680664 1162.63726806641 670.616729736328 836.971141815186 810.78540802002 693.181259155273 758.758056640625 1046.67808532715 762.26082611084 1700.42238235474 1093.43251991272 667.829055786133 777.399681091309 976.923286437988 692.060440063477 724.376335144043 920.762390136719 736.790908813477 1816.89453887939 823.189622879028 924.096618652344
642.457489013672 794.925514221191 580.907257080078 747.008411407471 848.510848999023 829.391784667969 758.570785522461 781.117622375488 790.805274963379 813.85604095459 776.208969116211 726.033740997314 650.277069091797 747.938056945801 663.765365600586 662.712478637695 605.223587036133 571.682861328125 660.13809967041 731.678606033325 824.067245483398 825.897666931152 772.334873199463 826.320297241211 683.845634460449 883.935455322266 664.386016845703 763.738578796387 649.951400756836 766.490039825439 728.756546020508 660.990432739258 732.156997680664 697.091835021973 1236.77104187012 875.221611022949 772.891960144043 761.999121665955 914.450500488281 857.352638244629 820.582878112793 805.111854553223 1171.44438171387 989.652893066406 748.024131774902 742.009078979492 884.941150665283 975.86686706543 1017.20350646973 813.359495162964
722.161449432373 630.234405517578 703.745746612549 853.333465576172 689.793580055237 890.329742431641 774.720275878906 667.582927703857 782.608207702637 697.859354019165 713.448637008667 784.765106201172 661.300403594971 678.666680812836 717.965641021729 766.286895751953 519.996276855469 689.642684936523 719.931144714355 822.641952514648 745.992979049683 717.022663116455 893.871170043945 676.970878601074 629.573501586914 581.741744995117 630.630493164062 966.158638477325 818.465427398682 808.731475830078 926.609970092773 709.420318603516 533.932922363281 682.904281616211 903.872539520264 810.292364895344 811.010930776596 1187.84162902832 857.091407775879 881.590728759766 1172.32869529724 966.945922851562 846.723892211914 835.847564697266 879.670864105225 878.151769638062 928.834930419922 1363.73017883301 1176.72322845459 790.170108795166
535.314468383789 561.763900756836 661.240016937256 625.394180297852 679.278049468994 721.762537002563 594.684494018555 642.098457336426 780.177886962891 774.680114746094 565.201644897461 767.979651451111 694.291072845459 734.234684944153 843.845283508301 779.862934112549 595.474685668945 597.342170715332 708.461291313171 721.431495666504 814.094371795654 658.712829589844 720.62707901001 599.058670043945 661.059524536133 814.606575012207 867.374969482422 819.87811088562 835.807334899902 813.014448165894 883.019119262695 930.181106567383 747.534118652344 1171.21655273438 1231.15985107422 914.096304893494 788.966804504395 688.923812866211 886.937633514404 839.007415771484 817.363952636719 650.068984985352 695.247123718262 900.36531829834 944.332641601562 771.631790161133 969.431129455566 1043.34638977051 958.618759155273 929.45475769043
791.87336730957 445.521133422852 646.231384277344 731.454006195068 756.706123352051 705.718857765198 561.173645019531 678.129440307617 744.993310928345 721.623943805695 711.442846298218 677.90225982666 682.278945922852 639.870140075684 796.76766204834 751.6376953125 664.731960296631 823.93017578125 785.602832794189 694.794998168945 914.767715454102 639.65047454834 582.684494018555 623.574821472168 822.450565338135 934.423334121704 978.775695800781 769.061096191406 816.040514945984 805.749317169189 643.871894836426 634.342559814453 687.180450439453 1172.93182373047 684.523010253906 797.868740081787 944.010391235352 488.800872802734 878.241119384766 864.252998352051 646.576141357422 636.24626159668 674.196655273438 681.547431945801 706.375671386719 817.357219696045 1322.5456161499 901.718879699707 1005.43041992188 935.114418029785
378.304290771484 779.499038696289 790.929824829102 718.316692352295 658.667152404785 692.607531070709 638.885902404785 505.280212402344 651.974124908447 621.183349609375 1217.338722229 678.451858520508 898.430419921875 902.176193237305 1011.14778900146 1060.98517894745 643.560394287109 689.052551269531 571.100708007812 1598.32995605469 755.974090576172 532.450698852539 567.614929199219 1348.35120391846 1008.34669494629 876.225074768066 707.958183288574 780.347579956055 737.247295379639 847.197265625 618.7607421875 920.221954345703 736.792266845703 814.125381469727 574.162826538086 1120.46846008301 767.870544433594 824.949584960938 693.590026855469 586.496124267578 1070.69892883301 515.024078369141 705.24193572998 714.051284790039 760.007019042969 767.809265136719 878.63720703125 922.804008483887 957.838264465332 987.593521118164
477.260726928711 537.095169067383 543.575668334961 609.401260375977 742.837438583374 822.703917503357 547.253295898438 525.686073303223 642.496131896973 580.113540649414 726.216075897217 1627.02182769775 977.778198242188 1288.95220184326 1045.36756134033 1591.8208770752 551.341201782227 709.972198486328 787.341461181641 645.015037536621 440.395446777344 343.155395507812 684.582458496094 769.303161621094 790.065203666687 724.089630126953 714.746284484863 883.133192062378 823.359188079834 807.737968444824 684.497863769531 723.457702636719 1022.72434997559 770.536636352539 813.393455505371 699.367462158203 1186.77571105957 735.026977539062 528.159973144531 629.720672607422 735.075119018555 724.179794311523 566.753875732422 926.374853134155 782.314682006836 803.398420333862 842.68480014801 908.406002044678 842.619777679443 725.426231384277
640.681441783905 560.743881225586 484.322982788086 642.808582305908 564.605590820312 608.291473388672 554.559494018555 1066.78317260742 745.774339675903 745.435150146484 832.159675598145 856.346260070801 779.843299865723 699.350746154785 536.018112182617 1477.75578308105 471.965423583984 1247.30578613281 795.020652770996 611.003677368164 1263.43283081055 1025.88372802734 1486.59045410156 779.376327514648 1000.76509094238 1212.24179077148 807.828763008118 718.937171936035 672.588119506836 670.56623840332 826.163101196289 689.360191345215 668.664321899414 859.918291091919 1106.94196844101 697.353530883789 1114.83693695068 972.320205688477 708.256851196289 952.31494140625 1304.87747192383 810.345123291016 1421.84478759766 697.495246887207 676.51823425293 799.555465698242 817.001527786255 909.192390441895 805.585330963135 686.852905273438
653.160924911499 692.38409614563 650.167575836182 725.249534606934 641.714134216309 742.975399017334 714.076593399048 616.714454650879 626.817680358887 599.088356018066 869.471755981445 742.630558013916 751.711112976074 724.581439971924 729.331641316414 730.165988922119 779.879699707031 593.611267089844 708.142772674561 660.56224822998 578.648910522461 560.92985534668 1732.60510253906 1952.72119140625 702.06071472168 627.113647460938 754.620941162109 816.076175116003 605.634826660156 749.192283630371 716.9225730896 703.491256713867 716.311019897461 912.258888244629 742.180145263672 809.50318145752 556.843872070312 987.187705993652 752.550430297852 1133.46604919434 727.824638366699 803.622772216797 694.169807434082 763.554607391357 881.955009460449 933.707534790039 782.087688446045 872.047771453857 555.974685668945 721.794616699219
716.180130004883 746.302223205566 622.518852233887 649.323160171509 804.914970397949 669.275562286377 625.373893737793 644.631265640259 654.236833572388 630.83736038208 752.025115966797 782.979461669922 609.772510528564 795.930671691895 658.960033416748 624.88525390625 832.10279083252 690.191772460938 800.624904632568 787.107666015625 739.903755187988 688.507904052734 1195.72055435181 631.4560546875 663.131790161133 809.909248352051 932.549510955811 918.474082946777 710.752113342285 768.689846038818 806.828132629395 673.862930297852 745.948386192322 883.74627494812 957.805061340332 1431.17985534668 842.69174861908 744.816566467285 789.309181213379 653.969879150391 822.348789215088 917.357278823853 798.369346618652 730.265869140625 813.414126396179 891.228317260742 760.671997070312 829.65843963623 450.266723632812 664.853149414062
679.453054428101 764.36865234375 588.473022460938 775.491439819336 694.204468727112 640.215034484863 751.042804718018 763.629112243652 666.014043807983 658.624538421631 730.903514862061 613.469505310059 828.350296020508 765.434398651123 777.125381469727 645.460006713867 671.320114135742 680.709419250488 712.526187896729 588.688888549805 762.782733917236 550.883392333984 1032.89646911621 547.029357910156 1100.25582098961 825.145303726196 776.532383918762 923.508666992188 752.547147750854 839.465476989746 825.701908111572 722.68748664856 825.932684898376 884.460144042969 730.23067855835 774.976884841919 817.182291030884 864.215826034546 847.283437728882 899.41047668457 949.901044845581 767.813461303711 833.258590698242 727.594398498535 806.316524505615 838.82360458374 845.642597198486 748.258575439453 834.615661621094 1892.30151367188
582.371887207031 714.098918914795 683.028857707977 797.791358947754 701.368030548096 742.18830871582 639.178043365479 681.06418132782 651.77165222168 717.340045928955 742.082668304443 655.070606231689 656.535676956177 771.297866821289 635.094970703125 767.638656616211 630.975273132324 734.188285827637 618.935211181641 799.790542602539 721.494720458984 762.529121398926 681.643440246582 593.759796142578 758.650665283203 680.185401916504 774.679389953613 882.769157409668 780.03587436676 707.119010925293 883.233032226562 784.043014526367 825.72728729248 899.941581726074 745.13311445713 633.928466796875 721.932088851929 1033.87062072754 888.192588806152 888.271858215332 796.483407974243 829.808990478516 873.81901550293 792.891124725342 758.844404220581 882.938011169434 731.455467224121 789.923481464386 1206.30169677734 1458.03308105469
588.973304748535 749.310104370117 586.546852111816 683.294647216797 819.468963623047 761.75634765625 637.744472503662 649.914352416992 666.93203163147 635.844116210938 566.660636901855 609.112823486328 608.836990356445 663.126527786255 639.226459503174 747.781829833984 715.46684217453 790.535865783691 593.120147705078 652.492652893066 948.244155883789 1009.44665527344 630.768699645996 708.471628189087 674.271915435791 694.621353149414 956.340129852295 938.857780456543 642.199157714844 821.15784072876 645.092468261719 817.627906799316 627.923110961914 715.48360490799 642.306381225586 626.482963562012 827.095886230469 953.676254272461 1265.87272644043 763.609780311584 760.035764694214 907.343704223633 980.561126708984 968.216064453125 770.549570083618 761.096538543701 663.259140014648 818.559246063232 819.257680892944 1177.95574951172
733.616104125977 734.215835571289 704.044975280762 573.690544128418 695.002510070801 634.548225402832 629.074962615967 749.93034362793 688.090290546417 586.504615783691 547.674331665039 619.784812927246 734.058868408203 768.574024200439 694.584653496742 814.77880859375 707.438461303711 781.536178588867 636.126823425293 675.897079467773 669.290523529053 518.731079101562 590.994354248047 641.734474182129 743.860456466675 680.603523254395 671.499450683594 675.832778930664 500.602844238281 1079.30936431885 704.943809509277 722.521955490112 626.867385864258 625.881843566895 712.442144781351 872.897033691406 874.954406738281 884.309349060059 690.744976043701 883.985900878906 860.634613037109 848.475440979004 942.88362121582 926.434906005859 696.728660583496 781.790156364441 854.079124450684 901.571273803711 780.394751787186 669.545120239258
692.088756561279 693.7028465271 533.339569091797 570.669273376465 442.612838745117 614.380233764648 699.215929031372 732.053638458252 679.6956179142 514.015487670898 664.65064239502 616.662719726562 614.664596557617 652.46183013916 664.244830131531 590.211845397949 635.851715087891 763.916015625 705.524739384651 817.38623046875 878.878883361816 709.322865486145 768.828632354736 678.437313079834 748.870626449585 736.895248413086 587.240509033203 698.710292816162 670.802612304688 627.589385986328 705.454679727554 670.389572143555 723.129482269287 836.075485229492 862.826522827148 735.31058216095 708.449924468994 906.517318725586 887.010055541992 767.385388851166 830.422706604004 819.789726257324 789.589572906494 947.873901367188 791.590688705444 772.02765250206 752.434265136719 721.066432952881 820.754211425781 728.485893249512
661.045742511749 764.475662231445 631.145534515381 572.881187438965 478.708129882812 569.658164978027 585.230247497559 644.583770751953 588.75316619873 694.109994888306 813.068534851074 705.458555221558 753.590492248535 795.258331298828 806.093238830566 696.686507463455 646.67765045166 563.893913269043 685.787214279175 716.033038139343 751.046854019165 683.754447937012 761.533790588379 571.102012634277 783.76732635498 720.738044202328 690.899194717407 766.659210205078 689.379829406738 691.629999160767 749.697244644165 751.865309715271 733.834058761597 809.812202453613 840.848213195801 754.65558052063 746.501352310181 829.110015869141 911.116073608398 706.08325958252 739.619594573975 690.646675109863 800.534915924072 668.589820861816 701.85294342041 797.441869735718 867.931510925293 762.724393844604 903.018890380859 776.596600532532
653.691608905792 671.714641571045 657.30778503418 608.402187347412 557.850807189941 509.945281982422 537.780456542969 508.026428222656 514.654174804688 555.721908569336 610.474014282227 573.797874450684 733.638500213623 777.442962646484 740.462013244629 763.766708374023 656.027967453003 669.897186279297 695.011169433594 708.231605529785 711.680305480957 506.785659790039 670.274795532227 621.392211914062 747.213768005371 693.510530471802 668.770385742188 668.203338623047 749.774299621582 695.171503067017 714.969240188599 728.298510074615 771.898853302002 815.814735412598 962.769302368164 728.336653709412 748.928274154663 708.557751655579 783.130767822266 807.675315856934 792.671878814697 747.949968606234 580.889221191406 587.119110107422 602.671096801758 753.849565505981 700.054626464844 833.724834442139 894.964179992676 828.130363464355
599.233974456787 735.282249450684 678.203237533569 701.430522918701 720.494743347168 615.947021484375 520.469512939453 597.582481384277 536.044082641602 604.197479248047 520.570724487305 524.201324462891 654.589979171753 775.520782470703 856.659027099609 691.825561523438 717.039402008057 694.694840431213 653.186267852783 657.201118469238 538.409790039062 599.31819152832 623.617164611816 657.202945709229 596.754501342773 667.003684997559 687.617527008057 762.96768951416 720.443687438965 688.611721038818 721.762850284576 667.875034332275 663.244422912598 755.548145294189 731.211009979248 823.684226989746 728.722473144531 631.792724609375 606.79810333252 698.058818817139 802.205932617188 578.733459472656 717.990043640137 592.935302734375 672.596939086914 750.923469543457 735.356750488281 743.298054695129 902.560119628906 834.783550262451
