simdem/realisation93.asc
NCOLS 350 
NROWS 171 
XLLCORNER 152620 
YLLCORNER 418050 
CELLSIZE 100 
NODATA_value -9999 
[rows 66 to 87 of 171, columns 250 to 299 of 350]
609.128322601318 676.835697174072 669.773410022259 654.312578201294 680.49676322937 598.24596786499 695.192539215088 704.860317230225 648.658823013306 636.997632096754 647.192436218262 622.822799682617 754.261840820312 639.959537506104 631.857341766357 486.922943115234 654.900135040283 580.419975280762 900.614883422852 757.34497833252 795.049369812012 783.888038635254 678.018394470215 660.176471710205 693.98646736145 800.893142700195 699.092344760895 715.878021240234 761.664539337158 769.801319122314 771.273326873779 718.880306720734 675.396774291992 561.68701171875 833.49829864502 766.773262023926 675.091297149658 702.980118513107 934.863761901855 680.883544921875 716.62915802002 688.127254486084 938.261322021484 796.674093365669 833.071868896484 760.547937393188 720.748405456543 788.02367401123 774.641548156738 803.794465065002
688.918437957764 689.477619171143 663.148456573486 607.438095092773 646.02539396286 698.312141418457 763.856727600098 698.811851501465 616.385692596436 597.262943267822 683.362141609192 672.358932495117 691.835229873657 672.719352722168 612.730262756348 553.796501159668 568.082855224609 656.603179931641 687.791468143463 592.653465270996 668.374425888062 745.081573486328 692.576350212097 659.778427124023 808.253921508789 657.445682525635 770.218605041504 736.268569946289 690.546633243561 636.461601257324 742.150386810303 625.738243103027 637.244972229004 466.180404663086 834.305999755859 741.131437301636 643.643440246582 671.68529510498 729.612718582153 623.222160339355 977.262840270996 932.482696533203 733.137680053711 531.550231933594 681.678291320801 759.640740633011 661.365165710449 809.137104034424 822.167621612549 822.465293884277
758.647102355957 771.898277282715 592.635234832764 603.247459411621 490.089019775391 712.244155883789 672.718315124512 627.928999900818 663.694355010986 630.965776443481 490.872131347656 698.429420471191 721.04207611084 768.790977478027 566.820869445801 657.976187705994 624.473417282104 622.163398742676 579.634178161621 431.042205810547 561.727600097656 712.284580230713 620.90348815918 714.712100982666 708.478937149048 706.569744825363 596.595802307129 714.364023208618 640.164981842041 657.432048797607 819.083793640137 758.829784393311 780.652359008789 698.817380905151 756.364253997803 724.923239707947 739.181677818298 762.372856140137 757.625665664673 662.311126708984 531.980194091797 554.336135864258 1139.64657306671 1416.10532855988 797.470001220703 711.918510437012 683.375061035156 709.520059585571 687.084232330322 517.410095214844
673.653785705566 703.980052947998 717.179275512695 535.941520690918 677.182510375977 740.893676757812 789.074813842773 705.283485412598 569.960193634033 522.711898803711 565.811080932617 716.318794250488 675.980580329895 607.602207183838 661.383209228516 664.805394411087 701.615943908691 555.957916259766 603.087921142578 494.416198730469 500.887161254883 586.036231994629 584.471397399902 604.222412109375 664.18413734436 732.332099914551 682.39667224884 740.732601165771 601.27613067627 530.76220703125 629.563629150391 680.829700469971 705.676813840866 830.188186645508 713.584025025368 753.808145523071 705.267667293549 882.923309326172 720.124373197556 732.040111541748 647.128730773926 697.822708129883 729.959888458252 892.288154602051 854.805409669876 1425.72853517532 828.207118988037 665.649709701538 597.142532348633 723.180931091309
541.340217590332 495.98770904541 620.215102672577 619.304355621338 726.835441589355 659.517150878906 625.554496765137 752.475639343262 767.056596755981 633.502017498016 606.994029998779 648.061875700951 555.296615600586 665.496171951294 709.839424133301 645.466400146484 586.022232055664 434.518478393555 533.744720458984 537.647155761719 701.438632965088 605.272071838379 586.336296081543 610.465385437012 688.923662185669 761.348808288574 763.692779541016 709.783499717712 635.564628601074 672.562292098999 787.992225646973 712.016080856323 706.609165906906 764.097808837891 725.751624107361 693.392023086548 812.472663879395 798.603691101074 768.846206665039 758.787868499756 808.366176605225 807.971853256226 766.046977996826 773.985534667969 683.75756072998 748.935768127441 888.782421112061 1115.16806602478 670.66325378418 644.628005981445
601.169652938843 577.516777038574 674.531215667725 634.304191589355 679.302715301514 643.810503959656 711.051452636719 646.170254707336 690.884515285492 648.038646697998 614.721296310425 503.415962219238 618.083520889282 641.817354679108 642.143664360046 602.882125854492 515.518600463867 524.654312133789 536.250305175781 728.361988067627 713.172866821289 664.971530020237 649.297309875488 681.64321231842 723.471481323242 817.987518310547 723.687057495117 661.743396759033 604.864852905273 690.011775016785 768.435981750488 745.235027313232 753.454883575439 709.116306304932 685.889804840088 803.197776794434 715.293628692627 602.203971862793 740.001523017883 737.026983499527 660.36515045166 733.669992446899 642.632461547852 639.692901611328 338.577667236328 864.543121337891 658.995429992676 617.336486816406 739.671566009521 575.041244506836
581.120635986328 415.713317871094 653.783230304718 665.869800567627 794.459838867188 739.456642627716 680.190544128418 568.132457733154 596.654090881348 675.849220275879 640.368186950684 766.948661804199 616.985461235046 788.985763549805 769.647766113281 718.468902587891 617.047538757324 610.644184112549 603.345245361328 692.62092590332 823.268966674805 805.65958404541 682.537502288818 737.976280212402 555.536041259766 602.636528015137 764.664421081543 615.861038208008 685.602553367615 665.687889099121 796.763618469238 760.807300567627 853.32258605957 570.859359741211 554.191604614258 742.438256263733 745.673427581787 742.294454574585 674.783126831055 739.649253845215 685.139335632324 1175.02326965332 562.567596435547 484.7080078125 401.289398193359 632.463027954102 667.773826599121 656.574890136719 600.752777099609 759.148656845093
608.59969329834 575.47061920166 848.776260375977 729.813182830811 816.884002685547 749.168739318848 771.125194549561 803.09850692749 684.528210639954 635.655722618103 653.72767829895 633.213474273682 579.651344299316 622.503757476807 760.999847412109 695.31943321228 690.820262908936 664.581302642822 627.641723632812 702.279808044434 648.985900878906 704.873912811279 681.940015792847 738.186279296875 601.063636779785 631.679912567139 639.314655303955 752.609004974365 559.930374145508 637.11206817627 714.334712982178 756.180671691895 791.892921447754 693.241352081299 685.843711853027 783.590435028076 718.340556383133 541.485229492188 577.920623779297 876.897354125977 646.450050354004 678.483764648438 704.412094116211 918.780258178711 753.634521484375 633.762542724609 713.907569885254 792.582355499268 1227.67765808105 690.626823425293
596.386528015137 592.59167098999 553.890518188477 671.45662689209 768.983016967773 610.724800109863 783.563941955566 743.836919784546 676.787303924561 537.467926025391 663.850540161133 632.732448577881 717.895927429199 586.787212371826 754.623748779297 685.736122131348 592.355762481689 617.338878631592 741.959106445312 595.647773742676 702.54140663147 650.16922712326 748.154876708984 659.011324882507 795.643920898438 727.900478363037 671.726696014404 672.577577590942 614.052272796631 785.06063079834 779.924682617188 809.795631408691 700.115609765053 673.704195022583 566.363037109375 701.047998428345 740.397822380066 749.93336725235 805.559936523438 735.859149932861 659.956702232361 861.125465393066 566.604370117188 828.084442138672 843.104034423828 592.249740600586 859.545289754868 857.63655090332 840.501194000244 837.266616821289
681.573057174683 711.029327392578 586.554447174072 498.907470703125 604.660730361938 649.561676025391 758.790637969971 736.802581787109 871.981307983398 700.1533203125 835.314178466797 799.570348262787 588.161037445068 690.322395324707 561.03182220459 591.77033996582 619.299494743347 660.350271224976 637.99359703064 534.112693786621 575.259239196777 716.381340026855 709.917763710022 569.177558898926 816.751930236816 823.405853271484 697.284861564636 645.685466766357 744.394046783447 820.840637207031 817.736022949219 832.431838989258 652.116847991943 688.782012939453 727.762668609619 787.406429290771 670.396228790283 746.281530380249 798.43603515625 645.103759765625 736.105125427246 855.560165405273 802.592300415039 805.826179504395 644.55192565918 910.275497436523 813.991645812988 862.580215454102 1021.37769317627 1115.56003022194
622.264704465866 634.982978343964 637.815532684326 637.537124633789 664.899044036865 626.49755859375 526.175910949707 704.160919189453 642.280479431152 754.653114318848 936.31184387207 713.74365234375 688.280076980591 502.228424072266 382.777206420898 486.267379760742 568.451484680176 753.268203735352 683.008596420288 615.486148834229 546.566787719727 550.078369140625 524.71662902832 532.988739013672 836.749649047852 797.979263305664 680.482058435678 774.548484802246 723.341646194458 674.026966094971 725.790405273438 686.509227275848 561.693901062012 667.783725738525 653.585391998291 684.19305229187 783.778995513916 626.117408752441 643.485210418701 653.126342773438 566.213165283203 652.212142944336 716.326484680176 692.307441711426 646.084609985352 671.420036315918 705.728591918945 678.457565307617 677.525115966797 643.861099243164
679.84658241272 554.088836669922 568.559638977051 503.637344360352 654.231796264648 677.610145568848 725.364379882812 519.425598144531 639.179893493652 852.108581542969 889.947784423828 648.429023742676 625.327809691429 612.517757415771 589.532730102539 496.364349365234 589.89457321167 680.325075149536 772.928970336914 807.345474243164 675.633066654205 607.76927947998 539.903228759766 741.253524780273 886.022537231445 645.90968132019 704.228445053101 709.174634933472 672.835422515869 690.066198348999 667.7272605896 581.667831420898 581.954772949219 649.052589416504 630.592910766602 697.714385986328 877.847671508789 813.356307983398 653.215422511101 728.779125213623 973.105327606201 728.189483642578 797.358417510986 1071.430519104 888.260537147522 675.382171630859 882.16602897644 662.661270141602 747.906280517578 986.668823242188
510.11198425293 512.435668945312 557.374011993408 617.154123783112 778.488151550293 654.494829177856 614.277383804321 465.767135620117 560.345657348633 595.845489501953 692.582378387451 611.447040557861 593.109535217285 565.658981323242 550.058776855469 518.460067749023 571.14559173584 552.202201843262 603.29044342041 711.821249008179 782.648643493652 490.720886230469 575.471908569336 615.99974822998 733.842548370361 653.4889793396 813.351211547852 511.590972900391 726.079931259155 713.158580780029 641.670101165771 597.409622192383 620.812519073486 657.596145629883 726.589721679688 771.691864013672 714.711798667908 834.813568115234 564.339965820312 650.683418273926 704.482334136963 1128.72315979004 1029.49979400635 720.615928649902 703.272239685059 552.832595825195 598.382263183594 809.134246826172 1188.47690582275 840.656265258789
362.950271606445 609.763997077942 622.406639695168 603.509107589722 661.662449836731 883.847503662109 735.39026260376 608.294929504395 644.312929153442 739.403781890869 840.14151763916 840.381004333496 582.877353668213 550.263549804688 645.76407623291 644.654760360718 534.062973022461 670.155235290527 718.663509368896 765.989692687988 597.661209106445 577.256103515625 562.81184387207 547.047790527344 588.823043823242 670.412578582764 685.975096940994 504.911010742188 715.578407287598 639.127223968506 637.325290679932 575.577102661133 699.77771627903 620.361701965332 766.604049682617 612.752685546875 687.723984718323 710.809310913086 796.231857299805 882.381935119629 614.490352630615 784.563484191895 973.049629211426 867.864463806152 1087.45946121216 538.459136962891 926.090255737305 721.725288391113 817.678493022919 672.015274047852
695.187965393066 580.472755432129 632.754861831665 684.406200408936 537.439235687256 702.917057037354 743.77562713623 921.422744750977 647.463180065155 730.49845123291 809.148506164551 598.948219299316 634.99592590332 686.491086959839 421.423706054688 527.970886230469 513.001678466797 516.726745605469 729.661209106445 714.119214057922 491.643020629883 634.128253936768 653.125528335571 605.170867919922 681.455612182617 621.963139533997 573.879608154297 534.326797485352 828.516998291016 684.527328491211 710.370029449463 801.301139831543 666.927402496338 620.199472427368 776.546035766602 807.094192504883 699.430709838867 645.163890838623 495.64875793457 840.02530670166 706.934993743896 758.467147827148 779.94068145752 955.982177734375 491.37841796875 799.114807128906 1246.79159545898 790.047208786011 717.082324981689 591.752899169922
691.993621826172 675.508827209473 622.484969615936 590.45524597168 656.36612701416 672.259372711182 562.44482421875 686.975715637207 653.235553741455 637.274950027466 639.031007289886 631.907062530518 613.153388977051 638.043236732483 509.438430786133 609.022254943848 748.648147583008 762.131698608398 753.355522155762 705.521926879883 518.256912231445 567.893997192383 507.409332275391 662.491500854492 684.351638972759 748.291465759277 582.669631958008 627.33528137207 653.115051269531 668.669395446777 586.537971496582 713.542947769165 602.029945373535 613.527404785156 802.017040252686 829.102310180664 803.734161376953 755.522109985352 661.878791809082 857.151420593262 705.150541305542 842.707443237305 701.329898834229 645.177322387695 671.097137451172 582.072235107422 972.568405151367 909.184799194336 739.980072021484 697.774200439453
704.766403198242 804.489547729492 648.333023071289 600.496165752411 660.549295425415 582.278911590576 644.245571136475 678.455299377441 745.978523254395 561.453681945801 636.548069000244 477.758483886719 466.509536743164 618.805437088013 664.488395690918 695.067085266113 750.835723876953 585.812057495117 691.335762023926 605.697662353516 568.382621765137 580.532386779785 706.714050292969 761.357559204102 617.267677307129 679.543210983276 696.259583950043 838.681396484375 822.685607910156 727.714864253998 730.435855865479 681.56854057312 576.928802490234 539.900482177734 693.791482925415 717.060061454773 651.900344848633 643.503185272217 504.607955932617 776.041447639465 692.878044128418 796.842071533203 669.899246692657 682.744079589844 687.082733154297 597.293060302734 632.382095336914 917.822708129883 883.216060638428 993.160064697266
716.369651794434 642.827537536621 647.532989501953 750.703353881836 725.241580963135 624.941013336182 656.039979219437 635.19034576416 574.786628723145 564.959907531738 745.119285583496 749.600662231445 679.843824386597 640.22519493103 612.331466674805 679.615692138672 667.189361572266 645.65259552002 674.140602111816 710.606169104576 705.442693591118 553.802879333496 505.911911010742 679.730737686157 557.956321716309 679.849042892456 604.776992797852 730.128898620605 772.459102630615 645.98052406311 788.247470855713 685.491962432861 678.709690093994 723.226234436035 624.690402984619 593.608169555664 573.450271606445 551.510856628418 571.246528625488 722.84782409668 665.643913269043 915.234802246094 518.699356079102 623.114654541016 988.83837890625 656.135818481445 1046.09771347046 816.024074554443 911.563735961914 693.167785644531
595.340297698975 681.005752563477 598.170906066895 735.227691650391 792.734603881836 710.847579956055 538.068344116211 474.658599853516 704.204315185547 628.344421386719 647.255084991455 723.467384338379 659.160583496094 1017.72923183441 1032.85811233521 710.165981292725 854.574478149414 731.986770629883 680.40643787384 714.220285415649 778.30069732666 696.264141082764 547.107574462891 801.824241638184 504.113731384277 693.966524124146 595.547264099121 687.243644714355 678.05464553833 776.519706726074 724.453199386597 681.558801651001 585.817474365234 696.712673187256 626.90022277832 522.804344177246 587.346321105957 520.602676391602 623.592147827148 769.85334777832 571.541244506836 708.476486206055 689.842071533203 646.812477111816 786.152530670166 958.415185928345 836.264513969421 776.764713287354 755.14196395874 767.603643417358
485.575744628906 492.490356445312 662.460697174072 741.744171142578 750.452407836914 571.720386505127 482.491653442383 455.219329833984 715.110145568848 678.908452987671 736.038612365723 653.485509872437 644.95219039917 647.1494140625 543.538993835449 574.910743713379 705.657106399536 619.924468040466 607.794284820557 705.596582651138 722.247104644775 546.789398193359 639.77360534668 558.631088256836 597.707008361816 600.04923248291 693.180250167847 604.572563171387 714.237210273743 690.950708389282 662.235542297363 570.347671508789 792.691333770752 543.513717651367 641.577217102051 726.265693664551 579.772064208984 632.668514251709 717.750509738922 888.347496032715 1267.36505889893 645.131099700928 1100.97779273987 663.581253051758 551.909400939941 766.685819625854 741.018684387207 785.750370025635 660.955429077148 1016.73870849609
714.339435577393 781.745712280273 654.155595839024 713.804359436035 680.110446929932 669.630752563477 530.606811523438 662.719977855682 686.715196609497 794.349060058594 620.393482208252 819.780914306641 803.849571228027 497.246650695801 578.282939910889 566.7314453125 690.21462059021 731.603679656982 676.973247528076 779.142242431641 725.082592010498 527.760162353516 1225.57624053955 577.308395385742 840.354598999023 611.108953475952 720.476364135742 774.739685058594 711.569375038147 798.484107971191 632.441909790039 789.563037872314 692.872241973877 558.991455078125 497.277389526367 627.669395446777 612.766693115234 724.286649703979 579.808616638184 1121.05331420898 640.69372177124 722.956332921982 768.052084922791 1554.01337432861 562.374420166016 1830.91420555115 815.662103652954 640.063034057617 1110.44483947754 782.223251342773
1266.61724853516 1088.72235107422 679.691177368164 752.61999130249 727.207366943359 248.673248291016 464.373825073242 622.415618896484 699.2785987854 718.03459072113 608.163063049316 790.675796508789 804.891136169434 719.522666931152 475.782012939453 989.62092590332 1072.52511692047 720.870700836182 790.066177368164 743.231002807617 526.640441894531 486.012847900391 408.628601074219 754.055298805237 722.232543945312 848.326141357422 692.359832763672 744.359016418457 799.404449462891 774.404441833496 827.805366516113 712.891544342041 598.011688232422 737.200488090515 628.708763122559 626.927284240723 720.134313583374 697.144365310669 739.249210357666 846.538543701172 782.832458496094 693.110744476318 747.134147644043 685.041748046875 730.578521728516 899.327011108398 800.148584365845 689.976440429688 711.315010070801 714.474464416504
