simdem/realisation32.asc
NCOLS 350 
NROWS 171 
XLLCORNER 152620 
YLLCORNER 418050 
CELLSIZE 100 
NODATA_value -9999 
[rows 44 to 65 of 171, columns 150 to 199 of 350]
402.504104614258 312.930847167969 459.149169921875 556.865212321281 452.530990600586 577.395704269409 546.280420303345 500.546268463135 572.204110145569 474.796951293945 454.095863342285 633.245853424072 505.103885650635 514.818473815918 512.744773864746 520.046703338623 378.506622314453 564.726474761963 605.21321105957 714.906372070312 480.246578216553 532.109315872192 622.732048034668 663.073043823242 618.809120178223 640.076068878174 701.873092651367 696.629997253418 610.612991333008 561.949022054672 626.478977203369 617.204536437988 668.667428016663 643.374015808105 688.16558265686 812.908309936523 709.882160186768 648.591583251953 588.175277709961 389.386245727539 534.4045753479 409.087661743164 493.967613220215 733.968925476074 571.353607177734 521.268112182617 570.013561248779 601.270530700684 1081.97396087646 1039.35972595215
433.59121131897 443.12328338623 536.172021716833 495.632432818413 544.565811157227 646.376686096191 469.824775695801 489.944351196289 643.413314819336 618.76057434082 627.911029815674 731.223098754883 483.672119140625 345.307327270508 434.582092285156 470.42130279541 511.608825683594 497.632564544678 656.198860168457 626.944198608398 561.266466140747 375.558059692383 516.510936737061 532.433678627014 609.744934082031 564.084794998169 594.348333358765 623.533786773682 602.455909729004 553.397624969482 556.480979919434 672.264083862305 616.443462371826 670.384307861328 749.810108184814 682.010890960693 721.085342407227 542.807159423828 481.819396972656 486.979454040527 512.580955505371 561.424957513809 473.347190856934 406.046127319336 464.068908691406 596.932658195496 584.200675010681 584.848035335541 612.418018341064 874.863582611084
450.813552856445 382.223846435547 403.618682861328 431.206893920898 504.639862060547 581.62858581543 443.375282287598 475.680938720703 593.070137023926 530.740972518921 595.945627212524 565.215611606836 531.502616882324 450.131530761719 593.937635421753 571.963347196579 458.131790161133 489.488620758057 484.638870239258 469.143127441406 546.095718383789 524.946220397949 497.847702026367 608.004402160645 650.076324462891 554.472705841064 567.862665176392 593.916965484619 591.389087677002 564.163261413574 587.17936205864 563.562238693237 522.983177185059 762.859176635742 712.226539611816 544.349685668945 544.732234954834 541.556232452393 620.701822280884 496.977119445801 512.5276222229 464.614463806152 482.365257263184 621.338600158691 537.911060333252 681.501197814941 595.438597202301 749.74055480957 629.812622070312 771.153274536133
441.981834411621 475.595630645752 477.847663879395 424.09642791748 415.93635559082 666.339904785156 465.164833068848 457.719467163086 552.926345825195 579.861728668213 615.422588348389 580.494780540466 476.532859802246 466.338684082031 663.014465332031 557.042167186737 656.320152282715 534.520949363708 525.804991722107 702.751434326172 579.07048034668 496.064891815186 540.262915611267 686.571136474609 751.854721069336 563.577173233032 559.294785022736 502.839845657349 492.470390319824 678.709777832031 657.676124572754 555.495178937912 464.427391052246 604.312465667725 573.070383071899 625.003479003906 615.963823318481 580.519714355469 615.130693435669 540.035074234009 505.249965667725 469.569946289062 627.7751121521 669.093887329102 587.766175746918 601.919361591339 576.707414627075 577.087121963501 586.34238243103 686.379486083984
519.762647151947 561.946697235107 494.863401412964 500.08318901062 367.228332519531 519.939407348633 424.923126220703 466.23802947998 520.48669052124 656.399421691895 705.507133483887 628.606170654297 541.379501342773 457.669082641602 549.863632202148 567.098175048828 750.555770874023 602.535707473755 446.52303314209 725.673477172852 512.804870605469 599.3053855896 562.469977378845 589.045618057251 509.733238220215 488.96607208252 431.063842773438 621.055648803711 634.060707092285 638.129905700684 520.295829772949 448.986747741699 512.325479507446 561.144099235535 486.405830383301 502.986616134644 582.93185043335 538.70799446106 651.933212280273 636.108757019043 591.630498886108 617.343086242676 577.428062736988 578.647743940353 506.141761779785 560.992835998535 564.025253295898 528.396263122559 496.893402099609 703.653579711914
451.901916503906 448.481239318848 500.129289627075 528.805500984192 395.44465637207 526.915064811707 614.626426696777 556.051725387573 509.250442504883 618.056098937988 467.586013793945 570.441633939743 592.938672065735 666.545928955078 553.756404876709 679.335805892944 662.494369506836 693.642332077026 573.895462036133 592.498281478882 591.727970123291 684.584964752197 625.195397853851 653.055912017822 471.515068054199 503.681755065918 638.027183532715 551.450562477112 555.601649045944 483.634078979492 462.68391418457 613.302139282227 652.461204528809 586.107162475586 506.609870910645 572.98551940918 503.814051628113 662.217987060547 701.274108886719 720.558456420898 657.295669555664 578.248131752014 595.208068847656 600.015254974365 368.706253051758 514.465602874756 484.744850158691 456.587631225586 510.467109680176 703.087455749512
397.217094421387 345.903366088867 503.33614730835 569.238086700439 535.823063373566 638.858795166016 661.016479492188 440.306343078613 529.070066452026 621.948261260986 525.493667602539 558.77977180481 636.068351745605 745.464294433594 733.475921630859 657.381580352783 611.125996589661 496.722099304199 632.569412231445 627.466358184814 608.148073196411 780.118301391602 728.190847873688 703.039238929749 645.278852462769 649.977401733398 631.830757141113 739.038940429688 703.233703613281 675.723663330078 654.940483093262 662.386352539062 514.095184326172 644.996124267578 546.031360149384 533.116907119751 464.929611206055 505.305164337158 474.609741210938 561.774415969849 533.468704223633 504.901840209961 518.005262374878 629.641418457031 584.130208969116 398.544311523438 449.77311706543 499.780235290527 720.59688949585 702.090530395508
449.181259155273 434.144004821777 569.742351531982 674.473449707031 686.771575927734 564.220372200012 563.451959609985 566.543389320374 473.567726135254 629.909545898438 639.218185424805 561.568802833557 665.076858520508 749.362609863281 657.58137512207 723.961181640625 535.78161239624 667.706756591797 714.055862426758 695.997931718826 694.999687194824 708.688583374023 625.920202255249 649.621768951416 682.31618976593 746.081932067871 709.794827461243 589.398706436157 678.309036254883 623.311157226562 620.513004302979 617.0947265625 708.750854492188 624.040313720703 632.545799255371 560.774943351746 604.975776672363 442.666793823242 567.209446430206 565.922328002751 578.773407936096 584.744293451309 569.978572010994 610.743865966797 460.719688415527 322.158477783203 468.891387939453 465.38835144043 445.080108642578 555.573303222656
421.348579406738 605.169609069824 492.359638214111 708.967620849609 611.950790405273 720.329223632812 593.832317352295 703.541213989258 496.992618560791 521.915412902832 642.644515991211 538.021097183228 715.466262817383 615.474351882935 486.993186950684 648.417722702026 771.322204589844 705.419738769531 707.152572631836 666.260434627533 682.047553062439 558.383514404297 547.415241241455 533.930847167969 475.901519775391 698.643966674805 708.319320678711 611.157577514648 658.70531463623 785.068878173828 692.095504760742 587.348255157471 585.810489654541 621.363487243652 537.168351173401 502.813491821289 477.692031860352 466.44157409668 571.644794464111 581.960056304932 675.690963745117 584.49939250946 481.876998901367 617.167428970337 504.728370666504 488.116355895996 561.959339141846 490.72811126709 548.023773193359 493.88712310791
612.636497497559 592.803440093994 627.445053100586 657.034103393555 625.544563293457 565.646160125732 580.570650100708 652.144882202148 634.830772399902 454.227752685547 576.691831588745 574.954109191895 614.922737121582 498.996269226074 567.659363746643 587.966413497925 609.403877258301 576.334219694138 620.731018066406 704.834495544434 577.070316314697 515.289077758789 666.774604797363 468.574546813965 643.16851234436 601.69006729126 668.78635597229 580.722751617432 580.198008537292 626.20276260376 534.381301879883 580.047916412354 579.690649032593 529.421020507812 672.390281677246 515.391780853271 518.872673034668 624.349338531494 656.369094848633 559.392601013184 618.846370697021 663.211807250977 697.821990966797 566.578979492188 485.279350280762 477.129241943359 524.390098571777 557.093921661377 675.613189697266 617.067762374878
590.501907348633 670.986083984375 685.982147216797 531.14266872406 623.722389221191 633.277374267578 645.280479431152 641.557502746582 595.992877960205 542.10523891449 578.538860321045 555.979058265686 551.664379119873 639.441215515137 580.273946762085 431.601989746094 468.414077758789 492.756645202637 553.744041442871 670.405883789062 661.937885284424 591.209104537964 435.120758056641 490.941276550293 601.410827636719 486.916793823242 424.359436035156 520.399719238281 626.873136520386 697.428421020508 554.418474197388 472.943901062012 612.501899719238 563.193349480629 592.41227722168 531.370576858521 578.409912109375 690.452781677246 715.759986877441 649.66374206543 590.007856369019 676.936981201172 667.003570556641 594.900542259216 530.39119720459 559.724582672119 553.238109588623 471.442771911621 587.120426177979 647.589813232422
696.959548950195 599.917850494385 640.375778198242 526.979762554169 632.309440612793 615.554500579834 638.017059326172 680.375984191895 592.08186340332 563.097212791443 545.366214752197 559.249008178711 418.42170715332 515.853530883789 634.443153381348 585.390939235687 507.244613647461 612.230089187622 589.066692352295 577.283365249634 571.077491760254 489.534645080566 819.397201538086 647.586838722229 508.819534301758 564.805465698242 741.812683105469 641.764463424683 598.476810455322 630.386173844337 612.825969696045 371.326843261719 472.582672119141 482.058799743652 523.369915008545 522.800392150879 623.494998931885 604.138339996338 532.696796417236 659.089660644531 612.650150299072 673.331481933594 693.705375671387 631.25821685791 518.916259765625 574.714427947998 649.749397277832 596.756381988525 562.31067276001 552.90926361084
521.032773971558 620.116767883301 543.442623138428 571.332118988037 619.414001464844 673.39453125 666.420104980469 582.689357280731 532.959320068359 469.487464904785 494.834518432617 562.420951366425 619.30073928833 631.88053894043 659.283058166504 578.221028089523 463.396759033203 664.341621398926 525.155086517334 535.60657119751 586.877681970596 518.123168945312 606.407917022705 733.352104187012 630.219080448151 426.60627746582 717.899021148682 571.593696594238 661.092653274536 580.864919662476 572.145965576172 540.466590881348 496.470176696777 446.585472106934 487.037788391113 542.566059112549 625.002586364746 553.002437591553 581.687259674072 536.881301879883 619.358257293701 676.889312744141 687.00804901123 684.950588226318 601.226556777954 673.995677947998 594.728034973145 665.542240142822 642.015008449554 635.16212272644
581.720499038696 503.845012664795 499.635410308838 478.081199645996 604.728828430176 689.454330444336 489.878051757812 570.633010864258 541.315839767456 547.527875900269 566.38966178894 563.459980010986 636.605297088623 513.94856262207 559.293067932129 571.11121737957 626.819030761719 602.081789016724 539.950702667236 534.666709899902 572.958563804626 514.883369445801 609.894552230835 625.816467285156 591.043370723724 557.388397216797 577.164432525635 708.151714324951 695.527738571167 595.576732635498 673.47559261322 524.948699951172 558.376770019531 579.869454860687 630.124580383301 626.200698852539 491.931831359863 532.700786590576 471.204803466797 486.195022583008 548.613090515137 599.083466053009 545.879566192627 516.962295532227 585.93480682373 654.786140441895 626.593771934509 527.818206787109 568.370990753174 660.285045623779
550.679146766663 668.550968170166 572.267847061157 510.332275390625 703.587020874023 615.27583694458 480.501167297363 580.79734992981 639.891101837158 635.320552825928 412.193145751953 620.865116119385 737.89860534668 521.110145568848 634.121181488037 603.880514144897 465.592102050781 506.824371337891 504.585037231445 569.284923553467 472.692672729492 705.906890869141 668.085418701172 499.379043579102 474.030860900879 662.541145324707 752.490478515625 580.410640716553 610.93918800354 744.536588668823 631.813816547394 636.528461933136 725.633460998535 555.26139831543 767.103221893311 663.565320968628 606.666634559631 510.404151916504 738.04997253418 564.260715484619 572.67289352417 662.776153564453 509.46248626709 684.618492126465 532.614120483398 692.107360839844 637.051343917847 518.747619628906 625.902625083923 656.586158752441
490.263031005859 528.184356689453 492.358711242676 726.555892944336 758.539459228516 629.905689239502 579.697366714478 561.514711380005 518.795848846436 436.996597290039 417.023696899414 646.081253051758 620.368827819824 508.251182556152 510.547756195068 611.455013275146 462.990737915039 418.229553222656 613.263904571533 588.31964302063 592.542870521545 590.205841064453 617.479956626892 578.649869918823 487.785125732422 533.654724121094 631.006411552429 601.794330596924 696.83332824707 692.049108505249 739.891868591309 676.209476470947 569.060928344727 586.842620849609 689.037180304527 597.456047058105 701.627552032471 558.663581848145 615.672302246094 652.216976165771 718.177665710449 543.280223846436 487.122268676758 497.954147338867 654.565729141235 650.762042999268 649.463665008545 500.732810974121 532.476196289062 684.266368865967
318.592559814453 362.473937988281 515.154159545898 752.760299682617 710.035385131836 611.989437103271 583.531244277954 546.287294387817 510.610649108887 491.65470123291 428.118545532227 588.132853507996 574.176144123077 585.110900878906 464.897560119629 430.044273376465 475.895309448242 477.76245880127 621.186485290527 471.00757598877 621.654865264893 492.806922912598 607.177795410156 583.109393596649 475.881324768066 542.924583435059 604.181936264038 606.988883018494 631.770263671875 641.256096959114 656.846462249756 599.777502059937 546.061248779297 691.698112487793 705.128444671631 780.500778198242 662.878482818604 697.987342834473 750.69278717041 774.079376220703 643.572261810303 581.896118164062 536.293411254883 637.60884475708 723.127048492432 799.267349243164 711.29369354248 536.572044372559 531.085716247559 746.125434875488
523.481279373169 430.757247924805 688.154724121094 693.093444824219 641.273567199707 521.394732475281 671.24951171875 695.513671875 593.604522705078 419.640686035156 336.059951782227 486.126174926758 559.761070251465 389.930969238281 498.719745635986 388.330139160156 399.291320800781 431.811462402344 474.757797241211 570.416386842728 574.661007404327 606.052803039551 690.08325958252 737.119583129883 504.536575317383 692.918594360352 427.206008911133 505.55086517334 493.566314697266 548.466400623322 481.810760498047 477.378219604492 625.931625366211 591.386642456055 510.466743469238 546.808448791504 568.30358505249 630.760701179504 613.276359081268 592.352966308594 561.426803588867 523.263549804688 632.283634185791 793.384757995605 710.469482421875 780.170501708984 678.633636474609 618.295350074768 562.313217163086 640.477949142456
457.576118469238 431.649612426758 401.57194519043 523.04506111145 716.922332763672 575.925354003906 614.478775024414 465.313552856445 495.391548156738 356.06477355957 380.005813598633 399.588409423828 424.013519287109 395.360260009766 458.348785400391 447.29337310791 419.620559692383 502.800777435303 439.221885681152 538.101856231689 512.003368377686 547.32590675354 527.301628112793 697.662796020508 534.088493347168 859.016998291016 771.955230712891 556.735034942627 606.768459320068 379.120803833008 504.846061706543 547.153160095215 479.004653930664 653.47336769104 628.377979278564 638.602177858353 610.655197143555 506.494720458984 621.145904541016 590.884864807129 690.137199401855 542.860198974609 665.0205078125 844.44140625 709.510890960693 700.338905334473 615.97654914856 700.65145111084 583.139614105225 580.989616394043
600.955181121826 489.890789031982 478.16321182251 608.826797485352 548.743544399738 500.779705047607 547.593334197998 488.909591674805 375.033065795898 334.789245605469 448.171257019043 389.660598754883 441.04035949707 462.267379760742 579.699423313141 504.863430023193 564.618864536285 686.967712402344 519.812847137451 453.573257446289 566.349852561951 725.011657714844 748.773010253906 696.580047607422 571.046726226807 754.059967041016 748.176162719727 641.314441680908 433.151412963867 540.87495803833 584.159483909607 627.827209472656 561.466728210449 696.638175964355 618.526176452637 600.683303833008 578.295425415039 641.492038726807 674.490257263184 697.642913818359 627.527978897095 643.112136721611 646.567188262939 647.150245666504 561.074222564697 590.897563934326 696.022834777832 699.469268798828 581.326992034912 646.740425109863
720.161346435547 650.502868652344 752.397506713867 652.376342773438 465.14665222168 486.334159851074 502.528514862061 460.182357788086 487.703369140625 406.30712890625 487.959358215332 550.97777557373 522.090763092041 509.769195556641 509.351333618164 519.885185241699 536.543961524963 542.589588165283 634.985893249512 576.799214363098 545.605764389038 713.445999145508 653.925140380859 712.173713684082 616.708591461182 669.444641113281 828.486434936523 703.426071166992 517.607711791992 525.807250976562 549.409383773804 586.158283233643 437.817245483398 618.582523345947 623.661206245422 690.022277832031 630.09886932373 406.729919433594 654.738555908203 648.235660552979 635.072622954845 564.629264831543 588.511299133301 560.304615020752 773.337768554688 715.399635314941 589.6364402771 725.195922851562 743.65198135376 714.219543457031
596.438632965088 617.39741897583 660.370552062988 608.855499267578 541.079598426819 421.17765045166 522.781372070312 452.161689758301 419.506294250488 484.458320617676 459.877754211426 555.189294815063 477.669921875 521.09888458252 532.694561004639 556.919616103172 501.615863800049 540.958814620972 611.158756256104 704.144577026367 596.901123046875 649.575149536133 497.789474487305 637.380168914795 649.358520507812 747.32487487793 707.19938659668 595.685837745667 687.234588623047 612.840774536133 652.947078704834 647.411476135254 622.645046234131 545.103801727295 503.429542541504 669.779621124268 543.311660766602 522.344795227051 558.4035987854 658.146102905273 612.142749786377 657.78081703186 599.299859046936 631.765117645264 617.509414672852 544.738243103027 563.982376098633 769.060852050781 742.483551025391 719.399570465088
