simdem/realisation65.asc
NCOLS 350 
NROWS 171 
XLLCORNER 152620 
YLLCORNER 418050 
CELLSIZE 100 
NODATA_value -9999 
[rows 0 to 21 of 171, columns 100 to 149 of 350]
-9999 -9999 -9999 -9999 -9999 -9999 -9999 -9999 -9999 -9999 -9999 -9999 -9999 -9999 -9999 -9999 -9999 -9999 -9999 -9999 -9999 -9999 -9999 -9999 -9999 -9999 -9999 -9999 -9999 -9999 -9999 -9999 -9999 -9999 -9999 -9999 -9999 -9999 -9999 -9999 -9999 -9999 -9999 -9999 -9999 -9999 710.59839963913 630.307426452637 610.356483459473 560.498996734619
-9999 -9999 -9999 -9999 -9999 -9999 -9999 -9999 -9999 -9999 -9999 -9999 -9999 -9999 -9999 -9999 -9999 -9999 -9999 -9999 -9999 -9999 -9999 -9999 -9999 -9999 -9999 -9999 -9999 -9999 -9999 -9999 -9999 -9999 -9999 -9999 -9999 -9999 -9999 -9999 852.338691711426 575.648315429688 617.954284667969 581.997604370117 456.330154418945 621.929336547852 594.889938354492 528.864921569824 544.803686141968 564.745750427246
-9999 -9999 -9999 -9999 -9999 -9999 -9999 -9999 -9999 -9999 -9999 -9999 -9999 -9999 -9999 -9999 -9999 -9999 -9999 -9999 -9999 -9999 -9999 -9999 -9999 -9999 -9999 -9999 -9999 -9999 -9999 -9999 -9999 -9999 -9999 -9999 -9999 970.565704345703 809.819240570068 814.502098083496 583.558685302734 722.998569488525 641.866546630859 565.833389282227 631.347289085388 447.177383422852 637.101907730103 659.02600479126 587.90908241272 517.614226341248
-9999 -9999 -9999 -9999 -9999 -9999 -9999 -9999 -9999 -9999 -9999 -9999 -9999 -9999 -9999 -9999 -9999 -9999 -9999 -9999 -9999 -9999 -9999 -9999 -9999 -9999 -9999 -9999 -9999 -9999 -9999 -9999 -9999 -9999 767.434930801392 875.499183654785 1049.71221923828 794.942230224609 855.333953857422 513.519538879395 552.872700691223 628.405868530273 610.658630371094 599.024726867676 619.457580566406 680.468677520752 729.942008972168 834.835983276367 677.482841491699 466.318660736084
-9999 -9999 -9999 -9999 -9999 -9999 -9999 -9999 -9999 -9999 -9999 -9999 -9999 -9999 -9999 -9999 -9999 -9999 -9999 -9999 -9999 -9999 -9999 -9999 -9999 -9999 -9999 -9999 -9999 -9999 -9999 -9999 778.23999786377 688.552963733673 747.245742797852 785.686965942383 790.077026367188 889.794692993164 732.372116088867 527.974281311035 555.176491737366 793.972534179688 747.603332519531 623.263179779053 630.611106872559 736.477991104126 872.055206298828 1001.82643127441 804.518569946289 642.513641357422
-9999 -9999 -9999 -9999 -9999 -9999 -9999 -9999 -9999 -9999 -9999 -9999 -9999 -9999 -9999 -9999 -9999 -9999 -9999 -9999 -9999 -9999 -9999 -9999 -9999 -9999 -9999 -9999 -9999 -9999 788.492309570312 689.453964233398 612.824148178101 682.219772338867 728.942504882812 732.375299453735 558.536697387695 735.767791748047 825.502914428711 718.943347930908 769.214714050293 703.13108420372 734.937423706055 904.545845031738 922.397941589355 793.10193157196 783.065929412842 804.676891326904 776.270481109619 591.997207641602
-9999 -9999 -9999 -9999 -9999 -9999 -9999 -9999 -9999 -9999 -9999 -9999 -9999 -9999 -9999 -9999 -9999 -9999 -9999 -9999 -9999 -9999 -9999 -9999 -9999 -9999 -9999 626.112628936768 688.297402381897 570.430330276489 559.054740905762 552.426044464111 573.164915084839 564.003589630127 601.362056732178 552.185935974121 630.952461242676 680.865928649902 766.08283996582 814.237409591675 800.402616500854 884.813911437988 790.770540237427 906.677886962891 752.602432250977 748.517417907715 1015.27660417557 1076.36371746659 1020.65632629395 1076.68703079224
-9999 -9999 -9999 -9999 -9999 -9999 -9999 -9999 -9999 -9999 -9999 -9999 -9999 -9999 -9999 -9999 -9999 -9999 -9999 -9999 -9999 -9999 -9999 -9999 945.192962646484 819.221824645996 671.823089599609 610.204093933105 624.181930541992 468.298095703125 284.356292724609 605.4280834198 571.03835439682 534.146690368652 552.071102142334 631.381622314453 759.947723388672 694.98126411438 596.873252868652 813.440727233887 787.325706481934 727.661651611328 1002.61448669434 980.747741699219 935.388610839844 954.556671142578 958.009349822998 1058.99956893921 852.293327331543 1247.70029449463
-9999 -9999 -9999 -9999 -9999 -9999 -9999 -9999 -9999 -9999 -9999 -9999 -9999 -9999 -9999 -9999 -9999 -9999 -9999 -9999 -9999 -9999 778.068946838379 782.074390411377 661.782405853271 649.578754425049 566.477233886719 633.218103408813 610.199527740479 454.864234924316 546.947025299072 555.466014862061 596.740272521973 625.436014175415 518.52025604248 553.032176971436 588.95774269104 690.963544845581 658.365646362305 787.2509765625 979.489469528198 794.099105834961 721.491522789001 972.287963867188 719.521579742432 1112.4453086853 722.020616531372 610.873176574707 715.253011703491 602.251124382019
-9999 -9999 -9999 -9999 -9999 -9999 -9999 -9999 -9999 -9999 -9999 -9999 -9999 -9999 -9999 -9999 -9999 -9999 -9999 970.249816894531 719.231567382812 896.060302734375 941.137237548828 785.728469848633 601.72590637207 610.136924743652 681.73157119751 512.589218139648 472.477569580078 394.62907409668 477.602661132812 546.62215423584 643.618949890137 523.785495758057 423.284881591797 501.580894470215 534.038841247559 533.538017272949 723.783081054688 779.816898345947 755.105125427246 923.255706787109 848.988494873047 673.66443157196 688.311437606812 665.004606246948 659.156890869141 680.305233955383 648.98962020874 749.153282165527
-9999 -9999 -9999 -9999 -9999 -9999 -9999 -9999 -9999 -9999 -9999 -9999 -9999 -9999 -9999 -9999 -9999 1092.21249675751 1006.05413818359 1071.17817687988 819.583999633789 785.034332275391 765.85595703125 539.711429595947 449.517425537109 577.232711791992 808.795166015625 607.712417602539 642.190242767334 642.008045196533 671.567620277405 499.63037109375 582.10084438324 547.139461517334 622.911163330078 526.44285774231 591.075192451477 655.512557983398 619.48779296875 631.603603363037 784.500030517578 832.236221313477 867.1376953125 776.627059936523 673.6930809021 728.503005981445 650.904537200928 605.685455322266 711.723604202271 637.242517471313
-9999 -9999 -9999 -9999 -9999 -9999 -9999 -9999 -9999 -9999 -9999 -9999 -9999 -9999 575.91134262085 605.98942565918 631.069595336914 1042.52946472168 1099.27188110352 872.363510131836 1034.62559890747 720.296081542969 594.827812194824 648.037506103516 671.020554065704 633.46004486084 616.703922271729 564.781692504883 605.129318237305 543.126388549805 503.800079345703 404.734741210938 526.277950286865 710.600448608398 656.660087585449 421.644485473633 435.952537536621 644.61865234375 669.239354133606 679.272344350815 700.658022522926 725.330078125 665.660137653351 821.521484375 737.2841796875 658.88499557972 555.078025817871 717.7106590271 758.968784332275 677.560552597046
-9999 -9999 -9999 -9999 -9999 -9999 -9999 -9999 -9999 -9999 -9999 -9999 728.682783126831 676.705974578857 638.373048782349 730.629419326782 544.571044921875 675.828842163086 995.975341796875 1017.11044120789 1057.05448913574 579.097221374512 683.115547180176 751.869415283203 550.580589294434 796.158395767212 625.10173034668 441.43424987793 580.518226623535 516.992614746094 443.346923828125 546.762134552002 448.406671524048 712.700500488281 789.390808105469 484.158515930176 416.263626098633 551.044403076172 608.088924407959 742.118030548096 669.685279846191 659.179475784302 701.605613708496 737.185432434082 772.08763885498 541.508338928223 494.136978149414 664.063792228699 600.519954681396 660.167255401611
-9999 -9999 -9999 -9999 -9999 -9999 -9999 -9999 -9999 -9999 716.491104125977 785.889512062073 780.325706481934 695.208106994629 488.767807006836 542.874061584473 749.967758178711 605.855904579163 523.45499420166 580.462677001953 570.304227828979 502.544013977051 636.774061203003 622.698867797852 814.666694641113 772.097625732422 669.115226745605 796.328197479248 695.563186645508 430.175369262695 419.016448974609 504.828912496567 292.177444458008 400.730144500732 657.744445800781 629.18053817749 505.547187805176 663.408958435059 722.797805786133 586.331661224365 682.700209617615 648.035245895386 731.814964294434 724.026702880859 673.289852142334 666.37670135498 670.764728546143 652.604491233826 556.100292205811 665.112785339355
744.80108165741 776.709806919098 708.17024230957 682.556550979614 712.474296569824 362.809005737305 359.78059387207 475.95817565918 477.424102783203 302.877517700195 617.885292053223 641.205299377441 619.755710601807 539.48217010498 553.218772888184 690.039222717285 584.519813537598 605.113745689392 520.482482910156 694.350257873535 545.321235656738 651.556476593018 878.782150268555 854.644271850586 844.724075317383 734.952356338501 716.987243652344 824.724822998047 729.790969848633 636.893142700195 450.547386169434 499.701835632324 453.361633300781 446.346536159515 525.039180755615 766.828102111816 642.993911743164 602.576824188232 541.62523651123 676.306751251221 627.714328765869 704.642993927002 582.329280734062 609.721668243408 578.923675537109 506.018119812012 761.243469238281 623.257343292236 535.721126556396 731.520156860352
675.303970336914 766.995673179626 784.785215377808 585.112800598145 575.838554382324 388.718864440918 324.446472167969 316.494705200195 293.796447753906 453.666987717152 531.085708618164 574.974174499512 542.024620056152 431.049041748047 477.869369506836 616.534815788269 568.447769165039 576.792200088501 600.866989135742 769.405395507812 788.802978515625 763.429351806641 663.493064880371 799.686283111572 638.716038703918 736.296783447266 687.064083099365 600.439483642578 627.039726257324 657.981266021729 450.114162445068 513.557991027832 409.448013305664 404.704204559326 624.402854919434 749.324329376221 729.881244659424 742.752166748047 437.089614868164 674.790786743164 751.372367858887 571.812812805176 515.346229553223 527.98412322998 667.262495040894 1184.69044494629 956.216064453125 835.553894042969 745.909637451172 694.958953857422
592.355816841125 746.181869506836 583.379035949707 602.293357849121 610.760765075684 385.12272644043 299.508758544922 386.167541503906 308.301147460938 633.636875152588 528.843879699707 483.38175868988 443.262727737427 489.719787597656 456.123138427734 649.372528076172 775.620422363281 707.055236816406 697.946365356445 698.03832244873 632.184471130371 1110.34180450439 655.958679199219 726.827919006348 659.523042678833 790.186950683594 735.397796630859 790.535118103027 384.198329925537 625.782134056091 605.090873718262 611.02995300293 564.834487915039 783.41898727417 697.312866210938 835.050247192383 686.366069793701 619.056873321533 646.152912139893 797.45263671875 850.899337768555 679.598915100098 919.186584472656 776.029373168945 774.375541687012 790.885986328125 688.246503829956 541.035377502441 708.901863098145 754.888229370117
697.810401916504 774.581649780273 629.886192321777 720.587478637695 635.016128540039 637.406833648682 808.149108886719 1129.06708717346 659.21265411377 627.481065273285 630.080948829651 490.828105926514 518.269107818604 738.95836353302 640.458724975586 585.490837097168 661.198394775391 720.771278381348 577.543300628662 560.498001098633 549.044540405273 709.07243347168 661.390735626221 792.311813354492 694.303923606873 473.86173248291 605.282508850098 711.958429336548 695.420647621155 621.439160346985 600.745756149292 545.137786865234 599.003707885742 655.140996932983 733.690315246582 1243.8778989315 670.922276496887 614.684097290039 609.03511428833 660.495131969452 1349.76633453369 829.041458129883 602.487323760986 515.734321594238 550.092597961426 647.625190734863 720.045528411865 583.630661010742 629.389334201813 654.329925537109
670.662930965424 713.822555541992 1047.84197616577 628.593311309814 601.467590332031 518.591979980469 883.018531799316 1175.88334655762 582.262119293213 755.307434082031 649.694595336914 761.94787979126 723.839897155762 684.860137939453 494.523300170898 649.822355270386 764.120872497559 773.153213500977 587.896841049194 770.943298339844 612.439331054688 609.009567260742 604.930351257324 638.159404754639 418.328460693359 360.101531982422 531.973347187042 559.586347579956 1029.12708282471 887.744911193848 610.36304473877 857.072322845459 1070.15627002716 1118.08426856995 839.638828277588 1043.54748535156 959.880615234375 786.099822998047 602.634571075439 522.058639526367 632.991943359375 519.784694671631 495.769508361816 522.378265380859 577.363578796387 684.049674987793 549.651527404785 462.54866027832 565.765598297119 638.451183319092
769.859991550446 780.671129226685 1203.54416275024 684.952327728271 616.951950073242 620.672103881836 882.226348876953 1156.46813201904 868.032104492188 722.518154203892 1057.77729797363 1133.67192077637 997.026888847351 928.581508636475 417.364952087402 1147.18579363823 720.612331390381 873.58869934082 635.536647796631 975.206420898438 711.766754150391 712.947507858276 491.43489074707 562.704521179199 1316.10345840454 1076.75141143799 866.266490936279 737.413650512695 565.736577987671 515.440055847168 513.36754989624 611.229900360107 582.026198863983 582.686496734619 674.575456619263 1094.99447631836 583.260219573975 517.471282958984 586.956825256348 619.19229888916 541.920066833496 500.20393371582 577.005432128906 654.594223022461 680.958198547363 645.573662757874 674.083084106445 637.635772705078 645.947135448456 684.578819274902
722.135387420654 687.548431396484 602.816530227661 623.223064422607 562.15832901001 574.602355957031 879.345860481262 561.863426208496 840.257911682129 582.769096374512 779.84024810791 1123.04595947266 753.527948379517 1036.6239490509 1081.36265563965 1210.31112670898 1283.85865020752 1311.13260650635 652.178471565247 423.104965209961 702.823196411133 354.435913085938 984.708526611328 284.635375976562 475.743698120117 1168.94255065918 549.407341003418 599.189651489258 547.392556190491 474.286994934082 456.863838195801 585.388598442078 461.885559082031 522.653495788574 625.147416114807 516.529983520508 556.429313659668 692.380571365356 605.34880065918 431.846267700195 498.336410522461 631.965522766113 734.734451293945 606.607032775879 477.431976318359 548.275939941406 571.143886566162 632.676356315613 643.806837081909 552.329486846924
697.429252624512 606.93513917923 614.925186157227 565.893801443279 448.374649047852 569.9482421875 621.802141189575 787.666000366211 563.358367919922 585.357452392578 672.046947479248 842.423572540283 559.443534851074 788.56397151947 692.577476501465 2284.15226745605 1101.12478637695 661.102752685547 385.822357177734 836.808532714844 836.565460205078 498.443489074707 358.558715820312 832.830535888672 1005.97467041016 1546.52103424072 932.135498046875 757.558265686035 620.044567108154 490.597160339355 603.102010726929 489.198181152344 490.169395446777 632.312544345856 447.196807861328 551.650157928467 434.956466674805 538.205352783203 548.541580200195 432.49153137207 455.290756225586 531.224060058594 529.978729248047 709.56876373291 560.295703887939 450.966018676758 646.5270216465 558.76416015625 531.302490234375 556.944541931152
