simdem/realisation70.asc
NCOLS 350 
NROWS 171 
XLLCORNER 152620 
YLLCORNER 418050 
CELLSIZE 100 
NODATA_value -9999 
[rows 110 to 131 of 171, columns 200 to 249 of 350]
-9999 -9999 -9999 910.042369842529 640.431358337402 486.092178344727 524.112014770508 764.198380231857 820.058338165283 1084.07022666931 716.662334442139 669.41260099411 732.402278900146 717.661952972412 759.480613708496 826.725311279297 913.091415405273 600.848476409912 594.807441711426 576.550987243652 523.374267578125 391.836929321289 727.575986862183 518.488708496094 641.623115539551 694.826904296875 709.012756347656 595.258560180664 689.454175949097 666.208717346191 478.190292358398 561.21940612793 637.359149932861 561.502319335938 605.931861877441 611.782920837402 762.064979553223 693.951959609985 540.486158370972 661.253295898438 712.621883392334 682.784139633179 830.896255493164 789.08104133606 1101.47326660156 513.453643798828 717.114898681641 1113.19152832031 592.60474395752 809.644165039062
-9999 -9999 -9999 -9999 838.1125831604 631.729537963867 566.478157043457 858.322280883789 790.295329093933 756.425498962402 671.44689655304 578.981292724609 715.999177932739 832.416030883789 793.531921386719 727.961608886719 694.061096191406 636.32378578186 710.815185546875 539.287414550781 571.594787597656 561.977027893066 1253.37190246582 512.856811523438 656.86939239502 613.167374610901 676.710880279541 610.90950012207 669.162152767181 466.070465087891 425.083099365234 553.648246765137 577.992698669434 623.319122314453 534.440368652344 764.808044433594 722.883182525635 722.766620635986 627.219354629517 673.947309494019 929.409286499023 771.097961425781 709.59309387207 1005.11746239662 664.659442901611 770.954574584961 815.747482299805 823.481178283691 699.154286384583 883.818862915039
-9999 -9999 -9999 -9999 911.589431762695 736.375703811646 767.656562805176 741.926605224609 842.867370605469 683.668461799622 782.615913391113 765.117301940918 677.960552215576 663.871395111084 629.851848602295 693.93794631958 768.256118774414 739.992073059082 661.141010284424 548.54084777832 595.58895111084 697.581464767456 524.307037353516 636.372734069824 517.05265045166 613.261383533478 591.182968139648 613.443244934082 475.868881225586 516.120697021484 497.514762878418 650.032341003418 565.003295898438 687.092107772827 554.657295227051 578.986267089844 651.438413619995 689.458557128906 802.370171546936 821.150867462158 923.595558166504 754.568559646606 723.550617218018 924.638088226318 618.591750144958 814.645172119141 1101.80069351196 918.22266960144 803.725032806396 831.681400299072
-9999 -9999 -9999 -9999 -9999 857.393421173096 850.987098693848 620.07723236084 758.133071899414 686.414989471436 1240.87937164307 756.296772003174 630.445487976074 665.887904644012 793.194564819336 722.822219848633 640.775957107544 729.440055847168 708.551166534424 595.191299438477 633.832345962524 1082.39323616028 640.955372333527 593.141590118408 725.71785736084 553.488464355469 650.990661621094 603.942543029785 395.095031738281 464.431198120117 569.275409698486 670.095932006836 669.353401184082 625.56409072876 602.314399719238 682.733396530151 694.35068321228 799.091369628906 842.989379882812 765.936635494232 865.935420036316 836.124948501587 776.378735542297 798.515542984009 743.174964904785 683.325988769531 927.017006158829 1392.42517089844 780.753826141357 858.133911132812
-9999 -9999 -9999 -9999 -9999 890.418907165527 748.865348815918 573.367820739746 545.101699829102 695.60461807251 1288.66796875 734.022127151489 731.050347328186 598.144149780273 713.99723815918 686.693515777588 528.16276550293 597.635261535645 703.728710174561 498.280990600586 1176.94513702393 589.258476257324 609.107780456543 722.361633300781 637.476378440857 802.848114013672 702.331570148468 601.866333007812 549.627777099609 692.481182098389 785.083442687988 548.252349853516 516.715927124023 557.631134033203 471.428375244141 514.093246459961 806.172393798828 699.946968078613 678.131893157959 685.664993286133 860.760765075684 676.507553100586 833.912748336792 723.421751022339 747.075130462646 553.815231323242 751.418113708496 832.68529510498 800.026435852051 734.39493560791
-9999 -9999 -9999 -9999 -9999 885.214235305786 919.139114379883 629.012996673584 596.737659454346 774.405170440674 783.522842407227 876.342437744141 722.672635436058 662.498244285583 665.463533401489 595.385261535645 511.646377563477 564.00365447998 540.907562255859 1121.3349609375 483.610473632812 580.801986694336 665.885996341705 654.456710934639 670.662188053131 705.517944335938 647.276458740234 571.807174682617 682.352878570557 753.670627593994 762.637351989746 612.357906341553 729.784915924072 635.083930969238 702.115961074829 663.693996429443 556.38818359375 714.455505371094 856.577087402344 766.751173019409 636.972750663757 725.264358520508 651.230369567871 979.726917266846 658.201042175293 653.394821166992 531.573348999023 736.559623718262 774.56960105896 567.011581420898
-9999 -9999 -9999 -9999 -9999 -9999 962.108818054199 978.328979492188 693.215801239014 736.545021057129 652.654495239258 759.661422729492 621.139080047607 600.805114746094 584.750854492188 451.712982177734 508.660232543945 539.859359741211 611.979949951172 526.135147094727 686.281658172607 696.277658462524 692.100069046021 530.931655883789 674.313484191895 746.8909304142 637.98600769043 691.590749740601 783.935848236084 782.093597412109 725.947305679321 745.039161682129 707.423328399658 756.235382080078 722.898029327393 637.989120483398 709.089185714722 723.416049957275 727.708168029785 768.802177429199 813.296646118164 784.712162256241 719.727169036865 752.434841364622 891.049705505371 861.119979858398 852.975021362305 807.655807495117 739.554550170898 884.124946594238
-9999 -9999 -9999 -9999 -9999 -9999 833.507904052734 1378.05708789825 1296.40983438492 747.765197753906 620.446880340576 748.665924072266 938.588973999023 566.756317138672 583.513092041016 603.921615600586 574.892974853516 472.495040893555 1147.42213439941 624.75394821167 624.679710388184 799.531059265137 696.779901504517 623.481990814209 641.514114379883 648.711952209473 690.167146682739 788.26318359375 666.483436584473 822.273277282715 747.299579620361 750.896008491516 773.379680633545 1068.00240325928 1002.76140975952 1086.71670532227 912.485366821289 737.843420028687 690.650181293488 609.60083770752 685.089637756348 666.870510101318 647.473587036133 606.654479980469 686.12818145752 780.564279556274 740.388265609741 842.923843383789 902.750289916992 595.589416503906
-9999 -9999 -9999 -9999 -9999 -9999 -9999 969.505205154419 852.662285804749 876.459915161133 617.007572174072 668.148178100586 671.204605102539 675.006256103516 632.832733154297 512.991287231445 531.1865234375 1292.53393554688 596.315948486328 655.878433227539 731.343063354492 834.853332519531 762.31396484375 701.032691955566 604.993515014648 701.986923217773 738.299264907837 1214.7593460083 894.201477050781 782.477890968323 678.283922195435 605.035980224609 675.190376281738 952.56587600708 911.353828430176 847.506988525391 1032.56702423096 897.91975402832 988.405151367188 628.199924468994 797.40943145752 657.95728302002 584.768981933594 648.625152587891 762.698997497559 824.224182128906 713.198749303818 684.545709609985 611.286125183105 539.59521484375
-9999 -9999 -9999 -9999 -9999 -9999 -9999 -9999 682.772308349609 783.785888671875 589.205963134766 576.565307617188 661.897636413574 560.75341796875 464.231079101562 482.114654541016 1289.68505859375 639.339096069336 747.38333272934 748.03347659111 717.110149383545 756.693971633911 771.623754501343 831.955261230469 608.380264282227 741.898620605469 762.037956237793 778.526321411133 888.920425415039 777.902908325195 545.277365922928 674.294589996338 717.274227142334 821.815284729004 836.386312484741 733.794281005859 847.418968200684 868.521202087402 938.189910888672 972.389743804932 813.423645019531 738.138922214508 748.249701023102 628.193008422852 607.59228515625 716.403441905975 589.921615600586 660.664222717285 713.514204025269 667.071739196777
-9999 -9999 -9999 -9999 -9999 -9999 -9999 -9999 -9999 1219.28559112549 1102.22319030762 1301.12033843994 575.461860656738 722.127155303955 708.6435546875 560.805191040039 852.280349731445 630.304550170898 692.41975402832 806.815397262573 701.136260986328 747.338926315308 732.94083404541 766.404861450195 713.979259490967 734.39094543457 700.965545654297 588.832782745361 748.82472038269 498.986907958984 499.690170288086 580.978128433228 503.13826751709 388.607192993164 649.06462097168 710.655044555664 732.984092712402 814.699230194092 797.909118652344 872.151527404785 1207.01322937012 639.64330291748 642.594314575195 813.544332504272 471.739837646484 617.927249908447 719.892105102539 498.379661560059 493.49877166748 667.579040527344
-9999 -9999 -9999 -9999 -9999 -9999 -9999 -9999 -9999 -9999 924.397148132324 732.072059631348 630.721733093262 586.69149017334 503.490219116211 580.815994262695 755.939953804016 804.515106201172 912.553276062012 689.659156799316 669.901245117188 738.433321475983 766.495296478271 734.372611999512 990.429481506348 728.442779541016 498.94281578064 756.472145080566 779.552200317383 749.986565589905 634.707550048828 679.913846969604 449.453788757324 383.948425292969 851.754563331604 659.055541992188 761.368759155273 802.64966583252 803.938980102539 878.141815185547 835.099014282227 534.099273681641 661.882362365723 752.307456970215 496.024627685547 570.304206848145 552.43782043457 579.33763885498 552.219429016113 622.108587265015
-9999 -9999 -9999 -9999 -9999 -9999 -9999 -9999 -9999 -9999 -9999 1097.62803649902 1051.02555656433 820.080032348633 539.751499176025 426.753372192383 691.55842590332 859.255340576172 739.874658584595 664.75609588623 750.790523529053 695.951019287109 645.491722106934 483.655242919922 937.659141540527 576.518218994141 889.639709472656 1094.767578125 965.709213256836 903.284255981445 781.925437927246 849.769292593002 662.834609985352 738.002690315247 785.089904785156 929.787239074707 770.361114501953 828.441320419312 718.020599365234 762.53157043457 920.65030670166 670.662773132324 687.642105102539 558.49137878418 630.455177307129 601.257583618164 540.820823669434 655.048126220703 680.217712402344 709.427011966705
-9999 -9999 -9999 -9999 -9999 -9999 -9999 -9999 -9999 -9999 -9999 -9999 1012.44926452637 1036.0266418457 492.148864746094 558.793256759644 717.393070220947 687.365104675293 628.223588943481 700.527977228165 671.673161745071 596.402030944824 576.14669418335 436.690979003906 750.130581855774 851.52582359314 892.019443511963 830.490524291992 913.631317138672 626.806617736816 750.216079711914 771.134590148926 701.95735168457 748.397849798203 790.60729598999 611.387558460236 760.18904876709 935.540313720703 855.28920173645 819.829183578491 730.378852844238 773.934860229492 783.3564453125 730.805809020996 550.937698364258 541.04248046875 609.413612365723 636.202255249023 680.29567527771 625.796173095703
-9999 -9999 -9999 -9999 -9999 -9999 -9999 -9999 -9999 -9999 -9999 -9999 -9999 -9999 616.43034362793 648.106170654297 629.22315788269 1003.82650279999 552.119073390961 581.710384368896 578.690869808197 664.883842468262 477.611747741699 483.496658325195 708.422342300415 678.639751434326 894.727752685547 770.9085521698 940.542873382568 923.898830413818 863.099189758301 833.924789428711 731.943553924561 700.817813873291 844.952926635742 663.765567779541 851.044256210327 969.931482315063 915.58935546875 1053.6013469696 996.993263244629 1039.27020263672 584.43724822998 698.162601470947 733.108957290649 585.391937255859 782.285125732422 726.985591053963 685.106433868408 615.901351928711
-9999 -9999 -9999 -9999 -9999 -9999 -9999 -9999 -9999 -9999 -9999 -9999 -9999 -9999 -9999 -9999 -9999 1107.63559055328 785.104024887085 676.916863441467 818.947534561157 764.187757492065 704.726379394531 687.675842285156 819.356788635254 872.621681213379 831.604263305664 597.921474456787 906.557556152344 750.011531829834 706.820606231689 694.816467285156 770.565155029297 918.283836364746 656.91284942627 656.582954406738 721.879880905151 861.373611450195 910.772766113281 685.035293579102 563.239677786827 1004.58155822754 697.727958679199 815.700370788574 755.719635009766 698.522956848145 719.152394294739 700.857278823853 601.757049560547 700.744500160217
-9999 -9999 -9999 -9999 -9999 -9999 -9999 -9999 -9999 -9999 -9999 -9999 -9999 -9999 -9999 -9999 -9999 -9999 -9999 -9999 870.476865768433 721.907928466797 636.236038208008 846.377353668213 853.182800292969 1039.88851928711 817.194240570068 717.506576538086 803.824715137482 804.153365850449 692.999229431152 558.142852783203 690.017848968506 718.344333648682 631.79719543457 602.147653579712 777.81286239624 866.011484146118 766.447799682617 753.428329467773 712.714630126953 644.696014404297 608.425563812256 750.407285690308 668.537502288818 617.990829467773 653.350141525269 612.874221801758 622.234619140625 649.508861541748
-9999 -9999 -9999 -9999 -9999 -9999 -9999 -9999 -9999 -9999 -9999 -9999 -9999 -9999 -9999 -9999 -9999 -9999 -9999 -9999 -9999 -9999 -9999 -9999 -9999 889.874515533447 847.101379394531 843.745250701904 845.06608581543 852.647930145264 945.495628356934 727.173271179199 710.377941131592 702.934753417969 556.145942687988 834.200921416283 968.14875793457 917.469680786133 776.760488510132 788.838230133057 705.845245361328 956.427532196045 583.75023651123 566.158386230469 606.403366088867 731.788444519043 702.642987251282 637.939933776855 661.193367004395 764.482654571533
-9999 -9999 -9999 -9999 -9999 -9999 -9999 -9999 -9999 -9999 -9999 -9999 -9999 -9999 -9999 -9999 -9999 -9999 -9999 -9999 -9999 -9999 -9999 -9999 -9999 -9999 -9999 -9999 -9999 824.148864746094 934.821897983551 831.350379943848 816.019460678101 800.802722930908 822.187805175781 789.949245452881 920.506309509277 925.359824180603 752.609289765358 642.02858877182 557.555442810059 761.449230194092 788.967269897461 798.431659698486 706.758349895477 766.62809753418 713.385150909424 710.990907907486 754.905708312988 731.498501777649
-9999 -9999 -9999 -9999 -9999 -9999 -9999 -9999 -9999 -9999 -9999 -9999 -9999 -9999 -9999 -9999 -9999 -9999 -9999 -9999 -9999 -9999 -9999 -9999 -9999 -9999 -9999 -9999 -9999 -9999 -9999 977.326782226562 786.954055786133 787.252159118652 791.404363870621 765.941236972809 842.790523529053 561.203689575195 742.268877029419 707.770919799805 925.770729064941 743.692138671875 792.987243652344 908.366928100586 682.414192199707 572.278076171875 747.709541320801 710.296323776245 686.465669631958 826.34349822998
-9999 -9999 -9999 -9999 -9999 -9999 -9999 -9999 -9999 -9999 -9999 -9999 -9999 -9999 -9999 -9999 -9999 -9999 -9999 -9999 -9999 -9999 -9999 -9999 -9999 -9999 -9999 -9999 -9999 -9999 -9999 -9999 689.794151306152 934.761711120605 941.609119415283 1126.15655517578 938.454467773438 769.560830593109 668.581344604492 691.822845458984 838.097114562988 801.040344238281 770.440795898438 577.968688964844 587.532768249512 544.041381835938 514.538345336914 648.17639541626 566.653167724609 823.888122558594
-9999 -9999 -9999 -9999 -9999 -9999 -9999 -9999 -9999 -9999 -9999 -9999 -9999 -9999 -9999 -9999 -9999 -9999 -9999 -9999 -9999 -9999 -9999 -9999 -9999 -9999 -9999 -9999 -9999 -9999 -9999 -9999 -9999 1074.40539550781 942.378070831299 871.218688964844 722.544750213623 898.366333007812 760.374007225037 823.125282287598 934.439765930176 896.058715820312 797.110984802246 766.390380859375 652.498580932617 594.552803039551 496.594619750977 582.945846557617 644.837100982666 725.972854614258
