simdem/realisation10.asc
NCOLS 350 
NROWS 171 
XLLCORNER 152620 
YLLCORNER 418050 
CELLSIZE 100 
NODATA_value -9999 
[rows 66 to 87 of 171, columns 250 to 299 of 350]
510.524475097656 614.766717910767 704.799549102783 721.836570739746 716.490909576416 662.925844192505 760.34400177002 546.096755981445 593.254287719727 748.82447052002 778.566017150879 763.730377197266 785.766632080078 684.891397476196 621.72582244873 599.917301177979 567.527778625488 651.224725723267 654.095329284668 637.584934234619 721.708385467529 561.045562744141 694.912980794907 747.902355194092 738.800291061401 783.713901519775 602.527008056641 688.265714168549 791.08683013916 689.578929901123 676.363498687744 665.665988922119 814.653671264648 740.992902755737 771.119079589844 823.934150695801 831.293441772461 717.709137916565 846.803707122803 770.89030456543 738.614540100098 756.259335517883 854.852001905441 793.567761421204 794.683246612549 673.133445739746 764.449630737305 705.207626342773 685.076927185059 827.068274497986
629.672856330872 602.296489715576 692.364322662354 816.803634643555 699.91121673584 774.088470458984 783.31827545166 550.973251342773 636.630966186523 647.896478176117 736.274475097656 686.871486663818 621.313289642334 810.801681518555 653.285576999187 585.569347381592 567.227912902832 599.905616760254 527.952728271484 554.1181640625 642.668113708496 697.863159179688 736.469451904297 637.049343109131 631.849487304688 558.383834838867 566.758758544922 661.541564941406 655.042709350586 593.469596862793 584.536590576172 570.124206542969 615.332382202148 778.988182067871 812.900413513184 612.304641723633 659.342281341553 687.597030639648 676.137512207031 512.549728393555 867.803100585938 981.073480606079 921.434211730957 770.058504104614 832.50048828125 769.476751327515 671.564559936523 613.112808227539 633.214859008789 813.447994232178
560.926651000977 732.293617248535 649.414173126221 810.030288696289 742.45125579834 665.589614868164 481.264923095703 628.75794506073 494.68278503418 582.199142456055 764.742935180664 750.425186157227 815.976348876953 784.041175842285 685.048295974731 648.21332359314 653.833200931549 654.671577453613 720.611591339111 685.276126861572 694.258893728256 860.725631713867 745.231056213379 698.923887729645 595.224784851074 647.719299316406 604.937057495117 641.14351272583 668.524503707886 616.318992614746 653.895004272461 658.807029724121 809.980598449707 782.02522277832 716.133344650269 735.404834747314 696.391345977783 698.713954925537 633.640380859375 643.250480651855 623.129096984863 664.384536743164 1079.12281036377 1341.397315979 808.343410491943 643.773681640625 725.659750938416 597.445220947266 642.232421875 905.099136352539
628.657566070557 554.337989807129 623.976888656616 814.060760498047 648.145538330078 706.198890686035 685.885173797607 737.708618164062 555.969268798828 740.037948608398 724.808868408203 733.228446960449 674.12819480896 582.305423736572 686.132110595703 710.382400512695 715.402557373047 699.46142578125 695.279150009155 623.565467834473 649.638061523438 672.316904067993 529.779815673828 604.570335388184 725.963897705078 618.331062316895 539.015213012695 627.341430664062 649.285556793213 632.70092010498 690.010025024414 629.1875 799.257186889648 876.539047241211 718.629439115524 677.993934631348 690.766080856323 661.970565795898 582.745513916016 753.747848987579 769.411018371582 777.200780391693 582.34521484375 759.22615814209 762.43115234375 1385.10802459717 688.205177307129 728.907890319824 759.532764434814 782.618113517761
387.577026367188 480.226654052734 622.345453023911 738.528305053711 822.708709716797 677.206302642822 629.362508773804 692.124762833118 610.114028930664 567.975830078125 668.000972747803 660.012091636658 638.823736190796 631.35410118103 544.608917236328 736.418615341187 583.69792175293 645.731641769409 715.334293365479 745.057373046875 681.127161979675 786.127975463867 639.430511474609 705.404229164124 638.997032165527 596.33472442627 666.224763870239 709.349617004395 635.644680023193 604.710861206055 551.249046325684 633.977851867676 732.306367874146 624.69603729248 661.998039245605 759.754325866699 757.312576293945 742.374424934387 765.561431884766 734.642524719238 704.296508789062 772.734902858734 709.064754486084 711.744794845581 787.405754089355 810.84717297554 828.197074890137 1090.90287399292 683.480178833008 573.087615966797
508.469856262207 464.246307373047 620.488482475281 765.376258850098 819.771423339844 610.484672546387 687.196403503418 620.825092315674 606.637840270996 485.459594726562 667.957767486572 566.87398147583 549.923309326172 609.31897354126 538.868202209473 744.097816467285 608.08618927002 599.32035446167 647.511749267578 584.735847473145 576.800262451172 573.528549194336 673.910877227783 841.991821289062 832.771499633789 657.276321411133 754.861232757568 875.460433959961 579.360656738281 571.204254150391 614.810623168945 624.353118896484 716.153242111206 726.564276695251 606.951965332031 597.252479553223 630.825180053711 676.455081939697 772.309167861938 760.061281204224 783.503273010254 709.134352684021 765.76371383667 750.612174987793 606.700256347656 1135.68231964111 635.470565795898 563.822067260742 564.375015258789 558.627471923828
720.041007995605 517.511016845703 727.848426818848 666.635841369629 678.76905632019 624.10083770752 737.050462722778 607.790964126587 637.965227127075 658.468757629395 702.629022598267 438.286605834961 610.3193359375 609.889869689941 509.322387695312 603.095726013184 470.328460693359 588.917064666748 696.400051116943 582.214427947998 742.759437561035 875.992538452148 814.959129333496 703.282236099243 803.638702392578 824.502960205078 793.313201904297 762.499778747559 729.051937103271 680.187955856323 625.445804595947 602.509780883789 708.600392103195 718.219355583191 732.143262863159 665.004348754883 527.836456298828 658.441925048828 791.25955581665 771.543083190918 762.964256286621 1336.98868942261 750.190402984619 637.474624633789 521.671844482422 774.657218933105 676.083923339844 715.979957580566 649.201583862305 822.661415100098
740.291053771973 756.530799865723 847.471603393555 591.001091003418 567.598457336426 568.706100463867 621.740303039551 730.747543334961 752.340553283691 510.239105224609 571.217826843262 453.738800048828 685.929473876953 478.173751831055 572.352233886719 624.608947753906 504.740173339844 563.779655456543 645.663166046143 637.657520294189 655.556755065918 655.798119544983 771.524032592773 693.672607421875 573.121635437012 691.167132377625 797.266021728516 651.686954498291 710.067012786865 775.120346069336 613.14363861084 553.995452880859 659.884376525879 726.138899803162 795.771469116211 755.570137023926 781.720672607422 701.024858474731 761.664966583252 678.252838134766 478.622131347656 756.02400970459 817.88062286377 1082.09457397461 874.021446228027 846.934623718262 738.519695281982 883.679809570312 1013.37627410889 768.891498565674
720.591133117676 734.714691162109 661.687461853027 518.692405700684 628.206656455994 624.089416503906 733.234256744385 608.360290527344 545.02995300293 759.709983825684 726.634649276733 449.059844970703 550.523742675781 463.272323608398 580.301773071289 481.437210083008 557.141624450684 606.782299041748 530.892440795898 683.416212081909 606.414192199707 621.709177017212 558.898284912109 713.731258392334 647.536193847656 686.916512489319 604.592529296875 646.800346374512 721.761627197266 689.751996994019 757.198394775391 694.90646147728 739.231719970703 726.490158081055 845.053237915039 705.803972244263 650.455299377441 776.585411071777 873.233856201172 648.509960174561 624.405960083008 806.516311645508 506.249816894531 956.404815673828 869.620132446289 662.409477233887 732.110229492188 543.932708740234 799.247360229492 1115.50634765625
718.94554901123 688.755485534668 703.046585083008 664.770446777344 623.662099838257 651.439342498779 634.905578613281 599.538154602051 727.245411872864 762.499778747559 694.690544128418 685.43733215332 623.03271484375 620.522469520569 683.335556030273 671.311714172363 632.639016628265 640.680151432753 715.63752746582 635.96394109726 539.42911529541 602.428443908691 726.881503582001 581.376945495605 638.812622070312 681.345967292786 679.956868171692 775.368537902832 702.525581359863 582.031211853027 655.335347175598 751.692672729492 696.384962797165 506.932037353516 782.181182861328 736.6238463521 725.650732040405 761.382062911987 904.438949584961 609.189819335938 650.496841430664 893.646835327148 687.774124145508 681.908309936523 699.645355224609 884.998184204102 657.805603027344 746.647575378418 798.726181030273 1141.47804069519
680.295978546143 784.948532104492 777.727355957031 722.072908401489 794.428504943848 674.254894256592 598.344184875488 730.918973207474 736.07820558548 666.590370178223 684.411319732666 771.180662155151 638.795438766479 692.69673538208 726.942207336426 629.948566436768 686.314231872559 644.823379546404 484.737487792969 634.789115905762 561.067230224609 562.659507751465 657.097983360291 682.307759284973 597.636054992676 607.120056152344 706.001838684082 693.464142799377 707.309776306152 886.000274658203 563.918258666992 686.761015415192 552.705276489258 581.592277526855 616.643341064453 619.75545501709 763.871238738298 919.163879394531 703.187169075012 551.881439208984 564.450805664062 798.005790710449 666.783004760742 664.916610717773 691.574577331543 568.808120727539 739.925266265869 665.203109741211 782.017562866211 593.542098999023
673.73530125618 769.707153320312 692.380569458008 738.350234985352 753.54771232605 655.787666320801 668.391845703125 702.259765625 734.861295700073 751.193244934082 748.693119049072 658.307674407959 763.003799438477 715.352451324463 796.505554199219 720.30477142334 610.771045684814 716.287311553955 497.400466918945 702.008586883545 658.966549873352 767.091678619385 616.987731933594 660.938428878784 595.429512023926 554.607864379883 661.443458557129 565.341766357422 583.662673950195 761.329036712646 644.931816101074 547.430892944336 535.228179931641 610.056442260742 672.950939178467 697.930110931396 631.526344299316 757.96875 696.007274627686 622.128395080566 760.282897949219 634.385131835938 733.494522094727 933.924850463867 710.236618041992 657.763641357422 832.0358543396 749.841148376465 769.483642578125 1018.61904907227
634.07347869873 610.287754535675 733.979316711426 601.43167591095 607.88790512085 540.678558349609 648.735275268555 729.169555664062 764.225807189941 652.26781463623 548.987358093262 592.446228027344 724.979892730713 786.18383026123 787.299430847168 774.412963867188 610.154666900635 629.399070739746 607.855400085449 714.154779434204 796.134120941162 735.47327041626 703.035802841187 702.254676818848 721.352027893066 619.602081298828 630.367942810059 565.573696136475 672.114921569824 659.161569356918 638.859741210938 618.249668121338 572.252685546875 762.98274230957 521.79069519043 760.477356910706 677.139896392822 663.880020141602 520.77458190918 643.143699645996 656.245903015137 1204.2294883728 1006.32791519165 680.882202148438 672.287651062012 662.123092651367 704.986526489258 886.329162597656 1110.47050476074 667.608123779297
608.953203201294 572.858192443848 657.170295715332 688.215133666992 626.603553771973 563.843826293945 628.845478057861 676.579504013062 795.366775512695 636.349143981934 625.193267822266 619.819664001465 561.40518951416 650.070560455322 792.008720397949 742.26082611084 691.992095947266 561.968193054199 474.053802490234 580.456474304199 699.984662055969 794.464393615723 691.286487579346 550.034317016602 618.084091186523 642.631568908691 669.139316558838 423.474044799805 636.976184844971 717.715940475464 648.663703918457 791.420074462891 759.275943756104 613.442361831665 644.54133605957 584.541694641113 689.331842422485 692.117160797119 605.064414978027 873.596935272217 853.907562255859 702.558334350586 911.061157226562 846.484535217285 893.627899169922 604.737258911133 925.828460693359 842.133525133133 713.105735778809 725.165977478027
612.258895874023 609.56439781189 643.858079910278 712.41072845459 657.543231964111 783.748275756836 708.611812591553 725.878204345703 723.649871826172 630.671503543854 555.783401489258 759.047523498535 760.217906951904 689.567169189453 657.369707107544 591.911327362061 732.437255859375 578.80158996582 641.202743530273 655.441722869873 609.619812011719 769.784332275391 561.060882568359 648.187347412109 621.54988861084 699.509368896484 657.914028167725 626.607383728027 610.409713745117 661.00276184082 666.890201568604 770.84716796875 628.973921060562 670.489038467407 631.769165039062 690.069971084595 685.751663208008 648.00373840332 798.662628173828 902.273567199707 738.993919372559 868.982200145721 751.191696166992 920.029983520508 575.539337158203 707.457641601562 1144.71266174316 804.597220420837 643.081634521484 685.059539794922
634.456592559814 447.081649780273 652.219669342041 697.005462646484 723.91788482666 704.789680480957 751.591423034668 713.046253204346 710.623523235321 611.059879302979 715.974830627441 753.816108703613 654.80268573761 585.258609771729 710.803016662598 720.383583068848 668.366951465607 465.746002197266 762.026546478271 809.760513305664 640.4866065979 594.978349685669 625.576835632324 592.116096496582 621.970188140869 656.895251989365 782.579528808594 635.596031188965 591.557456970215 686.425262451172 543.883377075195 797.456077575684 641.310958862305 687.520835876465 827.890274047852 744.1731300354 595.04801940918 700.503210067749 782.633018493652 867.113838195801 644.830291748047 882.968615531921 730.537492752075 740.820423126221 929.281831502914 623.7431640625 984.448867797852 882.851821899414 739.72261428833 873.843298912048
532.830879211426 496.646820068359 762.929702758789 641.10355758667 738.619636535645 665.480892181396 640.160429954529 740.213897705078 741.97526550293 689.581398010254 721.397560119629 631.98668384552 669.803424835205 582.639251708984 686.453128814697 743.668273925781 693.280937194824 576.833595275879 613.210819244385 730.340866088867 755.828834533691 753.657707214355 610.373863220215 736.592775344849 710.226848602295 601.302021026611 794.139305114746 770.80933380127 751.323669433594 738.120743751526 551.057601928711 675.14267539978 639.668598175049 594.710075378418 737.608306884766 904.774765014648 677.080062389374 603.522529602051 672.539620399475 722.327606201172 707.943771362305 852.521133422852 630.462463378906 798.26114654541 837.582229614258 645.695022583008 652.132614135742 738.03536605835 699.069229125977 1044.3558807373
678.739288330078 646.568359375 718.512939453125 816.258987426758 690.058826446533 658.468566894531 840.352661132812 795.47135925293 700.682865142822 631.142143249512 626.947875976562 637.612409591675 682.331964492798 706.411415100098 556.119300842285 647.475442171097 842.176956176758 746.932945251465 577.177619934082 672.262313842773 669.268550872803 529.818466186523 540.93384552002 751.965358734131 759.501647949219 641.761322021484 745.411674499512 779.615783691406 767.144378662109 597.965461730957 688.766403198242 595.835975646973 698.082954406738 817.853462219238 669.841327667236 738.563354492188 604.729476928711 666.993722915649 528.543640136719 793.133590698242 693.220306396484 1097.64386749268 668.109504699707 760.933780670166 1116.61122131348 752.814937591553 1063.08738136292 798.862194061279 822.361572265625 843.237575531006
644.139576911926 750.186340332031 673.821449279785 690.788040161133 646.695081710815 707.825031280518 619.523845672607 654.321952819824 658.688446044922 652.849021911621 479.278823852539 543.643775939941 664.760845184326 1066.63599777222 936.048778533936 812.325653076172 871.210784912109 736.452880859375 703.204460144043 797.132110595703 697.326521873474 610.43424987793 618.282318115234 971.792205810547 588.545250177383 689.293360710144 655.074939727783 790.413360595703 747.521293640137 625.732116699219 703.453598439693 644.159721374512 652.285652160645 687.743446350098 823.012916564941 626.448513031006 656.310350418091 664.403789520264 477.051498413086 705.645980834961 644.252838134766 691.198760986328 791.156673431396 705.98780632019 795.71452331543 867.527732849121 721.48567199707 661.433090209961 828.133123397827 780.049762606621
639.915134429932 745.068664550781 749.378639221191 636.097054243088 583.2001953125 606.888114929199 458.985504150391 666.139587402344 638.890867233276 548.348213195801 604.645065307617 522.439987182617 622.89178943634 764.118103027344 714.632068634033 727.577354431152 611.527839660645 603.01383972168 671.789804458618 746.287433624268 720.515022277832 699.341190338135 734.36669921875 705.617845535278 740.321807861328 653.480861663818 642.269020080566 711.844569206238 601.424255371094 612.383712768555 643.074241638184 672.13204574585 659.767417907715 575.687316894531 738.572103500366 878.457733154297 687.871119022369 559.992752075195 743.555225372314 901.29061126709 1053.51266479492 686.084627151489 1170.47008895874 722.229690551758 600.514253616333 496.794311523438 727.118682861328 893.908638000488 707.064468383789 1108.5657119751
745.349990844727 830.191940307617 869.727203369141 791.060317993164 529.288368225098 588.941741943359 683.593151092529 736.240295410156 661.897064685822 617.585220336914 682.049061775208 648.676467895508 751.175804138184 541.728778839111 582.487079620361 732.149217605591 600.047943115234 726.014125823975 710.404541015625 826.687530517578 716.223106384277 722.151481628418 1246.00605773926 656.077397346497 574.837333679199 586.648338317871 689.074886322021 758.57006072998 695.356287240982 754.975980758667 803.784217834473 750.588779449463 721.827661514282 722.561592698097 701.713481903076 794.48851776123 732.195394515991 772.290195465088 697.366422891617 940.210266113281 547.769058227539 596.714752197266 774.123386621475 1485.95579528809 609.521072387695 1761.41317749023 781.063285827637 868.983268737793 1123.02069091797 793.1247215271
1279.43167114258 949.827476501465 945.060455322266 804.113258361816 690.825755119324 538.290199279785 656.668246269226 733.359085083008 808.793365478516 712.751741409302 705.404342651367 1006.78131866455 805.09423828125 543.911285400391 613.67529296875 1091.65497970581 1019.06993865967 648.841552734375 682.886383056641 644.163614273071 643.215995788574 430.10710144043 568.743003845215 732.266250610352 659.225028991699 570.898208618164 692.828758239746 689.780210494995 791.244651794434 763.117576599121 671.940933227539 720.216158866882 866.528915405273 724.355255126953 638.105506896973 649.696853637695 732.371243953705 782.924919128418 636.288265228271 835.126499176025 455.445205688477 659.832626342773 563.319808959961 627.92919921875 895.224822998047 1090.12984848022 891.860740661621 886.94652557373 821.862272262573 715.790176391602
