simdem/realisation38.asc
NCOLS 350 
NROWS 171 
XLLCORNER 152620 
YLLCORNER 418050 
CELLSIZE 100 
NODATA_value -9999 
[rows 44 to 65 of 171, columns 100 to 149 of 350]
306.656829833984 334.035743713379 455.039374351501 222.780899047852 262.655914306641 489.822486877441 405.026741027832 376.528759002686 413.516279220581 220.459548950195 170.907958984375 358.581604003906 509.790817260742 482.104276657104 384.216949462891 433.968774795532 618.845077514648 457.658760070801 619.063774108887 453.410356521606 565.10612487793 553.952041625977 412.053833007812 547.035842895508 445.263202667236 531.382183074951 512.309730529785 531.825213432312 510.22571849823 431.086540222168 425.439323425293 470.085468292236 517.02802491188 494.244937896729 506.445413589478 598.3916015625 383.811698913574 441.257553100586 448.550289154053 483.580061912537 420.145812988281 441.738616943359 522.846767425537 376.301010131836 432.83699798584 461.196075439453 297.482208251953 469.508640289307 488.863924026489 747.845443725586
309.762466430664 473.733551025391 392.740661621094 236.161911010742 338.84797668457 502.810779571533 513.252662658691 445.080606460571 518.845840454102 314.670875549316 261.567398071289 375.612289428711 662.754959106445 340.133941650391 473.211664199829 632.211273193359 686.412643432617 642.201950073242 539.049573898315 446.584314346313 508.353458404541 471.602588176727 558.231918334961 440.092037200928 487.840572357178 510.859613418579 572.561538696289 479.290639877319 453.741081237793 298.567993164062 549.33807182312 549.523769378662 462.343971252441 536.30509185791 450.99903678894 478.073625087738 383.572563171387 336.618591308594 451.683219909668 413.260192871094 311.931854248047 242.042114257812 425.690544128418 314.549087524414 440.474647521973 541.94409942627 566.191165924072 526.368667602539 583.308082580566 636.708129882812
397.046798706055 302.382522583008 331.715362548828 364.76065826416 421.582359313965 458.315205097198 486.989044189453 459.436020374298 321.834938049316 327.719108581543 326.961204528809 417.931347846985 478.36763381958 535.852638244629 476.310628890991 533.537063598633 549.940864562988 489.717985153198 373.744743347168 317.119750976562 420.910095214844 425.167778015137 459.348918914795 495.088772416115 484.232842206955 474.672397613525 538.394420623779 553.988235473633 445.816135406494 301.182571411133 353.553985595703 373.587020874023 410.785820007324 486.722304344177 495.985771179199 611.61767578125 336.616500854492 539.033832550049 483.587759017944 451.149387359619 504.560492515564 371.960830688477 366.718185424805 434.621421813965 476.300005912781 457.585865020752 486.5471534729 539.276767730713 647.269927978516 688.800155639648
385.505405426025 372.521621704102 466.285804748535 433.85231590271 532.824108123779 373.408981323242 471.667768478394 394.000381469727 294.620452880859 277.072265625 260.75373840332 483.520530700684 430.522445678711 438.939338207245 476.34273147583 530.851425170898 540.369178771973 470.497504711151 483.995717048645 337.744903564453 273.367874145508 311.411254882812 369.983840942383 473.791879653931 504.11171913147 554.932346343994 476.506662368774 511.795518875122 570.635845184326 485.496072769165 328.889099121094 339.177856445312 509.285146713257 609.893539428711 538.368114471436 543.937858581543 479.097785696387 416.396133422852 434.571426391602 264.013153076172 456.503028869629 384.513656616211 388.638084411621 561.881927490234 480.857465744019 420.568557739258 430.51904296875 569.213073730469 585.801391601562 475.383358001709
380.080932617188 476.063495635986 441.846405029297 371.715522766113 358.336006164551 313.231048583984 466.505631923676 571.690612792969 389.877822875977 458.435408115387 412.215705871582 353.322143554688 443.61580657959 489.206699371338 568.87947845459 596.65364074707 442.249727249146 369.045631408691 375.919250488281 492.051850318909 367.098503112793 428.062198638916 461.516624450684 490.579570770264 458.314914703369 587.011535644531 547.44278717041 543.063182830811 467.009449005127 508.851657867432 453.414894104004 407.642471313477 537.357345581055 448.353073120117 501.649679422379 576.126129150391 501.970149993896 474.283332824707 302.851959228516 315.585372924805 413.90998840332 494.473751544952 590.007286071777 484.270359039307 447.609313964844 401.054504394531 491.753402709961 489.669156074524 550.474166870117 557.131272554398
550.541351318359 447.663681507111 458.99161529541 564.956924438477 495.849563598633 428.63020324707 338.398918151855 525.474723815918 469.804252624512 421.824527740479 485.122428894043 517.038549423218 473.064273834229 507.064849853516 440.292432785034 491.212400436401 390.569858551025 526.509271621704 350.96907043457 442.415935516357 516.894508361816 442.443393707275 477.226768493652 353.318435668945 357.302795410156 385.527435302734 565.657424926758 641.09880065918 733.313140869141 542.825368881226 502.650789260864 479.897037506104 530.908664703369 526.008935928345 415.807723999023 588.909736633301 596.852577209473 474.163345336914 441.546382904053 476.985935211182 575.395660400391 522.211371421814 590.763442993164 442.564407348633 463.254299163818 448.71310043335 423.127548217773 460.590953826904 462.210800170898 609.276401519775
351.796363830566 508.45645904541 462.934212684631 383.823802947998 430.228895187378 351.113059997559 426.360137939453 431.437606811523 518.187950134277 724.524444580078 528.325782775879 483.587833404541 557.308715820312 506.309101104736 482.958467483521 474.915481567383 657.254455566406 521.474353790283 484.412053346634 592.43424987793 439.820468902588 511.429748535156 381.184783935547 262.25602722168 441.512550354004 532.531061172485 488.928842544556 555.375930786133 650.105453491211 718.034805297852 516.664687156677 571.077239990234 571.003479003906 558.81477355957 542.269710540771 505.354263305664 446.907409667969 395.275978088379 359.679023742676 370.670989990234 429.783546447754 477.443748474121 510.963904380798 555.377838134766 589.795219421387 409.308486938477 426.107383728027 358.988754272461 422.875427246094 536.589672088623
408.368438720703 449.028461456299 337.345245361328 507.885158538818 573.848999023438 409.069393157959 369.361427307129 297.730026245117 522.409378051758 535.28279876709 576.975273132324 512.56450843811 515.901878356934 483.905807495117 313.16423034668 465.382967948914 586.071815490723 449.459865570068 572.885292053223 609.593925476074 489.054622173309 427.687782287598 333.957168579102 242.054321289062 437.209815979004 369.924392700195 498.617781400681 473.486305236816 588.449684143066 569.985301971436 423.612808227539 614.599472045898 599.465400695801 595.55233001709 583.563243865967 594.202972412109 454.579437255859 539.602918624878 499.379315376282 429.791488647461 467.752750396729 584.368118286133 546.096311569214 674.213973999023 614.270652770996 378.858581542969 462.208503723145 441.978992462158 547.132438659668 499.80237865448
578.463577270508 362.406597137451 423.09913444519 446.229206085205 495.256546020508 461.615039825439 417.61937713623 434.816482543945 531.563335418701 555.333740234375 491.322311401367 531.409271240234 483.194507598877 329.660873413086 314.204086303711 446.810073852539 409.210746765137 358.155776977539 508.502744674683 666.942184448242 588.996246337891 503.457213401794 379.84033203125 405.239013671875 511.314394950867 487.196907520294 582.66584777832 637.788864135742 627.567886352539 612.570327758789 521.518749237061 491.776838302612 660.265441894531 646.536254882812 713.224060058594 585.015811920166 539.291607379913 649.788154602051 667.255645751953 625.614562988281 482.14465713501 609.235366821289 421.967628479004 597.336441040039 640.438079833984 534.939050693065 502.602119445801 519.901888370514 458.526775360107 438.915649414062
335.987533569336 413.485910415649 405.069750785828 565.941467285156 476.269832611084 473.695844650269 408.839500427246 458.403481692076 460.143514633179 526.151333332062 491.600284576416 569.499084472656 423.500522613525 538.696243286133 361.060104370117 392.083984375 331.594879150391 464.288475036621 559.174583435059 596.280120849609 537.668952941895 526.433490753174 582.002510070801 490.565464019775 618.928970336914 694.374099731445 605.91194152832 470.794473409653 628.229522705078 684.319244384766 558.004806518555 597.664390563965 519.971437454224 495.230340957642 535.844999313354 562.341484069824 476.722270965576 549.117020606995 485.766971588135 433.478065490723 508.294780731201 542.014713704586 489.114265441895 375.542892456055 531.266801834106 545.978698730469 630.580474853516 523.19948720932 564.133409500122 556.897161483765
381.394950866699 424.514844894409 470.854755401611 386.113334655762 460.008031845093 447.613334655762 442.060852050781 422.376104354858 539.107959747314 596.356636047363 500.438721656799 628.791748046875 681.367889404297 563.988151550293 459.9517993927 506.089245796204 532.63493347168 430.998651504517 566.069305419922 635.711715698242 623.910682678223 382.899681091309 664.074279785156 699.647079467773 550.207382202148 606.268974304199 426.691993713379 450.026763916016 606.483734130859 657.453063964844 720.652206420898 594.568717956543 520.086802721024 382.637649536133 571.672534942627 527.436488628387 508.972999572754 506.568120956421 443.876487731934 508.723818778992 440.017990112305 438.672386169434 537.718308448792 513.322050094604 621.588424682617 602.496952056885 527.432682037354 583.933925628662 524.019979476929 550.525272846222
366.71662902832 388.214027404785 336.108474731445 291.598403930664 395.891815185547 481.857393264771 445.6389503479 519.67200088501 426.051433563232 530.376621246338 501.823322296143 613.560775756836 694.293380737305 602.445732116699 573.635887145996 587.772640228271 533.720355987549 436.881965637207 302.386672973633 380.57869720459 495.286118507385 525.743963241577 659.17512512207 596.451667785645 601.761352539062 714.755798339844 544.877243041992 613.275863647461 712.051483154297 764.593933105469 739.810012817383 712.229629516602 468.691345214844 346.098785400391 384.61833190918 433.412460327148 576.393020629883 578.522583007812 515.398588180542 384.54467010498 443.018760681152 477.133666992188 468.439590454102 540.84508895874 599.518779754639 483.31229019165 602.998115539551 591.508859634399 637.260948181152 634.455101013184
498.222206115723 434.056465148926 362.036949157715 388.396255493164 431.181485176086 604.708511352539 471.095314025879 397.624488830566 353.24471282959 482.682476997375 485.233097136021 481.291795730591 633.112152099609 598.454811096191 565.779251098633 551.242004394531 589.069122314453 361.919738769531 379.415466308594 369.649841308594 413.541313171387 581.053928375244 585.767807006836 614.326889038086 587.155372619629 638.581314086914 609.048290252686 588.649345397949 891.731002807617 566.193897247314 569.908952832222 631.451416015625 592.555458068848 507.779364585876 408.798858642578 505.819559574127 516.945426940918 588.088695526123 554.61302947998 532.664683818817 312.778900146484 409.666168212891 546.756916880608 468.229469299316 454.049217224121 448.589195251465 479.15217590332 580.173244476318 647.513214111328 522.370128631592
436.160140991211 464.760391235352 374.47159576416 493.247344970703 462.786375045776 496.594314575195 552.700645446777 380.228691101074 427.567172050476 505.719665527344 472.721963882446 479.445119857788 483.23540687561 550.642272949219 594.475219726562 413.458190917969 401.201202392578 233.148529052734 337.537605285645 488.945819854736 529.633752822876 386.531852722168 331.146453857422 435.941989898682 660.512802124023 586.752227783203 620.193336486816 571.401985168457 612.90465927124 585.509011745453 760.641479492188 810.930038452148 513.26293182373 413.253639221191 398.570098876953 499.187976837158 380.652206420898 484.82837677002 444.253265380859 375.405181884766 526.678455352783 524.804828643799 556.52516078949 585.001529693604 411.640670776367 468.203750610352 482.94909286499 538.356451511383 450.530204772949 497.38285446167
459.491575241089 455.339733123779 296.157440185547 312.127532958984 414.801532745361 359.679183959961 425.294626235962 417.344627380371 459.635368347168 554.563316345215 468.429120540619 463.006052017212 518.558738708496 667.300933837891 469.469707012177 434.582527160645 585.035140991211 469.85192489624 543.784187316895 479.601030349731 377.366821289062 451.610034942627 492.937839508057 424.990745544434 505.805281639099 479.953044891357 442.220054626465 453.144973754883 464.204929351807 454.944938659668 529.491947174072 557.436592102051 550.770973205566 428.852821350098 564.192902088165 536.33411359787 587.63264465332 624.582622528076 470.296844482422 426.7080078125 313.694152832031 470.139610290527 629.099235534668 650.959823608398 307.380950927734 406.743003845215 509.374778747559 540.731629371643 514.1708984375 551.1021900177
528.756118774414 520.424476623535 446.284941196442 383.15315246582 320.35969543457 297.584274291992 323.869338989258 498.984178543091 395.167259216309 327.440483093262 415.386001586914 388.147403717041 492.498401641846 540.647811889648 440.48754119873 385.542251586914 397.437919616699 382.733100891113 408.354187011719 386.424789428711 523.304817199707 515.13338470459 478.158500671387 443.248426437378 449.989177703857 451.804401397705 465.814964294434 370.89143371582 471.261363983154 377.50553894043 391.73461151123 344.346267700195 435.573150634766 491.573623657227 571.838165283203 520.885320663452 638.10916519165 710.590148925781 516.568862915039 489.980094909668 484.21996307373 572.072938919067 625.143943786621 614.836456298828 442.550514221191 532.628192901611 514.464881896973 548.223003387451 533.11865234375 561.947162628174
417.478807449341 474.147142410278 425.927501678467 427.62035369873 425.201927185059 426.982944488525 457.730904579163 368.522132873535 358.202095031738 294.089752197266 410.67699432373 366.963829040527 423.285316467285 473.387952327728 522.315826416016 609.737258911133 532.448482513428 479.987377166748 437.736621856689 406.691711425781 640.254364013672 464.780670166016 441.584182739258 458.809196472168 475.019056379795 405.197036743164 499.083887696266 447.827789306641 531.93461227417 465.264476776123 484.702571868896 430.457489013672 470.651809692383 499.630453109741 499.805541992188 609.57194519043 589.532997131348 535.440491676331 479.29870223999 501.419338226318 648.324584960938 499.775241851807 533.106023311615 581.644824981689 607.042701721191 700.388904571533 480.053653717041 492.954246520996 653.478008270264 529.197734832764
439.738466262817 369.457305908203 445.175935745239 450.383329391479 465.267199277878 404.404800415039 412.974031448364 338.96321105957 399.844215393066 417.102802276611 369.103317260742 269.783050537109 342.551399230957 338.013824462891 392.95970916748 566.193222045898 575.908271789551 587.066268920898 504.200870513916 406.533729553223 583.932678222656 493.779619693756 511.614616394043 479.39627456665 472.088509559631 484.768868923187 400.834953308105 512.416327953339 532.512674331665 524.745515823364 449.734672546387 404.407012939453 442.04328918457 462.243026733398 487.393497467041 597.231307983398 499.317646026611 644.55876159668 562.970241546631 489.350353240967 617.785591125488 547.026500701904 599.665107727051 662.773822784424 602.120342254639 607.64872443676 667.320556640625 656.784126281738 591.300172805786 509.793894767761
367.630996704102 375.578742980957 332.704780578613 469.082437515259 463.567046165466 370.749984741211 484.766652822495 470.460217475891 378.276832580566 327.575332641602 254.447174072266 159.864501953125 280.215713500977 400.452941894531 381.293823242188 538.830635070801 390.379005432129 506.088188171387 542.894519805908 572.709457397461 363.336799621582 415.989189147949 324.200424194336 569.730834960938 614.149284362793 484.527631759644 534.015201568604 572.481433868408 557.733264923096 523.386619567871 547.62513923645 481.952293395996 456.86198425293 586.054061889648 552.628635406494 465.578914642334 541.582976341248 567.319108963013 585.173557281494 492.254947662354 490.595802307129 520.88041305542 446.699829101562 580.208673477173 603.922191858292 486.893310546875 588.096130371094 492.827772140503 580.749668121338 507.531436920166
426.331966400146 618.69563293457 574.249092102051 457.850294113159 365.131271362305 418.81184387207 478.801209449768 441.696809768677 427.534341812134 522.621826171875 447.517395973206 230.005081176758 294.930801391602 417.096309661865 502.787143707275 319.487197875977 417.776672363281 468.279365539551 456.352674484253 410.894958496094 383.12866973877 476.484324455261 460.428181171417 449.942493438721 496.988050460815 516.187028884888 716.031051635742 568.82527923584 507.148671627045 554.093242645264 566.841907501221 443.705657958984 505.855160295963 468.519493103027 505.856260299683 503.184543609619 434.627090454102 471.214546203613 546.828636169434 630.532814025879 534.317315101624 485.352870941162 548.639217376709 489.253578186035 410.822601318359 565.819484710693 476.602584838867 588.588226318359 612.458534240723 453.284172058105
513.127384185791 579.345779418945 554.735458374023 356.6220703125 311.249725341797 529.83390045166 521.983955383301 512.617076873779 439.571113586426 345.03369140625 347.45890045166 456.880079269409 376.354713439941 335.24462890625 364.573120117188 315.856231689453 281.999389648438 353.416198730469 430.277263641357 559.100982666016 483.422458410263 411.449645996094 431.176147460938 379.323303222656 504.504876613617 584.099853515625 693.735778808594 634.003189086914 611.178192138672 524.122364044189 458.664909362793 486.124401092529 531.394859313965 500.838106155396 669.936965942383 591.360057830811 512.322742462158 578.725513458252 470.405296325684 557.120901107788 550.510639190674 512.655538439751 506.557315826416 545.268526077271 623.677749633789 539.260377436876 396.467102050781 505.79647064209 435.351463317871 516.688259124756
494.859678268433 573.117469787598 513.254695892334 403.022754669189 284.197692871094 485.449365615845 527.544055938721 467.215647697449 441.566665649414 372.960678100586 425.788921356201 496.070369720459 344.678665161133 302.565780639648 312.674255371094 374.134819030762 328.146514892578 361.493865966797 435.277515411377 573.832611083984 454.022819519043 267.621810913086 510.216514587402 528.927928924561 419.667167663574 573.25732421875 558.603706359863 523.492473602295 480.038106679916 656.212844848633 517.98375248909 674.738586425781 673.871444702148 593.694511413574 647.154067993164 560.638620376587 549.446798324585 626.541542053223 423.801040649414 530.820002555847 553.841939926147 503.165069580078 480.640533447266 459.927276611328 525.104373931885 577.534097671509 471.878303527832 622.375541687012 544.173064231873 469.104156494141
