simdem/realisation3.asc
NCOLS 350 
NROWS 171 
XLLCORNER 152620 
YLLCORNER 418050 
CELLSIZE 100 
NODATA_value -9999 
[rows 110 to 131 of 171, columns 300 to 349 of 350]
891.673225402832 821.748994827271 995.718338012695 779.70436668396 702.658020019531 1049.77667808533 716.928955078125 800.884124755859 919.261734008789 739.175102233887 871.579460144043 722.393142700195 1613.81295776367 877.035537719727 937.797500610352 919.858179807663 1465.18416595459 724.483337402344 1101.76648330688 -9999 -9999 -9999 -9999 -9999 -9999 -9999 -9999 -9999 -9999 -9999 -9999 -9999 -9999 -9999 -9999 -9999 -9999 -9999 -9999 -9999 -9999 -9999 -9999 -9999 -9999 -9999 -9999 -9999 -9999 -9999
789.582214355469 648.917436599731 706.872058868408 820.258541107178 697.726261138916 554.326553344727 1166.12348175049 1413.93894195557 799.633553981781 920.901435852051 1457.73044204712 520.549041748047 865.547744750977 854.702662467957 894.69962310791 785.764205932617 857.756576538086 1102.15370178223 1015.34071350098 -9999 -9999 -9999 -9999 -9999 -9999 -9999 -9999 -9999 -9999 -9999 -9999 -9999 -9999 -9999 -9999 -9999 -9999 -9999 -9999 -9999 -9999 -9999 -9999 -9999 -9999 -9999 -9999 -9999 -9999 -9999
973.47811126709 897.634586334229 1154.99618530273 751.183704376221 632.843780517578 622.160018920898 656.135637283325 1088.04767227173 1004.49537658691 1858.19293212891 906.35221862793 783.51628112793 842.215533256531 908.31990814209 855.663223266602 1068.22274780273 708.608352661133 992.545562744141 1745.12649536133 744.634613037109 -9999 -9999 -9999 -9999 -9999 -9999 -9999 -9999 -9999 -9999 -9999 -9999 -9999 -9999 -9999 -9999 -9999 -9999 -9999 -9999 -9999 -9999 -9999 -9999 -9999 -9999 -9999 -9999 -9999 -9999
941.884284973145 779.978454589844 749.99951171875 884.575359344482 626.192352294922 696.481552124023 676.105087280273 958.694465637207 873.66707611084 2224.90307617188 615.197937011719 764.417221069336 846.493053436279 1183.07167816162 1028.35189819336 1014.92665100098 911.737487792969 677.828094482422 1072.81972503662 1298.9342956543 1232.77845191956 -9999 -9999 -9999 -9999 -9999 -9999 -9999 -9999 -9999 -9999 -9999 -9999 -9999 -9999 -9999 -9999 -9999 -9999 -9999 -9999 -9999 -9999 -9999 -9999 -9999 -9999 -9999 -9999 -9999
831.876176834106 788.034259796143 829.678230285645 666.586807250977 598.302352905273 692.668479919434 714.834289550781 754.883247375488 853.488019943237 1237.98011779785 764.519912719727 1005.02224731445 965.496536254883 1090.78400993347 727.360015869141 796.86116027832 703.797248840332 828.818893432617 1161.28349685669 900.072120666504 979.124767303467 -9999 -9999 -9999 -9999 -9999 -9999 -9999 -9999 -9999 -9999 -9999 -9999 -9999 -9999 -9999 -9999 -9999 -9999 -9999 -9999 -9999 -9999 -9999 -9999 -9999 -9999 -9999 -9999 -9999
842.719829559326 697.34391784668 891.576690673828 719.640213012695 822.687515258789 931.883155822754 789.652408123016 927.591544628143 578.181655883789 996.495651245117 1251.95245361328 829.948432922363 907.572845458984 1300.86470031738 672.578826904297 848.547507762909 1199.09082794189 1105.00118255615 1124.09552001953 799.744358062744 843.094375610352 793.045431613922 -9999 -9999 -9999 -9999 -9999 -9999 -9999 -9999 -9999 -9999 -9999 -9999 -9999 -9999 -9999 -9999 -9999 -9999 -9999 -9999 -9999 -9999 -9999 -9999 -9999 -9999 -9999 -9999
800.992876052856 847.531608581543 972.587310791016 1082.47117233276 768.968274116516 621.241771697998 1239.80166244507 795.011455535889 707.167762756348 1012.01473999023 1170.95847320557 1496.59451293945 822.353775024414 989.791900634766 689.815521240234 734.363906860352 1468.20602035522 1253.62872314453 970.831855773926 864.448149561882 982.341621398926 1011.9140625 1075.00735473633 -9999 -9999 -9999 -9999 -9999 -9999 -9999 -9999 -9999 -9999 -9999 -9999 -9999 -9999 -9999 -9999 -9999 -9999 -9999 -9999 -9999 -9999 -9999 -9999 -9999 -9999 -9999
687.131855010986 625.516592025757 914.70979309082 880.24319934845 1307.60785865784 1414.9003944397 657.501796722412 587.109741210938 635.197402954102 626.393417358398 879.630142211914 937.53956413269 1216.19328308105 1233.05628204346 702.646240234375 1052.88339805603 1135.88704681396 973.154632568359 885.287528991699 819.520294189453 990.711975097656 893.21976852417 826.038436889648 -9999 -9999 -9999 -9999 -9999 -9999 -9999 -9999 -9999 -9999 -9999 -9999 -9999 -9999 -9999 -9999 -9999 -9999 -9999 -9999 -9999 -9999 -9999 -9999 -9999 -9999 -9999
669.278743743896 737.492383003235 798.695389270782 972.472114562988 1035.88368988037 918.165802001953 809.421702623367 1029.0818157196 717.761985778809 710.982963562012 879.771030426025 535.467681884766 950.106330871582 747.908157348633 969.66074514389 867.851104736328 747.637920379639 971.283195495605 895.276832580566 837.991147994995 803.074224472046 878.493285179138 797.61547088623 914.244590759277 -9999 -9999 -9999 -9999 -9999 -9999 -9999 -9999 -9999 -9999 -9999 -9999 -9999 -9999 -9999 -9999 -9999 -9999 -9999 -9999 -9999 -9999 -9999 -9999 -9999 -9999
896.758262634277 743.662101745605 590.016094207764 809.341881752014 1006.56777954102 811.832765579224 746.783657073975 721.06810760498 618.634323120117 638.666381835938 801.88663482666 823.451034545898 899.367671966553 1084.87068271637 1211.84532737732 878.10382270813 862.452262878418 845.582483291626 816.48775100708 795.48526763916 865.133079528809 999.825531005859 905.923341751099 1085.98585510254 1006.97167205811 -9999 -9999 -9999 -9999 -9999 -9999 -9999 -9999 -9999 -9999 -9999 -9999 -9999 -9999 -9999 -9999 -9999 -9999 -9999 -9999 -9999 -9999 -9999 -9999 -9999
1331.12017822266 1651.81462097168 869.685791015625 1170.983959198 1353.23929214478 938.207321166992 637.107330322266 730.649963378906 651.959747314453 1241.88160705566 704.960662841797 850.148494720459 799.732833862305 1110.17353439331 933.645455360413 1507.38038635254 782.400543212891 920.862060546875 699.082107543945 736.798515319824 924.438011169434 805.729888916016 963.543697357178 984.282875061035 937.283027648926 946.209657669067 -9999 -9999 -9999 -9999 -9999 -9999 -9999 -9999 -9999 -9999 -9999 -9999 -9999 -9999 -9999 -9999 -9999 -9999 -9999 -9999 -9999 -9999 -9999 -9999
1040.32116699219 1025.56294250488 1328.04706382751 994.633781433105 1328.42712402344 1517.65843200684 1125.04098892212 891.800895690918 800.136001586914 822.506591796875 839.559481620789 825.029140472412 1000.11642456055 820.624805450439 1115.39029693604 953.108261108398 915.451370239258 803.772426605225 701.333076477051 747.289260864258 754.600105285645 661.633255004883 764.134101867676 761.603202819824 831.588222503662 918.69487786293 -9999 -9999 -9999 -9999 -9999 -9999 -9999 -9999 -9999 -9999 -9999 -9999 -9999 -9999 -9999 -9999 -9999 -9999 -9999 -9999 -9999 -9999 -9999 -9999
1299.26515197754 1276.68438720703 1489.744140625 928.118808746338 1037.66669464111 1278.76292419434 1521.25361251831 1149.45027637482 1143.92157745361 1285.13108062744 1102.06457328796 761.295684814453 727.891418457031 918.88256072998 813.515693664551 788.520277023315 779.143184661865 871.995544433594 743.01734161377 658.500152587891 860.047874450684 750.915046691895 660.440399169922 558.561126708984 783.859840393066 951.100517272949 936.538303375244 -9999 -9999 -9999 -9999 -9999 -9999 -9999 -9999 -9999 -9999 -9999 -9999 -9999 -9999 -9999 -9999 -9999 -9999 -9999 -9999 -9999 -9999 -9999
1275.89910125732 1350.45562744141 1187.27362060547 970.897455215454 802.091575622559 1288.6397857666 1492.8898897171 1207.3263168335 1054.74543571472 1083.62987613678 587.20246887207 595.286361694336 637.209671020508 652.922912597656 868.774166107178 766.409034729004 874.291648864746 904.387702941895 873.380393981934 844.646213531494 649.416915893555 744.865661621094 676.27596282959 695.644340515137 639.010757446289 885.057788848877 1068.12770080566 948.845043182373 -9999 -9999 -9999 -9999 -9999 -9999 -9999 -9999 -9999 -9999 -9999 -9999 -9999 -9999 -9999 -9999 -9999 -9999 -9999 -9999 -9999 -9999
1126.83801269531 1122.25869750977 1014.55429077148 1077.17691421509 984.450063705444 1042.34893417358 1561.18158721924 1055.03363800049 1061.01971626282 753.453300476074 576.663940429688 631.588684082031 575.440887451172 613.634582519531 639.182983398438 816.29754447937 748.957916259766 917.876083374023 865.765176773071 992.834426879883 850.843402862549 858.609382629395 848.916860580444 647.515182495117 677.756973266602 764.385971069336 870.482860088348 847.816158294678 814.391387939453 -9999 -9999 -9999 -9999 -9999 -9999 -9999 -9999 -9999 -9999 -9999 -9999 -9999 -9999 -9999 -9999 -9999 -9999 -9999 -9999 -9999
996.870849609375 879.790953397751 925.031740188599 1172.38556671143 1410.23977661133 1075.06740856171 1058.11392211914 1057.98080444336 898.157772064209 765.471603393555 747.855087280273 748.834625244141 613.075546264648 601.715148925781 654.617401123047 930.83373260498 836.346824645996 894.217887878418 877.895807266235 920.353759765625 799.66870880127 927.895172119141 886.883617401123 761.259498596191 668.734283447266 721.152801513672 848.346388816833 906.235974311829 804.42211151123 -9999 -9999 -9999 -9999 -9999 -9999 -9999 -9999 -9999 -9999 -9999 -9999 -9999 -9999 -9999 -9999 -9999 -9999 -9999 -9999 -9999
997.237457275391 908.07688331604 1502.19567489624 1465.50745391846 996.482292175293 983.641075134277 1202.07077026367 850.896392822266 1212.64097595215 983.076219558716 669.60986328125 689.192817687988 795.575794219971 671.01245880127 587.751098632812 771.168254852295 924.486431121826 1025.04397583008 930.800300598145 873.633689880371 763.609512329102 800.269372940063 880.726196289062 746.291793823242 676.265335083008 690.853164672852 816.148910522461 909.412670135498 1029.71739196777 891.323429107666 -9999 -9999 -9999 -9999 -9999 -9999 -9999 -9999 -9999 -9999 -9999 -9999 -9999 -9999 -9999 -9999 -9999 -9999 -9999 -9999
966.426418304443 1066.31998443604 1069.39245605469 1566.45133972168 1982.41599845886 1394.98316955566 1244.25501251221 974.632713317871 1171.11034393311 871.397743225098 628.705856323242 801.001531600952 867.25350189209 700.498710632324 703.953117370605 783.433172225952 862.111155986786 871.542945861816 1003.6637802124 777.57684135437 766.992366790771 888.919063568115 867.800827026367 761.910823822021 688.57112121582 802.292554855347 881.383068084717 873.014801025391 1039.51173400879 872.187259674072 718.185882568359 -9999 -9999 -9999 -9999 -9999 -9999 -9999 -9999 -9999 -9999 -9999 -9999 -9999 -9999 -9999 -9999 -9999 -9999 -9999
1017.53561782837 956.676284790039 829.820610046387 1248.3136138916 1566.00483703613 1644.80026245117 1383.12260437012 1095.36692047119 1071.03764343262 866.08154296875 939.448249816895 919.913234710693 966.98579788208 937.056484222412 822.639925479889 880.404937744141 902.999694824219 934.710380554199 930.400245666504 897.337896347046 774.756416320801 850.544444918633 851.011396408081 768.779472351074 779.883544921875 719.023040771484 703.76692199707 862.079393386841 863.401000976562 923.595100402832 849.287380218506 -9999 -9999 -9999 -9999 -9999 -9999 -9999 -9999 -9999 -9999 -9999 -9999 -9999 -9999 -9999 -9999 -9999 -9999 -9999
1220.81136894226 732.674163818359 913.311059951782 1435.4161491394 1199.84701538086 1461.81940841675 1211.1997833252 1072.45315551758 1617.05700683594 1286.42851257324 1165.63474273682 1071.83324432373 1082.9367980957 1767.15798377991 1195.06804656982 942.983467102051 932.849082946777 851.003993988037 771.665161132812 786.935201644897 909.945350646973 913.049823760986 926.81982421875 870.544891357422 871.224933624268 788.834964752197 828.582027435303 728.633941650391 745.278671264648 780.752323150635 707.148788452148 947.619071960449 -9999 -9999 -9999 -9999 -9999 -9999 -9999 -9999 -9999 -9999 -9999 -9999 -9999 -9999 -9999 -9999 -9999 -9999
1078.8907623291 977.517292022705 825.444435119629 1156.42329406738 1120.44334411621 1495.26513671875 1579.19750213623 1215.08916473389 1232.66530990601 1358.3723025322 1314.46374130249 1013.7825012207 1042.69003295898 1458.02786254883 1034.14978027344 1041.48715019226 942.00416469574 904.129669189453 897.379768371582 904.352130889893 925.34700012207 773.448867797852 760.870025634766 933.434959411621 799.695587158203 739.365524291992 680.495330810547 779.108741760254 862.302299499512 783.489043235779 821.807766199112 907.566997528076 833.781730651855 -9999 -9999 -9999 -9999 -9999 -9999 -9999 -9999 -9999 -9999 -9999 -9999 -9999 -9999 -9999 -9999 -9999
936.614990234375 1049.7287902832 1321.22063064575 867.882720947266 876.675890922546 1168.41068267822 1207.96689987183 1265.60433959961 1346.37948608398 1318.7272644043 1258.54282188416 1103.64971637726 990.88988494873 1123.38975524902 1000.70845031738 933.125289916992 1015.42102432251 916.865661621094 1055.89152526855 887.860988616943 682.525970458984 718.632774353027 808.47924041748 943.042087554932 909.917380332947 616.742385864258 767.818344116211 760.18962097168 885.413745880127 736.996852874756 761.371635437012 855.471946716309 899.994155883789 -9999 -9999 -9999 -9999 -9999 -9999 -9999 -9999 -9999 -9999 -9999 -9999 -9999 -9999 -9999 -9999 -9999
