simdem/realisation26.asc
NCOLS 350 
NROWS 171 
XLLCORNER 152620 
YLLCORNER 418050 
CELLSIZE 100 
NODATA_value -9999 
[rows 0 to 21 of 171, columns 150 to 199 of 350]
653.011491775513 615.629615783691 726.952842712402 -9999 -9999 -9999 -9999 -9999 -9999 -9999 -9999 -9999 -9999 -9999 -9999 -9999 -9999 -9999 -9999 -9999 -9999 -9999 -9999 -9999 -9999 -9999 -9999 -9999 -9999 -9999 -9999 -9999 -9999 -9999 -9999 -9999 -9999 -9999 -9999 -9999 -9999 -9999 -9999 -9999 -9999 -9999 -9999 -9999 -9999 -9999
552.899383544922 539.477279663086 675.697067260742 657.933929443359 736.840744018555 695.995800018311 769.232727050781 -9999 -9999 -9999 -9999 -9999 -9999 -9999 -9999 -9999 -9999 -9999 -9999 -9999 -9999 -9999 -9999 -9999 -9999 -9999 -9999 -9999 -9999 -9999 -9999 -9999 -9999 -9999 -9999 -9999 -9999 -9999 -9999 -9999 -9999 -9999 -9999 -9999 -9999 -9999 -9999 -9999 -9999 -9999
467.175724029541 525.144626617432 595.833122253418 567.379188537598 774.715385437012 861.850830078125 679.668723106384 638.235088348389 853.750923156738 910.903945922852 767.49440574646 672.138298034668 888.806214094162 891.92498588562 -9999 -9999 -9999 -9999 -9999 -9999 -9999 -9999 -9999 -9999 -9999 -9999 -9999 -9999 -9999 -9999 -9999 -9999 -9999 -9999 -9999 -9999 -9999 -9999 -9999 -9999 -9999 -9999 -9999 -9999 -9999 -9999 -9999 -9999 -9999 -9999
541.545454025269 647.397529602051 717.619407653809 575.213813781738 713.896305084229 733.83939743042 734.97342300415 984.483526229858 1016.94300079346 1053.70375442505 820.474800109863 777.862069606781 767.86270904541 708.178470611572 469.048110961914 641.860879898071 832.217847824097 811.166580200195 855.286222457886 763.098850727081 853.996429443359 826.433964729309 784.181846618652 569.722244262695 644.586288452148 799.927646636963 895.760772705078 600.570198059082 735.720855712891 902.870994567871 844.28249168396 883.921720504761 999.984085083008 819.485054016113 838.65856552124 -9999 -9999 -9999 -9999 -9999 -9999 -9999 -9999 -9999 -9999 -9999 -9999 -9999 -9999 -9999
1104.07413864136 840.80305480957 751.096843719482 926.837801933289 1164.68167877197 1097.86931991577 997.789710998535 1014.81756591797 1086.90821838379 1033.14910316467 1013.03135299683 715.321884155273 845.190391540527 717.827693939209 506.292419433594 541.594697952271 591.220039367676 737.08016204834 653.19603729248 537.399810791016 916.536430358887 729.610816955566 831.836669921875 624.914138793945 542.264541625977 706.222541809082 742.463352203369 640.136619567871 541.063278198242 850.078483581543 733.37735748291 887.9176902771 690.313667297363 657.815139770508 640.519271850586 624.054138183594 690.076412200928 673.096485137939 810.528781890869 793.908805847168 611.120254516602 550.27173614502 626.406745910645 657.570740938187 676.300270080566 843.675918579102 823.021194458008 828.672012329102 965.838989257812 915.817428588867
1175.12570953369 864.203643798828 921.481300354004 969.118576049805 1124.51084899902 1010.46681213379 769.272476196289 898.713829040527 1043.39246368408 1147.99243164062 901.136787414551 618.074649810791 683.449166297913 418.675575256348 670.358268737793 477.357635498047 665.877346038818 698.998085021973 771.404299497604 735.523724555969 664.724742889404 719.782905578613 773.817939758301 543.824844360352 546.910659790039 582.504890441895 588.489776611328 470.545486450195 555.91223526001 865.056457519531 758.341907501221 559.585357666016 601.461654663086 650.771308898926 463.820297241211 631.108741760254 647.780578613281 800.90612411499 756.467849731445 859.912160873413 805.558439254761 654.891018867493 722.13463973999 676.022514343262 690.122535705566 615.705394744873 618.06120300293 700.852649688721 809.425903320312 786.285566329956
1269.9730758667 1252.6607208252 867.056484222412 869.196796417236 1026.59298419952 839.29296875 874.95622253418 985.929473876953 1089.88209342957 1045.2140007019 1044.62630462646 697.789337158203 548.785255432129 445.845855712891 792.578727722168 680.537300109863 706.47776889801 758.349628448486 746.779142379761 706.978073120117 605.936050415039 657.827484130859 688.277381896973 662.613801956177 587.417045593262 637.320434570312 700.623825073242 601.961921691895 546.857959747314 732.676383972168 735.984760284424 816.74222946167 521.965484619141 657.900268554688 633.485168457031 809.077884674072 666.470718383789 727.151931762695 837.335910797119 782.981018066406 688.520568847656 706.196136474609 724.985359191895 721.618217468262 605.514156341553 625.107452392578 612.10961151123 713.792579650879 709.681092858315 742.03765296936
1249.04586029053 778.85152053833 782.073654651642 784.046186447144 995.283987045288 1005.50686454773 1018.00206565857 741.838745117188 953.239517211914 908.992416381836 824.952117919922 597.829711914062 750.927398681641 632.384761810303 790.256195068359 848.166873931885 712.052845478058 641.6960105896 728.787528991699 909.129440307617 1150.00357055664 1158.36616516113 752.339200973511 691.623672485352 485.591339111328 786.887718200684 683.169169425964 638.476016998291 749.635848999023 788.44998550415 793.693164825439 793.642986297607 502.493576049805 456.807891845703 644.618595123291 902.995391845703 805.302749633789 902.336585998535 847.530344009399 829.16365814209 781.002338409424 843.309362411499 768.917236328125 698.598510742188 825.033853530884 929.420440673828 844.650234222412 814.826351165771 735.137411117554 644.409049987793
580.236770629883 538.053283691406 666.795860290527 754.752291142941 923.632507324219 636.919448852539 841.895141601562 821.771499633789 930.908813476562 913.836502075195 561.130966186523 663.217712402344 728.8473777771 735.87931060791 825.101180315018 634.94499206543 692.570640563965 615.263473510742 922.652404785156 1006.80429077148 1323.1286315918 1190.44933700562 901.960750579834 925.723789215088 723.408903121948 878.272048950195 896.742797851562 735.80256652832 791.233551025391 935.736099243164 918.663398742676 693.044921875 883.18643951416 780.594598770142 790.251081466675 925.242634773254 921.824558258057 953.256766796112 1031.73937225342 989.564664840698 923.739684104919 869.26969909668 738.902183532715 807.668727874756 841.782826662064 771.860549926758 860.579902648926 768.466829538345 679.09411239624 665.933639526367
591.854888916016 709.875810146332 647.420341491699 724.112396240234 686.04475402832 836.131593704224 608.471878051758 631.459762573242 497.110687255859 650.019821166992 645.027271270752 672.298706054688 620.737592697144 576.531600952148 889.144861221313 1054.41704201698 1034.67470169067 614.234786987305 892.491943359375 1060.89105224609 1157.97303009033 1149.34224224091 1261.94464492798 1285.65505981445 726.2066822052 796.889668464661 683.582572937012 652.243896484375 691.567115783691 702.666599273682 946.323036193848 823.817963600159 747.99283438921 959.420715332031 728.693971633911 846.732089996338 896.489265441895 1047.41651916504 1115.5330657959 956.523962020874 864.073387145996 628.300109863281 812.006591796875 789.272449493408 897.956760406494 1016.68894195557 977.931692123413 789.633766174316 852.812503814697 835.173748016357
675.66609954834 626.94807434082 682.906646728516 706.238195419312 619.894153594971 620.866697311401 643.665841341019 551.729465484619 588.670509338379 577.10546875 806.232421875 722.235084533691 477.317230224609 646.211135864258 686.944891929626 1060.04690170288 1085.03760528564 813.21900177002 1234.73791027069 726.83374786377 1004.38138580322 991.699272155762 826.760980606079 1074.53620910645 895.460929870605 1156.34057998657 734.201789855957 735.537506103516 627.099791049957 707.362350463867 769.298974990845 848.756622314453 606.530216217041 545.788154602051 588.571350097656 874.540466308594 928.577941894531 889.750036239624 878.966888427734 855.050674438477 672.03849029541 714.958749771118 763.214401245117 839.347152709961 728.067329406738 1259.47836303711 888.581844329834 1177.33184814453 1354.22640991211 765.056411743164
581.838966369629 683.989438056946 713.011222839355 703.349739074707 699.550674438477 688.38208770752 619.528072357178 730.093276977539 686.317007064819 737.882102966309 723.511871337891 602.600471496582 585.113166809082 829.432922363281 754.102027893066 761.217880249023 888.725830078125 988.013076782227 908.069750785828 731.774145126343 669.782257080078 1085.19007873535 758.470043182373 858.64294052124 912.440799713135 788.588438034058 1340.9098739624 1184.19382476807 1067.08340835571 1309.89719390869 1222.88883972168 698.689239501953 531.022613525391 362.998641967773 701.939292907715 818.41748046875 943.326232910156 630.055870056152 727.629669189453 656.473175048828 692.322105407715 614.496246337891 743.373428344727 573.613456726074 531.430480957031 624.782852172852 741.313339233398 696.669273376465 1046.34360599518 801.901472091675
501.433517456055 576.469270706177 699.985466003418 699.456008911133 720.475463867188 847.306045532227 557.855934143066 575.613126754761 699.565692901611 723.255416870117 864.283123016357 539.390609741211 1159.4647064209 778.233093261719 802.502555847168 623.673949241638 716.067356109619 806.762453079224 993.761123657227 669.555366516113 589.036849975586 899.446075439453 530.330078125 812.785083770752 832.794565200806 844.166042327881 1136.24641418457 1287.4192199707 738.170116424561 997.050113677979 1058.55158996582 830.435207366943 662.134948730469 638.708583831787 613.929046630859 842.140480041504 911.438201904297 762.327850341797 794.18408203125 594.983711242676 523.388793945312 596.592468261719 718.30611038208 628.59782409668 446.083282470703 683.418575286865 659.931015014648 684.64672088623 694.818408966064 856.530235290527
530.981796264648 543.865047454834 544.502353668213 1278.06407165527 952.496191501617 1037.81518554688 960.847620010376 690.198413848877 566.461540222168 665.081924438477 667.607223510742 578.305435180664 577.444160461426 534.349502563477 697.347640991211 410.503890991211 676.642997741699 579.198829650879 628.453796386719 670.142990112305 698.095565795898 692.689033508301 1108.84913825989 876.382286071777 870.6181640625 980.20240020752 921.595100402832 888.313589096069 852.6005859375 826.471448898315 1078.41918945312 700.497764587402 617.551759719849 685.713005065918 586.804267883301 854.160028457642 942.632774353027 762.347631454468 639.594373703003 603.882759094238 668.460838317871 697.208358764648 656.292083740234 757.975341796875 694.159744262695 576.615097045898 724.428161621094 843.865158081055 907.120403289795 891.692428350449
1085.54396915436 537.775047302246 646.616989135742 672.203601837158 620.376159667969 539.260871887207 628.311660766602 675.743059158325 638.200887680054 836.82209777832 788.800148010254 648.477710723877 597.067016601562 601.872711181641 923.746688842773 474.000274658203 562.604843139648 504.142471313477 775.844497680664 711.405197143555 830.026741027832 826.365153312683 872.147880554199 762.458479762077 786.987091064453 848.472370147705 1047.17461490631 899.836986541748 889.16187286377 692.245510101318 600.635864257812 968.445739746094 1295.70212364197 857.955284118652 878.310252189636 860.320831298828 717.225563049316 808.568969726562 572.778678894043 574.254981994629 519.594848632812 634.21142578125 657.261016845703 765.378913879395 801.337280273438 772.757431030273 908.659896850586 741.627456665039 956.334343671799 771.02717590332
642.77233505249 684.576919555664 663.493762969971 623.111357688904 579.521633148193 534.688285827637 694.3786277771 739.32544708252 739.15079498291 765.930564880371 740.000991821289 527.61051940918 760.682544708252 1301.58275985718 604.650001525879 780.595245361328 661.658920288086 781.758178710938 686.688690185547 1264.07091522217 1132.18939208984 1111.36803436279 1214.17678833008 742.444256901741 808.568046569824 884.903831481934 1041.79999923706 930.62036895752 943.990776062012 859.533271789551 734.470859527588 744.26424407959 712.446739196777 605.547500610352 741.217348098755 735.331817626953 727.762367248535 829.894138336182 611.626190185547 545.213760375977 587.514450073242 654.852104187012 766.914352416992 799.993530273438 769.42919921875 685.668548583984 793.943984985352 669.228944540024 723.576179027557 688.507237434387
658.118759155273 671.790771484375 677.163917541504 670.831897735596 639.527830123901 662.56958770752 764.630737304688 811.431930541992 795.393341064453 500.659927368164 640.742980957031 598.859190940857 1440.72906494141 1355.89886474609 583.467956542969 745.380752563477 713.570106506348 661.31224822998 780.488628387451 799.702606201172 960.153045654297 641.433563232422 757.772521972656 682.738744497299 762.019208908081 745.869499206543 1944.89222939312 1141.6225566864 902.53392791748 626.393615722656 862.287887573242 760.827659606934 558.916885375977 1055.16896057129 630.426651000977 595.418807983398 758.584738016129 1085.16859912872 1218.81566619873 548.08056640625 560.14737701416 769.242385864258 841.999710083008 915.488708496094 1090.72776031494 815.32209777832 793.595024108887 666.747544944286 758.74608039856 650.631072998047
654.279167175293 552.512855529785 782.979766845703 606.685751438141 641.015556335449 702.277366638184 735.782897949219 813.268753051758 753.310085296631 626.451946258545 634.364778518677 549.319980621338 525.068405151367 467.318771362305 354.195617675781 826.915557861328 568.061706542969 576.990570068359 751.686073303223 535.079971313477 652.639953613281 629.894111633301 688.622604370117 814.719863414764 725.504119873047 915.130767822266 760.707145690918 788.017288208008 610.966278076172 649.367935180664 545.303680419922 905.578662872314 837.797958374023 595.653747558594 722.491760253906 519.978485107422 546.487487792969 566.521957397461 706.767824172974 809.709480285645 699.363670349121 810.539276123047 920.792633056641 724.87890625 786.829154014587 540.850112915039 642.057960510254 610.503646850586 1149.18131828308 756.983177185059
540.193969726562 517.575103759766 657.891796112061 684.432441711426 665.803287506104 619.52179813385 1279.40992736816 832.045146942139 579.223487854004 670.392925262451 662.125437736511 570.310646057129 602.78791809082 548.106948852539 483.616317749023 925.662796020508 1169.20770645142 1159.09447097778 816.391632080078 728.737258911133 646.009952545166 601.937271118164 1005.40618896484 751.855382919312 1094.74211499095 547.834358215332 692.256580352783 712.633171081543 557.110702514648 663.104965209961 722.638114929199 731.302856445312 469.690185546875 606.987716674805 609.765438079834 1291.33444213867 579.955978393555 618.51651763916 556.569465637207 1032.59317207336 728.376834869385 933.758232116699 898.447597503662 1034.54451310635 1135.76212596893 1101.75471496582 659.775894165039 585.689590454102 544.414047241211 508.294486999512
572.493822097778 493.968322753906 545.521404266357 483.54419708252 509.054664611816 578.72635269165 839.419021606445 687.781261444092 679.836624622345 566.084548950195 856.726409912109 647.564374685287 615.122583389282 646.256538391113 540.944671630859 510.576866149902 573.025928497314 796.814544677734 601.189094543457 609.795211791992 660.334594726562 527.093841552734 763.723510742188 886.050205230713 896.616828918457 733.819709777832 874.410285949707 1054.1284942627 901.323509216309 629.202781677246 608.057876586914 759.531638145447 830.712501525879 665.326605796814 657.584289550781 835.400163650513 579.500335693359 596.246681213379 583.480857849121 626.405086517334 691.408213615417 592.687286376953 996.0419921875 667.227821350098 621.069931030273 436.527740478516 689.098419189453 514.952270507812 679.093402862549 627.305041313171
647.894424438477 574.719177246094 587.755550384521 514.784622192383 649.4875831604 575.640327453613 598.099945068359 503.344360351562 1221.62063598633 639.771495819092 595.915344238281 560.197875976562 473.379501342773 563.57112121582 639.874145507812 585.091674804688 426.198287963867 660.193572998047 778.661247253418 678.630828857422 652.657165527344 664.41321182251 761.927072525024 1008.59359741211 916.018644332886 892.515296936035 737.99919128418 557.51008605957 679.775047779083 808.007652282715 734.952098846436 852.118392944336 744.195442199707 700.230995178223 557.386436462402 694.63013458252 684.05908203125 675.898096323013 744.492614746094 711.501920700073 633.65739440918 719.805511474609 1163.38808441162 714.461318969727 682.536631345749 1181.52892684937 590.622764587402 535.151977539062 772.249017715454 916.773559570312
563.113876342773 529.736633300781 565.165374755859 629.33277130127 723.346923828125 772.641822814941 891.721328735352 573.158271789551 611.552967071533 561.128051757812 663.54154586792 692.953475952148 615.283611297607 1141.53583335876 706.407932281494 665.726387023926 890.601106643677 592.61994934082 951.942092895508 764.644943237305 706.592407226562 1307.88341522217 1065.80125999451 821.415500640869 856.236557006836 874.55158996582 744.765754699707 717.625352859497 1632.033452034 601.566917419434 631.683403015137 700.951575279236 607.161235809326 582.971675872803 491.241622924805 637.245834350586 618.803440093994 591.351356506348 781.429466247559 649.76314163208 678.529567718506 725.036299705505 726.572607040405 663.800977706909 666.081090927124 1348.99496459961 586.849529266357 599.562372207642 703.579913139343 597.718704223633
