simdem/realisation53.asc
NCOLS 350 
NROWS 171 
XLLCORNER 152620 
YLLCORNER 418050 
CELLSIZE 100 
NODATA_value -9999 
[rows 110 to 131 of 171, columns 250 to 299 of 350]
796.265777587891 540.925201416016 867.904485635459 689.116611480713 1145.52410888672 996.80895614624 811.9514503479 1126.03541564941 797.130249023438 779.031326293945 674.661315917969 814.763175964355 1021.70207214355 1128.9281539917 989.213195800781 976.280815124512 1107.77378845215 1118.42356872559 862.554588317871 1080.02378082275 827.012767791748 891.643762588501 1022.50930786133 1153.23079681396 1161.25106048584 905.662628173828 696.717620849609 958.235542297363 1045.28867340088 889.753030776978 1008.01083374023 783.196685791016 798.840579986572 751.102485656738 954.837955474854 944.130722045898 728.302932739258 833.298309326172 947.308212280273 750.922607421875 681.984401702881 638.815921783447 673.01326751709 852.13542175293 673.572692871094 805.392181396484 877.799537658691 656.978286266327 709.739097595215 651.926483154297
779.677322387695 670.611898422241 604.120084285736 956.678649902344 748.578622817993 762.292919158936 787.955230712891 1176.07263183594 469.382751464844 722.104122161865 832.513526916504 949.29313659668 1134.30894470215 853.874845504761 964.375644683838 859.328716278076 767.899345397949 836.275756835938 750.439208984375 773.098876953125 1083.53298950195 852.833099365234 1078.95644760132 846.96411895752 933.185302734375 1284.20478057861 950.324226379395 898.326343536377 995.58812713623 856.120593070984 802.699676513672 724.261459350586 658.124465942383 706.146270751953 946.486043930054 876.940658569336 1097.30196762085 820.894264221191 921.076194763184 989.454803466797 796.222018241882 781.025566101074 842.451160430908 856.275581359863 677.602233886719 648.810264587402 934.701919555664 802.831954956055 866.525871276855 780.556007385254
807.68977355957 974.642165184021 893.408721923828 752.681289672852 1127.40223312378 880.873977661133 876.538455963135 885.268016815186 881.426070213318 1043.62163543701 771.828544616699 796.497703552246 1037.11917877197 1155.14080810547 1331.99312973022 1053.32898712158 640.212524414062 615.458923339844 669.422866821289 611.203765869141 701.435943603516 974.2880859375 1189.50353240967 922.607086181641 1024.9598236084 1002.96390247345 956.526702880859 947.37105178833 874.179599761963 829.831130981445 914.850429534912 808.508674621582 792.992279052734 803.369010925293 731.439262390137 975.193459749222 853.147064208984 832.988803863525 725.929332733154 827.072792053223 679.225443840027 706.593082427979 706.346141815186 913.832315444946 870.637683868408 889.544326782227 726.257510185242 824.474439620972 745.061826705933 845.145177841187
641.44499206543 890.530597686768 742.886192321777 801.278861999512 904.990669250488 1384.16276550293 797.870193481445 814.333815574646 923.534614562988 897.191848754883 862.216018676758 814.000450134277 682.832598686218 650.966304779053 833.594200134277 800.209186553955 818.41890335083 651.616119384766 712.933647155762 655.1318359375 764.915904998779 872.234548568726 838.844089508057 833.503465652466 753.633544921875 1154.26184844971 958.935653686523 944.402235031128 1361.28093099594 1305.30887913704 953.614685535431 927.359189987183 1031.51956176758 928.061065673828 782.821083068848 943.049629211426 749.654930114746 609.241213798523 630.943648815155 525.064514160156 530.176651000977 547.784301757812 759.974723815918 776.772307395935 742.711155891418 745.432270050049 558.205261230469 977.064002990723 814.589054107666 871.897205352783
883.80736541748 1060.59410095215 1344.3491897583 649.296447753906 716.239265441895 744.055715560913 1995.60820770264 846.899848937988 1518.25451660156 1292.79677581787 873.926902770996 809.967956542969 735.937376022339 654.73826789856 754.651723861694 1061.73046112061 973.852264404297 740.500250816345 822.247619628906 863.017181396484 770.008818626404 1042.47924804688 718.650508880615 662.004470825195 662.38298034668 717.839385986328 1059.81721496582 1075.09255218506 1285.09263801575 1244.03287506104 939.177765846252 903.329360961914 834.051546096802 910.550842285156 693.213279724121 503.528861999512 526.966400146484 718.195717334747 748.620494842529 826.814544677734 770.68766784668 723.073938369751 802.108459472656 847.630798339844 721.681237220764 684.287889480591 602.460169553757 736.80424118042 729.303020477295 834.482933044434
715.970108032227 816.423553466797 702.315536499023 663.780479431152 839.26011800766 1184.59785461426 652.839782714844 874.916763305664 1069.30131530762 791.132858276367 978.544815063477 774.846183776855 790.183494567871 709.489669799805 637.212211608887 734.265256881714 584.200622558594 752.794086456299 823.014102935791 796.15104675293 894.355484008789 950.657527923584 924.40754699707 858.256959915161 715.430027902126 868.844718933105 1046.8669128418 1034.20036315918 1136.23139953613 1596.58647155762 1134.796875 898.486896514893 842.195777893066 690.959854125977 723.476582527161 670.55623626709 747.548263549805 833.24592590332 809.080749511719 778.958057403564 687.468162536621 702.197330474854 810.706420898438 682.859115600586 749.950366973877 809.636108398438 701.898235321045 699.63671875 530.849227905273 919.617218017578
814.818939208984 1174.04534912109 711.874366760254 711.698883056641 1282.20413970947 687.685562133789 640.685348510742 1300.08250427246 755.028986930847 1024.64461135864 1058.28771114349 788.927398681641 819.059387207031 732.523780822754 645.489448547363 681.145496368408 649.114799499512 813.053131103516 820.658386230469 907.668449401855 902.87255859375 807.358657836914 859.94228553772 788.8762550354 820.957605361938 781.093494534492 1035.10539245605 1045.42361450195 1031.12186431885 962.482263565063 892.967956542969 823.404121398926 840.838941574097 732.53173160553 686.438186645508 1072.41429138184 1476.84629821777 1941.46817016602 1756.0262298584 1020.58921813965 822.373222351074 728.752998352051 762.030143737793 671.801948547363 791.324434280396 752.812655448914 713.261392593384 749.59716796875 634.696426391602 558.893268585205
517.32649230957 1020.35288238525 931.386657714844 867.470321655273 979.481185913086 726.888046264648 790.174621582031 417.966369628906 742.421699523926 913.712215423584 1102.43211364746 822.85178565979 718.667641639709 643.013509750366 715.684286117554 585.200302124023 485.501174926758 656.163246154785 652.865594863892 682.160767555237 642.575996398926 787.267303466797 886.209159851074 823.497211456299 804.82474899292 897.741329193115 991.986274719238 995.895126342773 936.162994384766 832.81263846159 498.748474121094 881.279281616211 879.966651439667 978.657730102539 973.905517578125 818.910327911377 1091.73641204834 1208.91192626953 1629.16549682617 2340.14990234375 1271.03424072266 1084.32089233398 706.187339782715 619.024559020996 633.377601623535 932.320266723633 895.012191772461 972.970291137695 802.603912353516 802.598770141602
454.786010742188 868.102077484131 875.356315612793 901.933605194092 1169.06439590454 821.140583992004 1069.51014709473 675.042831420898 778.324310302734 773.895004749298 915.23392868042 764.46875 874.665191650391 640.540104866028 561.017585754395 655.659873962402 477.585845947266 771.148834228516 715.776664733887 842.374544143677 840.943855285645 673.215279459953 559.267959594727 645.654243469238 850.837970733643 902.397260665894 940.08293056488 919.958572387695 791.143035888672 485.438629150391 1611.70672607422 2819.04794311523 803.162811279297 1013.20262336731 1114.12564849854 1003.35272979736 972.086502075195 1258.11386108398 1349.91796875 1182.23683166504 1089.63851261139 1284.82179641724 1216.47758865356 1266.74576568604 1388.61157989502 1192.80982971191 1136.9440612793 981.43244934082 937.129196166992 830.603324890137
473.262016296387 547.704662322998 699.254214286804 824.124946594238 1118.3232421875 1246.60740661621 790.260292053223 794.423469543457 1151.27542877197 726.607938766479 720.300638198853 683.541580200195 918.538360595703 699.475135803223 482.4912109375 565.39030456543 628.76594543457 586.639633178711 762.96556854248 975.221832275391 906.515441894531 820.850733757019 640.421890258789 636.765651702881 737.122017383575 1014.35095214844 960.070663452148 899.906257629395 715.673835754395 531.295867919922 440.531524658203 2048.42620849609 704.278839111328 743.973449707031 1080.78511619568 1248.18348693848 1100.13217926025 1202.60764694214 1578.86691474915 1168.20292663574 1124.37810516357 1139.91968536377 1065.19906234741 1052.90396118164 1446.39410018921 1699.1622467041 1252.5182800293 1509.26110839844 1555.26736450195 1063.88153076172
561.286706447601 600.421653747559 548.981696128845 435.488327026367 1023.78594207764 827.644664764404 762.520408630371 776.000526428223 856.77602481842 647.527954101562 828.158541202545 792.855201721191 671.4973487854 617.505973815918 534.972137451172 458.026306152344 544.170516967773 556.559127807617 819.965148925781 825.993183135986 847.919673919678 679.498207092285 708.143539428711 716.858856201172 753.775810241699 855.489677429199 754.078060150146 854.158092498779 797.69864654541 781.566635131836 661.150123596191 596.478515625 685.683433532715 711.304275512695 902.672145843506 1022.64608001709 1062.37234115601 1037.6957244873 1284.02944564819 1162.13876342773 1342.89049530029 1193.09048080444 990.901458740234 1030.6988735199 1345.67221069336 1305.8572769165 1316.94693756104 1230.00688171387 1334.76448059082 1746.60589599609
696.552781105042 774.321548461914 585.850803375244 581.265329360962 448.594451904297 385.218231201172 604.840553283691 616.297660827637 676.653606414795 625.082382202148 683.524188995361 687.310882568359 762.725357055664 745.417470932007 744.761516571045 554.827133178711 592.52978515625 707.163853645325 676.836864471436 834.248641967773 876.774124145508 684.782028198242 788.594534873962 703.400238037109 782.131649017334 494.69140625 753.769866943359 790.654088020325 855.62964630127 611.330474853516 475.631546020508 564.139312744141 883.190132141113 876.226264953613 977.057769775391 1230.55801391602 1118.96855163574 1063.83312988281 958.939950942993 972.071972846985 1381.3984375 1389.16171264648 989.950534820557 705.279296875 1292.0383605957 1215.80895423889 1097.74563312531 1009.35581970215 1107.2041683197 1292.00933456421
734.579760551453 677.305784225464 654.742244720459 494.152145385742 512.306381225586 452.770538330078 465.513374328613 510.532722473145 770.524324417114 662.743453979492 523.327331542969 633.129089355469 654.398971557617 573.614566802979 600.803131103516 590.784942626953 663.518798828125 846.006217956543 530.074966430664 781.026962280273 720.470395088196 835.124451637268 781.210015773773 688.978233337402 750.278913497925 871.646886348724 751.489124298096 674.747634887695 936.650489807129 822.970529556274 678.680313110352 808.120597839355 754.58465385437 747.564922332764 1027.22135925293 1212.73202514648 983.007553100586 1035.36305236816 854.077735900879 812.172426223755 994.696884155273 844.810272216797 824.870231628418 776.350860595703 936.795175552368 961.426605224609 937.391899108887 999.552463531494 1011.10395812988 1053.50532627106
545.155288696289 575.620162963867 628.499458312988 453.35383605957 447.224151611328 650.060501098633 731.842433929443 667.231521606445 602.132194519043 603.755310058594 543.160751342773 600.13606262207 999.737701416016 714.323928833008 1117.46672439575 685.350555419922 608.887283325195 618.31339263916 783.482925415039 653.138122558594 635.702751159668 824.657341003418 1001.90264892578 755.235481262207 679.673622131348 561.898941040039 734.275440216064 761.469528198242 900.948677062988 898.30591583252 732.78385925293 882.292977333069 814.486307144165 738.765190124512 941.895820617676 1124.05102539062 920.018707275391 923.144378662109 831.100696563721 748.878112792969 982.778686523438 832.574688673019 688.806282043457 840.778351783752 806.457557678223 798.083358764648 842.067153930664 819.12614440918 773.100471496582 885.541007995605
717.605766296387 563.733413696289 683.028182983398 570.958038330078 565.937866210938 674.107913970947 842.673812866211 707.989219665527 748.409435272217 620.897834777832 604.92138671875 814.329158782959 761.295440673828 831.504556655884 1423.02064323425 667.795455932617 806.852767944336 833.710876464844 858.491836547852 685.51895904541 729.11563873291 700.905694007874 804.759338378906 803.331279754639 858.93840476498 748.95174407959 933.786437988281 885.420656204224 931.601837158203 940.143747329712 868.513248920441 1102.58546447754 1028.25040817261 815.201538085938 999.301040649414 884.271869659424 828.988441467285 703.278091430664 820.274271011353 859.324493408203 747.469953536987 782.434405326843 911.807739257812 867.525604248047 677.278465270996 686.147354125977 644.851013183594 811.053638458252 727.547286987305 877.013320922852
785.812984466553 646.766067504883 772.352715492249 856.35131072998 593.096954345703 803.228202819824 777.829460144043 725.606182098389 592.000778198242 538.238960266113 761.633201599121 746.03594481945 1121.30898284912 798.706996917725 900.816177368164 776.725086212158 789.704042047262 772.190494537354 745.412414550781 1199.27782440186 567.005264282227 816.282302856445 821.359481811523 894.176483154297 762.730613708496 697.687822341919 627.197872161865 898.213684082031 820.940328598022 744.554569721222 724.003972053528 720.48755645752 757.879348754883 761.753903090954 802.812235355377 673.259185791016 765.876098155975 762.351720809937 746.308074951172 785.831541061401 785.612176895142 904.185684204102 850.444854736328 799.358194351196 656.154541015625 695.468292236328 679.865112304688 650.166519165039 914.195121765137 988.078582763672
776.870704650879 802.264602661133 791.276084899902 822.553462982178 717.678623199463 746.428216934204 777.069446563721 791.903846740723 573.4388256073 553.978416442871 666.193008422852 1282.33895587921 697.911987304688 780.039916992188 980.582841396332 658.648773193359 684.921859741211 718.924457550049 1083.2518157959 594.109184265137 638.223541259766 645.345386505127 587.395904541016 799.543586730957 744.578065872192 522.414596557617 663.613513946533 680.959371089935 743.332072257996 766.685336112976 657.396507263184 796.490780353546 691.478050231934 782.321624755859 775.334154129028 774.118118286133 797.89582824707 796.707992553711 876.73420715332 848.972801208496 769.156511306763 852.986465454102 818.56404876709 687.65266418457 647.983200073242 699.046508789062 654.497116088867 699.890632629395 844.187294006348 996.388488769531
807.982780456543 793.259101867676 864.947845458984 815.649963378906 969.089752197266 827.34482383728 730.222562968731 685.376396179199 623.876522064209 688.507102966309 668.474609375 576.891719818115 513.231712341309 1142.33493041992 938.220581054688 789.149000167847 675.905715942383 825.860565185547 590.1435546875 548.965148925781 629.638130187988 728.879180908203 635.983409881592 618.204933166504 554.971527099609 645.893726348877 823.940383911133 710.054317474365 866.795974731445 819.599647521973 742.652200698853 804.07487487793 865.035064697266 813.125762939453 823.474044799805 843.489463806152 902.209411621094 773.109605789185 750.038497924805 830.857353210449 893.913330078125 972.297241210938 790.965030670166 674.265350341797 591.850662231445 527.102554321289 647.079360961914 938.13201713562 764.41015625 852.729019165039
929.554542541504 898.155242919922 722.558080673218 648.317008972168 796.125337600708 804.452119827271 808.289430618286 736.659442901611 609.407588005066 605.45103263855 648.761207580566 587.239486694336 682.142868041992 672.523849487305 655.073762893677 748.00411605835 576.308378130198 733.918886184692 601.591163635254 613.094261169434 721.657001495361 716.983684539795 660.275234222412 707.07090473175 585.839370727539 672.163261413574 804.083457946777 759.464378356934 730.49161529541 969.507186889648 874.680969238281 698.72777557373 856.279775619507 680.278007507324 893.337009429932 890.905963897705 799.273101806641 926.613265991211 937.550107955933 1074.39654541016 880.580718994141 670.728294372559 704.58610534668 911.300022125244 771.024227142334 663.257804870605 821.689142227173 764.863828659058 841.30534362793 922.677174568176
777.362157821655 837.63907623291 762.196210861206 755.94021987915 665.920501708984 768.224266052246 819.337921142578 674.755165100098 547.907516479492 451.784317016602 715.976142883301 609.868705749512 605.841484069824 694.622844696045 786.640640258789 720.501363754272 721.785572052002 609.42610168457 724.914860725403 759.492130279541 760.441890716553 811.327201843262 715.299692153931 635.161235809326 647.584178924561 689.843656539917 772.14319229126 897.464965820312 803.626174926758 817.319869995117 721.195555686951 573.530395507812 670.21044921875 781.32217502594 737.938903808594 1087.16607666016 811.79594039917 881.42898273468 1037.02157974243 893.211967468262 854.61653137207 742.179016113281 632.171371459961 897.196662902832 770.987228393555 822.952880859375 631.571029663086 598.059707641602 740.451709747314 1034.40675354004
718.860820770264 792.009349822998 875.163398742676 863.732666015625 787.866104125977 689.700798034668 589.85814666748 667.914199829102 705.428634643555 466.819305419922 564.195449829102 630.397521972656 583.695755004883 666.726615905762 675.575729370117 648.788040161133 778.337768554688 776.091709136963 711.806846618652 692.3879737854 686.089259624481 825.420974731445 708.290040969849 614.077178955078 693.532746821642 748.232528686523 666.029327392578 697.461196899414 860.248001098633 858.306304931641 759.439384460449 746.137187957764 604.941886901855 896.142951965332 908.980262756348 730.792823791504 681.453277587891 820.291397094727 1024.29675292969 955.920791625977 955.011924743652 1042.50268554688 929.62451171875 648.871704101562 868.906127929688 923.538362503052 877.130537033081 642.373931884766 763.891448974609 1004.02036857605
896.764022827148 882.600212097168 838.552436828613 907.265518188477 810.779764175415 703.373620986938 645.760028839111 657.896682739258 513.575698852539 555.537384033203 585.43244934082 635.390037536621 658.237243652344 685.347671508789 724.944263458252 613.928146362305 748.985352516174 800.485481262207 688.556324005127 823.616307258606 691.935564041138 713.431374549866 799.206176757812 692.288417696953 766.987808227539 642.57462310791 662.797351837158 704.301112174988 617.419803619385 665.232545852661 729.542617797852 655.366674423218 655.958722114563 668.428155899048 586.989994049072 530.765022277832 546.473419189453 737.052543640137 985.575687408447 1149.5804901123 1065.03215789795 1055.82113647461 988.965900421143 1017.12823486328 774.222412109375 871.08028793335 872.0908203125 724.839977264404 862.716814041138 1026.93035125732
