simdem/realisation60.asc
NCOLS 350 
NROWS 171 
XLLCORNER 152620 
YLLCORNER 418050 
CELLSIZE 100 
NODATA_value -9999 
[rows 22 to 43 of 171, columns 100 to 149 of 350]
546.517532348633 478.60124206543 396.920745849609 323.941284179688 675.328094482422 539.966888427734 653.763847351074 618.653358459473 760.117321014404 804.715431213379 920.83508682251 591.300441741943 712.696350097656 956.017712593079 716.606216430664 512.714660644531 614.367279052734 580.179473876953 574.34839630127 689.395072937012 997.663604736328 912.850677490234 464.668350219727 380.685470581055 441.906051635742 516.668884277344 459.775131225586 390.054351806641 535.62085723877 539.669120788574 711.22282409668 660.664703369141 599.839794158936 465.066055297852 674.095878601074 836.672103881836 633.878455162048 656.115230560303 762.188110351562 833.354705810547 752.637535095215 566.387908935547 488.103294372559 431.985748291016 719.585578918457 608.519691467285 503.767768859863 643.235887527466 669.325874328613 660.369499206543
623.422714233398 541.545583724976 406.214950561523 359.002548217773 539.975128173828 825.176116943359 485.821975708008 644.678424835205 899.426666259766 711.49914932251 1549.8247756958 644.23876285553 838.485427856445 1344.43734741211 661.422584533691 690.232674121857 1004.11813640594 519.963317871094 666.403434753418 466.502456665039 708.253692626953 454.328872680664 1126.66906738281 1000.74512481689 598.368865966797 687.83655166626 480.592140197754 534.346912384033 644.154304504395 477.649398803711 585.438262939453 739.717803955078 635.454238891602 661.022455215454 619.296586990356 587.562664031982 704.048690795898 695.129920959473 581.615760803223 680.78782081604 623.275946617126 563.572296142578 508.134841918945 609.724892497063 635.216808319092 572.144226074219 547.121978759766 559.185096740723 720.045448303223 656.544361114502
643.249977111816 522.721900939941 498.196113586426 464.248107910156 400.986541748047 731.357482910156 515.404190063477 749.192844390869 659.551370620728 582.454879760742 692.560291290283 1105.70942687988 927.135635375977 1026.03076171875 688.521354675293 747.253260850906 721.518558502197 537.826019287109 530.712463378906 694.050888061523 641.833343505859 618.539937973022 513.756858825684 514.769668579102 669.532485961914 456.785858154297 498.942497253418 474.923301696777 645.401035308838 543.699655532837 588.401616573334 623.972541809082 636.840028762817 693.703342437744 675.338663101196 617.030643463135 665.153774261475 759.369567871094 589.895008087158 585.704895019531 560.110061645508 608.931762695312 581.750392913818 629.931631088257 485.668388366699 447.631240844727 529.24471282959 485.490158081055 613.395994186401 550.766078948975
539.850311279297 529.560478210449 575.21501159668 478.181121826172 398.617797851562 464.830520629883 724.705062866211 860.808944702148 531.233474731445 1147.20300292969 991.933107376099 976.209617614746 1069.74747085571 811.679016113281 814.709243774414 1016.08073425293 566.586296081543 582.640121459961 363.255874633789 616.768493652344 1380.99229431152 646.862868309021 628.077312469482 582.890804409981 626.179496765137 388.155670166016 491.231986999512 503.762073516846 512.182395935059 562.24312210083 512.934909820557 586.288402557373 699.593406677246 772.311719894409 650.012489318848 606.336483001709 646.874492645264 682.194938659668 739.12158203125 544.792182922363 611.838040351868 678.96688079834 616.619140625 638.552188873291 548.378963470459 618.400917053223 552.558146476746 510.178470611572 483.396110534668 497.053985595703
573.364953994751 523.59900188446 670.945587158203 381.112518310547 561.102142333984 375.98063659668 585.626667022705 512.375915527344 966.082901000977 616.848785400391 756.771789550781 785.891036987305 856.49584197998 541.008682250977 968.318828582764 850.305770874023 731.310169219971 642.929725646973 662.155578613281 330.048233032227 1132.37413787842 691.234144210815 608.59440612793 465.833869934082 586.754720687866 561.124229431152 539.791362762451 459.956535339355 528.713994026184 587.555179595947 543.748259544373 685.805267333984 606.302084922791 581.367372512817 514.401947021484 524.785614013672 531.350891113281 540.804183959961 568.598761558533 555.810859680176 650.145797729492 730.805450439453 466.881637573242 598.227828979492 633.850337982178 519.738792419434 517.738632202148 481.442428588867 473.071060180664 572.809438705444
435.293853759766 457.032844543457 601.404577255249 356.701217651367 936.720596313477 1237.61082458496 762.079837799072 461.778259277344 610.100059509277 708.700393676758 570.867385864258 603.891067504883 573.219497680664 619.669703483582 657.045782089233 1073.71328735352 1336.93323898315 477.172233581543 464.055084228516 637.059906005859 487.908584594727 583.634082794189 535.903190612793 568.895690917969 697.905494689941 497.624298095703 552.704084396362 551.051076889038 590.178298950195 638.608345031738 660.54761505127 479.555183410645 411.956115722656 533.793559074402 542.026418685913 562.791563332081 528.299339294434 441.291519165039 511.301742553711 535.709686279297 495.258728027344 570.014605998993 499.57653427124 588.34937286377 666.841278076172 515.694412231445 523.893199920654 560.997727572918 549.64630317688 522.485691070557
459.327049255371 998.815887451172 391.268005371094 466.347503662109 450.017471313477 595.569694519043 546.862144470215 503.324699401855 720.212554931641 491.272018432617 841.067005157471 620.301612854004 410.819290161133 736.990886688232 943.428343772888 547.125587463379 624.830530166626 918.642166137695 1050.5662689209 476.767868041992 406.736358642578 556.143394470215 492.943458557129 534.035781860352 532.017181396484 502.066963195801 594.66064453125 644.781455993652 673.593643188477 536.473266601562 589.596862792969 559.235311508179 547.182706832886 521.653903961182 481.736335754395 624.359226226807 567.061693191528 568.26929473877 611.302227020264 602.371909141541 563.65453338623 505.304584503174 510.54810333252 606.668979644775 536.348832845688 636.493591308594 631.23176574707 681.014877319336 657.952728271484 666.857864379883
421.031730651855 519.601138114929 429.634948730469 518.783668518066 642.929649353027 569.319799423218 574.101280212402 533.03010559082 710.431083679199 543.50260925293 836.487655639648 485.001281738281 516.517028808594 948.509521484375 887.378257751465 588.911251068115 578.564058303833 374.464141845703 411.534042358398 487.581100463867 542.165502548218 480.039932250977 591.828430175781 562.087385177612 555.730167388916 617.07214641571 426.501052856445 490.812995910645 411.171295166016 508.591562271118 534.135330677032 587.019752502441 502.424716949463 465.564289093018 451.505111694336 536.358618378639 483.343063354492 490.535171508789 392.342758178711 384.533294677734 474.430030822754 581.371864318848 643.822456359863 518.571224212646 496.063537597656 559.116622686386 643.603088378906 540.640334606171 613.988830566406 555.285942077637
791.128192901611 611.671295166016 389.529937744141 535.862289428711 700.826921463013 743.465148925781 778.129547119141 596.574878692627 619.642981827259 930.998718261719 753.196538925171 428.528945922852 515.567932128906 658.922561645508 471.350738525391 1012.96060371399 467.696105957031 516.810304641724 577.54291343689 524.639716148376 506.874397277832 626.584285736084 691.70726776123 542.397636413574 719.542079925537 1631.66551208496 586.267261505127 506.155952453613 542.078447341919 593.202812194824 539.856712341309 496.09122467041 492.390399932861 593.04207611084 459.557243347168 533.016289375722 502.790396690369 601.281628608704 662.063812255859 568.164241790771 554.621609687805 549.640866279602 597.614593505859 559.891561508179 582.544120788574 565.881866455078 563.879826545715 635.068267822266 462.569000244141 566.497955322266
582.92414855957 542.369417190552 399.791038513184 492.185134887695 1266.71593475342 623.523735046387 655.870124816895 609.611656188965 768.131977081299 661.863952636719 700.421401977539 886.987941741943 405.098236083984 489.930801391602 461.126693725586 720.171446204185 769.846069335938 552.792055130005 570.181882858276 541.80237865448 575.588087081909 408.061126708984 437.65705871582 541.100440979004 512.829549789429 472.80477142334 410.659469604492 490.148948669434 577.722496032715 562.64155960083 387.543670654297 457.036338806152 450.210540771484 505.997491836548 544.720975875854 466.168724060059 496.153717041016 623.978797912598 557.403192520142 616.269340515137 694.554634094238 498.776287078857 362.09992980957 643.729537963867 548.691742181778 549.802954673767 599.998046875 599.047512054443 651.642402648926 591.787712097168
594.04125213623 549.701057434082 417.530838012695 434.086219787598 515.419631958008 651.948249816895 580.070720672607 1152.32690429688 1156.67246055603 557.105108261108 485.356834411621 582.75008392334 849.502166748047 599.295322418213 538.300674438477 531.622705459595 521.208976745605 402.157409667969 556.179536819458 574.14680480957 611.767883300781 490.316795349121 432.503509521484 507.927028179169 375.97444152832 506.266427993774 444.089683532715 508.039059638977 457.065406799316 449.645858764648 353.566604614258 397.921508789062 323.454132080078 416.24732208252 382.535278320312 488.826279640198 538.239007949829 446.505340576172 483.498995780945 483.579544067383 481.466009140015 618.182830810547 547.496363639832 565.684459686279 524.804029464722 504.263519287109 489.645317077637 653.683326721191 604.062324523926 590.414211273193
472.661121368408 616.611457824707 374.795867919922 412.06224822998 422.01330947876 362.524391174316 442.029205322266 435.672256469727 582.439994812012 410.913696289062 546.661514282227 480.189903259277 649.3974609375 857.263229370117 587.666275024414 645.057342529297 566.2021484375 407.598640441895 608.704467773438 584.612762451172 602.999801635742 434.796531677246 485.981410980225 555.150756835938 533.795505523682 476.638808846474 531.34718132019 562.799755096436 461.206462860107 583.286827087402 456.52502822876 468.427133560181 357.421157836914 510.177253723145 517.418940544128 557.785873413086 491.213438034058 377.817352294922 430.19352722168 495.718013763428 542.625442504883 588.977577209473 575.614135742188 564.852542877197 564.808074951172 514.883323669434 446.331069946289 513.829837799072 499.682510375977 659.346969604492
483.2802734375 381.869575500488 406.575729370117 397.324645996094 439.451194763184 495.170615196228 410.269638061523 459.670372009277 490.845236301422 428.083930969238 374.189514160156 431.69490814209 537.567705154419 576.076644897461 585.490524291992 504.464888572693 544.697671890259 467.765998840332 469.331764221191 544.720874786377 387.256408691406 456.279121398926 646.912231445312 596.516937255859 612.239639282227 429.186992645264 547.93542098999 625.446533203125 599.577758789062 546.277221679688 466.777992248535 448.976902008057 368.928100585938 420.54850769043 471.707088470459 589.142890930176 424.757141113281 532.880420684814 377.835861206055 503.083814620972 425.148422241211 554.444961547852 603.791221618652 586.531078338623 463.441474914551 448.926658630371 314.743881225586 386.185653686523 533.875127792358 597.331382751465
642.183792114258 424.968902587891 515.785068511963 530.833927154541 462.004381656647 526.643474578857 638.470428466797 460.977396011353 539.141506195068 624.601837158203 554.768463134766 406.623245239258 516.052030563354 636.752563476562 547.12797164917 490.142329692841 563.877624511719 516.99359703064 391.743835449219 523.363050460815 616.359603881836 575.579612731934 389.505767822266 591.63550567627 473.44845199585 639.842346191406 487.856182098389 593.149063110352 476.972877502441 553.97021484375 426.500526428223 482.382823944092 295.632385253906 491.954030990601 486.816410064697 449.332088470459 490.360795021057 457.681709289551 483.565076828003 441.875400543213 379.449417114258 458.898441314697 617.207290649414 570.906360626221 608.61784362793 487.384334564209 509.688171386719 584.952011108398 538.899766921997 656.41357421875
450.741235733032 498.51605796814 501.418794631958 504.975442886353 545.626403808594 362.287628173828 337.624877929688 405.115585327148 624.959754943848 390.541526794434 394.163940429688 453.933036804199 480.942593574524 534.399742126465 497.575281858444 528.619071960449 443.421558380127 531.426338195801 331.588424682617 423.951282501221 493.527236938477 502.180065155029 349.328674316406 493.717803955078 555.234855651855 543.597885131836 463.049176216125 526.856475830078 552.731262207031 446.210863113403 508.220489501953 510.538772583008 415.131187438965 433.730590820312 353.695098876953 526.207641601562 512.995271682739 482.954710006714 503.516079902649 429.819236755371 402.604858398438 508.117798805237 509.409872055054 565.345672607422 514.747610569 448.235145568848 573.131286621094 672.083312988281 581.624925136566 546.202527046204
417.044811248779 503.079654693604 455.887231826782 474.853941917419 389.083862304688 461.614524841309 596.198890686035 405.132659912109 435.649227142334 413.245903015137 421.227096557617 616.615135192871 631.628311157227 524.307769775391 432.589340209961 490.816304206848 471.87676525116 423.081298828125 432.780916213989 455.672909736633 440.528808116913 478.610033035278 365.663261413574 344.904159545898 504.221099853516 517.276599884033 544.702011108398 500.709415435791 681.942962646484 462.557335853577 517.926742553711 507.764070510864 556.647529602051 457.373340606689 459.146436691284 525.875396728516 528.995445251465 610.248420715332 408.491081237793 534.975521087646 546.710300445557 510.51399230957 504.060723304749 485.837760925293 452.030937194824 549.782197952271 470.197299957275 481.327541351318 493.977848052979 499.184219360352
489.845932006836 316.703308105469 482.258443832397 428.133897781372 445.495716094971 403.441444396973 476.364151000977 598.91340637207 466.170049667358 307.601928710938 498.332160949707 384.890800476074 452.976007938385 344.570220947266 485.512716293335 401.65747833252 370.242462158203 406.878345489502 406.246898651123 524.066619873047 385.88663482666 521.35143661499 458.519062042236 448.896814346313 544.124183654785 483.460567831993 438.927075386047 538.82884979248 607.906616210938 507.644857406616 504.540336608887 410.700172424316 465.567858695984 471.673219680786 558.688049316406 546.828437805176 407.767570495605 456.337554931641 552.187461853027 476.309742212296 557.777618408203 477.592842102051 386.478424072266 420.42374420166 523.436458826065 555.443603515625 527.494924545288 612.928916931152 508.211959838867 576.187997817993
550.105674743652 568.949829101562 331.097671508789 440.03911781311 478.511192321777 248.907211303711 434.255703926086 568.171646118164 525.537784576416 480.255039215088 436.258518218994 442.988170623779 500.641082763672 478.825368881226 468.635236620903 403.215274810791 549.428970336914 599.403564453125 438.05001449585 523.034397125244 483.111524581909 365.449821472168 394.926719665527 556.056968688965 498.395782470703 463.202460765839 424.104091644287 500.691600799561 637.731094360352 619.572113037109 509.359970092773 331.897842407227 560.967018127441 547.762199401855 555.736503601074 465.688102722168 509.769598007202 442.988800048828 389.52360534668 443.435062408447 442.730403900146 436.231269836426 294.28239440918 438.265174865723 537.01231098175 533.294917106628 516.223546981812 524.893940925598 522.730541229248 537.10111618042
489.415145874023 373.287895202637 413.533527374268 396.592189788818 456.470249176025 531.980537414551 491.246767997742 327.613861083984 432.559116363525 516.122261047363 448.132772445679 473.148002624512 490.507028579712 541.398994445801 509.635639190674 414.74751663208 541.519760131836 603.954544067383 453.493698120117 547.342185974121 528.544078826904 454.720024108887 414.181762695312 620.772750854492 471.025087356567 544.086158752441 561.958206176758 518.589202880859 590.195922851562 538.940475463867 473.768310546875 579.566841125488 584.338729858398 440.648002624512 343.624122619629 318.751251220703 399.398170471191 439.697868347168 508.205605506897 496.259557723999 362.060852050781 601.216667175293 454.396667480469 490.613235473633 475.652202606201 535.089733600616 385.309234619141 483.458396911621 514.469586372375 477.674198150635
429.837639808655 514.940208435059 503.446907043457 412.351142406464 329.311683654785 386.072799682617 429.130428314209 413.941612243652 398.772987365723 488.273065567017 444.195114135742 489.731337547302 353.218490600586 563.153762817383 507.60239982605 420.961040496826 469.062080383301 376.052909851074 386.550338745117 433.845291137695 479.175624936819 403.960346221924 446.795185089111 573.342094421387 432.406303405762 447.750993728638 318.236785888672 483.178224802017 503.863994598389 524.23148727417 519.350898742676 487.782939910889 606.901580810547 408.922080993652 429.413887023926 362.775253295898 386.768928527832 406.89672088623 429.492031097412 456.788192749023 426.758918762207 482.726486206055 516.358423233032 472.54292678833 542.357208251953 424.345779418945 387.415817260742 485.801204681396 510.353412628174 626.262641906738
494.9697265625 640.714691162109 612.538131713867 440.976160049438 505.231559753418 597.506698608398 507.939437866211 427.050863265991 495.619743347168 419.380559921265 423.743015289307 283.619079589844 365.49976348877 395.672607421875 459.548177719116 300.509643554688 424.153953552246 564.463401794434 585.007057189941 379.991592407227 591.600219726562 477.311913013458 572.605819702148 478.66127538681 306.229751586914 330.370307922363 309.774688720703 460.161308288574 385.466804504395 427.461967468262 613.152206420898 567.848037719727 477.318657875061 433.463916778564 447.999668121338 412.209533691406 503.178229808807 561.039947509766 506.615165710449 468.57532119751 421.909721374512 549.468467712402 570.24942779541 541.753074645996 499.443290710449 538.46443939209 412.751182556152 380.834060668945 445.501693725586 556.776363372803
555.985641479492 727.847808837891 579.700225830078 468.155700683594 475.783761978149 550.872917175293 608.19172668457 530.128143310547 491.583141326904 411.785760879517 465.252024769783 295.005767822266 345.922340393066 321.237655639648 305.240417480469 389.581787109375 483.378714084625 497.735111236572 463.889227390289 433.681678771973 426.415435791016 530.924610137939 561.039833068848 522.773406982422 442.929180145264 433.524219512939 593.894752502441 596.681381225586 541.534236907959 376.939559936523 541.493988037109 550.744667053223 388.192993164062 372.602531433105 586.851303100586 544.624946594238 440.763248443604 448.670017242432 379.232452392578 513.236585617065 524.811425209045 479.288934707642 396.706069946289 392.707885742188 383.781921386719 343.99787902832 345.478134155273 277.329956054688 398.065452575684 457.76261138916
