simdem/realisation77.asc
NCOLS 350 
NROWS 171 
XLLCORNER 152620 
YLLCORNER 418050 
CELLSIZE 100 
NODATA_value -9999 
[rows 66 to 87 of 171, columns 200 to 249 of 350]
738.412635803223 724.727149963379 620.185882568359 682.815236091614 598.307624816895 572.026733398438 667.715522766113 658.530633926392 615.290271759033 512.50764465332 507.328842163086 559.440613746643 608.23669052124 546.005905151367 464.461090087891 606.303188323975 628.802837848663 577.993026733398 644.487998962402 592.809623718262 677.20779800415 649.393524169922 742.75146484375 779.66520690918 815.820770263672 738.907043457031 581.047822237015 631.651918411255 739.225601196289 568.075326919556 533.158966064453 584.578186035156 429.183837890625 585.478355407715 649.458776473999 774.144027709961 825.313934326172 694.940559387207 682.05936050415 625.639382362366 591.551307678223 679.176494598389 600.899234771729 473.068145751953 522.370655059814 579.956123352051 611.63006401062 545.0791015625 565.973190307617 569.000717163086
662.551782608032 787.796981811523 729.908264160156 651.960577011108 644.318763494492 657.358734130859 589.124404907227 641.900248527527 690.41166305542 509.751403808594 493.195892333984 642.138742446899 787.858688354492 644.935884475708 665.727462768555 756.537567138672 548.579410552979 609.865780517459 702.745727539062 985.608459472656 762.215225219727 811.480743408203 663.52428817749 670.513847351074 747.502380371094 675.211316108704 584.724254608154 589.076064109802 694.783950805664 651.178688049316 637.083702087402 585.141311645508 465.805191040039 535.753257751465 795.262554168701 845.419395446777 986.507476806641 745.644065856934 743.776611328125 763.521186828613 690.609077453613 670.518676757812 713.258583068848 794.305236816406 432.51416015625 497.622009277344 581.905601501465 591.735731124878 801.374420166016 708.742607116699
518.350440979004 834.994262695312 643.200364112854 702.245273590088 567.640815734863 671.772529602051 618.91820526123 616.900207519531 618.427577972412 705.231666564941 648.807951450348 645.829731523991 737.090049743652 639.429103851318 651.426899671555 682.609741210938 671.879348754883 665.428764343262 741.099998474121 615.371103286743 725.514923095703 675.584613800049 573.83394241333 609.007698059082 539.301368713379 633.381034851074 511.34984588623 639.531162261963 644.515071868896 721.227401733398 722.903926849365 862.65283203125 614.728639602661 597.678726196289 618.124156951904 833.822357177734 856.451385498047 676.297006607056 682.748863220215 724.186882019043 758.096099853516 727.358558654785 742.665840148926 601.47979927063 570.511383056641 540.462112426758 646.752514123917 730.784057617188 662.99875831604 703.896301269531
719.825309753418 668.149719238281 629.184402942657 739.481597900391 664.198566436768 631.081758499146 648.550407409668 554.073722839355 678.983543395996 674.195533752441 709.170253753662 685.906921386719 696.313798904419 719.487022399902 655.714424133301 657.755367279053 709.919815063477 633.112192153931 672.514247894287 742.141654968262 786.635032653809 802.301147460938 694.290473937988 662.10245513916 618.59545135498 597.892772674561 432.972320556641 579.228935241699 501.708526611328 496.790649414062 691.458656311035 660.467603683472 576.292322158813 660.162907600403 674.393329620361 656.501466751099 686.418621063232 689.932144165039 764.818428039551 624.794589996338 691.871711730957 796.741241455078 586.861511230469 636.184882640839 663.848918914795 592.224449157715 687.933441162109 645.189437866211 670.189239501953 615.006046295166
584.403125762939 709.328567504883 542.850166320801 622.607210874557 487.58332824707 610.448272705078 502.926422119141 666.226039886475 541.82307434082 588.631679534912 706.333786010742 699.495740413666 662.255912780762 742.41690826416 581.932670593262 650.652760028839 726.713409423828 687.591262817383 684.805919647217 701.970235824585 847.63671875 871.505813598633 722.59107208252 675.797128677368 474.322647094727 441.211532592773 428.482360839844 659.245613098145 601.94966506958 604.207551002502 607.653754234314 611.290780544281 634.654021978378 641.110168457031 710.745935678482 559.552513122559 434.490875244141 674.638824462891 741.412574768066 627.950637817383 660.116649627686 722.895874023438 716.783027648926 693.65113067627 518.43921661377 596.100299835205 750.304069519043 658.046448707581 624.650727272034 670.9436378479
600.576901435852 595.745595932007 567.142028808594 458.507659912109 591.878059387207 583.14977645874 590.848129272461 608.270462036133 586.668190002441 674.584027290344 651.945789337158 598.857204437256 529.468322753906 652.804930686951 712.96533203125 577.837957382202 652.807085037231 781.626770019531 672.175788879395 933.407699584961 845.119110107422 798.229782104492 624.797248840332 674.893865585327 627.209264755249 550.706466674805 433.802337646484 636.691458702087 569.533863067627 595.541059970856 574.042388916016 592.415927886963 592.292085647583 611.236351013184 591.467678070068 582.763717651367 725.979431152344 681.640602111816 703.777328491211 702.612297058105 559.538150787354 632.070915222168 646.80396270752 536.859344482422 717.202217102051 725.087020874023 676.33776473999 571.504371643066 754.598745346069 545.215690612793
491.391128540039 656.537200927734 640.171286582947 569.158554077148 615.451841592789 609.684349060059 610.439123719931 510.49430847168 594.547203063965 665.367925643921 701.595932006836 739.204689025879 543.955078125 405.832489013672 580.270820617676 592.610836029053 739.171257019043 925.981842041016 1019.89949035645 1006.44288635254 815.304689407349 921.813446044922 741.74284362793 625.881825447083 673.392765045166 529.836288452148 414.160171508789 613.867622375488 639.514043807983 589.146381378174 547.666168212891 719.743118286133 560.937606811523 543.759483337402 569.568790435791 580.590236663818 516.951095581055 635.863616943359 589.165864944458 523.752342224121 464.36083984375 608.97961807251 559.328758239746 523.212387084961 603.541024208069 542.446258544922 613.443838119507 558.410186767578 627.425586700439 653.553382873535
646.044408798218 621.763020515442 641.149253845215 532.124076843262 554.921615600586 695.824531555176 587.899894714355 527.445121765137 664.053588807583 716.886787414551 708.238143920898 810.809494018555 729.442848205566 554.274345397949 609.747307777405 580.347927093506 679.970951080322 842.897064208984 794.785991668701 898.127346038818 865.285724639893 931.970901489258 938.806243896484 733.447036743164 623.177198886871 620.742283403873 511.09400177002 656.757536411285 752.686813354492 632.410326957703 524.019386291504 656.574859619141 869.863822937012 657.243625640869 543.578647613525 620.016109466553 417.235290527344 579.609043121338 610.635356903076 581.012983322144 494.474090576172 539.409294128418 658.320394515991 718.967163085938 641.134468078613 683.903835296631 611.945543348789 529.798149108887 612.404209136963 628.349842071533
673.850593566895 667.00199508667 705.987007141113 829.790344238281 656.38374710083 575.668251037598 630.055494844913 692.297346115112 578.975517272949 686.677613049746 605.596000671387 605.913196563721 718.305763244629 628.542608261108 659.851600646973 549.810104370117 644.451945543289 607.048034667969 689.697088241577 742.658729553223 899.759895324707 938.137252807617 1188.71635437012 985.663436889648 792.634315490723 775.135589599609 620.710366249084 655.0514793396 766.134033203125 539.123558044434 587.394004821777 733.537971496582 698.833736419678 525.49292755127 643.074741363525 557.88712310791 628.927273750305 801.567916870117 711.429573059082 731.842414855957 568.356575012207 689.764472961426 776.243759155273 622.894909858704 661.336261749268 613.531938552856 551.077713012695 644.564889907837 544.722198486328 620.530297279358
744.290283203125 704.192100524902 790.569458007812 715.671630859375 647.09478187561 517.666709899902 681.798545837402 686.996711730957 770.963920593262 654.50884437561 810.556732177734 643.409461975098 653.639552116394 638.436408996582 677.106281757355 548.226638793945 542.956806182861 641.801603555679 728.392263412476 773.134157180786 616.033809661865 664.610763549805 604.494171142578 824.039283752441 930.138336181641 1004.64447021484 1000.06879425049 720.233703613281 559.471923828125 633.927715301514 535.212852478027 666.46435546875 538.993453979492 536.006462097168 637.678100585938 501.136047363281 601.201690673828 734.894165039062 715.624717712402 803.037017822266 638.291911125183 641.257242202759 609.002378463745 608.590077400208 557.738800048828 626.230144500732 503.844032287598 626.088804543018 548.168487548828 616.847907304764
659.336322784424 657.533843994141 699.71036529541 494.640335083008 577.437324523926 708.041061401367 651.639183044434 768.798118591309 739.578750610352 833.875457763672 746.755584716797 516.770797729492 611.696327209473 634.942493438721 578.891563415527 752.638702392578 551.218845367432 641.207790374756 764.195006370544 609.149520874023 683.323837280273 795.086101531982 587.85578918457 802.534042358398 870.570457458496 842.447509765625 740.394378662109 932.134094238281 816.096113681793 579.652927398682 1194.51067352295 573.591217041016 588.023391723633 554.060005187988 539.060180664062 573.148773193359 780.789459228516 639.659337997437 671.530086517334 586.991073608398 817.872024536133 641.262478590012 511.443435668945 501.668075561523 600.881776809692 583.768489837646 615.945482254028 634.79741859436 664.459850311279 531.540061950684
694.459922790527 652.935874938965 769.6630859375 533.62508392334 672.474266052246 665.911960601807 773.123550415039 728.290893554688 748.179229736328 809.34593963623 732.706970214844 537.260848999023 573.093982696533 666.795404434204 635.174381256104 640.793291091919 717.066986083984 576.785568237305 772.475456237793 898.578742980957 827.209003448486 821.127532958984 698.599962234497 812.244190216064 744.135220050812 768.608242511749 593.02961730957 935.747964859009 1016.8690032959 822.811975479126 754.58620929718 748.036626815796 683.271659851074 686.318859100342 543.882614135742 693.020420074463 747.695739746094 500.334579467773 662.064591407776 684.723651885986 725.727005004883 762.843353271484 522.420669555664 642.347087860107 524.611686706543 624.967810153961 691.441078186035 660.323139190674 622.269102573395 615.056049346924
740.309219360352 668.41206741333 546.892189025879 523.546508789062 589.136852264404 632.960634231567 702.82633972168 718.378433227539 761.458976745605 696.111785888672 704.237251281738 551.722602844238 626.247608184814 738.079513549805 583.453136444092 746.61262512207 666.904518127441 585.341033935547 680.149995803833 793.591329574585 965.543495178223 904.305995941162 703.278396606445 616.754112243652 706.174249649048 701.578712463379 714.918752670288 891.404623031616 1262.33550262451 1310.46115112305 783.423843383789 838.961807250977 759.399072170258 793.004280090332 580.871307373047 529.174140930176 619.580402374268 652.69031047821 703.805881500244 732.919151306152 774.103227615356 634.029325485229 531.59642791748 688.967197418213 586.947292327881 556.357273101807 717.19206237793 696.832168579102 594.89768409729 541.205749511719
640.425996780396 711.15885925293 549.928977966309 522.821342468262 536.914321899414 651.883228302002 573.048740386963 673.0784034729 633.4000415802 758.694915771484 695.370649337769 598.450668334961 535.385726928711 700.5133934021 686.475086212158 690.538509368896 627.244169235229 613.325458526611 630.162603378296 728.539657592773 684.197861671448 733.01309967041 716.400009155273 642.187194824219 622.071914672852 773.102979660034 651.472854614258 794.091903693974 1203.64366340637 1079.29337906837 974.851348876953 988.971355438232 930.844718933105 957.876724243164 830.605529785156 674.739811182022 684.272724151611 700.57120513916 710.284790039062 795.029907226562 773.238372802734 845.189392089844 608.610651016235 527.873184204102 628.302582979202 709.445625305176 484.985305786133 523.593292236328 659.140966415405 825.231353759766
563.943202972412 564.847583770752 587.313571929932 562.412605285645 671.615264892578 654.853282928467 698.985198974609 624.674022674561 640.762320041656 802.659118652344 834.072906494141 929.881011962891 725.961006164551 702.134120941162 768.001274108887 520.615295410156 689.398826599121 742.293041229248 692.009115695953 696.956623077393 566.089572906494 550.107620239258 642.190059661865 613.74787902832 673.266494274139 728.517870903015 752.43864440918 696.796516418457 725.509552001953 885.576496124268 852.50740814209 1246.0690279007 1217.01890563965 1054.67537689209 1276.36470031738 896.430938720703 730.414169311523 692.817562103271 655.85150718689 498.486099243164 656.261056900024 701.282579421997 695.898948669434 563.947288513184 658.428455352783 692.877841949463 430.048294067383 529.233535766602 696.885711669922 696.618225097656
654.231471061707 518.398422241211 513.754257202148 563.907207489014 551.622520446777 686.629455566406 641.228807449341 696.521308898926 556.786510467529 689.452131271362 748.813377380371 788.919044494629 599.426002502441 728.772247314453 653.551436066628 551.557281494141 622.928321838379 626.580396652222 617.68737411499 663.519500732422 549.635848999023 471.77702331543 575.052215576172 546.675720214844 643.371023178101 611.785316467285 747.991714477539 797.052088260651 764.29020690918 920.451698303223 751.023345947266 975.425910949707 1096.33351135254 1278.89111328125 1143.58486938477 1153.59951782227 687.690343260765 718.127471923828 692.251283168793 662.476346969604 697.181720733643 634.945266723633 743.748016357422 678.874458312988 794.302886962891 711.219615936279 598.074207305908 531.119277954102 572.543636322021 614.329477310181
609.743789672852 735.154373168945 624.100803375244 612.601977348328 636.007774353027 680.581035614014 707.547050476074 600.595304489136 498.426116943359 403.351058959961 703.508804321289 701.792912006378 710.736862182617 734.377708435059 719.016052246094 513.704788208008 640.597968101501 705.588146209717 572.182464599609 430.744079589844 477.991439819336 569.380790710449 602.879531860352 691.699997901917 621.422420501709 732.325532913208 803.713523864746 623.271614074707 734.644065856934 567.113571166992 783.496536254883 977.020462036133 1010.35284423828 1396.474609375 952.707973480225 1372.14109039307 717.317873954773 651.211357116699 744.8115234375 764.844142913818 416.490203857422 581.907119750977 679.44993019104 704.999408721924 525.220710754395 645.128499984741 723.800094604492 515.392501831055 615.042511940002 603.403762817383
563.997055053711 552.036117553711 730.951564788818 759.50464630127 676.321239471436 655.68909072876 600.416278839111 622.741163253784 458.386032104492 454.643585205078 592.451881408691 660.144905090332 763.883811950684 719.798351287842 762.05443572998 601.097778320312 752.352935791016 702.575698852539 618.412998199463 737.070953369141 610.989372253418 677.076000213623 620.880065917969 607.954322814941 727.427639007568 685.853267669678 703.498878479004 832.806716918945 742.207214355469 792.301982879639 786.354141235352 811.271263122559 1000.82847595215 1185.74946594238 1025.70673942566 1049.73881149292 1075.2181854248 893.00963973999 706.361320495605 559.780449464917 557.384307861328 589.37580871582 714.382698059082 705.710395812988 655.760848999023 485.761413574219 455.776748657227 570.95853805542 700.456317901611 529.756217956543
674.292407512665 557.896026611328 645.013378143311 681.267913818359 707.557136535645 656.021747589111 672.038661956787 792.049453735352 556.102714538574 553.520683288574 649.962917327881 672.083167076111 805.73291015625 671.306256771088 746.419395446777 803.50749206543 786.259201049805 632.435972213745 601.407684326172 655.616484642029 680.697486877441 661.597337722778 607.184524536133 585.149585723877 703.212817192078 660.556835144758 805.517120361328 732.56713104248 681.179930686951 767.402976989746 802.29167175293 823.289558410645 966.537021636963 889.547462463379 1070.05791091919 1064.02367782593 860.569614887238 823.543521881104 689.636198043823 698.967857837677 672.158699035645 713.072858810425 843.587020874023 765.495324134827 880.702892303467 1017.85447216034 992.89453125 940.838771820068 602.817070007324 599.308624267578
558.86376953125 603.048252105713 615.981910705566 604.889976501465 667.85795211792 681.105537414551 706.106605529785 557.015506744385 634.094211578369 565.893043518066 799.835235595703 670.426427841187 744.973815917969 723.94441986084 667.274881362915 705.248908996582 458.524017333984 618.710457414389 492.651321411133 608.391468048096 601.126113891602 563.795257568359 717.466533660889 632.745309829712 726.126846313477 706.949314117432 808.11173248291 787.753540039062 722.454605102539 735.905975341797 783.731704711914 702.163549423218 850.676568031311 801.653282165527 783.580962181091 783.742486953735 652.519733428955 918.884948730469 616.302070617676 587.563659667969 617.813903808594 768.726898193359 757.193252563477 637.292999267578 694.216751098633 862.156436920166 974.731952667236 885.628677368164 822.647598266602 529.718109130859
617.52562713623 685.97466802597 717.816757202148 612.531398773193 592.808124542236 585.539936065674 627.535139083862 573.8557472229 683.377342224121 609.698138237 404.320190429688 610.251968383789 624.681770324707 643.35623550415 669.303663253784 652.100189208984 537.686569213867 610.267868041992 605.308679580688 657.4036693573 632.534770965576 770.423126220703 521.416381835938 776.328788757324 644.421594142914 619.29748916626 703.566181182861 853.229148864746 588.575992584229 761.355964660645 730.054679870605 580.200088500977 706.457405090332 535.146011352539 615.933052062988 687.751182556152 561.119659423828 723.857913970947 590.427589416504 642.582382202148 789.715602874756 823.214317321777 787.504234313965 797.899305343628 781.727530002594 916.497915267944 820.082130432129 807.582183837891 958.545185089111 574.672286987305
775.485427856445 777.53466796875 692.095885276794 779.591339111328 634.361360549927 683.256080627441 627.290572166443 577.346683502197 674.2346534729 566.735149383545 576.863483428955 689.922832489014 654.296299934387 728.146953582764 683.663534164429 653.305178642273 629.187705993652 676.260613441467 750.746719360352 617.088431358337 638.541857123375 621.631967544556 744.928863525391 733.113525390625 550.704528808594 558.893180847168 706.40255355835 884.780563354492 1174.44211292267 614.543846130371 505.74267578125 604.065202713013 598.5061378479 633.541268587112 863.920883178711 620.397644042969 572.932758331299 675.550880432129 578.451446533203 623.795280456543 744.79955291748 914.779327392578 808.541244506836 801.139354705811 584.956390380859 876.927642822266 952.565032958984 993.98161315918 1024.07863235474 1049.88580322266
