simdem/realisation96.asc
NCOLS 350 
NROWS 171 
XLLCORNER 152620 
YLLCORNER 418050 
CELLSIZE 100 
NODATA_value -9999 
[rows 44 to 65 of 171, columns 250 to 299 of 350]
603.257568359375 864.714721679688 785.78838634491 768.751895904541 735.091930389404 595.553817749023 631.628883361816 669.930618286133 686.993854522705 769.926694869995 617.191528320312 768.138877868652 705.303131103516 750.131589889526 762.843645572662 775.312395095825 677.250396728516 760.149725914001 774.973302364349 904.884757995605 776.035442352295 697.167472839355 789.958162307739 664.430038452148 810.842273712158 770.78299331665 833.638877868652 748.252700805664 588.232574462891 596.794906616211 727.85237121582 761.807144165039 896.149342536926 889.946513175964 652.466552734375 710.558135986328 728.195880889893 752.794647216797 738.363540649414 807.076202392578 760.591361999512 840.02251625061 839.522922515869 783.430728912354 630.654846191406 551.111663818359 704.759719848633 677.409149169922 776.586860656738 742.943199157715
629.850090026855 806.28529548645 675.417964935303 686.453060150146 735.492038726807 657.899883270264 724.688124656677 710.674810409546 640.116706848145 509.214996337891 581.820449829102 632.405906677246 825.900215148926 701.752288818359 797.408882141113 736.157041549683 675.443836212158 750.096999168396 757.026000976562 768.75276184082 825.237030029297 734.475744247437 674.293174743652 740.932070732117 955.024589538574 751.978176116943 649.617752075195 626.600952148438 717.72917175293 894.974304199219 818.975875854492 797.343933105469 999.8100938797 736.663902282715 661.814361572266 716.222915649414 875.866539001465 635.170959472656 1319.97021484375 1004.6552977562 879.844467163086 1208.08563232422 810.972450256348 884.993534088135 752.383506774902 685.787963867188 863.505508422852 703.475311279297 823.345264434814 773.108139038086
761.449892282486 700.818103075027 690.225435256958 619.27685546875 706.053520202637 680.298593521118 724.102301478386 604.125793457031 583.123443603516 571.235321044922 568.019424438477 698.818199157715 744.701732635498 670.465650558472 681.463413238525 725.503395080566 816.877479553223 825.115673065186 889.581623077393 770.502823829651 797.636421203613 735.342446804047 685.509864807129 669.727821350098 665.711845397949 1256.91098022461 615.872543334961 1176.32959890366 1239.80894374847 558.786437988281 575.604675292969 664.765625 845.517200469971 820.822456359863 1001.85877990723 1264.56365966797 1059.85023498535 759.093772888184 1377.89967250824 1354.97022914886 876.10343503952 1027.09893798828 967.976486206055 843.419822692871 1114.31715393066 785.611038208008 1359.44532012939 753.589981079102 926.543468475342 1013.87004089355
775.00443649292 688.627305984497 690.188550949097 682.548707962036 774.757736206055 603.119560241699 725.810520648956 568.905303955078 626.280151367188 684.181186676025 630.938255310059 827.432891845703 607.611389160156 750.902256011963 824.60230255127 917.823852539062 956.69482421875 807.563985824585 805.210803985596 752.252196311951 677.411590576172 653.642074584961 725.156165122986 697.80908203125 778.866451263428 948.809936523438 593.115844726562 1074.26398468018 853.929885864258 1136.53520202637 675.002548217773 773.699600219727 804.227127075195 1175.61926174164 759.957015991211 894.696548461914 1137.25430297852 812.771081447601 1158.01698303223 1019.32414245605 934.931854248047 878.572624206543 1186.77233886719 916.461227416992 861.480819702148 698.229797363281 763.652366638184 816.184768676758 929.023265838623 905.278049468994
705.759700775146 770.750225067139 687.823251724243 681.592297554016 717.922039031982 652.088775634766 724.625199317932 754.096195220947 759.709266662598 803.80687713623 783.881072998047 656.513671875 738.460903167725 726.844200134277 835.208648681641 748.384965419769 780.102491378784 788.093563079834 775.876209259033 656.647048950195 660.781211853027 692.091106414795 757.249813377857 728.063587188721 713.877807617188 467.122314453125 632.355453491211 914.298454284668 763.920647144318 1094.84386825562 1249.60552215576 751.936714172363 804.340751647949 740.398071289062 644.921813964844 725.583557128906 1033.46334838867 803.408349990845 1547.67034912109 1138.57147026062 887.592456817627 763.18297958374 879.774383544922 897.256759643555 699.689392089844 878.80793762207 757.858795166016 1912.50089263916 956.693008422852 844.36354637146
688.862077713013 622.004837036133 687.965426683426 834.524765014648 682.50936126709 679.714603424072 695.695385456085 716.855004072189 734.22537612915 908.825393676758 646.906921386719 776.520875930786 686.351909637451 721.126632213593 755.402973175049 804.919883728027 706.143800735474 744.8912525177 770.107353210449 728.485848069191 741.710962533951 785.827987670898 518.033706665039 737.061141967773 660.233596801758 1112.6432762146 942.950338363647 821.90075302124 816.426895141602 841.105228424072 952.980716705322 818.424240112305 743.196502685547 620.530090332031 1176.42535400391 598.697814941406 888.174732208252 680.754264831543 952.622963905334 805.627415657043 920.797497749329 1004.29486083984 848.966293334961 1052.01130390167 784.700744628906 619.496795654297 871.601631164551 816.609176635742 823.244863510132 879.1982421875
669.093002319336 712.474465370178 662.863443374634 777.462554931641 719.459541320801 857.267303466797 744.421611785889 718.606229782104 608.223838806152 677.946617126465 686.065460205078 814.601402282715 650.030818939209 803.31770324707 741.43195438385 707.566393375397 896.477523803711 746.85082244873 701.446478843689 732.684278964996 672.089504241943 661.209846496582 714.676170349121 752.091916322708 669.254219055176 740.433044433594 963.146551132202 1013.1874961853 767.744428634644 773.024524688721 1116.7878704071 901.152984619141 557.310424804688 554.036529541016 682.558563232422 746.680084228516 709.893814086914 1202.95492553711 985.458408355713 993.959348678589 1139.92337036133 896.348526000977 687.716133117676 825.863983154297 848.562545776367 692.382247924805 627.423950195312 1217.48845863342 1105.32451248169 800.409836769104
502.55534362793 739.477676391602 818.335746765137 669.689640045166 786.039134979248 724.288057327271 503.408233642578 617.071731567383 657.742073059082 796.262397766113 801.726982116699 910.358779907227 746.25076675415 778.336444854736 730.176554679871 758.468872070312 796.586433410645 784.523918151855 632.790641784668 685.240943908691 750.48152923584 687.185195922852 678.860137939453 608.552474975586 713.036811828613 895.935934066772 996.848731994629 953.725036621094 759.52815246582 795.2585105896 979.434349060059 895.593490600586 718.728881835938 1101.21185302734 1006.6325378418 744.18669128418 660.500640869141 717.802734375 834.791610717773 967.226890563965 962.220428466797 814.755609512329 656.276214599609 765.71849822998 977.477760314941 708.528289794922 911.416610717773 750.494773864746 767.883682250977 915.293312072754
763.661376953125 606.54035949707 695.19637298584 718.215667724609 646.579544067383 840.763336181641 657.254615783691 558.784057617188 697.445911407471 809.887672424316 902.096160888672 822.669929504395 836.839279174805 744.928760528564 679.103200435638 773.414848327637 731.012397766113 760.928508758545 778.269680023193 717.970701217651 520.511352539062 646.804008483887 569.026351928711 623.866607666016 797.413524627686 1008.25020217896 984.363235473633 783.060928344727 753.915985107422 838.149230003357 573.535507202148 694.591278076172 906.728332519531 1212.55101013184 828.949234008789 680.768157958984 931.950347900391 551.540954589844 789.251647949219 933.984323501587 788.520462036133 746.026134490967 794.935287475586 727.827171325684 667.89274597168 738.289070129395 1165.00638580322 766.480316162109 936.225410461426 851.387058258057
465.268371582031 836.600196838379 676.598526000977 696.835787296295 625.835311889648 730.178283691406 682.180387496948 790.174522399902 845.717880249023 916.891555786133 1216.15818786621 653.785598754883 822.216850280762 565.18701171875 862.83678817749 886.45100402832 594.04736328125 613.261947631836 632.588806152344 1593.22345733643 828.831466674805 560.352645874023 588.8798828125 1318.1517868042 838.955211639404 735.666889190674 682.419281005859 789.143581390381 868.967681884766 753.798072814941 723.41463470459 1119.07457733154 825.456573486328 811.540100097656 671.583023071289 1094.3395690918 760.811187744141 738.976898193359 647.910110473633 571.62565612793 1104.34115600586 779.413520812988 763.075317382812 754.905139923096 733.328132629395 745.153358459473 779.358863830566 661.201477050781 728.509452819824 744.339736938477
426.888656616211 550.828643798828 712.169889450073 591.643669128418 722.423034667969 923.106147766113 684.635562896729 769.013153076172 863.306343078613 805.385322570801 739.432382583618 1482.17538833618 834.918632507324 1191.26883411407 1010.51542663574 1673.94269943237 510.819137573242 756.181488037109 755.179672241211 573.169235229492 380.537200927734 325.977386474609 494.578765869141 776.063385009766 658.265014648438 589.703918457031 695.493103027344 915.20582485199 900.790519714355 843.011089324951 769.585712432861 622.337097167969 1017.30909729004 750.241790771484 812.966377258301 829.688064575195 1067.01745605469 648.575576782227 730.99340057373 661.454132080078 875.224227905273 799.831817626953 741.336631774902 855.268424987793 812.664957046509 871.913761138916 775.386127471924 912.578796386719 752.181900024414 813.206110715866
603.993267059326 687.406186103821 736.857841491699 705.465762138367 719.091651916504 712.885948181152 600.835819244385 1305.77875518799 794.731567382812 801.132929801941 680.449317932129 720.550323486328 692.840572357178 873.688117980957 845.987533569336 1526.30121612549 551.60302734375 1272.90553283691 778.457668304443 681.444000244141 1131.65951538086 963.032592773438 1655.65344238281 768.573623657227 858.574478149414 1096.89852905273 763.833374023438 672.507926940918 859.346717834473 853.706211090088 936.333364486694 748.354202270508 696.183082580566 706.416778564453 1007.23123168945 797.458717346191 1089.02242279053 922.622039794922 663.079620361328 1114.77590942383 1331.8108291626 907.188217163086 1317.81536865234 813.192801952362 732.806381225586 689.385704040527 894.590621948242 656.75798034668 840.480880737305 639.477096557617
792.050941467285 796.171028137207 784.920463562012 653.010610580444 638.511947631836 661.497798919678 629.099060058594 636.25972366333 727.152751922607 598.631134033203 622.382095336914 772.460716247559 820.437852859497 899.985374450684 670.12130355835 616.275238037109 902.155097961426 589.488464355469 715.047256469727 730.564025878906 592.431549072266 586.299942016602 1684.22592163086 1917.8936920166 657.538330078125 859.726161956787 817.745307922363 635.17399597168 675.492050170898 858.531282424927 673.772735595703 750.019578933716 752.973724365234 848.66577911377 893.800514221191 721.084526062012 598.147384643555 865.048416137695 902.951019287109 1201.61920928955 709.241081237793 880.703105926514 837.486820220947 881.874084472656 780.958862304688 787.643913269043 824.322626113892 715.870735168457 482.350738525391 793.341705322266
737.223701477051 679.797317504883 616.969146728516 678.135412782431 634.443065643311 660.107112884521 627.482402801514 519.272644042969 681.759792983532 629.039051055908 622.936603546143 690.82977604866 622.535808563232 544.98957824707 568.806747436523 616.668106079102 774.034313201904 748.275640487671 831.929440498352 933.362533569336 719.570003509521 710.261363983154 1038.95140075684 592.947685241699 771.184326171875 854.083145141602 834.544689178467 776.97200012207 657.063629150391 714.416145324707 978.144172668457 724.669235229492 634.239707946777 804.893196105957 881.020866394043 1342.90780448914 751.071891784668 810.591976165771 831.675987243652 628.718788146973 533.211059570312 864.564331054688 832.870803833008 834.717735290527 824.426564216614 895.961921691895 793.509203910828 834.527060508728 395.196472167969 786.23876953125
700.037719726562 572.889633178711 646.616844177246 679.606163978577 706.861108779907 650.445822238922 668.265790939331 680.685450553894 717.070201873779 722.420867919922 592.820724487305 565.577011108398 718.2506980896 559.781280517578 555.303741455078 538.280487060547 631.913589477539 655.78018951416 906.644485473633 892.418701171875 734.961235046387 708.489887237549 950.353881835938 594.116027832031 953.514465332031 642.349868774414 693.305320739746 834.511085510254 835.115653991699 751.313064575195 714.303749084473 610.480850219727 756.498695373535 935.458427429199 837.895542144775 775.827238082886 854.903213500977 892.351055145264 802.835781097412 920.330665588379 806.902526855469 689.001037597656 778.056751251221 789.040937900543 735.525344848633 688.70662689209 711.154708862305 712.854141235352 798.525604248047 1894.78686523438
672.068307876587 597.42749786377 742.647766113281 797.917297363281 616.634986877441 750.062957763672 670.207822799683 475.538681030273 626.762722015381 696.26830291748 812.102653503418 790.33235168457 678.110610961914 620.498764038086 524.708770751953 649.214756011963 733.65055847168 699.412506103516 909.777420043945 1122.64891052246 700.335868835449 795.803932189941 763.211873531342 757.793285369873 726.13321685791 696.078964233398 694.307884454727 885.636486053467 815.029357910156 602.379089355469 722.842002868652 669.329601287842 791.701892852783 885.412078857422 934.043243408203 843.435119628906 652.535186767578 835.093784332275 824.445932388306 950.798530578613 735.771343231201 786.34369468689 751.730381011963 748.808626174927 718.536598205566 683.197555541992 655.767486572266 689.482788085938 1166.68124389648 1664.83750915527
576.736701965332 573.589324951172 703.132083892822 624.570056915283 693.603694915771 675.849011898041 718.351551055908 686.097136616707 695.792482376099 699.201444625854 683.956054210663 861.36506652832 762.310478210449 719.871282577515 723.748664855957 735.014122009277 684.179521560669 624.986541748047 689.060270309448 849.563278198242 1099.48261260986 1015.53109741211 545.316421508789 661.527366638184 732.267667770386 759.82893371582 856.023910522461 840.121650695801 708.322471618652 742.59595489502 592.311462402344 730.689054489136 753.536432266235 723.69859457016 922.490417480469 811.79817199707 774.535549163818 658.113830566406 1163.31002807617 789.252685546875 799.564813613892 823.414909362793 858.686622619629 697.239959716797 670.326904296875 730.250816345215 625.171997070312 704.461227416992 648.274856567383 1296.11141204834
652.387384414673 637.783750534058 504.916412353516 519.430160522461 718.424694061279 762.202270507812 744.755638122559 668.821556091309 609.529998779297 696.753877639771 820.96305847168 758.062080383301 656.384864807129 815.07494354248 564.693328857422 642.129642486572 715.687173843384 633.906188964844 671.423873901367 683.056612014771 667.751010894775 606.723937988281 585.938095092773 697.32382106781 630.121551513672 587.050628662109 562.448196411133 729.414077758789 751.015960693359 1120.98445320129 672.324478149414 726.69043636322 704.606021881104 817.896690368652 790.464096069336 689.166290283203 725.747872829437 804.483221054077 732.828998565674 799.947952270508 849.236824035645 915.449798583984 776.147413730621 808.747156143188 717.480945587158 721.381134033203 786.607721805573 733.353950500488 787.048939228058 661.252861022949
574.901168823242 582.868034362793 603.405658721924 705.992928504944 614.823299407959 612.288551330566 618.785827636719 678.626890182495 721.275295257568 626.410335540771 689.4586789608 655.319496154785 706.962860107422 647.926593780518 569.329345703125 559.280372619629 522.783111572266 489.493530273438 728.375545501709 676.204742431641 637.509078979492 745.450260162354 643.214691162109 717.385471343994 672.488758087158 661.719043731689 649.009422302246 711.481945037842 754.74107837677 779.314462721348 720.119141578674 732.049856424332 748.731297492981 829.687614440918 775.711837768555 557.50651550293 776.369415283203 724.90151309967 737.410943984985 803.301551818848 833.182762145996 735.708148956299 717.09606552124 692.24137878418 705.651481628418 730.092098236084 763.398166656494 852.802940368652 737.672534942627 751.674655914307
630.970680236816 596.489665985107 613.265392303467 727.094089508057 631.185567855835 476.327423095703 703.70930480957 658.767194747925 702.060708999634 701.984670639038 652.464588165283 673.016941070557 606.16870880127 630.752147674561 644.567546844482 648.648635864258 629.943588256836 602.18310546875 662.724472045898 645.736503601074 666.890647888184 692.167495727539 785.966598510742 720.5081615448 645.659797668457 744.065927505493 745.190263748169 682.623867034912 604.927978515625 644.149120330811 701.406328201294 759.330955505371 845.711471557617 859.869445800781 654.483665466309 766.520713806152 738.181632995605 791.953201293945 761.746628761292 818.420616149902 754.263806670904 782.217622756958 634.907974243164 670.739524841309 789.493991851807 710.174495697021 733.308155059814 669.821548461914 772.276140540838 704.180610656738
670.452229499817 638.606229782104 607.303993225098 677.600968360901 650.544751167297 624.788509368896 630.326290130615 562.831748962402 521.136611938477 563.190582275391 691.47025680542 636.492877960205 658.656106948853 593.149078369141 687.393288254738 700.601514816284 670.826840400696 716.417840957642 591.094367980957 680.941802978516 711.086446285248 717.928779602051 784.358329772949 720.171971321106 690.485904693604 671.692928314209 698.874223709106 658.342681884766 679.868618011475 786.186096191406 738.527935028076 637.795387268066 710.700757026672 823.568092346191 857.006576538086 862.100860595703 821.43212890625 828.95915222168 745.995924949646 676.354553222656 884.192367553711 743.793339252472 679.164085388184 489.426361083984 685.202644348145 707.704627990723 773.784609794617 845.158485412598 858.916946411133 756.736227989197
688.560546875 730.990280151367 668.37424325943 633.237739562988 731.512329101562 582.650726318359 568.959632873535 590.758949279785 633.27033996582 692.300857543945 547.307098388672 625.939956665039 600.891578674316 690.600435256958 673.544323921204 735.465251922607 637.904655456543 686.17075252533 666.930813789368 666.420135498047 727.851257324219 574.570152282715 705.398606300354 732.493831634521 765.300792694092 812.557998657227 567.250747680664 731.810356140137 708.254318237305 788.552616119385 731.586197853088 777.059787750244 650.684837341309 600.073837280273 652.853519439697 867.635620117188 935.23078918457 797.853523254395 871.723434448242 696.141513824463 773.314622879028 726.694118499756 672.94361114502 639.327827453613 627.032974243164 666.282211303711 799.101184844971 765.535527229309 612.899841308594 850.759048461914
