simdem/realisation89.asc
NCOLS 350 
NROWS 171 
XLLCORNER 152620 
YLLCORNER 418050 
CELLSIZE 100 
NODATA_value -9999 
[rows 44 to 65 of 171, columns 150 to 199 of 350]
430.969116210938 373.314300537109 385.248672485352 498.882713317871 459.673927307129 531.868209838867 527.263474464417 597.352767944336 628.678100585938 506.713352203369 428.876861572266 557.612750053406 498.035213470459 441.341827392578 667.596218109131 531.225643157959 600.304309844971 675.386726379395 523.726568222046 630.515495300293 533.984858512878 602.598033905029 667.454788208008 697.415802001953 719.38606262207 585.372801065445 582.596229553223 614.887599945068 632.626403808594 528.256448745728 536.904731750488 633.603584289551 580.80982208252 695.183780670166 701.938891410828 741.226860046387 677.687568664551 796.258018493652 710.058801174164 536.431419372559 468.829986572266 491.728096008301 598.703744888306 842.965341567993 728.717018127441 494.549911499023 742.433990478516 715.863864898682 1010.5375213623 1081.64715576172
505.727123260498 556.870342254639 388.701644897461 380.907699584961 570.57315826416 602.955299377441 459.141189575195 693.016738891602 566.459800720215 577.002470016479 496.54704284668 613.893661499023 598.308977127075 378.386123657227 689.112594604492 555.203955888748 541.000723838806 493.943393707275 636.272346496582 539.462710380554 532.469469547272 692.414993286133 674.103927612305 723.571517944336 729.610473632812 630.550880432129 531.115608215332 513.449432373047 618.601779937744 555.780597686768 536.835784912109 561.271781921387 521.582828521729 731.925983428955 757.95143699646 653.642025470734 687.470458984375 669.206302642822 564.719062805176 696.09822845459 524.834320068359 573.825568199158 572.237507581711 576.575108408928 459.295928955078 498.629508972168 476.27091217041 476.745742797852 496.886306762695 801.398746490479
703.012252807617 692.571792602539 581.587368011475 337.838424682617 383.729614257812 503.580852508545 403.114738464355 424.545318603516 509.252250671387 584.678916931152 744.406860351562 543.84393119812 589.35732460022 427.791526794434 557.461057662964 680.864097595215 507.40442276001 446.878173828125 491.119152069092 502.418128967285 488.812992095947 578.856685638428 513.037288665771 552.199346542358 584.132362365723 582.003795623779 557.07897567749 436.163772583008 502.293342590332 477.171340942383 617.505897521973 490.122585296631 525.870471954346 536.538536071777 653.845596313477 611.125465393066 511.415084838867 424.786361694336 383.450729370117 571.199043273926 552.509691238403 641.513557434082 579.558903694153 536.662002563477 350.38542175293 444.631469726562 558.876239776611 616.033014297485 451.201248168945 518.813018798828
527.594465970993 600.971893310547 575.718788146973 406.033248901367 402.053726196289 571.710041046143 473.485275268555 477.967350006104 588.690242767334 557.19833278656 540.04358291626 550.05318069458 338.509552001953 454.902099609375 556.144023895264 628.602149963379 511.309829711914 386.716064453125 474.465965270996 459.479866027832 492.648811340332 556.682532310486 601.202602386475 478.539207458496 636.186111450195 608.639556884766 567.647689819336 611.022567749023 591.322151184082 508.77560043335 626.973609924316 632.573150634766 567.78306388855 512.96826171875 389.544830322266 521.510082244873 486.208061218262 513.45938873291 598.113729953766 584.626634597778 590.492097854614 668.854652404785 680.00171661377 588.148864269257 578.239019155502 562.497138977051 632.076913833618 626.490280151367 396.900039672852 521.663787841797
606.826553344727 494.948951721191 522.510105371475 512.270130157471 470.091087341309 603.201118469238 640.038154602051 565.632301330566 540.952744092792 544.496154785156 534.869247436523 610.957145690918 672.427940368652 549.689479827881 716.555290222168 653.018292427063 512.940330505371 602.96363067627 489.946266174316 563.558129310608 532.361515045166 597.055438995361 529.620714187622 533.740886688232 631.481353759766 548.870244979858 747.731872558594 630.998069763184 587.257061004639 472.999969482422 605.504013061523 558.565986633301 452.172721862793 483.355224609375 549.266772270203 464.065063476562 565.572822570801 570.930534362793 598.962284088135 641.372230529785 548.103294372559 528.288009643555 672.601028442383 545.394599914551 652.406806945801 557.822929382324 649.915374755859 704.53303527832 545.214305877686 427.618698120117
653.991943359375 637.437133789062 605.325187683105 503.557405471802 514.160469055176 566.754043579102 572.31583404541 584.337596893311 556.471651554108 623.829048156738 673.816459655762 620.950061798096 607.796836853027 606.334287643433 565.312557220459 655.622535705566 592.759963989258 619.48851776123 713.163397789001 684.504737854004 539.952421188354 631.413457870483 638.036503791809 641.468671798706 576.561993837357 550.364234924316 561.26478767395 666.888061523438 673.261215209961 393.874313354492 420.335189819336 564.731914520264 625.220855712891 426.084655761719 680.740493774414 542.426580905914 463.606292724609 776.395355224609 624.536415100098 513.497688293457 404.768493652344 527.661685943604 615.84875869751 501.967193603516 520.963157653809 581.987836837769 617.379028320312 687.641906738281 577.24206161499 480.799362182617
457.930648803711 665.348526000977 686.188186645508 467.535438537598 581.092838287354 487.858222961426 632.122512817383 721.967926025391 564.053857803345 630.326049804688 569.967049598694 501.873428344727 502.883995056152 459.790809631348 564.22190284729 492.525054931641 595.977687835693 685.64771270752 797.741287231445 685.395210266113 611.581610441208 604.275664329529 686.625713348389 533.220794677734 649.243595123291 576.400462508202 666.948822021484 448.454139709473 509.757858276367 525.601844787598 457.488502502441 536.642293930054 700.20637512207 594.144653320312 507.783908843994 526.254957199097 468.727531433105 522.280601501465 490.092979431152 395.147415161133 496.410045623779 473.628967285156 486.469875335693 485.103538513184 545.793308258057 564.172969818115 664.989105224609 591.347793579102 750.846237182617 547.481971740723
603.145347595215 599.370918273926 539.521184921265 428.839088439941 515.314071655273 446.582298278809 509.269908905029 677.366706848145 562.90967464447 586.062519073486 595.3677277565 657.135383605957 509.27681350708 544.55248260498 619.014821052551 548.706909179688 682.00309753418 699.425033569336 696.47021484375 727.276382446289 616.461282730103 625.797571778297 637.801240921021 520.217132568359 670.34629547596 856.355575561523 723.395542621613 369.873397827148 600.959484100342 471.327697753906 506.813899993896 631.72191619873 570.760362625122 550.666712284088 502.053558349609 571.534845352173 724.895935058594 525.711528778076 436.433227539062 478.533622741699 536.956790924072 492.698944091797 483.666542053223 647.014678955078 709.408325195312 583.765575885773 567.12308883667 549.651138305664 618.5309715271 494.489631652832
541.574655532837 607.35986328125 500.217273712158 565.366762161255 506.085914611816 524.583841323853 455.072006225586 703.272384643555 606.328002929688 850.980651855469 747.580322265625 644.207611083984 676.484420776367 588.76694393158 628.558090209961 667.074035644531 694.010753631592 610.191383600235 532.001356124878 583.732551574707 716.669235229492 734.705238342285 601.134649753571 437.212493896484 545.256055831909 683.636253356934 567.254089355469 558.413108825684 621.643501281738 481.745849609375 480.820960998535 519.558258056641 634.005599975586 629.438629150391 628.596977233887 749.921783447266 583.063217163086 483.176689147949 429.896453857422 564.99340057373 434.163711547852 546.78625869751 613.730411529541 550.886432647705 642.337142944336 578.258953809738 583.590208053589 611.801260948181 667.063833236694 523.471382141113
594.942092895508 547.459209442139 597.884223937988 494.433601379395 652.716804504395 665.63801574707 676.242744445801 640.192878723145 484.312080383301 732.225646972656 734.652557373047 642.956024169922 704.608779907227 450.956169128418 561.009662236087 582.853326797485 726.317306518555 671.04907989502 831.05322265625 648.515996932983 635.435199737549 579.321662902832 465.701538085938 470.486534118652 711.10364151001 754.454681396484 685.476421356201 603.060958862305 666.794082641602 660.861824035645 483.479484558105 442.816749572754 672.856353759766 628.2565574646 562.860052108765 625.111122131348 555.492332458496 621.988704681396 608.033535003662 591.622608184814 531.91971206665 681.842056274414 543.278367996216 502.527610778809 530.99284362793 526.259338378906 493.607109069824 620.659725189209 617.62915802002 471.469482421875
627.174186706543 500.632892608643 640.293670654297 546.881058216095 715.152282714844 552.971061706543 637.307029724121 692.29475402832 466.916198730469 592.863784790039 618.663688659668 675.483657836914 652.14822769165 641.746459960938 590.030374526978 610.645023345947 627.982616424561 627.467147827148 657.079788208008 618.044347763062 478.923553466797 522.86206817627 425.737091064453 608.536548614502 522.10124206543 699.255886077881 605.578754425049 627.303741455078 641.241943359375 485.62035369873 468.574043273926 606.774887084961 738.23518371582 595.961967468262 386.158798217773 532.026020050049 577.018085479736 648.850784301758 516.82893371582 560.94863319397 602.082717895508 807.378707885742 606.69170665741 591.242678165436 660.37281036377 737.072830200195 704.58772277832 603.152240753174 578.128688812256 396.503051757812
594.548889160156 544.121771916747 519.94234085083 457.879699707031 433.908348083496 604.912544250488 462.729072570801 738.606918334961 628.453262329102 501.922439575195 556.073638916016 629.031562805176 639.638381958008 731.211853027344 487.438255310059 515.770088195801 533.924255371094 720.459915161133 652.58960723877 635.631855010986 718.256591796875 468.572418212891 617.747930526733 547.425552368164 602.882573604584 562.774635314941 649.347930908203 558.638076782227 549.27555847168 597.259399414062 628.455997467041 592.88939666748 614.907695770264 581.932332992554 423.418472290039 538.761913299561 609.838275909424 560.056663513184 603.732488632202 789.922836303711 567.175358772278 638.925537109375 609.856421470642 649.315425872803 532.996604919434 651.504344940186 626.354698181152 659.820243835449 516.551635742188 530.833786010742
494.782585144043 626.919639587402 652.03377532959 568.088046073914 537.921056747437 520.432422637939 510.46484375 562.052330970764 569.947554588318 587.788486480713 523.351474761963 592.11206817627 602.098459243774 652.404792785645 478.360504150391 585.054448127747 664.266693115234 493.622283935547 605.891693115234 607.909467697144 624.07918548584 447.276885986328 574.189821243286 626.229553222656 556.250099182129 623.56768989563 813.334159851074 737.090942382812 522.683692932129 594.577953338623 444.997329711914 515.592895507812 616.782802581787 399.802688598633 355.964462280273 499.812599182129 712.664520263672 630.502676010132 689.95219039917 576.080306053162 522.493701934814 528.425842285156 708.79044342041 683.235946655273 514.082412719727 500.071769714355 625.701360702515 656.238842010498 612.100755691528 682.517700195312
612.441177368164 642.568344116211 629.96248626709 492.275722503662 472.753959655762 321.591064453125 433.999389648438 537.472454071045 530.06436920166 519.857685089111 658.640693664551 609.608930587769 609.562484741211 563.048909187317 586.088356018066 626.638042449951 696.450813293457 561.23424911499 570.572271347046 584.717973709106 486.891487121582 326.256866455078 579.030146598816 533.426391601562 509.884544372559 615.047498226166 589.249893188477 643.24959564209 547.951309204102 596.623104095459 643.011903762817 642.509941101074 664.651527404785 658.945068359375 474.069152832031 446.445281982422 634.5256690979 539.494899749756 520.248245239258 590.122018769383 507.000556945801 607.841375350952 708.410720825195 603.327976703644 567.665824890137 393.190582275391 661.502532958984 568.353244781494 680.259651184082 711.082450866699
592.611560821533 475.515579223633 475.028923034668 502.440238952637 580.923444747925 436.865234375 462.11580657959 535.678287506104 540.743858337402 592.681203365326 566.427077651024 528.955795288086 507.327674865723 476.553855895996 577.94580745697 563.185816764832 521.671810150146 595.068369865417 744.902854919434 606.745173573494 560.318069458008 447.755020141602 588.503516435623 606.219703674316 557.513669967651 658.04186630249 597.348476409912 694.575378417969 643.959151506424 685.257137298584 577.493068695068 541.991088867188 695.45929145813 673.612055778503 634.995887756348 667.213531494141 616.489846467972 450.031578063965 565.941501617432 668.326240539551 458.970336914062 548.506481170654 645.997789382935 637.754859924316 561.516567230225 487.465438842773 560.038955688477 629.878490447998 598.232921600342 612.946116447449
627.096008300781 487.020576477051 543.578239440918 593.062978744507 577.943084716797 600.128074645996 516.567176818848 485.93168258667 409.859191894531 498.020812988281 543.200646877289 511.503913879395 531.494220733643 479.26180267334 463.15592956543 561.065528392792 603.500473022461 697.272644042969 474.795120239258 650.220108032227 621.176257133484 574.12935256958 427.524230957031 523.081573486328 530.418022155762 600.693343162537 693.627834320068 651.094360351562 714.812705993652 597.036224365234 589.193466186523 653.414079666138 709.26099395752 717.932781219482 661.486721038818 600.987899780273 597.199462890625 532.667667388916 560.39860534668 777.715591430664 477.825485229492 459.354766845703 344.521728515625 575.786598205566 523.900650024414 440.256240844727 685.323051452637 600.511035919189 579.018230581656 632.113249778748
564.169149398804 485.110740661621 664.658939361572 456.954010009766 514.066968917847 461.028762817383 508.61841583252 457.248931884766 512.936367034912 441.473976135254 494.510330200195 597.021993637085 600.540760040283 543.891801834106 668.626594543457 609.281307220459 469.633583068848 592.053857803345 562.809863090515 588.387687683105 563.493788719177 536.170928955078 547.834447860718 482.784614562988 382.930038452148 651.558170318604 677.760047912598 783.917037963867 670.677116394043 526.057434082031 521.067420959473 558.470314025879 739.737777709961 577.597749710083 656.216610908508 705.348091125488 531.037689208984 562.245254516602 506.140243530273 613.923179626465 542.714691162109 752.553939819336 662.252588272095 669.243320465088 630.019062042236 689.254768371582 579.593524932861 749.833267211914 495.935516357422 704.443500518799
619.951042175293 631.47469329834 502.092956542969 574.087581634521 576.113250732422 569.001224517822 584.202430725098 525.807731628418 413.778701782227 380.750900268555 478.294151306152 442.170318603516 535.011810302734 512.216972351074 517.953857421875 539.061033248901 534.628343582153 748.158050537109 593.890249252319 571.358414173126 553.482847213745 640.368560791016 475.95677947998 627.603363990784 346.787506103516 573.073928833008 573.235365867615 685.980545043945 558.761054992676 339.603042602539 553.273056030273 671.789577484131 650.081220626831 646.553767204285 499.103309631348 608.105545043945 597.001858711243 560.574668884277 567.514724731445 529.833305358887 599.157894134521 572.237754821777 732.289657592773 879.40043258667 825.333480834961 586.467170715332 590.723640441895 700.796409606934 721.085006713867 648.838411092758
618.908515930176 478.303764343262 496.419334411621 467.375907897949 575.956768035889 491.967109680176 581.753559112549 673.951034545898 686.040596008301 644.135711669922 510.325630187988 524.077255249023 597.039318084717 559.680656433105 571.01238489151 388.045013427734 557.947929382324 649.672218322754 565.353626251221 441.380661010742 628.459949493408 665.520782470703 603.306886672974 526.340530395508 560.532791137695 633.83348274231 597.883647918701 530.347675323486 593.445873260498 644.514633178711 493.678894042969 630.936365127563 604.114665985107 750.252662658691 648.406184196472 634.045970439911 645.860557556152 589.732810974121 449.771011352539 646.602945566177 617.700073242188 688.127254486084 648.390995025635 686.394329071045 835.176177978516 556.880737304688 614.33581829071 734.431251525879 777.378341674805 806.478302001953
566.95142364502 495.19128036499 544.710703849792 512.581798553467 484.807697296143 610.200233459473 588.564016342163 584.890470504761 625.10359954834 537.514930725098 583.872457504272 590.949207305908 613.628246307373 660.157844543457 774.462799072266 565.787242889404 591.074676513672 594.728393554688 455.907272338867 588.869220733643 560.445646286011 598.927152633667 639.426216125488 588.047649502754 648.414939880371 544.223983764648 448.035064697266 723.415184020996 620.473653793335 442.881195068359 563.647746086121 688.41593170166 622.919694900513 679.911727905273 679.710075378418 603.972655296326 603.232071876526 716.711807250977 575.523788452148 573.70503616333 562.320877075195 672.707000732422 712.561645507812 594.845491409302 609.286267757416 635.570015907288 726.349487304688 707.644226074219 803.652099609375 850.430297851562
496.403450012207 524.830909729004 556.656223297119 608.245853424072 545.665583372116 562.355486869812 603.503810882568 631.131225585938 563.248416900635 510.134765625 447.65650177002 536.348300933838 703.73836517334 711.108665466309 594.255433082581 584.568971633911 554.93750667572 601.756286621094 744.591217041016 510.866546630859 465.944610595703 698.341358184814 666.597236633301 787.665069580078 638.096290588379 522.769966125488 468.686660766602 736.162010192871 533.335922241211 562.455711364746 671.8271484375 685.81623840332 625.707494735718 713.938636779785 620.126071929932 500.047622680664 448.011795043945 513.382469177246 539.71760559082 706.734794616699 667.749465942383 678.120399475098 773.016822814941 687.560676574707 520.048561096191 523.538726806641 533.360694885254 567.249440193176 895.177459716797 892.249420166016
622.692169189453 453.089599609375 436.140396118164 596.698474884033 504.353786468506 389.731063842773 582.909425735474 595.06360244751 587.730953216553 543.290561676025 660.001396179199 639.59623336792 536.097438812256 501.767822265625 471.456199645996 459.830856323242 483.715431213379 633.645263671875 653.576866149902 534.690322875977 500.971397399902 369.08984375 680.095100402832 776.592041015625 682.86353302002 683.346900939941 526.113349914551 640.817687988281 659.963222503662 504.520034790039 546.384990692139 659.23120880127 684.74267578125 578.997476577759 674.268417358398 468.610290527344 381.00422668457 572.19779586792 597.615396499634 680.431251525879 693.286659240723 676.105396270752 639.743806838989 645.052577972412 633.524841308594 630.175110340118 613.952503204346 586.318880081177 708.841644287109 629.998756408691
