simdem/realisation14.asc
NCOLS 350 
NROWS 171 
XLLCORNER 152620 
YLLCORNER 418050 
CELLSIZE 100 
NODATA_value -9999 
[rows 0 to 21 of 171, columns 200 to 249 of 350]
-9999 -9999 -9999 -9999 -9999 -9999 -9999 -9999 -9999 -9999 -9999 -9999 -9999 -9999 -9999 -9999 -9999 -9999 -9999 -9999 -9999 -9999 -9999 -9999 -9999 -9999 -9999 -9999 -9999 -9999 -9999 -9999 -9999 -9999 -9999 -9999 -9999 -9999 -9999 -9999 -9999 -9999 -9999 -9999 -9999 -9999 -9999 -9999 -9999 -9999
-9999 -9999 -9999 -9999 -9999 -9999 -9999 -9999 -9999 -9999 -9999 -9999 -9999 -9999 -9999 -9999 -9999 -9999 -9999 -9999 -9999 -9999 -9999 -9999 -9999 -9999 -9999 -9999 -9999 -9999 -9999 -9999 -9999 -9999 -9999 -9999 -9999 -9999 -9999 -9999 -9999 -9999 -9999 -9999 -9999 -9999 -9999 -9999 -9999 -9999
-9999 -9999 -9999 -9999 -9999 -9999 -9999 -9999 -9999 -9999 -9999 -9999 -9999 -9999 -9999 -9999 -9999 -9999 -9999 -9999 -9999 -9999 -9999 -9999 -9999 -9999 -9999 -9999 -9999 -9999 -9999 -9999 -9999 -9999 -9999 -9999 -9999 -9999 -9999 -9999 -9999 -9999 -9999 -9999 -9999 -9999 -9999 -9999 -9999 -9999
-9999 -9999 -9999 -9999 -9999 -9999 -9999 -9999 -9999 -9999 -9999 -9999 -9999 -9999 -9999 -9999 -9999 -9999 -9999 -9999 -9999 -9999 -9999 -9999 -9999 -9999 -9999 -9999 -9999 -9999 -9999 -9999 -9999 -9999 -9999 -9999 -9999 -9999 -9999 -9999 -9999 -9999 -9999 -9999 -9999 -9999 -9999 -9999 -9999 -9999
-9999 -9999 -9999 -9999 -9999 -9999 -9999 -9999 -9999 -9999 -9999 -9999 -9999 -9999 -9999 -9999 -9999 -9999 -9999 -9999 -9999 -9999 -9999 -9999 -9999 -9999 -9999 -9999 -9999 -9999 -9999 -9999 -9999 -9999 -9999 -9999 -9999 -9999 -9999 -9999 -9999 -9999 -9999 -9999 -9999 -9999 -9999 -9999 -9999 -9999
527.623401641846 603.656471252441 570.909238934517 644.207008361816 829.539199829102 -9999 -9999 -9999 -9999 -9999 -9999 -9999 -9999 -9999 -9999 -9999 -9999 -9999 -9999 -9999 -9999 -9999 -9999 -9999 -9999 -9999 -9999 -9999 -9999 -9999 -9999 -9999 -9999 -9999 -9999 -9999 -9999 -9999 -9999 -9999 -9999 -9999 -9999 -9999 -9999 -9999 -9999 -9999 -9999 -9999
437.211624145508 464.873710632324 456.888043403625 515.418781280518 611.798864364624 737.142433166504 642.684112548828 862.858764648438 819.296966552734 544.051344871521 -9999 -9999 -9999 -9999 -9999 -9999 -9999 -9999 -9999 -9999 -9999 -9999 -9999 -9999 -9999 -9999 -9999 -9999 -9999 -9999 -9999 -9999 -9999 -9999 -9999 -9999 -9999 -9999 -9999 -9999 -9999 -9999 -9999 -9999 -9999 -9999 -9999 -9999 -9999 -9999
822.155162811279 445.174566268921 491.256553649902 409.468032836914 562.017784118652 597.747009277344 555.107414245605 652.01741027832 616.740386962891 469.675172805786 435.374769210815 378.896957397461 417.351150512695 478.165679931641 825.331619262695 959.315490722656 835.701782226562 804.775863647461 1037.32624816895 964.385541915894 954.970335006714 1082.56674194336 996.772636413574 965.958076477051 806.055252075195 993.16593170166 989.602203369141 917.306386470795 864.600059509277 884.023818969727 870.725112915039 948.310958862305 679.577941894531 685.789459228516 657.260971069336 704.406372070312 932.031021118164 1001.40048217773 869.267051696777 -9999 -9999 -9999 -9999 -9999 -9999 -9999 -9999 -9999 -9999 -9999
901.528228759766 917.036337852478 784.084846496582 577.999389648438 1008.00163173676 1029.83073949814 1292.33480834961 574.952850341797 509.145076751709 414.129711151123 445.431084632874 424.486484527588 460.836459159851 324.913223266602 480.357563018799 726.496673583984 591.260406494141 580.594184875488 880.499320983887 850.64058971405 762.797760009766 884.630760192871 927.361183166504 844.112407684326 826.482656478882 747.260238647461 750.301628112793 748.644981384277 805.193782806396 754.102294921875 856.728500366211 845.166149139404 637.768032073975 602.053573608398 538.127838134766 718.732646942139 892.029708862305 1165.38079357147 747.597137451172 723.901876449585 744.458152770996 1158.08855438232 1315.10204124451 857.667793273926 775.926099777222 -9999 -9999 -9999 -9999 -9999
1030.11040115356 1071.76792907715 807.711393356323 628.63419342041 1010.88769006729 1125.35065460205 1066.72965240479 1039.02046203613 748.177200317383 757.133337974548 584.788223266602 669.918148040771 415.725463867188 535.337539672852 524.62476348877 467.921275615692 447.65734577179 494.8997631073 1047.18089294434 864.390520095825 785.192901611328 823.441313743591 882.471817016602 891.345115661621 839.658288955688 774.29239654541 822.461415290833 796.833478927612 753.107307434082 664.939071655273 810.332077026367 801.954660415649 725.576728820801 689.17781829834 670.678672790527 740.853284835815 966.502426147461 1014.81816101074 509.09545135498 547.614894866943 638.990852355957 1032.7169380188 751.621643066406 895.144031524658 673.139266967773 1186.94892883301 647.837181091309 -9999 -9999 -9999
826.204679489136 602.979858398438 877.656448364258 1111.50959014893 1157.76637268066 1263.7357635498 1317.36048126221 1052.80049514771 765.952423095703 712.477390289307 545.166442871094 723.989747047424 437.966522216797 394.043182373047 418.359115600586 560.287368774414 815.703136444092 726.220558166504 1002.85321044922 992.447425842285 874.673656463623 1044.67212295532 582.198143005371 726.634742736816 789.633218765259 828.668878555298 897.802551269531 737.885559082031 624.629547119141 684.922668457031 729.830261230469 701.99870300293 599.850135803223 522.93083190918 695.355348587036 552.77384185791 477.898361206055 857.195243835449 719.80224609375 521.914421081543 625.893013000488 665.423820495605 800.232927322388 744.623680114746 639.222755432129 1090.66137695312 786.532562255859 1249.8536529541 712.184307098389 -9999
774.592826843262 1005.82230567932 675.489135742188 966.70679473877 967.808650970459 1213.3794708252 1170.07375335693 1064.67593383789 837.609710693359 720.182723999023 653.461044311523 668.393859863281 542.742179870605 516.427368164062 258.462921142578 505.697570800781 801.471019744873 788.739191055298 708.082763671875 949.548739075661 854.454620361328 1060.15103960037 638.475898742676 596.297325134277 675.61344909668 782.34775352478 667.625900268555 665.762573242188 670.895057678223 591.331573486328 763.736949920654 687.495643615723 603.259643554688 647.766299247742 721.308212280273 553.610080718994 538.88346862793 837.802909851074 866.69229888916 845.947769165039 506.742980957031 563.942749023438 711.615222930908 733.668907165527 657.420318603516 680.111709594727 580.489776611328 1134.3861541748 774.440361022949 775.752647399902
873.079756736755 795.263572692871 825.089111328125 886.385288238525 646.619869232178 918.562549591064 774.668754577637 681.923821926117 918.609390258789 703.465042114258 655.688674926758 665.162460327148 718.945922851562 706.407695770264 765.235109508038 638.950050354004 875.507390975952 845.93546295166 992.45677947998 1076.37997436523 1009.64424991608 1129.85005569458 770.937271118164 657.646926879883 835.414985656738 846.209339141846 830.912422180176 844.321266174316 779.099555969238 843.792579650879 888.287253379822 879.657970428467 615.738845825195 794.458076477051 683.614028930664 852.609893798828 772.517478942871 964.853439331055 1027.41429328918 766.16667175293 596.561817169189 591.491291046143 611.236888885498 1104.63948059082 991.999088287354 797.483417510986 694.558280944824 644.186332702637 760.297630310059 650.532119750977
768.435394287109 679.803775787354 717.906700134277 615.839454650879 664.095273971558 601.455947875977 678.320187568665 834.843948364258 963.365310668945 789.191974639893 748.667373657227 884.430770874023 736.742923736572 879.454113006592 811.395944595337 1246.95516967773 874.105006217957 850.506912231445 1003.36578083038 1348.85620498657 911.924188137054 1218.17781829834 721.332580566406 644.131370544434 848.784023284912 879.335891723633 763.196960449219 654.234832763672 978.847883224487 987.925239562988 892.30163860321 823.184471130371 1010.33313369751 1033.05254745483 867.996566772461 1041.14148712158 1055.90229415894 1009.34313201904 990.298946380615 934.132518291473 734.218740463257 789.080158233643 752.861328125 1013.53647994995 1013.30233383179 1131.8547668457 1029.9175567627 750.28684425354 578.816665649414 1016.93885421753
750.918560028076 734.952163696289 739.092727661133 767.118026733398 743.785438537598 695.715124130249 712.340351104736 774.61242723465 703.438493728638 675.596328735352 875.273666381836 826.577285766602 1282.20760154724 705.787788391113 678.49976348877 671.847709655762 836.864082336426 785.455451965332 756.817197799683 1314.30390357971 825.657928466797 665.885566711426 655.575973510742 981.588516235352 758.0485496521 743.804576873779 736.497535705566 931.765121459961 881.233952522278 891.217987060547 946.137540817261 919.472621917725 938.524787902832 853.12073135376 921.988021850586 893.630393981934 1064.12823486328 833.604751586914 985.452507019043 842.222244262695 941.316730499268 1060.21369934082 1104.5341835022 1163.40489959717 1096.40927124023 1067.45204162598 1075.58257293701 957.701361119747 694.816879272461 1133.01884841919
720.947374343872 675.438343048096 683.647148132324 687.491543769836 833.865612030029 792.653144836426 674.728610992432 730.40965461731 644.201709747314 599.601593017578 462.92350769043 489.203628540039 762.369560241699 813.181944131851 753.288887023926 730.338607788086 746.234182357788 755.703309059143 734.750247955322 658.026718139648 846.016754150391 736.504755020142 633.71524810791 639.081123352051 775.199386119843 879.019737243652 924.094429016113 829.256332397461 818.375873565674 770.915618896484 631.819137573242 848.824157714844 875.376544952393 976.972305297852 894.340782165527 903.544677734375 909.61381149292 933.421026229858 819.418029785156 892.536121368408 853.265632629395 873.30445098877 906.67346572876 1060.39256286621 1298.5128326416 1207.96267700195 1124.70652770996 994.12894821167 765.548919677734 856.139860153198
686.638687133789 602.943862915039 652.960121154785 760.593564987183 844.396053314209 713.932723999023 740.030319213867 752.267184257507 628.922088623047 631.518272399902 805.796417236328 851.795654296875 751.002359390259 935.444381713867 849.456100463867 683.746704101562 660.499900817871 657.48673248291 670.37671661377 698.542802810669 658.843849182129 702.053436279297 642.887603759766 662.844146728516 731.94188785553 773.936037063599 861.469161987305 1224.01109313965 853.468081474304 1011.78635406494 826.679794311523 906.818336486816 899.881988525391 753.536125183105 869.781523704529 769.529075622559 887.545039176941 747.858215332031 606.272003173828 745.244857788086 843.815246582031 828.175682067871 919.094860076904 962.167776107788 1175.52906799316 1091.82682800293 1107.79316329956 1081.80163764954 830.74486541748 875.804168701172
477.098175048828 553.900146484375 1205.22006225586 729.289733409882 642.638427734375 724.367202758789 739.688499450684 720.435939788818 668.507205963135 864.312370300293 881.828422546387 636.042434692383 647.87451171875 763.561115264893 804.848266601562 846.54621887207 757.81630897522 728.86777973175 639.719833374023 617.767112731934 646.745223999023 701.321174621582 743.702414512634 540.797897338867 673.479905962944 563.59449005127 470.437377929688 595.267768859863 642.722869873047 810.810884475708 969.68448638916 843.049987792969 614.454040527344 1269.02857208252 723.269157409668 563.397033691406 554.523361206055 691.417518615723 706.324844360352 772.859024047852 783.318505525589 792.346835017204 810.88748550415 790.744352340698 970.916526794434 1069.19596862793 1010.40357208252 1101.03079986572 929.505373954773 906.867042541504
1052.24716186523 412.789031982422 1274.68462371826 1139.13062095642 783.013954162598 712.138195037842 573.770782470703 522.87451171875 1062.95259475708 748.246137619019 751.7707862854 783.440330505371 793.989349365234 706.005977630615 732.790999412537 915.704742431641 838.717506408691 850.900604248047 747.682262420654 663.104375839233 719.649809837341 730.348297119141 720.365089416504 719.792331695557 700.262891769409 692.785373687744 631.337593078613 707.526664733887 826.045913696289 738.018863677979 838.656707763672 790.485847473145 644.354248046875 709.834171295166 570.202529907227 1140.7307434082 433.301116943359 543.253921508789 679.651298522949 850.234102249146 838.732872009277 779.918430328369 928.515762329102 880.867973327637 828.03080368042 839.709434509277 977.813720703125 879.526489257812 990.660076141357 1057.9191236496
711.427382349968 630.469779968262 864.148670196533 822.239639282227 1179.48850822449 1385.9035320282 752.705444335938 645.747528076172 574.15550994873 710.060246706009 705.597500801086 683.250753164291 687.859060287476 638.622001647949 802.610382080078 748.127463817596 719.80345916748 772.863803863525 700.856344223022 680.998128890991 697.304890632629 606.237148284912 631.607528686523 725.554870605469 881.060333251953 755.769515991211 793.29162979126 765.196792602539 762.70539855957 751.944976806641 647.903633117676 768.281793117523 662.630325317383 782.599822998047 680.388233184814 660.52445602417 620.192047119141 1031.34582519531 667.981185913086 639.207183837891 835.973937988281 824.149990081787 972.414474487305 925.877025604248 893.425392150879 814.871474266052 903.514612197876 666.630554199219 831.745918273926 809.40641784668
695.86723613739 728.643144607544 693.730043411255 707.717560768127 732.772050857544 625.761615753174 688.796148300171 713.836916446686 717.115352630615 572.21800994873 704.753084182739 598.862747192383 601.927486419678 673.256365776062 871.441024780273 859.791534423828 696.220626831055 773.401824951172 665.713865280151 621.086643218994 660.614543914795 579.874481201172 559.275024414062 618.332588195801 647.323848724365 726.370904922485 725.175465583801 674.750247955322 763.173770904541 746.713085174561 539.408813476562 658.911209106445 722.816972732544 824.014083862305 773.813526153564 758.288499832153 769.314434528351 692.659141540527 691.874885559082 1087.64456176758 1292.8513507843 781.986966133118 893.416870117188 761.076923370361 815.408442497253 648.435653686523 686.44734954834 987.503204345703 1104.09239196777 868.917073659599
685.668113708496 861.228256225586 754.868389129639 789.62272644043 719.548322677612 629.16145324707 683.121319770813 780.423896789551 686.91951751709 696.372018814087 727.683811187744 732.913528442383 450.99690246582 652.050371170044 782.827972412109 661.850963592529 784.39282989502 674.000612258911 576.470245361328 521.407485961914 789.218139648438 804.700828552246 696.91912484169 687.200260162354 687.252468824387 734.455249786377 588.271179199219 700.770847320557 659.575828552246 732.557647705078 772.462705612183 699.645694732666 699.100940704346 747.277339935303 679.218566894531 763.340368270874 682.388984680176 729.2448387146 789.0927734375 843.481323242188 973.578918457031 809.762870788574 616.405227661133 802.889354705811 638.357612609863 621.577690124512 710.517127990723 824.03946685791 939.994993209839 837.344650268555
