simdem/realisation13.asc
NCOLS 350 
NROWS 171 
XLLCORNER 152620 
YLLCORNER 418050 
CELLSIZE 100 
NODATA_value -9999 
[rows 88 to 109 of 171, columns 200 to 249 of 350]
638.349189758301 658.971492767334 614.524742126465 551.447624206543 629.444797515869 679.885883331299 648.065815925598 747.010261535645 746.505859375 644.423664093018 741.523651123047 674.424739837646 686.445304870605 623.487739562988 701.576663970947 684.78857421875 697.013648986816 756.927185058594 613.836334228516 580.977333068848 505.163681030273 763.536209106445 791.886657714844 706.216445922852 739.704383850098 627.882518768311 601.321090698242 625.373966217041 621.105255126953 711.337196350098 714.543418884277 819.826202392578 658.841510772705 524.269134521484 494.717056274414 515.316734313965 591.989368438721 576.551942825317 656.720783233643 699.610744476318 758.680763244629 802.742165565491 915.403190612793 889.565189361572 748.183812364936 800.638275146484 748.981266975403 1015.46405792236 1083.29153442383 1076.0040435791
654.268705368042 578.532699584961 691.044895172119 539.685760498047 653.176355361938 502.200210571289 636.127494812012 703.3078956604 729.638313293457 657.251434326172 621.412767410278 693.818046569824 643.824686050415 577.47639465332 625.095485687256 637.344352245331 628.98491859436 703.847427368164 629.880790710449 550.836029052734 634.853931427002 714.147884368896 697.58779335022 651.979307174683 706.169691085815 711.904727935791 724.216087341309 693.394765853882 601.046352386475 700.871852874756 628.815967559814 601.671550750732 667.269945144653 551.277290344238 511.712959289551 579.464221954346 546.292369842529 532.875946044922 662.467266082764 753.052878856659 779.330936431885 676.999557495117 536.826766967773 909.443504333496 703.94734954834 692.527883529663 803.150783538818 902.091636657715 1079.07804489136 826.747884750366
606.65168762207 934.007820129395 544.411666870117 641.847946166992 677.46835899353 548.957176208496 622.875738143921 645.038763523102 590.16276550293 604.589859008789 539.245574951172 526.397666931152 547.498428344727 602.950666427612 593.575870513916 680.009418487549 552.95809173584 622.841470718384 729.462440490723 546.697448730469 689.970687866211 695.710787773132 682.269201278687 605.548770904541 667.590472877026 586.42333984375 718.865371704102 587.048873901367 670.826390028 794.464538574219 768.659225463867 497.011695861816 621.078092575073 494.171394348145 681.885231018066 688.343605041504 579.58952331543 490.726303100586 652.535598754883 668.255729675293 760.116916656494 738.041927337646 657.994194030762 941.801246643066 848.67756652832 691.193462193012 708.25337600708 963.385040283203 923.642930984497 831.492573261261
547.569229125977 634.792510986328 562.498626708984 657.408441543579 634.733558654785 587.479927062988 584.429138183594 615.272134780884 528.453033447266 757.495086669922 566.583381652832 524.742134094238 562.860584259033 712.978797912598 793.024017333984 789.569519042969 486.507781982422 651.248189926147 655.682969093323 617.887493133545 577.509132385254 464.925201416016 622.743583679199 716.405498504639 698.297040939331 599.495071411133 714.058929443359 656.972418308258 653.938323974609 784.331855773926 663.671615123749 758.980976104736 597.200000762939 618.214920043945 750.237083435059 790.608901977539 752.181335449219 636.975462913513 655.624942779541 847.850257873535 779.741186141968 683.803886413574 724.712112426758 730.634544372559 606.244277954102 658.330988883972 693.270978927612 755.129120349884 910.292659759521 855.009279727936
750.106246948242 637.918687820435 543.499397277832 586.009039878845 683.164123535156 655.253775835037 636.964948415756 606.151081085205 529.764358520508 660.173692703247 683.931037902832 566.117179870605 539.115455627441 546.694778442383 565.69465637207 727.183853149414 582.99813079834 615.723045349121 565.106216430664 699.414302825928 743.642654418945 606.96964263916 672.206573486328 599.878837585449 636.014492034912 626.634609222412 795.168712615967 588.771965026855 723.517627716064 710.016485214233 682.285655498505 852.895004272461 760.460350036621 722.004997253418 756.381736755371 831.74967956543 621.870388031006 695.37371635437 527.973091125488 556.397914886475 611.406686782837 653.097427368164 617.677139282227 677.673477172852 466.480529785156 756.010238647461 638.349962234497 724.341207504272 838.106796264648 962.44189453125
595.541681289673 653.569526672363 715.203184127808 557.411117553711 543.477848052979 926.900848388672 635.394802093506 631.043815374374 507.471817016602 839.977630615234 691.117042541504 631.927368044853 612.234777450562 538.316261291504 570.913787841797 596.895446777344 829.573043823242 725.432624816895 661.174089565873 748.193141937256 715.039070129395 775.103256225586 710.267916202545 746.35638999939 821.813377380371 690.630136013031 721.549507141113 653.061841964722 588.656356811523 638.287132263184 655.455021858215 662.184938430786 705.821258544922 729.313695192337 793.74866104126 735.612879753113 658.377864837646 636.259536743164 630.369243621826 825.081207275391 679.9632396698 631.450873374939 449.133102416992 565.276039123535 636.845849990845 610.53254699707 615.181655883789 878.496726989746 783.763298034668 862.619953155518
638.559280395508 727.640697479248 773.406860351562 696.649406731129 626.158948898315 677.830619812012 813.053820610046 565.722873687744 656.04569522664 754.006149291992 732.843292236328 658.840515136719 515.335899353027 492.676422119141 474.18896484375 631.215794563293 765.887878417969 720.529853820801 637.249528884888 558.677406311035 704.168897628784 576.982536315918 645.824256896973 938.359832763672 865.615844726562 739.151655197144 584.372230529785 717.296321868896 732.534767150879 670.145956039429 745.055023193359 761.28666305542 728.658418655396 576.291976928711 749.375699996948 723.8671875 611.868194580078 649.699914932251 693.165319442749 767.458202362061 871.142959594727 780.105270385742 757.564521789551 645.282127380371 653.442108154297 614.364967346191 630.927436828613 722.206985473633 860.980285644531 864.997489929199
641.919813156128 480.414108276367 577.999252319336 792.817399501801 703.560234069824 558.836952209473 627.549949645996 662.08811378479 634.754585266113 686.31803894043 770.264442443848 659.443977355957 494.183792114258 439.957077026367 595.964469909668 606.586106300354 758.427459716797 682.249240875244 640.221497058868 596.681854248047 752.522644042969 793.959991455078 856.669235229492 648.728801727295 635.284782409668 615.904563903809 638.495727539062 620.222602844238 736.060127258301 777.034973144531 727.77449798584 739.662231445312 613.092971801758 487.437133789062 690.942626953125 741.957038879395 826.095176696777 662.753986358643 654.442226409912 793.329246520996 789.025817871094 640.732604980469 652.525047302246 619.99634552002 788.693016052246 752.032913208008 689.851997375488 571.768577575684 781.193933963776 683.425947189331
678.760907649994 599.187000274658 717.328853607178 701.916980743408 678.356742858887 562.32356262207 550.744403839111 651.133293151855 654.830121994019 629.197259902954 690.471271514893 751.532600402832 563.3212890625 414.689483642578 604.811372756958 610.087020874023 753.586380004883 578.283679962158 669.61547088623 770.624862670898 704.485984802246 694.813812255859 752.595344543457 834.362335205078 631.007978439331 672.350791931152 736.497829437256 734.334148406982 739.48987197876 816.433853149414 650.988679885864 710.799224853516 522.040069580078 528.921401977539 603.041069030762 766.094615936279 790.912190437317 672.491119384766 660.183895111084 865.748992919922 793.936073303223 593.944976806641 573.944946289062 654.070838928223 725.407176971436 889.024711608887 636.096252441406 454.307876586914 704.151231765747 624.34846496582
555.916959762573 605.313484191895 634.985122680664 767.587701797485 827.150955200195 651.939208984375 635.081735610962 994.098310470581 629.329614639282 567.198028564453 638.175556182861 691.276924133301 605.07596206665 567.03768157959 571.640525817871 644.865102767944 752.164733886719 659.380397796631 593.242195129395 749.499755859375 734.023384094238 776.748374938965 706.701038360596 724.128128051758 626.401895523071 751.918655395508 567.873908996582 601.820774078369 635.367724895477 660.644071578979 619.919691085815 515.357406616211 533.66429901123 576.784019470215 553.232135772705 636.29224395752 609.12329864502 715.859887123108 675.067058563232 804.43669128418 769.687995910645 707.083162784576 723.309446811676 711.079973697662 623.655212402344 598.852645874023 697.102931976318 630.656806945801 875.290969848633 710.140054702759
622.558113098145 408.680419921875 618.691291809082 639.664047241211 870.505851745605 860.819198608398 797.54248046875 678.200430393219 772.789184570312 608.294006347656 690.887287139893 664.582843780518 643.859563350677 717.374084472656 696.250686645508 683.176849365234 675.977321624756 673.633983612061 716.261161804199 685.299156188965 725.796867370605 698.263256072998 742.671615600586 617.267429351807 759.550510406494 765.312127590179 788.99822807312 622.163017272949 632.806282043457 667.974811553955 610.207427978516 599.060913085938 651.818742752075 718.383041381836 673.169536590576 586.732940673828 716.974830627441 591.630310058594 576.039680480957 626.34578704834 731.280151367188 514.337272644043 684.722155451775 725.26469039917 676.50244140625 761.18314743042 686.79468536377 775.727500915527 684.961944580078 666.71753692627
738.785133361816 597.227842330933 764.385982513428 707.118885040283 867.705551147461 967.112030029297 884.920135498047 826.227233886719 908.264961242676 640.934288024902 617.165699005127 586.060232162476 688.398426055908 775.147605895996 809.949851989746 643.825440406799 704.607604980469 627.120750188828 594.213573455811 575.04426574707 718.42366027832 733.386573791504 725.657218933105 703.57649230957 811.003021240234 764.08495426178 1118.4617767334 770.205207824707 538.907852172852 691.702154159546 809.656700134277 671.067975997925 626.415138244629 645.712330818176 678.084575653076 695.148253917694 661.21000289917 656.365474700928 662.846120834351 630.011169433594 574.096939086914 648.641448974609 784.896301269531 582.562690734863 672.46467590332 691.370834350586 612.817413330078 801.32341003418 816.945129394531 911.915878295898
818.309404373169 965.369720458984 591.574687957764 679.034912109375 692.600196838379 661.072547912598 872.172882080078 730.090845108032 602.388854980469 581.59481048584 636.451568603516 726.951084136963 648.110179424286 780.559692382812 775.448764801025 680.957691192627 652.968368530273 643.252818346024 446.11799621582 649.572559595108 689.18132019043 719.655097961426 674.406692504883 1028.00325775146 728.343887329102 745.48237991333 1200.93899536133 698.416572570801 872.103942871094 1259.66731262207 1356.18541526794 619.707450866699 611.544929504395 442.809982299805 654.209434509277 694.032264709473 861.50178527832 562.927627563477 767.814460754395 635.202056884766 588.464935302734 589.932205200195 755.115303039551 566.430282592773 792.074851989746 857.269592285156 991.873413085938 824.596439361572 780.978256225586 790.518865585327
841.180704116821 766.230411529541 563.006057739258 769.703964233398 623.872680664062 900.730346679688 879.994361877441 591.022354125977 557.536651611328 855.956146240234 676.018294811249 670.25620663166 725.204566955566 574.412933349609 512.574859619141 786.965770721436 668.973531723022 649.655057668686 552.704452514648 554.206687927246 754.993881225586 719.014659881592 666.582019805908 684.753890991211 602.622952461243 822.898704528809 661.297622680664 646.170009613037 726.805618286133 745.225189208984 696.656123161316 590.704383850098 439.872131347656 1095.74661254883 776.642868041992 813.798202514648 924.53515625 1119.51745033264 654.689872741699 869.799564361572 923.693305492401 517.797470092773 612.772384643555 570.505844116211 642.484954833984 781.513809204102 719.494140625 1040.96336364746 1387.28802108765 717.593021392822
869.8525390625 794.583437919617 633.52400970459 613.746555328369 704.593036651611 802.447799682617 801.403297424316 804.500092506409 822.546499252319 810.518165588379 1135.02736282349 676.482946395874 577.766159057617 525.381622314453 546.768295288086 661.86385345459 719.84436416626 714.866630554199 603.626533508301 658.626970291138 673.986442565918 586.298858642578 757.547836303711 512.813171386719 651.205066680908 556.15502166748 653.732186317444 586.267852783203 634.857921600342 640.691268920898 721.506767272949 755.44416809082 484.369781494141 372.8818359375 498.176651000977 539.455169677734 551.473449707031 1086.8108921051 676.926337242126 538.599716186523 590.108436584473 596.373649597168 1125.66815185547 513.26838684082 1138.51351928711 849.591634750366 638.499359130859 803.256034851074 892.685165405273 870.320816040039
656.027599334717 683.910202026367 824.615807533264 648.112477302551 596.863433837891 863.583610534668 928.961853027344 853.143745422363 911.336532592773 939.522430419922 791.63484954834 828.603813171387 686.493499755859 539.992645263672 599.995918273926 649.271842956543 664.310219764709 771.135246276855 612.462715148926 501.820743560791 561.643737792969 563.698389053345 742.450881958008 585.583068847656 868.376308441162 687.586036682129 457.854385375977 538.278938293457 670.672163486481 767.794723510742 624.888275146484 606.686008453369 575.594482421875 381.939575195312 677.062850952148 600.341682434082 1023.92446517944 999.085832595825 876.223268508911 651.033031463623 650.562881469727 852.798736572266 1010.04956817627 739.702791213989 862.771545410156 986.292556762695 780.713232040405 1103.27472114563 893.06706237793 1487.4327545166
-9999 686.422493934631 599.740020751953 524.52986907959 699.842239379883 866.872688293457 716.904727935791 891.671051025391 926.152572631836 776.490985870361 853.409065246582 1136.61707687378 681.117248535156 416.231369018555 606.811075210571 665.217437744141 551.178268432617 653.980260848999 639.68603515625 581.391551971436 584.41556930542 605.67338180542 693.367454528809 864.487495422363 829.671508789062 615.349258422852 546.343963623047 493.509170532227 661.506507873535 681.160799026489 608.740962982178 639.604722976685 623.424684524536 665.025847150013 935.194885253906 587.633239746094 651.151697158813 637.945386886597 564.80549621582 516.444915771484 808.977127075195 725.774598121643 732.440155029297 779.027219772339 666.120697021484 1009.87278747559 866.233016967773 811.043905258179 836.652000427246 958.5860414505
-9999 665.771087646484 602.997039794922 590.854005813599 580.961715698242 820.157661437988 705.070735931396 795.317977905273 844.534847259521 963.939743041992 832.059734344482 849.548690795898 701.980985641479 511.081985473633 657.588502883911 718.391868591309 596.431427001953 560.414750814438 640.668895721436 601.972146987915 586.711128234863 651.850162506104 862.726623535156 611.860599517822 972.275169372559 708.431816101074 605.174030303955 654.774458408356 738.26969909668 830.177322387695 685.590465545654 681.975666046143 482.901077270508 529.910522460938 1249.93470573425 557.21484375 637.621929168701 663.460420608521 669.13480091095 691.440295219421 758.325744628906 955.007614135742 882.588684082031 905.263153076172 862.986785888672 758.225034713745 1120.10543060303 794.088283538818 708.008253097534 634.45475769043
-9999 -9999 602.072158813477 551.339462280273 581.406219482422 673.954780578613 794.990844726562 803.483215332031 878.070838928223 850.760694503784 755.047127723694 641.463973999023 713.760177612305 718.740386962891 662.720453262329 566.882623434067 491.282787322998 486.733623504639 615.540131568909 640.639965057373 769.107200622559 703.269073486328 743.007347106934 613.978435516357 693.916806697845 685.746961593628 669.715267181396 590.075225830078 758.600692749023 694.192806243896 723.000022888184 785.171241760254 602.974731445312 584.196876525879 793.851140975952 487.559646606445 624.881546020508 588.010551452637 469.559432983398 700.06102848053 885.312149047852 845.48526763916 788.057796478271 908.697158813477 881.968383789062 725.71368598938 757.734880447388 687.653247833252 804.532073974609 665.115280151367
-9999 -9999 903.255676269531 834.035797119141 679.087741851807 730.231826782227 825.788993835449 661.618461608887 663.167442321777 609.800354003906 913.424194335938 640.132614135742 530.516777038574 616.769245147705 557.754745483398 487.181182861328 464.129753112793 483.263618469238 423.166442871094 552.613382339478 619.165145874023 595.703020095825 570.040252685547 579.02172088623 477.687454223633 756.630611419678 629.930858612061 655.164967298508 638.686904907227 662.675457000732 694.484958648682 629.21537399292 639.932935714722 677.778284072876 651.022898674011 471.048568725586 544.096542358398 589.453186035156 721.049119949341 619.519500732422 884.267753124237 881.098666191101 826.131071090698 959.524780273438 986.15705871582 930.382630109787 742.601036071777 855.248710632324 1048.66541290283 716.060577392578
-9999 -9999 -9999 737.502363204956 593.012920379639 609.703693389893 802.720672607422 704.395130157471 702.48021697998 618.987098693848 491.229675292969 697.480222702026 696.388477325439 526.668167114258 554.952217102051 583.259510040283 494.855499267578 599.31689453125 526.910326004028 563.881747186184 510.86190032959 558.514575004578 652.259475708008 1221.64907836914 517.885105133057 579.630020141602 537.254104614258 510.847274780273 530.329284667969 729.418121337891 951.012580871582 663.192847251892 541.640495300293 571.704330444336 624.016479492188 787.547309875488 616.287410736084 581.680282592773 750.123908996582 544.970314025879 905.464874267578 914.54581451416 752.584171533585 760.511787414551 643.30345916748 875.793755054474 752.096252441406 664.563957214355 694.289710998535 1124.97829437256
-9999 -9999 -9999 748.318542480469 586.965003967285 616.573089599609 879.37287902832 825.534255981445 733.171726226807 907.268142700195 691.532001495361 801.951599121094 586.556945800781 544.184768676758 658.069470882416 471.834045410156 494.557159423828 572.367485046387 597.969430923462 543.353809356689 613.45298576355 520.599296569824 537.367477416992 842.983485586941 525.59557723999 535.252212524414 624.650211334229 649.003786087036 524.973388671875 631.318054199219 630.560840606689 729.489051818848 665.325863838196 570.788414001465 476.593734741211 988.399696350098 684.985376358032 775.045810699463 707.045610427856 630.762702941895 809.978134155273 768.653198242188 783.046119689941 956.220935821533 698.903900146484 1256.10513305664 778.536010742188 887.371242523193 1128.28363656998 986.562051534653
