simdem/realisation57.asc
NCOLS 350 
NROWS 171 
XLLCORNER 152620 
YLLCORNER 418050 
CELLSIZE 100 
NODATA_value -9999 
[rows 66 to 87 of 171, columns 200 to 249 of 350]
643.928504943848 665.587066650391 674.572303771973 630.11190032959 731.958839416504 684.693012237549 667.838766098022 577.215103149414 575.830238342285 598.287750244141 658.456256866455 599.456720352173 518.671745300293 605.700475692749 668.715042114258 740.301971435547 621.761242866516 515.772552490234 624.184107244015 574.436370849609 589.783428192139 635.202442169189 729.355445861816 675.86205291748 679.259775161743 682.047850131989 559.681016921997 569.64587020874 583.46842956543 501.482929229736 515.879356384277 610.681190490723 530.763130187988 562.879070281982 547.256958007812 633.83021736145 772.032749176025 643.840223312378 624.824916601181 738.857894897461 610.298496246338 576.859760284424 664.985462188721 556.697196960449 531.278305053711 599.260841369629 510.807250976562 646.749736785889 722.481819152832 793.365829467773
634.578977108002 667.463871002197 608.585342407227 625.575705528259 607.667896270752 631.674205780029 682.345180511475 555.896705627441 681.178844451904 669.0855884552 644.008952260017 658.289440155029 574.849548339844 646.238086700439 606.798965454102 746.563522338867 553.955051422119 441.033905029297 580.927444458008 920.705459594727 752.706199645996 522.353698730469 615.336604118347 550.235992431641 555.233947753906 694.386688232422 622.000914573669 591.100330352783 693.369735717773 607.937906265259 619.155763626099 556.531295776367 665.304628372192 607.297786712646 533.12385559082 748.53761100769 622.062484741211 557.268882751465 488.664367675781 737.460884094238 661.085815429688 636.108001708984 691.208106994629 609.479290008545 533.230598449707 535.938751220703 457.138656616211 571.958019256592 600.7314453125 570.641136169434
606.083344936371 822.961029052734 670.625923156738 555.787902832031 677.872161865234 802.056304931641 616.389892578125 689.758434295654 673.843811035156 616.710755348206 723.83065032959 778.025741577148 556.796264648438 664.058660030365 643.606870174408 653.918720245361 669.464248657227 592.812683105469 693.901779174805 626.036275863647 726.619033813477 612.447589993477 590.102604329586 648.4831199646 565.450866699219 471.836235046387 703.795921325684 631.879123687744 701.615585327148 713.186973571777 688.488195419312 922.378036499023 579.914199829102 602.730644226074 545.751693725586 594.022773742676 640.071517944336 656.898168846965 618.98632478714 720.276699066162 657.884265899658 544.999328613281 656.024566650391 725.453956604004 586.366966247559 751.874481201172 618.142803192139 732.377639770508 642.886926651001 589.809215545654
614.995622634888 692.23530960083 734.578536987305 602.517339706421 492.46142578125 771.529602050781 726.44116973877 822.716430664062 706.610076904297 747.474571228027 709.340660095215 780.938896179199 815.476043701172 785.691261291504 832.520065307617 557.195495605469 631.126565933228 683.356674194336 791.64599609375 837.156982421875 690.199172973633 756.525680541992 581.811893463135 477.957130432129 535.863307952881 463.294815063477 588.782983779907 593.903297424316 666.674018859863 547.449119567871 545.268493652344 750.863510131836 695.412933349609 758.819717407227 816.012062072754 726.444931030273 595.341487884521 604.432758331299 638.489395141602 623.170021057129 633.888405799866 596.261245727539 628.009885549545 642.678337693214 579.659526824951 621.562343597412 766.994873046875 745.531402587891 672.691345214844 521.448638916016
557.42504119873 630.187700748444 544.233840942383 566.814373016357 675.187789916992 676.113636016846 775.586120605469 639.023146629333 721.22354888916 669.659349441528 783.314811706543 648.557678222656 612.998584747314 649.160875320435 555.164237976074 664.334266662598 530.013725280762 590.246164321899 589.000835418701 740.511569976807 778.025810241699 842.308815002441 656.520384311676 586.215843200684 634.52024269104 450.231430053711 636.87495803833 546.174331665039 620.80658531189 527.978424072266 489.709632873535 724.597969055176 732.048202514648 649.87038230896 678.850357055664 669.267417907715 562.506969451904 606.798175811768 445.440383911133 596.918528556824 646.02520942688 599.65950012207 567.973533630371 587.556079864502 652.645101547241 662.991306304932 764.490898132324 736.332244873047 573.560447692871 434.412658691406
512.707130432129 646.683115005493 576.248245239258 422.628204345703 448.040588378906 569.713119506836 588.145324707031 643.898662745953 612.806182861328 647.773931503296 547.462409973145 487.880264282227 481.40998840332 601.969818115234 610.217273712158 680.715423583984 611.461676597595 557.580276489258 694.241192817688 745.380072593689 628.406074523926 579.707015991211 681.13240814209 678.956031799316 544.728530883789 527.378215789795 505.467254638672 591.51823425293 454.003326416016 517.181602478027 470.706817626953 581.923095703125 583.807432174683 669.386920928955 588.73946762085 703.706672668457 650.823237419128 555.905628204346 544.62141418457 592.746601104736 573.831703186035 513.813369750977 600.833794593811 635.822559356689 742.676666259766 735.437576293945 616.081218719482 653.730697631836 665.898078918457 520.03987121582
655.505790710449 685.703338623047 516.537864685059 342.155364990234 476.366546630859 528.555763244629 491.19800567627 637.524541854858 634.321132659912 541.551773071289 572.851951599121 715.385971069336 518.592514038086 564.803100585938 527.207374572754 742.567184448242 607.195137023926 685.175389528275 863.653961181641 822.270946502686 791.749351024628 634.295272827148 558.459861755371 614.921937942505 604.187047958374 577.067447662354 547.939262390137 519.164989471436 643.917304992676 677.101940155029 546.805694580078 650.71244764328 575.359391212463 667.793766021729 659.724388122559 608.299868583679 591.71497297287 472.540603637695 510.144317626953 403.981460571289 594.31556892395 530.709022521973 738.609100341797 611.009765625 567.634494781494 535.821102142334 683.190074920654 507.357131958008 551.601531982422 769.842834472656
689.763080596924 722.369346618652 547.129951477051 504.514793395996 470.29801940918 690.781677246094 437.91374206543 483.767028808594 558.608963012695 538.359329223633 619.920544862747 627.302772521973 601.309078216553 465.906356811523 593.122121810913 650.48966217041 668.639789581299 681.876144886017 725.741186141968 758.585960388184 796.503498077393 724.743629455566 503.460220336914 759.184280395508 781.19010925293 593.213941574097 461.568801879883 598.278434753418 560.655410766602 726.030937194824 688.539119720459 638.859204292297 964.307373046875 584.956153869629 499.096992492676 573.972263336182 562.941101074219 600.504920482635 479.401657104492 419.315521240234 291.317687988281 458.868850708008 723.236885070801 611.053228378296 717.797782897949 662.180271148682 618.032841205597 654.486928939819 645.565716743469 713.330043792725
513.571296691895 539.874725341797 550.174919128418 558.554885864258 689.284614562988 590.749797821045 600.611589431763 670.950702667236 546.278854370117 723.347328186035 721.472057342529 654.564037322998 572.486907958984 469.122100830078 616.961906433105 663.228275299072 631.059862136841 735.577079772949 717.610977172852 744.548370361328 764.410430908203 796.047798156738 1033.64188766479 800.707698822021 640.757541656494 639.593811035156 586.460258483887 554.825145721436 653.936475753784 525.371147155762 593.60431098938 973.342498779297 725.436294555664 611.86590385437 633.332822799683 537.64624786377 634.08339214325 663.095100402832 625.416414260864 538.577339172363 509.694961547852 634.208961486816 584.620239257812 563.534790039062 699.849624633789 603.608251571655 619.983825683594 471.354110717773 728.058013916016 560.816089630127
558.728492736816 528.805885314941 558.984855651855 500.632141113281 576.040966033936 648.428607940674 557.206024169922 673.707977294922 622.42310333252 609.29105758667 673.576434135437 572.322486877441 581.236869812012 564.031700134277 661.861320495605 666.216472625732 613.527376174927 729.26579284668 745.254917144775 745.70952129364 578.218185424805 711.995826721191 678.887680053711 758.894706726074 744.717056274414 735.361976623535 1079.23776626587 801.379638671875 696.859237670898 601.990776062012 490.385375976562 876.473014831543 749.960464477539 594.219272613525 593.624404907227 598.475032806396 710.400798797607 636.470603942871 613.906127929688 603.258335113525 562.948505401611 676.545421600342 789.761123657227 675.381965637207 727.917823791504 564.00093460083 565.047065734863 617.221459388733 523.432838439941 572.150703430176
599.995290756226 481.694854736328 673.957321166992 595.76541519165 552.094390869141 606.861486434937 491.466323852539 657.353279232979 667.15117162466 669.35319519043 591.065643310547 642.055305480957 655.05818271637 559.744270324707 732.215316772461 517.183227539062 598.297111272812 721.461168289185 747.249271392822 725.456260681152 668.058498382568 729.086241722107 701.403784751892 668.415824890137 805.794269561768 757.440514564514 770.110553741455 820.812065124512 913.903160095215 707.23461151123 1316.92261505127 732.499061584473 671.684947967529 712.789505004883 630.606753826141 671.15417098999 585.167358398438 665.389785766602 674.601222991943 546.794067382812 512.510162353516 620.939929962158 871.872604370117 747.236236572266 837.599746704102 722.447479248047 565.014102935791 672.971343994141 637.614589691162 593.121364593506
580.308441162109 686.66096496582 554.81965637207 481.199188232422 478.521835327148 528.863922119141 677.256278991699 689.302017211914 681.605173110962 620.231246948242 660.227475166321 595.453689575195 659.858390808105 735.951568603516 679.648223876953 671.087314605713 677.495357513428 633.052387237549 970.81037902832 1009.6622467041 931.967819213867 818.278011322021 723.668273925781 709.778877258301 734.70743727684 828.461414337158 733.600992441177 929.330835342407 1079.63852882385 916.363178253174 868.529808044434 750.075428009033 655.873992919922 690.154426574707 727.949226379395 601.574909210205 757.406524658203 579.204780578613 701.674255371094 471.393844604492 702.257968902588 741.235160827637 779.940017700195 775.329864501953 713.707565307617 619.921835660934 593.506746292114 719.139305114746 585.633502960205 718.201568603516
611.245622634888 573.86088180542 523.761093139648 524.651565551758 530.329940795898 538.574775695801 661.38215637207 545.017456054688 620.101093292236 620.797203063965 540.137222290039 598.30765914917 760.089706420898 562.940872192383 442.936569213867 688.323238372803 619.900568008423 615.269638061523 833.435653686523 888.079475402832 917.278757095337 983.908256530762 859.313461303711 701.453013658524 756.957855224609 872.841491699219 699.09907913208 929.351511001587 1159.5359992981 1263.2587852478 864.437484741211 799.180351257324 884.52547454834 691.801933288574 713.819747924805 625.526473999023 658.896744728088 826.892776489258 779.173759460449 593.612041473389 677.905693054199 705.061836242676 828.997192382812 762.453201293945 660.743362426758 583.005229949951 655.940125465393 632.844903945923 557.308029174805 857.661895751953
569.967914581299 703.609710693359 640.651704788208 663.198860168457 660.822612762451 546.168655395508 683.455558776855 632.535110414028 575.01513671875 703.401505351067 565.317932128906 676.740016937256 567.588222503662 604.154689788818 648.458069324493 654.296203613281 679.541580200195 756.408561706543 658.547243118286 862.845375061035 755.992080688477 761.16809463501 888.264823913574 708.699066162109 732.64408493042 798.704332828522 619.887138366699 851.088893890381 1267.90330505371 1224.59909057617 1131.69067764282 1074.28773498535 865.783006906509 881.649368286133 831.879608154297 726.996814727783 642.763034343719 812.477737426758 676.254959106445 733.74044418335 788.342407226562 711.810089111328 673.996913909912 595.404235839844 640.452092170715 584.710121154785 600.941326141357 625.855752110481 751.420738220215 674.988960266113
504.918418884277 611.274842232466 644.242769241333 572.058528900146 547.566261291504 538.196975708008 586.76139831543 498.989059448242 608.357215881348 676.137725353241 675.433079957962 733.676460266113 537.552146911621 620.043518066406 669.704463005066 687.03550195694 630.072814941406 662.183185577393 609.298873901367 660.663494110107 560.534065246582 551.415176391602 607.495212554932 767.1330909729 740.244388580322 891.781341552734 862.623390197754 720.645393371582 737.731575012207 950.324104309082 888.817676544189 1169.21339797974 1045.80006408691 1021.05587768555 1220.85520935059 802.353626251221 724.725826263428 770.487335205078 646.842652872205 816.072463989258 694.095710754395 776.488777160645 682.621438980103 691.541526794434 588.166282653809 554.775901794434 595.357566833496 550.914031982422 622.408046364784 644.618530273438
439.008773803711 464.791976928711 635.9700756073 578.032886505127 522.814918518066 515.289985656738 678.779598236084 633.743064880371 566.220642089844 718.777061462402 758.427131652832 697.838999554515 635.003729820251 679.078758239746 571.989105224609 709.535353660583 583.901374816895 671.019733428955 562.486480712891 716.456359863281 503.725440979004 580.683536529541 588.116279602051 578.221355438232 695.785575866699 894.064178466797 794.751399993896 626.206466674805 795.24732208252 755.877811431885 541.817779541016 810.447982788086 819.072658538818 1232.87986755371 1084.38840484619 987.365549087524 626.230960845947 666.22702050209 564.506271362305 730.008892059326 653.213027954102 748.464912414551 660.194869995117 627.895050048828 644.865097045898 538.199226379395 626.452405929565 656.401412963867 590.109622955322 628.676778793335
621.167655944824 596.621776580811 587.306789398193 499.029136657715 558.586486816406 482.676284790039 590.954132080078 526.827987670898 647.368278503418 712.154300689697 792.298446655273 847.684295654297 742.062973022461 719.913528442383 724.519256591797 579.481674194336 609.679649353027 702.865943908691 677.386386871338 597.545745849609 670.411081314087 704.019886016846 756.100204467773 749.242565155029 584.101196289062 660.464637756348 668.128719329834 705.591843366623 824.519216537476 610.3037109375 706.627014160156 758.192611694336 883.466903686523 1326.65650177002 1135.1420135498 1285.01619148254 656.989761352539 630.844673156738 547.951583862305 531.370666503906 655.700305938721 650.409725666046 784.405075073242 666.768246531487 487.250686645508 618.139694213867 660.219211578369 577.022956848145 549.228847503662 684.757621765137
484.301727294922 506.496368408203 603.086791992188 677.909072875977 706.848442077637 496.13648223877 477.109710693359 512.993682861328 697.584484100342 767.500839233398 668.716539382935 696.528609275818 844.06282043457 725.486022949219 744.750343322754 643.729476928711 704.790943145752 556.046157836914 464.730651855469 553.945846557617 617.828525543213 693.211387634277 646.623656123877 680.50708770752 673.079272091389 687.936580657959 597.027307510376 739.196929931641 633.135440826416 655.135375976562 556.813041687012 644.811553955078 1032.11152648926 1458.59150695801 1100.05933380127 1129.85945892334 1013.58958625793 980.353294372559 677.586296081543 470.376205444336 515.304473876953 672.125094413757 728.622451305389 741.16690158844 624.736953735352 440.38606262207 618.38370513916 567.637138366699 530.006660461426 682.94938659668
685.838385105133 644.824396133423 711.063430786133 673.466663360596 612.353090286255 517.78076171875 569.220928192139 481.523834228516 677.318130493164 731.99698638916 714.254905700684 687.096992492676 678.67195892334 743.512413024902 907.197982788086 746.475845336914 656.217049598694 656.523299217224 492.395263671875 670.527145385742 632.961977958679 665.450244903564 598.409149169922 602.308448791504 725.576385498047 688.660511016846 614.450698852539 689.94213104248 701.162157058716 707.262343406677 720.313598632812 761.92711353302 907.166286468506 881.728403091431 1092.8583984375 1042.02239990234 903.3837890625 763.414093017578 788.117942810059 671.71692276001 815.810031890869 840.185363769531 803.662382125854 805.471366882324 834.71418762207 943.836608886719 889.343154907227 741.891494750977 613.888889312744 482.583770751953
648.063481330872 644.092788696289 616.174217224121 616.550674438477 576.248146057129 614.702475994825 577.146072387695 576.609815597534 612.240013122559 696.408977508545 692.695539474487 734.487510681152 658.79522228241 649.733186721802 807.171005249023 651.461528778076 705.619934082031 689.875633239746 554.468200683594 611.090347290039 636.998723983765 734.08324432373 733.658142089844 658.783540725708 719.237426757812 665.771910190582 690.295246124268 807.873031616211 512.864166259766 693.743459701538 768.131958007812 741.212491989136 875.130786895752 752.330712556839 811.827167510986 787.270370483398 739.613349914551 869.323871612549 841.603149414062 847.324913024902 718.408004760742 729.93726348877 691.920700073242 814.905570983887 833.172081947327 714.536804199219 844.305969238281 914.3876953125 947.552856445312 454.017776489258
731.799331665039 504.377960205078 616.486679077148 648.761735439301 620.358639240265 634.463497161865 645.458866119385 617.51337480545 620.407719135284 746.306411743164 651.984153747559 698.533081054688 795.147262573242 569.482124328613 744.758895874023 635.237310409546 533.502304077148 607.148006439209 576.809589385986 694.774250030518 729.92700958252 578.383560180664 695.411979675293 708.191055297852 631.859128952026 685.940439224243 553.470024108887 711.55871963501 661.626893043518 611.724136352539 582.624809265137 626.587352752686 706.983477592468 671.022615432739 538.704284667969 697.190891265869 577.801895141602 727.906407833099 829.243865966797 884.935592651367 939.798728942871 723.977367401123 723.558406829834 763.931493759155 703.028503417969 850.699764251709 1006.51094055176 920.144763946533 971.253286361694 647.98055267334
632.71565246582 679.961230039597 653.950685501099 651.414293289185 583.322250366211 618.279047131538 606.993224143982 622.001938819885 501.510726928711 604.11923789978 670.12325668335 862.173141479492 649.604531288147 543.138244628906 761.448028564453 735.13060760498 654.951370239258 572.210021972656 743.101364135742 651.51549911499 558.409141540527 647.28834438324 636.505781173706 512.476303100586 595.478378295898 663.024390220642 685.886161804199 821.680648803711 1196.10246562958 578.834915161133 615.236618041992 613.851257324219 617.153728485107 548.311454772949 608.379760742188 679.886296272278 502.805793762207 585.047622680664 608.101638793945 706.149924397469 742.090152740479 816.272796630859 825.164344787598 785.441459655762 747.203942775726 855.081853151321 1020.08295440674 1099.34506320953 1012.82275390625 1075.96493530273
