simdem/realisation78.asc
NCOLS 350 
NROWS 171 
XLLCORNER 152620 
YLLCORNER 418050 
CELLSIZE 100 
NODATA_value -9999 
[rows 66 to 87 of 171, columns 200 to 249 of 350]
618.653444766998 560.132919311523 609.456192016602 546.610443115234 648.331423282623 651.479995727539 715.871315002441 669.300845623016 696.990421295166 556.05394744873 621.731077194214 746.607345581055 769.009628295898 735.072166442871 712.199501037598 636.867917060852 683.924587249756 586.285217285156 622.714865207672 596.770671844482 566.565589904785 446.611587524414 622.434011459351 533.179550170898 582.116424560547 710.506862640381 513.383712768555 618.276197433472 695.928455352783 593.084663391113 518.999702453613 628.349586486816 484.679641723633 499.935340881348 475.948791503906 528.453468322754 619.694206237793 513.93578338623 618.520156860352 587.912406921387 533.007568359375 667.425415039062 761.576080322266 602.928111076355 449.890441894531 670.608998298645 654.42467880249 666.735015869141 607.926078796387 628.610181808472
667.265460968018 653.665814399719 585.331283569336 580.381233215332 675.520683288574 651.637286186218 558.720985412598 698.194198608398 717.807319641113 696.368499755859 657.900945663452 707.56958770752 700.361305236816 625.962412595749 491.223896026611 577.136602401733 640.192016601562 582.420276641846 611.322351455688 737.748100280762 487.291458129883 597.208320617676 590.110780715942 544.343677520752 493.905456542969 595.477279663086 522.975471496582 588.379108428955 657.985889434814 506.416732788086 489.31071472168 584.210624694824 620.028060913086 618.916557312012 708.926475524902 803.571346282959 577.564338684082 553.075157165527 632.697803497314 734.22998046875 670.02522277832 753.994552612305 703.502334594727 619.387976646423 557.925468444824 688.291244506836 657.524304389954 675.273738861084 753.632667541504 730.874908447266
636.412515640259 577.790657043457 679.802556991577 549.855186462402 650.032011508942 846.79817199707 830.37223815918 702.270694732666 647.81730645895 773.014419555664 682.617570877075 697.717979431152 688.550394058228 759.731880187988 732.80118560791 613.840774536133 527.922645568848 555.043823242188 494.781845092773 587.253967285156 558.834487915039 557.245971679688 484.976509094238 536.525512695312 517.994110107422 494.724540710449 699.205780029297 699.71667098999 710.997406005859 676.498565673828 495.034744262695 681.212768554688 542.835594177246 586.235900878906 599.825202941895 691.268043518066 661.985645294189 606.520015716553 589.091520309448 736.264019012451 770.350082397461 637.204661846161 693.635749816895 703.280029296875 594.107774734497 556.085166931152 570.833045959473 729.80256652832 555.083374023438 617.464256286621
577.056816101074 536.487380981445 609.660789489746 594.549821853638 655.382398605347 750.742729187012 643.572241783142 662.525905609131 628.094766616821 694.375095367432 841.168334960938 752.957191467285 603.927978515625 590.446479797363 653.878009796143 619.113174438477 697.095287322998 614.306905269623 381.863876342773 376.353485107422 659.385523796082 601.58385848999 594.27906036377 575.195572853088 496.479621887207 570.222938537598 563.123790740967 606.885684967041 483.67569732666 528.14720916748 546.517158508301 655.994552612305 644.171558380127 636.047306060791 725.437861442566 631.394611358643 678.77278137207 728.623497009277 638.731473922729 691.444641113281 700.521156311035 584.755069732666 658.701890945435 622.855442047119 537.891815185547 529.874153137207 636.368470191956 664.818538665771 644.913504600525 561.111755371094
776.87532043457 592.334579467773 575.655345916748 527.156364440918 701.169677734375 672.13166809082 628.029557228088 550.562034606934 635.45941734314 653.165755271912 726.546054840088 683.067487716675 621.639694213867 499.785140991211 638.420866012573 681.88392829895 535.659629821777 341.086639404297 548.835426330566 585.450927734375 644.941223144531 711.041078567505 668.198223114014 669.87943649292 612.745125770569 442.577713012695 567.74390411377 545.826393127441 622.663396835327 442.945190429688 621.611348628998 708.82844543457 736.161247253418 479.791595458984 677.513422012329 782.69482421875 685.47297668457 708.360980987549 712.036231994629 470.059188842773 641.741481781006 587.420715332031 529.015533447266 571.142463684082 645.727325439453 613.428916364908 566.807060241699 723.792129516602 792.512817382812 677.025196075439
763.549591064453 712.86890411377 710.317848205566 694.104759216309 753.746139526367 636.350765705109 613.566951751709 716.130111694336 791.03182220459 750.977226257324 730.587219238281 556.328689575195 778.675857543945 643.522980153561 625.54653263092 570.730712890625 519.423652648926 687.38320350647 732.25044631958 887.162567138672 809.067184448242 783.269508361816 615.267410874367 683.249176025391 679.126445770264 534.762172698975 572.727125167847 630.036815166473 560.263648986816 559.850297927856 651.317157745361 737.469635009766 725.608047485352 762.821502685547 661.046096801758 715.427642822266 668.282695770264 544.356002807617 640.349513053894 480.979797363281 580.506494522095 641.165246725082 452.026092529297 716.300720214844 561.768943786621 670.036960601807 654.508502960205 716.076965332031 872.000068664551 670.901473999023
670.710105895996 716.46167755127 774.292984008789 695.449645996094 640.642761230469 719.617942810059 629.002756118774 781.294723510742 922.552856445312 746.203414916992 591.341018676758 659.955802679062 711.652839660645 705.202194213867 791.601547241211 877.31477355957 607.597686767578 715.695119857788 761.61979675293 911.007583618164 946.457077026367 779.896178245544 643.015965867788 629.082443296909 623.910751819611 572.40083694458 642.10551071167 666.281608581543 657.785369873047 584.318199157715 637.44275188446 737.866920471191 686.400405883789 707.456695556641 599.757701873779 608.304197311401 663.16919708252 675.087924957275 570.7248878479 442.298645019531 548.605484008789 703.092712402344 579.97061920166 652.323308944702 669.623851776123 530.609069824219 673.436115264893 608.715309143066 529.371574401855 582.088912963867
721.295486450195 719.250709533691 768.603775024414 751.001022338867 678.34741973877 572.449058532715 505.985549926758 642.488194465637 814.314315795898 555.943702697754 526.020118713379 715.31909942627 773.643379211426 732.589828491211 735.271408081055 799.227981567383 711.076042175293 717.031307220459 769.451971054077 1004.01802062988 905.831367492676 695.865859985352 682.421859741211 678.90580368042 620.777338981628 643.395086288452 719.776519775391 638.221735954285 550.798797607422 598.084205627441 618.157590866089 559.279716491699 832.801261901855 471.210830688477 571.081210374832 415.39387512207 484.164245605469 584.24875831604 647.882140159607 664.921112060547 569.213123321533 523.071495056152 656.218423843384 679.794551849365 668.371353149414 620.762141704559 536.829666137695 672.518604278564 508.140213012695 651.531125307083
584.173809051514 653.447561264038 760.876251220703 760.561416625977 621.273209571838 637.7971534729 558.120666503906 747.146148681641 679.026117324829 617.350067138672 656.100247383118 527.82536315918 659.040721416473 714.856033325195 702.336669921875 578.473854064941 584.378944396973 654.36925983429 637.956001281738 904.308570861816 866.463478088379 805.294933319092 1006.25563430786 790.238658905029 709.055154800415 794.115688323975 664.110889434814 541.778347015381 644.589456915855 493.991661071777 637.870713233948 720.817031860352 531.886337280273 573.795509338379 642.304250717163 476.863052368164 677.369934082031 562.229507446289 654.059329986572 713.584869384766 744.452545166016 678.447396278381 761.810386657715 759.236679077148 726.690788269043 589.879758834839 653.604719161987 706.550552368164 634.044753551483 540.506385803223
635.166349411011 664.027671813965 762.779815673828 577.530517578125 590.882755279541 655.416561126709 697.608009338379 736.118455886841 642.564365386963 658.877672195435 599.094009399414 483.573310852051 654.448507189751 589.823036193848 747.41667175293 537.543159484863 508.534286499023 656.169528007507 599.025947570801 834.087577819824 627.290903091431 692.805671691895 688.629638671875 765.753616333008 853.952186584473 907.734725952148 1097.72610473633 591.145690917969 472.901992797852 617.272134780884 555.861988067627 713.064582824707 551.690937042236 627.186246871948 631.428245544434 615.563600540161 600.324966430664 643.261575698853 662.041933059692 549.26912689209 703.689018249512 665.096862792969 697.959747314453 682.86466217041 786.249404907227 540.238578796387 623.305772781372 560.186645507812 629.552183151245 664.127883911133
710.401306152344 578.730735778809 543.586441040039 645.091856002808 497.846870422363 472.231384277344 575.77352142334 632.464973449707 696.914434432983 793.951934814453 808.457412719727 575.309188842773 678.659440994263 797.495231628418 791.666664123535 589.332897186279 549.353603363037 721.562316894531 756.199331521988 688.589596748352 565.060089111328 786.069664001465 691.725482940674 684.248989105225 782.603736877441 965.658996582031 894.641593933105 750.66072845459 636.150283813477 511.248611450195 1117.14151000977 721.767860412598 716.017448425293 639.749519348145 537.269668579102 525.087219238281 702.677768707275 680.557949066162 707.67301940918 533.212944030762 608.949813842773 746.719573974609 625.103991985321 746.471389770508 690.402992248535 596.945514678955 607.308946609497 585.462406158447 577.958969116211 561.450519561768
596.371267318726 710.98860168457 559.697414398193 710.000022888184 651.216791152954 397.042297363281 557.013931274414 510.797897338867 732.882781982422 603.373718261719 687.341895103455 708.983829498291 676.890758514404 622.80793762207 671.809272766113 642.790392398834 526.730819702148 591.189854621887 866.236320495605 808.891693115234 690.310447692871 737.188236236572 692.176164627075 868.215816497803 860.308654785156 839.993026733398 735.737689256668 822.327995300293 865.116592407227 708.187606811523 673.096534729004 750.319499969482 718.503117322922 768.242561340332 558.374336242676 559.955947875977 703.577110290527 767.710136413574 623.387411117554 691.532855987549 851.408309936523 629.772462844849 657.537496566772 613.218517780304 651.705680847168 550.085899353027 522.68497467041 705.073860168457 606.739743232727 557.069679260254
661.970657348633 732.197746276855 674.406684875488 645.634338378906 659.887218475342 576.374088287354 497.902816772461 572.922485351562 671.341195106506 916.97200012207 712.993976593018 684.486392974854 680.348205566406 528.391174316406 683.248023986816 595.252891540527 615.157773971558 587.427295684814 572.400917053223 621.522201538086 893.454920768738 900.873126983643 729.407392501831 651.036079406738 807.976470947266 747.957666397095 733.597138881683 805.710960388184 1024.41897583008 1160.00270080566 803.825172424316 726.965156555176 707.697998046875 831.093070983887 610.380554199219 761.514785766602 707.707088470459 688.607364654541 742.058395385742 646.141745209694 774.03369140625 755.011131286621 545.850929260254 453.678848266602 657.198163986206 557.953308105469 664.716281890869 653.322811126709 615.309359550476 460.873397827148
673.065460205078 801.820663452148 714.637504577637 599.340539932251 624.723033905029 585.327793121338 609.504740476608 665.104820251465 673.173461914062 752.84680557251 717.552368164062 681.186443328857 671.147064208984 671.233467102051 663.423879623413 558.552101135254 763.930473327637 603.022396087646 509.510368347168 803.736721038818 756.831680297852 780.141777038574 772.655813217163 785.074188232422 710.883975982666 880.466735839844 709.373286724091 718.991065979004 1027.70205688477 1022.39854812622 1176.62826538086 935.409608840942 1002.86758422852 850.487335205078 821.92529296875 780.857437133789 598.422622680664 716.084869384766 701.687488555908 747.918411254883 834.323547363281 707.584186553955 668.836601257324 573.244888305664 602.333591461182 533.87419128418 716.701644897461 814.352493286133 698.383869171143 619.8790102005
667.807556152344 654.567558288574 784.382293701172 576.242332458496 481.998046875 637.392142295837 674.430541992188 715.057441711426 727.543716430664 765.376525878906 604.956497192383 700.670738220215 678.260715484619 833.654983520508 707.570941925049 707.328773498535 670.2931432724 808.782165527344 511.540573120117 718.253639221191 719.028541564941 719.61572265625 580.416175842285 668.754428863525 568.378684997559 672.689025878906 610.083999633789 793.602752685547 806.180936813354 892.350040435791 857.824287414551 1326.47980499268 1098.9422492981 1050.07514953613 1165.4831237793 859.315017700195 726.755027770996 742.813919067383 574.299087524414 643.151664733887 782.485145568848 576.73168182373 729.848495483398 723.53539276123 675.495628356934 632.141521930695 564.886215209961 632.045656204224 627.110211372375 607.430274963379
682.66739654541 670.641712188721 667.608257293701 590.931499481201 630.789628982544 555.917083740234 578.339954376221 667.868228912354 783.391830444336 714.10474395752 799.751800537109 774.584457397461 736.413719177246 679.561393737793 636.959762573242 624.528930664062 688.19464302063 802.836990356445 691.850002288818 719.509864807129 680.894367218018 626.405885696411 737.415473937988 761.09619140625 693.804550170898 777.504653930664 669.299095153809 843.360877990723 702.583541870117 664.951873779297 738.70051574707 1056.63081359863 1082.31790161133 1152.96173858643 1056.4295501709 1154.08450317383 755.448196411133 600.621879577637 768.532516479492 922.866989135742 746.591800689697 612.849281311035 626.04709148407 586.810493469238 697.26122045517 711.433712005615 618.22580909729 702.637229919434 562.387020111084 579.080406188965
687.231132507324 680.999042510986 709.068050384521 649.966239929199 562.26037979126 623.023368358612 607.49422454834 736.121253967285 714.341186523438 707.031311035156 722.424320220947 687.660067558289 688.836154937744 652.510144233704 678.388961791992 735.24503326416 739.122497558594 722.904312133789 680.152408599854 692.475322723389 603.575191497803 672.058214187622 633.593037605286 792.648826599121 692.811252593994 756.882583618164 620.640449523926 655.170799255371 760.153316497803 787.169319152832 819.411297440529 703.21203994751 787.196445465088 1324.91033172607 1104.09802246094 1323.97272109985 812.171859741211 688.973114728928 630.641006469727 755.915904998779 718.201644897461 657.160184860229 784.334854125977 705.739574432373 664.851398468018 578.990905761719 685.774276733398 599.592184066772 592.338720321655 607.115673065186
647.094279289246 599.157932281494 630.569759368896 622.162620544434 719.688369750977 721.767082214355 616.388519287109 710.728424072266 775.06591796875 650.939880847931 626.805000305176 751.971473693848 601.756881713867 859.157119750977 602.097225189209 551.07967376709 820.021881103516 746.036689758301 705.177658081055 609.733184814453 651.873047828674 642.250330448151 604.190933227539 633.91105556488 599.795120239258 674.467315673828 581.408536911011 664.255826950073 716.007480621338 858.113662719727 637.434242248535 715.492900371552 1087.3187713623 1349.27550506592 1175.34721374512 1041.02613067627 1162.14585876465 836.991847991943 658.057556152344 519.023620605469 750.159683227539 729.875789642334 748.194803237915 759.79586315155 865.54216003418 726.045387268066 619.472278594971 588.608020782471 656.292441368103 588.88304901123
686.738876342773 638.217540740967 639.016969680786 618.747916460037 694.609931945801 785.758422851562 666.618740081787 714.209487915039 730.933464050293 703.10913848877 598.238891601562 734.129333496094 675.208351135254 712.816627502441 766.291946411133 670.292079925537 636.700687408447 709.517906188965 602.184547424316 597.650859832764 554.441070556641 725.875160217285 689.374011993408 643.336390376091 658.818822860718 744.628524780273 662.914556503296 577.102397918701 759.12434387207 850.697265625 581.56086730957 528.950454711914 973.807052612305 893.679054260254 978.513523101807 1052.83118057251 919.387393951416 864.697872161865 672.210063934326 714.118956565857 746.424030303955 843.423271179199 778.799264907837 750.231237411499 895.602114677429 1080.49636077881 1099.44264364243 1084.74778747559 621.996643066406 622.737979888916
584.120307922363 613.588287353516 695.367778778076 761.446769714355 722.369667053223 620.731951713562 613.876356124878 520.354667663574 679.818234443665 554.205917358398 622.690677642822 748.572738647461 667.441345214844 791.12239074707 849.330261230469 578.102020263672 494.616218566895 659.579193115234 622.199666976929 655.942442417145 566.464286804199 587.062324523926 775.186264038086 702.2473487854 707.841636657715 654.730924129486 782.171806335449 681.645927429199 681.417858123779 635.345146179199 676.04252243042 716.561418056488 849.551180839539 660.273307800293 660.86563873291 779.185819625854 815.233894348145 811.747362136841 617.927429199219 641.114456176758 774.997200012207 676.791557312012 658.596582889557 720.474929332733 727.118186950684 816.913588523865 963.120769500732 905.509887695312 900.471237182617 519.923004150391
587.529838562012 662.429124832153 670.860093832016 538.955261230469 576.277034759521 529.406631469727 559.210582733154 484.820724487305 469.802474975586 554.618545532227 577.95503616333 664.268465042114 625.137214660645 751.373794555664 780.196342468262 614.604084014893 605.283958435059 637.671937942505 575.24967956543 580.206703186035 636.023551940918 720.455673217773 652.422142028809 680.206945419312 655.224534034729 717.072998046875 791.034439086914 765.092615127563 620.120923995972 609.624542236328 656.349812984467 610.228202819824 706.106595039368 574.668395996094 922.383972167969 824.999641418457 737.939430236816 727.860702991486 661.096923828125 702.556365966797 777.442832946777 714.217714309692 759.235809326172 755.376417160034 761.098437309265 926.925270080566 909.147579193115 974.09962272644 951.236649513245 732.852870941162
631.219299316406 644.844314575195 753.482490539551 727.38452911377 635.139394760132 757.709777832031 701.420639038086 512.955894470215 586.315628051758 707.63671875 602.802139282227 622.666820526123 628.167675018311 766.052337646484 513.294479370117 582.50464630127 698.598065495491 652.650360107422 656.440838813782 674.450080871582 659.469181060791 567.175979614258 680.099311828613 743.7900390625 709.03995513916 814.583572387695 731.145889282227 705.674175262451 1239.41469573975 545.801681518555 664.072793960571 580.681781768799 538.748954772949 687.778190612793 636.647918701172 589.572280883789 561.152111053467 568.475723266602 660.819526672363 780.980056762695 739.063041687012 800.70894241333 729.162740707397 770.210531234741 695.160278320312 854.797749042511 919.70658159256 1095.12675094604 1089.45498657227 1026.7014465332
