simdem/realisation9.asc
NCOLS 350 
NROWS 171 
XLLCORNER 152620 
YLLCORNER 418050 
CELLSIZE 100 
NODATA_value -9999 
[rows 44 to 65 of 171, columns 50 to 99 of 350]
852.281784057617 760.870552062988 787.366969108582 756.436836242676 425.259525299072 473.36866569519 540.590748786926 444.612113952637 537.511631011963 534.298655509949 976.256999969482 592.564033508301 596.003540039062 477.030155181885 538.855113983154 456.811153888702 484.056473731995 508.794281005859 377.281921386719 373.365505218506 400.799641609192 480.726917266846 332.064842224121 403.372045516968 302.393768310547 148.903411865234 333.509017944336 327.410545349121 348.264511108398 406.130241394043 367.129768371582 359.753402709961 334.77409362793 614.576095581055 528.478485107422 522.258201599121 506.929336547852 489.100131988525 264.088119506836 320.498100280762 441.142317771912 473.199848175049 479.82084274292 494.364162445068 410.851613998413 532.952690124512 529.878303527832 496.804313659668 368.733741760254 418.705652236938
731.704593658447 739.781890869141 695.852401733398 783.628757476807 413.255439758301 543.302801132202 633.633575439453 479.920555114746 399.241142272949 664.133651733398 540.462825775146 515.159038543701 488.335124254227 580.124153137207 512.472267150879 241.794311523438 381.186264038086 443.60622215271 390.979209899902 353.28133392334 348.488784790039 361.978916168213 336.94319152832 298.007629394531 208.244918823242 50.719970703125 241.607116699219 294.397979736328 235.897094726562 300.093002319336 438.413695335388 353.808799743652 381.992847442627 542.381149291992 500.918952941895 402.832042694092 437.724103927612 451.749366283417 299.882102966309 398.005411148071 325.506561279297 477.733016967773 354.860206604004 291.832305908203 335.354133605957 377.236206054688 467.132286071777 494.628429412842 542.288970947266 475.549522399902
711.964630126953 624.420654296875 489.637939453125 356.19083404541 347.306594848633 414.902015686035 446.598373413086 411.968967437744 567.014343261719 545.736637115479 464.747592926025 493.473335266113 453.289730072021 426.645179748535 430.620388031006 540.70751953125 459.944610595703 438.950855255127 427.782609939575 538.667221069336 338.037124633789 316.048828125 406.423849105835 286.880180358887 256.813049316406 174.471481323242 313.256988525391 292.987899780273 413.851062774658 406.723934173584 483.325054168701 438.758380889893 427.960826873779 441.962944030762 326.809158325195 375.232650756836 387.312408447266 393.076072692871 388.845232009888 368.064483642578 401.782218933105 307.161071777344 351.088371276855 338.257057189941 378.379470825195 442.052037239075 429.237652301788 478.676914215088 470.073497772217 549.292640686035
637.959728240967 511.02813911438 479.415622711182 472.25874710083 265.360916137695 235.76123046875 902.368469238281 703.00147819519 444.635284423828 489.309972763062 522.885818481445 412.967338562012 460.411413192749 399.772811889648 569.159204483032 510.001388549805 415.326913833618 397.637292861938 471.810955047607 436.118068695068 473.335487365723 307.51969909668 346.548873901367 296.518455505371 442.003120422363 324.58024597168 362.403091430664 463.654647827148 470.522914886475 333.803916931152 386.206390380859 474.768712520599 423.153480529785 456.422386169434 261.010437011719 384.502876281738 481.906898498535 406.843368530273 418.843594074249 416.56262588501 418.256158828735 387.185531616211 442.925503730774 394.856910705566 450.848592758179 390.878723144531 454.049911499023 471.822368621826 443.094562344253 474.867240905762
360.796005249023 481.013407707214 440.410626411438 603.742576599121 256.886367797852 471.180938720703 405.367332458496 414.70142364502 382.866325378418 475.608947753906 470.642303466797 412.611625671387 470.319672584534 508.042152404785 450.120248794556 537.525032043457 452.702482223511 350.68482208252 376.450084686279 312.079345703125 393.682931900024 444.587985992432 425.048038482666 270.182113647461 396.354682922363 435.460262298584 392.85055911541 407.980871200562 476.368873596191 337.071884155273 352.968032836914 486.335069656372 516.985614776611 432.645132064819 416.468519210815 409.606045722961 327.184432983398 543.190940856934 494.66259765625 484.803024291992 601.183883666992 378.933044433594 417.027921676636 429.878156661987 447.972364425659 443.914358854294 529.375335693359 512.370132446289 347.494323730469 426.423534393311
526.105659484863 271.511405944824 517.280544281006 498.711545944214 488.947006225586 459.472141265869 436.549499511719 317.741912841797 345.250427246094 588.762191772461 512.979804992676 521.781817436218 562.267631530762 606.830474853516 485.929044723511 588.335113525391 356.344017028809 367.885326385498 351.013938903809 462.270988464355 417.504289627075 439.829242706299 403.577707052231 436.478351593018 543.045402526855 520.713340759277 560.641067504883 375.345592498779 488.853420257568 418.099459648132 546.361038208008 476.593185424805 322.901794433594 361.194862365723 324.217750549316 287.905448913574 291.59733581543 384.938968658447 477.337795257568 537.922927856445 584.57243347168 622.130142211914 515.381538391113 399.23698425293 379.883850097656 506.680606842041 435.68360710144 436.589375019073 328.796112060547 604.178955078125
460.075294494629 453.738645553589 462.907886505127 997.449853897095 513.809965133667 533.137804031372 527.044215321541 535.462562561035 403.143585205078 448.058555603027 426.168575286865 404.7297706604 430.953714370728 468.911823272705 487.476749420166 424.497629165649 307.643356323242 359.862518310547 383.275068283081 492.295040130615 472.38000869751 453.309913635254 417.905385971069 423.322797417641 351.558498382568 523.534370422363 574.364807128906 468.035140991211 474.350063323975 469.831928253174 447.292888641357 556.89412689209 426.699131250381 441.270413398743 427.383586347103 273.487564086914 306.20304107666 269.210433959961 512.521026611328 581.839614868164 397.0671043396 449.935701370239 477.435974121094 536.929008483887 521.418792724609 434.028160095215 445.490453720093 530.531463623047 443.238185852766 509.786243438721
663.755020141602 479.781116485596 468.852392196655 505.176544189453 624.299049377441 499.745807647705 427.957847595215 422.05474281311 569.648063659668 386.669185638428 558.778587341309 457.760484695435 463.100086212158 443.399168491364 445.19153881073 406.2900390625 446.625671386719 484.667709350586 505.331268310547 546.665756225586 377.180122375488 488.969535827637 276.301048278809 489.069702148438 530.373924255371 537.102699279785 285.91242980957 385.697061538696 415.060209274292 372.070499420166 391.504458427429 287.951126098633 327.92626953125 450.342725753784 371.51741027832 274.692016601562 409.847668647766 360.090930938721 394.438037872314 369.453525543213 479.081848144531 659.637481689453 627.910919189453 446.093368530273 412.163893640041 467.616592407227 449.269290924072 377.01831817627 329.930671691895 333.025596618652
735.219650268555 363.903816223145 901.913368225098 695.528411865234 463.679595947266 498.771723747253 467.354640960693 471.902724266052 504.387783050537 467.736333847046 482.99923324585 447.097146987915 401.720794677734 337.207290649414 386.041833877563 413.385643005371 488.664066314697 475.799571990967 283.369583129883 277.794334411621 412.247769355774 397.990909576416 419.419506072998 369.356250762939 538.412094116211 574.180358886719 326.20735168457 406.993621110916 320.764457702637 256.078125 282.854530334473 402.260162830353 474.342086791992 401.694757461548 429.940430641174 356.579475402832 285.327766418457 339.084129333496 316.339668273926 386.378658294678 430.678991317749 421.158027648926 422.745341300964 397.553356170654 436.676073074341 328.742752075195 579.399948120117 463.89652633667 293.615104675293 210.591934204102
784.070724487305 612.319618225098 620.629829406738 645.082836151123 698.419860839844 540.344816207886 570.150192260742 384.139488220215 316.092712402344 393.867660522461 261.313583374023 355.669692993164 319.660629272461 443.634677886963 435.976493835449 477.2809715271 427.309284210205 425.901101112366 271.085220336914 323.777870178223 462.692493438721 509.983062744141 348.124671936035 318.811828613281 540.026695251465 552.059692382812 462.134658813477 289.554473876953 280.575141906738 398.771372199059 409.266086578369 378.202781677246 447.369617462158 412.275171279907 443.779414653778 370.810497283936 188.638488769531 392.792583942413 481.870361328125 448.961601257324 436.253477096558 515.536750793457 409.023483579978 387.426399230957 329.178169250488 222.109146118164 423.675401687622 482.571739196777 331.041385650635 236.464538574219
748.307891845703 607.064933776855 535.729960441589 732.602745056152 590.19909286499 675.626243591309 594.044128417969 485.773773193359 350.05842590332 433.064472198486 318.852760314941 512.198333740234 423.444876670837 386.11145401001 459.318775177002 421.524683952332 531.787696838379 339.233352661133 281.845581054688 404.594871044159 362.344253540039 528.83129119873 514.219024658203 777.923751831055 733.871459960938 527.19645690918 376.699160575867 309.280303955078 309.753520965576 354.713302612305 438.328758239746 227.820022583008 425.959629058838 415.12947177887 240.295776367188 273.322967529297 408.813339233398 371.602476119995 471.985359191895 378.064441680908 372.155937194824 350.597999572754 391.890798568726 485.135292053223 444.524745941162 358.641540527344 396.373250961304 474.272708892822 547.104110717773 407.037393569946
684.19165802002 1169.24040985107 653.048187255859 794.94287109375 615.675918579102 570.149765014648 568.52188873291 348.06859588623 385.102115631104 404.328273773193 337.03182220459 518.440223693848 382.108116149902 491.444473266602 283.096839904785 376.060703277588 455.659109115601 320.049903869629 540.061546325684 419.272453308105 406.150037765503 495.85807800293 548.566619873047 643.774963378906 582.553573608398 467.498344421387 385.274876594543 317.934234619141 387.634784698486 438.197555541992 395.228037834167 401.540778160095 414.775774478912 402.423412322998 384.596024513245 408.395189285278 304.976280212402 386.670776367188 328.89134979248 341.912719726562 411.367359161377 328.593765258789 390.532494544983 545.353378295898 421.128078460693 396.215663909912 432.137867689133 509.324478149414 468.140487670898 482.179180145264
453.85660803318 646.540676116943 603.402488708496 774.003143310547 539.276216983795 528.688203692436 480.066293239594 564.977264404297 553.666404724121 429.292634010315 372.608303070068 288.66374206543 507.14737701416 521.972648620605 379.598541259766 494.793754577637 496.348091125488 505.621040344238 547.475921630859 427.781707763672 420.747561454773 525.838401794434 527.98307800293 376.296136856079 359.565300941467 277.262435913086 293.049032211304 392.127647399902 416.290397644043 339.369396209717 307.88484954834 394.381616592407 305.549779891968 357.063503265381 386.689990997314 282.571792602539 277.629058837891 463.724243164062 345.747402191162 254.583862304688 300.877899169922 338.038009643555 366.720500946045 442.383888244629 530.255928039551 298.570648193359 422.534317016602 365.797416687012 596.651031494141 504.20841217041
527.857322692871 518.779407501221 477.87572479248 395.45539855957 395.999099731445 491.839225769043 643.547927856445 591.657485961914 570.499740600586 610.371429443359 543.493499755859 497.633071899414 534.641586303711 587.018188476562 371.507328033447 505.023292541504 477.697589874268 597.549057006836 423.725582122803 522.69214630127 351.433586120605 409.368156433105 206.073669433594 274.100616455078 320.852268218994 466.504547119141 399.389060974121 261.075225830078 308.314720153809 302.68323135376 194.373779296875 323.110378265381 377.785808086395 342.632400512695 337.218841552734 126.431228637695 239.248184204102 369.753765106201 556.200149536133 386.178741455078 485.557357788086 419.009006500244 250.584579467773 389.876605987549 525.910942077637 455.497817993164 342.824989318848 421.505144000053 429.546541690826 468.208118438721
620.538063049316 525.665325164795 612.356494903564 435.735443115234 367.815567016602 572.427068710327 476.15691947937 558.222297668457 540.161849975586 491.977645874023 358.835433959961 319.241485595703 401.329479217529 492.355247497559 500.989334106445 440.973880767822 474.561450004578 487.970703125 501.234771728516 431.986644744873 334.49792098999 249.26000213623 229.392593383789 124.31706237793 383.675666809082 435.122634887695 318.275014877319 297.66626739502 359.226605415344 319.519409179688 314.526847839355 316.262668609619 315.812690734863 409.901138305664 281.218597412109 218.376419067383 432.559970855713 465.737998962402 436.618423461914 420.321836471558 375.333299636841 443.305500030518 371.301559448242 271.264862060547 256.003509521484 474.997093200684 451.560335159302 487.303340911865 389.127540588379 402.008293151855
578.948303222656 653.227806091309 623.557433605194 624.551858901978 583.060304641724 600.837469100952 462.693744659424 443.406383514404 572.399490356445 539.846771240234 323.339218139648 216.128616333008 307.522605895996 283.344352722168 475.091133117676 477.607070922852 398.964008331299 449.004995346069 413.271141052246 458.557468414307 412.059730529785 210.575927734375 244.956680297852 278.856842041016 353.09680891037 375.044284105301 344.188042640686 279.580192565918 403.565856933594 254.303939819336 233.770492553711 306.234924316406 317.977310180664 388.576563119888 298.279747009277 363.960638046265 413.977684020996 348.33264541626 482.841369628906 410.767377853394 375.698009490967 433.372261047363 419.284738540649 225.217742919922 283.755432128906 412.2506980896 393.992462158203 420.032306671143 424.812092781067 349.334884643555
433.84595489502 515.140655517578 622.083549499512 574.187152862549 624.878826141357 590.832832336426 389.661743164062 336.196212768555 460.757412910461 464.297245025635 172.135375976562 349.346782684326 301.39981842041 385.087143182755 545.617340087891 368.307256698608 360.469055175781 431.885746955872 422.872971534729 535.551582336426 307.205860137939 166.859466552734 315.261642456055 274.236663818359 359.469215273857 363.371683597565 380.443147659302 427.060480117798 488.233222961426 410.704782485962 290.296737670898 200.620330810547 230.937362670898 236.565895080566 240.95539855957 311.626091003418 392.523072242737 306.853561401367 452.878787994385 407.866149902344 415.912240982056 501.186080932617 374.673675537109 240.80354309082 390.796478271484 414.137684822083 383.89217376709 430.536283493042 461.987873077393 363.268226623535
459.776466369629 464.417198181152 386.462631225586 506.332145690918 600.819625854492 483.576950073242 623.653925895691 458.794101715088 394.042892456055 362.021690368652 408.85444355011 496.379447937012 351.610572814941 384.091762542725 454.291511535645 402.906028747559 426.886330842972 331.666645050049 390.725796699524 443.167182922363 337.127464294434 241.781280517578 214.100646972656 202.822692871094 307.853134155273 343.888935089111 291.344982147217 395.646575927734 366.851244926453 327.950672149658 302.731018066406 364.57562828064 214.532516479492 227.921295166016 357.199378967285 315.294967651367 455.665111541748 389.760437011719 294.486701965332 299.379837036133 294.457885742188 355.23860168457 498.566596984863 377.768760681152 397.938102722168 378.868637084961 458.24328994751 385.281280517578 470.817031860352 378.069152832031
586.121240615845 640.07982635498 533.553142547607 525.270362854004 552.998832702637 531.331680297852 501.638191223145 426.13069152832 510.365299224854 390.933921813965 518.576236724854 325.059524536133 309.444686889648 359.750409603119 447.782119750977 359.250915527344 467.821029663086 397.959018707275 266.44987487793 401.325542449951 269.994445800781 363.840873718262 247.252471923828 330.759479522705 253.689987182617 360.683603286743 326.52507019043 239.988830566406 350.404579162598 316.738418579102 333.097301483154 321.907890319824 248.929466247559 234.377456665039 345.461814880371 404.218711853027 387.904106140137 352.723442077637 381.861087799072 371.140243530273 434.43635559082 437.046493530273 556.137985229492 478.887279510498 432.08446264267 396.768283843994 411.465522766113 360.529853820801 362.22053527832 460.605941772461
420.713859558105 641.857765197754 658.332405090332 475.69994354248 562.830231189728 468.723809957504 377.989517211914 444.317162513733 491.430076599121 396.642638206482 464.072937011719 462.360210895538 573.054443359375 501.99577331543 465.673377990723 302.076248168945 304.381439208984 277.283279418945 249.04126739502 416.641876220703 402.294759750366 283.511337280273 290.233428955078 378.74840927124 335.452011108398 329.289192199707 279.143135070801 167.072387695312 326.494747161865 344.126014709473 323.949920654297 363.84503364563 255.329658508301 406.806770324707 408.348476409912 425.172790527344 439.08772277832 441.607500076294 390.127271652222 452.474956512451 451.265200614929 357.181755065918 370.928638458252 508.431610107422 420.920566558838 259.474975585938 336.40771484375 190.072357177734 326.568092346191 470.81872177124
566.782863616943 493.455425262451 567.520357131958 741.104007720947 576.399398803711 504.004833221436 456.72696018219 421.594365119934 504.619331359863 344.851875305176 358.996780395508 523.231109619141 394.278339385986 331.686826705933 441.983261108398 387.874864578247 301.074413299561 406.67981338501 352.421676635742 355.111567258835 399.098194122314 248.177505493164 311.940322875977 368.712951660156 408.080394625664 325.586241722107 268.505599975586 341.177108764648 204.087875366211 162.164443969727 317.639915466309 502.747367858887 295.903213500977 379.294438362122 331.163034439087 512.510887145996 459.847099304199 367.46559715271 487.275283813477 508.380226135254 503.679664611816 341.393089294434 306.848960876465 435.010852813721 331.63094329834 465.131317138672 370.153713226318 501.712249755859 400.277282714844 451.484815597534
551.440488815308 507.796411514282 413.027519226074 608.390933990479 449.767535209656 422.613548278809 504.061389923096 398.1946144104 416.663488388062 411.200441360474 341.113700866699 351.903244018555 176.880813598633 337.181938171387 249.266403198242 268.937026977539 399.374027252197 370.095267295837 437.005493164062 285.392158508301 448.380294799805 462.267601013184 276.044464111328 223.023231506348 359.882966995239 420.197311401367 423.107397079468 282.55680847168 200.138275146484 178.042724609375 325.017272949219 322.515815734863 324.340690612793 304.122161865234 402.223640441895 336.181907653809 392.194860458374 498.868705749512 474.382999420166 528.679595947266 468.959644317627 301.288543701172 381.771133422852 387.297370910645 438.651737213135 398.174018859863 293.001159667969 402.068794250488 465.225616455078 499.124450683594
