simdem/realisation26.asc
NCOLS 350 
NROWS 171 
XLLCORNER 152620 
YLLCORNER 418050 
CELLSIZE 100 
NODATA_value -9999 
[rows 88 to 109 of 171, columns 250 to 299 of 350]
958.453353881836 976.052580833435 996.986869812012 898.631099700928 737.987167358398 710.081695556641 617.092113494873 632.888809204102 532.065536499023 811.605953216553 853.088752746582 661.045139312744 736.69310760498 954.895454406738 862.228691101074 1041.54850006104 675.811981201172 728.309177398682 833.96728515625 627.893407821655 628.038226604462 789.643905639648 504.954391479492 701.383609771729 736.103248596191 650.555557250977 677.207895278931 972.820281982422 742.073791503906 839.410980224609 715.531843185425 680.002406597137 600.00227355957 422.234222412109 442.126190185547 635.512573242188 795.35578918457 766.774822235107 711.941864967346 645.792098999023 868.694953918457 746.708992004395 717.527106761932 1050.22657012939 526.069892883301 775.91960144043 702.123962402344 627.024688720703 617.041213989258 731.768634796143
784.258365631104 870.744421958923 1059.55560684204 947.246821403503 729.075134277344 812.60424041748 712.283111572266 691.558258056641 602.236343383789 804.795692443848 511.386016845703 630.281021118164 919.335615158081 644.105056762695 911.946411132812 907.791961669922 716.542728424072 674.328572273254 755.262943267822 696.341895103455 499.876365661621 465.705139160156 650.467519760132 763.665031433105 695.827561378479 513.331192016602 544.399780273438 712.144969940186 727.470932006836 586.528503417969 679.236862182617 835.951202392578 663.784851074219 514.886901855469 708.766052246094 513.187606811523 718.536386489868 789.539794921875 606.361686706543 629.514636993408 1410.46394920349 716.835834503174 712.066261768341 875.366203308105 856.412075042725 785.595222473145 695.315986633301 754.05948638916 770.653377532959 765.507766723633
762.045177459717 821.149744033813 927.584457397461 1136.65010452271 1018.00611209869 660.750877380371 933.523905754089 591.1826171875 627.514366149902 592.309188842773 742.98152923584 777.738662719727 763.253429412842 801.876441955566 814.242858886719 818.343341827393 810.948776245117 735.790477752686 727.976779937744 662.638544082642 610.785659790039 592.618179321289 792.698699951172 824.91381072998 915.076705932617 666.42073059082 779.125877380371 876.823600769043 879.835418701172 576.21028137207 599.358413696289 850.18870639801 747.364877700806 587.853546142578 618.310340881348 600.844917297363 593.559951782227 708.895328521729 580.874801635742 478.315505981445 941.647125244141 511.711776733398 580.373336791992 544.95484161377 723.396858215332 664.277267456055 1008.0962677002 734.592094421387 757.232791900635 984.456733703613
724.582813262939 796.626018285751 890.045249938965 934.075370788574 1217.67533493042 1385.20111656189 845.591087341309 717.643634796143 801.778705596924 814.026964187622 861.574691772461 735.675895690918 685.458778381348 733.384941101074 723.260032653809 780.096900939941 885.670257568359 727.412322998047 828.742588043213 770.002769470215 742.26358795166 842.433193206787 882.987129211426 878.566886901855 805.684326171875 901.405670166016 893.966743469238 784.188858032227 916.754356384277 1126.87219238281 603.456878662109 535.759155273438 846.38939666748 698.74437713623 614.379341125488 581.244110107422 579.95743560791 588.939613342285 675.87442111969 587.931678771973 855.486938476562 971.813049316406 484.822799682617 639.421318054199 530.139389038086 698.474316596985 973.797508239746 764.672687530518 944.338882446289 1310.1897277832
845.934482574463 821.950134277344 769.755168914795 933.596584320068 1069.00063705444 841.997680664062 1088.3263168335 593.95524597168 839.075223922729 733.51163482666 927.01752603054 823.228363037109 833.871208190918 464.247314453125 661.286422729492 1188.53758811951 787.038009643555 869.561256408691 645.465606689453 698.95304107666 674.842742919922 645.806610107422 636.124038696289 802.242176055908 699.94348526001 868.149925231934 858.937015533447 819.772766113281 768.845794677734 1079.91813278198 920.030540466309 717.54256439209 685.672492980957 675.558387756348 763.898582458496 562.226211547852 667.653769016266 668.522087097168 822.419067382812 538.527359008789 295.344329833984 1001.47055053711 505.143463134766 808.486785888672 667.902381896973 732.540672302246 736.716972351074 857.027732849121 829.409682750702 658.145896911621
895.12166595459 873.571342468262 795.370002746582 1058.23676300049 1092.89347076416 1068.08233642578 737.220588684082 801.409463882446 793.133230209351 1013.37049102783 852.818901062012 672.61767578125 852.559768676758 991.788909912109 1229.65223407745 756.686298370361 652.278427124023 636.515293121338 778.81750869751 691.95467376709 748.935914993286 751.108519554138 707.642990112305 710.403564453125 532.239334106445 684.117385864258 982.813873291016 960.613647460938 783.69734954834 873.30940246582 847.490045547485 761.858604431152 816.074287414551 762.545478820801 839.255180358887 991.625091552734 911.006088256836 650.884201049805 752.001449584961 716.358917236328 528.710250854492 1228.05102539062 696.816349029541 777.458741188049 722.985932350159 810.761031150818 727.784731864929 795.220764160156 953.917194366455 1098.05003562942
718.234233856201 927.687705993652 1001.68502616882 1040.19306564331 950.928837776184 932.329345703125 721.804733276367 741.743301391602 667.882675170898 754.987693786621 999.193343162537 931.631210327148 665.70295715332 940.237014770508 1031.27682495117 714.165168762207 682.749061584473 767.15219783783 662.646995544434 821.446998596191 653.839813232422 620.151733398438 634.306175231934 774.934310913086 557.904418945312 1000.95121765137 743.922576904297 788.492645263672 650.867752075195 977.57837677002 932.027313232422 909.65132522583 850.308094024658 974.223831653595 879.624530792236 986.18236541748 858.784171581268 837.349004745483 746.039814949036 623.517959594727 696.453977108002 802.904598236084 659.044548034668 532.309097290039 651.734245300293 633.275909423828 605.066909790039 811.69953918457 877.233936309814 911.16929101944
704.719940185547 777.438262939453 891.490234851837 889.574279785156 935.212860107422 695.428848266602 1225.87090301514 1077.75721740723 757.509582519531 857.243515014648 746.457344055176 1414.12074279785 985.389194488525 704.321304321289 1020.47694396973 1178.39393615723 861.886158943176 722.676664352417 776.622375488281 838.624114990234 876.757194519043 856.08757019043 874.844463348389 1033.45937728882 1009.22071838379 1068.7498626709 911.551834106445 670.145324707031 575.239273071289 756.633651733398 1441.86839294434 716.357040405273 875.773389816284 834.742208003998 805.014617919922 876.677345275879 742.66138458252 892.316452026367 804.457122802734 726.49974822998 675.538787841797 728.218465805054 1286.19164085388 705.554564476013 686.559783935547 445.124008178711 1036.14724731445 611.928771972656 617.020635515451 937.69660949707
676.451187133789 1059.93307113647 785.10221862793 717.759056091309 953.141496658325 989.48469543457 846.118541240692 757.828163146973 1183.68933868408 797.747131347656 791.286865234375 678.933437347412 664.122455596924 746.005345106125 924.661651611328 1029.53312683105 778.632322311401 866.36902654171 713.827392578125 892.365707397461 996.105865478516 1449.98770141602 1268.47681427002 632.591461181641 833.077499389648 750.891014099121 547.779449462891 556.636123657227 763.303504943848 1303.18441772461 635.982833862305 636.140701293945 713.055099487305 886.22087097168 1206.57395172119 1052.29187011719 885.868493437767 709.769275665283 870.666355133057 687.646553039551 773.581864356995 631.839691162109 1141.10974502563 764.243953704834 976.32385969162 685.656524658203 671.611190795898 609.046203613281 611.624429702759 883.708435058594
703.397811889648 795.744575500488 659.357482910156 770.676620483398 856.998764038086 994.81761932373 993.528820037842 899.420757293701 1215.85933685303 1192.35632324219 809.895679473877 726.311218261719 1389.67775344849 903.313385009766 645.368011474609 777.871452331543 732.957672119141 778.024488449097 712.865650177002 845.844924926758 758.219844818115 895.660480499268 654.900772094727 370.447387695312 469.245666503906 914.78092956543 643.012542724609 479.419372558594 605.826629638672 853.715316772461 662.547546386719 1344.87240600586 1188.59271240234 691.822937011719 684.626907348633 847.734010696411 829.559001922607 636.512741088867 562.345489501953 718.262720108032 731.361259460449 556.484039306641 991.460990905762 1667.36745452881 657.842208862305 808.156784057617 702.103164672852 719.303485870361 744.234348297119 751.934146881104
753.49369430542 1235.67779541016 1014.38136291504 763.539810180664 775.395208358765 850.996576309204 967.748603820801 1262.84610366821 700.400085449219 842.406539201736 827.988122463226 925.857511520386 823.646373748779 781.779693603516 823.513298034668 683.592163085938 746.443695068359 791.729392051697 813.228164672852 741.443992614746 780.052299499512 804.255269527435 757.414352416992 760.00439453125 259.482604980469 1010.59962463379 1562.18798828125 895.748107910156 1247.45944213867 607.806121826172 926.12190246582 715.930328369141 861.194704055786 1058.58349609375 943.129070281982 796.807441711426 656.986022949219 693.004058837891 595.66716003418 659.107055664062 776.570587396622 707.944160461426 866.140899658203 567.862884521484 454.238494873047 537.071304321289 648.169364929199 580.702651977539 616.093139648438 1098.1628036499
732.234561920166 731.398740768433 1307.84597015381 608.665496826172 711.59342956543 845.13542175293 1333.57028961182 1306.61615753174 831.110311508179 1038.29842376709 745.412433624268 1068.95547485352 1303.58912277222 1118.84776306152 897.407562255859 926.144500732422 863.793746948242 629.169273376465 717.529556274414 856.598472595215 1079.36259460449 618.414169311523 705.042816162109 565.540557861328 1212.08145141602 931.197006225586 787.618041992188 1215.43539428711 1211.83033752441 609.166168212891 913.856842041016 850.892715454102 847.607482910156 1066.39468383789 732.13215637207 743.408599853516 640.63688659668 598.905212402344 680.363800048828 551.567367553711 562.258026123047 658.882789611816 651.30354309082 1052.01737976074 1356.14797973633 654.437797546387 549.163452148438 716.632396697998 678.157028198242 699.894012451172
1092.00845336914 631.239700317383 626.229385375977 585.927230834961 791.209105491638 1042.7731552124 873.69905090332 1069.92226409912 770.988075256348 837.997604370117 895.031265258789 722.54931640625 845.130279541016 1045.8317489624 848.578811645508 758.346496582031 569.406372070312 485.588623046875 748.688510894775 878.969375610352 1338.45386695862 1326.90769958496 717.441787719727 869.863891601562 594.336242675781 1212.19342041016 791.062271118164 677.812133789062 1398.60920715332 690.352798461914 1107.25827026367 805.89030456543 867.605194091797 817.510284423828 717.042663574219 799.478187561035 684.277870178223 695.280426025391 846.90592956543 487.278434753418 638.681129455566 837.253295898438 798.616140365601 812.654830932617 848.167488098145 638.651092529297 551.720962524414 718.97737121582 903.260330200195 793.74515914917
679.296936035156 632.168655395508 838.095336914062 689.86254119873 703.89306640625 1009.92234802246 910.973136901855 979.868787288666 876.272052764893 943.64577960968 763.288717269897 1002.61514282227 741.719573974609 750.433746337891 910.75178527832 671.186462402344 590.323791503906 1094.48452758789 696.658599853516 861.991436004639 1298.78379440308 862.216777801514 1248.22425842285 645.786926269531 751.040596008301 900.392944335938 1052.26065063477 1849.72405958176 771.344619750977 1284.26451873779 826.565734863281 637.184906005859 898.797607421875 793.285202026367 805.793952941895 873.702290058136 608.825668334961 796.150716781616 727.073215484619 711.519264221191 480.216121673584 573.128093719482 571.882637023926 734.495391845703 1140.54323577881 762.39461517334 614.305404663086 702.086784362793 864.308197021484 879.421005249023
709.101676940918 1079.48695373535 706.18083190918 715.783432006836 789.058746337891 763.146865844727 839.637831449509 1095.92651176453 971.175003051758 1731.15518188477 747.002319335938 1139.75402832031 955.115936279297 810.031734466553 756.4052734375 933.079780578613 581.139404296875 649.132110595703 1357.20234680176 850.879821777344 1003.79629516602 903.433874130249 806.770851135254 1145.37809753418 1009.21918487549 633.066864013672 550.174713134766 1642.97549438477 997.670715332031 683.761123657227 825.298233032227 1361.71617889404 1055.01133346558 810.041397094727 907.290607452393 889.032716751099 825.716564267874 801.768659591675 676.50040435791 545.310327529907 421.992294311523 416.801002502441 607.304962158203 659.916564941406 729.396615982056 690.303901672363 566.261260986328 774.689874649048 716.783615112305 748.460723876953
878.817714691162 1279.00856781006 1120.19039344788 702.05931854248 1360.66913548112 944.323852539062 1059.88163375854 925.908414840698 942.775428771973 977.205177307129 902.830003738403 688.958374023438 886.703582763672 931.731910705566 832.735919952393 679.43620300293 1022.93280029297 788.199089050293 688.438682556152 883.058128356934 902.613662719727 1029.71327209473 1007.88974761963 1243.14385986328 804.402969360352 869.941673278809 823.046081542969 793.092475891113 654.473693847656 736.570571899414 1182.93023681641 1255.87417884171 824.744146347046 1020.4267578125 875.753462791443 877.303164482117 954.216669082642 784.746559143066 752.278883337975 656.253012895584 545.441581726074 422.123321533203 739.321510314941 719.213272094727 723.962295532227 691.408779144287 619.421699523926 794.669384002686 795.190940856934 874.618049621582
1198.70697402954 812.383068084717 1054.47699737549 775.139009475708 929.918045043945 961.654873847961 731.487922668457 719.074523925781 674.563400268555 866.538803100586 876.414520263672 708.591598510742 836.090003967285 1140.17260742188 887.194320678711 1112.48265457153 723.781143188477 973.891174077988 684.190933227539 971.006378173828 860.621028900146 1194.30850028992 953.845596313477 811.924114227295 998.163467407227 875.749000549316 922.958297729492 807.581085205078 1455.58120727539 1389.90730285645 1329.01777648926 968.364196777344 1054.73910522461 951.594314575195 947.610546112061 986.905044555664 963.290321350098 992.571395874023 742.606105804443 807.568710327148 709.172908782959 687.660263061523 826.868637084961 631.74387550354 836.519355773926 1239.62166213989 889.140850067139 905.990615844727 670.510482788086 783.998161315918
746.477737426758 822.372032165527 773.644829750061 822.47342300415 832.811357498169 1174.68233108521 651.161285400391 847.290870666504 707.809478759766 895.560531616211 900.146339416504 1120.12962341309 1342.43685913086 1003.91785049438 879.940952301025 833.938201904297 826.718925476074 863.918964385986 1103.80924987793 1235.28229141235 690.771224975586 832.291107177734 1111.28987121582 1402.58039855957 1131.72629547119 974.680870056152 948.943099975586 900.025215148926 936.501251220703 874.505411148071 863.216192245483 970.859569549561 976.902587890625 989.284729003906 857.031503677368 827.925338745117 823.473171234131 848.338943481445 1033.65519714355 871.011428356171 929.620748519897 887.155944824219 894.514053344727 902.722793579102 828.197090148926 1067.13540649414 940.042709350586 1081.40019226074 1011.27910614014 843.239929199219
858.479601860046 1052.02248382568 1430.93803024292 1092.66614532471 1111.25464630127 1078.7027053833 798.679321289062 1086.03384399414 2015.12249946594 602.971710205078 1372.92346191406 815.824691772461 1208.44403588772 866.756698608398 947.586255073547 1012.18214797974 822.752082824707 940.507034301758 885.548974990845 870.750890731812 721.427383422852 937.091606140137 695.316223144531 797.371158599854 668.883682250977 742.436634063721 779.251138687134 889.127014160156 944.016815185547 866.387782096863 1024.22462463379 810.851093769073 877.076553344727 790.342644691467 859.484345436096 795.930694580078 924.618023872375 641.422050476074 808.348892211914 883.26780796051 839.135856628418 1022.60066223145 841.437789916992 787.242256164551 838.114755630493 813.466501951218 1068.23153686523 939.256538391113 975.529169082642 674.881721496582
743.186859130859 854.10481262207 957.710510253906 810.242287635803 964.404020309448 1349.76461410522 1614.25819015503 1136.5636138916 826.060409545898 758.969802856445 1144.42594909668 820.997440338135 820.779636383057 886.343612670898 832.43327331543 1013.02770233154 962.480968475342 997.268863677979 589.374603271484 511.5380859375 926.751388549805 862.062225341797 687.652160644531 708.769882202148 581.823333740234 964.897650718689 906.438247680664 681.912907600403 954.348274230957 1014.9471282959 1070.30229187012 836.269153594971 767.176551818848 855.89208984375 676.269691467285 653.911849975586 905.609079360962 777.982009887695 777.499086380005 948.106407165527 994.111343383789 855.852294921875 776.133155822754 635.961582183838 837.313095092773 703.4919090271 751.771224975586 754.403805732727 800.808331489563 622.304847717285
629.334686279297 1058.5373840332 1118.72414398193 943.18203163147 1059.04309499264 1068.10563659668 1009.45045852661 1559.33694458008 1510.29749679565 580.494003295898 734.903633117676 1234.19910812378 938.857791900635 1311.00428771973 1033.28207015991 1046.28455257416 1130.56677246094 914.365096092224 1612.36920928955 1230.86116027832 891.565399169922 894.150598526001 710.091033935547 775.471794128418 753.847229003906 875.584817886353 887.25115776062 708.012619018555 789.998818397522 964.353813171387 1024.89929199219 919.964622497559 819.118423461914 764.542828559875 783.956336975098 703.241355895996 836.137077331543 789.80700302124 621.103317260742 602.999473571777 889.144561767578 1050.00143432617 898.74674987793 698.338354587555 576.362783432007 408.186599731445 667.647575378418 613.571929931641 725.685165405273 896.907981872559
814.271575927734 762.267439842224 808.139629974961 917.770233154297 1361.7413482666 1164.80543518066 934.469299316406 1308.62810516357 1663.94226837158 734.666610717773 1173.27383422852 928.16291809082 1118.67741394043 966.26636505127 961.589933395386 1210.74515151978 1144.83879089355 954.780359268188 1182.05899047852 927.85920715332 1294.46694374084 909.788646697998 925.987411499023 645.079132080078 689.429733276367 866.898045063019 1009.94334411621 899.971092224121 868.489540100098 953.835433959961 969.108726501465 784.711198806763 837.518001556396 897.240261077881 788.717384338379 775.2626953125 817.715399742126 884.036529541016 1046.17169189453 727.917404174805 812.925827026367 853.956073760986 772.493116378784 686.031981945038 562.694473266602 592.068565368652 685.788055419922 704.663787841797 785.592178344727 814.867431640625
