simdem/realisation50.asc
NCOLS 350 
NROWS 171 
XLLCORNER 152620 
YLLCORNER 418050 
CELLSIZE 100 
NODATA_value -9999 
[rows 22 to 43 of 171, columns 200 to 249 of 350]
703.17254781723 738.065223693848 621.142406463623 637.283374786377 706.353927612305 683.686374664307 690.241521835327 711.937990188599 683.219106674194 700.622829437256 669.438304901123 507.597869873047 512.284393310547 645.963655471802 619.089164733887 597.969635009766 706.64616394043 687.925315856934 528.472412109375 550.75235748291 597.416282653809 539.436264038086 648.151176452637 738.813705444336 686.791980028152 667.265880584717 812.915222167969 720.257131576538 681.143472671509 704.508354187012 718.426919728518 713.112121105194 644.625122070312 788.885227203369 724.880113601685 801.423046112061 797.9644947052 794.239053726196 645.375953674316 788.845752716064 761.323169708252 599.253540039062 906.516403198242 782.472980499268 776.88189125061 1445.51737213135 718.611568450928 911.653907775879 1015.30152893066 768.172500610352
752.204681396484 654.770336151123 694.285079956055 614.493545532227 633.492738723755 612.556838989258 619.697952270508 662.148366928101 678.118131875992 643.695039749146 691.735065460205 557.468696594238 617.076400756836 539.240501403809 755.255466461182 771.337295532227 620.582813262939 520.988052368164 584.85912322998 595.3332862854 773.245513916016 519.720748901367 653.027715682983 863.67497253418 768.948112487793 711.376152038574 773.795873641968 740.889001846313 556.613677978516 576.468811035156 649.339599609375 698.608070373535 812.097091674805 836.228149414062 704.630771636963 753.273492574692 769.703937530518 657.365440368652 719.003196716309 636.517913818359 669.951522827148 693.535354614258 674.159690856934 708.52320098877 964.27604675293 954.662841796875 948.808944702148 1119.93862915039 784.655157089233 1357.86438369751
594.335296630859 692.8998670578 620.327194213867 597.396575927734 684.538192749023 663.486075997353 594.810035705566 655.512023925781 586.445411682129 620.040191650391 668.268365859985 633.200113296509 660.394014358521 662.265148162842 599.638603210449 773.697486877441 731.795442581177 647.519540786743 565.1748046875 674.375982761383 709.156669616699 717.284378051758 731.262428283691 710.514945983887 665.261187553406 762.102565765381 730.055480957031 936.064334869385 665.229976654053 610.108177185059 655.299770355225 605.187393188477 774.947364807129 800.845626831055 684.710666656494 728.779161453247 634.113357543945 695.956840515137 627.806228637695 598.440856933594 736.209506988525 550.781005859375 778.996238708496 783.986406326294 904.559104919434 875.816368103027 934.191780090332 921.747383117676 830.253448486328 839.708938598633
598.099361419678 603.706581115723 518.769515991211 706.460479736328 732.768753051758 596.797029495239 698.27331161499 694.724475860596 658.105298042297 729.631204605103 664.893552780151 617.535011410713 580.345199584961 550.705051422119 606.264007568359 731.256591796875 845.376747131348 619.003116607666 686.281303405762 582.679557800293 566.539375305176 795.904327392578 807.849960327148 670.189344704151 771.67798614502 796.866943359375 932.58642578125 840.282722473145 756.155197143555 637.109046936035 560.630661010742 550.622894287109 709.174951553345 859.919120788574 767.787105560303 740.140348672867 717.284152984619 665.407772064209 774.65803527832 687.963134765625 730.9339427948 699.265502929688 715.259086608887 816.807661056519 838.326957702637 867.852172613144 901.587936401367 866.15988779068 838.647444874048 933.872428894043
592.003017425537 627.256946563721 689.815162658691 625.090567715466 672.818534851074 630.011136054993 767.556716918945 704.856430053711 615.047854304314 638.763936042786 548.304981231689 447.920753479004 656.482410430908 740.662956237793 527.797116279602 700.576057434082 756.856201171875 574.828026771545 656.880714416504 592.31845664978 605.04517364502 635.204402923584 675.532743453979 558.219505310059 777.666061401367 934.763870239258 747.028765678406 644.117973327637 702.885301589966 707.387439727783 609.44799041748 619.089515686035 516.016708374023 823.886642456055 619.548553466797 710.084316253662 658.660423278809 652.37141418457 655.741668701172 628.527465820312 697.651496887207 821.942386627197 764.185844421387 762.275150299072 771.259582519531 961.176391601562 851.221527099609 953.953681945801 904.808788299561 919.109230041504
493.249526977539 585.677886962891 542.386360168457 598.91605091095 570.659814834595 633.70841217041 642.841112136841 656.394611358643 755.258209228516 612.774803161621 556.658493041992 452.319107055664 593.013275146484 490.937442779541 452.572380065918 620.674125671387 681.453735351562 563.468363761902 472.487243652344 527.126365661621 695.934789657593 672.787675857544 820.425216674805 660.190765380859 633.071884155273 785.451454162598 804.083679199219 731.561458587646 775.263160705566 689.057115077972 646.998790740967 749.857440948486 629.33504486084 639.178237915039 691.365879058838 626.355445861816 759.38444852829 641.660530090332 863.400276184082 722.063896179199 705.346725463867 698.41780090332 772.452222824097 769.429147720337 649.768157958984 835.081879615784 906.838809967041 928.877998352051 777.237949371338 883.783954620361
536.936897277832 585.336822032928 752.535736083984 647.448383331299 520.867477416992 648.031856536865 723.865951538086 704.474815368652 570.867307662964 630.218128204346 646.437519073486 525.992774963379 505.616073608398 547.077966690063 574.157884836197 476.044841766357 444.620040893555 410.108123779297 527.045501708984 478.164596557617 737.261764526367 705.946102142334 756.48477935791 723.175971984863 630.656360626221 770.19556427002 637.310287475586 685.064915180206 683.964634895325 788.365936279297 695.555262565613 813.723937988281 553.242599487305 635.396301269531 481.539566040039 600.588851928711 666.148342132568 653.064453125 799.364311218262 743.360185146332 686.324718475342 778.268353939056 782.218360900879 783.617825031281 842.001518249512 813.5842628479 750.218589782715 839.992492675781 916.788055419922 809.152492046356
521.65970993042 524.804161071777 542.29607963562 491.418342590332 463.953567504883 604.698669433594 561.548177719116 564.426532745361 590.204155921936 829.338989257812 658.770286560059 519.599014282227 396.900360107422 406.545761108398 473.312980651855 396.006904602051 161.153686523438 354.984375 453.076179504395 509.01025390625 750.832809448242 642.786804199219 612.800628662109 766.301696777344 743.75936126709 773.907554626465 746.236633300781 695.357246398926 789.648460388184 621.771686553955 864.516021728516 853.142242431641 670.221826553345 602.325736999512 685.330104827881 626.342468261719 667.044136047363 755.836006164551 705.10945892334 774.341777801514 778.71727180481 884.062789916992 768.399658203125 742.626005172729 693.441963195801 844.296676635742 787.464344024658 828.638201713562 902.367721557617 837.420921325684
486.037704467773 456.58576965332 526.565216064453 392.218673706055 571.479124069214 510.088562011719 714.168655395508 592.224940299988 628.326332092285 543.989665985107 608.042344093323 479.450950622559 407.044128417969 540.561821073294 332.293029785156 385.041038513184 327.406845092773 333.554153442383 375.102798461914 507.043357849121 647.217198371887 743.777313232422 648.366912782192 626.205543518066 748.81990814209 705.45393371582 741.168556213379 625.098159790039 660.914283752441 705.269664764404 569.223571777344 776.307800292969 665.164428710938 717.204347610474 745.585529327393 818.928070068359 615.318157196045 675.685077667236 688.589561462402 699.427783966064 691.870544433594 720.978450775146 693.345069885254 800.90936088562 764.877685546875 837.817092895508 896.928573608398 825.235843658447 893.889923095703 819.884071350098
636.389282226562 599.922830581665 565.96174621582 568.391710281372 544.978996276855 613.55158996582 538.891494750977 547.865102767944 516.363220214844 562.472774505615 658.908382415771 537.654983520508 530.019012451172 486.311592102051 451.108337402344 453.276844024658 438.591232299805 486.440849304199 442.192726135254 522.264939785004 561.988651275635 696.579765319824 583.918163299561 678.812646865845 655.349988222122 748.31672668457 779.406463623047 602.369567871094 592.527320861816 675.055818557739 627.946514129639 649.709060668945 608.124561309814 689.447597503662 672.008449554443 746.992233276367 628.563102722168 608.197776794434 706.938708305359 832.129753112793 647.382957458496 764.444198608398 769.479410171509 799.970417022705 773.823145866394 843.178062438965 858.015190124512 912.538146972656 912.002723693848 812.246751785278
566.824511528015 542.104686737061 697.728088378906 596.47060739994 753.221298217773 684.500602722168 582.520722866058 602.336668014526 621.339513778687 489.978645324707 516.654541015625 597.424514770508 606.488167762756 487.471183776855 448.741844177246 380.345832824707 482.072555541992 614.483219146729 677.685935974121 573.345603942871 607.802217483521 601.391754150391 618.829183578491 695.39421081543 628.748550415039 499.834762573242 482.802612304688 577.956192016602 580.30859375 577.229072570801 503.636642456055 608.582366943359 664.188802719116 649.223171234131 697.532569885254 723.801620483398 597.859649658203 745.557130813599 633.27970123291 694.131549835205 790.647075653076 723.323501586914 810.515075683594 791.503425598145 820.887222290039 705.85814666748 692.265083312988 776.310342788696 738.138828277588 742.835624694824
398.143493652344 428.504486083984 664.682815551758 626.450344085693 611.678373336792 651.032829284668 570.530093669891 562.409109115601 556.48165512085 544.633651733398 635.841239929199 569.628707885742 445.767379760742 641.338153839111 529.506759643555 507.315238952637 449.392082214355 527.134136199951 533.760620117188 717.187530517578 551.603950500488 683.740982055664 667.501613616943 739.135269165039 762.282073974609 436.384338378906 499.2216796875 586.683204650879 579.744079589844 544.317939758301 579.710891723633 533.833999633789 544.884948730469 701.115172386169 609.002010345459 760.673126220703 579.86547088623 643.190650939941 719.729606628418 897.953277587891 889.660186767578 744.886371612549 789.780872344971 786.178375244141 784.517539978027 703.370193481445 740.189505815506 705.401092529297 710.697925567627 704.769515991211
499.34009552002 540.746189117432 601.41919708252 701.202171325684 625.31209564209 563.274176597595 742.475425720215 597.394737243652 541.269802093506 594.842385292053 553.15657043457 427.148818969727 632.315238952637 632.144393920898 625.614634990692 329.986587524414 380.5224609375 528.900016784668 592.503246307373 548.325340270996 542.840087890625 619.467611312866 754.542274475098 543.586959838867 611.259944915771 622.547466278076 556.172706604004 567.869331359863 656.682681083679 566.737640380859 564.105651855469 564.313453674316 480.785186767578 696.894760131836 721.72957611084 695.081852436066 604.540489196777 670.241764068604 971.707092285156 745.367273330688 754.612091064453 646.921058654785 617.544708251953 763.706645965576 676.897605895996 819.135051727295 815.789726257324 711.516960144043 696.002334594727 839.441619873047
443.430351257324 517.543586730957 521.708801269531 594.174361228943 588.733531951904 546.233600616455 665.814842224121 609.593559265137 656.839653015137 613.040258407593 739.569473266602 585.261123657227 640.125289916992 724.625801086426 613.976526260376 410.695167541504 424.805084228516 500.353973388672 623.836269378662 653.124582290649 683.072328567505 693.471080780029 617.270402908325 613.0252161026 621.306038856506 713.656707763672 611.087245941162 758.448890686035 775.651321411133 541.550849914551 575.096740722656 640.67617225647 596.058906555176 648.157302856445 686.780274868011 553.172119140625 697.580983638763 859.135543823242 901.216156005859 846.57861328125 801.488952636719 709.266623497009 656.867965698242 687.456707000732 713.23853302002 779.011985778809 788.513872146606 690.894981384277 773.109703063965 775.097625732422
497.789031982422 596.366157531738 711.387298583984 626.16886138916 573.948034286499 709.592590332031 608.984178543091 573.333508491516 605.448020458221 637.105133056641 580.87993812561 1142.13970947266 601.862682342529 539.358993530273 745.541370391846 631.129817008972 510.674453735352 506.740409851074 459.388244628906 572.250389099121 708.242935180664 725.78816986084 545.336494445801 415.488876342773 632.297494888306 565.888671875 613.97883605957 710.71272277832 554.140800476074 784.908111572266 745.36661529541 648.347639083862 665.676745891571 612.126235961914 726.015106201172 707.643581390381 667.608840942383 787.732765197754 811.025749206543 811.397827148438 805.266204833984 680.638973236084 747.232687950134 714.176109313965 764.520935058594 733.923128128052 747.694668769836 817.423851013184 809.108139038086 616.730087280273
467.097587585449 651.938415527344 873.736450195312 577.461051940918 631.992847442627 587.262655258179 475.670303344727 459.080505371094 508.43822479248 533.721336364746 598.990743160248 1072.69313812256 750.722343444824 653.47819519043 621.774766921997 669.605041503906 646.970478057861 665.161922454834 669.472694396973 568.158275604248 656.501585006714 791.677749633789 589.576026916504 660.56729888916 634.63547039032 576.878814697266 636.641839027405 646.224241256714 764.304664611816 705.496234893799 703.934875488281 876.87141418457 647.069086074829 681.319927215576 710.302600860596 676.783924102783 681.767407417297 679.91198348999 766.139274597168 748.34015083313 730.970321655273 735.926944732666 722.725403785706 755.410429000854 837.179727554321 829.595184326172 761.471015930176 576.574127197266 799.068923950195 673.420555114746
818.225036621094 626.523735046387 630.024536132812 582.040155410767 470.673377990723 569.924682617188 522.240455627441 549.379650115967 513.982849121094 651.215797424316 588.961809277534 619.558875083923 553.191349029541 696.773429870605 524.124710083008 574.82293510437 561.956066131592 620.472372055054 685.886253356934 598.542684555054 760.001647949219 705.993446350098 725.9901304245 660.519287109375 604.740383982658 607.060117721558 605.22674369812 674.772560119629 653.414839506149 684.8942527771 656.650479793549 792.591690063477 628.950099945068 569.993103027344 788.660926818848 741.361637115479 638.946563720703 739.402824401855 785.082527160645 762.243766784668 752.48949432373 653.090461730957 697.55689239502 640.313690185547 723.681570053101 721.822222188115 723.128351211548 756.465887069702 649.868743896484 780.547203063965
661.15975189209 663.067985534668 555.371033668518 481.027751922607 471.14005279541 614.930002212524 666.797889709473 582.588927268982 570.247219085693 667.681007385254 640.476154327393 598.407977581024 606.964149475098 549.409029006958 588.877851486206 570.111694335938 601.893317461014 634.48663520813 595.233627319336 643.7546043396 834.116409301758 730.425743103027 728.378555297852 495.453094482422 609.239886283875 674.7880859375 615.189536094666 769.836669921875 848.025192260742 768.237785339355 749.666374206543 661.496846675873 731.555118560791 703.58911895752 621.559591293335 820.21794128418 690.001207351685 756.498657226562 802.852981567383 737.44882774353 631.182731628418 603.827789306641 699.966339111328 679.959878921509 665.635627746582 770.631381988525 644.190551757812 702.255577087402 627.348442077637 705.822336196899
598.206066131592 479.976028442383 425.290939331055 498.302669525146 436.28498840332 508.921485900879 449.30322265625 480.431159973145 470.855766296387 349.780853271484 565.174949645996 690.590240478516 713.668792724609 476.253448486328 475.729095458984 471.515563964844 492.168998718262 647.972637176514 568.080890655518 518.661987304688 689.069343566895 540.931449890137 766.440475463867 564.042682647705 537.861099243164 692.634742736816 468.780166625977 707.203877449036 681.255706787109 708.927333831787 577.319023132324 668.160583496094 752.97779083252 754.854888916016 605.786849975586 733.250845909119 725.008808135986 760.472351074219 779.258674621582 757.783828735352 689.597601890564 733.664798736572 672.900978088379 817.514701843262 888.604766845703 757.905170440674 581.210693359375 529.703308105469 632.676666259766 532.799423217773
595.595474243164 560.468692779541 628.370475769043 608.923110961914 607.73983001709 579.441451072693 432.332229614258 336.554946899414 326.272430419922 427.083114624023 541.810157775879 513.347999572754 549.001138687134 561.358327865601 579.627052307129 673.477066040039 726.633598327637 682.944458007812 628.727691650391 593.319042205811 494.592178344727 706.362342834473 767.353988647461 647.068956375122 583.625732421875 731.891571044922 650.255582809448 697.258346557617 640.791606023908 601.969462394714 586.401382446289 675.816481590271 673.250926971436 645.49202299118 697.439727783203 578.251571655273 599.385543823242 637.797336578369 683.308404445648 570.225006103516 742.784984588623 773.038396835327 694.628978729248 793.830406188965 698.332528114319 756.213542938232 657.215831756592 743.890731811523 650.954483032227 707.327802419662
705.021133422852 618.228260040283 546.619256973267 714.447113037109 589.76743221283 475.212715148926 509.508941650391 421.396713256836 474.045791625977 497.066268920898 647.902694702148 682.803039550781 663.43505859375 815.411834716797 531.809501647949 663.476081848145 530.11169052124 659.058769226074 619.444839477539 633.790939331055 569.849910736084 668.473495483398 574.386653900146 563.190483093262 710.607116699219 791.52815246582 768.199432373047 689.358112335205 876.111038208008 580.734077453613 642.567226409912 655.942219614983 689.577163696289 578.383377075195 663.146922111511 711.901016235352 751.612770080566 659.39169883728 630.041191101074 650.525177001953 638.829078674316 593.716156005859 623.01237487793 687.756739020348 758.903419494629 677.987924575806 758.710777282715 796.992172241211 684.267486572266 685.226251602173
533.782886505127 521.489780426025 562.085790157318 543.280475139618 604.138729095459 617.404426574707 378.131500244141 460.801498413086 448.434799194336 507.037475585938 675.065795898438 650.567436218262 566.423946380615 630.191879272461 687.888023376465 566.27688986063 601.706162601709 629.104583740234 479.340316772461 366.866317749023 529.002937316895 507.703628540039 626.081052780151 744.483795166016 594.302735328674 623.324277877808 696.57479095459 641.57044506073 656.871121406555 631.219764709473 533.441123962402 634.819108963013 655.423778533936 741.781547546387 500.144317626953 806.757125854492 881.054794311523 830.556823730469 633.575023651123 573.177230834961 603.815139770508 741.936096191406 792.604095458984 618.556755065918 683.20361661911 630.280639648438 697.178943634033 783.002517700195 740.295886993408 629.003147125244
