simdem/realisation69.asc
NCOLS 350 
NROWS 171 
XLLCORNER 152620 
YLLCORNER 418050 
CELLSIZE 100 
NODATA_value -9999 
[rows 66 to 87 of 171, columns 150 to 199 of 350]
597.896759033203 617.696640014648 722.119445800781 787.818786621094 610.572345733643 478.252136230469 608.365756988525 570.89705657959 643.893966674805 578.785267829895 590.522817611694 659.991439819336 598.940057754517 552.538472652435 569.689935684204 524.960279464722 516.86438369751 685.104507446289 546.928395271301 586.95431137085 488.838310241699 550.973543167114 602.680866241455 469.515426635742 480.854713439941 587.505651473999 559.55340385437 565.044049263 481.864692687988 698.420570373535 572.562423706055 540.100746154785 601.054658889771 583.400846481323 666.289047241211 563.250305175781 641.992809295654 564.989974975586 561.973205566406 570.038974761963 618.908361434937 696.068397521973 637.717487335205 699.446056365967 646.257539272308 677.722297668457 682.352073669434 736.644226074219 766.936195373535 769.513031005859
581.836074829102 618.630165100098 697.870376586914 684.633697509766 550.893730163574 584.319675445557 591.739326477051 601.199966430664 417.879684448242 526.681671142578 633.38472366333 561.427077293396 577.217128753662 668.389114379883 588.653535842896 683.328987121582 668.029434204102 592.757875442505 559.770725250244 500.504608154297 617.209926605225 543.597988128662 491.677925109863 525.265600204468 598.094100952148 513.315742492676 514.0478515625 626.299785614014 673.172393798828 718.0205078125 587.323518753052 629.337776184082 584.884259223938 538.787315368652 615.293155670166 551.532562255859 553.905860900879 741.37434387207 659.31169128418 483.557640075684 607.836837768555 568.169002532959 598.877777099609 619.109470367432 680.184812545776 711.820709228516 712.208404541016 696.257667541504 752.662506103516 624.165428161621
500.148513793945 496.331329345703 569.054336547852 420.93221282959 670.976119995117 476.635543823242 469.126594543457 550.698041200638 539.769715309143 549.112979888916 426.595458984375 493.412551879883 528.527681350708 549.363292694092 617.592555999756 720.297973632812 722.577194213867 489.357543945312 347.423614501953 505.637145996094 498.192245483398 641.810382843018 484.649749755859 495.049613952637 516.474578857422 575.412913322449 669.867050170898 612.796131134033 566.61859703064 597.156577110291 557.898002624512 695.383392333984 533.856861114502 521.512794494629 495.756553649902 472.764266967773 553.315937042236 426.340621948242 621.98902130127 499.131996154785 537.30207824707 597.884860992432 697.061477661133 691.652183532715 658.569023132324 662.861974954605 586.432464599609 687.152667999268 682.697891235352 572.777637481689
514.657157897949 481.819488525391 522.00422668457 587.984579324722 522.201589584351 562.605627059937 466.813972473145 435.789016723633 655.933368682861 571.628639221191 556.502776145935 515.534328460693 587.132793426514 431.143142700195 557.039774179459 762.366714477539 503.408283233643 587.999200820923 419.334259033203 385.895736694336 522.598583221436 611.084455490112 533.811191558838 541.848871231079 690.12117767334 590.896184921265 496.486541748047 577.983134746552 493.321090698242 550.141010284424 668.388084411621 531.550346374512 556.825504302979 397.160003662109 509.401901245117 524.502532958984 663.991317749023 652.168651580811 561.520080566406 719.517318725586 680.848793029785 514.36109161377 597.767456054688 620.437658309937 525.080322265625 569.33521270752 548.40747833252 625.209279417992 562.584583282471 584.569831848145
612.033157348633 598.364406585693 564.37963104248 582.377621650696 518.49560546875 586.858516693115 433.427398681641 528.26522064209 517.138055801392 528.776065826416 473.401527404785 489.367065429688 489.781463623047 448.07152557373 591.613632202148 627.317783355713 600.758689880371 546.459072113037 637.02906036377 464.178741455078 716.113555908203 650.192085266113 546.899667739868 608.272686958313 575.853523254395 676.714645385742 560.029010772705 579.921087265015 616.204860687256 687.989410400391 609.518583297729 521.224922180176 528.89331817627 545.953983306885 714.119117736816 618.892402648926 696.419357299805 500.156272888184 611.685403823853 488.486335754395 581.205795288086 554.449878692627 482.196647644043 579.560136795044 610.660654067993 520.595962524414 613.544956207275 646.534132003784 383.050964355469 568.105945587158
672.327560424805 675.625221252441 670.300132751465 519.693908691406 597.87317276001 526.861288070679 589.257034301758 474.897369384766 523.066003799438 408.745269775391 449.548606872559 610.498355865479 606.072582244873 515.484802246094 542.449653625488 508.303550720215 491.767379760742 557.696971893311 407.22966003418 562.782178878784 665.558395385742 731.176864624023 543.493022918701 571.905326843262 558.359424591064 681.961540222168 509.685089111328 673.322311401367 684.818916320801 622.165246963501 696.196647644043 616.741014480591 551.917869567871 632.068613052368 692.437889099121 609.760520935059 580.182422637939 441.300903320312 380.028549194336 565.488231658936 643.245502471924 545.788330078125 348.754577636719 574.790866851807 678.583763122559 544.954124450684 675.996421813965 582.496040344238 522.895858764648 623.492999076843
538.951916456223 576.378620147705 546.668622970581 513.731994628906 585.324356079102 683.266326904297 565.331100463867 484.678340911865 545.438035964966 426.7998046875 280.705474853516 492.935253143311 485.929656982422 641.337417602539 451.36149597168 462.693626403809 435.539779663086 519.790740966797 559.628324508667 637.100009918213 669.462821960449 636.302265167236 634.995918273926 591.52694606781 569.32381439209 534.666412353516 513.143714904785 567.423095703125 625.477466583252 643.9231300354 550.944023132324 491.424682617188 545.888751983643 618.015594482422 730.303802490234 629.696807861328 609.926271438599 502.467231750488 420.028610229492 545.757411956787 435.968292236328 540.40535736084 529.371681213379 565.781059265137 631.468406677246 614.056656599045 626.660359859467 485.887481689453 657.176223754883 650.551317691803
407.293197631836 606.267868041992 548.859502792358 556.098894000053 538.75514793396 521.163135528564 591.152626037598 552.220732927322 598.110164642334 520.679098129272 576.888586044312 553.730402469635 584.712400436401 527.726570129395 517.736682891846 591.255021095276 616.356084823608 622.906623840332 611.634303092957 678.772636413574 687.981437683105 717.159065246582 733.286430358887 553.976467132568 465.810775756836 522.050323486328 391.096603393555 572.117225646973 496.81224822998 677.921127319336 632.921882629395 491.104667663574 545.224830627441 636.454929351807 591.656846046448 666.52286529541 647.327960968018 566.83437538147 574.211234092712 513.742630004883 533.199375152588 616.316719055176 574.989789962769 678.344169616699 673.373252868652 655.22710609436 693.529335021973 633.145175933838 643.065738677979 657.64436340332
434.525238037109 591.974966049194 463.618041992188 424.871002197266 496.498191833496 621.867603302002 693.831954956055 452.998222351074 435.124847412109 489.986442565918 549.67231464386 664.586601257324 503.546810150146 617.701148986816 536.904472351074 590.104690790176 637.308277130127 425.657485961914 565.530447006226 632.277215957642 721.22135925293 786.866714477539 779.665710449219 592.621719360352 416.208053588867 423.066131591797 459.491287231445 533.156234741211 620.347386837006 562.039295196533 499.482536315918 520.827781677246 568.016397476196 649.157615661621 658.29914855957 637.102718353271 778.414352416992 487.457557678223 495.485137939453 418.386566162109 482.321319580078 707.507637023926 674.964336395264 585.231027126312 562.779724121094 721.284202575684 761.563217163086 727.601272583008 607.13193166256 643.008312225342
787.962862014771 547.30006980896 572.449996948242 413.303680419922 461.47794342041 540.347635269165 600.961925506592 470.247169494629 508.042079925537 537.627586364746 725.846618652344 668.893775939941 733.915161132812 601.605194091797 594.158617973328 735.870185852051 621.966887831688 590.788607597351 651.168905258179 584.685276031494 558.995174407959 538.676788330078 689.948801040649 625.845043182373 724.838926315308 489.262397766113 500.994972229004 602.653654932976 715.048950195312 539.087230682373 623.996822357178 582.611916065216 542.126312255859 709.425811767578 560.258012771606 658.47486114502 529.086269378662 506.537666320801 612.096927642822 528.691078186035 708.421649098396 652.821601867676 575.419298171997 591.951337814331 605.737833023071 606.859492778778 723.338531494141 614.979957580566 620.210018157959 651.540004730225
656.055895805359 718.358531951904 830.302368164062 928.189743041992 615.837093353271 593.285261154175 555.065235137939 567.539824485779 558.326368331909 544.604345321655 480.176452636719 625.427024841309 682.720443725586 618.326578140259 616.319508552551 644.828252792358 689.765884399414 679.50798034668 610.892684936523 514.602394104004 663.705102920532 690.691856384277 569.007621765137 624.926134109497 749.214336395264 589.093724727631 378.096054077148 636.013070106506 654.958053588867 659.768375396729 690.145164489746 630.636962890625 568.627174377441 594.803833961487 597.73362159729 521.053565979004 533.234466552734 621.60705947876 552.379508972168 513.458549499512 737.298887252808 714.245750427246 748.680053710938 685.31876373291 673.101974487305 580.409637451172 631.992031097412 572.403779983521 580.131969451904 678.403800964355
543.257593154907 754.965347290039 788.8388671875 703.802932739258 515.962715148926 701.553636074066 495.92733001709 517.094135284424 526.599586486816 503.432235717773 538.802207946777 537.3034324646 499.9775390625 507.362892150879 557.512178421021 656.0325050354 739.702049255371 676.060718536377 637.622522354126 636.485084533691 583.837669372559 716.595664978027 686.433734893799 714.866142272949 926.719421386719 603.016632080078 368.400634765625 569.129005432129 552.942543029785 679.372035980225 612.663714885712 759.99040222168 656.448516845703 620.873193740845 609.31362247467 465.694229125977 639.253637313843 625.925805091858 443.900314331055 522.532958984375 628.482526779175 695.346145629883 563.991580963135 614.225163459778 752.240051269531 593.390902519226 615.836954116821 602.306424260139 600.463381767273 548.781532287598
533.379133224487 510.296173095703 566.551063537598 597.381134867668 550.656723022461 443.874298095703 516.942733764648 496.484260559082 587.276793718338 522.173263549805 496.222351074219 589.713112831116 556.959007263184 502.895072937012 594.996143341064 682.151031494141 673.805583953857 636.836730957031 631.204490661621 647.368766784668 584.055355072021 543.85326385498 566.72999382019 500.420249938965 667.093994140625 531.148731231689 525.064430236816 678.337326049805 638.639498233795 653.38069152832 711.82515335083 675.742473602295 544.938407897949 625.855323791504 664.765251159668 559.982612609863 548.495281219482 419.935745239258 554.747772216797 560.882318496704 604.11110496521 714.10725402832 749.586853027344 585.666008234024 669.868469238281 714.350944519043 638.452484130859 661.878093719482 706.084571838379 507.835884094238
586.798240661621 366.533157348633 534.062393188477 542.635955810547 486.853988647461 582.584886550903 626.800769805908 684.617576599121 641.152816772461 438.250122070312 476.088760375977 473.928428649902 554.691303253174 612.302837371826 887.573024749756 624.793014526367 646.871598720551 553.865936279297 580.763519287109 693.339954376221 587.265087127686 481.420433044434 560.639186859131 393.120880126953 489.816337585449 485.719947814941 465.847244262695 521.748275756836 682.530471801758 616.015796661377 646.572228431702 770.756896972656 550.932357788086 525.181045532227 540.281555175781 554.599418640137 552.875324249268 412.573745727539 574.484966278076 632.945709228516 668.005996704102 581.526954650879 692.813842773438 614.716292381287 623.617977142334 646.613422393799 694.104965209961 635.717679977417 701.669174194336 628.572263240814
484.609657287598 392.926704406738 561.917343139648 633.846633911133 468.647323608398 542.089000701904 675.129730224609 719.855560302734 829.418106079102 449.667633056641 583.836505889893 603.465636253357 685.907871246338 1005.1883392334 929.150245666504 715.597557067871 620.036777496338 696.541422367096 675.044235229492 589.895652770996 626.215797424316 643.766479492188 503.939163208008 563.423687934875 515.96012878418 589.652076721191 444.975540161133 418.323852539062 620.354858398438 492.42057800293 633.36116361618 563.360321044922 623.316717147827 626.29369354248 608.818458557129 570.326923370361 570.274845123291 554.721435546875 553.128829956055 664.620346069336 698.082809448242 685.214736938477 618.085388183594 581.750919342041 562.60941696167 713.389358520508 725.634666442871 734.899742126465 686.172348022461 666.756130218506
698.413738250732 649.237847328186 528.7959420681 875.630657196045 691.290321350098 712.517498016357 637.36904335022 644.271598815918 694.506874084473 548.763740539551 723.941425323486 1010.28773880005 700.299419403076 1037.49373626709 970.789947509766 781.805274963379 645.727836608887 706.955856323242 695.472674369812 699.900562286377 732.65168762207 714.228553771973 646.315017700195 490.87654876709 612.382736206055 686.2119140625 660.605912208557 457.166885375977 721.138954162598 626.169357299805 629.722369194031 762.066452026367 743.255233764648 773.464935302734 676.779754638672 699.342350006104 515.808128356934 590.800785064697 603.780641078949 608.058324813843 457.550567626953 666.358318328857 699.944480895996 696.856834411621 652.580213546753 643.280731201172 677.779766082764 756.230094909668 672.370779037476 722.475654602051
599.407169342041 434.824813842773 507.495895385742 806.157573699951 890.986152648926 756.422410786152 824.779823303223 857.735076904297 632.357749938965 909.259750366211 434.239700317383 476.845687866211 700.002700805664 645.063091278076 635.907241821289 768.523895263672 627.758298873901 592.569946289062 700.905700683594 564.155044555664 736.152214050293 714.684425354004 658.452186584473 583.022857666016 703.592651367188 623.487915039062 705.783771514893 928.912384033203 702.687923431396 538.848915100098 603.482875823975 705.820808410645 652.717094421387 627.315603494644 724.42440032959 629.866327524185 541.246116638184 587.605316162109 629.241390228271 640.001899719238 517.354148864746 649.059814453125 723.425636291504 617.560998916626 575.968437194824 767.030914306641 674.214902877808 761.753715515137 688.624858856201 701.533020019531
389.361114501953 411.50927734375 371.819869995117 587.058319091797 695.42399597168 784.861656188965 725.733612060547 803.307927131653 705.912727355957 845.08805847168 339.594421386719 363.539154052734 393.897026062012 464.050687789917 436.356676101685 428.30541229248 665.986240386963 699.566009521484 623.442470550537 872.713081359863 604.808897018433 689.385757446289 634.824081420898 652.165222167969 755.785316467285 677.397081375122 627.612659454346 750.647132873535 790.828163146973 764.184494018555 646.264652252197 717.887496948242 600.049760341644 673.397552490234 571.560565948486 595.412588119507 608.657898426056 551.295211791992 527.503852844238 609.019555091858 615.032476902008 600.140096664429 570.879943847656 633.856357574463 716.491428375244 644.309228897095 755.682495117188 776.957290649414 634.674488067627 581.870155334473
432.801498413086 548.643981933594 406.050964355469 590.228103637695 632.186386108398 656.710075378418 568.410568237305 804.426818847656 688.770706176758 632.1567735672 524.163627624512 586.698418140411 566.604530334473 528.034126281738 640.155576825142 662.010160446167 463.56759262085 511.687912940979 544.40887260437 904.413776397705 693.076345443726 716.157012939453 928.829078674316 819.383438110352 575.09886932373 611.234817504883 661.784752845764 726.835704803467 626.583995819092 598.282661437988 657.904441833496 721.858863830566 729.22403717041 661.277978658676 508.897171020508 765.752792358398 687.239517211914 610.298356056213 492.961334228516 529.352836608887 592.129104614258 646.535794258118 507.818725585938 584.989738464355 580.406532287598 725.093002319336 814.308227539062 868.18864440918 672.278164863586 541.404083251953
448.055362701416 464.918437957764 543.161666870117 832.194351196289 757.671585083008 719.802154541016 457.004623413086 590.337129592896 721.343538075686 650.509696960449 601.055229187012 665.488683700562 719.050792694092 711.677257537842 816.296157836914 722.12055683136 699.111675262451 671.047340393066 687.491561889648 936.182563781738 668.369583129883 436.525955200195 560.583999633789 566.915168762207 947.014003753662 707.87059879303 635.770378112793 692.504741668701 677.913440704346 453.66667175293 610.486541748047 758.206680297852 764.757801055908 749.188865661621 593.795120239258 722.327438354492 722.286972045898 654.101119995117 576.092514038086 575.348819732666 551.701889038086 627.448167800903 710.162616729736 535.850494384766 634.768262863159 734.208282470703 780.765991210938 661.228789329529 820.33544921875 706.472297668457
501.617817878723 590.886426925659 630.409507751465 717.067973136902 -9999 -9999 -9999 -9999 -9999 -9999 -9999 -9999 -9999 -9999 -9999 757.135433197021 813.556968688965 743.170345306396 861.585174560547 665.991695404053 582.543487548828 586.663238525391 527.433151245117 527.53053855896 788.510795593262 599.062454223633 1037.34608268738 716.472736358643 532.41527557373 852.423408508301 539.936250686646 606.023735046387 715.408264160156 676.024859428406 660.064755916595 628.735335826874 744.270156860352 744.662940979004 746.284027099609 411.818542480469 602.101367950439 696.286211013794 641.871301651001 600.166381835938 627.598617553711 803.929328918457 792.706993103027 712.944709777832 702.012117385864 691.757642745972
-9999 -9999 -9999 -9999 -9999 -9999 -9999 -9999 -9999 -9999 -9999 -9999 -9999 -9999 -9999 -9999 -9999 -9999 794.234931945801 799.326385498047 635.822479248047 685.221118927002 840.037742614746 793.060470581055 768.323471069336 563.879812240601 745.027805328369 595.164897918701 494.640121459961 462.163681030273 448.94416809082 931.132858276367 632.423434734344 636.797611236572 585.750770568848 642.312265217304 822.967422485352 779.245788574219 796.883972167969 686.312335014343 722.158185958862 565.327827453613 784.276901245117 781.050674438477 742.357982635498 725.737815856934 872.226318359375 702.241907119751 646.288585662842 765.817771911621
