simdem/realisation6.asc
NCOLS 350 
NROWS 171 
XLLCORNER 152620 
YLLCORNER 418050 
CELLSIZE 100 
NODATA_value -9999 
[rows 66 to 87 of 171, columns 200 to 249 of 350]
505.781425476074 604.533683776855 587.472015380859 627.46798324585 753.455703735352 708.879222869873 502.542617797852 617.859512329102 548.130096435547 737.15145111084 515.551322937012 461.525604248047 492.529571533203 678.427234649658 688.875442504883 587.779891967773 656.161338806152 558.53491973877 567.862426757812 574.276435852051 499.791458129883 633.668910980225 729.888786315918 571.201072692871 605.901985168457 737.127548217773 569.332804679871 607.288014888763 641.202301025391 602.699073791504 592.381058692932 609.01180267334 404.338821411133 363.009704589844 510.749656677246 532.406425476074 706.368250370026 731.301406860352 764.202758789062 695.594146728516 615.769443511963 698.673263549805 600.552879333496 596.883949279785 688.05158996582 568.072685241699 655.476751327515 692.896629333496 578.162231445312 703.044708251953
612.229164123535 694.279819488525 689.453651428223 686.534393310547 606.39432144165 658.940334320068 676.227794647217 543.420112609863 728.915458679199 599.71505355835 467.011856079102 546.076599121094 618.494033813477 675.8791847229 495.301498413086 519.372192382812 399.458755493164 523.758941650391 679.1628074646 849.76805305481 584.814849853516 653.810497283936 609.717689990997 515.233276367188 624.879653453827 656.101932048798 604.817862033844 614.636477470398 522.30721282959 680.515403747559 615.250383377075 597.040416717529 498.991546630859 391.42041015625 564.424377441406 655.361267089844 564.599853515625 757.395851135254 882.396438598633 624.590453147888 625.080602645874 560.398632049561 678.716331481934 610.063746452332 608.695125579834 566.755638122559 825.865112304688 678.012725830078 795.438346862793 678.048625946045
550.67459487915 719.481128692627 735.622055053711 671.049600601196 638.848543643951 707.186157226562 641.905925750732 721.118339538574 643.907145500183 608.923837661743 510.859893798828 533.651191711426 711.183242797852 681.200508117676 657.500907897949 663.207580566406 511.003845214844 551.401390075684 667.189964294434 611.923093795776 711.5087890625 652.373668670654 731.447174072266 567.810539245605 499.509872436523 492.152816772461 577.867244720459 638.308795928955 537.79859161377 616.25177192688 673.212453365326 618.086395263672 487.000686645508 724.030208587646 527.377891540527 608.96044921875 666.485069274902 626.112943649292 773.015350341797 835.308700561523 618.050899982452 574.58521270752 690.189315795898 534.515998840332 660.837509155273 584.33247756958 538.264236450195 774.014167785645 610.433137893677 560.84871673584
764.22331237793 716.710540771484 522.902465820312 663.907852172852 595.060409545898 708.559204101562 722.548522949219 687.782691955566 761.281829833984 626.135343551636 569.364395141602 586.696388244629 732.954128265381 711.527652740479 763.59001159668 727.391929626465 701.976715087891 671.689418792725 592.046852111816 472.05924987793 665.707832694054 712.10326385498 703.576927185059 459.723487854004 424.620941162109 499.730842590332 450.694732666016 533.982147216797 591.380616664886 508.146095275879 661.020477294922 601.445751190186 644.041698455811 748.411712646484 784.702491760254 635.138313293457 608.270488739014 719.625633239746 731.203453063965 630.220359802246 528.411285400391 580.931541442871 584.493759155273 660.479290008545 611.73059797287 635.742183685303 634.884207248688 796.489654541016 774.884140014648 671.529653549194
699.039894104004 697.572376251221 639.062087059021 676.156406402588 626.865530133247 549.649223327637 682.919345855713 669.820623397827 619.751575469971 649.968591213226 647.669902801514 714.254734039307 523.905838012695 577.550533294678 665.692993164062 742.52123260498 650.709091186523 470.643264770508 413.582733154297 509.189041137695 670.047241210938 785.822086334229 860.071762084961 722.148559570312 469.441650390625 496.30054473877 522.436225891113 610.115209579468 653.789841651917 620.87655544281 576.662822723389 622.962390899658 696.314994812012 727.138229370117 747.05712890625 587.188430786133 540.299087524414 758.96826171875 717.965682983398 505.118675231934 504.461334228516 626.690108299255 546.719848632812 543.774841308594 658.183532714844 780.628158569336 723.260780334473 828.865951538086 713.774154663086 683.068199157715
674.029495239258 703.432899475098 790.954605102539 618.660014271736 547.14990234375 616.319448471069 692.946857452393 497.765045166016 507.637832641602 600.943496704102 469.609222412109 593.000308990479 599.719749450684 618.289358139038 642.515640735626 644.613445281982 665.896995544434 666.454451560974 537.484817504883 583.414138793945 632.52067565918 716.356441497803 693.425445556641 717.932693481445 745.723564147949 669.625984191895 561.039222717285 749.604652404785 444.200088500977 595.49205160141 692.523902893066 754.834976196289 647.219165802002 597.925506591797 714.845108032227 655.143032073975 591.938320159912 680.057426452637 716.277519226074 559.560218811035 519.315292358398 606.655185699463 667.903270721436 617.890094518661 779.033020019531 786.071640014648 672.317276000977 740.240558624268 878.691268920898 713.748985290527
599.34218788147 817.383285522461 879.940048217773 760.734085083008 538.434616088867 615.17441368103 701.56103515625 738.217735290527 706.226932525635 647.940444946289 596.363089084625 648.293147087097 610.966190338135 531.638946533203 647.126306533813 697.57836151123 681.781150817871 759.166069030762 849.589805603027 772.986351013184 844.597885131836 886.709060668945 632.315267562866 647.604722976685 726.29377746582 607.259490966797 667.128433227539 605.949932098389 597.62385559082 585.788352966309 607.902109146118 683.447521209717 523.618911743164 536.743034362793 665.669902801514 565.280014038086 561.092708587646 729.292816162109 736.025482177734 552.537822723389 615.135264873505 641.810793876648 677.422557830811 696.698944091797 730.201118469238 620.421552658081 558.390686035156 690.120531082153 750.774436950684 609.83941078186
624.808724403381 610.411996841431 704.653251647949 654.533348083496 755.484100341797 724.116508483887 700.591896057129 675.368673324585 730.193656921387 782.713790893555 578.362506866455 679.08283996582 667.910875320435 677.458282470703 629.820071697235 696.805755615234 664.973649978638 829.247543334961 785.348197937012 921.742923736572 895.035507202148 792.974814414978 663.375685214996 697.699523925781 634.754346847534 652.668857574463 547.653400421143 688.907218933105 614.005719184875 622.049989461899 577.392574310303 569.822887420654 735.570175170898 597.76371383667 597.597723007202 677.824119567871 546.912879943848 620.554922103882 696.51050567627 576.519901275635 621.930490493774 670.844432830811 703.060066223145 641.938352108002 724.162132263184 590.108139038086 599.376780509949 627.804858207703 729.929611206055 661.417210578918
745.768112182617 675.45849609375 732.293464660645 521.103538513184 634.427814245224 674.638317108154 621.146919250488 639.909774780273 672.862110137939 774.306114196777 583.058769226074 689.481773376465 684.366863250732 599.250064849854 801.526901245117 720.673301696777 710.219184875488 698.272796630859 721.551565170288 839.607200622559 862.657297134399 874.199237823486 1008.75542068481 784.514759063721 738.05354309082 656.753273010254 657.06702041626 613.442588806152 622.188850402832 502.371841430664 462.770355224609 907.790771484375 645.099629081786 647.959371566772 656.853996276855 710.862632751465 603.351308822632 757.365020751953 661.364650726318 523.139640808105 672.76619720459 646.775032043457 510.021820068359 571.333377838135 682.435272216797 717.23592376709 559.819976806641 570.038227081299 625.02836894989 674.909538269043
627.652934074402 621.443762779236 666.42094039917 583.06819152832 732.017707824707 483.902160644531 681.024444580078 644.097473144531 656.178558349609 616.660095214844 760.493591308594 770.816207885742 736.416351318359 754.378288269043 642.438457489014 710.115432739258 606.469590187073 677.665321350098 790.827278137207 743.157361984253 620.63666343689 858.552276611328 919.66716003418 657.892108917236 875.286010742188 812.431674957275 1027.94424057007 717.25057220459 556.960357666016 623.242105484009 483.930145263672 873.629234313965 722.802795410156 693.035160064697 814.568466186523 658.069286346436 620.16796875 547.661140441895 668.784706115723 603.242786407471 740.572570800781 528.447860717773 597.615533828735 630.063329696655 679.991508483887 618.417265415192 768.636901855469 620.788827419281 653.817455291748 626.153930664062
581.477987289429 556.898704528809 682.955093383789 583.728618621826 528.147186279297 379.85481262207 607.644079208374 750.388008117676 587.777336120605 734.16993522644 846.249771118164 570.270656585693 773.729217529297 725.859203338623 756.135620117188 814.91584777832 668.807250976562 647.507358551025 674.352584838867 530.096237182617 604.371536254883 698.157039642334 642.578750610352 732.66895866394 880.959545135498 719.440147399902 742.925899505615 935.83130645752 800.759592056274 425.803588867188 1078.79705810547 611.931613922119 774.400207519531 634.460151195526 627.495668172836 679.815473556519 681.611103057861 512.875144958496 711.904640197754 639.564610481262 602.337417602539 718.846229553223 577.145725250244 603.776003837585 696.741729736328 652.799505233765 721.819076538086 652.606994628906 462.830230712891 481.924911499023
625.379447937012 550.538681030273 710.106735229492 690.866691589355 523.11939239502 540.05419921875 643.555269658566 382.102020263672 591.417633056641 706.473024368286 807.177734375 765.853424072266 742.914665222168 672.958763122559 610.599517822266 659.180665969849 671.804347991943 606.26960259676 826.899223327637 750.084754943848 769.260648727417 751.361751556396 681.027582168579 824.621335029602 631.666007995605 610.204940795898 681.27059173584 946.54240655899 1203.59006500244 934.158233642578 841.812721252441 797.510055541992 755.941093444824 681.687759399414 589.743824005127 628.423519134521 680.974361419678 670.670644760132 733.334701538086 602.635250091553 610.023429870605 684.036235809326 653.668167114258 541.37239074707 560.918365478516 529.029914855957 641.885028839111 651.312545776367 681.140335083008 755.204200744629
600.199243545532 502.931785583496 611.975461006165 619.257961273193 579.413726806641 583.971395492554 539.726112365723 643.95211315155 760.225250244141 767.304023742676 726.541679382324 609.050884246826 661.568939208984 639.8891248703 596.991458892822 650.162921905518 597.267071247101 507.090850830078 556.844100952148 765.643504142761 862.963821411133 851.785720825195 803.838844299316 664.595397949219 675.898406982422 666.448093414307 584.654113769531 948.770572662354 1246.92584609985 1276.17091369629 778.956562042236 778.788230895996 789.821937561035 895.917526245117 623.274747848511 635.162660598755 834.827651977539 804.823974609375 635.066345214844 555.433670043945 708.242790222168 639.965460777283 634.937757492065 642.238446474075 731.305770874023 662.228469848633 614.409547805786 491.655540466309 587.189727783203 731.213577270508
696.280921936035 510.136093139648 616.766272783279 603.337075710297 670.290241241455 658.298942565918 725.931915283203 654.536638259888 740.10888671875 697.284913063049 797.101821899414 561.272819519043 563.539833068848 517.214904785156 591.58854675293 671.61049079895 675.016582489014 594.930992126465 542.613731384277 663.490783691406 721.401561737061 665.07633972168 789.757897853851 747.648078918457 770.411651968956 747.161926269531 705.180442333221 810.19367980957 1146.99444961548 1194.69441223145 1096.37663960457 1016.5432434082 962.02653503418 808.695016860962 748.602600097656 677.136296272278 618.972862243652 646.738882064819 591.149383544922 693.939820289612 601.284027099609 592.263652801514 625.459443092346 612.630201339722 674.560413360596 584.229679107666 557.685745239258 498.562301635742 650.526465415955 622.249444723129
614.755840778351 618.39736032486 663.054664611816 631.664071083069 616.195071697235 611.502170562744 630.128867149353 778.45832824707 680.94021987915 765.708847045898 575.130668640137 532.058898925781 480.079116821289 612.396156311035 618.494537353516 729.331554412842 763.64289855957 767.88094329834 725.656566619873 733.333606719971 624.517503142357 472.744186401367 440.946182250977 463.792327880859 637.593048095703 856.77091217041 684.858421325684 636.235565185547 760.645057678223 867.965412139893 965.648978233337 1368.15020751953 1260.005859375 985.285678863525 1174.09339523315 750.480864524841 609.898963928223 620.877647399902 534.463363647461 537.26806640625 572.731506347656 596.968238830566 575.933815002441 600.172157287598 581.941360473633 549.950828552246 565.667839050293 651.073565483093 687.572235107422 654.226383209229
755.730567932129 587.757019042969 615.591387629509 504.673217773438 477.34635925293 772.26448059082 688.907127380371 694.313606262207 638.939350128174 822.070938110352 690.60764336586 617.49698638916 459.218536376953 562.115356445312 743.262184143066 729.832757949829 813.087631225586 867.138595581055 639.630131721497 616.074897766113 663.812854766846 686.200107574463 556.178039550781 516.758155822754 453.503936767578 569.658813476562 668.050331115723 783.754685401917 716.396133422852 845.801410675049 647.273654937744 993.499866485596 1266.62408447266 1246.81623840332 1158.39575195312 1019.11777496338 590.697814941406 705.780120849609 687.853392601013 669.624260902405 720.898448944092 640.627170562744 668.548789978027 626.688470363617 649.176868438721 564.535057067871 787.523681640625 646.261001586914 548.090965270996 565.72053527832
576.671241760254 542.569480895996 550.75715637207 460.186538696289 523.193222045898 556.018989562988 731.323768615723 851.791961669922 771.530609130859 671.222646713257 666.496545791626 658.921669006348 517.224891662598 526.074066162109 651.855911493301 680.540073394775 709.226177215576 759.222694396973 679.718807220459 556.283096313477 448.663955688477 586.165531158447 563.613868713379 668.083229064941 661.234478473663 764.280704498291 753.793870925903 676.824108123779 719.45671081543 522.419921875 719.627952575684 884.327728271484 1051.24684143066 1466.74295043945 940.042083740234 1302.62324047089 604.856369018555 642.171188354492 536.149124145508 690.670777320862 591.205774307251 694.072509765625 689.034042358398 512.943603515625 516.281959533691 481.284469604492 583.88591003418 502.918144226074 521.969146728516 452.952972412109
711.609867095947 450.858093261719 709.188213348389 524.138092041016 483.409591674805 559.148010253906 690.471729278564 677.256130218506 782.91796875 790.944519042969 782.758201599121 810.565940856934 697.989742279053 580.10578918457 703.734474182129 684.242969512939 811.999969482422 760.780059814453 646.335139155388 752.825500488281 635.371006965637 602.748916625977 629.331260681152 650.656178951263 714.88277053833 711.898497104645 532.051681518555 609.273513793945 692.883480072021 705.62837600708 600.400276184082 713.844255447388 1098.03506469727 1448.02137756348 1024.62844657898 1001.86087274551 871.650268554688 829.183235168457 664.44645690918 474.927101135254 653.261354446411 690.508230209351 748.861650466919 737.131605148315 841.703132629395 619.097768783569 712.10428237915 615.003540992737 465.763519287109 600.981597900391
679.429828882217 538.608055114746 615.991359710693 600.086122512817 502.037742614746 549.230239868164 642.350608825684 725.312294006348 679.10391998291 669.884481430054 704.061531066895 739.903923034668 667.410438537598 592.424537658691 647.933778762817 688.710544586182 844.916976928711 659.093593597412 603.325416564941 693.436191558838 687.890689849854 552.609718322754 602.780097961426 614.453151702881 725.792140960693 726.260398864746 582.941215515137 516.406967163086 589.822982788086 774.767883300781 592.814964294434 741.149880409241 912.366138458252 955.013984680176 1161.86474609375 1011.43947887421 865.919996738434 847.945442199707 638.319641113281 589.474517822266 567.397994995117 779.303035736084 787.453548908234 753.659671783447 781.806694030762 920.020538330078 1095.14241182804 938.23851776123 707.844177246094 653.05913734436
607.614269256592 581.071144104004 669.987342596054 719.388053894043 622.681817054749 492.225952148438 442.680252075195 547.714599609375 805.872421264648 764.765625 765.236312866211 647.570362091064 777.575187683105 638.912407875061 672.870580673218 583.460260391235 716.524703979492 674.915313720703 637.114643096924 646.198361158371 686.182807922363 527.944122314453 686.698160171509 747.949562072754 575.692924499512 622.619552612305 665.388359069824 489.892135620117 622.568843364716 662.303517341614 545.791030883789 723.752290725708 836.859126806259 759.465573072433 801.943914413452 753.192006587982 619.666725158691 714.039886474609 553.169860839844 517.817642211914 481.271774291992 588.814971923828 587.277534484863 753.466526031494 805.964127540588 789.087741851807 993.440490722656 955.640872955322 893.936553955078 493.278076171875
580.760131835938 659.470012664795 583.361862182617 714.99923324585 532.982460021973 580.990051269531 620.050013236701 659.229244232178 662.194919586182 812.190933227539 693.254428863525 757.507522583008 711.551862716675 719.180812835693 690.558616638184 708.837230682373 647.6118516922 844.955963134766 661.247119903564 679.931285858154 607.115955352783 658.157434463501 638.861184597015 667.285019874573 631.345115661621 703.39729309082 565.613479614258 690.667591094971 798.966690063477 708.335136413574 599.15128326416 639.154215812683 719.908205032349 514.858459472656 675.062171936035 622.846923828125 539.283798217773 581.976364135742 713.2120885849 710.532234191895 618.377868652344 660.985733032227 659.765459060669 818.594161987305 937.95768737793 884.9000415802 819.971698760986 867.28116607666 781.322540283203 732.317188262939
687.967301368713 737.90926361084 707.371160507202 673.45246219635 584.42813873291 652.530445098877 579.185642242432 528.849876403809 686.481269836426 721.272071838379 615.056957244873 712.635299682617 691.278541564941 703.57759475708 759.282653808594 795.994262695312 743.809417724609 706.752061843872 762.972183227539 617.778379440308 655.662160873413 635.832270145416 658.902770519257 527.231796264648 621.382147789001 619.069259643555 718.804267883301 783.859321594238 1208.02604293823 717.282535552979 759.233947753906 593.852516174316 614.16332244873 579.158863067627 681.038365840912 547.081604003906 567.358245849609 583.876941680908 695.150987625122 747.066814422607 724.511093139648 796.016040802002 797.120250701904 693.002555847168 621.849281311035 843.473073959351 846.464233398438 1157.20566558838 1075.42862701416 1039.16598510742
