simdem/realisation67.asc
NCOLS 350 
NROWS 171 
XLLCORNER 152620 
YLLCORNER 418050 
CELLSIZE 100 
NODATA_value -9999 
[rows 110 to 131 of 171, columns 250 to 299 of 350]
977.904975891113 579.480377197266 907.715309143066 750.108083724976 1343.2922706604 958.943496704102 895.972957611084 1109.78570556641 774.863098144531 869.72412109375 819.990480899811 884.009216308594 1112.6753680706 1126.69355010986 934.471527099609 804.465423583984 1013.79032242298 1219.54819488525 1045.17962646484 973.904752731323 800.921684265137 782.434547424316 1079.24934768677 1107.31828117371 1159.8148651123 897.818046569824 753.273544311523 929.177398681641 973.759582519531 839.605508804321 811.598407745361 856.985871315002 847.999889373779 742.241439819336 915.368305206299 652.985900878906 818.026473999023 966.31226348877 981.624454498291 826.861211299896 751.675189971924 507.239410400391 716.637805938721 752.183412671089 619.917150497437 763.236083984375 720.647033691406 349.906860351562 733.701217651367 846.663391113281
1044.20499420166 580.988990783691 591.269778251648 805.90404510498 710.924934387207 565.610870361328 567.072723388672 1186.9122543335 442.478164672852 500.321472167969 679.433868408203 776.65251159668 1009.50630187988 935.243850708008 971.549312591553 727.141075134277 659.222930908203 912.792591094971 871.092433929443 876.171760559082 1263.03876495361 901.711936950684 996.680431365967 876.957721710205 888.84553527832 1261.74031066895 909.734600067139 889.513904571533 1022.73406982422 742.899688720703 834.662467956543 856.924777984619 864.749668121338 746.474071502686 737.551162719727 842.185859680176 1198.21865844727 901.095792368054 870.637689590454 928.498512268066 829.356548309326 648.040161132812 845.569290161133 863.071800231934 730.665405273438 829.45499420166 729.120399475098 685.958840370178 712.305969238281 854.207683563232
918.603221893311 969.171835899353 806.449371337891 562.255889892578 1042.61250305176 665.959121704102 728.247245788574 674.211135864258 733.926040649414 739.255966186523 594.320541381836 553.345947265625 1001.54439544678 1154.26179504395 1352.04339599609 855.474891662598 707.615837097168 793.082712352276 708.767318725586 914.490036010742 858.671067595482 898.149635314941 1202.0477104187 1015.79572677612 1000.61082458496 991.374118804932 891.681644439697 1020.35948371887 993.460578918457 1006.20505523682 888.957540512085 919.336192131042 878.794055938721 796.442016601562 663.965606689453 909.181221008301 1040.04542541504 890.345268249512 743.890809059143 830.159008026123 653.22477722168 533.088119506836 752.608365058899 913.706201553345 851.552215099335 917.083694458008 752.679409980774 896.811004638672 727.514038085938 801.992156982422
740.950832366943 913.56835269928 531.583480834961 640.985656738281 876.386009216309 1340.51389312744 783.423740386963 545.1884765625 701.64469909668 506.166839599609 601.09058380127 625.086715698242 760.284027099609 817.120254516602 961.571319580078 882.644050598145 893.670028686523 877.654075622559 778.331533432007 578.369400024414 852.926551818848 754.966125488281 711.312515258789 663.130477905273 784.77490234375 960.287635803223 934.968818664551 959.987590789795 1430.90194702148 1315.76686191559 943.799454450607 909.598547935486 878.958263397217 879.93045425415 643.52799987793 721.898025512695 842.626920700073 538.334297180176 576.99222946167 658.325984954834 640.691553115845 549.806526184082 603.701713562012 838.843864440918 725.298891067505 815.165733337402 548.69506072998 949.559268951416 967.186561584473 968.228240966797
1006.97200393677 1231.02495574951 1204.01246643066 756.820091247559 637.274696350098 734.270603179932 1907.06181335449 647.237655639648 1256.10501098633 1210.24802780151 730.818553924561 470.084518432617 624.660850524902 761.000411987305 792.650394439697 1040.27241134644 886.407466888428 841.853118896484 775.982776641846 839.104446411133 700.176116943359 880.972320556641 532.661361694336 676.540435791016 704.448379516602 783.992648124695 921.779554367065 1169.62576293945 1427.56953430176 1426.72059631348 1003.92093658447 968.425344705582 788.592391967773 704.684577941895 652.140659332275 686.194267272949 578.280326843262 692.366432189941 761.089191436768 635.190284729004 728.683303833008 616.542579650879 718.078615665436 826.123611450195 650.731418609619 643.521591186523 552.404041290283 760.941055297852 722.756547927856 940.333053588867
725.095947265625 939.884559631348 716.454177856445 699.086265563965 703.706115722656 1095.39247131348 719.705337524414 575.964859008789 781.715431213379 834.763519287109 720.446655273438 560.820045471191 711.917921885848 586.305564880371 635.889785766602 729.729322433472 702.27046585083 949.777053833008 783.057195663452 893.781188964844 887.770225524902 778.071441650391 727.45263671875 751.474517822266 571.634170532227 754.146208047867 904.448417663574 995.549789428711 1209.87327575684 1811.09133911133 1194.7674407959 904.368045806885 909.809478759766 835.304847717285 698.456298828125 711.975180149078 796.46369934082 898.21257019043 878.896499633789 826.96183013916 642.79549407959 709.06693649292 682.084537506104 863.051643371582 699.468952178955 709.67914390564 878.503936767578 773.02698135376 672.081153869629 777.070629119873
716.186981201172 1219.42893981934 720.458320617676 739.388046264648 1390.15101146698 684.853591918945 536.525299072266 1277.70531845093 747.919512271881 1195.55318450928 975.102355957031 555.007049560547 489.318893432617 552.647994995117 565.638168334961 605.782867431641 586.839958190918 834.328948974609 696.343181610107 870.455772399902 777.605335235596 648.78604888916 736.319038391113 782.589672088623 792.964993476868 704.805625915527 870.953338623047 1021.72061157227 951.147808074951 991.61107468605 1169.83157634735 895.917510986328 945.731788635254 757.818809509277 672.590545654297 1182.7453918457 1434.35971069336 1915.73262023926 1878.9460144043 1023.93673706055 760.526750564575 852.820970535278 763.824653625488 895.240173339844 850.460823059082 760.710042953491 861.189498901367 843.294235229492 831.292678833008 750.253692626953
539.546340942383 874.730743408203 771.531993865967 643.08332824707 863.781723022461 820.692470550537 844.387542724609 502.723251342773 666.119842529297 893.021842956543 947.678783416748 811.631469726562 551.314239501953 526.663269042969 570.462951660156 519.943328857422 571.41227722168 667.069351196289 712.009994506836 662.884805679321 527.009498596191 526.613876342773 615.142333984375 871.309051513672 803.71436882019 828.550895690918 830.653884887695 1002.8064956665 874.315006256104 757.430206298828 574.4111328125 830.665496826172 870.826704025269 905.316703796387 916.118797302246 819.36586523056 1115.41763305664 1233.18263244629 1450.38133239746 2270.74563598633 1256.36773681641 1158.75567626953 960.005081176758 890.608154296875 870.305603027344 712.413014411926 776.590051651001 925.514221191406 919.543701171875 883.086273193359
565.791580200195 835.2248878479 721.559516906738 582.332336425781 1045.07562255859 753.133155822754 1061.6379699707 592.722915649414 916.005195617676 770.972076416016 820.955810546875 815.211208343506 798.716843605042 552.698440551758 459.750045776367 643.235687255859 613.765277862549 864.022357940674 889.911125183105 942.904510498047 804.286050796509 612.239883422852 715.80610370636 826.852233886719 774.435771942139 899.021896362305 914.837951660156 891.153968811035 769.741020202637 471.435455322266 1756.86074829102 2759.1429901123 698.479568481445 915.274848937988 1003.13059997559 998.250894546509 1108.61706542969 1105.25707244873 1280.12506103516 1257.2661895752 1088.93274974823 1452.23225402832 1314.77906799316 1484.06581115723 1455.85952758789 1145.69564819336 1058.8459777832 978.746398925781 978.999038696289 880.126739501953
572.285425901413 668.545639038086 634.193542480469 621.896034240723 944.873779296875 1183.63441944122 873.774593353271 865.743621826172 1283.14459991455 695.74275970459 825.443702697754 880.697513580322 797.482071876526 765.659297943115 589.711547851562 499.256622314453 606.102844238281 654.214775085449 805.929510116577 970.013191223145 902.196113586426 923.357833862305 809.836502075195 781.073143005371 691.832302093506 798.530166625977 833.626644134521 779.570579528809 890.41626739502 515.051971435547 487.592346191406 1999.46760559082 725.884033203125 769.811950683594 980.96558380127 1331.79315376282 1134.3819732666 1247.87860870361 1675.12577819824 1324.67247772217 1122.31666564941 1215.4591293335 1063.20040130615 1101.69537353516 1674.46957397461 1648.8738861084 1180.03366470337 1671.82473754883 1593.18118286133 1134.61585998535
559.237663984299 566.632530212402 528.958229064941 372.809722900391 985.629894256592 872.601968765259 848.490688383579 901.969741821289 887.182552337646 733.312379837036 891.165992736816 1104.57461547852 805.671073913574 750.935054779053 706.451408743858 407.135055541992 702.801979064941 726.418186187744 855.205108642578 783.9408659935 766.014930725098 774.822904586792 748.72304725647 789.100475311279 693.257936477661 772.953010559082 695.640735626221 875.590745925903 715.022109985352 810.454741477966 666.499435424805 578.527191162109 705.044502258301 787.920249938965 801.050472259521 1034.00485229492 1015.38638401031 1055.42096710205 1388.53290557861 1102.5255613327 1324.22557830811 1257.5270614624 1099.35269165039 986.603639602661 1259.12190532684 1148.57669830322 1289.10890960693 1187.23895263672 1369.87539672852 1712.15333557129
528.167083740234 641.861358642578 611.849416732788 536.513885498047 517.658031463623 539.06237077713 549.49535369873 510.477890014648 722.315481185913 795.354614257812 816.168418884277 862.034606933594 887.426695823669 615.437149047852 686.601554870605 521.772903442383 552.924430847168 650.709571838379 699.501152038574 664.115459442139 573.998077392578 659.696060180664 827.549613952637 783.840727806091 690.432144165039 671.203979492188 869.40675163269 673.960739135742 968.05199432373 831.263411521912 626.284713745117 698.05334854126 690.767242431641 795.227747917175 931.16682434082 1142.82116699219 1112.61632537842 1051.1801071167 862.577758789062 897.466197967529 1147.61196899414 1375.54456329346 1026.32153892517 761.727767944336 1161.95175170898 1208.38721466064 1177.69078826904 1206.48220825195 1233.44403076172 1530.4783782959
648.455101013184 743.746929168701 690.638001441956 668.273447036743 613.814102172852 478.033233642578 253.457794189453 431.698554992676 871.916473388672 971.727905273438 868.481727600098 746.237758636475 772.746910095215 524.326240539551 573.322845458984 627.734031677246 754.465621948242 804.572423934937 762.535133361816 665.830463409424 746.869709014893 826.863269805908 887.712837219238 750.75838470459 682.547622680664 852.891704559326 701.054756164551 668.28263092041 916.15869140625 820.541496276855 878.09873008728 942.188980102539 534.40022277832 857.96125793457 1082.45240783691 1252.1672668457 983.083984375 949.146781921387 702.364784240723 715.842712402344 883.016087532043 1058.25553131104 876.924644470215 737.2861328125 769.450119018555 1077.3823261261 898.121429443359 1092.56274414062 1184.77177429199 1199.98544311523
734.003246307373 796.361206054688 804.478179931641 744.385555267334 713.179449081421 510.518371582031 523.042221069336 571.205333709717 630.72940826416 818.589096069336 701.762413024902 686.736473083496 1027.23897171021 742.376804351807 1208.77268218994 722.775527954102 595.839599609375 564.991760253906 799.1533203125 656.674697875977 586.460845947266 766.417827606201 785.996269226074 857.828772544861 825.267364501953 772.547569274902 695.072074890137 744.993911743164 883.13005065918 871.786773681641 864.397410392761 807.286949157715 741.557453155518 894.546325683594 1158.15277099609 1229.89599609375 950.795471191406 749.688259124756 781.103716850281 838.97891831398 715.753639221191 918.760673522949 727.075719833374 812.669067382812 767.511360168457 792.652336120605 874.471416473389 1084.18814086914 926.935028076172 761.165752410889
683.486282348633 768.01114654541 796.970654726028 708.790166854858 791.159168243408 686.043025970459 543.953521728516 490.233123779297 830.440353393555 637.429153442383 690.016128540039 729.243835449219 744.574863433838 871.954895019531 1475.35603713989 703.942207336426 649.70783996582 687.003978729248 749.203098297119 535.462020874023 557.128433227539 633.665054321289 704.130596160889 799.932476043701 895.961780548096 809.447128295898 838.558269500732 833.839096069336 781.743125915527 858.209678649902 851.150093078613 1108.40225982666 948.206596374512 857.76350402832 1000.46621704102 1038.24899291992 907.430755615234 664.204925537109 681.345436096191 680.253082275391 705.486480712891 784.021718025208 662.946517944336 816.009021759033 883.084762573242 767.268211364746 684.954612731934 811.27668762207 647.839767456055 750.144481658936
764.773460388184 770.782699584961 732.451559066772 786.489818572998 790.378475189209 687.776779174805 763.951988220215 604.896591186523 477.771492004395 430.739952087402 707.090547561646 741.157809734344 1221.10617446899 1004.67329406738 928.519760131836 843.423965454102 878.79923248291 837.464008331299 826.399082183838 1221.36129379272 742.173042297363 627.018802642822 738.501426696777 901.414749145508 803.409233093262 782.981437683105 708.577243804932 842.639381408691 763.563936233521 811.983623504639 739.702516704798 817.282484054565 769.238067626953 733.947269439697 792.901875495911 622.543853759766 885.215110778809 710.950660705566 839.792793273926 739.044425964355 857.468170166016 663.637870788574 743.635213851929 781.588119506836 800.280376434326 793.641464233398 746.024551391602 643.543670654297 570.020980834961 637.925979614258
776.710716247559 738.2855052948 703.381031990051 789.755710601807 767.140960216522 665.107154846191 661.582290649414 741.824775695801 675.517395019531 601.727252483368 615.49968290329 1274.34479379654 844.67911529541 1091.17686462402 1053.4319229126 792.605682373047 685.550735473633 842.322402954102 1102.8207321167 630.2366065979 678.344953536987 721.830425262451 672.625720977783 855.20433807373 795.541580200195 956.9248046875 747.322418212891 784.349822998047 757.047590732574 743.44958114624 763.740779876709 741.468437194824 648.025665283203 885.501239776611 830.583648681641 571.237640380859 709.074150085449 743.003295898438 658.836555480957 675.774528503418 538.752532958984 516.614929199219 722.227296829224 678.369873046875 754.773666381836 747.655014038086 779.793167114258 675.311279296875 664.592514038086 657.859680175781
825.380912780762 761.028991699219 953.988616943359 876.791412353516 758.684688568115 610.781036376953 667.707313537598 635.640213012695 768.593948364258 539.337707519531 508.150924682617 692.152111053467 753.351409912109 1202.72731399536 836.553413391113 757.591404914856 786.351718902588 899.987503051758 788.368194580078 772.6813621521 733.567955970764 660.837491035461 663.57040977478 624.754295349121 633.681800842285 732.131153106689 633.455932617188 738.931701660156 686.376312255859 676.534099578857 629.32251739502 751.140211105347 835.569818496704 775.930358886719 776.773441314697 732.509853363037 695.453109741211 726.451248168945 813.86465549469 867.373406648636 649.857330322266 624.281372070312 758.862445831299 794.577774047852 778.690333366394 716.916355133057 691.824668884277 856.664947509766 739.710227966309 712.737854003906
959.834991455078 709.839752197266 678.030151367188 801.999656677246 820.674293518066 804.810395717621 777.633892059326 722.791883707047 518.035301208496 553.610748291016 617.441261291504 726.287475585938 658.361366271973 648.402542114258 636.049137115479 709.155029296875 504.711936950684 703.921619415283 881.868835449219 737.250074386597 799.674842834473 634.312129974365 675.189972877502 686.529795646667 640.321723937988 573.998565673828 637.622138977051 696.027236938477 793.5869140625 790.994899749756 683.559803009033 840.729846954346 920.850166320801 869.171821594238 889.654064178467 830.177763938904 794.635116577148 816.71862411499 984.199745178223 1179.54347610474 814.187051773071 661.083984375 739.757720947266 885.143486022949 795.377052307129 790.56325340271 816.957769393921 654.940872192383 937.594024658203 863.264213562012
791.641841888428 587.30744934082 711.836753845215 628.494468688965 683.483810424805 765.151510238647 848.227111816406 538.215446472168 609.345294952393 557.720603942871 626.418579101562 681.623264312744 774.642086029053 672.145137786865 693.210506439209 746.988975524902 684.622619628906 724.625670433044 747.290754318237 824.279396057129 835.594268798828 667.043273925781 743.155429840088 807.386817932129 752.495727539062 694.05248260498 791.321430206299 722.118232727051 706.757526397705 637.251991271973 637.689735412598 942.458808898926 1032.83697509766 707.128768920898 828.306204795837 928.815795898438 875.870475769043 859.009094238281 925.605682373047 937.40531539917 898.727233886719 876.737075805664 752.91862487793 953.070789337158 964.889766693115 846.816619873047 695.319526672363 800.061710357666 801.001837253571 1015.5618057251
618.713012695312 696.986911773682 656.690185546875 623.03141784668 787.150638580322 699.001792907715 743.736934661865 606.680374145508 613.057393074036 544.037567138672 614.409706115723 594.199020385742 631.005302429199 578.445877075195 592.188003540039 668.252304077148 773.038712501526 861.887733459473 661.496971130371 839.224533081055 764.663864135742 735.089471817017 663.24446105957 674.01096534729 677.487470626831 864.424774169922 866.091903686523 867.074909210205 710.26802444458 646.644535064697 623.941535949707 692.336574554443 829.765083312988 941.277723789215 978.358734130859 793.322324752808 732.091636657715 794.26448059082 978.872665405273 950.54581451416 1059.68645191193 1167.5572052002 1053.17408418655 776.015247344971 863.383277893066 876.543037414551 716.348541259766 634.652534484863 760.538676261902 935.20384979248
750.507125854492 737.645057678223 729.887180328369 686.074913024902 811.463535308838 621.653182983398 712.285022735596 518.285755157471 645.259502410889 684.896667480469 667.663913726807 568.851470947266 682.584259033203 642.591217041016 782.07022190094 678.105072021484 653.01863861084 746.392614364624 676.93684387207 701.849960327148 795.628044128418 817.882080078125 656.555152893066 714.121532440186 807.54305267334 859.162612915039 839.436737060547 772.147583007812 690.519557952881 826.065841674805 665.13177728653 718.742546081543 654.671855926514 584.42830657959 616.351783752441 676.917930603027 632.661643981934 710.530746459961 833.690223693848 1026.80488014221 1090.68106651306 1023.78910827637 1016.44511604309 1189.04439544678 809.30485534668 802.683448791504 715.403350830078 582.190521240234 779.344314575195 846.846038818359
