simdem/realisation55.asc
NCOLS 350 
NROWS 171 
XLLCORNER 152620 
YLLCORNER 418050 
CELLSIZE 100 
NODATA_value -9999 
[rows 22 to 43 of 171, columns 50 to 99 of 350]
-9999 -9999 -9999 -9999 -9999 -9999 -9999 -9999 -9999 585.243057250977 544.073036193848 461.726959228516 840.063323974609 707.602994918823 319.837982177734 303.195953369141 313.449829101562 501.798027038574 674.702959060669 582.593574523926 486.795516967773 586.205509185791 715.174430847168 656.471920877695 767.935623168945 788.190696716309 656.062345504761 582.793678283691 629.278379440308 527.632507324219 603.463213682175 731.410064697266 680.36499786377 613.058555603027 475.447212219238 499.997436523438 306.461822509766 456.732192993164 512.548400878906 436.290946960449 429.194610595703 567.683052062988 1137.30920600891 704.207545280457 604.718487739563 542.598705291748 545.0673828125 649.041389465332 548.226446151733 1487.42307662964
-9999 -9999 -9999 -9999 -9999 -9999 -9999 -9999 909.218257904053 607.569149017334 552.474014282227 606.990631103516 712.082008361816 433.995383739471 513.269004821777 469.7587890625 538.267971038818 630.209005355835 550.069068908691 658.9505443573 481.276657104492 728.151641845703 696.123847961426 778.684928894043 698.560307979584 611.442697525024 592.071989059448 540.923885345459 432.979080200195 476.452453613281 517.219491481781 561.028873443604 571.649598121643 507.206611633301 456.249824523926 582.329284667969 509.929927825928 764.110229492188 661.473342895508 1208.99638748169 622.479690551758 667.407466888428 644.424732208252 629.12321472168 581.176402568817 508.397270202637 636.584754943848 621.633781433105 544.861343383789 1136.52535247803
-9999 -9999 -9999 -9999 -9999 -9999 -9999 956.338836669922 819.562164306641 925.239915847778 474.376434326172 356.597869873047 375.687019348145 420.30375957489 563.656307220459 702.631828308105 617.614831924438 626.92566716671 730.113548278809 840.228302001953 784.867317199707 742.838401794434 619.403709411621 622.601299285889 757.70484161377 612.968774795532 610.070101737976 504.220737457275 555.215817451477 1220.51218223572 679.317808151245 434.126724243164 690.900959014893 622.506748199463 741.928604125977 621.070129394531 480.862319946289 714.191497802734 694.191047668457 723.219795227051 654.437927246094 729.341979980469 615.078117370605 700.752319335938 460.826011657715 544.249359130859 562.876207828522 469.225509643555 547.819580078125 1085.47396659851
-9999 -9999 -9999 -9999 -9999 -9999 722.916778564453 657.728759765625 829.239097595215 907.099479675293 485.601287841797 524.64826965332 313.657638549805 496.162483215332 477.941549301147 655.066219329834 639.197591781616 567.244632720947 642.070671081543 920.946472167969 756.544311523438 679.751415252686 487.319046020508 561.785743713379 634.317527770996 463.064926147461 601.869773864746 1069.97536468506 830.883506774902 799.84489440918 752.18180346489 518.860977172852 784.646808624268 963.757591247559 584.361404418945 649.08352804184 584.900829315186 630.920360565186 539.009822845459 492.85124206543 522.610340118408 580.085420608521 550.534227371216 589.47269821167 592.539520263672 651.042205810547 645.683990478516 674.143188476562 570.05141210556 755.112747192383
-9999 -9999 -9999 -9999 -9999 618.568229675293 503.011978149414 328.231826782227 463.318466186523 527.919387817383 631.484728693962 629.487738609314 771.628007888794 603.986465454102 776.184677124023 689.203937530518 613.324150085449 592.687187194824 528.452449798584 474.427841186523 591.98282623291 715.759643554688 639.298889160156 492.661270141602 566.487947463989 693.208679199219 597.16877746582 866.674456119537 949.399651527405 806.979072570801 653.814804077148 693.414422988892 518.238464355469 566.110458374023 715.446895599365 650.481893539429 554.421318054199 470.940467834473 499.695274353027 421.147506713867 603.277313232422 623.233661651611 479.209457397461 499.734504699707 424.406661987305 406.057434082031 496.173294067383 717.15299987793 613.814343929291 580.458709716797
-9999 -9999 -9999 -9999 355.358459472656 572.251815795898 381.170501708984 347.013824462891 318.407516479492 584.073947906494 682.34704208374 787.195049285889 634.783327102661 581.717151641846 617.923107147217 630.491439819336 466.643275260925 530.929861068726 562.764115333557 541.461061477661 527.63761138916 647.787307739258 590.82982635498 1021.59085845947 963.944431304932 847.19792175293 587.913604736328 815.653129577637 630.08390045166 663.690940856934 504.427574157715 635.460750579834 548.605842590332 573.561485290527 682.765216827393 677.743175506592 799.877685546875 573.058963775635 448.213096618652 563.825397491455 545.242832183838 594.524276733398 541.333574771881 495.487159729004 442.13606262207 484.415596008301 573.694025039673 604.997005462646 589.024739742279 570.427444458008
-9999 -9999 -9999 1168.73295402527 295.415985107422 528.136169433594 547.08024597168 451.250560760498 602.69506072998 475.40983581543 672.503486633301 707.207889556885 652.801319122314 532.472091674805 648.967155456543 615.663282394409 728.212181091309 647.868072509766 591.271697998047 569.014863014221 455.202346801758 568.670143127441 946.88516998291 649.882270812988 633.135249614716 654.538829803467 592.938869476318 553.396728515625 438.575973510742 464.027698516846 494.780364990234 457.561996459961 595.409309387207 534.793434143066 434.797653198242 577.09959602356 583.680885314941 541.59083366394 642.304027557373 418.220741271973 479.657176971436 618.300178527832 525.440894126892 626.295684814453 491.000888824463 502.210248947144 589.221565246582 587.817272186279 638.959823608398 686.314736366272
-9999 -9999 716.439276218414 1175.01588726044 508.580944061279 489.735902786255 616.512775421143 603.196273803711 714.390022277832 753.979602813721 731.680671691895 684.435508728027 658.920143127441 789.865568161011 694.805389404297 475.888313293457 618.201236724854 651.514844894409 1027.81647491455 635.394654512405 1275.30151748657 685.127502441406 630.304962158203 529.81506729126 320.929885864258 517.016242980957 457.494294166565 723.28532409668 582.906478881836 405.137062072754 394.741165161133 597.12183380127 590.431339263916 462.947387695312 471.293006896973 570.749828338623 473.304340362549 567.382663726807 429.208381652832 323.98420715332 429.771114349365 499.248340606689 649.437164306641 526.058692932129 550.083980560303 539.083103179932 419.859535217285 569.672027587891 592.049777984619 861.270153045654
-9999 -9999 604.373107910156 1050.95418357849 1155.42234039307 497.475444793701 611.532745838165 557.305099487305 551.534652709961 682.400606155396 575.260761260986 505.815491676331 667.118850708008 693.720705986023 796.602912902832 739.839363098145 626.207524299622 564.240510940552 808.914279937744 532.319549560547 446.572891235352 562.45826625824 572.80708694458 479.213943481445 424.086402893066 444.682855606079 437.862893104553 494.652576446533 424.003942489624 424.597900390625 359.496681213379 504.289892196655 462.809635639191 505.905178070068 470.992144584656 427.035743713379 522.983413696289 481.231491088867 557.877922058105 486.55158996582 429.749546051025 557.796396255493 598.468360900879 452.125717163086 536.397342681885 568.156490325928 401.906349182129 528.670742988586 450.615615844727 742.797783374786
-9999 592.463687896729 745.035385131836 528.57568359375 564.546703338623 604.697251319885 510.743560791016 579.935348510742 776.07776260376 591.045288085938 437.815689086914 606.043228149414 622.550979614258 586.642929077148 492.581260681152 639.414259910583 529.757144927979 493.859379768372 482.528354644775 458.168609619141 594.902938842773 639.084358215332 591.026306152344 615.692443847656 449.457821846008 421.307147979736 325.706832885742 392.36109161377 446.652652740479 448.629432678223 390.73380279541 493.952988147736 438.363204956055 572.881797790527 449.672965049744 490.748069763184 462.640632778406 499.045810699463 510.631156921387 405.643547058105 463.766567230225 537.376341819763 515.251525878906 439.270259857178 550.730163574219 449.588081359863 381.364524841309 510.00421333313 551.379312515259 560.22974395752
617.505480766296 682.814376831055 639.044696807861 565.836799621582 495.92781829834 517.201957702637 612.528993606567 740.431098937988 701.954494476318 647.99559545517 624.817555427551 564.906478881836 691.090981483459 572.152250289917 531.07462310791 522.229499816895 528.667485237122 545.553956985474 448.442352294922 493.537850379944 520.840881347656 600.561050415039 566.813835144043 518.569671630859 483.822940826416 334.318435668945 499.109643936157 494.030715942383 425.672317504883 615.415878295898 525.590747833252 334.84992980957 354.37979888916 435.826786994934 441.637155532837 338.300674438477 426.499521255493 613.84001159668 392.057628631592 402.022731781006 397.138366699219 503.925148010254 582.848152160645 470.913728237152 418.335311889648 450.278251647949 358.189224243164 469.958480834961 483.361839294434 482.122146606445
663.543560028076 584.937961578369 704.939590454102 740.110374450684 563.703515529633 532.42960357666 704.770849227905 667.942001342773 627.718629837036 623.477039337158 586.632659912109 439.406799316406 640.501800537109 328.299911499023 702.195533752441 390.746238708496 496.328498840332 488.669401168823 523.586876869202 626.406517028809 529.120376586914 511.58797454834 373.802108764648 515.700660705566 422.129703521729 272.789031982422 470.967675235122 526.726501464844 398.923042297363 470.094922542572 385.673706054688 416.521003723145 363.480415344238 354.460296630859 522.033294677734 602.828140258789 491.414257049561 486.742666244507 501.014701843262 553.481391906738 433.599613189697 459.476371765137 488.694050788879 405.772674560547 506.2330493927 390.370712280273 456.651861190796 386.953903198242 415.344882965088 412.43000793457
536.648361206055 533.915843963623 554.772235870361 510.891082763672 461.738822937012 579.038986206055 650.379376888275 441.92608165741 706.666249513626 562.863830566406 407.752151489258 488.95923614502 630.960296630859 624.746255874634 582.032272338867 628.690727233887 299.233657836914 545.754150390625 500.329916000366 587.721710205078 603.804092407227 490.459018707275 449.748293876648 384.935554504395 407.919380187988 418.003444671631 468.306191444397 434.032447814941 446.902153015137 358.194847106934 354.993896484375 374.579345703125 361.79288482666 527.3857421875 502.037897109985 476.914951324463 545.256477355957 636.110763549805 476.727283477783 468.551217079163 518.778823852539 459.904602050781 382.512580871582 405.680797576904 481.214195251465 327.63850402832 354.900428771973 359.566223144531 309.364761352539 462.556699752808
388.968505859375 620.953392028809 580.035842895508 395.634407043457 341.67610168457 477.036041259766 562.517553329468 956.746459960938 556.811717987061 546.55436706543 436.339302062988 453.765476226807 613.599029541016 576.612907409668 538.472015857697 411.494960784912 508.284476280212 485.86240196228 532.138786315918 693.389907836914 529.389629364014 525.210372924805 482.859552383423 424.761625289917 327.806350708008 378.13606262207 550.014442443848 519.958084106445 393.472805023193 402.057025909424 351.082168579102 351.732650756836 509.230045318604 444.694558620453 424.996166229248 476.983810424805 558.932754516602 681.748733520508 496.14338684082 425.485176086426 406.75940322876 507.343373298645 427.269474029541 559.342903137207 551.021766662598 254.944732666016 307.953353881836 246.804809570312 306.184753417969 454.804504394531
634.425174713135 645.841793060303 567.89624786377 579.625785827637 645.300197601318 551.801986694336 732.189147949219 917.002182006836 822.411178588867 739.687484741211 522.909225463867 509.398078918457 561.932025909424 566.237814903259 722.763885498047 598.73316192627 597.294578552246 499.474913597107 449.780284881592 586.916473388672 665.287292480469 479.660026550293 530.123397827148 527.646293640137 439.889472007751 546.902412414551 322.548736572266 403.99458694458 419.665618896484 308.789916992188 313.225311279297 332.544624328613 458.915021896362 551.719512939453 456.152973175049 522.330631256104 471.507570266724 447.368634045124 465.139332294464 332.976280212402 382.90104675293 370.06139755249 380.06383895874 522.495979309082 444.744558334351 488.37340927124 321.401473999023 389.634353637695 456.678443908691 403.980697631836
693.585712432861 603.248687744141 601.238143920898 632.619600296021 665.42432308197 526.386119842529 542.694755554199 584.167140960693 764.959506988525 648.121070861816 339.617691040039 604.52751159668 576.231582641602 642.82502746582 567.454174041748 631.982513427734 491.607364654541 438.760643005371 347.632774353027 502.012523651123 542.839515686035 579.503570556641 468.393390655518 414.297002792358 444.107491493225 409.736381530762 421.895102500916 490.99076461792 464.361251831055 474.243366241455 279.981094360352 332.215393066406 345.965354919434 329.958908081055 390.199630737305 436.349313497543 311.308502197266 292.098937988281 263.745986938477 314.173049926758 415.535297393799 288.153091430664 297.306243896484 560.675186157227 416.601165771484 424.388919830322 290.752960205078 427.181529998779 559.627914428711 465.578353881836
629.538576126099 460.037811279297 351.986404418945 551.45166015625 414.038139343262 357.310493469238 608.258567810059 1109.61633300781 1072.25640106201 1283.52380371094 548.497518539429 584.981815338135 568.143222808838 632.213722229004 508.102273702621 594.587646484375 383.958709716797 467.202920913696 356.611999511719 559.541191101074 389.339340209961 448.501866340637 346.294639587402 380.861614227295 396.393726348877 478.687061309814 373.084794998169 312.563491821289 355.869468688965 293.687774658203 369.724102020264 369.338172912598 316.694007873535 335.51439666748 502.5126953125 383.53853225708 317.990921020508 341.827293395996 393.076568603516 414.653514862061 391.188842773438 319.551635742188 237.9169921875 316.725639343262 406.114429473877 520.713645935059 458.561420440674 447.209177017212 381.435485839844 490.698204040527
458.795654296875 370.942695617676 460.240921020508 572.450180053711 367.148696899414 289.426193237305 510.907089233398 786.49885559082 739.239227294922 652.759929656982 533.012830972672 435.584480285645 461.535083770752 385.458969116211 488.172880172729 514.850076675415 362.945304870605 340.594009399414 422.722171783447 392.554100036621 384.884552001953 414.870304107666 238.110488891602 386.179401397705 378.64624786377 476.284515380859 459.95682144165 555.022537231445 369.376098632812 369.326602935791 349.856140136719 338.511581420898 362.131843566895 443.955472946167 385.235488891602 359.395427703857 526.364326477051 454.683288574219 412.205284118652 416.552261352539 412.870021820068 406.403701782227 379.925548553467 452.935091018677 498.787433624268 579.537971496582 399.133232116699 316.533340454102 414.562294006348 457.67486000061
457.675811767578 567.357475280762 667.10132598877 574.557754516602 689.597546577454 462.200389862061 623.005493164062 656.848022460938 512.183959960938 565.144752502441 622.129806518555 404.125625610352 462.19319152832 581.927227020264 599.101043701172 512.641803741455 456.92803478241 415.203979492188 415.445922851562 398.477714538574 353.343818664551 414.257276535034 339.262893676758 313.618927001953 462.023815155029 401.190354347229 445.368083953857 564.273010253906 438.017566680908 322.39623260498 338.296035766602 425.871087566018 460.446699142456 348.891593933105 328.08618927002 305.947296142578 339.402770996094 298.138259887695 382.892185211182 419.164184570312 585.476821899414 470.188690185547 566.06551361084 540.970893859863 471.407978057861 516.898780822754 575.849548339844 434.785467147827 417.662618637085 426.397258758545
611.754760742188 527.52214050293 528.920310974121 630.102735519409 705.936144828796 525.461563110352 466.280067443848 586.03369140625 804.508533477783 1166.65836811066 546.377381324768 458.853591918945 511.097549438477 539.510517120361 556.90235042572 413.750541687012 414.599967956543 327.261436462402 353.793449401855 306.386871337891 342.85294342041 421.268135070801 381.394107818604 384.375667572021 494.329570770264 414.51496887207 396.593688488007 549.524154663086 543.967506408691 390.739604949951 427.293745994568 396.315280914307 329.58447265625 360.386631011963 254.694488525391 360.810390472412 537.976875305176 432.128902435303 438.116456985474 368.478004455566 534.430229187012 418.144950866699 515.822692871094 391.930107116699 413.101095199585 493.32368850708 531.225204467773 439.03383398056 524.717720031738 408.145530581474
872.332458496094 860.079002380371 788.946045398712 876.228073120117 546.759544372559 446.649703979492 582.420178890228 589.373126983643 686.798385620117 622.712142944336 482.531509399414 415.095985412598 512.674270629883 435.445182800293 411.861541748047 399.72819519043 288.324722290039 535.841934204102 487.340679168701 589.644073486328 487.796524047852 527.981628417969 491.116592407227 350.167892456055 420.73272228241 441.917140960693 255.274475097656 437.451406478882 428.290687769651 474.969623565674 278.954284667969 409.213743209839 525.700897216797 384.941343307495 457.510959625244 338.331268310547 397.774295806885 472.055438995361 427.145707130432 301.986602783203 522.16178894043 590.406448364258 351.36988067627 361.750854492188 290.812622070312 513.6904296875 518.30362701416 617.893737792969 511.017623901367 434.199884176254
535.283260345459 796.541786193848 731.83097076416 796.181259155273 456.647998809814 607.198379516602 618.079063415527 614.170722961426 640.855644226074 628.557121276855 617.833543777466 506.551968097687 465.545532226562 335.753540039062 431.81282043457 468.385968208313 425.536418914795 488.932292938232 564.847702026367 505.666084289551 453.534963607788 417.568953514099 543.174697875977 542.713333129883 450.180595397949 367.131217956543 386.856258392334 481.162879943848 504.139839172363 463.973014831543 374.392654418945 338.926902770996 433.861236572266 396.504089355469 348.650596618652 378.766151428223 332.99951171875 441.486408233643 446.131962299347 341.593070983887 374.4274559021 488.380661010742 448.074293136597 342.953392028809 301.129951477051 341.812110900879 374.546691894531 441.136017560959 516.153907775879 413.955467224121
