simdem/realisation51.asc
NCOLS 350 
NROWS 171 
XLLCORNER 152620 
YLLCORNER 418050 
CELLSIZE 100 
NODATA_value -9999 
[rows 110 to 131 of 171, columns 200 to 249 of 350]
-9999 -9999 -9999 815.093299865723 684.883558936417 513.467887878418 554.831344604492 799.496490478516 788.977182388306 1175.29461669922 645.718704223633 618.467613220215 632.500202178955 699.46750831604 661.655801773071 582.263816833496 682.049758911133 586.821170806885 547.270957946777 628.985937356949 656.323068618774 665.92964553833 690.004910469055 512.967903137207 475.586730957031 618.775932312012 753.824493408203 681.522074699402 694.719469070435 687.903573036194 568.177192687988 639.245716094971 657.261865615845 693.530149459839 734.509094238281 672.689172744751 724.694482803345 735.664266586304 541.460416793823 508.629291534424 596.111999511719 569.399711608887 619.773025512695 772.477867126465 1230.75729370117 837.35514831543 1180.37980651855 1351.18673706055 676.598934173584 899.273910522461
-9999 -9999 -9999 -9999 901.80485534668 741.376596450806 531.813385009766 654.194755554199 1035.42199707031 974.281745910645 762.23371887207 688.079921722412 863.440399169922 749.725322723389 793.488021850586 642.504267334938 601.302032470703 687.847270965576 686.405227661133 597.000335693359 581.774898529053 666.670433044434 1447.21600723267 597.687251091003 554.891288757324 645.179672241211 780.544082641602 805.705375671387 697.978713989258 517.889846801758 635.398218154907 689.005687713623 825.157669067383 772.52473449707 702.455753326416 684.74698638916 867.058525085449 766.660982131958 627.592367172241 626.916877746582 791.434095740318 556.130630493164 470.517471313477 924.895172119141 668.336761474609 890.445442199707 1220.80215454102 1071.92803955078 815.779846191406 852.647422790527
-9999 -9999 -9999 -9999 802.125577926636 807.829292297363 677.937211513519 873.422821044922 981.924896240234 767.341178894043 687.150192260742 623.26830291748 677.402645111084 717.887659072876 682.948040008545 513.782012939453 595.744125366211 709.010551452637 624.016377449036 709.310913085938 635.669460296631 787.62963104248 734.505310058594 552.421070098877 563.130081176758 653.861698150635 637.883834838867 697.437712669373 756.243873596191 680.842883110046 647.435115814209 697.762937545776 649.907957077026 898.20149230957 783.647354125977 731.732761383057 768.020088195801 723.326587677002 756.521202087402 781.078887939453 812.076778411865 565.161468505859 454.765991210938 892.360542297363 475.007186889648 895.144622802734 1156.82377624512 1059.16539764404 936.913475036621 910.296661376953
-9999 -9999 -9999 -9999 -9999 892.835235595703 714.148089408875 749.519409179688 906.286911010742 715.109760284424 1096.52275848389 464.236999511719 614.076400756836 587.690658569336 588.967208862305 565.460868835449 569.584487915039 707.075439453125 527.406402587891 699.428771972656 683.236137390137 1165.87474822998 584.159313201904 521.720863342285 525.63077545166 643.847257614136 631.494819641113 611.399696350098 605.337852478027 653.271396636963 582.387170791626 601.423599243164 671.648624420166 750.32837677002 776.567916870117 679.446733474731 766.947593688965 724.042530059814 747.78542137146 613.839645385742 728.133422851562 843.743999481201 863.996124267578 838.819246292114 821.262181758881 819.444151878357 991.311698913574 1370.84581756592 812.979537725449 963.033435821533
-9999 -9999 -9999 -9999 -9999 684.32991027832 676.400207519531 576.529724121094 591.19091796875 763.60884475708 995.32746887207 621.110412597656 743.401126861572 604.659439086914 596.332710266113 634.000793457031 632.168518066406 555.118713378906 498.646057128906 510.163604736328 1314.52095031738 727.416870117188 705.353199005127 729.853775024414 624.304474234581 782.84733581543 781.501892089844 649.967708587646 783.156311035156 668.665084838867 602.237533569336 601.851272583008 507.481811523438 705.230595588684 776.865928649902 777.390121459961 662.993444442749 710.691632270813 656.187759399414 727.612580776215 710.49592590332 830.03540802002 799.392245292664 713.06725692749 712.34644317627 736.851123809814 784.470026016235 820.199645996094 774.99084854126 788.453338623047
-9999 -9999 -9999 -9999 -9999 892.936518907547 719.60546875 653.363874435425 649.177987515926 841.524513244629 820.305473327637 822.281883239746 839.91487121582 474.960083007812 538.811645507812 602.558921813965 701.257846832275 563.188659667969 513.867233276367 1063.07539367676 499.853485107422 737.31063079834 765.738349914551 542.860382080078 655.57265663147 831.683181762695 783.821083068848 799.101425170898 685.16423034668 671.610403060913 736.567811965942 642.73482131958 551.225128173828 703.068643569946 704.771131515503 744.912889480591 668.19807100296 623.928379058838 595.147903442383 668.016166687012 556.982002258301 875.510008811951 769.209533691406 945.490016937256 718.903377532959 666.488967895508 736.627871513367 792.782875299454 845.007431030273 759.437522888184
-9999 -9999 -9999 -9999 -9999 -9999 878.004424929619 774.896087646484 725.024425506592 639.603607177734 779.11067199707 931.742652893066 699.945719718933 462.474166870117 543.741668701172 660.731132507324 564.572311401367 607.920440673828 566.308837890625 545.948806762695 546.155067443848 597.310028076172 702.874992370605 629.95463180542 754.29504686594 812.063098907471 621.190063476562 851.865493774414 785.770576477051 659.262287139893 634.643844604492 760.169639587402 635.403186798096 596.201049804688 821.133728027344 763.973793029785 778.592796325684 586.983032226562 550.572738647461 641.742866516113 790.031759262085 801.939705848694 667.265151977539 786.27702331543 1030.53179931641 955.482978820801 993.346229553223 961.853702545166 782.94287109375 1064.21527862549
-9999 -9999 -9999 -9999 -9999 -9999 736.27864074707 1128.19863891602 1201.3498916626 712.180000305176 549.985420227051 878.322929382324 1139.00902938843 855.388290405273 605.238082885742 502.987731933594 638.720100402832 598.894515991211 1168.84955215454 819.827880859375 595.260871887207 667.580748558044 622.094318389893 728.343574523926 878.584915161133 764.948020935059 660.260150909424 669.922313690186 602.720016479492 745.624057769775 765.066902160645 747.751428604126 679.410621643066 849.050521850586 893.956008911133 793.933929443359 881.317047119141 740.548877716064 626.712207794189 647.059364318848 666.449005126953 873.850814819336 771.432750701904 797.285533905029 594.094711303711 687.91820526123 711.765727996826 893.314353942871 1275.17080688477 896.40486907959
-9999 -9999 -9999 -9999 -9999 -9999 -9999 939.863924026489 837.825662612915 720.634399414062 552.107864379883 698.373252868652 779.026561737061 931.564008712769 803.007659912109 486.330291748047 551.522338867188 1302.44325256348 613.735984802246 844.747787475586 690.721720218658 633.617008209229 501.154098510742 640.966102600098 784.158773422241 702.350128173828 658.342891693115 1064.71913909912 836.109233856201 774.460938751698 755.758369445801 725.697677612305 472.488845825195 740.880416870117 687.385787963867 891.782241821289 844.594551086426 940.317337036133 1236.0271987915 703.299999237061 730.183700561523 618.589691162109 782.327498435974 637.877136230469 706.733810424805 770.527378082275 684.115211486816 720.833867549896 781.390453338623 865.03352355957
-9999 -9999 -9999 -9999 -9999 -9999 -9999 -9999 849.414077758789 869.164988517761 800.99556350708 603.566192626953 788.051364898682 760.095561504364 541.563629150391 431.738433837891 1348.34265136719 543.022186279297 580.831726074219 688.648468017578 771.063488006592 763.757541656494 706.46395111084 778.732912063599 766.412603378296 732.799381256104 731.160551071167 695.143001556396 877.431691169739 731.803352355957 615.872680664062 653.450751781464 627.329742431641 659.490341186523 735.832008361816 728.377883911133 917.459461212158 849.805305480957 1048.08917999268 1008.54060745239 743.194040298462 634.49585723877 656.998306274414 621.453804016113 729.304027557373 702.054372787476 592.203853607178 599.338571548462 735.754480987787 545.748073577881
-9999 -9999 -9999 -9999 -9999 -9999 -9999 -9999 -9999 1254.80882263184 1099.01058959961 1119.48961639404 445.216018676758 736.111820220947 630.174514770508 742.189992904663 763.558502197266 744.303508758545 604.771087646484 775.771574020386 840.214561462402 789.798706054688 717.999282836914 699.06689453125 681.826240539551 828.291867256165 532.47811126709 514.406902313232 580.277099609375 476.801666259766 570.69181060791 507.618602752686 441.673484802246 375.306091308594 768.906105041504 705.340118408203 845.037143707275 854.915189743042 1007.67891979218 978.821757316589 1099.30023574829 635.194976806641 762.933879852295 922.854522705078 730.753433227539 580.558738708496 678.238227844238 643.171966552734 563.879346847534 547.861988067627
-9999 -9999 -9999 -9999 -9999 -9999 -9999 -9999 -9999 -9999 817.472213745117 515.307540893555 434.994117736816 517.438781738281 523.409637451172 546.081497192383 582.571182250977 642.481231689453 779.035522460938 655.132545471191 458.218200683594 769.263439178467 729.735929489136 576.608917236328 969.03759765625 787.67582321167 461.954223632812 544.960861206055 640.633850097656 757.35022354126 692.522064208984 612.347297668457 449.59814453125 461.314865112305 656.515914916992 825.73083114624 885.757522583008 833.756767272949 939.217777252197 1022.19421386719 992.62882232666 605.358894348145 701.728471755981 986.541641235352 666.149730682373 815.464401245117 713.298149108887 628.676807403564 567.602123260498 537.048294067383
-9999 -9999 -9999 -9999 -9999 -9999 -9999 -9999 -9999 -9999 -9999 1122.28916931152 1145.91040039062 1037.70124816895 546.106819152832 555.63890838623 726.465673446655 646.061714172363 676.045822143555 664.012481689453 664.919052124023 768.043559074402 538.464111328125 557.764198303223 955.253555297852 633.742431640625 894.600490570068 932.060808181763 604.655517578125 762.253688812256 766.24097442627 825.783843994141 601.563522338867 481.352264404297 601.305435180664 669.277633666992 714.101760864258 816.454299926758 902.877368927002 916.877552032471 1060.38102722168 732.880414962769 877.388580322266 604.510843276978 703.935050964355 767.576614379883 831.268676757812 818.027717590332 582.556213378906 865.951614379883
-9999 -9999 -9999 -9999 -9999 -9999 -9999 -9999 -9999 -9999 -9999 -9999 1224.92105102539 1104.7268371582 522.968643188477 529.84419631958 600.279819488525 665.821028709412 614.914882659912 787.826988220215 617.521759033203 666.748763084412 592.737525939941 399.531524658203 628.790512084961 893.049674987793 762.41911315918 822.295013427734 788.749778747559 796.887756347656 844.487094402313 865.692537307739 627.392036437988 540.891479492188 663.260887145996 468.06591796875 772.784141540527 861.637296676636 901.640907287598 829.741074562073 900.91548538208 871.584749221802 897.79273223877 728.700050354004 685.643102645874 754.866455078125 838.229858398438 752.323371887207 763.996719360352 725.275089263916
-9999 -9999 -9999 -9999 -9999 -9999 -9999 -9999 -9999 -9999 -9999 -9999 -9999 -9999 675.556205749512 859.955253601074 615.363193511963 934.966125488281 555.541295528412 683.082534790039 613.464096069336 553.386569976807 476.896987915039 512.231185913086 720.635110855103 858.687690734863 808.058959960938 772.803386688232 969.280570983887 938.516387939453 793.968357086182 716.49153137207 708.628559112549 682.288475036621 595.587966918945 585.344343185425 827.417314529419 946.783906936646 783.766899108887 1038.21453285217 1168.96076202393 1189.91552734375 717.972755432129 657.65296459198 702.920986175537 685.207337856293 704.247772216797 780.416290283203 711.212420463562 748.723841667175
-9999 -9999 -9999 -9999 -9999 -9999 -9999 -9999 -9999 -9999 -9999 -9999 -9999 -9999 -9999 -9999 -9999 1055.9066734314 792.137832641602 842.046813964844 865.008323669434 790.970607757568 682.313957214355 675.204193115234 713.449432373047 746.376365661621 673.585645675659 568.875328063965 726.544456481934 868.630325317383 790.191520690918 733.801242828369 885.059150695801 832.351854324341 733.551774978638 536.606391906738 678.364910125732 878.965728759766 728.843887329102 518.979904174805 645.355110168457 1077.96748065948 695.474220275879 765.351528167725 654.739795684814 670.168140411377 756.461437225342 703.613075256348 671.634024620056 730.463150024414
-9999 -9999 -9999 -9999 -9999 -9999 -9999 -9999 -9999 -9999 -9999 -9999 -9999 -9999 -9999 -9999 -9999 -9999 -9999 -9999 921.041688919067 824.149028778076 752.854217529297 797.736839294434 885.796451106668 942.033657073975 834.751049041748 787.686500549316 802.554980754852 785.100942611694 779.879787445068 680.157081604004 589.939498901367 697.047653198242 801.530614852905 723.874984741211 721.698604106903 920.955101013184 778.288505554199 612.458499908447 746.676170349121 715.176536560059 626.662208557129 806.687168121338 821.166130065918 699.848363876343 643.52746963501 643.971927642822 746.932312011719 619.221611022949
-9999 -9999 -9999 -9999 -9999 -9999 -9999 -9999 -9999 -9999 -9999 -9999 -9999 -9999 -9999 -9999 -9999 -9999 -9999 -9999 -9999 -9999 -9999 -9999 -9999 847.023628234863 886.19022667408 792.167877197266 892.463380336761 820.905746459961 834.381469726562 925.296363830566 715.254072189331 580.368881225586 744.116981506348 736.906967163086 942.222965240479 764.445167541504 677.107795715332 538.311813354492 560.373435974121 1070.38465118408 703.326597213745 718.099187374115 598.175239562988 579.977577209473 693.042153477669 693.37788772583 771.637359619141 625.851936340332
-9999 -9999 -9999 -9999 -9999 -9999 -9999 -9999 -9999 -9999 -9999 -9999 -9999 -9999 -9999 -9999 -9999 -9999 -9999 -9999 -9999 -9999 -9999 -9999 -9999 -9999 -9999 -9999 -9999 945.003925323486 1013.83988952637 1020.72526550293 746.427665710449 692.146701812744 860.361778259277 866.941665649414 858.415338516235 849.91886138916 641.17366027832 576.42993927002 559.716857910156 595.081062316895 591.88793182373 677.44637298584 623.217636108398 606.38224029541 679.956687450409 725.116376876831 724.87234210968 732.683501243591
-9999 -9999 -9999 -9999 -9999 -9999 -9999 -9999 -9999 -9999 -9999 -9999 -9999 -9999 -9999 -9999 -9999 -9999 -9999 -9999 -9999 -9999 -9999 -9999 -9999 -9999 -9999 -9999 -9999 -9999 -9999 1054.15083312988 1007.51411437988 964.333557128906 922.381469726562 842.582244873047 904.866687774658 738.667472839355 724.466647386551 484.640510559082 798.402465820312 593.926681518555 726.84206199646 735.991735458374 638.130271911621 647.21496963501 639.494342803955 744.616884231567 703.864371299744 761.082715988159
-9999 -9999 -9999 -9999 -9999 -9999 -9999 -9999 -9999 -9999 -9999 -9999 -9999 -9999 -9999 -9999 -9999 -9999 -9999 -9999 -9999 -9999 -9999 -9999 -9999 -9999 -9999 -9999 -9999 -9999 -9999 -9999 743.632453918457 879.077711105347 890.625776290894 918.028762817383 802.798881530762 880.342384338379 641.3805809021 616.147834032774 920.113555908203 874.512176513672 766.215148925781 758.805690765381 704.778262376785 537.748825073242 591.239448547363 710.219236373901 724.510417938232 658.19677734375
-9999 -9999 -9999 -9999 -9999 -9999 -9999 -9999 -9999 -9999 -9999 -9999 -9999 -9999 -9999 -9999 -9999 -9999 -9999 -9999 -9999 -9999 -9999 -9999 -9999 -9999 -9999 -9999 -9999 -9999 -9999 -9999 -9999 783.326454162598 890.653281211853 785.483424186707 793.93212890625 933.644927978516 1093.36877441406 835.24723815918 918.794471740723 843.746810913086 802.95255279541 792.721961975098 716.311403274536 596.54370880127 722.486793518066 637.854244232178 814.223976135254 846.732009887695
