simdem/realisation75.asc
NCOLS 350 
NROWS 171 
XLLCORNER 152620 
YLLCORNER 418050 
CELLSIZE 100 
NODATA_value -9999 
[rows 88 to 109 of 171, columns 200 to 249 of 350]
668.419612884521 604.998733520508 602.623489379883 733.090438842773 681.731224060059 600.493709564209 689.765724182129 704.451622009277 610.318221569061 597.783199310303 657.323661804199 589.726142883301 567.743064880371 623.137573242188 575.083038330078 728.180122375488 735.057174682617 601.094268798828 763.458404541016 715.491626739502 744.519546508789 670.662875652313 547.843811035156 589.23796081543 673.460397720337 678.033224821091 598.180488586426 680.084919929504 790.279541015625 759.466987609863 621.155464172363 519.886749267578 662.822968125343 594.485504150391 519.866371154785 522.846710205078 585.044841766357 761.074249267578 794.929664611816 698.246738433838 718.932414531708 929.642761230469 948.603256225586 915.442481994629 699.839332580566 653.657390594482 779.472713470459 1000.55739593506 761.159255981445 848.546734809875
592.850967407227 677.071054458618 591.431106567383 611.851341247559 622.319721221924 607.232044219971 526.310409545898 513.908828735352 717.779609680176 715.067367553711 731.825149536133 646.843545913696 435.523803710938 542.37882232666 624.788688659668 598.331027984619 718.061042785645 676.206060409546 729.502941131592 688.622890472412 774.688270568848 598.582984924316 579.665664672852 570.921356201172 628.464008331299 758.761589050293 743.240104675293 675.019660774618 799.261627197266 743.859901428223 642.876185894012 612.962619781494 613.060348510742 659.443214416504 560.745452880859 608.467535018921 549.357692718506 689.081962585449 743.026782989502 789.441547393799 664.043556213379 843.9072265625 837.645156860352 856.400915145874 713.462799072266 661.631307244301 758.933554172516 943.325426101685 1079.52163124084 635.351959228516
485.98405456543 977.528106689453 623.786888122559 698.436624526978 643.176664352417 616.793426513672 555.878044128418 675.896486282349 660.838762283325 709.605548858643 662.19002532959 642.597270607948 605.90371131897 652.834247589111 710.289276123047 644.210404396057 666.128341674805 665.179128646851 701.055881500244 652.851246356964 845.02360534668 668.884732246399 711.216751098633 612.201084136963 726.205024719238 881.227233886719 900.657531738281 674.480164527893 660.721965789795 674.658953249454 617.518531799316 498.194091796875 661.43522644043 647.929576873779 480.676818847656 459.439178466797 594.664524078369 573.702072143555 772.388095855713 751.757404327393 800.450119018555 845.941062927246 897.162704467773 946.284164428711 734.44539642334 639.94771194458 621.997871398926 879.521190643311 1065.70112609863 842.480682611465
590.334964752197 425.509384155273 420.304916381836 539.276580810547 621.206600189209 732.645164489746 749.381118774414 670.164056777954 657.673427581787 773.231475830078 677.653051376343 751.892715454102 812.076248168945 637.50590133667 705.641250610352 597.413118362427 596.096252441406 716.924263000488 650.949736595154 744.462539672852 663.096803665161 678.683294296265 702.899042129517 841.990844726562 717.493497848511 643.659603118896 784.233180999756 668.126953125 827.780548095703 770.368469238281 747.45044708252 673.953552246094 466.115997314453 611.946359634399 591.753524780273 693.135898590088 657.88635969162 746.465797424316 686.846218109131 703.198822021484 670.15567779541 747.050065994263 883.633918762207 761.383239746094 638.253295898438 452.915573120117 773.292610168457 798.222148895264 977.123741149902 971.490783691406
384.307174682617 579.66003036499 483.951141357422 559.648838043213 780.011833190918 635.243101119995 625.422484397888 688.15442276001 654.61114692688 653.693905830383 830.268051147461 656.938709259033 826.831161499023 639.454473495483 713.034133911133 675.667541503906 808.732940673828 678.727540969849 667.481309890747 642.130771830678 548.047241210938 659.223285675049 680.937641143799 834.923080444336 650.745223999023 667.082214355469 715.205371856689 626.940086364746 650.637102127075 869.662734985352 673.545906066895 742.3111743927 534.5615234375 624.701992034912 587.095008850098 637.105880737305 678.638868331909 670.75529396534 544.288261413574 619.887046813965 622.098081588745 837.648399353027 609.592155456543 609.14323425293 568.396156311035 533.620475769043 659.943000793457 755.554616451263 989.751312255859 1032.50390625
558.996028900146 483.944641113281 709.129692077637 570.693771362305 561.753995895386 1037.09808540344 662.138412475586 710.696022033691 682.056713104248 689.76530456543 604.096500396729 741.59245300293 717.85173034668 618.825809001923 545.05436706543 709.245933532715 779.777008056641 762.921524047852 765.878952026367 666.063274383545 610.560474395752 689.692726135254 797.862075805664 718.101984977722 687.080623626709 706.485481262207 739.869033336639 721.734062194824 660.531347513199 746.719146728516 687.996555328369 681.066366195679 626.840606689453 685.476692199707 769.877460479736 773.904788970947 617.589141845703 678.179853439331 695.669794082642 652.040149688721 598.164875030518 596.21791267395 577.834424972534 601.789863586426 530.316543579102 563.741424560547 785.55940246582 786.780524253845 832.890943527222 814.025447368622
720.804832458496 686.099889755249 837.551826477051 781.547035217285 653.590362548828 729.937835693359 861.352741241455 667.524406433105 766.894355773926 615.577808380127 569.9118309021 678.85657119751 644.915279388428 659.880661010742 476.89567565918 609.349273204803 685.05041885376 631.584439277649 552.033966064453 556.559860229492 749.38215637207 782.514373779297 606.033107757568 834.212839126587 659.982200622559 752.539728164673 625.334754943848 641.326011657715 650.775938034058 630.135465621948 552.961952209473 677.489196777344 728.04665184021 719.216377258301 791.714275360107 732.054100036621 659.24878692627 707.23685836792 684.065040588379 565.983917236328 483.231750488281 607.601119995117 567.136924743652 579.521667480469 661.544967651367 722.233484268188 655.821069717407 605.222660064697 731.680067062378 757.037189483643
569.142669677734 634.405876636505 781.293426513672 851.544898986816 711.686937332153 723.061332702637 844.590789794922 666.796529769897 715.135669708252 687.993240356445 618.116004943848 621.221702575684 574.491287231445 565.46573638916 516.671615600586 584.304744720459 545.111522674561 601.671936035156 665.388236999512 635.689800262451 734.361797332764 738.37833404541 561.307281494141 525.091705322266 653.441299438477 632.844291687012 767.973129272461 625.577941894531 572.417686462402 642.210523605347 649.537582397461 770.277275085449 758.788276672363 642.377170562744 722.535552978516 735.193077087402 869.350238800049 598.35311126709 707.681473731995 672.826900482178 614.749946594238 558.558044433594 733.594356060028 865.754898071289 924.152313232422 907.141754150391 667.514530181885 635.994804382324 624.525329589844 796.359298706055
587.82544708252 594.963718414307 807.041946411133 878.480606079102 702.309391021729 644.883731842041 640.454511642456 709.190539956093 722.408435821533 665.718923568726 591.827186584473 593.753837585449 457.782379150391 607.078498840332 538.442390441895 560.707695007324 672.405765533447 541.280563354492 660.467713356018 614.971248626709 669.627957344055 718.639801025391 701.540864944458 635.491874694824 653.056667327881 660.604244232178 732.20703125 797.06128692627 620.460777282715 709.67969417572 839.887359619141 831.722702026367 783.902603149414 796.009269714355 595.410835266113 810.669855117798 842.626651763916 626.977165222168 616.220764160156 765.633407592773 759.793746948242 784.632678985596 714.828691005707 625.66471862793 697.000537872314 675.924049377441 698.598072528839 553.082550048828 662.925430297852 744.763339996338
327.246627807617 688.930479049683 721.043960571289 796.932590484619 882.326148986816 724.278762102127 618.44314956665 1064.65408325195 616.285174131393 732.740524291992 708.139232635498 449.261001586914 510.502990722656 567.082160949707 595.020008087158 505.559143066406 613.44149684906 645.34446144104 563.063377380371 755.092323303223 643.195499420166 744.496894836426 747.373107910156 721.562526702881 691.26441192627 755.133213043213 629.318227767944 648.03803062439 562.427658081055 555.657402038574 717.010208129883 818.303421020508 747.476943969727 769.108848571777 736.016189575195 601.057624816895 645.736640930176 662.893898010254 594.28296661377 653.204334259033 663.185073852539 651.683780670166 678.896194458008 650.559852600098 812.230575561523 577.105331420898 612.876083374023 641.430610656738 777.49430847168 671.683441162109
657.839691162109 548.01544380188 649.830589294434 691.309543609619 669.562019348145 748.69250869751 593.033737182617 553.111885070801 665.636783599854 776.027145385742 658.897340774536 696.589687347412 606.070320129395 607.744155883789 715.0400390625 584.970970153809 671.713268280029 669.855052947998 744.500411987305 711.244598388672 695.367584228516 785.671020507812 739.253242492676 721.449333190918 754.048198699951 787.938865661621 828.992523193359 612.228286743164 513.349395751953 660.916240692139 790.159454345703 776.598945617676 781.227905273438 703.89623260498 716.897495269775 708.811656951904 621.989965438843 565.779808044434 580.765686035156 592.94815826416 523.68376159668 491.693862915039 654.554927825928 683.812109947205 753.268174171448 734.508415222168 643.41300201416 981.119491577148 850.325424194336 796.200103282928
824.698285341263 444.69563293457 584.643478393555 814.249641418457 818.393257141113 780.801079750061 678.462696075439 701.742065429688 798.675643920898 654.389719009399 540.092216491699 490.225601196289 538.352729797363 615.959632873535 806.147315979004 646.952553033829 600.591510772705 653.963556289673 585.733665466309 630.245111465454 742.813598632812 555.378486633301 609.440532684326 619.004077911377 620.733768463135 693.632987976074 944.843315124512 723.69677734375 575.011512756348 650.652847290039 572.781890869141 636.442626953125 618.946758270264 675.438062667847 692.804958343506 746.271190643311 735.73646736145 608.635322570801 674.717747688293 778.386985778809 713.267433166504 684.802276611328 620.279914855957 498.843246459961 656.205642700195 661.33080291748 781.765579223633 1220.56762695312 1012.7793674469 1107.66683197021
808.442803382874 694.6630859375 643.878196716309 727.554294586182 771.00018119812 743.331518173218 700.108097076416 716.729181289673 674.883235931396 622.481369018555 481.649353027344 613.516651153564 567.029067993164 596.50431060791 751.431524276733 631.145042419434 627.402976989746 571.920288085938 501.492279052734 610.633693695068 712.585926055908 602.079544067383 653.310340881348 894.947932243347 760.474067687988 571.321136474609 1048.85055065155 664.885864257812 904.875679016113 1207.52629089355 1111.62528991699 675.492301940918 619.417526245117 404.609130859375 619.828186035156 858.601486206055 1000.7175514698 616.295211791992 793.092544555664 715.775022506714 727.96865940094 678.863342285156 755.724838256836 633.54443359375 908.751368045807 971.811706542969 1128.1543006897 861.347800254822 966.504861831665 763.578720092773
866.34252166748 730.106954574585 679.12357711792 770.091760635376 774.0260181427 779.516510009766 823.015556335449 748.555032730103 674.007164001465 977.399967193604 579.115463256836 705.317699432373 616.668197631836 655.893239974976 784.315338134766 741.0797996521 730.380966186523 677.390066146851 538.303436279297 588.428859710693 771.636711120605 697.715358734131 642.229339599609 741.745454788208 590.799603462219 697.517143249512 637.154132843018 422.868499755859 632.613571166992 656.447509765625 597.367240905762 668.37296295166 550.061477661133 1125.2257232666 770.133666992188 861.751670837402 1151.92807006836 990.654388427734 626.119781494141 779.515663146973 866.990417480469 595.971824645996 836.815101623535 754.053645372391 753.45320892334 882.408164024353 966.349159240723 1066.61199188232 1447.90901565552 753.168496847153
775.287189483643 910.665107727051 728.700784683228 646.154109239578 746.050664901733 778.409214019775 787.855260848999 825.678392410278 763.977058410645 734.247577667236 1022.72694396973 745.867362976074 651.48397064209 697.822525024414 760.516178131104 699.960230350494 732.669345855713 625.26805305481 601.199562072754 579.334648132324 696.833534240723 787.526718139648 762.220024108887 649.269582748413 544.007537841797 668.084432601929 661.345767617226 635.1907081604 534.312896728516 483.157257080078 586.256820678711 487.338333129883 421.963821411133 391.867095947266 710.951549530029 604.715354919434 601.703598022461 1015.57311248779 616.109771728516 515.017135620117 493.322235107422 547.32551574707 1129.00408172607 598.931594848633 1101.77928161621 802.633644104004 813.198707580566 1028.26647186279 882.576736450195 627.250717163086
713.44206905365 980.411605834961 827.103385925293 694.107303619385 699.780055999756 740.693382263184 870.832023620605 782.718843460083 890.915634155273 736.773002624512 681.288887023926 1013.70977020264 716.14070892334 703.770030975342 689.394376754761 773.496726989746 654.507301092148 721.098539352417 602.374015808105 512.649765014648 635.739644050598 587.038605213165 524.51070022583 517.83772277832 826.512285232544 568.708702087402 570.746040344238 579.487731933594 465.135162353516 516.893829345703 609.502338409424 532.872482299805 598.439392089844 506.47492980957 768.639198303223 554.281105041504 1001.02996826172 1002.21496391296 773.693771362305 573.458374023438 523.186187744141 476.16975402832 953.799659729004 659.582885742188 844.205703735352 927.743675231934 629.674560546875 954.565811157227 633.577926635742 1236.78637695312
-9999 801.768737792969 843.257354736328 699.169929504395 713.030498504639 838.766944885254 890.19075012207 866.221961975098 771.879428863525 677.025775909424 810.584117889404 1084.89458489418 725.394691467285 621.855596542358 679.694961547852 592.881074905396 601.072063446045 565.798580169678 506.109069824219 509.461936950684 535.117530822754 755.749176025391 643.786898612976 935.034923553467 919.067451477051 549.666397094727 598.944637298584 401.612915039062 601.275939941406 645.343450546265 595.46985244751 579.200775146484 703.074028015137 678.697497367859 1018.44112253189 628.231136322021 597.744766235352 575.967712402344 654.533180236816 564.489318847656 579.614776611328 612.166069030762 623.369338989258 608.57942199707 616.699722290039 895.093368530273 697.474308013916 810.145273208618 660.771507263184 820.487251281738
-9999 835.315010070801 802.553092956543 669.844081878662 738.33177947998 783.9973487854 839.036460876465 839.957244873047 919.367332458496 836.883895874023 1004.32347106934 744.167768478394 721.03634262085 759.163223266602 716.899169921875 667.213115692139 693.900001525879 594.505195617676 653.387935638428 733.406448364258 799.137405395508 829.316390991211 792.321586608887 589.177303314209 859.189971923828 494.120025634766 749.243911743164 597.551330566406 432.98779296875 554.646919250488 428.143325805664 687.974647521973 748.394668579102 715.639930725098 1141.37094116211 615.522752761841 560.556831359863 535.503067016602 703.525100708008 720.740962982178 626.488075256348 553.60693359375 574.212554931641 630.135452270508 542.743438720703 519.19482421875 868.534606933594 808.612777709961 587.712753295898 558.872207641602
-9999 -9999 747.886779785156 756.178756713867 757.714782714844 894.381591796875 846.839683532715 764.175030708313 808.496706962585 870.476978302002 783.691602706909 706.2746925354 550.257553100586 680.374237060547 656.020909070969 541.187030792236 647.537391662598 431.653282165527 584.378273010254 599.96561050415 609.355323791504 648.49959564209 700.911231994629 557.620670318604 643.187900543213 582.426467895508 692.088642120361 492.271118164062 592.09627532959 575.741073608398 689.224027633667 593.038497924805 625.599431991577 645.188914299011 700.95906829834 695.780433654785 765.536666870117 620.205978393555 578.582054138184 668.442701339722 497.088302612305 597.397491455078 600.525009155273 575.729736328125 714.660045623779 768.352743148804 739.025226593018 760.782388687134 792.973037719727 585.787445068359
-9999 -9999 945.232223510742 996.567039489746 713.258869171143 687.439067840576 840.844062805176 849.237503051758 660.033584594727 705.931144714355 978.839027404785 622.832767486572 624.649921417236 639.638720989227 653.337841033936 640.589164733887 595.996696472168 617.621524810791 573.915813446045 509.450439453125 588.248455047607 524.99626159668 595.479824066162 644.34761428833 499.730079650879 681.296989440918 639.22741317749 591.74250793457 584.916732788086 658.682048797607 655.321449756622 692.83740234375 631.059139251709 508.7548828125 404.446975708008 635.515558242798 692.345024108887 719.970245361328 620.681106567383 546.268447875977 730.041412353516 753.147323608398 775.245712280273 733.478622436523 723.807357788086 929.623820543289 936.144409179688 985.439651489258 974.294284820557 795.039619445801
-9999 -9999 -9999 831.637428283691 581.815330505371 664.477073907852 870.474342346191 890.563110351562 770.343180656433 608.347770690918 488.480285644531 635.645832061768 684.982624053955 545.954887390137 679.369968414307 680.867992401123 378.613052368164 589.873199462891 639.123069763184 755.360855102539 726.063659667969 659.017387390137 531.299081802368 1372.87181472778 449.526596069336 666.826075077057 611.30933380127 671.617701530457 671.158724308014 613.52799987793 804.639659881592 619.919826507568 545.204956054688 608.507026672363 558.043441772461 747.580192565918 618.6494140625 677.879432678223 575.107162475586 535.460472106934 775.636737823486 619.256561279297 809.126068115234 720.471290588379 498.696472167969 727.253173828125 713.326866149902 726.201200962067 850.459075927734 1178.31165671349
-9999 -9999 -9999 658.225818634033 615.385831356049 742.552055358887 821.827095031738 816.931407928467 849.001625061035 1091.59258651733 624.198303222656 672.698207855225 729.372680664062 686.211194992065 582.341995239258 693.677131652832 647.822692871094 769.21208190918 836.306243896484 839.054077148438 679.203678131104 607.971470832825 638.135368347168 763.427597045898 442.87776184082 390.092803955078 487.426635742188 645.798265457153 496.015563964844 596.30396270752 620.370742797852 551.099479675293 703.45556640625 633.9250831604 679.073068618774 1048.30211639404 530.326263427734 712.100536346436 653.961101531982 623.607959747314 684.342947006226 653.620376586914 601.414535522461 711.483306884766 699.486389160156 1143.58358764648 874.289703369141 968.203826904297 1218.18070983887 935.013614654541
