simdem/realisation88.asc
NCOLS 350 
NROWS 171 
XLLCORNER 152620 
YLLCORNER 418050 
CELLSIZE 100 
NODATA_value -9999 
[rows 0 to 21 of 171, columns 100 to 149 of 350]
-9999 -9999 -9999 -9999 -9999 -9999 -9999 -9999 -9999 -9999 -9999 -9999 -9999 -9999 -9999 -9999 -9999 -9999 -9999 -9999 -9999 -9999 -9999 -9999 -9999 -9999 -9999 -9999 -9999 -9999 -9999 -9999 -9999 -9999 -9999 -9999 -9999 -9999 -9999 -9999 -9999 -9999 -9999 -9999 -9999 -9999 660.211994171143 710.262447357178 764.176719665527 519.132461547852
-9999 -9999 -9999 -9999 -9999 -9999 -9999 -9999 -9999 -9999 -9999 -9999 -9999 -9999 -9999 -9999 -9999 -9999 -9999 -9999 -9999 -9999 -9999 -9999 -9999 -9999 -9999 -9999 -9999 -9999 -9999 -9999 -9999 -9999 -9999 -9999 -9999 -9999 -9999 -9999 610.905654907227 755.181047439575 682.940544128418 731.183238983154 535.26286315918 677.773815155029 690.312070846558 658.188830375671 411.657440185547 431.651832580566
-9999 -9999 -9999 -9999 -9999 -9999 -9999 -9999 -9999 -9999 -9999 -9999 -9999 -9999 -9999 -9999 -9999 -9999 -9999 -9999 -9999 -9999 -9999 -9999 -9999 -9999 -9999 -9999 -9999 -9999 -9999 -9999 -9999 -9999 -9999 -9999 -9999 721.943729400635 807.943962097168 636.489753723145 458.99348449707 603.999984741211 625.579650878906 718.008411407471 629.901681900024 610.056194782257 592.403497695923 649.134834289551 560.412592411041 397.072166442871
-9999 -9999 -9999 -9999 -9999 -9999 -9999 -9999 -9999 -9999 -9999 -9999 -9999 -9999 -9999 -9999 -9999 -9999 -9999 -9999 -9999 -9999 -9999 -9999 -9999 -9999 -9999 -9999 -9999 -9999 -9999 -9999 -9999 -9999 658.548965454102 848.778274536133 712.2998046875 725.055503845215 692.8551902771 610.974704742432 410.057830810547 521.67854309082 595.245231628418 545.412322998047 655.017726898193 641.07469367981 695.990310668945 707.010238647461 648.159545898438 560.041347503662
-9999 -9999 -9999 -9999 -9999 -9999 -9999 -9999 -9999 -9999 -9999 -9999 -9999 -9999 -9999 -9999 -9999 -9999 -9999 -9999 -9999 -9999 -9999 -9999 -9999 -9999 -9999 -9999 -9999 -9999 -9999 -9999 790.56063079834 656.947608947754 529.465385437012 615.517684936523 705.857506513596 614.402061462402 592.189872741699 572.512222290039 498.082588195801 790.275009155273 787.235633850098 625.456394195557 709.226414680481 660.041191101074 690.37335395813 638.147827148438 692.742691040039 664.89737701416
-9999 -9999 -9999 -9999 -9999 -9999 -9999 -9999 -9999 -9999 -9999 -9999 -9999 -9999 -9999 -9999 -9999 -9999 -9999 -9999 -9999 -9999 -9999 -9999 -9999 -9999 -9999 -9999 -9999 -9999 486.337341308594 734.999252319336 536.036865234375 629.648830413818 571.191289901733 627.657608032227 665.007587432861 741.759628295898 720.176330566406 555.707672119141 518.554977416992 674.857585906982 676.758882045746 830.1409034729 825.334352493286 791.026841163635 832.453414916992 899.881385803223 805.099492073059 691.738945007324
-9999 -9999 -9999 -9999 -9999 -9999 -9999 -9999 -9999 -9999 -9999 -9999 -9999 -9999 -9999 -9999 -9999 -9999 -9999 -9999 -9999 -9999 -9999 -9999 -9999 -9999 -9999 625.667560577393 571.607955932617 620.737255096436 604.824596405029 580.061398744583 596.525848567486 651.798892974854 571.213003158569 543.922866821289 712.175093650818 713.055112838745 582.612701416016 733.694995880127 723.129554748535 677.090286254883 859.534942626953 952.15202331543 666.472503662109 753.000602722168 1012.93328881264 955.845306396484 964.07021522522 1006.5597782135
-9999 -9999 -9999 -9999 -9999 -9999 -9999 -9999 -9999 -9999 -9999 -9999 -9999 -9999 -9999 -9999 -9999 -9999 -9999 -9999 -9999 -9999 -9999 -9999 765.217628479004 789.448188781738 559.620391845703 544.01965713501 534.435737609863 588.974242210388 540.637851715088 527.232223510742 539.79052734375 418.768432617188 700.629150390625 708.982009887695 618.937740325928 694.840221405029 593.63126373291 880.773239135742 829.610647201538 683.989135742188 843.768955230713 904.525673627853 875.348205566406 1166.55075073242 1127.45645141602 1099.17095565796 975.708614349365 1168.41042757034
-9999 -9999 -9999 -9999 -9999 -9999 -9999 -9999 -9999 -9999 -9999 -9999 -9999 -9999 -9999 -9999 -9999 -9999 -9999 -9999 -9999 -9999 778.303787231445 684.411659240723 635.262128829956 712.737487792969 540.286499023438 515.143775939941 454.576164245605 456.510475158691 539.372325897217 634.179462432861 418.769775390625 432.236663818359 606.830483436584 609.095932006836 621.845581054688 739.686563491821 738.500558853149 827.126865386963 908.827369689941 740.344058990479 862.199157714844 759.202667236328 700.878694534302 1113.31941986084 867.515243530273 900.329696655273 813.594741821289 583.614486694336
-9999 -9999 -9999 -9999 -9999 -9999 -9999 -9999 -9999 -9999 -9999 -9999 -9999 -9999 -9999 -9999 -9999 -9999 -9999 965.228820800781 607.818557739258 689.692699432373 500.196075439453 495.573944091797 465.468284606934 517.551377058029 564.431491851807 459.55583190918 373.138031005859 349.232269287109 465.547760009766 541.588634490967 462.313217163086 371.01220703125 507.211029052734 557.246337890625 638.110340118408 690.462966918945 693.33959197998 666.402854919434 584.241424560547 556.422866821289 611.704452514648 704.204895019531 657.483856201172 696.890223503113 706.279835700989 834.262725830078 831.586631774902 751.203125
-9999 -9999 -9999 -9999 -9999 -9999 -9999 -9999 -9999 -9999 -9999 -9999 -9999 -9999 -9999 -9999 -9999 1123.61610031128 971.112327575684 941.478698730469 545.058265686035 546.034873962402 431.164489746094 492.180099487305 458.764404296875 618.514335632324 678.846525967121 589.422286987305 453.873199462891 655.533243179321 680.489732950926 517.984130859375 420.569396972656 343.875091552734 354.620223999023 400.401763916016 514.126991271973 560.030952453613 568.369094848633 586.644500732422 625.316097259521 551.003982543945 537.718017578125 570.291473388672 667.524153709412 692.814919710159 728.143642425537 789.171661376953 772.91153717041 644.333622932434
-9999 -9999 -9999 -9999 -9999 -9999 -9999 -9999 -9999 -9999 -9999 -9999 -9999 -9999 571.438968658447 800.006530761719 789.826057434082 974.641440391541 861.149429321289 956.755126953125 938.445533752441 421.732650756836 534.796085357666 611.693362236023 619.53955078125 601.984817504883 669.811068534851 576.628837585449 469.476135253906 532.233139038086 635.19176864624 443.232879638672 503.835731506348 559.381554603577 493.066192626953 482.548233032227 505.937549591064 573.757621765137 641.178761482239 772.780502319336 599.527336120605 483.357025146484 710.339488983154 643.951137542725 525.253646850586 574.736381530762 788.737297058105 690.00617980957 685.897771835327 614.371082305908
-9999 -9999 -9999 -9999 -9999 -9999 -9999 -9999 -9999 -9999 -9999 -9999 804.256526947021 694.686042785645 628.48477268219 688.714237213135 545.325439453125 703.211196899414 895.738754272461 1012.14583396912 860.626983642578 477.561790466309 591.706287384033 488.578010559082 725.837413787842 770.883533000946 801.807273864746 763.302513122559 637.966770172119 662.381240844727 531.405849456787 474.56031036377 333.381767272949 484.596412658691 415.339752197266 455.521865844727 513.643436431885 606.608520507812 517.963287353516 654.315366744995 735.623359680176 520.197875976562 564.390434265137 564.240646362305 621.343753814697 790.789764404297 723.024429321289 696.732898712158 704.831462860107 492.045181274414
-9999 -9999 -9999 -9999 -9999 -9999 -9999 -9999 -9999 -9999 843.267539978027 838.502696990967 730.475898742676 660.621162414551 629.99434530735 456.374267578125 499.169410705566 636.585369110107 642.03821182251 555.251201629639 482.373107910156 595.339458942413 446.646423339844 595.477714538574 640.600471496582 671.844116210938 863.86003112793 752.159112930298 732.161823272705 455.653778076172 494.269622802734 478.574314117432 226.325180053711 420.850770950317 500.251052856445 599.438928604126 657.711044311523 608.248275756836 512.390518188477 578.867538452148 622.315425872803 538.963989257812 498.550964355469 661.915904998779 778.871223449707 819.819198608398 589.486656188965 653.379568338394 528.744827270508 673.783737182617
713.701499938965 711.078521728516 715.506072998047 678.670505523682 688.485523223877 481.749359130859 436.98755645752 591.748886108398 594.948425292969 438.060320854187 734.646961212158 714.153871536255 618.614770889282 503.006507873535 528.971138000488 407.547775268555 517.836044311523 618.430686950684 542.067569732666 490.901817321777 507.559692382812 619.224365234375 604.642158508301 642.992034912109 557.147064208984 603.996925354004 629.60237121582 686.164361953735 748.90291595459 631.239177703857 445.051452636719 569.001138687134 473.21443939209 365.207015991211 562.82618522644 636.742084503174 683.595199584961 576.342365264893 585.102149963379 704.94251537323 683.250589370728 654.052316367626 477.870010375977 601.317897796631 614.248210906982 625.619537353516 578.982448577881 633.087272644043 613.863842010498 682.838319778442
671.610845565796 762.388085365295 673.50553894043 538.252700805664 564.62279510498 239.100219726562 228.532196044922 344.123962402344 319.468276977539 387.183441162109 665.190658569336 658.500127792358 601.595405578613 647.095407485962 649.354475021362 602.755855560303 491.072006225586 574.047929763794 444.129364013672 657.4748878479 639.627376556396 691.888196468353 661.058055877686 832.384948730469 616.117442131042 472.643966674805 679.089683532715 598.889503479004 611.173820495605 519.778511047363 549.105690002441 577.233276367188 586.370632171631 556.02522277832 665.412452697754 796.623382568359 752.927032470703 588.044364929199 669.890960693359 609.001453399658 721.586799621582 676.929752349854 515.275733947754 670.720386505127 624.602416992188 1135.8505859375 902.336315155029 833.533065795898 596.811346054077 616.185611724854
547.71378326416 502.755416870117 603.710380554199 605.90177154541 516.770202636719 369.282836914062 321.292617797852 416.682624816895 298.178329467773 600.770561218262 539.188514709473 446.279775619507 410.053825378418 659.908437728882 566.970825195312 636.547775268555 725.699606895447 658.610122680664 770.958917617798 745.575805664062 622.297462463379 1061.64977264404 591.762184143066 721.005752563477 620.927921772003 682.768859863281 643.492485046387 826.01815032959 548.882270812988 672.6184425354 672.555437088013 679.199102401733 798.829650878906 973.150375366211 714.856452941895 783.019836425781 804.852035522461 538.352127075195 621.313760757446 731.863288879395 754.153961181641 786.746353149414 848.590679168701 887.40879547596 734.606597900391 697.093228340149 651.70890045166 760.124786376953 652.153329849243 535.306312561035
483.505249023438 564.785301208496 659.166412830353 502.693328857422 650.954643249512 721.497627258301 696.099426269531 996.433837890625 561.197101593018 538.482055664062 381.572052001953 323.465423583984 552.303943634033 634.57048034668 726.175582885742 636.317100524902 777.077716827393 913.010063171387 497.696853637695 783.63809967041 748.908298492432 781.495441436768 612.714941501617 737.315048217773 735.787097930908 647.626129150391 711.866012573242 778.967231750488 660.782531738281 680.358642578125 632.622337341309 748.909004211426 711.120254516602 755.451278686523 700.300392150879 1130.38269805908 545.491630554199 411.379211425781 635.406844139099 629.004350662231 1306.61827087402 708.45386505127 629.943085670471 624.449209213257 522.956695556641 767.060638427734 866.692047119141 607.839984893799 693.852821350098 594.570062637329
621.915065765381 560.062698364258 1009.22707366943 531.306564331055 681.374450683594 589.852767944336 735.849632263184 823.807434082031 513.505760192871 608.452575683594 641.896446228027 739.945552825928 657.495512008667 787.699451446533 635.912467956543 779.125946044922 862.300979614258 771.222328186035 619.322635650635 751.121894836426 572.059616088867 699.48649597168 648.971349716187 620.429275512695 530.519246101379 565.913143157959 569.434238433838 606.505950927734 1226.60709381104 1108.83329772949 755.080917358398 809.356073558331 1091.46422195435 1179.99981689453 634.744827270508 1189.32104492188 797.528839111328 706.947189331055 621.540426254272 536.507171630859 577.609656095505 569.919414520264 649.841915130615 530.848686218262 550.948265075684 651.492715835571 706.011089324951 604.27195930481 756.634414672852 715.132461547852
852.323379516602 710.374282836914 1109.07331848145 584.778411865234 747.559722900391 766.076297998428 883.285148620605 1100.63394165039 961.880801200867 610.660133361816 846.216751098633 1005.37977790833 978.935688018799 910.901893615723 662.172187805176 1394.1471862793 711.209197998047 729.731410980225 574.355191230774 855.205413818359 671.640655517578 638.988502502441 478.635192871094 528.73616027832 1322.75525856018 1086.80902862549 694.675186157227 722.93285369873 690.511810302734 735.939102172852 553.813907146454 633.323108673096 455.812026977539 573.256732940674 576.420547485352 1032.7216796875 480.833786010742 589.79615020752 611.869972229004 644.450678825378 608.842376708984 583.537034988403 705.443729400635 572.271011352539 573.951526641846 480.628982543945 578.364498138428 670.589584350586 707.705894470215 548.011085510254
747.71422958374 666.547218322754 519.073371887207 570.086433410645 481.036972045898 655.08667755127 786.453460693359 482.838363647461 851.503601074219 496.946273803711 462.060577392578 911.635559082031 707.675115585327 1103.72187805176 1132.01571273804 1189.2088432312 1251.36467933655 1284.45352172852 646.683408737183 501.107528686523 781.524932861328 298.542022705078 1063.69876098633 446.348846435547 444.028305053711 1140.16705322266 511.921333312988 654.22251033783 685.392272949219 744.462966918945 608.738330841064 582.532331943512 525.194702148438 592.908142089844 590.141006469727 654.202163696289 461.038360595703 772.899467468262 613.054428100586 694.438533782959 637.250522613525 829.745567321777 775.055618286133 669.982620239258 518.248794555664 669.876377105713 676.224025726318 676.98021697998 688.185157775879 576.801057815552
540.148307800293 637.478881835938 385.950347900391 473.347045898438 671.880104064941 995.266159057617 662.450931549072 751.386199951172 613.738151550293 503.314514160156 500.417022705078 706.598083496094 498.831939697266 744.026859283447 567.156970977783 2440.77459716797 1145.16091918945 678.6904296875 509.721725463867 776.048110961914 846.640106201172 549.170051574707 460.726928710938 794.899322509766 968.154693603516 1572.25734710693 950.38062286377 647.68896484375 651.517578125 660.3916015625 556.577243804932 696.846153259277 554.751262664795 678.684993743896 669.716526031494 582.60591506958 697.264701843262 596.97102355957 607.110778808594 638.705289840698 722.755172729492 764.964233398438 697.127521514893 701.320289611816 634.370532035828 736.844459533691 581.308937072754 499.457595825195 672.340797424316 535.369064331055
