simdem/realisation57.asc
NCOLS 350 
NROWS 171 
XLLCORNER 152620 
YLLCORNER 418050 
CELLSIZE 100 
NODATA_value -9999 
[rows 132 to 153 of 171, columns 300 to 349 of 350]
923.892360508442 1134.55909729004 1578.27168998122 1192.99383544922 963.028476715088 1108.57174682617 1647.24920654297 1425.69258117676 1111.46071624756 1305.22490692139 1290.03458404541 1233.41254043579 999.44172668457 1221.79881286621 1372.94493532181 986.703594207764 1045.02396011353 1018.56275939941 1206.10147094727 1038.10992431641 992.092346191406 869.475299835205 802.700977325439 825.880155563354 857.918478965759 935.41918182373 977.964584350586 916.488353729248 942.04724407196 891.251749992371 836.304998397827 781.488471984863 747.627838134766 800.723190307617 -9999 -9999 -9999 -9999 -9999 -9999 -9999 -9999 -9999 -9999 -9999 -9999 -9999 -9999 -9999 -9999
755.243858337402 952.740798950195 944.287395477295 1425.67126464844 1197.17904663086 1197.8759765625 1673.68743896484 1874.60317993164 1338.43017578125 1199.83257293701 1294.43701171875 1470.54098510742 1050.17115020752 1020.78455352783 1551.08993530273 1898.05445861816 1775.49240112305 2314.39144897461 2019.93463134766 1580.45291137695 1578.73447036743 775.752548217773 812.897483825684 763.857597351074 929.085609436035 892.00471496582 802.704306602478 880.962902069092 1099.57788085938 924.858699202538 957.352546691895 895.099941253662 929.3388671875 931.106067657471 -9999 -9999 -9999 -9999 -9999 -9999 -9999 -9999 -9999 -9999 -9999 -9999 -9999 -9999 -9999 -9999
816.474967956543 825.087169647217 877.680526733398 1036.208984375 1047.70779037476 1051.05793380737 1348.17991638184 1537.44918823242 1415.56640625 1360.16543579102 1382.5263671875 1347.38803863525 1213.32027316093 1068.07503890991 1480.90721130371 1468.18218231201 1239.02432250977 1440.6135559082 1205.49737548828 1037.15208435059 1017.3688659668 1046.73029327393 797.949577331543 931.197780609131 902.983520507812 856.567356616259 932.675334453583 968.479942321777 977.461355209351 861.61153793335 770.707397460938 732.458984375 988.026107788086 928.005658149719 907.713611602783 -9999 -9999 -9999 -9999 -9999 -9999 -9999 -9999 -9999 -9999 -9999 -9999 -9999 -9999 -9999
819.61971282959 746.892694950104 1079.98132705688 1293.59507751465 1131.80966186523 1027.35838699341 1106.57331848145 1655.42596435547 1838.11239624023 1469.23638916016 1308.55786132812 1585.65254211426 1200.14351654053 1201.97550964355 1460.9186706543 1887.89063262939 1444.03668212891 1130.24143218994 1092.09614562988 1108.3383026123 871.798622131348 876.864974975586 1211.29243087769 983.315103530884 887.379021644592 870.69490814209 863.214874267578 759.337966918945 944.212043762207 906.34411239624 947.313980102539 833.765489578247 1054.22635650635 846.908096313477 962.453706741333 896.699628829956 -9999 -9999 -9999 -9999 -9999 -9999 -9999 -9999 -9999 -9999 -9999 -9999 -9999 -9999
767.70366191864 860.817089080811 898.430686950684 1049.11890411377 1046.48448181152 1408.15802001953 1195.61926269531 1186.17251586914 1382.02221679688 1256.83053588867 1190.2477645874 941.971790313721 1199.83549499512 1583.83071517944 1323.00791931152 1090.8856344223 1048.62707901001 1106.11260223389 1086.94540405273 983.638168334961 899.18123626709 770.61994934082 870.00016784668 1079.11501693726 997.743127822876 938.285636901855 899.611566543579 808.654098510742 897.721912384033 995.236511230469 987.544805526733 1495.44485855103 856.33479309082 858.704545497894 815.781802177429 842.594993591309 -9999 -9999 -9999 -9999 -9999 -9999 -9999 -9999 -9999 -9999 -9999 -9999 -9999 -9999
814.631149291992 888.237766265869 828.255714416504 866.452281951904 884.035190582275 1184.41494750977 1143.21368408203 1158.1049041748 1126.19157409668 1235.37449645996 978.119324564934 933.109355926514 1271.22720718384 1400.60137748718 1434.95486450195 923.418640136719 1049.36094760895 1094.48004150391 979.133975982666 950.405321121216 917.135803222656 837.970756530762 1005.50459289551 977.46626663208 1107.49803161621 1187.66969299316 1610.60442352295 922.049785614014 841.257506370544 925.489231109619 1212.69795227051 1008.25950622559 908.815866470337 892.987557411194 849.268664479256 849.192915916443 946.159297943115 -9999 -9999 -9999 -9999 -9999 -9999 -9999 -9999 -9999 -9999 -9999 -9999 -9999
992.813957214355 861.340065002441 851.824897766113 768.322399139404 737.880485534668 983.847066879272 1244.73231315613 1034.91686630249 1010.85079932213 1127.55389022827 1020.29816818237 913.12381362915 1220.31245422363 1647.06922149658 1425.24398422241 1293.50582885742 1208.64566040039 1032.33221054077 1083.03770446777 985.244129657745 861.374946594238 895.788112640381 1125.80352783203 1174.42144775391 1161.52665710449 975.665610313416 1028.7045841217 931.325435638428 1117.81881928444 1226.83434391022 952.071197509766 1023.79064178467 937.588623046875 1030.31834411621 948.287811279297 826.128009796143 823.923042297363 -9999 -9999 -9999 -9999 -9999 -9999 -9999 -9999 -9999 -9999 -9999 -9999 -9999
820.331298828125 830.176424026489 819.084518432617 854.665489196777 764.462509155273 1075.38252830505 1048.90776443481 972.882354736328 872.045150756836 836.836975097656 886.420402526855 879.685943603516 997.319286346436 1111.85618591309 1769.31002807617 1714.14195632935 937.321480751038 1366.58410644531 1205.6024017334 1074.80488586426 937.949764251709 969.898947715759 1056.43908309937 1190.31448364258 969.318088889122 1049.34679794312 927.273220062256 899.729454040527 1005.40594482422 1151.89284324646 1015.45986938477 911.362396240234 936.395107269287 871.072431564331 844.346817016602 1083.27465820312 877.522392749786 946.998443603516 -9999 -9999 -9999 -9999 -9999 -9999 -9999 -9999 -9999 -9999 -9999 -9999
775.99348449707 899.415065765381 811.076698303223 729.560111999512 852.929328918457 932.721282958984 904.294784545898 864.821136474609 927.848663330078 1045.30843067169 860.164047241211 816.317810058594 840.373809814453 1018.59193909168 1421.63737487793 1695.95620727539 1326.80795288086 1236.90896606445 1106.65487670898 1030.71903991699 1135.75188446045 973.028926849365 1078.73217773438 1030.34149932861 1096.12321472168 1000.21906280518 898.080039978027 905.01823425293 852.795936584473 815.295333862305 1288.31071090698 909.675003051758 954.682998657227 993.536590576172 949.370288848877 1052.38349151611 987.393577575684 850.450601577759 -9999 -9999 -9999 -9999 -9999 -9999 -9999 -9999 -9999 -9999 -9999 -9999
706.844549179077 848.631225585938 857.556037902832 807.797332763672 900.045604705811 929.221034049988 1041.39176177979 912.184288024902 1074.86476135254 890.735567092896 1057.10829925537 1051.63341331482 1015.6720199585 1103.54966926575 1337.08739471436 1581.80171203613 1132.86239624023 1223.63432312012 1258.26277160645 959.109840393066 1048.44877815247 976.77225112915 1167.00131225586 1002.30441665649 967.805185317993 956.307838439941 1014.52002716064 1056.82428741455 918.176342010498 929.939041137695 1173.06334686279 928.738227844238 956.41201210022 1092.7361831665 885.752777099609 919.223313331604 882.201671600342 814.845794677734 667.79035949707 -9999 -9999 -9999 -9999 -9999 -9999 -9999 -9999 -9999 -9999 -9999
690.346885681152 835.464641571045 801.94010925293 961.862228393555 1094.03528594971 1132.66323852539 1185.14281082153 1099.63625335693 1034.35828018188 1257.87713623047 976.312057495117 1203.55158233643 1113.3770904541 1011.03493118286 1297.2154083252 1006.75263214111 1073.61277580261 931.45076751709 1064.97166061401 1110.1949005127 1276.66250419617 1079.34555053711 1254.92524719238 990.204780578613 828.851654052734 1096.33452606201 973.174194335938 970.255870819092 923.630012512207 935.063682556152 1162.26482200623 1086.80593109131 1050.64765167236 1015.83286339045 967.403564453125 1136.07409667969 984.414138793945 886.934722900391 801.532585144043 -9999 -9999 -9999 -9999 -9999 -9999 -9999 -9999 -9999 -9999 -9999
644.553310394287 814.678695678711 805.056510925293 696.651752471924 961.091835021973 871.461093902588 1023.56629180908 1004.40948867798 957.39404296875 930.110977172852 900.394918441772 1019.84367370605 1012.21811294556 1050.05145454407 1098.19847869873 1375.60534262657 908.367050170898 956.940937042236 1012.72859573364 864.513427734375 1135.89460754395 942.791910171509 1185.93516540527 1334.87184143066 982.020042419434 918.645009040833 1162.20079803467 1017.89468002319 1114.34020614624 1116.7403717041 1123.68227386475 1271.94058227539 969.34423828125 759.652603149414 1008.14082336426 1150.60906982422 912.964431762695 867.383583068848 798.603965759277 -9999 -9999 -9999 -9999 -9999 -9999 -9999 -9999 -9999 -9999 -9999
738.770946502686 812.957946777344 750.23336955905 609.206123352051 808.272129058838 742.435429573059 764.898676119745 824.593315124512 924.071426391602 906.700866699219 847.907615661621 736.354692459106 972.338758468628 947.210018157959 1042.78768730164 1097.75563621521 1420.59996032715 991.101539611816 1063.79071807861 1011.59927034378 992.671741485596 869.203884124756 977.510902404785 1338.16399002075 1127.3088722229 933.719337463379 1711.28039550781 1101.46416473389 1188.08609008789 1093.73971557617 1026.28488540649 963.551933288574 900.667188644409 726.345932006836 980.685276031494 965.428905487061 791.841522216797 1054.80905151367 1000.99520874023 907.857810735703 -9999 -9999 -9999 -9999 -9999 -9999 -9999 -9999 -9999 -9999
758.340488433838 730.447208404541 814.51309967041 707.830444335938 710.471179962158 663.425148010254 555.943908691406 837.744575500488 897.120269775391 850.814942359924 743.109367370605 727.33176612854 822.112110137939 793.64697265625 991.602816581726 956.846081733704 1043.35620689392 1060.93150901794 1495.87554168701 961.151695251465 972.088292121887 943.174488067627 1031.45019435883 1031.63864517212 1360.35341644287 1626.70989990234 969.791614532471 1150.62331390381 1032.82547092438 943.386981964111 1118.88189697266 1031.27383422852 882.705327272415 755.13932800293 859.866561889648 735.914993286133 863.637413024902 865.320812225342 746.22135925293 767.691940307617 -9999 -9999 -9999 -9999 -9999 -9999 -9999 -9999 -9999 -9999
659.269790649414 677.978225708008 865.594299316406 950.313049316406 690.258910179138 740.243101119995 736.415699005127 866.309875488281 900.035507202148 845.045955657959 823.742213368416 704.698677062988 761.52564239502 775.556644439697 867.637510299683 1012.47554016113 891.543701171875 1019.26789855957 1109.08137512207 946.788139343262 1068.07969284058 1105.77610778809 1005.47541809082 1071.74096679688 959.162841796875 1140.09394836426 1121.96708363295 969.72435760498 1043.46170330048 1024.12209168077 1023.03977262974 1106.95171833038 696.406402587891 1038.57243347168 873.872909545898 814.92903137207 878.800445556641 873.699645996094 770.939987182617 764.572128295898 -9999 -9999 -9999 -9999 -9999 -9999 -9999 -9999 -9999 -9999
761.667236328125 697.600738525391 825.335693359375 805.29662322998 852.325164794922 900.06324005127 708.445182800293 751.709714889526 745.807525634766 957.006084442139 961.580797195435 761.573867797852 636.258224487305 561.128265380859 760.953182220459 890.247577667236 869.749717712402 834.275680541992 1065.21733856201 1039.30690002441 937.185127258301 1068.49928665161 1185.26863098145 1175.51138305664 838.514739990234 882.335678100586 1023.54174977541 1314.57772827148 1016.67897033691 917.653366088867 961.363773345947 881.838718414307 932.982799530029 939.863425254822 924.668720245361 872.385780334473 823.236907958984 1026.54172134399 837.591888427734 949.507411956787 807.44393157959 -9999 -9999 -9999 -9999 -9999 -9999 -9999 -9999 -9999
797.389736175537 918.32967376709 743.30689239502 798.866802215576 771.758071899414 670.132148742676 867.390922546387 829.912410020828 635.522247314453 613.221740722656 861.991333007812 921.797847747803 869.020515441895 902.475979804993 781.486686944962 843.34614944458 762.055885314941 788.783458709717 874.757995605469 866.924789428711 964.945739746094 994.469459533691 1076.67756271362 1230.70106506348 831.590072631836 1059.01877784729 1085.83778381348 968.464502334595 957.117770195007 845.47639465332 876.693445205688 864.489967346191 973.767398834229 873.286933898926 1075.0113067627 732.287353515625 956.285503387451 1056.76039123535 984.389671325684 1029.16552734375 863.59969329834 -9999 -9999 -9999 -9999 -9999 -9999 -9999 -9999 -9999
880.755111694336 891.124488830566 726.59937286377 779.207347869873 726.781423568726 653.828392028809 711.344764709473 779.263980865479 719.992797851562 776.766078948975 810.479864120483 867.812484741211 729.358627319336 1118.49267292023 803.710308074951 702.391372680664 749.346536636353 741.915908813477 708.912292480469 785.579933166504 881.429758071899 827.507705688477 937.891067504883 1076.37908935547 1046.60793328285 1006.73921298981 948.876209259033 917.405227661133 828.120338439941 813.493110656738 767.988082885742 843.175365447998 783.741363525391 931.326679229736 1097.16941833496 1029.61188793182 950.352516174316 1088.07949829102 944.281809329987 956.879417419434 990.062126159668 992.63639831543 -9999 -9999 -9999 -9999 -9999 -9999 -9999 -9999
744.076504707336 677.491973876953 801.146897792816 705.610008239746 658.235130310059 784.315898895264 707.717990875244 788.553657531738 871.59854888916 765.175811767578 908.09158706665 969.078873157501 774.341461181641 857.482669830322 748.703552246094 797.65641784668 882.405212402344 810.883193969727 782.894483566284 918.20397567749 795.777816772461 907.967549324036 1009.15636444092 1096.37585449219 1036.39992904663 1036.06401824951 1159.4077835083 925.04322052002 820.22412109375 780.13069152832 815.826683044434 840.673831939697 778.659393310547 906.527747392654 863.093826293945 999.380931854248 973.2891715765 970.486169815063 850.583763122559 1088.27874755859 1240.75994873047 1125.50465393066 -9999 -9999 -9999 -9999 -9999 -9999 -9999 -9999
749.618530273438 690.479804992676 814.55256652832 733.11608505249 723.236194610596 604.971160888672 630.139709472656 833.477094650269 894.265308380127 763.122993469238 982.054615020752 860.740013122559 709.86701965332 792.645904541016 881.485092163086 960.671695709229 834.258331298828 815.294284820557 813.85567855835 799.361335754395 854.874397277832 706.098785400391 862.981607437134 947.349571228027 826.524286746979 861.520618438721 881.942942142487 835.623069763184 996.274013519287 920.741996765137 836.884468078613 843.17569732666 760.760803222656 890.021495819092 1182.69348144531 888.021602630615 923.808476448059 939.550212860107 926.750762939453 1123.4140625 1025.34497070312 1024.68124771118 923.793153762817 -9999 -9999 -9999 -9999 -9999 -9999 -9999
742.921981811523 806.62882232666 817.907875061035 772.021556854248 735.435493469238 709.826019287109 684.066459655762 614.269607543945 818.005279541016 756.362205505371 866.914917469025 851.193908691406 901.188774108887 809.376472473145 974.931114196777 1090.05744934082 982.861534118652 990.125045776367 1032.52997589111 1056.92401123047 1034.49089813232 754.209129333496 821.894237518311 1011.80395507812 938.795967102051 896.619209289551 868.507207870483 780.154121398926 868.661407470703 954.81623840332 934.48445892334 742.827606201172 830.615524291992 928.057777404785 981.473876953125 810.165893554688 933.684196472168 976.881523132324 995.173058748245 1115.85378265381 1091.07594299316 1027.22346687317 1050.98274230957 -9999 -9999 -9999 -9999 -9999 -9999 -9999
734.855392456055 773.341012954712 698.354553222656 790.201070785522 794.508399486542 806.304983139038 782.849475383759 756.227897644043 743.661861419678 679.286323547363 714.722396850586 805.100288391113 1063.78871631622 892.817293167114 754.395072937012 862.296039581299 982.619812011719 1003.55673980713 1059.83943939209 1088.05723571777 972.95677947998 920.791877269745 917.418243408203 816.62956237793 1001.66095733643 963.664951324463 931.900400161743 870.82713508606 868.747299671173 705.055435180664 915.4782371521 810.399322509766 884.802513122559 795.164459228516 1062.68704223633 741.093399047852 874.953559875488 909.765060424805 939.73267364502 1127.96851348877 1296.29315185547 1217.56454467773 909.708694458008 1067.50551605225 -9999 -9999 -9999 -9999 -9999 -9999
