simdem/realisation42.asc
NCOLS 350 
NROWS 171 
XLLCORNER 152620 
YLLCORNER 418050 
CELLSIZE 100 
NODATA_value -9999 
[rows 44 to 65 of 171, columns 150 to 199 of 350]
422.973274230957 435.456924438477 614.136100769043 469.686882019043 430.497634887695 434.360321044922 487.491786956787 605.874114990234 580.329563140869 586.866424560547 579.186239242554 565.961043357849 473.097496032715 393.882675170898 508.432243347168 480.578796386719 557.229246139526 621.459243774414 609.193489074707 536.342876434326 688.923324584961 521.509189605713 493.037326812744 512.629379272461 395.847991943359 390.810806274414 528.675441741943 563.361833572388 563.83461534977 503.864353179932 625.083347320557 652.172125816345 716.186466217041 737.710554122925 728.860349655151 718.803894042969 670.705076217651 592.599075317383 681.110067367554 657.576801300049 427.961471557617 414.620315551758 534.950275421143 837.309360027313 806.630590438843 671.491134643555 578.610324859619 519.873138427734 1050.14707946777 1149.82395935059
487.129390716553 416.524269104004 491.79377746582 398.38850402832 521.222949981689 470.567596435547 530.146200180054 579.501544952393 495.725608825684 548.286598205566 555.006195068359 329.509918212891 460.389877319336 409.382446289062 559.164849281311 568.224080085754 634.09058380127 575.736675262451 578.684138298035 618.637283325195 554.081022262573 536.774311065674 546.434963226318 459.892272949219 454.589385986328 607.669803619385 523.325500488281 462.311225891113 556.889161109924 562.630081176758 559.846019744873 522.292022705078 442.503784179688 739.622602462769 689.619293212891 596.435585021973 644.423902511597 554.23900604248 500.694046020508 512.618865966797 522.9905128479 486.53050994873 484.970581054688 537.595760345459 579.261060714722 634.852703094482 564.438901901245 607.780214309692 716.49723815918 760.271110534668
718.630035400391 538.02968788147 352.255355834961 250.661209106445 361.983428955078 566.465274810791 482.067867279053 487.726783752441 575.685792922974 562.656892776489 680.458572387695 595.043281555176 425.319351196289 346.000503540039 459.321250915527 546.339851379395 552.028758049011 581.293613433838 592.844699859619 510.231323242188 552.366214752197 374.389709472656 420.838829040527 454.887161254883 404.439895629883 602.608001708984 527.889350891113 406.052749633789 642.742218017578 376.059768676758 588.935072898865 308.921585083008 501.609199523926 630.58881187439 421.069259643555 477.385848999023 615.818481445312 584.47259926796 508.950347900391 353.6064453125 492.097969055176 657.805999755859 649.905918121338 550.525959014893 524.518524169922 790.683822631836 691.394706726074 719.055801391602 753.758178710938 582.662126541138
531.648422718048 633.262977600098 357.491256713867 256.566879272461 497.356105804443 578.089420318604 647.84260559082 487.53239440918 565.088687896729 405.280685424805 655.247207641602 646.762802124023 498.152545928955 527.574630737305 469.277038574219 588.382442474365 513.862033843994 577.136245727539 541.419013261795 461.852645874023 516.069610595703 337.746795654297 400.757934570312 549.03137588501 674.669281005859 544.803887009621 493.947200775146 525.616042137146 453.730339050293 439.235595703125 516.052211761475 475.633193969727 531.746990203857 570.189868927002 637.427108764648 535.280423164368 673.405731201172 641.381776809692 466.892654418945 546.891826629639 487.098587036133 585.667694091797 576.982215881348 539.61173248291 537.790515899658 562.600231170654 804.097732543945 696.868225097656 602.830793380737 737.645080566406
483.476009368896 538.375247001648 449.372009277344 383.576904296875 483.760684967041 492.127151489258 641.042335510254 642.542503356934 501.483539581299 502.767585754395 578.203522801399 549.661693572998 607.091800689697 639.128856658936 579.841110229492 685.130308151245 615.923418045044 521.351055145264 497.30721282959 545.34140586853 531.194856643677 431.346450805664 507.954383850098 612.976879119873 569.121779918671 583.31089925766 485.549156188965 466.237129211426 346.264083862305 542.630440831184 515.123058319092 495.380310058594 490.362979888916 450.146446228027 493.461311340332 492.539422988892 455.695442199707 675.551322937012 534.246288299561 661.405891418457 591.276041984558 508.04927444458 556.985750198364 616.080051422119 597.644035339355 606.632120609283 672.656452178955 681.172233581543 730.640808105469 635.870826721191
596.931549072266 476.388668060303 534.740024089813 426.681198120117 495.900295257568 514.014337539673 471.508644104004 600.863327026367 519.641864776611 617.452453613281 536.516233444214 521.966323852539 548.213455200195 546.425388336182 556.487407684326 593.555397033691 612.306846618652 667.010007381439 794.915328979492 706.550727844238 694.529991149902 786.248382568359 590.776168823242 628.726491928101 627.6650390625 593.517350196838 500.37890625 496.136329650879 407.905059814453 480.96947479248 467.730102539062 461.371871948242 400.245254516602 297.222671508789 516.754863739014 498.178653717041 509.135402202606 523.883987426758 512.501728057861 679.365516662598 659.191635131836 616.001560211182 517.754547119141 525.613176345825 669.463790893555 641.839088439941 632.025283813477 608.902521133423 719.564964294434 688.60277557373
531.377844810486 547.617691040039 671.171417236328 560.170873641968 489.410507202148 502.069046020508 542.623385906219 535.011293411255 554.165064096451 607.465873718262 588.566213607788 712.70166015625 564.627941608429 343.249465942383 629.431957244873 570.814220428467 588.26941204071 614.321616172791 642.447387695312 593.673268973827 694.222984313965 725.115844726562 762.245174407959 654.921566009521 685.219301223755 506.411262512207 529.029689788818 571.44123840332 500.207828521729 420.018173217773 375.935531616211 440.104850769043 381.541427612305 421.317565917969 494.21325302124 507.979793548584 575.625468254089 561.061744689941 610.081924438477 635.004592895508 657.604499816895 405.463928222656 492.919708251953 488.013572692871 551.238666534424 611.010009765625 600.914594650269 670.406150817871 714.125194549561 747.712509155273
562.406169891357 577.896186828613 558.248821258545 476.198127746582 455.444282531738 406.021072387695 425.502212524414 516.757472991943 569.46795463562 668.357078552246 573.161695480347 538.874248504639 584.66005897522 421.122741699219 626.130382537842 574.51545715332 505.710025787354 526.188419342041 713.732376098633 675.854036331177 571.23539352417 661.601104736328 549.114410400391 605.98616027832 588.926422119141 726.776313185692 639.085357666016 517.467079162598 471.121482849121 534.777153015137 386.233749389648 508.170253753662 346.878814697266 604.282348632812 438.452133178711 398.790908813477 528.353766918182 587.518749237061 642.730369567871 528.035305023193 603.597427368164 632.656543731689 689.886489868164 655.819686889648 589.885245323181 661.807632446289 550.357555389404 645.840152740479 562.228048324585 661.098907470703
440.28751373291 495.67781829834 537.842807769775 339.432464599609 341.884399414062 534.574589252472 477.589580535889 589.88507270813 528.660176992416 439.518127441406 555.782543182373 578.069179534912 563.738479614258 513.72957611084 559.073843002319 616.107123374939 640.507987976074 596.593205451965 428.734352111816 751.339050292969 603.146965026855 543.335525512695 552.448822021484 623.447175979614 475.45788192749 663.025695800781 648.278450012207 559.708541870117 655.64200592041 699.779769897461 555.056587934494 370.58576965332 497.478858947754 652.528762817383 656.790679931641 538.191389083862 590.760087966919 700.520904541016 697.607734680176 744.067794799805 700.102439880371 580.450179576874 502.876918792725 507.489044189453 499.605464935303 664.225791931152 442.731887817383 451.457015991211 520.228370666504 555.164754867554
574.210456848145 539.35823392868 546.063725471497 434.341110229492 451.04874420166 467.892486572266 578.728339195251 621.459922790527 496.758186340332 411.372375488281 348.973037719727 380.672958374023 567.850131988525 550.831331253052 523.204887390137 548.694625854492 593.257414579391 505.999389648438 475.161148071289 723.582550048828 567.96070098877 670.648422241211 706.657432556152 653.422843933105 525.299514770508 480.574935913086 790.892730712891 624.444504737854 649.551208496094 586.180289268494 592.546363830566 465.415924072266 474.47501373291 523.404079437256 541.456830978394 437.135765075684 511.031764984131 465.478759765625 473.294845581055 587.169235229492 560.571413040161 506.617202758789 627.505966186523 652.565799713135 409.408050537109 530.838729858398 479.63321685791 507.11075592041 557.224903106689 503.644439697266
485.144371032715 473.08975982666 561.269487380981 529.904308319092 521.527435302734 537.790473937988 587.590335845947 655.565200805664 454.284362792969 542.341173171997 367.466369628906 594.696851730347 547.807094573975 570.260231971741 439.953826904297 547.712930679321 413.06608581543 508.549255371094 365.499496459961 662.556282043457 575.625413894653 629.50150680542 623.250316619873 602.452156066895 647.223056793213 631.016948699951 671.948698997498 702.728656768799 809.445739746094 594.66694021225 496.575881958008 530.511837005615 695.472061157227 625.641754150391 485.570388793945 405.796035766602 482.855091094971 493.938720703125 509.988380432129 571.182769775391 506.132076263428 635.348522186279 622.122997283936 639.721641540527 476.192428588867 452.961700439453 527.233703613281 563.50266456604 595.847192764282 563.988960266113
584.326805114746 473.119682312012 486.557323455811 535.684013009071 462.812316894531 420.276550292969 595.884632110596 522.154457092285 541.915548324585 577.826448440552 565.553239822388 568.963163375854 579.199995994568 559.716499328613 454.574638366699 588.128818035126 506.69864654541 573.923799514771 485.66552734375 606.569416046143 502.164390563965 473.2412109375 543.022525787354 721.863807678223 552.194259643555 688.741022109985 871.078903198242 592.93041229248 629.50662279129 558.91145324707 567.890151023865 695.981826782227 659.830863952637 604.32251739502 566.705595254898 508.814247131348 616.885150909424 602.952983856201 616.845781326294 558.911319732666 626.238605499268 572.497543334961 426.770767211914 549.161712646484 630.359085083008 631.544359207153 588.826372146606 615.707427978516 608.497733592987 760.344818115234
391.74592590332 433.557571411133 600.293510437012 478.655654907227 439.865966796875 445.290382385254 603.954292297363 528.319728851318 521.216613769531 513.173732757568 560.530718326569 491.372314453125 509.109409332275 537.616552352905 546.280363082886 583.261776924133 509.722267150879 483.663055419922 499.625877380371 555.998542785645 596.649517536163 591.638426303864 557.78448009491 700.716808319092 660.215717315674 581.012206077576 701.581588745117 638.76379776001 571.060440063477 631.141479492188 668.773857116699 684.163192749023 709.513107299805 614.48263168335 524.562305450439 648.753963470459 612.922859191895 661.922775268555 573.604843139648 611.961492538452 579.441191673279 749.439682006836 807.398513793945 574.379848480225 579.072063446045 635.197280883789 574.458282470703 683.647346496582 688.647762298584 677.641132354736
474.259178161621 461.517456054688 518.949266433716 459.579055786133 545.449369430542 507.817636489868 520.183944702148 494.036529541016 546.915571212769 524.373073577881 587.094092808664 564.120045661926 645.134376525879 729.054138183594 612.758483886719 534.196544647217 620.269399642944 577.666105270386 536.598304748535 554.612377166748 567.590576171875 519.211868286133 636.486030578613 722.968048095703 585.178388953209 553.706638336182 597.466690063477 686.256492614746 627.985466003418 664.463366508484 764.696830749512 747.995483398438 717.234794616699 576.896961212158 583.975908279419 640.40767288208 677.714920043945 660.030303955078 596.032051086426 690.866966247559 620.659101486206 668.759162902832 497.050064086914 453.063079833984 767.703842163086 732.363876342773 526.23072052002 602.079217910767 654.601732254028 653.35765838623
596.586959838867 487.243988037109 521.549659729004 612.124353408813 664.965667724609 650.132194519043 536.941045761108 604.389621734619 751.634841918945 691.300933837891 501.93909072876 566.919171333313 686.340042114258 726.85888671875 578.362050056458 546.250022888184 626.264225006104 640.700820922852 738.797248840332 607.364135861397 381.366409301758 516.638114929199 657.904190063477 581.903909444809 679.354446411133 605.550556182861 549.727630615234 516.575675964355 726.026672363281 707.265882492065 603.521156311035 650.057119369507 843.348815917969 763.45246887207 663.749908447266 657.846200942993 660.695644378662 637.443241119385 791.242630004883 682.735652923584 584.758316040039 663.776248931885 583.561573028564 665.157825469971 710.556022644043 765.785751342773 545.728958129883 648.261680603027 717.630279541016 662.545558929443
649.068260192871 552.173093795776 533.08992767334 528.659286499023 553.679565429688 541.688667297363 690.107513427734 576.300403594971 473.026062011719 501.892456054688 544.213669300079 457.602561950684 742.305892944336 565.55065536499 445.983703613281 438.636459350586 541.381258010864 581.196675300598 617.973445892334 600.743626534939 480.727310180664 449.833602905273 566.86784362793 638.244647979736 752.170974731445 636.263751983643 546.030181884766 332.911163330078 543.775741577148 591.595878601074 625.610198974609 607.219291687012 749.974586486816 612.101490020752 581.22908782959 636.884456634521 685.128318786621 714.168502807617 623.348965644836 514.544090270996 686.578575134277 696.899169921875 544.616836547852 521.564430236816 753.629936218262 688.04035949707 609.123784065247 539.700378417969 630.475749969482 581.633548736572
712.119003295898 612.971775054932 474.841247558594 438.530853271484 609.121032714844 532.284755706787 576.518922805786 613.344837188721 471.788597106934 589.459091186523 601.380928039551 509.364761352539 539.149669647217 616.605480194092 577.061058521271 336.57063293457 539.139490127563 491.242218017578 485.395614624023 587.094019889832 606.080797195435 363.314254760742 434.185104370117 573.713171005249 561.115364074707 733.113349914551 653.516105651855 449.259307861328 445.56559753418 548.305969238281 601.630893707275 615.329253196716 599.333847045898 666.265441894531 768.124542236328 760.42113494873 538.672271728516 643.434415817261 684.683269500732 642.329362869263 602.992431640625 619.506225585938 663.499286651611 632.264720916748 662.232550621033 593.931327819824 679.77027130127 596.213140487671 646.333850860596 624.519271850586
537.810896873474 566.255992889404 411.071334838867 515.49743938446 472.82926940918 541.234524250031 563.052042007446 595.480636954308 628.551937103271 512.575366973877 568.216537952423 487.895301818848 350.380615234375 571.922914981842 460.259284973145 486.983619689941 488.048240661621 449.376365661621 590.845480918884 578.533211708069 480.22314453125 412.43733215332 484.725692749023 709.73413848877 774.393173217773 747.170104980469 730.472259521484 596.370897531509 716.824615478516 482.590560913086 759.451202392578 617.268523216248 603.324970245361 458.957214355469 624.167893409729 634.137619018555 607.493969202042 522.487007141113 570.079479217529 611.314167022705 556.624725341797 485.932312011719 609.263767242432 911.346420288086 667.016693115234 609.520969390869 659.384986877441 625.208237946033 702.324020385742 578.460136413574
526.85037612915 503.734828948975 475.56517791748 509.703842163086 432.459770202637 588.450038909912 475.755577087402 520.377678871155 551.190614700317 555.769798278809 476.694496154785 489.749694824219 465.056396484375 468.054931640625 522.023639678955 555.504264831543 581.229904174805 503.301158905029 540.703951835632 601.260334014893 430.140121459961 549.534675598145 483.054679870605 623.062442779541 624.860912322998 615.546996116638 604.139251708984 594.736891746521 588.996124267578 606.882869720459 568.000846862793 479.871246337891 482.764923095703 544.916007995605 508.947677612305 638.4721326828 615.92700958252 567.106863021851 446.91618347168 487.116989135742 601.530906677246 689.018371582031 693.832290649414 800.203887939453 741.973392486572 630.177629470825 624.187839746475 661.241176605225 679.354892730713 724.733093261719
518.498168945312 545.56457901001 592.840030670166 641.971313476562 589.563465118408 470.070388793945 622.551639556885 669.293479919434 758.099700927734 466.29313659668 487.691703796387 586.148670196533 534.215141296387 447.216735839844 483.295547485352 549.069448471069 559.532912373543 618.822418212891 554.887335777283 512.531753540039 559.84100151062 592.360556602478 574.052044868469 656.625885009766 678.776679992676 602.236614227295 489.782257080078 536.130313873291 603.809560656548 559.540054321289 560.468636512756 568.308186531067 651.494853973389 565.3869972229 651.637701034546 592.914255142212 704.69181060791 567.832176208496 483.744354248047 688.567783355713 631.948251724243 600.112590789795 574.310710906982 617.524582386017 715.416381835938 602.536640167236 577.958625793457 702.279312133789 673.995376586914 550.941947937012
608.850429534912 518.640438079834 583.197378158569 576.139991760254 659.885688781738 600.472923278809 595.372901916504 603.560596466064 812.266479492188 570.427694559097 425.2001953125 548.982347488403 545.631782531738 646.316165924072 605.119659423828 632.293487548828 661.609756469727 549.57000875473 479.392395019531 607.852619171143 665.22957611084 762.357955932617 695.012496948242 668.024238586426 577.205521583557 626.224430084229 585.925277709961 420.767288208008 552.73975944519 675.015480041504 654.198051452637 697.395225524902 534.483612060547 410.677627563477 553.699100494385 514.075477600098 641.268600463867 650.416198730469 674.172183990479 677.768287658691 574.24235534668 556.461692810059 610.466896057129 595.286959648132 642.10632109642 554.66667175293 539.548583984375 619.703659057617 735.467037200928 680.716972351074
587.047473907471 532.43897819519 616.246593475342 608.532119750977 652.23551940918 463.127960205078 617.070404052734 581.419376373291 470.077270507812 597.694263458252 451.680809020996 676.340194702148 468.261512756348 527.322605133057 546.510650634766 590.086986541748 445.71053314209 597.226741790771 698.633987426758 570.909026384354 566.785180091858 715.655746459961 637.754272460938 594.563992500305 525.559886932373 626.703800201416 573.793212413788 547.947368621826 591.085127830505 435.758422851562 620.316101074219 512.39599609375 454.828170776367 465.078308105469 578.127603530884 551.535308837891 651.246612548828 717.935485839844 590.35605430603 597.197246551514 692.446063995361 562.613975524902 690.427223205566 609.663990288973 690.810863494873 494.344116210938 528.851531982422 608.431399345398 685.01424407959 714.953643798828
