simdem/realisation94.asc
NCOLS 350 
NROWS 171 
XLLCORNER 152620 
YLLCORNER 418050 
CELLSIZE 100 
NODATA_value -9999 
[rows 88 to 109 of 171, columns 0 to 49 of 350]
-9999 -9999 -9999 -9999 -9999 -9999 -9999 -9999 -9999 -9999 -9999 -9999 -9999 -9999 -9999 -9999 -9999 295.296798706055 220.217330932617 303.765806674957 294.281945228577 558.639247894287 446.418159484863 751.085021972656 495.501624107361 658.603883743286 602.423909187317 314.1887550354 733.408590316772 433.851932525635 373.849493503571 389.702555656433 676.848114013672 613.526290893555 642.408996582031 440.630174636841 592.355072021484 885.668487548828 686.809837341309 629.864234924316 598.789123535156 678.399862289429 402.376945495605 233.759133338928 350.425233840942 283.639308929443 495.737539291382 601.814781188965 690.378440856934 438.973323822021
-9999 -9999 -9999 -9999 -9999 -9999 -9999 -9999 -9999 -9999 -9999 -9999 -9999 -9999 -9999 -9999 -9999 389.008476257324 395.018306732178 327.278539657593 220.666549682617 462.293478012085 283.038436889648 538.170913696289 583.600952148438 688.40266418457 593.65975189209 980.60718536377 504.611213684082 456.726642608643 279.03742980957 564.865535736084 454.325119018555 389.575035095215 609.250129699707 562.054004669189 638.710674285889 788.969337463379 654.876946926117 535.182640075684 735.109522819519 547.783843994141 338.496276855469 429.748947143555 429.488655090332 336.788590431213 593.892330169678 660.857513427734 422.882858276367 420.432815551758
-9999 -9999 -9999 -9999 -9999 -9999 -9999 -9999 -9999 -9999 -9999 -9999 -9999 -9999 -9999 -9999 563.790050506592 640.372047424316 490.901016235352 290.393188476562 360.695648193359 321.64469909668 455.883399963379 422.62035369873 774.384063720703 614.394924163818 527.856763839722 357.313781738281 452.788791656494 301.089946746826 447.21949005127 583.829158306122 248.237457275391 589.819530487061 386.999389648438 620.246233940125 857.58122253418 541.710935592651 605.929744720459 619.601177215576 372.741458892822 241.296752929688 508.288360595703 329.357353210449 252.831115722656 381.386138916016 555.323249816895 307.774307250977 497.266815185547 335.050067842007
-9999 -9999 -9999 -9999 -9999 -9999 -9999 -9999 -9999 -9999 -9999 -9999 -9999 -9999 -9999 -9999 660.91748046875 685.495635986328 566.652046203613 560.646820068359 584.984397888184 511.925895690918 473.505870819092 505.337059020996 612.863313674927 508.72779083252 592.72599697113 590.698560714722 555.206466674805 310.168174743652 647.890205383301 510.663866043091 444.965679168701 350.061706542969 548.109954833984 508.948230266571 569.518707275391 712.540950775146 639.03288269043 107.363815307617 244.608737945557 80.8515167236328 253.900863647461 12.2129211425781 323.780967712402 282.882110595703 312.817260742188 470.010681152344 642.576751708984 491.894424438477
-9999 -9999 -9999 -9999 -9999 -9999 -9999 -9999 -9999 -9999 -9999 -9999 -9999 -9999 -9999 588.726964354515 557.667451858521 537.462211608887 503.547597885132 568.681369781494 776.344772338867 560.713011741638 475.163341522217 782.866409301758 516.590677261353 687.441761016846 550.490562438965 313.98876953125 455.168609619141 572.980674743652 616.390602111816 597.883026123047 715.482681274414 337.330062866211 631.51540184021 568.57559967041 618.693531036377 554.204742431641 752.73949432373 128.258529663086 217.938955307007 166.140731811523 136.582305908203 -2.29152679443359 203.265556335449 242.500977039337 323.968994140625 439.679077148438 520.642631530762 516.817138671875
-9999 -9999 -9999 -9999 -9999 -9999 -9999 -9999 -9999 -9999 -9999 -9999 -9999 -9999 -9999 574.440084457397 412.775024414062 410.786117553711 481.880123138428 503.293800354004 571.040001869202 458.487894058228 685.469652175903 761.134037017822 896.709777832031 578.690309524536 634.909996032715 428.490763187408 564.043029546738 476.096160888672 387.568341255188 358.60099029541 333.920455932617 156.846160888672 560.89884185791 515.561050415039 445.757827758789 617.764484405518 703.225788116455 222.14213180542 360.545387268066 305.478546142578 168.215866088867 177.730979919434 217.488115310669 476.854934692383 477.64616394043 428.395523071289 443.161041259766 403.77522277832
-9999 -9999 -9999 -9999 -9999 -9999 -9999 -9999 -9999 -9999 -9999 -9999 -9999 -9999 584.328659057617 417.755653381348 380.068023681641 347.687088012695 462.461327075958 368.510303497314 517.299827575684 533.235310316086 537.262250900269 735.478667020798 557.502696990967 546.841772079468 592.514488220215 414.311254501343 456.063045501709 473.653442382812 533.85990524292 291.524726867676 256.291885375977 344.471152305603 179.769348144531 608.844425201416 406.330673217773 454.985473632812 -9999 -9999 364.559173583984 255.72717666626 131.862121582031 217.127159118652 201.825944900513 405.598098754883 566.380790710449 755.933380126953 504.512222290039 391.180114746094
-9999 -9999 -9999 -9999 -9999 -9999 -9999 -9999 -9999 -9999 -9999 -9999 -9999 -9999 660.723728179932 433.026557922363 475.444416046143 319.064117431641 274.086227416992 472.656227111816 517.031299591064 728.883750915527 495.906387329102 720.722160339355 746.143249511719 608.393075942993 682.011568069458 702.908306121826 802.519752502441 793.592819213867 733.536819458008 79.8233795166016 262.004676818848 296.981197357178 266.824172973633 -9999 -9999 -9999 -9999 -9999 -9999 -9999 148.969924926758 243.703115463257 157.160583496094 203.11385345459 317.597845077515 703.927230834961 338.589748382568 301.97091293335
-9999 -9999 -9999 -9999 -9999 -9999 -9999 -9999 -9999 -9999 -9999 -9999 -9999 537.654693603516 435.61994934082 410.114250183105 449.755081176758 209.075666427612 204.002883911133 437.567979812622 560.840072631836 764.634727478027 1106.33415985107 822.668655395508 786.195419311523 782.210433959961 608.888110637665 598.733535766602 729.252853393555 908.037933349609 647.188316345215 498.666831970215 353.867446899414 128.066711425781 189.472702026367 -9999 -9999 -9999 -9999 -9999 -9999 -9999 -9999 10.0238647460938 147.705390930176 292.593688964844 262.928323745728 406.878753662109 412.703559875488 148.185111999512
-9999 -9999 -9999 -9999 -9999 -9999 -9999 -9999 -9999 -9999 -9999 -9999 -9999 559.277446746826 482.768529891968 513.608539581299 143.180351257324 94.7826080322266 72.9397583007812 630.640843391418 753.088333129883 682.228805541992 780.792663574219 594.677415847778 794.979553222656 660.869735717773 659.050567626953 591.805400669575 586.771118164062 828.980682373047 516.885925292969 428.29109621048 397.790565490723 427.172841668129 -9999 -9999 -9999 -9999 -9999 -9999 -9999 -9999 -9999 -9999 295.533458709717 207.574066162109 348.057670593262 333.279769897461 398.710996627808 164.738624572754
-9999 -9999 -9999 -9999 -9999 -9999 -9999 -9999 -9999 -9999 -9999 -9999 667.444869995117 365.446578979492 371.179763793945 417.122520446777 588.193683624268 402.046249389648 565.121894836426 649.68567276001 549.801467895508 544.824005126953 705.359786987305 746.786880493164 754.382614135742 728.197975158691 480.969306945801 503.098426818848 666.567058563232 657.220733642578 458.885326385498 519.66983795166 418.287172317505 -9999 -9999 -9999 -9999 -9999 -9999 -9999 -9999 -9999 -9999 -9999 221.018928527832 308.657735824585 410.001518249512 422.893905639648 611.260208129883 756.077606201172
-9999 -9999 -9999 -9999 -9999 -9999 -9999 -9999 -9999 -9999 -9999 522.023921966553 611.567176818848 313.518745422363 212.638595581055 112.030181884766 516.342613220215 700.375894546509 538.357055664062 610.276252746582 569.698292583227 1040.2426071167 460.153099060059 585.49983215332 633.995601654053 730.753677368164 683.710941314697 707.518661499023 619.184713363647 482.656886100769 480.861246109009 487.901316165924 383.81950378418 -9999 -9999 -9999 -9999 -9999 -9999 -9999 -9999 -9999 -9999 -9999 -9999 352.353303909302 318.682222366333 429.312194824219 363.001930236816 651.68567276001
-9999 -9999 -9999 -9999 -9999 -9999 -9999 -9999 -9999 -9999 -9999 553.366523742676 498.349555969238 416.549777030945 373.713008880615 224.665649414062 438.999359130859 582.045272827148 641.967727661133 555.636425018311 504.225176334381 579.722309112549 475.58277130127 610.428115844727 657.830963134766 798.165786743164 725.612431526184 656.588272094727 530.005082130432 497.225292205811 475.138885498047 498.847659111023 -9999 -9999 -9999 -9999 -9999 -9999 -9999 -9999 -9999 -9999 -9999 -9999 -9999 612.385635375977 484.624481201172 408.918380737305 234.650527954102 598.24951171875
-9999 -9999 -9999 -9999 -9999 -9999 -9999 -9999 -9999 -9999 576.923973083496 480.103569030762 378.099083900452 375.629215240479 380.922565460205 461.583404541016 623.153755187988 691.19765663147 559.976909637451 638.521476745605 695.001281738281 669.049301147461 702.470329284668 658.784957885742 698.948669433594 740.739786148071 492.464706420898 536.026359558105 453.013277053833 379.945892333984 447.497123718262 -9999 -9999 -9999 -9999 -9999 -9999 -9999 -9999 -9999 -9999 -9999 -9999 -9999 -9999 -9999 562.249897003174 443.842510223389 386.949195861816 380.578892707825
-9999 -9999 -9999 -9999 -9999 -9999 -9999 -9999 -9999 -9999 516.022226333618 459.21460723877 376.463436126709 358.98920249939 369.695133209229 596.918449401855 732.429161071777 573.426307678223 530.738513946533 634.951148986816 696.93391418457 646.857215881348 695.944946289062 843.339233398438 736.448822021484 516.768852233887 444.471061706543 275.921356201172 270.627662658691 167.765197753906 -9999 -9999 -9999 -9999 -9999 -9999 -9999 -9999 -9999 -9999 -9999 -9999 -9999 -9999 -9999 -9999 -9999 647.581211090088 451.554317474365 452.329299926758
-9999 -9999 -9999 -9999 -9999 -9999 -9999 -9999 -9999 582.13207244873 325.476135253906 304.173828125 251.351913452148 449.366844177246 468.980323791504 521.97017288208 512.87383544445 703.593620300293 631.501220703125 1292.36514282227 787.895111083984 662.460922241211 682.117431640625 766.613891601562 456.566650390625 454.276214599609 256.406257629395 216.113159656525 366.587051391602 320.821510314941 -9999 -9999 -9999 -9999 -9999 -9999 -9999 -9999 -9999 -9999 -9999 -9999 -9999 -9999 -9999 -9999 -9999 -9999 415.441683769226 463.899981498718
-9999 -9999 -9999 -9999 -9999 -9999 -9999 -9999 520.831249237061 472.695072174072 423.516931533813 359.734230041504 456.613858222961 134.849670410156 185.697982788086 577.366142272949 405.1328125 684.759826660156 460.202320098877 742.523040771484 760.460662841797 722.39241027832 698.665901184082 414.950019836426 404.127243041992 295.222415924072 356.788627624512 293.375215530396 386.641311645508 -9999 -9999 -9999 -9999 -9999 -9999 -9999 -9999 -9999 -9999 -9999 -9999 -9999 -9999 -9999 -9999 -9999 -9999 -9999 -9999 756.115005493164
-9999 -9999 -9999 -9999 -9999 -9999 -9999 -9999 378.163829803467 478.902172088623 337.79695892334 352.668655395508 298.88232421875 360.036285400391 436.906463623047 510.971954965964 457.02677154541 482.488603591919 804.978551864624 557.65641784668 575.627502441406 625.423835754395 669.955890655518 433.82893371582 481.703002929688 252.971571922302 133.368675231934 149.402297973633 -9999 -9999 -9999 -9999 -9999 -9999 -9999 -9999 -9999 -9999 -9999 -9999 -9999 -9999 -9999 -9999 -9999 -9999 -9999 -9999 -9999 -9999
-9999 -9999 -9999 -9999 -9999 -9999 -9999 309.995918273926 330.795478820801 458.915058135986 405.554351806641 397.433120727539 332.907638549805 246.150299072266 289.799530029297 447.012317657471 541.70974445343 598.585827827454 435.942184448242 344.93229675293 395.747779846191 614.968803405762 331.43092918396 383.007396697998 196.543270111084 52.9480895996094 239.990134000778 57.8205108642578 -9999 -9999 -9999 -9999 -9999 -9999 -9999 -9999 -9999 -9999 -9999 -9999 -9999 -9999 -9999 -9999 -9999 -9999 -9999 -9999 -9999 -9999
-9999 -9999 -9999 -9999 -9999 -9999 217.389373779297 200.33203125 453.915135979652 446.425387382507 402.876525878906 424.251399993896 492.758136749268 455.73055267334 310.066818237305 464.500080108643 392.144470214844 568.879524230957 369.057476043701 289.254112243652 247.976234436035 591.246019363403 439.85290813446 139.624450683594 146.09016418457 190.346694946289 204.705627441406 -9999 -9999 -9999 -9999 -9999 -9999 -9999 -9999 -9999 -9999 -9999 -9999 -9999 -9999 -9999 -9999 -9999 -9999 -9999 -9999 -9999 -9999 -9999
-9999 -9999 -9999 -9999 439.633241653442 278.881484985352 236.956726074219 44.1492156982422 166.352512359619 378.519836425781 418.095718383789 583.893270492554 511.956050872803 601.52986907959 377.643730163574 374.614044189453 466.824935913086 459.002754211426 384.799852371216 496.006742477417 464.565452575684 836.59204864502 346.884201049805 90.9510860443115 4.06788635253906 225.991727828979 -9999 -9999 -9999 -9999 -9999 -9999 -9999 -9999 -9999 -9999 -9999 -9999 -9999 -9999 -9999 -9999 -9999 -9999 -9999 -9999 -9999 -9999 -9999 -9999
206.229080200195 215.343963623047 323.471408843994 420.562526702881 418.793079376221 403.285213470459 392.874774932861 453.781947612762 94.2952575683594 397.70666885376 532.001100540161 466.413986206055 480.419704437256 414.932434082031 461.388679504395 499.731430053711 742.859603881836 284.376022338867 171.673751831055 548.87070941925 667.495109558105 440.216156005859 93.044116973877 61.9397983551025 138.955085754395 32.898868560791 -9999 -9999 -9999 -9999 -9999 -9999 -9999 -9999 -9999 -9999 -9999 -9999 -9999 -9999 -9999 -9999 -9999 -9999 -9999 -9999 -9999 -9999 -9999 -9999
