simdem/realisation36.asc
NCOLS 350 
NROWS 171 
XLLCORNER 152620 
YLLCORNER 418050 
CELLSIZE 100 
NODATA_value -9999 
[rows 44 to 65 of 171, columns 250 to 299 of 350]
529.554046630859 626.326438903809 879.502403259277 794.410171508789 829.360496520996 579.126327514648 745.210817337036 642.426559448242 609.706001281738 740.780217170715 864.329383850098 763.915575027466 710.53897190094 815.799625396729 683.146209716797 742.896047592163 781.186862945557 827.943977355957 800.000282287598 726.320495605469 619.980529785156 733.94856262207 689.359573364258 828.331684112549 665.648208618164 680.688552856445 939.948108673096 817.122772216797 862.291698455811 776.300157546997 827.168870925903 891.827257156372 810.201446533203 743.236114501953 639.149963378906 761.154930114746 797.974411010742 1076.52322387695 1106.41793823242 845.63516998291 856.994705200195 723.984748840332 798.601431369781 897.143287658691 796.636211395264 505.331390380859 739.549613952637 805.465705871582 676.610046386719 920.05046081543
656.398323059082 766.934879302979 763.628414154053 859.90739440918 670.482112884521 742.125078201294 819.520896911621 762.936944961548 796.857955932617 616.931373596191 847.340957641602 661.326309204102 594.453773498535 685.307540893555 612.38166809082 703.875461578369 792.770401000977 681.617401123047 698.55876159668 693.540740966797 656.684524536133 792.462062835693 786.651191711426 760.391501426697 738.476081848145 707.101608276367 737.457054138184 734.445964813232 854.003265380859 1041.40356063843 862.979850769043 741.341552734375 1036.86161422729 960.464256286621 643.638122558594 757.865859985352 1027.44246673584 963.672561645508 1541.63482666016 1017.9259929657 828.37642121315 1047.82013702393 726.700881958008 929.579898834229 822.056262969971 671.207870483398 789.522918701172 865.926008224487 924.765213012695 766.236938476562
804.771091461182 760.266090393066 802.424507141113 867.872573852539 795.068023681641 769.536499023438 759.846214294434 699.79168510437 765.742877960205 701.261262893677 626.176246643066 663.043563842773 742.133144378662 649.561050415039 660.677581787109 693.233581542969 754.763442754745 780.153672933578 839.644334793091 701.821357727051 683.369525909424 757.606476783752 702.436054229736 626.716896057129 610.799728393555 1213.27801513672 696.413803100586 1123.17092895508 1259.90567970276 795.616767883301 950.279825210571 819.681791305542 961.330902099609 903.952854156494 1157.68339157104 1492.18161010742 1200.85652923584 887.571996688843 1408.46771240234 1430.60258483887 934.105964660645 853.654704093933 974.076272964478 660.116119384766 948.32731628418 932.451440811157 1362.20426940918 944.903182983398 926.885200500488 1018.42411804199
892.858123779297 868.057952880859 758.079132080078 907.819671630859 747.111164093018 819.878540039062 687.811542510986 762.972015380859 800.821868896484 760.058525085449 756.893051147461 715.584539413452 755.285477638245 799.439239501953 865.640197753906 749.898928165436 716.305694580078 578.71760559082 684.50643157959 844.454582214355 790.159732818604 679.848236083984 686.151428222656 727.33614730835 622.556228637695 954.166412353516 649.314392089844 1058.63056945801 938.108066558838 1348.972448349 858.04615020752 832.935768127441 941.056396484375 1126.02276611328 759.824279785156 1107.41369855404 1066.4051361084 790.858263015747 1230.53205490112 1057.70911455154 613.728530883789 777.031429290771 1323.62166595459 798.202865600586 808.818115234375 974.352418899536 864.148707389832 848.016735076904 982.024261474609 932.37565612793
844.450836181641 809.882255554199 799.198577880859 810.066848754883 791.644012451172 732.848508834839 710.508616447449 781.321887969971 789.320442199707 723.797821044922 802.438301086426 768.680130004883 756.501523256302 835.44970703125 777.164960861206 697.606330871582 899.258438110352 683.384944915771 669.365478515625 796.730125427246 791.288944244385 767.302501678467 623.137985229492 691.389472961426 611.386123657227 564.396270751953 406.803985595703 754.987289428711 519.634353637695 923.434188842773 1150.37600708008 743.412071228027 816.153274536133 902.334743499756 867.927110671997 962.979721069336 1122.30142974854 758.115051269531 1757.383934021 979.659225463867 690.914703369141 728.069465637207 1132.72001266479 887.351863861084 916.506042480469 984.489288330078 930.578362464905 2073.71875 921.17015838623 881.373607635498
713.825264930725 735.815082550049 681.889129638672 638.10311126709 660.160873413086 676.71667098999 614.162284851074 801.044357299805 735.075145721436 795.631202697754 598.381805419922 600.705139160156 562.5849609375 739.113325119019 766.627895355225 714.307646751404 870.75276184082 796.018188476562 639.627670288086 741.040966033936 718.047012329102 854.040565490723 701.260126113892 672.052627563477 509.583740234375 886.262176513672 827.20198059082 869.513401865959 579.147415161133 660.642791748047 727.726791381836 774.706787109375 808.494026184082 829.004510879517 1417.4627571106 788.850975036621 864.622005462646 746.674156188965 904.213886260986 657.100601196289 705.724029541016 807.378692626953 1001.09145355225 1168.62048339844 831.667307853699 859.905304908752 1061.93237304688 989.012397766113 775.134071350098 805.945384979248
703.068875074387 699.577248513699 528.228851318359 585.390083312988 638.762466430664 578.6005859375 670.968788146973 742.113334655762 671.735107421875 631.272212982178 725.182044267654 574.906677246094 575.384567260742 651.228927612305 706.791648864746 850.803329467773 848.484603881836 844.323463439941 693.919532775879 781.980339050293 851.991577148438 845.251373291016 748.137329101562 742.628344535828 602.140579223633 552.958801269531 827.28931427002 896.524955749512 685.728042602539 664.957458496094 939.366165161133 838.468841552734 621.684677124023 824.277946472168 907.456760406494 547.970581054688 830.58655166626 1311.80811309814 809.541900634766 816.144485473633 939.744232177734 978.959201812744 789.807958602905 943.382810592651 823.754783630371 880.478191375732 1011.01924133301 1192.92039299011 1003.31288528442 750.840686798096
548.448120117188 590.777305603027 599.109527587891 642.464080810547 698.142230987549 838.337036132812 709.270015716553 722.268455505371 862.165191650391 637.107757568359 673.218200683594 889.623779296875 664.326267242432 691.933349609375 656.523719787598 700.178506851196 819.400268554688 747.208894729614 690.926490783691 798.315704345703 833.975963592529 881.282455444336 629.272430419922 806.429286956787 693.59196472168 655.741333007812 1001.82656669617 778.869033813477 799.854483127594 778.93444442749 838.292510986328 1000.40132141113 806.789672851562 1227.32820129395 952.372451782227 734.457290649414 707.352081298828 884.127117156982 874.980564117432 779.688659667969 877.547172546387 820.14469909668 816.670764446259 751.626235961914 699.409057617188 811.980535030365 1049.27910232544 736.18187713623 829.608655452728 919.398803710938
696.201416015625 439.731506347656 557.993438720703 707.271624565125 627.655448913574 677.460117340088 620.635406494141 654.549995422363 628.185417175293 668.843826293945 772.711093902588 675.455795288086 710.333552360535 798.388549804688 678.767211914062 608.245750427246 687.661678314209 867.918518066406 693.695468902588 749.221763849258 774.332103490829 746.334009170532 694.822387695312 679.424758911133 610.325408935547 791.808731079102 835.81689453125 646.243713378906 889.464645385742 873.943946838379 625.849472045898 662.46630859375 805.346405029297 1107.79705810547 561.128997802734 704.744644165039 919.28581237793 763.957286834717 914.619499206543 631.073089599609 496.963623046875 691.299423217773 744.987518310547 715.122680664062 709.662208557129 728.147514343262 1190.04622650146 792.488273620605 857.316788673401 892.549301147461
408.325164794922 762.368850708008 704.796005249023 649.821868896484 647.996402740479 525.800140380859 778.608573913574 660.031330108643 535.562850952148 759.378831386566 1219.61665534973 757.961832046509 833.863758087158 790.889781951904 886.042776107788 934.398300170898 622.024429321289 814.358409881592 776.389671325684 1660.17453384399 811.420532226562 555.135116577148 697.473617553711 1343.93437576294 734.232788085938 885.467010498047 764.917592048645 740.672172546387 776.171665668488 941.682846069336 706.591896057129 913.260986328125 755.08024597168 794.081527709961 545.408065795898 1183.83125305176 760.363098144531 801.742065429688 827.109741210938 547.892364501953 1100.94471740723 654.937728881836 676.477905273438 878.54695892334 799.663806915283 773.602359771729 782.972849845886 719.583801269531 818.221933364868 912.906730651855
665.588966369629 664.752374649048 554.568923950195 633.594701766968 781.909105300903 791.059928894043 645.765964508057 537.812431335449 696.766620635986 690.850662231445 822.538429260254 1493.57723045349 876.799259185791 1168.72143745422 1119.79486846924 1569.59204101562 436.359985351562 763.501525878906 754.258026123047 658.121627807617 507.272323608398 382.990997314453 442.760406494141 797.353424072266 836.010837554932 740.079933166504 743.246047973633 886.474586486816 950.23429107666 757.326816558838 734.300498962402 685.573570251465 1149.22569870949 766.695289611816 830.239372253418 929.175731658936 1192.21797180176 802.264289855957 753.702827453613 786.565528869629 953.587152481079 835.973678588867 808.520572662354 822.599884033203 854.438455581665 743.802619934082 938.00032043457 775.976821899414 849.890205211937 825.438453674316
660.108419418335 625.294376373291 610.432991027832 752.52868270874 727.71223449707 611.123100280762 463.022308349609 1132.20780944824 604.73356628418 734.632385253906 819.730453491211 610.293762207031 598.657379150391 683.454887390137 751.671298980713 1429.3254699707 506.578674316406 1171.32418823242 684.218063354492 758.438932418823 1212.94937133789 917.418640136719 1598.21966552734 783.048797607422 1144.49136543274 1299.69236373901 727.20198059082 803.65393447876 751.396087646484 892.411148071289 853.068649291992 669.128768920898 804.208477020264 823.657802581787 1032.3236618042 814.951728820801 938.666198730469 954.517913818359 680.267272949219 1172.5152053833 1349.83759307861 759.492813110352 1522.64877980947 758.033992767334 822.670446395874 794.241661071777 936.242492675781 801.167547225952 654.360107421875 589.72477722168
499.766372680664 680.50860118866 708.838991165161 669.526616096497 670.458070039749 700.309282302856 743.575355529785 423.998870849609 584.697326660156 684.358478546143 700.718609809875 682.85618019104 713.024406433105 713.354034423828 693.158477783203 659.30973815918 761.685913085938 654.093231201172 667.553733825684 774.534900188446 684.011581420898 530.166412353516 1730.74708557129 1837.35118103027 865.951333999634 884.064926147461 864.920384883881 803.296807289124 621.026748657227 740.656585693359 678.313278198242 783.895210266113 921.041152954102 997.097702026367 743.638126373291 786.507181167603 554.376083374023 878.691635131836 907.895629882812 1142.7975769043 799.203473687172 861.117622375488 779.438053131104 760.805450439453 694.47859954834 717.169075012207 858.638586044312 767.177448272705 328.114776611328 549.614562988281
592.061737060547 514.756134033203 651.342087745667 643.068260192871 726.403343200684 629.688537597656 643.524757385254 550.316093444824 573.77848815918 733.591156005859 624.049205780029 599.110900878906 635.469551086426 697.021743297577 717.64917755127 596.909797668457 661.897842407227 584.409454345703 696.432342529297 757.485429763794 690.904403686523 681.971237182617 1082.80218505859 666.054298400879 712.406112670898 862.259740829468 773.266372680664 928.417465209961 668.042274475098 628.353713989258 780.170539855957 923.118293762207 811.721183776855 956.343479156494 944.225517272949 1252.3643951416 827.817794799805 675.01042175293 749.546401977539 741.251473426819 790.350828170776 912.455867767334 877.656829833984 733.015071868896 696.593391418457 718.984153747559 780.605581283569 641.377578735352 317.512298583984 826.677307128906
699.154384613037 663.46838092804 761.919540405273 632.458194732666 648.758506774902 732.443504333496 669.002546310425 810.484489440918 674.149655580521 719.290748596191 601.17455291748 616.740730285645 717.192565917969 843.300155639648 696.735296487808 731.169895172119 563.926910400391 714.622615158558 679.680916786194 618.476959228516 674.617584228516 763.894403457642 992.440124511719 705.929222106934 983.662368774414 705.961044311523 702.061569213867 820.191249847412 769.344278812408 870.301349639893 757.876892089844 702.486965179443 592.589920043945 839.309768676758 748.061197280884 849.611782073975 921.501708984375 886.110168457031 894.060447692871 820.857948303223 935.891236305237 776.590238571167 849.969703674316 841.04084777832 802.079885482788 820.961206436157 719.985527038574 757.666240692139 793.1640625 1837.16473388672
746.309181213379 666.163452148438 727.319507598877 643.174688339233 590.586318969727 679.413104057312 564.557006835938 624.096298217773 683.096764087677 657.09077835083 703.108438968658 616.1611328125 766.119354248047 786.69474029541 731.085380554199 745.265823364258 558.890853881836 668.695457458496 877.946975708008 1057.60836791992 776.535743713379 873.917163848877 750.880079269409 730.71000289917 757.466995239258 701.713249206543 623.396690368652 858.766712188721 774.520220041275 747.653331756592 742.009704589844 730.378981024027 651.588333129883 721.34489440918 609.46028137207 730.05236530304 717.292397499084 949.306785583496 848.662546157837 825.890773773193 721.016353607178 783.2483253479 798.561609268188 760.079406738281 754.234050750732 732.48498916626 638.621322631836 553.306396484375 1107.17477416992 1458.9626159668
637.849685668945 650.076898574829 732.235706329346 806.654708862305 744.51838684082 539.572006225586 679.330366134644 578.767158508301 597.259582519531 659.925321578979 739.427188873291 683.032771110535 570.703910827637 637.649120330811 815.067626953125 736.018543243408 673.656028747559 714.489639639854 709.11585187912 893.113830566406 1236.50666046143 1295.51473617554 764.66296005249 685.470016479492 611.071846008301 726.442863464355 861.892997741699 890.193948745728 743.716775894165 826.216314315796 825.192893981934 697.953014373779 501.388580322266 475.160888671875 627.706283569336 563.169555664062 618.056137084961 659.571640014648 1198.92011260986 672.798210144043 799.946643829346 714.449928283691 777.201953887939 657.403091430664 786.6668009758 690.127494812012 698.776473999023 528.939208984375 633.764984130859 1105.10321044922
690.559175491333 641.282036781311 726.191707611084 786.010269165039 721.945133209229 675.511155128479 782.652618408203 821.363216400146 691.258353531361 657.929630279541 678.509181022644 602.693557739258 691.461357414722 742.123767852783 627.093452453613 632.143409729004 706.634045600891 675.44492149353 740.590419769287 785.082389831543 611.600898742676 739.177146911621 641.783508300781 619.484588623047 745.123825073242 699.980176925659 746.925040245056 899.109489440918 718.079813957214 1099.3790473938 743.952363967896 656.966850280762 667.815093994141 489.142684936523 584.058486938477 634.598976135254 574.974075317383 855.609329223633 801.490550994873 787.171880722046 744.166751384735 791.380256652832 767.572501182556 885.71142578125 819.560115814209 836.859630584717 694.762283325195 794.575935125351 749.681571960449 733.276405334473
813.249420166016 620.706604003906 627.391719818115 648.005348205566 671.475897789001 609.710884094238 657.852523803711 779.025161743164 698.376117706299 700.877830505371 792.477401733398 719.816652297974 660.423236846924 624.981449127197 656.731378555298 825.859832763672 709.336540222168 680.546138763428 710.343929767609 797.227043151855 789.186740159988 519.162322998047 632.269721984863 808.556678771973 814.213027954102 719.440593242645 783.946758270264 635.362442016602 752.11025428772 644.24934387207 727.864141464233 749.855615615845 610.03971862793 644.542640686035 538.21142578125 645.525146484375 588.445053100586 501.362930297852 655.678634643555 893.194999694824 856.122459411621 751.858075857162 792.692177772522 921.263687133789 798.766138076782 749.833881378174 838.574798583984 819.18297958374 896.847259521484 893.027191162109
612.678226470947 587.237762451172 689.127288818359 704.390148162842 719.081188201904 616.026195526123 548.122406005859 718.59846496582 691.706082463264 714.694648742676 738.690200805664 679.844548225403 695.365600585938 525.109298706055 696.913843393326 767.876274108887 787.811096191406 687.26517868042 724.645462036133 641.316017150879 587.103530883789 560.25505065918 569.914581298828 698.489820480347 622.541091918945 777.54817199707 730.288794517517 712.691047668457 712.966987609863 752.483848571777 816.952285766602 784.278774261475 788.179496765137 569.318832397461 632.99243927002 563.290588378906 715.915344238281 536.867767333984 608.395767211914 816.230377197266 664.529388427734 685.448051452637 790.893724441528 745.283184051514 756.30917930603 778.814044952393 774.807868599892 825.459648132324 874.972190856934 804.072334289551
701.058120727539 652.248253822327 714.010307312012 719.605480194092 676.032808303833 659.713537216187 675.490345478058 632.935036659241 714.730278015137 665.466553688049 689.220943450928 681.352941036224 659.052621841431 566.531440734863 628.268154144287 788.343246459961 654.749752044678 609.474334716797 789.986274719238 804.892446517944 696.541721343994 649.159088134766 663.404891967773 656.763858795166 710.053804636002 622.82194519043 704.774396896362 645.323547363281 709.77046251297 681.442203521729 761.622207641602 804.107429504395 713.288306236267 753.897777557373 781.328808784485 814.192497253418 765.012023925781 751.094360351562 613.904663085938 733.782372951508 679.671119689941 631.662902832031 725.724697113037 653.113143920898 764.636379241943 832.92512512207 656.004547119141 730.225437164307 775.470081090927 770.49320602417
616.203235626221 651.595421791077 766.435501098633 740.311866760254 724.529275894165 726.589618682861 693.452844619751 636.581298828125 679.11333322525 631.66756439209 730.768539428711 706.037675857544 772.392646789551 654.091674804688 598.923194885254 745.119895935059 668.610602855682 797.219718933105 650.827789306641 708.204879283905 668.693877220154 706.915005683899 682.545955657959 648.182022094727 725.803250789642 558.718383789062 652.034957885742 680.902103424072 687.51477432251 697.210626602173 647.927871704102 819.115165710449 902.012237548828 921.907012939453 739.220558166504 705.374797821045 752.922485351562 746.758728027344 730.905527055264 722.680172920227 704.770900726318 764.484497070312 805.978652954102 791.689956665039 804.24870300293 844.618762969971 733.843326568604 754.55799639225 852.656524658203 909.582870483398
