simdem/realisation82.asc
NCOLS 350 
NROWS 171 
XLLCORNER 152620 
YLLCORNER 418050 
CELLSIZE 100 
NODATA_value -9999 
[rows 66 to 87 of 171, columns 250 to 299 of 350]
523.399871826172 529.357078552246 613.117195129395 684.1032371521 686.691003799438 654.100357837975 692.283655166626 509.163330078125 636.523513793945 643.004887580872 805.239356994629 684.098478317261 713.214294433594 721.696044921875 745.001277923584 647.150975227356 783.770805358887 625.38501739502 732.026134490967 752.062034606934 509.85514831543 660.667751312256 610.607475280762 790.058723449707 764.4736328125 749.958238601685 618.78231048584 678.740040302277 823.255790710449 858.126373291016 667.671089172363 631.02596282959 708.374975204468 800.724250793457 663.382080078125 718.763132095337 565.779388427734 538.099853515625 756.946441650391 777.040969848633 800.387247085571 777.431432723999 854.346507072449 583.551208496094 613.296157836914 634.534400939941 763.482654571533 802.75980758667 706.775421142578 824.063920021057
590.75350189209 561.579956054688 652.761737346649 733.466896057129 766.259742736816 672.406309127808 680.13966178894 670.089780807495 593.038452148438 569.544288635254 751.340202331543 600.753612518311 656.165270328522 688.829586029053 741.356704711914 771.246597290039 860.76692199707 891.297561645508 697.176126480103 679.329435348511 686.723667144775 549.029098510742 658.44361114502 796.685508728027 690.028162002563 693.455797195435 545.013580322266 693.016067028046 671.404315948486 639.543964385986 689.101791143417 730.634712219238 621.331230163574 719.943822383881 732.820788383484 670.803241729736 629.849967956543 655.038536071777 603.850692749023 632.764205932617 1118.05749511719 884.206253051758 688.913345336914 628.477806091309 729.884422302246 728.428777694702 816.359848022461 728.310356140137 726.617942810059 828.808486938477
500.211013793945 672.829357147217 661.545925140381 603.49097442627 554.025001525879 467.382263183594 688.849517822266 642.591247558594 530.185066223145 545.987602233887 608.406879425049 719.901790618896 592.279335021973 604.458812713623 778.470794677734 603.882278442383 853.012100219727 959.599822998047 810.927734375 737.663614749908 818.730537414551 679.176025390625 634.755462646484 725.644197463989 728.631761550903 623.215927124023 628.483604431152 751.173946380615 677.308966636658 645.984539031982 837.21851348877 689.478023529053 682.585285186768 711.040593743324 773.359733581543 783.275093078613 686.707275390625 710.45495223999 608.471160888672 693.638477325439 730.04369354248 598.037658691406 1044.77073669434 1394.07927131653 779.69457244873 749.731333732605 728.477838516235 680.945545196533 656.569564819336 786.9623670578
534.178398132324 511.095092773438 780.054046630859 672.425640106201 792.567504882812 655.774789810181 668.951692581177 654.932718276978 540.690902709961 597.857105255127 577.784332275391 674.840408325195 630.628219604492 542.053672790527 611.264270782471 653.44802570343 774.45482635498 709.02515411377 682.801278114319 638.938245773315 753.14478302002 746.400287628174 605.25411605835 681.458759307861 666.939611434937 727.881187438965 704.551592826843 716.677492141724 735.809623718262 795.80184173584 620.425437927246 607.024642944336 561.535751342773 539.499145507812 799.082473754883 735.225811958313 641.817764282227 755.78332901001 842.552810668945 772.614546775818 693.578018188477 635.105911254883 578.550079345703 787.385396957397 822.057193756104 1383.58325958252 578.431442260742 682.434962272644 665.015594482422 720.445190429688
568.148719787598 579.337749481201 659.444374084473 690.551685333252 625.710203170776 645.874853134155 640.493361949921 851.436370849609 769.242704391479 613.402512550354 633.362083435059 684.477584838867 508.56233215332 642.185011863708 590.150245666504 697.61553478241 651.431776046753 674.464562416077 618.352321624756 808.054397583008 714.567232131958 857.39241027832 688.028949737549 682.445242881775 572.126930236816 671.742877483368 835.387130737305 747.648017883301 771.053695678711 582.809127807617 742.00146484375 659.648448944092 666.750598907471 623.127456665039 790.971862792969 670.368614196777 665.228054046631 585.50212097168 747.158195495605 805.670124053955 825.889526367188 774.439653396606 702.044921875 794.297256469727 689.091114044189 695.657165527344 811.342567443848 1006.56687927246 791.852344512939 685.938140869141
498.99723815918 573.844036102295 553.876808166504 702.796195983887 492.073471069336 549.38907623291 686.899551391602 658.538379907608 656.706108093262 604.932487487793 564.681930541992 499.406967163086 523.359802246094 512.301666259766 736.912124633789 614.673400878906 554.236175537109 660.787189245224 541.453224182129 751.268291473389 681.77649974823 715.277244567871 669.229217529297 755.496269226074 781.576042175293 765.057971954346 709.000168800354 878.801864624023 688.600205421448 558.623031616211 684.178574085236 589.994087219238 724.660039901733 636.835594177246 669.263938903809 712.984777450562 687.937417984009 724.319155931473 673.858009338379 741.954620361328 723.834672927856 685.423309326172 605.179351806641 742.323440551758 752.982891082764 1160.48526000977 593.361572265625 637.93310546875 802.177577972412 667.51686668396
547.238555908203 458.636169433594 572.146606445312 733.008369445801 636.72652053833 606.575233459473 628.446601867676 635.532737255096 618.483863830566 628.922831296921 681.318723201752 571.501167297363 617.315439224243 542.222366333008 628.619155883789 542.86344909668 448.847961425781 623.020233154297 676.510274887085 586.457653045654 668.35920715332 633.236892700195 751.228019714355 809.942413330078 790.751388549805 671.225650787354 710.398363113403 699.545747518539 660.448461532593 719.399368286133 636.093669891357 822.963813781738 722.986080169678 597.055908203125 566.911102294922 713.834272384644 781.792686462402 731.436330795288 667.36695098877 731.606709480286 733.652155399323 1212.73695373535 713.583095550537 740.781986236572 571.680297851562 828.150161743164 624.188079833984 719.480850219727 571.25830078125 659.592666625977
589.256271362305 527.978935241699 699.511283874512 806.189147949219 757.848155975342 771.427757263184 720.504587173462 776.5561439991 561.592041015625 569.614379882812 539.936492919922 597.57413482666 674.11812210083 553.516868591309 655.885864257812 542.456169128418 500.751937866211 533.306968688965 676.12346124649 670.357842564583 524.071395874023 634.417762756348 765.810066223145 705.893997192383 580.358497619629 649.420614242554 744.250911712646 763.645286560059 694.483088493347 758.050846099854 535.058715820312 641.210483551025 571.623962402344 624.725471496582 665.364555358887 785.883636474609 668.202819824219 849.081520080566 695.464624404907 852.207000732422 585.300277709961 621.86994934082 812.326118469238 1148.27416229248 854.771728515625 901.61425870657 766.910846710205 729.798599243164 961.015228271484 658.441276550293
617.770833015442 636.807676315308 635.425060272217 745.866638183594 881.821716308594 806.815277099609 816.799186706543 743.82603263855 650.956382036209 768.323364257812 723.122501373291 694.495946884155 781.726455688477 713.30101776123 629.627906799316 509.263328552246 644.183557510376 541.435211181641 560.393257141113 527.945388793945 600.389335632324 552.061248779297 503.824768066406 640.194580078125 641.015922546387 773.90461730957 753.479431152344 730.946311950684 744.22533416748 706.649785518646 585.010330200195 719.515571594238 567.886978149414 646.781318664551 629.65975189209 714.933330535889 560.072143554688 779.198997497559 711.12225151062 611.647979736328 663.301334381104 937.872032165527 633.713188171387 921.743988037109 931.941452026367 619.295715332031 628.540588378906 668.912338256836 706.096015930176 899.946365356445
720.287963867188 581.40131187439 565.097092628479 584.474605083466 645.369835853577 626.822816610336 874.230972290039 806.676536560059 728.030609130859 830.584518432617 956.901184082031 866.90665435791 749.651809692383 697.040428161621 653.067023277283 593.183177947998 683.708156585693 664.336145401001 572.821624755859 537.332664489746 482.335556030273 644.16919708252 722.501352548599 519.420684814453 654.36682510376 701.749568939209 637.958953857422 737.200977325439 665.821155548096 671.606033325195 527.927322387695 695.777656555176 613.999084472656 525.277740478516 585.510879516602 477.155334472656 658.696445465088 790.83313369751 765.966257095337 721.314777374268 817.861865997314 808.285552978516 905.268390655518 887.499927520752 698.092559814453 859.685516357422 658.569717407227 667.844924926758 675.085479736328 893.855895996094
563.053871154785 468.490371704102 526.367652893066 696.948700428009 737.903329849243 523.270904541016 637.050048828125 747.772142410278 774.57373046875 717.347608566284 716.699809074402 800.946315765381 642.176824569702 599.176837921143 633.044357299805 755.210159301758 658.962217330933 672.095218658447 707.174606323242 562.399871826172 463.890121459961 574.973014831543 653.191368579865 644.23611831665 721.585216522217 681.091579794884 598.495864868164 605.919189453125 736.011890411377 647.090362548828 556.789176940918 526.841506958008 551.732009887695 726.294176101685 607.567596435547 570.280136108398 748.494996070862 693.137683868408 621.897994995117 572.957290649414 654.656227111816 714.279861450195 792.252105712891 736.260276794434 610.986221313477 596.888244628906 672.948165893555 549.062316894531 697.193176269531 679.047264099121
685.067355155945 604.701173782349 509.53141784668 790.55810546875 774.805355072021 606.125564575195 459.450096130371 476.542541503906 638.828460693359 690.085720062256 760.683216094971 656.517024993896 684.073600769043 690.551010131836 685.002267837524 676.8901450634 521.313613891602 535.158386230469 614.207365036011 548.895797729492 471.416763305664 784.894485473633 773.243125915527 698.255508422852 697.905321121216 827.19352722168 728.075481414795 613.895370483398 701.992307662964 604.583190917969 604.063163757324 682.23616361618 638.170627593994 632.042709350586 646.72159576416 731.92631149292 767.123880386353 564.013275146484 598.062194824219 692.266766548157 910.731414794922 676.362533569336 690.97509765625 907.184982299805 748.754776000977 584.520111083984 746.294509887695 625.705963134766 926.979988098145 1033.03114318848
640.754762649536 554.615394592285 573.007179260254 697.681838989258 716.746723175049 448.182342529297 520.968696594238 560.287250518799 658.012886047363 734.827100753784 716.899673461914 653.157612800598 707.821563720703 764.948303222656 528.68147277832 662.794700145721 557.207870483398 611.662719726562 730.420387268066 657.246952056885 675.400039672852 655.355787277222 906.430679321289 717.071575164795 560.084693908691 720.478820800781 709.21865272522 524.351943969727 626.659255981445 509.84765625 666.062420845032 718.952903747559 633.392393112183 586.673500061035 608.516326904297 640.615509033203 644.833396911621 652.087230682373 872.050216674805 660.850730895996 721.583311080933 1234.6425485611 934.920196533203 753.231380462646 717.738273620605 705.928100585938 759.973686218262 794.934768676758 1275.3877453804 915.211678504944
660.883533477783 600.612644195557 577.463851928711 640.689769268036 650.564685106277 719.51326751709 624.507209777832 734.035751342773 652.600728034973 820.115051269531 725.100120544434 604.13688659668 465.669326782227 577.018096923828 446.323333740234 572.595031738281 479.428298950195 549.703987121582 646.731321334839 726.348636627197 670.727615356445 563.797470092773 836.124114990234 799.455551147461 690.764545440674 725.870505332947 617.326728820801 680.328073501587 680.732919454575 794.998657226562 733.868225097656 656.842484712601 717.790334701538 519.759391784668 751.755676269531 588.815933227539 521.572891235352 591.683391571045 656.294267654419 852.642894744873 657.784257411957 848.005041122437 1071.30917692184 806.182723999023 1088.68075942993 663.54061126709 829.209411621094 534.799285888672 718.981170654297 759.200592041016
543.753448486328 676.20295715332 769.815200805664 706.48469543457 677.865821838379 672.63158416748 729.64575958252 804.275428771973 753.456047058105 688.73921585083 757.247478485107 626.445762634277 693.457000732422 651.065222024918 655.554893493652 471.865737915039 628.758155822754 683.996883869171 636.405155181885 707.195374488831 729.912155151367 764.256004333496 678.908618927002 764.868461608887 642.035781860352 676.666484832764 544.380332946777 568.312057495117 584.645797729492 580.473865509033 796.439254760742 641.994071960449 622.282770633698 622.699089050293 469.64289855957 438.232833862305 441.504669189453 531.170593261719 653.0356965065 962.182723999023 763.096458435059 842.948677062988 873.557723999023 1175.64043426514 700.729698181152 759.753257751465 1154.31782531738 601.735443115234 614.196319580078 737.965400695801
578.684535980225 836.824310302734 682.634059906006 738.096694946289 764.067192077637 757.96167755127 683.59433555603 768.402030944824 756.822635650635 659.933849811554 601.793045043945 769.318977355957 601.723049163818 648.756601333618 788.550849914551 585.160385131836 713.959674835205 622.514163970947 702.221928477287 597.912635803223 676.450534820557 614.668880462646 674.75133228302 591.451148986816 705.025562286377 745.108978271484 615.801513671875 630.624214172363 608.154090881348 631.525290489197 709.807033538818 711.065495491028 639.989135742188 631.759536743164 736.879426956177 678.886293411255 533.600936889648 608.278831481934 673.871192932129 844.567771911621 616.489311218262 875.563054382801 664.427360534668 873.592414855957 937.775451660156 610.524261474609 1085.88473510742 685.171279907227 757.701427459717 816.331535339355
518.306594848633 597.120582580566 730.48811340332 583.230073928833 739.21102142334 686.485294342041 636.525285720825 631.96413230896 703.952907562256 739.450340270996 735.865280151367 665.486877441406 658.12384223938 687.468204498291 476.159820556641 713.445083618164 594.948154449463 686.260286331177 575.354446411133 615.021423339844 680.345477104187 691.834370613098 630.589527130127 631.960784912109 729.566429138184 636.700275421143 617.936637878418 554.491500854492 649.207582473755 552.090942382812 647.34398651123 646.083854675293 596.276306152344 686.092078208923 570.996307373047 626.656234741211 713.143352508545 792.857063293457 825.754928588867 868.71711730957 632.054412841797 690.194137573242 636.784246444702 811.337547302246 872.42707824707 527.829925537109 567.024826049805 604.220352172852 858.839302062988 1000.05354309082
522.828880310059 651.432266235352 517.104705810547 637.157585144043 618.92748260498 580.380702972412 639.976455688477 598.114456176758 563.546035766602 589.311367034912 772.085968017578 725.266761779785 749.392333984375 716.041702270508 711.532196044922 669.875102996826 635.475158691406 597.689933776855 486.613723754883 654.441486358643 698.330336093903 615.341548919678 596.901022911072 756.077098846436 732.975276947021 597.073249816895 540.502777099609 731.110595703125 678.841438293457 445.390670776367 645.589492797852 604.501205444336 691.422584533691 706.87219619751 665.53037405014 749.945682525635 726.481910705566 779.242004394531 669.23482131958 717.208694458008 597.387359619141 991.026779174805 420.115264892578 574.492706298828 1001.04409790039 575.765670776367 792.570037841797 711.086135864258 853.91877746582 730.984962463379
616.132369995117 637.166009902954 414.941162109375 558.44376373291 641.854073524475 662.254552841187 577.762264251709 549.543533325195 443.535339355469 573.857471466064 760.226455688477 676.9091796875 768.480354309082 1166.53218078613 1053.17351531982 599.814605712891 746.158065795898 518.395843505859 654.426958084106 692.259204387665 734.90078163147 663.775272369385 730.774675369263 843.035266876221 566.087463378906 658.896961212158 709.152053833008 774.098731994629 637.591651916504 609.52188873291 621.339302062988 541.239685058594 577.416450500488 687.046379089355 759.895210266113 661.505359649658 647.622211456299 641.688591003418 649.303524017334 763.42301940918 574.42561340332 700.755416870117 622.694198608398 465.702621459961 641.476303100586 819.760078430176 679.094268798828 602.030029296875 713.652046203613 747.167327880859
496.769561767578 616.281484603882 684.801330566406 613.417167663574 525.289726257324 733.348129272461 715.458992004395 553.478790283203 715.259868621826 691.406841278076 770.222503662109 658.860301971436 609.839082479477 757.990131378174 696.039978027344 608.314373016357 556.034240722656 758.558921813965 702.003868103027 778.698394775391 668.826807022095 754.034202575684 711.316179871559 778.851295471191 639.023666381836 787.72477722168 1034.83563232422 686.580675125122 721.520324707031 648.296119689941 570.842247009277 621.74437713623 577.319488525391 603.538345336914 620.124549865723 645.745254516602 642.422908782959 515.243309020996 571.978515625 919.620048522949 1175.52916717529 547.88623046875 962.146713256836 623.401672363281 528.718437194824 742.128524780273 714.060081481934 667.308288574219 669.359413146973 1171.49693274498
862.149719238281 637.034504890442 722.812103271484 491.648574829102 632.728176116943 566.30884552002 634.306089401245 620.946971893311 721.537185668945 756.599090576172 625.419002532959 774.873180389404 615.662094116211 597.357395172119 553.057273864746 654.333160400391 684.600925445557 734.783962249756 622.184497833252 592.36011505127 776.588603973389 551.400825500488 1224.35276031494 717.469966888428 876.833923339844 761.140892028809 861.396102905273 808.794761657715 746.300819396973 592.273513793945 675.664806365967 643.524406433105 605.862762451172 608.477973937988 502.230621337891 549.333282470703 520.889022827148 686.481895446777 658.529804229736 1040.3037109375 509.888687133789 618.324638366699 575.505645751953 1381.2021484375 634.12272644043 1732.18709564209 736.763648986816 734.348392486572 1012.73215103149 913.176982879639
1210.99380493164 879.80158996582 913.983917236328 753.655078887939 723.898973464966 596.215963363647 574.577835083008 502.231567382812 659.287742614746 694.426273345947 670.638007164001 839.89111328125 867.658115386963 801.428031921387 626.740364074707 1102.67567062378 1126.63187408447 590.75212097168 529.628349304199 671.211713314056 664.308149814606 683.762983322144 701.076648712158 804.772331237793 704.667839050293 855.434921264648 630.624280929565 448.012420654297 670.907836914062 603.089500427246 630.795692443848 620.653305053711 754.924370765686 710.211090087891 650.218246459961 530.517776489258 634.622276306152 734.771480560303 644.093265533447 651.435562133789 607.913238525391 531.037582397461 490.592956542969 615.134384155273 837.171051025391 955.979095458984 585.710845947266 638.777847290039 682.930564880371 698.68115234375
