simdem/realisation76.asc
NCOLS 350 
NROWS 171 
XLLCORNER 152620 
YLLCORNER 418050 
CELLSIZE 100 
NODATA_value -9999 
[rows 132 to 153 of 171, columns 300 to 349 of 350]
1010.49729919434 942.804563522339 1593.69079113007 1178.00392341614 1042.48784637451 974.435916900635 1767.80410766602 1555.79772949219 1293.23149108887 1267.54157590866 1339.61080169678 1277.30267333984 1122.30808639526 1284.81134033203 1241.25233459473 962.883869171143 1079.91835021973 989.442321777344 1165.57388305664 1108.44839477539 926.975402832031 776.668228149414 872.453327178955 905.642784118652 939.16869354248 980.627395629883 927.75846862793 820.125186920166 860.194709777832 936.362216949463 854.530362606049 767.381576538086 951.008335113525 1013.78256988525 -9999 -9999 -9999 -9999 -9999 -9999 -9999 -9999 -9999 -9999 -9999 -9999 -9999 -9999 -9999 -9999
857.624589920044 959.261024475098 914.255746841431 1426.76544189453 1210.13624572754 1000.21800994873 1546.47503662109 1961.9543762207 1276.12101745605 1101.92090988159 1079.8171710968 1294.1130065918 1104.64831733704 1217.66181182861 1542.83787536621 1791.98674201965 1777.16961669922 2401.22967529297 2107.32373046875 1627.49215698242 1630.26553344727 890.278614997864 884.434074401855 988.37931060791 853.394366264343 866.567111968994 980.531692504883 950.007898330688 961.500801086426 922.468215227127 788.720012664795 808.409629821777 861.59083366394 899.558917999268 -9999 -9999 -9999 -9999 -9999 -9999 -9999 -9999 -9999 -9999 -9999 -9999 -9999 -9999 -9999 -9999
813.135042190552 854.126304626465 805.503368377686 1010.68283081055 1155.18795776367 1083.26905059814 1458.09414672852 1554.15518188477 1438.56939697266 1307.94207763672 1189.92015838623 1319.20949554443 1337.99779510498 1169.44215393066 1414.49800109863 1499.39961242676 1312.1918182373 1625.87728881836 1195.13888549805 1231.5329284668 1313.8514251709 1216.1329574585 915.168506622314 808.408088684082 792.011604309082 823.861923217773 915.397207260132 821.153072357178 941.967447280884 958.158527374268 847.248046875 750.907432556152 913.268432617188 983.153282165527 870.269783973694 -9999 -9999 -9999 -9999 -9999 -9999 -9999 -9999 -9999 -9999 -9999 -9999 -9999 -9999 -9999
809.650171279907 825.623756408691 1084.77841567993 1328.07211303711 1149.38633728027 1054.69125366211 1035.05953979492 1583.96649169922 1619.55963134766 1507.06384277344 1297.19035339355 1531.83413696289 1252.81967163086 1081.61610794067 1181.06093597412 1764.95079803467 1350.73876953125 1164.90606689453 1222.73348999023 1112.19277954102 1189.15800476074 990.296621322632 1066.00382995605 929.629951477051 824.968631744385 808.159698486328 835.575871229172 741.256370544434 798.437171936035 807.110885620117 762.595977783203 748.529510498047 1132.37376594543 748.040195465088 893.7751121521 984.843360900879 -9999 -9999 -9999 -9999 -9999 -9999 -9999 -9999 -9999 -9999 -9999 -9999 -9999 -9999
915.273101806641 850.165222167969 743.62809753418 1072.40915679932 1117.52592468262 1368.53073120117 1115.01770782471 1026.38782501221 1194.27671813965 1258.97598266602 1217.24792480469 1142.67868041992 1397.73749923706 1503.94821929932 1088.77471923828 965.027160644531 998.482975006104 1099.09499359131 1090.34320831299 1124.16079711914 1159.54776000977 945.541347503662 824.842239379883 1044.52363586426 1057.82125854492 1074.55212402344 861.04319858551 637.280746459961 817.651969909668 768.977165222168 861.284210205078 1325.66885375977 823.615829467773 824.437675476074 839.091438293457 939.422047615051 -9999 -9999 -9999 -9999 -9999 -9999 -9999 -9999 -9999 -9999 -9999 -9999 -9999 -9999
809.738380432129 834.926536560059 756.316513061523 869.245233535767 926.909469604492 1279.00405883789 1245.32827758789 1104.93560028076 1217.68322753906 1365.45654296875 1043.48294067383 915.891830444336 1322.53225135803 1315.04862976074 1247.98389434814 1087.49066925049 1078.12631988525 960.466062545776 999.650466918945 1107.26187133789 1130.24301147461 904.882771015167 996.527782440186 1011.13483428955 970.955600738525 1115.93306159973 1653.81047439575 863.539772033691 889.365051269531 904.597158432007 1243.45279693604 877.685585021973 883.485404014587 877.896039307117 837.236786842346 924.940422058105 872.662519454956 -9999 -9999 -9999 -9999 -9999 -9999 -9999 -9999 -9999 -9999 -9999 -9999 -9999
810.777160644531 793.146041870117 711.621887207031 756.961036682129 919.023483276367 1000.08096694946 1420.47584533691 1251.03823852539 1196.03140258789 1268.51760864258 1046.28335189819 899.873386383057 1077.48196029663 1690.38775634766 1390.28645896912 1275.72558307648 1122.4217300415 1075.4019241333 1093.91960144043 1244.11721801758 1013.56196594238 857.244041442871 951.731979370117 995.115070343018 953.355693817139 844.460952758789 947.739551544189 1010.01825714111 1135.84063339233 1334.61370849609 996.780822753906 879.434684753418 978.912170410156 833.578998565674 907.735446929932 892.892150878906 810.908952713013 -9999 -9999 -9999 -9999 -9999 -9999 -9999 -9999 -9999 -9999 -9999 -9999 -9999
666.005363464355 668.120712280273 680.687957763672 703.958229064941 821.46869969368 1111.62462711334 1095.617015481 1048.77227497101 974.726385116577 1001.71871948242 936.304931640625 1036.34201431274 938.077850341797 877.929748535156 1667.54368972778 1704.31385231018 899.724979400635 1284.2414855957 1199.54922485352 1138.05854797363 1046.24366760254 939.994123458862 969.247993469238 1059.03546905518 1008.1872177124 988.973285675049 873.075317382812 945.621950626373 1066.77756118774 1248.53784942627 981.220935821533 829.676910400391 867.063018798828 886.667107760906 915.432942390442 814.171630859375 913.094902038574 747.767562866211 -9999 -9999 -9999 -9999 -9999 -9999 -9999 -9999 -9999 -9999 -9999 -9999
775.256771087646 815.782371520996 812.41593170166 748.293338775635 1090.78443908691 1153.55033874512 995.623868942261 1010.83321380615 1056.26891994476 995.6123046875 927.681411743164 955.731281280518 825.786483764648 918.640022277832 1405.18653106689 1699.29974365234 1195.98881530762 1098.64379882812 1035.75648498535 1062.44702911377 1117.28714752197 969.018486022949 964.902359008789 1118.55560302734 1012.90830993652 970.014759063721 996.819955825806 1049.45520782471 1170.96449279785 1008.95890426636 1217.32992553711 950.104942321777 1075.86003112793 854.44409942627 764.123947143555 820.233512878418 867.744792938232 828.026908874512 -9999 -9999 -9999 -9999 -9999 -9999 -9999 -9999 -9999 -9999 -9999 -9999
732.828605175018 733.269111633301 818.28715133667 764.393211364746 971.015296936035 896.347545623779 978.837085723877 730.828620910645 1017.479845047 769.216247558594 920.831916809082 971.53450012207 999.615604400635 1138.50144577026 1165.47058486938 1603.18315124512 1200.74615478516 1267.67692565918 1259.74026489258 965.054100036621 1070.57091522217 961.940855026245 969.287969589233 862.153182983398 790.120376586914 958.49623298645 921.101610183716 1052.46664237976 1154.67893981934 1122.8447227478 1224.08979988098 1034.72795677185 876.666633605957 1036.77090835571 870.914356231689 901.985315322876 888.741195678711 883.822071075439 831.400001525879 -9999 -9999 -9999 -9999 -9999 -9999 -9999 -9999 -9999 -9999 -9999
831.895526885986 747.910472869873 757.069976806641 843.536586761475 960.07788848877 979.008796691895 1102.27308273315 1087.94578170776 1063.82250976562 959.218940734863 915.77482509613 1158.49536323547 1012.59028911591 1047.92324972153 1416.70750427246 1163.26027679443 1122.6625289917 1067.53042602539 1204.8041229248 1151.47561836243 1377.71938323975 942.587448120117 1354.72814178467 1069.59323120117 925.2080078125 1060.9665184021 1006.37602996826 984.834976196289 1105.73424530029 1099.85101318359 1200.49953556061 1098.54238891602 872.494720458984 1065.46632766724 950.150775909424 875.825260162354 1030.10858154297 1053.84245300293 857.513469696045 -9999 -9999 -9999 -9999 -9999 -9999 -9999 -9999 -9999 -9999 -9999
749.2109375 755.350801467896 745.963826656342 770.057315826416 930.833076477051 927.200912475586 846.327163696289 1003.29486465454 947.800735473633 833.904842376709 922.850605010986 960.582876205444 1122.91823577881 1084.58554840088 1137.31995773315 1497.42374420166 1197.40063476562 1042.36407852173 1117.70625305176 1070.35314941406 983.518081665039 1014.29708480835 1111.1516212821 1006.15301513672 913.287261962891 985.324684143066 987.945381164551 874.939758300781 1116.26267242432 1106.43004608154 1099.36045074463 1072.3157119751 1092.71615600586 934.564413070679 1001.59987068176 937.821235656738 892.263412475586 1049.45488739014 885.806015968323 -9999 -9999 -9999 -9999 -9999 -9999 -9999 -9999 -9999 -9999 -9999
761.345710754395 738.574909210205 817.352119445801 775.834747314453 792.662418365479 733.216516494751 812.16654586792 841.26097869873 948.530120849609 821.085590362549 713.397678375244 844.904090881348 907.093406677246 977.505838394165 1050.23106944561 1076.12760543823 1568.11570739746 1021.52587509155 1070.23546600342 953.256679534912 952.9265832901 797.406028747559 997.299879074097 1432.73657226562 1099.01221084595 1045.19718456268 1521.26358795166 997.456073284149 1110.08472824097 1103.52480316162 1134.93725204468 1106.09996032715 997.333763122559 970.979042053223 961.878993988037 896.993682861328 930.330564498901 1038.05567932129 938.646385192871 906.542066633701 -9999 -9999 -9999 -9999 -9999 -9999 -9999 -9999 -9999 -9999
791.690589904785 681.093608856201 827.636451721191 740.602354645729 701.178894042969 732.293231964111 712.046619415283 878.08325958252 889.527702331543 878.456943511963 809.235322952271 682.769592285156 767.163021087646 905.636199951172 906.742637634277 1018.48146820068 1074.61008834839 1152.08097839355 1655.19985198975 925.17163848877 914.162376403809 801.428436279297 1018.32078528404 1011.12215423584 1275.63803100586 1530.42781066895 852.503631591797 1147.43357658386 1038.28640651703 1008.75106430054 1033.7035446167 973.494539856911 881.818811833858 809.52547454834 1011.53556060791 1020.85860443115 997.119379043579 927.628602027893 975.75072479248 762.919921875 -9999 -9999 -9999 -9999 -9999 -9999 -9999 -9999 -9999 -9999
830.129955291748 722.873781204224 691.124412536621 727.752958297729 733.124856948853 693.29638671875 742.094993591309 768.500948905945 1048.04387664795 1007.14112854004 849.306812286377 780.19010925293 725.453651428223 735.191562652588 930.733951568604 920.189826965332 1133.33703613281 1059.85347747803 1109.28569030762 1101.80802536011 1130.76607513428 1053.40503692627 1049.38487148285 1018.01001262665 947.300704956055 1295.06854200363 856.726898193359 790.24299621582 1107.35829162598 899.478515625 1002.56792449951 1065.37913513184 795.764114379883 971.579208374023 828.393508911133 972.440921783447 1027.0329246521 830.453369140625 1012.45336914062 920.979512453079 -9999 -9999 -9999 -9999 -9999 -9999 -9999 -9999 -9999 -9999
660.539436340332 676.374519348145 728.899541854858 659.63890838623 765.410804986954 679.711059570312 709.157348632812 773.950288534164 843.176391601562 945.252012252808 982.020572662354 889.6208152771 739.339965820312 654.216796875 729.261909484863 886.075736999512 977.303800582886 894.99779510498 1034.85700511932 1169.5092086792 1005.62081050873 1161.83123016357 1025.45485067368 1082.55759429932 1083.01666641235 1075.09107208252 1010.91487598419 1175.80960845947 913.819366455078 1096.44969177246 911.152549743652 935.984174728394 867.013824462891 889.213733673096 896.206466674805 966.0649061203 1089.16240692139 960.750233650208 876.757354736328 927.027408599854 919.854270935059 -9999 -9999 -9999 -9999 -9999 -9999 -9999 -9999 -9999
695.926773071289 780.384635925293 716.97008895874 538.798568725586 402.999908447266 471.742553710938 677.126525878906 660.972564697266 787.670394897461 840.217012405396 854.157699584961 909.254409790039 833.893684387207 767.666946411133 814.511873245239 977.030426025391 799.997970581055 822.304880142212 787.34294128418 937.967426300049 1112.69464111328 1008.41513824463 1099.42721164227 1164.76342773438 946.145942687988 1134.30760955811 1045.02475118637 897.245574951172 876.712303161621 861.403697967529 899.990015506744 923.014783859253 764.886993408203 888.361089706421 867.886817932129 967.605613708496 952.816125869751 909.655181884766 749.636703491211 827.386260986328 915.470914840698 -9999 -9999 -9999 -9999 -9999 -9999 -9999 -9999 -9999
616.791213989258 663.903366088867 700.456924438477 727.318531036377 696.395683288574 594.479949951172 661.319068908691 768.677146911621 772.560981750488 737.743942260742 664.191291809082 874.488132476807 761.115325927734 1126.08487462997 836.251292228699 1015.80122375488 727.529838562012 922.40079498291 893.643627166748 835.275381088257 762.518753051758 870.654563903809 1167.41942214966 1202.99845123291 1083.87678146362 1099.4016494751 932.177803039551 912.96337890625 797.947647094727 814.028251647949 833.852924346924 905.201392054558 788.031784057617 750.775253295898 1081.51174926758 1038.32431411743 838.426498413086 896.546199798584 803.569885253906 788.253929138184 823.573165893555 835.119003295898 -9999 -9999 -9999 -9999 -9999 -9999 -9999 -9999
818.321617126465 691.095581054688 738.598266601562 690.311683654785 787.582492828369 807.652729034424 740.23840713501 784.640037536621 671.530258178711 771.876686096191 738.945373535156 881.733673095703 852.036602139473 974.509059906006 963.198043823242 917.317409515381 785.468082427979 863.280452728271 1004.95170593262 973.821647644043 728.808975219727 929.148734092712 888.270500183105 964.956878662109 1002.76869392395 954.017872333527 1109.43737030029 996.531636834145 826.395477294922 977.646190643311 774.264183044434 738.036819458008 894.90811920166 890.241708755493 848.05184173584 914.379386901855 975.767413854599 1152.14137268066 927.072120666504 972.804584503174 881.453338623047 840.930068969727 -9999 -9999 -9999 -9999 -9999 -9999 -9999 -9999
723.02112197876 772.8046875 739.546173095703 625.953842163086 680.947143554688 719.721603393555 837.965843200684 870.846900939941 801.476600646973 863.037170410156 894.309700012207 867.362182617188 871.584552764893 1084.39402770996 951.499431610107 977.115497589111 859.099189758301 887.44581413269 881.908500671387 785.563938140869 690.603698730469 810.335033416748 895.54903793335 750.381011962891 895.434341430664 872.648784637451 1020.36233520508 1113.69633483887 1131.69259643555 1061.32604217529 941.825755596161 865.196334838867 899.574443817139 872.588455200195 1245.725730896 894.568187713623 929.130264282227 1059.96762084961 1133.17973327637 937.157192230225 936.799719810486 987.056334998459 866.07649230957 -9999 -9999 -9999 -9999 -9999 -9999 -9999
754.195781707764 769.929046630859 832.940569877625 804.741736412048 881.277130126953 747.288795471191 960.135925292969 879.233978271484 817.736385345459 903.388145446777 920.802604675293 909.521820068359 948.346332550049 861.453290939331 970.943710327148 947.493438720703 1082.12155532837 941.629228591919 964.499620914459 905.647716522217 710.922302246094 608.752029418945 866.596961021423 819.303203582764 911.066537857056 766.963272094727 984.995735168457 973.81120300293 917.23081111908 1060.20959472656 1081.75733947754 881.391754150391 808.046989440918 764.878662109375 1067.57629394531 952.559041023254 969.666634082794 1084.23308181763 1161.31971740723 1182.85179138184 1073.65727996826 913.034118652344 801.031494140625 -9999 -9999 -9999 -9999 -9999 -9999 -9999
760.71195602417 811.63842010498 930.999801635742 867.142196655273 804.098631858826 795.311970710754 818.111703872681 736.732471466064 720.601371765137 736.069274902344 869.684799194336 893.479427099228 965.947738647461 818.629371643066 670.153701782227 683.835144042969 899.863935470581 860.179565429688 809.089782714844 948.035511016846 860.950210571289 1007.24548339844 880.593601226807 1014.76580810547 985.449394226074 1065.74591064453 1013.10394287109 928.595714569092 830.980892181396 786.57984161377 871.154220581055 1002.04670906067 943.650371551514 723.546936035156 1045.90347290039 793.291931152344 910.215293884277 1079.81747055054 1123.12426757812 1108.60159301758 916.761627197266 837.281921386719 889.191566467285 963.230310916901 -9999 -9999 -9999 -9999 -9999 -9999
