simdem/realisation48.asc
NCOLS 350 
NROWS 171 
XLLCORNER 152620 
YLLCORNER 418050 
CELLSIZE 100 
NODATA_value -9999 
[rows 88 to 109 of 171, columns 0 to 49 of 350]
-9999 -9999 -9999 -9999 -9999 -9999 -9999 -9999 -9999 -9999 -9999 -9999 -9999 -9999 -9999 -9999 -9999 365.417686462402 167.809173583984 96.7744903564453 356.647312164307 497.664951324463 530.040976405144 728.897918701172 509.384160518646 653.301229476929 628.93852519989 354.000643968582 677.750923156738 501.85583114624 261.799522399902 325.961536407471 597.211709499359 295.975807189941 465.924556732178 414.433981895447 516.148002624512 751.792949676514 769.473876953125 670.863121032715 629.581588745117 591.557022094727 222.947692871094 358.813049316406 500.709259033203 336.077116727829 545.607421875 412.739456176758 627.663463592529 361.78742980957
-9999 -9999 -9999 -9999 -9999 -9999 -9999 -9999 -9999 -9999 -9999 -9999 -9999 -9999 -9999 -9999 -9999 459.034432411194 490.648906707764 177.768844604492 312.051330566406 387.421112060547 429.801843881607 580.744983673096 528.552671432495 829.08846282959 705.417121887207 1086.97577285767 738.526702880859 661.14697265625 404.12092590332 586.285195589066 318.433780670166 463.40119934082 634.396591186523 746.206497192383 682.238388061523 708.294769287109 623.943778991699 666.4877576828 588.693832397461 578.141067504883 586.529294490814 457.668167114258 447.113082885742 357.888873100281 577.194225311279 560.355264663696 344.009990692139 463.919193267822
-9999 -9999 -9999 -9999 -9999 -9999 -9999 -9999 -9999 -9999 -9999 -9999 -9999 -9999 -9999 -9999 639.187503814697 590.016600608826 311.716972351074 177.204544067383 415.096961975098 362.251502990723 541.882667541504 580.849708557129 662.1106300354 697.550598144531 595.470325469971 546.111804962158 564.753311157227 549.741394042969 421.108901977539 679.742958068848 497.886444091797 800.402954101562 717.697235107422 681.75577545166 960.834854125977 625.328521728516 560.179213523865 524.975936889648 322.275427818298 379.081111907959 709.161548614502 426.782783508301 429.604516983032 501.117639541626 426.732936859131 323.511920928955 536.898223876953 391.427730560303
-9999 -9999 -9999 -9999 -9999 -9999 -9999 -9999 -9999 -9999 -9999 -9999 -9999 -9999 -9999 -9999 701.786750793457 639.887969970703 543.190002441406 429.212791442871 464.886299133301 616.072403669357 581.862091064453 579.693222045898 679.179069519043 526.728591918945 666.69361114502 547.083560943604 541.127052307129 318.671951293945 423.161270141602 391.391098022461 505.635707855225 473.101121425629 760.760126948357 504.42911863327 649.706504821777 947.846435546875 471.867721557617 178.291458129883 219.43727684021 212.742408752441 299.711303710938 216.190502166748 504.323280334473 179.751792907715 167.70435333252 255.216942310333 287.496901512146 418.608825683594
-9999 -9999 -9999 -9999 -9999 -9999 -9999 -9999 -9999 -9999 -9999 -9999 -9999 -9999 -9999 508.6708984375 607.520610809326 637.852890014648 616.00122833252 546.030769348145 585.684810638428 667.643157958984 596.137886047363 923.42505645752 508.305513858795 626.056129455566 481.090682983398 291.439605712891 638.40442276001 554.984024047852 716.017883777618 644.855056762695 769.844623565674 387.35954284668 752.780647277832 563.800369262695 761.372032165527 730.01163482666 692.347499847412 191.0993309021 148.014205932617 82.5429077148438 208.265571594238 31.3090629577637 288.61925983429 252.190703392029 128.068771362305 250.625476837158 468.70711517334 356.565063476562
-9999 -9999 -9999 -9999 -9999 -9999 -9999 -9999 -9999 -9999 -9999 -9999 -9999 -9999 -9999 624.059143066406 439.727642059326 523.963985443115 539.895210266113 468.27196598053 464.513427734375 448.099292755127 777.814445495605 876.568237304688 923.362174987793 665.47534942627 680.071250915527 427.622582912445 488.930732727051 414.203544616699 467.664672851562 481.043334960938 469.737157821655 331.511141777039 655.029229164124 475.258544921875 485.561325073242 714.662494659424 727.605167388916 162.705238342285 154.395950317383 224.027111053467 203.364051818848 228.709325790405 205.338593959808 340.727325439453 353.009330749512 427.807250976562 499.972930908203 442.212265014648
-9999 -9999 -9999 -9999 -9999 -9999 -9999 -9999 -9999 -9999 -9999 -9999 -9999 -9999 556.940954208374 704.578109741211 595.249076843262 492.648856639862 441.084806442261 540.17512512207 671.285308837891 602.35555267334 700.379440307617 838.811050415039 635.951560974121 556.960521697998 653.334844589233 399.458367347717 349.292930603027 271.519104003906 589.816349029541 442.454971313477 470.524108886719 383.191249847412 351.722625732422 653.442585945129 513.563507080078 548.473388671875 -9999 -9999 224.610549926758 213.146011352539 190.861161231995 238.270706176758 172.52099609375 319.280136585236 535.187957763672 570.770526885986 331.931861877441 415.706207275391
-9999 -9999 -9999 -9999 -9999 -9999 -9999 -9999 -9999 -9999 -9999 -9999 -9999 -9999 553.483375549316 527.546875476837 743.721145629883 478.903721809387 428.190158843994 564.086337566376 551.436130523682 651.493060112 523.692176818848 691.102897644043 665.899978637695 593.663500547409 747.456108093262 632.781986236572 542.005187988281 541.079360961914 708.86190032959 357.748840332031 372.297180175781 441.956283569336 398.161643981934 -9999 -9999 -9999 -9999 -9999 -9999 -9999 176.450550079346 190.484355926514 120.059127807617 227.590161442757 245.035469055176 584.199874401093 217.011878967285 311.922525405884
-9999 -9999 -9999 -9999 -9999 -9999 -9999 -9999 -9999 -9999 -9999 -9999 -9999 408.71452331543 552.258167266846 455.44263458252 518.340422868729 103.419105529785 365.824939727783 395.260025024414 695.772064208984 673.283082485199 998.806356906891 628.121082305908 516.588882446289 469.286376953125 741.936340332031 577.5710105896 656.699081420898 740.946704864502 493.929592132568 450.685773849487 623.256561279297 435.484771728516 502.103240966797 -9999 -9999 -9999 -9999 -9999 -9999 -9999 -9999 157.112251281738 162.164108276367 238.91782784462 154.043571472168 75.5225830078125 286.936660766602 307.654750823975
-9999 -9999 -9999 -9999 -9999 -9999 -9999 -9999 -9999 -9999 -9999 -9999 -9999 505.723495483398 564.326774597168 479.920266151428 55.8614654541016 -13.4864349365234 194.581718444824 502.208602905273 734.335586547852 460.367007255554 574.686149597168 356.496826171875 357.471221923828 502.199859619141 644.267387390137 639.373008728027 580.792915344238 690.011825561523 317.425514221191 462.047782897949 515.696556091309 576.076126098633 -9999 -9999 -9999 -9999 -9999 -9999 -9999 -9999 -9999 -9999 201.300312042236 328.071617126465 282.928654670715 146.024635314941 422.071493148804 115.664199829102
-9999 -9999 -9999 -9999 -9999 -9999 -9999 -9999 -9999 -9999 -9999 -9999 609.09497833252 543.034370422363 554.08088684082 532.685436248779 486.4765625 490.281105041504 540.487495422363 612.175300598145 639.182796478271 461.213245391846 584.145421981812 522.161333084106 420.800079345703 574.205053329468 669.400108337402 613.26691532135 863.241165161133 625.936431884766 269.217727661133 525.348094940186 535.069969177246 -9999 -9999 -9999 -9999 -9999 -9999 -9999 -9999 -9999 -9999 -9999 416.406776428223 431.856575012207 276.445953369141 207.780067443848 204.775970458984 520.624359130859
-9999 -9999 -9999 -9999 -9999 -9999 -9999 -9999 -9999 -9999 -9999 474.601522445679 612.003433227539 360.899971008301 468.796909332275 464.391651153564 619.757581830025 755.411914825439 625.838148117065 740.705307006836 580.192628860474 936.500846862793 643.108795166016 411.534515380859 512.855606079102 538.936508178711 591.204610824585 774.93994140625 616.46689414978 582.29744720459 496.269613027573 443.506782531738 417.637596130371 -9999 -9999 -9999 -9999 -9999 -9999 -9999 -9999 -9999 -9999 -9999 -9999 293.30150604248 365.183904647827 227.68286895752 288.028871536255 464.907638549805
-9999 -9999 -9999 -9999 -9999 -9999 -9999 -9999 -9999 -9999 -9999 358.507720947266 386.499801635742 254.557464599609 429.391359329224 420.720098495483 513.038977622986 654.116652488708 625.10001373291 604.928606033325 445.12186050415 459.934272766113 548.014493942261 670.237358093262 546.882476806641 629.516859769821 583.698623657227 501.002754211426 588.736713409424 505.697204589844 488.678546905518 422.68285369873 -9999 -9999 -9999 -9999 -9999 -9999 -9999 -9999 -9999 -9999 -9999 -9999 -9999 428.871891975403 454.738494873047 366.800666809082 216.189590454102 398.173355102539
-9999 -9999 -9999 -9999 -9999 -9999 -9999 -9999 -9999 -9999 416.104476928711 387.778908729553 314.221031188965 313.369323730469 423.22864151001 564.581883192062 675.724593162537 693.863548278809 506.842140197754 347.397338867188 498.000279903412 685.840850830078 669.077682495117 683.061538696289 523.320281982422 762.614110946655 503.174549102783 514.222805023193 374.539600372314 448.127922058105 489.448913574219 -9999 -9999 -9999 -9999 -9999 -9999 -9999 -9999 -9999 -9999 -9999 -9999 -9999 -9999 -9999 436.832710266113 377.994922637939 170.575805664062 391.617555618286
-9999 -9999 -9999 -9999 -9999 -9999 -9999 -9999 -9999 -9999 481.151866912842 322.803115844727 332.780158996582 381.162311553955 330.61629486084 459.6194190979 592.854598999023 360.799797058105 437.846893310547 432.053833007812 616.194190979004 649.668365478516 529.500938415527 414.616516113281 522.992034912109 450.888088226318 581.21484375 334.82280254364 213.926610469818 201.510040283203 -9999 -9999 -9999 -9999 -9999 -9999 -9999 -9999 -9999 -9999 -9999 -9999 -9999 -9999 -9999 -9999 -9999 541.82691192627 426.036603927612 325.632211685181
-9999 -9999 -9999 -9999 -9999 -9999 -9999 -9999 -9999 557.328243255615 395.95911026001 321.546730041504 282.31657409668 319.859928131104 250.689865112305 581.796508789062 492.449066162109 647.196620941162 564.049145698547 916.898590087891 433.523933410645 410.413558959961 563.793395042419 659.539306640625 313.178489685059 419.906373977661 312.134349822998 245.9436378479 259.391063690186 157.165454864502 -9999 -9999 -9999 -9999 -9999 -9999 -9999 -9999 -9999 -9999 -9999 -9999 -9999 -9999 -9999 -9999 -9999 -9999 459.773017883301 379.851600646973
-9999 -9999 -9999 -9999 -9999 -9999 -9999 -9999 527.089481830597 387.517189025879 378.697364807129 425.266242027283 324.025726318359 155.574829101562 139.984619140625 519.931533813477 714.909057617188 508.858657836914 381.317680358887 576.327550888062 575.401790618896 511.148193359375 575.239602088928 244.165229797363 329.730493545532 303.602451324463 220.28783416748 273.521977901459 289.933883666992 -9999 -9999 -9999 -9999 -9999 -9999 -9999 -9999 -9999 -9999 -9999 -9999 -9999 -9999 -9999 -9999 -9999 -9999 -9999 -9999 1015.72273254395
-9999 -9999 -9999 -9999 -9999 -9999 -9999 -9999 358.256271362305 341.469505310059 417.341262817383 582.018402099609 339.856758117676 338.644180297852 391.308860778809 447.498649597168 582.623020172119 490.922567367554 858.51114654541 416.821449279785 621.666030883789 630.361259460449 653.768563270569 24.1349182128906 291.072296142578 213.414524078369 270.516536712646 232.266792297363 -9999 -9999 -9999 -9999 -9999 -9999 -9999 -9999 -9999 -9999 -9999 -9999 -9999 -9999 -9999 -9999 -9999 -9999 -9999 -9999 -9999 -9999
-9999 -9999 -9999 -9999 -9999 -9999 -9999 379.85217666626 265.582290649414 357.839309692383 631.790649414062 574.670692443848 543.918617248535 497.722187042236 312.238510131836 483.964153289795 437.646392822266 509.774772644043 557.524856567383 513.321105957031 402.010578155518 661.730743408203 355.167984008789 301.957698822021 143.799667358398 -16.0845642089844 26.0840911865234 263.866579055786 -9999 -9999 -9999 -9999 -9999 -9999 -9999 -9999 -9999 -9999 -9999 -9999 -9999 -9999 -9999 -9999 -9999 -9999 -9999 -9999 -9999 -9999
-9999 -9999 -9999 -9999 -9999 -9999 319.285171508789 253.198226928711 294.978179931641 409.777210235596 526.523712158203 499.724338531494 610.921840667725 554.404790639877 541.211559295654 414.135704040527 207.135665893555 472.737640380859 319.704948425293 241.974304199219 331.956518173218 491.963302612305 399.421909332275 244.0821788311 380.142013549805 183.826210021973 170.310775756836 -9999 -9999 -9999 -9999 -9999 -9999 -9999 -9999 -9999 -9999 -9999 -9999 -9999 -9999 -9999 -9999 -9999 -9999 -9999 -9999 -9999 -9999 -9999
-9999 -9999 -9999 -9999 336.816871643066 468.013376235962 395.788410186768 21.3207550048828 38.3154907226562 436.497680664062 468.241931438446 578.111849546432 443.869369506836 551.117279052734 497.357767105103 505.462099075317 492.470977783203 257.803070068359 92.8537292480469 431.605308532715 553.628602981567 718.300972938538 165.898416042328 100.544048309326 -19.7610549926758 173.10228729248 -9999 -9999 -9999 -9999 -9999 -9999 -9999 -9999 -9999 -9999 -9999 -9999 -9999 -9999 -9999 -9999 -9999 -9999 -9999 -9999 -9999 -9999 -9999 -9999
372.024528503418 265.263467788696 262.942296981812 414.766975402832 359.690071105957 374.34846496582 264.073623657227 390.414165496826 117.903861999512 359.906829833984 605.033267974854 640.211601257324 590.599632263184 467.325897216797 421.843460083008 578.79776763916 891.740985870361 291.563201904297 224.982009887695 465.456748962402 584.940814971924 344.874069213867 -91.6630859375 82.031982421875 20.5072212219238 23.963005065918 -9999 -9999 -9999 -9999 -9999 -9999 -9999 -9999 -9999 -9999 -9999 -9999 -9999 -9999 -9999 -9999 -9999 -9999 -9999 -9999 -9999 -9999 -9999 -9999
