simdem/realisation52.asc
NCOLS 350 
NROWS 171 
XLLCORNER 152620 
YLLCORNER 418050 
CELLSIZE 100 
NODATA_value -9999 
[rows 66 to 87 of 171, columns 150 to 199 of 350]
559.943925857544 663.62279510498 611.280792236328 688.692565917969 618.177406311035 547.033631324768 510.321929931641 469.617126464844 441.357391357422 583.031801939011 513.280750274658 491.951171875 576.918979644775 490.806747436523 413.231109619141 643.975105285645 654.584701538086 508.806526184082 532.014974594116 623.235332489014 514.410316467285 548.815399169922 541.710580825806 383.987243652344 556.329341888428 584.3510389328 482.65763092041 484.636024475098 572.00168132782 502.647079467773 741.784072875977 788.378616333008 691.796607971191 649.867870330811 527.046165466309 398.402542114258 550.924179077148 595.439064025879 562.392372131348 714.079193115234 543.769802093506 703.0869140625 705.166610717773 786.409423828125 574.124801635742 654.163285255432 736.165534973145 659.52774810791 697.805713653564 742.793449401855
589.279983520508 758.112930297852 578.415205001831 551.468506813049 587.175327301025 606.865585327148 406.641510009766 506.490631103516 495.083824157715 547.976764678955 571.812296524644 674.145202636719 585.729845046997 558.828654289246 368.425903320312 495.118602752686 702.646301269531 715.506393432617 570.622317314148 528.912004470825 540.188270568848 543.839836120605 638.491119384766 498.542655944824 446.522552490234 515.568412780762 482.466934204102 622.227958679199 532.427024841309 671.689311981201 660.494289398193 702.382019042969 682.655700683594 619.935329437256 597.487872123718 490.003463745117 630.438167572021 511.015640258789 441.775192260742 501.727890014648 485.01008605957 526.833160400391 647.138505935669 665.890216350555 549.521903991699 658.755725860596 536.497200012207 621.547672271729 677.457721710205 608.328094482422
623.237503051758 660.405700683594 705.961074829102 512.615953445435 688.85954284668 590.308032989502 480.777320861816 554.863317012787 553.682286262512 670.580459594727 615.673015594482 591.837814331055 528.148530006409 419.107406616211 466.817344665527 627.518249511719 656.900276184082 511.396522521973 560.18133354187 645.227973937988 654.788291931152 619.874824523926 574.100524574518 498.802768707275 458.084518432617 568.187994003296 429.043655395508 513.689651489258 498.928436279297 691.209442138672 688.671981811523 579.571193695068 497.809715270996 685.555648803711 609.784167289734 621.209354400635 560.895983695984 448.576187133789 440.246444702148 525.231853485107 521.996070861816 505.910194396973 565.715553283691 628.497425079346 560.093704223633 813.416061401367 649.521510601044 587.347087860107 600.783899307251 569.650894165039
555.717085838318 518.769351959229 393.595672607422 585.050235509872 528.589970588684 601.781660079956 629.644828796387 557.083579599857 592.850340366364 593.75966835022 622.466789245605 563.797328948975 494.296459197998 449.615295410156 626.268676757812 444.852188110352 523.982809066772 568.355537891388 453.511451721191 609.641578674316 530.415954589844 661.403778076172 660.076591491699 532.889514923096 513.571655273438 571.444153428078 580.307810783386 559.782026290894 521.860580444336 578.993988990784 672.989372253418 672.973899841309 525.030784606934 611.541522979736 770.72038269043 580.963285446167 551.910987854004 513.686470031738 624.084941864014 677.739906311035 751.241134643555 627.791551589966 620.000031471252 525.267158508301 580.834426879883 751.320175170898 695.546310424805 676.236892700195 740.741981506348 598.000194549561
471.95915222168 460.277206420898 480.503578186035 500.341255187988 543.123410701752 589.952144622803 519.673168182373 527.827667236328 434.284629821777 500.070941925049 443.203636169434 501.273456573486 537.818893432617 563.56307888031 482.150505065918 469.16569519043 407.232711791992 568.234857559204 636.054256439209 553.685413360596 585.034930706024 553.889287948608 565.011972427368 577.749401092529 639.421599149704 522.929893493652 557.333773612976 596.611584186554 477.782356262207 610.16932964325 626.133010864258 690.66593170166 671.528694152832 480.415191650391 438.307205200195 511.498504638672 574.938716888428 604.102045178413 577.517150878906 835.508285522461 609.652176380157 548.989028930664 480.131454467773 541.318450927734 591.460155487061 591.487957000732 637.9976978302 662.765969872475 577.766410827637 622.668861865997
451.107299804688 247.256896972656 381.334320068359 405.485168457031 500.336864471436 728.570358276367 623.935829162598 608.449577331543 673.591827392578 604.399421691895 618.236885070801 538.641651153564 602.211585998535 674.001861572266 518.962898254395 428.757263183594 525.490203857422 576.14848947525 635.288028717041 541.012001037598 577.473449707031 596.005389376543 647.743282318115 730.989753723145 584.073236465454 559.745788574219 535.311248779297 587.214677810669 500.331848144531 609.017748355865 653.021125793457 654.858558654785 469.580696105957 385.831436157227 507.362258911133 450.705047607422 602.761024475098 678.52188873291 682.788604736328 878.633087158203 631.521034240723 661.623184204102 770.604721069336 535.601554870605 557.372447967529 629.387112617493 568.34481048584 505.737579345703 563.898143768311 535.370872497559
421.417457580566 415.943504333496 409.004722595215 477.037620544434 489.208312988281 550.633783817291 507.886329650879 430.844390869141 579.140985488892 633.470565795898 606.668106079102 583.692707061768 464.294273376465 536.597043991089 467.86547088623 615.380142211914 750.863586425781 636.08020401001 700.121887207031 617.851993560791 614.267447471619 685.024383544922 709.732398986816 703.766250610352 608.651852726936 602.84968328476 541.559913635254 735.899993896484 663.103385925293 603.690952301025 539.919767379761 680.799446105957 567.365883827209 541.267120361328 694.989051818848 568.79260635376 594.666778564453 562.6123046875 563.3251953125 593.967933654785 637.27622795105 722.666709899902 765.074508666992 635.2239112854 592.427651166916 614.158852815628 677.2204246521 432.017120361328 495.86393737793 527.589492797852
544.163644790649 555.814482212067 423.981994628906 423.766265869141 507.194332122803 389.651733398438 531.361972808838 477.463424682617 616.116638183594 588.15885925293 582.618171691895 484.701591491699 439.929061889648 614.764194488525 621.668525695801 715.018768310547 756.167205810547 661.78967666626 525.651069641113 647.848739624023 671.001419067383 663.475860595703 683.720520019531 579.594608306885 616.711725234985 619.260680198669 679.279899597168 625.74285030365 701.818748474121 792.009963989258 791.124313354492 555.008388519287 686.624893188477 641.540462493896 554.933834075928 540.599658966064 465.790298461914 374.787124633789 618.484149932861 595.152960777283 561.585214614868 575.2358045578 664.117004394531 506.186592102051 502.405807495117 565.626148223877 620.253742218018 540.855052947998 460.408905029297 474.573608398438
582.78564453125 504.424461364746 419.490386962891 386.120162963867 491.436920166016 477.893272399902 391.221755981445 583.625497817993 631.951187133789 585.884206771851 512.340347290039 497.545719146729 413.098083496094 519.972343444824 534.157110214233 611.50207901001 687.791282653809 567.04158782959 693.244987487793 652.010730743408 747.420211791992 700.282112121582 620.597591400146 610.980004310608 570.288665771484 472.285354614258 550.402324676514 578.217933654785 716.037704467773 746.180435180664 632.412742614746 624.593427658081 574.233683586121 600.001955986023 535.8232421875 495.400459289551 622.202695846558 528.840858459473 536.900226593018 519.596977233887 504.605201721191 485.500946044922 643.396766662598 621.192115783691 789.281311035156 619.330801010132 564.776908874512 498.716720581055 567.692783355713 513.42862701416
1028.98463439941 555.056725502014 508.789772033691 555.019229888916 466.525672912598 534.120748519897 619.511512756348 671.363479614258 571.474008560181 574.553215026855 531.802276611328 672.944427490234 714.018615722656 645.212200164795 450.408599853516 532.937271118164 720.876319885254 752.999481201172 769.480911254883 653.570384979248 636.184886932373 718.169647216797 630.095310211182 618.37287902832 742.163751602173 445.853515625 609.052083015442 671.554008483887 580.733730316162 615.541473388672 660.756225585938 658.540710449219 573.262627601624 538.628978729248 602.674993515015 627.975257873535 609.514848709106 695.20694732666 721.141662597656 552.902057647705 639.385116577148 642.520038604736 494.838203430176 699.231506347656 670.296630859375 656.967365264893 538.142330169678 516.090003967285 670.83366394043 620.833184242249
823.767059326172 686.570432662964 651.439506530762 877.377948760986 438.757522583008 510.600170135498 463.045761108398 616.451438903809 607.35272026062 753.664413452148 656.650634765625 723.457992553711 557.975063323975 514.58757019043 690.822143554688 636.545330047607 688.623916625977 751.324806213379 637.047058105469 609.517102241516 642.608249664307 512.695175170898 674.507539749146 558.776649475098 740.669736862183 587.030983924866 627.775741577148 557.241058349609 609.92885684967 635.871368408203 565.147432327271 609.124212265015 612.028038024902 462.824760437012 460.376502990723 709.183891296387 715.554595947266 590.281401872635 791.525909423828 725.043502807617 904.147689819336 658.978694915771 486.940658569336 568.38226890564 596.248825073242 497.505073547363 618.342710494995 605.772910118103 626.926656723022 615.654823303223
518.489078521729 681.872024536133 593.795143127441 473.862976074219 372.243927001953 583.260375976562 513.846794128418 504.859519958496 553.966348648071 618.336784362793 479.956405639648 491.32746887207 386.539459228516 568.848045349121 629.264572143555 769.301528930664 689.581279754639 698.905075073242 770.116546630859 688.152137756348 623.418098449707 620.119148254395 528.615592956543 583.894241333008 726.533920288086 789.043840408325 612.972715377808 483.110198974609 547.890617370605 630.747025489807 558.150707244873 605.407603263855 657.114570617676 593.335985183716 489.447364807129 577.538394927979 711.569732666016 600.502773284912 665.284122467041 876.728759765625 752.246673583984 606.228734016418 496.344375610352 474.929870605469 545.085781097412 650.178726196289 661.251441955566 635.339546203613 569.57014465332 659.381259918213
549.074715614319 560.35293340683 410.523567199707 426.921371459961 550.626106262207 504.850524902344 526.806900024414 543.10892868042 502.318222045898 617.942543983459 505.544815063477 506.487197875977 480.960021972656 455.757286071777 516.219688415527 622.323876857758 523.284866333008 758.788681030273 642.413324356079 599.45539855957 454.020278930664 534.092529296875 567.070766448975 271.58544921875 510.174644470215 643.224418640137 523.107032775879 608.756499290466 562.37410736084 481.879776000977 703.087879180908 748.204154968262 547.023475646973 605.111301898956 544.277153015137 651.875381469727 663.633186340332 588.088501691818 564.67700958252 701.033401489258 616.917405128479 657.354305267334 628.40705871582 431.140228271484 584.389822483063 629.81010055542 616.184926986694 502.31721496582 684.69832611084 672.699653625488
495.813098907471 292.5771484375 597.154632568359 524.97087097168 582.673309326172 601.176397562027 622.153566360474 520.800979614258 575.419723510742 727.359405517578 506.725654602051 566.995544433594 546.263317108154 522.075649261475 771.697685241699 619.954643249512 593.220607757568 658.604309082031 696.779296875 640.643994808197 669.473606109619 589.01756477356 386.056900024414 426.604873657227 728.521026611328 747.898880004883 573.072853088379 695.682376861572 838.616806030273 689.702621459961 634.176345348358 674.508291661739 830.647399902344 882.270538330078 442.423324584961 524.384376525879 494.197242736816 520.626831054688 552.786575317383 566.66215133667 633.409576416016 708.11402130127 832.2158203125 768.667755126953 676.013648986816 532.547302246094 661.007122039795 632.279540061951 576.295185089111 527.530555725098
435.368476867676 240.04150390625 396.74560546875 654.683578491211 599.167583465576 671.875221252441 597.810163497925 484.116790771484 579.198471069336 522.684913635254 573.217472076416 451.823257446289 636.191082000732 955.609870910645 769.820529937744 535.06315612793 726.782699584961 684.243623733521 615.248117446899 760.470069885254 751.437278747559 611.817852497101 437.117980957031 451.158248901367 661.832321166992 760.083854675293 558.78443145752 612.050930023193 676.777027130127 616.932451248169 610.669746398926 767.339645385742 667.486980438232 666.753081321716 599.703838348389 699.054977416992 612.392238616943 505.659561157227 488.735038757324 591.05535697937 571.419153213501 639.538482666016 791.286849975586 674.867599487305 614.927956581116 639.366634368896 516.074447631836 539.954689025879 539.397338867188 573.412609100342
607.959941864014 751.058380126953 369.43180847168 926.92847442627 662.434791564941 762.851982116699 605.798406124115 689.337600708008 634.095895767212 563.175643920898 477.221771240234 789.503341674805 689.141935348511 944.518913418055 833.504860877991 572.213706970215 780.716049194336 759.664922714233 681.339443206787 795.493255615234 658.920564651489 724.053085327148 538.196853637695 556.482997894287 774.084503173828 726.261657714844 764.347282409668 655.432395935059 618.929347991943 451.523056030273 643.122576236725 591.425033569336 753.27498626709 733.499977111816 661.760967254639 651.076280593872 702.50952911377 573.669902801514 470.330078125 544.752281188965 629.143852233887 718.515464782715 695.854415893555 673.667415618896 623.647693634033 570.026805877686 656.855443954468 574.068542480469 610.662576675415 587.313278198242
539.060836791992 575.66406711936 539.043594360352 835.245559692383 979.046600341797 787.846035003662 829.47395324707 935.276512145996 693.400804519653 939.779312133789 410.623016357422 403.092086791992 411.356414794922 542.871883392334 473.009376525879 520.273662567139 723.921394348145 778.689231872559 905.888984680176 757.47534942627 626.087881088257 811.645156860352 688.478294372559 699.64185333252 639.871431350708 735.819633483887 628.004005432129 590.329257965088 517.436752319336 586.46378326416 620.48259472847 603.038042068481 643.499866485596 557.396209716797 790.163116455078 707.828903198242 452.950439453125 718.207695007324 630.672452926636 364.913635253906 531.006393432617 481.652740478516 593.65111541748 540.017478942871 608.063632965088 671.798917770386 581.565757751465 605.44063949585 560.673530578613 585.88801574707
587.328454971313 571.683513641357 634.07706451416 489.035963058472 739.662292480469 673.932587623596 598.872783660889 891.838645935059 645.308406829834 818.082626342773 462.584072113037 428.196460723877 453.423656463623 320.745697021484 386.024024963379 395.896293640137 735.289978027344 688.181758880615 638.385639190674 904.220951080322 576.470678329468 586.411643981934 565.22599029541 583.986907958984 857.587814331055 628.697845458984 484.859634399414 582.974182128906 603.376892089844 599.28759765625 639.851062774658 611.407886505127 492.339424133301 648.612134933472 664.228744506836 636.413254737854 698.5380859375 706.818077087402 678.20206451416 538.534599304199 486.132415771484 522.488914489746 618.460412979126 631.896730422974 686.895202636719 635.680948257446 615.106330871582 647.454414367676 563.224342346191 561.569892883301
786.318298339844 640.187005996704 499.271995544434 431.218042373657 450.664836883545 671.915328979492 634.246246337891 742.376466751099 679.184574127197 672.370990753174 533.344421386719 495.185180664062 733.995910644531 569.816055297852 613.553926467896 690.837112426758 529.027782440186 575.748073577881 588.575875282288 1014.66986083984 721.618404388428 481.115745544434 842.224588394165 820.679573059082 635.373346328735 703.64274597168 590.654273986816 640.386493682861 565.562164306641 573.447528839111 485.563125610352 565.779262542725 631.800447463989 718.259174346924 677.807830810547 654.577487945557 568.797595977783 550.530349731445 658.496868133545 673.620086669922 641.877539873123 649.250473976135 508.719360351562 623.449733734131 838.458343505859 658.802356719971 771.742469787598 516.730651855469 591.851722717285 542.800323486328
606.933197021484 508.733668804169 682.8854637146 574.271110534668 622.183132171631 699.050735473633 618.922607421875 611.250194549561 740.27526473999 571.996932983398 566.320190429688 630.106884002686 757.152652740479 722.474417686462 876.668395996094 852.683090209961 542.687850952148 612.854922294617 678.180122375488 836.165312767029 645.722202301025 400.915817260742 609.678695678711 656.845962524414 963.963514328003 583.076644897461 594.216293334961 676.889881134033 508.223052978516 395.322784423828 478.017158508301 474.315155029297 565.051574707031 769.215919494629 638.529987812042 619.799806594849 575.099475860596 689.78133392334 681.756843566895 661.565525054932 730.902130126953 565.083084106445 620.401882171631 743.524787902832 663.033178567886 608.0380859375 693.797850608826 666.654789447784 642.685108184814 749.91943359375
592.446670532227 710.115226745605 825.889259338379 765.032485961914 -9999 -9999 -9999 -9999 -9999 -9999 -9999 -9999 -9999 -9999 -9999 717.278078079224 758.659649848938 760.401084899902 770.395874023438 689.914039611816 654.053325653076 621.373338699341 497.191665649414 556.97639465332 759.738327026367 618.143792152405 1012.41568374634 730.832675933838 530.202354431152 984.989681243896 404.320281982422 687.666641235352 665.763796329498 574.069648742676 589.503593444824 476.192276000977 630.616253852844 795.930892944336 697.773567199707 586.283740997314 688.965976715088 670.411314487457 541.979942321777 554.41739654541 716.334720611572 852.083984375 676.566980838776 655.863640785217 749.773429870605 691.323106765747
-9999 -9999 -9999 -9999 -9999 -9999 -9999 -9999 -9999 -9999 -9999 -9999 -9999 -9999 -9999 -9999 -9999 -9999 661.576683044434 627.413398742676 685.928615570068 731.30825138092 762.628971099854 741.59846496582 590.868887796998 542.977588653564 704.712064743042 578.739761352539 513.637893676758 579.120173454285 561.135329246521 954.43856048584 682.101509094238 642.6178150177 563.356468200684 630.280491828918 657.312341690063 630.92174243927 749.17259979248 702.950736999512 677.79907989502 609.637351989746 564.849822998047 491.488754272461 487.268890380859 710.407146453857 762.195377349854 568.657127380371 647.719646453857 648.674496650696
