simdem/realisation64.asc
NCOLS 350 
NROWS 171 
XLLCORNER 152620 
YLLCORNER 418050 
CELLSIZE 100 
NODATA_value -9999 
[rows 44 to 65 of 171, columns 200 to 249 of 350]
973.516067504883 846.983016967773 594.043132781982 556.585713863373 489.534927368164 524.844884872437 556.274833679199 800.62576675415 606.109321594238 572.638519287109 801.358535766602 595.549659729004 623.512714385986 721.216823577881 487.744178771973 453.207550048828 505.140029907227 450.178970336914 484.085899353027 528.863227844238 551.143802642822 607.9834856987 650.074146270752 574.424098014832 576.724473953247 445.743347167969 525.810768127441 676.113794326782 585.80086517334 613.110877990723 682.980762481689 604.673305511475 1070.14125061035 620.204391479492 653.882682800293 494.647216796875 573.83406829834 663.699803590775 707.665958404541 686.559496641159 708.65672492981 820.007453918457 667.962893486023 687.372795403004 634.984100341797 752.469314575195 792.595886230469 833.491149902344 748.636741638184 869.382949829102
1305.58111572266 1603.14572143555 1040.2903137207 837.548994064331 777.805150985718 942.60665512085 717.64672088623 759.1889128685 819.432708740234 612.40502166748 812.031888961792 754.960529327393 474.104629516602 1006.84534835815 664.349666595459 776.2109375 563.901229858398 477.204132080078 542.318176269531 651.007339477539 553.057167053223 679.027137756348 605.436414718628 455.666870117188 474.895797729492 560.252918243408 638.013340950012 634.71576499939 625.165010452271 716.398460388184 785.644058227539 700.836559295654 785.656227111816 761.633110046387 591.737564086914 670.985476493835 727.519085407257 737.937442779541 654.118162631989 712.491295814514 744.628105163574 663.157598495483 731.166835784912 594.0595703125 698.495200157166 724.824056625366 843.028564453125 711.838325500488 706.731122493744 785.513206481934
757.375946044922 992.776298522949 1599.06339645386 1166.15106201172 634.772930145264 590.457260131836 675.919452667236 733.242166519165 643.849918365479 746.882873535156 695.762115478516 633.385410308838 760.069755554199 835.875553131104 898.211090087891 840.476889014244 1453.74114990234 644.216178894043 520.685455322266 550.765209197998 484.930534362793 609.214778423309 605.515558242798 493.49341583252 537.561126708984 677.315143585205 668.076499938965 516.122367858887 669.052280426025 721.33960723877 721.787750244141 608.268154144287 584.277492523193 729.099281311035 581.965301513672 706.164573669434 712.734621047974 585.371719360352 738.332614898682 753.378578186035 618.985900878906 685.258785247803 617.170608520508 686.342025756836 734.083610534668 619.57698059082 621.847137451172 744.941692352295 829.444580078125 771.177242279053
665.030403137207 530.581035614014 835.758499145508 1259.10522842407 714.969787597656 680.908590316772 759.555534720421 735.170137405396 551.264907836914 570.487767696381 559.36205291748 539.315338134766 594.702257156372 603.948047637939 675.606674194336 1007.55950737 1234.89741134644 1907.75275802612 1332.89891815186 592.754943847656 661.390716552734 601.185146331787 563.04369354248 601.404671669006 662.114814758301 751.845108032227 674.368309020996 698.720199584961 713.384346008301 651.707038879395 673.04302406311 715.813125610352 769.942977905273 599.380313873291 709.365909576416 596.501289367676 621.582767486572 496.545257568359 560.581604003906 784.655609130859 687.701474189758 585.229347229004 695.637106776237 705.191600799561 537.019256591797 696.316812515259 638.488552093506 746.856029510498 757.670080184937 665.35521697998
498.160400390625 519.677093505859 824.549140930176 594.548393249512 530.588413238525 646.261093139648 496.271118164062 656.795440673828 666.47104549408 523.880229949951 491.310539245605 492.186645507812 660.006652832031 481.247634887695 600.227077484131 717.095844268799 1202.29425048828 1271.51525878906 1229.75374984741 895.53377532959 721.09602355957 539.06925201416 612.678537368774 573.637580871582 531.715507507324 696.7841796875 748.648239135742 627.565354824066 520.504501342773 516.340087890625 613.791793823242 778.792526245117 670.722156524658 619.289836883545 680.56413269043 597.901000976562 634.464923858643 655.524883270264 742.156921386719 692.681515216827 714.764404296875 1044.9651184082 779.384521484375 806.891204833984 692.51411151886 556.890197753906 640.004806518555 870.256164550781 727.940399169922 757.861291885376
571.879857063293 604.101711273193 582.316816329956 660.680061340332 594.144508361816 636.121946334839 631.512702941895 758.050537109375 499.055694580078 641.710629463196 529.371463775635 560.294445991516 614.802139282227 515.279670715332 567.474376678467 728.599415302277 873.509716033936 1197.4513053894 1797.06127166748 1573.98717689514 820.87344455719 891.72078704834 594.457954406738 570.659080505371 465.64729309082 554.892135620117 594.052879333496 597.942228317261 629.842171669006 496.338012695312 618.88688993454 660.632915496826 642.203455924988 603.283905029297 649.574741840363 738.766326904297 584.873039245605 659.977436542511 760.692291259766 650.06396484375 625.57804107666 766.888389587402 615.94751739502 1088.38311958313 1063.55365562439 775.447341918945 833.783260345459 583.309036254883 749.111114501953 697.549724578857
560.578323364258 603.88102722168 639.741165161133 691.651260375977 649.189888000488 656.418350219727 650.98694229126 730.367599487305 771.716789245605 558.201667785645 440.676651000977 661.998748779297 570.55525970459 591.308170318604 511.516548156738 661.150910377502 761.917205810547 1086.65137863159 1485.5281829834 1820.1085357666 931.566795349121 772.671894073486 684.098049163818 564.601936340332 515.104293823242 584.066165924072 572.581619262695 558.521598815918 650.734828472137 549.707183837891 625.184495925903 733.781036376953 535.198745727539 600.789943695068 537.621917724609 548.354293823242 578.191932678223 642.085256576538 625.832950592041 681.753254890442 646.051794052124 694.43733215332 728.441558837891 819.086120605469 1267.32316589355 1268.87059402466 806.242900848389 557.672698974609 445.215469360352 676.777557373047
608.804853439331 591.020774841309 501.021743774414 762.226669311523 667.646492004395 552.571922302246 648.240567207336 632.343910217285 613.79843711853 584.939071655273 613.235237121582 615.627393722534 515.657108306885 553.806894302368 542.7162733078 634.398750305176 533.98747253418 875.265884399414 1489.63191986084 1259.54817962646 1332.10494232178 708.777137756348 636.864278793335 640.829521179199 639.267158508301 636.236162185669 598.43704199791 550.070953369141 514.219467163086 566.688396453857 540.963050842285 639.291044235229 713.984260559082 584.814102172852 559.74201965332 586.979957580566 654.807389259338 561.785049438477 824.658576965332 710.43318939209 641.251232147217 654.848457336426 709.9602394104 762.106689453125 985.672798633575 658.33992767334 1011.06030511856 1121.77528381348 600.724090576172 684.781829833984
622.715915679932 547.366348266602 574.08610534668 520.408279418945 579.640426635742 790.420791625977 907.322723388672 720.505851745605 681.347526550293 745.979760169983 656.007858276367 627.910997390747 549.141216278076 600.948637962341 626.595016479492 646.849449157715 706.766616821289 710.917388916016 980.53701877594 1527.5352935791 1904.25053405762 1105.63275146484 648.722854614258 418.804458618164 621.726365566254 646.733978271484 587.32103729248 592.809881210327 656.674591064453 545.64680480957 624.782641023397 735.393676757812 705.942047119141 646.010416984558 645.392451047897 632.147531509399 534.958717346191 614.86279296875 751.458511352539 648.839076519012 607.20304107666 686.863332748413 599.774742126465 654.988285064697 713.643119812012 725.005920410156 742.861036300659 608.828079223633 940.740966796875 1006.52153015137
569.626466751099 487.718055725098 590.219329833984 490.218505859375 600.617559432983 602.665040969849 816.192398071289 618.92765045166 581.739863395691 800.414154052734 845.547988891602 709.547592163086 575.801036834717 477.859329223633 561.481327056885 675.257736206055 423.122711181641 658.996831893921 841.481864929199 981.491611480713 1150.41311645508 1262.40760803223 1588.91984176636 884.897678375244 918.61637878418 622.650510787964 568.701152801514 577.476083755493 541.855880737305 617.734654426575 647.947078704834 525.007720947266 619.825714111328 598.257438659668 674.198265552521 640.454570770264 652.617020606995 607.120002746582 631.569185256958 717.675685882568 608.158117294312 466.612548828125 552.110664367676 604.636390686035 667.99284362793 772.515487670898 663.315532207489 822.298629760742 845.962783813477 339.438018798828
511.433891296387 658.656360626221 517.580764770508 532.765975952148 504.514442443848 561.993766784668 579.576178193092 627.443550109863 626.800071716309 676.749015808105 535.124717712402 701.831573486328 672.141995429993 713.38648223877 648.560054779053 573.853597640991 564.790602207184 581.137443065643 589.907817840576 759.704245567322 914.923768043518 1316.31936645508 1719.88251876831 919.973449707031 885.853603363037 780.239212036133 630.738828659058 680.34228515625 733.199401855469 691.885635375977 535.948905944824 509.865798950195 614.359699249268 658.959533691406 702.649993896484 738.958297729492 562.663879394531 705.464772313833 770.475898742676 622.255668640137 547.55152130127 568.588317871094 616.197540283203 583.999370574951 836.658485412598 758.682746887207 719.123470306396 681.149934768677 593.541351318359 579.955108642578
445.637100219727 540.141098022461 553.438003540039 603.791603088379 529.014610290527 526.894958496094 673.105556488037 627.301169395447 779.209129333496 700.473392486572 635.6589012146 690.494262695312 692.686096191406 747.761917114258 592.60692691803 609.484088897705 677.975212097168 632.509418487549 524.899024963379 521.874870300293 857.388244628906 915.64037322998 1126.91817140579 1342.6937789917 974.364669799805 734.990562438965 691.109664916992 633.136463165283 645.437858581543 773.666809082031 612.489856719971 568.283088684082 526.216430664062 579.113864898682 561.968284606934 653.398719787598 622.954682946205 739.519081115723 751.810585021973 671.1745262146 556.551666259766 636.996248245239 747.957901000977 700.963768005371 873.734710693359 656.298302173615 675.614090919495 674.133180618286 671.732818841934 684.522752285004
527.808372497559 562.109741210938 442.51155090332 639.448820114136 589.383121490479 644.186241149902 649.634276866913 614.624467849731 744.673095703125 844.907165527344 716.628776550293 733.545669555664 620.640460014343 576.423990249634 795.937614440918 764.940277099609 787.702067375183 799.581058502197 895.386505126953 807.388907432556 807.458961486816 811.310661315918 1175.23494243622 1029.80422925949 830.427488565445 659.335132598877 514.871925354004 602.951795578003 628.658693313599 720.529685974121 620.314311981201 578.962226867676 423.234680175781 538.916450500488 615.875115513802 625.662734985352 704.846893310547 702.354549407959 590.786903381348 639.211483001709 626.630863189697 586.006378173828 600.630290985107 834.444465637207 668.294292449951 763.040000915527 624.302398681641 649.892680168152 752.923393249512 623.903121948242
468.365264892578 540.862777709961 470.336669921875 599.990371704102 629.287877082825 632.659115791321 471.601081848145 693.630388259888 754.978363037109 738.440238952637 752.530754089355 731.058422088623 668.987693786621 742.432495117188 574.413524627686 627.828483581543 834.400947570801 903.983467102051 905.3916015625 854.585590362549 786.180246353149 798.658550262451 1013.9128036499 890.061225891113 751.184728622437 608.294322967529 549.804035186768 639.594104766846 703.252792358398 560.103569030762 605.145089149475 696.229484558105 543.614891052246 442.744430541992 537.019226074219 647.434251785278 686.510662078857 672.352821350098 623.45494556427 549.330612182617 547.123443603516 700.922847747803 744.853969573975 659.969666004181 585.012512207031 660.830067634583 539.937896728516 677.781499862671 659.268718719482 461.835556030273
459.716781616211 420.59294128418 584.079627990723 790.175964355469 703.87170791626 678.61625289917 523.936981201172 535.42992401123 648.510633468628 582.734043121338 629.910293579102 586.563919067383 791.055606842041 776.575744628906 751.472007751465 795.796051025391 943.135299682617 819.38621711731 710.95112991333 957.031646728516 977.422119140625 896.327514648438 1008.7162322998 942.135864257812 631.163173675537 535.306884765625 534.763076782227 556.686405181885 711.133583068848 650.249576568604 570.680684566498 848.816070556641 513.37922668457 500.690063476562 497.726776123047 617.889076948166 631.407224178314 587.103330612183 667.285469055176 639.693437576294 619.940945386887 656.353313446045 836.919799804688 820.413558959961 684.064880371094 576.132385253906 603.517448425293 610.648288726807 734.150665283203 632.112926483154
486.665908813477 450.266006469727 576.384265899658 679.026020050049 630.819492340088 618.213624954224 579.989540100098 656.652491569519 650.856559753418 719.239936828613 647.368095397949 666.738471984863 722.597579956055 698.452788352966 701.579350948334 662.123266220093 669.557662963867 844.010635375977 758.408518791199 841.334407806396 780.916580200195 914.91951751709 925.503940582275 683.926727294922 641.7065076828 544.18074798584 574.633907318115 621.266285419464 603.699483394623 517.009124755859 903.406860351562 737.729835510254 669.816940307617 917.719306945801 678.538740873337 555.749282836914 602.973413467407 540.076839447021 720.204483032227 621.807565689087 644.50986289978 662.760688781738 627.09108543396 564.534896850586 501.069152832031 619.073097229004 716.979892730713 696.44723033905 692.787128448486 613.232925415039
721.353477478027 449.268768310547 484.90705871582 687.512115478516 658.457763671875 616.544876098633 711.999145507812 748.059150695801 722.553695678711 820.421188354492 678.552059173584 668.418424606323 647.92679977417 751.888008117676 645.163032531738 627.927001953125 672.363384246826 698.065198898315 731.809944033623 805.674285888672 843.228973388672 872.002365112305 615.866052627563 601.152740478516 473.193756103516 533.258636474609 612.985815048218 566.5595703125 609.228312492371 667.394165039062 839.629148483276 733.273857116699 553.971851348877 596.246852874756 686.57592010498 854.891211509705 774.349708557129 518.531494140625 583.95747756958 554.927688598633 683.983341217041 618.751079559326 568.293922424316 593.971710205078 462.846588134766 506.898277282715 800.792510986328 697.197036743164 695.741580963135 814.294876098633
575.324728012085 541.257064819336 594.932481765747 683.97322845459 778.599151611328 725.799705505371 749.985420227051 594.457496643066 655.568214416504 680.402153015137 605.449451446533 438.363525390625 595.514331817627 675.596326828003 783.357498168945 855.675403594971 800.586566925049 807.170181274414 685.781929016113 895.582916259766 738.729274749756 594.892082214355 703.219993591309 457.122482299805 704.614631652832 507.223121643066 495.25789642334 594.764415740967 465.210830688477 792.232372283936 752.781951904297 684.640319824219 613.341691017151 629.80365395546 503.403121948242 768.570362091064 772.370296478271 626.287521362305 701.188562393188 550.274200439453 736.079055786133 674.770267486572 641.520263671875 563.137069702148 560.826950073242 537.164894104004 613.612998962402 691.905967712402 752.844444274902 700.047782897949
427.458923339844 553.879421234131 740.550300598145 682.081249237061 732.741348266602 697.296901702881 656.604457855225 490.565765380859 594.850429534912 621.032091379166 624.526103258133 715.641441345215 696.993576049805 754.337692260742 707.083779335022 813.597345590591 631.542465209961 655.805953979492 570.056434631348 591.278032302856 639.048756599426 716.410377502441 713.438034057617 547.435897827148 600.713787078857 526.420211791992 550.299331665039 686.005752563477 507.742279052734 723.131782531738 508.872459411621 509.001289367676 421.459838867188 479.572158813477 557.83438873291 633.705638885498 707.780389785767 991.48063659668 941.475746154785 689.150068283081 659.821578979492 672.077156066895 733.123542785645 584.395698547363 707.61653137207 612.573411941528 652.602020263672 751.607810974121 638.075363636017 651.736968040466
411.858932495117 489.617340087891 635.205657958984 640.360229492188 579.098861694336 565.33618927002 619.333488464355 578.471088409424 634.263389587402 587.281368255615 652.647436141968 606.174892425537 651.205550193787 683.757465362549 787.072113037109 703.983192443848 560.635166168213 661.997123718262 645.213758468628 617.983360052109 610.665321350098 781.598709106445 728.008758544922 606.320322036743 599.89407992363 645.164405822754 675.772157669067 561.021728515625 619.325481414795 617.539138793945 657.08179473877 670.596218109131 530.093444824219 589.716758728027 687.296854019165 730.645511627197 649.886901378632 788.973709106445 534.655258178711 599.223983764648 687.186874389648 609.216759324074 516.176742553711 528.292610168457 662.372066497803 638.68933391571 562.978271484375 708.86841583252 714.149078369141 761.016052246094
409.964202880859 801.242683410645 678.45821762085 623.489835739136 693.569831848145 591.230949401855 578.514862060547 678.187833786011 721.625259399414 746.084426879883 756.824020385742 683.01061630249 630.959226608276 576.0319480896 616.763350009918 755.193801879883 490.09309387207 671.366458892822 670.297676086426 512.502777099609 592.899856567383 633.414737701416 741.098083496094 439.634704589844 535.868026733398 691.70361328125 596.661953926086 605.680564880371 520.91902923584 549.402450561523 551.259643554688 656.296970367432 580.320987701416 725.645484924316 740.371765136719 675.765365600586 632.448288917542 860.071666955948 614.224605560303 513.594635009766 541.856918334961 624.843002319336 597.802711486816 562.170829772949 613.579290390015 494.800201416016 557.99690246582 648.563321590424 540.549781799316 554.190132141113
650.128329753876 524.197700500488 629.233953475952 667.31990814209 632.63387966156 602.874500274658 565.409717559814 696.012573242188 723.435470581055 595.219589233398 680.015544891357 743.6259765625 582.740257263184 629.122604370117 643.089946746826 487.742874145508 429.760101318359 720.736053466797 710.874008178711 720.591857910156 523.773300170898 590.301937103271 654.852542877197 674.366767883301 701.505828857422 557.650367736816 486.114776611328 513.355819702148 546.93384552002 613.628898620605 513.25146484375 689.049139022827 484.681549072266 675.44898223877 685.81587600708 925.089384078979 886.312994003296 703.283566474915 571.853710174561 656.404592514038 581.238792419434 622.767583847046 792.193420410156 660.258969306946 697.989280700684 519.363235473633 655.381023406982 742.433113098145 687.225551605225 597.101318359375
