simdem/realisation65.asc
NCOLS 350 
NROWS 171 
XLLCORNER 152620 
YLLCORNER 418050 
CELLSIZE 100 
NODATA_value -9999 
[rows 66 to 87 of 171, columns 250 to 299 of 350]
685.942543029785 640.939390182495 751.480094909668 642.530808448792 555.499671936035 646.43755531311 663.81923532486 652.812919616699 676.927876472473 630.227380275726 585.98811340332 672.164270311594 778.908096313477 635.08129119873 654.777164459229 721.251091003418 526.051635742188 638.10472869873 746.75316619873 694.409454345703 686.469149589539 829.391014099121 768.424308776855 702.646733999252 734.380424499512 699.860504150391 662.845020294189 634.31254196167 712.40031337738 762.579296112061 675.029949188232 723.676865577698 775.119239807129 775.462043762207 714.298955917358 723.749427109957 773.929531097412 639.025680541992 905.35510635376 834.319629669189 703.89134979248 685.217685699463 842.573572158813 670.614898681641 583.39794921875 683.418029785156 724.020908355713 727.331134796143 674.534637451172 857.271236419678
546.671943664551 661.495391845703 625.647911071777 751.51245880127 670.004011154175 803.874221801758 788.996810913086 861.755783081055 602.493293762207 561.303276062012 701.507171630859 616.381962776184 748.744018554688 696.026268005371 615.099506378174 607.936717987061 571.067420959473 670.573707580566 751.920906066895 721.915065765381 766.841239929199 750.969352722168 689.323272705078 671.52038192749 762.078338623047 768.661346435547 771.375762939453 684.911094665527 673.279251098633 744.229320526123 674.019563674927 634.765266418457 748.354156494141 630.19841003418 797.332691192627 822.798522949219 786.805320739746 814.551933288574 669.205673217773 669.842472076416 1077.50333976746 1022.87736988068 875.324415206909 800.502639770508 852.432174682617 776.13543510437 797.467704772949 854.917907714844 798.331018447876 787.196063995361
602.451236724854 493.916717529297 486.985382080078 564.603210449219 667.829627990723 625.067317962646 789.425872802734 716.988128662109 653.132369995117 566.661155700684 618.738292694092 652.147291183472 733.242492675781 647.035707473755 627.726268768311 571.351097106934 742.767242431641 663.509122848511 681.11571598053 710.249029159546 686.915688037872 767.105682373047 743.22289276123 735.224868774414 703.913191080093 767.997543334961 754.518131256104 756.339603424072 836.058120727539 740.519763946533 791.210845947266 731.159763336182 686.53893661499 661.461757659912 763.67707824707 734.735641479492 759.510143280029 684.932563781738 755.938318252563 723.353147506714 785.128490447998 713.400388717651 1116.87897014618 1440.42402553558 1011.40618896484 784.911661148071 698.02375793457 726.280574798584 890.43782043457 698.108222961426
656.660821914673 411.654983520508 531.782699584961 660.091106414795 578.037132263184 706.346878051758 678.024806976318 673.520149230957 775.895095825195 581.505531311035 621.97043800354 683.910221099854 688.087068557739 713.794281005859 554.615882873535 554.08895111084 629.609016418457 684.988790512085 685.758166313171 676.666191101074 703.175436019897 731.439041137695 677.72340297699 578.73609161377 667.319414138794 855.294174194336 769.122703552246 646.341697692871 656.026473999023 824.247528076172 807.794723510742 590.957725524902 722.201210021973 689.267822265625 694.009103775024 777.393459320068 777.819450378418 793.886207580566 732.263924598694 712.045997619629 700.985324859619 810.206031799316 645.62060546875 703.897331237793 813.791297912598 1515.91623687744 754.857280731201 635.936828613281 657.506988525391 621.200942993164
726.568603515625 631.620617866516 583.137687683105 699.552375793457 570.517211914062 592.890272140503 634.269373893738 584.625785827637 804.968968391418 504.747200012207 678.93342590332 654.928811073303 651.040550231934 650.828106880188 650.952459335327 719.542036056519 625.627208709717 805.0517578125 750.634208679199 696.592737197876 698.687039136887 609.811973571777 693.434480667114 593.167427062988 771.027168273926 713.004669189453 672.6624584198 583.717330932617 754.388023376465 751.57067489624 763.96996307373 694.447237014771 649.296772003174 622.335861206055 817.499160766602 775.49063873291 664.761936187744 630.496002197266 526.84114074707 676.317283630371 738.863752365112 745.656322479248 672.624481201172 655.824127197266 663.871963500977 915.235038757324 858.543022155762 1032.85565948486 729.448257446289 561.669723510742
774.832977294922 777.131484985352 623.221532821655 549.601982116699 459.989181518555 521.426818847656 573.544387817383 700.024562835693 632.964515686035 629.074843406677 663.691432952881 653.655830383301 764.287628173828 694.877517700195 606.024751663208 660.411491394043 554.378570556641 629.753784179688 717.556533813477 826.473709106445 873.051620483398 535.700805664062 680.476104736328 629.05717086792 803.307563781738 710.594118118286 625.394859313965 763.527767181396 531.390808105469 635.24976348877 739.094207763672 612.203552246094 757.646408081055 773.143604278564 580.819137573242 531.795516967773 581.91015625 551.994140625 633.61589050293 726.836520195007 755.990352630615 694.043710708618 827.095283508301 709.815567016602 694.661982536316 1105.59131622314 780.903709411621 846.21989440918 603.927215576172 568.807342529297
587.606468200684 586.586196899414 595.806453704834 673.077457427979 629.568954467773 632.020027160645 610.454307556152 602.366693496704 677.080728530884 641.134236335754 746.444938659668 701.951042175293 634.347661018372 591.334510803223 611.35115814209 594.723892211914 582.236694335938 674.38621711731 743.036094665527 599.061239242554 800.902030944824 723.612321853638 623.756965637207 670.091319561005 677.368709087372 780.415435791016 720.859046936035 744.431518554688 657.323925018311 791.765884399414 736.14892578125 833.144683837891 781.912101745605 595.522026062012 554.376556396484 650.233352661133 728.630111217499 628.563034057617 611.68578338623 561.353820800781 674.499893188477 1313.294880867 756.207312107086 573.413818359375 636.626724243164 775.553619384766 745.919841766357 646.328704833984 615.150161743164 860.200347900391
621.68017578125 647.185111045837 838.838882446289 734.02162361145 594.931861877441 665.096660614014 718.071540117264 772.019120693207 760.642593383789 646.792808055878 652.653303146362 570.962783813477 735.345672607422 677.039213180542 685.312614440918 671.608808994293 590.636089324951 593.294471740723 614.270885467529 668.221098899841 734.718765258789 686.869791030884 534.752838134766 645.246465682983 652.310882568359 662.369896888733 678.70108795166 784.378776550293 787.420188903809 721.833898544312 783.356750488281 654.439395904541 842.121383666992 862.394546508789 590.844951629639 837.743225097656 728.17795085907 776.745273590088 638.932815551758 755.643173217773 698.646914958954 654.446365356445 858.298982620239 1065.95413970947 819.504302978516 868.485729217529 658.871780395508 801.462524414062 1084.34978961945 769.857246398926
591.825318336487 529.255729675293 657.398834228516 597.377187818289 659.924221038818 584.923286437988 786.957580566406 933.527297973633 673.629037857056 769.998870849609 823.80207824707 766.784637451172 672.37718963623 691.420955657959 567.709770202637 518.318588256836 558.094680786133 716.053951263428 651.945834159851 609.450263977051 652.582817077637 586.38179397583 585.400596618652 572.04859161377 624.970642089844 862.114334106445 783.075836181641 747.640785217285 750.621170043945 738.174276351929 685.801349639893 735.773448944092 667.414852142334 618.738739013672 664.846630096436 643.152786254883 710.673648834229 755.972500920296 720.688091278076 660.876754760742 621.290496826172 818.57844543457 607.396095275879 1043.93309783936 920.518363952637 629.039993286133 740.735229492188 621.563827514648 766.611595153809 883.060470581055
607.953514099121 635.655498504639 593.257726669312 563.742158889771 729.152008056641 503.93147277832 733.866539046168 694.861129760742 732.24574804306 745.835696697235 838.500885009766 832.799425125122 660.362051010132 652.115526199341 657.572248458862 667.801117897034 690.148319244385 693.647674560547 732.516265869141 757.093566894531 585.146339416504 714.035350799561 637.555656433105 658.889364242554 722.278358459473 757.6591796875 735.106903076172 771.176086425781 698.313014268875 744.789028167725 729.766975402832 864.407089233398 786.110412597656 753.641059875488 908.272018432617 725.919340133667 601.250823974609 543.835189819336 628.942222595215 583.883087158203 817.536926269531 976.414002418518 721.354843139648 955.892951965332 851.207192420959 956.387802124023 817.060005187988 852.74503326416 981.103610992432 1053.80382919312
679.433815002441 578.302963256836 582.022590637207 578.567352294922 657.603851318359 614.899679422379 623.875154495239 671.747486114502 809.301849365234 664.389617919922 682.502792358398 772.344409942627 709.134914398193 757.229141235352 589.488079071045 621.891059875488 582.677207946777 586.824493408203 707.616516113281 551.315567016602 583.765029907227 672.573024749756 690.105152130127 753.802978515625 668.085061073303 624.496082305908 850.81965637207 809.450050354004 764.41072845459 711.786489963531 653.034595299512 772.191711425781 771.002243041992 836.88166809082 695.303381919861 751.665992736816 727.463325500488 593.449127197266 586.973571777344 736.161514282227 857.168518066406 732.773910522461 767.317932128906 735.594566345215 761.18017578125 569.846649169922 742.638401031494 751.368949890137 969.52067565918 802.031199455261
705.436790466309 664.098129272461 653.6453166008 427.236907958984 648.94612121582 656.967971801758 597.014164924622 578.884962081909 698.298294067383 671.48921585083 704.375228404999 680.036672592163 547.812622070312 601.857482910156 729.69361114502 726.663841247559 518.590118408203 647.856163978577 620.85255241394 656.758893966675 720.144153594971 711.457640647888 588.095344543457 689.592960357666 668.601702213287 649.036905288696 670.173830032349 609.677780151367 693.648288726807 628.885856628418 762.47721862793 742.703277587891 705.006164550781 841.306228637695 703.842318534851 758.483984947205 719.233209609985 624.920204162598 677.7233543396 518.884262084961 851.905395507812 715.749488830566 815.314340591431 1186.27924346924 1076.87957763672 881.619140625 866.348485946655 725.252403259277 797.882095336914 941.53303527832
635.578845977783 637.564214706421 648.154174804688 636.256105422974 713.420585632324 417.385879516602 468.359336853027 547.471542358398 685.935685634613 656.83430480957 647.999019622803 704.32251739502 680.976016044617 772.660514831543 791.753234863281 789.48193359375 633.051971435547 718.925025939941 632.492794036865 664.543190002441 748.319166183472 489.111236572266 525.20344543457 671.865201234818 725.265419006348 516.258285522461 625.604362487793 532.884368896484 748.687029361725 726.888175964355 643.482971191406 474.507904052734 603.87873840332 679.453931808472 600.153434753418 799.04761505127 611.05200958252 703.006441116333 676.242332458496 718.695861816406 494.949111938477 1265.81483650208 1151.68198394775 811.15300822258 919.410110473633 727.942268371582 714.354614257812 952.872640609741 1060.32211303711 857.403179168701
709.105834960938 678.880157470703 636.218389511108 646.853018760681 550.788581848145 542.253616333008 517.531524658203 723.822505950928 712.717636108398 601.779769897461 752.089166879654 739.090548589826 620.642051696777 779.756225585938 641.403553009033 707.413436889648 634.490879058838 693.372043609619 641.444309234619 708.139507293701 694.370834350586 688.869592666626 695.151433944702 623.854373931885 752.935581207275 658.29296875 548.582946777344 595.503211975098 651.22385597229 652.139850616455 648.426845550537 599.596321105957 629.649963378906 644.06564950943 535.275100708008 532.291732788086 649.770378112793 439.270126342773 636.722969055176 887.826480865479 602.729042053223 817.191256523132 1233.29420471191 1044.80996704102 1119.36347007751 652.968978881836 1077.79820251465 729.609931945801 695.78588104248 636.313415527344
595.610549926758 586.032432556152 685.266998291016 815.082626342773 539.848030090332 695.967296600342 607.863666534424 634.446357727051 662.502066612244 573.609226226807 725.927062988281 568.044342041016 671.470245361328 603.507694244385 799.138778686523 658.049610614777 638.598316192627 604.608940124512 689.620791912079 562.908477783203 585.177879333496 613.147289276123 631.226286172867 580.520378112793 748.258060455322 545.203254699707 535.076667785645 557.308662414551 635.057727813721 489.636184692383 735.66682434082 640.259113311768 684.779190063477 609.149147033691 720.598579406738 745.968727111816 617.705280303955 635.916687011719 711.930591583252 697.734237670898 512.646682739258 798.757301330566 796.502017974854 1056.06146240234 761.843146324158 806.690139770508 1272.2865447998 747.754566192627 658.68537902832 809.071326255798
582.492816925049 624.998920440674 703.022415161133 706.899314880371 590.016910552979 527.149833679199 476.524368286133 549.881958007812 873.667922973633 738.289817810059 567.299125671387 462.021530151367 460.491653442383 569.182014465332 642.094631195068 654.50848531723 655.126047134399 688.526769638062 724.521368026733 768.675975799561 759.769248962402 628.32519030571 580.775230407715 727.604859352112 560.880233764648 542.587562561035 574.394508361816 680.68098449707 760.471771240234 640.367238998413 672.399860501289 674.712726593018 787.861923217773 736.075309753418 946.450790405273 700.266755104065 675.699045181274 789.675109863281 681.529897689819 680.183898925781 737.808326721191 863.241962432861 645.764602661133 829.317081451416 1098.72624206543 705.359550476074 993.224884033203 710.520881652832 577.259780883789 842.200981140137
649.384607315063 570.019260406494 656.915266036987 657.008277893066 560.773857116699 650.201824188232 669.256700515747 663.334667205811 782.591384887695 621.60330581665 599.904384613037 481.442199707031 505.363876342773 639.041677474976 554.713676452637 622.259815216064 586.372673034668 660.591297388077 699.388774871826 776.064949035645 683.20311164856 641.293109893799 596.798942565918 594.868385314941 567.375617980957 542.691284179688 606.46989440918 557.97314453125 534.975204467773 751.461671829224 647.941303253174 700.107324123383 710.960091590881 751.65979385376 792.936111450195 804.481819152832 618.573902130127 699.269071578979 609.452095031738 610.283416748047 638.173553466797 809.11856842041 505.155822753906 961.921142578125 1005.33157730103 609.658584594727 444.681396484375 608.106979370117 838.893096923828 1097.623046875
697.174697875977 656.084365844727 559.531570911407 568.071655273438 653.002370834351 646.98694229126 770.987030029297 708.630809783936 719.282257080078 496.192718505859 639.303312301636 563.563545227051 613.495079040527 607.708526611328 628.402980804443 536.77758026123 481.118347167969 648.986371994019 632.613800048828 707.811393141747 687.830934524536 683.000780105591 503.408027648926 577.692901611328 566.666244506836 636.810417175293 582.332061767578 605.721588134766 649.909812927246 685.071134567261 792.656707763672 706.296348571777 614.016525268555 757.298490524292 756.252578735352 739.96150970459 575.697471618652 712.758628845215 613.747047424316 731.196716308594 610.486694335938 980.564559936523 679.30477142334 833.755586624146 1100.94232559204 762.29956817627 810.066131591797 652.141372680664 882.641258239746 717.910011291504
629.515684127808 516.724906921387 469.534683227539 690.745868682861 638.832520961761 757.856971740723 720.026542663574 531.894546508789 704.495246887207 629.566390991211 598.358505249023 627.686367034912 576.009635925293 991.285438537598 926.72843170166 652.491802215576 797.701789855957 616.637275695801 708.851169586182 674.549884796143 694.174730300903 661.564060211182 594.641212463379 799.84992980957 584.423522472382 787.86157989502 695.489971160889 495.374130249023 682.556003570557 624.895492553711 603.939498901367 667.694927215576 676.587518692017 770.149398803711 897.961471557617 620.92310333252 653.665323257446 762.455780029297 632.252456665039 693.719161987305 601.421508789062 583.538589477539 617.933334350586 576.583831787109 768.953868865967 783.233001708984 604.306198120117 713.500732421875 728.656936645508 719.287269592285
661.118565559387 721.963829040527 666.026107788086 586.845935821533 573.485340118408 660.059371948242 659.315988540649 496.394439697266 627.117637634277 698.721141815186 646.905704498291 625.123900413513 705.863754272461 899.527496337891 631.202220916748 579.142448425293 604.131523132324 665.071643829346 672.734328269958 707.979757547379 654.205984115601 694.942057132721 632.154190063477 650.55708694458 854.432327270508 847.667861938477 858.709259033203 666.94465637207 649.366226196289 702.222428321838 529.57682800293 624.218528747559 830.226280212402 735.443263530731 748.17333984375 725.145148277283 720.279376983643 601.742571353912 616.638313293457 822.038330078125 924.813598632812 604.001281738281 901.046279907227 757.511741638184 496.496994018555 581.679061889648 683.037933349609 721.120796203613 723.036556243896 1090.21626281738
723.189697265625 882.361083984375 742.493545532227 700.357643127441 482.361541748047 580.464149475098 631.707106113434 655.027956008911 739.792205810547 690.692598342896 710.908695220947 748.664898395538 782.940036773682 553.545276641846 612.462659835815 560.461807250977 712.914462804794 862.82975769043 605.00704574585 632.874114990234 681.89469909668 689.792997360229 1331.86311013997 789.627464294434 726.014602661133 755.690528869629 752.851974487305 798.013122558594 594.747108459473 749.609460830688 659.562141418457 614.35595703125 755.142654895782 827.452560424805 691.856640815735 771.300483703613 697.509324073792 644.612174987793 685.582659721375 1050.67569732666 496.290618896484 662.360897064209 680.521278381348 1488.42416381836 543.342742919922 1700.08706665039 699.982192993164 706.815437316895 1072.25622844696 918.863693237305
1305.82693481445 1015.36181640625 902.644157409668 717.787103176117 543.628295898438 718.53108215332 608.205703735352 666.636484146118 621.725284576416 755.835676193237 699.161615371704 990.603302001953 892.197216033936 719.988231658936 755.023439407349 1072.66825866699 1006.52081298828 686.777007043362 562.263465881348 640.313690185547 647.885036468506 569.1767578125 552.41130065918 716.338329315186 832.874378204346 802.394264221191 635.208686828613 746.485557556152 741.483654022217 755.47779083252 783.568069458008 825.704879760742 797.481533050537 784.821613311768 749.003917694092 725.221861362457 727.841102600098 581.40518951416 597.156143188477 937.875373840332 556.337791442871 635.304222106934 632.430847167969 708.134872436523 891.982147216797 867.019409179688 729.850364685059 722.08219909668 853.520095825195 752.080688476562
