simdem/realisation5.asc
NCOLS 350 
NROWS 171 
XLLCORNER 152620 
YLLCORNER 418050 
CELLSIZE 100 
NODATA_value -9999 
[rows 88 to 109 of 171, columns 0 to 49 of 350]
-9999 -9999 -9999 -9999 -9999 -9999 -9999 -9999 -9999 -9999 -9999 -9999 -9999 -9999 -9999 -9999 -9999 386.69554901123 335.46492767334 247.475685119629 271.086402893066 550.324426651001 490.68989944458 742.357498168945 575.242767333984 682.009064674377 686.796775817871 453.044235229492 831.414070129395 394.035583496094 322.509155273438 404.086326599121 539.535152435303 154.764450073242 221.273162841797 325.721504211426 529.289497375488 674.535346984863 635.43582868576 765.915641784668 706.550956726074 663.960569858551 252.53173828125 123.338829040527 189.221786499023 239.135719299316 385.32982635498 504.156217575073 648.094688415527 323.837463378906
-9999 -9999 -9999 -9999 -9999 -9999 -9999 -9999 -9999 -9999 -9999 -9999 -9999 -9999 -9999 -9999 -9999 504.424457550049 246.913757324219 184.001800537109 213.3115234375 354.011558532715 311.607048034668 594.968059539795 448.013286590576 892.58952331543 757.686065673828 1134.4001083374 753.537063598633 538.509164810181 341.127727508545 509.943138122559 246.629333496094 402.310935974121 361.335098266602 461.559387207031 498.750915527344 634.463394165039 740.942253112793 855.298934936523 941.259490966797 747.856811523438 631.792633056641 392.790348052979 311.072257995605 256.218376159668 484.704231262207 525.578033447266 285.474607467651 427.413375854492
-9999 -9999 -9999 -9999 -9999 -9999 -9999 -9999 -9999 -9999 -9999 -9999 -9999 -9999 -9999 -9999 653.963897705078 492.892868041992 221.697860717773 301.837646484375 468.614295959473 456.168590545654 588.321409225464 451.659477233887 557.136711120605 545.606471061707 655.271377563477 602.107856750488 571.546981811523 436.955596923828 425.917518615723 624.781261444092 315.405235290527 683.666831970215 415.824172973633 537.919342041016 820.909660339355 612.440135955811 642.526679992676 625.738357543945 581.418212890625 508.734756469727 651.143806934357 337.040395736694 267.916793823242 357.748748779297 362.28751373291 282.211131095886 275.397842407227 515.626480102539
-9999 -9999 -9999 -9999 -9999 -9999 -9999 -9999 -9999 -9999 -9999 -9999 -9999 -9999 -9999 -9999 571.014616012573 349.988265991211 368.685050964355 606.601821899414 464.66283416748 580.474224090576 420.183181762695 392.264320373535 489.240837097168 365.307052612305 496.966789245605 590.664236068726 685.94841003418 402.625092983246 540.988235473633 442.173309326172 559.012237548828 390.87580871582 651.876747131348 261.502700805664 583.642562866211 607.735275268555 511.985916137695 231.738908290863 276.633850097656 298.128751754761 390.163951396942 133.356895446777 416.672021865845 215.67866897583 329.521072387695 376.363014221191 559.771942138672 430.152717590332
-9999 -9999 -9999 -9999 -9999 -9999 -9999 -9999 -9999 -9999 -9999 -9999 -9999 -9999 -9999 615.459932327271 578.032428264618 469.803750991821 560.010124206543 538.402114868164 593.542484283447 409.751190185547 469.617496490479 805.576530456543 473.671520233154 739.596699237823 419.744247436523 230.43489074707 553.503425598145 570.553443908691 677.379383087158 696.638694763184 675.809722900391 319.524188995361 423.603179931641 373.343994140625 564.83031463623 604.075668334961 730.267360687256 321.349510192871 86.0252532958984 126.827880859375 172.859443664551 127.391681671143 211.815063476562 235.682029724121 385.638603210449 476.945220947266 631.588989257812 433.195190429688
-9999 -9999 -9999 -9999 -9999 -9999 -9999 -9999 -9999 -9999 -9999 -9999 -9999 -9999 -9999 737.506332397461 645.985595703125 501.970269203186 449.135985374451 500.788921356201 426.133483886719 352.296730041504 614.964126586914 688.121803283691 809.92586517334 449.329872131348 409.171920776367 323.728408813477 431.598434448242 396.871479034424 374.453615188599 300.251937866211 469.018836975098 311.735084533691 498.272109985352 505.169769287109 583.911468505859 581.776893615723 709.933292388916 276.106719970703 241.212921142578 159.791160583496 272.137375831604 200.518851518631 174.970468521118 278.054794311523 288.545051574707 371.932571411133 418.086929321289 272.126523971558
-9999 -9999 -9999 -9999 -9999 -9999 -9999 -9999 -9999 -9999 -9999 -9999 -9999 -9999 676.220886230469 642.385604858398 628.891464233398 590.951034545898 591.032218933105 397.117292404175 500.535559654236 610.053550720215 647.631927490234 772.843112945557 478.765399932861 518.728126525879 555.927444458008 341.458274841309 254.420684814453 298.945579528809 537.554611206055 473.220100402832 416.39542388916 306.725231170654 358.362758636475 479.223648071289 480.060745239258 594.179580688477 -9999 -9999 150.163787841797 21.7533569335938 293.137992858887 196.110614776611 264.867267608643 315.100944519043 484.979108810425 605.649436950684 435.591583251953 276.035325169563
-9999 -9999 -9999 -9999 -9999 -9999 -9999 -9999 -9999 -9999 -9999 -9999 -9999 -9999 648.459476470947 691.487152099609 504.309825897217 636.361389160156 643.448944091797 583.306225776672 414.396614074707 767.74104309082 535.6181640625 666.477680206299 689.272491455078 588.46858215332 682.725667953491 621.541103363037 612.056655883789 468.018630981445 494.498725891113 359.467796325684 434.299850463867 471.465148925781 292.149997711182 -9999 -9999 -9999 -9999 -9999 -9999 -9999 81.3894653320312 125.372283935547 216.331192016602 203.876457214355 456.392761230469 650.630912780762 315.098761558533 362.332801818848
-9999 -9999 -9999 -9999 -9999 -9999 -9999 -9999 -9999 -9999 -9999 -9999 -9999 539.242004394531 473.650310516357 563.017490386963 618.670021057129 351.626953125 474.619262695312 543.65650177002 642.946060180664 716.772190093994 1073.78253173828 661.550514221191 740.156539916992 597.525653839111 572.397632598877 450.147338867188 552.010940551758 490.996673583984 553.51895904541 470.929580688477 535.115882873535 246.311197280884 183.631759643555 -9999 -9999 -9999 -9999 -9999 -9999 -9999 -9999 192.2522315979 108.752670288086 201.706707000732 239.060977220535 478.081687927246 595.584182739258 288.083112716675
-9999 -9999 -9999 -9999 -9999 -9999 -9999 -9999 -9999 -9999 -9999 -9999 -9999 416.995788574219 406.321914672852 645.943405151367 311.449981689453 289.488319396973 284.157855033875 748.645942687988 722.565155029297 579.940444946289 632.754775524139 457.543251037598 583.42967414856 626.037738800049 612.712148666382 555.378177642822 461.511322021484 679.97428894043 361.912651062012 497.770530700684 362.427299499512 436.70719909668 -9999 -9999 -9999 -9999 -9999 -9999 -9999 -9999 -9999 -9999 265.072952270508 457.313903808594 395.240760803223 434.012176513672 448.050539016724 123.512283325195
-9999 -9999 -9999 -9999 -9999 -9999 -9999 -9999 -9999 -9999 -9999 -9999 529.000838756561 552.451499938965 505.951992034912 581.073257446289 683.598804473877 623.408786773682 722.111782073975 653.365863800049 572.149955749512 460.502876281738 521.193920135498 557.170180797577 585.462665081024 690.759239196777 711.985336303711 753.292755126953 763.984466552734 672.928688049316 613.924674987793 656.154479980469 527.380836486816 -9999 -9999 -9999 -9999 -9999 -9999 -9999 -9999 -9999 -9999 -9999 400.079055786133 378.990962982178 314.187057971954 335.680330276489 334.317543029785 581.151653289795
-9999 -9999 -9999 -9999 -9999 -9999 -9999 -9999 -9999 -9999 -9999 239.704284667969 428.000106811523 481.683681488037 354.765251159668 478.077934265137 729.124092102051 786.964233398438 470.794891357422 661.296411514282 504.403846740723 998.334318161011 552.624490737915 481.253059387207 511.599700927734 814.117202758789 783.802536010742 725.72229385376 676.002822875977 658.919174194336 699.982818603516 537.414974212646 462.742864608765 -9999 -9999 -9999 -9999 -9999 -9999 -9999 -9999 -9999 -9999 -9999 -9999 373.171363830566 375.86067199707 221.947807312012 312.269556999207 645.31748008728
-9999 -9999 -9999 -9999 -9999 -9999 -9999 -9999 -9999 -9999 -9999 395.149360656738 337.419860839844 444.973145484924 413.314831256866 435.010757446289 464.801906585693 515.496765136719 670.352343559265 520.050689697266 359.874801635742 336.345367431641 382.80973815918 596.072639465332 585.32616519928 687.591659545898 702.871734619141 705.912322998047 542.22679901123 551.661415100098 508.061225891113 516.495185852051 -9999 -9999 -9999 -9999 -9999 -9999 -9999 -9999 -9999 -9999 -9999 -9999 -9999 336.775978088379 170.651062011719 160.253204345703 201.164947509766 402.34196472168
-9999 -9999 -9999 -9999 -9999 -9999 -9999 -9999 -9999 -9999 427.93098449707 380.22348845005 369.594047546387 272.263809204102 440.999485015869 428.784088134766 507.220092773438 510.861892700195 583.019962310791 562.470886230469 372.092559814453 467.36555480957 505.639114379883 597.483837127686 505.346153259277 770.316467285156 541.800201416016 613.052921295166 352.725616455078 363.04670715332 439.088947296143 -9999 -9999 -9999 -9999 -9999 -9999 -9999 -9999 -9999 -9999 -9999 -9999 -9999 -9999 -9999 433.467788696289 167.027038574219 84.6427307128906 369.05393409729
-9999 -9999 -9999 -9999 -9999 -9999 -9999 -9999 -9999 -9999 359.098358154297 361.425910949707 473.890727996826 361.476819992065 481.946823120117 613.083602905273 585.89852142334 247.29736328125 381.476699829102 517.78094959259 279.31916809082 422.254875183105 526.597152709961 529.6259765625 438.90047454834 405.88963508606 397.562309265137 53.8295593261719 162.345008850098 52.3249206542969 -9999 -9999 -9999 -9999 -9999 -9999 -9999 -9999 -9999 -9999 -9999 -9999 -9999 -9999 -9999 -9999 -9999 355.716094970703 368.763206481934 323.582963943481
-9999 -9999 -9999 -9999 -9999 -9999 -9999 -9999 -9999 457.40690612793 311.48999786377 532.410820007324 424.595153808594 284.681617736816 676.543991088867 593.919631958008 424.385856628418 481.634643554688 407.481735229492 1030.31489515305 465.740219116211 510.799867630005 517.531795501709 724.717041015625 337.816113948822 201.068740844727 227.814270019531 32.2172698974609 97.8778991699219 100.4873046875 -9999 -9999 -9999 -9999 -9999 -9999 -9999 -9999 -9999 -9999 -9999 -9999 -9999 -9999 -9999 -9999 -9999 -9999 273.733764648438 356.070426940918
-9999 -9999 -9999 -9999 -9999 -9999 -9999 -9999 449.619338989258 341.659576416016 324.43293762207 385.995822906494 508.351055145264 396.332504272461 477.508605957031 521.0520362854 481.810773849487 529.944309234619 437.757033348083 648.774429321289 571.039447784424 566.53565788269 582.019938468933 232.291610717773 448.045227050781 344.20567035675 174.783645629883 235.148471832275 397.050201416016 -9999 -9999 -9999 -9999 -9999 -9999 -9999 -9999 -9999 -9999 -9999 -9999 -9999 -9999 -9999 -9999 -9999 -9999 -9999 -9999 872.697211265564
-9999 -9999 -9999 -9999 -9999 -9999 -9999 -9999 356.915534973145 388.995990753174 433.476079463959 407.006908416748 492.291793823242 598.798698425293 589.768661499023 604.787322998047 410.205253601074 475.005786895752 915.828155517578 450.990882873535 541.652906894684 462.109176635742 643.106728076935 87.5706787109375 318.802045822144 151.816177368164 187.10782623291 267.926251351833 -9999 -9999 -9999 -9999 -9999 -9999 -9999 -9999 -9999 -9999 -9999 -9999 -9999 -9999 -9999 -9999 -9999 -9999 -9999 -9999 -9999 -9999
-9999 -9999 -9999 -9999 -9999 -9999 -9999 272.164886474609 280.980545043945 492.449111938477 450.022073745728 435.989486694336 412.534154891968 550.467128753662 461.253700256348 544.840972900391 458.059684753418 562.93772315979 504.836776733398 400.538082122803 362.080056190491 600.249025344849 196.64225769043 284.093780517578 253.658622741699 260.129829406738 241.94144910574 291.837635040283 -9999 -9999 -9999 -9999 -9999 -9999 -9999 -9999 -9999 -9999 -9999 -9999 -9999 -9999 -9999 -9999 -9999 -9999 -9999 -9999 -9999 -9999
-9999 -9999 -9999 -9999 -9999 -9999 381.21760559082 344.303703308105 389.245262145996 407.483543395996 431.207901000977 415.966678619385 568.988932609558 503.990058898926 528.240915298462 556.70219039917 224.861297607422 442.789245605469 402.848337173462 234.155975341797 296.013011932373 497.892639160156 471.284900665283 297.343326568604 342.935111999512 299.702854156494 270.583339691162 -9999 -9999 -9999 -9999 -9999 -9999 -9999 -9999 -9999 -9999 -9999 -9999 -9999 -9999 -9999 -9999 -9999 -9999 -9999 -9999 -9999 -9999 -9999
-9999 -9999 -9999 -9999 199.912185668945 473.315887451172 432.944725036621 66.4258575439453 156.479076385498 547.998069763184 503.285388946533 701.335906982422 616.437454223633 461.276271820068 464.647253990173 461.489782333374 583.528343200684 401.953053474426 398.281524658203 467.954132080078 529.07032585144 751.448955535889 338.630798339844 159.232666015625 102.423950195312 310.862487792969 -9999 -9999 -9999 -9999 -9999 -9999 -9999 -9999 -9999 -9999 -9999 -9999 -9999 -9999 -9999 -9999 -9999 -9999 -9999 -9999 -9999 -9999 -9999 -9999
338.266670227051 301.853622436523 157.635887145996 444.959663391113 461.89799451828 420.2180519104 523.984756469727 484.709850311279 205.714776992798 453.796320438385 516.569606781006 664.896965026855 634.113487243652 362.026824951172 439.945785522461 676.35457611084 848.469165802002 310.328411102295 246.301071166992 491.550872802734 683.029754638672 338.514553070068 96.12180519104 156.861030578613 123.770877838135 140.644729614258 -9999 -9999 -9999 -9999 -9999 -9999 -9999 -9999 -9999 -9999 -9999 -9999 -9999 -9999 -9999 -9999 -9999 -9999 -9999 -9999 -9999 -9999 -9999 -9999
