simdem/realisation92.asc
NCOLS 350 
NROWS 171 
XLLCORNER 152620 
YLLCORNER 418050 
CELLSIZE 100 
NODATA_value -9999 
[rows 66 to 87 of 171, columns 100 to 149 of 350]
366.971710205078 356.007164001465 397.273326873779 230.896224975586 385.515769958496 551.423515319824 418.071815490723 336.897262573242 587.726036071777 479.876296520233 416.603912353516 600.534393310547 353.917831420898 401.528896331787 620.656951904297 460.507095336914 480.530881881714 478.279982864857 476.964953660965 414.828132629395 481.654356002808 454.55179977417 493.568118095398 445.4189453125 486.19925403595 521.205194473267 727.022262573242 553.952529907227 599.624984741211 587.566078186035 566.874698638916 485.80407333374 514.084928512573 584.286794662476 533.45361328125 489.794902801514 457.086158752441 464.158966064453 530.212120056152 564.68075466156 619.515659332275 622.716720581055 464.079360961914 489.734302520752 521.97166633606 506.238014221191 533.533164978027 608.728694915771 519.962461471558 549.077161490917
327.165245056152 382.983406066895 359.364013671875 345.948547363281 551.574737548828 503.731098175049 495.278230667114 376.878204345703 484.623460769653 478.591959357262 493.578937530518 536.434501647949 387.414482116699 515.244125366211 567.141128540039 451.583061218262 460.857458353043 555.413063049316 392.034004211426 505.123790740967 381.738410949707 459.583707809448 422.541549682617 552.40604019165 393.47827911377 373.684799194336 564.117721557617 579.927978515625 595.717643737793 575.080169677734 435.389610290527 480.813236236572 433.51375579834 401.631103515625 360.656860351562 599.51464176178 594.587394714355 586.698551177979 688.840763092041 655.884399414062 657.486343383789 623.589614868164 456.87825012207 466.268112182617 495.826797485352 595.101868629456 486.549770355225 614.751495361328 605.079822540283 657.985717773438
404.92342376709 307.360015869141 228.902191162109 376.063186645508 460.386423110962 439.437110900879 526.417736053467 418.598167419434 392.570083618164 472.165431976318 374.158027648926 500.156734466553 436.54531288147 531.570610046387 498.367835998535 487.159520179033 438.835227966309 487.556092917919 487.167579650879 583.189163208008 418.200508117676 556.981391906738 414.66886138916 535.666452407837 507.328958511353 452.564476013184 375.873931884766 418.751670837402 612.678482055664 640.952949523926 464.13060760498 555.202289581299 577.905109405518 321.841995239258 462.980369567871 678.169700622559 748.778289794922 699.967750549316 594.342355728149 601.685767650604 619.590805053711 584.024890899658 450.989585876465 552.816066741943 470.884635925293 503.326316833496 517.584831237793 559.903163909912 455.476737976074 614.447242736816
613.23307800293 322.956115722656 368.880928039551 452.96916103363 425.925941467285 274.698745727539 562.693840026855 392.055015563965 581.857917785645 422.788303375244 234.987213134766 405.168975830078 462.835238695145 515.433578491211 545.910335540771 354.379638671875 436.656658172607 510.617858886719 540.971221923828 487.381897926331 499.101716995239 545.734336853027 517.791572570801 458.805931091309 564.980354309082 475.196367263794 493.709108352661 508.241075515747 460.902687072754 618.23616027832 604.666046142578 663.093315124512 496.109050750732 441.115325927734 575.675037384033 795.505401611328 663.429321289062 664.187927246094 727.358001708984 644.892730712891 630.303161621094 504.902618408203 633.688362121582 356.440521240234 532.96590423584 497.172653198242 480.698333740234 446.086448669434 617.257125854492 571.226631522179
470.920728683472 400.372421264648 389.471298217773 461.563625603914 351.299171447754 368.622619628906 410.45174407959 373.230728149414 375.956146240234 464.691445112228 408.721542358398 334.830505371094 455.680320739746 486.73458480835 561.789840698242 293.879501342773 476.388876795769 473.949432373047 621.06982421875 535.013916015625 442.741947174072 374.607681274414 459.140295028687 493.88902759552 540.487392425537 552.653797149658 459.762371063232 471.310829162598 521.092700958252 494.218776702881 528.542422294617 601.829261779785 562.528740882874 472.746772766113 654.29222869873 700.376312255859 569.118034362793 604.963607788086 665.859748840332 692.904891967773 582.050060272217 444.928588867188 533.587287902832 411.774948120117 534.153244018555 584.577004432678 560.418697357178 561.892116546631 745.618759155273 612.389457702637
573.791924476624 447.900657653809 423.749938964844 455.88835144043 388.629722595215 380.413993835449 418.116104125977 408.233055114746 485.444547653198 438.274188995361 474.120990753174 404.928993225098 534.841526031494 565.001602172852 501.636518478394 485.863216876984 512.946178436279 483.346998214722 681.58024597168 533.125232696533 459.60325050354 313.522735595703 423.090362548828 529.133157730103 584.228942871094 550.472621917725 365.432037353516 455.205726623535 567.288906097412 497.35880279541 573.520542144775 518.310745239258 540.952548027039 506.747997283936 554.06086063385 614.86527633667 660.494010925293 739.685668945312 678.361877441406 617.754428863525 569.11710357666 600.745014190674 713.331451416016 603.875854492188 622.567520141602 711.283975601196 607.944474220276 604.317226409912 717.699676513672 527.182071685791
473.217296600342 361.750625610352 313.517761230469 522.180183410645 505.224321365356 402.150135040283 439.001335144043 524.953327178955 442.436584472656 529.399940490723 400.530479431152 530.54780960083 422.175186157227 574.06324005127 553.849540710449 381.600479125977 554.41703414917 642.49983215332 630.68424987793 406.751670837402 486.850429534912 350.442420959473 460.862373352051 475.312126159668 640.276336669922 517.422410964966 454.821968078613 506.129285812378 477.026550292969 545.146331787109 483.560047149658 540.233266830444 512.358169555664 579.039525985718 530.56229019165 908.533138275146 632.503036499023 837.414524078369 976.00415802002 632.840644836426 686.092239379883 391.945434570312 619.150146484375 456.752395629883 477.657485961914 831.089992523193 563.089839935303 497.389762878418 520.644336700439 528.934513092041
536.082613945007 453.882633209229 399.056411743164 523.387222290039 532.248516082764 530.655532836914 393.308769226074 325.210998535156 388.575248718262 385.336753845215 331.44889831543 520.71955871582 460.817859649658 577.53401184082 481.10222709924 520.550289154053 666.316192626953 665.229385375977 529.835235595703 512.294946670532 305.147018432617 329.972259521484 318.241897583008 494.3287525177 566.328258514404 403.771324157715 497.674430847168 496.973300933838 555.858131408691 515.398354530334 450.916206359863 551.147026062012 499.736968994141 867.010919570923 681.590637207031 452.957153320312 530.889395534992 842.688320159912 708.08935546875 465.874740600586 665.70778131485 218.722961425781 540.29663848877 446.629294872284 443.599643707275 436.607322692871 770.815544128418 315.274017333984 410.050689697266 401.054718017578
466.138450622559 469.707344055176 520.654428482056 579.327095031738 409.469398498535 528.02165222168 355.038497924805 377.721672058105 492.314926147461 494.93984413147 497.136260986328 443.97988986969 412.161552429199 521.671131134033 495.585110425949 482.85743367672 605.296466827393 534.19953918457 691.538345336914 523.069347381592 450.197818756104 399.590263366699 460.491554260254 453.307197570801 467.466953277588 632.590225219727 601.442070007324 550.46329832077 564.858489990234 628.855934143066 456.18631362915 497.342767715454 643.356262207031 802.220352172852 653.697939395905 547.960189819336 347.226913452148 635.899700164795 645.386283874512 553.915214538574 508.845306396484 347.775741577148 418.55392074585 415.506851196289 483.138305664062 312.185234069824 423.033233642578 355.45263671875 933.228500366211 510.840774536133
403.261047363281 368.209411621094 539.053651809692 657.729080200195 529.814876556396 559.712409973145 440.660121917725 490.295036315918 540.878513336182 597.882690429688 518.53551864624 383.287979125977 519.825576782227 547.309150695801 683.698623657227 560.896392822266 396.815299987793 489.189708709717 584.420333862305 527.081737518311 478.540103912354 568.618240356445 529.9401512146 521.532978057861 687.49934387207 652.337875366211 612.600654602051 714.204635620117 728.688369750977 542.509924888611 516.358474731445 495.087181091309 528.955780029297 528.02074432373 518.266998291016 320.433135986328 225.449859619141 621.28653717041 583.098342895508 729.202571868896 625.393569946289 255.724426269531 543.739738464355 441.399530410767 351.093978881836 320.128372192383 416.677932739258 530.463798522949 516.098930835724 480.718307495117
673.420120239258 595.755968093872 578.320610046387 698.733352661133 633.207412719727 473.592153549194 425.33349609375 642.176773071289 462.781158447266 349.927429199219 443.53479385376 486.455560684204 452.757907867432 662.731094360352 591.784034729004 565.961036682129 483.501111268997 564.654167175293 659.222732543945 601.632781982422 671.951126098633 653.91276550293 494.856202125549 587.834297180176 582.91344833374 505.161649227142 550.816144943237 644.114868164062 619.098892211914 611.863670349121 428.136024475098 507.694198608398 580.017440795898 652.039016723633 498.214073181152 442.79719543457 367.76929473877 641.17374420166 621.550476074219 789.438919067383 735.844902038574 469.763061523438 501.305549621582 438.468595504761 431.339162826538 516.20783996582 799.914474487305 482.734725952148 397.514389038086 512.954620361328
579.882100105286 593.430551528931 456.986846923828 926.910598754883 587.907524108887 567.474273681641 484.817021369934 475.837142944336 378.902778625488 503.568689107895 523.674819946289 461.395721435547 632.808456420898 543.20528793335 688.544143676758 559.914546966553 539.491428375244 590.339378356934 534.883907318115 655.999176025391 720.17236328125 658.569458007812 621.96361541748 614.192092895508 403.267623901367 574.253192901611 499.826086044312 582.673515319824 603.974876403809 499.389587402344 545.557460784912 543.599281311035 590.932205200195 435.444764375687 623.396905899048 441.493118286133 315.517562866211 575.130462646484 691.906463623047 732.47142791748 643.378311157227 465.021819591522 445.246061325073 498.853572845459 506.991271972656 618.718379974365 702.093149185181 405.09517288208 354.891265869141 523.327560424805
507.222045898438 554.860019683838 635.719024658203 650.732398986816 644.209917068481 621.226539611816 387.930862426758 539.730285644531 455.205646514893 504.18129825592 629.913345336914 892.436100006104 595.308410644531 551.558753967285 653.685317993164 627.827270507812 579.837074279785 622.876449584961 544.624675750732 620.279281616211 587.563636779785 609.053031921387 580.228233337402 509.221898794174 587.511505126953 513.120065689087 479.067237854004 506.861381530762 451.622352600098 478.311902999878 487.210803031921 578.812866210938 503.931678771973 527.865280151367 516.284042358398 506.811241149902 333.242721557617 488.208198547363 560.899982452393 544.382709503174 677.333053588867 563.560180664062 517.040000915527 590.41291809082 646.440612792969 530.401092529297 339.221733093262 355.004402160645 341.180801391602 549.844701766968
504.817573547363 465.217189788818 529.222458839417 653.997520446777 641.451522827148 468.115036010742 605.034774780273 549.095306396484 502.658121585846 465.525596618652 513.086330413818 565.991569519043 595.614265441895 615.373435974121 710.90901184082 552.665130615234 697.600891113281 593.154769897461 650.156539916992 561.352474212646 528.342168807983 471.139617919922 608.908645629883 551.77173614502 454.987632751465 433.250717163086 511.316429138184 389.377838134766 452.221906661987 313.646141052246 434.306594848633 512.389695167542 450.999973297119 488.467128753662 460.115146636963 553.136413574219 561.477737426758 634.935665130615 532.098793029785 689.904335021973 663.749145507812 573.277221679688 589.276405334473 695.16837310791 644.19945526123 552.179512023926 406.364742279053 279.44416809082 428.780654907227 435.72248840332
747.633392333984 652.482303619385 512.737854003906 666.562480926514 734.975219726562 516.232864379883 574.320014953613 784.499578475952 459.834037780762 657.252906799316 525.366235733032 475.888698577881 539.088373184204 701.505401611328 760.351318359375 756.307479858398 619.215881347656 604.988956451416 577.080924987793 486.823984146118 402.775466918945 613.185653686523 573.668437957764 514.3961353302 475.864120483398 565.419560432434 578.342059135437 411.106464385986 295.790863037109 397.291351318359 336.810691833496 510.012481689453 492.596074104309 475.781190872192 657.639156341553 675.625022888184 722.587692260742 585.839336395264 523.810104370117 680.480751037598 513.424278259277 454.641946792603 419.731185913086 615.411153793335 581.795495986938 666.268692016602 538.29305267334 437.264505386353 432.018056869507 478.688808441162
659.991416931152 660.436393737793 571.769898414612 469.875198364258 638.148641586304 751.914756774902 659.522018432617 668.165962219238 591.259990692139 564.832359313965 559.011943817139 405.12068939209 508.292717456818 509.201195240021 565.809539794922 542.929309844971 561.29418182373 547.02529335022 657.499771118164 575.07674407959 763.160781860352 520.906139373779 493.569484710693 418.487640380859 501.430027008057 516.855392456055 550.005226135254 323.407257080078 435.662441253662 493.443096160889 387.246162414551 385.751110076904 453.230987548828 568.001480102539 635.38708114624 577.124053955078 691.110908508301 627.192672729492 700.429847717285 647.446647644043 595.549461364746 518.507545471191 719.708450317383 793.452339172363 689.698820114136 672.573162078857 515.18710899353 445.993176460266 557.601866722107 692.39347076416
494.723537445068 607.757932186127 549.703552246094 489.029365539551 614.398729801178 741.372817993164 786.534240722656 653.632877349854 630.311721801758 490.078911304474 551.449468612671 399.070579528809 434.005771636963 497.177503585815 569.281944274902 517.924110412598 576.392711639404 578.63907623291 568.43309211731 629.150131225586 556.819942474365 484.415414810181 357.235229492188 401.955795288086 554.01071190834 491.489898681641 456.988803863525 320.544692993164 624.416709899902 722.877731323242 673.334091186523 666.575035095215 524.410884857178 656.184921264648 626.711441040039 580.504745483398 691.321060180664 761.745422363281 527.408325195312 570.415618896484 687.663726806641 854.236602783203 631.234523773193 646.685219764709 664.666614532471 672.821029663086 628.749753952026 788.952127456665 671.125587463379 767.738021850586
497.413862228394 405.481018066406 434.091411590576 624.385684967041 666.059150695801 592.349513053894 700.44068145752 586.62051486969 727.364143371582 776.275009155273 489.496643066406 545.208599090576 452.452823638916 472.397062301636 508.496751785278 485.6715259552 591.163528442383 578.625465393066 575.56665802002 597.721870422363 550.235481262207 517.099223136902 395.975975036621 452.142196655273 564.468505859375 559.462510585785 577.395994186401 709.720962524414 566.016361236572 740.745986938477 701.288383483887 685.579238891602 647.485088348389 568.836198806763 359.508811950684 626.489547729492 410.152877807617 645.232475280762 551.973625183105 653.028625488281 449.0615234375 687.542062282562 439.851470947266 493.978931427002 494.288677215576 572.280517578125 546.636615753174 718.1891746521 892.08447265625 787.554357528687
720.518383026123 556.719512939453 528.322509765625 474.094812393188 606.791351318359 648.763782501221 531.96363067627 635.216472625732 634.829219818115 922.73807144165 524.284087896347 503.466941833496 592.474800109863 503.391506314278 425.459213256836 508.155091524124 468.303354263306 517.030240893364 439.954212188721 512.469007492065 492.770176887512 504.957580566406 546.888664245605 552.272598266602 521.930943489075 646.206146240234 706.481460571289 560.490623474121 420.26050567627 632.405029296875 625.25484085083 601.956583023071 588.525234699249 635.236934661865 333.594543457031 414.789954185486 527.489170074463 519.432328760624 521.546908855438 508.951535224915 405.142456054688 529.956428527832 412.768890380859 501.754257202148 561.980941772461 539.735949516296 527.894622802734 842.107955932617 732.942451477051 600.404337882996
699.713737487793 673.899940490723 656.122229099274 573.25528717041 559.148379683495 576.941692352295 707.939453125 517.972831726074 502.558670043945 615.262815475464 636.049377441406 394.721801757812 493.982629776001 550.704563140869 477.768579483032 571.78010559082 515.582382202148 496.430389404297 565.533149719238 641.355621337891 430.443492889404 396.219039916992 594.870758056641 454.031925201416 562.977005004883 722.275039672852 769.964157104492 465.748394012451 245.38053894043 454.180946350098 679.932189941406 463.319831848145 543.277736663818 334.48950958252 471.474395751953 307.460296630859 454.62190246582 465.741756439209 502.786949157715 497.845170974731 440.92170715332 405.058486938477 554.635589599609 781.646606445312 795.431520462036 483.962131500244 435.481307983398 593.668159484863 488.48713684082 453.267753601074
715.890319824219 825.85717010498 709.998077392578 687.432779312134 645.124485015869 558.637405395508 505.303939282894 530.598731994629 470.045791625977 526.519020080566 696.03617477417 520.847876787186 428.035110473633 347.221328735352 465.34602355957 552.389610290527 623.879837036133 432.326034545898 525.903434753418 444.589061737061 456.769207000732 516.273414134979 419.359924316406 401.466583251953 426.712844848633 645.229553222656 619.488235473633 469.741958618164 438.330024719238 451.314586639404 520.373767852783 653.719299316406 487.283248901367 267.676803588867 398.169929504395 533.029449462891 822.596710205078 490.037818908691 585.735013961792 459.440963745117 390.415023803711 480.157371520996 713.703723907471 777.705856323242 727.211799621582 536.621452331543 449.874801635742 657.570392608643 631.263721466064 607.307975769043
-9999 -9999 702.093055725098 907.136173248291 650.005784034729 662.431365966797 481.309234619141 457.228965759277 428.049835205078 508.70703125 525.014678955078 529.575817555189 469.162590026855 363.934295654297 443.803520202637 464.316696166992 557.407962799072 567.132472991943 466.132041931152 477.347198486328 407.481353759766 466.565128326416 492.015375137329 529.34476852417 640.087692260742 585.078777313232 565.106758117676 586.999805450439 574.20002746582 427.633560180664 506.330549240112 593.593786418438 511.869323730469 442.743408203125 265.818145751953 360.100765228271 621.079448699951 732.928695678711 581.915437698364 427.212783813477 673.531692743301 682.360733509064 911.175861358643 945.668502807617 875.694400787354 771.156093597412 792.324234008789 -9999 -9999 -9999
