simdem/realisation2.asc
NCOLS 350 
NROWS 171 
XLLCORNER 152620 
YLLCORNER 418050 
CELLSIZE 100 
NODATA_value -9999 
[rows 132 to 153 of 171, columns 250 to 299 of 350]
781.499160766602 652.077529907227 717.298515319824 865.138595581055 893.990226745605 653.385629653931 598.352146029472 589.605857849121 646.028820037842 843.019714355469 693.449848175049 719.624983787537 727.255485534668 732.798936843872 771.427841186523 597.294479370117 522.28352355957 635.600784301758 843.842792928219 729.930877685547 760.440536499023 700.99835395813 646.622013092041 716.773738861084 834.713043212891 721.594009399414 750.75804901123 771.687225341797 589.575716018677 570.319580078125 800.981384277344 638.917800426483 643.229748725891 740.210090637207 619.857740402222 763.40079498291 528.608787536621 633.65446472168 747.486881256104 987.295211791992 1020.16358947754 1018.594581604 987.535598754883 1276.15991210938 980.59924697876 907.210262298584 845.576126098633 886.613571166992 862.472949981689 991.074864253402
650.555419921875 663.554565429688 795.716156005859 751.969711303711 543.716506958008 492.011932373047 734.341659545898 687.892980575562 796.343647003174 785.721273422241 566.97728729248 722.856838226318 735.447668075562 790.114971160889 710.858276367188 668.028762817383 634.792724609375 743.323944091797 889.099990844727 783.967716217041 803.991340637207 785.712814331055 584.082084655762 727.736824035645 813.224510192871 697.686416625977 719.413215637207 686.644023895264 645.415688991547 609.38846206665 650.42618560791 576.122589111328 632.518837928772 694.217098236084 494.163192749023 626.748416900635 563.008377075195 512.172409057617 625.08772277832 743.037284851074 757.776954650879 945.185363769531 1134.77081298828 1165.74491882324 1113.97749710083 1014.28548812866 1131.71913528442 904.623794555664 903.816509246826 964.692749023438
701.689010620117 839.037922859192 802.94322013855 604.616371154785 379.466033935547 442.113143920898 652.692060470581 713.917137145996 758.740852355957 886.33854675293 802.363311767578 757.244176864624 803.541320800781 786.664497375488 794.949047088623 749.891151428223 730.000991821289 686.338638305664 780.124069213867 847.313751220703 721.615739822388 657.168685913086 668.472929477692 765.846206665039 589.480537414551 753.482978820801 745.250579833984 592.544845581055 566.935501098633 591.989807128906 561.495559692383 699.08362197876 783.444664001465 592.746601104736 650.690748214722 660.524557590485 656.657493591309 616.512298583984 672.727905273438 796.404281616211 726.650382995605 675.053151607513 654.652479171753 879.613475799561 1099.35165405273 1045.05815124512 854.333869934082 769.767046928406 883.219184398651 878.127702713013
715.319465637207 689.228950500488 682.32573890686 611.859981536865 556.743118286133 665.675102233887 741.01075553894 752.457298278809 874.461776733398 775.641590118408 800.867718696594 900.222728729248 795.977634429932 742.205451011658 791.162940979004 917.439300537109 887.921981811523 704.594436645508 747.587985992432 881.209785461426 973.967742919922 843.505477905273 791.162155151367 739.366325378418 740.653694152832 727.986068725586 828.646423339844 663.468544006348 558.736633300781 579.574867248535 598.41775894165 573.886764526367 874.782836914062 677.165819168091 637.211883544922 500.827346801758 529.726654052734 599.264862060547 674.878931522369 835.903182983398 743.839828491211 694.5227394104 646.016431808472 744.370796203613 759.992603302002 998.324211120605 936.577537536621 892.875408172607 818.900360107422 1053.56719207764
743.739754676819 639.850479125977 934.624649047852 718.600959777832 682.083332061768 685.263847351074 896.087623596191 770.345581054688 880.843872070312 709.354248046875 732.941268920898 722.565635681152 596.792728424072 889.10285949707 874.086868286133 886.017761230469 885.601371765137 810.683382749557 735.857055664062 942.621078491211 844.792448043823 767.358978271484 869.418655395508 723.32466506958 822.361709594727 694.344257354736 752.874687194824 799.925354003906 691.011522293091 577.193817138672 724.852180480957 613.537628173828 756.224067687988 672.435252666473 613.846298217773 569.900199890137 685.539904594421 644.514049530029 610.892234802246 640.112129211426 682.991691589355 587.945793151855 656.431293487549 746.225112915039 796.196968078613 782.106176376343 767.150398254395 972.459678649902 932.096488952637 971.169258117676
682.91813659668 737.428234577179 736.669120788574 869.588836669922 828.683799743652 759.307056427002 826.587661743164 804.630279541016 770.093673706055 717.429653167725 704.501010894775 646.242233276367 646.422714233398 715.442905426025 723.031381607056 826.595283508301 864.390686035156 824.332640826702 744.03430557251 694.490345954895 640.875480651855 750.791091918945 684.424083709717 689.126222610474 737.340087890625 662.729609012604 711.227279663086 819.635269165039 846.553741455078 663.88810634613 590.565956115723 727.616655349731 579.459850311279 657.118505477905 663.72075176239 750.487297058105 630.102119445801 639.121231079102 631.386589050293 744.274219512939 788.842491149902 828.011535644531 814.338882446289 791.441467285156 687.55627822876 697.316814422607 953.493942260742 1028.95132446289 848.950956583023 926.857063293457
829.288703918457 724.257251739502 693.294250488281 808.419624328613 819.29988861084 919.725875854492 854.280204772949 835.770050048828 749.701457977295 735.967788696289 645.280311584473 668.308486938477 839.429336547852 800.568790435791 676.32453918457 696.852652549744 766.739692687988 667.388217926025 776.465793609619 652.510345458984 672.852668762207 692.722690582275 674.264148712158 635.221668243408 615.820301055908 738.826622009277 657.70133805275 763.365463256836 776.176582336426 591.741722106934 682.804995059967 598.037208557129 526.72053527832 459.137359619141 604.396133422852 668.452354162931 727.423759460449 792.64151763916 701.782194137573 680.575727462769 676.991899490356 664.911193847656 835.300643920898 731.623277664185 785.600330352783 803.585548400879 714.920379638672 835.469093322754 750.26692199707 737.735701560974
663.247894287109 752.774179458618 675.10041809082 868.889129638672 970.251373291016 845.447971343994 955.384033203125 894.195419311523 784.500527858734 892.498565673828 775.818694114685 837.570541381836 876.598518371582 852.35327911377 827.879329681396 850.155044555664 815.455661773682 822.729682922363 656.714904785156 700.852146148682 871.505020141602 792.916488647461 869.735137939453 853.348480224609 788.154342651367 838.177810668945 606.088413238525 728.422183036804 673.976028442383 685.858597755432 601.426116943359 660.960372924805 621.215667724609 691.734237670898 595.244247436523 754.658271789551 590.029457092285 624.664901733398 622.630120277405 687.693429946899 617.21565246582 640.828071594238 745.655906677246 708.157346725464 685.558563232422 728.170075416565 618.572467803955 632.774642944336 718.585777282715 810.582983970642
743.263137817383 816.630924224854 904.466850280762 893.627662658691 853.796909332275 745.175247192383 843.866264343262 869.588813781738 989.883514404297 846.85181427002 865.288627624512 820.108812332153 884.101364135742 879.969955444336 854.690967559814 784.226243972778 829.106075212359 787.157241821289 633.048858642578 569.675750732422 826.613906860352 727.588888168335 684.883857727051 863.52912902832 758.262463569641 782.633312225342 793.931169509888 635.888473510742 644.951236724854 693.811374664307 699.036686420441 659.06587600708 777.172256469727 615.30103302002 668.479862213135 527.301513671875 633.732368469238 815.483757019043 650.613052368164 664.623222351074 645.791954040527 748.093021392822 741.588432312012 760.964109420776 670.211666107178 654.625991821289 564.238189697266 669.262292861938 814.813522338867 701.54328918457
754.637718200684 852.981979370117 1011.89738464355 860.383033752441 820.562170028687 659.739486694336 1012.62066650391 993.870651245117 795.310394287109 750.669620513916 802.659541130066 857.895355224609 991.340408325195 957.082366943359 872.211555480957 804.918592453003 753.978740692139 792.498002052307 647.501419067383 668.963005065918 699.534455299377 581.532112121582 669.929569244385 678.582489013672 810.152824401855 750.980739593506 794.947021484375 880.248452186584 762.763866424561 706.889465332031 668.331520080566 598.328659057617 654.264629364014 762.933952331543 840.577194213867 791.734436035156 789.08570098877 752.747180938721 702.766418457031 558.629501342773 678.237300872803 801.582023620605 740.228543281555 676.517707824707 685.657299041748 754.884271621704 736.530165195465 752.99959564209 729.456823348999 689.106670379639
681.697425842285 796.544348239899 1069.70495605469 785.466854095459 865.876672744751 873.63207244873 936.356552124023 809.196426391602 775.750612258911 766.848686218262 743.34789276123 783.655559539795 831.24422454834 749.880271911621 787.819683074951 938.533340454102 743.420074462891 717.543769836426 861.00159072876 779.242160797119 810.058898925781 717.893423080444 634.895774841309 755.606387138367 746.971012115479 833.051319122314 781.246633529663 736.504951477051 854.974987030029 510.347869873047 676.700145721436 638.4460105896 677.296550750732 775.059017181396 1038.70660400391 896.992721557617 708.351123809814 753.46826171875 704.172271728516 615.710144042969 602.578254699707 582.959037780762 641.773597717285 803.206344604492 719.46485710144 778.500755310059 620.645385742188 817.417144775391 703.739873886108 719.526670455933
656.52074432373 691.092619895935 1002.63334655762 795.595245361328 860.48511505127 815.707847595215 923.125938415527 1022.25911712646 798.696210861206 826.500591278076 766.35721206665 777.400921344757 760.515495300293 870.434070587158 937.807525634766 918.787773132324 739.904541015625 747.995422363281 827.883087158203 775.093136787415 708.668273925781 711.584171295166 876.393768310547 660.218841552734 766.819160461426 798.334564208984 797.510934829712 790.346888065338 708.080352783203 710.59903717041 826.70080947876 837.610931396484 792.152046203613 827.153747558594 796.77912902832 758.645374298096 710.840930938721 864.619476318359 784.219818115234 618.547828674316 618.805137634277 701.691390991211 702.174596786499 615.293197631836 746.917684555054 881.590484619141 737.958921432495 808.888381958008 756.878858566284 829.063919067383
723.326469421387 689.654914855957 898.693344116211 715.534378051758 864.160209655762 787.929321289062 668.29807472229 1020.10136413574 719.248329162598 857.360153198242 977.538350582123 756.25586605072 783.417020797729 904.362258911133 792.44075012207 733.762023925781 918.153968811035 950.931610107422 861.553073883057 834.711604118347 875.652397155762 666.32633972168 574.348098754883 575.485275268555 729.169792175293 747.602577209473 844.37190246582 802.112535476685 875.473785400391 897.475395202637 883.069541931152 813.62917137146 819.050956726074 873.407577514648 703.474401950836 748.854738235474 742.306751251221 686.703262329102 756.244601249695 795.663644790649 661.839515686035 805.621109008789 810.939750671387 655.168045043945 693.51895904541 703.358713150024 857.903305053711 887.339874267578 868.387466430664 754.442290306091
-9999 -9999 -9999 832.071268081665 865.523572564125 954.087493896484 769.196121811867 916.546096801758 910.657089233398 737.935775756836 1067.16505432129 898.343978881836 811.163543701172 1024.37635803223 801.425765991211 813.562892913818 885.065524578094 918.58313369751 971.582336425781 876.47465133667 1028.74223327637 950.941528320312 854.876045227051 804.263156890869 752.680351257324 780.739669799805 811.021995544434 648.406764984131 739.791046142578 796.439372062683 747.642421722412 786.708691120148 797.74659538269 737.123718261719 707.642931222916 687.485334396362 585.394668579102 717.872024536133 830.804263114929 833.780376434326 805.724954605103 841.824554443359 737.161425590515 715.721357345581 722.255459785461 731.94095287472 716.010888338089 726.337840080261 676.37557220459 811.225570678711
-9999 -9999 -9999 -9999 -9999 -9999 919.735057830811 935.723960876465 745.277662277222 775.885652795434 733.628479003906 754.245277404785 784.347413063049 1026.82247161865 818.880268096924 922.724182128906 761.490909576416 734.905380249023 921.513931274414 1032.37065124512 1034.92765808105 972.817817687988 816.515991210938 864.997671127319 774.958404541016 678.424644470215 898.083595275879 656.407329559326 716.261837005615 789.645467758179 788.591861724854 939.240180969238 804.787956237793 715.071647644043 746.105195999146 747.025835037231 815.20095294714 581.991394042969 782.139400482178 923.897192001343 940.146492004395 871.166481018066 785.455871582031 827.874313354492 695.912943840027 699.040431976318 866.170043945312 873.974716186523 661.885124206543 768.496936440468
-9999 -9999 -9999 -9999 -9999 -9999 -9999 -9999 -9999 892.661651611328 858.512641906738 932.054794311523 810.702257156372 849.385684013367 779.822151184082 833.765922546387 1127.78759002686 872.260251045227 917.655784606934 817.000999450684 1021.45231628418 971.109451293945 884.896737575531 759.735984802246 740.412796020508 932.064193725586 879.74137878418 725.305522918701 891.463562011719 925.203491210938 770.662094116211 736.236713409424 741.607124328613 668.750579833984 576.012519836426 716.270040512085 657.708076477051 727.48327255249 768.339988708496 907.51838684082 894.490570068359 746.651149749756 708.483198344707 781.661079406738 692.095077514648 763.320739746094 873.161712646484 849.817710876465 783.473968505859 773.631118297577
-9999 -9999 -9999 -9999 -9999 -9999 -9999 -9999 -9999 -9999 -9999 989.705276489258 632.489151000977 671.345832824707 529.000442504883 622.651485443115 778.023164749146 1287.92617797852 660.791763305664 737.619396209717 966.89151763916 934.260763168335 875.559988021851 814.506523132324 816.342239379883 855.441703796387 826.431999206543 993.029907226562 724.898384094238 844.189895629883 715.762680053711 789.745018005371 700.674952507019 726.871857643127 735.857769012451 658.355178833008 762.817565917969 771.98657989502 733.879661560059 741.14395904541 764.539907455444 754.626777648926 736.481545448303 677.318706512451 780.068950653076 700.740668296814 794.505084991455 735.664555072784 716.427215576172 707.836353302002
-9999 -9999 -9999 -9999 -9999 -9999 -9999 -9999 -9999 -9999 -9999 -9999 766.212127685547 777.337121486664 652.689895629883 624.888450622559 752.29260635376 1422.09783554077 1203.1893119812 1156.55637741089 1029.52417755127 1119.13155937195 1193.40203094482 1192.79042053223 760.222373962402 747.306165218353 844.551300048828 978.046981811523 992.438552856445 919.399574279785 756.132122039795 706.654487609863 881.870800018311 820.726142883301 789.734088897705 767.238658905029 713.53035068512 711.115688323975 712.643621444702 790.314262390137 801.068054199219 731.81187915802 635.925941467285 757.852588534355 804.993114471436 763.972469329834 678.369270324707 792.66773223877 788.729049682617 709.753391265869
-9999 -9999 -9999 -9999 -9999 -9999 -9999 -9999 -9999 -9999 -9999 -9999 858.504280328751 768.113301277161 768.258352100849 616.377517700195 609.863166809082 751.429180145264 776.350326538086 702.207580566406 824.596132278442 966.143409729004 894.395534515381 956.863296508789 907.647117614746 863.983695983887 1307.48286437988 896.941558837891 1051.13640594482 1112.83709716797 861.489007949829 926.646900177002 732.85408782959 747.874283790588 756.727772712708 821.129528045654 731.973255157471 742.553297996521 556.109222412109 677.759460449219 839.564479827881 780.75057220459 834.874732971191 704.134185791016 906.917839050293 752.57746887207 750.028625965118 760.259429097176 775.581978321075 660.084930419922
-9999 -9999 -9999 -9999 -9999 -9999 -9999 -9999 -9999 -9999 -9999 -9999 -9999 863.929470539093 826.432205200195 711.100715637207 608.883926391602 444.452545166016 802.578384399414 833.308601379395 749.702590942383 930.170677185059 722.71118927002 867.194629669189 764.280956268311 649.045417785645 702.937099456787 972.985885620117 908.571899414062 1067.18936157227 1149.00719833374 804.016700744629 751.137397766113 815.903995513916 755.335558891296 819.108184814453 867.356296062469 741.632186889648 645.112380981445 721.925895690918 810.021924972534 759.794970273972 894.745079040527 646.390884399414 782.019784927368 757.733860969543 774.988445281982 827.771812438965 756.739755630493 764.232093811035
-9999 -9999 -9999 -9999 -9999 -9999 -9999 -9999 -9999 -9999 -9999 -9999 -9999 -9999 674.574501037598 513.766387939453 677.454727172852 581.829177856445 807.367263793945 840.945171356201 981.103507995605 952.71745300293 1034.98513793945 797.864078521729 823.225591659546 558.747909545898 694.756500244141 815.417877197266 1002.61396789551 915.846229553223 917.923065185547 893.518768310547 783.754968643188 860.734992980957 785.110233306885 738.212564468384 729.442687988281 694.727005004883 711.224853515625 740.093421936035 800.055274963379 749.853782653809 791.690780639648 714.986328125 770.39395904541 859.994235992432 531.672546386719 788.627292633057 769.863189697266 797.353971481323
-9999 -9999 -9999 -9999 -9999 -9999 -9999 -9999 -9999 -9999 -9999 -9999 -9999 -9999 712.418411254883 656.210647583008 650.970565795898 658.729248046875 779.48498916626 828.729549407959 848.787376403809 731.903518676758 841.483610153198 843.33309173584 871.278163909912 966.828804016113 799.067863464355 990.46435546875 832.229723930359 772.817676544189 863.985229492188 795.21300983429 1089.46432304382 985.475830078125 836.509498596191 691.529373168945 695.672523498535 818.173847198486 650.39485168457 895.221618652344 912.720603942871 926.71809387207 809.240285873413 788.393692016602 582.214141845703 717.726455688477 705.953536987305 778.283699035645 752.07258605957 820.792952060699
