simdem/realisation4.asc
NCOLS 350 
NROWS 171 
XLLCORNER 152620 
YLLCORNER 418050 
CELLSIZE 100 
NODATA_value -9999 
[rows 110 to 131 of 171, columns 200 to 249 of 350]
-9999 -9999 -9999 848.187671661377 655.838266372681 501.291381835938 678.865103721619 802.847171783447 863.886093139648 1065.54856300354 735.742691040039 712.148731231689 843.623031616211 805.016700744629 681.882019042969 736.315628051758 881.591575622559 576.241035461426 662.82901763916 618.024646282196 577.623889923096 656.308643341064 650.656406402588 466.878005981445 422.36653137207 503.580535888672 629.464687347412 731.045516967773 690.116575241089 736.564861297607 624.661743164062 637.224906921387 807.937782287598 783.803100585938 757.369323730469 671.838697433472 665.039928436279 705.287915229797 471.513206481934 438.864379882812 673.915952861309 762.450637817383 678.552871704102 728.941673278809 1106.27130126953 636.250366210938 932.056304931641 1243.5940079391 635.42943572998 938.699760437012
-9999 -9999 -9999 -9999 643.187210083008 563.899108886719 593.473663330078 811.956630706787 760.667348861694 832.408674240112 713.227405548096 649.100058078766 840.833465576172 748.562160491943 753.998840332031 678.979843139648 747.858825683594 690.29080581665 673.581687927246 714.570358276367 702.597564697266 560.116401672363 1436.03885650635 611.578997612 519.24055480957 492.180511474609 574.218933105469 817.463768005371 733.020824432373 705.135612487793 580.858695983887 517.026657104492 658.836446762085 810.087379455566 672.555890321732 685.897504806519 720.689434051514 842.56819152832 688.784130096436 538.966796875 896.924072265625 722.035243988037 718.76128923893 904.463562011719 701.289086341858 832.456077575684 812.397705078125 911.375904083252 585.38330078125 976.652038574219
-9999 -9999 -9999 -9999 708.171859741211 638.390815734863 526.046340942383 801.110858917236 762.781678199768 638.408744812012 720.379364013672 788.646213531494 802.75764465332 779.244178771973 750.996543884277 778.743705749512 689.529714584351 671.12473487854 641.743054866791 725.445266723633 618.474201202393 762.028221130371 663.881534576416 655.798057556152 503.373733520508 596.480009078979 549.734016418457 809.796058654785 666.2620677948 752.979194641113 642.787372589111 567.91487121582 609.156112670898 658.220283508301 658.021402359009 891.595520019531 657.250438690186 711.346797943115 781.68234872818 915.936096191406 998.547409057617 779.078685760498 757.09440612793 929.784690856934 612.097282409668 949.879293441772 993.384864807129 944.286047458649 691.131202697754 907.186950683594
-9999 -9999 -9999 -9999 -9999 695.311340332031 690.797443389893 723.893257141113 733.694409370422 629.584403991699 1157.02991867065 618.914604187012 562.657531738281 641.959308624268 651.853210449219 616.856750488281 540.057746887207 646.618045806885 699.863248825073 628.904926300049 568.536521911621 997.756183624268 458.57731628418 451.31950378418 427.597229003906 446.749710083008 564.49755859375 786.451789855957 607.525161743164 659.217861175537 487.314155578613 632.471366882324 522.458694458008 603.955863952637 821.374031066895 672.046664714813 648.56711769104 662.746086120605 778.43336391449 870.11646270752 841.577102661133 734.643692016602 709.506065368652 670.813186645508 747.967628479004 841.684690475464 721.975891113281 1189.83071899414 885.742637634277 964.48055267334
-9999 -9999 -9999 -9999 -9999 782.958404541016 668.589199066162 752.746315002441 807.524078369141 774.452222824097 1143.78664112091 804.999988555908 831.189636230469 749.306602478027 787.476844787598 757.370067596436 681.740491867065 649.804227828979 483.405090332031 615.657432556152 1113.01564025879 585.879615783691 724.915328979492 487.328231811523 409.899627685547 453.806457519531 491.003433227539 714.735242366791 666.274341583252 654.922393798828 663.17520904541 709.711214065552 538.272003173828 750.09253692627 730.427925109863 743.988960266113 568.236587524414 669.45524597168 788.080520629883 623.935348510742 701.957004547119 832.172380447388 617.400985717773 691.19263458252 671.381072998047 660.659324645996 710.926582336426 794.661056518555 738.611585378647 684.831390380859
-9999 -9999 -9999 -9999 -9999 876.617916107178 723.412082672119 750.568283081055 678.072734832764 798.760795593262 887.352794647217 796.026580810547 861.440444946289 861.609512329102 706.064408302307 798.685493469238 705.615161895752 589.121406555176 546.607894897461 1107.4486541748 780.189880371094 756.576889038086 630.519912719727 712.506622314453 699.067258834839 676.249702453613 673.293537139893 631.247261047363 726.902600288391 601.88501739502 748.296630859375 694.351203918457 579.114295959473 732.460750579834 649.897613525391 675.959030151367 520.439025878906 716.818511962891 828.796737670898 672.648147583008 528.430000305176 852.217841625214 540.989639282227 860.491241455078 656.845542907715 781.754371643066 711.993299484253 752.082542419434 761.095236778259 752.560131072998
-9999 -9999 -9999 -9999 -9999 -9999 764.757270812988 774.832145690918 751.912128925323 677.024393081665 840.562210083008 949.235847473145 818.105972290039 710.095162987709 835.50025177002 828.433410644531 797.359176635742 613.958801269531 677.82120513916 464.72981262207 701.033039093018 652.557139396667 650.861698150635 650.024538040161 796.279891967773 721.362520217896 624.443946838379 771.096900939941 775.491352081299 674.667217254639 718.537275314331 819.294578552246 815.911727905273 778.243446350098 868.19181060791 691.181210041046 766.358581542969 754.148887634277 763.236640930176 773.105113983154 764.23480796814 764.570768356323 609.269142150879 607.050491333008 832.475479125977 944.292930603027 1116.94770050049 966.894268035889 762.099082946777 830.301467895508
-9999 -9999 -9999 -9999 -9999 -9999 926.601511001587 1301.67746734619 1215.47953796387 635.868577957153 632.341142654419 751.600436687469 1100.98204374313 825.402961730957 783.496433258057 658.144584655762 601.198318481445 593.701683044434 1005.49601745605 602.474990844727 746.719345092773 719.041355133057 705.973598480225 657.384464263916 608.485885620117 641.476531982422 613.202728271484 827.93896484375 811.15461730957 753.129150390625 874.91771697998 850.548568725586 715.837220191956 1004.24231433868 1000.9464225769 1022.80445861816 1234.9499206543 777.381240844727 726.99861907959 791.434219360352 722.106188774109 721.034018039703 607.999938964844 600.399047851562 581.865341186523 780.088970184326 799.762855529785 828.575492858887 1004.25551605225 553.724960327148
-9999 -9999 -9999 -9999 -9999 -9999 -9999 928.398021697998 821.59818649292 664.068153381348 456.803039550781 631.98161315918 669.68327331543 884.168188095093 790.058387756348 509.271453857422 651.17805480957 1416.21576690674 645.218521118164 635.338623046875 648.853122711182 632.632419586182 632.634819030762 671.607788085938 742.430059432983 797.872276306152 655.635974884033 1189.69457244873 875.887068748474 851.490272521973 685.323062896729 841.162376403809 735.520599365234 963.162452697754 913.733203887939 1069.44276428223 861.104888916016 1060.72107696533 1144.40290743113 648.546440124512 577.876586914062 739.401001930237 792.842584609985 691.757713317871 829.403301239014 750.745441436768 613.564239501953 566.558303833008 607.3740234375 528.938018798828
-9999 -9999 -9999 -9999 -9999 -9999 -9999 -9999 710.346817016602 650.352294921875 633.10205078125 607.00244140625 692.703472137451 740.772402763367 738.602041244507 512.544860839844 1438.6012878418 560.516540527344 639.632873535156 674.176383972168 749.705702066422 610.987152099609 797.8225440979 795.126327514648 670.992881774902 638.936126708984 714.419632911682 777.933441162109 922.537910461426 713.162784576416 643.612907409668 627.330627441406 741.349395751953 870.035446166992 734.646614074707 888.683034896851 935.172100067139 986.014749526978 1007.15986818075 894.340908050537 778.646507263184 779.637714385986 754.771438598633 637.611457824707 581.552658081055 679.012805938721 478.885177612305 387.117156982422 593.151321411133 494.196617126465
-9999 -9999 -9999 -9999 -9999 -9999 -9999 -9999 -9999 1171.66558837891 1170.47407531738 1114.64242553711 683.573936462402 616.104705810547 685.507881164551 718.711437225342 749.218322753906 769.306606292725 791.99040222168 797.811990261078 711.00016784668 742.120355606079 729.280958175659 665.320823669434 756.230863571167 743.178031921387 624.406391143799 706.529022216797 780.645671844482 645.849853515625 703.003814697266 578.101009368896 517.214517593384 422.084014892578 735.025482177734 893.153945922852 791.959808349609 877.348635673523 1057.41835784912 1082.32339477539 1314.46836853027 849.05339050293 816.452354431152 693.041259765625 415.66911315918 590.055864334106 598.409412384033 653.889213562012 627.483722686768 530.615676879883
-9999 -9999 -9999 -9999 -9999 -9999 -9999 -9999 -9999 -9999 897.674339294434 748.093505859375 618.076583862305 525.152008056641 741.800773620605 677.672157287598 675.437255859375 669.815101623535 769.859588623047 574.795837402344 585.78955078125 589.932723999023 618.498603820801 602.233016967773 1020.88439178467 758.455940246582 460.807556152344 635.154987037182 833.287445068359 786.805099487305 732.806303501129 629.12451171875 495.489521026611 523.206161499023 767.92928314209 752.279983520508 755.181953430176 856.330505371094 905.022627830505 1143.69612121582 1115.48257446289 848.501968383789 866.306701660156 807.477516174316 591.640117645264 473.852584838867 442.036346435547 545.893714904785 624.452665805817 730.406593322754
-9999 -9999 -9999 -9999 -9999 -9999 -9999 -9999 -9999 -9999 -9999 1300.21338653564 1176.02305603027 1045.25531768799 727.16926574707 625.522203922272 603.796188354492 770.103796005249 774.476098060608 835.06217956543 790.787010192871 699.237243652344 686.274932861328 588.637363433838 827.01530456543 589.070159912109 860.275909423828 849.249649047852 819.719032287598 743.616991519928 871.147960662842 814.072479248047 593.110717773438 683.868515014648 597.066467285156 643.728286743164 738.077964782715 850.658983230591 850.316862106323 997.972839355469 966.310201644897 907.119613647461 923.609558105469 685.718566894531 587.403457641602 603.408172607422 577.923500061035 730.994832992554 669.45126914978 728.571629524231
-9999 -9999 -9999 -9999 -9999 -9999 -9999 -9999 -9999 -9999 -9999 -9999 1036.14293289185 1314.68264007568 705.41845703125 548.968717575073 632.808645248413 692.742027282715 743.615882873535 761.876998901367 682.831303596497 642.138774871826 653.737113952637 502.660251617432 672.436096191406 844.947361469269 707.169143676758 749.606170654297 795.121089935303 937.805114746094 836.62321472168 678.711532592773 605.21223449707 687.146633148193 477.971282958984 430.661636352539 711.209732055664 867.868579864502 778.063823699951 969.216590881348 990.737411499023 920.361885070801 822.18239402771 637.217658042908 574.50341796875 745.167263031006 630.714008331299 710.606347084045 688.791753768921 846.446342468262
-9999 -9999 -9999 -9999 -9999 -9999 -9999 -9999 -9999 -9999 -9999 -9999 -9999 -9999 716.356620788574 764.845458984375 678.407085418701 1138.74835205078 606.035892486572 530.812232971191 610.929592132568 586.935612678528 653.137870788574 406.054656982422 507.548583984375 504.142074584961 590.724014282227 858.79273223877 930.924724578857 967.001174926758 786.087451934814 714.157150268555 584.357666015625 655.462257385254 650.197807312012 509.979843139648 798.785060882568 850.791450500488 912.851280212402 1124.2341003418 1104.52015304565 1243.80218505859 697.893569946289 568.546081542969 646.359321594238 617.755363464355 622.915283203125 690.813430786133 649.034759521484 838.059967041016
-9999 -9999 -9999 -9999 -9999 -9999 -9999 -9999 -9999 -9999 -9999 -9999 -9999 -9999 -9999 -9999 -9999 1046.26487731934 882.848503112793 727.781097412109 912.290534973145 823.858978271484 909.436264038086 855.124282836914 798.817646980286 709.411712646484 579.503719329834 580.029346466064 961.870376586914 744.069343566895 727.837800979614 667.459579467773 654.974914550781 777.203498840332 884.586532592773 746.581497192383 749.982906341553 1138.23600769043 895.512783050537 647.532081604004 630.373817443848 1237.39796447754 517.10546875 528.450134277344 713.938913106918 742.035585403442 675.576221466064 741.040714263916 738.015995025635 613.993614196777
-9999 -9999 -9999 -9999 -9999 -9999 -9999 -9999 -9999 -9999 -9999 -9999 -9999 -9999 -9999 -9999 -9999 -9999 -9999 -9999 1081.78424072266 989.935287475586 944.220947265625 855.084384918213 939.208152770996 736.331207275391 749.975517272949 697.063285827637 932.956771850586 830.573139190674 601.021713256836 528.639907836914 762.771688461304 780.163394927979 738.438800811768 587.498580932617 623.487693786621 810.883205413818 935.301933288574 680.979426383972 726.212177276611 714.823699951172 591.43091583252 726.215270996094 661.235488891602 672.157936096191 640.268493652344 626.983707427979 828.046463012695 674.974672317505
-9999 -9999 -9999 -9999 -9999 -9999 -9999 -9999 -9999 -9999 -9999 -9999 -9999 -9999 -9999 -9999 -9999 -9999 -9999 -9999 -9999 -9999 -9999 -9999 -9999 812.064331054688 929.632022857666 1006.22451782227 855.297504425049 772.699142456055 807.95198059082 698.606781005859 762.042684555054 603.405967712402 709.197132110596 815.70923614502 889.156379699707 750.56755065918 781.979984283447 910.982864379883 637.086500167847 1012.36618423462 756.643562316895 650.050235748291 776.273002624512 782.338356018066 833.065551757812 785.667304992676 731.49952507019 766.5715675354
-9999 -9999 -9999 -9999 -9999 -9999 -9999 -9999 -9999 -9999 -9999 -9999 -9999 -9999 -9999 -9999 -9999 -9999 -9999 -9999 -9999 -9999 -9999 -9999 -9999 -9999 -9999 -9999 -9999 912.452225208282 967.232625961304 934.080698251724 829.064761161804 726.177059173584 660.158699035645 533.079788208008 788.389099121094 909.001258850098 727.874300003052 702.09309387207 632.048345565796 675.94388961792 737.760223388672 767.362228393555 827.719177246094 792.384910583496 620.586715698242 753.289295196533 788.361770629883 803.671012878418
-9999 -9999 -9999 -9999 -9999 -9999 -9999 -9999 -9999 -9999 -9999 -9999 -9999 -9999 -9999 -9999 -9999 -9999 -9999 -9999 -9999 -9999 -9999 -9999 -9999 -9999 -9999 -9999 -9999 -9999 -9999 1065.33405685425 938.30477809906 853.950782775879 668.346992492676 562.984832763672 773.069679260254 721.935325622559 767.305366516113 567.418837547302 768.085720062256 600.226871490479 657.717926025391 717.20872926712 719.326852798462 770.816101074219 735.575763702393 666.789077758789 635.577293395996 764.203386306763
-9999 -9999 -9999 -9999 -9999 -9999 -9999 -9999 -9999 -9999 -9999 -9999 -9999 -9999 -9999 -9999 -9999 -9999 -9999 -9999 -9999 -9999 -9999 -9999 -9999 -9999 -9999 -9999 -9999 -9999 -9999 -9999 713.157245635986 967.997436523438 949.961364746094 691.090759277344 765.149480819702 745.486591339111 636.460920333862 553.561431884766 774.943965911865 666.246658325195 606.283538818359 807.32746887207 737.200504302979 769.398071289062 684.702570199966 658.811683654785 687.510084152222 623.606956481934
-9999 -9999 -9999 -9999 -9999 -9999 -9999 -9999 -9999 -9999 -9999 -9999 -9999 -9999 -9999 -9999 -9999 -9999 -9999 -9999 -9999 -9999 -9999 -9999 -9999 -9999 -9999 -9999 -9999 -9999 -9999 -9999 -9999 948.561901092529 954.878845214844 908.784370422363 697.579191207886 613.834732055664 572.180938720703 696.073829650879 877.408590316772 696.216068267822 764.37841796875 854.299423217773 713.412728309631 654.895927429199 646.09642791748 754.484634399414 672.807662963867 688.158744812012
