simdem/realisation30.asc
NCOLS 350 
NROWS 171 
XLLCORNER 152620 
YLLCORNER 418050 
CELLSIZE 100 
NODATA_value -9999 
[rows 22 to 43 of 171, columns 150 to 199 of 350]
600.554745674133 590.081787109375 619.443109512329 604.606008529663 687.669036865234 660.733688354492 609.205377578735 597.672744750977 663.514676332474 584.349914550781 405.951644897461 645.305648803711 812.877639770508 560.082305908203 674.093612670898 795.183685302734 824.496406555176 558.79508972168 546.657363891602 566.795700073242 643.099662780762 604.63529586792 848.994406700134 681.704200744629 776.609486103058 725.47025680542 913.651748657227 614.676544189453 650.141986846924 617.995771408081 583.940090179443 570.032402038574 689.060791015625 713.141830444336 667.256685256958 604.474494934082 658.505420684814 707.630409240723 728.941848754883 802.927886962891 793.462867736816 768.201347351074 664.381401538849 606.82495880127 622.041780471802 682.158619880676 557.831031799316 635.419053077698 772.319686889648 681.270788192749
678.290466308594 643.160049438477 546.262794494629 507.117561340332 564.858848571777 555.355880737305 640.814029693604 696.688957214355 650.769895553589 601.42772102356 463.863586425781 708.145139694214 635.506141662598 626.194061279297 651.256134033203 605.010787963867 607.932106018066 887.116645812988 724.076138019562 611.773601531982 696.582633972168 650.58878326416 801.372982025146 709.368000030518 698.565019607544 548.853942871094 900.264068603516 665.650665283203 653.733758211136 590.476989746094 410.445297241211 683.161254882812 642.349090576172 785.178482055664 692.278728485107 603.96647644043 493.900299072266 648.179160118103 673.279899597168 668.539918899536 739.566541671753 678.721495866776 775.814666748047 610.28141784668 621.236633300781 574.889343261719 802.470626831055 809.358924865723 781.637252807617 698.651313781738
492.62425994873 472.972702026367 572.916473388672 631.691724777222 746.878326416016 649.467571258545 704.150337219238 630.748792648315 556.424949645996 542.167678833008 456.060516357422 665.74390411377 1028.23135948181 791.170192718506 634.088351726532 1229.80052185059 625.257583618164 509.907417297363 655.327229291201 671.169887542725 589.174179077148 605.540138244629 663.480800628662 696.798467636108 700.013352394104 618.985145568848 481.952331542969 578.026069641113 685.110950469971 629.294450283051 697.798442840576 736.521656036377 703.33349609375 652.962307929993 519.495849609375 746.918006896973 714.336906433105 703.888187408447 615.177165985107 606.238708496094 674.440753936768 607.546539306641 676.176464080811 590.326194763184 579.043876647949 545.856216430664 683.740090101957 760.735717773438 868.934829711914 739.711483001709
416.417098999023 605.999576568604 536.423587799072 675.936748504639 777.064407348633 557.623683929443 628.759759902954 558.486270904541 737.47045135498 611.972457408905 419.599990844727 470.183944702148 1073.20303344727 700.839916229248 977.859493255615 594.438110351562 567.369842529297 855.417633056641 688.568435668945 649.958236694336 917.622146606445 896.351264953613 524.985244750977 556.051116943359 631.819850921631 651.210493087769 692.219696044922 665.408794403076 557.725631713867 498.377029418945 553.394668579102 738.272693634033 585.211433410645 651.49015712738 661.126556396484 656.483180999756 774.380233764648 685.573879241943 562.627952575684 515.060760498047 646.13268661499 677.007881164551 767.653610229492 549.295059204102 613.39404296875 605.793655395508 625.85408782959 673.56116104126 660.241477966309 792.415641784668
552.528957366943 560.539602279663 703.674774169922 626.369610309601 695.052215576172 649.143517494202 560.31489944458 641.316822052002 710.660369873047 605.787972450256 455.50749206543 580.092697143555 811.997718811035 781.288940429688 568.568481445312 675.570457458496 481.435028076172 646.312850952148 506.030578613281 613.287322998047 394.395812988281 431.195755004883 538.072662353516 627.400749206543 657.174247741699 755.32063293457 763.352645874023 487.855361938477 457.778823852539 576.829959869385 748.060928344727 669.17134475708 686.51308631897 470.239654541016 504.18342590332 580.923313140869 710.67813873291 632.832967281342 752.487945556641 636.62371635437 652.123958587646 701.496060371399 579.888862609863 607.314491271973 669.364820480347 553.795471191406 577.799560546875 587.506721496582 729.994873046875 513.70817565918
528.872589111328 631.776489257812 700.913513183594 636.921943664551 728.9990234375 651.57385635376 674.457378387451 654.637462615967 691.883514404297 518.953826904297 383.261672973633 517.008270263672 561.594299316406 799.495765686035 766.42253112793 764.927925109863 771.481548309326 466.221923828125 439.775894165039 681.866104125977 546.331253051758 641.275543212891 645.869800567627 690.133727073669 571.634666442871 762.279098510742 651.12748336792 616.650314331055 383.402160644531 515.003692626953 643.508813858032 572.953979492188 653.210084915161 569.618194580078 732.308494567871 695.424284934998 591.842388153076 712.557777404785 668.488821029663 662.905179977417 642.991241455078 703.74401473999 547.784591674805 717.251747131348 714.248199462891 634.646240234375 615.40799331665 731.828922271729 738.675506591797 797.031829833984
586.530451774597 521.720851898193 614.435220718384 611.495788574219 698.349975585938 633.474925994873 610.541580200195 710.63175201416 581.152273178101 571.766452789307 714.984806060791 1120.9613571167 869.831336975098 775.791736602783 908.578628540039 1178.77786254883 572.215522766113 1041.9751663208 419.2744140625 737.245025634766 680.775634765625 631.145004272461 541.428520202637 765.774332523346 591.444755554199 696.270748138428 597.80256652832 678.152572631836 490.428680419922 417.817932128906 534.53636932373 429.635055541992 545.674213409424 599.903532028198 650.967388153076 610.502461433411 495.976097106934 598.220326423645 577.300354003906 545.945495605469 745.260332107544 1101.31680297852 594.249046325684 673.051467895508 676.345879554749 609.495763778687 577.867107391357 560.114772796631 579.104923725128 740.590301513672
726.400833129883 545.148836135864 419.627319335938 413.359954833984 463.679336547852 538.696640014648 677.186004638672 590.033007502556 471.556427001953 505.305511474609 621.87833404541 1141.87049865723 875.202966690063 1053.32837677002 1050.64701843262 720.814147949219 562.426208496094 611.945774078369 547.0244140625 512.56819152832 847.423919677734 713.570192337036 576.098419189453 820.761798858643 711.875663757324 692.420745849609 620.964210033417 612.552230834961 607.363324165344 467.23957824707 462.65119934082 482.431175231934 624.541069030762 568.730316162109 575.956348419189 618.13866519928 536.13304901123 593.684503555298 506.651794433594 659.425706863403 664.014507293701 783.086369514465 521.732231140137 660.558961868286 567.042930603027 587.61413192749 596.948905944824 634.722865104675 642.792018890381 623.799282073975
735.89436340332 537.426334381104 532.840648651123 410.430725097656 417.721908569336 471.309936523438 483.566032409668 643.148010253906 545.150485992432 661.258771896362 825.784691810608 1094.58024597168 1048.97485542297 818.895120620728 790.110324859619 586.389839172363 545.415725708008 650.59245300293 513.19416809082 631.792236328125 791.681999206543 689.766453504562 660.237438201904 654.870759963989 500.053573608398 513.783615112305 683.516521453857 689.730979919434 703.1669921875 605.243308067322 397.044067382812 598.529331207275 558.275556564331 558.303382873535 666.807289123535 584.475807666779 589.573488235474 415.973159790039 414.274993896484 549.976236343384 698.52409362793 638.72966003418 378.041610717773 675.281084060669 709.329231262207 596.590423583984 613.674609184265 580.993547677994 594.459515154362 660.02465057373
624.92724609375 660.39338684082 693.807121276855 670.172721862793 589.135139465332 466.71265411377 558.54225063324 576.327494621277 542.195640563965 682.136943817139 719.473808288574 864.334365844727 921.535654067993 613.855340957642 542.637298583984 600.267887115479 633.658401489258 644.527938842773 559.076280593872 525.162761688232 573.320531845093 511.768409729004 523.978755950928 631.172484874725 400.533905029297 394.929504394531 532.208938598633 647.159408569336 742.531036376953 559.088277816772 511.942779541016 516.765625 640.27709197998 522.625312805176 560.372514724731 572.395273208618 678.17253112793 568.66345500946 642.545555114746 575.951852798462 778.580497741699 677.178688049316 623.484204292297 546.84553527832 571.180973052979 534.944438934326 679.390228271484 616.003273010254 645.189727783203 671.918670654297
661.662887573242 592.145906448364 542.112464904785 472.093383789062 718.086120605469 586.092077255249 525.323627471924 562.293277740479 769.169395446777 728.390907287598 721.174812316895 630.871318817139 644.872791290283 627.740215301514 564.386909484863 712.008399963379 667.696624755859 716.626670837402 573.840453028679 496.738273620605 438.550262451172 598.21752166748 557.236339569092 618.965679168701 501.876068115234 440.698608398438 546.269207000732 683.012832641602 641.667789459229 559.578828334808 495.25072479248 581.980051040649 579.370391845703 583.626916885376 462.945663452148 610.932647705078 570.488901138306 604.917276382446 619.19994354248 649.838584899902 769.354393005371 735.039974212646 573.648281097412 606.291473388672 547.026909828186 618.186305999756 672.330017089844 596.340627670288 537.934177398682 610.222757339478
568.178888320923 527.549324035645 553.625772476196 541.483255386353 561.417832016945 664.438011169434 530.778581619263 554.293832778931 703.771903991699 658.642242431641 602.128694057465 577.534941673279 786.822601318359 575.531544208527 639.050033569336 727.205322265625 640.953155517578 553.294986724854 648.21524810791 540.326091766357 516.383903503418 612.107383728027 636.248146057129 591.182266235352 420.047790527344 377.556350708008 472.809844970703 595.441417694092 512.78190612793 511.148513793945 487.580116271973 478.440208435059 460.589302062988 483.360984802246 523.303203582764 563.664834022522 553.721172332764 461.497093200684 630.934541702271 541.36661529541 646.594688415527 774.967895507812 701.520950317383 634.819580078125 653.178680419922 620.511924743652 752.978942871094 650.846672058105 608.142818450928 498.154739379883
458.524017333984 499.334064483643 666.617767333984 580.291544914246 594.874187469482 578.522503852844 501.948791503906 572.621412277222 453.99146270752 551.813514709473 494.680328369141 464.459838867188 512.737251281738 646.583679199219 608.357879638672 591.982749938965 565.074900627136 483.637878417969 347.384735107422 624.634284973145 511.810329437256 519.332695007324 478.410675048828 472.416816711426 546.760290145874 472.905563354492 523.13822555542 489.126792907715 494.99955368042 415.675720214844 484.450759887695 499.377048492432 389.27262878418 481.007331848145 612.63196182251 580.717422485352 608.162717819214 669.121337890625 648.338752746582 584.683812141418 630.355659484863 705.342224121094 544.324661254883 628.112617492676 759.283409118652 737.164474487305 522.588352203369 587.695083618164 660.369794368744 531.013328552246
553.921517193317 572.235721588135 602.021717071533 630.448287963867 656.445793151855 607.574895858765 548.634033203125 654.910495758057 548.51086807251 622.948028564453 652.60022354126 590.879425048828 678.986991882324 568.852460861206 559.446310043335 742.039108276367 528.37371635437 542.04333114624 562.007230758667 521.04056930542 545.884387016296 568.547020792961 444.216751098633 474.035629272461 594.425670623779 642.986808776855 570.584079742432 655.540204048157 574.516742706299 464.558624267578 506.571083068848 595.465991973877 420.867111206055 559.872026443481 677.131546020508 523.421695709229 734.677421569824 500.912609100342 510.615739822388 568.315541267395 587.861503601074 651.787162780762 596.953063964844 795.422760009766 1213.33137512207 473.566261291504 549.006070613861 618.965255737305 521.941764831543 472.078674316406
516.965621948242 487.507614135742 532.757577896118 616.2805519104 627.358848571777 597.763385772705 581.524011611938 436.500350952148 492.344528198242 623.877338409424 680.498657226562 636.123271942139 608.445598602295 575.865314483643 648.547332763672 617.369148254395 573.695123672485 410.121856689453 550.221343040466 511.32919883728 477.47966003418 444.329200744629 453.427459716797 462.52823638916 717.884674072266 580.721509933472 518.757041931152 779.4758644104 627.397724151611 486.266471862793 654.348983764648 625.489503860474 582.09203338623 556.920753479004 582.554481506348 499.356388092041 469.541736602783 630.349677085876 680.265209197998 478.69580078125 514.831825256348 636.158096313477 719.379150390625 574.75768661499 988.716270446777 475.314895629883 504.789627075195 511.400211334229 545.399633407593 588.907386779785
377.231628417969 498.5022315979 512.952014923096 673.233619689941 554.401002526283 573.416010856628 506.450691223145 480.163749694824 510.293704986572 552.665050506592 538.681893348694 541.604091644287 548.308895111084 674.047340393066 572.267406463623 466.668083190918 579.846336364746 354.69563293457 448.161651611328 723.620315551758 585.031831741333 439.279907226562 445.491333007812 584.004280090332 568.401996612549 541.836948394775 593.276913642883 687.116752624512 1096.47543334961 680.274765014648 702.877784729004 713.463756561279 653.93853187561 558.99437713623 443.736167907715 505.540802001953 406.280349731445 548.573641180992 516.747138977051 481.972862243652 437.877098083496 614.15699005127 628.565399169922 585.612037658691 640.724826812744 671.107444763184 628.318908691406 590.675388336182 641.528228759766 607.682384490967
589.744342803955 584.061016082764 559.262607574463 540.827281951904 608.671007633209 565.458946228027 618.564396858215 509.760334014893 554.594341278076 581.937297821045 594.564298629761 605.824909210205 614.387481689453 610.282070159912 632.940292358398 411.540954589844 512.269454956055 400.650695800781 377.582321166992 458.167930603027 582.607660293579 520.381652832031 540.875885009766 572.493923187256 592.05952835083 572.952037811279 434.286682128906 556.36735534668 816.393384933472 720.094100952148 532.061727523804 485.756736755371 595.892307281494 575.679035186768 585.828525543213 497.226568222046 456.753875732422 448.60578918457 603.967769622803 520.937282562256 455.110313415527 559.681495428085 555.502895116806 681.519882202148 658.507286071777 657.634315490723 634.35326385498 592.631874084473 606.087036132812 621.580787658691
693.886341094971 578.243271827698 514.643592834473 493.124633789062 562.846603393555 517.515897274017 464.654411315918 486.247283935547 567.501413345337 570.500383377075 724.103927612305 582.543907165527 397.758392333984 511.145416259766 607.062782287598 511.289497375488 555.247008323669 556.881729125977 454.517868041992 441.326499938965 504.454374313354 473.709358215332 635.614208221436 572.49390411377 418.994386672974 482.521820068359 567.413430213928 470.635833740234 685.071792602539 945.504072189331 541.951600074768 588.913078308105 619.223213195801 664.121353149414 597.417144775391 624.853942871094 357.58073425293 510.902885437012 590.429054260254 445.267478942871 670.144207000732 648.137496948242 536.548419475555 601.50895690918 550.370651245117 414.067901611328 612.495231628418 615.585430145264 449.803146362305 581.77617931366
531.804954528809 590.585678100586 672.530937194824 584.076965332031 550.72022819519 482.931629180908 462.618896484375 603.811996459961 549.211158275604 729.684516906738 552.355516433716 560.269878387451 574.255977630615 577.734037399292 500.792560577393 559.848762512207 708.153633117676 561.736946105957 496.692291259766 388.230781555176 537.045466423035 550.179683685303 552.913522839546 617.124816894531 494.766014099121 600.361276626587 481.516998291016 488.152221679688 606.858169555664 486.285427093506 498.934593200684 514.522750854492 560.005447387695 673.007995605469 548.94188117981 490.782989501953 326.649627685547 492.937366485596 511.647087097168 529.208946228027 618.974319458008 658.676025390625 542.058559417725 568.148914337158 559.789792060852 459.095260620117 464.177047729492 533.687007904053 581.608551025391 485.254188537598
541.850016117096 602.144897460938 593.571533203125 597.866298675537 550.746230602264 558.593607902527 428.434921264648 567.572652935982 673.143836975098 687.945240020752 502.166801452637 508.89845085144 528.484181880951 432.021697998047 548.609558105469 558.090903282166 577.197038650513 465.246604919434 587.37481880188 654.379730224609 592.264314651489 385.257690429688 549.421857893467 577.625068664551 588.666400909424 646.712608337402 501.468296051025 491.382797241211 745.500122070312 728.765823364258 612.806648254395 441.193695068359 521.948647499084 411.9580078125 442.878715515137 338.897918701172 647.709091186523 436.900245666504 508.412124633789 554.404622077942 704.287704467773 665.91382598877 565.517837524414 444.620216369629 548.508739471436 401.409881591797 524.839570045471 665.593696594238 632.488845825195 568.819306373596
605.189498901367 739.066955566406 633.896987915039 537.079741477966 602.059829711914 650.217506408691 501.255180358887 597.19607925415 555.954332351685 739.547515869141 550.789897918701 453.333955764771 311.143402099609 391.436714172363 470.55859375 504.642414093018 627.374053955078 553.803672790527 522.911045074463 658.578063964844 587.162147521973 571.273138046265 439.097579956055 456.89266204834 494.707962036133 580.733780860901 536.053206443787 553.002040863037 712.821277618408 698.000823974609 536.441871643066 595.470743179321 469.219390869141 554.970615386963 570.162029266357 404.185234069824 510.586368560791 493.026817321777 558.951768875122 583.457290649414 493.769416809082 472.124794006348 451.748962402344 495.877643585205 358.069732666016 490.145458221436 577.405901908875 704.213394165039 658.121482849121 681.68196105957
520.127103805542 699.583526611328 624.94694519043 596.484352111816 705.058746337891 622.117641448975 570.556579589844 561.997797489166 600.420341491699 548.278949737549 636.663795471191 510.75902557373 598.452701568604 438.732696533203 464.012176513672 559.672292232513 563.551288604736 603.83198928833 554.616119384766 520.422690391541 582.536666870117 468.400238037109 348.365936279297 482.267524719238 590.17603302002 603.429286956787 708.720146179199 730.891357421875 497.005592346191 543.575736999512 668.412616729736 591.025428771973 499.238250732422 425.15096282959 545.412857055664 547.803692340851 549.546535491943 437.93327331543 631.118530273438 585.371367454529 658.516868591309 492.246200561523 786.700378417969 677.4333152771 640.58069229126 574.069622039795 582.213802337646 609.226312637329 513.36695098877 460.637710571289
