simdem/realisation44.asc
NCOLS 350 
NROWS 171 
XLLCORNER 152620 
YLLCORNER 418050 
CELLSIZE 100 
NODATA_value -9999 
[rows 0 to 21 of 171, columns 100 to 149 of 350]
-9999 -9999 -9999 -9999 -9999 -9999 -9999 -9999 -9999 -9999 -9999 -9999 -9999 -9999 -9999 -9999 -9999 -9999 -9999 -9999 -9999 -9999 -9999 -9999 -9999 -9999 -9999 -9999 -9999 -9999 -9999 -9999 -9999 -9999 -9999 -9999 -9999 -9999 -9999 -9999 -9999 -9999 -9999 -9999 -9999 -9999 762.42794418335 807.121288299561 663.210643529892 571.289710998535
-9999 -9999 -9999 -9999 -9999 -9999 -9999 -9999 -9999 -9999 -9999 -9999 -9999 -9999 -9999 -9999 -9999 -9999 -9999 -9999 -9999 -9999 -9999 -9999 -9999 -9999 -9999 -9999 -9999 -9999 -9999 -9999 -9999 -9999 -9999 -9999 -9999 -9999 -9999 -9999 707.991668701172 778.575338363647 586.306427001953 591.979820251465 419.579772949219 684.713348388672 858.089782714844 756.217704772949 577.71639919281 543.606069564819
-9999 -9999 -9999 -9999 -9999 -9999 -9999 -9999 -9999 -9999 -9999 -9999 -9999 -9999 -9999 -9999 -9999 -9999 -9999 -9999 -9999 -9999 -9999 -9999 -9999 -9999 -9999 -9999 -9999 -9999 -9999 -9999 -9999 -9999 -9999 -9999 -9999 846.805686950684 844.369140625 743.80020904541 614.709289550781 771.984783172607 756.658405303955 528.217468261719 537.391670227051 623.051464080811 798.302810668945 690.533355712891 573.994603633881 502.891384124756
-9999 -9999 -9999 -9999 -9999 -9999 -9999 -9999 -9999 -9999 -9999 -9999 -9999 -9999 -9999 -9999 -9999 -9999 -9999 -9999 -9999 -9999 -9999 -9999 -9999 -9999 -9999 -9999 -9999 -9999 -9999 -9999 -9999 -9999 877.170623779297 691.589653015137 721.38224029541 585.964408874512 678.636463165283 593.919934272766 624.402061462402 770.474960327148 695.461133003235 616.462715148926 635.380851745605 700.886604309082 726.224899291992 948.535278320312 777.543537139893 519.716726303101
-9999 -9999 -9999 -9999 -9999 -9999 -9999 -9999 -9999 -9999 -9999 -9999 -9999 -9999 -9999 -9999 -9999 -9999 -9999 -9999 -9999 -9999 -9999 -9999 -9999 -9999 -9999 -9999 -9999 -9999 -9999 -9999 840.013854980469 708.932409286499 631.252996444702 658.686199188232 503.792846679688 516.800506591797 655.073077201843 471.454383850098 583.898622512817 671.679995536804 840.850967407227 869.252670288086 743.707920074463 716.953736305237 731.940183639526 811.724388122559 763.696556091309 774.996109008789
-9999 -9999 -9999 -9999 -9999 -9999 -9999 -9999 -9999 -9999 -9999 -9999 -9999 -9999 -9999 -9999 -9999 -9999 -9999 -9999 -9999 -9999 -9999 -9999 -9999 -9999 -9999 -9999 -9999 -9999 776.695686340332 750.355224609375 615.462797164917 528.452278137207 541.543430328369 763.238147735596 459.862350463867 661.898544311523 481.398696899414 662.478717803955 581.110870361328 676.230535507202 698.326246261597 945.610778808594 796.961064338684 899.717933654785 862.804977416992 791.763515472412 839.622274398804 786.43083190918
-9999 -9999 -9999 -9999 -9999 -9999 -9999 -9999 -9999 -9999 -9999 -9999 -9999 -9999 -9999 -9999 -9999 -9999 -9999 -9999 -9999 -9999 -9999 -9999 -9999 -9999 -9999 520.30651473999 713.420310974121 467.057090759277 507.831497192383 643.235336303711 576.647970199585 597.064174771309 562.289138793945 497.518135070801 593.133201599121 627.512420654297 550.430023193359 616.128372192383 655.266265869141 875.784400939941 851.630035400391 942.365814208984 607.570835113525 733.951236724854 1034.91397476196 944.404708862305 893.555072784424 954.924644470215
-9999 -9999 -9999 -9999 -9999 -9999 -9999 -9999 -9999 -9999 -9999 -9999 -9999 -9999 -9999 -9999 -9999 -9999 -9999 -9999 -9999 -9999 -9999 -9999 897.473648071289 847.551971435547 618.946707893163 485.218887329102 464.546966552734 600.430080413818 605.346441268921 640.014759063721 612.645206451416 588.696447372437 480.514976501465 393.081344604492 675.707053184509 685.786578178406 678.314414024353 657.001274108887 689.159370422363 773.760948181152 973.345031738281 994.873146057129 871.192741394043 1052.78768730164 1008.97644042969 1019.86552047729 813.99951171875 1052.02345275879
-9999 -9999 -9999 -9999 -9999 -9999 -9999 -9999 -9999 -9999 -9999 -9999 -9999 -9999 -9999 -9999 -9999 -9999 -9999 -9999 -9999 -9999 530.445358276367 701.707754135132 614.189861059189 563.814617156982 668.191421508789 598.835626602173 456.373970031738 570.977066040039 548.08179473877 600.621685028076 464.142639160156 706.293663024902 495.710319519043 427.355377197266 445.754898071289 610.57364654541 593.843368530273 802.301479816437 856.401069641113 581.226142883301 762.025650024414 775.024955749512 583.351387023926 1096.10733604431 724.809899806976 636.588478088379 725.767840862274 535.110939025879
-9999 -9999 -9999 -9999 -9999 -9999 -9999 -9999 -9999 -9999 -9999 -9999 -9999 -9999 -9999 -9999 -9999 -9999 -9999 1099.08771705627 519.995147705078 692.033233642578 657.699621200562 623.381740510464 526.223541259766 560.388538360596 612.703887939453 595.452566146851 473.118835449219 471.981536865234 410.314743041992 508.169334411621 568.960090637207 584.52240562439 447.581756591797 415.448394775391 468.986740112305 521.113018035889 479.871398925781 737.158545017242 623.347030639648 519.376998901367 764.647872924805 672.667498588562 667.50739812851 652.565933227539 669.069179534912 616.000801086426 784.957618713379 570.104904174805
-9999 -9999 -9999 -9999 -9999 -9999 -9999 -9999 -9999 -9999 -9999 -9999 -9999 -9999 -9999 -9999 -9999 1008.81081390381 996.828056335449 1101.85148334503 478.514755249023 612.75217628479 523.439888000488 524.909637451172 528.362153053284 614.747257232666 656.682228088379 693.342421531677 750.964515686035 501.312377929688 467.141540527344 634.928634643555 672.899208068848 666.602844238281 596.96012878418 426.171943664551 560.791221618652 564.226608276367 685.005841016769 691.82422709465 644.843292236328 674.16209602356 711.332321166992 747.305435180664 770.083450317383 656.804969787598 603.463470458984 500.071838378906 723.966215133667 590.450336456299
-9999 -9999 -9999 -9999 -9999 -9999 -9999 -9999 -9999 -9999 -9999 -9999 -9999 -9999 719.535491943359 704.773347854614 754.862056732178 870.897117614746 876.873352050781 1000.11933040619 822.131286621094 511.417274475098 593.736078262329 610.625257968903 586.106910705566 640.675964355469 679.676547765732 447.583724975586 510.428619384766 523.919570922852 445.621368408203 547.364002227783 557.034902572632 603.492832183838 641.751525878906 594.278518676758 504.85188293457 545.18905544281 693.732288360596 694.2991771698 694.461374282837 649.453308105469 695.35270690918 889.751876831055 734.271278381348 636.979112625122 694.404430389404 685.705779075623 716.116423130035 693.593616485596
-9999 -9999 -9999 -9999 -9999 -9999 -9999 -9999 -9999 -9999 -9999 -9999 653.925407409668 584.997573852539 519.885177612305 618.570556640625 659.715301513672 519.259567260742 992.666236877441 982.063408374786 851.008483886719 479.874443054199 492.63883972168 535.578399658203 499.880432128906 701.890663146973 701.777938842773 463.030563354492 499.681213378906 602.531867980957 374.320907592773 381.508926391602 322.848777770996 573.597787559032 654.390365600586 596.310787200928 537.673818588257 650.044044733047 645.236325502396 648.334735870361 774.828876495361 672.773080825806 667.923064231873 553.967826843262 685.961326599121 664.55415725708 592.556583404541 721.292140960693 645.333487510681 569.468729019165
-9999 -9999 -9999 -9999 -9999 -9999 -9999 -9999 -9999 -9999 679.008811950684 725.596954345703 601.233673095703 567.830703735352 501.347595214844 597.041513442993 639.651033401489 490.198944091797 445.153457641602 503.220886230469 479.392333984375 581.614485740662 620.221992492676 714.377164363861 730.994783401489 674.625129699707 712.215139389038 699.041610717773 506.376571655273 368.563400268555 495.625770568848 475.736110687256 320.91325378418 466.133934020996 517.050735473633 492.303604125977 445.112022399902 584.143356323242 554.704612731934 555.534023284912 704.831184387207 639.803714752197 621.677988052368 565.301544189453 643.354257583618 533.623336791992 652.305948257446 567.264877319336 638.990802764893 516.730926513672
589.300796508789 788.765279769897 779.530004501343 668.010890960693 906.763595581055 608.470779418945 541.744263648987 652.286773681641 644.262977600098 380.378959655762 686.042753696442 652.823310852051 593.375141143799 473.953628540039 742.741752624512 557.13062286377 554.894523620605 278.955596923828 524.888526916504 566.690599441528 586.527798652649 691.979938030243 716.039388656616 774.414901733398 761.035175323486 791.517417907715 756.551195144653 726.559764862061 657.890196800232 501.5087890625 557.419948577881 527.285255432129 504.882125854492 415.772686004639 600.486986160278 601.674789428711 540.871307373047 420.350372314453 593.329578399658 733.540031433105 717.510471343994 562.118827819824 469.771308898926 489.93196105957 713.3147315979 639.537437438965 694.634132385254 585.001864433289 557.696166992188 699.42827129364
647.957328796387 669.432304382324 699.469959259033 572.121742248535 650.230668306351 568.774032592773 578.28630065918 446.785753250122 527.85523223877 464.785053253174 803.078353881836 725.106601715088 757.531761169434 650.106803894043 656.348785400391 613.890551567078 545.117012023926 616.035083770752 733.553272247314 656.610076904297 642.385280609131 674.815418243408 609.068036079407 787.911853790283 595.306781768799 725.140869140625 768.828018188477 610.576843261719 621.224304199219 535.745414733887 590.053619384766 586.618815422058 636.970596313477 564.904945373535 737.280960083008 656.07738494873 518.480026245117 392.085662841797 446.808120727539 662.261697769165 625.785041809082 632.428419113159 559.019834518433 474.184585571289 666.082921981812 1208.20500278473 853.64087677002 675.706367492676 576.976890563965 591.706645965576
459.043579101562 578.760566711426 616.280139923096 512.473907470703 654.862484455109 462.66712474823 500.279441833496 585.281936645508 523.989967346191 733.654075622559 751.099151611328 520.372303009033 513.89571762085 667.040756225586 606.427410125732 647.936134338379 685.792472839355 814.469707489014 911.524917602539 901.725234985352 661.008827209473 1153.52566337585 663.175388336182 750.307456970215 651.038814544678 766.718139648438 606.373199462891 713.078293323517 408.367866516113 666.700412750244 723.340148925781 868.747222900391 757.594985961914 865.895427703857 749.420532226562 806.876502990723 438.353561401367 398.68815612793 435.976425170898 635.815244674683 703.302574157715 748.311744689941 826.999292190827 754.850341796875 728.092721939087 673.803810119629 495.436050415039 555.323852539062 510.487648010254 638.210788726807
495.385818481445 665.587714672089 688.54317855835 609.419950485229 689.130870819092 801.446655273438 916.912399291992 1264.02423095703 659.119415283203 692.58846282959 804.695785522461 504.36011505127 569.398726463318 813.671653747559 909.961502075195 658.637086868286 716.766366004944 743.171482086182 578.335628509521 835.430374145508 644.919860839844 648.804206848145 616.181365013123 685.986391067505 675.724359512329 523.12809753418 560.775091171265 669.397903442383 678.605273246765 701.30216217041 568.982583999634 751.465347290039 735.01025390625 660.137702941895 513.285919189453 1170.37467956543 467.746887207031 447.564910888672 696.70760345459 684.608947753906 1213.73666763306 837.722618103027 624.804689407349 678.121604919434 648.464358329773 663.03231048584 627.233383178711 541.62077331543 697.181095123291 688.5888671875
541.518455505371 534.394500732422 1150.33085250854 550.650489807129 784.829814910889 662.926992893219 876.138204574585 1147.47477340698 655.425434112549 671.199363708496 744.891977310181 713.481508255005 805.362106323242 827.715476989746 550.033528327942 736.838737487793 708.107814788818 897.157516479492 588.535354614258 747.019138336182 719.265756607056 689.549125671387 568.53311920166 587.106384277344 487.355821609497 520.314592123032 623.675651550293 579.22583770752 1165.26431274414 894.192625045776 719.380752563477 853.58980178833 1009.91548919678 923.820709228516 685.394668579102 1045.84773254395 896.450622558594 788.638671875 385.379180908203 534.491439819336 547.039518356323 540.808712005615 587.302330970764 557.183773040771 674.467391967773 610.715671539307 581.443801879883 623.643467903137 701.754791259766 750.983505249023
796.696594238281 747.601491928101 1170.2786655426 649.178455352783 803.90811920166 768.834119439125 936.946553230286 1180.65165138245 1004.5763053894 686.199779510498 829.379783630371 942.306022644043 996.647248268127 1017.07146072388 621.514274597168 1141.96536684036 675.869312286377 606.845680236816 461.357864379883 985.595809936523 700.65788269043 700.235595226288 485.254699707031 479.35334777832 1143.48944091797 1091.98299407959 1003.51971435547 818.396896362305 606.417162895203 502.640357971191 449.407135009766 617.447574615479 480.645408630371 653.190120697021 616.124921798706 1022.25610351562 461.336044311523 496.417633056641 600.998207092285 586.963333129883 529.794662475586 522.949203491211 636.028717041016 651.458152770996 584.881843566895 743.801773071289 772.288711547852 617.490104675293 605.169555664062 631.969444274902
800.137722015381 647.43643951416 700.019256591797 594.058006286621 438.861190795898 635.181991577148 903.654300689697 700.921829223633 1206.7645111084 680.184768676758 706.443640708923 1112.5445022583 734.586750984192 1086.81125259399 1174.19550323486 1224.14295196533 1281.08887863159 1246.33261728287 637.170837402344 649.514915466309 752.693130493164 431.675102233887 927.534240722656 402.446395874023 640.99888420105 1328.27199554443 615.572799682617 630.330986022949 590.968299865723 615.189739227295 619.899810791016 624.716636657715 612.797161102295 729.440872192383 703.433815002441 761.415130615234 691.849164962769 659.548868179321 676.773542404175 622.892698287964 559.751266479492 722.558093249798 650.285076618195 511.925476074219 714.13338470459 790.576431274414 633.50842666626 695.286392211914 510.930282592773 668.394805908203
713.72966003418 593.504108905792 523.048765182495 343.771469116211 460.174957275391 778.121658325195 563.464797973633 824.520126342773 685.978637695312 749.96572303772 674.81071472168 925.974941253662 715.251689910889 782.321132659912 617.601797580719 2254.50122070312 1279.4899520874 746.540100097656 560.564266204834 1104.43097686768 847.039253234863 526.024703979492 326.905181884766 838.063751220703 1103.09857177734 1606.32421112061 1013.31702041626 804.788452148438 584.428311347961 569.762057304382 530.617332458496 692.439422607422 629.172504425049 656.638204574585 701.309684753418 689.478500366211 660.784885406494 577.367523193359 469.53987121582 558.010238647461 604.00651550293 587.156227111816 594.705936431885 487.685821533203 739.962310791016 775.78483581543 714.790374755859 686.85383605957 673.987846374512 665.404763221741
