simdem/realisation91.asc
NCOLS 350 
NROWS 171 
XLLCORNER 152620 
YLLCORNER 418050 
CELLSIZE 100 
NODATA_value -9999 
[rows 44 to 65 of 171, columns 100 to 149 of 350]
425.806712150574 563.22038269043 385.20849609375 299.742538452148 322.164489746094 399.820945739746 422.765249252319 422.478610992432 383.627819061279 352.020950317383 316.245132446289 293.886978149414 438.932215690613 437.232891082764 470.773237228394 524.647731781006 405.988456726074 459.446578979492 448.820159912109 465.175594329834 525.991302490234 480.669951915741 495.745327949524 411.332969665527 459.616497039795 420.453132629395 393.669883728027 454.69953918457 363.030014038086 470.720024108887 612.148506164551 427.790195465088 495.703601837158 578.743217468262 573.742721557617 505.039165496826 302.253768920898 397.142402648926 499.924667358398 599.712478637695 544.317554473877 659.642501831055 435.18531036377 380.000427246094 405.533889770508 625.757682800293 576.388725280762 486.624576568604 476.479236602783 600.253768920898
482.886428833008 540.720314025879 449.231204986572 449.235356330872 529.266990661621 517.872699737549 416.425354003906 461.84792137146 389.11990737915 413.780899047852 353.025238037109 586.7890625 514.666286468506 633.60400390625 492.834575653076 521.668739318848 343.212982177734 388.111251831055 507.210243225098 531.21248626709 429.527824401855 447.288026809692 397.665260314941 486.012668132782 524.148458480835 476.067494392395 521.189733505249 385.104598999023 340.110290527344 370.742858886719 578.332607269287 489.677900314331 584.755180358887 645.851989746094 608.081909179688 470.169311523438 397.38208770752 457.690536499023 440.697204589844 584.885536193848 444.67174911499 470.645204544067 361.781188964844 359.371688842773 384.889739990234 436.316669464111 406.759307861328 338.933700561523 451.060947418213 573.582077026367
434.555038690567 581.672454833984 389.774848937988 553.734809875488 527.768714904785 514.638347625732 490.561100006104 411.067394256592 530.60115814209 391.651252746582 335.695777893066 399.768239974976 709.431182861328 490.963077545166 553.658554077148 417.967624664307 347.630210876465 542.542709350586 489.864994049072 417.484523773193 382.863578796387 430.294364929199 489.917896270752 544.327758789062 395.344383239746 551.298866271973 616.67431640625 430.691505432129 371.650772094727 366.750869750977 453.633266448975 502.180124282837 555.82653427124 503.414066314697 420.193901062012 422.970687866211 508.321054458618 500.933706283569 478.22597694397 510.728382110596 477.213525772095 408.623558044434 398.857368469238 406.722442626953 461.938482284546 537.987884521484 470.411407470703 466.935703277588 492.018623352051 615.872505187988
438.324803352356 442.409424066544 330.199913024902 485.764217376709 518.595779418945 424.230625152588 517.395133972168 553.60961151123 433.57293510437 359.49666595459 442.925863265991 485.57638168335 571.686325073242 577.080413818359 414.458026885986 242.790954589844 417.895858764648 672.99836730957 649.252746582031 513.139770507812 511.144956588745 545.239978790283 481.532709121704 514.108273506165 543.668148040771 502.119800567627 540.448356628418 546.519950866699 441.033805847168 409.316200256348 472.529376983643 596.840141296387 569.14559173584 456.290939331055 409.241668701172 550.084255218506 535.566146850586 510.145692825317 593.813789367676 540.56616973877 479.485883712769 422.60570526123 572.106986999512 437.185852050781 528.381296157837 401.307693481445 375.873580932617 457.30548286438 503.355496406555 409.417449951172
485.305286407471 366.892219543457 412.202407836914 587.629302978516 555.916961669922 538.002716064453 544.257751464844 523.424911499023 377.232643127441 383.513526916504 430.303941726685 529.622695922852 517.085250854492 446.843333244324 397.659248352051 418.10591506958 551.272994995117 472.590246200562 491.20761680603 458.015853881836 437.716037750244 518.838180541992 405.816188812256 456.170761108398 444.605865478516 268.596389770508 390.86767578125 478.084436416626 522.079785704613 436.054458618164 464.759788513184 564.333267211914 414.819923400879 541.049980163574 527.962675094604 664.679412841797 419.236251831055 539.999534606934 579.244255065918 692.258453369141 521.33518409729 557.457717895508 491.857159614563 524.200621604919 479.90242767334 387.596900939941 377.283134460449 536.83903503418 327.877731323242 535.030698776245
501.981533050537 356.162811279297 309.759353637695 392.314445495605 448.073107481003 437.126930236816 566.176231384277 476.38588809967 455.393495559692 473.320559501648 470.175922393799 555.805763244629 483.6233253479 388.626579284668 508.63956451416 574.039726257324 408.880794525146 444.722133636475 490.49348449707 476.195188522339 641.392272949219 604.05980682373 442.229356765747 431.450134277344 397.848106384277 357.807174682617 499.141423225403 628.599334716797 507.768125534058 531.63766002655 500.622180938721 477.671127319336 533.03818321228 600.639038085938 527.504499435425 483.524657249451 367.454872131348 482.503533840179 608.757423400879 505.872505187988 524.546043395996 477.495716094971 531.360685348511 420.478904724121 434.032745361328 377.829063415527 440.717407226562 544.197902679443 460.300693511963 666.58381652832
384.402702331543 279.530410766602 149.179534912109 312.784683227539 542.288482666016 523.861831665039 362.922500610352 350.222312927246 337.166915893555 519.729030609131 490.652393341064 634.33935546875 522.181632995605 435.772089004517 443.596656799316 511.434600830078 475.332214355469 667.047119140625 576.354904174805 570.267837524414 667.383514404297 574.01163482666 473.851530313492 472.143363952637 570.842792510986 512.548751324415 616.672927856445 622.111709594727 632.221908569336 327.390655517578 483.595735549927 432.92805480957 630.38606262207 555.030261993408 517.751984596252 461.802200317383 345.939834594727 360.573257446289 428.343235015869 308.939163208008 402.560844421387 526.924761295319 526.682159423828 485.018737792969 319.590103149414 458.333854675293 509.46523475647 478.729033470154 606.982368469238 546.473625183105
272.097152709961 345.789672851562 367.747077941895 335.228378295898 435.575568199158 538.808555603027 409.782070159912 380.145668029785 415.065273284912 510.244873046875 570.977386474609 615.710723876953 456.6828956604 508.755897760391 418.438926696777 455.937547683716 582.175346374512 644.417465209961 540.594554901123 683.85481262207 631.123718261719 468.788623809814 548.5622215271 557.927604675293 456.390926361084 540.710708618164 557.059162139893 552.38175201416 455.03536605835 495.675445556641 290.854476928711 383.690994262695 376.619186401367 455.5817527771 636.562683105469 361.49690246582 374.256240844727 407.057609558105 457.410751342773 151.359893798828 395.498336791992 481.06050491333 564.870445251465 507.518211364746 571.058055877686 499.099931716919 536.717254161835 630.915390014648 569.835952758789 530.549865722656
284.367858886719 369.286182403564 329.478218078613 436.196915924549 359.35782623291 389.25365447998 472.351530075073 530.810127258301 633.546585083008 560.445297241211 506.902351379395 481.106593132019 440.027077674866 453.496545791626 542.767601013184 585.967063903809 531.603395462036 575.724517822266 532.67850112915 593.628173828125 584.608772277832 517.474378585815 690.507431030273 448.53536605835 503.655296325684 484.269490301609 471.614612817764 426.584522247314 282.292755126953 495.35666179657 471.436027526855 428.761199951172 365.425384521484 606.406234741211 506.110830307007 452.795707702637 329.501602172852 414.424980163574 402.231590270996 470.300045013428 416.127510070801 651.277786254883 552.083450317383 459.486061096191 439.812599182129 676.957702636719 459.775428771973 515.919985771179 512.876230955124 521.454320907593
396.929517745972 364.816627502441 454.527626037598 479.465129852295 337.780181884766 415.492658615112 427.466087341309 507.00252532959 522.506454467773 435.646682739258 449.265356063843 491.399778366089 302.444793701172 289.445434570312 524.405688405037 482.397787570953 475.395183563232 557.511222839355 615.59546661377 382.479125976562 507.404056549072 492.883429527283 646.866744995117 416.537094116211 378.680236816406 531.480083465576 368.65454864502 301.580551147461 367.781455993652 458.751647949219 405.446228027344 389.879188537598 490.790679931641 520.973987713456 452.759140014648 420.360961914062 451.527473449707 524.281421661377 507.642406463623 460.142791748047 559.873773574829 522.476509094238 657.763824462891 633.164276123047 448.929286956787 474.267490386963 564.108722686768 474.437801361084 421.178359985352 421.369316101074
450.059392929077 293.360534667969 285.646774291992 354.956268310547 445.565210342407 321.71753692627 279.053634643555 445.524942874908 402.491958618164 500.983915328979 578.704895019531 510.866264343262 334.912033081055 360.342254638672 428.897956848145 464.887254714966 371.985633850098 509.857124328613 607.757804870605 457.876104354858 624.940353393555 425.685066223145 517.330031394958 425.200637817383 515.597392082214 397.554153442383 614.727462768555 491.959934234619 480.153718948364 534.695505142212 401.461280822754 451.773536682129 495.174491882324 463.2409324646 382.098358154297 495.892002105713 643.531860351562 575.050838470459 618.335151672363 465.618949890137 517.617878913879 490.058582305908 549.503080368042 736.493957519531 636.534400939941 556.620712280273 666.704948425293 503.442255020142 392.511749267578 449.949333190918
398.96834564209 524.132202148438 419.088248729706 280.666717529297 347.409057617188 382.770202636719 399.949890136719 426.227161407471 360.617050170898 499.45040512085 471.699332475662 573.599136352539 520.801784515381 423.464057922363 305.597473144531 373.330139160156 478.697393417358 454.380966186523 439.910209655762 476.969236373901 421.992630004883 547.92716217041 451.063735961914 492.069339752197 498.769946932793 447.127647399902 633.09342956543 569.055938720703 683.530166625977 725.571685791016 605.77880859375 599.457592010498 518.743908882141 493.182586669922 520.178689956665 328.703964233398 568.925312042236 524.387194156647 615.469680786133 533.467193603516 477.309604644775 350.320724487305 489.047843933105 570.072822570801 502.153667449951 589.654071807861 585.890815734863 524.894863128662 483.567695617676 460.416862487793
490.284976959229 493.616397857666 471.513475418091 484.67523765564 368.664451599121 428.595035374165 443.674839496613 459.864277079701 552.998924255371 465.957015991211 431.233486175537 500.899732589722 487.960463523865 365.976951599121 395.84464263916 371.561920166016 615.237022399902 578.882171630859 354.751678466797 409.452651977539 377.242202758789 521.597484588623 543.518684387207 534.478887557983 298.320068359375 291.702590942383 609.349170684814 498.540521621704 739.842620849609 731.09880065918 672.98819732666 715.816757202148 574.116062164307 424.421691894531 551.289308547974 309.717147827148 601.647041320801 478.458423614502 730.578842163086 461.712425231934 558.291482925415 370.567901611328 417.452354431152 519.174686431885 508.412094116211 470.805816650391 628.398193359375 549.514536380768 499.699226379395 571.052233219147
526.175140380859 453.565977096558 427.984466552734 539.026329040527 548.693412780762 428.146808624268 519.478500366211 439.547557830811 238.586318969727 347.449058532715 385.866271972656 479.181451797485 495.376209259033 381.421691894531 434.82826423645 384.678680419922 441.001136779785 372.459701538086 297.102203369141 385.442863464355 472.749885559082 475.656719207764 474.973649978638 403.160110473633 381.336929321289 351.964233398438 455.079345703125 486.6188133955 575.636086463928 666.390380859375 711.133296966553 626.895063400269 491.25008392334 443.787521362305 442.252258300781 423.637496948242 614.93238067627 577.261924266815 596.293621063232 445.691093444824 388.239532470703 424.392555236816 316.544784545898 530.069038391113 331.273590087891 382.248382568359 524.561891555786 456.151206970215 685.990463256836 481.621734619141
446.404291152954 423.718748569489 526.784164428711 438.533316612244 535.302383422852 436.734853744507 513.114826202393 499.562601089478 371.901504516602 303.118713378906 310.084671020508 420.814247131348 531.406234741211 425.334819793701 391.804847717285 355.922294616699 377.473121643066 446.178901672363 512.771879196167 483.794003009796 361.60245513916 317.145645141602 444.855472564697 470.556976318359 467.728857040405 468.556507110596 506.498142719269 567.525291442871 615.585144042969 448.341003417969 599.716217041016 644.914539337158 653.290111541748 521.849094390869 620.880416870117 509.041549682617 462.206703186035 586.037867546082 705.779169082642 507.344863891602 363.715637207031 390.352249145508 435.229789733887 471.480545043945 425.668678283691 356.586669921875 522.773750305176 515.998100280762 439.449798583984 551.701043128967
431.912894248962 479.186618804932 429.289732933044 462.899954795837 421.635501861572 439.153371810913 419.90510559082 459.300937652588 216.327575683594 276.139389038086 307.190521240234 475.359848022461 596.754440307617 409.39741897583 360.175338745117 361.594673156738 361.749435424805 424.279354095459 491.751749992371 477.769351959229 396.149757385254 440.56122303009 509.84529876709 574.166610717773 475.540190935135 370.072624206543 580.202842712402 590.405471801758 670.290878295898 474.634191513062 633.14656829834 595.227867126465 575.098091602325 495.180084228516 597.568261146545 400.235702514648 658.847610473633 532.862445831299 489.507530212402 597.871401548386 376.394256591797 537.441292762756 482.837284088135 380.675842285156 466.549644470215 663.870025634766 421.983215332031 522.938575744629 556.403636932373 464.602851867676
420.434808731079 539.462257385254 483.717018127441 389.819686889648 407.298244476318 483.305461883545 317.16845703125 458.605289459229 422.441013336182 295.959060668945 436.783432006836 536.710029602051 481.039541244507 448.828771591187 356.37378692627 469.550631999969 415.297904968262 422.098693847656 555.561561584473 504.025932312012 578.062477111816 526.278953552246 665.958099365234 593.175025939941 524.881610870361 492.631930351257 673.813858032227 582.960330963135 693.993637084961 601.988677978516 599.422622680664 493.009428024292 443.096496582031 488.334648132324 534.330711364746 500.790523529053 561.49195098877 542.694035053253 521.064257621765 543.926929168403 464.521591186523 573.961963653564 649.989532470703 520.677164077759 453.535995483398 562.977584838867 425.385078430176 477.218994140625 576.3707447052 597.464361190796
417.69774723053 560.192428588867 467.442707061768 332.527694702148 463.062493801117 413.739234924316 540.426025390625 443.331211090088 450.877069473267 385.481887817383 376.465660095215 433.127040863037 363.527412414551 413.323593139648 422.334804534912 524.270401000977 409.071403503418 421.842277526855 422.277168273926 463.957324981689 547.265071868896 489.419202804565 396.267044067383 514.868846893311 408.829399108887 390.171798706055 545.226791381836 475.214797973633 656.187728881836 688.001220703125 564.474117279053 596.019844055176 548.116588592529 530.233605802059 465.966403961182 560.626602172852 543.129897117615 522.953090667725 563.214248657227 601.524059295654 688.405181884766 676.104713439941 560.460418701172 585.415374755859 606.791610717773 629.253997802734 761.559600830078 658.827705383301 581.862093925476 590.033088684082
484.220987319946 474.587021827698 524.833030700684 446.191548585892 496.074058532715 478.641120910645 505.305953979492 415.058643341064 417.266059875488 454.080707550049 432.815569877625 374.119773864746 274.034271240234 391.31916809082 522.670027732849 470.149670600891 406.559341430664 374.285453796387 476.949172019958 387.007011413574 429.059448242188 480.300541877747 463.292795181274 545.708728790283 548.240692138672 397.843841552734 518.026124954224 520.810214042664 647.086242675781 748.911407470703 783.131591796875 637.710350036621 511.862443447113 517.438619613647 436.956260681152 515.108203887939 658.654090881348 560.860868453979 643.256195068359 720.37126159668 672.875427246094 434.425025939941 493.343292236328 576.759834289551 644.839996337891 485.373134613037 765.516384124756 632.81372833252 634.881057739258 688.648513793945
404.501098632812 360.184547424316 381.982299804688 538.573211669922 320.288757324219 448.177955627441 492.768436431885 357.308258056641 404.421485900879 437.831958770752 395.950569152832 382.054634094238 421.566329956055 498.355487823486 333.195053100586 432.146831512451 425.125576019287 419.476036071777 346.811630249023 413.518402099609 472.437345504761 492.857483148575 466.58125269413 445.607620239258 521.262012481689 564.479499816895 489.947631835938 480.492477416992 527.636657714844 650.732391357422 537.764007568359 403.502830505371 394.533966064453 479.149848937988 578.040554046631 609.513729095459 553.446292877197 576.349143981934 517.327362060547 564.533987283707 477.28394317627 467.49942779541 410.262710571289 596.412006378174 501.255886077881 575.244931221008 455.098442077637 501.534534454346 553.438501358032 591.67631149292
470.105330467224 434.842071533203 341.615005493164 278.125564575195 386.51195526123 482.535877227783 490.072891235352 457.746425628662 360.410263061523 448.676445007324 446.898277282715 414.961898803711 504.955612182617 407.780456542969 418.787078857422 453.001493453979 420.078113555908 388.958396911621 292.293334960938 309.636642456055 454.974338531494 449.286468505859 543.346481323242 499.970762252808 562.927742004395 500.963702201843 598.718765258789 517.829071044922 588.815734863281 747.21125793457 653.350860595703 414.387428283691 179.889495849609 507.07857131958 631.77367401123 648.121101379395 523.803719043732 557.663368225098 486.852405548096 515.1731300354 549.178007125854 501.012459754944 455.767929077148 582.985748291016 530.569578170776 498.401309967041 424.754013061523 482.410957336426 484.553688049316 591.610500335693
471.700172424316 236.521636962891 408.790451049805 369.546096801758 425.578205108643 401.014144897461 395.734405517578 513.065460205078 428.436557769775 553.630004882812 413.298950195312 342.644073486328 342.238510131836 406.682216644287 323.065292358398 480.043886184692 393.679786682129 325.409072875977 355.79109954834 406.639945983887 494.372127532959 498.802820205688 579.979942321777 584.244834899902 605.925453186035 446.556655883789 391.386360168457 505.485387802124 643.194732666016 646.130798339844 602.277442932129 504.492223739624 472.100528717041 485.186485290527 494.090671539307 657.272521972656 609.537582397461 460.995834350586 600.269077301025 623.78978729248 553.725890159607 510.508186340332 556.45424079895 610.294937133789 638.321411132812 580.113204956055 543.796333312988 542.652018547058 522.350366592407 535.756620645523
