simdem/realisation16.asc
NCOLS 350 
NROWS 171 
XLLCORNER 152620 
YLLCORNER 418050 
CELLSIZE 100 
NODATA_value -9999 
[rows 44 to 65 of 171, columns 100 to 149 of 350]
496.919353485107 525.255081176758 716.762145996094 551.273262023926 578.320846557617 517.046989440918 582.562652587891 526.23902130127 362.616054534912 389.421726226807 328.597274780273 456.252389907837 537.70386505127 513.126083374023 565.450492858887 578.431938171387 493.068382263184 557.206237792969 572.332496643066 538.626403808594 645.896224975586 614.246459960938 455.315088272095 564.591293334961 522.092813491821 547.148857116699 408.449493408203 457.552474975586 355.653167724609 503.58526802063 391.24299621582 480.532579421997 611.084571838379 574.93643951416 590.938446044922 379.011405944824 498.977236747742 504.844184875488 461.132843017578 275.41015625 391.990020751953 406.951683044434 497.579545021057 527.477323532104 526.000547409058 606.999481201172 598.420867919922 477.867292404175 720.886734008789 662.263641357422
551.956275939941 631.94792175293 771.989318847656 657.733108520508 600.935150146484 411.767116546631 418.771995544434 519.68115234375 459.37451171875 425.436738967896 461.787484169006 556.669616699219 628.041854858398 557.303863525391 612.151519775391 444.012508392334 398.638771057129 483.833420276642 551.294600486755 570.579177856445 513.250099182129 447.892066955566 442.5319480896 466.338876724243 589.300403594971 550.797882080078 479.860216140747 420.967540740967 439.584922790527 453.256958007812 478.360488891602 611.256370544434 758.224197387695 567.907119750977 529.480796813965 605.671432495117 559.06568145752 519.26053237915 509.684190273285 336.820648193359 451.055068969727 423.346809387207 524.050760269165 514.083896636963 517.795795440674 570.020637512207 581.572494506836 466.146593093872 647.47428894043 532.577462434769
466.648548126221 560.202980041504 528.729736328125 512.944351196289 566.367698669434 555.873527526855 498.166435241699 430.612298965454 525.944725036621 479.146102905273 348.170066833496 503.627548217773 545.404424667358 437.236286044121 463.025086402893 505.662631988525 622.465972900391 442.919315338135 663.597396850586 572.705406188965 444.669492721558 555.109184265137 532.276836395264 493.270276367664 555.333679199219 464.544715881348 311.856948852539 395.713897705078 353.393463134766 532.408092498779 550.305473327637 491.298812866211 504.20783688128 437.000820159912 402.905967712402 427.407878875732 470.743810653687 475.744312286377 634.356719970703 501.735445022583 547.714736938477 364.881958007812 410.586059570312 568.38302230835 412.583808898926 544.135147094727 524.612115859985 520.812400817871 564.002544403076 498.279518127441
482.279392242432 437.942585706711 430.486701011658 496.493103027344 519.327526092529 502.73752784729 422.938520431519 529.491416931152 429.24578666687 365.925819396973 357.997787475586 331.861045837402 505.463418960571 512.125045776367 424.609199523926 510.300052642822 466.133222460747 618.746307373047 527.92227935791 553.429733276367 615.674926757812 555.364936828613 640.471282958984 477.966054916382 452.271984100342 468.350290298462 400.114227294922 464.168603897095 459.663578033447 578.027099609375 520.095512390137 611.256134033203 587.343242645264 476.580404281616 476.844745159149 561.387413024902 486.869041442871 410.615821838379 566.911338806152 514.973958969116 490.54599571228 418.734680175781 367.141403198242 419.948547363281 529.829187393188 549.284152984619 496.66658782959 599.162971496582 520.744037628174 450.954658508301
557.72110748291 273.657501220703 416.981298446655 497.986206054688 544.546020507812 438.72452545166 453.350263595581 517.685447692871 472.796803474426 366.799026489258 420.827953338623 487.464542388916 515.434944152832 379.089378356934 438.66189956665 392.940116882324 431.635013580322 425.240612030029 493.334064483643 616.932739257812 490.555139541626 528.977947235107 485.149221420288 451.989379882812 488.792697906494 424.088638305664 345.173599243164 404.951103210449 545.53307723999 630.287040710449 539.624250411987 506.036262512207 447.150718688965 504.903782844543 571.020904541016 636.18928527832 465.42384314537 479.762773036957 431.532653808594 624.466796875 541.874118804932 390.584281921387 485.800619125366 475.962268829346 639.331367492676 720.60090637207 514.827501296997 410.898483276367 459.245929718018 602.843807220459
422.073799133301 473.989629745483 365.521881103516 428.087532043457 525.511047363281 520.119022369385 568.741096496582 546.295642852783 460.064126968384 459.050275813788 260.691986083984 376.595733642578 441.49585723877 499.083019256592 457.71154499054 541.86502456665 523.616600036621 556.997116088867 565.103424072266 409.217910766602 585.070846557617 455.811525344849 513.874835968018 602.812568664551 493.689794540405 552.194473266602 542.384569168091 452.391304016113 576.902629852295 427.802558898926 590.842575073242 545.930089950562 374.083572387695 479.446395874023 488.90465927124 346.697769165039 372.033630371094 412.846290588379 507.634436607361 483.571041107178 396.533485412598 391.847747802734 431.016754150391 550.275505065918 554.647369384766 719.554260253906 540.571769714355 495.50124835968 613.590980529785 510.032051086426
509.359302520752 366.520751953125 491.505790710449 575.561218261719 433.295545101166 634.670669555664 505.697673797607 490.842842102051 482.362453460693 448.886051177979 303.782073974609 335.167213439941 541.930488586426 470.545154809952 439.577836990356 462.694714784622 564.635284423828 550.371376037598 501.20297908783 535.290803909302 440.029190063477 606.836349487305 551.933570861816 521.259178161621 657.498336791992 525.927766799927 483.312122344971 506.554605484009 373.134262084961 402.108818054199 520.633738517761 526.589335441589 381.207008361816 551.698719024658 482.102771759033 456.463829040527 413.408432006836 430.750885009766 469.647828102112 436.635879516602 407.773040771484 466.445495605469 545.391490936279 490.231582641602 486.136331558228 579.587982177734 649.212158203125 510.183797836304 487.969923496246 523.702688217163
359.745231628418 457.227680206299 413.544872283936 546.531173706055 377.33793258667 578.84977722168 446.142823219299 459.430686742067 546.257255554199 451.253289222717 244.965927124023 278.759979248047 397.55249786377 449.210426330566 519.880645751953 442.395427703857 519.903085708618 602.367126464844 486.828012466431 413.862663269043 492.149037122726 563.231925964355 392.076210021973 447.027610778809 546.638744354248 477.463634490967 514.87947177887 401.362281799316 395.588432312012 572.650081634521 457.562568664551 430.605209350586 362.331573486328 454.170761108398 337.463882446289 525.068302154541 383.86051940918 402.019500732422 409.389701843262 525.495170116425 391.558525085449 513.878779411316 647.184455871582 562.332847595215 454.146202087402 559.657020568848 501.534425735474 385.422401428223 423.762069702148 517.556975126266
392.305921554565 433.752590179443 464.266326904297 368.891174316406 455.293096542358 488.53588104248 467.206869125366 536.075218200684 526.333114624023 531.262760162354 444.669212341309 337.093276977539 399.593097686768 608.566200256348 566.749305725098 390.185424804688 485.751159667969 470.15732383728 472.451166629791 491.532701134682 519.784986495972 515.052541732788 461.514625549316 407.720481872559 402.313270568848 525.957836151123 517.717220306396 536.468124389648 534.357154846191 383.009658813477 374.927536010742 566.77795791626 613.876106262207 530.250183105469 510.096761703491 392.669067382812 422.289443969727 311.153961181641 422.240715026855 470.481575012207 595.760604858398 637.883796691895 649.034439086914 523.935437679291 517.386742413044 575.330219268799 573.473163604736 540.127352714539 551.536266326904 635.172691345215
337.875885009766 384.570896148682 493.169998168945 332.684593200684 513.238296508789 506.983856201172 473.269570350647 412.50256729126 448.256982803345 513.975209236145 477.727915763855 527.229909896851 613.169906616211 502.956655502319 622.379196166992 493.092359542847 503.393856048584 444.105712890625 347.068069458008 530.024532318115 521.871753692627 564.353507995605 535.379871368408 462.612285614014 478.333648681641 497.149891853333 498.465364456177 369.841026306152 465.246463775635 495.871234893799 507.631328105927 576.630523681641 549.02626991272 629.925010681152 556.871753692627 476.584671020508 521.890534378588 414.940132141113 516.046049118042 598.09700012207 563.616170883179 539.90838932991 397.101165771484 493.1077003479 521.978849411011 589.994720458984 480.04167175293 484.484134674072 572.887985229492 539.839828491211
282.481719970703 296.789047241211 369.033054351807 303.070587158203 393.98743057251 428.13996219635 386.416206359863 456.957575798035 450.349273681641 725.500457763672 621.156600952148 376.182479858398 366.673873901367 452.706506729126 509.616617202759 473.610593795776 328.58918762207 241.625350952148 335.195938110352 561.1640625 447.042545318604 532.106555938721 585.108909606934 612.61661529541 495.813294410706 437.006175994873 460.62540435791 376.943557739258 379.744941711426 666.911087036133 638.505378723145 551.539228439331 498.348625183105 536.553346633911 526.653759241104 438.610816955566 628.198287963867 479.50122833252 598.368049621582 551.02433013916 466.619422912598 598.702110290527 415.60962677002 444.11735534668 326.793197631836 329.131591796875 406.236999511719 577.723197937012 504.727870941162 481.885589599609
369.973808288574 328.708152770996 420.098549842834 406.666648864746 290.45491027832 447.602993965149 347.964309692383 307.303207397461 461.785259246826 466.008459091187 460.565057754517 402.79069519043 294.412948608398 415.53466796875 518.688694000244 506.428712844849 450.539142608643 471.927705764771 492.616679131985 459.300846099854 454.980880737305 447.674053192139 487.861906051636 675.039016723633 577.263641357422 496.08996963501 312.012573242188 370.644775390625 475.911430358887 498.264640808105 701.042709350586 502.566143035889 419.513053894043 406.919830322266 307.674957275391 485.099933624268 584.552341461182 614.17977142334 666.496871948242 590.805450439453 669.512344360352 667.402572631836 449.086143493652 391.411651611328 452.185447692871 477.138782501221 500.855609893799 571.616118431091 616.356258392334 517.583789825439
312.154479980469 353.089363098145 342.941566467285 445.900304794312 337.146995544434 425.031316757202 492.277362823486 434.932027816772 374.05850982666 478.053884506226 461.482173919678 295.895385742188 339.085113525391 473.286655426025 587.045188903809 521.269138336182 493.128165245056 488.743257522583 572.051284790039 465.307571411133 472.613075256348 619.637214660645 473.750185012817 606.511505126953 516.938228607178 429.352394104004 406.810134887695 415.052856445312 590.942825317383 442.439102172852 582.781439781189 546.520881652832 310.611129760742 496.404632568359 340.028594970703 260.00341796875 525.248650550842 722.163681030273 776.011199951172 685.566497802734 677.131393432617 567.466989517212 532.179208755493 595.858486175537 425.433715820312 296.053619384766 517.300476074219 621.590766906738 533.958305358887 497.274002075195
429.135050773621 413.729038238525 504.316307067871 317.374694824219 290.256393432617 225.600387573242 500.053407669067 509.128242492676 460.233863830566 440.495048522949 260.450942993164 190.418884277344 299.608337402344 407.743114471436 513.078395843506 544.130409240723 544.183948516846 482.587084770203 464.843626737595 597.751037597656 526.931587219238 435.562454223633 524.68717956543 559.526107788086 525.411628723145 395.948654174805 380.684356689453 285.439788818359 456.155387878418 578.599859237671 641.914859771729 585.316959381104 448.80500793457 364.763031005859 412.30126953125 515.6012134552 565.688283920288 647.789367675781 783.378021240234 520.181251525879 574.8614153862 444.507064819336 432.779907226562 491.160442352295 430.397239685059 617.456058502197 610.303688049316 540.960808873177 351.960922241211 355.19319152832
403.371479034424 482.367309570312 654.502426147461 416.623802185059 304.660827636719 336.293495178223 414.34122467041 528.564640045166 483.864496231079 402.598781585693 208.176467895508 232.422302246094 315.298370361328 372.88883972168 389.533340454102 475.082590103149 478.692702293396 561.956405639648 492.643757820129 527.581638336182 526.040519714355 455.969463348389 556.738529205322 483.207473754883 479.176537513733 522.126196861267 432.381652832031 421.145374298096 374.277145385742 525.477820158005 585.406476020813 753.269035339355 646.514469146729 477.916091918945 490.039604187012 427.034889221191 536.084053039551 673.370681762695 580.757614135742 576.736671447754 594.127418518066 550.843388319016 498.07190322876 406.168579101562 523.774476766586 481.229049682617 472.527709960938 405.810256958008 409.331466674805 363.262832641602
539.616035461426 363.596405029297 553.738189697266 390.534088134766 213.54753112793 392.972938537598 432.778577804565 374.181213378906 439.93975019455 412.425140380859 385.526245117188 412.556945800781 346.815971374512 347.343849182129 463.708262443542 544.814231872559 455.44654083252 499.825698852539 608.146064758301 540.59521484375 513.027830123901 354.771492004395 497.991282463074 502.058174133301 462.781740188599 515.260135650635 634.166793823242 530.992824554443 571.467674255371 462.552129745483 564.747379302979 473.72144317627 552.476469039917 580.727170944214 631.459739685059 540.849056243896 574.465072631836 662.031921386719 537.727912902832 442.927658081055 601.488739013672 582.044443130493 346.185028076172 356.688598632812 504.242324829102 507.009963989258 553.613476514816 326.255157470703 309.384490966797 327.175811767578
450.901169776917 494.882823944092 375.708282470703 364.723373413086 384.018226623535 438.570030212402 382.838310241699 298.168594360352 446.253005743027 400.920669555664 425.315479278564 385.550064086914 397.262519836426 360.293609619141 385.752433776855 371.687072753906 457.228034973145 567.911582946777 492.679483175278 492.343154907227 534.323867797852 524.226608276367 438.854930877686 546.485473632812 591.158569335938 630.548492431641 601.150764465332 582.697200775146 478.475387573242 510.761387959123 418.596908569336 460.127590179443 433.548583984375 523.233816146851 490.274398803711 508.439891815186 483.562076568604 505.460006713867 384.73176574707 355.922348022461 430.414710998535 404.256057739258 369.197479248047 502.740783691406 546.075304985046 652.933435201645 628.330673217773 425.795806884766 477.863800048828 445.848335266113
434.1875 378.392639160156 466.262048721313 380.88272857666 345.268829345703 458.617648124695 464.098402023315 438.879402160645 323.035217285156 328.01025390625 503.725070953369 292.512512207031 462.547870635986 512.337230682373 512.670442581177 454.205180168152 509.000604629517 616.213562011719 460.438305139542 514.910305976868 426.194633483887 422.627922058105 444.67618560791 462.965087652206 544.336212158203 456.613132476807 550.690483093262 642.454299926758 512.62530708313 457.353450775146 405.789024353027 493.102989196777 358.178939819336 441.110244750977 366.552032470703 457.546222686768 514.516603469849 507.406684875488 405.94303894043 403.823608398438 562.358730316162 564.381933689117 501.522232055664 649.177932739258 488.033721923828 562.702461242676 760.17943572998 558.913867950439 573.520015716553 598.027519226074
600.094284057617 491.397863388062 417.474241256714 460.141173362732 369.769287109375 457.79723906517 487.876087762415 382.674468994141 419.856315612793 383.672248840332 403.160327911377 495.191318511963 661.499801635742 684.289932250977 554.588003158569 408.072242736816 453.512050628662 520.337314605713 460.601146697998 388.233200073242 312.283264160156 487.972646474838 479.412347793579 612.83332824707 595.886680603027 531.470314025879 414.485679626465 575.129791259766 542.34912109375 610.577682495117 462.719482421875 457.06192779541 382.564147949219 479.874809265137 399.323875427246 414.128570556641 465.569755554199 458.949089050293 393.299026489258 499.70170211792 636.449897766113 588.411636352539 537.890529632568 572.504417419434 595.989978790283 458.269302368164 807.682118415833 498.148113250732 601.649394989014 591.99291229248
500.882343292236 555.388656616211 577.066925048828 384.332862854004 434.587852478027 471.039903700352 422.932247161865 453.860618114471 338.001243591309 322.384765625 417.840202331543 458.950090885162 537.437538146973 473.582683563232 469.557205200195 489.863964080811 501.620443344116 453.266487121582 524.933475494385 526.185741424561 423.640899658203 518.107175827026 438.413465499878 577.500175476074 553.076221466064 575.784599304199 396.248840332031 459.50431060791 521.280571937561 522.149900436401 388.409004211426 381.991500854492 332.614303588867 342.758010864258 454.239665985107 570.64953994751 570.761030197144 384.396789550781 448.095390319824 564.579790115356 490.518760681152 419.24089050293 448.715507507324 533.869830131531 526.753451347351 367.909317016602 454.146949768066 555.613716602325 495.864097595215 557.410011291504
455.860574245453 562.483451843262 623.257827758789 419.353673934937 509.752021789551 391.326904296875 458.500114440918 497.518117904663 591.224395751953 487.218181610107 515.542434692383 476.916595458984 424.951217651367 295.459274291992 450.916868209839 500.364278793335 487.266708374023 532.4255027771 483.213708877563 584.56575012207 587.562026977539 417.344970703125 568.274848937988 436.623760223389 636.905899047852 613.396911621094 444.55623626709 520.979953765869 506.651295185089 565.496780395508 524.152317047119 366.031097412109 324.087097167969 405.541053771973 488.422775268555 556.483583450317 547.190021514893 348.226348876953 460.32006072998 470.214782714844 585.326362609863 571.629497528076 558.570648193359 507.77209854126 502.515029907227 431.872444152832 386.865478515625 462.288589477539 516.964735031128 655.792953491211
415.267498016357 504.973430633545 645.528915405273 493.50846862793 509.337707519531 336.922088623047 434.825572967529 542.862609863281 646.260757446289 737.820907592773 526.232936859131 500.344467163086 480.961863040924 375.743644714355 538.747882843018 518.632926940918 387.753723144531 461.497041702271 555.499031066895 455.46263885498 670.114593505859 494.538542747498 594.219764709473 621.775817871094 625.96044921875 494.484331130981 513.364870071411 542.025531768799 524.66231918335 403.114837646484 490.446458816528 328.564529418945 468.645565032959 470.966865539551 531.482337474823 613.293006896973 645.089698791504 560.248576164246 483.090370178223 483.132484436035 525.639343261719 670.483772277832 555.43808889389 513.550466537476 474.346290588379 436.356880187988 316.162094116211 482.061813354492 571.422922134399 613.24275970459
