simdem/realisation6.asc
NCOLS 350 
NROWS 171 
XLLCORNER 152620 
YLLCORNER 418050 
CELLSIZE 100 
NODATA_value -9999 
[rows 66 to 87 of 171, columns 250 to 299 of 350]
626.256101608276 807.362609863281 722.03475189209 542.060508728027 628.204120635986 598.22095489502 601.249950408936 589.081638336182 573.150573730469 638.923085212708 712.416580677032 688.192935943604 871.735198974609 677.35235285759 651.267646789551 694.297737121582 682.270492553711 610.178009033203 784.541770935059 663.71316242218 594.330070495605 716.423389434814 701.29958820343 652.351066589355 749.681831359863 796.2138671875 712.559971809387 831.895065307617 802.973564147949 673.382698059082 851.527069091797 738.457794189453 727.917451858521 615.572105407715 792.538280487061 760.314609527588 619.639091491699 650.031002044678 919.186656951904 831.080509185791 752.621532440186 808.517765045166 924.642486572266 853.169536590576 781.298908233643 793.562980651855 769.239084243774 814.475852966309 823.395038604736 795.005586624146
772.227630615234 712.360534667969 555.444541931152 617.753898620605 587.305519104004 614.238719940186 419.147598266602 523.274673461914 640.008748054504 689.893634796143 682.984492301941 654.150838851929 744.667671203613 701.263412475586 672.164487838745 739.544387817383 610.94026184082 682.868564605713 624.413883209229 699.60181427002 647.766971588135 612.440567016602 768.748580932617 734.591979980469 769.890918731689 637.701477050781 698.975017642602 852.633804321289 744.285148620605 747.944091796875 703.046827316284 744.26155090332 806.176414489746 685.958364486694 843.024085998535 691.604969024658 683.682132720947 618.896545410156 615.604736328125 804.794151306152 990.992240905762 873.061920166016 911.533504486084 900.08561706543 794.600975036621 838.318344116211 798.839897155762 737.647068023682 835.66438293457 622.731567382812
645.128530025482 718.778374671936 592.023838043213 590.25456237793 484.983978271484 552.848747253418 533.807235717773 596.651584625244 531.823692321777 642.224527359009 610.55334854126 626.832626342773 756.170288085938 709.195911407471 596.802780151367 700.426345825195 722.533393859863 666.506306648254 772.941772460938 680.912559509277 544.891708374023 621.871536254883 633.386322021484 674.616165161133 716.639680862427 660.039474487305 729.825830459595 844.519897460938 752.758045196533 734.040893554688 785.924247741699 698.823541641235 718.34588432312 740.683565139771 729.030712127686 754.063816070557 666.589935302734 642.199424743652 612.457481384277 709.57141494751 752.373229980469 724.496553421021 1138.40756511688 1374.03856658936 726.450073242188 655.330993652344 713.817352294922 756.183525085449 796.746166229248 686.173072814941
628.423408508301 815.916000366211 788.162216186523 634.216285705566 541.262924194336 502.506500244141 509.072021484375 498.902648925781 598.755596160889 621.397624969482 560.413131713867 550.207946777344 698.701480865479 634.347115516663 655.52436542511 616.786319732666 726.818439483643 683.192310333252 814.287384033203 521.38606262207 672.179352760315 781.463050842285 717.213520050049 627.554981231689 571.98201751709 688.876791477203 740.881004333496 754.737285614014 756.355041503906 767.705249786377 658.181285858154 665.772762298584 752.467838287354 638.985961914062 740.317598342896 648.830940246582 675.472175598145 546.986190795898 537.48030090332 711.392959594727 649.062408447266 668.169616699219 583.231674194336 637.231460571289 697.48405456543 1451.83885383606 782.224205493927 663.624200820923 721.588907718658 722.155750274658
665.100227355957 665.099052429199 662.507522583008 609.434589385986 539.279891967773 535.954513549805 642.424248695374 621.341918945312 726.675323486328 547.319976806641 558.750038146973 596.585494995117 590.721336364746 576.840026855469 647.932760238647 732.832439422607 635.254844665527 692.77660369873 751.051177978516 544.564712524414 699.74839425087 721.327136993408 697.833055496216 773.986480712891 580.035758972168 610.324096679688 732.841014862061 686.443438529968 632.235172271729 731.61697769165 833.624771118164 747.616703033447 688.40323638916 595.602836608887 695.353470802307 772.843952178955 563.288314819336 571.273635864258 507.020004272461 655.288955688477 691.570877075195 762.002685546875 632.153732299805 710.36545753479 799.6090965271 685.909370422363 874.906463623047 1134.8385181427 805.251363754272 645.314727783203
735.800354003906 735.653388977051 641.515382766724 454.672958374023 439.990295410156 520.222984313965 629.137152671814 619.362071990967 676.384147644043 611.586318969727 568.861129760742 590.580432891846 692.887042999268 582.919528961182 630.208910942078 715.673169136047 634.088592529297 547.173194885254 624.769890785217 706.409698486328 757.376892089844 688.161497116089 679.230476379395 669.434520721436 594.224571228027 659.211250305176 626.946403503418 799.725433349609 749.776382446289 721.228891372681 690.89563369751 745.828954696655 788.033157348633 842.917465209961 637.785255432129 517.896560668945 583.953987121582 602.845932006836 658.162162780762 718.510335922241 681.434097290039 709.444659233093 865.375625610352 839.969582080841 611.047721862793 1004.90591430664 732.022342681885 844.951332092285 742.359432220459 578.006286621094
719.896263122559 566.29418182373 697.011623382568 478.275115966797 655.874115943909 572.49494934082 649.749614715576 624.350027322769 635.163389205933 567.466014862061 608.285400390625 631.046613693237 644.71800994873 554.784759521484 682.431395053864 731.541553497314 763.785217285156 650.328543007374 633.884305953979 657.832857131958 691.627836227417 741.270950317383 752.463092803955 586.896949768066 736.879165649414 695.063228607178 651.513252258301 636.877017974854 568.77059173584 666.914970397949 630.400966644287 668.067333221436 687.196952819824 645.876998901367 742.908952713013 704.20237159729 803.79573059082 824.346710205078 721.540470123291 631.607208251953 604.895095825195 1205.48477935791 597.405853271484 771.947125434875 684.940155029297 807.601406097412 818.802284240723 748.735036849976 792.304084777832 654.878898620605
624.933746337891 679.93531036377 731.943172454834 639.032852172852 643.477508544922 629.308135986328 729.314740180969 843.805461883545 768.499389648438 590.992755889893 559.677406311035 619.847988128662 601.459787368774 712.801609039307 728.759829521179 749.343742370605 752.21883392334 624.93346118927 596.684379577637 473.38996887207 605.315021514893 679.138138771057 812.603866577148 784.999504089355 680.204870700836 738.160976409912 669.591033935547 759.89652633667 579.270690917969 811.049873352051 709.654602050781 678.686394691467 821.783836364746 684.921600341797 648.900306634605 736.201638221741 631.619316101074 721.735144138336 683.238796234131 690.46891784668 642.22912979126 635.595138549805 714.967971801758 1005.34785461426 891.009281158447 848.382202148438 750.044303894043 805.92614364624 1050.08060836792 598.27848815918
731.506958007812 694.717636108398 633.156051635742 593.192058563232 653.035083770752 626.957611083984 697.373600006104 910.152969360352 734.206916809082 546.584594726562 789.749172210693 695.162111282349 705.704051971436 558.089736938477 567.210090637207 644.491941452026 683.920742034912 620.537139892578 596.56812286377 645.618566513062 598.218795776367 609.03084564209 851.64631652832 700.308910369873 570.498886108398 706.323112487793 716.070676803589 719.185722351074 604.361854553223 778.855682373047 696.067981719971 822.340835571289 740.784858703613 643.468006134033 636.670463562012 730.461795806885 712.909614562988 778.592485427856 709.987899780273 747.276706695557 564.683853149414 847.343109130859 662.020458221436 1027.41338348389 927.681205749512 625.720016479492 695.451370239258 666.69612121582 667.385925292969 802.266006469727
647.84912109375 493.388977050781 500.140754699707 659.848556518555 545.029067993164 560.779685974121 723.819355964661 737.885456085205 817.871040344238 743.229230642319 832.244091033936 797.732625007629 669.544006347656 595.597816467285 665.079484939575 580.982070922852 616.006581306458 678.294208526611 758.017250061035 784.639984130859 672.811790943146 827.465240478516 791.981460571289 696.540784835815 720.868766784668 698.237468719482 712.049320220947 780.69898223877 694.731405258179 743.949317932129 640.499044418335 821.452651977539 707.133650779724 551.022941589355 635.413131713867 726.460621833801 538.177551269531 655.53377532959 732.513103485107 704.634656906128 866.515668869019 1083.72091674805 753.315994262695 763.497573852539 827.46072769165 885.159652709961 695.236785888672 697.993827819824 800.713226318359 1009.46027374268
709.102714538574 592.301811218262 560.306434631348 696.408563613892 736.73849105835 679.371685028076 641.907115936279 691.658191680908 817.084411621094 855.283340454102 788.169342041016 732.601469039917 699.132804870605 532.810935974121 589.707811355591 648.493899345398 718.694046020508 646.16303050518 697.433116912842 749.216842651367 626.764122009277 600.997711181641 745.123908996582 663.039481163025 626.135429382324 690.847901344299 843.747848510742 688.918292999268 766.148246765137 678.060123443604 611.887508392334 652.52414894104 626.746829986572 537.194534301758 611.700645446777 548.418746948242 621.456405639648 690.951854705811 647.87572479248 691.782793998718 785.858629226685 796.096893310547 774.088005065918 726.050704956055 654.182968139648 559.454223632812 545.113998413086 557.531982421875 820.547603607178 701.623115539551
727.325798034668 637.547882080078 463.298370361328 462.591842651367 677.213134765625 552.194122314453 573.190119743347 643.827831268311 818.599449157715 730.804088592529 669.173511505127 658.7795753479 480.566116333008 595.227027893066 703.387356758118 716.043079376221 563.657699584961 659.524007439613 816.194641113281 675.509576797485 563.566818237305 582.434585571289 670.602477073669 714.043617248535 610.987358093262 663.22981262207 682.638726234436 573.661178588867 582.684844970703 623.002838134766 686.236142516136 724.902473449707 545.38744354248 728.035810470581 703.383592605591 624.49292755127 726.11775302887 658.173301696777 536.09391784668 617.697463989258 952.590763092041 872.731056213379 861.023342132568 1159.01935195923 882.209350585938 704.483901977539 755.985084533691 795.803743362427 857.113723754883 1067.73916625977
592.215602874756 660.839572906494 461.355697631836 437.471466064453 559.125648498535 593.124485015869 493.251708984375 597.515815496445 733.478561401367 789.415084838867 588.3564453125 615.310493469238 690.083713531494 658.443347930908 833.214767456055 756.974540710449 798.623916625977 652.119785308838 624.405334472656 688.567726612091 654.924209594727 628.691864013672 634.213275909424 578.63549041748 630.252643585205 724.390327453613 579.706756591797 420.325866699219 649.626853942871 671.529050827026 566.831611633301 629.727573394775 657.762943267822 790.975448608398 850.990539550781 831.957664489746 744.146192550659 517.856094360352 579.10408782959 780.988399505615 607.556045532227 1188.12411117554 1135.32030487061 831.076972961426 834.472644805908 703.254951477051 821.896156311035 925.850490570068 1158.47938537598 767.496688842773
523.742942810059 547.469436645508 577.058307647705 590.302146911621 613.151271820068 652.853210449219 666.112160682678 624.520324707031 714.521617889404 755.742027282715 809.943977355957 781.186958312988 719.174758911133 759.521583557129 659.724277496338 613.782775878906 744.066551208496 601.694622039795 595.187400817871 727.422565460205 736.845441818237 645.053020477295 681.317413330078 690.925653457642 811.351470947266 662.242790222168 587.902336120605 659.970943450928 603.611358642578 723.591388702393 649.143749237061 581.981140136719 748.181591033936 701.830024719238 805.119956970215 741.256523132324 652.923051834106 438.708648681641 610.257095336914 732.778343200684 605.146022796631 778.63990020752 1060.91965103149 773.511444091797 1050.59585571289 806.972208023071 1076.08949279785 889.10795211792 692.544609069824 659.267517089844
689.648097991943 567.595668792725 548.962905883789 579.816478729248 547.481452941895 649.417922973633 754.380104064941 678.520887374878 620.977306365967 625.793946743011 532.667709350586 730.587427139282 894.118392944336 711.42716217041 539.859268188477 510.711608886719 712.356006622314 628.710514068604 652.753147125244 768.284736633301 785.31175994873 629.292591094971 572.227447509766 687.043458938599 739.943042755127 535.732147216797 659.498390197754 645.388633728027 638.373275756836 518.42073059082 668.47491645813 716.245504379272 645.175048828125 607.009792327881 663.526844024658 663.469745635986 584.255756378174 543.293060302734 564.283363342285 758.801494598389 724.830198287964 827.547157287598 843.490174770355 933.267974853516 586.0751953125 769.295364379883 1152.22621154785 719.106079101562 737.156402587891 685.778366088867
674.79271697998 639.508879184723 553.37557220459 526.738166809082 631.814252376556 602.441274642944 682.699630737305 753.620933532715 825.23664855957 746.707489013672 596.237354278564 610.007682800293 741.41780090332 709.046821594238 642.853626251221 543.067321777344 672.968096852303 608.071468353271 647.763919830322 772.719539642334 745.408477783203 686.056529998779 678.6299700737 801.875427246094 600.353248596191 712.247936248779 699.5751953125 789.002571105957 684.850325584412 530.123199462891 647.627145767212 711.995275497437 726.61602973938 628.513999938965 676.088035583496 669.890674591064 642.52476978302 579.150512695312 768.555709838867 724.53825378418 580.804397583008 822.071712493896 619.645584106445 631.844085693359 913.8442735672 685.92155456543 1006.89881896973 658.846496582031 696.65503692627 857.45040512085
558.573936462402 590.575916290283 525.712203979492 557.494064331055 690.61088180542 616.364067077637 729.542175292969 732.002906799316 768.594734191895 901.073516845703 632.243081092834 630.521276473999 604.863151550293 603.176582336426 713.077270507812 725.225936889648 718.149917602539 620.591426849365 609.14571762085 719.590961456299 673.694296598434 596.10717010498 600.936416625977 622.34211730957 604.048843383789 694.338779449463 655.727294921875 619.307861328125 625.077545166016 684.058380126953 606.533103942871 651.20325088501 713.959083557129 717.612657546997 654.075744628906 699.189488887787 731.009002685547 643.322917938232 756.908836364746 874.245719909668 677.759788513184 842.63102722168 613.871974945068 699.701293945312 772.895492553711 656.670562744141 675.498340606689 669.758239746094 808.791030883789 867.901550292969
663.057830810547 663.513000488281 551.594169139862 575.860023498535 583.602073669434 614.238457560539 741.632057189941 589.476707458496 789.3759765625 776.220832824707 772.646835327148 674.811992645264 579.07495880127 647.702196121216 675.988107681274 596.708198547363 672.433143615723 571.977737426758 616.699446558952 522.382751464844 703.574145913124 576.67259979248 561.530418395996 551.087173461914 605.272277832031 620.186660766602 527.461074829102 592.830116271973 623.392028808594 532.56477355957 625.776016235352 666.287756919861 729.822014808655 753.462688446045 785.723602294922 754.724250793457 680.244630455971 610.984329223633 570.401092529297 800.985496520996 739.528697967529 1040.923828125 524.820892333984 646.254989624023 1025.91431427002 663.896682739258 1026.97765350342 714.69750213623 800.265075683594 646.149475097656
667.175100326538 716.192764282227 540.580272674561 548.599922180176 529.326599121094 624.988557815552 565.776405334473 706.658836364746 681.673694610596 581.026691436768 672.643045425415 711.999485015869 701.498035430908 963.206058502197 893.860809326172 633.925678253174 874.652423858643 728.252479553223 551.290321350098 532.279251098633 594.07479095459 627.505550384521 587.207122802734 902.054366111755 496.09748840332 642.537658691406 520.853721618652 745.30562210083 650.471946716309 524.437377929688 621.403137207031 511.426559448242 634.353424072266 736.222692012787 787.007865905762 766.091941833496 636.747451782227 672.77494430542 576.963287353516 846.194416046143 567.858123779297 593.095825195312 610.474899291992 599.621437072754 852.24596786499 805.411224365234 672.102584838867 828.345809459686 784.766132354736 726.73807144165
603.243728637695 662.428707122803 741.160140991211 453.934600830078 657.920299530029 615.741606712341 579.675003051758 562.152137756348 683.90044593811 719.174346923828 738.81079864502 713.071922302246 628.355313301086 642.179351806641 513.55940246582 592.342758178711 645.474445343018 612.037021636963 680.48762512207 876.674835205078 555.063217163086 583.470603942871 683.501810073853 584.778938293457 754.812213897705 695.014399051666 913.117568969727 746.654426574707 715.737652778625 649.310585021973 571.608413696289 777.977474212646 786.100597381592 833.943702697754 750.164749145508 670.055709838867 668.720607757568 714.983619689941 602.538429260254 845.164047241211 1133.19169616699 595.205574035645 960.875305175781 759.800205230713 595.957225799561 692.70531463623 632.930389404297 788.258050918579 750.842391967773 1260.70863342285
775.766792297363 786.305969238281 746.386650085449 597.168334960938 699.408683776855 694.900497436523 567.02783203125 812.493118286133 706.59935760498 696.692684173584 652.312049865723 805.609352111816 665.490783691406 463.176979064941 465.068817138672 608.803192138672 651.99210357666 701.350036621094 612.281406402588 805.114593505859 823.971496582031 593.743263244629 1240.19508361816 564.228660583496 775.989051818848 699.142887115479 776.788696289062 905.68196105957 846.283706665039 800.138114929199 722.850789070129 721.246969223022 844.368804931641 736.698023796082 721.22388458252 686.604785919189 763.771553039551 699.21594619751 624.94873046875 1066.57000732422 664.705001831055 732.122967720032 681.161186218262 1510.54130554199 703.54248046875 1787.4725189209 672.375549316406 729.602157592773 1013.47760391235 847.136684417725
1257.4494934082 958.570449829102 813.904390335083 770.880809783936 751.333000183105 595.514930725098 613.643306732178 781.910858154297 758.015068054199 643.455047607422 603.271293640137 1013.75581359863 773.938423156738 606.150146484375 702.181098937988 1144.88447999954 1012.87445831299 654.893468856812 649.24266242981 709.699279785156 681.791917800903 682.050893783569 546.186470031738 660.30265045166 678.910079956055 766.30973815918 702.051177978516 757.63720703125 719.830619812012 741.531042098999 733.957329750061 606.460327148438 783.366828918457 727.851716995239 676.921360015869 683.673851013184 606.469345092773 665.681243896484 641.780490875244 814.65062046051 539.39729309082 661.429382324219 689.252174377441 451.352203369141 946.782653808594 1031.91251373291 768.759628295898 809.880106449127 869.34105682373 704.928253173828
