simdem/realisation46.asc
NCOLS 350 
NROWS 171 
XLLCORNER 152620 
YLLCORNER 418050 
CELLSIZE 100 
NODATA_value -9999 
[rows 22 to 43 of 171, columns 200 to 249 of 350]
717.615598678589 767.432823181152 661.693567276001 710.317150115967 640.840766906738 555.941795349121 709.192415237427 760.787673950195 840.161712646484 733.219142913818 635.725196838379 575.576148986816 698.568655967712 619.037467956543 507.270858764648 580.26766204834 731.911777496338 752.533744812012 802.075912475586 555.681205749512 658.753963470459 740.726692199707 738.172080993652 680.530128002167 753.28454208374 788.838050842285 770.187505722046 669.788473129272 635.059707641602 787.55823135376 587.069351196289 673.361869812012 641.606048583984 819.384223937988 751.238159537315 730.423429489136 791.500276565552 770.090548917651 700.49271774292 819.303592681885 715.138988494873 880.893890380859 709.799175262451 776.381488800049 760.586200714111 1288.1484375 668.315185546875 830.554151535034 873.637210845947 874.398098945618
679.081632852554 717.363334655762 656.432315826416 890.80778503418 755.802040100098 589.255874633789 616.239200592041 718.615394592285 716.099151611328 725.899307250977 610.026859283447 536.951889038086 591.165679931641 494.423645019531 613.003135681152 575.862083435059 693.928024291992 754.639625549316 632.853679656982 518.183151245117 650.69690322876 642.452789306641 658.406757354736 649.023143768311 704.492218017578 802.858638763428 802.414318084717 667.473846435547 766.445106506348 815.974449157715 895.214294433594 748.693911552429 683.863300323486 659.561805725098 838.026702880859 833.679756164551 791.785778045654 806.616981506348 795.60860824585 677.769180297852 889.423690795898 643.017524719238 723.612113952637 680.486640930176 770.137699127197 819.254476547241 903.26968562603 1016.81988143921 811.058780670166 1316.67563056946
648.390970230103 660.224536895752 727.828311920166 753.729995727539 726.298065185547 658.73785161972 659.809932470322 782.589096069336 651.22732925415 710.757995605469 648.501243591309 599.255859375 529.511543273926 671.372602462769 624.141575813293 629.712162017822 720.03645324707 806.369934082031 627.264030456543 668.09002161026 732.980049133301 782.400161743164 648.852663040161 635.186958312988 734.755729675293 667.343902587891 675.982070922852 1017.07315254211 766.455673217773 854.612075805664 669.231758117676 781.448833465576 799.534446716309 749.411791801453 800.91675567627 821.85880279541 890.054489135742 860.082328796387 706.155597686768 748.00122833252 753.651298522949 815.081023216248 873.781509399414 667.847152709961 818.701482534409 858.763153076172 875.335649490356 836.301074981689 972.916213989258 783.409591674805
612.009899139404 693.457790374756 689.235931396484 783.553741455078 746.791191101074 637.898260116577 569.932350158691 713.723678588867 766.704475402832 835.663642883301 844.115905761719 700.280860900879 604.047981262207 531.21427154541 474.719802856445 507.155330657959 689.99690246582 614.767753601074 519.166404724121 590.643821716309 816.198532104492 805.584747314453 610.580528259277 665.857956886292 833.685806274414 676.216915130615 875.823799133301 702.889183044434 668.194868087769 790.437294006348 818.778984069824 762.900104522705 732.163032531738 852.407218933105 757.138813018799 807.163009643555 712.1042137146 745.626758575439 806.839920043945 733.550523757935 779.703685760498 906.201644897461 931.13224029541 850.719104766846 928.059501647949 989.175094604492 1052.75285339355 939.284660339355 916.866798400879 992.257751464844
635.14196151495 626.210279464722 672.322742462158 737.736328125 704.411575317383 640.039979934692 726.386444091797 769.805923461914 591.175548553467 724.539833068848 624.525566101074 525.70792388916 672.346664428711 626.577121734619 444.463859558105 631.912160634995 648.691569328308 583.347536087036 563.464805603027 505.865756988525 643.369472503662 653.697017669678 686.016128540039 746.385108947754 683.799964904785 782.512802124023 693.912628173828 723.585064649582 773.809234619141 733.225593566895 614.110389709473 665.692535400391 846.788497924805 931.899154663086 759.400579452515 838.21312713623 702.592216491699 836.765426635742 801.901016235352 665.719078063965 737.521566390991 869.105079650879 866.662200927734 832.31485748291 886.61462020874 1085.61676025391 1042.4966583252 911.326860427856 887.975910186768 902.197647094727
616.062547683716 612.397478103638 693.366027832031 804.382431030273 753.020156860352 660.281768798828 693.148414611816 580.616470336914 542.708374023438 691.282608032227 672.302837371826 625.509757041931 766.644866943359 576.631408691406 548.969858169556 649.770767211914 587.270889282227 483.486595153809 621.452110290527 694.115829467773 687.57731628418 627.469524383545 745.763763427734 681.311664581299 646.395542144775 621.636070251465 743.773261070251 804.420356750488 774.801399230957 659.471736907959 803.981872558594 759.359531402588 846.525665283203 800.73836517334 839.727676391602 865.570419311523 842.473449707031 784.848091125488 774.764629364014 786.40177154541 739.036123275757 809.985366821289 924.829216003418 795.781537055969 846.449045181274 822.580211639404 961.365386962891 856.714287757874 802.243505477905 876.470138549805
689.025588989258 739.480224609375 569.678106307983 483.147308349609 694.139923095703 575.072937965393 637.004669189453 721.300598144531 628.166702270508 620.612087249756 562.509080886841 696.574783325195 674.181303739548 662.232139587402 635.73067855835 668.379409790039 816.162521362305 666.761047363281 554.653714179993 486.32479095459 659.020448684692 685.516920089722 707.642795562744 648.772325515747 685.661535263062 475.844787597656 685.991374969482 666.50612449646 713.584487915039 474.996917724609 642.877666473389 648.489253997803 764.414726257324 773.600967407227 728.965569496155 719.975757598877 711.018503189087 776.554908752441 839.894874572754 895.042053222656 827.187210083008 823.557216644287 830.103988647461 887.089225769043 743.769752502441 738.032863616943 834.182173728943 918.451683044434 901.097869873047 974.785308837891
583.719875812531 646.833770751953 376.290298461914 536.283409118652 529.599617004395 544.454872131348 586.031015872955 523.606437683105 747.587066650391 518.108016967773 552.454532623291 749.385513305664 692.699733734131 577.999279022217 738.389694213867 649.797210693359 620.141807556152 595.005466461182 451.814453125 528.612273216248 682.656379699707 634.288204193115 670.810749053955 632.469455718994 587.604553222656 612.634796142578 502.679138183594 677.307194232941 662.211101531982 673.830996274948 709.580167770386 747.722984313965 766.988227844238 651.943557739258 633.584007263184 898.86637878418 723.866149604321 833.590911865234 783.095268249512 799.31432723999 804.074321746826 716.934768676758 763.646019935608 784.086124420166 723.973918914795 777.491680145264 844.825865507126 859.803081512451 957.830795288086 881.723594665527
556.383953094482 609.965381622314 694.251068115234 546.174945831299 511.609642028809 607.187948226929 500.589546203613 569.682991027832 638.44263458252 654.733219146729 700.283561706543 724.904830932617 675.009777069092 563.461431503296 570.892997741699 616.372467041016 659.248031616211 716.32893371582 616.804222106934 529.955787658691 512.031829833984 679.96463394165 595.471206665039 588.384780883789 653.181077003479 468.054046630859 383.830963134766 628.81489944458 759.390449523926 521.522583007812 517.606033325195 584.612358093262 546.380661010742 667.684200286865 623.861061096191 666.944976806641 746.440330505371 959.2197265625 845.835739135742 846.81608581543 754.229464769363 821.918060302734 821.96342420578 747.177841186523 817.854412078857 827.693023681641 779.997745990753 901.291511535645 819.452037811279 705.194923400879
581.157634735107 347.871047973633 581.851821899414 541.35884475708 718.538017272949 608.963151931763 550.14554977417 573.940545082092 664.666015625 705.307464599609 614.912156105042 658.101558685303 612.272443056107 489.741470336914 406.431358337402 515.490951538086 495.330963134766 599.708385467529 495.264389038086 498.182622909546 705.283981323242 584.418731689453 624.647228240967 546.099754333496 757.163475036621 597.517356872559 465.942321777344 566.550643920898 614.387437820435 558.301811218262 604.530269622803 429.304046630859 499.774108886719 718.716077804565 593.972969055176 657.198608398438 798.273170471191 720.747779369354 792.993965148926 845.846328735352 719.112425327301 761.866483688354 847.070159912109 742.91431427002 741.548589706421 789.847776293755 603.386581420898 684.571434020996 692.483695983887 872.451957702637
513.66268157959 556.150743484497 678.720909118652 672.765678405762 660.322860717773 591.546469688416 769.472854614258 701.062805175781 705.511520385742 585.437247753143 551.953182220459 673.395690917969 648.187255859375 609.351338505745 562.319999694824 509.444986701012 381.886856079102 481.416999816895 631.65242767334 546.130505561829 608.818681716919 545.734794616699 571.615081787109 597.942806243896 597.000011444092 641.933240890503 627.200061798096 582.16268157959 623.213092803955 661.565629959106 801.541709899902 715.904373168945 653.476742744446 689.32788848877 617.358283996582 594.217895507812 831.202682495117 721.986499547958 783.716514587402 869.116592407227 716.299043655396 760.8267993927 686.0885887146 706.094581604004 679.968696594238 781.441113948822 712.968952178955 773.296964645386 700.828993797302 753.816635131836
462.680038452148 609.228538513184 635.425518035889 741.744338989258 673.985336303711 605.488277435303 628.527969360352 640.120525360107 604.179010391235 671.977272033691 629.475318908691 616.815572738647 523.934783935547 675.328810691833 476.832931518555 548.541912078857 321.395141601562 597.0022315979 701.645362854004 597.440715789795 698.803359985352 604.607210159302 587.72896194458 599.540176391602 602.05131149292 763.024108886719 736.554069519043 711.695056915283 727.988468170166 729.060356140137 781.980751037598 669.80522441864 635.908100128174 765.27685546875 679.890907287598 607.185737609863 739.903209686279 719.704846858978 786.040176391602 779.496463775635 651.715705871582 589.791442871094 722.735939025879 708.249918937683 688.308013916016 780.490406513214 797.490303039551 709.855926513672 835.642242431641 925.277877807617
534.776769638062 553.319702148438 602.304740905762 731.603927612305 660.881057739258 580.020952224731 505.363235473633 649.648143768311 612.770269393921 625.337093353271 672.008689880371 627.080635070801 716.978950500488 774.387023925781 571.086025238037 485.227249145508 413.473777770996 603.884405136108 713.467407226562 540.107063293457 676.643890380859 605.215137481689 675.008872509003 664.51139831543 673.085186004639 697.720115661621 698.893508911133 655.431547164917 619.344921112061 706.996536254883 684.484624862671 577.837333679199 685.423980712891 860.594757080078 785.584953308105 577.916175842285 507.781829833984 633.986137390137 794.378337860107 770.103549957275 717.849581956863 698.046775817871 613.48063659668 738.436162948608 753.598644733429 822.246410369873 684.932819366455 624.018814086914 694.849548339844 761.149246692657
577.696258544922 582.315273284912 631.874328613281 581.577491760254 711.379302978516 534.321640014648 516.273387908936 607.626686096191 669.470199584961 607.213977813721 780.706756591797 722.322587966919 623.353034973145 557.072044372559 539.300025939941 440.934543609619 335.043975830078 679.500442504883 632.920654296875 579.708194732666 616.123870849609 584.603614807129 536.31665802002 670.950382232666 649.172424316406 667.381031036377 514.348083496094 668.353414535522 761.338256835938 629.849636077881 663.789039611816 863.987609863281 671.045157432556 766.15544128418 712.868497848511 532.398254394531 619.09529876709 623.15217590332 737.539144277573 677.899200439453 638.827301025391 686.798347473145 668.466766357422 716.130853652954 709.445468902588 817.681930541992 761.326001167297 689.918899536133 668.366058349609 748.231029510498
481.771381378174 542.212342262268 681.992118835449 665.156585693359 652.989959716797 592.469128608704 526.93155670166 537.957672119141 591.734557151794 683.846092224121 583.236682891846 1346.49851226807 594.369029998779 511.096206665039 684.204082489014 642.087780714035 687.693828582764 606.195609092712 490.277763366699 594.723123550415 647.612210273743 483.329025268555 404.51545715332 410.567581176758 515.345336914062 678.369792938232 717.212448120117 666.732421875 623.810749530792 589.682258605957 617.728900909424 720.655853271484 730.872634887695 717.205627441406 708.85821723938 531.355804443359 649.933959960938 750.424730300903 773.620681762695 718.495700836182 692.031558990479 773.689746856689 707.914659500122 585.213073730469 763.015636444092 725.094957351685 718.260404586792 613.174652099609 700.060436248779 663.029266357422
496.66121673584 577.637575626373 600.111688613892 561.845726966858 609.589416503906 635.346817016602 608.640238761902 450.189811706543 509.775108337402 573.423342704773 458.426956176758 989.148193359375 701.415969848633 727.696929931641 564.278015136719 651.532768249512 629.665751457214 555.270729064941 651.422752380371 659.118209838867 461.420928955078 471.321243286133 624.935128211975 512.028045654297 666.940200805664 621.363644838333 611.445837020874 607.531749725342 609.438488006592 714.240253448486 733.16130065918 779.036926269531 809.421051025391 628.316110610962 700.585180282593 622.163736343384 773.95140838623 512.912857055664 624.221534729004 651.176742553711 771.572645187378 765.528026580811 779.336483001709 543.889724731445 798.366924285889 772.809364318848 569.01969909668 684.765480041504 781.578685760498 652.85986328125
588.805583953857 520.462802886963 505.333080291748 620.210067749023 632.594848632812 592.034210205078 618.105098724365 593.842105865479 647.004955291748 666.735061645508 560.590110778809 685.387748718262 538.053665161133 629.668807983398 607.237302780151 693.231819152832 619.006839752197 656.26171875 596.690809249878 501.955467224121 431.527359008789 442.703857421875 653.582206726074 728.571975708008 577.334976196289 554.113815307617 596.179382324219 692.736175537109 680.350231170654 711.28736114502 666.877691268921 681.392614364624 734.741981506348 532.536743164062 764.535232543945 718.291023254395 649.013185501099 532.298873901367 712.841985702515 637.705722808838 695.254002571106 772.092357635498 701.426731109619 707.778973579407 750.278553009033 752.201078414917 689.091011047363 648.130073547363 713.128087997437 848.612701416016
547.861253738403 527.632827758789 603.282577514648 538.301589012146 630.272212982178 622.267139434814 555.779515266418 615.150018692017 674.49471282959 566.757284164429 620.603141784668 703.322143554688 655.738735198975 592.117373466492 605.256147384644 588.483390808105 541.943092346191 642.440677642822 647.845973968506 586.271484375 563.485687255859 672.477199554443 677.455615997314 597.370433807373 591.220384597778 737.325717926025 649.84708404541 518.412101745605 651.353881835938 723.433326721191 676.921916484833 690.332691192627 748.26732635498 627.779455184937 664.094470977783 602.996116638184 505.001007080078 698.846059799194 672.758909225464 794.782768249512 626.302536010742 776.948127746582 744.598529815674 741.910144805908 687.179153442383 709.941345214844 792.484725952148 709.716117858887 757.058967590332 731.123411178589
594.18851852417 693.431655883789 528.037536621094 665.606330871582 687.448829650879 669.006103515625 531.164493560791 566.384523391724 500.440452575684 693.456985473633 675.35417175293 651.788379669189 660.355403900146 602.723760604858 764.830108642578 733.942504882812 672.505897521973 626.908470153809 770.966796875 640.661513328552 682.101272583008 744.527763366699 681.799823760986 589.983821868896 622.872392654419 686.817428588867 608.152640342712 574.306930541992 592.468040466309 549.254302978516 571.860816955566 692.818229675293 522.417114257812 641.942940473557 641.637411117554 646.436653137207 635.956321716309 629.531684875488 651.158554077148 684.950038909912 670.75825881958 627.432823181152 695.478368759155 707.35304069519 656.604423522949 752.052661895752 812.067245483398 758.693519592285 690.696334838867 470.460739135742
535.176816940308 557.627393722534 689.722137451172 589.110457420349 738.816436767578 663.855056762695 626.829849243164 599.369434356689 532.805599212646 581.626515388489 623.842761993408 552.71310043335 591.79524230957 640.52592086792 541.361015319824 683.676902770996 784.891448974609 518.765312194824 604.130135536194 713.117385864258 634.359280824661 465.862426757812 628.1997423172 520.799980163574 536.57251739502 597.915921211243 588.527759552002 619.141145706177 687.889965057373 630.533284187317 512.772384643555 632.290924072266 571.491493225098 580.196983337402 770.137802124023 575.407440185547 605.074569702148 760.743019104004 581.581832885742 720.798593521118 809.477638244629 775.893465042114 738.615617752075 710.103213310242 745.460544586182 809.364395141602 869.22509765625 853.813873291016 632.311393737793 499.462387084961
595.594696044922 596.81217956543 511.512939453125 629.423961639404 645.676628112793 644.901931762695 542.917505264282 431.161407470703 519.123901367188 632.580768585205 521.982524871826 531.182813644409 538.730274200439 479.000503540039 467.795783996582 511.419586181641 571.793148994446 703.565093994141 703.973426818848 605.931122779846 519.582496643066 629.340099334717 709.467094421387 504.565269470215 684.497894287109 726.31436920166 608.332178115845 688.406116485596 594.984142303467 616.967435836792 769.435981750488 626.830410003662 531.223510742188 615.62230682373 732.881660461426 542.361755371094 505.603546142578 773.585830688477 751.504325866699 792.0654296875 788.294334411621 734.034240722656 619.720329284668 777.968376159668 815.751998901367 716.532489776611 896.588302612305 767.148780822754 656.85396194458 693.394012451172
619.831809997559 601.470409393311 653.871269226074 641.68408203125 523.660522460938 562.964769363403 470.404083251953 502.183650970459 490.545478820801 567.587769508362 681.698482513428 710.699974060059 592.170300483704 605.164285123348 506.788864135742 506.959114074707 584.729503631592 564.914047241211 626.078113555908 730.55046081543 646.552532196045 694.525505065918 672.877815246582 650.27508354187 601.65820980072 564.532726287842 528.45435333252 615.417680740356 558.348159790039 640.192565917969 768.072738647461 723.932525634766 695.434057235718 584.720123291016 482.344329833984 474.906860351562 501.732574462891 645.499746322632 794.928131103516 703.439722061157 752.286254882812 788.859687805176 562.355400085449 739.144710540771 696.965730667114 801.667938232422 793.151161193848 748.233219146729 726.688669204712 698.742443561554
