simdem/realisation89.asc
NCOLS 350 
NROWS 171 
XLLCORNER 152620 
YLLCORNER 418050 
CELLSIZE 100 
NODATA_value -9999 
[rows 22 to 43 of 171, columns 200 to 249 of 350]
679.514554977417 694.399438858032 621.915752410889 676.186393499374 566.960876464844 555.35652923584 629.008403778076 749.89045715332 629.885356903076 632.793346405029 664.044596672058 599.518676757812 607.121467590332 552.677429199219 556.890983581543 560.365623474121 563.581207275391 670.948246479034 721.90104675293 684.090793609619 728.115116119385 719.483921051025 686.391602516174 813.639434814453 655.15991973877 812.417007446289 783.540046691895 756.968994140625 644.13357925415 731.803133964539 778.266635894775 748.174285888672 864.485397338867 813.421676635742 702.136737823486 658.797065734863 726.578598022461 723.170616149902 850.75749206543 794.941475868225 751.360383033752 782.790874481201 701.20348739624 888.874706268311 686.995971679688 1287.67362213135 699.779884338379 723.591278076172 752.863006591797 748.579177856445
675.659806251526 811.30891418457 775.785079956055 730.509979248047 703.939445495605 616.606224060059 613.513069152832 700.630756378174 728.408897399902 751.413192749023 633.843837738037 546.037506103516 596.822402954102 509.641860961914 570.176704406738 715.590769767761 793.800109863281 699.922542572021 719.704048156738 633.295665740967 728.358615875244 759.886497497559 599.580902099609 694.355118751526 619.077178955078 786.96549987793 719.691291809082 683.663003921509 730.776466369629 765.574356079102 767.115788191557 710.172874450684 819.073265075684 673.505821228027 703.031650543213 755.568712472916 640.230094909668 692.358253479004 691.928077697754 717.180614471436 869.709083557129 802.444667816162 740.856309890747 685.504905700684 778.845325469971 914.010765075684 869.609283447266 906.932121276855 743.751926422119 1308.91096687317
679.042240142822 687.945394515991 733.380443572998 816.715156555176 739.21265411377 528.97981262207 683.326417922974 725.471103668213 749.040740966797 654.908275604248 826.039505004883 698.008731842041 649.192682266235 694.761992454529 716.61157989502 625.042980194092 689.111980438232 826.938323974609 761.121726989746 643.274534225464 506.383895874023 601.208541870117 566.586982727051 693.757383346558 608.027961730957 679.241928100586 701.197341918945 841.075546264648 560.017654418945 724.796859741211 795.71736907959 703.279998779297 638.258163452148 770.204572677612 646.617347717285 673.626556396484 708.412014007568 865.895690917969 755.815463781357 762.188206672668 822.345737457275 807.709374785423 767.863395690918 847.667407989502 756.08251953125 855.49080657959 866.445880889893 899.777660369873 969.514045715332 716.121501922607
622.509704589844 727.178112030029 683.366334915161 746.421592712402 655.336402893066 490.346176147461 655.52756690979 631.571691513062 549.298477172852 700.497272491455 892.366607666016 628.775800704956 603.063987731934 561.181259155273 649.112617492676 564.742559432983 777.209403991699 686.93475151062 781.030700683594 643.567077636719 664.301732063293 661.477279663086 701.944881439209 614.222587585449 491.529418945312 730.639725863934 762.599679946899 744.719202041626 614.160057067871 783.117660522461 667.982215881348 702.737957954407 656.381374359131 664.697158813477 682.169166564941 691.503005981445 736.242698669434 642.645545959473 772.602535247803 724.565563201904 772.324132919312 786.241766929626 864.156356811523 798.891875267029 873.232925415039 855.887723922729 903.629611968994 886.671767234802 1051.08178710938 882.782413482666
656.580812454224 665.788356781006 624.821061372757 681.372756958008 692.879981994629 617.751495838165 684.977340698242 744.355499267578 637.632314682007 665.148151397705 595.609838485718 632.426383972168 655.934146881104 658.917285919189 585.148120880127 771.083343505859 586.402534484863 402.687881469727 580.958305358887 606.857803344727 685.069639205933 529.890808105469 733.401786804199 670.943891029805 685.775301516056 830.618343353271 642.923385620117 624.067596435547 862.613845825195 845.14973449707 710.14181804657 602.239944458008 657.3330078125 678.224182128906 709.428670883179 834.034950256348 719.747060775757 641.887519836426 727.504873275757 626.54069519043 676.606796264648 786.863403320312 899.218994140625 745.162815093994 902.869438171387 887.697978973389 758.793014526367 843.897438049316 935.600357055664 839.736475467682
608.213436126709 541.412563323975 508.626373291016 530.120651245117 526.997383117676 654.691688537598 677.835098266602 711.062484741211 573.156463623047 479.842666625977 624.788103103638 576.233112335205 642.260957717896 529.00728225708 643.353782653809 613.222198486328 685.759384155273 459.460350036621 467.172798156738 581.290801763535 848.393264770508 715.493179321289 831.741729736328 587.325462341309 588.371849060059 608.436256408691 707.031705856323 681.458716392517 757.776546478271 938.252593994141 803.073616027832 792.499069213867 823.922576904297 862.161270141602 695.243549346924 811.692977905273 781.873139381409 685.935718536377 825.849151611328 725.600292205811 780.095729827881 838.05500793457 946.476791381836 735.839546203613 887.849872589111 863.380365371704 928.178092956543 841.570937693119 825.137117385864 883.97477722168
515.18106842041 464.051605224609 529.688068389893 554.258703231812 600.983986854553 564.979084014893 654.904502868652 433.716857910156 539.653053283691 503.329315185547 591.451072454453 525.551651000977 687.678904533386 486.419784545898 580.973769426346 512.230222702026 642.552235603333 470.531646728516 645.40015411377 498.401222229004 801.631134033203 766.174247741699 616.889255523682 499.171600341797 640.758979797363 529.626113891602 703.586992263794 625.679576873779 680.829523921013 950.505020141602 752.168991088867 689.242343187332 622.106521606445 619.79842376709 654.188255310059 690.481784820557 868.147384643555 718.714460372925 789.865119934082 890.32649230957 729.184299468994 774.047655105591 742.298160552979 765.513179779053 811.899066925049 722.556915283203 780.581985473633 916.389587402344 910.279541015625 746.960597991943
532.794311523438 585.37633895874 644.749961853027 550.377616882324 427.976959228516 538.295707702637 570.994304656982 636.391345977783 513.433773040771 613.171768188477 645.484596252441 658.722585678101 609.343448638916 519.829128265381 584.502738952637 438.547367095947 387.536361694336 570.719932556152 557.796440124512 679.797821044922 616.765642166138 603.98365020752 588.6589012146 483.406631469727 540.189231872559 547.539276123047 688.108203887939 623.844989776611 680.897841930389 687.922071456909 713.692197799683 760.604316711426 581.747978210449 521.862213134766 704.478017807007 827.759841918945 702.871957778931 807.111305236816 842.95344543457 624.106025695801 672.75080871582 848.685386657715 724.479175567627 719.94905090332 757.168108940125 774.520767211914 782.073379516602 873.477809906006 808.458720207214 787.465133070946
677.640953063965 493.339202880859 583.469619035721 597.047504425049 594.409630775452 560.865434646606 595.255546569824 536.02405166626 559.245283126831 645.682712554932 635.172592163086 688.608337402344 781.046890258789 617.251876831055 542.153343200684 479.573855400085 492.973650095984 490.946174621582 596.752395629883 603.720989227295 794.227813720703 651.537456512451 606.276416778564 670.492897033691 490.991088867188 553.641212463379 660.570743560791 608.891284942627 777.900283813477 634.835941314697 805.437759399414 698.662622451782 764.61693572998 496.929275512695 679.487506866455 640.941558837891 622.861881256104 756.523487091064 735.643058776855 664.570739746094 798.981719970703 713.696662902832 743.23030090332 768.155302047729 822.217739105225 617.848205566406 730.73490524292 797.850736618042 1003.12705993652 893.632179260254
579.888645172119 564.625260353088 568.637348175049 662.884178161621 769.697891235352 691.365348815918 472.55640411377 546.253639221191 489.254501342773 587.682972431183 603.410229682922 762.898590087891 786.233840942383 729.60368347168 625.367401123047 448.156623840332 518.025489807129 592.287777900696 533.638370513916 459.398170471191 744.874084472656 710.446662902832 491.087203979492 675.52631187439 529.95393371582 421.414123535156 583.832847595215 654.589600771666 696.080551147461 642.378910064697 889.898910522461 780.933815002441 643.089611530304 740.723335266113 673.780694961548 732.942018508911 822.016799926758 637.72102355957 643.525268554688 734.421786546707 622.854454040527 807.034442901611 689.292274475098 584.739349365234 735.583183288574 729.995845794678 729.577556610107 670.167709350586 947.729187011719 667.548980712891
479.521507263184 497.354232788086 630.765983581543 429.892456054688 690.04141998291 627.97806930542 521.445072174072 503.544914245605 538.535511016846 569.966519355774 784.185989379883 676.824241638184 533.802108764648 675.723945617676 606.448554992676 520.969659805298 489.904724121094 525.045562744141 520.623207092285 509.108087539673 598.424655914307 555.342109680176 722.769668579102 653.140280246735 672.628926277161 590.400974273682 450.734985351562 672.578015327454 656.57431602478 681.433193206787 860.35432434082 696.852081537247 685.014503479004 663.196349143982 674.185873031616 600.472808837891 628.913124084473 652.82243347168 714.165000915527 600.435241699219 670.380485534668 742.089523792267 686.517986297607 694.516277313232 741.56404876709 826.950000762939 727.532552719116 808.566541671753 828.892616271973 752.275680541992
476.71021270752 558.088239192963 690.846412658691 560.807312965393 686.919929504395 677.28694152832 575.309738636017 571.181652069092 588.443914294243 608.815277099609 681.007637023926 556.37865447998 534.588592529297 675.564276695251 462.761764526367 554.648307800293 548.659333229065 703.475624084473 681.462452769279 588.753253936768 582.682476043701 598.464191436768 802.531707763672 741.151443481445 709.185371398926 571.435615539551 610.986179351807 572.274070739746 565.35311126709 698.742542266846 838.78271484375 702.089979171753 672.299003601074 663.834579467773 697.235912322998 649.23844909668 742.619941711426 763.153133392334 645.081535339355 740.652665138245 871.745910644531 640.727684020996 708.837295532227 690.980079650879 714.128684997559 758.09557723999 748.72438955307 760.905595779419 817.08963394165 879.868125915527
477.547836303711 490.741371154785 574.585090637207 493.937591552734 547.706804275513 611.507465362549 787.560729980469 689.543176651001 529.90450668335 571.409372329712 538.498687744141 466.095436096191 716.195623397827 707.783835411072 556.258296966553 506.089101433754 433.998893737793 699.083000183105 643.534547805786 643.095627784729 630.270815610886 691.154647827148 659.367777824402 675.349029541016 598.863460540771 601.236423492432 645.164898023009 549.075706481934 645.636845588684 758.805717468262 870.368743896484 688.424535274506 778.084251403809 817.822357177734 718.83060836792 759.589210510254 631.095947265625 557.246231079102 720.223272323608 692.897644042969 744.622137069702 847.115531921387 795.09154510498 615.294464111328 744.38670539856 706.15406036377 743.093475341797 693.65599822998 810.972682952881 742.458211898804
396.646270751953 568.194803237915 639.922966003418 464.36799621582 581.74640750885 583.675879478455 547.444631576538 670.233406066895 578.903015136719 598.559381961823 612.376091003418 613.434356689453 671.001388549805 676.245131492615 538.150726318359 418.283325195312 440.507339477539 632.403754234314 642.968115329742 542.651611328125 603.324867248535 581.279266357422 513.895477294922 581.350704193115 766.380096435547 707.709266662598 688.824020385742 669.929151535034 622.723567962646 645.924308776855 673.641590118408 696.363191604614 759.271446228027 704.450054168701 718.36421585083 778.642379760742 695.59673833847 829.63264465332 626.399276733398 696.714749336243 787.723587036133 736.121580123901 708.942609786987 714.613086700439 743.801531791687 696.156345367432 738.739181518555 888.469314575195 838.734130859375 819.136917114258
573.369579315186 596.585605621338 631.569885253906 461.685333251953 686.177322387695 597.223134994507 693.792938232422 617.126205444336 624.597604751587 458.417320251465 561.591438293457 1152.99446868896 566.602188110352 694.471508026123 691.457105636597 524.809532165527 576.605842590332 557.14083480835 640.927688598633 636.247875213623 603.882137298584 683.046447753906 590.43775177002 627.105794906616 700.138038635254 782.264999389648 663.535814285278 645.733082771301 617.145783424377 683.052192687988 647.576908111572 635.634059906006 711.979930877686 660.835849285126 761.672790527344 738.707702636719 811.265350341797 740.42299747467 668.116527557373 826.22681427002 789.395908355713 757.742166519165 682.438140869141 645.708877563477 720.061302185059 727.743867397308 813.020172119141 846.11750793457 807.823921203613 879.535995483398
629.937522888184 574.773111104965 611.949831008911 377.918853759766 639.280143737793 614.054767608643 686.794372558594 627.880603790283 635.941295623779 391.540405273438 523.930648803711 1201.81369018555 734.319412231445 716.48974609375 625.154981613159 510.217636108398 522.957672119141 554.484191894531 622.398864746094 472.465599060059 719.047973632812 720.932769775391 515.523811340332 531.343879699707 630.373031467199 667.716804504395 597.15651512146 696.483432769775 712.254451751709 686.175397872925 697.365089416504 665.004842758179 743.2314453125 575.372535705566 680.594207763672 726.127578735352 739.131275177002 726.884773254395 799.532264709473 763.20983505249 771.592132568359 822.883995056152 719.549765110016 740.164082527161 745.994445800781 761.032270431519 806.486541748047 727.302392959595 689.035339355469 819.331954956055
688.856559753418 604.267517089844 614.06657409668 374.537048339844 615.803153991699 619.580476760864 587.564858675003 640.358955383301 617.328407287598 453.410858154297 575.279158592224 400.588485717773 466.468658447266 451.178253173828 551.867782592773 592.092920780182 508.066024780273 522.227653503418 606.72599029541 628.188907146454 574.630069732666 775.831649780273 747.519176483154 531.627380371094 705.180076599121 692.500350952148 689.78137588501 651.902158737183 715.297485351562 582.156890869141 520.656616210938 616.02303314209 633.186241149902 554.079765319824 710.924905776978 795.728080749512 723.265491485596 851.899856567383 830.472137451172 789.029937744141 835.880462646484 674.892837524414 728.653692245483 736.390470504761 733.269395828247 789.839698791504 741.150141716003 664.481224060059 721.199036598206 798.527519226074
552.530714035034 545.472234725952 588.478218078613 435.429969787598 407.27473449707 627.122436523438 524.566551208496 625.154468536377 447.599136352539 444.435974121094 566.173625946045 484.437782287598 493.049293518066 571.082441329956 611.720718383789 620.75643491745 577.829212188721 546.640571594238 557.685562133789 646.934972763062 614.089286804199 716.358123779297 700.915542602539 598.942182540894 572.603981018066 744.989479064941 598.894658565521 654.740368843079 704.263885498047 638.688496589661 641.010515213013 662.688019275665 640.249141693115 716.024612426758 528.17488861084 829.039321899414 717.119304656982 834.353332519531 784.28360748291 767.896209716797 780.530242919922 686.530918121338 594.272872924805 642.532455444336 791.989540100098 783.498790740967 699.756423950195 745.619701385498 730.963353157043 735.473934173584
577.267406463623 629.054962158203 518.773509979248 592.122856140137 556.526087760925 590.412190437317 663.874122619629 520.425933837891 406.596649169922 437.52734375 517.290237426758 565.547225952148 587.591675758362 750.167221069336 711.63500213623 689.88809967041 597.639600753784 545.770442962646 619.802358150482 624.55528986454 527.580993652344 692.244110107422 639.038382709026 583.771678924561 537.53263092041 644.556079626083 721.256690979004 804.75065612793 701.915996551514 618.431180953979 789.367523193359 683.712413787842 720.643775939941 709.330505371094 691.555820465088 740.518620491028 799.086853027344 754.078243255615 809.370018005371 664.098310470581 722.413743972778 675.732398986816 727.52236366272 749.556137084961 741.540146827698 697.578350067139 642.852390289307 705.292868852615 819.639030456543 572.709426879883
549.25269985199 607.866394042969 594.623943328857 540.745677947998 461.733932495117 537.772603988647 581.943745613098 454.22728729248 438.084548950195 477.949073791504 499.730239868164 605.461148738861 646.450805664062 619.628244400024 591.686237335205 683.523109436035 694.107780456543 599.119243621826 663.092533111572 484.706039428711 543.006195068359 567.119361877441 571.399341583252 668.005702972412 721.195541381836 635.730884552002 665.233299255371 664.752067565918 710.122146606445 637.23370552063 703.434368133545 653.594766616821 633.545691490173 640.874526023865 804.375881195068 686.024084091187 640.156770706177 693.884399414062 702.378786087036 734.312732696533 590.371604919434 684.799377441406 703.788069725037 740.739513397217 638.239639282227 727.425750732422 699.09635925293 786.088821411133 897.365417480469 721.116090774536
470.120407104492 432.501068115234 593.358638763428 374.290008544922 495.702354431152 510.366851806641 494.788948059082 492.23127746582 430.116622924805 436.496734619141 596.8961353302 531.51215171814 602.563079833984 634.031739354134 526.316471099854 708.345138549805 574.109649658203 568.44034576416 627.225513458252 470.506294250488 571.6188621521 588.166511535645 563.181312561035 643.140285491943 530.931282043457 672.226028442383 611.976104736328 740.166625976562 636.41361618042 550.523460388184 696.8461124897 641.848431587219 547.050689697266 705.524311065674 538.132270812988 513.107467651367 520.869125366211 560.688491821289 655.985977172852 653.509634017944 717.199918746948 606.908233642578 607.278831481934 606.895080566406 643.984771728516 872.885452270508 800.094024658203 873.486770629883 795.649047851562 749.140144348145
516.148941040039 416.597671508789 626.816375732422 364.649566650391 499.056343078613 626.017230987549 567.199835300446 429.172676086426 542.696849822998 444.984939575195 675.580810546875 575.816047668457 696.622688293457 603.241009712219 552.938373565674 609.146648406982 519.249015808105 604.079350948334 678.896865844727 508.098609924316 522.773452758789 608.665565609932 571.193695068359 535.999298095703 605.282855272293 690.0654296875 729.54222869873 584.489421844482 787.66471862793 590.75598526001 692.162162780762 515.720397949219 642.793579101562 720.043863296509 553.334693908691 673.182546913624 559.97932434082 446.718673706055 560.266792297363 748.999351501465 568.265716552734 642.858562469482 777.625518798828 743.749526977539 734.220924377441 749.107040405273 754.018409729004 852.543899536133 809.097961425781 777.030601501465
