simdem/realisation81.asc
NCOLS 350 
NROWS 171 
XLLCORNER 152620 
YLLCORNER 418050 
CELLSIZE 100 
NODATA_value -9999 
[rows 88 to 109 of 171, columns 0 to 49 of 350]
-9999 -9999 -9999 -9999 -9999 -9999 -9999 -9999 -9999 -9999 -9999 -9999 -9999 -9999 -9999 -9999 -9999 434.498607635498 260.030204772949 306.855491638184 231.518157958984 477.500164031982 485.702632904053 560.560852050781 411.35620880127 519.409164428711 722.534400939941 344.559916496277 760.416212558746 376.85115814209 92.146240234375 119.537414550781 487.937622070312 397.006504058838 340.163452148438 383.000576019287 455.708183288574 619.118049621582 529.635726928711 636.721546173096 774.91809463501 689.512620925903 300.447268486023 252.242117881775 351.688877105713 467.881301879883 503.029735565186 495.885894775391 419.322402954102 227.781768798828
-9999 -9999 -9999 -9999 -9999 -9999 -9999 -9999 -9999 -9999 -9999 -9999 -9999 -9999 -9999 -9999 -9999 472.471227645874 348.330299377441 353.635863304138 357.936324119568 350.31078338623 247.354476928711 461.757331848145 392.498352050781 744.716041564941 690.640188217163 1054.93656122684 615.891630649567 464.681392669678 229.763076782227 300.197052001953 217.364608764648 376.622779846191 481.870559692383 468.935516357422 555.319812774658 694.397130966187 578.908935546875 705.036346435547 689.809356689453 544.644912719727 535.895816802979 311.002170562744 332.70524597168 411.990135192871 461.529312133789 561.607288360596 262.555335998535 282.002044677734
-9999 -9999 -9999 -9999 -9999 -9999 -9999 -9999 -9999 -9999 -9999 -9999 -9999 -9999 -9999 -9999 538.401340484619 488.514663696289 345.552946448326 373.630086898804 499.515195846558 539.413543701172 672.217636108398 563.059844970703 662.483863830566 548.565194129944 502.846343994141 440.472370147705 407.006935119629 257.214431762695 355.562675476074 463.803016662598 317.82137298584 681.43009185791 730.453521728516 732.44652557373 777.806890964508 536.037174224854 551.462340831757 598.955379486084 294.363712310791 348.727165222168 542.384857177734 278.494659423828 374.293560028076 500.01299571991 350.570686340332 355.622505187988 353.465301513672 291.171504974365
-9999 -9999 -9999 -9999 -9999 -9999 -9999 -9999 -9999 -9999 -9999 -9999 -9999 -9999 -9999 -9999 491.401588439941 324.772521972656 453.214748382568 580.942985534668 634.972579956055 568.356071472168 537.591281890869 469.022556304932 517.410140991211 351.816368103027 521.636470794678 655.180381774902 562.466117858887 232.897415161133 448.284942626953 300.930389404297 383.397605895996 514.315826416016 825.898578643799 567.634876251221 733.066715240479 752.178092956543 512.607860565186 221.688757896423 179.97350692749 229.016510009766 100.009063720703 -19.6923370361328 390.500534057617 344.362464904785 213.782115936279 435.543518066406 464.47981262207 447.807525634766
-9999 -9999 -9999 -9999 -9999 -9999 -9999 -9999 -9999 -9999 -9999 -9999 -9999 -9999 -9999 587.511026322842 586.843208789825 460.590520858765 486.528179168701 656.661819458008 486.963760375977 527.443893432617 605.44652557373 827.020469665527 413.964515686035 656.321617126465 613.167190551758 409.305111408234 638.601585388184 577.359756469727 529.32585144043 610.372268676758 736.442670345306 426.927673339844 662.080364920199 608.118144989014 580.612045288086 688.313859939575 609.255165100098 226.378765106201 239.726186275482 202.928367614746 83.5637664794922 -13.3352661132812 312.386974334717 247.484646320343 402.302017211914 348.148460388184 474.786209106445 482.088409423828
-9999 -9999 -9999 -9999 -9999 -9999 -9999 -9999 -9999 -9999 -9999 -9999 -9999 -9999 -9999 568.20355796814 481.533891201019 513.54644203186 352.55477142334 254.460235595703 403.067932128906 345.663040161133 713.268638014793 804.855598449707 706.936508178711 428.097457885742 504.189693450928 386.649959564209 643.146026611328 551.444465637207 399.829041600227 247.063568115234 406.034931182861 348.415458202362 501.00276184082 652.927901268005 652.618845939636 753.601371765137 774.36270904541 344.651550292969 353.172897338867 315.894334793091 186.174102783203 203.29260635376 219.911254882812 233.013135910034 348.638244628906 360.916938781738 383.164031982422 418.641639709473
-9999 -9999 -9999 -9999 -9999 -9999 -9999 -9999 -9999 -9999 -9999 -9999 -9999 -9999 558.826848983765 526.255970001221 597.1337890625 540.922229766846 264.79963684082 211.804534912109 414.288444519043 411.343673706055 544.664365768433 777.047878265381 514.312744855881 479.782997131348 584.167999267578 344.061241149902 528.672744750977 542.930313110352 678.901756286621 249.490539550781 179.727020263672 203.539672851562 251.597679138184 619.884391784668 564.559982299805 656.554319381714 -9999 -9999 423.893920898438 332.999359130859 196.978609800339 184.15259552002 124.49910736084 469.391983032227 504.467510223389 633.162780761719 440.130256652832 226.678169250488
-9999 -9999 -9999 -9999 -9999 -9999 -9999 -9999 -9999 -9999 -9999 -9999 -9999 -9999 589.412008285522 629.384857177734 629.646492004395 493.293199539185 390.263366699219 515.858474731445 505.424438595772 721.325862884521 521.889762878418 462.279205322266 475.418533325195 699.13362121582 674.82110786438 742.512802124023 695.779014587402 832.770751953125 680.3828125 293.278266906738 50.5301666259766 201.020889282227 180.853866577148 -9999 -9999 -9999 -9999 -9999 -9999 -9999 74.6974792480469 254.812255859375 408.639785766602 405.240173339844 363.717609405518 514.333744049072 422.996826171875 301.338538169861
-9999 -9999 -9999 -9999 -9999 -9999 -9999 -9999 -9999 -9999 -9999 -9999 -9999 573.378292560577 580.258239746094 512.385913848877 424.445014953613 69.8642654418945 270.705757141113 405.85173034668 767.279403686523 782.110511779785 1166.51490783691 629.072395324707 590.739027023315 681.445205688477 612.238231897354 667.340755462646 782.242023468018 860.309288024902 729.622970581055 497.512382507324 239.282440185547 153.958213806152 201.998062133789 -9999 -9999 -9999 -9999 -9999 -9999 -9999 -9999 87.9617004394531 241.887675285339 223.180957794189 305.815246582031 406.53148651123 514.321126937866 403.871490478516
-9999 -9999 -9999 -9999 -9999 -9999 -9999 -9999 -9999 -9999 -9999 -9999 -9999 609.096683502197 519.508277893066 502.150733947754 149.876403808594 88.7632827758789 158.68830871582 673.198997497559 797.98828125 638.552963256836 783.040725708008 687.549476623535 600.765699386597 542.798652648926 415.615051269531 426.226409912109 552.601741790771 740.397857666016 504.945205688477 508.084747314453 492.791130065918 375.127170562744 -9999 -9999 -9999 -9999 -9999 -9999 -9999 -9999 -9999 -9999 59.4481964111328 211.73850440979 109.753829956055 263.230325222015 491.334903717041 308.167507171631
-9999 -9999 -9999 -9999 -9999 -9999 -9999 -9999 -9999 -9999 -9999 -9999 492.483551025391 530.619697570801 439.178318023682 416.930545806885 613.944702148438 525.941387176514 689.658355712891 750.965644836426 684.428535461426 445.740653991699 664.787673950195 701.564910888672 608.024072647095 627.237554550171 624.578151702881 672.479278564453 763.577220916748 667.167457580566 550.411792755127 460.086700439453 329.385780334473 -9999 -9999 -9999 -9999 -9999 -9999 -9999 -9999 -9999 -9999 -9999 272.286155700684 268.572135925293 171.839431762695 360.246856689453 391.291185379028 550.660259246826
-9999 -9999 -9999 -9999 -9999 -9999 -9999 -9999 -9999 -9999 -9999 498.500305175781 650.664100646973 581.461517333984 572.647613525391 356.820835113525 539.030403137207 667.955146789551 748.917434692383 595.050373077393 646.963333129883 1019.13640022278 561.010291099548 518.838598370552 661.427124023438 714.58430480957 644.648742675781 809.432472229004 652.294868469238 513.35860824585 443.00072479248 292.35481262207 473.50852394104 -9999 -9999 -9999 -9999 -9999 -9999 -9999 -9999 -9999 -9999 -9999 -9999 243.493698120117 230.509033203125 220.107887268066 308.61589089036 571.655838012695
-9999 -9999 -9999 -9999 -9999 -9999 -9999 -9999 -9999 -9999 -9999 458.412040710449 582.99382019043 689.680572509766 509.964698791504 479.65096282959 540.832355499268 667.480265617371 754.662399291992 628.497779846191 481.523664474487 540.168881893158 583.07804107666 492.013595581055 572.347183227539 725.183380126953 838.570938110352 620.561367034912 583.808860778809 433.257077813148 350.326568603516 614.750885009766 -9999 -9999 -9999 -9999 -9999 -9999 -9999 -9999 -9999 -9999 -9999 -9999 -9999 224.024688720703 297.082599639893 256.621994018555 358.485378265381 379.29711151123
-9999 -9999 -9999 -9999 -9999 -9999 -9999 -9999 -9999 -9999 576.619640350342 347.346389770508 583.846435546875 602.738479614258 544.776428222656 575.181244850159 578.873031616211 535.397254943848 466.538528442383 394.266372680664 506.598344326019 686.782409667969 707.681045532227 629.363468170166 704.671096801758 745.131739616394 572.345802307129 662.791625976562 398.162498474121 514.356300354004 457.01540184021 -9999 -9999 -9999 -9999 -9999 -9999 -9999 -9999 -9999 -9999 -9999 -9999 -9999 -9999 -9999 430.262954711914 315.849807739258 222.579078674316 376.131760209799
-9999 -9999 -9999 -9999 -9999 -9999 -9999 -9999 -9999 -9999 375.253707885742 378.367015838623 502.740875244141 410.163764953613 467.088401794434 543.481758117676 430.984466552734 329.300315856934 358.943069458008 286.56396484375 474.097873687744 580.710315704346 658.660125732422 581.122852325439 427.296409606934 336.710517883301 486.956165313721 386.089805603027 191.460697174072 307.309043884277 -9999 -9999 -9999 -9999 -9999 -9999 -9999 -9999 -9999 -9999 -9999 -9999 -9999 -9999 -9999 -9999 -9999 563.319736480713 245.553192138672 320.470430374146
-9999 -9999 -9999 -9999 -9999 -9999 -9999 -9999 -9999 360.292755126953 352.453460693359 366.179580688477 424.15592956543 335.850179672241 452.337290763855 454.781936645508 362.355453491211 454.053512573242 423.372093200684 730.440887451172 396.398880004883 436.796127319336 511.171028137207 574.386013031006 266.150276184082 330.388427734375 336.861087799072 102.16512298584 108.33219909668 249.496114730835 -9999 -9999 -9999 -9999 -9999 -9999 -9999 -9999 -9999 -9999 -9999 -9999 -9999 -9999 -9999 -9999 -9999 -9999 335.936042785645 472.632074117661
-9999 -9999 -9999 -9999 -9999 -9999 -9999 -9999 489.254894256592 366.760726928711 418.96396446228 381.822784423828 455.242307662964 185.279605865479 263.429763793945 580.46000289917 417.826370239258 543.917837142944 313.290016174316 398.296325683594 551.850476264954 477.673126220703 590.59037065506 244.277984619141 287.768516540527 101.910598754883 92.7012023925781 200.798469543457 252.64965057373 -9999 -9999 -9999 -9999 -9999 -9999 -9999 -9999 -9999 -9999 -9999 -9999 -9999 -9999 -9999 -9999 -9999 -9999 -9999 -9999 992.21183013916
-9999 -9999 -9999 -9999 -9999 -9999 -9999 -9999 465.110736846924 436.323944091797 324.596130371094 522.20760345459 415.327375411987 479.758148193359 395.595977783203 547.176704406738 503.728210449219 251.464004516602 657.870574951172 367.066425323486 495.990131378174 360.112991333008 418.535003662109 144.647384643555 261.140892028809 -66.3052368164062 87.2665863037109 143.114692687988 -9999 -9999 -9999 -9999 -9999 -9999 -9999 -9999 -9999 -9999 -9999 -9999 -9999 -9999 -9999 -9999 -9999 -9999 -9999 -9999 -9999 -9999
-9999 -9999 -9999 -9999 -9999 -9999 -9999 540.762481689453 551.603790283203 320.088790893555 466.637257575989 593.337753295898 532.237022399902 566.04248046875 550.66104888916 564.563083648682 521.945741653442 550.710113525391 517.576868057251 424.844593048096 509.466156005859 487.918167114258 242.177093505859 194.736846923828 127.263236999512 132.216934204102 83.6903991699219 186.160049438477 -9999 -9999 -9999 -9999 -9999 -9999 -9999 -9999 -9999 -9999 -9999 -9999 -9999 -9999 -9999 -9999 -9999 -9999 -9999 -9999 -9999 -9999
-9999 -9999 -9999 -9999 -9999 -9999 482.3625831604 708.844696044922 555.752532958984 366.232368469238 470.096970081329 546.166717529297 659.950607299805 574.522699356079 495.760307788849 462.394275665283 376.783447265625 613.292510509491 458.680236816406 348.505558013916 270.258392333984 398.671325683594 329.805908203125 163.152961730957 246.106061182916 231.383010387421 74.1206970214844 -9999 -9999 -9999 -9999 -9999 -9999 -9999 -9999 -9999 -9999 -9999 -9999 -9999 -9999 -9999 -9999 -9999 -9999 -9999 -9999 -9999 -9999 -9999
-9999 -9999 -9999 -9999 344.021644592285 504.005420684814 428.872743606567 226.77596282959 248.519439697266 558.704299926758 510.119716644287 569.677471637726 655.063934326172 649.087509155273 550.106925964355 370.495765686035 551.879997253418 355.856586456299 443.347091674805 488.866483688354 545.631780385971 649.746021270752 -65.7037048339844 82.4759092330933 237.56803894043 171.846519470215 -9999 -9999 -9999 -9999 -9999 -9999 -9999 -9999 -9999 -9999 -9999 -9999 -9999 -9999 -9999 -9999 -9999 -9999 -9999 -9999 -9999 -9999 -9999 -9999
275.69211435318 226.621112823486 241.004383087158 390.258773803711 405.111450195312 331.873138427734 345.301963806152 395.724231719971 269.78231048584 573.441993713379 699.817337036133 607.999603271484 560.993209838867 466.662696838379 444.589469909668 519.653335571289 614.275085449219 325.863300323486 350.929618835449 543.821289539337 608.183570861816 360.387573242188 -73.6773071289062 130.623905181885 133.285732269287 72.5198735594749 -9999 -9999 -9999 -9999 -9999 -9999 -9999 -9999 -9999 -9999 -9999 -9999 -9999 -9999 -9999 -9999 -9999 -9999 -9999 -9999 -9999 -9999 -9999 -9999
