simdem/realisation94.asc
NCOLS 350 
NROWS 171 
XLLCORNER 152620 
YLLCORNER 418050 
CELLSIZE 100 
NODATA_value -9999 
[rows 132 to 153 of 171, columns 250 to 299 of 350]
765.852766036987 787.38111448288 785.853939294815 600.91145324707 827.277799606323 535.331878662109 576.975770950317 633.45361328125 680.132669448853 759.793876647949 604.699600219727 709.269624710083 739.289053916931 705.714015960693 759.194452285767 759.146226644516 765.729991912842 808.937507629395 882.586967468262 562.483840942383 818.451889038086 864.713317871094 822.319458007812 779.978042602539 861.964370727539 770.00757598877 604.076984405518 686.050524950027 513.930152893066 693.274030685425 788.128952026367 693.083347320557 645.880880355835 648.823728561401 581.091491699219 657.254400253296 636.490856647491 634.417350769043 560.618911743164 849.134009361267 989.773722171783 1036.06841278076 969.700681686401 1141.14409446716 1027.43483161926 945.804056167603 899.151630401611 616.222717285156 915.925441741943 903.070587158203
748.798946380615 738.958938598633 661.510482788086 735.268287658691 660.803779602051 530.582443237305 625.205196380615 690.248474121094 715.273509979248 665.639114379883 588.110763549805 792.188804626465 769.567933082581 661.73316192627 728.338347434998 641.571922302246 596.492980957031 697.643798828125 1039.91846466064 811.427055358887 683.213569641113 824.253410339355 714.593290328979 709.580308914185 799.76978302002 738.580333709717 617.65684223175 667.276497364044 694.57048034668 706.490417480469 848.659042358398 761.878875732422 565.998588562012 653.168349504471 768.846580505371 628.913883209229 645.4408390522 566.332153320312 564.481758117676 682.211494445801 626.186304092407 832.853092193604 1036.76677131653 1214.75605010986 1123.08864593506 1110.86145019531 1110.27225351334 734.909820556641 960.873596191406 950.045799255371
733.050331115723 800.655448913574 706.117835998535 767.461708068848 536.672027587891 542.255187988281 693.092847824097 787.592067718506 655.82063293457 780.619779765606 805.024833679199 784.459064483643 704.9846534729 788.867721557617 913.098678588867 730.179572105408 739.608556270599 763.682640075684 997.1120262146 688.674842834473 693.452514648438 851.860313415527 714.162464141846 625.932891845703 672.52677154541 730.724151611328 639.091232299805 633.361824035645 568.72794342041 664.005878448486 631.412240982056 646.327206611633 731.528244018555 591.758403778076 627.219402313232 642.393888473511 652.262942314148 651.595207214355 598.587882995605 644.051078796387 564.19751739502 680.36446762085 879.733840942383 785.620685577393 727.486633300781 937.60213470459 990.998229980469 760.534944534302 845.600746154785 913.946189880371
705.818283081055 710.300403594971 680.75366973877 611.732040405273 657.800975799561 588.560703277588 768.87673830986 864.172218322754 810.657482385635 915.019309997559 736.975193023682 703.543212890625 691.861114501953 675.250358581543 645.578727722168 830.780555725098 695.126544952393 734.019333839417 874.020965576172 863.881408691406 845.27326965332 806.360149383545 787.565132141113 658.096126556396 657.712492704391 554.659484863281 522.78125 577.499610900879 755.01872253418 793.605407714844 730.626457214355 518.498016357422 636.766227722168 548.182685852051 611.980903625488 727.216106414795 803.144653320312 767.138328552246 677.246127843857 635.442596435547 715.146688938141 782.012672424316 755.285461425781 763.979751586914 745.192481994629 906.750258922577 873.152866363525 867.690845489502 1021.70199584961 802.409652709961
566.486846923828 551.232025146484 653.521240234375 647.095581054688 828.124618530273 800.155612945557 965.875381469727 888.204322814941 862.597831726074 776.960934340954 712.378684997559 781.792991638184 636.504978179932 735.766208648682 707.954204559326 705.994682312012 827.109651565552 943.617752075195 762.782343864441 861.284858703613 881.479103088379 790.080757141113 522.034240722656 606.487434387207 631.667980194092 539.88117980957 697.939529418945 666.746765136719 788.358123779297 756.530776977539 716.231662750244 624.444201111794 692.147102355957 604.610481262207 727.032936096191 593.704055786133 828.233352661133 745.188827514648 702.039877891541 651.940422058105 545.83430480957 772.031997680664 720.751790046692 765.764099121094 837.274307250977 1028.18070983887 1037.06117248535 991.337699890137 930.541213989258 843.504272460938
481.562835693359 540.514251708984 582.135200500488 761.54585647583 741.720108032227 613.819305419922 890.714393615723 618.442321777344 795.182266235352 704.117420196533 728.081638336182 769.247570037842 782.661281585693 771.586814880371 716.086097717285 704.362560272217 743.456016540527 896.574035644531 726.509366989136 610.623947143555 781.853019714355 686.920195579529 607.481521606445 646.878908157349 671.355110168457 605.909591674805 751.322288513184 664.077423095703 659.289422988892 814.741333007812 776.9599609375 705.541220664978 665.767509460449 838.979248046875 670.100746154785 723.711240768433 832.93733215332 707.184541702271 678.640831232071 595.840545654297 679.85800743103 656.132720947266 647.197975158691 768.675270080566 719.298592567444 895.313781738281 1117.01605224609 950.135528564453 831.661387443542 692.94091796875
792.917610168457 554.432357788086 770.840094566345 734.823169708252 836.194591522217 839.736682891846 876.097427368164 761.176697731018 725.08670425415 801.818138122559 820.326862335205 757.53883934021 811.943725585938 855.27489900589 653.93733215332 765.088493347168 772.761791229248 673.939964294434 712.733377456665 654.929069519043 807.446601867676 775.78727722168 889.763641357422 680.968338012695 727.038921356201 676.155976295471 704.008518218994 686.097108840942 700.784214019775 582.86515045166 909.30842590332 755.735015869141 829.828811645508 650.256429672241 854.245040893555 758.603904724121 782.628845214844 856.641998291016 651.888610839844 667.412879943848 789.717811584473 662.699668884277 629.918384552002 646.891906738281 815.677574157715 794.234115600586 648.636672973633 780.718658447266 778.915584564209 623.567268371582
660.489486694336 692.668243408203 803.174196243286 818.288146972656 721.50569152832 716.795631408691 732.643394470215 923.797180175781 845.430046081543 806.722352981567 894.994743347168 649.820190429688 715.474105834961 845.136329650879 869.668669700623 765.368969917297 600.503524780273 775.445983886719 752.328741073608 648.359855651855 631.970924377441 708.649787902832 756.927810668945 802.231475830078 845.391693115234 694.340759277344 718.14342880249 705.699177742004 662.356288909912 629.359832763672 670.424270033836 883.449798583984 838.988342285156 764.177436828613 834.896835327148 743.590049743652 979.350952148438 749.908390045166 646.405044555664 699.833346366882 726.812337875366 781.460178375244 705.654142379761 712.962194919586 678.502132415771 822.963554382324 698.635437011719 779.285373687744 838.587085723877 786.855731964111
684.072113037109 708.48356628418 759.39070892334 755.932060241699 765.267807006836 857.224487304688 954.631591796875 872.362648010254 956.852630615234 893.074661254883 859.459022521973 731.945922851562 698.855228424072 792.488405227661 740.210433959961 819.855731964111 734.799781799316 828.561359405518 666.658821105957 813.276374816895 743.149150848389 798.901145935059 757.644755363464 808.337677001953 822.412281036377 820.634563446045 799.234248638153 757.734714508057 752.409896850586 645.318061828613 614.736633300781 640.225536346436 666.563301086426 641.290351867676 783.162376403809 804.033355712891 856.744110107422 778.559158325195 657.16820526123 658.942596435547 668.246461868286 668.209587097168 662.394775390625 735.364113092422 694.594297409058 745.778317213058 779.758941650391 803.537155151367 845.282653808594 755.867317199707
764.085250854492 720.451469421387 714.303558349609 626.994110107422 919.600952148438 941.651138305664 879.309188842773 886.058132171631 718.575065612793 769.252355575562 778.883516311646 778.825681686401 762.821477890015 903.681159973145 808.439914703369 695.70361328125 794.874322891235 821.5426902771 817.666139602661 872.9296875 704.239318788052 786.852767944336 722.14152598381 681.507152557373 787.125232696533 619.787445068359 781.424121856689 1018.07177734375 857.828338623047 682.140647888184 855.984230041504 733.330945968628 721.05261516571 728.96561050415 784.979675292969 783.882995605469 823.900344848633 773.441818237305 800.49568939209 816.843055725098 813.775108337402 653.766799926758 736.631742477417 713.725763320923 750.845174789429 713.099960327148 766.418113708496 794.82347869873 892.634536743164 749.74840259552
685.956092834473 815.884307861328 1072.20156860352 766.923051834106 945.673583984375 911.529563903809 796.537920951843 499.422119140625 804.10417175293 798.538031101227 868.081592559814 823.03129196167 853.806621551514 952.459457397461 812.426132202148 758.552345275879 814.063668251038 799.868301391602 990.142105102539 681.500461578369 550.10725402832 621.421409606934 622.426979064941 880.62816619873 714.811579287052 672.225769042969 740.491710662842 833.043060302734 975.002792358398 687.211288452148 848.470039367676 724.042945861816 687.861811637878 728.391821622849 832.101638793945 868.802429199219 781.691078186035 760.676658630371 678.413352012634 739.559576034546 758.424476623535 631.948623657227 820.754760742188 695.385321378708 781.563674926758 629.787452697754 628.829383850098 796.761524200439 668.024688720703 656.960292816162
695.883681774139 774.446647644043 1120.06973266602 693.198165893555 675.144714355469 704.724061965942 721.770301818848 909.16397857666 647.174606323242 725.907432556152 829.55312538147 788.296479701996 863.655033111572 872.279516220093 853.900646209717 656.77326965332 841.178600311279 873.295677185059 811.989158630371 668.607711791992 642.771324157715 607.694053649902 666.72412109375 678.197052001953 766.464599609375 722.924175262451 828.488220214844 924.547302246094 827.159355163574 909.587982177734 871.207649230957 715.386989593506 796.757705688477 853.595474243164 927.163757324219 894.609893798828 789.695369720459 752.947769165039 726.255712509155 615.637573242188 636.160545349121 642.30362701416 757.958740234375 710.313918590546 649.872344970703 649.038208007812 566.355255126953 795.514617919922 743.529483795166 837.878509521484
864.679046630859 796.165405273438 887.341026306152 669.446174621582 726.203006744385 592.399389266968 843.483764648438 932.316139221191 631.618312835693 693.434394836426 939.995624542236 901.543014526367 872.853054046631 849.000069260597 793.877716064453 911.052467346191 901.846794128418 1010.27111816406 735.083129882812 695.674652099609 730.237319946289 767.35249876976 692.526763916016 837.790378570557 867.144653320312 747.079879760742 782.321716308594 844.698307037354 871.568588256836 816.366111755371 821.913793563843 821.533138275146 800.113929748535 720.398610115051 820.388565063477 822.479858398438 821.411415100098 640.498954772949 758.29749584198 814.532260894775 724.177886009216 701.149837493896 717.072765350342 679.097751617432 612.313591003418 678.14376449585 617.167617797852 610.58715057373 793.766284942627 826.304580688477
-9999 -9999 -9999 872.804890632629 934.932472229004 963.189750671387 878.18514251709 678.547752380371 748.430793762207 785.426460266113 865.272771835327 843.917762756348 1003.11229705811 995.736820220947 813.213466644287 828.029968261719 703.659744262695 915.55542755127 961.543716430664 794.80350112915 784.591194152832 816.575389862061 822.404870986938 830.762836456299 958.51375579834 716.612433433533 822.997985839844 800.128570556641 778.513565063477 801.775163650513 797.517475128174 789.847011566162 848.610664367676 833.254688262939 667.681697845459 666.446258544922 780.665119171143 699.329940795898 749.171142578125 644.034088134766 774.125008583069 622.060943603516 756.994443893433 742.36629486084 728.39324426651 737.308254241943 783.003776550293 592.154739379883 563.721557617188 648.207328796387
-9999 -9999 -9999 -9999 -9999 -9999 932.073879241943 1009.85075378418 757.535995483398 794.48335647583 718.639442443848 664.249603033066 947.029632568359 1047.79063415527 876.543223381042 718.226837158203 519.405426025391 896.027835845947 927.493606567383 1070.30534362793 836.579374313354 780.70573425293 806.141521453857 878.348722457886 895.484405517578 784.362236022949 791.828357696533 709.389349937439 909.22265625 748.013156890869 732.598617553711 922.572547912598 710.982406616211 785.94046497345 766.36594581604 741.991478919983 882.60627746582 827.196165084839 870.765602111816 863.142295837402 793.440174102783 767.636053323746 803.594848632812 839.928657531738 711.144676685333 680.143218994141 803.072914123535 775.333995819092 798.114486694336 774.357669830322
-9999 -9999 -9999 -9999 -9999 -9999 -9999 -9999 -9999 840.918743133545 808.988330841064 760.636820316315 992.051620483398 873.793720245361 770.343544006348 712.150939941406 975.314079284668 837.404991149902 1151.93620300293 943.470809936523 1035.43656921387 875.268326759338 781.646369934082 847.487842559814 913.436214447021 798.845419883728 764.173095703125 755.10376739502 898.109134674072 734.967765808105 718.337127685547 847.902019500732 681.915561676025 619.038543701172 605.998191833496 654.413593292236 591.179084777832 744.866033554077 806.756790161133 583.976753234863 708.861708521843 619.699829101562 619.232429504395 831.150215148926 844.411415100098 722.147314786911 633.835350036621 723.572499275208 612.637069702148 785.883453369141
-9999 -9999 -9999 -9999 -9999 -9999 -9999 -9999 -9999 -9999 -9999 923.613418579102 906.979766845703 973.920959472656 637.289974212646 616.596977233887 818.030193328857 1253.24936676025 862.974575042725 904.311599731445 977.878318786621 955.290442466736 926.731884002686 890.701570510864 956.584457397461 686.208209991455 766.889221191406 790.205049514771 858.021450042725 957.106140136719 825.596454620361 717.712295532227 675.983207702637 706.06541633606 837.918685913086 786.759433746338 725.422103881836 711.325788497925 644.335838317871 628.053802490234 781.126407623291 755.044605255127 676.313869476318 794.795589447021 736.276226997375 719.530965328217 857.932411193848 777.723205566406 835.756126403809 816.561317443848
-9999 -9999 -9999 -9999 -9999 -9999 -9999 -9999 -9999 -9999 -9999 -9999 847.335687637329 818.574974060059 683.684378623962 705.975034713745 808.199029922485 1482.57092666626 1272.07497406006 1377.15823364258 1193.81792449951 1280.79922485352 1191.12414550781 1088.3747215271 810.751977920532 710.065082550049 702.70707321167 779.79443359375 761.575660705566 854.953895568848 643.808898925781 679.523345947266 818.071743011475 899.076736450195 816.083061218262 616.433280944824 688.167778015137 674.339324951172 767.834224700928 734.430965423584 761.024733543396 779.146453857422 877.160041809082 771.514559745789 760.63533115387 677.069705963135 821.916564941406 756.036954879761 842.401840209961 813.147510528564
-9999 -9999 -9999 -9999 -9999 -9999 -9999 -9999 -9999 -9999 -9999 -9999 822.574703216553 645.181076049805 696.22274017334 599.453392028809 734.845909118652 839.644155502319 898.837089538574 893.28636932373 835.742995262146 1071.7615814209 966.116477966309 825.302726984024 795.053917706013 716.923278808594 1240.29940545559 961.42350769043 1003.92118835449 1021.25813674927 855.853699207306 827.708374023438 679.106643676758 762.340007781982 824.289352416992 742.046180725098 571.600921630859 700.694980621338 743.331732749939 757.715833902359 722.953399658203 659.221946716309 662.942916870117 621.456405639648 715.494430541992 842.551502227783 781.037048339844 652.470367431641 887.425155639648 723.168525695801
-9999 -9999 -9999 -9999 -9999 -9999 -9999 -9999 -9999 -9999 -9999 -9999 -9999 693.091217041016 509.714477539062 670.618606567383 702.726516723633 976.675018310547 1023.89495849609 881.647904396057 800.0930519104 961.257873535156 960.447662353516 883.994758605957 829.547407150269 747.39485168457 685.831024169922 803.61955165863 746.153079986572 771.114608764648 1106.06798744202 595.9873046875 787.939670562744 744.601169586182 710.775917053223 858.412616729736 711.285217285156 924.064254760742 904.915145874023 710.309577941895 829.808547973633 771.290276527405 665.031890869141 746.378269195557 701.60425567627 691.063510894775 714.561256408691 736.107791900635 765.005683898926 860.313591003418
-9999 -9999 -9999 -9999 -9999 -9999 -9999 -9999 -9999 -9999 -9999 -9999 -9999 -9999 518.144790649414 729.65548324585 1088.90481567383 1002.83488464355 1069.17532348633 969.19408416748 873.435438871384 951.077568054199 1113.28349304199 828.759543418884 738.718505859375 650.1462059021 710.520233154297 869.867668151855 754.927623748779 787.195627212524 838.551490783691 801.440746307373 710.433479309082 823.164894104004 595.847930908203 646.27677154541 938.337600708008 854.029737472534 878.542572021484 768.138675689697 736.781051635742 798.256687164307 764.725616455078 919.524726867676 831.080127239227 935.476844787598 926.937164306641 769.713954925537 887.355346679688 842.902412414551
-9999 -9999 -9999 -9999 -9999 -9999 -9999 -9999 -9999 -9999 -9999 -9999 -9999 -9999 706.718475341797 939.555801391602 910.929946899414 944.961868286133 814.305827140808 883.533220291138 883.367045402527 1090.68074035645 1009.53428649902 864.766000747681 904.561050415039 981.314407348633 872.79474067688 855.222019195557 824.494110107422 810.420412063599 822.776927947998 833.557121276855 1103.2054901123 670.533744812012 586.889739990234 658.999580383301 718.184288024902 813.59309387207 869.477661132812 727.168418884277 728.642120361328 689.932495117188 811.581790924072 680.988876342773 898.567859649658 926.005695343018 1033.44357299805 977.340301513672 859.555870056152 819.439552545547
