simdem/realisation18.asc
NCOLS 350 
NROWS 171 
XLLCORNER 152620 
YLLCORNER 418050 
CELLSIZE 100 
NODATA_value -9999 
[rows 66 to 87 of 171, columns 150 to 199 of 350]
421.003829956055 499.921947479248 510.68265914917 502.670055389404 468.207862854004 622.23685836792 701.751907348633 626.62077331543 594.247995376587 514.110397338867 445.431869506836 513.632347106934 576.341403484344 603.538196563721 624.579765319824 698.19450378418 671.55534362793 611.004905700684 534.665187835693 565.030400753021 640.091957092285 692.514892578125 649.930839538574 558.962413787842 549.843641281128 584.176047325134 441.801986694336 611.100894927979 551.619817733765 588.251558303833 778.368835449219 866.086853027344 671.580619812012 689.807945251465 729.038787841797 815.559478759766 561.761390686035 581.007667541504 529.654495239258 615.532680511475 497.45580291748 461.488403320312 596.198434829712 643.562602996826 672.651342391968 764.018768310547 763.793823242188 812.305969238281 655.463024139404 692.810140609741
280.308288574219 482.66438293457 586.381805419922 430.592872619629 473.767013549805 521.2483959198 545.488661766052 610.320163726807 586.357322692871 501.029418945312 504.28050994873 623.436309814453 500.710830688477 510.050628662109 589.442054748535 533.713363647461 683.742973327637 518.578258514404 488.592094421387 379.016311645508 518.743049621582 580.370258331299 625.672035217285 522.483154296875 521.869094848633 482.86060333252 476.138877868652 478.873863220215 566.989592552185 572.295764923096 670.240074157715 600.288135528564 665.210472106934 612.376922607422 598.581605911255 633.800802230835 671.031433105469 634.554061889648 514.151275634766 483.087051391602 496.924667358398 496.508331298828 555.102828979492 590.425598144531 641.484364509583 666.69750213623 634.344410896301 746.954330444336 713.715301513672 759.073348999023
351.440078735352 443.597503662109 558.711190462112 512.749843597412 492.51123046875 362.13395690918 471.751190185547 650.747230529785 558.960192680359 548.043277740479 515.028377532959 593.762519836426 537.169495224953 682.437973022461 523.961715698242 460.305854797363 641.507568359375 516.568386077881 470.920555114746 465.457954406738 600.982362747192 450.529663085938 592.023963928223 574.010720252991 617.101344108582 457.460342407227 554.719697952271 605.767082214355 662.643127441406 719.307876586914 516.029960632324 593.194675445557 787.698211669922 671.323310852051 528.180732727051 622.908089637756 514.07470703125 723.57788848877 512.177474975586 576.291430473328 495.799270629883 605.595629692078 631.322267532349 599.088554382324 617.562641143799 784.900100708008 630.245867729187 724.184898376465 688.871711730957 617.645705223083
548.970177650452 473.513633728027 522.827993392944 546.772872924805 430.640151977539 519.459678649902 549.710479736328 463.391571044922 573.783191680908 503.944534301758 529.833362579346 725.604522705078 503.399990081787 589.685852050781 496.344669342041 555.456656455994 590.672172546387 460.265914916992 540.84686088562 527.096647262573 545.094997406006 483.636589050293 589.86604309082 606.069480895996 533.778099060059 525.946262359619 578.911170959473 574.979134321213 670.064598083496 584.300514221191 693.576187133789 618.263060569763 603.00772190094 679.971801757812 686.67618560791 437.988677978516 557.767993927002 647.196643829346 752.453826904297 657.376441955566 659.918994903564 575.952461242676 701.876777648926 604.872791290283 659.440629959106 611.8297996521 698.20524597168 734.608116149902 589.027534484863 606.959358215332
584.540273666382 545.169257164001 486.556274414062 506.81897354126 468.61328125 543.880769073963 519.713548660278 514.929580688477 473.419944763184 420.413520812988 492.20055770874 727.821975708008 479.446380615234 543.938933372498 581.563888549805 593.444156646729 579.14380645752 609.863094329834 652.085380554199 552.080892562866 478.804107666016 377.894332885742 515.94889831543 624.533483505249 611.38529586792 443.165634155273 562.147929191589 644.884452819824 737.042114257812 743.977554321289 571.112920284271 612.030528068542 593.539381980896 747.199630737305 698.352447509766 606.662524223328 515.958068847656 567.072231292725 594.560016274452 664.542770385742 605.164255619049 635.277114868164 801.524322509766 560.011577606201 598.959407806396 570.52311706543 692.338947296143 624.326885223389 655.216015338898 588.077407836914
563.13872718811 472.758834838867 512.42085647583 537.165681838989 504.007354736328 561.913272857666 605.285457611084 558.473602056503 567.574575424194 477.069892883301 589.802322387695 685.134643554688 705.573471069336 595.959728240967 367.488143920898 598.987823486328 502.192092895508 521.348922729492 665.717399597168 527.511680603027 493.452926635742 416.118103027344 568.535842895508 543.304267883301 641.825046539307 747.259201049805 546.477855682373 619.319488525391 624.409244537354 667.843269348145 522.765731811523 606.061072349548 536.136402130127 693.982566833496 650.352966308594 664.826225280762 588.116458892822 604.461006164551 716.412673950195 551.169006347656 534.396011352539 741.004425048828 727.000946044922 595.25875878334 621.933163642883 700.825180053711 660.467514038086 680.588619232178 482.502792358398 625.999176979065
439.932731628418 406.069351196289 496.46026802063 554.12554359436 443.944564819336 676.31812286377 669.163711547852 762.556259155273 664.730491638184 540.65535736084 465.647407531738 499.363334655762 517.273742675781 616.07303237915 591.014646530151 507.475616455078 509.068771362305 548.377529144287 576.614121437073 735.840530395508 579.621210098267 578.929208755493 526.043685913086 638.176208496094 626.678953170776 644.742088317871 584.145225524902 526.861457824707 591.736442804337 615.923332214355 532.375722885132 524.712715148926 518.432800292969 498.911529541016 584.790612220764 642.071514129639 660.485654830933 603.984280586243 715.948348999023 549.688884735107 499.419342041016 526.56974029541 663.073299407959 625.510299682617 631.298419952393 509.115776062012 597.98583984375 606.039241790771 405.696594238281 673.28832244873
506.951164245605 382.443893432617 471.027362823486 696.801177978516 574.966687202454 620.405899047852 687.468879699707 752.125564575195 712.682846069336 573.954334259033 564.633274078369 580.371864318848 601.39627456665 568.12245798111 474.734451293945 568.600700378418 544.043704986572 572.684238433838 687.8935546875 577.927299499512 658.226333618164 708.632125854492 732.03572845459 642.562326431274 696.183494567871 727.674621582031 610.847199440002 522.767440795898 618.955894470215 736.667526245117 612.151796340942 621.239253997803 606.480268478394 589.692639708519 650.782653808594 707.222068786621 541.70556640625 566.439228057861 566.787063598633 579.456700325012 562.912883758545 613.44645690918 718.454032897949 623.789033889771 724.305313110352 606.87328338623 695.886299133301 704.303413391113 562.48070526123 618.121551513672
499.559234619141 301.566436767578 468.566032409668 504.238430023193 506.807811737061 503.542037963867 621.819919586182 677.366134643555 688.13655090332 691.469696044922 571.184683799744 518.427600860596 707.221832275391 577.274971008301 557.756749153137 562.986591339111 611.000822067261 604.533970832825 702.734092712402 696.004234313965 703.778564453125 660.688053131104 635.122252941132 526.865287780762 600.417130947113 738.598617553711 655.691898345947 690.805953979492 646.718971252441 611.615203857422 650.137855529785 430.244445800781 564.938613891602 654.401847839355 564.192354202271 629.973945617676 520.438888549805 510.207908630371 594.345394134521 545.124580383301 755.8359375 752.481155395508 628.312030792236 576.167947769165 526.556831359863 705.372062683105 526.834007263184 660.798812866211 575.206348419189 631.711133003235
828.20774936676 533.64905166626 531.959354400635 428.621200561523 519.029666900635 497.238052368164 713.637496948242 613.395477294922 689.708145141602 630.419967651367 584.394551277161 472.747901916504 571.031529664993 615.504547119141 593.051144838333 599.714136123657 649.605283737183 765.761291503906 673.284091949463 600.486317634583 753.140090942383 700.833755493164 706.28479385376 445.102630615234 671.547451019287 753.791213989258 647.167928695679 596.130032539368 538.117538452148 622.769079208374 575.313273429871 620.903985977173 529.784679412842 559.113235473633 511.50609588623 563.351558685303 601.717416763306 563.279119491577 473.570693969727 479.935012817383 597.855476379395 616.886875152588 657.330066680908 673.944854736328 495.041198730469 640.173271179199 592.821434020996 523.221900939941 597.541739940643 585.392381668091
693.056482315063 647.255855560303 649.8095703125 818.387893676758 565.64512348175 613.082782745361 643.322757720947 589.507635116577 691.947967529297 615.741920471191 615.699432373047 566.55817759037 464.674652099609 465.695434570312 541.850975036621 659.658782958984 660.333129882812 701.846405029297 609.789138793945 694.961921691895 523.268943786621 681.289375305176 695.658283233643 644.9499168396 719.03070306778 654.931182861328 533.392843604088 675.204456329346 582.581127166748 543.25345993042 601.936908245087 434.925079345703 471.308982849121 636.094802856445 514.883575439453 517.401657104492 521.535591125488 612.53134727478 572.474040985107 593.872985839844 680.870897293091 575.868764877319 759.760314941406 606.898005485535 729.483009338379 714.971977233887 579.677852630615 657.812652587891 660.882587432861 587.158725738525
467.94010925293 584.910175323486 696.628051757812 643.807771682739 548.216869354248 609.343841552734 569.397004127502 542.88857460022 568.203145980835 652.193717956543 623.361175537109 535.923110961914 477.156539916992 338.960052490234 462.701042175293 559.256858825684 450.680511474609 646.772582054138 760.893707275391 714.496585845947 698.16117477417 701.855316162109 679.428098678589 771.876098632812 860.783515930176 810.914005279541 542.112670898438 548.261047363281 703.726234436035 504.138473510742 562.762424468994 595.97364783287 523.980430603027 592.402495890856 697.143264770508 630.81636428833 595.002384185791 520.380592346191 571.702041625977 556.506881713867 580.938684463501 557.081954956055 675.60807800293 630.876394271851 588.115962982178 615.897821426392 588.029386043549 619.905225753784 645.403003692627 682.298881530762
625.340888977051 573.149863243103 647.697616577148 574.495588302612 587.998764038086 557.57006072998 557.952339172363 677.452812194824 595.816118240356 555.576396942139 292.614837646484 473.955535888672 477.363609313965 548.2451171875 609.112463951111 539.69873046875 639.98491859436 619.115043640137 709.811500549316 656.228004455566 444.716720581055 652.749740600586 490.978698730469 533.828719139099 585.742726325989 560.364238739014 641.337846755981 626.85728263855 577.79956817627 680.698421478271 666.46753692627 608.10728263855 685.508636474609 583.515958786011 759.434707641602 557.53197479248 663.221824645996 533.682891845703 529.156059265137 476.077171325684 601.648830413818 624.75276517868 555.405349731445 713.474105834961 729.8740234375 603.900701522827 583.213598251343 528.396842956543 648.870641708374 571.299472808838
696.194595336914 469.102764129639 624.245594024658 655.143178939819 633.58443069458 551.008785247803 550.237632751465 632.877124786377 500.575576782227 623.823503494263 553.508903503418 571.955587387085 535.839057922363 751.580657958984 982.94401550293 738.067649841309 593.651565551758 689.588790893555 707.324939727783 609.554489135742 644.848474025726 495.719467163086 582.614124298096 573.159748077393 669.907287597656 652.784229278564 629.64731502533 711.700649261475 681.017114639282 481.092742919922 435.210052490234 609.829048156738 597.027839660645 643.95726776123 570.764347076416 604.610411167145 768.562561035156 630.490711212158 613.135856628418 605.418789863586 603.431647777557 734.225967407227 474.904418945312 589.252689361572 743.067642211914 748.542495727539 540.88973236084 586.880729675293 574.98804473877 470.891265869141
623.548408508301 504.177604675293 592.613471984863 843.060478210449 758.619789123535 582.626606762409 602.095821380615 629.582374572754 661.110667228699 619.571393013 644.961734771729 557.097827911377 602.921943664551 999.069152832031 1001.31976318359 743.087562561035 701.240280151367 673.020769119263 530.926891326904 703.323104858398 667.160755634308 724.390968322754 612.599521636963 608.896980285645 682.339385986328 783.266540527344 619.075019836426 624.280709266663 713.043448448181 385.139587402344 524.791954040527 388.695922851562 354.435302734375 640.947256088257 450.430389404297 610.675260543823 643.987030029297 614.381345748901 758.818756103516 543.170379638672 620.738660812378 625.84951210022 579.913408279419 682.991157531738 800.184143066406 669.524745941162 686.193660736084 693.1845703125 635.96681022644 543.383758544922
776.867233276367 543.559295654297 548.149789810181 921.137166976929 883.464920043945 707.521879196167 655.420543670654 513.760869979858 661.388854980469 578.744651794434 728.227245330811 1037.47834014893 582.935386657715 1017.58399200439 843.570403039455 718.337985992432 818.392776489258 821.435729980469 729.356067657471 817.637664794922 604.433979034424 727.257820129395 518.124408721924 606.560665130615 608.524291992188 587.633193969727 586.978576660156 639.833799362183 595.880104064941 519.153472900391 451.079452514648 502.091262817383 504.982711791992 682.555511474609 803.083511352539 687.7614402771 655.686328887939 601.613008022308 600.288350582123 584.870847702026 710.429641723633 737.773208618164 744.295120239258 648.876770019531 775.3271484375 731.953269958496 581.700149536133 626.272556304932 585.396598815918 721.785552978516
732.121025085449 455.592170715332 709.51091003418 850.221115112305 947.178741455078 840.61483001709 788.433401107788 766.364593505859 610.733787536621 883.104598999023 432.402465820312 558.377782821655 521.630935668945 524.507266998291 475.672760009766 587.603801727295 651.913879394531 764.61669921875 860.290313720703 685.866718292236 726.40601348877 831.083282470703 756.65966796875 612.000478744507 588.797710418701 664.817859649658 642.782361984253 596.233135223389 560.704475402832 572.889167785645 489.123321533203 575.600780487061 559.221118927002 735.085174560547 697.05135345459 663.370532989502 656.168598175049 508.760406494141 483.717704772949 596.133246421814 630.354207992554 716.767776489258 659.821991920471 637.393645644188 691.115253448486 782.274612426758 614.272682189941 620.686321258545 625.523996353149 626.901107788086
534.097442626953 528.380004882812 513.751358032227 612.150947570801 645.865005493164 697.960037231445 524.025825500488 797.128072738647 565.526351928711 890.291311264038 489.70153427124 444.895792007446 496.779939174652 510.474153518677 414.22057723999 444.770874023438 580.010946273804 676.19164276123 747.480293273926 932.006973266602 568.625343322754 541.667041778564 625.998825073242 642.040702819824 746.941482543945 548.991714477539 645.401636123657 513.522232055664 508.609100341797 708.686195373535 590.427192687988 637.650096893311 581.991512298584 761.752090454102 534.137062072754 556.335578918457 657.403820037842 604.715393781662 678.148208618164 740.381729125977 560.053184509277 551.767654418945 541.025756835938 472.702728271484 628.271648406982 655.335999488831 705.677116394043 582.18408203125 549.829414367676 633.703947067261
575.150241851807 612.790686741471 425.708198547363 329.741096496582 375.953889846802 616.477874755859 303.413360595703 713.938085973263 558.146476745605 671.1881980896 770.614715576172 567.977214813232 642.264217376709 637.207571983337 648.880598068237 582.249805450439 455.327323913574 537.879156112671 575.075246267021 1053.07043457031 759.293685913086 623.873321533203 849.483289718628 910.272232055664 612.045673370361 671.005913972855 612.797622680664 607.754684448242 668.469079971313 611.722114086151 575.145396232605 569.057662963867 658.989475250244 723.941596984863 654.829374313354 670.937911987305 702.364418029785 664.818965911865 697.088645935059 535.182426452637 711.649223327637 734.093109130859 523.765556335449 556.889549255371 697.103759765625 871.790481567383 755.034049987793 771.601066589355 660.038455232978 561.911270141602
441.648178100586 555.725555419922 565.222526550293 594.424631118774 718.506889343262 683.470985412598 434.023052215576 582.899253845215 677.6318359375 590.287384033203 614.254501342773 627.748916625977 738.787883758545 823.090591430664 768.65248298645 818.799209594727 620.755516052246 628.878246307373 619.965719223022 920.212951660156 684.783699035645 561.678466796875 713.361236095428 622.27370262146 1034.5223236084 700.69849395752 566.930923461914 787.337799072266 664.79243850708 431.98974609375 578.553409576416 502.300300598145 872.956726074219 719.942722320557 565.510284423828 575.138801574707 580.965656280518 685.551300048828 607.622825622559 614.081306099892 670.412689208984 775.836143493652 619.723125457764 625.763271331787 745.357131958008 808.096633911133 760.252212524414 651.16540145874 679.872631549835 600.43643951416
500.158742904663 622.405603170395 758.767295837402 649.429405212402 -9999 -9999 -9999 -9999 -9999 -9999 -9999 -9999 -9999 -9999 -9999 789.500038146973 741.788175821304 730.025144100189 742.393805503845 645.286457061768 757.708946228027 677.123401641846 672.315422058105 590.432456970215 686.528293132782 613.219854354858 861.961120605469 612.172904968262 661.946170806885 729.484039306641 495.368968963623 604.528287887573 710.461349487305 682.360584259033 668.869690895081 683.515857696533 790.457962036133 736.902000427246 625.617752075195 602.965188980103 626.880262374878 758.416007995605 764.861465454102 809.466033935547 729.387664794922 875.536911010742 669.695669174194 800.132690429688 639.349502563477 693.051666259766
-9999 -9999 -9999 -9999 -9999 -9999 -9999 -9999 -9999 -9999 -9999 -9999 -9999 -9999 -9999 -9999 -9999 -9999 772.430164337158 781.777709960938 870.242340087891 879.244812011719 743.87247389555 745.747688293457 633.591499328613 618.05322265625 502.019454956055 595.155769348145 641.408180236816 541.32084274292 531.306552886963 967.246086120605 647.341464042664 742.675598144531 732.595237731934 745.928939819336 775.534225463867 771.71240234375 653.432414054871 538.220840454102 555.261734008789 762.017730712891 727.009674072266 676.125714302063 757.869705200195 731.602401733398 724.289141654968 652.759576797485 652.933765411377 713.341857910156
