simdem/realisation51.asc
NCOLS 350 
NROWS 171 
XLLCORNER 152620 
YLLCORNER 418050 
CELLSIZE 100 
NODATA_value -9999 
[rows 44 to 65 of 171, columns 250 to 299 of 350]
700.871796607971 661.422019958496 797.020644187927 747.939043045044 785.58943939209 786.3994140625 738.837425231934 732.098899841309 735.441237926483 697.265476226807 597.527328491211 589.650543212891 656.12894821167 738.862106323242 928.488876342773 929.012145996094 798.468795776367 777.083936691284 729.304668426514 970.842987060547 918.565994262695 832.17618560791 802.675720214844 783.456938743591 803.979175567627 753.547008514404 705.864288330078 695.781784057617 945.219184875488 724.472770690918 801.567638397217 928.822677612305 876.989848136902 859.688090324402 811.621019005775 849.449181556702 803.379661560059 927.306545257568 962.672817230225 779.108551025391 755.845985412598 792.260410308838 884.945365905762 857.19467830658 844.424648284912 861.501216888428 749.499626159668 847.934860706329 803.667734146118 770.125816345215
519.852920532227 727.736846923828 783.836555480957 709.238297462463 753.829978942871 816.013641357422 772.424312591553 795.945934295654 809.090553283691 614.448783874512 599.70703125 592.760940551758 706.41069984436 737.873247146606 791.818588256836 865.208801269531 712.797742843628 788.109573364258 789.415831446648 878.179260253906 867.483367919922 656.077941894531 805.611671447754 788.20711517334 817.249572753906 762.593677520752 729.89616394043 719.106182098389 800.967582687736 1020.28373575211 1040.68121337891 1005.27055358887 1081.64925384521 985.102584838867 778.835262298584 813.453805923462 877.893653869629 733.552841186523 1397.08315753937 1016.00322723389 783.191814422607 1161.75983047485 746.6435546875 911.484840393066 871.693686008453 783.969676971436 996.89208984375 747.557083129883 870.894002914429 796.111038208008
508.63493347168 592.227760314941 670.854999542236 791.479049682617 711.982358932495 721.740747451782 781.202983856201 771.419609069824 881.706497192383 598.872268676758 641.34342956543 610.856300354004 764.236461639404 864.557830810547 805.772163391113 767.535461187363 903.954574584961 680.381423950195 784.768836975098 698.494743347168 757.079816818237 752.363111495972 719.617908477783 682.73176574707 562.625564575195 1167.35952758789 734.129234313965 1037.10527038574 1219.35391235352 691.241771697998 851.081825256348 773.595588684082 855.566398620605 825.184078216553 1013.11337280273 1518.01910400391 1234.29288673401 777.49382019043 1339.93831443787 1314.37184524536 870.650254845619 828.269786834717 964.682052612305 807.155899047852 1127.19178390503 952.99916267395 1521.06731033325 769.599647521973 782.807670593262 973.811065673828
551.924179077148 677.155708312988 761.160312652588 677.392156600952 640.896305084229 598.883506774902 642.789909362793 585.862518310547 696.153610229492 669.243984222412 744.469760894775 595.310852050781 686.052551269531 738.170377731323 779.482454299927 832.722618103027 681.134620666504 740.746883392334 680.692405700684 681.231178283691 776.915134429932 696.389595031738 690.828586578369 632.005172729492 583.801773071289 949.311767578125 605.84521484375 1181.97755527496 875.303665161133 1310.56446075439 685.305084228516 757.566925048828 871.773252487183 1167.52107334137 984.173271179199 1115.5097990036 1378.2544708252 843.711599349976 1299.01189422607 1030.42641067505 758.522720336914 895.72310256958 1392.2585144043 985.599128246307 940.443428039551 1029.12093734741 938.150421142578 939.895851135254 923.8464012146 912.55443572998
617.638702392578 686.711177825928 762.798717498779 711.113395690918 726.838106155396 605.651245117188 642.558158874512 499.897659301758 698.491645812988 622.288391113281 671.555709838867 826.713760375977 764.657289028168 751.93328332901 867.465179443359 687.757671356201 676.362365722656 689.323699951172 715.230975151062 659.412727355957 668.642921447754 718.416532516479 829.4462890625 673.064361572266 710.726364135742 620.136383056641 660.90682220459 902.350530147552 639.177536010742 1023.53126525879 1239.43081665039 587.055801391602 804.938606262207 796.02946472168 855.210196018219 760.431373596191 1182.12429666519 830.146478652954 1629.0472869873 932.242279052734 924.736213684082 892.257820129395 1152.48464202881 749.223121643066 780.474758148193 993.131484985352 962.218975067139 2051.84255218506 1004.07695007324 909.319030761719
717.431364059448 672.700881958008 652.524864196777 775.856243133545 772.100933074951 706.146842956543 657.430534362793 575.805023193359 706.739332199097 659.812282562256 621.462448120117 762.627147674561 803.922752380371 621.908020019531 859.379867553711 856.864532470703 786.26420211792 647.524269104004 695.230140686035 616.203048706055 714.514675140381 746.422486305237 594.963317871094 661.182861328125 712.796821594238 1061.03417205811 936.452939987183 901.7555809021 623.838897705078 701.721244812012 742.637954711914 719.215530395508 743.910659790039 739.418895721436 1150.9608001709 833.988119125366 764.610160827637 793.212182998657 944.224852561951 700.018363952637 823.927680969238 897.936298370361 845.522384643555 995.028450012207 588.732162475586 749.727020263672 837.526725769043 831.402168273926 928.257339477539 749.203964233398
565.136169433594 562.273681640625 516.355407714844 731.910579681396 620.645660400391 802.161590576172 671.988510131836 690.342774391174 639.573425292969 712.505508422852 730.238188743591 590.56795501709 817.876960754395 736.311157226562 755.427494049072 778.040512084961 737.029462814331 774.848114013672 688.538209915161 582.976715087891 709.133075714111 712.966426849365 697.761795043945 649.778213500977 651.991027832031 788.295509815216 818.798233032227 882.289978027344 772.332542419434 741.740966796875 984.036270141602 805.875259399414 613.798034667969 662.789367675781 862.85466003418 714.747383117676 838.708013534546 1317.58435058594 907.318920135498 888.77458190918 1081.30173492432 825.651184082031 713.901809692383 918.048763275146 960.452125549316 827.750984191895 856.953277587891 1162.41527938843 1003.49452590942 703.144065856934
558.675308227539 628.099060058594 671.182643890381 738.574119567871 776.517078399658 697.351994514465 682.542726516724 772.940265655518 734.465257644653 719.094339489937 823.14510345459 777.832036972046 795.206985473633 756.65217590332 778.025535583496 776.126720428467 763.121101379395 770.684513092041 787.228118896484 630.33373260498 797.085918426514 822.653839111328 761.112480163574 627.390754699707 690.246604919434 806.033950805664 819.578720092773 578.661895751953 860.866275787354 968.781578063965 1073.87487983704 937.606246948242 769.227111816406 1238.2021484375 1000.0700378418 788.68482208252 839.417125701904 906.94063949585 895.619114875793 833.51830291748 926.138049125671 717.599456787109 758.824939727783 1022.74296569824 952.628570556641 747.106956481934 969.956871032715 753.031227111816 941.779029846191 922.731605529785
892.49340057373 689.930709838867 684.063022613525 801.291313171387 747.183235168457 751.931823730469 730.159618377686 710.629234313965 625.572898864746 807.25439453125 759.553909301758 774.702758789062 809.68049621582 620.722877502441 734.663379669189 776.508369445801 645.115051269531 720.611518859863 792.698127746582 700.79271697998 764.235415458679 736.516874313354 677.231880187988 550.072830200195 658.910781860352 814.115097045898 710.647857666016 695.040344238281 805.790418148041 879.303600311279 619.727363586426 652.410552978516 823.331878662109 1064.24749755859 730.659545898438 616.80598449707 988.114227294922 617.720962524414 736.91455078125 716.384567260742 642.088012695312 762.362789154053 727.304702758789 754.794723510742 805.28446149826 756.568347930908 1275.38653373718 981.524795532227 891.360572814941 781.234481811523
565.409309387207 854.751022338867 855.039242744446 829.086944580078 766.775527954102 689.125005722046 674.051866531372 698.707437515259 696.031028747559 819.850494384766 1283.57285308838 819.052207946777 679.53279876709 774.28050994873 951.080047607422 1048.26736736298 749.834945678711 623.988220214844 595.332061767578 1668.1597442627 896.889793395996 584.455535888672 715.461898803711 1245.42633056641 634.004302978516 719.211906433105 601.356582641602 695.305526733398 781.207522630692 820.336603164673 795.673763275146 1036.35421562195 751.412261962891 885.590263366699 622.313781738281 1188.26992797852 704.362152099609 849.06916809082 684.401214599609 653.685974121094 1155.6794128418 769.118571281433 728.678916931152 772.562864303589 883.504638671875 730.587181091309 813.058935165405 797.136528968811 805.439651489258 795.053516387939
574.050758361816 551.514099121094 569.985496520996 563.182144165039 656.024299621582 827.533767700195 606.942535400391 620.763896942139 776.45453453064 936.176498413086 784.780281066895 1419.51222229004 851.677366256714 1207.52053833008 1147.59325790405 1782.75166702271 628.447257995605 704.971618652344 845.950531005859 661.894931793213 478.987243652344 300.236297607422 465.618774414062 711.743881225586 620.479736328125 679.961029052734 667.848197937012 795.909172058105 722.30632019043 606.311248779297 821.790013313293 830.300277709961 1130.3756980896 768.702682495117 862.922431945801 999.034717559814 1195.97875976562 795.189964294434 648.500900268555 746.831695556641 983.870769500732 876.246296405792 850.135704040527 920.456771850586 851.924161911011 918.268501281738 916.258186340332 967.313980102539 879.046855926514 749.875457763672
608.053604125977 721.594089508057 750.41527557373 812.556121826172 710.38067817688 632.976753234863 544.311241149902 1218.19989013672 786.378311157227 908.522567749023 883.256317138672 571.817016601562 577.347396850586 610.276123046875 580.154663085938 1370.65473937988 526.494903564453 1142.52877807617 715.125358581543 625.568740844727 1213.24365234375 910.092346191406 1573.70758056641 637.823638916016 959.658554077148 1263.8910446167 627.979385375977 568.694686889648 806.319539815187 762.22151184082 933.747938156128 880.766136169434 844.978775024414 838.263991832733 1123.64878845215 800.712051391602 1043.3583984375 999.83699798584 693.232727050781 1080.13771057129 1380.09292888641 1040.30422210693 1446.41240692139 643.827682495117 760.563858032227 688.898780822754 750.639179229736 813.535958766937 722.966201782227 589.092727661133
555.29443359375 683.067563056946 680.865872144699 672.602367401123 717.223594665527 794.520935058594 671.07470703125 522.049163818359 575.758232116699 696.258658885956 713.997606277466 693.677261352539 729.079048156738 859.572273254395 657.968154907227 564.32048034668 791.921173095703 619.718139648438 565.970932006836 675.68473815918 567.341400146484 366.196441650391 1690.76272583008 1778.99913024902 666.500915527344 933.021877288818 654.520080566406 710.073120117188 670.174613952637 655.801284790039 747.359041213989 841.338584899902 908.374145507812 982.534077644348 947.033111572266 798.307585835457 544.622985839844 922.640617370605 892.760501861572 1264.36440467834 655.829605102539 898.011989593506 780.866079330444 738.986610412598 867.914443969727 784.020889282227 814.984956741333 787.389225006104 596.723876953125 709.195678710938
501.686370849609 564.042449951172 667.685281157494 593.050689697266 645.235679626465 726.878444671631 726.742290496826 731.879531860352 662.358573913574 703.312440872192 767.009407043457 769.489250183105 797.703475952148 752.760719299316 680.098731994629 594.354850769043 764.115676879883 687.497062683105 697.007301330566 775.08617401123 755.776842832565 668.846633911133 1021.05673217773 542.031341552734 796.599269866943 815.225791931152 794.44287109375 714.534851074219 553.101806640625 616.818557739258 742.541900634766 867.960109710693 765.140342712402 858.864986419678 942.792190551758 1372.51001548767 682.717269897461 721.25244140625 854.538360595703 737.251768112183 663.303314208984 757.101806640625 735.651386260986 658.561904907227 732.531158447266 776.537744522095 868.503040313721 809.594404220581 367.001708984375 745.317138671875
542.794174194336 647.102384567261 712.081237792969 561.406051635742 642.992088317871 736.302093505859 731.137546539307 695.277731895447 743.092185974121 747.820686340332 746.51887512207 656.391380310059 610.545829772949 759.964233398438 795.286193847656 714.994617462158 712.406225204468 653.417030334473 635.048355102539 728.101234436035 806.771371588111 683.397888183594 941.930465698242 544.667587280273 997.016334533691 828.751598358154 724.720481872559 819.686878204346 769.648617744446 798.467758178711 815.214609146118 786.545455932617 761.072784423828 730.521606445312 674.022895812988 681.817047119141 934.980903625488 849.332900047302 779.122673034668 834.970350265503 839.720039367676 743.690872192383 739.380340576172 690.785339355469 728.312965393066 817.655605316162 844.040912628174 648.073120117188 831.785186767578 1782.35400390625
626.457996368408 680.847215652466 666.511773109436 676.050168037415 619.436073303223 597.656410217285 713.594242095947 651.75724029541 658.234020233154 846.29231262207 871.448028564453 690.923550248146 749.20915222168 842.286437988281 777.227279663086 666.896217346191 687.264905929565 725.493923187256 656.888343811035 947.810386657715 808.330330848694 783.771530151367 606.638793945312 697.957763671875 604.941757202148 727.11820602417 663.668186187744 766.894378662109 757.379061698914 791.596871376038 742.904006958008 743.928107261658 838.707572937012 809.474235534668 681.758411407471 791.976108551025 884.080749511719 1054.87466430664 784.548400878906 803.464679718018 579.97444152832 744.195133209229 640.327407836914 715.231506347656 732.369117736816 695.198806762695 725.387878417969 500.868713378906 1320.15007019043 1437.11825561523
655.691484451294 649.819302558899 726.924541473389 698.156360626221 653.50471496582 744.164260864258 658.15022277832 704.519474029541 624.8825340271 701.938714981079 698.297750473022 734.569465637207 896.355834960938 858.724029541016 743.508819580078 729.567487716675 725.939317703247 719.697800636292 706.347707748413 721.923871994019 1138.32087898254 1136.57388305664 612.084320068359 682.335029602051 530.372634887695 724.465721130371 929.061324119568 852.357917785645 834.347091674805 1017.85336303711 721.078015327454 665.660461425781 684.828502655029 723.99617266655 746.039326667786 745.247986316681 820.956451416016 920.67643737793 1279.66873168945 775.624027252197 745.530290603638 621.96565246582 672.358558654785 742.083545684814 708.515518188477 789.17955493927 670.915603637695 575.831008911133 681.186279296875 1185.57221984863
684.147718429565 766.202941894531 688.915760040283 728.794097900391 770.321983337402 745.963008880615 720.115898132324 744.114547729492 573.986854553223 778.731399536133 796.30965423584 663.044459342957 666.621208190918 821.33772277832 771.827560424805 704.072971820831 647.129947662354 638.125442504883 730.768447875977 641.779289245605 623.224090576172 643.055641174316 594.874221801758 641.953544616699 709.7301902771 745.610801696777 717.265951156616 858.692901611328 688.947454452515 1287.48164367676 763.150663375854 758.379085540771 741.008848190308 821.60807800293 723.722556114197 703.434200286865 829.802001953125 974.297409057617 799.529277801514 618.817672729492 615.695983886719 659.069244384766 782.661305427551 721.794380187988 781.723097085953 684.852073669434 832.308692932129 881.03604888916 533.407913208008 581.948745727539
574.308769226074 651.541622579098 685.181032180786 661.60599899292 668.659579753876 731.574962615967 767.535690307617 782.930839538574 719.142841339111 783.830741882324 704.354520797729 647.688007354736 611.974510192871 763.493583679199 724.731204986572 591.262023925781 650.439468383789 599.644821166992 729.065328598022 681.39478302002 681.987815856934 686.556663513184 655.917541503906 587.923522949219 667.716995239258 917.079986572266 846.469749450684 748.180249214172 704.800384521484 804.451148986816 653.942581176758 809.433227539062 748.642973899841 673.467624664307 751.249931335449 884.35481262207 777.706260681152 747.869108200073 602.327423095703 701.193542480469 584.913787841797 675.954383850098 785.186846733093 784.033256173134 848.814964294434 878.695030212402 828.054077148438 770.732532501221 697.624549865723 597.939331054688
669.621964454651 677.095615386963 618.349117279053 604.839168548584 697.568523406982 705.728248596191 634.243705749512 662.813885688782 708.31400680542 774.230659484863 712.980381011963 641.02868270874 695.47460269928 638.471588134766 655.467247009277 623.18603515625 664.625280380249 636.560590744019 775.315673828125 709.878578901291 709.091911315918 777.816596984863 732.040874481201 645.302173614502 649.531871795654 722.643820405006 698.033414840698 818.831855773926 681.237831115723 582.15258026123 756.999835968018 788.515293121338 858.432388305664 712.181338310242 843.021331787109 786.571781158447 690.35319519043 610.042503356934 626.535400390625 605.913940429688 588.653411865234 646.331298828125 933.65852355957 783.75328540802 848.018898010254 856.552612304688 805.910711288452 850.303634643555 767.070786476135 815.945182800293
775.476150512695 709.337104797363 714.113231658936 542.977600097656 571.320594787598 763.765846252441 698.174921035767 510.9736328125 700.143707275391 678.471202015877 662.348959922791 627.255523681641 672.862537384033 622.963134765625 609.728454589844 559.539993286133 621.666809082031 881.926223754883 809.382385253906 880.889991760254 762.812191009521 808.966865539551 728.044839501381 654.989368438721 620.859771728516 512.117218017578 670.183319091797 721.548683166504 686.634044647217 656.912334442139 643.420257568359 688.268737792969 643.674873352051 825.361198425293 1048.658203125 755.544910430908 668.746120452881 601.70694732666 538.832229614258 693.947505950928 821.305938720703 752.28603887558 882.437370300293 558.982620239258 670.127952575684 670.154136657715 755.50066947937 808.78829574585 749.449834823608 755.17520236969
770.299224853516 667.907302975655 667.343966960907 734.793525695801 644.488510131836 558.77507019043 559.95272064209 380.645568847656 590.634239196777 547.374961853027 679.554309844971 681.24701821804 687.039052009583 579.365089416504 666.66334104538 697.570266723633 747.831329345703 864.096389770508 652.954475402832 763.662033081055 680.573707580566 735.328659057617 744.363838195801 667.203136444092 595.287780761719 636.838813781738 700.89755821228 674.101207733154 757.982490539551 672.248302459717 588.060745239258 671.656276702881 741.77234172821 818.550575256348 692.34259223938 700.457893371582 670.676452636719 613.809356689453 728.596748590469 844.24967956543 803.037208557129 690.951953887939 736.680480957031 560.533569335938 733.626644134521 765.785903930664 795.745683670044 655.241104125977 667.37922668457 722.588882446289
