simdem/realisation88.asc
NCOLS 350 
NROWS 171 
XLLCORNER 152620 
YLLCORNER 418050 
CELLSIZE 100 
NODATA_value -9999 
[rows 22 to 43 of 171, columns 200 to 249 of 350]
821.92317199707 713.147663116455 655.472398757935 759.705421447754 745.298889160156 714.710025787354 748.595413208008 625.670310974121 779.361457824707 662.826522827148 744.773834228516 716.502565383911 645.188758850098 563.460548400879 600.048194885254 720.014995574951 733.87313079834 728.06014251709 546.782653808594 563.939529418945 657.554050445557 618.464794158936 612.566383361816 806.256927490234 895.13688659668 719.177146911621 725.418698310852 750.986259460449 715.093855857849 748.893287658691 839.791557312012 646.699882507324 717.798078536987 663.37833404541 701.121444702148 807.751724243164 756.239698410034 758.18722820282 648.042411804199 776.834769964218 819.605434417725 734.270911216736 707.409717559814 840.452702522278 823.156707763672 1286.08388519287 816.781875610352 963.155334472656 971.062767028809 925.440422058105
734.252819061279 660.08854675293 733.996913909912 690.189798355103 639.069990158081 714.976898193359 651.139225482941 641.744953155518 607.803245544434 652.509177207947 677.49690246582 636.086641311646 736.255636692047 589.335899353027 673.717157363892 757.414215087891 747.345878601074 662.894969940186 482.444900512695 602.564449310303 655.297128677368 610.891986846924 634.255096435547 754.498161315918 725.377098083496 564.909240722656 757.301307678223 679.3962059021 739.387334823608 830.125595092773 817.465286254883 744.017439842224 793.017974853516 828.144592285156 776.21603012085 669.090065002441 722.717523574829 740.396322250366 697.112373352051 786.277807235718 846.338153839111 755.778881072998 782.076488494873 900.048454284668 899.632392883301 881.185768127441 876.561735153198 1100.55516052246 953.421340942383 1416.98223114014
703.256614685059 713.779850006104 713.499849319458 870.595901489258 750.018142700195 721.042026519775 693.017799377441 696.5419921875 641.810928344727 626.905391693115 768.279907226562 695.820331573486 579.425201416016 696.048555850983 490.545440673828 669.072284698486 632.270408630371 610.585433959961 608.016597747803 666.164910554886 735.827175140381 640.01522064209 729.797500610352 625.741714477539 753.768859863281 611.34203338623 659.44898223877 858.700439453125 650.127235412598 640.448211669922 712.376351833344 699.549823760986 657.78133392334 877.847396850586 650.933433532715 673.881256103516 678.798629760742 703.04386138916 702.202770233154 808.345321655273 907.960250854492 963.917770385742 854.859107971191 912.352760314941 739.429489135742 818.482955932617 1016.81811523438 1007.59834289551 886.975811004639 751.315837860107
631.694061279297 665.165551185608 652.782954260707 761.521965026855 597.846858978271 752.568420410156 566.138145446777 646.772086620331 619.694650650024 795.090972900391 646.819873809814 709.470825195312 647.950123786926 480.027404785156 370.740875244141 509.13773727417 673.537670135498 591.73893737793 571.582046508789 669.903548240662 683.982277393341 650.055934906006 621.014335632324 585.615623474121 712.136688232422 719.331212997437 718.58317565918 701.98201751709 622.757270812988 730.166926383972 594.041450500488 753.671539306641 631.20202255249 714.687015533447 705.304636001587 654.805038452148 719.091327667236 673.693622589111 694.804008483887 661.813735961914 701.76778793335 780.013181686401 801.490777492523 864.762573242188 876.874256134033 974.793342590332 1043.02201843262 979.307411193848 829.655144691467 739.684555053711
677.851348876953 670.898754119873 646.561822891235 679.333938598633 669.17004776001 694.985626220703 601.413465499878 596.263458251953 660.028812408447 605.128196716309 694.052299499512 607.211040496826 527.028953552246 708.849044799805 417.343574523926 563.165641784668 670.348972320557 524.782516479492 509.257522583008 667.128875732422 662.001003265381 600.718399047852 655.120936512947 658.773982048035 690.920583724976 706.514595031738 745.981155395508 777.747688293457 818.403381347656 667.307292938232 695.451478004456 725.87410736084 850.777114868164 856.109069824219 923.86701965332 768.978591918945 802.771591186523 781.486000061035 776.221176147461 694.448726654053 759.352468490601 739.722389221191 659.806518554688 703.761833190918 776.487823486328 886.925235748291 920.085136413574 1076.12501525879 933.997200012207 821.690467834473
606.612028121948 615.620859146118 769.755325317383 771.147415161133 621.985132217407 621.458772659302 551.281253814697 577.816131591797 578.889915466309 731.062797546387 639.770629882812 658.479095458984 708.564498901367 525.126163482666 520.097930908203 484.899810791016 600.172386169434 528.041584014893 640.880546569824 558.850214004517 658.099306106567 535.371154785156 741.038093566895 520.227310180664 692.895891189575 728.353759765625 647.308555603027 736.695545196533 722.662721633911 667.92395401001 689.955940246582 790.937149047852 645.374870300293 820.806907653809 796.39563369751 732.240139603615 964.458480834961 761.492881774902 638.949356079102 796.906711578369 814.546806335449 851.213905334473 803.624236106873 844.226322174072 738.932678222656 888.357898712158 896.462902069092 881.92130279541 787.594009399414 861.331569671631
516.404426574707 622.902683258057 592.889383792877 533.15998840332 637.923416137695 631.25842666626 521.174102783203 591.215892791748 695.038238525391 686.293907165527 566.975549697876 611.10022354126 735.575439453125 597.641441345215 568.393493652344 414.250595092773 671.685138702393 630.369045257568 710.626541137695 495.756103515625 600.411903381348 662.759157761931 836.925033569336 719.527233123779 582.725280761719 657.958859443665 776.307647705078 718.186462402344 758.155479431152 793.659767150879 745.805957794189 692.437587380409 686.502447605133 641.984390258789 714.740325927734 601.905860900879 712.921133041382 848.648246765137 604.100914001465 776.30687713623 739.859143733978 810.47861289978 745.107883453369 867.167037963867 868.428386688232 816.183897018433 799.866016387939 823.108999729156 772.746842205524 881.539710998535
634.457546234131 676.20344543457 533.829990386963 467.185981750488 469.891624450684 528.643367767334 415.21565246582 679.577629089355 584.401940345764 681.874542236328 585.12245464325 773.321098327637 689.019424438477 687.160171508789 732.920593261719 635.734756469727 480.643137931824 506.742401123047 624.925117492676 496.739944458008 471.530426025391 792.608154296875 802.274597167969 845.552444458008 692.941940307617 820.500305175781 860.144332885742 696.63477897644 816.814071655273 838.704742431641 670.200525283813 685.506131827831 621.041481018066 644.073261260986 711.756683349609 827.502685546875 742.916725158691 679.313205718994 655.144813537598 808.536315917969 841.299766540527 685.875045776367 674.991012573242 766.825830459595 692.865592956543 836.749286651611 788.548233032227 869.149143218994 871.359130859375 698.074722290039
650.337100982666 719.044509887695 556.471075057983 573.668731689453 455.085502624512 448.102844238281 470.951286315918 462.492012023926 621.09073638916 587.268294334412 530.826522827148 630.846473693848 518.675987243652 533.770610809326 538.042079925537 519.413352966309 410.801368713379 404.264907836914 513.256286621094 388.722900390625 575.836311340332 637.855628609657 670.180604934692 799.017318725586 752.898910522461 712.209373474121 886.853881835938 699.546794891357 698.923717498779 653.484956741333 713.008113861084 797.879257202148 677.841117858887 642.356227874756 695.243339061737 825.408432006836 688.117601394653 633.392784118652 727.284600973129 806.106346130371 776.02219581604 817.384231567383 843.794982910156 874.809043884277 695.038963317871 798.802951812744 809.79581451416 772.685910463333 753.066711425781 709.553352355957
635.925755500793 556.300197601318 479.009727478027 602.60694694519 529.492938995361 478.885795593262 384.287475585938 509.875267028809 634.616661071777 670.865188598633 625.325752258301 511.686859130859 524.123611450195 483.246963500977 451.701507568359 339.825531005859 402.030319213867 489.770462036133 493.605033874512 585.843730926514 626.333845496178 512.802749633789 693.24845123291 714.73787689209 580.73363494873 697.190891265869 652.733892440796 758.679946899414 632.453050613403 674.38429069519 712.3434715271 870.384658813477 651.178175926208 690.383263587952 781.519813537598 631.964744567871 862.838943481445 761.533760070801 701.429207801819 749.464679718018 652.851593017578 671.972648620605 727.354496002197 826.270816802979 810.128158569336 793.296154022217 809.945495605469 847.12540435791 844.327175140381 951.572174072266
535.832592010498 509.466865539551 548.331554412842 535.413467407227 736.317459106445 682.213874816895 616.286903381348 566.901694297791 686.145988464355 595.852039337158 540.437782287598 513.641479492188 511.86784362793 655.468021392822 495.016562461853 535.802299499512 390.866897583008 626.540508270264 533.127704620361 576.096767425537 599.425605773926 700.810340881348 732.812255859375 732.297241210938 675.408857345581 733.275688171387 712.500526428223 689.318025588989 619.179821014404 510.56559753418 647.629915237427 763.752380371094 723.123886108398 740.790817260742 649.758743286133 560.86840057373 651.810535430908 689.886363983154 729.837197303772 761.012907028198 750.845273017883 747.944055557251 674.926208496094 684.442695617676 698.05704498291 788.215344905853 816.259517669678 814.632043838501 801.260467529297 756.97110748291
643.889080047607 554.508120536804 530.284954071045 636.693870544434 745.076034545898 531.435039520264 716.529373168945 598.13208770752 585.382506370544 660.421539306641 616.133812904358 609.998315811157 538.65274810791 656.780529022217 575.95703792572 440.245574951172 516.809238433838 564.290477752686 694.298022270203 633.932486534119 606.786975860596 599.704742431641 724.603439331055 683.277236938477 627.346155166626 700.165000915527 827.704895019531 532.656005859375 739.983795166016 587.762783050537 784.838928222656 704.867414474487 721.122756958008 761.910430908203 757.453147888184 797.577339172363 629.415267944336 719.060189008713 653.16499710083 659.011940002441 727.010736465454 658.906997680664 739.161624908447 717.429236888885 765.156120210886 718.492950439453 905.772552490234 891.135047912598 817.05904006958 689.435646057129
653.006156921387 652.157554626465 499.438583374023 574.317008972168 517.75505065918 669.45092010498 681.902917861938 629.169153213501 670.434982299805 712.009063720703 631.294162750244 552.555759429932 671.615341186523 589.720611572266 608.901598930359 416.53897857666 476.331466674805 588.494201660156 585.252742767334 574.421539306641 685.711837768555 655.10174369812 772.300491333008 689.685520172119 579.926971435547 784.307022094727 743.079200744629 764.13508605957 675.460977554321 519.775970458984 599.169342041016 703.647079467773 675.361123085022 733.531150817871 716.233402252197 687.635968208313 511.50373840332 601.422897338867 611.743019104004 715.743925094604 784.344940185547 766.114236831665 747.676685333252 774.47371673584 702.594570159912 609.467544555664 592.404907226562 822.199382781982 835.864784240723 813.059185028076
533.727392196655 725.402526855469 739.880752563477 671.979652404785 685.856468200684 784.135314941406 719.825973510742 622.217399597168 604.560213088989 714.263664245605 766.56559753418 860.661163330078 879.819442749023 838.033203125 621.486855506897 378.062629699707 353.788772583008 462.175064086914 519.046318054199 584.745025634766 712.507513046265 578.600448608398 530.647605895996 633.87588596344 667.482925415039 624.77930355072 688.973564147949 713.271743774414 708.793354034424 697.690742492676 690.746601104736 637.087238311768 728.732559204102 784.503997802734 714.970918655396 795.910400390625 704.334837436676 682.648796081543 770.356033325195 722.118202209473 670.429054260254 727.605568408966 734.11606502533 541.164459228516 715.213863372803 827.057579040527 728.698598861694 778.718532562256 861.775650024414 759.915534496307
693.436828613281 662.061416625977 656.676963806152 755.082855224609 745.732208251953 737.303970336914 625.907356262207 520.475231170654 651.936214447021 641.771659851074 595.224665746093 1253.68547821045 687.844947814941 848.529998779297 737.083608627319 514.304229736328 485.063262939453 476.440246582031 592.199461936951 672.471836090088 691.253818511963 600.08744430542 524.7626953125 530.234573364258 494.63028717041 732.149360656738 570.472518920898 663.661729812622 693.429462432861 845.362457275391 776.418014526367 828.566680908203 723.665069580078 602.567672729492 553.763877868652 699.575222015381 764.179817199707 750.891750335693 606.969398498535 762.55415725708 686.577362060547 660.4150390625 755.191993713379 518.482925415039 549.69938659668 592.298851013184 655.328948974609 643.263481140137 732.028838157654 771.463947296143
575.207021713257 520.705703735352 737.260536193848 578.431003570557 678.618560791016 572.71027302742 715.120651245117 583.007223129272 517.20841217041 511.949287414551 555.646743774414 1040.26390838623 763.213256835938 838.735294342041 756.537536621094 555.231098175049 577.327411651611 544.931999206543 594.259704589844 522.071342468262 598.110042572021 780.382064819336 708.77912902832 545.160400390625 665.45862197876 713.895347595215 581.738067626953 677.533363342285 637.079801559448 668.596955776215 691.728622436523 885.538497924805 837.547225952148 772.317474365234 552.60791015625 673.819423675537 739.239681243896 772.959854125977 723.333684444427 567.31559753418 729.37859249115 784.683177947998 645.817512512207 602.429618835449 774.54931640625 640.931381225586 699.534015655518 851.041069030762 790.786247253418 813.63306427002
699.390075683594 626.689807891846 512.133232116699 601.230514526367 554.184106826782 629.359617233276 675.943344116211 600.520179748535 497.37776184082 541.623664855957 457.488372802734 463.902694702148 515.012657165527 510.145294189453 574.272094726562 658.637145996094 603.151379823685 532.162231445312 596.032278060913 636.637839317322 611.078536987305 606.184791564941 611.670143127441 534.940010070801 586.158325195312 770.054748535156 642.176442146301 627.749626636505 631.855386734009 578.791007995605 678.832912445068 649.994721412659 792.101257324219 671.867862701416 571.731239318848 589.75479888916 712.092250823975 747.716846466064 863.054901123047 709.54976940155 771.03551864624 678.386562347412 807.045639038086 727.331914901733 625.350700378418 660.389755249023 724.729581832886 842.420600891113 816.198989868164 943.630676269531
561.954259872437 514.495258331299 654.201332092285 547.096300125122 547.529964447021 524.978881835938 605.253566741943 766.51513671875 616.960783958435 602.6236743927 601.954961776733 479.55525970459 489.617599487305 549.792169570923 510.620819091797 575.387985229492 684.170845031738 626.604432106018 624.976373672485 650.390018463135 644.556748390198 649.854189872742 601.196418762207 602.929157733917 568.978816986084 704.692341804504 485.506423950195 492.504058837891 597.663288116455 545.005187988281 650.30611038208 871.725799560547 749.325347900391 633.42391204834 647.711799621582 658.644687652588 746.473243713379 743.112491607666 689.411870002747 779.909896850586 704.589649200439 698.444355010986 703.168981552124 556.426010131836 583.895706176758 649.422508239746 742.543098449707 832.197982788086 730.998963832855 608.204307556152
589.271059036255 531.30252456665 526.718070983887 632.16276550293 469.768478393555 503.430419921875 644.985389709473 774.169357299805 714.457702636719 629.962844848633 577.076862335205 495.281646728516 566.875749588013 485.74210357666 566.931526184082 623.881492614746 586.24728012085 663.64253616333 720.316162109375 505.380157470703 589.907975435257 752.625076293945 666.320941925049 563.701972961426 595.55615901947 644.361239910126 540.18677520752 614.71467590332 510.931838989258 593.11185836792 491.027862548828 598.182712554932 578.455463409424 550.740631103516 574.63484954834 751.052684783936 591.306488037109 753.685871124268 677.935419082642 539.953735351562 660.385498046875 725.914068222046 704.497388839722 704.685807943344 587.214447021484 632.820381164551 786.151008605957 878.352676391602 737.156391143799 646.000144958496
654.58332824707 616.514835357666 619.133144378662 599.066579818726 320.791580200195 409.181533813477 561.090173721313 635.677589416504 677.457855224609 560.29182434082 519.40291595459 582.113622665405 563.538221359253 658.289161682129 728.646560668945 635.154670715332 629.512441635132 717.217712402344 797.332656860352 638.018648147583 746.493881225586 597.152280807495 679.312576293945 693.551849365234 834.149703979492 752.118286132812 679.816177368164 647.895671844482 740.94010925293 761.001739501953 695.554447174072 748.169761657715 551.591842651367 528.964538574219 754.114501953125 669.191937685013 599.931106567383 580.697303771973 711.341381072998 668.444076538086 628.261688232422 736.205374240875 666.711483001709 860.046493530273 844.950881958008 691.215801477432 586.110427856445 837.052291870117 747.173999786377 579.075897216797
506.435394287109 666.371810913086 539.928800344467 630.093757629395 442.511932373047 514.6064453125 523.101482391357 512.374069213867 558.45746421814 630.253467559814 494.45923614502 541.650705337524 658.051406860352 682.330795288086 623.944995880127 688.823696136475 621.904300689697 657.091609954834 648.768421173096 640.846294403076 669.91446685791 558.539218902588 621.58691072464 652.220012664795 718.454536437988 837.318099975586 769.723999023438 636.59876203537 587.423603057861 578.615463256836 795.884132385254 705.244216918945 560.800178527832 694.640827178955 742.806694030762 716.298923492432 643.877996444702 605.21989440918 729.53422164917 657.517731666565 643.264636993408 618.45295715332 599.26732635498 801.602180480957 706.140524864197 603.523765563965 659.445362091064 651.157861709595 463.04345703125 402.504760742188
358.343124389648 556.509805679321 694.564521789551 534.357557296753 487.64527130127 668.14981842041 600.068004608154 649.166961669922 466.930519104004 381.123031616211 720.923034667969 812.539825439453 720.516159057617 589.469631195068 566.412469863892 542.999458312988 569.131141662598 624.887670516968 577.854362010956 584.29017829895 593.546786308289 544.338821411133 675.149185180664 682.856056213379 691.100929260254 602.309597492218 675.736797332764 644.367881774902 683.295139312744 714.689674377441 647.496762275696 669.78383731842 783.792457580566 583.476333618164 684.063262939453 542.944671630859 622.182197570801 651.333589553833 689.059869766235 701.299036026001 642.946792602539 691.905651092529 685.105575084686 676.604271888733 605.437683105469 567.773727416992 623.435806274414 674.343787193298 595.265747070312 583.80224609375
