simdem/realisation15.asc
NCOLS 350 
NROWS 171 
XLLCORNER 152620 
YLLCORNER 418050 
CELLSIZE 100 
NODATA_value -9999 
[rows 66 to 87 of 171, columns 100 to 149 of 350]
425.847799301147 428.919353485107 515.610912322998 431.406097412109 470.522250175476 522.059616088867 583.738906860352 362.68042755127 466.124020576477 421.093288421631 500.68568611145 462.551919937134 437.629779815674 514.928115844727 430.012027740479 487.959340572357 433.63049697876 448.368562698364 513.12504196167 417.075138092041 419.963069915771 471.437032699585 446.715148925781 480.85470199585 549.974765777588 501.806241035461 495.732616424561 542.978605270386 533.212295532227 474.348531723022 522.41924905777 591.963451385498 459.296966552734 642.561149597168 639.040245056152 517.1171875 586.917945861816 507.345752716064 630.307411193848 532.85463142395 555.596036911011 553.424714565277 606.262439727783 503.073177337646 547.646306991577 488.581897735596 573.667112350464 502.258609771729 598.855854034424 575.227369308472
435.983270645142 531.56307220459 457.15153503418 383.270797729492 375.612808227539 392.966590881348 474.580232143402 404.843139648438 434.473407745361 478.474124193192 429.509073257446 399.909912109375 483.931926727295 521.058794021606 471.720868110657 385.370018005371 367.991760253906 436.79407119751 500.973976135254 454.231544494629 335.029510498047 514.136144638062 558.348731994629 384.004814147949 438.001640319824 492.140799343586 436.259651184082 636.856376647949 469.532909393311 428.364768981934 558.281723022461 436.130928039551 485.839473724365 674.381553649902 633.395225524902 666.994678497314 525.347396850586 597.249153137207 654.895742416382 580.244290351868 660.583625793457 491.351821899414 467.961540222168 371.499420166016 296.90690612793 450.02099609375 443.507781982422 521.946153640747 619.759925842285 630.120796203613
507.25366973877 400.652061462402 296.195907592773 413.015384674072 448.710674285889 458.412266969681 491.486576080322 355.796722412109 350.273696899414 411.668975830078 275.421783447266 356.75456237793 341.487663269043 462.742221832275 338.581970214844 533.070072174072 413.342597961426 560.736320495605 455.787704467773 476.043022155762 621.696243286133 529.931293487549 641.379547119141 381.284645080566 469.754648208618 423.251152038574 439.546619415283 542.041120529175 506.46248292923 444.31916809082 481.675231933594 445.986671447754 606.267440795898 581.049898147583 523.265922546387 556.25897026062 548.202556610107 539.360187530518 612.492515563965 572.96068572998 550.066854476929 465.175758361816 536.143421173096 467.670722961426 411.138397216797 500.155334472656 543.215757369995 445.192199707031 667.173065185547 763.235580444336
433.516199111938 434.670711517334 544.109397888184 387.410247802734 252.665679931641 254.181076049805 395.070266723633 283.517425537109 392.469360351562 381.196838378906 414.17911529541 360.037940979004 376.161193847656 276.771835327148 396.988563537598 412.974407196045 396.532234191895 383.613178253174 444.033882141113 543.26293182373 559.019577026367 686.687622070312 670.446655273438 486.730149269104 464.177518844604 469.03902053833 457.035942077637 560.878856658936 543.897771835327 508.6429271698 416.481903076172 602.079929351807 571.552883148193 719.392738342285 737.163764953613 655.069374084473 358.371597290039 522.937900543213 483.098731994629 521.537841796875 400.130477905273 409.399871826172 492.42227935791 438.702758789062 555.965148925781 565.931581020355 390.12043762207 439.818115234375 630.514179229736 655.320388793945
392.119682312012 483.44499206543 500.6487159729 453.012702941895 517.140140533447 420.195411682129 417.904991149902 422.77131652832 455.3599858284 429.804475784302 363.956085205078 455.963985443115 420.357421875 393.459087371826 462.5380859375 380.414848327637 466.334467887878 429.776466369629 522.782669067383 610.593887329102 441.475368499756 519.967050552368 604.597206115723 606.664703369141 489.924942970276 478.980905532837 553.82710647583 603.552101135254 536.349701702595 570.392871856689 552.548137664795 474.922958374023 566.035987854004 587.685043334961 652.9186668396 537.222579956055 412.838455200195 450.337371826172 536.875862121582 596.567699432373 556.50260925293 478.5908203125 422.186340332031 373.605865478516 428.903778076172 582.602819442749 620.355419158936 489.066913604736 452.860626220703 595.481561660767
593.82865524292 591.106067657471 549.838935852051 482.740592002869 494.21017074585 383.406646728516 454.046987533569 397.384536743164 435.905437469482 371.454208374023 401.684226989746 390.597763061523 261.565658569336 437.870342254639 469.265102386475 423.560607910156 513.068290710449 365.503547668457 471.152309417725 458.684986114502 403.339744567871 508.678890228271 540.957250595093 521.139432907104 501.125239372253 471.651260375977 584.831214904785 453.474281311035 589.349987030029 539.690047621727 538.145364761353 507.713562011719 466.29239654541 558.348785400391 551.586071014404 386.879989624023 567.523875236511 726.228248596191 546.688495635986 675.045043945312 601.384479522705 526.875526428223 481.680274963379 467.974800109863 415.195220947266 627.989540100098 507.411582946777 503.172626495361 645.399147033691 570.618362426758
482.581530570984 625.072219848633 443.140571594238 462.826410293579 590.188362121582 507.081722259521 408.051460266113 507.669694900513 460.309421062469 463.009260177612 479.75351524353 402.537094116211 332.161163330078 548.786697387695 350.576721191406 349.92936706543 430.102920532227 458.519291877747 516.505683898926 512.693427085876 617.222381591797 533.023445129395 546.333503723145 336.371017456055 390.311645507812 543.981147766113 483.125019073486 485.799751281738 448.963165283203 562.266258239746 530.136661529541 422.14225769043 506.220603942871 612.271709442139 614.229064941406 981.839790344238 670.825988769531 817.890918731689 757.404075622559 629.309776306152 710.488922119141 449.291938781738 589.546857833862 611.067756652832 563.533945560455 683.167495727539 506.368606567383 526.805599212646 558.40088558197 502.978313446045
525.651858329773 580.104782104492 466.398956298828 664.46907043457 587.454902648926 396.029502868652 419.765365600586 485.237869262695 630.472717285156 447.173721313477 691.287841796875 546.146575927734 369.964996337891 534.881603240967 542.487495422363 450.819915771484 373.49153137207 500.760974884033 564.467826843262 545.611354827881 512.498161315918 663.214309692383 524.251377105713 447.172920227051 476.555408477783 514.353210449219 526.207054138184 596.004905700684 491.587257385254 444.053436279297 329.710311889648 420.771255493164 549.865430831909 967.129753112793 828.131858825684 841.330024719238 592.948654174805 916.972236633301 787.543857574463 633.008600234985 630.518629074097 496.269264221191 568.620086669922 438.782531738281 407.611652374268 370.796783447266 689.745971679688 295.308181762695 462.681686401367 556.153587341309
449.046798706055 483.465637207031 486.223123550415 555.23844909668 456.034597396851 429.747356414795 286.055725097656 383.864570617676 543.314865112305 657.629379272461 508.503204345703 308.126579284668 321.60285949707 340.749099731445 483.628388404846 485.460917472839 456.080535888672 509.190254211426 590.475494384766 458.153671264648 606.436538696289 447.115146636963 474.482669830322 574.835418701172 419.742881774902 599.926467895508 649.638549804688 528.175670623779 475.113548278809 513.04271697998 396.739677429199 390.765594482422 840.817474365234 831.216651916504 680.793113708496 794.055603027344 414.642704963684 775.714805603027 781.143363952637 528.320899963379 677.553731918335 346.771713256836 588.557388305664 446.791225910187 435.082617282867 234.054763793945 409.893127441406 294.156219482422 870.418426513672 524.142044067383
517.205381393433 519.714186429977 446.480758666992 571.733665466309 554.82820892334 519.396167755127 473.828326225281 497.233339309692 561.73201751709 552.591323852539 467.902303695679 429.284320831299 451.694873809814 379.217330932617 364.168312072754 477.278671264648 323.38053894043 506.956711530685 542.303031921387 540.822982788086 599.104522705078 403.671195983887 500.0126953125 577.486099243164 610.811042785645 522.053418457508 510.38440322876 517.753920078278 471.141529083252 415.988555908203 453.623565673828 635.386375427246 729.358062744141 700.910774230957 861.729873657227 776.333847045898 483.083080291748 681.879936218262 890.025619506836 698.858609199524 546.843406677246 222.151275634766 379.663055419922 296.055725097656 406.172554016113 314.880416870117 480.917526245117 536.286823272705 479.302459716797 617.20337677002
700.443519592285 544.375038146973 551.878345489502 554.27758026123 450.704257965088 535.431453704834 616.905090332031 606.222625732422 465.47804069519 432.557834625244 459.885581970215 385.155395507812 368.612258911133 496.894729614258 520.735321044922 496.296042203903 448.36780166626 434.64860534668 547.325214385986 549.289703369141 513.465812683105 485.932355880737 515.931221008301 556.392997741699 529.598989248276 491.856523036957 635.00301361084 521.233548641205 498.987882614136 370.234848022461 384.172950744629 469.863059997559 632.794830322266 625.63649559021 743.456573486328 838.148590087891 635.415817260742 692.558400124311 834.477462768555 848.126022338867 615.804542541504 354.877563476562 486.343143463135 453.769773483276 426.709049224854 594.518447875977 677.836860656738 369.917037963867 475.545837402344 734.353782653809
574.897034883499 462.928680419922 539.827419281006 902.757480621338 503.442301750183 546.01118850708 554.38053894043 437.850364685059 557.508281707764 530.318984985352 493.781593322754 476.949069976807 440.663055419922 578.965660095215 576.470893859863 409.095504760742 396.989791870117 463.267402648926 473.916030883789 502.83879327774 465.446203708649 491.287502288818 443.01634979248 334.486526489258 523.352530479431 572.678958892822 648.459907531738 483.842250823975 539.204383850098 505.373374938965 376.903366088867 332.727584838867 521.522155761719 552.197944641113 731.369163513184 868.75602722168 571.961563110352 777.228889465332 762.640037536621 798.59895324707 481.319272279739 374.865219116211 456.923231601715 454.414257049561 417.317188262939 454.17919921875 643.492729187012 378.948669433594 405.186058044434 558.140563011169
539.753688812256 461.618450164795 573.297267913818 622.676471710205 632.617616653442 736.791439056396 593.245986938477 454.617580413818 379.653137207031 379.910697937012 474.46310043335 862.413222312927 511.28945350647 407.481567382812 435.146827697754 456.518100738525 532.683952331543 420.156578063965 444.003196716309 465.370672225952 551.830001831055 559.713973999023 370.707992553711 547.646942138672 478.15446472168 342.655792236328 618.434379577637 610.713218688965 516.053253173828 441.587505340576 286.906616210938 441.194934844971 530.243232727051 418.11993598938 450.390487670898 775.867874145508 488.225582122803 632.565414428711 594.042291164398 601.603118777275 500.653106689453 327.397247314453 416.76978302002 399.496925354004 290.687774658203 285.221206665039 418.698062896729 363.633338928223 350.106704711914 504.508438110352
627.380657196045 440.438842773438 475.187038421631 539.165006637573 659.530052185059 732.198348999023 793.271751403809 489.106630325317 425.906944274902 465.628639221191 538.252076148987 667.208610534668 523.93643951416 301.6650390625 379.03768157959 453.369941711426 418.222923278809 502.290134429932 453.590177536011 678.33869934082 515.339985847473 498.351360321045 328.157028198242 522.041567087173 586.571254730225 494.640563964844 607.798389434814 548.427002429962 419.238019943237 482.885780334473 505.338413715363 648.311599731445 515.641878128052 448.157522201538 533.09920501709 733.68879699707 641.853973388672 630.696954727173 599.735610693693 704.598846435547 444.103343963623 258.113754272461 341.215026855469 587.122699737549 614.802121162415 403.562934875488 471.509281158447 389.33464050293 296.402145385742 515.325220108032
773.072525024414 703.298042297363 656.535976409912 761.780914306641 623.471767425537 638.081159591675 625.347990036011 888.895690917969 510.857657909393 563.440414428711 505.459366798401 585.727012634277 532.129920959473 505.772701263428 419.37621307373 481.635131835938 533.403800964355 536.526105880737 566.932495117188 591.231880187988 460.056674957275 421.090606689453 577.118900299072 556.560784339905 539.710544586182 592.725051879883 625.498302459717 556.411796569824 539.909713745117 398.616760253906 351.23624420166 527.166646957397 493.692440032959 672.949356079102 638.869174957275 590.013493537903 741.351776123047 740.880599975586 588.687140464783 574.347370147705 624.351600646973 473.836371421814 464.921409606934 566.066795349121 723.693099975586 731.189163208008 482.798334121704 389.591094970703 361.480613708496 482.729633331299
723.249000549316 693.419624328613 559.02939414978 730.067504882812 656.998839956941 634.98522901535 708.818344116211 723.689422607422 616.659851074219 491.645496368408 495.220064163208 479.940320014954 515.383053779602 441.825653076172 459.978427886963 525.048167228699 548.49340057373 579.659034729004 524.473530769348 536.499004364014 606.505104064941 461.789611816406 592.177108764648 397.906875610352 456.34449005127 531.007074356079 559.118258476257 400.016326904297 528.540000915527 476.741794586182 526.500938415527 545.470115661621 583.494270324707 779.610229492188 790.943435668945 852.708831787109 746.412002563477 711.106239318848 564.420513153076 673.054504394531 563.588531494141 429.350429534912 555.392206192017 614.336669921875 637.422607421875 680.372779846191 585.059043884277 403.605583190918 562.792598724365 800.221389770508
649.053649902344 773.878555297852 607.920812606812 708.795349121094 572.0959815979 549.619709014893 818.470138549805 680.1142578125 495.343555450439 435.910884857178 474.202754974365 565.281707763672 545.945411682129 540.485412597656 487.366844177246 544.768608093262 670.634948730469 659.684066772461 700.660629272461 598.957069396973 625.607765197754 540.594396591187 597.383842468262 459.368507385254 495.037776947021 557.453602999449 507.166674137115 340.060577392578 635.009754180908 668.547729492188 612.234147071838 759.889556884766 653.030372619629 790.184707641602 725.758438110352 664.894973754883 602.583492279053 693.844108581543 586.032866477966 645.154613494873 769.430603027344 814.790100097656 667.836769104004 663.346496582031 630.510677337646 607.287841796875 684.046180725098 861.89966583252 777.733825683594 754.343376159668
580.831192016602 682.065292358398 612.117370605469 612.955421447754 727.785270690918 595.335607051849 772.16731262207 647.910755157471 585.589401245117 656.401770114899 502.224956512451 582.395835876465 388.47859954834 570.465866088867 535.317714691162 602.56763458252 740.062393188477 616.974243164062 676.374969482422 659.218719482422 541.585807800293 582.996223449707 467.333148956299 435.22728729248 663.422988891602 651.583961486816 567.909336090088 778.182174682617 648.135414123535 630.766660690308 574.350790023804 665.625144958496 781.325592041016 788.605850219727 550.606307983398 611.915901184082 564.127407073975 453.008598327637 504.868485450745 629.87174987793 749.946022033691 821.797668457031 479.402481079102 574.508411407471 459.540187835693 465.956712722778 657.227905273438 814.967178344727 857.903594970703 861.615539550781
707.45149230957 746.302429199219 777.148094177246 605.835914611816 588.548835754395 594.366586685181 591.835597991943 644.812938690186 631.384780883789 790.927719116211 504.58317565918 416.477378845215 514.929471492767 519.447515487671 656.52180480957 528.291330337524 537.306819915771 609.923049926758 519.783191680908 675.284423828125 490.10461139679 471.982433319092 562.590633392334 407.171997070312 522.38462638855 687.502403259277 666.838249206543 567.272652626038 479.958922054619 410.265022277832 560.355070114136 558.159229278564 669.017936706543 698.801063537598 574.913787841797 370.858207702637 560.387924194336 577.277156829834 511.464299201965 571.403785705566 525.024411916733 587.371082782745 611.731819152832 390.395858764648 399.502021789551 397.847183227539 687.889259338379 744.587649345398 677.528864979744 612.624883651733
525.446975708008 665.778498649597 781.774154663086 709.368656158447 563.164873838425 429.143768310547 552.946620941162 655.324054718018 660.89070892334 588.58317565918 493.022529602051 419.001132965088 409.369941711426 544.19540977478 660.661682128906 625.236930847168 637.635559082031 494.803101062775 500.695966720581 430.439308166504 425.039115905762 478.32860159874 523.491151809692 411.786697387695 327.316619873047 470.322265625 522.226215362549 480.717977523804 416.956154823303 421.035805702209 650.387420654297 469.974876403809 459.390113830566 472.868480682373 350.194229125977 349.297157287598 513.090109825134 433.696929931641 526.644112110138 633.13126373291 584.978172302246 612.553539276123 695.039978027344 894.32852935791 655.220138549805 348.445251464844 490.313510894775 518.650527954102 493.927680969238 438.018798828125
586.873923644423 644.221321105957 551.540985107422 566.574851989746 548.449310302734 518.288589477539 568.644519805908 635.170497894287 603.380294799805 379.458190917969 582.206039428711 550.494009017944 429.632179260254 544.686992645264 538.094089508057 351.125396728516 472.050527572632 468.359645843506 534.492851257324 583.258255004883 494.840274810791 525.468971252441 395.427040100098 521.673295497894 595.449981689453 431.054862976074 484.50707244873 508.263933181763 497.420581817627 345.951171875 465.13256072998 663.409492492676 434.674835205078 412.160599708557 337.10391998291 189.44841003418 556.542434692383 549.610982894897 564.221780508757 511.293613433838 624.890495300293 547.251113891602 695.092700958252 827.870056152344 663.850921630859 402.877670288086 509.787384033203 562.446479797363 541.175647735596 406.815803527832
-9999 -9999 508.203590393066 669.093521118164 542.478698730469 383.65104675293 362.009307861328 318.721969604492 368.939071655273 360.571517944336 603.52318572998 599.655693054199 597.793952941895 579.859512329102 519.918277740479 414.49877166748 364.642379760742 485.420495986938 477.32035446167 548.3395652771 505.673660874367 522.292728900909 560.864391326904 580.43433380127 506.459854125977 522.552185148001 653.510200500488 470.509063720703 804.067764282227 665.570755004883 438.424865722656 526.753227233887 693.319034099579 527.865857124329 355.389137268066 303.083648681641 299.521850585938 578.007762908936 512.524829864502 368.293228149414 504.34147644043 554.108779907227 726.192543029785 1018.01843643188 809.042633056641 512.85774230957 489.704238891602 -9999 -9999 -9999
