simdem/realisation17.asc
NCOLS 350 
NROWS 171 
XLLCORNER 152620 
YLLCORNER 418050 
CELLSIZE 100 
NODATA_value -9999 
[rows 66 to 87 of 171, columns 100 to 149 of 350]
437.201662063599 452.92852306366 479.428300857544 515.593647003174 468.493527412415 550.727867126465 483.029529571533 415.298957824707 588.64714050293 446.344509124756 501.714920043945 462.448930263519 379.531608581543 464.041182518005 687.115158081055 592.531631469727 475.776294708252 452.295614242554 313.783966064453 246.002792358398 265.410751342773 407.473854064941 379.136741638184 418.66149520874 446.378261566162 479.798768997192 611.798027038574 530.135406494141 418.895149230957 385.476203918457 509.59496307373 445.127822875977 343.973968505859 421.24853515625 521.537628173828 358.401153564453 439.641479492188 564.394310951233 467.89599609375 506.442295074463 408.104339599609 461.172988891602 483.721832275391 501.497505187988 521.923421859741 492.932796478271 591.296115875244 507.193008422852 557.264886856079 595.698722839355
484.533624649048 406.193977355957 482.613647460938 559.453392028809 513.195854187012 460.04022192955 409.832843780518 422.733112335205 513.3918800354 384.363456726074 351.939811706543 560.438568115234 410.355545043945 574.158180236816 682.067443847656 595.736442565918 534.37109375 485.813307762146 346.80052947998 410.02400970459 459.597557067871 396.500984191895 457.137222290039 473.4660987854 486.610873222351 360.99690246582 436.380332946777 554.759422302246 495.257234573364 513.135848283768 540.42778968811 426.468269348145 485.336769104004 514.644039154053 617.132194519043 628.299701690674 440.647933959961 554.669548034668 669.04700088501 589.295793533325 626.770240783691 484.246025085449 463.991424560547 519.941223144531 705.264556884766 801.830657958984 613.62866973877 554.633492469788 654.597450256348 567.672208786011
449.904949188232 514.910301208496 495.703163146973 519.937873840332 503.734748840332 487.75691986084 451.193458557129 564.105766296387 496.954957962036 385.134822845459 663.561874389648 679.660110473633 486.374300003052 552.720932006836 506.442790985107 485.990954518318 534.995147705078 533.011100769043 480.672097206116 427.719207763672 401.09252166748 479.945604324341 519.575458526611 438.163284301758 372.388229370117 289.397369384766 268.235992431641 341.976928710938 590.647644042969 568.206334114075 442.882759094238 517.005107879639 614.204418182373 546.576058387756 618.644470214844 548.42657661438 488.925109863281 607.033157348633 620.9782371521 595.447265267372 688.345710754395 540.932094573975 663.000030517578 705.645248413086 536.006410598755 597.262939453125 522.235321044922 665.678787231445 543.030982971191 401.662750244141
542.532188415527 582.713882446289 462.82851266861 308.677963256836 387.991668701172 522.721035003662 527.751319885254 439.490410268307 515.779979705811 442.282285690308 446.166338920593 524.127834320068 626.290710449219 570.839683532715 448.826595306396 474.386006832123 544.167953491211 476.736810684204 437.865621566772 475.259623765945 483.208666801453 331.571640014648 315.685531616211 458.290504455566 383.357749938965 326.834671020508 364.041366577148 589.649322509766 710.706039428711 581.40198135376 520.769541740417 490.276847839355 537.268835067749 614.808391571045 666.968631744385 527.628299713135 474.424591064453 577.379092216492 681.042282104492 659.624694824219 549.209095239639 588.530290603638 523.785511016846 618.886207580566 559.980619430542 517.385398864746 612.7919921875 552.324377059937 512.602012634277 518.063232421875
503.889560699463 415.481716156006 418.043762207031 296.908462524414 343.122703552246 512.015235900879 514.844226837158 432.766162872314 442.267505645752 393.664360046387 377.922157287598 538.560680389404 549.190563201904 503.487392425537 498.980560302734 411.130973815918 514.924129486084 403.981918334961 471.800378799438 486.710477828979 549.885066986084 545.084342956543 470.854711532593 502.839592218399 447.39289855957 414.987945556641 255.797653198242 512.735375642776 704.289657592773 607.184860229492 462.44478225708 428.776870727539 382.475448608398 383.147994995117 536.506778717041 494.343391418457 513.302223205566 613.135063171387 677.02220916748 597.056285858154 573.739990234375 557.133089065552 410.896347045898 568.289172649384 523.828964233398 507.242568969727 521.603839874268 600.626968383789 542.871688842773 591.25168800354
385.977508544922 392.996810913086 377.202491760254 272.947479248047 263.27082824707 354.286918640137 421.904006958008 418.842224121094 571.443962097168 407.834884643555 561.209434509277 497.00785446167 469.935987234116 519.750597000122 433.228546142578 407.250183105469 389.123046875 560.764060974121 432.267387390137 414.40242767334 515.137985229492 439.378219604492 421.252044677734 451.306999206543 363.088409423828 439.718818664551 536.656209945679 506.746778488159 668.657104492188 545.565375804901 536.783693313599 484.018295288086 456.131561279297 561.957239151001 711.458374023438 484.34398651123 506.187568664551 789.72647857666 558.911861419678 588.767586708069 565.124444961548 528.475173950195 587.685911178589 505.617834091187 501.263221740723 523.21598815918 590.90709733963 502.193256378174 504.344585418701 518.361034393311
413.78540802002 558.108406066895 418.563148498535 414.408348083496 463.696949005127 459.952721834183 450.762031555176 342.070571899414 403.27462387085 430.414432525635 442.657945632935 422.556758880615 345.278701782227 476.581439971924 621.647583007812 465.061091423035 442.054569244385 498.547130584717 549.10241317749 614.137466430664 551.055267333984 520.389331817627 585.321556091309 485.81510925293 484.786386489868 524.268505096436 406.03874206543 556.446264266968 529.555612564087 450.544097900391 450.414833068848 396.314453125 547.211763858795 652.019805908203 753.493896484375 873.523155212402 660.563552856445 909.755104064941 948.537788391113 664.667156219482 659.951942443848 387.895614624023 602.781332015991 591.860569000244 614.860984802246 895.265510559082 436.827941894531 422.904479980469 423.432205200195 479.501846313477
471.626224517822 446.075660705566 466.058353424072 429.443367004395 537.935668945312 557.33275604248 492.110816955566 503.959178924561 379.755783081055 430.240337371826 476.062190055847 465.292490005493 367.494506835938 514.04817199707 514.578235626221 514.516435623169 439.692470550537 500.762890338898 578.604103088379 451.516941070557 560.14574432373 526.175914764404 499.20064163208 442.728866577148 568.019981384277 421.088455200195 530.328758239746 543.036811828613 520.814742326736 395.158203125 521.04526424408 390.281455993652 634.588405609131 869.141498565674 634.031600952148 761.839813232422 652.322822570801 781.332977294922 854.054626464844 546.994174957275 677.547601699829 353.242630004883 465.789704799652 587.871704101562 551.885681152344 476.578708648682 770.303657531738 416.203201293945 383.841094970703 474.789360046387
594.861747741699 619.358627319336 453.336284637451 451.744102478027 466.542814254761 369.163391113281 508.803165435791 309.687088012695 351.75496673584 442.075653076172 531.033836364746 563.83536529541 481.253079414368 581.467239379883 529.563674926758 391.50025177002 464.714302062988 499.075770378113 517.895530700684 439.508903503418 476.919013977051 496.682373523712 472.186672210693 469.818740844727 693.56233215332 540.885612487793 631.167404174805 513.841773986816 554.820037841797 562.545731663704 394.033142089844 394.197692871094 850.023986816406 725.453145980835 711.135669708252 613.83913230896 430.480564802885 699.126268386841 659.449703216553 552.163242340088 635.786813735962 453.176136016846 501.975522994995 543.49153137207 561.969841003418 393.77836227417 512.385925292969 589.57027053833 974.595783233643 609.690133810043
492.71533203125 561.842395782471 439.027397155762 551.673007965088 446.82186126709 374.155258178711 591.11589050293 462.798188209534 385.184509277344 445.878890991211 551.350257873535 570.890716552734 484.771680831909 531.339706420898 466.280093193054 471.633867263794 259.918701171875 415.537818908691 482.065838813782 445.753246307373 370.15650177002 518.842908859253 562.677955627441 535.32594871521 458.066139221191 584.920097351074 669.014312744141 500.861207962036 532.548324584961 437.881484985352 477.820999145508 436.941879272461 591.738664627075 591.181259155273 752.21459197998 592.070205688477 287.51838684082 740.488784790039 794.20915222168 614.732902526855 613.933387756348 310.856704711914 496.834335327148 400.76155090332 372.71142578125 414.345863342285 623.043106079102 523.108551025391 498.598041534424 529.21004486084
760.560633778572 692.131126403809 430.935565948486 442.185527801514 467.34513092041 452.460136413574 582.235366821289 399.643608093262 351.920318603516 416.680274963379 427.827365875244 431.181533813477 396.876274108887 567.399955749512 491.741613388062 410.204200744629 426.032974243164 387.672721862793 399.244522094727 308.307495117188 434.582588195801 556.166942596436 548.749656677246 615.029724121094 547.16729927063 535.448440551758 628.673362731934 538.769834518433 524.431641697884 540.835815429688 358.572616577148 314.008987426758 476.287895202637 621.766980171204 604.896165847778 527.095031738281 368.177520751953 583.802665710449 702.895409584045 625.469421386719 666.44214630127 526.645965576172 313.820510864258 268.352584838867 403.164337158203 548.351905822754 697.628967285156 542.492431640625 486.492206573486 592.825096130371
551.989597320557 529.205833435059 540.324306488037 823.947769165039 526.385921478271 325.426849365234 419.585468292236 554.656120300293 496.167346954346 520.106446266174 538.000810623169 507.906104564667 399.197074890137 635.605621337891 524.520343780518 414.850303649902 380.444580078125 534.987989425659 488.249339103699 392.065803527832 412.742755889893 442.480407714844 429.78263092041 594.964324951172 425.807746887207 521.020304679871 517.391460418701 608.342231750488 624.692684173584 446.707550048828 436.003456115723 393.062194824219 574.052795410156 460.672813415527 535.748870849609 579.888324737549 443.804125785828 710.343328475952 725.463596343994 781.040245056152 606.152137756348 378.873237609863 335.535568237305 429.051639556885 349.553367614746 564.67966902256 634.226181030273 359.018600463867 324.428314208984 496.678833007812
470.278579711914 482.34700012207 490.517364501953 573.151381492615 695.692672729492 663.137752532959 424.106788635254 599.20947265625 563.787628173828 705.841644287109 595.768493652344 905.660694122314 559.392692565918 615.052658081055 548.887176513672 406.477279663086 305.862762451172 383.777648925781 437.173133850098 486.102646589279 496.047651290894 491.735706329346 412.76700592041 582.932350158691 537.824148178101 549.290132522583 452.233963012695 544.404527485371 469.332214355469 400.162803649902 538.055675506592 419.9287109375 469.667934417725 427.860211849213 495.369678497314 602.047402381897 495.140060424805 651.470989227295 690.315498352051 733.241333007812 454.63610458374 258.641387939453 334.300018310547 429.671146392822 403.4430809021 470.934988498688 452.149024963379 460.368021011353 424.882808685303 548.996753692627
611.425327301025 504.720897674561 438.704612731934 608.357482910156 750.309677124023 645.597183227539 906.011604309082 603.875930786133 565.363101959229 743.855590820312 698.734176635742 508.203735351562 553.590812683105 600.935203552246 645.497085571289 438.66300201416 323.77229309082 347.691345214844 469.061959266663 505.438103199005 570.324523925781 489.604221343994 454.236450195312 598.103660583496 417.185653686523 445.096557617188 515.863277435303 439.928215026855 375.849254608154 407.373798370361 406.783409118652 390.237350463867 367.296539306641 422.416283607483 526.841003417969 748.893844604492 653.708301544189 525.689590454102 706.15941619873 763.295791625977 453.609605789185 342.183334350586 460.914400100708 632.513597488403 653.97375869751 355.62866973877 347.728523254395 552.187561035156 425.720901489258 555.46776008606
527.175720214844 339.917526245117 463.76611328125 659.025077819824 824.892288208008 724.03539276123 562.039306640625 734.416368484497 516.132718086243 582.458190917969 578.42073059082 506.859437987208 448.075408935547 564.649076461792 629.360084533691 707.404571533203 450.927627563477 478.837287902832 438.542190551758 606.122734069824 581.855102539062 562.567949295044 589.531524658203 560.379434585571 549.691734313965 518.932453155518 337.482620239258 317.888214111328 360.255020141602 364.863327026367 455.286510467529 418.818176269531 411.245620727539 486.801696777344 578.204401016235 632.821746826172 603.937745332718 602.938603401184 656.891380310059 661.668014526367 618.566101074219 408.178337097168 474.819750785828 589.540672302246 794.078552246094 584.936908721924 320.104446411133 266.602691650391 194.981201171875 370.599472045898
498.65412902832 482.359741210938 552.531322479248 762.560760498047 799.258560180664 766.553985595703 637.013557434082 680.236618041992 532.804214477539 567.943756103516 539.794937133789 543.00749206543 590.769798278809 635.401107788086 476.20343208313 570.486526489258 484.333618164062 436.058540344238 422.281684875488 483.781730651855 613.371925354004 395.045425415039 505.915355682373 413.443962097168 541.279053688049 557.911723613739 435.085678100586 480.360919952393 240.261077880859 356.334136962891 471.882968902588 434.736176252365 524.536893844604 646.93745803833 521.836952209473 675.653671264648 892.819488525391 621.052528381348 481.862861633301 653.547122955322 547.812009811401 513.679178237915 567.374496459961 655.276725769043 649.014495849609 598.866907119751 332.203140258789 403.849815368652 464.408821105957 402.461349487305
440.317413330078 518.078567504883 552.85725402832 678.508331298828 618.750734329224 608.021812438965 763.682098388672 726.116058349609 517.537069320679 533.011428833008 654.050216674805 542.044387817383 547.346008300781 388.354751586914 543.57585144043 379.387351989746 378.795394897461 536.159980773926 554.058941841125 500.35791015625 382.771110534668 560.044708251953 486.60933303833 538.047559738159 691.5712890625 713.135787963867 424.76237487793 300.176445007324 470.474395751953 559.861358642578 535.422580718994 565.013216018677 505.242065429688 562.296873092651 517.569816589355 545.968002319336 663.271209716797 682.737884521484 709.238082885742 738.124374389648 527.199424743652 700.698652267456 508.254920959473 673.67200088501 557.430206298828 534.920101165771 545.321388244629 766.926540374756 602.672824859619 563.787048339844
553.512176513672 607.828758239746 624.451019287109 778.301193237305 605.677964687347 583.995304107666 583.316076278687 709.817092895508 803.749160766602 620.716255187988 661.159484863281 516.344696044922 472.565860748291 568.726654052734 390.637786865234 471.669952392578 544.48513174057 526.686855316162 463.324283599854 416.752517700195 632.925872802734 648.598587036133 589.346405029297 545.435091018677 544.865184783936 595.202026367188 525.271463394165 653.09056854248 512.227325439453 440.99382019043 580.547245025635 627.206199645996 678.402420043945 572.658198356628 310.69514465332 333.704605102539 529.49955368042 660.820739746094 651.409790039062 671.468799591064 717.18334197998 705.592699050903 509.135171890259 441.158332824707 481.274333953857 435.375640869141 418.867835998535 626.038352966309 875.792747497559 879.520263671875
688.55459022522 843.271530151367 751.378707885742 590.001129150391 622.987968444824 718.053375244141 677.536499023438 648.704750061035 575.596311569214 780.752937316895 534.433758735657 562.277267456055 506.768258094788 552.783638000488 522.482963562012 597.993499755859 465.671148300171 491.709852218628 560.703903198242 534.561146736145 614.29158782959 590.361106872559 663.458969116211 524.02590739727 546.154450416565 629.338062286377 689.358016967773 653.973419189453 474.137048721313 497.794820785522 525.522476196289 604.166635513306 641.305492401123 572.582968711853 332.869598388672 408.268301010132 594.174812316895 709.983016967773 610.429183959961 528.893169403076 617.052810668945 562.780618667603 539.911209106445 288.088119506836 446.802474975586 363.139144897461 624.744514465332 737.590089797974 724.005626678467 686.773513793945
727.988327026367 672.05837059021 724.312282562256 733.518089294434 568.479261875153 623.659866333008 680.160949707031 669.009925842285 446.049652099609 606.079908370972 593.216049194336 619.060791015625 527.327021121979 555.688373565674 396.366195678711 523.184462547302 480.333768844604 542.554008483887 566.135810852051 610.297096252441 657.605072021484 652.243759155273 634.974937438965 640.717971801758 388.446403503418 572.177668094635 590.083841323853 464.303939819336 368.927490234375 378.619758605957 444.017822265625 356.426513671875 501.746757507324 276.783721923828 428.385445594788 355.922630310059 537.925354003906 624.203277587891 592.733345031738 526.520283222198 627.151512145996 692.899192810059 664.756927490234 752.879684448242 719.33130645752 515.308301925659 539.600455284119 599.481018066406 591.582234382629 479.241525650024
530.87366104126 637.011726379395 679.297908782959 612.393245697021 483.835311889648 653.713394165039 492.802845954895 496.639915466309 590.738529205322 601.081698417664 689.137336730957 693.515258789062 545.33811378479 486.033424377441 493.395757675171 547.483646392822 532.813564300537 463.183055877686 507.558666229248 598.502197265625 723.65771484375 580.598815917969 642.930419921875 528.845396995544 553.966562271118 569.74866104126 491.744285583496 520.027572631836 519.505021095276 352.449447631836 359.016311645508 520.7900390625 564.248809814453 363.034252166748 454.865089416504 297.819435119629 450.921112060547 604.88452911377 659.470352172852 620.424003601074 740.388534545898 604.689241409302 684.641174316406 821.365264892578 703.405700683594 667.63610458374 560.319019317627 655.969989776611 546.454406738281 544.000869750977
-9999 -9999 592.378093719482 746.191261291504 586.800174713135 551.084548950195 568.45947265625 473.444885253906 663.48323059082 568.504119873047 601.802658081055 582.914443969727 521.379806995392 580.554153442383 678.512168884277 698.096801757812 440.108711242676 478.391857147217 618.452735900879 375.422836303711 595.390098571777 620.713249206543 729.301147460938 511.487522125244 521.878499984741 617.361549377441 583.013236999512 616.478692054749 675.898090362549 478.591125488281 484.895226478577 604.205069541931 677.067999839783 720.806503295898 333.227035522461 308.167091369629 556.087875366211 620.588943481445 682.260566711426 711.563369750977 827.996826171875 747.10595703125 827.315477371216 1017.72343063354 958.377857208252 694.424411773682 781.562927246094 -9999 -9999 -9999
