simdem/realisation76.asc
NCOLS 350 
NROWS 171 
XLLCORNER 152620 
YLLCORNER 418050 
CELLSIZE 100 
NODATA_value -9999 
[rows 0 to 21 of 171, columns 100 to 149 of 350]
-9999 -9999 -9999 -9999 -9999 -9999 -9999 -9999 -9999 -9999 -9999 -9999 -9999 -9999 -9999 -9999 -9999 -9999 -9999 -9999 -9999 -9999 -9999 -9999 -9999 -9999 -9999 -9999 -9999 -9999 -9999 -9999 -9999 -9999 -9999 -9999 -9999 -9999 -9999 -9999 -9999 -9999 -9999 -9999 -9999 -9999 682.712051391602 755.268075466156 542.173805236816 541.874176025391
-9999 -9999 -9999 -9999 -9999 -9999 -9999 -9999 -9999 -9999 -9999 -9999 -9999 -9999 -9999 -9999 -9999 -9999 -9999 -9999 -9999 -9999 -9999 -9999 -9999 -9999 -9999 -9999 -9999 -9999 -9999 -9999 -9999 -9999 -9999 -9999 -9999 -9999 -9999 -9999 585.646911621094 679.685638427734 820.287952423096 688.171903610229 472.041732788086 754.333614349365 558.258697509766 590.971950531006 495.184906005859 437.80265045166
-9999 -9999 -9999 -9999 -9999 -9999 -9999 -9999 -9999 -9999 -9999 -9999 -9999 -9999 -9999 -9999 -9999 -9999 -9999 -9999 -9999 -9999 -9999 -9999 -9999 -9999 -9999 -9999 -9999 -9999 -9999 -9999 -9999 -9999 -9999 -9999 -9999 817.78003692627 844.564315795898 713.998430252075 681.913650512695 880.460609436035 817.853858947754 617.048412322998 440.431625366211 496.000228881836 529.376853942871 663.650535583496 564.424062490463 460.084491729736
-9999 -9999 -9999 -9999 -9999 -9999 -9999 -9999 -9999 -9999 -9999 -9999 -9999 -9999 -9999 -9999 -9999 -9999 -9999 -9999 -9999 -9999 -9999 -9999 -9999 -9999 -9999 -9999 -9999 -9999 -9999 -9999 -9999 -9999 830.903800964355 739.172340393066 752.708240509033 688.921293258667 769.890075683594 670.266418457031 555.432450294495 739.03874206543 627.904930114746 520.090698242188 610.196479797363 585.729164123535 593.877431869507 835.304092407227 711.034526824951 569.289306640625
-9999 -9999 -9999 -9999 -9999 -9999 -9999 -9999 -9999 -9999 -9999 -9999 -9999 -9999 -9999 -9999 -9999 -9999 -9999 -9999 -9999 -9999 -9999 -9999 -9999 -9999 -9999 -9999 -9999 -9999 -9999 -9999 713.146598815918 713.61993598938 608.430625915527 638.748878479004 640.769226074219 772.98168182373 850.286010742188 585.379555225372 481.37491607666 765.267303466797 672.473783493042 559.615226745605 595.847564697266 627.468086242676 635.115226745605 708.819854736328 672.138069152832 663.247089385986
-9999 -9999 -9999 -9999 -9999 -9999 -9999 -9999 -9999 -9999 -9999 -9999 -9999 -9999 -9999 -9999 -9999 -9999 -9999 -9999 -9999 -9999 -9999 -9999 -9999 -9999 -9999 -9999 -9999 -9999 726.150295257568 593.397605895996 563.512386322021 459.531784057617 357.052856445312 770.696598052979 821.72046661377 736.776317596436 726.733882904053 625.457069396973 607.877716064453 663.515140533447 793.370071411133 718.725563049316 636.198989868164 789.118485450745 696.330413818359 829.897981643677 805.884930610657 652.455062866211
-9999 -9999 -9999 -9999 -9999 -9999 -9999 -9999 -9999 -9999 -9999 -9999 -9999 -9999 -9999 -9999 -9999 -9999 -9999 -9999 -9999 -9999 -9999 -9999 -9999 -9999 -9999 558.323551177979 591.177703857422 526.256355285645 655.697570800781 577.925571262836 447.136688232422 433.746887207031 562.313911437988 625.605701446533 902.813232421875 750.240417480469 624.577312469482 664.34440612793 689.48120880127 779.909017562866 764.424085617065 750.307233810425 544.377777099609 653.7024269104 992.315055847168 1004.27013397217 971.856338500977 1026.78886032104
-9999 -9999 -9999 -9999 -9999 -9999 -9999 -9999 -9999 -9999 -9999 -9999 -9999 -9999 -9999 -9999 -9999 -9999 -9999 -9999 -9999 -9999 -9999 -9999 630.287818908691 675.955890655518 610.11342048645 667.558097839355 609.912574768066 654.193740844727 534.514457702637 539.311168670654 581.263957023621 577.251543045044 624.289283752441 666.142288208008 662.971103668213 569.586608886719 503.909591674805 744.650810241699 822.11061668396 849.413959503174 901.530073165894 804.75269317627 880.573524475098 979.99588394165 1006.05066013336 976.880271911621 930.864336013794 1145.0795211792
-9999 -9999 -9999 -9999 -9999 -9999 -9999 -9999 -9999 -9999 -9999 -9999 -9999 -9999 -9999 -9999 -9999 -9999 -9999 -9999 -9999 -9999 703.018947601318 709.817859649658 620.958931446075 770.319549560547 719.053260803223 741.635604858398 662.471649169922 567.943971633911 472.124855041504 616.85721206665 778.8310546875 712.501457214355 698.003547668457 618.63200378418 567.810203552246 637.847373962402 599.999786376953 782.645471572876 914.188484191895 565.344100952148 687.070732116699 853.428482055664 617.761650085449 1016.76393127441 755.075868606567 604.150611877441 654.867362976074 621.35569190979
-9999 -9999 -9999 -9999 -9999 -9999 -9999 -9999 -9999 -9999 -9999 -9999 -9999 -9999 -9999 -9999 -9999 -9999 -9999 1017.8451385498 743.049908161163 871.141937255859 763.501609802246 608.997789382935 547.760440826416 678.157333374023 695.645195007324 709.154029846191 525.495018005371 525.176998138428 582.525271892548 459.866241455078 772.55549621582 685.937339782715 586.510509252548 573.444655418396 562.465137481689 482.735488891602 655.809007644653 633.253135681152 792.735649108887 744.407131195068 630.884613037109 694.5210313797 527.888763427734 654.882411956787 683.546581268311 661.523258209229 671.403335571289 623.906036376953
-9999 -9999 -9999 -9999 -9999 -9999 -9999 -9999 -9999 -9999 -9999 -9999 -9999 -9999 -9999 -9999 -9999 1074.37153530121 1119.21114730835 1132.26988983154 665.398641586304 760.836196899414 670.93928527832 694.901550292969 585.166595458984 645.016845703125 825.722427368164 835.281555175781 627.165042877197 663.725109100342 568.530006408691 515.935359954834 594.340637207031 645.163558959961 404.569137573242 500.36043548584 508.954055786133 654.531799316406 726.646991729736 680.432079315186 689.612781524658 846.997299194336 812.866088867188 550.429122924805 532.943267822266 728.330490112305 672.535752773285 588.482261657715 666.178436279297 632.83646094799
-9999 -9999 -9999 -9999 -9999 -9999 -9999 -9999 -9999 -9999 -9999 -9999 -9999 -9999 748.03205871582 864.118423461914 772.569530487061 1019.67533874512 1013.94647598267 970.107164382935 900.434417724609 708.098449707031 682.59496307373 702.018333435059 758.882507324219 612.33012008667 743.835205078125 702.040245056152 703.804286956787 643.988929748535 710.473684310913 630.20609664917 655.842750549316 609.198112487793 592.561630249023 553.439983129501 559.878636360168 519.683601379395 601.695667266846 824.81803894043 703.571059703827 721.858264923096 670.939726233482 645.781242370605 497.389068603516 572.51782989502 709.283889770508 706.691429138184 748.19140625 622.51149559021
-9999 -9999 -9999 -9999 -9999 -9999 -9999 -9999 -9999 -9999 -9999 -9999 961.835647583008 853.99552154541 658.341926574707 795.559104919434 736.645172119141 721.427276611328 1001.30562400818 958.755039215088 858.866333007812 547.28507232666 478.932830810547 538.466255187988 610.160995483398 814.598094940186 710.376899719238 718.9401512146 635.984306335449 646.757667541504 636.467193603516 620.026401519775 506.208213806152 617.611457824707 629.378009796143 552.62679874897 580.671941757202 603.752361297607 607.936668395996 605.581085205078 693.866809844971 705.879325866699 631.410667419434 601.146492004395 553.376358032227 560.625022888184 585.94702911377 750.545379638672 683.58765411377 727.217727661133
-9999 -9999 -9999 -9999 -9999 -9999 -9999 -9999 -9999 -9999 794.368423461914 877.320960998535 819.404373168945 797.844932556152 726.899543762207 648.778957366943 521.427688598633 619.2470921278 563.225761413574 499.197708129883 627.546062469482 486.376441955566 553.31876373291 539.95378112793 638.845138549805 766.507976531982 749.468754768372 810.949714660645 718.098960876465 545.137731552124 532.829738616943 609.217880249023 426.235802650452 541.655265808105 551.249492645264 645.550758361816 655.053733825684 570.849822998047 562.730377197266 543.90979385376 659.310273170471 709.222793579102 636.584115982056 756.661026000977 661.267424583435 600.594837188721 683.6028175354 678.946712493896 626.582847595215 790.98210144043
637.614212036133 760.194852828979 777.604026794434 648.429153442383 560.215744018555 458.090270996094 289.950866699219 580.164533615112 550.925386190414 534.925834655762 767.443214416504 795.690139770508 842.494812011719 604.056377410889 671.43998336792 672.739322662354 631.666165351868 492.234992980957 515.707931518555 478.897911071777 588.013599395752 729.841026306152 583.465538024902 671.483364105225 741.173980712891 753.865524291992 787.594871520996 891.63591003418 739.777061462402 609.339542388916 568.940563201904 600.785897731781 683.712707519531 499.513446807861 623.425113677979 729.209049224854 669.772200584412 537.921112060547 499.075416564941 521.934295654297 591.956100463867 622.244285583496 644.855792999268 643.363622069359 604.961780548096 552.507781982422 735.07063293457 565.511318206787 524.612258911133 626.31795501709
706.401916503906 699.346099853516 726.908849716187 478.383255004883 587.327369689941 447.47871157527 379.86058807373 368.221710205078 438.753222465515 477.283809661865 839.698974609375 730.339183807373 764.377990722656 598.540351867676 462.665481567383 640.360594749451 552.379974365234 509.468910217285 663.339176177979 575.17552947998 565.898559570312 746.644493103027 559.560501098633 683.936752319336 512.090171813965 798.284378051758 792.069213867188 525.926181077957 612.00611114502 695.399360656738 550.880847930908 659.456157684326 437.771026611328 302.455520629883 587.237350463867 852.484558105469 601.02108001709 490.812438964844 468.410842895508 428.820037841797 486.274795532227 629.143486022949 678.911468505859 510.330001831055 560.304016113281 1278.21376800537 1015.86643218994 750.768705844879 637.116247177124 576.041007995605
509.083457946777 650.375154495239 634.207902908325 640.129244804382 466.50993347168 451.731246471405 472.148330688477 420.596668243408 364.11742401123 621.891069121659 698.981750488281 693.930999755859 520.587902069092 718.550186157227 594.446830749512 561.694274902344 681.238567352295 668.253768920898 765.26665687561 775.355015277863 568.649261474609 1236.1643371582 603.402808666229 707.606826782227 523.41845703125 591.496242523193 566.260469436646 801.378433227539 510.284477233887 741.910095214844 645.544518470764 643.523944854736 610.51222038269 774.305973052979 608.046064376831 795.672828674316 596.740447998047 456.707046508789 548.953689575195 594.785797119141 512.714233398438 621.71827507019 741.274719238281 859.568645477295 600.965667724609 771.964096069336 698.462421417236 685.675838470459 756.022354125977 678.276630401611
611.488175392151 772.625968933105 794.704055786133 693.688217163086 665.934051513672 651.459360122681 1011.28897094727 1092.5897808075 502.118698120117 642.584421157837 574.583980560303 535.503818511963 641.411529541016 787.682582855225 732.718021392822 711.510452270508 690.19873046875 740.054958343506 495.791591644287 834.237688064575 686.759365081787 597.540679931641 525.466217041016 648.067607879639 593.357398986816 612.093969345093 673.45369720459 851.682876586914 723.597263336182 657.882629394531 501.572776794434 698.565441608429 725.042251586914 643.825778961182 706.830261230469 1188.36689758301 489.427963256836 476.397994995117 543.68253326416 559.047264099121 1188.52149200439 693.181392669678 682.318077087402 491.230979919434 571.740219116211 671.313467025757 756.948756456375 764.265129089355 799.233352661133 612.616479873657
590.25325012207 833.566619873047 1132.98812103271 687.28458404541 693.554927825928 648.740154266357 847.21618103981 1107.98703241348 604.889904022217 619.633407592773 685.607158660889 690.645029067993 785.302757263184 703.798908233643 566.966379165649 769.372093200684 752.281158447266 706.270269483328 529.032146453857 860.826511383057 695.608381271362 675.896591186523 578.551788330078 639.640247344971 527.922702789307 422.79859161377 465.836643218994 650.484077453613 1247.93347930908 912.952167510986 611.147468566895 933.8818359375 1042.98951721191 1167.19511413574 842.425314903259 1149.86115264893 907.074035644531 878.226417541504 529.991317749023 606.199729919434 561.973517417908 519.826221466064 509.491622924805 510.583847045898 606.093408584595 704.370643615723 639.303129196167 756.94091796875 771.34114074707 646.663196563721
614.206466674805 830.841445922852 1342.1979675293 716.1197681427 752.930702209473 650.377136230469 877.340835571289 1100.00608825684 878.099662780762 702.135101318359 753.930297851562 881.216506958008 861.00528717041 931.883140563965 651.335777282715 1177.1141872406 615.71244430542 702.730743169785 541.229766845703 987.073360443115 667.162628173828 672.730545043945 555.194862365723 641.218656539917 1316.96598052979 962.088485717773 666.336135864258 634.433057785034 619.951259613037 472.70972442627 478.846900939941 566.187662124634 676.29174041748 663.395301818848 554.858421325684 1185.36811065674 576.52220916748 584.428588867188 599.231674194336 680.359786987305 673.177276611328 621.888954162598 726.594383239746 513.337242126465 676.209999084473 759.324295043945 616.352370262146 495.698310852051 584.791023254395 486.390701293945
750.834157884121 596.380527496338 651.254535675049 558.876644134521 541.305179595947 678.737813949585 886.590005874634 596.956977844238 884.346176147461 621.436538696289 639.674964904785 936.664710998535 615.837348937988 991.807342529297 1112.77200317383 1183.56800460815 1192.81060791016 1231.27565765381 602.780303955078 601.681625366211 885.619074732065 453.791595458984 969.956237792969 347.685241699219 373.983795166016 1124.32624053955 510.498802185059 595.076728820801 455.434959411621 657.034637451172 617.890632629395 520.72261428833 641.959732055664 657.823648452759 600.660690307617 599.531791687012 612.060283660889 698.285438537598 596.072341918945 534.926208496094 609.756992340088 691.457815170288 685.92760848999 603.70040512085 584.563207626343 736.1572265625 529.173324584961 595.777111053467 638.062191009521 610.38089132309
656.477340698242 648.733936309814 437.284934997559 553.192914009094 557.095310211182 825.218627929688 697.310314178467 816.405071258545 783.381855010986 712.760614395142 647.701469421387 808.173370361328 502.930633544922 635.8359375 591.179609298706 2260.7746925354 1208.78771591187 734.939430236816 328.9052734375 868.522933959961 875.212646484375 386.021957397461 297.511566162109 785.552703857422 895.216339111328 1320.14434814453 898.659561157227 794.200355529785 479.10572052002 712.287307739258 624.88960647583 650.575248718262 619.12842464447 608.065832138062 708.056831359863 587.555418014526 582.318016052246 615.838520050049 560.370719909668 418.659057617188 664.440676689148 574.583202362061 515.58277130127 637.885860443115 713.668746948242 639.231569290161 583.912544250488 631.086365699768 670.127944946289 674.832998275757
