simdem/realisation19.asc
NCOLS 350 
NROWS 171 
XLLCORNER 152620 
YLLCORNER 418050 
CELLSIZE 100 
NODATA_value -9999 
[rows 0 to 21 of 171, columns 150 to 199 of 350]
463.970504760742 501.109893798828 713.256935119629 -9999 -9999 -9999 -9999 -9999 -9999 -9999 -9999 -9999 -9999 -9999 -9999 -9999 -9999 -9999 -9999 -9999 -9999 -9999 -9999 -9999 -9999 -9999 -9999 -9999 -9999 -9999 -9999 -9999 -9999 -9999 -9999 -9999 -9999 -9999 -9999 -9999 -9999 -9999 -9999 -9999 -9999 -9999 -9999 -9999 -9999 -9999
452.110290527344 535.421585083008 694.359474182129 662.109886169434 710.588680267334 696.35361289978 604.521697998047 -9999 -9999 -9999 -9999 -9999 -9999 -9999 -9999 -9999 -9999 -9999 -9999 -9999 -9999 -9999 -9999 -9999 -9999 -9999 -9999 -9999 -9999 -9999 -9999 -9999 -9999 -9999 -9999 -9999 -9999 -9999 -9999 -9999 -9999 -9999 -9999 -9999 -9999 -9999 -9999 -9999 -9999 -9999
493.142507553101 523.108436584473 594.533546447754 598.040367126465 625.639888763428 588.113082885742 544.692420959473 622.961898803711 604.343200683594 690.035263061523 659.02668762207 811.552518844604 791.947395324707 875.489876747131 -9999 -9999 -9999 -9999 -9999 -9999 -9999 -9999 -9999 -9999 -9999 -9999 -9999 -9999 -9999 -9999 -9999 -9999 -9999 -9999 -9999 -9999 -9999 -9999 -9999 -9999 -9999 -9999 -9999 -9999 -9999 -9999 -9999 -9999 -9999 -9999
571.599868774414 632.884014129639 584.471527099609 485.640701293945 724.998638153076 646.831020355225 562.210304260254 923.76665687561 803.611099243164 1017.20823287964 799.712146759033 807.05512046814 757.158475875854 680.881256103516 478.637786865234 701.855796813965 774.239547729492 852.63171005249 852.778089523315 687.63623046875 780.543956756592 794.38387298584 759.733581542969 896.496971130371 768.746162414551 675.364082336426 710.667308807373 681.722564697266 646.330307006836 861.420719146729 905.753364562988 834.714038848877 719.92707824707 709.271301269531 717.779937744141 -9999 -9999 -9999 -9999 -9999 -9999 -9999 -9999 -9999 -9999 -9999 -9999 -9999 -9999 -9999
1105.43085098267 807.084815979004 686.766508102417 905.933676719666 1051.14699363708 982.883560180664 866.465347290039 861.525009155273 940.611797332764 788.461349487305 991.570907592773 636.440418243408 687.469398498535 676.454704284668 448.697174072266 589.368091583252 793.670181274414 726.01823425293 756.199642181396 582.018333435059 689.872787475586 686.042846679688 828.11443901062 737.095867156982 749.895778656006 763.186344146729 751.13818359375 691.603851318359 732.060688018799 785.046579360962 861.700729370117 764.699211120605 681.012619018555 496.542053222656 730.202096939087 702.239616394043 815.671226501465 732.046112060547 964.426956176758 844.425987243652 539.972877502441 624.04381942749 630.010457992554 494.73371887207 684.210098266602 699.891162872314 714.608379364014 649.846878051758 703.684455871582 1009.4871673584
1091.60403442383 836.507095336914 735.600296020508 1027.26480293274 1197.40305137634 1128.67413711548 871.008930206299 862.775779724121 828.745056152344 908.327850341797 939.148082733154 612.446796417236 585.615539550781 530.297241210938 657.557228088379 489.20573425293 687.555948257446 822.442613601685 736.614440917969 737.471183776855 654.319282531738 542.136245727539 588.457138061523 622.636215209961 634.531440734863 723.407623291016 636.871770858765 560.196937561035 571.956245422363 591.424255371094 652.06160736084 555.77001953125 667.050155639648 669.496559143066 813.305709838867 708.588392972946 878.839233398438 949.868461608887 1004.6396484375 848.949165344238 731.356353759766 602.359184265137 724.349708557129 674.844606399536 630.260707855225 601.136074066162 716.290222167969 701.622200012207 762.704490661621 788.956657409668
1262.8327331543 1171.4900560379 841.987174034119 843.506472587585 1062.28087234497 1073.92489624023 863.260040283203 667.287841796875 865.002105712891 1054.98839569092 974.633232116699 777.533541202545 617.037601470947 416.746170043945 695.214349746704 638.352386474609 648.515205383301 739.256649017334 868.699768066406 815.132526397705 674.825771331787 679.092422485352 581.409225463867 744.980136871338 691.675421237946 663.815330505371 638.866411209106 668.229511260986 623.231969833374 793.904136657715 842.066337585449 702.207077026367 640.222915649414 579.622406005859 711.467189788818 971.443252563477 1150.10018920898 1094.38566589355 1048.87677001953 952.369102478027 782.110294342041 868.639068603516 644.51548576355 723.530422210693 661.617574214935 597.767642974854 764.504676818848 760.246459960938 677.220422744751 767.883231639862
1196.73384094238 667.504165649414 775.07092666626 714.104049682617 956.459941864014 850.606079101562 823.276794433594 783.234741210938 989.519233703613 999.018226623535 921.408096313477 614.327163696289 667.707595825195 502.02140045166 829.391291618347 835.520079612732 723.590607643127 741.54328918457 736.702560424805 857.411888122559 981.703421592712 938.301361083984 721.026290893555 802.207656860352 776.944259643555 707.437683105469 712.344749450684 702.068574905396 658.03143787384 823.806934356689 731.569387435913 972.506286621094 887.057998657227 835.974426269531 741.69441986084 940.006332397461 938.196533203125 1015.06800842285 943.54662322998 1077.74070739746 1020.14347839355 858.008207321167 821.290239334106 789.241992950439 850.560373306274 780.819931030273 932.659395217896 760.356156826019 671.002689361572 678.094284057617
573.677871704102 623.279846191406 664.68473815918 630.037292480469 1062.75206375122 706.493103027344 804.226959228516 852.382766723633 943.612274169922 1058.59678840637 607.062789916992 605.772766113281 549.144195556641 716.123268127441 758.314033508301 677.638662338257 826.526859283447 709.942993164062 817.001968383789 830.352157592773 1103.68518829346 1042.35018920898 992.646476745605 963.394866943359 732.69054889679 771.467926651239 734.793621063232 928.321838378906 788.528056144714 947.581451416016 891.58243560791 969.754959106445 943.461486816406 860.803741455078 756.111820220947 880.554656982422 897.730861663818 951.938886642456 989.097027778625 1122.3235168457 1056.64375305176 874.628479003906 932.926986694336 865.620166778564 821.618412017822 848.920154571533 812.849754333496 774.517105102539 770.665561676025 791.796669006348
496.182983398438 718.869426727295 678.762368202209 560.637802124023 468.343154907227 687.243759155273 586.012687683105 488.956604003906 500.344451904297 575.454254150391 515.402099609375 592.343200683594 540.732978820801 727.833852767944 869.400367736816 948.803596496582 962.899879455566 624.978309631348 868.630615234375 700.775512695312 1005.60610198975 1104.42498970032 1264.13938140869 1359.89611816406 784.738941192627 841.996612548828 930.756561279297 823.266159057617 726.527872562408 710.686393737793 915.992942810059 902.44652557373 862.212577819824 731.635795593262 749.42166519165 1046.01672363281 1058.14386749268 998.35591506958 1019.26736450195 1004.18136787415 915.844139099121 810.107341766357 840.882491111755 907.003700256348 931.767872333527 935.513496398926 975.463949203491 731.177322387695 772.030265808105 776.496139526367
649.13809967041 638.133712768555 811.422309875488 552.466491699219 373.575012207031 515.868148803711 411.418807983398 358.640182495117 481.067474365234 421.313003540039 703.878694534302 702.689695358276 738.315414428711 825.65242767334 510.009078979492 949.718185424805 1039.09349441528 629.362243652344 1166.13203430176 630.221618652344 1027.14501190186 940.069725036621 766.562271118164 1024.70081710815 1014.24021148682 1262.02908325195 644.240699768066 631.460876464844 550.385841369629 576.51881980896 884.194702148438 839.89794921875 823.077224731445 589.429645061493 577.81029510498 952.433700561523 972.081726074219 826.264888763428 898.159656524658 1020.78816223145 691.974203109741 647.564758300781 739.738258361816 835.366180419922 819.003533363342 1144.34272766113 915.273147583008 1143.57069396973 1356.33200836182 901.117896080017
634.104198455811 646.677696228027 696.174928665161 711.843254089355 432.175445556641 356.473388671875 423.480590820312 371.991851806641 622.181930541992 532.43189239502 641.323112487793 737.514495849609 723.024295806885 995.931972503662 816.36927318573 733.128803253174 718.93399810791 715.95140838623 757.467498779297 579.563110351562 560.943649291992 1079.04300689697 693.577011108398 834.406562805176 752.842926025391 615.832992553711 1325.52155685425 1181.91977310181 1056.91188621521 1316.55997467041 1139.86508703232 874.467391967773 874.885879516602 575.843704223633 610.746059417725 806.733894348145 722.7116355896 560.915699005127 639.07307434082 603.744178771973 668.879951477051 723.176727294922 946.18713760376 682.922277450562 871.294464111328 815.210090637207 717.362434387207 818.423956871033 1065.34465312958 827.780071973801
646.887308835983 627.063514709473 586.563568115234 613.387956619263 655.906143188477 716.789096832275 422.779739379883 544.846504211426 634.498790740967 733.140014648438 766.651382446289 633.315696716309 1475.22187805176 868.134506225586 995.810852050781 543.991722106934 496.348678588867 785.895977020264 958.822792053223 660.178100585938 614.448165893555 978.448715209961 682.818351745605 935.798759460449 697.701385498047 873.312122344971 1084.53930568695 1252.90859222412 718.159435272217 917.728881835938 1147.81237792969 846.389759063721 858.588680267334 605.470397949219 669.467225074768 922.541015625 879.556728363037 635.322654724121 588.322822570801 605.579948425293 646.348564147949 678.925441741943 709.023525238037 851.323669433594 858.288711547852 871.173980712891 745.521770954132 865.640579223633 819.37678527832 802.992177963257
548.820037841797 599.079601764679 648.776386260986 1166.63260984421 967.893278121948 1108.22573852539 964.445283889771 511.972717285156 645.841074943542 766.010887145996 802.861831665039 620.480825424194 677.019247055054 594.87589263916 794.150161743164 310.997009277344 566.951675415039 681.425284862518 856.300102233887 693.53288269043 569.986114501953 656.94189453125 953.870536804199 756.186393737793 820.906866312027 937.117274522781 930.962924957275 866.699438095093 987.782287597656 836.189948558807 1041.60153198242 648.740219116211 481.280868530273 709.925273895264 668.699228823185 844.173577785492 1070.40644836426 705.15514755249 464.121398925781 566.742233276367 668.49698638916 636.530364990234 734.4501953125 778.866329193115 868.619827270508 813.458030700684 887.042526245117 1010.77032470703 1094.98446655273 779.130432128906
1036.68040084839 561.603164672852 584.639531135559 610.455324172974 679.36088180542 649.932099342346 662.602264404297 681.020454406738 677.222440719604 873.023895263672 775.13313293457 619.296142578125 724.600692749023 736.914451599121 1227.77227401733 505.248886108398 586.125854492188 703.672996520996 816.513065338135 634.466674804688 632.184265136719 745.930130004883 949.036903381348 741.63773727417 658.215919494629 715.106155395508 974.148216247559 932.646887779236 930.538546681404 686.403930664062 831.418188095093 925.546173095703 1234.8369140625 807.857041358948 907.133408546448 781.919244766235 948.861236572266 781.012405395508 532.777717590332 682.4710688591 632.480251312256 740.390070199966 808.067798614502 703.419512748718 709.876022338867 694.263639450073 815.003356933594 660.507018089294 1092.169921875 855.866500854492
588.08772611618 510.163009643555 603.129508018494 569.9873046875 625.00319814682 725.991767883301 673.6147813797 555.469833374023 694.810626983643 678.983125686646 813.422340393066 732.802825927734 794.646667480469 1181.29221343994 764.565216064453 799.097885131836 686.540908813477 1034.76140594482 865.402816772461 1221.25128555298 1111.05696868896 909.791961669922 1297.78958129883 760.240198135376 816.080909729004 664.656440734863 979.258560180664 955.166049957275 965.255218505859 972.073577880859 853.786521911621 729.856929302216 804.89003944397 783.071189880371 643.269355773926 732.482688903809 664.121724128723 733.811458587646 782.763405799866 791.956253051758 737.510917663574 727.218311309814 669.466268539429 716.899375915527 699.171909332275 561.235145568848 742.46838760376 713.33918762207 883.764663696289 749.481002807617
631.410603523254 633.193674087524 661.861499786377 636.242172241211 578.049228668213 519.420692443848 546.01602935791 620.206005096436 656.481544494629 644.712703704834 710.969818115234 611.166606903076 1545.12640762329 1400.85751342773 712.410331726074 636.350616455078 645.260398864746 682.922027587891 602.081115722656 726.666522979736 1061.57397460938 620.130020141602 813.464149475098 640.167179107666 718.946762084961 602.11897277832 1906.12113571167 1085.03174591064 940.438096046448 887.132202148438 1017.83811187744 759.773094177246 722.108949661255 1214.1287021637 641.756378173828 726.22036242485 795.693214416504 1118.72360992432 1370.86427307129 831.344635009766 862.754745483398 826.047958374023 818.373504638672 887.393714904785 1234.50939941406 802.183057785034 886.07660484314 683.522657394409 736.744839668274 666.289222717285
607.431653022766 603.111297369003 574.525493621826 534.210708618164 578.683448791504 457.417114257812 467.15055847168 559.043060302734 548.561294555664 675.345491409302 601.976406097412 616.379970550537 728.160617828369 440.102310180664 563.90544128418 745.001953125 487.853973388672 466.411041259766 609.482360839844 516.501052856445 545.427124023438 631.697708129883 854.051445007324 852.899280548096 760.786224365234 1089.04856109619 587.937896728516 599.928497314453 859.532028198242 863.019794464111 743.025665283203 954.896133422852 956.23547744751 678.38018655777 996.531496047974 790.12215423584 762.824211120605 801.494041442871 697.843603134155 657.524105072021 628.579516887665 826.680969238281 824.139694213867 752.689279079437 697.897857666016 611.453941345215 691.248176574707 614.807579040527 1135.70377969742 661.023056030273
528.096290588379 473.881683349609 566.866275787354 369.865417480469 587.518333435059 643.718658447266 1086.67965745926 760.793922424316 567.726470947266 555.551483154297 680.909214019775 638.481536865234 574.01887512207 546.837142944336 544.341064453125 785.910980224609 1003.86155700684 1063.20510864258 691.918502807617 681.446716308594 433.284454345703 584.865768432617 1076.11109161377 728.162775039673 1141.4920539856 605.909233093262 717.559186935425 648.728591918945 671.717346191406 837.482688903809 698.394973754883 644.408462524414 572.810333251953 626.713241577148 572.326431274414 1503.49359130859 897.023040771484 803.217575073242 604.689987182617 1014.94482040405 710.913482666016 1010.18698120117 957.031307220459 944.980834960938 943.348510742188 997.182403564453 753.312538146973 514.911560058594 632.537192344666 516.141319274902
562.116874694824 603.499483108521 547.691497802734 362.422912597656 514.006942749023 561.897136688232 778.86524772644 496.962936401367 606.242294311523 600.954551696777 950.840671539307 643.566018104553 726.397529602051 614.448364257812 533.527969360352 665.625558853149 731.833633422852 648.346969604492 590.840019226074 489.722015380859 699.45783996582 693.693572998047 860.297756195068 727.368377685547 907.886236190796 833.938835144043 760.662998199463 1053.02027893066 943.662649393082 808.687973022461 555.553375244141 656.003547668457 869.296424865723 751.836540222168 796.24680519104 898.838333129883 808.839065551758 716.405548095703 552.000267028809 667.238296508789 724.602945327759 646.449504852295 897.081167221069 402.482849121094 398.877410888672 455.376831054688 726.617790222168 717.562938690186 672.772165775299 710.066253662109
621.756202697754 527.436805725098 543.290863037109 580.051409006119 552.080242156982 533.934120178223 500.008331298828 372.959991455078 1331.5252802372 648.256843566895 673.072109222412 749.137140750885 593.49450302124 641.295997619629 595.969291687012 559.615333557129 722.806457519531 866.295593261719 723.680236816406 622.975128173828 687.063751220703 535.140014648438 735.41633605957 879.074367523193 898.933620452881 868.128601074219 705.809799194336 666.244020462036 614.043846130371 807.556022644043 689.828789710999 673.947719573975 656.775444030762 660.981287956238 671.684529304504 739.226432800293 845.054229736328 692.915340423584 550.790740966797 718.44634437561 705.582964897156 884.416735649109 1123.87390136719 436.93928527832 550.667663574219 968.491333007812 550.61296081543 528.818778991699 740.080198287964 1064.80438995361
537.520790100098 399.625915527344 617.994592666626 765.937484741211 708.186225891113 622.789409637451 860.373107910156 371.411346435547 632.013397216797 630.06486082077 635.033450126648 741.931198120117 511.875396728516 1015.54696655273 662.958488464355 679.336223602295 1072.47863769531 654.016094207764 1065.18074798584 752.805633544922 742.789398193359 1253.66249084473 1048.44543838501 740.639640808105 688.613428115845 966.316184997559 925.11531829834 713.344281196594 1660.07783699036 727.217697143555 608.388969421387 602.149642944336 519.541831970215 501.698608398438 531.786422729492 638.40453338623 601.471832275391 633.203174591064 672.542644500732 605.677207946777 638.717254638672 735.487684249878 643.210834503174 591.820850372314 669.639951705933 1101.03896331787 345.756500244141 439.884490966797 680.911245346069 535.782180786133
