simdem/realisation7.asc
NCOLS 350 
NROWS 171 
XLLCORNER 152620 
YLLCORNER 418050 
CELLSIZE 100 
NODATA_value -9999 
[rows 44 to 65 of 171, columns 50 to 99 of 350]
782.475963592529 970.827041625977 678.221984863281 746.319137573242 544.926383972168 567.643913269043 678.249008178711 540.862200737 541.605941772461 461.431076049805 871.909965515137 550.487476348877 656.817916870117 537.761638641357 498.235255718231 478.149808883667 474.42372405529 508.774040222168 505.323539733887 532.529373168945 547.186416625977 447.803944587708 321.402770996094 376.641792297363 475.872966766357 484.947227478027 359.900165557861 340.221992492676 416.757906913757 412.902208328247 326.025161743164 398.706817626953 306.938690185547 360.815124511719 452.784816265106 348.045761108398 453.983372688293 468.009809494019 357.95161819458 369.225452423096 413.288890838623 495.198535919189 280.999252319336 485.318653106689 452.213405609131 348.16316986084 361.481918334961 382.126747131348 552.767395019531 604.523391723633
833.944107055664 850.905685424805 637.940870285034 831.492950439453 548.825057983398 513.297470808029 506.07967376709 484.72403717041 391.369117736816 706.242567062378 475.699834823608 536.051704406738 464.28497505188 475.291828155518 550.085983276367 434.067129135132 477.523277282715 452.704128265381 503.831336975098 449.953018188477 610.140563964844 527.99201965332 494.395149230957 518.910011291504 487.890167236328 377.319395065308 416.197904586792 480.410587310791 423.266909778118 375.517681121826 350.255584716797 424.978903770447 499.19750213623 461.07032585144 540.995750427246 385.088222503662 488.741600036621 441.62136721611 306.265182495117 295.004440307617 485.719566345215 355.887451171875 475.431827545166 379.230781555176 276.483779907227 431.308547973633 393.832118988037 336.246871948242 689.825134277344 506.866577148438
629.252120018005 642.122283935547 609.196350097656 376.674819946289 379.721285820007 429.362907409668 572.826644897461 541.061553955078 577.721138000488 551.836576461792 563.132175445557 483.483058929443 569.414688110352 350.299819946289 435.778087615967 461.478149294853 438.346163749695 472.470401763916 552.272262573242 543.506118774414 446.198364257812 510.684875488281 428.073810577393 602.757522583008 384.902139663696 281.574401855469 333.553062438965 330.388614654541 336.539421081543 464.397453308105 508.074752807617 437.236901283264 320.577728271484 322.454948425293 295.860107421875 337.979202270508 423.449887275696 263.396377563477 214.947677612305 417.512847423553 395.22989654541 457.492639541626 340.354370117188 270.525588989258 235.559646606445 410.390504837036 499.37508392334 398.142818450928 486.02437210083 598.603744506836
566.617113113403 507.080851554871 234.652114868164 348.987503051758 348.578151702881 394.276992797852 1140.16764068604 746.781211853027 363.184799194336 527.794452667236 520.654534816742 363.792419433594 459.550313949585 352.081817626953 536.364749908447 465.51876115799 367.158996582031 467.038429260254 409.036178648472 423.438611984253 481.431518554688 417.669435501099 579.539215087891 335.588340759277 324.103134155273 288.47631072998 314.753875732422 372.012714385986 465.05535697937 565.413673400879 538.732879638672 482.472982406616 350.776962280273 296.490646362305 328.859931945801 333.078742980957 301.050491333008 271.40153503418 344.290069580078 426.149654388428 452.282588720322 452.37073802948 397.837181091309 307.693634033203 214.291351318359 578.131439208984 369.586715698242 442.57981300354 467.026084899902 553.664611816406
411.117668151855 525.076539993286 469.107487678528 476.275993347168 527.156108856201 504.677886962891 571.109062194824 482.577671051025 567.571155548096 444.933479309082 404.885383605957 383.417510986328 266.462600708008 397.210296630859 454.404306411743 446.564245223999 307.230606079102 347.713600158691 588.678604125977 499.681678771973 341.316253662109 418.105712890625 599.037307739258 357.516948699951 375.251769065857 388.206233978271 452.388896942139 616.064697265625 553.985740661621 432.46032333374 451.810899734497 418.151065826416 578.060539245605 397.868078231812 373.937858581543 282.366287231445 374.737442016602 224.364028930664 302.89875793457 339.07982635498 273.095825195312 504.51488494873 369.808250427246 379.155212402344 268.908157348633 302.814605712891 485.251815795898 602.726593017578 559.184120178223 414.768157958984
672.930534362793 385.964806079865 405.620155334473 549.580154418945 732.182106018066 416.862159729004 524.682971954346 592.637901306152 639.196899414062 502.916402816772 528.609474182129 516.849705696106 548.855644226074 596.759071350098 566.673828125 434.117874145508 372.970027923584 479.360282897949 474.566955566406 414.488670349121 429.028327941895 353.22244644165 567.61994934082 454.314395904541 504.273513793945 561.697189331055 569.227325439453 488.020027160645 405.185478210449 459.678176879883 657.719848632812 687.331069946289 516.761932373047 466.206882476807 442.580694198608 265.02229309082 345.275840759277 270.310134887695 443.340753078461 352.469177246094 523.046867370605 412.913955688477 497.323810577393 449.917865753174 472.897094726562 397.06322479248 485.963626861572 491.634586334229 356.694801330566 497.057529449463
429.075679779053 455.159337997437 536.810390472412 1071.37227630615 620.180267333984 437.212463378906 519.489622116089 531.516456604004 584.823547363281 513.881256103516 390.517253875732 376.33366394043 478.451528549194 488.176455974579 603.971664428711 470.033954620361 470.689186096191 476.914211273193 445.014587402344 452.215301513672 405.780460357666 334.336765289307 408.31402182579 405.191902160645 566.67253112793 554.375999450684 444.423004150391 453.530181884766 422.070923805237 436.259301185608 435.735946655273 390.065948486328 489.733150482178 493.654495239258 325.398742675781 220.124221801758 314.58309173584 234.518661499023 344.044853210449 456.653806686401 442.02840423584 339.493804931641 380.912107467651 464.334177970886 497.753549098969 536.923278808594 379.966510772705 388.527305603027 299.092559814453 479.521867752075
679.888782501221 397.300773620605 441.765281677246 573.775871276855 648.155632019043 521.822477579117 535.944160461426 432.495720863342 505.129028320312 378.06526184082 497.221000671387 423.573251724243 427.106548070908 470.977653503418 472.009086608887 452.489542007446 421.143278360367 429.137864589691 474.899879455566 420.879477500916 386.571369171143 518.874206542969 498.429374694824 512.451835632324 373.330490112305 455.822376251221 463.32218170166 414.176508426666 406.783884525299 355.858291625977 407.212379932404 480.913513183594 355.425723075867 396.836561203003 352.43872833252 251.106842041016 203.532379150391 378.126893997192 361.360336303711 446.193525314331 363.450126647949 437.097850799561 439.503642082214 391.277732849121 397.478268623352 462.403331756592 395.803349971771 439.922031402588 419.894019126892 421.617981910706
640.319260597229 381.005367279053 882.753631591797 631.343711853027 546.207498073578 461.156455993652 500.479509353638 440.31095123291 306.751068115234 621.384841918945 434.072176933289 426.673617839813 436.595699310303 427.764461517334 355.353260040283 576.971038818359 462.810356140137 428.000708580017 431.858612537384 329.060276031494 405.929860115051 480.681880950928 436.627635478973 460.307109832764 588.971633911133 453.799621582031 526.245460510254 399.243708133698 438.274528503418 331.540664672852 338.815677642822 296.834800720215 406.917361497879 324.251678466797 387.587245941162 192.003143310547 339.574127197266 284.722999572754 426.474447250366 493.786308288574 400.111679077148 314.45059967041 302.330528259277 325.495178222656 435.292567253113 405.290700435638 412.568428039551 231.031509399414 550.989883422852 391.806364059448
565.002574920654 439.242378234863 553.301852703094 639.59103012085 428.591827392578 490.402698516846 461.943704605103 485.079936027527 565.494674682617 488.109375 436.033762931824 404.149271011353 257.202499389648 426.45739364624 361.263313293457 508.749336242676 369.49348449707 417.104699134827 400.585538864136 402.131063461304 502.381896972656 331.99047088623 486.221797943115 570.029296875 677.983444213867 582.998245239258 523.331153869629 518.218734741211 284.624397277832 302.730316162109 421.938093185425 317.165565490723 316.737419128418 394.561371326447 345.943725585938 366.391807556152 349.281246185303 266.318115234375 355.274265289307 435.012884140015 397.670160293579 412.992855072021 341.632354736328 388.716604232788 294.896286010742 407.101303100586 290.012641906738 389.787754058838 324.158672332764 427.281258106232
671.225204467773 480.14391708374 557.68713760376 543.404678344727 482.172794342041 511.803737640381 425.767578125 375.386077880859 501.243419647217 454.831195831299 521.246269226074 540.364875793457 364.907447814941 453.920852661133 561.505126953125 569.779479980469 525.989059448242 423.176162719727 374.688415527344 431.187971115112 402.999035835266 476.812593460083 488.420822143555 785.157943725586 714.033096313477 481.001472473145 413.961631774902 405.133092880249 353.165577530861 394.772790908813 377.131484985352 310.201644897461 464.371795654297 281.495750427246 305.919761657715 349.557060241699 464.074314117432 415.738870620728 343.587882995605 392.10924243927 400.551485061646 384.286584854126 388.310235977173 339.152320861816 358.513381958008 395.608573913574 543.573806762695 430.205278396606 344.112701416016 347.849899291992
684.678268432617 1188.28045272827 669.641143798828 572.187631607056 537.141453742981 573.792655944824 526.141647338867 438.64354133606 422.02654838562 397.031402587891 402.806411743164 346.392242431641 424.491460561752 531.065246582031 488.536376953125 492.244087219238 555.724853515625 519.38126373291 576.930786132812 475.281867980957 489.654228210449 460.307689666748 589.335220336914 473.645195007324 505.541122436523 405.708437919617 334.762104034424 291.444206237793 478.248870849609 316.23616027832 376.04501247406 512.201042175293 404.046457052231 423.554794311523 407.654185295105 383.923336029053 386.937676429749 369.664838790894 504.129112243652 411.612730979919 305.352172851562 378.842245101929 438.811962127686 325.036144256592 462.612506866455 523.411392211914 534.593070983887 500.838905334473 377.742080688477 324.938781738281
490.74600982666 665.865997314453 716.401458740234 691.220357894897 542.321003437042 581.329090118408 422.492431640625 573.234474182129 428.831472396851 408.790621757507 493.475677490234 480.381896972656 457.707511901855 725.212036132812 461.962852478027 452.64444732666 321.533843994141 354.421360015869 640.833206176758 558.223541259766 451.266187667847 549.336853027344 565.041519165039 382.401571273804 247.369369506836 458.78303527832 346.789110183716 291.431381225586 442.471450805664 399.864783883095 331.39474105835 271.361358642578 249.803199768066 329.389238834381 447.442024230957 563.927124023438 446.528877258301 475.699722290039 502.908004760742 476.291618347168 407.192060470581 366.567077636719 336.855659484863 404.911536693573 412.681290149689 544.635398864746 561.51220703125 441.797833919525 507.141464233398 410.530506134033
648.733547687531 493.52593421936 654.264808654785 626.934989929199 576.158899307251 593.911224365234 616.440124511719 472.128719329834 516.989105224609 475.708400726318 483.056213378906 355.994113922119 361.718841552734 583.565628051758 554.886215209961 427.538379669189 435.463718414307 334.394630432129 560.979370117188 467.614097595215 525.53881072998 463.564086914062 517.178436279297 354.457292079926 301.774471282959 240.193473815918 287.647666931152 353.383934020996 280.314041137695 347.369833350182 336.821211099625 328.088054656982 378.998603343964 359.279136657715 322.32829284668 427.464660644531 353.096841812134 360.781755447388 533.418487548828 439.836349487305 424.736745834351 367.197597503662 394.220873594284 322.720748901367 403.500179290771 379.544128417969 558.299514770508 434.282403945923 509.329078674316 468.665500640869
405.112365722656 573.149255752563 583.681995391846 659.935764312744 645.642242431641 579.14809513092 558.597938537598 605.145523071289 526.049903869629 433.11014509201 375.047657012939 381.963313102722 327.206504821777 386.564450263977 397.670091867447 502.357582092285 434.473382949829 305.877555847168 459.886524200439 361.560081481934 484.923782348633 411.717506408691 464.289794921875 323.707252264023 258.451927185059 207.362594604492 292.168350219727 334.757846832275 294.295120239258 464.357315063477 469.634384155273 446.215637207031 400.877941131592 410.208612442017 396.777956962585 315.652404785156 379.304779052734 387.415583610535 371.495891571045 375.070453643799 370.663206100464 325.702690124512 439.884836196899 353.452892303467 454.282932281494 507.14958190918 468.989887237549 503.331283569336 460.257697105408 438.1487865448
583.247985839844 514.410427093506 629.978877067566 658.945240020752 641.131324768066 568.976829528809 525.226186752319 456.213104724884 477.229011535645 409.304365158081 369.214208602905 302.448535919189 398.877007484436 415.773113250732 394.409999370575 492.394012451172 456.250980377197 359.704208374023 343.260955810547 411.493364334106 226.897407531738 271.886367797852 488.801422119141 352.186738669872 168.351928710938 235.659164428711 450.060478210449 450.260101318359 347.464151382446 528.949157714844 495.956672668457 420.682281494141 411.331787109375 451.388610839844 498.755958557129 510.489433288574 433.023864746094 388.862632513046 364.753887176514 309.111167907715 421.153153419495 343.475341796875 386.584831237793 350.635129928589 414.699439525604 523.110107421875 495.868297576904 488.979061126709 405.651805877686 374.522117614746
424.395076751709 596.489641189575 621.423027038574 613.273059844971 685.461700439453 718.718036651611 644.274486541748 324.289428710938 496.15393447876 458.827899932861 391.307144641876 392.011296749115 362.991903305054 387.312512755394 396.461799621582 385.677316665649 349.107192993164 379.366474151611 293.255165100098 322.131469726562 444.440002441406 320.900943756104 299.390838623047 282.914901733398 160.098693847656 332.024768829346 305.90763092041 447.763000488281 425.954948425293 389.825210571289 562.443786621094 449.154460906982 358.34008026123 481.067733764648 376.311422348022 378.520824670792 412.415191650391 406.567979812622 458.757343292236 402.990204334259 358.3330078125 344.742374420166 278.793533325195 249.610321044922 373.5791015625 318.689254760742 403.176401138306 457.779451370239 650.705047607422 560.810386657715
523.188440322876 531.217443466187 505.767944335938 555.324815750122 753.425788879395 557.744285583496 639.986894667149 449.320117950439 409.181159973145 394.730386734009 408.083025455475 407.38604581356 394.018677711487 273.030555725098 441.58228302002 456.725643873215 425.502037405968 446.171188354492 316.749656677246 254.819091796875 373.120388031006 321.000709533691 212.159637451172 258.546005249023 439.09839630127 471.835456848145 436.653541564941 403.754678726196 358.010098457336 502.250366210938 317.66357421875 245.740005493164 375.457119941711 384.878602743149 303.790130615234 314.015247344971 430.530298233032 426.521980524063 494.322090148926 493.468048095703 379.150606155396 364.427967071533 446.567707061768 476.201683044434 283.854354858398 339.022132873535 316.72469329834 499.914535522461 566.717880249023 428.44136428833
491.78938293457 479.67301940918 599.817464828491 542.48046875 680.54630279541 748.602401733398 605.208312988281 571.053623199463 619.687515258789 563.838989257812 489.508113861084 453.408130645752 406.235768795013 272.06322479248 267.818450927734 308.548034667969 225.170364379883 376.524185180664 344.877616882324 410.594800949097 472.307060241699 161.414993286133 168.891143798828 243.034561157227 264.548233032227 382.791298866272 519.647888183594 261.797012329102 434.884914398193 458.593872070312 285.154029846191 349.494804382324 332.877807617188 466.116958618164 506.381629943848 421.190544128418 389.151208877563 455.842166900635 393.077209472656 410.919141769409 331.613731384277 509.432411193848 480.241889953613 366.681262969971 318.014808654785 322.342712402344 376.504188537598 471.480819702148 540.479259490967 444.497036337852
556.100975990295 444.281379699707 615.455894470215 536.639991760254 643.572151184082 490.83517074585 424.175071716309 470.578044891357 642.91552734375 466.904724121094 502.980911254883 509.967788696289 354.086784362793 243.717308044434 249.712539672852 236.199798583984 215.251403808594 262.811950683594 370.444968223572 419.787605285645 532.510269165039 493.469856262207 372.341394424438 364.886945724487 304.132545471191 354.007007598877 329.581546783447 304.414287567139 310.355518341064 221.691940307617 269.360794067383 177.682189941406 148.48974609375 336.766048431396 424.175312042236 415.863288879395 433.74849319458 394.795833587646 476.93058013916 465.303653717041 426.859697341919 435.425429344177 490.881301879883 416.212732315063 402.416469573975 419.068775653839 338.002456665039 349.418266296387 385.299579620361 508.192939758301
530.928688049316 469.522815704346 471.808166503906 667.662348747253 614.180229187012 676.707901000977 411.488792419434 376.014221191406 555.097640991211 529.410102844238 394.408962249756 211.976699829102 232.659683227539 382.288967132568 336.225366592407 270.910247802734 291.793083190918 343.498378753662 360.877360582352 438.798431396484 347.547733306885 376.992085456848 426.25182723999 323.432006835938 351.175254821777 216.775505065918 346.494674682617 470.775978088379 347.857273101807 270.56746673584 325.098022460938 272.64469909668 474.983493804932 349.833515167236 274.818954467773 249.195693969727 371.947937965393 415.806591033936 371.263050079346 315.589889526367 424.321062833071 379.927753448486 540.627754211426 446.364382147789 295.023681640625 401.552635192871 394.590507507324 404.736093521118 426.330223083496 407.980274200439
410.976898193359 514.875241041183 438.903480529785 717.942108154297 625.629806518555 593.077392578125 445.304280638695 470.555084228516 437.460132598877 553.300720214844 452.588882446289 438.452110290527 298.556896209717 358.156053543091 412.789264678955 492.17301940918 263.119972229004 330.600400924683 552.618255615234 415.487232208252 414.789520263672 381.62780380249 344.644229888916 365.265224456787 410.492258071899 379.0329413414 380.360421180725 455.747581481934 468.111442565918 483.759262084961 429.775394439697 394.265073299408 277.185546875 389.018783569336 403.979583740234 438.518493652344 385.630397796631 406.434867858887 394.8034324646 393.124320983887 277.388732910156 364.465057373047 412.776811599731 467.729339599609 362.977172851562 433.745584964752 377.180923461914 468.533936500549 373.765991210938 399.600933074951
