simdem/realisation80.asc
NCOLS 350 
NROWS 171 
XLLCORNER 152620 
YLLCORNER 418050 
CELLSIZE 100 
NODATA_value -9999 
[rows 110 to 131 of 171, columns 300 to 349 of 350]
761.049652338028 941.976470947266 908.144027709961 621.692474365234 786.872529029846 893.687843322754 546.488800048828 901.65673828125 863.591339111328 739.790382385254 986.675666809082 765.847759246826 1742.42182540894 1084.6326675415 818.981739044189 850.267372131348 1306.64910888672 726.806884765625 1096.26974868774 -9999 -9999 -9999 -9999 -9999 -9999 -9999 -9999 -9999 -9999 -9999 -9999 -9999 -9999 -9999 -9999 -9999 -9999 -9999 -9999 -9999 -9999 -9999 -9999 -9999 -9999 -9999 -9999 -9999 -9999 -9999
853.925304412842 658.064660072327 643.66744351387 780.923940181732 722.405722618103 748.736801147461 1104.85087585449 1501.88165473938 717.357246398926 805.934642791748 1430.77135467529 515.380889892578 870.812072753906 741.997436523438 723.615005493164 666.820877075195 729.303100585938 1131.1741027832 1209.30317306519 -9999 -9999 -9999 -9999 -9999 -9999 -9999 -9999 -9999 -9999 -9999 -9999 -9999 -9999 -9999 -9999 -9999 -9999 -9999 -9999 -9999 -9999 -9999 -9999 -9999 -9999 -9999 -9999 -9999 -9999 -9999
761.895576477051 915.742210388184 1096.42041778564 820.160623550415 790.063766479492 791.341500282288 617.529052734375 930.807548522949 666.412948608398 1636.4810256958 1038.09774017334 738.692657470703 723.666488647461 976.450542211533 737.294906616211 1001.82565307617 723.266571044922 1004.52278137207 1704.48712158203 792.394668579102 -9999 -9999 -9999 -9999 -9999 -9999 -9999 -9999 -9999 -9999 -9999 -9999 -9999 -9999 -9999 -9999 -9999 -9999 -9999 -9999 -9999 -9999 -9999 -9999 -9999 -9999 -9999 -9999 -9999 -9999
816.881469726562 841.42035484314 816.972248077393 828.579223632812 844.372184753418 761.631808996201 761.356407165527 875.271142244339 787.202339172363 2186.24926757812 761.001388549805 941.00376701355 832.896072387695 1126.90058898926 1154.48626708984 979.614929199219 976.955184936523 725.23664855957 945.753555297852 1322.5121307373 1106.40354919434 -9999 -9999 -9999 -9999 -9999 -9999 -9999 -9999 -9999 -9999 -9999 -9999 -9999 -9999 -9999 -9999 -9999 -9999 -9999 -9999 -9999 -9999 -9999 -9999 -9999 -9999 -9999 -9999 -9999
762.435794830322 863.235733032227 913.478466033936 875.714687347412 664.17440032959 881.852661132812 785.70321559906 814.065816879272 817.261863708496 1180.68539428711 952.490966796875 1213.00011444092 1093.20800018311 847.371520996094 608.628967285156 881.691886901855 868.976753234863 866.04035949707 986.174591064453 916.096649169922 1034.87913513184 -9999 -9999 -9999 -9999 -9999 -9999 -9999 -9999 -9999 -9999 -9999 -9999 -9999 -9999 -9999 -9999 -9999 -9999 -9999 -9999 -9999 -9999 -9999 -9999 -9999 -9999 -9999 -9999 -9999
908.661386489868 838.663082122803 885.513832092285 928.29993057251 1081.6510848999 990.736145019531 849.961990356445 921.552310943604 654.770130157471 876.368804931641 1298.20596313477 880.783662796021 862.599866867065 1300.3438873291 795.976722717285 800.81888961792 1307.34765625 912.320106506348 923.551166534424 770.063217163086 811.888120651245 756.164047241211 -9999 -9999 -9999 -9999 -9999 -9999 -9999 -9999 -9999 -9999 -9999 -9999 -9999 -9999 -9999 -9999 -9999 -9999 -9999 -9999 -9999 -9999 -9999 -9999 -9999 -9999 -9999 -9999
734.189765930176 749.59665119648 917.725503921509 1167.87446975708 740.008111000061 782.989814758301 1249.80961227417 733.565822601318 733.833953857422 1056.95465087891 993.960845947266 1453.96913146973 972.659496307373 1131.24462127686 882.835859298706 916.976676940918 1394.95035362244 1170.88285446167 842.049173355103 824.640991210938 797.161567687988 785.386497497559 1122.88631439209 -9999 -9999 -9999 -9999 -9999 -9999 -9999 -9999 -9999 -9999 -9999 -9999 -9999 -9999 -9999 -9999 -9999 -9999 -9999 -9999 -9999 -9999 -9999 -9999 -9999 -9999 -9999
735.614842414856 729.557334899902 793.528854370117 871.563106536865 1269.84004211426 1433.83727645874 707.112098693848 740.179653167725 817.757396697998 687.592727661133 892.623474121094 962.567471504211 1281.06272315979 1333.54039955139 836.637336730957 1036.20617103577 1095.48179626465 848.655561447144 670.997192382812 937.748352050781 827.414413452148 708.40739440918 697.408630371094 -9999 -9999 -9999 -9999 -9999 -9999 -9999 -9999 -9999 -9999 -9999 -9999 -9999 -9999 -9999 -9999 -9999 -9999 -9999 -9999 -9999 -9999 -9999 -9999 -9999 -9999 -9999
670.714870452881 797.034767150879 890.91788482666 865.204605102539 1016.609790802 817.134701579809 791.479875564575 1041.404088974 755.478317260742 699.175453186035 958.420516967773 677.13531255722 860.389581680298 921.110989570618 912.750030517578 1044.84662437439 696.459625244141 894.542510986328 844.731105804443 916.08275604248 768.854137420654 849.270053863525 836.649436950684 807.508819580078 -9999 -9999 -9999 -9999 -9999 -9999 -9999 -9999 -9999 -9999 -9999 -9999 -9999 -9999 -9999 -9999 -9999 -9999 -9999 -9999 -9999 -9999 -9999 -9999 -9999 -9999
863.050040483475 751.090866088867 727.447448730469 795.194595336914 1091.73159408569 750.033302307129 653.980682373047 710.227462768555 677.279838562012 813.320421218872 917.903965473175 963.636177062988 816.600841522217 1091.03879141808 1302.63554763794 998.198287963867 913.99870300293 820.512278079987 844.617845535278 845.083371162415 880.566650390625 760.945770263672 735.641479492188 834.765892028809 863.483085632324 -9999 -9999 -9999 -9999 -9999 -9999 -9999 -9999 -9999 -9999 -9999 -9999 -9999 -9999 -9999 -9999 -9999 -9999 -9999 -9999 -9999 -9999 -9999 -9999 -9999
1296.74362182617 1717.09545898438 950.634572982788 1150.14472198486 1253.22934341431 885.479957580566 622.028427124023 587.506591796875 702.095123291016 1401.9646282196 858.243789672852 813.401294708252 882.21643447876 1255.88720703125 1036.522315979 1494.41194248199 818.735344916582 751.354873657227 745.881500244141 743.74878692627 838.795286893845 853.551000595093 790.126152038574 863.581604003906 865.431232452393 954.970153808594 -9999 -9999 -9999 -9999 -9999 -9999 -9999 -9999 -9999 -9999 -9999 -9999 -9999 -9999 -9999 -9999 -9999 -9999 -9999 -9999 -9999 -9999 -9999 -9999
978.392772674561 985.668159484863 1466.66328430176 897.428146362305 1346.41049003601 1526.05937957764 857.125091552734 800.452003479004 717.072875976562 888.432498931885 830.9537525177 692.927062988281 865.549934267998 932.862197875977 1126.95064926147 838.365505218506 843.950525760651 789.809669494629 637.268920898438 710.205856323242 861.941452026367 927.658344268799 874.370324134827 892.475631713867 845.844024658203 951.677192687988 -9999 -9999 -9999 -9999 -9999 -9999 -9999 -9999 -9999 -9999 -9999 -9999 -9999 -9999 -9999 -9999 -9999 -9999 -9999 -9999 -9999 -9999 -9999 -9999
1097.62021255493 1244.08680725098 1384.71842956543 1093.39656066895 1226.69133758545 1345.49104309082 1391.98171234131 1170.22366046906 939.484146118164 1316.34996032715 1120.11953353882 940.363677978516 802.095220565796 800.176628112793 874.613488197327 663.038734436035 847.070472717285 864.11767578125 617.504333496094 647.935241699219 920.067359924316 733.580345153809 833.480726242065 956.835220336914 908.002956390381 1002.33885192871 859.349311828613 -9999 -9999 -9999 -9999 -9999 -9999 -9999 -9999 -9999 -9999 -9999 -9999 -9999 -9999 -9999 -9999 -9999 -9999 -9999 -9999 -9999 -9999 -9999
1224.02034759521 1111.39489746094 1019.1925201416 1000.32371139526 1011.9860534668 1396.2962474823 1357.81683349609 900.847503662109 996.620704650879 1064.1046705246 812.872058093548 889.61353302002 966.846138000488 814.868387699127 965.401054382324 889.303583145142 904.245735168457 853.5686378479 853.223045349121 840.130098342896 831.560192108154 803.434257507324 796.737882614136 914.955795288086 943.24528503418 905.22314453125 782.207160949707 818.510627746582 -9999 -9999 -9999 -9999 -9999 -9999 -9999 -9999 -9999 -9999 -9999 -9999 -9999 -9999 -9999 -9999 -9999 -9999 -9999 -9999 -9999 -9999
1033.18918228149 1178.05514526367 1116.55876159668 1221.95687866211 970.427795410156 1001.44183349609 1524.16909599304 1058.25485229492 987.738815307617 804.698219299316 592.252426147461 666.548782348633 719.089614868164 931.555252075195 860.687347412109 857.346121788025 807.022064208984 831.640785217285 719.442314147949 776.571660995483 849.631172180176 892.240669250488 846.127395629883 859.421237945557 882.55855178833 881.079410552979 667.819000244141 720.845672607422 805.123001098633 -9999 -9999 -9999 -9999 -9999 -9999 -9999 -9999 -9999 -9999 -9999 -9999 -9999 -9999 -9999 -9999 -9999 -9999 -9999 -9999 -9999
1022.93294525146 880.718772888184 841.689590454102 1042.63498878479 1508.49968719482 1005.07537841797 1046.10165405273 1020.88912963867 950.545845031738 711.390701293945 663.019485473633 668.551971435547 816.564054131508 884.28263092041 700.994438171387 817.320930480957 582.299713134766 848.468361139297 877.727518081665 683.859436035156 637.641555786133 894.741630554199 929.612464904785 849.757291793823 894.693336486816 687.339889526367 671.615875244141 882.871285438538 871.289351701736 -9999 -9999 -9999 -9999 -9999 -9999 -9999 -9999 -9999 -9999 -9999 -9999 -9999 -9999 -9999 -9999 -9999 -9999 -9999 -9999 -9999
1019.6457824707 1059.76080322266 1332.51583099365 1115.30987548828 928.740661621094 850.009628295898 1195.92483520508 948.985305786133 1271.10832214355 1022.87889862061 893.353782653809 791.790954589844 736.035430908203 726.174304962158 700.281684875488 750.790882110596 873.64089012146 777.197395324707 831.573760986328 826.903070449829 778.186336517334 855.723571777344 849.504623413086 732.08821105957 806.628067016602 756.951324462891 845.575748443604 824.853340148926 750.046379089355 740.649505615234 -9999 -9999 -9999 -9999 -9999 -9999 -9999 -9999 -9999 -9999 -9999 -9999 -9999 -9999 -9999 -9999 -9999 -9999 -9999 -9999
944.256517410278 1098.2306137085 1100.90407180786 1474.03076934814 1955.28522491455 1410.41328430176 1302.04817199707 1118.20236206055 1204.15558624268 1180.86698913574 1029.63688659668 884.544616699219 761.301937103271 648.059631347656 857.100151062012 894.448875427246 944.473327636719 746.806423187256 761.002914428711 883.406219482422 885.876014709473 821.818899154663 832.627901077271 726.747817993164 750.439811706543 841.761557579041 760.684707641602 961.830976486206 868.537780761719 777.945491790771 703.047775268555 -9999 -9999 -9999 -9999 -9999 -9999 -9999 -9999 -9999 -9999 -9999 -9999 -9999 -9999 -9999 -9999 -9999 -9999 -9999
1030.65720367432 965.948020935059 908.032907485962 1334.13610458374 1607.25328063965 1546.59982299805 1626.53684997559 1113.6795501709 978.396636962891 1085.6950302124 1233.52105712891 1004.35156059265 1086.56197738647 1091.97476196289 854.895149230957 933.506759643555 956.048439025879 886.632377624512 910.905097961426 874.016681313515 793.592902898788 858.081600189209 879.160894393921 737.874565124512 873.385715484619 826.478580474854 749.383522033691 747.367614746094 817.033966064453 763.928611755371 704.444267272949 -9999 -9999 -9999 -9999 -9999 -9999 -9999 -9999 -9999 -9999 -9999 -9999 -9999 -9999 -9999 -9999 -9999 -9999 -9999
1215.59637641907 849.914939880371 913.697331428528 1398.6272892952 1111.14897918701 1583.30430603027 1453.82956695557 1279.41564178467 1749.5097694397 1502.21839904785 1300.51679229736 1039.6954498291 1285.34552001953 1861.64823913574 1347.02769470215 948.416366577148 959.300621032715 857.841598510742 887.885063171387 708.99186706543 837.2145652771 949.500650405884 952.765808105469 804.231023788452 771.58141708374 846.562088489532 828.440475463867 759.359397888184 853.069026947021 814.762794494629 835.841547012329 824.489410400391 -9999 -9999 -9999 -9999 -9999 -9999 -9999 -9999 -9999 -9999 -9999 -9999 -9999 -9999 -9999 -9999 -9999 -9999
1184.82361602783 1070.83739471436 888.601016998291 1088.95623731613 926.850185394287 1292.9292755127 1489.79747772217 1236.39107513428 1296.59204864502 1422.39334106445 1444.28070068359 1032.6026802063 1256.28330230713 1472.05975341797 1045.57440948486 953.726890563965 845.054840087891 889.904075622559 922.316955566406 819.057180404663 940.528495788574 906.013710021973 868.416549682617 884.159568786621 816.198154449463 815.548057556152 770.284164428711 902.174430012703 998.728553771973 779.691352844238 837.119707107544 742.799560546875 931.13196182251 -9999 -9999 -9999 -9999 -9999 -9999 -9999 -9999 -9999 -9999 -9999 -9999 -9999 -9999 -9999 -9999 -9999
1034.5675201416 1127.97374725342 1402.64709854126 950.081220626831 840.123962402344 1049.12474822998 1030.98394775391 1027.67975616455 1278.0749874115 1321.45597839355 1188.93327713013 1188.51860809326 1139.28318023682 1150.81211090088 925.33131980896 905.476196289062 880.00382232666 786.068328857422 919.656021118164 971.467224121094 933.600433349609 983.552581787109 969.53239440918 966.732650756836 866.866924285889 777.008068084717 797.352027893066 837.972194671631 923.310136318207 833.002941131592 897.322593688965 940.069446563721 938.201971054077 -9999 -9999 -9999 -9999 -9999 -9999 -9999 -9999 -9999 -9999 -9999 -9999 -9999 -9999 -9999 -9999 -9999
