simdem/realisation20.asc
NCOLS 350 
NROWS 171 
XLLCORNER 152620 
YLLCORNER 418050 
CELLSIZE 100 
NODATA_value -9999 
[rows 44 to 65 of 171, columns 200 to 249 of 350]
951.784286499023 776.290462493896 548.774724006653 653.248405456543 439.439682006836 374.923919677734 744.285766601562 728.625193595886 586.314712524414 742.858863830566 662.778167724609 700.649082183838 702.203886032104 726.010478973389 697.109199523926 685.236846923828 557.554531097412 552.114376068115 561.603958129883 517.313179016113 472.317291259766 548.654724121094 585.529458999634 507.517463684082 663.809959411621 691.909896850586 518.968551635742 698.630274772644 528.383773803711 588.363067626953 593.526819229126 592.280685424805 1166.72078704834 667.573509216309 724.542901992798 613.210384368896 657.447152614594 590.833351135254 672.239686965942 750.573066711426 747.167369842529 827.322929382324 632.556663513184 653.13744354248 699.872974395752 757.805271148682 775.297904968262 867.808685302734 692.353684574366 565.706909179688
1121.25399017334 1732.333984375 1127.36656951904 961.117469787598 768.151077270508 1032.5265007019 855.663421630859 870.33960723877 739.955476760864 732.443246841431 696.617370605469 667.099597930908 566.735534667969 1087.1919708252 760.469017028809 801.317878723145 487.928680419922 360.284271240234 592.721885681152 583.023447036743 638.647632598877 610.325577974319 641.763389587402 684.285827636719 729.19132232666 624.382148742676 657.376564025879 641.643880844116 610.792746067047 609.991649627686 652.899628639221 610.688018798828 696.353608131409 676.759521484375 648.090754508972 740.501274108887 694.28885269165 648.426761627197 610.696018218994 852.74919128418 726.92268371582 576.829833984375 793.610549926758 736.42325592041 686.975452352315 625.936599731445 693.757946014404 558.893173217773 612.43440246582 595.813903808594
592.708084106445 1056.67231750488 1736.70722961426 1167.70213699341 632.517219543457 533.139984130859 716.647657394409 966.104263305664 694.86026763916 694.21068572998 588.405097007751 623.013702392578 569.326126098633 831.78707408905 772.863935470581 691.402496337891 1345.40149688721 734.53858089447 578.406219959259 560.852947235107 612.629460573196 559.251026153564 717.818786621094 709.437644958496 668.722705841064 699.703819274902 587.431289672852 595.868224143982 661.416282653809 773.814178466797 620.467889785767 707.684032440186 637.102189481258 765.35765838623 724.976333618164 708.956455230713 642.58447265625 457.835220336914 573.990730285645 692.217566490173 721.147457122803 781.319648742676 786.222351074219 627.973701477051 654.204374313354 579.013168334961 657.212993621826 648.550434112549 776.668926239014 660.533386230469
744.332626342773 751.417419433594 1062.71406555176 1328.40590286255 924.548889160156 718.779712677002 834.584350585938 808.806800842285 712.961845397949 714.866958618164 496.778707504272 549.310108184814 541.242710113525 561.844863891602 770.00870513916 973.459296703339 1153.22760009766 1918.06253814697 1379.05097198486 644.058219909668 432.891632080078 472.176528930664 607.147879600525 754.946563720703 652.246269226074 646.846347808838 638.12451672554 675.046012878418 803.062042236328 655.524883270264 641.838645935059 590.798683166504 765.653587341309 660.16854095459 667.470879554749 673.572638511658 637.414319992065 616.325702667236 745.045249938965 666.709770202637 621.565902709961 621.120443344116 866.838714599609 795.566390991211 600.143119812012 722.36589050293 680.626934051514 531.235931396484 839.84952545166 715.137856483459
730.910583496094 648.077934265137 849.126953125 747.599342346191 637.722812652588 674.145090579987 534.670547485352 612.691444396973 677.517984390259 626.59903717041 522.446601867676 505.376541137695 576.680166721344 544.467397689819 653.753332138062 779.043380737305 1074.01697158813 1414.28120326996 1239.24472427368 935.395648956299 583.08992767334 606.967304229736 594.698252677917 606.141998291016 654.124095916748 460.619369506836 764.186279296875 758.615753173828 621.631183624268 480.465545654297 605.905033111572 713.87931060791 639.588623046875 644.881717681885 747.133979797363 615.318531036377 559.66641998291 625.796413421631 668.722138404846 639.435348510742 599.099620819092 826.565914154053 798.624786376953 824.231826782227 596.162284851074 690.501631975174 589.185249328613 748.196411132812 712.430258750916 676.024627685547
544.29993724823 542.033317565918 612.213115692139 707.407249450684 585.946981430054 611.135055541992 638.48762512207 695.226466178894 714.953433990479 540.095008850098 539.307815551758 635.556030273438 628.674396514893 435.181777954102 568.690299987793 715.241196632385 903.92756652832 1265.5439453125 1902.66602325439 1691.61795043945 855.633277893066 866.571464538574 751.339576721191 639.436288833618 566.918567657471 491.062240600586 631.729769706726 648.109443664551 629.067789077759 554.674354553223 664.713531494141 646.589871406555 657.978200078011 739.976203918457 545.563385009766 547.845771789551 619.610908508301 528.049026489258 523.301834106445 690.698030233383 681.945691585541 726.0869140625 738.275970458984 1072.91575062275 1058.43871879578 981.474666595459 813.470573425293 741.967418670654 695.659530639648 627.296607971191
600.553262233734 697.50016784668 680.501579284668 631.373931884766 587.658632278442 494.921489715576 580.792715072632 478.311195373535 741.945161819458 748.279792785645 656.647766113281 787.997192382812 661.762542724609 600.826164245605 556.459106445312 673.201103210449 771.228137969971 1166.84674072266 1397.20436096191 1793.10794067383 859.708494186401 710.287517547607 641.132474899292 651.644985198975 559.500659942627 528.066864013672 681.167152404785 698.991752624512 799.551162719727 563.537033081055 644.584056854248 670.753828048706 624.108993530273 771.917762756348 761.363830566406 601.029632568359 558.767059326172 692.517560958862 548.471328735352 597.505805969238 728.030723571777 683.172730445862 709.680980682373 782.557487487793 1136.75916671753 1414.7650680542 716.576187133789 660.72087097168 555.650756835938 797.564353942871
434.50390625 621.465118408203 634.936817169189 575.974220275879 549.412185668945 501.847702026367 715.680072784424 674.068099975586 729.427696228027 762.861656188965 701.930744171143 646.492366790771 660.149536132812 575.260135650635 540.000567436218 527.602928161621 741.242610931396 882.382766723633 1372.90985393524 1350.90127944946 1449.15546417236 655.654678344727 544.535446166992 582.419700622559 618.438802719116 597.267842292786 610.025381088257 529.112808227539 524.483131408691 528.010124206543 686.337776184082 626.967687606812 643.525271773338 675.765108108521 749.987785339355 732.187911987305 587.562408447266 638.247845172882 742.063468933105 653.927463531494 665.840264678001 710.538715362549 662.297967433929 593.128372192383 875.803810119629 652.14892578125 957.368362426758 1134.86181640625 642.441787719727 848.037704467773
369.84342956543 531.394031524658 682.897567749023 551.324615478516 708.230209350586 653.338763535023 819.159980773926 712.733501434326 664.42520904541 800.964935302734 815.014808654785 780.75 627.427993774414 717.037757873535 578.438872337341 479.448844909668 496.952667236328 852.396238327026 924.380752563477 1688.99848937988 1991.63216781616 1186.94618225098 502.915130615234 571.308036804199 576.635112762451 649.884822845459 563.437870025635 592.878032684326 518.402313232422 559.654304504395 612.43488407135 600.271224975586 728.340194702148 642.510388851166 842.489334106445 623.260426521301 605.76541519165 637.156270980835 642.625229358673 582.773326873779 661.568475723267 689.416812896729 596.661468505859 511.257263183594 634.486705780029 655.796646118164 759.817828431726 488.97590637207 992.37516784668 918.157073974609
521.495769500732 655.805809020996 540.754890441895 708.520095825195 631.324890136719 632.465227127075 706.818054199219 774.956062316895 567.088752746582 718.479627609253 866.291885375977 715.955673217773 546.573108673096 611.126224517822 763.953735351562 480.219306945801 674.740036010742 687.234941482544 1132.86824035645 958.887676239014 1211.34731292725 1182.95431518555 1491.07727813721 688.970916748047 735.772930145264 635.55607509613 575.056024551392 762.774673461914 550.843994140625 651.796535491943 575.220554351807 618.283772468567 674.203500747681 750.031425476074 776.393028259277 564.794055938721 630.77220916748 528.131942749023 585.016799926758 590.798637390137 723.49836730957 597.129190444946 570.399574279785 547.797470092773 650.675048828125 836.238010406494 653.60000038147 718.117752075195 857.179931640625 448.744293212891
600.200894355774 684.092491149902 685.942897796631 611.103889465332 555.23657989502 715.334251403809 681.515686035156 686.809104919434 533.559356689453 710.45130443573 664.252464294434 743.566787719727 703.99377822876 588.561851501465 703.564094543457 630.001304626465 583.591073989868 621.375885009766 745.813171386719 655.476829528809 816.168144226074 1122.71852111816 1483.76014709473 760.798385620117 896.202259063721 708.42749786377 654.200138092041 647.453205108643 665.936656951904 533.773067474365 569.061676025391 569.400512695312 596.484651565552 713.48494720459 623.844022750854 696.06032371521 729.95361328125 745.912578582764 606.264240264893 638.910612106323 704.006061553955 737.342742919922 584.465072631836 708.025482177734 715.252227783203 639.824089050293 683.789915084839 571.326797485352 520.680450439453 736.414352416992
782.356140136719 730.537124633789 655.29833984375 615.059749603271 560.064304351807 572.660541534424 740.856483459473 689.565872192383 618.539794921875 713.846785545349 739.929153442383 663.450019836426 603.91236114502 695.623626708984 725.479423522949 703.304748535156 626.085889816284 644.945392608643 533.508068084717 539.321006774902 648.024436950684 852.208801269531 1124.27628612518 1398.11194992065 863.966933488846 682.070915222168 712.190567016602 504.985862731934 514.845520019531 549.746025085449 503.671417236328 677.846565246582 714.502983093262 647.984028816223 647.67993927002 674.126697540283 721.945617675781 701.630451202393 634.603577136993 576.324615478516 623.876068115234 754.381828308105 727.578929901123 677.276454925537 632.325546264648 575.587188720703 561.286956787109 722.977210998535 638.763618469238 650.338338851929
754.665405273438 620.621628284454 585.482597351074 639.530935287476 633.409380435944 631.011236548424 677.730644226074 716.118026733398 737.496509552002 610.474151611328 819.738647460938 803.670700073242 622.896127700806 736.500213623047 814.332099914551 762.292263031006 765.065013408661 697.116500854492 699.916248321533 820.032278493047 876.968827657402 1003.46469116211 1279.86957550049 1039.81474065781 836.183578968048 573.586700439453 550.529327392578 523.428283691406 495.076454162598 567.547962188721 618.037229537964 610.168725013733 722.737228393555 632.175594091415 658.189868927002 683.243732452393 596.588237762451 603.738437652588 585.809997558594 593.170724868774 661.871164321899 635.886875152588 640.121680736542 741.300247192383 660.763350486755 517.121383666992 550.999641418457 576.470489501953 568.851470947266 606.838718414307
539.860710144043 604.014587402344 599.326377868652 573.675285339355 713.777381896973 582.344055175781 606.238337516785 494.182189941406 701.359857082367 755.106254577637 805.56120300293 795.310831069946 723.077038526535 720.253353118896 720.592254638672 742.776473999023 791.117805480957 880.670070648193 830.464365005493 730.94116973877 789.654726028442 882.945320129395 927.172527313232 922.596300125122 697.099517822266 647.141780853271 635.011993408203 621.601571083069 597.766280651093 714.652061462402 576.689079284668 567.465995788574 521.021629333496 501.077224731445 565.912460327148 582.558994293213 592.084899902344 555.332969665527 550.951385498047 616.334705352783 704.884674072266 718.456962585449 760.345474243164 621.250988006592 637.736396789551 596.43151473999 637.538272857666 694.105079650879 648.04804623127 582.249359130859
602.477825164795 537.331573486328 698.979351043701 549.595497131348 616.893775939941 587.739654541016 630.293672084808 611.124626159668 713.679351806641 641.656798601151 601.647529602051 653.895896911621 631.075538635254 597.83260345459 691.169973373413 754.510021209717 792.043022155762 903.654922485352 672.424556732178 635.973068237305 818.856949806213 814.654706001282 957.433403015137 851.663032531738 576.934749603271 697.270942687988 554.836353302002 569.022396087646 622.663307189941 585.788487434387 659.957656860352 957.70601272583 611.604995727539 594.866706848145 693.300025939941 707.748550415039 657.594940185547 576.050674438477 619.946029901505 569.637630462646 493.546714782715 480.452651977539 689.662057876587 776.564208984375 603.024772644043 588.850635528564 688.858169555664 522.787704467773 601.090881347656 610.963138580322
549.008209228516 545.345512390137 629.164412498474 672.510444641113 569.173927307129 593.935894012451 687.043846130371 673.643531799316 580.884948730469 631.091571807861 541.142837524414 665.129707336426 541.926940917969 522.452713012695 814.170097351074 690.001016616821 708.834438800812 746.639190673828 663.353950500488 841.554977416992 783.659019470215 851.960792541504 828.655815124512 687.310615539551 626.495378494263 589.285889625549 609.716821670532 532.328636169434 540.082534790039 589.706707000732 861.888263702393 880.716514587402 926.02693939209 821.488628387451 674.040413379669 648.023299217224 609.298491477966 599.836873531342 681.243316650391 591.659357070923 530.738632202148 776.664600372314 618.832675933838 628.987093925476 691.740905761719 683.070709228516 678.868841171265 615.686294555664 651.266113221645 512.268753051758
435.964050292969 550.523368835449 577.436279296875 546.157073974609 655.193292617798 696.483764648438 589.925575256348 702.727798461914 517.814102172852 476.07080078125 557.103729248047 596.230976104736 648.983367919922 741.028789520264 768.604637145996 667.970428466797 719.961741447449 691.524456977844 727.386661052704 810.606105804443 942.93180847168 706.688278198242 611.090235710144 536.889472961426 511.990295410156 638.395313262939 691.704498291016 658.278034210205 583.871730804443 805.899345397949 868.767555236816 591.103647232056 616.49525642395 789.506057739258 793.717056274414 752.529350280762 652.295875549316 519.780769348145 666.173221588135 622.499393463135 551.192192077637 669.983304977417 739.601593017578 638.20902633667 634.454517364502 520.196983337402 557.912559509277 660.485764503479 678.561943054199 547.543991088867
676.278800964355 584.232360839844 480.534271240234 663.003467559814 623.180308818817 702.416728973389 673.720432281494 724.762451171875 591.428535461426 475.585510253906 490.625152587891 465.228851318359 653.768711090088 611.076782226562 652.561771392822 761.717609405518 782.660762786865 773.041770935059 860.805595397949 979.572769165039 789.827199459076 737.790229797363 526.440437316895 574.904418945312 512.601943969727 637.114898681641 643.49280166626 739.919342041016 601.837446212769 777.804611206055 517.057655334473 535.214599609375 661.544422149658 737.930603027344 651.403062343597 651.240207672119 715.911087036133 881.716361999512 755.841354370117 499.509056091309 716.926975250244 689.717277526855 664.906879425049 528.925765991211 527.324516296387 517.386596679688 546.23078918457 710.176086425781 687.03169631958 763.016380310059
544.711769104004 669.913692474365 592.884418487549 522.432258605957 703.54320526123 707.418224334717 674.530044555664 802.715454101562 630.71005153656 641.703630447388 587.680877685547 475.611511230469 597.191086769104 571.232677459717 679.887420654297 816.219781279564 734.433006286621 642.97612285614 784.381866455078 905.561126708984 603.846843719482 607.689111709595 634.448199272156 548.579864501953 647.457481384277 602.382682085037 575.079627990723 606.818511962891 605.833606719971 756.732139587402 578.615976333618 462.14811706543 531.658889770508 546.504783630371 638.087090492249 602.22811126709 751.890451431274 1137.21263122559 805.935211181641 757.440940856934 705.913070678711 793.018264770508 640.973045349121 561.86408996582 666.83846950531 597.697174072266 498.682510375977 651.595659255981 532.242729187012 683.534313201904
489.872985839844 667.030235290527 465.924468994141 566.783409118652 719.237953186035 743.672790527344 693.710624694824 675.592308044434 641.94021320343 653.164339542389 787.342910766602 648.922051429749 546.379852294922 713.758087158203 723.982181549072 759.739210128784 653.19287109375 736.554443359375 762.138061523438 655.645774841309 745.056549072266 681.95458984375 578.54122543335 504.338531494141 628.945337295532 618.000034332275 799.685928344727 695.562297821045 595.84033203125 647.582741260529 512.080078125 712.71527671814 606.547080993652 560.147048950195 562.420425415039 520.166870117188 617.304803848267 842.961387634277 552.522521972656 701.429962158203 617.02231502533 618.776110649109 549.822380065918 676.476516723633 629.214961528778 605.018524169922 487.561737060547 604.464897155762 650.214791297913 611.793046951294
497.167846679688 730.725967884064 596.198623657227 644.780022859573 622.081098556519 610.937702178955 692.010269165039 647.91509771347 634.369387149811 729.26456451416 757.816230773926 615.725524902344 703.416694641113 587.747570037842 653.702899932861 542.114318847656 598.396735012531 709.834918022156 607.447887420654 543.336994171143 666.738222122192 720.472663879395 633.44960975647 541.328441619873 556.724925994873 584.807602345943 448.390472412109 606.896514892578 632.888958930969 647.07363319397 575.87565612793 715.498037338257 635.446278095245 684.271850585938 628.808662414551 586.798023223877 554.216270446777 782.202346801758 523.82600402832 467.012634277344 583.136882781982 703.310685157776 654.102867126465 692.858070373535 682.690170288086 636.617146492004 561.486251831055 698.387805938721 767.483367919922 560.476867675781
550.909034729004 510.054237365723 596.52054977417 702.459972381592 456.590408325195 532.665344238281 473.362564086914 650.096809387207 692.976371765137 740.086883544922 778.639022827148 817.601806640625 555.610885620117 590.860374450684 627.874825358391 509.050964355469 680.772254943848 733.436126708984 575.503318786621 588.342655181885 707.661720275879 716.295555114746 662.751449584961 592.870182037354 663.044479370117 725.156799316406 638.001148223877 537.241714477539 699.031951904297 667.926478385925 564.198379516602 506.362838745117 638.031921386719 600.097290039062 503.408683776855 951.106399536133 815.537864685059 683.549816131592 599.788324356079 644.936391830444 539.72265625 573.367576599121 606.831119537354 718.351959228516 683.536949157715 605.476344108582 592.05030632019 708.094676971436 706.961647033691 635.214414596558
