simdem/realisation92.asc
NCOLS 350 
NROWS 171 
XLLCORNER 152620 
YLLCORNER 418050 
CELLSIZE 100 
NODATA_value -9999 
[rows 22 to 43 of 171, columns 150 to 199 of 350]
617.462824106216 778.101364135742 674.395763397217 528.742279052734 616.099189758301 602.362310409546 489.274078369141 612.883100032806 510.747055053711 623.133056640625 468.830551147461 696.760925292969 880.24388885498 647.326517105103 668.379135131836 593.931503295898 854.537590026855 681.488189697266 568.430847167969 692.491527557373 839.217964172363 630.084678649902 799.720237731934 666.128631591797 701.478256225586 782.45093536377 762.614501953125 478.599334716797 665.991292953491 603.987663269043 556.724498748779 700.052253723145 552.781078338623 689.168899536133 721.733596801758 706.192638397217 751.735733032227 731.095558166504 631.018333435059 605.999488830566 707.512357711792 787.808769226074 679.467544555664 771.000366210938 647.607840776443 657.78529548645 715.402320861816 608.0309009552 794.173614501953 822.151191711426
635.555816650391 643.985430717468 605.508079528809 449.282165527344 524.202896118164 628.760154724121 589.695390224457 522.795066833496 641.2296667099 424.828231811523 470.069595336914 521.658737182617 548.002471923828 698.592926025391 580.528602600098 719.609016418457 742.345449447632 863.372627258301 674.053977966309 631.800590515137 822.701606750488 631.972019195557 765.634132385254 604.448028564453 670.851909637451 647.106510162354 835.390441894531 565.5205078125 651.906348228455 692.47541809082 434.238189697266 599.380737304688 636.120601654053 667.377073287964 812.298828125 649.703517198563 782.331420898438 619.034561157227 625.766651153564 747.093406677246 665.624252319336 655.181802749634 627.524122238159 815.893814086914 763.381454467773 634.579911231995 707.40470123291 664.486827850342 800.617515563965 765.325622558594
621.092277526855 564.812038660049 632.512996673584 568.955963134766 593.57262802124 626.302348136902 775.867309570312 488.060974121094 521.983535766602 486.080978393555 614.079458236694 713.2116355896 934.080741882324 848.214738845825 575.282592773438 1369.89228439331 825.346672058105 508.873756408691 561.493942260742 555.73957824707 690.611099243164 533.958023071289 686.848515510559 568.483169555664 722.641244888306 857.451126098633 613.084861755371 677.80172252655 657.708005905151 712.207321166992 577.974174499512 714.132423400879 761.014137268066 736.449287414551 601.51309967041 673.946939468384 583.078010559082 495.582885742188 671.97233235836 632.855491638184 630.918937683105 584.498672485352 655.008378982544 792.360321044922 588.440635681152 483.029663085938 659.87108039856 828.330276489258 728.377307891846 644.804401397705
646.181640625 587.70672082901 580.079387664795 599.457160949707 584.925071716309 589.727087974548 756.934036254883 657.914848327637 662.929214477539 649.882411956787 646.444043397903 595.203582763672 1232.07843780518 722.753303527832 1009.03923797607 696.103899002075 557.395446777344 1063.85168552399 660.965980529785 814.491275787354 996.971908569336 650.455322265625 563.346084594727 684.865760803223 633.13943862915 648.911088943481 804.854095458984 583.531433105469 566.520690917969 596.8088722229 624.899074554443 660.91478061676 589.31974029541 765.172073364258 632.318902015686 627.3651304245 827.446502685547 583.294868469238 643.502006530762 589.631950378418 640.547050476074 544.357376098633 599.084869384766 630.371768951416 704.668659210205 746.812578201294 628.10510635376 815.333221435547 740.270038604736 794.820915222168
571.55620765686 658.249565124512 561.176315307617 717.698295593262 672.942810058594 697.265510559082 722.394378662109 744.288047790527 613.153259754181 475.495162963867 586.591623306274 469.794052124023 634.429359436035 606.263900756836 546.629867553711 675.452392578125 584.943115234375 605.859161376953 479.296096801758 602.233535766602 648.978317260742 561.560493469238 643.48087310791 751.020206451416 849.264602661133 635.968688964844 797.714462280273 463.682800292969 534.11799621582 571.848522186279 636.388732910156 616.841075897217 737.846214294434 693.8603515625 522.833190917969 544.908721923828 591.707294464111 606.258548736572 609.383758544922 550.42813873291 683.194644927979 641.835556030273 602.802352905273 645.522487640381 608.33561706543 695.05735206604 783.110137939453 633.405731201172 651.456268310547 732.286186218262
493.375534057617 449.231079101562 503.139045715332 735.860107421875 733.99267578125 671.815246582031 682.637950897217 631.56005859375 531.405319213867 661.775741577148 622.993492126465 444.166488647461 652.239616394043 484.272369384766 548.439300537109 727.866960525513 730.612892150879 508.318893432617 417.473419189453 653.769454956055 629.938682556152 793.831611633301 797.609344482422 723.5373878479 712.524482727051 1027.9757232666 693.109812259674 699.30135345459 513.061447143555 488.532760620117 545.265289306641 613.938535690308 508.099838256836 438.856887817383 649.502933502197 568.313148498535 617.051740169525 524.160766601562 465.911468505859 627.048797607422 721.522708892822 650.712958931923 631.668779373169 680.07061958313 651.008350372314 707.726318359375 664.522458076477 607.038993835449 466.548919677734 724.639869689941
581.369456291199 497.456230163574 670.227310180664 702.311744689941 681.060470581055 721.621994018555 698.44987487793 589.306141376495 608.297813415527 768.639755249023 692.123420715332 1079.77975463867 687.63249206543 739.245796203613 693.205108642578 1050.36483764648 532.031066894531 911.490997314453 594.836544036865 787.043518066406 865.221496582031 866.242553710938 749.771072387695 760.820480942726 663.618255615234 844.824172973633 810.732650756836 752.030550003052 544.273170471191 454.634994506836 469.100509643555 484.853897094727 626.687557220459 619.078060150146 811.804809570312 801.966033935547 654.738265991211 573.541362762451 427.037612915039 547.572662353516 887.109901428223 1116.09260559082 703.075283050537 761.08748626709 607.164119720459 572.994171142578 597.755664825439 674.729717254639 537.172519683838 749.757431030273
627.581008911133 612.380802154541 627.604606628418 643.703109741211 520.470958709717 638.506244659424 559.4214848876 787.129760742188 624.401947021484 610.464401245117 822.075942993164 1018.56499767303 947.898063659668 1140.93267822266 842.610332489014 871.945014953613 705.831569671631 613.929916381836 563.225044250488 570.675689697266 924.65941619873 601.295692443848 460.021865844727 614.719573974609 399.348754882812 553.177024841309 828.724670410156 781.38501739502 654.808513641357 639.668392181396 497.870933532715 420.806243896484 517.782043457031 551.361763000488 709.452926635742 637.212017059326 626.194877624512 644.269773483276 557.750431060791 625.1930975914 648.049621105194 782.777948379517 719.602821350098 658.643669128418 566.104354858398 636.537913322449 517.973701477051 644.498651504517 587.324504375458 702.996238708496
408.236740112305 419.556083679199 524.213178634644 600.348274230957 467.907768249512 485.861778259277 568.432439804077 586.079274654388 568.997692108154 798.871948242188 966.700164794922 941.235932826996 1048.8814907074 921.285064697266 858.304428100586 675.219219207764 574.837526321411 502.87459564209 462.060455322266 722.399421691895 810.10001373291 504.394119262695 408.52995300293 488.910751342773 519.036483764648 602.242839813232 645.514068603516 655.753170013428 714.473480224609 627.37353515625 601.184860229492 539.116901397705 553.949325561523 624.70827293396 593.619943618774 613.629623413086 667.930191040039 596.454895019531 498.040672302246 534.253742218018 761.750165939331 830.261016845703 641.990753173828 703.092430114746 652.509622573853 686.363761901855 480.506675720215 689.181297302246 364.455307006836 596.453858375549
666.066909790039 607.815265655518 612.792964935303 492.891181945801 333.75634765625 442.69408416748 531.185871124268 522.591049194336 484.00471496582 779.388244628906 845.499698638916 655.673557281494 976.50927734375 596.685638427734 649.450717926025 610.479036331177 466.452331542969 614.869096755981 457.932739257812 568.793257892132 652.721527099609 545.123580932617 387.989959716797 455.53694152832 479.139640808105 635.238929748535 814.720855712891 718.01293182373 608.226401805878 675.65412902832 617.363731384277 561.332071304321 665.400619506836 710.823623657227 631.852886199951 694.091117858887 683.703880310059 524.442157745361 534.181957244873 643.257858276367 755.281649112701 673.084323883057 751.94987487793 670.625518798828 653.176361083984 505.804222106934 618.756374359131 604.285261154175 398.449722290039 424.311279296875
612.574333190918 604.96900177002 594.627391815186 490.04337310791 521.403415679932 638.936134338379 554.94532585144 517.943069458008 864.834536552429 644.612172096968 726.263885498047 590.479541778564 579.007619857788 640.036296844482 578.03741645813 596.236816883087 553.955181121826 478.206001281738 519.943714141846 547.38295173645 499.372451782227 526.400360107422 389.646682739258 407.922134399414 555.077033042908 629.835639953613 608.265922546387 603.52071762085 424.018524169922 564.144649863243 562.738698959351 534.000907897949 561.400456905365 531.199069976807 664.689956665039 896.905944824219 700.188720703125 650.636169433594 567.256202697754 588.191423416138 631.363040924072 722.744789123535 516.632400512695 476.144508361816 638.897575378418 548.169532775879 709.516616821289 622.313453674316 591.429979324341 524.539417266846
464.320465087891 578.049327135086 583.041109085083 612.170719146729 624.709815979004 683.747680664062 671.228706359863 611.822196960449 665.991271972656 624.42430305481 673.001502990723 617.001525878906 487.594131469727 616.818386077881 581.946031093597 608.83408164978 530.198310852051 496.732109069824 453.01766204834 619.790294647217 567.148540496826 692.329223632812 574.191460609436 506.32788848877 593.040325164795 637.895645141602 565.648245811462 543.480590820312 458.997375488281 559.616054534912 682.066368103027 494.762351989746 563.018547058105 654.665901184082 657.231819152832 546.082458496094 649.951721191406 561.038451194763 593.357529163361 657.819217681885 540.426448822021 584.127717107534 626.529121398926 680.55396270752 662.906944274902 695.597625732422 559.806532859802 512.589763641357 407.274978637695 485.694671630859
572.912752151489 619.283935546875 574.933334350586 655.396484375 609.260818481445 421.381820678711 677.947204589844 529.751728057861 388.958282470703 552.067048072815 516.650424957275 703.248741149902 570.883898377419 705.720138549805 686.359466552734 529.0465259552 488.293678283691 520.872356414795 578.815130710602 648.473663330078 548.792514801025 630.172580718994 705.350067138672 617.10453414917 645.396789550781 593.14772939682 456.52205657959 463.904319763184 512.95890045166 673.955596923828 598.942718505859 548.382950425148 609.635135650635 667.557716369629 554.139410018921 474.37931060791 546.541286468506 624.238376617432 618.224674224854 746.660446166992 547.730889320374 595.445873260498 721.262588500977 657.10994720459 805.989822387695 721.874984741211 498.501396179199 559.6748046875 717.112228393555 582.470868110657
671.13939666748 603.031303405762 631.909545898438 623.724056243896 492.563236236572 442.216491699219 573.450550079346 474.75358581543 473.80680847168 485.100303649902 625.018154144287 680.578521728516 625.70671081543 552.808731079102 534.996286392212 527.562690734863 506.338890075684 492.714622497559 527.890164375305 541.129537582397 570.037433624268 650.44310760498 651.078155517578 759.902496337891 587.348226547241 518.862367630005 559.099149703979 662.682960510254 545.719850420952 618.686813354492 543.162230014801 609.556873321533 603.830833435059 576.427046775818 579.031677722931 606.727472305298 571.986831665039 600.118717193604 680.089004516602 540.491769790649 493.566257476807 641.05753326416 726.85758972168 706.755867004395 1291.96240234375 642.637786865234 553.805656433105 493.167011260986 501.609752655029 376.099548339844
680.173446655273 488.585411071777 572.390047073364 518.473987579346 408.420753479004 421.495010375977 467.170463562012 425.648239135742 537.251758575439 605.657793164253 648.018043518066 596.114009857178 608.475254058838 476.893142700195 546.800841093063 624.020210266113 549.832956314087 613.28263092041 450.257553100586 537.094891548157 550.731528878212 615.208312988281 662.703720092773 636.43603515625 691.730522155762 548.571365356445 556.032731294632 595.580101013184 612.422508239746 541.265683174133 595.254571914673 694.423118591309 430.055725097656 470.50220489502 613.466906547546 707.202819824219 392.709777832031 545.416763305664 610.548155784607 549.737624883652 726.978317260742 725.092269897461 599.936149597168 684.456405639648 1079.15073394775 534.309736251831 587.190349578857 469.146827697754 601.89652633667 575.056005477905
560.058694839478 637.538261413574 591.444087982178 654.163360595703 611.944557189941 393.542892456055 412.421890258789 606.332801818848 617.500465393066 626.639019012451 615.992309570312 726.865982055664 573.4655418396 413.120254516602 446.847290039062 555.356649398804 646.549659729004 593.303886413574 601.598457336426 525.984764099121 623.258678436279 607.916259765625 432.347312927246 543.905288696289 610.174522399902 460.766864776611 547.67264175415 708.271667480469 916.063690185547 474.691329956055 540.068115234375 618.647130966187 565.659301757812 680.876281738281 462.93285369873 593.812034606934 398.029876708984 367.671340942383 491.305618286133 616.582447052002 671.711120605469 621.126365661621 542.762357711792 581.166912078857 670.571403503418 595.640781402588 471.043979644775 546.371362447739 630.498252868652 686.145126342773
623.689968109131 636.697052001953 581.880156517029 752.356536865234 680.317375183105 772.541427612305 661.935647964478 564.740141868591 649.981708526611 649.854064941406 487.163124084473 562.50538110733 543.321401596069 533.100997924805 440.031059265137 480.812419891357 611.009864807129 638.167701721191 552.031726837158 618.336154937744 740.25114440918 650.010932922363 447.554565429688 537.427309751511 481.166999816895 576.43766784668 468.511108398438 557.989891052246 720.573318481445 641.744926452637 596.032421112061 468.883888244629 495.037536621094 571.681743621826 599.90096282959 535.322088718414 389.282363891602 425.336769104004 565.507035255432 588.560688018799 539.450479507446 609.045948028564 481.116508483887 573.286235809326 648.709403991699 617.681938171387 436.321151733398 411.534164428711 551.579700946808 558.839527130127
723.586139678955 547.199560165405 556.648771286011 574.480581283569 584.567230224609 435.787544250488 437.060401916504 587.456335067749 588.386456489563 540.835305929184 614.433567047119 574.145567893982 397.876678466797 491.218719482422 474.757194519043 549.881742477417 591.68270111084 509.494066238403 590.797008514404 605.339061737061 589.83952331543 536.611055374146 589.750138759613 463.353393554688 427.772867202759 631.3551902771 639.378921508789 553.892675161362 714.959663391113 926.655353546143 573.686016082764 504.999313354492 495.597192764282 518.532890796661 616.365913391113 455.564079284668 415.51505279541 592.840167999268 629.873970031738 610.128173828125 522.892303466797 538.56428527832 599.994514465332 549.702587127686 434.100151062012 562.369415283203 380.434661865234 483.890563964844 539.089318752289 622.18701171875
497.056587219238 536.599728107452 683.29566192627 593.729755401611 652.335762023926 476.460908889771 379.305862426758 426.133712768555 585.961273193359 597.931129455566 551.255838394165 607.843452453613 424.784790039062 473.273681640625 575.197288513184 548.72505569458 550.865970611572 530.639717102051 619.50431060791 429.637178421021 503.623481750488 573.412109375 635.391334533691 569.977727890015 544.325651168823 600.746152877808 692.403175354004 776.046977996826 655.741367340088 534.681593418121 498.691905975342 564.635219573975 431.794876098633 530.107741832733 455.009574890137 380.568664550781 430.591934204102 539.586993694305 483.489948272705 621.756164550781 509.239234924316 437.474143981934 437.694259643555 418.451072692871 537.662338256836 590.841426849365 479.339012145996 456.652313232422 482.54528427124 541.450080871582
507.714656829834 535.693660736084 471.035717010498 680.228393554688 524.488565444946 590.855262756348 497.742050170898 427.684234619141 454.408226013184 686.756320953369 664.044700622559 507.049591064453 436.124130249023 543.843078613281 533.703937530518 585.420902252197 586.122943878174 566.4817943573 471.842582702637 431.869995117188 502.438980102539 531.411163806915 682.405319213867 537.285831928253 509.755699157715 485.607913970947 492.887054443359 647.251659393311 771.031673431396 640.397769927979 649.07649230957 571.832854270935 610.62247467041 483.840492248535 519.398692131042 393.379409790039 566.198036193848 589.042541503906 449.184112548828 442.744201660156 420.825996398926 434.079010009766 581.029670715332 529.888674378395 636.744087219238 528.238980293274 523.673078536987 612.997760772705 525.626712799072 643.095916748047
666.295166015625 507.840843200684 490.839534759521 608.062522888184 495.329751968384 409.331481933594 517.140697479248 680.637962341309 538.259974479675 639.669120788574 678.62223815918 509.556640625 392.666069030762 418.264602661133 466.255172729492 624.526954650879 635.260154724121 539.060978889465 570.198015213013 543.994877673686 472.846908569336 429.444702148438 569.059261322021 536.805510520935 587.187414169312 581.48869228363 561.539849281311 657.683925628662 834.702659606934 979.875885009766 711.220726013184 683.630432128906 609.850700378418 403.08975982666 555.931377410889 382.80305480957 441.78556060791 604.871391296387 585.140789031982 591.636528015137 534.717280387878 421.913879394531 607.375194549561 460.944717407227 514.526176452637 447.456443786621 449.886558532715 489.062168121338 515.446815490723 511.564075469971
562.6413230896 530.500935792923 339.32731628418 576.75467300415 548.237806916237 493.647033691406 539.437599182129 732.886795043945 489.307949066162 442.371742248535 610.388076782227 630.126754760742 499.826419830322 585.440496444702 520.884210586548 628.266075134277 573.777698516846 502.90266418457 708.594360351562 595.43936920166 602.087425231934 501.81420135498 517.042512893677 586.26526260376 572.537467956543 632.781269073486 626.051750183105 761.890151977539 619.622983932495 610.647302627563 673.112384796143 735.167865753174 642.046621322632 451.372817993164 541.254634857178 443.123115539551 433.745063781738 590.977289438248 641.973579406738 672.54761505127 580.735849380493 558.073934555054 775.608028411865 596.132011413574 573.36400604248 612.114995002747 517.440498352051 493.544311523438 440.557052612305 470.107437133789
