simdem/realisation87.asc
NCOLS 350 
NROWS 171 
XLLCORNER 152620 
YLLCORNER 418050 
CELLSIZE 100 
NODATA_value -9999 
[rows 44 to 65 of 171, columns 100 to 149 of 350]
550.018760681152 487.215896606445 513.797981262207 374.488010406494 246.586685180664 318.320343017578 315.543746948242 443.910056114197 476.505268096924 462.268423080444 456.0006980896 369.107208251953 228.822402954102 423.883281707764 583.192565917969 290.265640258789 470.818079471588 603.820190429688 471.290325164795 341.317283630371 563.321807861328 581.920486450195 458.500425338745 421.524196624756 483.576843261719 592.24861907959 429.63890838623 532.62268447876 591.626014709473 491.047580718994 585.130714416504 553.833652496338 532.534955978394 471.875984668732 473.631952285767 348.297904968262 414.535255432129 434.349098205566 393.639877319336 568.467590332031 430.104904174805 390.882026672363 468.118864059448 437.660285949707 411.931640625 482.996307373047 587.942375183105 573.990776062012 657.615417480469 487.418231964111
449.198089599609 559.955963134766 536.938941955566 424.638990402222 275.839126586914 311.234649658203 388.106170654297 306.023681640625 498.48210144043 471.414951324463 475.184638977051 459.18180847168 474.728525161743 298.43505859375 427.709453582764 257.307281494141 446.131713867188 530.105735778809 413.422622680664 276.990859985352 518.953815460205 570.407211303711 593.451919555664 545.401489257812 501.39811706543 538.231922149658 521.442459106445 478.911450386047 684.436248779297 538.225679397583 535.45304441452 517.636533737183 498.184501647949 545.730163574219 409.771102905273 509.060932159424 462.113574981689 400.918075561523 443.979267120361 511.16854095459 421.681884765625 388.46524810791 540.420391082764 504.808762073517 520.85725402832 551.942565917969 491.801805496216 417.249084472656 466.205951690674 511.897701263428
545.916473388672 492.491710662842 493.219413757324 450.735799789429 381.024833679199 421.675436019897 406.589420318604 437.236268997192 545.027626037598 492.749362945557 476.137796401978 573.844741821289 560.235466003418 262.314727783203 290.294662475586 296.064697265625 341.012268066406 408.402797698975 348.948089599609 435.512588500977 471.313807487488 597.268676757812 456.624574661255 512.572166442871 481.325157821178 551.778636932373 469.400275230408 539.484489440918 747.529174804688 640.154357910156 535.875400543213 613.682678222656 421.45011138916 434.604602813721 379.362503051758 502.163446426392 420.534362792969 401.657409667969 440.671161651611 568.862239837646 447.743583679199 499.926522016525 726.468017578125 638.744926452637 429.394950866699 486.421543121338 596.143379211426 568.727584838867 426.072364807129 442.46883392334
485.787937164307 512.616973876953 394.086776733398 466.349719047546 333.927368164062 405.028160095215 537.579948425293 657.039108276367 599.580429077148 592.717483520508 460.645670890808 521.945358276367 525.824764251709 275.497329711914 365.138702392578 293.86865234375 488.455760955811 476.291117459536 395.663269042969 489.655563354492 443.244338989258 483.037953615189 497.317527770996 510.96265411377 540.674959182739 482.274405479431 534.579963684082 535.932678222656 527.609620094299 672.343170166016 599.239616394043 641.855545043945 500.802520751953 384.334762573242 487.871024608612 574.66862487793 470.805867195129 521.305326461792 605.934326171875 595.187042236328 657.939346313477 578.626892089844 517.644864559174 513.357265472412 567.192123413086 583.00170135498 587.788581848145 584.682556152344 495.278726577759 595.416431427002
359.502494812012 402.215488433838 390.739906311035 320.911651611328 372.644317626953 334.323623657227 631.623397827148 474.420932292938 520.086421966553 353.352378845215 463.841234087944 533.760566711426 562.781105041504 394.088958740234 485.635429382324 435.612087249756 302.438430786133 346.228408813477 339.493988037109 401.012786865234 431.768321990967 517.943733215332 445.285732269287 571.838150024414 442.826656341553 505.95031452179 483.539453983307 483.895943641663 527.276440620422 604.064796447754 631.530975341797 692.333923339844 313.205459594727 408.959495544434 488.154076576233 556.188171386719 513.202941894531 570.330352783203 644.343566894531 440.111145019531 483.188341140747 516.16276550293 407.767692565918 574.028549194336 546.957725524902 525.645732879639 555.749992370605 597.680061340332 500.428359985352 479.630889892578
440.686687469482 413.954334259033 366.104118347168 469.091581344604 436.741724014282 447.042930603027 452.426012992859 354.381195068359 416.374264717102 550.619010925293 539.582664489746 626.166854858398 612.076553344727 523.060165405273 493.024021148682 566.991706848145 390.550628662109 524.378719329834 398.45458984375 370.912696838379 385.800453186035 490.211669921875 412.139308929443 432.488571166992 486.894155502319 469.426691055298 521.024949073792 553.855285644531 535.475423812866 710.24430847168 600.531455993652 590.029472351074 538.375064849854 510.092569351196 442.938346862793 548.714931488037 521.06587600708 498.796324729919 526.406597137451 558.456336975098 571.865058898926 549.931465148926 501.886438369751 627.979736328125 601.913131713867 457.699462890625 476.04174041748 610.281646728516 482.143697738647 613.623611450195
263.365661621094 453.765539169312 454.268327593803 544.031074523926 603.096374511719 430.681628704071 433.92010307312 380.409629821777 424.231140136719 529.024154663086 567.493827819824 479.876026153564 388.26961517334 359.39973449707 444.778047561646 508.194175720215 404.164245605469 599.57054901123 579.09716796875 431.736618041992 367.018844604492 369.215682983398 427.428615570068 482.711441040039 382.625015258789 430.823516845703 442.655158996582 429.063674926758 452.304466247559 597.431709289551 532.78074836731 578.435245513916 497.855302333832 512.135620117188 536.611550331116 443.231048583984 462.195281982422 523.15470123291 444.259761810303 519.08015871048 487.188383102417 483.516235351562 576.081390380859 537.735384941101 529.893186569214 456.945697784424 600.109100341797 509.199907302856 476.60638999939 512.47047996521
229.958862304688 323.490699768066 543.448661804199 400.60082244873 467.905967712402 375.387409210205 389.575214385986 437.87797164917 441.97181892395 537.5419921875 470.330953121185 410.19783782959 317.743347167969 453.821468353271 474.142804205418 329.439743041992 405.046669006348 571.396324157715 540.303043365479 424.191474914551 328.003433227539 598.542922973633 484.852093696594 436.389915466309 458.671806335449 478.351554870605 453.58113861084 553.654670715332 522.659349441528 590.207344055176 556.4792137146 512.462984085083 569.524200439453 553.233089447021 499.711387634277 608.289703369141 554.134931564331 531.079527854919 497.468052864075 443.262084960938 401.71403503418 407.213218688965 401.180374145508 558.702560424805 596.725852966309 583.162300109863 585.628540039062 523.960262298584 504.274984359741 570.818874359131
78.0644836425781 263.431427001953 395.782581329346 445.319472312927 432.06938457489 370.373294830322 357.882385253906 244.768615722656 528.15055847168 533.326377868652 550.541687011719 475.797190666199 406.273067474365 482.0986982584 487.900163412094 422.700916290283 484.811317443848 473.837980270386 506.886598587036 410.842292785645 540.648315429688 336.148101806641 498.770181655884 462.4964427948 438.883666992188 504.292419433594 542.610977172852 361.193641662598 513.295713424683 397.992156982422 368.246505737305 373.501373291016 573.575359344482 515.428532004356 599.737503051758 678.959884643555 534.217927634716 501.794998168945 459.154457092285 566.025253295898 563.290145874023 523.102643013 585.907699584961 622.404716491699 532.201108932495 682.105010986328 699.257507324219 665.563598632812 484.846429824829 483.059623718262
314.352500915527 343.22940826416 447.450775146484 424.668058395386 431.516520738602 378.085624694824 467.582456588745 436.538663864136 489.614940643311 555.996768951416 464.831617355347 469.349338531494 579.414428710938 492.339579582214 572.896240234375 356.308090209961 452.795421600342 480.910126686096 606.508316040039 462.364475250244 512.727121353149 485.569575309753 621.033393859863 598.207077026367 546.058422088623 497.950577735901 551.111637115479 459.150033950806 461.118167877197 440.973434448242 392.010177612305 513.568569898605 504.633693695068 535.362703323364 510.411659240723 576.005867004395 476.779270172119 536.775349617004 464.289489746094 709.195251464844 621.735649108887 456.737396240234 526.224421977997 603.861488342285 542.592964172363 478.174255371094 658.099006652832 510.15505027771 395.973648071289 434.675567626953
330.908020019531 289.012832641602 362.578701019287 537.351402282715 444.338996887207 434.543873310089 505.373706817627 506.782108306885 592.240036010742 508.327035903931 432.042568206787 334.924377441406 358.75439453125 585.930252075195 554.345664978027 546.452049255371 457.675363540649 520.975086212158 556.196586608887 457.309238433838 496.166636794806 556.286361694336 451.625225067139 680.503387451172 561.80553817749 520.281358718872 410.503715515137 475.883146286011 455.141807556152 534.304933547974 537.35733795166 370.733291625977 570.800495147705 507.072930335999 599.050827026367 613.826393127441 541.430795192719 689.090850830078 526.751935958862 573.007148742676 479.332370758057 372.960006713867 454.134155273438 456.433738708496 429.346710205078 454.124160766602 568.809284210205 488.477130889893 546.583786010742 524.755842208862
406.549392700195 415.309724807739 388.072536468506 462.150501251221 487.059907436371 415.495098114014 588.354766845703 420.800666809082 509.603080749512 502.383316040039 464.330860137939 286.455871582031 309.111618041992 408.770820617676 574.710304260254 557.50520324707 470.35439491272 475.900273323059 474.205303192139 528.91081237793 509.452011108398 506.407682418823 457.831771850586 539.04328918457 479.885768890381 617.928031921387 584.181907653809 595.1123046875 649.117523193359 633.27758026123 595.247673034668 420.153831481934 508.142353057861 416.836654663086 555.830669403076 579.993335723877 709.293960571289 605.605651855469 371.025115966797 473.513675689697 342.967620849609 445.247009277344 474.536193847656 420.440521240234 562.094131469727 464.817779541016 460.718086242676 447.943977355957 460.342620849609 483.718772888184
362.274887084961 479.605075836182 459.857057571411 459.638136863708 556.360359191895 568.309722900391 590.124938964844 554.282257080078 536.985179901123 501.073963165283 349.654449462891 473.721175670624 443.626091003418 512.416481018066 507.185697555542 440.703884124756 712.355102539062 578.697654724121 437.703990936279 536.255529403687 446.095584869385 502.480312347412 567.049541473389 387.85408782959 453.016422271729 698.495193481445 608.077346801758 643.498985290527 729.376003265381 768.517074584961 617.014869689941 529.534469604492 419.916473388672 446.159721374512 581.472320556641 601.095405578613 546.844457626343 699.593688964844 587.416053771973 589.730129241943 585.411937713623 422.775360107422 468.186584472656 538.992435455322 696.670806884766 528.341313362122 493.47269821167 405.908493041992 409.134262084961 577.775538444519
387.40221786499 461.631867408752 560.28849029541 559.447380065918 602.579742431641 432.785839080811 489.242837905884 567.397438049316 392.120651245117 449.450317382812 588.935623168945 574.128036499023 376.906349182129 461.443625450134 424.223743438721 400.269187927246 480.023278713226 477.828731536865 385.677268981934 472.087371826172 410.466735839844 432.067253112793 452.555241107941 429.012680053711 466.283363819122 603.387855529785 550.722579956055 488.062863707542 559.786903381348 582.671576499939 759.3583984375 666.452547073364 671.579620361328 384.946853637695 416.539169311523 599.884895324707 537.254634141922 744.890151977539 618.807741641998 553.255666732788 647.287124633789 523.136312484741 493.697292327881 524.645453453064 508.842567443848 549.958070278168 594.456073760986 590.176769256592 507.826969146729 470.572982788086
415.721112251282 318.772331237793 443.703419685364 490.998775482178 400.139484405518 417.334861755371 390.433925628662 500.217481613159 345.000328063965 520.05952835083 419.119739532471 443.937853813171 558.356086730957 549.603576660156 496.553504943848 441.921981811523 576.222885131836 523.674777984619 480.293515205383 479.731065750122 418.524467468262 389.655464172363 626.581497192383 446.517772674561 388.367080688477 468.005611419678 557.608619689941 521.906093597412 578.952922821045 491.197170257568 561.75820350647 654.949998855591 717.299018859863 375.74723815918 528.592247009277 593.043003082275 527.108932495117 528.112968444824 548.568832397461 531.388275146484 668.806602478027 456.82852935791 403.498062133789 448.942970275879 362.790908813477 458.948204040527 503.84644317627 347.35856628418 444.455146789551 485.406280517578
460.706508636475 304.846160888672 411.376976013184 369.688896179199 407.593021392822 476.885122299194 455.00852394104 553.036636352539 392.206531524658 411.174373626709 532.320869445801 443.569470882416 381.41300201416 458.943106651306 506.546142578125 530.373207092285 502.772374153137 431.799053192139 515.829154968262 419.557502746582 532.181568145752 409.338275909424 404.152946472168 273.504699707031 347.233810424805 491.596290588379 514.82085609436 374.730529785156 566.423942565918 479.957394599915 449.820907592773 417.288955688477 508.992389678955 345.553436279297 468.902984619141 600.293563842773 657.979118347168 610.439826965332 541.361778259277 597.312602758408 603.604633331299 473.751205444336 461.667739868164 523.964099884033 629.188804626465 574.178210735321 485.086929321289 528.659511566162 524.650424957275 461.03734588623
482.9462890625 422.173770904541 452.882011413574 389.854690551758 384.033485412598 458.180687904358 338.227340698242 399.9635887146 312.960494995117 286.254760742188 456.08616733551 383.724739074707 348.094665527344 219.330657958984 366.748168945312 499.809352874756 532.271949768066 439.401523590088 487.981683254242 428.483741760254 501.083129882812 418.840995788574 378.153396606445 290.194976806641 295.511901855469 485.504670143127 614.02367401123 502.106622695923 468.398189544678 554.354907989502 498.29508972168 601.289115905762 522.393965691328 280.507202148438 360.741180419922 327.178359985352 531.406285762787 383.053909301758 400.759078979492 462.049545288086 622.518379211426 520.84462928772 610.348373413086 515.823925018311 596.965713500977 646.911186218262 368.079147338867 584.418113708496 533.768707275391 528.574226379395
432.350348949432 305.780349731445 491.422241210938 316.944534301758 339.869277954102 449.357665061951 487.921394348145 345.054306030273 404.086845397949 305.310501098633 328.633567810059 447.182487487793 397.063697814941 321.044494628906 476.969269752502 437.027763366699 330.645660400391 473.902719497681 369.245147705078 445.711631774902 444.438232421875 466.070419311523 441.190858840942 493.951587677002 481.467952728271 556.501266479492 557.799591064453 529.653423309326 501.094004869461 501.645436525345 480.25439453125 520.022178649902 482.310737609863 461.44416809082 397.629653930664 474.578311920166 507.30108833313 746.949844360352 626.788864135742 499.416793823242 536.16246175766 592.034240722656 560.923442840576 403.757446289062 467.119049072266 586.183116912842 786.187446594238 498.894805908203 531.14208984375 369.835540771484
298.256896972656 474.10017490387 401.664730072021 445.012984752655 487.555149078369 479.544298171997 410.640571594238 410.969120025635 576.238304138184 332.516723632812 404.525886535645 517.989143371582 399.695529937744 481.95979309082 532.320578575134 554.003051757812 369.173187255859 401.171188354492 524.588386535645 610.507774353027 450.291976928711 444.149257659912 546.556697845459 458.461040496826 527.407346725464 442.047706604004 447.065910339355 507.725915908813 484.828273773193 517.826679229736 488.95032119751 498.348588943481 367.163619995117 478.103042602539 596.775932312012 459.040477752686 509.776222229004 558.236598968506 622.396026611328 526.970167160034 503.552783966064 372.880233764648 499.090579986572 655.502410888672 712.549560546875 463.29573059082 756.420948028564 641.21647644043 489.463134765625 541.551896214485
553.110748291016 425.959926605225 539.949737548828 361.644813537598 561.062362670898 473.787014842033 484.647647857666 416.806392669678 454.287496566772 467.211201190948 431.87403678894 481.055812835693 513.089347839355 451.863749265671 481.977079391479 469.958703517914 533.941474914551 459.228477478027 371.09041595459 373.476501464844 508.752418518066 440.167343139648 472.945214271545 516.327154159546 608.616592407227 709.501876831055 440.858581542969 437.33309173584 413.252685546875 435.139205932617 438.525611877441 448.996646881104 422.840896606445 482.28271484375 474.500026702881 572.153120040894 477.189888000488 553.987497329712 591.320819854736 567.800181388855 604.02278137207 300.929351806641 385.249015808105 639.940589904785 495.392375946045 680.472846984863 628.728248596191 629.5537109375 613.636459350586 561.573360443115
542.603210449219 407.314727783203 572.167938232422 382.193748474121 442.996186256409 481.308546066284 491.86434173584 397.643226623535 517.267261505127 447.547069549561 485.107954025269 521.494510650635 428.13335609436 351.336311340332 446.323202133179 521.775592803955 383.280044555664 427.875106811523 539.566474914551 574.191909790039 604.266395568848 521.979022979736 524.874338150024 515.608156204224 583.933288574219 555.286632537842 493.25415802002 483.685188293457 723.209884643555 725.799987792969 515.105113983154 570.608367919922 540.285331726074 533.836256980896 553.228164672852 592.587749481201 677.921508789062 454.077621459961 454.024810791016 528.732160568237 439.466926574707 293.258178710938 489.348686218262 480.375423431396 696.926086425781 517.991666793823 608.56233215332 677.37720489502 781.706130981445 501.199287414551
369.224082946777 420.141555786133 471.27174282074 345.24299621582 389.011726379395 467.219340324402 436.241611480713 534.211524963379 662.585159301758 496.175942420959 464.448627471924 382.170082092285 408.22193145752 439.001989364624 516.804653167725 574.443893432617 421.374000549316 422.011005401611 478.022499084473 357.224128723145 480.826286315918 476.90643787384 418.468383789062 369.58967590332 413.883110046387 339.61213684082 438.331623077393 461.47717666626 584.056686401367 573.575229644775 555.623069763184 514.387390136719 453.739456176758 461.907775878906 568.187881469727 685.122894287109 513.47417640686 519.412075042725 420.261085510254 353.313919067383 376.568878173828 462.412223815918 536.760545730591 563.461793899536 629.226181030273 641.571098327637 473.044731140137 637.267723083496 532.050164222717 536.491586565971
