simdem/realisation48.asc
NCOLS 350 
NROWS 171 
XLLCORNER 152620 
YLLCORNER 418050 
CELLSIZE 100 
NODATA_value -9999 
[rows 66 to 87 of 171, columns 200 to 249 of 350]
593.307832717896 728.054649353027 692.107814788818 647.17039680481 597.321449279785 743.30428314209 752.983245849609 731.201118469238 733.339309692383 711.783203125 733.489532470703 537.103893280029 695.801643371582 545.742652893066 627.762969970703 605.983814239502 714.521064758301 616.190649032593 593.563133239746 471.715194702148 594.087543487549 496.062110900879 557.751617431641 515.040519714355 584.072418212891 726.897789001465 594.534879684448 556.376857757568 582.817863464355 569.602392196655 443.921966552734 677.299259185791 434.36686706543 389.428634643555 569.99095916748 616.198237419128 772.715282440186 580.61351776123 464.547698974609 486.085510253906 482.59196472168 560.573135375977 686.971466064453 727.290969848633 704.201477050781 704.58469581604 849.843170166016 646.423934936523 670.557509422302 485.031829833984
791.527709960938 810.45703125 668.103616714478 623.642059326172 700.792285919189 654.732458114624 738.161529541016 716.901878356934 731.61824798584 693.818450927734 605.19421005249 526.731254577637 766.177375793457 589.109661102295 554.120449066162 548.611339569092 521.914009094238 593.074819564819 603.994689941406 670.255752563477 604.701114654541 623.418466567993 520.641487121582 572.078872680664 508.834259033203 543.164894104004 487.161476135254 560.308834075928 540.341461181641 568.95280456543 616.849283218384 661.956784725189 590.829986572266 397.946472167969 771.265434265137 790.805879592896 751.417259216309 618.990219116211 617.547874450684 580.922557830811 569.957237243652 572.706600189209 507.90168762207 598.95352935791 727.963363647461 695.367488861084 515.739685058594 677.562088012695 599.672470092773 708.110492706299
754.186996459961 738.917900085449 698.738845825195 620.000379562378 718.47013092041 645.324973106384 572.238534927368 635.658188819885 646.010349810123 493.067306518555 593.351146697998 532.294784545898 593.388511657715 715.523513793945 520.61784362793 442.98176574707 400.524871826172 605.262723922729 736.500396728516 655.878616333008 642.04599070549 640.452188491821 412.786087036133 483.500946044922 530.651908874512 585.383066177368 531.740829467773 608.375640869141 635.965301513672 617.457639694214 674.562079668045 856.972702026367 664.264249801636 448.224822998047 554.763931274414 692.394444942474 641.222961425781 715.087280273438 667.200881958008 660.193691253662 611.692321777344 630.201135337353 659.171823501587 558.601341247559 626.281319618225 610.889837265015 568.226425170898 708.52180480957 568.556732177734 581.859127044678
589.321865081787 694.57706451416 594.438735961914 597.52130317688 553.347198486328 670.39236831665 509.085861206055 624.13300037384 666.53484916687 535.616790771484 481.139587402344 538.461891174316 660.643635749817 624.603061676025 719.757745742798 532.39754486084 466.790985107422 606.387206077576 661.578641891479 781.614105224609 651.445425987244 530.049697875977 490.70588684082 362.185317993164 579.812099933624 670.00842666626 544.542587280273 714.915580749512 649.556949615479 645.160573959351 651.596130371094 581.118125915527 619.225402832031 625.628196716309 688.174606323242 708.268720626831 523.596267700195 558.696250915527 632.677677154541 618.939666748047 571.537090301514 428.743453979492 577.45779800415 718.927726745605 473.121353149414 568.698112487793 771.893295288086 715.21915435791 549.261978149414 473.437911987305
762.455383300781 613.371946334839 680.57349395752 520.171440124512 547.718757629395 619.43186378479 602.388744354248 640.671711921692 597.754283905029 606.302932739258 568.042572021484 642.485893249512 591.894523620605 750.90803527832 752.862426757812 729.794380187988 566.132484436035 476.324607849121 667.706405639648 873.043960571289 789.873085021973 584.279296875 562.902244567871 587.693069458008 602.903649806976 695.966171264648 632.608266830444 593.761390686035 606.90544128418 497.53832244873 491.712738037109 525.772018432617 684.133171081543 601.960182189941 588.73127746582 588.689849853516 472.098526000977 488.808990478516 574.232860565186 429.606506347656 560.176361083984 477.910125732422 678.846858978271 569.28201675415 543.200355529785 525.604942321777 554.762359619141 628.016143798828 566.237007141113 512.8671875
675.436103820801 666.656196594238 645.663330793381 508.09342956543 527.33797454834 649.81187915802 626.304088592529 534.865135192871 661.240020751953 599.92448425293 507.251281738281 518.928604125977 643.890947341919 673.832347869873 702.828102111816 710.096664428711 629.205512523651 425.323364257812 723.339294433594 849.732666015625 696.988049268723 649.963924407959 538.863616943359 673.049415588379 754.351058959961 520.109344482422 495.247886657715 525.988555908203 645.022762298584 590.439803659916 652.550970077515 594.316547393799 560.932834625244 666.169004440308 600.785820007324 699.782531738281 730.098182678223 583.281585693359 576.431312561035 515.316619873047 574.413566589355 598.194034576416 615.939281817526 650.659374237061 668.371772766113 682.848388671875 552.997344970703 584.209480285645 803.898326873779 600.953767776489
669.012107849121 703.569366455078 602.037740707397 510.507293701172 453.907684326172 657.622352600098 620.895261764526 702.083595275879 644.509572982788 643.611753463745 573.336067199707 561.611679077148 470.148376464844 550.683395385742 668.396778106689 600.674365997314 591.216953277588 711.432975769043 951.853515625 820.938886642456 816.690458297729 723.569927215576 751.340148925781 646.525129318237 706.333152770996 623.254757881165 645.232334136963 586.946718215942 726.372650146484 658.961505889893 675.913921356201 644.437969207764 659.467315673828 552.655685424805 538.300216674805 626.204780101776 622.518222808838 551.420074462891 442.264709472656 551.170864105225 522.256874084473 630.452272415161 722.784111022949 702.529876708984 743.156112670898 614.476234436035 468.957015991211 656.578548431396 704.705890655518 840.397964477539
553.93635559082 677.752639770508 521.821685791016 501.694282531738 486.508026123047 514.451965332031 647.732506752014 796.385131835938 639.211145401001 704.001823425293 553.253555297852 675.529689788818 517.328063964844 356.181640625 689.82006072998 531.222434997559 673.68727684021 745.815433502197 873.845626831055 915.759056091309 856.313510894775 774.756908416748 733.414978027344 701.447059631348 569.088104248047 530.420997619629 656.477317810059 579.03190612793 732.121910095215 738.116806030273 658.231620788574 701.011085510254 823.418772697449 672.964736938477 705.767028808594 689.740898132324 592.919027328491 563.904193878174 625.09056854248 665.289768218994 624.252757072449 645.236892700195 465.586074829102 625.955339431763 662.908386230469 663.901420593262 583.555480957031 647.689294815063 817.389511108398 739.186538696289
694.898849487305 694.269653320312 668.592483520508 545.236686706543 618.95697593689 543.291702270508 751.888397216797 766.374492645264 739.804286956787 761.924797058105 692.309371948242 655.80797958374 600.448848724365 699.012401580811 738.39769744873 601.106775283813 585.142055511475 475.93701171875 771.585952758789 941.061637878418 797.667404174805 862.524976730347 1040.86422348022 935.007171630859 774.946868896484 736.974896430969 590.614353179932 535.3088722229 612.770236968994 610.458463668823 473.753540039062 736.842094421387 537.382217407227 614.456576347351 564.233116149902 653.845184326172 674.306991577148 571.08572769165 631.701200485229 734.31657409668 563.565628051758 630.338794708252 658.366549491882 662.939052581787 674.070877075195 660.228958129883 555.951232910156 661.595100402832 660.480495452881 693.42813873291
660.287864685059 698.221885681152 725.668663024902 731.974594116211 689.426658630371 693.125373840332 733.952613830566 770.981163024902 644.008512496948 612.609161376953 635.282913208008 532.958778381348 588.721145629883 696.986005783081 794.062202453613 587.639347076416 542.410137176514 629.55463886261 725.85400390625 728.320032119751 651.218137443066 862.330902099609 805.721706390381 862.862731933594 940.10546875 909.213493347168 992.329566955566 625.761764526367 622.683855056763 684.833473205566 512.087333679199 616.087844848633 545.547416687012 531.471839904785 532.447731018066 607.660369873047 718.01696395874 591.761863708496 587.657287597656 571.845123291016 575.839435577393 643.389944076538 700.299186706543 601.423685073853 831.03092956543 692.462936401367 537.714546203613 585.09593963623 735.322280883789 609.347623825073
671.855842590332 772.542633056641 761.815475463867 462.485900878906 530.8017578125 616.33149266243 731.288475036621 714.283386230469 674.278095722198 720.51984000206 676.261085510254 615.963512420654 685.557495117188 728.600261688232 771.423385620117 592.676612854004 569.019662857056 599.937812805176 697.169967651367 628.682788848877 723.951342582703 645.076354980469 785.010437011719 668.453704833984 704.034225463867 729.744541168213 833.388376235962 685.031372070312 853.346897125244 730.233741760254 1126.95460510254 567.212696075439 583.18123626709 615.755407333374 619.152265548706 596.491947174072 649.877514839172 616.982067108154 704.740104675293 609.909259796143 677.108787536621 647.681930541992 628.324772834778 559.67102432251 553.344802856445 704.244270324707 631.160589694977 564.827220916748 706.293022155762 610.471898078918
575.940330505371 772.966552734375 604.373027801514 615.34997010231 720.596229553223 647.195829391479 629.741435050964 591.540683746338 679.74564743042 707.481696128845 616.204078674316 665.574939727783 634.971793889999 648.298457145691 606.18335723877 592.559162139893 710.525886535645 628.563108444214 842.579448699951 758.828247070312 794.385387420654 907.053588867188 844.947448730469 808.337285995483 650.15299987793 610.549102783203 695.71656036377 882.504665374756 1077.16921043396 766.431182861328 651.470153808594 693.031036376953 751.642524719238 767.25422668457 636.104340553284 664.186670303345 635.509637832642 716.561496734619 623.707069396973 614.492080688477 527.614585876465 653.984257698059 636.320931196213 547.130836486816 556.170799255371 667.491561889648 614.058730006218 688.825340270996 612.104895591736 610.897750854492
608.75892829895 635.600032806396 606.766847610474 656.566452026367 747.112182617188 551.612224578857 590.59200668335 674.581851959229 570.353965759277 635.934860229492 784.794883728027 754.792106628418 543.713523864746 659.43040561676 565.835037231445 669.649475097656 702.791213989258 653.058579444885 641.827884674072 695.68058013916 933.439052581787 989.111038208008 775.754467010498 724.53443145752 717.795167446136 678.528240203857 641.574554443359 880.318803787231 1109.07813262939 1110.03168487549 851.482383728027 760.4599609375 864.288871765137 793.12166595459 636.113975524902 743.553092956543 654.908550858498 660.289432287216 548.508712768555 640.032743453979 663.513725280762 600.653007507324 674.237901687622 666.691314697266 684.136638641357 630.02209186554 592.414535522461 558.537006378174 510.267135620117 670.635412216187
555.18762588501 588.107275009155 577.802227020264 576.802028656006 726.126876831055 644.626369476318 688.981483459473 643.032408714294 604.108383178711 819.75830078125 870.32145690918 725.735069274902 570.63627243042 703.507736206055 584.872978210449 646.674155235291 534.053497314453 479.410583496094 536.871040344238 852.95666885376 798.573822021484 788.347961425781 728.675231933594 739.76741027832 795.486585617065 748.034019470215 711.139089107513 664.374359130859 1066.90302276611 1015.11737060547 1167.30584716797 1132.39733886719 955.137336730957 917.930778503418 789.225769042969 927.359619140625 600.826229095459 656.815604686737 556.235717773438 719.89705657959 725.092109680176 755.388320922852 550.339805603027 671.92073059082 807.391464233398 642.333714962006 550.119201660156 477.017166137695 695.908069610596 770.680328369141
597.717775344849 606.837112426758 576.609188079834 651.060424804688 536.262481689453 563.46044921875 597.112854003906 678.05330657959 668.192312240601 770.498893737793 864.841156005859 792.976684570312 589.934471130371 646.996495008469 676.506171703339 704.525093078613 614.571662902832 643.60765838623 663.390867233276 593.52693939209 614.550835609436 567.032867431641 608.768775939941 769.437950134277 715.588226318359 667.516021728516 676.809349060059 768.522875607014 843.943189620972 737.65412902832 999.513328552246 1299.80213928223 1065.36312127113 1045.65455627441 1198.41576385498 875.195037841797 762.280860900879 634.570411682129 699.549449920654 820.945083618164 741.634407043457 665.264561653137 701.592700958252 683.748157501221 695.538589715958 722.869003295898 783.262741088867 598.848690032959 741.715179443359 574.932441711426
717.053245544434 634.522599697113 627.218482971191 567.108127593994 728.896583557129 700.558517456055 803.99494934082 770.792022705078 682.193397521973 778.036270141602 750.587966918945 741.134384155273 709.40991973877 587.950340270996 530.728561401367 715.0419921875 691.145072937012 676.204824447632 597.517185211182 578.162433624268 523.965682983398 520.806884765625 507.745880126953 584.333911895752 695.22533416748 606.781761169434 686.86408996582 865.11888885498 774.030540466309 626.23828125 503.265060424805 918.896385192871 731.706741333008 1093.18364334106 1075.02151489258 1072.45260620117 789.979347229004 601.228088378906 750.009628295898 739.466979980469 714.463167190552 542.958557128906 630.93536567688 716.715950012207 742.422206878662 694.294006347656 686.183666229248 678.632959365845 673.846633911133 709.296676635742
781.881614685059 831.436309814453 585.672332763672 583.714019775391 595.57169342041 574.859443664551 819.364852905273 800.084899902344 698.732780456543 697.926975250244 667.197010993958 767.466377258301 639.732153177261 646.18076133728 634.123188018799 722.305946350098 598.31213760376 836.734298706055 706.952674865723 656.008697509766 563.172744750977 555.363815307617 621.03370475769 693.367225646973 665.613080978394 679.431945800781 623.426055908203 748.19021987915 746.296348571777 628.810302734375 667.700531005859 799.978553771973 853.02787399292 1297.78096389771 994.22532081604 1332.256980896 732.399176120758 648.097141265869 581.49910736084 676.41711807251 575.15124130249 646.075831651688 790.41015625 724.646656036377 732.023536682129 653.524559020996 568.801712036133 603.023794174194 698.096946716309 641.778507709503
836.877548217773 866.631210327148 659.621913909912 852.419631958008 695.984943389893 677.892639160156 661.50016784668 781.818267822266 610.366683959961 617.888298034668 701.366060256958 779.01180267334 760.980621337891 879.406799316406 731.918899536133 727.590263366699 655.018144130707 543.681159973145 555.87476348877 651.360948562622 761.524559020996 702.491710662842 607.914623260498 656.747910499573 730.75186920166 670.732444763184 575.488128662109 656.263224244118 628.511016845703 625.217895507812 539.839195251465 600.341186523438 915.25034236908 1255.48278856277 978.053230285645 859.155258178711 1041.24767303467 603.814636230469 547.881195068359 419.982086181641 564.44970703125 537.89079284668 675.038906097412 625.50170135498 759.178915023804 704.940124511719 578.362380981445 581.331699371338 595.346435546875 542.221488952637
835.449676513672 777.493392944336 732.499221801758 660.927486419678 611.368217468262 495.244201660156 495.241600036621 558.229621887207 623.15878868103 699.486572265625 631.700862884521 686.963670730591 704.408782958984 682.545792579651 656.306324720383 682.071968078613 621.728401184082 494.697692871094 709.545372009277 699.880554199219 676.838214874268 871.359039306641 796.16471862793 648.406274795532 629.459815979004 780.483200073242 614.7626953125 554.957336425781 633.930400848389 532.992492675781 454.877822875977 728.929281234741 855.703258514404 946.754653930664 989.520753860474 1016.53408330679 795.880115509033 862.328544616699 555.82356262207 509.483871459961 680.116584777832 710.765331268311 700.102096557617 849.765922546387 979.194473266602 1031.35182571411 985.018493652344 897.77889251709 582.557510375977 662.91740322113
673.347489356995 820.140014648438 832.661911010742 590.494743347168 421.908157348633 572.830093383789 514.119590759277 513.384574890137 649.798673629761 647.620820999146 644.888772964478 756.127334594727 617.611461639404 583.76838684082 578.867614746094 454.541915893555 537.29231262207 551.818542480469 725.869346618652 681.943523406982 663.266901016235 666.419486999512 717.09158706665 686.940475463867 679.477573394775 608.244205474854 769.616764068604 608.961463928223 499.207305908203 625.20866394043 601.952796936035 623.176292419434 862.099542617798 849.31746673584 761.724824905396 784.449705123901 613.821685791016 807.089546203613 522.497833251953 712.916835784912 612.835998535156 573.736488342285 646.652629852295 656.088764190674 801.452342987061 843.237723350525 852.254463195801 941.816864013672 1101.73964691162 490.621887207031
618.897811889648 702.008701324463 582.115692138672 605.071868896484 510.349090576172 553.172142028809 568.509185791016 653.379280090332 545.608367919922 566.512683868408 590.089199066162 706.744804382324 687.654001235962 673.019834518433 600.326324462891 556.958717346191 699.70484161377 730.860092163086 640.426613807678 689.467945098877 786.900024414062 648.919585704803 752.668525695801 610.2912940979 695.638687133789 684.278587341309 627.086530685425 657.401786804199 563.893966674805 677.549379348755 681.093816757202 693.664840698242 696.120565533638 621.809816360474 595.077537536621 553.782150268555 619.570880889893 678.481456756592 684.213401794434 782.889797210693 880.90225982666 758.868236541748 721.340518951416 829.28275680542 800.103515625 935.997402191162 791.81568145752 876.508247375488 905.575019836426 716.660470962524
683.342147827148 590.240028381348 605.718704223633 630.908739089966 482.151779174805 495.506256103516 648.04313659668 531.243209838867 582.956007003784 553.890617370605 527.426727294922 704.059429168701 618.890193939209 730.760562896729 728.437805175781 556.561668395996 608.542488098145 701.130109786987 669.825034976006 661.452930450439 640.056668758392 645.023717880249 673.47931098938 572.131164550781 770.304992675781 760.764846801758 604.858173370361 690.305450439453 1150.06639480591 711.292667388916 644.088813304901 627.432211875916 732.903961181641 605.790199279785 505.009017944336 645.650936126709 645.445735931396 568.642021179199 636.061584472656 625.288833618164 720.031667709351 898.810607910156 850.52473449707 879.190086364746 695.902336120605 902.984870910645 853.873603820801 988.20231628418 969.669823646545 1085.67083740234
