simdem/realisation94.asc
NCOLS 350 
NROWS 171 
XLLCORNER 152620 
YLLCORNER 418050 
CELLSIZE 100 
NODATA_value -9999 
[rows 110 to 131 of 171, columns 200 to 249 of 350]
-9999 -9999 -9999 957.76490020752 652.516128540039 531.970542907715 591.891258239746 645.602752685547 715.08504486084 1202.82885742188 586.37028503418 533.18879699707 716.898872375488 649.243404388428 726.536148071289 506.303894042969 619.667495727539 450.981674194336 610.815755844116 587.295021057129 609.577978134155 593.851058959961 611.381454467773 576.275169372559 495.083374023438 623.100732803345 777.686813354492 705.035804748535 835.946853637695 731.268737792969 717.258026123047 704.95690536499 730.926334381104 490.64469909668 403.068939208984 485.642562866211 554.837066650391 630.940238952637 599.559703826904 742.488800048828 812.819808959961 781.568809509277 705.592643737793 840.421379089355 1379.36157608032 804.247688293457 968.135875701904 1108.86535644531 721.873378276825 1057.96815490723
-9999 -9999 -9999 -9999 725.938468933105 583.983337402344 587.851875305176 670.314170837402 758.064405441284 835.896452903748 532.600830078125 593.623023986816 839.940979003906 648.223091125488 644.647093772888 617.319271087646 623.555738449097 511.258270263672 606.51114654541 654.716058731079 535.505729675293 548.823783874512 1331.93835449219 522.69605255127 433.105712890625 547.699451446533 755.308097839355 745.759353637695 770.658836364746 597.425387024879 837.665924072266 701.281070709229 702.198753356934 804.024116516113 470.049102783203 434.688888549805 686.160194396973 692.688064575195 804.33024597168 807.499038696289 851.257579803467 736.751094818115 775.075534820557 1064.83317184448 748.739124298096 886.017906188965 1059.99119830132 878.886417388916 723.887736320496 873.697788238525
-9999 -9999 -9999 -9999 760.407363891602 684.695613861084 568.710311889648 820.192317962646 704.998062133789 752.896823883057 737.875116348267 725.324821233749 657.974105834961 611.927085876465 664.113748423755 643.288707733154 495.584045410156 511.500762939453 589.970252990723 625.36598777771 561.224403381348 740.44158744812 532.797492980957 630.113203048706 605.379987239838 522.572135925293 574.176162719727 699.702302932739 791.020919799805 788.093780517578 714.466857910156 743.864288330078 727.436988830566 638.646499633789 561.266654968262 548.989776611328 704.745971679688 600.413986206055 813.247392654419 922.02815246582 877.812808990479 762.080698013306 672.858949661255 863.630966186523 692.270408630371 831.676971435547 1065.88845801353 944.997999191284 729.663803100586 747.77808380127
-9999 -9999 -9999 -9999 -9999 823.556334912777 655.063331604004 655.480262756348 726.418627738953 670.780982971191 1140.82340240479 831.091423034668 821.777854919434 671.201039195061 633.201507568359 656.837497711182 648.62354183197 639.715806007385 578.908645629883 722.163581848145 644.712460517883 1069.83214187622 478.465423583984 605.678527832031 544.327796936035 515.530731201172 649.389755249023 716.198289871216 624.190780639648 601.174924850464 729.38542175293 731.590442657471 647.016883850098 695.259630203247 703.889131546021 608.113250732422 656.210861206055 754.575061798096 882.007133483887 816.93770980835 850.818762779236 894.719032287598 783.468590736389 677.183776855469 699.864074707031 693.88313293457 878.517448425293 1338.73265588284 790.818916320801 742.790328979492
-9999 -9999 -9999 -9999 -9999 758.577880859375 610.497940063477 589.88862991333 637.675796508789 678.18440246582 1093.74857711792 858.905097961426 732.140393972397 770.538650512695 717.837270736694 686.673356056213 679.77391242981 708.275672912598 607.917930603027 529.795532226562 1271.72308921814 800.369430541992 727.587989807129 703.840087890625 556.663627624512 605.562191009521 649.345485687256 654.245681762695 688.253532409668 783.3024559021 792.313354492188 703.574823379517 713.218776702881 707.815061569214 540.271217346191 735.223022460938 685.016304016113 704.301879882812 689.214502334595 715.76387834549 705.039237976074 895.33666229248 761.17004776001 536.923309326172 604.984970092773 525.761596679688 568.604629516602 815.141624450684 731.862975120544 601.644287109375
-9999 -9999 -9999 -9999 -9999 872.373943328857 712.88028717041 712.774337768555 673.748729705811 661.463821411133 851.601907730103 691.085620880127 701.051454544067 632.851364135742 724.18507194519 613.713371276855 702.901008605957 692.592041969299 627.176349639893 1071.72401428223 645.895446777344 681.896860122681 708.093250274658 665.961968421936 676.913387298584 852.622467041016 719.503553390503 750.949489593506 700.652933120728 769.145965576172 654.103351593018 700.706394195557 642.830154418945 773.22437286377 731.28246307373 746.467391967773 720.722164154053 589.332977294922 552.650192260742 742.598518371582 682.61011505127 843.596174240112 651.870258331299 844.265258789062 635.808364868164 598.409027099609 452.606109619141 477.019317626953 713.288539886475 678.414031982422
-9999 -9999 -9999 -9999 -9999 -9999 822.742477416992 818.303123474121 811.574111938477 631.031391143799 676.658889770508 855.037731170654 775.749626159668 801.571075439453 670.824867248535 691.285121917725 767.398235321045 710.568524837494 684.398960113525 520.181259155273 662.924764633179 706.522449493408 767.966529846191 757.084014892578 846.150459289551 803.515399932861 790.324195861816 698.988153457642 853.821701049805 757.16939163208 772.172538757324 556.858978271484 731.643001556396 821.683395385742 697.816917419434 607.630531311035 674.142048835754 541.834732055664 500.757217407227 666.526000976562 729.736515045166 771.060349464417 702.000372886658 721.54040145874 977.935480117798 918.296829223633 962.245178222656 833.796401977539 734.800094604492 748.990936279297
-9999 -9999 -9999 -9999 -9999 -9999 922.528820991516 1401.01878261566 1256.48994827271 725.516220092773 574.520248413086 688.645111083984 1157.58674621582 720.226488113403 714.182783126831 826.11393737793 678.635705947876 697.010793685913 1221.65505045652 675.02797794342 744.171630859375 672.701839923859 700.803386688232 670.047793388367 683.85147857666 658.599533081055 785.69246673584 533.951477050781 604.437835693359 604.359092712402 791.897745132446 727.861806869507 657.642059326172 994.127345561981 983.992925643921 924.435676574707 925.707572937012 686.08674621582 538.819091796875 588.468421936035 605.261108398438 556.547561645508 711.364524841309 810.787464141846 675.640773773193 672.008918762207 836.402000427246 762.291488647461 1051.27453613281 670.389549255371
-9999 -9999 -9999 -9999 -9999 -9999 -9999 883.762969970703 688.170013427734 635.283996582031 514.497131347656 690.936210632324 759.617399215698 942.700534820557 923.457618713379 493.461120605469 565.268524169922 1471.73808670044 731.110546112061 740.107002258301 704.907249450684 508.198791503906 698.260962843895 695.403434753418 729.23327255249 772.454498291016 758.16552734375 1037.27589416504 792.925170898438 757.460098266602 620.511781692505 742.660484313965 680.415542602539 880.926745414734 802.863918304443 857.821174621582 859.777526855469 966.73851776123 1023.23633575439 535.309631347656 603.663887023926 594.250045776367 752.341909408569 788.617952346802 870.458446502686 767.102672576904 664.609977722168 669.783153533936 749.395155906677 661.393432617188
-9999 -9999 -9999 -9999 -9999 -9999 -9999 -9999 755.90771484375 629.428253173828 673.108207702637 583.531204223633 845.202796936035 878.825065612793 739.044881820679 655.674865722656 1488.46992492676 660.985237121582 767.235122680664 797.847839355469 565.967895507812 727.457975387573 775.365104675293 628.356651306152 723.264899253845 749.834915161133 663.133167266846 724.57447052002 897.643615722656 751.904678344727 527.605312347412 700.643493652344 698.93045425415 805.691162109375 699.873718261719 777.674118041992 803.347320556641 823.89958190918 851.044006347656 895.834781646729 646.77188873291 594.975112915039 528.533004760742 580.107070922852 675.143511295319 669.117660522461 591.089473724365 602.293753862381 591.410049438477 507.238079071045
-9999 -9999 -9999 -9999 -9999 -9999 -9999 -9999 -9999 1206.08786010742 1205.97953796387 1197.23430919647 649.306914329529 806.464019775391 820.869106292725 791.062761306763 801.521499633789 684.083801269531 671.394180297852 799.16595697403 743.499591350555 778.293930053711 709.027442932129 764.521209716797 695.139450073242 752.515014648438 587.206132888794 677.432136535645 809.768745422363 658.194128036499 572.406436920166 600.199893951416 600.805458068848 468.928581237793 749.812553405762 797.830337524414 900.81579208374 760.798065185547 895.229621887207 905.476554870605 993.120529174805 542.250396728516 621.304641723633 685.870468139648 551.450149536133 632.958446502686 691.246181488037 531.025268554688 552.183717727661 498.232498168945
-9999 -9999 -9999 -9999 -9999 -9999 -9999 -9999 -9999 -9999 1052.40502357483 518.191345214844 526.519897460938 645.187793731689 607.182754516602 543.98063659668 674.749740600586 566.004470825195 923.695045471191 834.582481384277 765.058526039124 669.028114318848 738.826061487198 733.114521026611 1073.63266944885 669.960586547852 723.195724487305 555.803520202637 786.62202835083 818.203605651855 702.815689086914 642.165553092957 588.363040924072 587.697509765625 827.366605758667 903.570503234863 859.406766057014 935.706142425537 838.888999938965 952.0756483078 881.969261169434 597.216468811035 590.228698730469 862.192420959473 640.858770370483 689.716358184814 754.567733764648 698.218719482422 692.909496307373 643.493461608887
-9999 -9999 -9999 -9999 -9999 -9999 -9999 -9999 -9999 -9999 -9999 1170.10301208496 1160.99935150146 952.375701904297 459.91968536377 462.299499511719 678.425361633301 728.364854812622 766.324215650558 706.46862411499 806.689302444458 686.652465820312 798.631340026855 606.312438964844 972.651971817017 668.088424682617 981.788444519043 1026.90413665771 887.719177246094 782.193061828613 812.818675994873 833.052629470825 618.194000244141 659.367515563965 748.670059084892 962.002563476562 875.932205200195 881.755973815918 931.686965942383 826.589538574219 851.617797851562 627.914520263672 669.696197509766 608.098661422729 691.68514251709 721.167526245117 686.785190582275 911.351196289062 658.371906280518 678.382148742676
-9999 -9999 -9999 -9999 -9999 -9999 -9999 -9999 -9999 -9999 -9999 -9999 1109.72001457214 1183.98610305786 661.078821182251 522.616474151611 682.136373519897 661.417461276054 734.799339294434 789.457992553711 718.633460998535 693.02561378479 671.528739929199 680.686187744141 744.410493373871 874.376319885254 878.873315811157 845.510070800781 929.366653442383 950.874496459961 927.688758850098 918.307144165039 779.015886306763 741.316224098206 803.663764953613 701.140502929688 785.260898590088 827.341548919678 815.990821838379 738.591484069824 723.599990844727 801.209991455078 886.875537872314 505.882446289062 651.550735473633 704.491221427917 659.270133972168 706.741193771362 784.274780273438 759.027919769287
-9999 -9999 -9999 -9999 -9999 -9999 -9999 -9999 -9999 -9999 -9999 -9999 -9999 -9999 702.758369445801 683.688762664795 579.564094543457 1068.62788009644 523.061923980713 534.894714355469 696.452140808105 472.641860961914 601.845582962036 654.873817443848 806.516014099121 872.50813293457 803.469825744629 731.724960327148 1056.89151000977 1085.28439331055 934.875549316406 1023.94151306152 737.262742042542 835.418922424316 863.300033569336 708.766876220703 1001.8231048584 981.955265045166 824.638847351074 996.703392028809 967.465637207031 1041.87133026123 669.769361495972 557.248985290527 773.34952545166 677.646595478058 715.99441242218 764.89086151123 819.932884216309 750.242539405823
-9999 -9999 -9999 -9999 -9999 -9999 -9999 -9999 -9999 -9999 -9999 -9999 -9999 -9999 -9999 -9999 -9999 1134.56268692017 693.774055480957 652.188327789307 744.707302093506 661.05785369873 768.332228660583 818.125612258911 809.757991790771 773.737895011902 737.762107849121 656.743553161621 793.368709087372 807.307994842529 774.841171264648 804.137172698975 1009.02474975586 910.764945983887 860.619338989258 741.583084106445 783.778251647949 897.113304138184 856.086764335632 534.449705123901 405.465301513672 1039.82336807251 613.66676902771 760.38809967041 726.910491943359 680.489795684814 726.610345125198 710.340347290039 655.657278060913 771.791152954102
-9999 -9999 -9999 -9999 -9999 -9999 -9999 -9999 -9999 -9999 -9999 -9999 -9999 -9999 -9999 -9999 -9999 -9999 -9999 -9999 983.256713867188 916.910400390625 836.19596862793 841.036758422852 970.987716674805 869.503786087036 786.41699719429 714.998336791992 805.693095684052 735.782501220703 744.804908752441 777.22652053833 811.429138183594 817.587371826172 868.775619506836 708.835945129395 719.952109336853 931.694778442383 906.431188583374 563.31575012207 585.133590698242 714.718322753906 591.40389251709 878.82373046875 678.762119293213 692.436466217041 627.630630493164 463.653182983398 576.717193603516 789.982574462891
-9999 -9999 -9999 -9999 -9999 -9999 -9999 -9999 -9999 -9999 -9999 -9999 -9999 -9999 -9999 -9999 -9999 -9999 -9999 -9999 -9999 -9999 -9999 -9999 -9999 941.832969665527 798.38427734375 821.157150268555 780.079010009766 776.011383056641 785.882301330566 759.292098999023 808.87370300293 715.634838104248 725.888278961182 871.940231323242 1007.77727365494 782.135715484619 806.063091278076 729.679061889648 523.216079711914 1000.64113783836 609.612342834473 731.596393585205 715.167585372925 634.142749786377 708.1744556427 637.63366317749 693.636461257935 848.769790649414
-9999 -9999 -9999 -9999 -9999 -9999 -9999 -9999 -9999 -9999 -9999 -9999 -9999 -9999 -9999 -9999 -9999 -9999 -9999 -9999 -9999 -9999 -9999 -9999 -9999 -9999 -9999 -9999 -9999 873.8518409729 868.825080871582 979.959522247314 837.837197303772 805.543411254883 770.7587890625 611.259757995605 816.102451324463 936.273899316788 736.709243774414 692.176216125488 629.623714447021 593.181510925293 610.655067443848 739.965863227844 598.860649108887 657.178066253662 688.171483039856 627.98649597168 654.217926025391 843.555908203125
-9999 -9999 -9999 -9999 -9999 -9999 -9999 -9999 -9999 -9999 -9999 -9999 -9999 -9999 -9999 -9999 -9999 -9999 -9999 -9999 -9999 -9999 -9999 -9999 -9999 -9999 -9999 -9999 -9999 -9999 -9999 1098.97667503357 1102.51931762695 925.114765167236 718.014747619629 658.532333374023 862.841241121292 724.743934631348 835.450584411621 677.761978149414 802.141159057617 588.840812683105 606.791160583496 665.548561096191 634.012714385986 683.842054367065 673.12087392807 735.103501796722 657.581134796143 703.583576202393
-9999 -9999 -9999 -9999 -9999 -9999 -9999 -9999 -9999 -9999 -9999 -9999 -9999 -9999 -9999 -9999 -9999 -9999 -9999 -9999 -9999 -9999 -9999 -9999 -9999 -9999 -9999 -9999 -9999 -9999 -9999 -9999 845.82829284668 1040.36921691895 946.044445037842 691.750686645508 654.583526611328 810.586231231689 745.231018066406 753.023574829102 727.60631942749 783.890235900879 668.882007598877 658.997573852539 758.462913513184 615.884254455566 726.528079986572 756.411994934082 647.678527832031 745.321656227112
-9999 -9999 -9999 -9999 -9999 -9999 -9999 -9999 -9999 -9999 -9999 -9999 -9999 -9999 -9999 -9999 -9999 -9999 -9999 -9999 -9999 -9999 -9999 -9999 -9999 -9999 -9999 -9999 -9999 -9999 -9999 -9999 -9999 949.500858306885 889.078718185425 843.600215911865 651.098453521729 599.333656311035 675.151412963867 672.350280761719 887.214504241943 765.960033416748 722.214515447617 667.268341064453 703.049593448639 728.842931747437 672.179695129395 808.392707824707 926.912506103516 787.490694046021
