simdem/realisation62.asc
NCOLS 350 
NROWS 171 
XLLCORNER 152620 
YLLCORNER 418050 
CELLSIZE 100 
NODATA_value -9999 
[rows 0 to 21 of 171, columns 200 to 249 of 350]
-9999 -9999 -9999 -9999 -9999 -9999 -9999 -9999 -9999 -9999 -9999 -9999 -9999 -9999 -9999 -9999 -9999 -9999 -9999 -9999 -9999 -9999 -9999 -9999 -9999 -9999 -9999 -9999 -9999 -9999 -9999 -9999 -9999 -9999 -9999 -9999 -9999 -9999 -9999 -9999 -9999 -9999 -9999 -9999 -9999 -9999 -9999 -9999 -9999 -9999
-9999 -9999 -9999 -9999 -9999 -9999 -9999 -9999 -9999 -9999 -9999 -9999 -9999 -9999 -9999 -9999 -9999 -9999 -9999 -9999 -9999 -9999 -9999 -9999 -9999 -9999 -9999 -9999 -9999 -9999 -9999 -9999 -9999 -9999 -9999 -9999 -9999 -9999 -9999 -9999 -9999 -9999 -9999 -9999 -9999 -9999 -9999 -9999 -9999 -9999
-9999 -9999 -9999 -9999 -9999 -9999 -9999 -9999 -9999 -9999 -9999 -9999 -9999 -9999 -9999 -9999 -9999 -9999 -9999 -9999 -9999 -9999 -9999 -9999 -9999 -9999 -9999 -9999 -9999 -9999 -9999 -9999 -9999 -9999 -9999 -9999 -9999 -9999 -9999 -9999 -9999 -9999 -9999 -9999 -9999 -9999 -9999 -9999 -9999 -9999
-9999 -9999 -9999 -9999 -9999 -9999 -9999 -9999 -9999 -9999 -9999 -9999 -9999 -9999 -9999 -9999 -9999 -9999 -9999 -9999 -9999 -9999 -9999 -9999 -9999 -9999 -9999 -9999 -9999 -9999 -9999 -9999 -9999 -9999 -9999 -9999 -9999 -9999 -9999 -9999 -9999 -9999 -9999 -9999 -9999 -9999 -9999 -9999 -9999 -9999
-9999 -9999 -9999 -9999 -9999 -9999 -9999 -9999 -9999 -9999 -9999 -9999 -9999 -9999 -9999 -9999 -9999 -9999 -9999 -9999 -9999 -9999 -9999 -9999 -9999 -9999 -9999 -9999 -9999 -9999 -9999 -9999 -9999 -9999 -9999 -9999 -9999 -9999 -9999 -9999 -9999 -9999 -9999 -9999 -9999 -9999 -9999 -9999 -9999 -9999
481.355574607849 676.392547607422 589.141956329346 576.150727748871 836.415946960449 -9999 -9999 -9999 -9999 -9999 -9999 -9999 -9999 -9999 -9999 -9999 -9999 -9999 -9999 -9999 -9999 -9999 -9999 -9999 -9999 -9999 -9999 -9999 -9999 -9999 -9999 -9999 -9999 -9999 -9999 -9999 -9999 -9999 -9999 -9999 -9999 -9999 -9999 -9999 -9999 -9999 -9999 -9999 -9999 -9999
586.561218261719 521.883209228516 490.163124084473 445.178897857666 633.731023788452 697.233726501465 459.840116500854 711.830856323242 731.809768676758 644.301063537598 -9999 -9999 -9999 -9999 -9999 -9999 -9999 -9999 -9999 -9999 -9999 -9999 -9999 -9999 -9999 -9999 -9999 -9999 -9999 -9999 -9999 -9999 -9999 -9999 -9999 -9999 -9999 -9999 -9999 -9999 -9999 -9999 -9999 -9999 -9999 -9999 -9999 -9999 -9999 -9999
950.50341796875 608.494659423828 506.993007659912 392.217750549316 654.88596534729 696.380516052246 461.541785240173 574.148445129395 439.214231491089 603.080856323242 450.554512500763 627.957794189453 595.163908004761 820.240234375 856.337753295898 790.058792114258 687.553047180176 542.708738327026 924.080827713013 787.545303344727 663.53857421875 875.337371826172 965.425430297852 1000.57468414307 988.22151184082 901.038471221924 1095.02235412598 996.812217712402 1057.32408905029 868.621520996094 968.250816345215 868.306037902832 843.308479309082 830.683420181274 817.107456207275 872.10445022583 1101.16078186035 925.013763427734 1066.80779266357 -9999 -9999 -9999 -9999 -9999 -9999 -9999 -9999 -9999 -9999 -9999
1059.44000244141 1102.07522583008 821.932518005371 866.52490234375 1057.95598983765 977.590667724609 1000.83531188965 582.716041564941 540.75040435791 531.081535339355 593.751968383789 592.603019714355 536.223457336426 612.470779418945 570.327239990234 577.138023376465 546.066139221191 589.540245056152 874.38568687439 860.452959060669 762.52027130127 804.278070449829 893.609344482422 857.3776512146 878.947113037109 849.544225692749 851.489147186279 983.136047363281 813.348022460938 825.649742126465 699.849548339844 879.643909454346 670.670837402344 710.264671325684 691.265342712402 698.087860107422 931.209899902344 991.769668579102 767.61376953125 725.982286453247 895.080688476562 1224.23407554626 1294.71509933472 814.560668945312 750.672737121582 -9999 -9999 -9999 -9999 -9999
961.219961166382 1130.17955780029 949.200912475586 781.347187042236 1182.01713562012 1109.3931350708 1057.4450378418 1139.28416061401 945.191900253296 788.344093322754 766.359760284424 761.955787658691 638.001052856445 524.666164398193 521.700328826904 496.705703735352 451.715898513794 589.029876708984 888.053287506104 918.527946472168 988.807266235352 984.861434936523 992.328918457031 917.168960571289 828.422018051147 819.919322967529 875.054096221924 898.745864868164 811.057479858398 836.80344581604 869.195724487305 785.079189300537 694.68590927124 724.083026885986 835.220306396484 670.015510559082 900.293594360352 1065.53874969482 592.548323631287 514.833389282227 779.383106231689 1052.87770462036 742.63786315918 884.54891204834 825.21949005127 1331.07244873047 662.403915405273 -9999 -9999 -9999
782.072238922119 875.662887573242 957.102409362793 1072.39437103271 1153.91672897339 1232.48511505127 1309.57760620117 1136.91999435425 904.339618682861 767.828353881836 595.507354736328 746.02060508728 603.462303161621 664.566963195801 535.240310668945 695.00302696228 913.385314941406 934.06273651123 825.103739261627 982.528602600098 1018.42672729492 1182.37535095215 812.99015045166 807.271667480469 775.811038017273 750.383529663086 760.306716918945 752.616474151611 691.638336181641 836.98225402832 935.349456787109 859.359344482422 647.608192443848 750.353813171387 794.12345123291 526.040222167969 556.197814941406 950.358512401581 931.761066436768 681.29679107666 627.346733093262 630.291580200195 717.119693756104 812.232853889465 678.225654602051 1176.46369934082 826.484222412109 1335.15103912354 621.591567993164 -9999
1011.76901245117 949.829563140869 784.285507202148 921.695999145508 883.003631591797 1137.26779747009 1236.03946685791 1161.42683982849 982.506931304932 780.376411437988 765.851383209229 795.861827850342 644.92121887207 661.580639719963 508.074279785156 769.160972595215 896.36644744873 949.941360473633 773.192230224609 1009.1097869873 1012.86436462402 1221.29315185547 649.141300201416 685.804826021194 776.538807868958 815.102160453796 592.584121704102 709.344673156738 668.011962890625 803.28634262085 795.156095027924 957.630981445312 703.349082946777 594.284606933594 789.447944641113 820.118438720703 592.821725845337 956.286038398743 947.181885242462 949.228145301342 761.085754394531 683.039876937866 649.035217285156 872.97730255127 821.480484008789 781.668464660645 761.83687210083 1166.01097106934 701.45866394043 804.905891418457
959.811454772949 934.308406829834 838.309677124023 778.559783935547 701.00503385067 830.724067687988 728.307041168213 675.712353229523 1006.49683952332 808.438598632812 960.305374145508 799.065920829773 780.89281463623 648.459895133972 707.757385253906 949.498580932617 884.507724106312 967.161151885986 953.6474609375 1029.93468666077 1071.2424697876 1211.30694580078 703.498550415039 657.836273193359 938.166954040527 791.325881958008 896.041492462158 907.520657777786 788.745994567871 827.240142822266 916.708534240723 913.874359130859 797.218595504761 735.702665328979 870.558113098145 891.180908203125 767.582897186279 964.067947387695 961.869735717773 859.120513916016 712.071998596191 664.05394077301 589.173934936523 997.789009094238 883.948875427246 853.545413970947 746.326007843018 731.154766082764 807.658058166504 774.808977127075
713.824325561523 670.571600914001 701.099203109741 650.21143913269 743.800979614258 812.078262329102 778.874214172363 780.568277359009 1015.85072620213 797.539100646973 749.524551391602 898.613967895508 750.86502456665 842.159395217896 950.266624450684 1385.02560710907 1017.29077148438 815.115423202515 1074.23416900635 1279.39088630676 827.76887512207 1340.66531944275 929.414516448975 683.315368652344 722.799560546875 885.318481445312 797.914936065674 848.399196624756 866.389083862305 885.515365600586 891.937768936157 953.446552276611 1007.32830047607 1010.65141487122 908.407653808594 955.064033508301 1004.27474403381 981.298137664795 999.958393096924 901.316635131836 614.469192504883 600.962036132812 652.449144244194 903.661407470703 971.899580001831 956.916093826294 1089.61993408203 789.340589523315 1022.10241699219 1184.68636322021
598.738693237305 771.578170776367 677.858944892883 865.464553833008 739.011348724365 798.874649047852 810.047088623047 781.736408829689 730.904510855675 654.734962463379 836.743988037109 722.21647644043 1299.53897094727 738.56339263916 810.185878753662 669.562675476074 732.903525345027 872.923286437988 816.085414886475 1276.53880310059 801.355251312256 803.720558166504 682.79859161377 1055.78005981445 523.128723144531 639.12646484375 744.907329559326 888.901155233383 764.684761047363 664.061065673828 886.586532592773 1007.07242584229 932.795715332031 966.232528686523 1018.25604248047 1027.20034790039 941.015396118164 991.754959106445 875.34553527832 920.887226104736 990.82091999054 1147.96618652344 1061.87008953094 1109.26090621948 970.988903045654 982.53239941597 1038.63951873779 1005.19729995728 885.771968841553 1102.16987800598
740.320915222168 903.224838256836 829.723205566406 673.744939804077 825.743101119995 841.041900634766 817.65837097168 816.845832824707 612.883934020996 745.753326416016 631.725772857666 555.364303588867 829.185213088989 736.135513305664 754.423690795898 728.691886901855 730.399982452393 712.081188201904 693.721485137939 795.859484195709 652.212482452393 724.245791196823 643.909660339355 545.368591308594 583.226226806641 720.01197052002 928.248046875 945.917739868164 774.039248943329 815.245796203613 800.849617004395 982.082664728165 778.055896759033 831.789878845215 1022.95370483398 905.350311279297 967.889766693115 964.748184204102 848.705646514893 868.518394470215 987.991409301758 902.664398193359 916.183259963989 944.01256942749 1093.72007274628 1072.57864284515 926.734264373779 924.837821960449 818.966935157776 862.511976242065
686.178573608398 716.615451812744 820.955909729004 824.816787719727 779.093566894531 888.639755249023 873.911697387695 798.228496551514 678.062389373779 671.410289764404 1079.57749938965 1098.46337127686 788.38463973999 725.257034301758 765.796019479632 658.362808227539 727.56343460083 694.110919952393 785.727760314941 726.640440940857 619.443618774414 662.391792297363 566.597274780273 676.739692687988 639.351608276367 691.370590209961 688.373413085938 1211.84423828125 865.973806023598 757.234832763672 982.487838745117 970.181150436401 916.352294921875 824.136734008789 911.771816253662 939.126968383789 928.042259216309 953.693431854248 907.812685012817 937.35534286499 986.618385314941 1008.9740524292 969.506303787231 964.161212921143 799.95654296875 921.023345947266 953.222846984863 1161.19175720215 998.444076538086 838.602447509766
329.903900146484 569.38060760498 1326.28600788116 659.653373718262 615.925888061523 846.116767883301 744.635078430176 707.454713821411 688.087926864624 726.975528717041 929.931640625 693.780445098877 700.025130271912 753.667137145996 701.402145385742 627.219703674316 731.059513092041 704.807106018066 675.480201721191 663.246110916138 731.276250839233 820.273208141327 715.867519378662 657.911834716797 554.287803649902 589.375228881836 686.241558551788 647.503395080566 631.55322265625 623.178680419922 1008.48991012573 809.915069580078 739.102590084076 1277.98877716064 816.236147880554 702.382827758789 763.812650635839 1001.70896911621 940.845344543457 845.187076568604 844.45051574707 827.902351379395 820.21545791626 690.468070983887 810.583106994629 755.328125 986.870327472687 1144.93460083008 977.739421844482 1013.72218322754
892.497894287109 486.950881958008 1270.24166107178 1183.35270786285 719.151351928711 819.964916229248 696.760776519775 657.130115509033 1089.20116233826 795.520793914795 629.77904510498 709.805728912354 680.641147613525 814.239532470703 635.778884887695 797.443842887878 725.415069580078 554.183013916016 678.268218994141 610.401077270508 735.619701385498 922.806076049805 773.010375976562 533.326477050781 521.220977783203 506.96174621582 680.370021820068 737.229656219482 743.884756565094 672.427894592285 764.178530693054 681.42879486084 646.188804626465 796.382097244263 714.84366607666 1064.10919189453 595.544052124023 737.647598266602 798.609041213989 743.891250610352 864.34351348877 799.438829421997 885.709279060364 813.605041503906 827.408330917358 911.633689880371 851.640533447266 774.494506835938 847.214950561523 970.976127624512
628.595169067383 649.246360778809 777.482879638672 704.116844177246 1036.52516174316 1387.22385787964 936.007923126221 687.11354637146 825.58674621582 704.54884147644 628.809581756592 596.598175048828 594.116279602051 666.358879089355 633.925498962402 555.909072875977 698.124315261841 701.738166809082 543.848480224609 720.854789733887 764.004875183105 637.546764373779 734.271221160889 674.133144259453 534.774444580078 721.197021484375 656.698333740234 677.258922576904 782.564418792725 796.092651367188 836.767608642578 762.462310910225 842.693344116211 813.155853271484 856.131828308105 636.42223739624 790.052333831787 1220.68294286728 697.685684204102 854.545433044434 786.265209197998 752.971508026123 718.517669677734 821.470596313477 803.521926403046 757.137714385986 887.450687408447 781.800643920898 889.680955886841 909.353026390076
659.101161956787 654.89563369751 608.137771606445 766.028625488281 536.623107910156 598.484237670898 715.652928352356 722.895681381226 765.958465576172 674.903729438782 711.071617126465 680.256852805614 694.408611297607 533.542449951172 645.446296691895 599.912078857422 719.602372169495 671.692398071289 682.643617153168 779.23747253418 728.357604980469 667.819702386856 682.246883392334 705.577495574951 579.549217224121 658.525856018066 652.080627441406 779.71070098877 797.657371520996 719.37028503418 611.103988647461 733.378746986389 909.135375976562 757.123159885406 816.908275604248 817.97583770752 735.883983612061 806.24772644043 760.101669311523 1001.4755859375 1141.72972106934 633.146636962891 801.017761230469 737.927069664001 697.543342590332 866.193904876709 745.380863189697 948.180473327637 1159.23564147949 883.799694061279
779.037559509277 600.991432189941 550.15966796875 595.375717163086 599.051368713379 531.556015014648 732.576568603516 761.658622741699 791.680107116699 673.948770046234 902.380599975586 724.630157470703 475.967514038086 567.951637268066 613.109436035156 899.355072021484 702.356443881989 737.83081817627 778.843391418457 801.016967773438 783.803646087646 816.059417724609 629.928329467773 733.978546142578 635.306259155273 787.907981872559 748.006683349609 735.793274641037 797.777339935303 735.378004074097 644.336906433105 753.95271897316 705.021253585815 746.848204612732 838.93675994873 813.283531188965 817.805156707764 854.688667297363 693.870155334473 600.411926269531 630.154174804688 638.630706787109 896.690612792969 930.189918518066 818.421783447266 768.743095397949 826.865707397461 928.595153808594 902.187286376953 849.328168869019
