simdem/realisation3.asc
NCOLS 350 
NROWS 171 
XLLCORNER 152620 
YLLCORNER 418050 
CELLSIZE 100 
NODATA_value -9999 
[rows 0 to 21 of 171, columns 100 to 149 of 350]
-9999 -9999 -9999 -9999 -9999 -9999 -9999 -9999 -9999 -9999 -9999 -9999 -9999 -9999 -9999 -9999 -9999 -9999 -9999 -9999 -9999 -9999 -9999 -9999 -9999 -9999 -9999 -9999 -9999 -9999 -9999 -9999 -9999 -9999 -9999 -9999 -9999 -9999 -9999 -9999 -9999 -9999 -9999 -9999 -9999 -9999 649.680824279785 714.551830291748 693.381767272949 691.18514251709
-9999 -9999 -9999 -9999 -9999 -9999 -9999 -9999 -9999 -9999 -9999 -9999 -9999 -9999 -9999 -9999 -9999 -9999 -9999 -9999 -9999 -9999 -9999 -9999 -9999 -9999 -9999 -9999 -9999 -9999 -9999 -9999 -9999 -9999 -9999 -9999 -9999 -9999 -9999 -9999 689.754425048828 760.230053901672 675.010627746582 565.901649475098 584.624809265137 612.641426086426 728.355314254761 665.080177307129 570.346899032593 480.542148590088
-9999 -9999 -9999 -9999 -9999 -9999 -9999 -9999 -9999 -9999 -9999 -9999 -9999 -9999 -9999 -9999 -9999 -9999 -9999 -9999 -9999 -9999 -9999 -9999 -9999 -9999 -9999 -9999 -9999 -9999 -9999 -9999 -9999 -9999 -9999 -9999 -9999 666.737915039062 809.628353118896 582.838104248047 592.073425292969 596.903076171875 762.405155181885 728.022338867188 698.464851379395 680.58943939209 624.685729026794 712.489479064941 549.738569259644 518.811349391937
-9999 -9999 -9999 -9999 -9999 -9999 -9999 -9999 -9999 -9999 -9999 -9999 -9999 -9999 -9999 -9999 -9999 -9999 -9999 -9999 -9999 -9999 -9999 -9999 -9999 -9999 -9999 -9999 -9999 -9999 -9999 -9999 -9999 -9999 707.755123138428 841.95671081543 584.662933349609 440.106155395508 671.233709335327 581.417801856995 583.002807617188 710.585205078125 576.606834411621 682.77938079834 887.622772216797 714.318115234375 661.322818756104 815.697830200195 744.690187454224 550.736215591431
-9999 -9999 -9999 -9999 -9999 -9999 -9999 -9999 -9999 -9999 -9999 -9999 -9999 -9999 -9999 -9999 -9999 -9999 -9999 -9999 -9999 -9999 -9999 -9999 -9999 -9999 -9999 -9999 -9999 -9999 -9999 -9999 617.83699798584 747.132781982422 654.818645477295 524.463821411133 592.320999145508 533.068420410156 698.565254211426 587.664613246918 455.111701965332 595.958045959473 722.156421661377 580.984405517578 709.378047466278 675.226161956787 523.667190551758 646.398910522461 751.710943222046 645.966255187988
-9999 -9999 -9999 -9999 -9999 -9999 -9999 -9999 -9999 -9999 -9999 -9999 -9999 -9999 -9999 -9999 -9999 -9999 -9999 -9999 -9999 -9999 -9999 -9999 -9999 -9999 -9999 -9999 -9999 -9999 875.341018676758 568.33056640625 487.169738769531 621.986087799072 589.359108924866 629.964157104492 677.497098922729 686.070802688599 654.399108886719 692.023547172546 575.003723144531 605.098533630371 654.686794281006 694.780242919922 707.443550109863 680.37678527832 835.865489959717 929.101509094238 914.20482635498 639.830764770508
-9999 -9999 -9999 -9999 -9999 -9999 -9999 -9999 -9999 -9999 -9999 -9999 -9999 -9999 -9999 -9999 -9999 -9999 -9999 -9999 -9999 -9999 -9999 -9999 -9999 -9999 -9999 679.715126037598 734.576435089111 730.4765625 681.361625671387 630.531227111816 601.954580307007 543.656505584717 396.147994995117 510.480682373047 768.892894744873 748.351852416992 654.538860321045 749.710662841797 589.897277832031 547.79248046875 729.895668029785 799.479446411133 635.258868694305 727.1086769104 983.344116210938 1157.42579650879 979.997791290283 981.206733703613
-9999 -9999 -9999 -9999 -9999 -9999 -9999 -9999 -9999 -9999 -9999 -9999 -9999 -9999 -9999 -9999 -9999 -9999 -9999 -9999 -9999 -9999 -9999 -9999 748.824457168579 727.355443954468 644.718902587891 604.8053855896 607.042314529419 501.688995361328 604.370145797729 568.73779296875 619.211757659912 547.280269622803 577.894399642944 497.711776733398 768.766143798828 796.506614685059 766.89909362793 763.976516723633 835.141592025757 746.670051574707 808.269096374512 859.349727630615 917.220054626465 1195.76773071289 870.06014251709 1075.97113208286 953.598237037659 1194.13112831116
-9999 -9999 -9999 -9999 -9999 -9999 -9999 -9999 -9999 -9999 -9999 -9999 -9999 -9999 -9999 -9999 -9999 -9999 -9999 -9999 -9999 -9999 563.966575622559 657.160438537598 663.653575897217 616.375040054321 665.740264892578 687.482383728027 642.454154968262 569.034593582153 509.695465087891 550.229915618896 438.160003662109 521.074714660645 692.17578125 580.402074575424 466.693923950195 829.905288696289 708.547220468521 758.359115600586 958.961477085948 554.300323486328 736.015432357788 906.441055297852 728.893043518066 1068.82859420776 769.891960144043 728.271017074585 662.845333099365 481.793579101562
-9999 -9999 -9999 -9999 -9999 -9999 -9999 -9999 -9999 -9999 -9999 -9999 -9999 -9999 -9999 -9999 -9999 -9999 -9999 1011.69355773926 473.984771728516 613.469139099121 653.40251159668 643.301763534546 609.083587646484 450.189964294434 595.85032081604 629.025918960571 466.223754882812 540.712223052979 588.890212059021 430.443740844727 410.420211791992 516.746128082275 534.44242477417 647.945274353027 596.654886245728 434.263534545898 649.351623535156 768.664173126221 720.321039199829 636.011409759521 645.051551818848 660.620594024658 850.157623291016 731.468189239502 607.068389892578 600.049171447754 722.385890007019 708.587861776352
-9999 -9999 -9999 -9999 -9999 -9999 -9999 -9999 -9999 -9999 -9999 -9999 -9999 -9999 -9999 -9999 -9999 1098.04316997528 1110.70115089417 1044.12892150879 538.927673339844 577.787052154541 642.283042907715 677.181495666504 606.791687011719 703.344797134399 766.430503845215 668.169328689575 617.152370452881 562.537673950195 511.044525146484 530.788711547852 487.120704650879 609.627727508545 513.826583862305 491.331771850586 703.508781433105 537.196826934814 722.169994354248 832.227905273438 579.224708557129 597.592025756836 668.584230422974 683.43227148056 720.374084472656 635.846786499023 602.294174194336 737.985778808594 657.840476989746 549.842819213867
-9999 -9999 -9999 -9999 -9999 -9999 -9999 -9999 -9999 -9999 -9999 -9999 -9999 -9999 627.574277877808 844.248756408691 709.904907226562 1033.63357925415 889.689712524414 902.008903503418 948.928642272949 714.635444641113 547.080360412598 600.729991912842 712.507637023926 633.188400268555 648.529184341431 760.941223144531 611.444175720215 620.625274658203 659.074127197266 382.646469116211 420.49382019043 458.839653015137 457.862976074219 469.135070800781 650.313354492188 558.972071886063 671.609705924988 778.541374206543 651.513988494873 578.662658691406 699.113349914551 702.011064529419 575.877700805664 572.517936706543 485.613388061523 617.966732025146 698.398435592651 654.020624160767
-9999 -9999 -9999 -9999 -9999 -9999 -9999 -9999 -9999 -9999 -9999 -9999 567.570648193359 693.831134796143 556.643405914307 675.31803894043 662.606601715088 589.827030181885 875.100769042969 897.331176757812 915.549530029297 532.967697143555 578.101467132568 571.990135192871 565.418190002441 581.850143432617 793.600584030151 764.615089416504 674.2844414711 569.415756225586 553.028913497925 535.341262817383 509.429092407227 480.28572845459 621.496078491211 568.835457801819 541.581806182861 708.901062011719 674.333236694336 810.805679321289 690.314975738525 482.917877197266 578.738922119141 504.258865356445 579.402015686035 621.820453226566 591.536605834961 618.150196075439 709.725246429443 668.072830200195
-9999 -9999 -9999 -9999 -9999 -9999 -9999 -9999 -9999 -9999 797.979699134827 794.775510787964 570.354156494141 798.126365661621 631.687206983566 615.388804197311 562.632579803467 515.46752166748 448.065521240234 566.623880386353 524.611618041992 477.024131774902 582.10270690918 594.528213500977 609.259712219238 602.792434692383 583.658065795898 740.949966430664 622.24048614502 585.831676483154 646.963432312012 556.899124145508 410.153629302979 433.719879627228 671.416053771973 574.476347327232 614.167556762695 681.747440338135 596.81351852417 558.836597442627 605.561241149902 522.788299560547 569.55339050293 589.111972808838 750.711074829102 652.868267059326 655.347321271896 685.929309844971 632.359725952148 575.82251739502
811.711124420166 729.897193908691 760.183045387268 721.327083587646 733.20752620697 421.248596191406 370.117446899414 522.874681472778 544.280641555786 695.379211425781 724.498580932617 697.961615562439 701.158145904541 579.956714630127 713.563331604004 562.250804901123 663.349685668945 625.519527435303 555.397808074951 522.31770324707 581.872316360474 619.170524597168 600.358428955078 582.400604248047 775.47346496582 762.565998077393 616.87353515625 683.274356842041 578.585327148438 616.533813476562 590.491493225098 669.210891723633 496.301254272461 472.507762908936 594.533250808716 603.615036010742 707.897304534912 690.422019958496 567.120441436768 685.552796363831 654.608555793762 592.266864776611 484.130241394043 674.053218841553 541.617233276367 704.871406555176 690.778221130371 758.224151611328 563.791362762451 563.791656494141
775.308311462402 700.248168945312 842.585830688477 750.99592590332 750.511672973633 458.04735660553 476.420063018799 427.884799957275 534.556098937988 397.251571655273 679.396924972534 690.179401040077 725.257690429688 699.416030883789 710.436859130859 635.014420032501 663.260665893555 504.195220947266 616.318420410156 671.678653717041 495.170761108398 542.903884887695 576.646194458008 658.378677368164 556.327163696289 719.838668823242 684.510026931763 476.341815948486 717.02619934082 693.143943786621 451.088050842285 588.048054695129 684.243270874023 510.106880187988 443.711654663086 654.253829956055 697.534391403198 692.884616851807 624.134660720825 784.979690551758 591.909065246582 565.278533935547 485.833595275879 584.786079406738 717.689876556396 1367.75956726074 1189.37138366699 855.199592590332 640.878469467163 472.847267150879
731.318252563477 763.411437988281 693.69416809082 676.323789596558 815.226226806641 480.539543151855 417.927646636963 369.447120666504 453.006344497204 573.946727752686 591.705940246582 583.536842346191 632.169174194336 803.72282409668 499.296340942383 655.864151000977 656.431930541992 676.512535095215 699.625411987305 862.763771057129 648.688537597656 905.377822875977 507.993049621582 689.949751853943 602.581504821777 701.558334350586 695.273345947266 801.253280639648 506.259155273438 719.953048706055 699.362770080566 824.617233276367 775.89501953125 763.140159606934 780.483123779297 835.369407653809 537.402435302734 510.024505615234 621.550821304321 607.132965087891 513.144165039062 545.700149536133 811.155729293823 822.810478210449 800.867324829102 816.048988342285 708.245113372803 507.593368530273 532.400413513184 619.241091489792
574.647584915161 671.933802127838 606.530326843262 483.370056152344 759.472960472107 589.448715209961 788.507808685303 989.183403015137 487.618103027344 557.66121673584 616.693578481674 536.346996307373 584.743159294128 705.731426239014 679.050338745117 490.557312011719 559.571990966797 800.70825958252 525.959004402161 792.759762763977 628.889747619629 635.834022521973 458.571624755859 693.663864135742 892.953308105469 715.998924255371 672.097946166992 830.519500732422 728.481887817383 611.972502507269 781.929000854492 848.82177734375 759.348587036133 757.808029174805 630.092175006866 1157.91714477539 413.870864868164 270.043273925781 485.265045166016 509.749374389648 1226.27794647217 633.09839630127 577.405555725098 480.217437744141 473.644271850586 710.834587097168 700.295162200928 391.45964050293 546.268447875977 517.269821166992
527.1865234375 498.885955810547 1092.73339551687 609.561182498932 622.943588256836 695.324825286865 739.287223815918 947.543579101562 490.122268676758 620.747871398926 700.46720123291 644.113147735596 568.727905273438 533.505981445312 416.669136047363 496.907821655273 647.549837112427 681.857860565186 709.460357666016 796.029064655304 665.696201324463 733.410535812378 650.131122589111 711.482963562012 547.301843643188 563.437629699707 591.577255249023 608.799339294434 1168.13229370117 822.339191436768 708.634489059448 896.495292663574 1137.68836975098 1210.72745513916 870.752346038818 1060.89381408691 813.373596191406 638.467529296875 421.139663696289 571.949401855469 664.535697937012 574.621870040894 575.489665985107 517.572975158691 507.980804443359 522.235366821289 472.964065551758 640.233442306519 527.799034118652 555.54133605957
599.898971557617 786.622911453247 1228.62533569336 735.787826538086 742.019432067871 622.987426757812 835.047142028809 1141.61427307129 844.576599121094 583.332672119141 903.313972473145 913.233657836914 974.144134521484 935.710445404053 526.597434043884 974.578216552734 625.865295410156 689.0719165802 619.421524047852 929.340438842773 643.922164916992 635.178573608398 486.777084350586 609.480560302734 1263.27831268311 1151.42960548401 919.794784545898 678.644125938416 490.400123596191 492.726142883301 500.604290008545 528.505386352539 701.66234588623 621.585976600647 594.374492645264 1131.41360473633 404.24723815918 582.998268127441 612.660755157471 561.227058410645 629.163595199585 578.102352142334 664.276282548904 656.272356033325 555.662887573242 698.586112976074 650.90113067627 517.210639953613 663.659936904907 578.818717956543
696.803531646729 618.555652141571 711.647148132324 586.80751991272 434.164260864258 625.567092895508 721.125335693359 494.587661743164 837.983642578125 772.207290649414 846.581909179688 1227.89309692383 723.219515800476 902.173316955566 1082.63398361206 1035.70455169678 1168.31946563721 1204.33709716797 649.708536148071 385.010665893555 607.591766357422 232.417846679688 920.960632324219 330.403015136719 356.275970458984 1066.77540588379 496.19221496582 572.14086151123 367.286895751953 374.118255615234 609.671058654785 611.14771270752 602.566290259361 650.168887615204 627.986339569092 730.312961578369 548.76197052002 533.288391113281 693.349237203598 582.615631103516 598.72819519043 708.018779754639 811.473739624023 693.535209655762 599.469117164612 749.011173248291 607.674570083618 615.679592132568 648.918785095215 542.326152801514
578.434874534607 620.290130615234 505.600723266602 431.276000976562 571.218574523926 694.73046875 530.431297302246 619.572052001953 528.970321655273 723.236097574234 674.505390167236 868.075176239014 589.705062866211 711.604389190674 478.961059570312 2108.4730682373 1174.61212921143 810.736278533936 543.884571075439 873.535415649414 680.414581298828 383.526489257812 317.568603515625 736.048187255859 867.307769775391 1415.91818237305 995.208686828613 780.241928100586 532.517406463623 655.221122741699 630.069339752197 636.613128662109 569.734146118164 658.175264358521 555.436553955078 482.713150024414 583.33521270752 615.619915008545 742.238479614258 678.937551498413 734.344230651855 548.235260009766 701.588306427002 593.510799407959 587.334041595459 704.737636566162 644.328052520752 536.222236633301 621.964847564697 625.486402511597
