simdem/realisation46.asc
NCOLS 350 
NROWS 171 
XLLCORNER 152620 
YLLCORNER 418050 
CELLSIZE 100 
NODATA_value -9999 
[rows 88 to 109 of 171, columns 0 to 49 of 350]
-9999 -9999 -9999 -9999 -9999 -9999 -9999 -9999 -9999 -9999 -9999 -9999 -9999 -9999 -9999 -9999 -9999 288.8193359375 272.192588806152 236.907897949219 322.965873718262 490.034675598145 548.545120239258 604.516412734985 523.588205337524 707.68673324585 490.241508483887 283.440589904785 650.93879699707 441.113849639893 298.633010864258 245.646209716797 690.907028198242 402.522193908691 556.510307312012 415.983191490173 480.060966491699 777.02075958252 648.996416091919 798.646202087402 668.839561462402 638.309852600098 251.925975799561 343.801597595215 381.725067138672 417.748176574707 466.300243377686 446.22679901123 563.895908355713 239.770462036133
-9999 -9999 -9999 -9999 -9999 -9999 -9999 -9999 -9999 -9999 -9999 -9999 -9999 -9999 -9999 -9999 -9999 390.442569732666 351.611282348633 235.099090576172 319.56280708313 365.660018920898 369.882431030273 343.131744384766 519.339340209961 825.654930114746 499.884307861328 965.282943725586 538.622657775879 382.51904296875 232.378570556641 632.346622467041 451.87459564209 465.325519561768 553.599167823792 639.273155212402 651.275680541992 699.121957778931 706.415302276611 716.526203155518 707.986280441284 803.212341308594 480.388069152832 364.909858703613 319.102298736572 375.481449127197 490.981567382812 585.347732543945 265.955062866211 439.512481689453
-9999 -9999 -9999 -9999 -9999 -9999 -9999 -9999 -9999 -9999 -9999 -9999 -9999 -9999 -9999 -9999 559.484420776367 483.205688476562 329.482032775879 308.724449157715 475.519454956055 469.661704540253 503.422393798828 518.471830368042 559.813438415527 562.92033624649 399.123428344727 382.943786621094 494.620441436768 366.085182189941 305.833320617676 542.718612670898 400.127435684204 475.807037353516 556.496726989746 536.62866973877 939.666915893555 618.924598693848 655.835266113281 594.20841217041 311.168090820312 500.342628479004 457.771591186523 238.578422546387 290.950820922852 378.312591552734 435.101277351379 257.66139793396 470.881698608398 427.018211364746
-9999 -9999 -9999 -9999 -9999 -9999 -9999 -9999 -9999 -9999 -9999 -9999 -9999 -9999 -9999 -9999 637.511180877686 595.033302307129 551.610557556152 644.918243408203 638.294914245605 595.726762771606 471.536994934082 519.639495849609 697.063720703125 458.386192321777 474.636375427246 520.377548217773 567.512588500977 408.364789009094 587.567441940308 537.675388336182 398.197593688965 396.46166229248 649.322418212891 349.033020019531 662.040590286255 749.693572998047 545.654381752014 126.747032165527 175.462924957275 422.818840026855 254.428833007812 104.694030761719 394.221485137939 330.908615112305 215.255420684814 425.863159179688 465.484344482422 413.912788391113
-9999 -9999 -9999 -9999 -9999 -9999 -9999 -9999 -9999 -9999 -9999 -9999 -9999 -9999 -9999 544.389766693115 507.25496673584 525.023864746094 462.785888671875 499.505832672119 539.065635681152 576.749225616455 445.51685333252 752.316665649414 425.85196685791 746.024011611938 532.451023101807 256.061569213867 661.052589416504 794.515991210938 697.549448013306 723.843181610107 744.458419799805 465.162910461426 660.542084336281 755.967910766602 705.198875427246 705.792751312256 626.322216033936 183.887699127197 280.205039978027 516.347290039062 307.186010360718 73.9714064598083 334.819858551025 344.135963439941 343.787498474121 453.271362304688 500.961349487305 286.382865488529
-9999 -9999 -9999 -9999 -9999 -9999 -9999 -9999 -9999 -9999 -9999 -9999 -9999 -9999 -9999 613.844295501709 478.604228973389 627.655883789062 468.106430053711 435.395883560181 468.810989379883 440.082740783691 696.009662628174 666.850639343262 792.147239685059 469.432395935059 345.006240844727 261.265197753906 467.680648803711 333.141250610352 253.172027587891 388.93586730957 421.410015106201 281.419471740723 740.082511901855 691.577695846558 627.429248809814 759.88516998291 562.093795776367 156.422050476074 260.034936904907 333.687358856201 307.650774002075 355.558959960938 119.830955505371 316.732261657715 271.809286117554 404.440292358398 347.853332519531 170.425323486328
-9999 -9999 -9999 -9999 -9999 -9999 -9999 -9999 -9999 -9999 -9999 -9999 -9999 -9999 550.892192840576 524.382396697998 613.165878295898 550.501396179199 524.141159057617 347.640960693359 641.596130371094 658.420837402344 528.274946212769 613.649208068848 379.14973449707 359.243530273438 467.711288452148 387.747537136078 415.055089950562 320.45556640625 577.438977241516 455.040390014648 459.02611541748 353.06310749054 276.246063232422 601.389430999756 518.749588012695 565.76594543457 -9999 -9999 408.440818786621 354.265075683594 209.872783660889 340.449989318848 202.958707809448 262.248500823975 529.50511932373 688.052139282227 331.245717048645 288.173994064331
-9999 -9999 -9999 -9999 -9999 -9999 -9999 -9999 -9999 -9999 -9999 -9999 -9999 -9999 586.920349121094 517.198729753494 475.685913085938 558.647277832031 473.601030826569 481.841232299805 587.883964538574 767.518707275391 525.526634216309 497.190711975098 419.274810791016 434.607482910156 552.095428466797 559.913993835449 634.96475982666 492.249160766602 579.872151851654 459.872344970703 399.600448608398 396.536914825439 407.315742492676 -9999 -9999 -9999 -9999 -9999 -9999 -9999 283.663349151611 151.508399963379 149.948692321777 176.218044281006 395.106739044189 700.415840148926 298.573273181915 295.0431432724
-9999 -9999 -9999 -9999 -9999 -9999 -9999 -9999 -9999 -9999 -9999 -9999 -9999 486.868988037109 492.146690368652 476.068557739258 548.115867614746 231.633964538574 454.19995880127 554.66822052002 635.597844600677 709.112819671631 1075.38168334961 440.803771972656 470.998138427734 482.534187316895 659.493606567383 572.162010192871 687.162117004395 701.658561706543 498.096357345581 493.698257446289 502.57479095459 217.610168457031 383.508529663086 -9999 -9999 -9999 -9999 -9999 -9999 -9999 -9999 189.699337005615 117.377853393555 167.194702148438 231.20491361618 461.484230041504 574.458946228027 257.403394699097
-9999 -9999 -9999 -9999 -9999 -9999 -9999 -9999 -9999 -9999 -9999 -9999 -9999 468.691375732422 467.366718292236 505.862768173218 289.735893249512 261.464889526367 105.664581298828 626.090172767639 691.861095428467 402.671493530273 518.557624816895 544.55580329895 504.477363586426 615.679782867432 578.771974086761 489.482688903809 619.085062026978 776.065317869186 486.334518432617 243.925323486328 344.912101745605 225.857437133789 -9999 -9999 -9999 -9999 -9999 -9999 -9999 -9999 -9999 -9999 222.666337013245 168.830772399902 133.465942382812 186.886253356934 370.461093902588 205.932220458984
-9999 -9999 -9999 -9999 -9999 -9999 -9999 -9999 -9999 -9999 -9999 -9999 552.438510894775 426.221607208252 541.487331390381 530.01541519165 720.565238952637 548.415323257446 523.190475463867 637.563747406006 541.373504638672 367.626873016357 608.536575317383 562.879603385925 584.096856117249 597.005857467651 616.391748428345 512.852867126465 666.247291564941 518.206512451172 465.900302886963 399.689300537109 251.881988525391 -9999 -9999 -9999 -9999 -9999 -9999 -9999 -9999 -9999 -9999 -9999 398.023170471191 314.744171142578 397.723991394043 284.046585083008 261.362319946289 339.231811523438
-9999 -9999 -9999 -9999 -9999 -9999 -9999 -9999 -9999 -9999 -9999 465.998707771301 636.704711914062 438.369529724121 561.065444946289 366.586315155029 497.998313903809 790.31022644043 633.833322525024 601.114452362061 610.040920257568 1077.30834960938 630.777320861816 646.100318908691 618.420761108398 723.062637329102 562.621105194092 559.252258300781 612.792631149292 330.596908569336 445.290828704834 445.324478149414 407.845741271973 -9999 -9999 -9999 -9999 -9999 -9999 -9999 -9999 -9999 -9999 -9999 -9999 309.96333694458 406.471343994141 272.0002784729 103.024459838867 514.981971740723
-9999 -9999 -9999 -9999 -9999 -9999 -9999 -9999 -9999 -9999 -9999 530.408779144287 572.142486572266 573.748031616211 487.811874389648 386.150436401367 480.361204147339 583.525543212891 598.362403869629 550.304809570312 570.972465515137 524.926191329956 593.475566864014 496.164966583252 565.169578552246 760.01139831543 807.390274047852 682.84326171875 347.331237792969 390.785133361816 376.197326660156 451.099140167236 -9999 -9999 -9999 -9999 -9999 -9999 -9999 -9999 -9999 -9999 -9999 -9999 -9999 371.501335144043 353.868564605713 302.642930984497 200.788330078125 393.764656066895
-9999 -9999 -9999 -9999 -9999 -9999 -9999 -9999 -9999 -9999 460.165496826172 387.838621616364 199.88671875 345.507987976074 335.84969329834 491.560691833496 693.614200592041 692.551242828369 500.549003601074 494.596881866455 512.606174468994 574.722065925598 674.63932800293 560.653467178345 540.100440979004 726.388757705688 569.003261566162 615.646549224854 583.735382080078 406.288867950439 291.460830688477 -9999 -9999 -9999 -9999 -9999 -9999 -9999 -9999 -9999 -9999 -9999 -9999 -9999 -9999 -9999 610.054740905762 548.195640563965 296.316848754883 242.796020507812
-9999 -9999 -9999 -9999 -9999 -9999 -9999 -9999 -9999 -9999 568.819871902466 368.040901184082 408.148750305176 357.031442642212 464.663536071777 564.648910522461 706.956153869629 497.034927368164 588.927185058594 555.555171966553 570.225963592529 596.031204223633 660.679740905762 555.988361358643 397.145576477051 316.768272399902 452.704093933105 264.758644104004 153.944526672363 219.382276654243 -9999 -9999 -9999 -9999 -9999 -9999 -9999 -9999 -9999 -9999 -9999 -9999 -9999 -9999 -9999 -9999 -9999 664.542541503906 361.994277954102 311.55898475647
-9999 -9999 -9999 -9999 -9999 -9999 -9999 -9999 -9999 571.152210235596 623.037155151367 428.435194969177 448.549865722656 425.771362304688 586.450836181641 537.911399841309 374.623947143555 496.690254211426 595.036315917969 1098.47187805176 549.967372894287 643.06233215332 496.377449035645 497.48184967041 234.334007263184 350.61971282959 357.287697792053 71.7878875732422 214.508063793182 289.002326965332 -9999 -9999 -9999 -9999 -9999 -9999 -9999 -9999 -9999 -9999 -9999 -9999 -9999 -9999 -9999 -9999 -9999 -9999 602.792129516602 500.111391067505
-9999 -9999 -9999 -9999 -9999 -9999 -9999 -9999 684.325012207031 424.336583137512 540.471687316895 495.660606384277 573.518936157227 385.650115966797 351.917351722717 471.174339294434 305.937850952148 394.828018188477 358.539123535156 462.055534362793 412.121948242188 631.653511047363 544.418155670166 287.200180053711 366.611969470978 359.9072265625 341.858901977539 296.986549377441 271.908012390137 -9999 -9999 -9999 -9999 -9999 -9999 -9999 -9999 -9999 -9999 -9999 -9999 -9999 -9999 -9999 -9999 -9999 -9999 -9999 -9999 844.983846664429
-9999 -9999 -9999 -9999 -9999 -9999 -9999 -9999 559.872871398926 464.088207244873 529.61255645752 427.919786453247 435.760650634766 535.097567558289 502.115145683289 418.229713439941 465.043212890625 390.502716064453 805.847590446472 273.829467773438 600.165168762207 625.595031738281 576.832149505615 39.4526062011719 326.645278930664 240.378180980682 263.678552627563 313.430709838867 -9999 -9999 -9999 -9999 -9999 -9999 -9999 -9999 -9999 -9999 -9999 -9999 -9999 -9999 -9999 -9999 -9999 -9999 -9999 -9999 -9999 -9999
-9999 -9999 -9999 -9999 -9999 -9999 -9999 530.445526123047 399.310256958008 315.705581665039 365.480560302734 459.955086708069 329.653778076172 411.40852355957 329.566452026367 364.916030883789 392.773483276367 479.092468261719 425.274131774902 328.957386016846 295.587936401367 666.516296386719 249.899059295654 295.48987197876 241.563068389893 235.004258334637 180.664035797119 304.244285583496 -9999 -9999 -9999 -9999 -9999 -9999 -9999 -9999 -9999 -9999 -9999 -9999 -9999 -9999 -9999 -9999 -9999 -9999 -9999 -9999 -9999 -9999
-9999 -9999 -9999 -9999 -9999 -9999 480.063823699951 455.000761032104 396.821659088135 383.92790222168 452.185548782349 347.118217468262 446.134765625 446.930541992188 403.566268920898 421.552734375 291.784652709961 439.163635253906 193.340789794922 224.613052368164 201.969345092773 574.767636299133 379.097518920898 252.864904403687 283.237606048584 120.724868774414 209.058755874634 -9999 -9999 -9999 -9999 -9999 -9999 -9999 -9999 -9999 -9999 -9999 -9999 -9999 -9999 -9999 -9999 -9999 -9999 -9999 -9999 -9999 -9999 -9999
-9999 -9999 -9999 -9999 505.317531585693 637.34211730957 470.615955352783 220.514045715332 132.160140991211 402.851413726807 503.172477722168 556.092428207397 426.52033996582 498.105669021606 333.240493774414 554.759368896484 613.055202484131 282.024559020996 253.812088012695 380.932037353516 500.659252166748 642.097076416016 155.099988937378 15.6943168640137 60.1236219406128 277.247055053711 -9999 -9999 -9999 -9999 -9999 -9999 -9999 -9999 -9999 -9999 -9999 -9999 -9999 -9999 -9999 -9999 -9999 -9999 -9999 -9999 -9999 -9999 -9999 -9999
367.252716064453 505.286560058594 299.332860946655 533.600112915039 467.709954738617 497.443431854248 532.793579101562 524.837516784668 200.565759658813 487.581165313721 532.243774414062 732.345718383789 440.522575378418 479.699829101562 486.709213256836 591.493305206299 790.85408782959 274.096664428711 251.043685913086 331.07063293457 484.520843505859 345.394542694092 -5.47053527832031 60.4597873687744 202.256958007812 114.590236663818 -9999 -9999 -9999 -9999 -9999 -9999 -9999 -9999 -9999 -9999 -9999 -9999 -9999 -9999 -9999 -9999 -9999 -9999 -9999 -9999 -9999 -9999 -9999 -9999
