simdem/realisation72.asc
NCOLS 350 
NROWS 171 
XLLCORNER 152620 
YLLCORNER 418050 
CELLSIZE 100 
NODATA_value -9999 
[rows 66 to 87 of 171, columns 150 to 199 of 350]
445.229393005371 479.338634490967 635.774024963379 549.759004116058 405.549407958984 462.553672790527 510.087440490723 502.784545898438 514.079036712646 534.077735900879 633.226493835449 488.436431884766 620.221302032471 540.52886390686 627.140182495117 615.647918701172 551.448823928833 599.665214538574 549.759675979614 588.447507858276 588.252463340759 496.204856872559 522.462783813477 688.36075592041 606.941688537598 594.878007888794 505.572280883789 430.908142089844 553.533266067505 537.739265441895 546.77124786377 567.372497558594 558.141901016235 618.72825050354 706.046829223633 630.333698749542 636.087797164917 681.054611206055 668.555774688721 668.534297943115 438.908172607422 716.604034423828 618.845779895782 736.424770355225 747.707550048828 623.172383308411 629.016473948956 724.930419921875 711.098594665527 776.349006652832
510.722990036011 400.756652832031 553.954648792744 566.695640563965 555.428199768066 494.08837890625 529.516176223755 586.40486907959 652.396934509277 552.159326553345 505.821243286133 588.390581130981 692.965545654297 609.514812469482 580.417404174805 567.573152542114 541.608211517334 606.474853515625 515.275161743164 647.179275512695 509.059135437012 510.049816131592 671.983085632324 499.272327423096 631.120464324951 711.63508605957 526.922649383545 519.156742095947 645.599380493164 695.434379577637 548.22359085083 450.16618347168 650.05785369873 513.761531829834 654.524871826172 634.721063613892 605.639144897461 774.297943115234 533.351371765137 751.86701965332 495.300018310547 615.98201751709 645.06954574585 655.770211458206 754.927886962891 603.369201660156 566.123481750488 597.117382049561 661.48119354248 698.697677612305
610.18034362793 624.282577514648 525.640151977539 520.939281463623 533.95304107666 449.193664550781 491.585605621338 467.853034973145 552.261533737183 693.649299621582 680.677513122559 677.115936279297 491.999454498291 477.738128662109 543.334934234619 599.825637817383 574.692827224731 646.565383911133 560.759910583496 662.389228820801 569.494680404663 657.75919342041 464.752143859863 614.061462402344 649.652189254761 420.426345825195 593.550802230835 511.056938171387 623.665573120117 710.960105895996 682.090278625488 686.344787597656 482.54891204834 629.11812210083 533.965431213379 511.540473937988 575.778558015823 698.972640991211 669.021194458008 588.89702796936 641.322834014893 563.875148773193 624.336929321289 638.202388763428 737.458786010742 710.502811431885 526.083023071289 566.549407958984 496.278732299805 711.985794067383
677.967315673828 551.883483886719 470.608657836914 593.407836914062 403.005737304688 487.324714660645 611.190937042236 481.406852722168 592.06808924675 599.409620344639 613.797943115234 662.885070800781 472.64315032959 520.506381988525 555.993975162506 597.562576293945 604.003810882568 631.142570495605 714.563095092773 688.70979309082 653.687675476074 553.978830337524 512.090724945068 539.02533531189 618.367881774902 668.064933776855 671.154174804688 615.814155578613 686.405815124512 692.623023986816 670.192420959473 615.474159002304 559.903419494629 648.660659790039 754.999206542969 655.4987449646 680.44165802002 581.302013397217 616.958686828613 696.760795593262 628.185565948486 746.653076171875 648.0104637146 670.395034790039 637.702353000641 542.144828796387 663.204677581787 677.241760253906 536.882522583008 716.16756439209
734.746383666992 518.46947479248 599.862785339355 685.669281005859 496.94751739502 463.792793273926 522.452285766602 486.215587615967 568.41134262085 636.017364501953 466.988105773926 530.833660125732 606.331115722656 393.731704711914 552.797690629959 709.124526977539 802.318054199219 712.598724365234 654.98957824707 660.368934631348 519.549613952637 471.611457824707 580.391649246216 507.534210205078 582.150100708008 668.035018920898 628.361240386963 705.03150177002 651.510375976562 648.492130279541 515.38219833374 622.306308746338 517.876235961914 578.726503372192 553.542263031006 704.421264648438 737.286628723145 515.00902557373 593.605546534061 683.086837768555 590.882363319397 732.774765014648 667.847286224365 698.426147460938 622.360862731934 610.236652374268 791.511993408203 685.064476013184 689.201957702637 634.945326328278
606.668224334717 630.864738464355 539.732107162476 494.506370544434 529.652900695801 512.052431106567 594.514575958252 579.887475967407 627.699317932129 537.018313407898 484.372043609619 528.00018119812 544.040342535824 523.188591003418 539.389608383179 638.564453125 617.616386413574 591.408111572266 659.721900939941 543.201499938965 703.490219116211 710.122383117676 688.877265930176 594.666115760803 618.983469963074 627.888114929199 743.482849121094 547.891565322876 728.09154510498 515.638397216797 503.396240234375 484.862312316895 551.559177398682 493.811050415039 608.824059486389 793.056854248047 833.682373046875 562.098604202271 578.544162750244 533.89493560791 539.605396270752 665.677219390869 691.317001342773 617.216329574585 614.750879764557 683.784568786621 892.382659912109 874.073684692383 753.45426940918 598.404223442078
568.046752929688 634.94116973877 737.54573059082 447.555648803711 585.455680847168 651.048889160156 625.932456970215 567.178554534912 540.728917121887 371.179916381836 578.635137557983 608.554828643799 539.402441978455 605.565124511719 531.668346405029 731.228942871094 491.985343933105 529.166828155518 601.187942504883 526.333526611328 733.401306152344 694.288856506348 667.460891723633 689.303237915039 564.490474700928 509.083320617676 659.821739196777 727.674491882324 566.696779251099 565.812118530273 539.351655960083 565.637882232666 518.408443450928 464.990341186523 620.228391647339 537.65601348877 643.270577907562 505.425430297852 552.201969146729 533.845764160156 534.913955688477 654.994651794434 789.17170715332 714.919219970703 585.282130718231 623.424124240875 765.478225708008 725.91259765625 590.069911956787 506.812316894531
522.824142456055 408.549697875977 444.65308380127 606.575283050537 575.434203147888 474.684967041016 450.982604980469 485.607475280762 565.968117713928 502.23176574707 622.142807006836 576.741264343262 576.494785308838 421.725067138672 508.919807434082 606.607786178589 331.458679199219 537.077262878418 566.965187072754 610.130813121796 606.822331428528 690.196815490723 612.31534576416 669.840560913086 604.694077849388 616.894145011902 594.421216964722 647.32788848877 577.327266693115 508.569297790527 469.542991638184 576.021165847778 617.831583499908 601.096262931824 559.516134262085 657.529968261719 664.507286071777 564.782493591309 456.291366577148 582.426753401756 485.94416809082 687.478958129883 686.226104736328 720.287506103516 629.454471588135 690.604404449463 631.459619522095 480.42472076416 561.590007781982 495.055694580078
539.570941925049 538.178142547607 543.578980922699 476.205917358398 580.863492965698 539.542692184448 520.701984405518 460.105895996094 601.4817237854 603.499069690704 485.249382019043 416.928482055664 488.831695556641 658.489669799805 618.305530548096 578.928549766541 581.539038658142 501.073547363281 548.915267944336 576.309635162354 511.533477783203 584.499423980713 675.551792144775 621.434300899506 588.110334396362 567.809101104736 712.769989013672 530.827003479004 585.568138122559 503.219398498535 460.970413208008 655.190727233887 677.877044677734 633.582019805908 609.992797851562 681.211769104004 783.871368408203 701.739730834961 541.577823638916 633.544631958008 574.884252548218 571.204751014709 661.196151733398 747.307601928711 534.940174102783 689.302398681641 541.352535247803 507.791580200195 548.937442779541 514.54923248291
695.926956176758 428.212265014648 567.882965087891 502.439029693604 578.510110855103 542.897041320801 510.043880462646 467.854705810547 637.206176757812 598.930957794189 404.659240722656 601.040002822876 602.94979095459 610.029867172241 555.489601135254 563.328102111816 603.921058654785 617.645230293274 708.782859802246 623.988654136658 586.288333892822 663.945693969727 704.69529914856 521.26636505127 669.427104949951 436.006134033203 519.018936157227 588.621655464172 480.038970947266 538.236736297607 392.998992919922 608.645891189575 624.026294708252 599.172799110413 671.084617614746 665.048782348633 547.697536468506 663.409057617188 607.666889190674 642.916790008545 667.8044090271 608.956718444824 545.744716644287 684.653182983398 526.410575866699 572.597150802612 568.243667602539 614.044187545776 618.444965362549 492.895431518555
643.321142196655 609.857570648193 733.961277008057 924.091507911682 487.510848999023 492.729377746582 793.204376220703 525.601371765137 616.587188720703 660.000480651855 543.258480548859 472.362266540527 584.131519794464 571.991086959839 719.091400146484 560.457214355469 581.437814712524 686.7890625 573.864242315292 792.937377929688 569.794708251953 624.148168563843 710.1611328125 590.58966255188 587.469818115234 440.80876159668 434.422431945801 675.422580718994 559.986587524414 474.868110656738 381.053405761719 566.65984916687 677.560317993164 555.418064117432 494.945991516113 770.529602050781 725.715408325195 679.419746398926 623.565647125244 549.921607971191 616.460884094238 643.259559631348 618.404609680176 517.053009033203 625.371289253235 668.953102111816 519.095825195312 672.100692749023 580.01650428772 475.102676391602
405.773254394531 606.797771453857 834.160339355469 660.199947357178 528.059326171875 752.644157409668 624.362548828125 660.631866455078 725.602508544922 570.771392822266 523.600204467773 596.008041381836 498.475372314453 677.770034790039 551.116897583008 632.331712722778 711.746795654297 679.48962020874 616.804485321045 779.915367126465 737.896644592285 711.074844360352 742.260643005371 584.861846923828 709.155067443848 630.876129150391 538.847038269043 833.412170410156 629.766510009766 495.942718505859 501.361389160156 436.485015869141 523.146545410156 652.540103912354 624.895622253418 640.906757354736 673.515808105469 694.435440063477 708.384490966797 546.267807006836 510.234275817871 535.419502258301 515.81925201416 501.762809753418 535.575931549072 629.546680450439 631.795513153076 677.136436462402 586.432903289795 559.459892272949
563.80059659481 519.773056030273 513.967597961426 634.662311553955 578.0107421875 590.917956456542 651.245323181152 630.784912109375 592.146938562393 432.372863769531 622.849750518799 591.265823364258 632.275314331055 610.818435668945 566.837375640869 643.987785339355 639.980800628662 551.151275634766 527.945419311523 595.993507385254 593.937191009521 643.901706695557 593.990322589874 563.995065689087 502.879302978516 557.325357437134 705.737724304199 734.096237182617 678.085216522217 539.54069519043 745.528747558594 629.34637928009 617.323904037476 527.721755981445 387.410781860352 457.660034179688 514.535919189453 551.044677734375 593.054472923279 618.013935089111 635.782151222229 537.028099060059 616.342544555664 580.931807518005 582.348971366882 692.460792541504 698.804565429688 671.718955993652 730.508308410645 701.413513183594
703.440505981445 490.991096496582 643.014892578125 759.690208435059 698.916229486465 670.838912963867 626.82922744751 593.419287204742 588.375518798828 510.369667053223 630.173071980476 579.249992370605 638.509834289551 705.184097290039 895.534812927246 690.730518341064 562.578735351562 760.584442138672 695.458084106445 618.386522293091 694.106952667236 755.41716003418 717.136375427246 535.770545959473 601.470196247101 626.917489051819 640.1148853302 722.757553100586 691.710224151611 558.950958251953 628.708313941956 661.322500228882 764.714210510254 803.481994628906 534.339065551758 699.030158996582 582.613582611084 518.604911804199 653.093460083008 542.453327178955 548.120132446289 558.896739959717 631.868915557861 757.072113037109 682.99730682373 729.064613342285 583.279926300049 694.908477783203 633.689964294434 667.038047790527
565.356468200684 439.624309539795 617.541007995605 831.550113677979 662.001344680786 669.559616088867 615.52811050415 526.077800750732 775.507865905762 698.767234802246 507.098098754883 628.27587890625 667.203659057617 1010.73905944824 925.086219787598 740.614463806152 576.165885925293 665.18278503418 635.664024353027 747.919860839844 742.919761657715 836.689208984375 754.410232543945 489.451538085938 492.006050109863 671.798257827759 539.326042175293 557.609001159668 560.114639282227 482.311126708984 666.164154052734 566.697967529297 481.720352172852 605.312030792236 562.992752075195 677.8078956604 505.874549865723 605.837426185608 613.574434280396 642.150215148926 659.383155822754 532.179039001465 695.086952209473 648.678630828857 709.243202209473 553.967300415039 568.527618408203 619.816257953644 650.635807037354 589.570648193359
493.071334838867 599.116634368896 408.14134979248 871.84991645813 712.619598388672 711.274234771729 583.462131500244 374.668365478516 578.573833465576 590.079036712646 511.475280761719 950.476739883423 605.827281951904 1007.0633430481 762.599670410156 761.76806640625 595.296775817871 793.147424697876 636.204475402832 702.874420166016 806.38005065918 716.692459106445 623.414287567139 577.163427352905 563.672981262207 727.457763671875 651.470429420471 618.526607513428 571.041397094727 711.342830657959 716.548278808594 552.108406066895 574.12442779541 590.855785369873 567.862533569336 691.950733184814 517.580940246582 558.682628631592 609.393210887909 732.376068115234 576.578811645508 510.532257080078 612.867623329163 691.921928405762 644.349162101746 579.699932098389 547.898811340332 528.767158508301 582.4684715271 603.272953033447
769.589469909668 643.927131652832 520.740005493164 774.941776275635 806.196620941162 783.390268325806 678.450698852539 628.137420654297 558.494354248047 894.99951171875 556.070306777954 563.173013687134 536.311420440674 615.865783691406 518.519050598145 629.280639648438 596.617133140564 673.298757553101 893.298355102539 739.235725402832 830.649322509766 597.606460571289 651.243625640869 705.018180847168 645.995047569275 687.007588624954 643.65406036377 777.142196655273 674.905881881714 756.867126464844 670.75910949707 648.307682037354 576.05057144165 571.12771987915 639.955648422241 525.482299804688 599.543727874756 570.44677734375 636.369361877441 669.185249328613 628.882411956787 630.46818447113 689.058399200439 646.571290016174 577.301788330078 537.351455688477 462.335632324219 514.963912963867 556.772598266602 757.352165222168
622.000273704529 727.411491394043 699.992408752441 608.611114501953 635.506683349609 809.789703369141 599.637453079224 718.579292297363 580.936515808105 792.153549194336 505.236751556396 331.171768188477 398.192161560059 383.276344299316 414.881469726562 518.20397567749 645.056629180908 619.46383190155 664.738551139832 906.736003875732 652.777500152588 515.963112235069 475.271636962891 615.433135986328 687.571380615234 625.072757720947 781.526023864746 675.208909988403 762.26286315918 756.962493896484 560.878818511963 611.253953933716 773.681610107422 692.865104675293 617.384716033936 543.73600769043 537.593696594238 553.21520614624 744.280822753906 724.770973205566 667.359939575195 662.979766845703 694.281604766846 590.588722229004 675.199952125549 544.603485107422 640.541748046875 588.289611816406 599.492210388184 740.432556152344
610.169348716736 603.464480400085 505.115673065186 585.102508544922 626.380004882812 627.548988342285 454.900148391724 734.974187850952 588.67830657959 721.490905761719 443.620498657227 527.973888397217 613.336044311523 546.600967407227 646.489671230316 755.099792480469 627.327033996582 559.092350006104 631.50651550293 1009.1522102356 608.994300842285 517.736026763916 934.736656188965 690.769840240479 503.350769042969 549.174011230469 506.915832519531 524.431396484375 562.734413146973 588.591012954712 499.924629211426 533.982711791992 612.281009674072 763.744995117188 674.863986968994 641.018367767334 661.311866760254 677.918800354004 693.97412109375 677.938034057617 715.114242553711 677.055681228638 527.496536254883 508.713241577148 612.235172271729 605.573268890381 728.805240631104 611.228942871094 716.360458374023 699.046245574951
544.775829315186 685.180587768555 561.478469848633 718.958869934082 609.065147399902 626.728057861328 592.015785217285 548.480964660645 669.822311401367 654.459365844727 583.956649780273 626.563587188721 866.233467102051 734.722835719585 636.945457458496 590.052459716797 645.58598613739 717.040077209473 638.272473335266 884.271938323975 484.687461853027 495.217250823975 581.514572143555 600.136702537537 1101.85020446777 666.903879165649 534.73095703125 622.817993164062 579.73802947998 429.216552734375 541.648216247559 613.846864700317 753.918102264404 695.375867843628 625.35498046875 673.984191894531 733.497886657715 625.14905166626 652.516052246094 649.078834533691 661.747756958008 741.616844177246 592.557342529297 540.775871276855 712.238628387451 694.517599105835 667.413373947144 650.29487991333 780.068008422852 614.805694580078
615.777503967285 737.661376953125 792.885917663574 798.513046264648 -9999 -9999 -9999 -9999 -9999 -9999 -9999 -9999 -9999 -9999 -9999 706.644559860229 824.000549316406 754.695848464966 760.620037078857 600.700717926025 674.318283081055 616.657348632812 577.648090362549 489.865592956543 666.321487426758 559.192947387695 898.225601196289 643.137538909912 545.128463745117 896.652198791504 424.930290222168 491.888565063477 536.02254486084 699.698890686035 629.199863433838 575.104225158691 566.374938964844 399.070953369141 480.332122802734 485.221298217773 604.595375061035 733.488689422607 733.706085205078 689.877182006836 647.667009353638 571.411437988281 713.629421234131 727.688209533691 696.375539779663 664.877050876617
-9999 -9999 -9999 -9999 -9999 -9999 -9999 -9999 -9999 -9999 -9999 -9999 -9999 -9999 -9999 -9999 -9999 -9999 658.320846557617 634.62060546875 748.338003158569 833.242881774902 708.479400634766 594.281475067139 587.845279216766 567.554428100586 679.037246704102 626.083477973938 681.038601875305 588.869770050049 614.816974639893 1081.92032241821 635.800404682755 631.592247009277 604.026844024658 571.099540710449 525.488304138184 608.441513061523 573.688362121582 581.098258972168 648.396751403809 540.255706787109 647.451070785522 673.807263851166 787.693092346191 708.344272613525 718.681570291519 627.606685638428 706.150426864624 601.582939147949
