simdem/realisation82.asc
NCOLS 350 
NROWS 171 
XLLCORNER 152620 
YLLCORNER 418050 
CELLSIZE 100 
NODATA_value -9999 
[rows 110 to 131 of 171, columns 200 to 249 of 350]
-9999 -9999 -9999 767.790115356445 595.872840881348 615.703245162964 688.367834091187 934.302581787109 804.14928817749 1088.09932041168 756.547145843506 775.810737609863 724.294490814209 680.659283787012 605.767711639404 507.408660888672 744.038635253906 657.268916130066 588.457611083984 638.402661323547 467.056381225586 474.848236083984 582.96021270752 481.417205810547 537.765176773071 595.937557220459 690.542370796204 676.719114303589 653.926095962524 525.330581665039 613.879669189453 572.335868835449 739.141368865967 703.67399597168 665.290482759476 607.525772094727 701.212730407715 634.06925201416 460.030487060547 375.662170410156 506.395217895508 627.412643432617 678.762550354004 684.268417358398 1098.12852478027 740.678451538086 976.657382965088 1322.62957763672 751.165897369385 825.660835266113
-9999 -9999 -9999 -9999 707.652320861816 595.640190124512 782.869644165039 928.027984619141 879.226707458496 929.689544677734 740.305549621582 605.971607208252 744.927989959717 753.276561737061 657.080016136169 539.167045593262 603.230861663818 655.207224830985 534.379974365234 611.835844039917 400.988296508789 302.990020751953 1290.29969024658 448.677047729492 543.616966247559 628.695802688599 714.968826293945 600.399131774902 588.32991027832 533.15047454834 558.082004547119 659.022951126099 746.822891235352 618.884208679199 747.775344848633 600.021362304688 731.658485412598 733.781970977783 571.082504272461 501.690338134766 752.325901031494 668.522678375244 690.610576629639 927.777465820312 627.894119262695 773.124542236328 1021.5153465271 805.407562255859 667.680110931396 916.484363555908
-9999 -9999 -9999 -9999 755.022777557373 636.742652893066 581.932495117188 837.948219299316 927.109008789062 709.34446811676 705.557224273682 657.845672607422 735.250869750977 540.458450317383 501.359848022461 757.366149902344 681.259243965149 615.876766204834 532.237495422363 677.519542694092 428.919570922852 671.479751586914 568.068061828613 572.173583984375 577.62133026123 623.675228118896 712.041412353516 681.328310012817 611.781600952148 538.012344360352 639.422416687012 661.252313613892 603.620513916016 630.948143005371 657.986486434937 663.069277763367 785.156715393066 810.48429107666 799.155326843262 698.663726806641 827.324381351471 797.538593292236 444.993881225586 749.274475097656 532.502777099609 808.336776733398 993.681228637695 812.144386291504 756.842063903809 764.635921478271
-9999 -9999 -9999 -9999 -9999 764.795532226562 572.089965820312 616.35245513916 926.821517944336 906.461013793945 1212.5565995276 645.54655456543 515.657760620117 469.779708862305 493.952041625977 544.427169799805 674.134342193604 614.825000762939 578.49730682373 534.553649902344 550.169189453125 867.961135864258 559.745681762695 534.416290283203 447.148498535156 585.021911621094 650.124580383301 629.658271789551 749.104888916016 540.996055603027 672.14722442627 699.199833869934 717.848054885864 689.271329879761 743.593817710876 872.686157226562 874.37712097168 727.432231903076 866.418655395508 825.016555786133 820.555973052979 727.00301361084 659.944564819336 667.060104370117 768.093578338623 835.617809295654 987.592872619629 1171.25099182129 610.304183959961 917.146508216858
-9999 -9999 -9999 -9999 -9999 695.761222839355 750.319345474243 522.515922546387 791.574905395508 725.271862030029 1054.65528106689 624.455657958984 635.938354492188 638.619472503662 595.838973999023 652.247863769531 663.891223907471 689.979426383972 461.855361938477 399.882843017578 1099.56391906738 582.633666992188 612.844219207764 576.108932495117 470.601623535156 657.620403289795 739.104358673096 671.009506225586 657.425197601318 785.640129089355 822.711151123047 728.52908706665 646.687469482422 561.794250488281 644.394243240356 687.149046063423 648.815914154053 622.879707336426 853.447891235352 891.874328613281 776.778345108032 722.240859985352 693.444175720215 603.283187866211 747.023902893066 749.533218622208 701.233406066895 880.483362197876 648.61385345459 565.678405761719
-9999 -9999 -9999 -9999 -9999 777.184463500977 824.752834320068 647.2701587677 753.66153717041 689.450942993164 851.302816390991 700.606285095215 758.81224822998 635.366107940674 616.714851379395 609.351722717285 686.693790435791 458.385009765625 478.939392089844 1089.26312255859 649.875158309937 456.831115722656 524.144119262695 654.760777592659 534.515701293945 762.9817943573 739.444364547729 726.742221832275 683.975439071655 745.059246063232 673.361658096313 560.870544433594 637.701866149902 541.523559570312 498.004196166992 586.792320251465 625.774047851562 667.827714920044 783.594551086426 719.446561813354 569.919578552246 739.18238067627 522.651077270508 964.381240844727 721.305786132812 642.373977661133 696.847747802734 740.668338775635 718.182601928711 738.091598510742
-9999 -9999 -9999 -9999 -9999 -9999 884.961297988892 974.77473449707 676.006866455078 631.417505264282 743.532451629639 936.409858703613 747.922225952148 637.926681518555 692.272506713867 617.553497314453 745.579838752747 672.289890289307 528.149185180664 622.85740852356 513.589981079102 517.857223510742 486.897933959961 718.410343170166 727.392768859863 643.870803833008 766.474678039551 733.619972229004 821.968948364258 713.94015012309 662.37931060791 564.969543457031 561.070022583008 576.321327209473 653.369293212891 561.554183959961 657.181865692139 675.336956739426 833.30876159668 715.426252365112 714.097694396973 597.716171264648 695.057441711426 752.361414074898 1059.48862838745 942.941055297852 1076.99590682983 889.866348266602 807.742027282715 860.127899169922
-9999 -9999 -9999 -9999 -9999 -9999 830.016639709473 1321.78365325928 1143.46920776367 584.928230285645 706.778812408447 745.869232177734 1085.40195226669 737.059031486511 642.183029174805 574.105819702148 413.509155273438 640.380874633789 1150.9845123291 590.289436340332 694.162749290466 650.821830749512 673.864748477936 629.602531433105 671.15896987915 660.680374145508 776.344947814941 793.626068115234 826.699729919434 716.550416469574 772.855027198792 759.624419212341 742.978833198547 796.651641845703 849.48811340332 831.47428894043 824.322845458984 763.923011779785 779.777786254883 703.072036981583 567.224761962891 616.736518859863 725.352989196777 633.058685302734 663.703426361084 768.140224456787 867.808784484863 837.673461914062 981.245346069336 669.006713867188
-9999 -9999 -9999 -9999 -9999 -9999 -9999 833.588851928711 639.335205078125 792.363224029541 789.923973083496 887.642997741699 687.724670410156 868.096351623535 722.807586669922 467.976959228516 453.485870361328 1240.98306274414 636.913665771484 626.548294067383 666.293611526489 560.974800109863 721.767812728882 802.196178436279 643.294937133789 750.556941986084 770.265872955322 1127.45945930481 966.85237121582 766.572781562805 611.4368019104 804.626167297363 600.446475982666 913.342323303223 730.546234130859 738.37419128418 830.157897949219 866.76350402832 1179.3094329834 533.312576293945 810.091270446777 605.204383850098 673.617736816406 726.745788574219 720.613410949707 815.519752502441 734.364345550537 805.17032623291 581.370010375977 725.252444267273
-9999 -9999 -9999 -9999 -9999 -9999 -9999 -9999 767.945457458496 1073.6300201416 997.767944335938 830.274490356445 857.753189086914 698.120525360107 573.13883972168 462.386322021484 1231.92358398438 658.144577026367 691.955688476562 718.91021156311 742.539037704468 794.025276184082 685.396877288818 606.697860717773 631.618782043457 673.232715606689 733.499462127686 687.722766876221 952.113258361816 751.449645996094 509.175357818604 720.641738891602 719.625190734863 947.987152099609 768.010360717773 659.265777587891 931.751148223877 837.628395080566 916.823432922363 888.408027648926 691.121547698975 718.684779167175 654.026184082031 648.28392791748 534.101089477539 777.864570617676 744.396415710449 582.625597000122 755.960578918457 603.774921417236
-9999 -9999 -9999 -9999 -9999 -9999 -9999 -9999 -9999 1455.00415039062 1531.95820617676 1282.35146331787 787.442733764648 702.817768096924 710.404251098633 671.176780700684 870.484436035156 743.556575775146 763.956854820251 759.263481140137 671.603050231934 777.394943237305 655.531387329102 609.805023193359 791.718139648438 882.264217376709 701.343086242676 624.60816192627 784.839561462402 705.338935852051 697.379657745361 457.64965057373 562.320762634277 636.979064941406 897.887229919434 801.104640960693 734.666763305664 745.939979553223 907.272315979004 1015.25493240356 1127.88229751587 638.750793457031 744.416700482368 668.346893310547 585.506320953369 456.616897583008 645.543046474457 675.875190734863 564.426663398743 641.032875061035
-9999 -9999 -9999 -9999 -9999 -9999 -9999 -9999 -9999 -9999 1040.32039451599 816.211227416992 596.601718902588 580.939414978027 564.045364379883 687.092212677002 798.161390304565 747.855016708374 812.851852416992 671.443061828613 598.078063964844 796.166049957275 691.125968933105 571.253631591797 1171.1021194458 911.923843383789 655.217361450195 653.178480148315 788.851047515869 739.595530986786 846.035087585449 573.595970153809 459.407157897949 551.627100467682 892.535026550293 864.997263431549 887.263145446777 883.883642196655 839.578353881836 1109.38206481934 955.847676277161 668.116260528564 804.656898498535 773.396179199219 557.395278930664 613.967487335205 753.62174987793 631.931091308594 611.407232284546 740.900527954102
-9999 -9999 -9999 -9999 -9999 -9999 -9999 -9999 -9999 -9999 -9999 1320.94422912598 1139.75569152832 926.885246276855 409.526962280273 593.54178237915 769.531897544861 801.478168487549 782.682340621948 728.71072769165 772.760990142822 706.965240478516 713.315616607666 519.284423828125 867.788040161133 830.597969055176 1013.74533081055 1020.37666320801 835.89525604248 893.849136352539 922.331451416016 894.476669311523 687.737609863281 702.490901947021 868.946929931641 968.688858032227 888.061553955078 889.657764434814 998.401184082031 994.534240722656 1015.92831420898 834.253288269043 829.999845504761 428.336578369141 625.094856262207 661.178564071655 711.450325012207 852.876579284668 687.426779747009 761.6584815979
-9999 -9999 -9999 -9999 -9999 -9999 -9999 -9999 -9999 -9999 -9999 -9999 1174.55753326416 1284.44793701172 575.788528442383 479.019721984863 494.649017333984 586.031562805176 634.74346446991 637.933891296387 678.193412303925 518.635894775391 648.159355163574 614.769157409668 735.548005104065 783.284324645996 931.185890197754 861.980422973633 887.512268066406 785.50874710083 866.604133605957 891.992706298828 668.175476074219 645.930358886719 723.685926437378 728.976570129395 844.989218235016 879.819183349609 845.697953224182 926.293357849121 1007.02255249023 1012.45878601074 825.16988658905 632.677314758301 701.124603271484 639.115798950195 679.436765670776 629.608985900879 642.979690551758 744.680141448975
-9999 -9999 -9999 -9999 -9999 -9999 -9999 -9999 -9999 -9999 -9999 -9999 -9999 -9999 671.108917236328 620.951766967773 517.403259277344 910.934120178223 478.665817260742 566.132244110107 522.067657470703 350.832794189453 599.662240982056 658.308135986328 862.786399841309 695.152076721191 813.173004150391 775.105674743652 899.236331939697 916.305465698242 823.41442489624 862.282474517822 701.047550201416 639.493743896484 802.710369110107 768.874267578125 956.548133850098 969.648918151855 925.145408630371 1087.67276000977 1183.4281463623 1249.90158081055 533.924468994141 578.580207824707 676.643573760986 683.695125102997 689.602516174316 704.37760925293 773.41414642334 715.491493225098
-9999 -9999 -9999 -9999 -9999 -9999 -9999 -9999 -9999 -9999 -9999 -9999 -9999 -9999 -9999 -9999 -9999 1087.83523750305 787.979909896851 716.957683563232 873.459053039551 690.038787841797 772.829931259155 841.610549926758 800.45982837677 849.372032165527 728.900390625 633.050114631653 685.464477539062 755.184684753418 641.584495544434 688.983814239502 659.837188720703 685.347152709961 698.431259155273 551.758495330811 669.351364135742 1040.11742401123 776.197761535645 552.448258399963 674.37060546875 1150.79122924805 512.747787475586 522.434326171875 693.539276123047 731.813213348389 618.689720153809 612.993980407715 707.093534469604 618.634986877441
-9999 -9999 -9999 -9999 -9999 -9999 -9999 -9999 -9999 -9999 -9999 -9999 -9999 -9999 -9999 -9999 -9999 -9999 -9999 -9999 953.311882019043 968.625366210938 944.740730285645 998.347030639648 977.175895690918 873.314200401306 568.455871582031 906.408256530762 701.862464904785 689.144950866699 686.535919189453 559.262237548828 622.530853271484 566.781112670898 697.485305786133 597.920679092407 796.79963684082 999.276763916016 973.546508789062 777.284439086914 604.990528106689 899.312339782715 552.527626037598 753.35241317749 735.072154998779 729.389890670776 629.552459716797 590.575370788574 750.304626464844 608.436515808105
-9999 -9999 -9999 -9999 -9999 -9999 -9999 -9999 -9999 -9999 -9999 -9999 -9999 -9999 -9999 -9999 -9999 -9999 -9999 -9999 -9999 -9999 -9999 -9999 -9999 845.43531036377 766.681411743164 924.438716888428 836.107456207275 841.438346862793 793.794395446777 637.598770141602 622.112609863281 518.13346862793 590.516120910645 801.711494445801 1023.66019439697 915.524566650391 860.389549255371 806.701038360596 565.078231811523 1004.75099217892 865.603973388672 841.460342407227 781.209030151367 790.806358337402 572.849922180176 580.219276428223 731.425750732422 654.889297485352
-9999 -9999 -9999 -9999 -9999 -9999 -9999 -9999 -9999 -9999 -9999 -9999 -9999 -9999 -9999 -9999 -9999 -9999 -9999 -9999 -9999 -9999 -9999 -9999 -9999 -9999 -9999 -9999 -9999 1010.64996337891 953.090488433838 917.466500282288 774.604095458984 694.449459075928 752.752773284912 731.373607158661 851.782169342041 933.943936645985 692.096935272217 685.302303314209 449.288436889648 502.46061706543 703.51967048645 889.502578735352 766.23802947998 622.896133422852 611.029296875 677.096616744995 786.545524597168 733.789973258972
-9999 -9999 -9999 -9999 -9999 -9999 -9999 -9999 -9999 -9999 -9999 -9999 -9999 -9999 -9999 -9999 -9999 -9999 -9999 -9999 -9999 -9999 -9999 -9999 -9999 -9999 -9999 -9999 -9999 -9999 -9999 1217.38996124268 976.888248443604 961.710067749023 966.431518554688 750.600497245789 795.486747741699 660.438600540161 774.952194213867 642.17407989502 828.558202981949 653.103170871735 733.608074188232 798.248168945312 709.470018386841 626.157390594482 603.224060058594 773.511566162109 658.862567901611 786.534271240234
-9999 -9999 -9999 -9999 -9999 -9999 -9999 -9999 -9999 -9999 -9999 -9999 -9999 -9999 -9999 -9999 -9999 -9999 -9999 -9999 -9999 -9999 -9999 -9999 -9999 -9999 -9999 -9999 -9999 -9999 -9999 -9999 816.261363983154 911.963977813721 1036.16879272461 884.3759765625 693.330726623535 822.227077484131 600.137417793274 643.642938613892 771.919171333313 791.979705810547 633.498886108398 657.197841644287 753.80570602417 618.354042053223 563.664993286133 626.017593383789 745.467384338379 771.057147979736
-9999 -9999 -9999 -9999 -9999 -9999 -9999 -9999 -9999 -9999 -9999 -9999 -9999 -9999 -9999 -9999 -9999 -9999 -9999 -9999 -9999 -9999 -9999 -9999 -9999 -9999 -9999 -9999 -9999 -9999 -9999 -9999 -9999 754.86555480957 1024.743019104 926.55403137207 689.563784599304 735.920146942139 808.156085968018 791.996269226074 841.859058380127 804.15860748291 737.38867855072 613.740165710449 754.751811981201 695.104488372803 513.759872436523 721.995416641235 774.89811706543 978.828842163086
