simdem/realisation41.asc
NCOLS 350 
NROWS 171 
XLLCORNER 152620 
YLLCORNER 418050 
CELLSIZE 100 
NODATA_value -9999 
[rows 88 to 109 of 171, columns 200 to 249 of 350]
573.018455505371 748.824352264404 698.7516746521 619.46072769165 744.143768310547 654.332921981812 647.538650035858 541.452407836914 655.611381530762 634.265685081482 545.608009338379 692.519073486328 586.619697570801 548.761589050293 733.044715881348 696.032337188721 744.763252258301 749.183094024658 737.763916015625 694.87498664856 576.082641601562 684.495149612427 597.692203521729 568.318031311035 602.351299285889 652.468961715698 642.314035415649 655.260780334473 656.033254623413 731.955451965332 616.294509887695 578.322528839111 702.451091766357 589.31600189209 742.050491333008 736.938545227051 658.363552093506 586.47212600708 743.58381652832 884.282562255859 847.443481445312 815.972085952759 916.18660736084 931.75862121582 788.584995269775 626.707015991211 786.408870697021 927.128885269165 904.358833312988 970.671272277832
559.425910949707 525.815689086914 583.16463470459 600.696914672852 695.790557861328 654.248941898346 552.100540161133 786.655624389648 733.577896118164 698.500846862793 582.364059448242 640.748720169067 648.020017623901 488.442565917969 517.24796295166 541.738059997559 707.226505279541 705.249351501465 688.334596157074 776.036430358887 554.339218139648 773.346664428711 713.789875030518 627.636054039001 821.361755371094 763.465858459473 717.005977630615 720.190845489502 660.535946249962 715.530586242676 782.279144287109 778.118041992188 844.746643066406 668.381952285767 524.042221069336 571.039848327637 402.299819946289 486.802642822266 779.347991943359 770.943231582642 681.928447723389 933.591659545898 823.606956481934 910.722938537598 788.354557037354 733.118919372559 488.773071289062 844.16325378418 1060.45712566376 865.23030090332
467.037796020508 873.115509033203 637.110946655273 763.886657714844 703.437328338623 615.381217956543 584.087852478027 650.373603820801 612.710388183594 517.300918579102 639.972506999969 552.61759185791 615.62557888031 560.277687072754 500.808380126953 559.264190673828 583.526882171631 713.653869628906 761.65064239502 796.525436401367 686.729986190796 599.591606140137 637.221578598022 657.852945327759 675.107974052429 788.186813354492 847.097610473633 760.439308166504 659.4945936203 621.050880432129 874.28059387207 716.793395996094 631.561084747314 635.646503448486 575.249267578125 487.443809509277 598.594598770142 558.116668701172 875.012657165527 821.076431274414 664.784477233887 731.342571258545 674.725547790527 863.272617340088 915.131591796875 643.31526184082 626.960838317871 793.557579040527 853.046714782715 845.223556041718
532.460512161255 508.255912780762 612.242725372314 708.241058349609 636.100646972656 766.509628295898 565.76676940918 580.891952514648 637.59342956543 730.033195495605 600.945232391357 574.830093383789 594.159425735474 676.89172744751 675.814449310303 540.502792358398 560.471572875977 801.231018066406 882.431060791016 675.099514007568 586.529342651367 623.754249572754 758.447463989258 645.31510925293 693.959949970245 722.252456665039 733.013743868098 731.759307861328 774.026107788086 796.064651489258 880.511856079102 869.42448425293 721.105644226074 752.636383056641 627.578857421875 630.086945533752 628.905067443848 662.873059272766 755.634155273438 719.860391616821 713.346382141113 672.251781463623 629.941513061523 801.423128128052 744.617127180099 601.076545715332 524.340469360352 650.098289489746 969.224281311035 978.861099243164
588.708709716797 536.671859741211 570.630706787109 654.114051818848 760.319137573242 765.013786315918 646.470553874969 618.341732025146 489.728607177734 665.270128250122 679.873136520386 593.377620697021 538.786445617676 711.531524658203 675.116718292236 524.535224914551 547.030960083008 695.948120117188 687.042472839355 488.173965454102 588.052303314209 730.282669067383 735.761449813843 619.347640991211 674.107399940491 754.72932434082 888.095909118652 798.518585205078 618.59740447998 713.543880462646 875.034820556641 850.854965209961 536.094772338867 628.259511947632 620.3515625 613.460765838623 577.71411895752 553.757965087891 533.064506530762 595.974884867668 731.420082092285 732.718963623047 630.220008850098 529.482025146484 507.381240844727 590.473213195801 547.350471496582 658.576187133789 930.171516418457 1036.22688293457
676.833290100098 721.105670928955 890.280975341797 625.110224723816 554.725868225098 1179.26606750488 667.076080322266 714.023513793945 677.215827941895 659.861975908279 707.045829772949 689.392807006836 590.112869262695 600.72932434082 620.346916347742 671.066635131836 485.853408813477 534.158081054688 608.602359771729 547.090194702148 788.526885986328 680.762397766113 615.231224060059 675.191795349121 780.638984680176 722.666702270508 886.326385498047 741.367233276367 631.92396736145 769.575759887695 841.123840332031 720.105409622192 851.811622619629 686.831192016602 695.62606048584 753.091255187988 745.218208312988 658.653636932373 534.133758544922 578.988922119141 619.155426025391 741.532936096191 608.33962225914 600.935451507568 656.260845422745 631.115497589111 614.110958099365 834.076599121094 909.131721496582 928.300399780273
563.813652038574 703.41201877594 820.429183959961 749.837821960449 726.883697509766 736.91291809082 780.72106552124 578.504707336426 709.05640411377 646.319681167603 716.584899902344 684.647109985352 699.429992675781 614.268942117691 737.46989440918 622.562951087952 599.984176635742 598.256855010986 692.545028686523 713.297203063965 829.885040283203 750.143028259277 607.264966964722 881.377632141113 859.024978637695 807.150688171387 661.613838195801 509.589935302734 654.194376945496 683.598245620728 736.491794586182 773.958988189697 704.244640350342 676.731744766235 746.313502788544 793.978788375854 561.738220214844 556.469573974609 481.640258789062 622.625091552734 589.44221496582 703.532480478287 682.476810455322 721.6589012146 667.195159912109 724.304759025574 736.581657409668 657.162952423096 880.789398193359 802.600400924683
712.241577148438 690.561042785645 770.650074005127 730.937805175781 805.774398803711 673.405618667603 733.078559875488 588.395751953125 619.093299865723 565.670783996582 635.148555755615 751.385025024414 707.256523132324 668.385711669922 618.344520568848 613.806203842163 502.123069763184 590.087734222412 588.049808502197 730.607620239258 663.280408859253 646.007259368896 799.875457763672 687.851821899414 803.007339477539 713.171907901764 730.305164337158 674.525612354279 624.37020111084 757.916679382324 732.506656646729 836.904541015625 564.551254272461 652.769136428833 693.918807983398 682.956527709961 725.266044616699 549.171157836914 552.707611083984 605.841896057129 543.321166992188 680.817640304565 616.030296325684 743.232406616211 794.004212379456 828.797567367554 593.211784362793 593.196960449219 712.819026947021 660.671478271484
751.168418884277 577.855430603027 794.252388000488 694.203243255615 816.253570556641 715.181692123413 661.527984619141 630.581115722656 639.173355102539 716.939670562744 677.568870544434 759.853950500488 680.895755767822 650.505151748657 736.29711151123 658.267545700073 549.267372131348 666.157543182373 817.537338256836 784.476760864258 594.035110473633 749.124855041504 741.272800445557 727.635293960571 837.004486083984 634.241512298584 778.673042297363 743.931053161621 723.820854187012 878.916030883789 721.891937255859 769.123809814453 581.645820617676 615.920715332031 644.380462646484 688.621978759766 704.205696105957 656.379936218262 619.084777832031 549.797790527344 447.236877441406 574.304260253906 650.479621887207 551.472991943359 693.91361618042 653.544883728027 674.453218460083 697.327657699585 579.541900634766 786.570899963379
581.826760292053 654.320916175842 745.614231586456 694.395790100098 639.023223876953 693.596725463867 665.11790561676 940.55708694458 543.305770874023 766.15193939209 583.277961730957 538.274772644043 628.699337005615 648.394801616669 665.869689941406 587.314826965332 546.624626159668 636.661376953125 567.828521728516 551.140716552734 622.147806167603 711.022491455078 614.332542419434 697.256790161133 741.833984375 879.349563598633 635.04927444458 688.388633728027 699.392585754395 672.56566619873 508.203384399414 646.837535381317 593.937126159668 614.325370788574 525.083084106445 650.303524017334 706.613290786743 647.216743469238 755.478691101074 764.577793121338 695.90454864502 557.788604736328 655.204605102539 737.992012023926 775.866561889648 692.846641540527 741.125945091248 705.813148498535 875.244026184082 694.151382446289
816.765335083008 647.914878845215 696.500606536865 757.989908218384 731.249276161194 772.615658283234 532.201736450195 603.712600708008 581.930076599121 693.884799957275 709.046905517578 528.999450683594 605.578525543213 725.883743286133 759.63720703125 638.986507415771 620.667317390442 530.659355163574 586.894828796387 579.295013427734 657.949727058411 683.554096221924 788.431015014648 773.601173400879 660.121227264404 887.837524414062 826.684673309326 674.084711074829 730.762336730957 747.034976959229 736.644416809082 793.974472045898 555.991081237793 622.321769714355 566.042976379395 580.482719421387 676.820386886597 564.142288208008 611.875503540039 657.490631103516 771.171188354492 584.96851348877 664.989320755005 795.364219665527 768.005848884583 843.08597946167 821.751480102539 913.407337188721 765.56236743927 706.468460083008
910.333526611328 702.118385314941 621.432708740234 810.560325622559 634.560745239258 747.193073272705 618.512504577637 707.789503097534 809.968957901001 661.407548904419 655.971196174622 697.674468994141 682.901996612549 776.641586303711 866.565185546875 678.2060546875 771.976905822754 633.932559967041 566.503639221191 475.217376708984 675.973676681519 613.7841796875 691.40690612793 596.975284576416 546.615364074707 758.276604175568 943.560134887695 761.359024047852 545.467880249023 584.788604736328 723.572454452515 722.109788894653 703.408218383789 611.334705352783 663.387098312378 734.02513885498 727.117221832275 645.018363952637 755.26628112793 622.924293518066 839.668441772461 767.042442321777 718.433285713196 880.88737487793 860.48046875 818.227279663086 783.724199295044 1007.99979400635 965.971738815308 1006.61128330231
818.793688774109 895.089065551758 716.024871826172 805.777099609375 689.172519683838 678.991844177246 691.696586608887 686.475299835205 694.558540344238 609.266929626465 652.612903594971 745.530319213867 747.284515380859 750.432605743408 784.595127105713 747.62738609314 780.088310241699 676.707605361938 589.022045135498 568.038009643555 552.36792755127 666.566701173782 549.049186706543 870.248546600342 672.972629547119 607.890830993652 1139.77066040039 730.662269592285 928.521110534668 1059.73327636719 1339.88699436188 669.423927307129 661.411811828613 556.674026489258 689.548065185547 844.565776824951 976.78490447998 664.045364379883 818.799209594727 646.809951782227 649.803131103516 745.251581192017 901.42586517334 771.552688598633 905.551655292511 979.991638183594 1132.36568260193 819.934524536133 967.031211853027 838.157894134521
807.92057800293 725.302978992462 818.621994018555 739.750517845154 730.144918441772 836.814231872559 848.627117156982 753.294704437256 668.92440032959 1041.69737696648 769.74040222168 680.986267089844 667.109894752502 638.538776397705 633.66414642334 747.265743732452 611.304271697998 620.525648117065 474.45378112793 471.596160888672 583.058670043945 582.895523071289 621.670083999634 633.606842041016 572.798383712769 585.774856567383 571.841011047363 568.850410461426 467.480560302734 514.314361572266 748.959579467773 610.20263671875 565.124053955078 1104.57466125488 883.44157409668 797.534072875977 1130.6923828125 1019.6812210083 795.830432891846 784.129409790039 892.979396820068 739.074150085449 802.891403198242 770.776330947876 818.033355712891 847.704711914062 930.219398498535 1021.40412139893 1380.7989730835 705.292423248291
788.641536712646 678.454010009766 758.597763061523 509.792999267578 798.878509521484 702.499313354492 713.780715942383 814.827998459339 779.777500152588 799.662902832031 1149.91677856445 646.228354454041 609.258033752441 548.142044067383 544.124359130859 675.852968215942 674.97262263298 668.842007637024 542.353561401367 709.360939025879 652.039175033569 321.813873291016 549.781875610352 617.312110900879 667.98565864563 608.545539855957 469.770629882812 633.796977996826 481.825866699219 590.269081115723 642.170349121094 549.631210327148 503.139007568359 484.149703979492 528.151351928711 520.7109375 661.034257888794 979.793838500977 750.059722900391 590.547828674316 682.257774353027 615.631912231445 1113.05239105225 638.233818054199 1000.49075317383 785.256576538086 613.950317382812 844.142196655273 822.604919433594 664.280235290527
790.71329498291 871.975212097168 769.006732940674 617.847465515137 787.152549743652 789.937309265137 825.097328186035 825.179891586304 714.382469177246 791.093338012695 877.614143371582 953.55136680603 654.511940002441 536.179946899414 647.369839668274 666.795463562012 722.50609588623 625.811042785645 703.76150894165 548.484663009644 674.067935943604 589.249701023102 524.539962768555 508.574142456055 779.99142074585 691.299541473389 588.346481323242 656.88175868988 465.445251464844 692.469425201416 701.749189376831 588.482269287109 531.524047851562 490.028686523438 664.72509765625 505.823272705078 895.907943725586 875.52424621582 927.187644958496 637.94132232666 759.112468719482 846.280838012695 951.336669921875 598.828765869141 829.049591064453 853.679718017578 437.189819335938 991.87451171875 706.854019165039 1345.92028808594
-9999 734.181247711182 749.306667327881 595.192743301392 762.883430480957 843.625953674316 932.584259033203 871.745338439941 802.97878742218 722.384544372559 647.975944519043 945.289764404297 507.775283813477 615.643301010132 663.415142059326 701.854530334473 719.542266845703 618.091549873352 492.668510437012 691.53727722168 568.424934387207 617.143180847168 563.179161071777 904.641639709473 834.386795043945 589.452049255371 640.245049476624 695.458282470703 555.914123535156 654.257059574127 676.658472061157 611.946594238281 611.504199981689 772.3681640625 1011.2348613739 606.933208465576 472.726989746094 508.081207275391 681.066685676575 665.547332763672 570.295150756836 762.400741577148 798.736764907837 687.770355224609 594.700729370117 898.044281005859 548.502624511719 749.391624450684 653.496368408203 767.585678100586
-9999 847.513381958008 759.593509674072 616.025817155838 677.254214286804 826.501678466797 801.785377502441 780.560222625732 792.507252693176 801.251308441162 715.054077148438 557.253311157227 635.667961120605 741.511505126953 802.75813293457 676.807220458984 659.558296203613 712.331207275391 678.767570495605 685.459438323975 649.094779968262 648.712194442749 693.850101470947 554.338241577148 973.517890930176 679.585248947144 677.83776473999 688.481918334961 641.530527114868 667.796190738678 507.797058105469 549.850654602051 492.246109008789 630.67240524292 1210.19726753235 642.280362844467 619.03865814209 544.943550109863 769.9365234375 656.016479492188 683.16046333313 680.511009216309 622.91276550293 777.392747879028 745.780464172363 761.512317657471 934.601448059082 726.888010025024 773.288482666016 676.373916625977
-9999 -9999 781.215061903 761.746078491211 732.706504821777 855.6279296875 781.489109039307 822.927345275879 814.138401269913 751.552719116211 523.682983398438 458.612777709961 534.074661254883 673.950084686279 631.582548141479 552.604454994202 569.67554473877 622.095390319824 566.939102172852 592.21312713623 736.509429931641 675.430423736572 542.980056762695 490.064727783203 642.94181060791 682.186428070068 651.970085263252 617.545288085938 520.47770690918 777.682731628418 576.246292114258 463.132797241211 552.983070373535 619.191150665283 792.183622360229 546.453277587891 600.372215270996 679.285591125488 645.703216552734 553.677032470703 621.56672668457 645.275085449219 641.759323120117 791.262263298035 765.322414398193 645.365074157715 629.9765625 715.42910194397 804.048706054688 766.437377929688
-9999 -9999 941.758743286133 873.277984619141 832.273422241211 619.589626312256 783.856618881226 816.985317230225 697.927898406982 705.518367767334 837.40739440918 498.265823364258 480.877105712891 654.210813522339 702.627746582031 573.770159482956 506.143054962158 542.46576499939 546.492866516113 549.329145431519 616.803497314453 541.37965965271 516.35173034668 513.37223815918 383.659118652344 676.878524780273 535.443786621094 587.137954711914 539.173133850098 552.075981140137 557.218315124512 526.133361816406 573.357879638672 642.232986450195 682.425165176392 668.802047729492 669.442928314209 734.826309204102 600.384323120117 703.935905456543 774.250541687012 852.439926147461 916.775100708008 840.593299865723 677.816818237305 826.21240234375 652.137542724609 682.106582641602 850.586730957031 764.544303894043
-9999 -9999 -9999 662.692390441895 597.30415725708 507.342330932617 833.413246154785 799.088718414307 633.390197753906 701.726831436157 602.14933013916 668.315999031067 653.277118206024 722.846618652344 644.967147827148 546.12264251709 380.00910949707 403.350509643555 427.186660766602 532.090385437012 388.372848510742 509.612148284912 524.856555938721 1427.66680526733 556.774467468262 522.512771606445 564.147216796875 632.931299209595 623.745098114014 737.698009490967 818.772364616394 575.869651794434 675.887722015381 565.879501342773 600.53099822998 577.955474853516 510.21337890625 721.008393287659 592.604339599609 642.436368942261 861.548515319824 842.876064300537 756.013905286789 773.079849243164 552.678405761719 756.036979675293 602.833526611328 562.462448120117 615.541412353516 1178.61201870441
-9999 -9999 -9999 654.055553436279 444.646362304688 567.834732055664 736.638240814209 867.59757232666 782.542988777161 1143.72832489014 692.244525909424 745.248561859131 774.804183959961 619.605068206787 644.15079164505 563.222465515137 550.403381347656 479.685264587402 594.397262573242 442.034744262695 480.773864746094 495.943237304688 611.129661560059 1012.51034545898 739.313690185547 657.503891468048 664.25532579422 560.198394775391 691.883638381958 676.412460327148 738.275856018066 546.610366821289 583.00798034668 666.932353019714 556.189125061035 962.198577880859 673.626540243626 700.002067565918 672.03910446167 702.539276123047 787.021263122559 746.672584533691 674.915473937988 794.900405883789 672.722320556641 1300.2215423584 867.083213806152 818.18529510498 1075.33782577515 961.478734970093
