simdem/realisation17.asc
NCOLS 350 
NROWS 171 
XLLCORNER 152620 
YLLCORNER 418050 
CELLSIZE 100 
NODATA_value -9999 
[rows 22 to 43 of 171, columns 200 to 249 of 350]
863.287750244141 656.258098602295 697.252377510071 750.443199157715 713.560604095459 772.075820922852 679.795101165771 768.756988525391 643.044948577881 714.562324523926 789.387329101562 707.160554885864 683.015942573547 598.432861328125 557.216171264648 666.341479301453 547.893913269043 633.998233795166 635.060678482056 780.933486938477 779.231948852539 567.39981842041 728.347999572754 671.285901546478 705.849689483643 620.754051208496 715.543966293335 599.749710083008 686.306064605713 790.840744018555 749.220638275146 803.539665222168 725.979156017303 688.293300628662 691.743133544922 787.745210647583 757.920063972473 833.328914642334 708.606178283691 847.894866943359 764.774738788605 725.906192779541 779.54868888855 710.995742797852 642.247787475586 1314.12143707275 765.758355140686 757.971599578857 800.869590759277 677.879821777344
596.176170349121 584.505737304688 610.644046783447 771.074264526367 648.035799026489 599.828998565674 598.740478515625 654.157471656799 716.923770904541 627.809284210205 608.059467315674 603.867492675781 832.321266174316 670.76979970932 719.558654785156 688.542459487915 704.64266204834 724.285385131836 627.015207290649 619.730865478516 673.230188369751 507.121063232422 585.845962524414 612.415687561035 615.242637634277 721.245708465576 803.512529373169 686.519769668579 639.855239868164 504.290756225586 714.535110473633 701.52322769165 564.915084838867 739.238730430603 718.678924560547 826.220558166504 782.966278076172 817.014354705811 711.201698303223 712.337421417236 783.225469589233 666.901145935059 844.95182800293 764.155643463135 671.508972167969 828.370726108551 1059.00015258789 935.289375305176 772.04073870182 1232.39735412598
541.890739440918 558.287155151367 660.285583496094 814.23713684082 717.734375 686.05578994751 619.525848388672 755.312873840332 546.655876159668 608.427200317383 601.97777557373 689.80797958374 730.433448791504 779.720474243164 544.78645324707 698.136516571045 813.771194458008 610.142208099365 713.396003723145 655.358576774597 664.489045143127 614.369483947754 561.396430969238 616.701622009277 733.110496520996 727.823699951172 671.72826385498 1003.58086872101 619.615089416504 580.65705871582 672.252155303955 600.160903930664 616.346504211426 682.641891479492 796.155872344971 711.687866210938 771.630973815918 758.095463752747 691.007438659668 715.678215026855 826.833267211914 928.55509185791 721.765747070312 743.915634155273 756.974773406982 839.511093139648 934.585754394531 698.372741699219 865.526039123535 572.414489746094
749.188789367676 691.502605438232 513.683364868164 604.657516479492 598.599365234375 714.248092651367 685.510715484619 593.844108581543 650.446063160896 765.768947601318 631.929248809814 535.704376220703 673.165568351746 677.716381072998 531.011072158813 396.062713623047 845.143356323242 600.801696777344 483.22184753418 664.014574570581 645.547426223755 669.932481169701 585.468490600586 592.257377624512 639.672657012939 779.367099761963 813.68670463562 850.197700500488 729.878227233887 760.36153793335 703.375062942505 621.231460571289 607.510932922363 650.46556854248 673.099632263184 656.472633361816 725.561836242676 736.041994094849 729.993728637695 799.171092987061 862.082550048828 935.189804077148 755.225646972656 726.755886077881 666.149597167969 801.930313110352 732.769165039062 778.220344543457 889.306205749512 715.352905273438
699.147033691406 634.154460906982 739.079376220703 668.33695602417 588.715587615967 666.130592346191 606.322096824646 660.230331420898 612.911462306976 473.344711303711 394.911193847656 407.524124145508 388.322509765625 545.391716003418 626.279029846191 788.171417236328 703.96605682373 517.645309448242 327.348709106445 551.017754554749 738.667793273926 768.741584777832 724.138809204102 570.634620666504 658.343221664429 650.147727966309 822.389102935791 794.924713134766 585.411415100098 749.770771026611 691.354113578796 710.302781105042 642.751075744629 655.177024841309 738.290859222412 690.848094940186 733.939231395721 706.122514724731 780.910659790039 683.127998352051 690.356616973877 917.195953369141 849.782894134521 706.554122924805 825.577350616455 845.174092292786 850.798745155334 726.850463867188 827.77112197876 753.059951782227
670.146713256836 727.29239654541 613.143096923828 584.802989959717 624.499483108521 579.594381332397 598.156175613403 654.292003631592 598.788717269897 633.242635726929 683.232559204102 491.748558044434 540.115997314453 484.179710388184 516.373462677002 568.340799331665 644.406125068665 455.50862121582 531.199787139893 516.89665222168 570.815826416016 625.269588470459 671.305939674377 607.397087097168 719.412538528442 667.26778793335 754.401281356812 707.066776275635 673.329545974731 662.563812255859 689.544647216797 737.024168014526 544.385650634766 734.602458000183 528.990921020508 759.237184524536 808.439506530762 774.517700195312 801.170509338379 708.941261291504 772.959318161011 830.691913604736 858.843719482422 729.857528686523 748.548957824707 916.962593078613 999.927200317383 818.059549331665 701.122253417969 736.695449829102
710.673622131348 668.635292053223 473.256851196289 654.575996398926 568.953649520874 614.29133605957 622.375351905823 477.117034912109 398.732208251953 477.18824005127 716.706344604492 621.852085113525 791.178070068359 390.995986938477 417.1279296875 686.466171264648 608.738985061646 532.549488067627 573.512890815735 593.435398101807 584.896797180176 571.043304443359 615.81192779541 644.356101989746 650.364458084106 673.37401676178 665.86616230011 716.893817901611 805.692687988281 707.769118309021 681.049566268921 644.994300842285 759.946426391602 651.143768310547 613.817489624023 693.743774414062 571.749298095703 804.860412597656 739.064922332764 657.015579223633 839.882766723633 841.172603607178 763.802570343018 812.95033454895 661.090744018555 650.333404541016 854.611249923706 744.867584228516 762.117742538452 713.070014953613
613.368927001953 617.302921295166 614.951110839844 532.131660461426 538.323192596436 543.312515258789 609.7578125 534.570724487305 477.576995849609 615.93358039856 648.388324737549 728.334789276123 600.958202362061 365.474807739258 353.159652709961 375.201599121094 450.269245147705 618.558563232422 531.376922607422 437.406929016113 632.576956748962 717.091159820557 605.350168228149 677.970107316971 682.499035835266 639.463432312012 606.133293151855 657.854271888733 755.29891204834 779.990692138672 625.025512695312 681.891606807709 717.480886459351 681.742771148682 667.355667114258 699.338672637939 590.719482421875 614.957611083984 750.109086990356 613.317153930664 591.632873535156 812.82820892334 715.975204467773 824.674133300781 616.85578918457 851.216791152954 750.268188476562 773.049839019775 857.797100067139 814.992868423462
584.921695709229 535.004859924316 589.04047203064 447.891784667969 567.232041358948 573.953907251358 547.918973684311 583.994933128357 453.119384765625 600.341119766235 706.285377502441 584.946873664856 500.978515625 338.457473754883 397.251693725586 366.452980041504 438.580410003662 528.266078948975 484.090515136719 463.606315612793 566.523826599121 727.009223937988 605.393798828125 529.809753417969 693.789976119995 725.920169830322 726.462215423584 667.460350036621 666.499097824097 738.975143432617 647.287338256836 690.681393623352 719.245178222656 760.605224609375 731.890596389771 721.789443016052 591.968406677246 549.737045288086 632.786155700684 768.187349319458 700.039199829102 768.407558441162 780.98331451416 763.805383682251 754.904293060303 726.279388427734 756.068353652954 862.588745117188 932.987548828125 883.678688049316
617.158067703247 536.577392578125 472.107242584229 588.60591173172 521.011184692383 598.128120422363 698.90950012207 560.623310089111 554.767757415771 510.953948974609 540.626194000244 625.257791519165 606.661540985107 492.868301391602 433.541835784912 456.068714141846 504.221801757812 524.671001434326 460.932815551758 428.169639587402 339.354400634766 438.433883666992 638.086410522461 571.533500671387 705.899391174316 787.495582580566 798.43586730957 602.443363189697 676.696502685547 640.313512802124 564.612411499023 707.363550186157 618.112205505371 725.796173095703 734.592304229736 648.659069061279 718.179617881775 639.328872680664 504.933258056641 719.373989105225 636.433135986328 770.557279586792 715.38436126709 682.728668212891 818.532772064209 782.308043956757 892.480804443359 809.527028560638 859.437183380127 780.889208316803
563.548046112061 560.819265365601 455.071182250977 525.165267944336 461.014266967773 719.063369750977 599.064889907837 584.098641395569 497.067474365234 552.214622497559 415.918212890625 650.496473312378 607.696983337402 534.097816467285 465.937961578369 449.455020904541 468.625579833984 464.618659973145 537.357864379883 517.11060333252 619.464073181152 529.704544067383 623.907018661499 746.066452026367 762.710968017578 772.491027832031 712.767520904541 730.087898254395 712.054336547852 663.890159130096 684.553750991821 718.613388061523 641.974126935005 721.501167297363 629.116374969482 631.920532226562 846.338760375977 805.486572265625 752.970766067505 682.795925140381 598.059692382812 787.830345153809 627.17765045166 642.951683044434 783.009769439697 691.52220916748 678.72883605957 750.643829345703 739.482362747192 687.35645866394
600.251062393188 389.560882568359 603.597654342651 526.784812927246 558.803865432739 586.258836746216 625.012660980225 601.097723007202 611.922616958618 572.23461151123 552.107830047607 478.515174865723 601.705434799194 637.632400512695 505.219696044922 525.38650894165 524.031981468201 501.261352539062 680.943902254105 704.637367248535 652.924062728882 639.807811737061 680.81337928772 750.466094970703 711.033199310303 630.928531646729 662.85963010788 654.030269145966 679.274473875761 602.610401153564 640.201484680176 715.852313995361 717.333564758301 607.463417053223 689.77428817749 692.282970428467 806.985786437988 911.769805908203 738.110837936401 839.596725463867 791.833465576172 680.324726104736 693.167373657227 766.597759246826 801.08447265625 796.489636421204 625.672035217285 755.922550201416 898.960258483887 919.330261230469
563.803344488144 472.870910644531 629.701675415039 579.266854286194 623.673259735107 551.517893671989 660.309198379517 590.718894958496 537.058681488037 626.609981536865 586.968088150024 497.463020324707 749.464696884155 636.052947998047 537.518218994141 326.350372314453 422.349082946777 685.348297119141 586.180801391602 727.871315002441 607.386754989624 626.898435592651 683.127376556396 686.699390411377 565.079048156738 515.616607666016 702.673965454102 687.951101303101 658.188793420792 719.694488525391 511.960861206055 748.68758392334 595.665580749512 702.09778213501 670.322106361389 704.76841545105 817.227012634277 725.073566436768 860.758430480957 821.527755737305 746.380249023438 718.442132949829 708.165838241577 681.796600341797 701.309715270996 750.231281280518 708.450530052185 709.754035949707 721.768291473389 719.687850952148
426.268196105957 496.697902679443 568.626695632935 625.303073883057 546.450481414795 471.025703430176 500.356437683105 346.449462890625 604.992190361023 646.354724884033 589.381576538086 722.900674819946 709.733251571655 670.806479454041 712.738296508789 391.475677490234 409.264099121094 606.124134063721 656.693378448486 651.675659179688 672.763911247253 635.136722564697 644.744666576385 573.166255950928 542.980773925781 541.416778564453 650.945146560669 647.375014305115 695.510105133057 683.415800094604 732.473009109497 756.732147216797 648.187042236328 603.315608978271 631.000709533691 679.349692821503 755.239864349365 629.212799072266 846.723876953125 797.584548950195 718.213983535767 731.556752204895 760.388696670532 800.973136901855 612.161117553711 781.91344833374 776.499185562134 680.374862670898 768.151117324829 667.414627075195
609.128883361816 507.5107421875 496.756362915039 477.223693847656 527.433917999268 436.579574584961 615.122058868408 614.089458465576 601.786966323853 531.262222290039 582.653532981873 1219.7810049057 577.128784179688 581.617965698242 753.67594909668 759.978675842285 525.801940917969 424.646865844727 560.087928771973 580.901344299316 542.731460571289 514.797813415527 438.114593505859 383.921325683594 521.367195129395 658.011030197144 648.82341003418 603.36141204834 605.557956695557 589.199489593506 546.302230834961 485.563323974609 572.284851074219 641.386487960815 668.522287368774 636.189860343933 711.814571380615 729.880528926849 791.330337524414 781.26224899292 808.559204101562 806.389778137207 784.939472198486 697.094024658203 734.601496577263 619.780563354492 761.670082092285 720.704271316528 700.702259063721 845.502990722656
577.120376586914 567.161512374878 573.026309967041 445.528884887695 414.063217163086 554.101851463318 679.061511993408 693.023857116699 588.256581306458 612.846294403076 644.925205230713 1114.60837268829 686.297653198242 795.583374023438 631.608016967773 551.664737701416 586.849740982056 653.399684906006 625.477348327637 684.314094543457 477.151077270508 443.631591796875 513.662574768066 378.254745483398 513.568328857422 661.306114196777 625.134131193161 625.006377220154 639.395713806152 824.856735229492 652.093954622746 869.276596069336 723.781211853027 743.835784912109 825.545791625977 496.597229003906 655.840366363525 705.59831237793 906.271362304688 721.202998399734 847.256980895996 740.580931663513 831.166702270508 709.391771316528 765.052703857422 620.35424041748 840.97306060791 783.219264984131 779.952323913574 779.886817932129
665.942203521729 707.904830932617 544.976404190063 515.758926391602 453.16300201416 636.253257751465 660.649063110352 536.968418121338 549.126792907715 581.044931411743 443.752456665039 613.162168502808 490.722480773926 550.724746704102 676.791374206543 571.866510391235 526.801704406738 543.392784118652 608.637859344482 745.926094055176 687.936988830566 606.255870819092 674.025211334229 498.319229125977 473.105056762695 550.011161804199 618.050245285034 683.943504333496 787.759033203125 701.395721435547 614.134773254395 876.551071166992 710.17839050293 687.357858657837 659.413766860962 561.530349731445 663.245496749878 619.833503723145 734.424209594727 765.989936828613 802.762939453125 861.623901367188 686.504608154297 637.507164001465 643.672035217285 715.470112800598 702.498710632324 784.221279144287 754.675243377686 716.473219871521
588.317167282104 745.04573059082 545.119073867798 521.84777545929 492.644241333008 414.161102294922 609.629951477051 582.399450302124 631.349834442139 619.897294998169 588.455664634705 594.617751121521 633.862106323242 661.142501831055 587.681431770325 741.489974975586 597.525735855103 645.156448364258 660.078540802002 743.588737487793 781.094009399414 592.328758239746 564.3486328125 629.674808502197 594.696853637695 622.767761230469 620.877096176147 567.051628112793 739.501152038574 670.65634727478 640.996976852417 720.250930786133 543.299758911133 486.041351318359 513.343154907227 579.494163513184 518.778549194336 585.262748718262 773.921287536621 836.819976806641 616.358207702637 851.880889892578 627.655448913574 712.163067817688 770.108932495117 707.589866638184 669.734352111816 746.071189880371 798.644424438477 754.434627532959
605.249572753906 620.532932281494 568.268863201141 511.293392181396 406.485260009766 347.199447631836 448.148872375488 532.993873596191 641.933036804199 637.478248596191 625.463438034058 628.525547027588 555.809307098389 661.426345825195 699.559707641602 607.681599617004 565.819972991943 534.618431091309 627.810264587402 623.905297756195 745.475402832031 522.446411132812 598.347587585449 717.685256958008 723.897506713867 663.615228652954 631.193340301514 742.103565216064 598.641506195068 624.527456283569 649.30418586731 666.925235748291 426.684234619141 459.650772094727 672.912038564682 613.857833862305 594.031700134277 745.261108398438 807.475318908691 673.246677398682 708.033517122269 731.317144393921 670.109825134277 672.452392578125 696.631633758545 667.172702789307 682.574840545654 664.366565704346 709.892806529999 836.890121459961
628.913055419922 578.123328208923 642.291191101074 564.034442901611 478.897079467773 463.492156982422 554.615131378174 667.475028991699 653.142570495605 618.324638366699 621.8122215271 645.908248901367 550.34739112854 593.010914566927 588.452733039856 715.468551635742 602.759829044342 494.931114196777 559.324733734131 714.892311096191 798.857421875 609.737382411957 690.750045776367 728.517013549805 614.80242562294 675.512214660645 605.28111743927 567.987812042236 583.969547271729 686.907859802246 715.868606567383 750.560417175293 557.842315673828 597.44259262085 694.943008422852 642.115863800049 686.229591369629 570.406089782715 658.032381057739 681.244474411011 640.444873809814 881.981628417969 723.004695415497 598.153770446777 567.551132202148 612.393768310547 648.847654342651 582.164054870605 722.527423858643 809.35880279541
529.796947479248 437.036605834961 528.272126197815 555.808491706848 501.239791870117 422.627090454102 445.845321655273 625.268558502197 562.872217178345 529.805896759033 536.800094604492 467.255584716797 536.279758453369 689.619029998779 567.038228034973 693.894462585449 622.394550323486 620.815710067749 586.602027893066 700.905448913574 625.327560424805 430.464096069336 679.761344909668 725.352767944336 762.002792358398 569.896942138672 493.767318725586 634.559489488602 611.9494972229 628.054931640625 620.980812072754 671.165166854858 429.298049926758 621.740291595459 678.292207717896 722.215091705322 671.452777862549 677.078253746033 690.272964149714 709.934036254883 699.045213699341 704.032883644104 714.53999710083 573.200523376465 682.508889198303 678.610318183899 689.85572385788 584.955055236816 605.728034973145 719.26246547699
538.716640472412 617.966026306152 661.527267456055 581.36413192749 564.523007512093 625.5205078125 482.29328918457 519.555194854736 728.770950317383 602.722864151001 618.531335830688 573.090951919556 503.680053710938 548.669467926025 520.665481567383 504.338245391846 481.823463439941 644.122917175293 591.775339126587 710.184356689453 517.432891845703 515.733581542969 606.74005651474 667.001300811768 730.086120605469 569.512649536133 568.919944763184 556.21257019043 672.85818862915 632.764936447144 529.382781982422 662.590566635132 587.113494873047 729.59330368042 740.953498840332 778.570129394531 780.968841552734 847.504425048828 687.570638656616 865.974853515625 805.251449584961 774.788177490234 770.582557678223 693.48153591156 735.035610198975 766.45760345459 719.766662597656 704.493083953857 764.086151123047 747.102821350098
