simdem/realisation22.asc
NCOLS 350 
NROWS 171 
XLLCORNER 152620 
YLLCORNER 418050 
CELLSIZE 100 
NODATA_value -9999 
[rows 44 to 65 of 171, columns 150 to 199 of 350]
436.746448516846 637.973335266113 545.309091091156 492.568729400635 469.483177185059 490.519927978516 485.105478286743 584.152755737305 616.831604003906 622.412208557129 509.208446502686 488.525856018066 644.540084838867 486.91138458252 531.249031066895 392.99772644043 515.112342834473 601.416728973389 528.092252731323 569.09236907959 490.476802825928 619.504364013672 552.557218551636 664.353866577148 722.844055175781 650.680252075195 617.837135314941 619.318138122559 523.72306060791 607.157970428467 629.913648605347 649.245199203491 761.226570129395 756.120491027832 695.159858703613 764.693901062012 635.772052764893 798.356056213379 737.004177093506 638.740427017212 612.177894592285 662.999816894531 589.490947723389 860.432847976685 861.202617645264 605.68160200119 649.122270584106 763.965492248535 1155.55488967896 1056.09963989258
343.314506530762 495.312719345093 488.976070404053 489.407186031342 551.769577026367 419.097709655762 559.785671234131 563.289986610413 569.096017837524 647.298233032227 556.260469436646 727.345443725586 557.922183036804 507.391368865967 556.961650848389 415.967376708984 572.907241821289 596.761222839355 564.394614696503 521.921339035034 530.530773818493 518.033802986145 623.764877319336 539.109597444534 490.307022094727 593.800422668457 673.657096862793 638.195205688477 554.587748527527 576.947792053223 485.85530090332 758.217346191406 553.641265869141 818.604774475098 770.438888549805 678.982843399048 603.948852539062 534.357025146484 416.387145996094 419.631103515625 512.745582580566 666.25269317627 641.186325073242 711.249389648438 617.760248184204 756.620162963867 678.074577331543 505.650871276855 531.842819213867 801.600517272949
411.490936279297 392.290008544922 545.883495807648 651.913345336914 484.807695388794 519.949460983276 291.495040893555 365.521530151367 487.415138244629 511.111663818359 480.461181640625 576.00399684906 615.023384094238 476.000381469727 650.383476257324 532.123138427734 553.932178497314 415.015174865723 530.561278343201 541.879810810089 571.71928024292 549.963792800903 612.343147277832 596.735729217529 636.437835693359 563.396196365356 590.081783294678 522.896455764771 521.064693450928 696.560028076172 644.116672515869 460.819061279297 563.296129226685 514.08943939209 701.417198181152 680.283531188965 635.327598571777 398.03303527832 435.046859741211 434.227432250977 418.037933349609 548.619634628296 743.166793823242 592.00152349472 496.278579711914 697.72647857666 735.035781860352 751.157409667969 627.529949188232 668.508823394775
481.360527038574 331.86116027832 463.143844604492 570.605400085449 533.284779310226 441.786552429199 474.138298034668 341.879348754883 515.459529876709 523.84497833252 373.112579345703 467.438545227051 486.177337646484 404.630065917969 616.025033950806 474.326385498047 478.647201538086 374.659317016602 427.221069335938 626.796997070312 546.946947097778 595.464687347412 565.439445495605 614.278755187988 763.448745727539 494.942234039307 678.659423828125 591.603031158447 492.437992095947 653.378852844238 574.692930221558 440.372901916504 524.403709411621 586.483247756958 568.536449432373 461.65909576416 571.154570579529 701.123977661133 573.879329681396 492.373527526855 461.747459411621 507.53812789917 683.628059387207 775.219055175781 585.649733543396 630.729904174805 574.835134506226 619.676940917969 551.310060501099 629.624820709229
484.141151428223 423.110610961914 496.015552520752 519.495564341545 490.387683868408 553.837326049805 393.300109863281 353.924362182617 546.946025848389 467.581268310547 266.392791748047 430.462280273438 314.61865234375 569.926073074341 720.485076904297 757.654235839844 692.3759765625 587.547098636627 615.022514343262 702.564178466797 545.468435287476 471.567680358887 549.961733818054 617.812400817871 483.530128479004 565.944618225098 671.40104675293 589.326519012451 507.736633300781 622.866157531738 610.016342163086 477.981521606445 662.461807250977 664.904304504395 532.059714317322 586.735763549805 549.141084671021 531.556287765503 588.651847839355 527.451877593994 626.083404541016 607.849422454834 637.575077056885 596.980367660522 656.518699645996 712.018371582031 722.685340881348 602.967907428741 683.323852539062 543.92248249054
627.287803649902 438.300117492676 722.323196411133 563.458316802979 633.53475189209 518.854446411133 532.737214326859 357.906402587891 510.523983001709 517.35232925415 463.466247558594 425.810928344727 508.744819641113 635.134986877441 670.159362792969 815.16064453125 746.04606628418 764.738128662109 806.366134643555 643.404405593872 525.529991149902 516.646629333496 596.368946075439 699.283317565918 531.518634796143 688.007606506348 495.042434692383 648.579368591309 561.541494846344 665.49104309082 445.76416015625 485.488883972168 446.399444580078 646.771812438965 780.634368896484 672.100082397461 486.249046325684 534.413907051086 654.275856018066 508.480724334717 569.174982070923 578.525334358215 608.525978088379 644.442405700684 611.791728973389 561.769148349762 593.831323623657 494.43083190918 650.756031036377 743.093902587891
549.418422698975 599.432899475098 559.636819839478 526.494132041931 414.013687133789 498.413272857666 558.030856132507 526.920955657959 623.23991394043 511.419979095459 537.784759521484 679.851318359375 660.950263977051 663.907539367676 704.760765075684 714.221984863281 677.78279876709 555.884086608887 756.364700317383 634.703788757324 762.987075805664 602.296162605286 715.545304298401 669.449171066284 567.386116027832 631.68688583374 465.511184692383 419.41015625 587.091333389282 520.868782043457 433.169990539551 393.794540405273 727.768920898438 734.119522094727 782.096343994141 741.803070068359 584.108572006226 589.753551483154 541.505944132805 528.941913604736 598.992004394531 652.48486328125 506.213325500488 576.272535324097 437.66389465332 464.323421478271 609.844655990601 509.001605987549 667.676075935364 675.721176147461
556.806449890137 531.521135389805 463.93970489502 579.863986968994 447.441947937012 451.022895812988 491.189273834229 412.854248046875 552.213772058487 587.631772994995 576.284796714783 491.050888061523 577.700733184814 686.707321166992 549.313339233398 582.068639755249 626.83568572998 641.198993682861 801.341079711914 796.297988891602 685.795356750488 580.638065338135 560.961067199707 582.5283203125 591.830116271973 683.424533843994 577.144119262695 609.393981933594 564.240040779114 522.71745300293 489.748863220215 450.883338928223 623.404731750488 563.433176040649 577.073009490967 576.510875701904 591.182689666748 658.719329833984 477.774658203125 477.651245117188 542.062532424927 577.513521671295 625.248783111572 523.219818115234 481.03825378418 482.794441223145 660.364410400391 653.519714355469 595.033065795898 602.430066347122
520.976923167706 435.959777832031 500.173740386963 617.805374145508 571.907104492188 404.274719238281 247.683319091797 376.221603393555 510.503746032715 672.862411499023 604.368103981018 551.19234418869 638.761047363281 610.31972694397 551.10578918457 602.35537147522 674.360683441162 588.612533569336 542.266277313232 609.720573425293 674.172982931137 706.449127197266 609.024084091187 596.88202381134 524.937832832336 574.822303771973 683.715061187744 671.166799545288 647.160934448242 572.002966880798 482.288032531738 472.54076385498 679.817947387695 540.896436691284 539.45992565155 555.280557632446 456.072319030762 419.092666625977 431.521545410156 424.742919921875 533.397212982178 534.457332611084 618.554111480713 652.980644226074 489.63508605957 560.156545639038 575.892827987671 602.328476190567 624.919431686401 587.689284801483
451.483680725098 483.4739112854 394.850189208984 524.372413635254 460.847511291504 491.826637268066 459.161659240723 462.118492126465 479.073913574219 636.068557739258 576.783320426941 638.778305053711 700.873229980469 725.147735595703 450.812614440918 613.476013183594 636.902847290039 535.273403167725 594.810882568359 825.764373779297 641.601345062256 502.01936340332 553.57723236084 612.397352218628 734.435356140137 605.243553161621 585.004230499268 823.106842041016 565.622041702271 607.523239135742 571.736678600311 456.153213500977 659.8779296875 521.647834777832 502.271381378174 485.123413085938 472.130195617676 609.689529418945 499.464782714844 491.480438232422 471.199584960938 440.305267333984 535.781681060791 638.78657913208 609.441078186035 667.70751953125 568.568081378937 541.076324462891 656.425109863281 762.232025146484
495.708347320557 493.0419921875 451.501861572266 544.250299930573 650.410621643066 678.85083770752 632.33829498291 577.271766662598 613.256725311279 693.267639160156 687.956909179688 799.414093017578 620.991369247437 735.210845947266 635.87060546875 579.542632997036 722.628997802734 601.865669250488 419.642913818359 629.495220184326 553.951694488525 574.881740093231 670.785209655762 745.340927124023 681.176357269287 731.709449768066 804.354095458984 635.57382106781 542.924476623535 654.410430908203 676.46459197998 630.571434020996 529.644033432007 687.403137207031 442.072418212891 608.288387298584 483.122215270996 517.860794067383 497.099884033203 483.197380065918 518.120365142822 586.371832847595 708.381912231445 677.216514587402 716.588409423828 708.864822387695 553.40258026123 530.717938423157 605.233576774597 621.177577972412
530.368938446045 449.423706054688 617.727653503418 501.128566741943 796.948547363281 732.613265991211 622.792266845703 560.855925559998 687.432998657227 675.769203186035 596.846111297607 579.57354259491 476.290023803711 562.41641998291 520.623580932617 679.009963989258 679.670372009277 549.771347045898 448.613441467285 528.795631408691 520.650512695312 557.914966464043 696.932800292969 665.424129486084 689.429481506348 720.935653686523 890.454277038574 489.855804443359 564.551109313965 637.949218273163 592.006982803345 505.359729766846 455.550857543945 552.470932006836 686.218643188477 620.741664886475 525.012180328369 505.668380737305 595.038823843002 559.674976348877 433.091339111328 645.246089935303 581.584449768066 687.563270568848 772.215377807617 665.09485244751 472.048446655273 558.104335784912 578.002967834473 568.013946533203
531.372844696045 417.591369628906 449.935203552246 585.110368728638 520.907203674316 480.276718139648 566.901879191399 658.968215942383 708.626693725586 684.488357543945 670.209045410156 599.893348693848 555.458151817322 437.974449157715 568.790084600449 681.789993286133 728.088012695312 630.493202209473 704.74390411377 567.425388336182 548.684261322021 545.158805847168 531.167898178101 564.212890625 603.430200576782 629.702480316162 707.653762817383 630.327138900757 609.336223602295 657.864231109619 658.064079284668 675.841438293457 442.619163513184 500.31192779541 603.463663101196 618.511165618896 543.845249176025 553.992073059082 587.578723907471 565.091690063477 556.411790847778 543.874706268311 572.671535491943 653.572841644287 651.964563369751 469.681030273438 582.521249771118 590.922515869141 647.751984596252 578.070907592773
524.050096511841 346.876098632812 476.982246398926 581.906169891357 527.817855834961 492.778991699219 431.00602722168 508.036087036133 450.155967712402 604.863697052002 732.679077148438 702.077659606934 561.157720565796 420.206405639648 586.968542098999 658.254219055176 643.766857147217 612.317452430725 511.113334655762 615.291927337646 462.072288513184 480.41153717041 510.115005493164 634.667121887207 616.09700012207 601.846426010132 617.556423187256 765.565456390381 629.922855377197 623.181999206543 711.602840423584 787.024765014648 639.820760726929 631.26643371582 609.061695337296 566.312658309937 486.095352172852 421.890396118164 505.410224914551 541.34884262085 550.088558197021 822.188186645508 594.688507080078 738.136611938477 747.469802856445 545.859886169434 683.802047729492 780.005126953125 693.276954650879 671.468971252441
598.43416595459 550.013107299805 638.310367584229 577.874600410461 580.347627639771 571.034830570221 327.493057250977 422.600631713867 608.770421624184 520.243827819824 638.924957275391 559.741788864136 493.630416870117 457.453964233398 584.251076698303 616.162425994873 521.332035064697 522.210731506348 662.118495941162 672.89421081543 531.390491485596 619.942684173584 546.800350189209 502.327835083008 485.461158752441 479.163696289062 567.931701660156 629.00901222229 576.403450012207 744.308780670166 706.29940032959 778.998458862305 765.119956970215 730.275886535645 672.726833343506 665.024049758911 570.186103820801 535.358184814453 701.626289367676 601.421398162842 628.728204727173 772.582122802734 797.381408691406 708.42423248291 673.859302520752 629.988102912903 629.85400390625 731.199188232422 549.479736328125 557.436279296875
573.459133148193 597.290237426758 659.27059173584 686.639289855957 633.674606323242 525.832855224609 515.885776519775 567.039028167725 624.351829528809 662.27815246582 540.122172355652 471.103820800781 579.525335073471 527.083381652832 453.765647888184 436.738128662109 488.854202270508 575.69217300415 566.999314308167 640.274810791016 553.26139831543 660.715026855469 501.61328125 674.883079528809 480.033447265625 463.520050048828 481.977920532227 477.524238586426 594.098583221436 815.907913208008 683.622715950012 590.259033203125 672.014309883118 728.21431350708 856.78190612793 661.766089916229 526.199485778809 618.970504760742 741.313858032227 629.239990234375 627.218338012695 565.513252258301 724.359008789062 559.351898193359 643.672927856445 532.243041992188 532.19800567627 526.705413818359 494.616836547852 603.759187698364
591.840436935425 626.696437835693 557.202156066895 436.502960205078 456.980247497559 595.349395751953 624.442665100098 655.445861816406 618.760578155518 479.605445861816 437.375053405762 531.739917755127 567.699582099915 497.060352325439 306.525085449219 359.491455078125 462.154914855957 662.039779663086 574.436288207769 627.165035247803 597.510469436646 626.971977233887 658.251968383789 532.953552246094 533.806827545166 538.888710021973 497.691551208496 546.909580230713 519.590637207031 753.86279296875 780.580947875977 593.875494003296 720.881000518799 632.373031616211 600.059898376465 580.150157928467 634.408853530884 581.481758117676 624.3326420784 612.600410461426 785.126594543457 808.846740722656 589.214797973633 573.914833068848 696.521696090698 684.269306182861 545.462013244629 640.164157867432 601.045154571533 781.75691986084
488.750682830811 545.185112476349 475.473335266113 433.565780639648 422.28002166748 652.115142822266 588.049713134766 622.232105255127 514.058071136475 511.00696182251 576.44673833251 659.17847442627 586.775359153748 492.176391601562 420.090316772461 328.304382324219 390.536743164062 554.984933853149 584.895516395569 615.108627319336 778.023788452148 629.449398040771 686.73136138916 650.678393363953 584.770305633545 572.979080200195 555.440525054932 608.191418647766 645.175098419189 604.116508483887 662.460163265467 683.673202514648 663.308169364929 755.612030029297 716.64217376709 547.773139953613 490.473556518555 562.386016845703 532.002403259277 659.049411773682 580.398559570312 503.807319641113 688.691326141357 820.236117839813 809.523067474365 636.419749736786 677.7873878479 586.805721282959 671.180227279663 655.428924560547
617.715747833252 661.937767028809 615.794227600098 503.083740234375 571.058629989624 601.052211761475 777.60823059082 646.484603881836 542.235679626465 500.043823242188 541.944498062134 605.841423034668 587.034736633301 611.937210083008 361.678329467773 365.41975402832 451.567710876465 592.221607208252 564.244193077087 573.373611211777 533.028133392334 619.445407867432 591.060571670532 645.495002746582 607.662272930145 681.774242401123 714.747543334961 587.046049185097 581.620864868164 550.597694396973 679.744239807129 739.616882324219 644.22647857666 722.363941192627 671.056174278259 606.86079788208 547.613132476807 561.628318786621 638.799934387207 745.803764343262 636.443970680237 533.029342651367 534.007766723633 780.807518005371 712.938781738281 653.59369134903 598.695356369019 556.276100158691 525.933074951172 543.300186157227
605.481353759766 546.723545074463 616.836357116699 571.275833129883 667.38712310791 643.930236816406 810.064712524414 702.979110717773 585.552067756653 491.67992401123 524.097579956055 473.908271789551 442.880355834961 495.809745788574 486.62149810791 325.575607299805 558.124221920967 620.689872741699 540.396099328995 444.715042114258 536.424640655518 618.879261016846 563.54659986496 592.996122360229 560.513162612915 622.613544464111 674.902320861816 710.839767456055 596.988036632538 585.919900894165 621.929183959961 727.700073242188 610.939587593079 529.85816192627 686.264282226562 580.031219482422 571.499610900879 654.032600402832 708.844772338867 604.221689224243 496.823471069336 563.520950317383 407.770736694336 506.535469055176 560.390228271484 567.507041931152 674.4990234375 706.285140991211 586.241634368896 669.787071228027
597.729831695557 614.980754852295 766.033233642578 695.014083862305 749.044158935547 799.075622558594 795.118774414062 612.754402160645 664.144763946533 569.314270973206 558.478400230408 486.684265136719 584.191084623337 622.016870498657 598.893692016602 501.110244750977 522.0212059021 612.383632659912 650.130989074707 542.958805084229 493.197898864746 685.759635925293 746.773788452148 689.253112792969 613.197885513306 555.788837432861 818.032897949219 599.756216049194 520.3625831604 544.567852020264 561.428997039795 540.926948547363 585.846616744995 458.945709228516 642.65548324585 453.74658203125 578.251075744629 652.257343292236 675.580238342285 742.624320983887 591.678165435791 681.096881866455 548.10164642334 566.32201385498 563.206695556641 571.583675384521 631.936899185181 539.848644256592 611.200370788574 639.444959640503
621.409362792969 617.836738586426 642.071716308594 739.535720825195 711.724456787109 682.413269042969 707.805709838867 706.062088012695 484.818683624268 391.062927246094 496.310249328613 638.899868011475 651.032112121582 615.872169494629 518.739192962646 535.682872772217 538.03709602356 640.308502197266 639.714988708496 533.958374023438 506.2958984375 534.535831451416 543.111114501953 656.226974487305 582.047728538513 533.007476806641 548.041862487793 506.384521484375 632.582498550415 436.611236572266 589.71928024292 616.193378448486 533.303833007812 608.977443695068 663.094482421875 619.516997337341 644.814094543457 733.016151428223 805.439407348633 667.811096191406 650.697110176086 752.282890319824 570.696098327637 591.992101669312 712.70149230957 616.999917030334 657.246301651001 596.888479232788 644.362836837769 707.254434585571
