simdem/realisation20.asc
NCOLS 350 
NROWS 171 
XLLCORNER 152620 
YLLCORNER 418050 
CELLSIZE 100 
NODATA_value -9999 
[rows 88 to 109 of 171, columns 0 to 49 of 350]
-9999 -9999 -9999 -9999 -9999 -9999 -9999 -9999 -9999 -9999 -9999 -9999 -9999 -9999 -9999 -9999 -9999 540.736465454102 348.97696685791 327.657114028931 205.937866210938 569.30451965332 606.288803100586 504.839393615723 313.734664916992 515.358459472656 434.375442504883 257.697547912598 654.482757568359 420.013023376465 202.314346313477 325.50012588501 415.976943969727 272.031799316406 397.626502990723 288.600952148438 440.29158115387 709.681098937988 663.068428039551 661.614963531494 667.601963043213 627.199165344238 456.549377441406 325.968650817871 351.010359764099 279.335960388184 397.980400085449 465.605163574219 645.245414733887 363.851667404175
-9999 -9999 -9999 -9999 -9999 -9999 -9999 -9999 -9999 -9999 -9999 -9999 -9999 -9999 -9999 -9999 -9999 547.251991271973 456.37845993042 262.34398651123 227.4501953125 456.904172897339 321.416839599609 429.001335144043 358.448791503906 659.041038513184 560.732414245605 943.019203186035 596.351411819458 358.296951293945 285.166984558105 510.287986755371 164.964736938477 396.408575057983 575.150684356689 644.724555969238 556.74334526062 735.22534942627 757.279251098633 446.575469970703 650.288360595703 808.733871459961 747.661712646484 495.115524291992 278.022438049316 296.836097717285 437.74112701416 547.614329338074 271.063491821289 363.133743286133
-9999 -9999 -9999 -9999 -9999 -9999 -9999 -9999 -9999 -9999 -9999 -9999 -9999 -9999 -9999 -9999 665.443511962891 587.573253929615 363.993770599365 341.117166519165 402.57763671875 420.075340270996 438.451278686523 333.157272338867 482.990516662598 510.719215393066 445.165870666504 501.86519575119 552.09415435791 238.65259552002 444.3935546875 554.882194519043 369.852845191956 598.177525520325 515.294258117676 490.994178771973 788.934151649475 664.09659576416 579.437356948853 398.066848754883 163.63249206543 446.817016601562 668.404670715332 328.495532989502 510.045799255371 540.934343338013 427.733118057251 418.938980102539 447.057266235352 355.279418945312
-9999 -9999 -9999 -9999 -9999 -9999 -9999 -9999 -9999 -9999 -9999 -9999 -9999 -9999 -9999 -9999 578.689277648926 453.878486633301 493.940024375916 423.470115661621 466.202533721924 562.76655960083 448.986351013184 317.993469238281 461.942077636719 365.425155639648 479.201728820801 656.368072509766 613.720183372498 349.535484313965 465.059005737305 313.257659912109 284.521621704102 518.969589233398 791.436769485474 470.63277053833 685.957140922546 774.03694152832 561.562246322632 234.942560017109 324.241371154785 241.348854064941 202.772933959961 57.0957946777344 524.632591247559 310.499412536621 288.967342376709 384.034042358398 410.294746398926 295.803491592407
-9999 -9999 -9999 -9999 -9999 -9999 -9999 -9999 -9999 -9999 -9999 -9999 -9999 -9999 -9999 632.117710113525 495.135955810547 363.890266418457 413.964935302734 564.447452545166 548.54175567627 459.971618652344 499.155868530273 792.633666992188 472.651912689209 730.888590812683 485.756912231445 353.527309417725 726.386352539062 602.792903900146 622.29328918457 771.065103769302 643.318428039551 365.360363006592 634.768417358398 771.862449645996 699.659521102905 696.858081817627 765.76863861084 223.578001976013 193.160049438477 209.107597351074 114.801025390625 69.0465716868639 473.168060302734 298.715190887451 386.436126708984 386.954170227051 534.011978149414 319.787132263184
-9999 -9999 -9999 -9999 -9999 -9999 -9999 -9999 -9999 -9999 -9999 -9999 -9999 -9999 -9999 631.940944671631 480.260181427002 410.137718200684 478.217979431152 469.922932624817 532.662824630737 309.703643798828 631.945510864258 754.906234741211 896.002498626709 443.129081726074 383.320526123047 273.951477050781 606.476573944092 531.373756408691 455.91943359375 320.808609008789 337.249557495117 248.00447845459 562.196014404297 634.615587234497 599.698802947998 671.346483588219 653.757890701294 212.382488250732 305.32155418396 222.85920715332 175.372802734375 274.035827636719 389.554718017578 432.18766784668 290.32405090332 437.097671508789 371.011192321777 400.914016723633
-9999 -9999 -9999 -9999 -9999 -9999 -9999 -9999 -9999 -9999 -9999 -9999 -9999 -9999 638.727752685547 496.332372903824 576.934028625488 432.51713180542 440.413551330566 415.105469703674 538.158351898193 488.190723419189 508.420776367188 700.307907104492 440.579093933105 520.715831756592 512.087364196777 240.966934204102 399.944732487202 333.62565612793 422.174850463867 303.777214050293 358.63005065918 291.1823387146 264.330383300781 594.66300201416 610.389812469482 736.265331268311 -9999 -9999 311.565280914307 200.857498168945 -39.724365234375 192.658500671387 320.812271118164 454.679092407227 526.932807922363 533.73272895813 287.413501739502 378.220779418945
-9999 -9999 -9999 -9999 -9999 -9999 -9999 -9999 -9999 -9999 -9999 -9999 -9999 -9999 771.506286621094 629.427955627441 658.201370239258 380.746681213379 439.97947883606 586.465246200562 502.631238698959 738.200736999512 341.752685546875 569.19730758667 474.890815734863 478.369270324707 593.090042114258 687.822603225708 649.301475524902 667.78674697876 411.317260742188 175.418228149414 257.827686309814 415.217590332031 266.582916259766 -9999 -9999 -9999 -9999 -9999 -9999 -9999 97.7826995849609 207.42165184021 336.550910949707 394.033767700195 536.151138305664 743.126113891602 436.611602783203 363.700721740723
-9999 -9999 -9999 -9999 -9999 -9999 -9999 -9999 -9999 -9999 -9999 -9999 -9999 540.985855102539 516.976811408997 558.264949798584 468.609428405762 173.690502166748 346.64297580719 467.94761133194 675.899845123291 720.594429016113 995.448964118958 530.007152557373 482.469902038574 643.983341217041 744.691162109375 701.759437561035 650.081672668457 761.382633209229 504.635749816895 291.701080322266 284.024688720703 157.771438598633 326.341707229614 -9999 -9999 -9999 -9999 -9999 -9999 -9999 -9999 159.599296569824 267.818691253662 313.624519348145 297.477104187012 362.102017402649 524.811866760254 286.778311729431
-9999 -9999 -9999 -9999 -9999 -9999 -9999 -9999 -9999 -9999 -9999 -9999 -9999 540.267204284668 484.038837432861 429.033214569092 117.141632080078 21.8387298583984 190.747337341309 491.192855834961 602.970668792725 444.701222896576 650.447032928467 645.613876342773 644.095024108887 762.316329956055 803.569717407227 696.518440246582 594.989346504211 641.817153930664 347.884925842285 442.42938041687 503.336006164551 414.030788421631 -9999 -9999 -9999 -9999 -9999 -9999 -9999 -9999 -9999 -9999 242.919260978699 259.376976013184 237.428340911865 164.564346313477 428.149753212929 276.323467254639
-9999 -9999 -9999 -9999 -9999 -9999 -9999 -9999 -9999 -9999 -9999 -9999 517.975434303284 511.711963653564 456.537580490112 417.62975692749 567.681324005127 386.733871459961 605.959892272949 564.66552734375 591.6020154953 437.872596740723 602.467437744141 552.199907898903 601.958299636841 682.616928100586 780.512405395508 615.422188282013 695.615723609924 514.66153717041 583.280380249023 565.64478302002 581.403762817383 -9999 -9999 -9999 -9999 -9999 -9999 -9999 -9999 -9999 -9999 -9999 363.313903808594 299.348899841309 401.00048828125 235.619438171387 417.560393333435 542.001350402832
-9999 -9999 -9999 -9999 -9999 -9999 -9999 -9999 -9999 -9999 -9999 473.773995876312 564.173309326172 407.776853561401 428.471077442169 283.385765075684 551.269248962402 508.803070068359 469.178237915039 561.526084899902 482.075897216797 962.830612182617 461.154266357422 489.188627243042 625.923664093018 746.152297973633 695.145614624023 721.768398284912 704.711402893066 456.908401489258 431.205055236816 545.630153656006 729.28759765625 -9999 -9999 -9999 -9999 -9999 -9999 -9999 -9999 -9999 -9999 -9999 -9999 320.126312255859 210.401763916016 135.79296875 278.667469024658 503.581695556641
-9999 -9999 -9999 -9999 -9999 -9999 -9999 -9999 -9999 -9999 -9999 446.313640594482 418.368877410889 369.545261383057 305.808113098145 234.331741333008 460.303131103516 437.161193847656 532.187545776367 611.402173995972 580.13752746582 465.745491027832 488.339950561523 509.864814758301 540.376308441162 598.731006622314 758.048496246338 566.561515331268 512.15301322937 494.102390289307 447.46938419342 535.058605194092 -9999 -9999 -9999 -9999 -9999 -9999 -9999 -9999 -9999 -9999 -9999 -9999 -9999 424.963655471802 305.186233520508 409.460693359375 461.562606811523 319.453399658203
-9999 -9999 -9999 -9999 -9999 -9999 -9999 -9999 -9999 -9999 590.955791473389 404.412502288818 407.166139602661 422.338527679443 248.27490234375 435.050079345703 572.779327392578 612.048305511475 590.817569732666 490.836708068848 493.591344833374 719.803848266602 582.969795942307 687.304054260254 548.27889251709 597.763259887695 351.377883911133 449.687629699707 332.920013427734 530.108757019043 570.593444824219 -9999 -9999 -9999 -9999 -9999 -9999 -9999 -9999 -9999 -9999 -9999 -9999 -9999 -9999 -9999 462.79305267334 441.747786521912 221.175308227539 259.166511535645
-9999 -9999 -9999 -9999 -9999 -9999 -9999 -9999 -9999 -9999 506.186910629272 452.649865150452 494.45626449585 294.993488311768 245.070114135742 334.175857543945 495.847396850586 442.020424842834 523.699010848999 602.151023864746 424.929191589355 546.713006973267 609.004735946655 635.214488983154 612.489105224609 422.885526657104 325.61946105957 77.7914276123047 290.097915649414 273.927207946777 -9999 -9999 -9999 -9999 -9999 -9999 -9999 -9999 -9999 -9999 -9999 -9999 -9999 -9999 -9999 -9999 -9999 437.204742431641 230.53385925293 241.220405578613
-9999 -9999 -9999 -9999 -9999 -9999 -9999 -9999 -9999 558.709808349609 538.915252685547 394.795833587646 303.407779693604 403.645408630371 421.319353103638 347.48860168457 457.019412994385 494.485137939453 543.618344306946 1117.10493469238 427.395484924316 488.967166900635 488.96671295166 732.11727142334 340.740465164185 329.587482452393 201.982528686523 78.5040130615234 181.843952178955 206.042078971863 -9999 -9999 -9999 -9999 -9999 -9999 -9999 -9999 -9999 -9999 -9999 -9999 -9999 -9999 -9999 -9999 -9999 -9999 215.247222900391 449.752067565918
-9999 -9999 -9999 -9999 -9999 -9999 -9999 -9999 521.281240463257 456.885967254639 463.066307067871 342.557723999023 386.100391387939 412.834930419922 411.717979431152 516.164825439453 416.562561035156 623.2099609375 354.530059814453 434.546615600586 528.477220535278 516.919647216797 602.036491394043 320.258916854858 302.197994232178 291.778240203857 77.1795196533203 171.8525390625 157.700077056885 -9999 -9999 -9999 -9999 -9999 -9999 -9999 -9999 -9999 -9999 -9999 -9999 -9999 -9999 -9999 -9999 -9999 -9999 -9999 -9999 889.330070495605
-9999 -9999 -9999 -9999 -9999 -9999 -9999 -9999 445.375799179077 330.268196105957 440.801778793335 458.019525527954 473.506980895996 691.002593994141 488.439889907837 506.78995513916 497.476768493652 440.919998168945 754.04118347168 305.466400146484 414.545875549316 557.251413345337 679.57250213623 108.906448364258 301.882808685303 293.049209594727 209.88560295105 123.087951660156 -9999 -9999 -9999 -9999 -9999 -9999 -9999 -9999 -9999 -9999 -9999 -9999 -9999 -9999 -9999 -9999 -9999 -9999 -9999 -9999 -9999 -9999
-9999 -9999 -9999 -9999 -9999 -9999 -9999 275.297225952148 269.709533691406 362.814888000488 436.019424438477 531.408966064453 447.271947860718 624.448570251465 472.796169281006 518.545272827148 600.797424316406 601.130244255066 503.196082115173 333.635807037354 320.144386291504 491.943908691406 231.493049621582 382.347587585449 181.947757720947 272.877243041992 303.922710418701 226.760800361633 -9999 -9999 -9999 -9999 -9999 -9999 -9999 -9999 -9999 -9999 -9999 -9999 -9999 -9999 -9999 -9999 -9999 -9999 -9999 -9999 -9999 -9999
-9999 -9999 -9999 -9999 -9999 -9999 394.513568878174 327.483741760254 434.153656005859 483.857767105103 484.02329158783 466.690375328064 583.450029373169 582.732473373413 477.747482299805 400.989723205566 652.671768188477 775.934814453125 474.288787841797 430.674243927002 329.088585853577 508.054901123047 290.285308837891 184.503192901611 228.208106994629 268.526336669922 240.800443172455 -9999 -9999 -9999 -9999 -9999 -9999 -9999 -9999 -9999 -9999 -9999 -9999 -9999 -9999 -9999 -9999 -9999 -9999 -9999 -9999 -9999 -9999 -9999
-9999 -9999 -9999 -9999 421.809982299805 442.851899147034 508.979537963867 201.228595733643 144.945663452148 471.880973815918 394.367477416992 533.837738037109 565.994504928589 507.860736131668 418.588054656982 437.505409240723 676.323091506958 353.879600524902 361.731470942497 520.706329107285 639.22061920166 729.418382644653 92.9768218994141 -71.1527252197266 -60.7132720947266 45.7310791015625 -9999 -9999 -9999 -9999 -9999 -9999 -9999 -9999 -9999 -9999 -9999 -9999 -9999 -9999 -9999 -9999 -9999 -9999 -9999 -9999 -9999 -9999 -9999 -9999
415.859680175781 315.30016708374 325.295345306396 553.632987976074 457.324178218842 486.221775054932 481.799596786499 465.640225410461 199.945150375366 359.74161529541 481.368263244629 479.909694671631 554.51815032959 444.122444152832 407.433891296387 554.927780151367 782.182739257812 240.193176269531 336.893920898438 639.420890808105 609.894912719727 358.939002990723 162.346733093262 16.9547462463379 23.0297431945801 -0.309104919433594 -9999 -9999 -9999 -9999 -9999 -9999 -9999 -9999 -9999 -9999 -9999 -9999 -9999 -9999 -9999 -9999 -9999 -9999 -9999 -9999 -9999 -9999 -9999 -9999
