simdem/realisation22.asc
NCOLS 350 
NROWS 171 
XLLCORNER 152620 
YLLCORNER 418050 
CELLSIZE 100 
NODATA_value -9999 
[rows 22 to 43 of 171, columns 250 to 299 of 350]
863.698665618896 848.846942901611 801.246068954468 940.166046142578 900.686063766479 1031.09635925293 1095.34474182129 833.076820373535 823.434875488281 704.750007629395 637.370452880859 649.467222213745 768.323097497225 594.318450927734 670.792200088501 786.976497650146 756.631828308105 667.156761169434 638.300888061523 655.337585449219 811.97289276123 884.477264404297 859.817504882812 867.097682952881 767.779689788818 986.040313720703 1038.18899536133 944.943252563477 954.324356079102 872.17388343811 846.278884887695 -9999 -9999 -9999 -9999 -9999 -9999 -9999 -9999 -9999 -9999 -9999 -9999 -9999 -9999 -9999 -9999 -9999 -9999 -9999
875.430702209473 831.594696044922 709.110538482666 860.900905609131 718.25520324707 853.783950805664 1022.84539794922 957.888229370117 1029.87117004395 903.494232177734 1045.92072677612 931.87247467041 863.648671627045 841.160379648209 754.057426452637 852.524639129639 944.514537811279 708.435180664062 455.517700195312 619.213348388672 691.941305160522 746.131198883057 826.250930786133 764.786193847656 792.749160766602 685.027093887329 803.638172149658 930.1865234375 1041.37908935547 835.595809936523 755.6953125 1067.71660995483 949.590827941895 1057.69131469727 -9999 -9999 -9999 -9999 -9999 -9999 -9999 -9999 -9999 -9999 -9999 -9999 -9999 -9999 -9999 -9999
582.253860473633 1271.29364204407 1068.94264221191 789.816460132599 814.763072371483 612.888763427734 901.184978485107 1011.20465087891 922.806687355042 837.405426025391 847.525192260742 1038.71414375305 1090.11767578125 809.497884750366 695.597923278809 839.378406524658 1169.77149963379 745.139991760254 799.958122253418 740.805557250977 866.546237945557 975.548187255859 952.61149597168 730.121147155762 824.977996826172 688.02428817749 830.811804771423 867.685325622559 1072.16516113281 830.234664916992 997.229568481445 1115.40657043457 916.349472045898 866.577682495117 988.081008911133 1135.20022583008 915.694072723389 -9999 -9999 -9999 -9999 -9999 -9999 -9999 -9999 -9999 -9999 -9999 -9999 -9999
741.406555175781 839.720968484879 771.832183837891 781.199115753174 775.705860137939 670.465560913086 925.385449409485 904.01824092865 927.387325286865 957.807209014893 832.256507873535 800.108963012695 910.438522338867 1051.51327753067 902.399124145508 898.422739028931 1031.62410736084 910.87858581543 817.147590637207 840.636909484863 1149.49618530273 1122.46148681641 1161.10827636719 942.435474872589 812.121063232422 676.886154174805 772.38981628418 995.444915771484 1031.65686035156 895.723403930664 737.246650695801 1077.93606567383 833.193099975586 926.965469360352 959.022289276123 995.341766357422 748.455938339233 821.772285461426 809.09557723999 715.127670288086 777.241432189941 -9999 -9999 -9999 -9999 -9999 -9999 -9999 -9999 -9999
639.103988647461 882.128944396973 892.601497650146 765.102035522461 798.417366027832 681.439575195312 580.550415039062 735.172966003418 818.547782897949 808.624633789062 870.496278762817 955.663375854492 921.919738769531 1188.81120300293 955.044227600098 993.010058403015 1101.48239135742 867.57922744751 805.088539123535 903.604172945023 964.161140441895 900.588582992554 1238.14256286621 1129.70295333862 918.354970932007 931.665794372559 922.844933509827 969.35551071167 993.981456756592 808.173667907715 716.992309570312 810.838448286057 808.197088837624 621.5598487854 528.82731628418 881.086883544922 693.236404418945 768.342212677002 676.217544555664 719.516399383545 574.629913330078 701.95964050293 956.297649383545 1100.96156311035 1233.78961181641 -9999 -9999 -9999 -9999 -9999
897.114692687988 766.48193359375 834.481702804565 835.001243591309 890.567853927612 703.322006225586 982.912063598633 844.759166717529 845.833854675293 940.193476676941 776.67179107666 657.910980224609 621.945892333984 1991.33903503418 1074.29246520996 1112.9912109375 709.367492675781 924.902206897736 1009.57308197021 836.899326324463 802.412048339844 934.809463500977 893.90055847168 1005.14566421509 1097.19722270966 1079.61998558044 1126.21293640137 986.134017944336 1118.63690185547 886.57413482666 788.126428604126 967.40510559082 811.002172470093 605.975012779236 519.473899841309 460.50910949707 873.321082115173 757.586547851562 796.534282684326 652.826988220215 591.406539916992 625.657150268555 895.85929107666 933.054811477661 1000.09587097168 958.985491633415 909.142353057861 731.193656921387 806.872644424438 832.102283477783
900.64469909668 814.751638650894 788.289848327637 873.635307312012 884.78963470459 839.770376205444 845.069995880127 767.145151138306 810.026857376099 759.048820495605 694.991333007812 581.652496337891 490.762298583984 1826.86499023438 852.559412956238 842.824171066284 787.301856994629 771.550258636475 793.836544036865 984.717184066772 1048.94337844849 709.736137390137 900.132846832275 1041.34711170197 1204.26753234863 945.699478149414 1056.67236328125 915.702831268311 1036.36388778687 995.471084594727 966.209993362427 950.757507324219 1016.53076934814 566.970901489258 656.903514862061 293.872253417969 729.675140380859 839.844108581543 836.992449760437 935.19645690918 724.321411132812 606.463424682617 744.80845451355 984.299919128418 900.045127868652 832.157485961914 888.374809265137 703.674728393555 678.577499389648 742.808849334717
820.459427833557 815.319911956787 744.904998779297 839.255589485168 740.191329956055 787.19331741333 949.247177124023 758.125637054443 548.162551879883 694.031402587891 760.417083740234 512.841430664062 922.578674316406 555.388366699219 750.27059173584 781.78955078125 973.570640563965 790.309150695801 919.803747177124 786.219543457031 821.162288665771 897.400650024414 1039.22219467163 919.105258345604 874.587108612061 1423.35086297989 999.502956390381 1212.24981689453 1145.40244293213 1034.35311412811 970.397720336914 839.513305664062 1045.66467952728 648.866600036621 830.141813278198 906.864570617676 828.683456420898 842.237640380859 863.419357299805 886.449928283691 857.138221740723 608.390060424805 681.63117980957 685.046432495117 761.021186828613 827.542140960693 412.452835083008 329.490737915039 487.25537109375 774.467496871948
875.186798095703 938.263961791992 760.359273910522 809.537174224854 643.867111206055 676.35523223877 871.961242675781 862.268348693848 766.105010986328 759.298080444336 758.03450012207 590.024566650391 1391.55578613281 430.144470214844 702.778366088867 775.959133148193 1000.32042694092 799.947769165039 961.564605712891 849.539443969727 974.109512329102 957.483200073242 928.999847412109 817.380611419678 797.975673675537 920.452407836914 789.769546508789 936.695571899414 762.186767578125 903.059501647949 899.079340934753 1218.61547088623 922.845914840698 936.75260925293 852.524885177612 898.26451086998 864.694381713867 912.503509521484 918.680438995361 989.288318634033 906.668281853199 801.901931762695 745.564819335938 769.979293823242 894.475165367126 827.288719177246 709.220504760742 405.156524658203 685.659301757812 1066.7428894043
896.375190734863 1020.2945098877 799.548599243164 737.582061767578 708.261901855469 859.53874206543 652.309707641602 788.488847732544 794.066607475281 731.223705291748 777.631944179535 1130.72378540039 736.996307373047 593.499374389648 780.482841491699 723.716682434082 786.567543029785 793.075477600098 833.594959259033 756.453872680664 811.282052516937 768.906368255615 769.727813720703 746.114566802979 796.59425163269 892.640701293945 839.436023712158 982.444854736328 905.996673583984 841.510409355164 761.045013427734 720.360069274902 764.024604797363 967.352638244629 997.398505210876 898.103366851807 788.127044677734 794.320503234863 808.01766204834 1308.13955688477 912.409843444824 942.769592285156 963.044626235962 856.411178588867 890.876591682434 696.270835876465 640.572547912598 479.324066162109 661.132467269897 1054.9373664856
710.461269378662 777.554426491261 890.737640380859 729.440940856934 794.807430267334 675.797050476074 704.742774963379 671.224464416504 849.157928466797 848.151531219482 974.82682800293 1486.0623588562 747.805713653564 632.445053100586 736.365997314453 733.858680725098 766.934295654297 666.375869750977 636.629013061523 743.031631469727 772.617652893066 777.00701713562 670.429573059082 671.035026550293 680.132049560547 877.035255432129 852.964000701904 828.309700012207 928.956130981445 849.859310150146 698.306732177734 709.637855529785 776.885223388672 886.44215631485 842.298802375793 809.522136688232 843.299363613129 869.07816696167 824.645889282227 769.033447265625 732.619178771973 810.040878295898 827.80704498291 1503.25788116455 822.390972137451 753.134052276611 938.950881958008 1050.91045951843 1080.9520149231 959.463214874268
714.069282531738 749.514335632324 791.205703735352 837.078575134277 776.485225915909 893.695068359375 947.730712890625 846.249732971191 885.649116516113 953.095779418945 1119.38834762573 878.018829345703 765.292169094086 678.936569213867 825.960834503174 818.979585647583 813.489758491516 625.640502929688 508.385299682617 585.02082824707 878.672080993652 796.95280456543 777.536249160767 663.246688842773 735.723550319672 780.409191131592 781.243057250977 807.477428436279 785.331164360046 814.091411590576 582.237579345703 668.825805664062 668.257629394531 666.341400146484 751.570182800293 839.639614105225 933.833847045898 834.564150810242 739.113243103027 668.040725708008 903.942733764648 902.551162719727 870.566513776779 743.355400085449 1329.80103302002 734.167478561401 755.84358215332 701.290580749512 1075.95049285889 998.326194763184
799.013122424483 790.667390823364 757.899072647095 845.916557312012 841.680503845215 798.221641540527 698.006553649902 747.559146881104 743.73140335083 1212.34198760986 667.935043334961 807.307662963867 900.431480407715 823.845121383667 765.971405029297 1003.23212242126 1067.92366695404 872.459564208984 715.842575073242 769.234680175781 857.656665802002 767.12117767334 772.792063713074 735.180473327637 794.414539337158 692.230400085449 717.06925201416 765.377048492432 899.765563964844 782.653676271439 766.630069732666 785.602619171143 760.750823974609 715.496704101562 863.312004089355 948.672882080078 840.432405471802 861.887870788574 804.242151260376 765.963706970215 917.153419494629 863.939366817474 688.63916015625 628.022644042969 793.308624267578 1386.44083046913 837.795486450195 870.444351196289 1137.48262786865 1048.03573894501
678.687072753906 789.823238372803 816.093414306641 768.72837305069 674.319473266602 824.27917098999 748.777183532715 717.148189544678 672.721778869629 906.819808959961 715.730773925781 578.355895996094 680.375297546387 882.584465026855 792.925472259521 799.507102966309 988.121114730835 940.82400894165 733.805351257324 712.42692565918 901.788459777832 868.675842285156 824.160350799561 680.536231994629 588.651260375977 698.808212280273 744.019798278809 690.44514465332 788.549716949463 747.812652587891 673.598373413086 728.683631896973 767.536874771118 754.347221374512 834.753288269043 737.933212280273 742.309173583984 780.175806045532 660.344802856445 669.478134155273 745.522106170654 664.060195922852 774.310703277588 700.347137451172 815.173042297363 973.564437866211 801.496429443359 1190.13986206055 998.04207611084 872.3505859375
724.796264648438 809.554397583008 711.301681518555 685.691623687744 754.176987171173 814.095752716064 767.691612243652 771.252711296082 1026.25847625732 769.794666290283 697.558658599854 693.276275634766 644.604217529297 833.223588943481 1216.10513305664 889.333617687225 862.045406341553 942.208106994629 1111.59145355225 760.308609008789 809.599707126617 885.982391357422 857.186782836914 673.301719665527 765.652334213257 897.070568084717 771.318365097046 816.31517791748 797.51166343689 784.372081756592 755.155380249023 748.768714904785 809.80434513092 830.445117950439 750.064777374268 742.907524108887 839.770761013031 738.647613525391 643.725601196289 742.318290710449 767.718948364258 749.756973266602 705.352600097656 702.185256958008 734.39673614502 804.425170898438 933.144528388977 671.863189697266 902.456588745117 964.541786193848
606.512054443359 830.806999206543 712.468587875366 654.303688049316 763.377513885498 745.345127105713 897.578903198242 903.56788867712 708.21329498291 665.686210632324 693.400318145752 827.595299243927 770.378284454346 1057.53981399536 1089.28692245483 772.161689758301 647.449424743652 613.372985839844 1211.95642089844 645.465454101562 631.126022338867 914.549346923828 767.627576828003 793.704342842102 792.325818061829 1007.93406677246 814.791652679443 864.061546325684 923.045227050781 852.016530990601 790.238670349121 765.414325714111 902.794292449951 814.593830108643 953.839706420898 882.281524658203 868.099578857422 774.029804229736 707.184127807617 773.969131469727 774.994369506836 604.504348754883 664.408615112305 656.956146240234 664.833099365234 677.78108215332 804.828308105469 671.529006958008 791.709548950195 891.944919586182
789.30101776123 792.903018951416 630.791946411133 670.855117797852 845.296051025391 819.241142272949 815.971855163574 639.66552734375 802.655300140381 698.193714141846 1271.78956985474 818.970405578613 1053.84451293945 1019.25940704346 818.579399108887 833.078498840332 771.939483642578 1557.32180786133 621.985275268555 1425.55125045776 1321.6885433197 857.069540023804 625.045715332031 803.551647186279 775.707664489746 933.625076293945 955.307273864746 931.294868469238 896.128183364868 728.222114562988 800.642848968506 842.489772796631 897.600830078125 917.637641906738 896.862571716309 834.949190139771 814.993144035339 873.108852386475 795.853630065918 848.779101371765 719.784049987793 618.850494384766 584.380737304688 669.072860717773 708.357025146484 743.499565124512 820.984119415283 837.782783508301 821.786460876465 933.744281768799
840.430122375488 665.833686828613 734.418308317661 770.072624206543 679.774946212769 746.378161430359 726.479385375977 751.717239379883 677.565444946289 759.178115844727 646.474868774414 720.203353881836 786.110652923584 1275.73477172852 1013.11923217773 844.607482910156 596.243560791016 655.90022277832 752.634437561035 956.584381103516 1175.36929321289 697.041465759277 723.825550079346 835.324752807617 868.578468322754 893.869132995605 771.952411651611 860.969669342041 774.879867553711 922.888898849487 886.818349838257 840.258413314819 854.856237411499 737.554206848145 742.803657531738 769.463146209717 869.811672210693 879.477882385254 805.825983047485 937.45866394043 774.79093170166 663.427200317383 743.312080383301 862.909452438354 840.503192186356 713.21452331543 631.554244995117 874.5588722229 957.546325683594 844.130659103394
870.639389038086 558.015594482422 586.269287109375 772.568508148193 675.652454376221 783.805284500122 676.409275054932 732.133972167969 686.847579956055 634.203689575195 757.146057128906 630.355224609375 679.635848999023 924.05689907074 813.39916229248 1068.74036407471 494.050369262695 944.343154907227 719.300804138184 879.167922973633 841.478736877441 758.989147186279 712.41987991333 921.653396606445 688.13842010498 772.805072784424 760.909227371216 749.036808013916 715.078414916992 637.330780029297 753.149459838867 749.752952575684 1082.59953308105 922.391174316406 753.782482147217 728.387363433838 868.318252563477 935.719848632812 870.113056182861 891.338531494141 1095.71583557129 717.962944030762 741.605529785156 815.250804901123 889.71997833252 749.263534545898 796.569952011108 729.623649597168 838.788339138031 761.663398742676
650.150997161865 716.239998817444 686.720344543457 773.612236022949 795.574378967285 785.513738632202 764.714004516602 679.487598419189 685.980972290039 631.399566650391 1082.64218902588 957.069198608398 551.668190002441 655.714401245117 737.311730384827 810.449737548828 573.510833740234 669.039001464844 962.39451789856 903.585159301758 744.358652114868 811.468841552734 900.636123657227 689.305999755859 696.010566711426 753.60594367981 763.56015586853 695.574897766113 900.798877716064 773.113288879395 1050.64291381836 827.665411472321 844.206439971924 807.829666137695 752.749458312988 860.822952270508 1076.98725891113 836.57781124115 879.651428222656 966.799728393555 1159.78800582886 775.116947174072 840.568067550659 854.534824371338 800.738194465637 824.405885338783 719.274139404297 844.199556350708 988.010269165039 844.085519790649
763.161975860596 555.837158203125 652.029594421387 689.394706726074 914.671501159668 732.517761230469 681.5491065979 686.801975250244 824.533424377441 666.151481628418 1095.35764247179 1528.30736541748 849.70206451416 747.642353892326 798.847713470459 656.072792053223 630.971778869629 811.167533874512 821.441547393799 775.847763061523 872.129898071289 766.29540348053 823.344985961914 618.573043823242 686.149192810059 703.237884521484 770.993392944336 750.646808624268 651.826934814453 821.195243835449 703.737037658691 791.050308227539 914.388160705566 801.438816070557 800.480262756348 753.518173217773 966.613265991211 1202.13600158691 905.697154998779 1393.0192565918 914.22826385498 922.487670898438 811.813188374043 925.617080688477 797.710735321045 858.997265338898 691.208984375 768.802787780762 830.605818748474 863.566741228104
683.826181411743 711.855442047119 689.81356048584 775.766380310059 711.18065071106 691.085266113281 650.793518066406 649.570686340332 618.032585144043 705.26237487793 785.600807189941 800.118988037109 815.34984588623 676.740425109863 694.533294677734 729.73218536377 798.428300857544 756.627450942993 844.408477783203 833.691776275635 769.731435775757 845.691787719727 704.659111022949 687.750907897949 789.315912246704 822.356468200684 997.71022605896 887.017768859863 880.596000671387 1100.83358764648 855.718948364258 692.278087615967 843.425792694092 870.351081848145 833.188704490662 901.859428405762 860.273983001709 1112.50964355469 843.32360458374 763.967590332031 920.105926513672 854.851264953613 682.154983520508 762.73575592041 686.002914428711 825.78001499176 784.182281494141 738.049468994141 848.989067077637 956.388042449951
