simdem/realisation86.asc
NCOLS 350 
NROWS 171 
XLLCORNER 152620 
YLLCORNER 418050 
CELLSIZE 100 
NODATA_value -9999 
[rows 22 to 43 of 171, columns 250 to 299 of 350]
748.59366607666 836.119064331055 812.350198745728 920.506912231445 1039.59547424316 965.932121276855 1065.52195596695 823.191200256348 896.8206859231 754.076076745987 856.042472839355 714.38655090332 677.48609161377 786.78235244751 742.557521820068 737.502422332764 812.037298202515 840.807655334473 710.648803710938 756.657823562622 846.165664672852 908.699493408203 823.722915649414 917.823791503906 792.405782699585 854.380920410156 738.420539855957 709.585403442383 690.590682983398 954.227142333984 774.326293945312 -9999 -9999 -9999 -9999 -9999 -9999 -9999 -9999 -9999 -9999 -9999 -9999 -9999 -9999 -9999 -9999 -9999 -9999 -9999
659.159652709961 643.394218444824 726.63306427002 839.583307266235 735.88073348999 898.164863586426 1010.2841835022 1077.96036148071 1103.08208465576 1084.70191955566 1121.05145263672 785.295631408691 883.190442085266 705.044082641602 770.558309555054 797.382011413574 882.335582733154 907.2548828125 722.704721450806 638.706024169922 757.270313262939 656.385845184326 668.194717407227 702.445205688477 632.897891998291 598.711502075195 674.03742980957 672.837051391602 728.119331359863 795.708126068115 698.721221923828 1107.50316619873 884.748180389404 693.754333496094 -9999 -9999 -9999 -9999 -9999 -9999 -9999 -9999 -9999 -9999 -9999 -9999 -9999 -9999 -9999 -9999
534.363311767578 1086.63009643555 1103.35899353027 810.518964767456 855.697254180908 849.994148254395 859.325131416321 1032.82454681396 1031.13965606689 897.150484085083 882.376754760742 943.520957946777 1011.28228855133 744.172981262207 698.897895812988 887.117588996887 882.892467498779 850.726890563965 796.069694519043 870.859325408936 847.601346969604 835.30578994751 813.468421936035 688.679039001465 565.527473449707 595.995414733887 815.791194915771 772.054420471191 954.338363647461 861.994895935059 874.9375 975.54216003418 886.253509521484 818.28205871582 917.358726501465 911.502975463867 714.732162475586 -9999 -9999 -9999 -9999 -9999 -9999 -9999 -9999 -9999 -9999 -9999 -9999 -9999
684.456237792969 679.748184204102 667.918006896973 736.081498146057 864.505340576172 859.556423187256 1010.97218322754 894.653644561768 985.263374328613 1011.00726318359 861.803890228271 928.736419677734 993.181057929993 1019.47818374634 972.949045181274 969.789196014404 967.724582672119 778.155853271484 804.878128051758 864.289413452148 1006.73848724365 1087.85992431641 1181.93911743164 982.749931335449 709.922496795654 785.367942810059 860.470321655273 803.547107696533 931.990447998047 933.886054992676 733.885417938232 1013.94854736328 829.736831665039 773.67520904541 956.248386383057 890.975541114807 566.581298828125 682.40584564209 777.144464492798 835.220474243164 1010.84555053711 -9999 -9999 -9999 -9999 -9999 -9999 -9999 -9999 -9999
743.03059387207 812.414379119873 952.275184631348 924.420280456543 940.958793640137 896.875030517578 872.909805297852 814.280532836914 949.653762817383 1015.85760498047 840.575879335403 971.77311706543 1021.00115966797 1313.97317504883 865.57048034668 1028.19420433044 1005.98076820374 768.092361450195 802.125564575195 924.027467727661 874.038076400757 1020.57518005371 1236.04722595215 1100.51622390747 791.127304077148 824.064758300781 939.890462398529 1031.43001556396 964.487466335297 917.635814666748 793.674758911133 801.751896381378 950.704956054688 562.080547332764 611.943545341492 864.992988586426 720.723106384277 639.067047119141 749.351173400879 810.549362182617 689.043601989746 750.301501274109 1052.64402008057 860.582382202148 1026.90398979187 -9999 -9999 -9999 -9999 -9999
707.851020812988 820.947675704956 846.792675971985 926.343292236328 815.555240631104 885.022136688232 1274.27912902832 791.507402420044 981.267425537109 996.373176574707 870.495657920837 795.088317871094 654.20686340332 1983.35316467285 806.901519775391 827.958572387695 745.963508605957 871.171432495117 883.256591796875 801.363159179688 871.078892707825 792.159629821777 906.386329650879 988.61661529541 1028.9609413147 1089.77408409119 1018.49449157715 998.40255355835 1091.47116088867 886.319786071777 855.199615478516 1000.5193862915 924.490791320801 601.690340399742 451.287063598633 510.020385742188 777.552993774414 805.002670288086 817.4196434021 581.074645996094 558.887664794922 796.762096405029 1041.5191116333 852.164772033691 898.424819946289 909.035507202148 999.637477874756 756.054347991943 783.094037055969 874.421759605408
760.695556640625 859.514060974121 875.116271972656 859.815093517303 865.650366783142 880.021398544312 798.423405647278 823.615173339844 823.969844818115 741.290710449219 805.623737335205 682.133010864258 621.925994873047 1715.96307373047 642.938400268555 730.215911865234 852.33549618721 748.104454040527 717.481338500977 954.40016746521 1003.9385061264 761.442457199097 889.330982208252 950.716361999512 1061.99949264526 888.228623867035 1065.29277801514 1003.31937408447 1113.77168273926 850.338619232178 1029.53659820557 848.957313537598 1189.13568115234 794.228393554688 747.739261627197 570.096002578735 741.028167724609 826.997550964355 944.13663482666 790.460144042969 695.997848510742 797.850975036621 848.639465332031 917.481563568115 988.767259597778 988.766799926758 1017.81564712524 777.271057128906 822.541175842285 707.132690429688
803.466867446899 731.139472961426 884.640396118164 778.636474609375 733.423751831055 720.715698242188 884.572525024414 803.646175384521 768.781640052795 802.741994857788 635.622802734375 629.098251342773 980.381774902344 557.6484375 733.936325073242 993.539352416992 927.57511138916 763.022132873535 715.543823242188 754.668609619141 688.671096801758 843.68302154541 1024.54397583008 895.187091827393 965.518104553223 1453.0407409668 1114.27531433105 1190.75615692139 1207.82081604004 1192.30992126465 881.714761257172 846.545639038086 1156.6750793457 782.83194732666 878.566665649414 941.356372833252 925.11336517334 907.803718566895 962.274440765381 907.342273712158 830.072219848633 913.07682800293 784.878657341003 794.872406005859 742.402004241943 891.01872253418 679.865531921387 599.436294555664 461.742584228516 803.13228225708
811.26155090332 826.203287124634 745.378395080566 840.342910766602 740.42947769165 680.501800537109 794.36736536026 805.405918121338 771.767822265625 625.504730224609 790.430976867676 585.833633422852 1380.27960205078 525.975128173828 609.871368408203 704.585563659668 988.234550476074 741.208961486816 761.002563476562 773.516551971436 723.628578186035 668.192398071289 852.302333831787 809.472988128662 805.326703071594 1043.59767150879 840.825462341309 894.784446716309 856.48007106781 958.870590209961 847.358779907227 1208.79933738708 1037.19382476807 995.5601978302 985.25471496582 843.631202697754 978.561807155609 1054.00299072266 981.297882080078 931.504123687744 899.880167961121 922.049522399902 889.844402313232 992.507308959961 965.61678314209 813.611552238464 706.002883911133 617.407501220703 537.408786892891 1004.24931335449
949.178268432617 808.469722747803 887.299026489258 722.255821228027 760.044490814209 758.380450725555 711.635089874268 724.906425476074 815.643162727356 758.725601196289 727.96594619751 1110.439453125 794.595058441162 734.120391845703 783.182132720947 754.234344482422 835.267435073853 879.497512817383 689.596908569336 586.770095825195 580.3505859375 759.720607757568 892.274696350098 838.502128601074 845.893629074097 865.29887008667 727.940227508545 916.927795410156 674.74462890625 809.866558074951 973.010261535645 908.328384399414 835.452756524086 990.430953979492 976.496385574341 920.076327323914 875.705918312073 838.816792488098 945.853843688965 1313.75510406494 989.679269373417 1041.88621902466 943.812873840332 958.035556316376 916.589234352112 775.083286523819 694.767897605896 695.866245269775 684.792633056641 1045.15200614929
813.40421295166 738.64440536499 898.02611541748 725.968431472778 689.735481262207 682.897468566895 697.845474243164 772.192975521088 715.908302307129 610.895782470703 699.262329101562 1487.78067731857 822.686473846436 868.526222229004 746.253162384033 891.281951904297 623.95329284668 877.326690673828 717.899856567383 598.362976074219 754.243114471436 691.093166351318 678.582015991211 695.001083374023 681.72265625 921.360786437988 939.222198486328 872.579315185547 819.606546401978 754.660331726074 951.303863525391 859.862953186035 632.358337402344 881.300794243813 806.217636108398 745.926704406738 757.989295959473 893.833644866943 835.863101959229 875.860822677612 881.336360931396 870.879367828369 902.192276000977 1353.84243774414 791.536895751953 816.505739212036 882.80339050293 1006.01786422729 1139.62922668457 999.421333312988
707.007347106934 703.305561065674 698.292991638184 881.240249633789 780.124788284302 863.315116882324 822.823038101196 745.469940185547 877.778907775879 851.524150848389 1081.04875397682 832.470933914185 666.658714294434 836.144203186035 716.43766784668 715.249618530273 725.610946655273 840.505451202393 634.620140075684 576.030670166016 654.315246582031 623.298797607422 865.053497314453 775.07350730896 769.899412155151 793.843803405762 931.221908569336 808.573860168457 725.539791107178 806.00297164917 790.732311248779 734.411491394043 745.805328369141 872.545722961426 895.558670043945 948.894943237305 695.60474395752 733.619888305664 795.404014587402 934.869689941406 1063.28460693359 902.332702636719 907.211917877197 898.63756942749 1518.08695220947 755.932479858398 733.901214599609 803.831118583679 1113.77793884277 1093.8236618042
657.152954101562 697.641868591309 629.364929199219 745.659000396729 805.540493011475 881.116882324219 822.200679779053 865.970520019531 747.890380859375 1046.76455688477 689.500133514404 741.491554260254 791.731163024902 794.70990383625 792.848274946213 828.805511474609 980.965599060059 711.934844970703 625.596374511719 658.037551879883 602.291381835938 627.276275634766 770.546793937683 799.35469865799 885.935119628906 827.80103302002 849.912727355957 816.64999845624 767.24186706543 596.417266845703 723.29768371582 709.849273681641 977.859512329102 797.94061088562 775.027370452881 841.558779686689 650.527847290039 643.631210327148 798.5403175354 849.891410827637 994.990173339844 937.154197692871 913.534515380859 794.494216918945 851.830808639526 1337.0910987854 789.84236907959 948.050758361816 1126.0013885498 1092.21468734741
685.959350585938 546.507949829102 638.193908691406 748.763292312622 650.800407409668 766.73490524292 821.852378845215 956.63151550293 894.479469299316 723.010411739349 649.593643188477 751.443960189819 742.637567520142 766.552453041077 639.12899017334 617.623611450195 872.602020263672 913.038181304932 877.202037811279 803.400990486145 764.888671875 799.520372629166 740.851917266846 745.214286804199 918.511810302734 819.637697219849 762.881195068359 828.293670654297 671.773704528809 733.931938171387 854.031684875488 902.748001098633 920.113204956055 854.846853256226 746.612014770508 785.167232513428 901.912315368652 830.129915237427 976.18586730957 847.417335510254 895.066947937012 899.44425201416 905.235389709473 850.051788330078 817.282493591309 749.975875854492 906.985396385193 1268.61285400391 1027.4953327179 899.436590194702
601.208084106445 593.257217407227 735.294231414795 795.410789489746 750.515396952629 798.745346069336 854.955894470215 870.845321655273 949.825393676758 833.244613647461 726.901317596436 705.84748840332 633.704986572266 758.421192169189 1013.83245849609 657.456756591797 778.749526977539 1128.02284240723 1299.8635635376 728.294738769531 789.290260314941 786.741508483887 766.577537536621 824.487840652466 855.168487548828 825.867279052734 856.230834960938 849.351016998291 760.084060668945 756.039131164551 854.644863128662 1093.68603515625 984.51301574707 748.573038101196 894.169998168945 870.671772003174 816.793792724609 873.553165435791 882.794815063477 760.46321105957 854.564929962158 936.951705932617 909.941421508789 829.540798425674 777.987213134766 725.846878051758 970.813314437866 884.72155380249 850.441398620605 1064.1296005249
752.85932636261 754.421949148178 705.462547302246 721.051008224487 853.409332275391 850.138053894043 766.012382507324 927.474193572998 840.392036437988 814.139099121094 625.933258056641 660.442138671875 713.811790466309 950.955974578857 953.663345336914 683.859771728516 668.590232849121 812.123563766479 1384.20483779907 837.024468421936 810.149202823639 680.587921142578 822.379796981812 755.516387939453 875.410202026367 790.823853492737 790.444130957127 879.815368652344 807.12041592598 863.141223907471 854.08833694458 745.668332099915 880.901195526123 791.695861816406 889.402656555176 878.910934448242 941.229042053223 883.134086608887 800.207580566406 927.450706481934 865.117317199707 1032.63716125488 828.826042175293 861.266714096069 792.534767150879 775.007972717285 946.871792793274 795.623512268066 881.102966308594 918.975040435791
770.358737945557 670.398979187012 623.666687011719 853.036102294922 617.163200378418 725.231866836548 812.36071395874 822.932243347168 764.324588775635 633.582458496094 1335.79354858398 976.110572814941 1083.79151916504 957.300598144531 755.094100952148 699.833465576172 699.768859863281 1511.5050201416 613.344345092773 1220.32321166992 1252.34391784668 866.054823875427 775.588104248047 833.806663513184 768.782230377197 766.484071731567 812.516107559204 710.587852478027 703.684982299805 812.497297644615 828.581181526184 841.527927398682 757.265930175781 747.937255859375 798.089782714844 860.146228790283 836.657012939453 743.62134552002 875.382850646973 853.223312854767 956.682273864746 813.787289619446 854.384048461914 862.600048065186 821.388349533081 780.447822570801 793.869964599609 874.895774841309 940.430015563965 1058.80767822266
793.329261779785 838.116775512695 735.792588591576 708.590253829956 517.847457885742 634.289764404297 704.202033996582 763.106925964355 648.774223327637 819.161651611328 865.028144836426 912.2204246521 618.171600341797 1195.42632293701 1130.4370059967 940.994567871094 540.852142333984 674.658210754395 795.384815216064 939.123094558716 1080.66496276855 762.855792999268 778.056888580322 830.896476745605 698.450523376465 878.45426940918 855.555397033691 842.374126434326 827.807689666748 920.797527313232 780.833541870117 873.525260925293 794.312881469727 830.970195770264 754.678108215332 742.963638305664 718.531860351562 862.00118637085 764.617610931396 898.562656402588 648.684051513672 832.870264053345 885.476913452148 874.509162902832 823.000926971436 841.450789451599 739.906600952148 820.018434524536 893.566271781921 991.157318115234
618.425094604492 848.623886108398 651.626899719238 715.553688049316 646.764060974121 758.006729125977 790.079441070557 673.711418151855 594.972534179688 770.224714279175 1029.19418334961 785.704872131348 838.20184135437 953.680728912354 951.579460144043 1055.77487945557 591.362823486328 906.981781005859 716.46964263916 721.845607757568 708.328125 767.15118598938 708.949180603027 790.77516746521 795.334136962891 872.361274719238 937.381484985352 805.600542068481 922.675186157227 919.335151672363 837.756986618042 768.539588928223 1013.01861190796 931.039283752441 767.685539245605 703.133590698242 733.03768157959 766.983627319336 765.831413269043 699.72265625 1070.22035217285 721.036918640137 762.739128112793 824.714508056641 847.796595573425 841.360275268555 668.073150634766 760.291343688965 876.558418273926 906.828365325928
749.042625427246 876.950180053711 856.69181060791 727.903762817383 806.170484542847 773.244934082031 666.485576629639 686.913478851318 743.652143478394 856.813468933105 1043.29777908325 1036.34941673279 758.755920410156 831.657272338867 749.097918152809 879.383422851562 815.292331695557 860.80704498291 867.351844787598 748.192026138306 683.424545288086 727.090728759766 773.531547546387 839.382881164551 764.406915664673 971.585571289062 713.57884979248 687.057464599609 825.84016418457 986.58570098877 1370.66647338867 968.786071777344 824.09566116333 791.372661590576 816.275325775146 907.155035018921 1055.36108398438 785.460216522217 725.27522277832 718.969772338867 988.13623046875 610.890014648438 766.87393951416 879.045944213867 851.615077972412 690.919036865234 713.446533203125 762.13257598877 918.530113220215 863.451698303223
751.530570983887 668.989898681641 789.171279907227 841.832496643066 800.240928649902 723.430948257446 680.820930480957 748.237778663635 692.832916259766 779.585416793823 970.516235351562 1351.63341903687 873.304428100586 816.261962890625 700.977298736572 669.51863861084 775.307792663574 991.61701965332 788.840864181519 697.36226272583 775.023351669312 831.049625396729 869.692581176758 904.519943237305 916.841156005859 930.447891235352 1014.57741546631 801.538850784302 661.058639526367 869.443531036377 911.526412963867 910.763610839844 911.608993530273 918.425727844238 775.106651306152 765.343086242676 761.051300048828 1163.97034835815 877.95495223999 1281.93479919434 804.420799255371 684.0869140625 850.394134521484 996.528747558594 887.423114776611 797.232604980469 852.441550731659 895.161476135254 857.034057617188 831.238925933838
676.216835021973 778.181274414062 763.48942565918 777.552520751953 784.195262908936 695.259380340576 790.861125946045 686.763652801514 631.096969604492 915.138690948486 832.605852127075 748.876941680908 747.411923408508 628.411880493164 739.895861625671 740.797632217407 805.616039276123 770.486686706543 705.445785522461 881.874229431152 737.466191291809 689.611747741699 672.374008178711 758.207454204559 793.424041748047 877.55029296875 967.872928619385 710.144744873047 726.413391113281 986.038619995117 795.267541885376 865.430953979492 880.290712356567 774.356800079346 861.536541938782 857.926298141479 923.390201568604 955.540092468262 786.987705230713 771.299301147461 788.743522644043 885.7880859375 941.692108154297 941.908676147461 770.253395080566 725.735763549805 921.397323608398 873.465002059937 831.997585296631 978.223697662354
