simdem/realisation70.asc
NCOLS 350 
NROWS 171 
XLLCORNER 152620 
YLLCORNER 418050 
CELLSIZE 100 
NODATA_value -9999 
[rows 44 to 65 of 171, columns 150 to 199 of 350]
472.576995849609 533.01678276062 582.201152801514 562.698199748993 447.103233337402 555.265742301941 441.185066223145 571.415241241455 637.785385131836 554.903567314148 586.137813568115 702.76286315918 563.448165893555 554.390857219696 432.331726074219 479.914039611816 513.341255187988 539.036235809326 515.348611831665 573.423206329346 560.930187225342 540.240525245667 561.610433578491 486.494644165039 421.853149414062 425.213272094727 603.524814605713 474.20027923584 508.881259918213 616.080837249756 807.580139160156 722.719711303711 832.137145996094 713.411966323853 926.846572875977 689.677379608154 651.467487335205 677.927139282227 690.292008399963 652.584625244141 583.210829973221 376.845611572266 556.734678268433 727.218597412109 672.566299438477 445.132400512695 473.94841003418 571.615310668945 1130.79377746582 1160.3553237915
521.632484436035 615.686187744141 628.313919067383 513.371969223022 581.904365539551 598.740207672119 504.623687744141 492.494483947754 530.993735313416 581.455432891846 675.634719848633 406.588226318359 524.517166137695 382.265838623047 558.935694694519 639.210647583008 571.215297698975 568.382131576538 510.891120910645 591.73392868042 571.270252227783 529.252642869949 482.885471343994 388.805587768555 501.437210083008 645.608497619629 523.589057922363 648.799392700195 510.448009490967 635.229820251465 592.058300018311 646.456130981445 589.153759002686 713.439605712891 857.937911987305 652.791402101517 649.460205078125 542.283714294434 550.362281799316 520.861068725586 451.061309814453 432.823745727539 476.893997192383 548.970026016235 534.709407806396 550.982036590576 483.957138061523 470.970291137695 674.21789932251 953.950881958008
550.292222976685 386.145385742188 484.480297088623 430.213356018066 557.403205871582 718.139236450195 648.154273986816 653.245391845703 622.406162261963 434.938705444336 594.357067108154 486.387733459473 460.462944030762 536.899614334106 536.665203094482 500.699676513672 617.201362609863 625.128257751465 453.322860717773 501.117523193359 424.515960693359 522.603941917419 518.058887481689 381.224197387695 480.230941772461 525.665618896484 430.942230224609 587.685352325439 509.589756011963 487.705718994141 579.789313793182 709.866073608398 616.439304351807 601.230813980103 680.293739318848 618.905162811279 590.7389087677 759.814605712891 736.142211914062 486.532409667969 396.363998413086 555.98070526123 448.845489501953 445.469924926758 588.189301490784 601.446479797363 608.707235336304 433.070053100586 637.993320465088 787.095672607422
507.135080337524 494.324697494507 443.49405670166 407.932807922363 434.908271789551 602.111457824707 515.096923500299 585.949733734131 532.327363967896 556.713315963745 584.94122505188 547.398014068604 483.471160888672 487.429901123047 502.448883056641 580.767013549805 531.102958679199 549.125383138657 509.156564712524 525.593999862671 502.285388946533 492.417827606201 487.480445861816 578.447131156921 589.503875732422 605.144241333008 497.030059814453 492.310668945312 584.640953063965 450.748168945312 504.544097900391 671.980453491211 479.865791320801 680.427101135254 657.821990966797 511.774799346924 559.3551197052 688.346084594727 542.055950164795 602.56241607666 552.196397781372 487.016822814941 476.730331420898 505.185829162598 523.139518737793 745.286926269531 611.314217567444 715.644287109375 609.947221755981 661.918502807617
434.354354858398 487.50777053833 415.277313232422 474.733589172363 466.418884277344 485.021633148193 487.947402954102 516.662905693054 596.943603515625 496.599983215332 595.591721534729 623.674976348877 592.98618221283 625.010677337646 756.368782043457 890.164932250977 769.448638916016 524.256889343262 549.533004283905 540.085327148438 541.24960899353 488.425430297852 516.606094360352 636.554466247559 566.682192325592 630.98267364502 496.867382049561 613.182018280029 466.401992797852 389.978012084961 539.986541549675 549.244497299194 441.406303405762 674.63712310791 366.461654663086 529.000698566437 585.188259124756 517.058620452881 589.7981300354 584.230726242065 750.568832397461 626.749725341797 467.888938903809 472.379768371582 570.944794178009 514.189888000488 610.908966064453 624.373123168945 572.750448226929 553.872716903687
487.78422164917 438.642398834229 485.035068511963 467.515663146973 474.575981140137 601.596855163574 559.912742614746 593.563304901123 709.664093017578 549.813689231873 541.961636543274 591.15500831604 514.637084960938 592.13331413269 529.900032043457 660.916862487793 745.865127563477 590.462295532227 780.595230102539 542.815162658691 533.009368896484 675.174350738525 661.568994522095 632.987787246704 676.525405883789 585.019094228745 503.143737792969 617.1125831604 602.499847412109 541.88099861145 599.922103881836 643.649803161621 507.732313156128 578.951133728027 503.57385635376 474.699100494385 578.56103515625 577.102428436279 410.545654296875 458.923370361328 621.157943725586 561.52805685997 564.692989349365 573.096855163574 600.326240539551 518.90885925293 410.309616088867 532.190620422363 638.272125244141 634.638969421387
550.432945251465 492.661455154419 516.849756240845 489.351539611816 454.174629211426 561.263219833374 569.165733337402 831.896179199219 622.123420715332 669.728904724121 686.951919555664 689.745323181152 584.046232223511 547.870977401733 613.341503143311 586.114847183228 613.1155834198 618.862831115723 720.715949773788 455.642974853516 738.184715270996 776.927368164062 731.667462348938 559.969909667969 687.538343429565 756.859283447266 636.221580505371 656.82177734375 618.425117492676 665.287498474121 662.758178710938 709.84880065918 543.538310527802 547.246519565582 466.019355773926 605.949840545654 510.796459197998 667.268592834473 570.218725204468 530.915142059326 555.257113456726 589.206811904907 536.833123207092 479.989112854004 610.191867828369 420.637138366699 501.93669128418 481.520797729492 683.207850694656 709.229927062988
600.611427307129 439.476692199707 484.952739715576 461.603668212891 339.176467895508 476.882011413574 628.373062133789 603.451801300049 608.032039642334 515.220928192139 615.463039398193 719.335159301758 648.100189208984 599.316379547119 354.739547729492 460.887023925781 452.54997253418 589.440209388733 579.77237701416 662.106798171997 546.08012008667 604.189754486084 682.591316223145 545.718627929688 695.680459976196 793.068618774414 840.270416259766 618.049650907516 461.253715515137 431.434051513672 508.048809051514 557.142934799194 644.354736328125 578.558330535889 520.910314559937 535.664789199829 457.80492401123 655.553253173828 739.454071044922 650.192207336426 606.827690124512 527.070194244385 517.668807983398 622.769016265869 460.255668640137 516.714855194092 614.003763198853 589.087913513184 486.534950256348 639.295455932617
464.602375030518 559.188007354736 576.942487716675 486.600654602051 476.308353424072 567.200361251831 688.92073059082 651.641044616699 733.992340087891 600.247592926025 708.476493835449 584.167400360107 630.959552764893 684.048873901367 619.461753845215 566.951679229736 588.753147125244 608.917452633381 540.687274932861 736.920780181885 551.605857849121 572.148811340332 571.322443008423 563.056915283203 545.361108779907 601.855596542358 663.017051696777 598.919815063477 426.553375244141 503.041496276855 478.778831481934 485.394790649414 600.098335266113 409.940994262695 560.052891254425 641.026481628418 650.618217468262 626.91707611084 619.615249633789 708.454078674316 637.726219177246 610.640697479248 537.984535217285 714.498023986816 431.970161437988 603.390357971191 719.065742492676 730.878402709961 760.850128173828 591.385236740112
571.890644073486 445.152404785156 403.81575012207 512.13151550293 549.742500782013 628.507232666016 531.731506347656 502.669269561768 753.454864501953 575.213459014893 540.230525970459 525.093971252441 612.419065475464 651.116134643555 688.926483154297 632.410804748535 467.02498626709 535.258491516113 704.363311767578 661.151638031006 638.686573028564 497.597137451172 494.470588684082 602.015089035034 690.097110748291 649.82159948349 710.910873413086 548.577033996582 596.680552482605 511.630035400391 457.26448059082 470.916618347168 549.053800582886 566.756856918335 487.221817016602 561.515271663666 528.954662322998 600.667123794556 617.710624694824 601.314319610596 583.174036026001 564.707452774048 526.026161193848 683.861198425293 508.942832946777 450.289031982422 595.123279571533 493.580459594727 594.698284864426 656.603454589844
549.729972839355 613.537635803223 576.170932769775 495.132747650146 631.14778137207 557.879318237305 579.456804275513 606.504779815674 802.8828125 630.600067138672 406.704208374023 470.436218261719 607.735323905945 695.950996398926 677.4169921875 620.517429351807 545.915725708008 568.117089271545 743.077163696289 686.238777160645 631.97216796875 608.786991119385 596.031764984131 534.052364349365 641.534002304077 713.023818969727 688.611455917358 659.526527404785 657.959629058838 552.185028076172 383.819229125977 460.295654296875 568.038545608521 572.989461898804 569.143332958221 555.789721727371 568.495624542236 817.907196044922 600.297828674316 669.278465270996 484.80037689209 390.499008178711 433.045913696289 559.537204742432 698.225685119629 628.642635345459 591.855465888977 404.620483398438 536.375335693359 747.103317260742
640.732040405273 571.162921905518 596.669883728027 619.303939819336 485.003364562988 497.44034576416 539.304869651794 692.086906433105 637.347702026367 583.089828491211 613.734836578369 638.578945159912 626.224742889404 722.11360168457 668.675155639648 571.684235572815 478.446235656738 632.471740722656 642.848327636719 528.515441894531 595.073276042938 575.60382270813 583.342371463776 586.380599975586 537.871807098389 652.220073223114 797.398017883301 505.249382019043 623.668297767639 491.040954589844 512.42972946167 578.852222442627 585.480893135071 540.388313293457 498.795227050781 497.481864929199 548.514226913452 649.960578918457 717.336654663086 616.08815574646 589.976496696472 485.646980285645 514.757949829102 458.72624206543 554.866466522217 604.966818809509 540.972114562988 612.696323394775 633.682329177856 717.212966918945
632.615646362305 633.566627502441 540.765097618103 445.158325195312 522.76877784729 517.003799438477 417.794982910156 543.278312683105 594.26035118103 521.047872543335 667.064041137695 537.274091720581 639.627151489258 624.851364135742 594.342578887939 377.829147338867 445.200378417969 583.24923992157 527.005565643311 518.12776184082 521.989715576172 529.581642150879 373.138427734375 637.820232391357 696.60376739502 571.372026443481 764.96441078186 625.447677612305 575.776741027832 587.750435829163 552.019832611084 591.813995361328 554.808093070984 525.229864120483 565.782978057861 462.960968017578 607.82057762146 541.556510925293 623.892079353333 621.891004562378 681.576889038086 617.574150085449 670.062213897705 676.624416351318 606.645046234131 550.085681915283 589.934617996216 552.320098876953 686.050788879395 722.913459777832
721.240615844727 609.695709228516 544.564007759094 428.057899475098 639.977027893066 495.774486541748 608.076552391052 561.667516708374 583.614455223083 574.286012649536 580.783167362213 535.172912597656 608.864719390869 622.43567276001 623.376041412354 481.772811889648 616.298797607422 623.337396621704 595.806221961975 491.852378845215 554.283353805542 679.100868225098 592.920878887177 549.66625213623 503.732269287109 654.728832244873 727.741256713867 680.926986694336 709.450662612915 649.214140892029 677.13552570343 535.872344970703 569.198841094971 538.6584815979 543.887722015381 580.837703704834 483.472373962402 485.363502502441 383.816772460938 676.379486083984 554.24356842041 705.012634277344 588.292222976685 680.514724731445 556.306224822998 637.11058807373 671.507591247559 492.551086425781 571.963916778564 678.801174163818
599.087928771973 643.002774238586 526.871162414551 598.746232032776 685.825729370117 554.451761245728 542.28799533844 531.690696716309 622.874747276306 610.097083091736 642.482208251953 548.832704544067 612.414863586426 804.480545043945 595.961469650269 672.079513549805 648.44686126709 555.140375137329 580.007629394531 704.504844665527 597.767101287842 493.155220031738 552.54759979248 565.706143379211 562.200017929077 555.320892333984 722.342506408691 674.808208465576 706.508087158203 879.637710571289 651.304710388184 552.624740600586 581.510513305664 486.731140136719 688.590766906738 625.964660644531 573.20170211792 521.766967773438 476.192718505859 564.714195251465 541.511001586914 628.27135848999 636.304371833801 731.73348236084 639.330415725708 652.380813598633 653.877056121826 546.423313140869 602.415260314941 567.90160369873
517.458290100098 539.789257049561 721.167190551758 623.571388244629 360.654281616211 462.713348388672 375.267654418945 460.731063842773 555.861488342285 586.346081733704 517.907459259033 701.133682250977 799.643295288086 724.806823730469 498.728126525879 606.135841369629 628.616096496582 524.776538848877 616.578723907471 700.181427001953 556.731410980225 513.010116577148 629.211355209351 447.332717895508 486.060119628906 653.4143409729 596.429889678955 584.556152194738 534.84651184082 710.808124542236 601.445777893066 652.58703994751 585.049926757812 574.825782775879 745.556133270264 732.231346130371 634.97336769104 460.678504943848 461.308166503906 606.070858955383 636.922546386719 682.673347473145 780.348526000977 749.271621704102 645.187084197998 602.314264297485 601.694604873657 549.937843322754 488.037269592285 574.864284515381
480.537261962891 589.009613037109 714.428779602051 478.275329589844 478.790573120117 446.41722869873 483.213417053223 476.466552734375 614.819683074951 469.562004089355 494.33275604248 592.665588378906 573.046395778656 682.390884399414 679.714752197266 711.695938110352 666.212593078613 681.620864868164 627.164608001709 579.977001905441 620.541389465332 517.840896606445 538.575885772705 563.683340072632 548.349609375 636.513187885284 522.46460723877 601.057621002197 617.759292602539 554.553649902344 575.218170166016 673.888591766357 729.194473266602 489.598289489746 766.081092834473 723.729774475098 645.870296478271 642.027691841125 612.956674575806 678.272909164429 714.657524108887 806.174797058105 875.753280639648 795.653907775879 678.375769138336 757.915176391602 586.892929077148 595.454524993896 609.849868774414 625.8147315979
571.839448928833 763.237548828125 633.632888793945 401.579261779785 389.205978393555 474.998210906982 492.627323150635 594.608195543289 650.500305175781 677.281448364258 539.33032989502 632.913379669189 406.827774047852 529.64640045166 596.004329681396 614.939147949219 692.662567138672 630.266712188721 714.428192138672 658.475463867188 621.200782775879 598.837121009827 518.996307373047 670.888256072998 588.58602142334 662.699871063232 525.8567237854 597.202896595001 737.080459594727 576.487863540649 587.783668518066 644.348637580872 567.376495361328 668.770635604858 634.89869594574 617.40754699707 540.802062988281 621.576583862305 471.713256835938 672.535617828369 629.226489067078 711.103210449219 713.690971374512 820.163571834564 753.411190986633 775.717651367188 661.562511444092 572.550510406494 733.325263977051 543.928123474121
619.799640655518 722.215255737305 569.899179458618 532.104804992676 339.911163330078 435.374870300293 516.809925079346 557.365463256836 815.425186157227 712.571731567383 623.460639953613 392.859268188477 283.403533935547 508.025100708008 653.762573242188 509.164756774902 624.166679382324 541.288797080517 622.892189025879 571.487717747688 503.407455444336 496.582321166992 499.891265869141 645.994247436523 478.197410583496 514.806442260742 695.065727233887 533.24686050415 629.55527305603 659.729381561279 550.917289733887 597.888214111328 452.208625793457 686.448829650879 723.638526916504 687.995922088623 597.136486053467 512.03214263916 344.032531738281 525.440620422363 513.860504150391 649.079616546631 559.861671447754 689.077026367188 636.969055175781 640.558355808258 652.376497268677 551.096374511719 664.661546707153 695.941383361816
551.785149097443 552.270307540894 528.249709129333 506.151264190674 422.581535339355 532.416969299316 553.716789245605 605.290130615234 728.100540161133 781.395462036133 698.354270935059 622.418888092041 422.714920043945 512.489841461182 408.083190917969 474.309074401855 586.813703536987 625.614547729492 551.00159740448 531.598217010498 443.185745239258 408.893341064453 595.335931777954 541.184963226318 613.340801239014 730.971496582031 669.221839904785 511.808418273926 541.685077667236 618.356620788574 610.028728485107 613.139225006104 684.508476257324 587.032249450684 525.986831665039 598.691843986511 724.05632019043 537.886535644531 394.620819091797 489.174224853516 501.990768432617 584.545272827148 397.151718139648 624.040637016296 641.683135986328 599.911022186279 546.328178405762 549.435859680176 414.216461181641 545.33419418335
537.055245399475 482.416282653809 338.221649169922 369.43017578125 590.124797821045 411.894927978516 505.86336517334 527.787761688232 768.009796142578 679.984344482422 516.522350311279 573.697648525238 636.903865814209 545.613273620605 509.199241638184 452.877098083496 549.747336387634 628.605400085449 519.947357177734 536.851243972778 577.085206031799 504.596099853516 680.43920135498 545.170475006104 655.823165893555 653.918563842773 700.359657287598 573.252407073975 622.21227645874 581.655237197876 640.588382720947 706.879104614258 695.936805725098 672.543037414551 620.472451210022 520.87451171875 566.824897766113 473.633354187012 451.848861694336 594.688652038574 657.781221389771 590.451835632324 583.7412109375 584.086217880249 674.396095275879 628.556711196899 597.145343780518 557.921892166138 610.044342041016 587.793628692627
551.31455039978 435.401428222656 357.147109985352 423.267097473145 544.132987499237 574.394527435303 521.963687896729 601.344898223877 625.009498596191 516.428314208984 485.78995513916 549.066696166992 449.230056762695 637.65055847168 584.834028244019 468.206176757812 477.017692565918 530.374084472656 544.686946868896 567.555850178003 527.421522140503 506.692337036133 533.191509246826 467.987121582031 621.65735244751 696.508605957031 557.011982917786 522.783531188965 649.589630126953 651.408340454102 692.835090637207 667.365509033203 753.848983764648 621.628210067749 638.793510437012 578.038108825684 543.042594909668 494.056739807129 433.361892700195 521.92359161377 634.22318315506 664.98371887207 674.456901550293 672.047477722168 720.181129455566 622.436837911606 646.237981796265 572.920150756836 640.292255401611 655.065622329712
