simdem/realisation31.asc
NCOLS 350 
NROWS 171 
XLLCORNER 152620 
YLLCORNER 418050 
CELLSIZE 100 
NODATA_value -9999 
[rows 44 to 65 of 171, columns 100 to 149 of 350]
396.161678314209 338.648559570312 372.679229736328 482.754753112793 476.740463256836 426.235491275787 391.495819091797 518.733154296875 404.545539855957 346.912101745605 457.570411682129 383.143207550049 509.723537445068 407.098056793213 372.767250061035 564.738891601562 551.884162902832 442.024234771729 350.598617553711 515.626556396484 419.143905639648 531.815982818604 565.815582275391 464.634544372559 531.196918487549 423.773246765137 515.43240737915 558.06486415863 468.66695022583 503.41678237915 376.34610748291 422.059020996094 378.22412109375 460.607984542847 343.625061035156 306.600677490234 580.929374694824 607.628555297852 572.22354888916 456.525943756104 447.057758331299 351.874725341797 451.143093109131 552.923320770264 670.707244873047 608.691986083984 649.660720825195 414.221580505371 451.7802734375 508.925466537476
402.504333496094 320.635940551758 509.84485244751 435.182087898254 374.366439819336 356.740417480469 552.885513305664 645.696548461914 456.054815292358 439.035400867462 433.854874610901 389.071258544922 524.809886932373 476.840138435364 470.793262481689 433.028663635254 390.636497497559 342.750228881836 569.202863693237 395.698539733887 327.186401367188 414.924297332764 389.857200622559 437.101280212402 568.807327270508 407.328514099121 531.201820373535 651.058303833008 662.737350463867 596.533096313477 415.583969116211 414.26872253418 518.366180419922 397.500511169434 336.195175170898 516.209964752197 471.847413063049 517.610778808594 612.028297424316 501.13124704361 446.187404632568 340.022445678711 460.805728912354 477.773839950562 470.829322814941 480.841871261597 605.13542175293 590.296348571777 438.529647827148 472.001758575439
258.623901367188 430.324413299561 405.303073883057 624.001892089844 344.386138916016 377.742279052734 512.489532470703 463.015064239502 335.32836151123 366.941375732422 537.598075866699 486.161186218262 639.868835449219 582.997055053711 493.800489425659 387.21452331543 310.325592041016 311.649566650391 425.634132385254 375.295509338379 399.219184875488 518.584381103516 463.907819747925 427.971771240234 603.951370239258 425.215721130371 422.27033996582 593.193046569824 527.990949630737 644.198867797852 551.959510803223 440.13459777832 494.238138198853 521.853679656982 352.331001281738 456.57936668396 462.606647491455 463.910823822021 494.297387957573 622.364356994629 506.593782544136 421.970260620117 545.750162124634 601.754081726074 579.757781982422 526.388151168823 574.342109680176 534.96301651001 322.495376586914 371.260360717773
423.277853012085 374.18904876709 369.850101470947 533.676498413086 517.373462677002 421.53870010376 457.798974990845 461.923740386963 532.689163208008 343.423698425293 397.006340026855 467.514640808105 573.07137298584 547.423187255859 393.740676879883 520.598999023438 508.492744445801 487.905289649963 226.41552734375 254.004577636719 327.606903076172 448.369102478027 539.58861541748 472.195278167725 504.259062767029 555.279029846191 569.637817382812 376.523124694824 346.624633789062 648.427047729492 779.266265869141 437.625465393066 435.85425567627 366.675262451172 248.407012939453 447.524406433105 499.576902389526 479.254909515381 473.507061004639 435.177116394043 471.967060089111 445.045906066895 622.672019958496 692.512557983398 555.105014801025 493.086239814758 553.598503112793 445.442024230957 439.361598968506 586.591548919678
415.821039199829 403.3095703125 590.190048217773 480.500339508057 578.124160766602 442.864904403687 352.894462585449 404.367141723633 558.871765136719 268.8154296875 463.691983103752 417.499580383301 566.787292480469 470.773036003113 534.403511047363 542.418975830078 499.255052566528 429.123733520508 334.9755859375 346.08854675293 373.287879943848 433.97993850708 492.891977310181 516.705757141113 467.08617401123 420.670989990234 541.92259979248 319.950881958008 398.61124420166 555.392301559448 598.562850952148 551.339669704437 521.309136390686 505.696358680725 295.695709228516 428.567226409912 548.352729797363 487.344531685114 542.078075408936 550.460327148438 418.742446899414 508.801593780518 525.642820358276 475.348831176758 548.525833129883 504.650877952576 500.216053962708 542.718311309814 624.02571105957 704.681945800781
385.293548583984 378.563133239746 418.846586227417 558.453666687012 473.864934921265 512.485252380371 469.365343332291 487.408886432648 419.4577293396 336.089218139648 296.122543334961 578.046569824219 595.739227294922 459.967958211899 440.05202293396 535.987243652344 368.224044799805 514.839784622192 485.990943908691 388.056289672852 409.086242675781 603.746078491211 656.278503417969 544.253665924072 576.694831848145 513.119621276855 489.193281173706 533.506307601929 603.38956451416 556.624347686768 594.896377563477 569.858821868896 570.011901855469 628.522438049316 574.811416625977 536.844547271729 566.606971740723 527.159072875977 487.33620262146 474.606204986572 404.248229980469 482.916307449341 494.262699127197 563.80908203125 435.350936889648 290.298446655273 543.864868164062 553.698677062988 590.477088928223 687.670196533203
365.016708374023 439.38818526268 571.609466552734 484.144802093506 434.417086601257 401.438209533691 523.088691711426 455.363114356995 546.053688049316 506.878089904785 528.149345397949 424.97292137146 484.878021240234 367.934272766113 430.27758026123 497.019920349121 478.570798873901 445.061267852783 530.60860824585 492.5843334198 412.911064147949 492.353221893311 615.472244262695 488.186805725098 577.086898803711 555.097389221191 556.968963623047 669.362930297852 707.469573974609 587.292556762695 465.821395874023 564.00897026062 475.282094955444 601.012191772461 625.491180419922 636.259719848633 485.674275398254 444.727684020996 292.531494140625 536.190250396729 499.13885307312 602.458702087402 477.210931777954 555.728176116943 513.278766095638 378.278732299805 605.428077697754 629.96028137207 499.938140869141 596.20671081543
307.216445922852 472.014236450195 484.468139648438 482.460391998291 423.116626881063 338.781242370605 574.999664306641 542.752426147461 415.377658843994 545.814392089844 552.424591064453 380.601493835449 486.961669206619 482.300096511841 524.317192077637 392.843994140625 423.267532348633 432.178741455078 545.709434509277 423.687812805176 594.44263458252 539.056652069092 621.222579956055 742.683746337891 663.050659179688 481.240558624268 520.976638793945 577.748573303223 494.836000442505 511.179226160049 511.983157634735 434.699424743652 468.142143249512 587.146774291992 525.413922309875 519.401321411133 522.569099187851 486.766078948975 440.764652252197 512.155885696411 459.840393066406 705.381057739258 568.18724822998 578.656524658203 483.53271484375 545.827785491943 475.604301452637 503.941246032715 557.881385803223 485.853561401367
304.03401184082 379.860279083252 558.054214477539 433.729914188385 457.730138778687 430.597348690033 633.685516357422 580.471199035645 430.714935302734 457.916122436523 564.317573547363 399.281669616699 472.081653594971 729.515975952148 518.000503540039 313.17106628418 254.759017944336 472.313661575317 522.136463165283 480.266468048096 524.989219665527 422.444877624512 620.731513977051 564.826622009277 558.076656341553 544.275032043457 492.472135543823 492.639384269714 562.296119689941 471.737293243408 368.465606689453 400.793846130371 506.856392860413 492.250682830811 630.090789794922 496.045188903809 477.575653076172 472.304767608643 472.753463745117 334.302810668945 613.38175201416 530.323340654373 437.474716186523 443.13404083252 583.967590332031 572.021831512451 596.842826843262 388.2509765625 490.735195159912 413.315223693848
268.074783325195 304.994781494141 264.136535644531 350.964408874512 440.998290061951 595.047744750977 458.872694849968 574.199340820312 482.403080940247 565.106399536133 476.264100551605 480.10591506958 523.499488830566 664.967269897461 546.484775543213 376.857261657715 287.094421386719 462.751659393311 455.511054992676 514.508672714233 415.839660644531 472.585391044617 633.149490356445 442.982749938965 521.318563461304 514.058353424072 521.097768783569 473.843780994415 436.761100769043 467.144016265869 408.090713500977 504.240989685059 499.877452850342 499.730791091919 621.484825134277 632.982666015625 484.374645233154 541.351789474487 542.666167259216 442.429275512695 544.976651668549 479.048530578613 419.204971313477 533.105755329132 572.468559265137 619.342582702637 659.996948242188 489.566261291504 541.412519931793 530.178693011403
356.710029602051 450.777993202209 387.771091461182 278.958709716797 483.080543518066 476.221099853516 630.439483642578 635.070175170898 525.659088134766 432.287628173828 485.860798358917 382.326385498047 620.225280761719 633.331115722656 550.072914123535 405.170692443848 362.084053039551 303.13835144043 467.764944076538 421.028095245361 566.109344482422 526.839508056641 617.173500061035 483.017709732056 379.064666748047 515.417866706848 555.036380767822 444.668991088867 465.736896514893 358.489761352539 499.726291656494 549.677164077759 504.667839050293 491.473718643188 641.036071777344 605.835182189941 510.891160964966 358.378265380859 510.655267238617 452.429054260254 395.638748168945 413.862617492676 514.952226638794 492.834743499756 642.613967895508 696.32356262207 705.165588378906 509.120470046997 541.737692832947 598.675472259521
557.25626373291 460.017610549927 411.053107261658 472.784725189209 422.984081268311 404.678592681885 533.490737915039 525.528476715088 499.304220199585 450.193502426147 475.931034386158 379.869934082031 518.120162963867 457.792310714722 629.068084716797 652.117362976074 533.064861297607 384.025108337402 423.666000366211 365.502601623535 569.067863464355 543.073455810547 566.354675292969 458.464996337891 431.733711242676 630.605041503906 486.323539733887 340.836547851562 464.534606933594 440.747093200684 502.239204406738 550.680003166199 467.401733398438 408.543518066406 595.364192962646 657.339004516602 631.872245788574 498.212303161621 508.589317321777 390.700927734375 315.493316650391 398.165710449219 393.469284057617 405.200714111328 611.15690612793 720.795471191406 809.571014404297 769.69677734375 561.960430622101 422.935729980469
496.260810852051 486.486213684082 391.110080718994 454.610876858234 361.838882446289 508.164260864258 502.7395362854 533.715576171875 528.684215545654 462.219947814941 434.776237487793 517.114265441895 540.499229431152 396.220634460449 465.356023788452 507.177244186401 470.343845367432 385.869209289551 416.921745300293 452.050903320312 492.405141830444 556.870706558228 559.085773468018 509.199798583984 522.641063690186 557.132415771484 567.250473022461 463.100891113281 561.214904785156 519.370513916016 512.172191619873 547.277645111084 395.838302612305 422.550415039062 438.149604797363 656.081619262695 444.783142089844 432.376220703125 592.611812591553 462.833770751953 417.625602722168 357.866333007812 350.909118652344 535.25164604187 688.727737426758 526.401207923889 612.68172454834 578.443058013916 559.105243682861 499.707336425781
616.142318725586 483.757419586182 421.073863983154 381.780418395996 374.519378662109 451.351144313812 491.122198104858 462.409232139587 498.305503845215 300.168548583984 428.691398620605 514.455780029297 600.402404785156 372.520332336426 513.143112182617 475.229160070419 401.351028442383 449.802549362183 422.713634490967 455.310207366943 527.212404251099 520.838514328003 482.887762069702 506.946273803711 465.121030330658 650.854049682617 511.603179931641 604.436210632324 628.512664794922 535.538402557373 660.926607131958 602.374282836914 727.116012573242 500.519844055176 502.106983184814 572.595916748047 558.43458366394 478.530944824219 477.051605224609 554.732173919678 557.24412727356 575.136907577515 388.976196289062 538.862527966499 531.243307113647 472.869110107422 387.784759521484 572.500009536743 606.891128540039 540.413330078125
465.599220275879 518.532867431641 464.883308410645 499.915351867676 470.562211990356 446.997584342957 476.989837646484 426.475955963135 532.038177490234 381.937545776367 362.289428710938 447.144622802734 472.391628265381 535.975120544434 468.613379001617 511.334506988525 575.573753356934 533.773731231689 468.600208282471 511.126834869385 428.102882385254 486.205445289612 498.722115039825 492.959150314331 494.596269190311 695.582397460938 601.976890563965 551.7275390625 551.433712005615 390.736938476562 510.904602050781 532.181655883789 596.379949569702 698.710998535156 537.582229614258 565.43433380127 497.067512512207 561.003799438477 656.441078186035 561.979328155518 572.62011051178 635.410316467285 554.566822052002 458.294998168945 557.129596710205 321.651153564453 604.211710929871 379.507736206055 483.035453796387 547.260155677795
406.940361022949 541.455070495605 437.553737640381 467.375600814819 358.767127990723 448.306637763977 383.612060546875 354.710739135742 462.663373947144 270.710372924805 420.357822418213 455.913927078247 414.89533996582 475.161479949951 508.484024047852 324.931381225586 505.769176483154 468.087200164795 462.806322097778 306.81819152832 435.983131408691 498.568260192871 513.558631896973 554.326843261719 382.49934387207 538.810096740723 503.048137664795 663.554641723633 406.74991607666 433.048336029053 460.813293457031 491.618850708008 656.000839233398 532.051795959473 639.536308288574 554.371517181396 529.517501831055 588.58713722229 658.929294586182 671.110710144043 428.023284912109 559.694442749023 455.433395385742 569.47282409668 514.437911987305 538.89852142334 376.959243774414 446.491622924805 566.852902173996 484.797588348389
428.849612236023 294.585800170898 424.032737731934 496.649499893188 489.011976242065 496.218114852905 333.220596313477 376.038471221924 525.217552185059 449.233069419861 423.276710510254 548.305351257324 504.695335388184 405.346092224121 455.258445739746 484.655815124512 582.142181396484 399.310821533203 452.06908416748 341.859985351562 470.102108001709 495.610367774963 522.388452529907 578.264038085938 517.777931213379 549.933227539062 538.154346466064 542.023313522339 407.767524719238 463.758411407471 688.235214233398 637.865783691406 591.999839782715 486.04220199585 570.322582244873 433.393424987793 550.314863204956 530.994941711426 601.905387878418 746.983444213867 607.62833404541 643.968757629395 565.226102828979 654.256324768066 499.049076080322 806.885528564453 468.779876708984 513.418266296387 636.886745452881 436.042205810547
329.003814697266 411.312454223633 509.781734466553 556.253387451172 388.174606323242 526.764984130859 408.092607498169 554.637222290039 398.831695556641 448.776421546936 450.129150390625 502.949813842773 427.676263809204 392.731025695801 509.431129455566 370.973358154297 537.650215148926 388.247489929199 385.773193359375 464.569873809814 417.799415588379 438.837711334229 528.520439147949 502.829570770264 493.998962402344 522.4342918396 424.554050445557 574.240325927734 599.034934997559 539.77534866333 590.658042907715 692.876327514648 631.692916870117 599.245941162109 550.916330337524 479.354804992676 539.134087562561 404.152252197266 503.267772674561 558.599293708801 505.767036437988 486.081466674805 584.429262161255 650.882732391357 573.127069473267 747.741882324219 1039.50247192383 699.394218444824 618.132743835449 542.084283828735
321.55744934082 399.403923034668 361.039741516113 452.516321182251 547.458831787109 468.78945350647 484.397428512573 520.079051971436 491.107091546059 397.287986755371 419.591421127319 458.112178325653 583.564239501953 531.791907787323 465.820236206055 501.11693572998 485.768643319607 508.445049285889 485.160371541977 403.242301940918 431.81029510498 413.310752868652 572.375946044922 439.487033843994 480.89750289917 435.383155822754 473.840000152588 398.82462310791 469.39981842041 532.08830165863 584.368698120117 504.483241081238 587.997077941895 566.884201049805 377.237854003906 520.899943828583 499.760711669922 525.27336025238 560.092397689819 572.499807357788 446.660797119141 586.210891723633 544.11533164978 653.496337890625 612.494094371796 679.015487670898 802.265138149261 588.947761535645 514.236320495605 709.424819946289
244.585586547852 272.778045654297 334.617706298828 448.945977687836 432.445568084717 570.44115447998 521.244617462158 345.793388366699 359.698097229004 435.12767791748 379.811744689941 488.832187652588 506.077053070068 392.537414550781 446.606796264648 494.093843460083 457.467895507812 541.960399627686 649.309219360352 428.84334564209 450.678123474121 468.081554412842 343.229293823242 410.074150085449 426.73250579834 495.514163970947 295.148483276367 470.658939361572 498.786010742188 465.550102233887 518.32294178009 426.906005859375 487.080108642578 519.384111762047 389.208114624023 456.164436340332 526.401407241821 608.739440917969 585.861789703369 674.138191223145 652.872413635254 540.202087402344 488.630317687988 459.291412353516 471.602348327637 660.889190673828 576.433668136597 548.010782003403 507.076778411865 473.947074890137
425.706192016602 198.985107421875 234.731048583984 436.973649978638 488.680244445801 438.171292304993 446.645238876343 348.126533508301 464.163069725037 508.723582029343 465.694807052612 434.679672241211 439.450296401978 385.203392028809 464.884996414185 424.517108917236 508.125175476074 493.784204959869 356.718505859375 480.399116277695 481.768767297268 515.346303939819 453.698001861572 447.15788269043 570.100807189941 446.377708435059 478.253692626953 511.150287151337 523.466794967651 416.535346984863 429.603172302246 424.755348205566 380.726013183594 433.429733276367 391.052276611328 547.549638748169 589.854274749756 442.264831542969 561.19229888916 548.732078313828 593.126438140869 432.238975524902 481.564033508301 533.163125753403 554.872367858887 517.872016906738 500.034381866455 581.244697570801 531.913754463196 568.442321777344
456.854614257812 274.66015625 316.020202636719 292.558364868164 379.212738037109 358.060035705566 334.734710693359 472.502940177917 519.282592773438 537.157722473145 329.888427734375 305.708038330078 397.689651489258 358.131683349609 337.457748413086 334.080009460449 516.440753936768 407.296188354492 484.047706604004 466.524448394775 381.74779510498 713.765991210938 497.547303199768 533.919910430908 689.164749145508 542.717399597168 427.143142700195 428.848915100098 590.904266357422 574.278148651123 415.264595031738 470.759643554688 391.232978820801 494.227725982666 399.52742767334 576.721796035767 565.702598571777 644.10555267334 639.921104431152 606.831527709961 589.824234008789 587.928575515747 490.837230682373 416.274131774902 579.500335693359 522.277950286865 445.986358642578 621.654350280762 400.840896606445 433.798553466797
