simdem/realisation85.asc
NCOLS 350 
NROWS 171 
XLLCORNER 152620 
YLLCORNER 418050 
CELLSIZE 100 
NODATA_value -9999 
[rows 88 to 109 of 171, columns 250 to 299 of 350]
985.673866271973 1040.02757263184 884.399314880371 934.564374566078 849.381896972656 790.094577789307 689.328784942627 579.201446533203 651.279611587524 892.363891601562 814.877533912659 631.56356048584 645.031764984131 1101.24425506592 942.773933410645 894.922164916992 587.072418212891 666.943222045898 843.593231201172 706.030967712402 514.224914550781 817.197830200195 555.615608215332 603.605983734131 663.898843765259 777.482696533203 794.415023803711 932.62776184082 775.691299438477 964.990234375 778.601837158203 636.448619842529 795.311561584473 678.120294570923 614.252655029297 697.484704971313 485.805725097656 626.107490539551 789.549095153809 811.118988037109 803.556206226349 619.136764526367 545.316879272461 977.36563873291 480.614105224609 639.861755371094 695.730018615723 650.708023071289 690.045448303223 845.185424804688
904.155738830566 819.209506988525 994.953773498535 923.217697143555 789.07103729248 807.806282043457 773.484268188477 716.246784210205 722.997310638428 922.224597930908 657.161293029785 713.814804077148 821.170677185059 920.221939086914 1015.41534423828 852.08842754364 574.632568359375 638.528896331787 781.56499671936 735.092754364014 592.38459777832 539.239547729492 528.706367492676 534.875244140625 750.633605957031 754.760902404785 918.783432006836 685.924229621887 698.851602554321 745.930904515088 617.033782958984 751.521438598633 652.795753479004 612.596794128418 654.284713745117 600.916389465332 587.4189453125 474.994720458984 766.173858642578 739.264442443848 1297.987449646 444.411254882812 617.489646911621 744.814758300781 688.003311157227 772.249320983887 771.579879760742 780.261650085449 762.201961517334 829.64778137207
744.525230407715 782.734657287598 747.891754150391 1094.30787563324 1015.50945806503 686.412696838379 822.023551940918 537.226669311523 616.192687988281 601.803024291992 695.201141357422 847.552795410156 645.053535461426 819.644441604614 806.100024223328 819.275417327881 677.50182056427 618.066879272461 722.096494674683 681.580916404724 859.976844787598 775.908012390137 739.784187316895 854.703567504883 795.099204063416 967.442581176758 967.324188232422 952.948089599609 877.558479309082 616.737930297852 590.422561645508 826.15364074707 800.364475250244 669.179471969604 617.134284973145 585.169395446777 677.01221370697 634.540561676025 502.812194824219 546.550155639648 881.817352294922 378.452850341797 616.171234130859 717.1653175354 694.120468139648 784.292854309082 1010.02433776855 784.036096572876 874.437828063965 986.694641113281
689.158752441406 700.799942016602 738.483505249023 978.461296081543 1217.28635215759 1241.04104614258 798.108514785767 697.019149780273 839.16618347168 647.276016235352 813.516683578491 638.874053955078 595.479080200195 684.53524017334 693.551322937012 724.320958137512 800.680881500244 618.462303161621 838.647808074951 787.667000055313 771.419528961182 863.13549041748 963.702377319336 962.917266845703 913.913223266602 805.687721252441 966.19263458252 807.118175506592 1062.57291412354 1306.63327789307 737.819759368896 651.575916290283 734.994478225708 650.304458618164 589.93677520752 564.279708862305 617.116596221924 781.714874267578 745.097259521484 576.755584716797 943.615020751953 858.510009765625 612.731513977051 595.078681945801 638.311347961426 645.866233825684 773.186508178711 786.117780685425 1108.71083259583 1486.59126281738
660.599945068359 641.54216003418 860.468154907227 981.80054473877 936.796714782715 945.556499481201 1266.27597045898 584.862213134766 869.732494354248 745.968406677246 892.573760986328 742.035842895508 643.048522949219 524.782424926758 655.832138061523 1016.97573852539 700.874158859253 727.364231109619 768.908508300781 835.200607299805 678.235771179199 862.557083129883 959.053955078125 1034.95501708984 909.81103515625 802.963299751282 928.742958068848 773.081047058105 783.984344482422 1106.44763183594 770.647529602051 853.483253479004 747.161779403687 728.110576629639 610.667259216309 552.240447998047 652.965982437134 734.641056060791 624.732559204102 458.452117919922 218.209686279297 1075.24057006836 451.7900390625 498.219390869141 713.396068572998 679.486959457397 662.412796020508 729.459175109863 853.23895072937 753.249088287354
929.871772766113 843.865692138672 822.589786529541 1074.68823242188 1038.69593429565 1088.64848327637 866.578002929688 684.815628051758 788.34303855896 966.812057495117 899.979850769043 801.926628112793 705.245300292969 958.284484863281 1002.25840759277 588.508026123047 671.564094543457 661.956031799316 801.570646286011 739.136518478394 631.872749328613 869.003730773926 947.722610473633 827.032028198242 834.566131591797 812.373466491699 1140.82925415039 1011.67227172852 704.536849975586 879.94352722168 821.18909072876 1022.43385314941 887.512031555176 824.530654907227 766.580474853516 697.12174987793 756.716930389404 798.131935119629 489.219055175781 483.474975585938 522.574768066406 1247.72319030762 634.343383789062 597.229568481445 596.037826538086 751.710285186768 695.286026000977 855.154472351074 848.446720123291 947.153274536133
801.328189849854 958.601776123047 973.336453437805 993.45464515686 881.599624633789 782.495456695557 838.127529144287 806.534067153931 865.827880859375 765.064587593079 902.241348266602 886.01049041748 741.810050964355 967.436584472656 885.149047851562 691.681293487549 687.468410491943 780.781831741333 824.57447052002 719.197793960571 711.989440917969 702.07603263855 807.407112121582 761.17073059082 922.404739379883 1206.83367538452 764.53636932373 1014.92888641357 786.587738037109 967.550491333008 1041.86619949341 918.360061645508 1011.41575622559 997.519954681396 788.087936401367 699.62890625 756.593940734863 656.939849853516 629.689933776855 591.845481872559 616.658187866211 673.470397949219 780.848174571991 454.204971313477 453.523956298828 645.395721435547 582.668106079102 662.993469238281 773.835037231445 737.840133666992
804.626709938049 826.826403141022 921.097505569458 906.033226013184 847.465204596519 744.212142944336 1139.1162250638 893.794303894043 715.155082702637 974.311719894409 787.851389169693 1190.75021362305 956.502361297607 818.369183540344 881.345914363861 933.344486236572 923.617881774902 880.625244140625 927.490340232849 830.156143188477 734.150848388672 756.196250915527 775.69571685791 920.526084899902 933.308822631836 1248.52409362793 908.98567199707 750.164855957031 721.976669311523 754.369125366211 1783.04331970215 1111.90341186523 939.021797180176 880.619091033936 780.61644744873 828.185958862305 723.801368713379 752.506393432617 821.370735168457 581.864410400391 649.445335388184 623.506980895996 1155.67553710938 675.83483505249 576.826522827148 664.421392440796 1318.5435333252 698.783790588379 565.492240905762 1057.84840774536
887.214007973671 1012.97756958008 888.652793884277 706.013595581055 1053.82139587402 981.089714050293 920.73316192627 699.574829101562 1148.16131591797 774.706176757812 511.982818603516 569.100883483887 572.634567260742 684.378067016602 726.192359924316 891.732610702515 745.975276947021 969.379524230957 860.148265838623 1032.03775584698 1074.99491500854 1354.82933044434 1197.89131164551 565.071899414062 756.39501953125 702.38916015625 687.017578125 686.048393249512 754.59211730957 1374.42643737793 864.774383544922 856.346466064453 754.78600692749 886.69312286377 1211.04578399658 858.856384277344 909.919813156128 825.736301422119 740.39249420166 810.680080413818 702.243785858154 677.29333114624 1170.57049751282 560.050720214844 830.329818725586 758.358991622925 749.889289855957 788.294921875 794.86376953125 1069.59386014938
674.817520141602 730.529357910156 869.166957855225 817.360054016113 800.232461929321 982.964866638184 930.690405189991 800.12975692749 1329.52982568741 1226.32974243164 784.560234069824 738.821960449219 1470.02251815796 956.093940734863 630.60563659668 641.522674560547 716.972213745117 886.332832336426 778.231714487076 845.482799530029 901.852813720703 911.839294433594 614.561279296875 556.483154296875 492.690551757812 962.383987426758 786.651153564453 591.462692260742 545.16015625 946.915771484375 737.895111083984 1608.26344680786 1276.49867248535 713.901580810547 716.599548339844 736.873908996582 868.780529022217 735.379518508911 783.972332954407 756.148470878601 758.378330230713 682.00050163269 891.01985168457 1465.43881225586 695.02995300293 800.232315063477 672.458290100098 789.23123550415 812.440765380859 777.774894714355
774.413472652435 1344.68163490295 1071.80668258667 767.682943344116 841.543632507324 914.842895507812 930.112953186035 1142.23361206055 690.385009765625 928.353622436523 699.080810546875 771.710601806641 650.898284912109 792.792205810547 678.324684143066 698.706848144531 813.019233703613 680.999305725098 565.87565612793 768.456411600113 797.126945495605 757.637924194336 806.698181152344 787.476623535156 377.106750488281 1007.18121337891 1724.58731079102 910.989990234375 1231.4909362793 608.684631347656 843.4921875 648.877319335938 628.530456542969 989.973129272461 744.653015136719 863.190576553345 871.274261474609 709.923957824707 814.270866394043 761.090654373169 728.941566467285 688.386943817139 1004.43504714966 735.603424072266 487.325393676758 579.872581481934 538.538803100586 667.687484741211 590.068710327148 1072.79306793213
672.254165649414 736.016662597656 1383.44709777832 765.634579658508 780.357500076294 786.17236328125 1372.62913513184 1301.59278106689 802.659736633301 1041.62756347656 674.114669799805 973.020126342773 1164.46836853027 1029.57736206055 956.008911132812 1102.13473510742 979.417938232422 612.133544921875 744.812335968018 841.888561248779 1142.14007377625 725.445785522461 737.136474609375 561.345062255859 1463.79071044922 995.970123291016 835.510757446289 1044.87969970703 1168.98645019531 616.372680664062 898.631423950195 878.486663818359 729.697448730469 1040.53190994263 687.027267456055 832.08918762207 657.809860229492 703.790565490723 756.422572612762 640.322402507067 715.449886322021 661.810607910156 733.856052398682 987.893829345703 1308.05467224121 506.778823852539 678.568389892578 685.339225769043 819.908966064453 705.884223937988
1135.60915374756 620.270782470703 660.619758605957 627.209381103516 638.338424682617 998.609298706055 697.872543334961 1133.60927009583 858.975425720215 960.461608886719 1012.79711532593 607.501052856445 781.301895141602 967.53874206543 777.129760742188 726.16667175293 670.116256713867 511.845275878906 727.532043457031 890.714660644531 1334.04704189301 1385.96769714355 846.155654907227 1019.35231018066 803.240455627441 1294.10048675537 843.500137329102 744.873428344727 1381.83544921875 669.853897094727 1073.73341369629 823.047508239746 893.939445495605 838.902984619141 779.293109893799 755.700698852539 700.150993347168 704.037994384766 752.70970916748 526.939292907715 585.252571105957 595.667282104492 787.41845035553 774.109111905098 808.706069946289 564.083419799805 658.476913452148 784.127056121826 776.075046539307 775.631618499756
616.566177368164 659.184326171875 861.420669555664 717.222206115723 859.015670776367 1110.78921413422 1033.26556396484 966.588195800781 874.322677612305 941.23717880249 701.993804931641 1090.98790740967 768.190361022949 634.222518920898 969.416893005371 751.044715881348 606.259796142578 1017.17376708984 629.837127685547 786.3326587677 1315.67699432373 639.31623840332 1295.50086784363 736.444023132324 833.879688262939 880.664901733398 1109.00750732422 1687.49238586426 735.166595458984 1120.60287475586 877.431915283203 772.973236083984 1007.85162353516 962.280906677246 856.26222038269 895.193531036377 779.885377645493 767.287727355957 697.139915466309 633.556507110596 523.376452445984 582.762584686279 753.582077026367 738.214752197266 1148.83333587646 670.194534301758 667.787292480469 803.871159076691 830.017177581787 882.92227935791
780.415279388428 1027.00145721436 737.773544311523 751.013278961182 713.037914276123 662.871246337891 733.19181060791 1049.90856742859 862.111726760864 1587.65247631073 667.394973754883 1129.92874145508 981.335899353027 765.944976806641 811.718326568604 905.770202636719 621.153213500977 587.976318359375 1420.53687286377 720.598762512207 869.680435180664 749.541198730469 914.31738948822 1309.93912696838 1013.56753158569 728.11100769043 758.158081054688 1649.57008361816 992.853897094727 565.826690673828 774.041854858398 1229.40539550781 918.678802490234 949.705402374268 843.069267272949 765.758331298828 796.318048477173 738.653381347656 690.749746322632 597.606357574463 664.85555267334 626.605606079102 560.552011489868 730.801928520203 753.486815452576 642.87841796875 738.488586425781 879.158744812012 793.44882106781 749.28101348877
733.709678649902 1192.04943847656 1133.50003433228 639.343292236328 1323.40502929688 863.169845581055 1059.04048728943 887.360765457153 921.864814758301 783.398139953613 875.522163391113 764.484603881836 869.654476165771 870.11930847168 785.742095947266 672.226837158203 943.033020019531 601.373428344727 770.602401733398 962.832485198975 653.519073486328 816.900421142578 841.612869262695 1102.81589508057 879.015581130981 1001.66920661926 936.804679870605 673.055374145508 502.773803710938 541.112091064453 966.515960693359 1100.86003112793 736.04354095459 899.956478118896 957.247535705566 841.990528106689 887.427898406982 857.304702162743 846.994338989258 835.854339599609 692.0498046875 700.705215454102 692.380123138428 907.260452270508 903.315696716309 676.12190246582 732.933755874634 703.543537139893 735.597858428955 845.322551727295
993.098815917969 602.361480712891 941.441307067871 618.627395629883 744.823661804199 794.116561889648 895.300853729248 830.87829875946 819.189086914062 893.866912841797 830.482719421387 688.01806640625 956.584733963013 1158.25046539307 861.664276123047 1135.75343704224 893.851020812988 1020.64694213867 768.25456237793 996.904926300049 653.341949462891 992.232894897461 744.862701416016 725.883380889893 839.75065612793 902.172473907471 1021.5883026123 644.3369140625 1374.33215332031 1330.25982666016 1210.30621337891 728.093688964844 837.223476409912 921.988128662109 1006.77857971191 871.573593139648 800.383941650391 1018.262550354 959.620758056641 854.73486328125 762.694183349609 701.278739929199 729.355270385742 833.561386108398 721.004528045654 1262.0850944519 911.740249633789 816.419273376465 773.012084960938 842.563901901245
547.384979248047 673.645801544189 723.369720458984 743.615600585938 781.505409240723 987.038345336914 607.395492553711 825.005004882812 832.142501831055 918.468612670898 792.252548217773 1099.44786071777 1476.34462356567 894.987457275391 961.976678848267 941.042617797852 926.889072418213 776.216873168945 1070.58841705322 1249.21775650978 812.460850954056 925.206027984619 1224.93772888184 1254.43157958984 1038.54223632812 895.247535705566 863.696792602539 710.576446533203 752.316421508789 826.851354598999 881.770202636719 755.614059448242 883.300956726074 867.430526733398 783.716651916504 764.662780761719 874.77209186554 893.665644705296 1071.98558044434 947.082084655762 966.342185974121 746.265782833099 632.456777572632 791.561996459961 896.564727783203 1039.45726966858 785.874704360962 889.531539916992 826.924934387207 857.864280700684
744.000717163086 838.019302368164 1431.84127616882 1051.78444671631 1066.65743637085 917.384536743164 826.26244354248 1105.42747497559 1913.76153564453 624.156005859375 1284.26242828369 776.153559684753 1267.80846786499 1101.35035705566 963.862030029297 978.431922912598 856.436006546021 904.009044647217 792.971839904785 913.592864990234 788.819694519043 1027.41230821609 1121.02815246582 787.897357940674 780.480960845947 778.564378738403 851.270198822021 780.333229064941 849.881425857544 800.013412475586 921.359260559082 789.905040740967 797.386245727539 762.922035217285 816.690425872803 730.909103393555 891.628862380981 727.439515113831 739.014163970947 816.311061859131 676.060256958008 696.78044128418 582.609573364258 750.192314147949 963.548309326172 841.646747589111 849.732836723328 760.839714050293 854.549858093262 836.831100463867
841.22142791748 958.546577453613 775.882148742676 823.08443570137 974.030772209167 1217.32894897461 1624.8558921814 1136.29829406738 920.241842269897 765.769950866699 1255.88187217712 897.048357009888 915.058776855469 909.775043487549 741.567642211914 1115.0597820282 907.330532073975 923.877143859863 648.733795166016 573.251815795898 989.873931884766 909.759509921074 1033.74243164062 857.623571395874 643.59880065918 963.637246131897 816.254547119141 724.907104492188 781.452140808105 769.361015319824 796.059417724609 754.416759490967 830.301397800446 617.173675537109 441.903686523438 692.578453063965 1003.18779754639 1021.47119140625 841.639541625977 780.174087524414 807.916244506836 593.995300292969 629.296291351318 473.246879577637 642.262435913086 717.299369812012 894.30477142334 758.125299453735 805.859619140625 777.71234703064
630.907684326172 1229.27708435059 1150.98771286011 883.055847167969 1032.89530754089 859.181114196777 951.73885345459 1499.19613265991 1312.36128234863 656.767562866211 735.995567321777 1052.42280578613 913.389877319336 1289.60075378418 984.321182250977 1054.77424621582 1187.63101196289 962.022239685059 1617.87780761719 1286.93962097168 749.875427246094 691.958099365234 890.101871490479 810.43848991394 830.122180938721 884.838682174683 974.161148071289 882.62117767334 838.671070098877 891.932342529297 1002.29918670654 894.832263946533 675.78010559082 560.043060302734 859.606369018555 710.986991882324 866.727265357971 883.329208374023 755.256740570068 726.31502532959 747.911918640137 864.20481300354 722.303428649902 603.70824432373 231.660491943359 513.640579223633 806.577373504639 735.262722015381 719.691558837891 914.349617004395
874.402252197266 788.329639434814 931.315963745117 982.396978378296 1301.00698661804 866.516738891602 732.915985107422 1069.7032623291 1500.89443969727 730.696304321289 1141.95361328125 780.168846130371 927.864643096924 702.970062255859 842.303588867188 1118.40920639038 985.259183883667 1052.82429504395 1125.52764892578 952.036666870117 1147.89205932617 855.146713256836 1129.58351898193 874.421770095825 873.037485122681 756.351272583008 810.93871307373 1024.66622924805 913.827026367188 936.238628387451 811.127487182617 662.028282165527 750.845932006836 878.941442489624 849.705074310303 915.370399475098 861.042057037354 930.497604370117 1094.16733551025 648.85945892334 740.039371490479 711.78572845459 678.352783203125 617.474670410156 615.825313568115 564.672821044922 682.675720214844 991.123397827148 837.658561706543 833.708618164062
