simdem/realisation2.asc
NCOLS 350 
NROWS 171 
XLLCORNER 152620 
YLLCORNER 418050 
CELLSIZE 100 
NODATA_value -9999 
[rows 44 to 65 of 171, columns 200 to 249 of 350]
910.391059875488 886.014587402344 756.168731689453 538.028091430664 540.905374526978 430.423141479492 576.021156311035 654.882057189941 625.005332946777 738.170615196228 869.548431396484 639.634658813477 644.036640167236 779.424344539642 569.976264953613 572.109201431274 675.653121948242 637.303792953491 585.7736120224 563.44086933136 702.947120666504 694.136703491211 625.015596389771 628.948558807373 568.929145812988 608.155530929565 751.027481079102 829.672760009766 732.351188659668 686.083435058594 617.611301898956 765.755424499512 1105.94037628174 640.252702951431 716.335609436035 668.625681877136 562.213989257812 592.656326293945 656.620147705078 724.141429901123 653.300903320312 608.769515991211 737.550338745117 576.005195617676 628.815376281738 643.962108612061 576.9267578125 800.302665710449 756.032371520996 629.872329711914
1187.52667236328 1700.61019897461 1258.65467834473 1029.43501281738 810.343969345093 982.694305419922 808.800415039062 846.640747070312 728.732844352722 759.924285888672 797.28124332428 718.315389633179 611.331748962402 1047.64257979393 649.917846679688 859.144950866699 700.215419769287 723.408393859863 715.467811584473 636.501884460449 675.794921875 526.66478729248 434.191360473633 630.015565872192 576.072858810425 730.049942016602 713.117042541504 575.912197113037 647.488986968994 691.146751403809 651.474804401398 723.476119995117 793.729614257812 702.272735595703 630.518611907959 522.676193237305 658.188991546631 551.28955078125 689.662776947021 781.01749420166 669.630939483643 590.57820892334 699.838603019714 738.913219451904 657.623636245728 682.85112953186 686.97864151001 651.602146148682 646.726276397705 726.060827255249
779.244644165039 1122.72052001953 1647.85625457764 1131.17816162109 632.481689453125 775.375282287598 727.179658889771 803.286964416504 682.165962219238 557.126960754395 481.943153381348 620.274719238281 428.235855102539 757.980083465576 802.519626617432 794.358360290527 1419.86896514893 751.704804420471 568.601621627808 569.043825149536 639.326868057251 502.837821960449 533.553405761719 603.28121805191 614.998589038849 631.335856437683 570.858352661133 578.703770637512 745.398361206055 730.656547546387 712.027465820312 643.514645576477 703.321853637695 746.21696472168 730.856346130371 567.661735534668 689.154826164246 642.111787796021 671.771376132965 703.376178741455 683.003299236298 668.507616043091 576.457061767578 711.474868774414 732.894409179688 598.544662475586 799.161636352539 661.511222839355 750.188770577312 803.265579223633
557.406308054924 631.06937789917 943.594093322754 1228.83184432983 799.523651123047 691.804119110107 811.001678466797 903.347198486328 733.866325378418 547.250375747681 609.575225830078 514.778327941895 599.554744720459 585.91365814209 701.320667266846 922.544502258301 1267.94938087463 1886.50048828125 1381.02071762085 782.508285522461 621.874557495117 531.308555603027 616.219851851463 776.835189819336 617.812170028687 505.397567749023 776.273101806641 641.545219421387 624.398637294769 642.321751594543 865.764099121094 822.679809570312 734.352165222168 657.196565628052 785.246459960938 670.456260681152 691.761283874512 679.642009735107 712.21622467041 800.747161865234 720.465656280518 638.485330581665 689.323924541473 527.667190551758 710.953145980835 658.619915008545 757.797164916992 690.333166122437 841.908958435059 787.791656494141
557.528045654297 625.188472747803 909.735366821289 749.228294372559 658.007713317871 667.418287754059 635.081307135522 759.211326599121 613.678104400635 653.961250305176 546.721591949463 364.198623657227 645.576278686523 569.646122455597 581.916904449463 657.301834106445 1079.79353523254 1334.55623626709 1206.60708618164 1080.14763641357 635.154300689697 450.735931396484 585.392921447754 705.447917938232 595.505718231201 637.347996711731 726.941635131836 753.668518066406 549.778198242188 620.342359542847 680.32625579834 747.846076965332 776.195915222168 750.02271270752 780.30517578125 679.629772186279 682.813545227051 784.179824829102 735.976673126221 650.357624053955 728.256927490234 786.793983459473 656.49884223938 576.741279602051 543.263397216797 550.617584228516 499.468200683594 759.653327941895 650.348148345947 727.149368286133
609.846996307373 656.369979858398 704.180252075195 697.567840576172 523.58861541748 652.843872070312 701.284925937653 553.143997192383 609.739974975586 783.235748291016 634.354995727539 463.816955566406 419.938720703125 530.54243850708 594.527103424072 730.746911525726 947.204513549805 1212.63429069519 1973.43160247803 1563.81901550293 897.274284362793 890.453735351562 788.824890136719 671.668029785156 611.159650087357 635.197612762451 653.252666473389 614.830804824829 683.578197479248 604.350852966309 698.716201782227 760.397941589355 756.985527038574 696.633560180664 673.271572113037 672.664862632751 750.476593017578 710.067413330078 649.901853561401 733.41414642334 560.772079467773 737.945178985596 654.017858028412 1026.85221481323 948.427635192871 945.596725463867 649.234909057617 533.544937133789 684.383987426758 561.751724243164
703.089378356934 665.682136535645 765.904327392578 629.099430084229 535.10249710083 698.565444946289 499.825508117676 525.322208404541 657.259517669678 603.84033203125 561.823260307312 477.966590881348 484.629447937012 553.551194667816 462.060043334961 501.415786743164 864.495475769043 1087.48352241516 1687.78825378418 1788.01638412476 942.971725463867 723.590221405029 797.321868896484 676.832412719727 595.473820209503 480.130363464355 672.092971801758 712.50269317627 692.416301727295 678.26887512207 631.859727859497 647.92902135849 695.544654846191 712.79663848877 714.226552963257 722.182744979858 765.004272460938 653.520571708679 599.003128051758 775.614715576172 766.033683776855 680.068179130554 701.197130203247 761.122253417969 1135.65040588379 1247.11044311523 621.21076965332 637.46329498291 472.758453369141 751.888031005859
605.764783859253 718.476390838623 622.280885696411 600.835388183594 461.300720214844 673.166542053223 799.766082763672 684.490364074707 584.978708267212 709.231632232666 662.191634654999 519.46533203125 520.730670928955 563.973804235458 478.320663452148 555.397844314575 799.291427612305 971.989365100861 1365.27651977539 1465.49990081787 1392.01910686493 743.0807762146 638.918793678284 518.021629333496 563.229755401611 392.091400146484 613.819536209106 544.100074768066 581.039474487305 561.081909179688 613.735994338989 600.761196136475 600.416820526123 778.519943237305 737.897071838379 753.452438354492 792.214324951172 687.801467895508 849.604690551758 685.187443256378 712.112503051758 620.195266723633 618.295162200928 647.099725723267 1002.16383743286 700.416694164276 882.484832763672 1127.05101013184 671.017669677734 816.428237915039
586.550912857056 612.568916320801 685.46688079834 663.992343902588 500.139724731445 701.395923614502 926.21142578125 833.247993469238 746.731407165527 827.353942871094 691.558366775513 655.113319396973 668.978904724121 490.812377929688 428.65803527832 658.379058837891 641.016023635864 708.131828308105 1069.65229797363 1776.78866577148 2053.80242919922 1157.18284606934 656.728862762451 700.884704589844 620.998591899872 526.528907775879 594.756022453308 380.847152709961 445.033218383789 409.070205688477 622.019607543945 568.589340209961 527.278930664062 697.536735534668 725.347930908203 563.046409606934 578.382217407227 673.060075759888 578.589363098145 592.294239044189 723.793270111084 708.663070678711 811.121398925781 725.684997558594 712.69750213623 708.264976501465 495.112915039062 577.941833496094 1018.39100646973 917.991577148438
626.895584106445 578.932247638702 724.596122741699 610.14538192749 480.63996887207 596.996419906616 652.748474121094 657.335516452789 635.575325012207 882.898239135742 644.588878631592 739.223655700684 707.738624572754 562.206703186035 781.669082641602 724.529159545898 650.185173034668 735.076164245605 931.395971298218 973.060855865479 1352.65663146973 1192.48085021973 1568.19283294678 734.88639831543 548.159332275391 434.853668212891 450.202865600586 449.989639282227 458.171371459961 570.200103759766 713.087944030762 665.010456085205 539.268333435059 748.889022827148 743.134307861328 548.793258666992 578.716567993164 624.299652099609 635.896829605103 609.504901885986 658.369760513306 648.493343353271 887.521118164062 714.286270141602 567.832286834717 754.050216674805 500.728149414062 662.050888061523 1030.09647941589 472.058959960938
461.793418884277 583.87254524231 643.922777175903 519.295967102051 541.771625518799 644.452580213547 650.794708251953 634.355292320251 735.182113647461 779.510082244873 677.649101257324 755.536849975586 645.801504135132 737.856956481934 779.146774291992 753.581451416016 520.13249206543 588.620164871216 630.923244953156 684.167770385742 752.496444702148 1144.89962005615 1555.67485046387 772.194244384766 623.855209350586 525.295677185059 548.521453857422 689.918640136719 579.028848648071 627.917644500732 604.391914844513 479.012680053711 573.757637023926 725.90145111084 848.592926025391 706.564304351807 714.722190856934 726.617654800415 743.092735290527 700.885276794434 716.405670166016 721.191478729248 762.584861755371 678.430126190186 661.331478118896 612.050308227539 482.181106567383 731.066749572754 727.171607971191 533.478881835938
655.638465881348 768.156875610352 668.856521606445 505.346298217773 589.670978546143 645.53929901123 705.39183807373 603.774490356445 678.072758674622 703.874591827393 684.05415058136 681.60570526123 593.918855667114 661.784473419189 662.559135437012 702.490173339844 664.962280273438 645.386960983276 670.14151763916 668.366399765015 688.822784423828 996.40867805481 974.325241088867 1277.56670379639 708.397689819336 539.178253173828 563.805671691895 496.414863586426 759.461624145508 572.399791717529 614.972476959229 454.975662231445 645.981588363647 624.43207025528 619.159193992615 693.905281066895 690.48217010498 647.825822353363 691.493045806885 616.896186828613 593.393890380859 784.666717529297 782.327903747559 757.367652893066 696.939628601074 752.899345397949 660.039602279663 729.331871032715 631.892864227295 580.528732299805
690.326076507568 838.937103271484 808.612869262695 484.004188537598 613.886500358582 762.783950805664 819.917617797852 651.968980789185 710.793970108032 729.253414154053 873.71240234375 722.972730636597 572.382766723633 583.725914001465 706.396524429321 732.665964126587 696.874908447266 713.063472747803 640.168853759766 851.944169998169 1046.55079650879 1057.70315551758 1198.32307243347 1074.29668045044 734.177192687988 514.744773864746 545.41902923584 683.224067687988 552.559799194336 614.314170360565 695.516212463379 624.870029449463 563.643650054932 586.914257049561 537.065574645996 659.660188674927 625.784823417664 711.506217956543 677.483596801758 717.167823791504 609.604679107666 765.284309387207 658.200567245483 793.266342163086 672.656839370728 687.33198928833 672.563494682312 736.486351013184 683.998805999756 680.587288856506
602.656139373779 801.266586303711 649.729592323303 697.832878112793 683.501419067383 663.063228607178 637.80196762085 649.050212860107 548.123107910156 473.325241088867 687.228462219238 608.082275390625 616.764610290527 687.413272857666 681.220947265625 539.636795043945 686.833183288574 855.27278137207 952.846832275391 852.021463394165 900.562324523926 969.332153320312 1041.67352294922 906.685113430023 632.023345947266 530.193321228027 553.383800506592 692.350723266602 720.73511505127 537.613380432129 707.843856811523 540.426109313965 562.370109558105 535.603553771973 752.970962524414 703.974967956543 669.11149597168 656.008968353271 615.26033782959 767.372192382812 532.722007751465 792.281311035156 726.80450630188 650.888699531555 573.950523376465 675.263261795044 910.218551635742 703.707046508789 714.215690612793 658.584482192993
572.968379974365 751.347457885742 625.798936843872 542.052398681641 608.806701660156 632.94718503952 748.935806274414 643.46190392971 480.797393798828 560.162925720215 638.65022277832 711.234262466431 776.327976226807 711.40157353878 610.744106292725 649.170978546143 626.016754150391 871.964488983154 905.868682861328 873.540523529053 853.42689704895 838.719644546509 936.834621429443 964.937973022461 688.597721099854 562.425567626953 569.339902877808 661.535614013672 693.745994567871 636.085178375244 444.765747070312 823.399559020996 605.322189331055 646.48331451416 724.094711303711 666.615741729736 660.282081604004 656.313468933105 656.740371704102 576.250358581543 537.279891967773 699.790802001953 699.917024612427 598.93815612793 544.485069274902 670.345279693604 683.095691680908 602.969066619873 481.823745727539 592.161392211914
683.728050231934 631.873746871948 630.870281457901 523.626174926758 646.643035411835 637.500556945801 656.960821151733 701.467567443848 597.16423034668 658.310193538666 604.066055297852 807.526214599609 806.791442871094 552.604034423828 605.955505371094 584.459098815918 649.529312133789 666.244762420654 870.801239013672 952.057357788086 939.969223022461 844.832353591919 803.666061401367 553.454811096191 589.538204193115 692.198669433594 591.771137237549 638.802146911621 580.015474319458 340.617279052734 702.245666503906 686.444557189941 768.326231002808 846.52130573988 482.952545166016 695.059089660645 646.737247467041 639.001007080078 691.80736541748 617.196815013885 653.503440856934 678.487213134766 597.794040679932 635.279107093811 671.007228851318 689.514541625977 669.257013320923 638.677276611328 636.259636878967 735.191932678223
499.708953857422 583.791736602783 554.017456054688 636.523462772369 614.0130443573 619.155368804932 677.213886260986 686.642070770264 601.788444519043 630.346607208252 600.5973777771 607.336738586426 721.556867599487 560.497863769531 657.57884979248 723.967781066895 725.206589698792 709.842416286469 689.083232879639 854.026779174805 912.550369262695 898.015029907227 564.448650360107 607.412384033203 686.020095825195 516.951324462891 556.508289337158 599.416321754456 573.877159118652 727.74772644043 581.835632324219 521.884910583496 627.889392852783 601.36277961731 561.457252502441 823.596212387085 768.733470916748 549.547866821289 644.25138092041 512.661422729492 721.157066345215 755.453651428223 748.628921508789 626.296243667603 711.544021606445 677.726413726807 644.708581924438 688.810325622559 732.625587463379 729.405281066895
591.737036705017 653.170490264893 576.931762695312 620.514213562012 527.543609619141 511.637985229492 631.448957443237 630.191247940063 554.307418823242 541.973670959473 697.449630737305 672.546894073486 572.921279907227 635.874736785889 563.551834106445 778.66845703125 847.687568664551 868.356475830078 809.101097106934 879.758876800537 759.489177703857 619.207218647003 532.78540802002 744.662887573242 633.942655563354 642.434864044189 650.5725440979 606.662752151489 593.515940666199 651.65705871582 397.281845092773 597.129262924194 692.955688476562 528.831993103027 484.482986450195 657.397121429443 728.276184082031 663.48469543457 705.054171562195 545.389762878418 618.052536010742 692.767425537109 761.398574829102 522.654067993164 604.940404891968 662.965278625488 584.997634887695 546.725395202637 695.63064956665 661.640240192413
705.590087890625 580.607906341553 737.006820678711 453.344329833984 600.936223983765 590.666870117188 557.290962219238 578.607818603516 682.910800933838 634.196471214294 600.435735702515 653.719486236572 585.768384933472 615.08166885376 655.639308929443 811.902325153351 845.697006225586 815.031051635742 866.027069091797 774.421615600586 663.112125396729 713.062377929688 514.183364868164 621.284854888916 635.199207305908 688.765205383301 644.946046829224 557.204956054688 577.157600402832 649.169647216797 575.338859558105 668.201198577881 705.543830871582 588.439422607422 578.588150024414 616.187843322754 560.347442626953 1059.10572814941 1007.7868347168 529.174224853516 554.62442779541 643.583282470703 614.147022247314 605.506492614746 755.149917602539 588.826519012451 594.859363555908 653.823547363281 856.179550170898 728.492988586426
618.258394241333 684.386478424072 545.801151275635 610.407180786133 613.806839942932 712.002769470215 621.240621566772 727.481185913086 828.403533935547 797.660415649414 644.350920200348 648.11625957489 614.080984115601 566.537128448486 671.414371490479 681.585109710693 665.75089263916 589.294174194336 780.435653686523 609.697065353394 785.037994384766 814.377334594727 628.025148391724 580.687366366386 637.367523193359 686.728271484375 718.953033447266 636.393338680267 577.475761413574 466.198669433594 685.42830312252 665.443998336792 752.088241577148 687.750865936279 552.050636291504 627.857681274414 552.876907348633 1032.40425109863 723.329650878906 562.068794250488 581.702831268311 620.961573600769 691.417991638184 620.215755462646 636.891905784607 549.83472442627 625.621607780457 595.782386779785 661.328971862793 658.585695266724
528.547714233398 723.369692802429 675.162576675415 584.299869537354 726.726768493652 654.223121643066 677.111972808838 688.008716583252 705.724212646484 753.621688842773 700.933311462402 581.493297576904 693.165691375732 593.487293243408 566.40950012207 671.641438484192 670.230903625488 662.145679473877 498.100143432617 555.077205657959 783.563598632812 719.676612854004 665.488088279963 592.138989448547 573.312814712524 437.100952148438 652.459445953369 652.856523513794 429.624969482422 518.041381835938 625.801338195801 619.282081604004 615.186405181885 576.680393218994 633.947499275208 586.199962615967 606.911056518555 975.739524841309 611.459114074707 586.497329711914 770.876113891602 662.143749237061 535.613571166992 618.416048049927 677.792980194092 649.073676109314 629.384037971497 610.264862060547 656.701348304749 575.914558410645
406.618896484375 387.112258911133 615.71911239624 612.177982330322 691.631935119629 571.136795043945 612.626702308655 639.320598602295 576.292369842529 559.883773803711 617.675815582275 608.820280075073 700.104705810547 582.259117126465 470.841430664062 581.696678161621 844.993286132812 757.425636291504 696.126281738281 677.437454223633 579.196880340576 593.441101074219 616.025014042854 568.001800537109 650.543775558472 691.061012268066 643.969013214111 583.699119567871 570.856048583984 680.731654107571 572.876342773438 507.848510742188 652.339405059814 669.414562225342 473.071640014648 772.41081237793 882.749092102051 699.959671020508 490.925598144531 527.13801574707 615.009787559509 604.171089172363 602.038875579834 631.320989608765 660.035945892334 744.123466491699 678.567401885986 682.522668838501 687.074962615967 663.167369842529
