simdem/realisation23.asc
NCOLS 350 
NROWS 171 
XLLCORNER 152620 
YLLCORNER 418050 
CELLSIZE 100 
NODATA_value -9999 
[rows 22 to 43 of 171, columns 100 to 149 of 350]
502.289878845215 487.020751953125 491.860893249512 468.490280151367 619.203132629395 590.633396148682 745.361669540405 671.803262710571 628.401054382324 699.3811378479 992.644371032715 578.77995300293 559.177974700928 868.714859008789 660.466423034668 511.330123901367 654.230133056641 719.846496582031 602.916290283203 795.918033599854 1148.56175994873 850.03239440918 398.823501586914 377.954376220703 517.266670227051 492.289909362793 596.28729724884 635.05387878418 697.216201782227 588.329687595367 543.437118530273 590.780612945557 666.48623085022 718.438896179199 659.884693145752 764.269035339355 683.314468383789 792.347122192383 588.540882110596 622.041694641113 675.206855773926 751.349983215332 553.320579528809 594.314647674561 673.720230102539 599.151119232178 737.668807983398 728.698211669922 607.116030693054 549.32926940918
605.81432723999 529.433406829834 495.024513244629 541.331581115723 547.161659240723 782.655639648438 537.146682739258 732.321758270264 838.781120300293 762.516181945801 1659.29406929016 651.559913635254 444.842437744141 1022.04637145996 599.915307998657 556.171997070312 1007.08782291412 552.442840576172 722.47384262085 608.381568431854 858.227691650391 535.456832885742 1079.42414855957 908.963104248047 493.182205200195 548.106109619141 542.042266845703 785.152359008789 641.543598175049 535.392753601074 604.116606712341 694.120666503906 564.958423614502 700.831481933594 600.389625549316 613.770015716553 752.221572875977 776.221099853516 671.205715179443 670.93346786499 642.778497695923 785.15168762207 675.427688598633 669.666736602783 695.621917724609 673.658668518066 728.298095703125 603.257333755493 610.820747852325 546.700061798096
581.303084373474 588.778553009033 547.657684326172 696.526744842529 447.118026733398 724.192840576172 471.487762451172 739.557369232178 631.934520244598 602.442163467407 717.358766555786 929.338363647461 574.225952148438 865.403469085693 632.827164292336 713.139175415039 647.461235046387 500.439727783203 567.835235595703 782.586723327637 766.32341003418 524.278198242188 619.074867248535 608.820761680603 696.886543273926 566.57649230957 532.501956939697 646.162315368652 674.236671447754 635.715900421143 517.796985626221 613.877487182617 526.104911804199 711.760139465332 656.786949157715 713.524272918701 639.179256439209 781.619125366211 630.028940200806 524.820709228516 645.882577896118 550.210876464844 724.310241699219 704.476387023926 627.23063659668 493.017417907715 634.93815612793 579.383920669556 631.500263214111 629.548843383789
561.192309379578 518.042316436768 692.099075317383 434.468078613281 432.681213378906 571.31103515625 754.974136352539 1012.77570343018 709.853057861328 963.608932495117 970.040506839752 873.233909606934 880.861343383789 884.085872650146 930.756202697754 1019.94866943359 622.466503143311 556.510902404785 505.950901031494 756.373199462891 1488.29264450073 544.867805480957 605.170117378235 599.078852653503 654.704254150391 376.660675048828 591.672737121582 531.870223999023 621.390953063965 530.41024017334 544.031979560852 601.058345794678 540.439331054688 720.098541259766 665.930160522461 675.467613220215 592.343406677246 586.952580451965 554.307723999023 510.176635742188 612.779298782349 623.86082649231 444.158538818359 409.223587036133 493.116561889648 463.318687438965 602.766590118408 616.439384460449 568.10613822937 531.510028839111
614.737152099609 568.922410964966 818.737167358398 473.305084228516 588.791381835938 318.499084472656 547.322898864746 684.721611022949 1192.95742034912 850.044143676758 811.816215515137 842.028755187988 925.715845108032 661.317504882812 992.847043991089 990.800367355347 617.284454345703 683.26392364502 773.975475311279 407.260726928711 1142.34492874146 645.370651245117 598.001594543457 233.634918212891 494.375289916992 517.417091369629 566.673110961914 484.954460144043 490.976108551025 567.05714225769 513.955772399902 412.596267700195 474.443145751953 491.985290527344 577.808622360229 537.620277404785 521.51538848877 492.936386108398 447.266471862793 609.332786560059 632.84077835083 560.330696105957 425.052536010742 372.455062866211 502.359954833984 573.975877761841 582.088920593262 584.657457351685 565.629548788071 531.329326629639
564.103425502777 558.405630111694 528.40079498291 418.849212646484 877.087249755859 1115.96411132812 704.840827941895 571.03524017334 683.20866394043 886.217970848083 658.550483703613 685.01123046875 735.022254943848 545.623840332031 634.481861114502 1119.44975280762 1344.1937789917 477.767456054688 735.736310958862 720.100799560547 374.580032348633 474.579116821289 454.623809814453 611.855958938599 763.272802352905 555.977933883667 608.925960540771 516.698768615723 457.292221069336 617.872829437256 495.722106933594 506.88956451416 393.731689453125 492.407875061035 436.051055908203 610.75394821167 625.138740539551 508.747497558594 549.446743011475 662.966613769531 641.428527832031 572.356045126915 502.548725128174 478.888847351074 563.500435829163 636.816360473633 568.677822113037 511.36014175415 577.159978866577 544.420157432556
625.797538757324 909.320087432861 368.150268554688 414.030075073242 292.915374755859 580.410507202148 548.810806274414 550.443901062012 930.37491607666 632.892506599426 834.797588348389 577.927108764648 487.974479675293 622.589248657227 854.812805175781 491.208770751953 718.171981811523 1002.26504516602 1071.94706726074 341.898712158203 458.516784667969 568.193340301514 534.642374038696 612.282573699951 589.588645935059 560.690704345703 427.76993560791 351.355712890625 575.076465606689 620.749374389648 440.448959350586 561.497140884399 641.541236877441 576.192831039429 528.249069213867 770.930557250977 549.895098686218 567.7338514328 489.180137634277 627.00150680542 498.757667541504 459.229064941406 539.985375854187 541.578250408173 611.812225341797 695.08235168457 620.495559692383 475.097156524658 307.438369750977 522.033222198486
396.003387451172 487.036834716797 303.651107788086 402.614379882812 471.567718505859 439.88134765625 494.253051757812 624.03751373291 789.310913085938 640.773048400879 897.985679626465 588.829418182373 643.977813720703 847.671844482422 660.359039306641 454.517852783203 492.149673461914 450.938461303711 475.033355712891 546.676452636719 518.416887760162 632.788841247559 584.592918395996 590.060475349426 561.537801742554 534.335174560547 361.04833984375 415.663940429688 474.079162597656 580.814678192139 541.741759300232 590.932838439941 464.19766998291 529.49184513092 424.372512817383 517.169132232666 593.264354705811 497.173858642578 394.323822021484 538.783597946167 695.031799316406 557.272416591644 582.511282920837 601.817596435547 585.035495758057 585.134664535522 538.152985572815 489.188854217529 425.496551513672 521.969394683838
649.804382324219 393.48999786377 427.968788146973 745.603805541992 567.091674804688 388.01301574707 498.046035766602 692.536842346191 640.581972122192 951.808731079102 668.166217803955 539.581912994385 351.86198425293 591.268661499023 497.555946350098 959.66418838501 509.852523803711 360.870269775391 470.498245239258 541.291367769241 431.518356323242 553.016463279724 532.646415710449 508.285575866699 650.368621826172 1614.51271057129 549.524477958679 465.774139404297 524.724370479584 511.218907833099 689.34455871582 550.783792495728 422.483459472656 494.049652099609 415.162864685059 505.53539276123 540.045209884644 549.724796295166 488.609992980957 579.188751220703 529.108250617981 585.612682342529 679.731071472168 587.221687316895 577.197509765625 590.241466522217 445.925605773926 485.830131530762 370.969619750977 675.810188293457
410.117416381836 455.087821960449 571.474750518799 503.952087402344 1199.70429229736 320.266723632812 537.837013244629 418.144660949707 750.857830047607 627.483654022217 559.480361938477 784.538208007812 514.433883666992 447.696571350098 523.616432189941 609.860710144043 458.375335693359 513.657075881958 563.774263381958 441.26513671875 467.943328857422 523.312705993652 623.479454040527 485.636631011963 401.214538574219 483.649291992188 458.66231918335 491.234329223633 602.706855773926 556.426971435547 521.690989822149 833.36376953125 716.506271362305 575.968067169189 445.611877441406 598.708137512207 499.88883972168 398.184936523438 367.905990600586 345.319732666016 644.587390899658 519.942353248596 593.149234771729 610.041591644287 498.634922027588 511.264356613159 380.110610961914 370.982177734375 531.80199432373 623.899360656738
617.514984130859 507.966871261597 388.537910461426 473.137809753418 405.177337646484 575.771413326263 468.2001953125 1081.54677200317 1220.97281265259 473.474838256836 423.953857421875 707.62967300415 525.107070922852 547.553745269775 665.319301605225 556.941745758057 542.848899841309 474.124725341797 564.251134872437 667.576141357422 710.496810913086 585.225345611572 613.970985412598 588.212524414062 359.518249511719 396.566864013672 360.437240600586 501.984451293945 597.164695739746 556.91654586792 566.495777130127 636.239547729492 529.128643035889 643.023880004883 606.193969726562 409.916046142578 527.122652053833 443.985282897949 361.210586547852 413.912628173828 599.166168212891 629.840049743652 658.486846923828 497.464485168457 607.350044250488 555.560579299927 597.855415344238 412.115936279297 453.602020263672 542.820449829102
562.932125091553 489.388644218445 468.663074493408 553.232765197754 504.998878479004 464.293386459351 625.698455810547 475.099948883057 590.064651489258 543.911897659302 633.396150588989 406.724891662598 395.311599731445 808.700233459473 589.499717712402 625.566932678223 567.618835449219 583.711494445801 419.283554077148 494.343660354614 799.949432373047 543.090265274048 537.701978683472 543.899993896484 450.898826599121 478.84703874588 515.910256385803 500.113929271698 430.270416259766 420.218971252441 465.948394775391 463.370185852051 496.94477558136 625.693885803223 695.194961547852 636.657676696777 599.602691650391 413.981513977051 491.968307495117 428.939163208008 533.638557434082 578.310272216797 480.318283081055 405.785720825195 544.440221786499 605.436378479004 465.650848388672 610.15881729126 490.254138946533 652.020217895508
507.496788024902 618.492546081543 708.889495849609 577.697746276855 517.819324493408 457.064657211304 452.567985534668 393.772941589355 457.995475769043 522.551777362823 540.161911010742 642.036804199219 590.230674743652 443.148155212402 561.084083557129 510.060153961182 567.363586425781 568.224166870117 489.942083358765 643.370971679688 639.693092346191 531.996438980103 602.703216552734 534.674976348877 555.732132911682 469.64276599884 403.20191192627 429.746086120605 523.918598175049 372.016998291016 523.94716835022 521.230960845947 524.41837310791 610.122459411621 607.169013977051 634.676010131836 486.324373245239 415.418815612793 459.685352325439 463.971172332764 550.862533569336 725.459716796875 650.816040039062 420.949684143066 560.099117279053 675.778137207031 486.358211517334 485.500095367432 494.464561462402 547.790199279785
545.210487365723 613.560165405273 686.089340209961 578.981353759766 419.223918914795 328.305191040039 423.726463317871 623.61344909668 416.05233001709 614.961196899414 603.112686157227 477.294345855713 506.726066589355 430.097381591797 553.015392303467 418.121917724609 468.523015022278 480.962566375732 529.023754119873 521.468523025513 518.794298171997 494.355199813843 381.654655456543 579.243751525879 545.850681304932 415.055976867676 394.755332946777 527.814277648926 624.063690185547 443.744888305664 477.345672607422 497.896480560303 531.272003173828 433.747489929199 524.595272064209 523.99686050415 527.610042572021 572.36442565918 398.619041442871 562.646003723145 649.760589599609 579.070304870605 438.763633728027 539.430797576904 613.974411010742 595.634078979492 492.022998809814 569.647682189941 603.896026611328 501.341411590576
486.948678016663 531.003437042236 671.764572143555 591.728202819824 512.159743309021 466.038890838623 487.146715164185 651.001541137695 562.083288192749 489.500963687897 455.349159240723 462.74552154541 377.600036621094 440.851078033447 572.962020874023 517.367582321167 560.262954711914 604.069671630859 407.477088928223 552.534072875977 400.90255355835 411.865745544434 463.68800163269 485.640022277832 444.308818817139 361.342475891113 396.27619934082 438.763856887817 533.012344360352 456.428354263306 485.551723003387 574.420700073242 524.034069061279 511.582305908203 419.566276550293 439.839069366455 614.307907104492 464.220133304596 481.994540214539 510.94419670105 464.598054885864 471.845157623291 584.768859863281 555.773086547852 552.876399993896 585.895416259766 542.490737915039 464.809051513672 568.567338466644 512.713676452637
400.567176818848 391.606285095215 370.095718383789 474.84997844696 448.601211547852 436.131172180176 531.847215652466 461.345584869385 369.599197387695 459.672651290894 436.339073181152 271.906448364258 355.66349029541 547.89380645752 466.793342590332 357.119346618652 477.206332206726 533.383201599121 441.125017166138 574.768669128418 461.062865257263 566.679611206055 427.252412796021 352.006736755371 327.32096862793 426.21276473999 434.540348052979 525.648559570312 567.006340026855 594.21068572998 529.521011352539 496.091716766357 494.76778793335 598.062545776367 443.844291687012 521.622421264648 455.605419158936 473.473671913147 574.325828552246 625.301208496094 539.108184814453 407.311737060547 426.827217102051 474.281558990479 634.290771484375 570.581081390381 632.520561218262 539.714204311371 430.066749572754 532.148483276367
390.897777557373 380.686431884766 526.686340332031 448.029829978943 604.376533508301 584.488945007324 531.506990909576 505.775413513184 427.572986602783 523.463027954102 473.485957622528 431.396160125732 267.536849975586 422.958511352539 417.774772644043 366.568145751953 462.610694885254 496.386524200439 496.399402618408 490.602108001709 412.92728805542 366.75284576416 458.684892654419 530.954658508301 488.153846740723 503.327369689941 452.713467538357 432.294012069702 476.62231361866 387.457374572754 517.320091247559 634.676422119141 548.383270263672 533.465293884277 409.091819763184 558.301971435547 246.589141845703 462.321691513062 542.080408096313 486.484550476074 471.00119304657 295.900329589844 325.357055664062 423.974731445312 539.094612121582 588.949447631836 739.638442993164 551.277088165283 427.690628051758 427.582397460938
486.215900421143 367.590751647949 378.753578186035 419.027305603027 568.067878723145 436.474526405334 612.512664794922 572.808891296387 521.045742034912 492.374481201172 579.111312866211 395.20475769043 462.088709831238 384.302909851074 346.703224182129 490.577402114868 431.654861450195 450.949120521545 547.491035461426 561.50341796875 456.657345414162 438.531749725342 437.900436401367 395.484786987305 450.065373301506 556.326225280762 306.711029052734 469.87451171875 613.213882446289 564.981582641602 423.912002563477 479.94823884964 442.786964416504 532.440250396729 406.039241790771 444.242523193359 448.891300201416 446.021072387695 316.557403564453 370.615135192871 278.617721557617 289.858154296875 340.430114746094 478.171684265137 536.773989677429 489.997978210449 539.794653892517 513.033010158688 459.625556945801 576.163380622864
314.69807434082 346.484306335449 210.187637329102 328.184257507324 334.065216064453 546.439994812012 551.912612915039 404.641494750977 597.731262207031 575.151817321777 371.973648071289 459.477682113647 439.190864562988 460.66535949707 426.34135055542 444.601051330566 487.470576375723 461.177478313446 426.237968444824 511.541248321533 526.478107452393 435.625606536865 504.967744827271 471.871479511261 408.0068359375 409.997261047363 488.696875572205 561.056640625 535.661491394043 519.864456176758 460.03008723259 440.7174949646 510.260807037354 546.031787872314 424.53085899353 323.05924987793 456.832302093506 422.868469238281 468.32592010498 356.998809814453 282.351348876953 289.920745849609 467.534942626953 679.524368286133 552.49066734314 527.012275218964 472.26057434082 507.550888061523 412.00910949707 485.315040588379
304.618965148926 219.343994140625 194.873275756836 216.18928527832 323.560974121094 487.833348274231 589.519180297852 620.333206176758 637.294647216797 540.121887207031 505.955539703369 490.42319393158 532.158267974854 439.424476623535 610.335479736328 386.069831848145 494.442810058594 617.287078857422 427.6682472229 340.048568725586 483.273819923401 442.080434799194 585.188690185547 485.732179641724 373.685256958008 517.461460113525 438.953365325928 554.877853393555 554.43856048584 468.430924415588 501.753475189209 447.660646438599 535.324207305908 407.262382507324 426.867427825928 457.9060754776 499.656139373779 446.729915618896 519.865863800049 448.661758422852 392.654708862305 322.273544311523 378.144630432129 515.891446113586 408.500747680664 497.983592987061 531.818235874176 493.492584228516 590.005916595459 575.273498535156
340.690139770508 421.712453842163 358.938484191895 385.903293609619 644.880676269531 484.277454376221 441.757929801941 435.665264129639 480.392730712891 565.6396484375 559.865226745605 407.950267791748 489.444570541382 621.814682006836 559.119270324707 545.460159301758 466.524442672729 486.118762731552 550.772163391113 484.997324466705 461.623815536499 348.353164672852 538.226383209229 408.665542602539 497.954187393188 430.908321380615 489.247896194458 473.224319458008 462.318120956421 495.741233825684 552.938629150391 414.239463806152 527.693870544434 495.948145866394 467.447203636169 298.240371704102 373.228775024414 553.103622436523 490.463531494141 462.018997192383 496.319178581238 449.724094390869 412.995246887207 479.303256988525 413.096237182617 478.757862091064 466.111576080322 591.117706298828 615.014755249023 637.489799499512
509.727916717529 443.857856750488 385.632759094238 346.29419708252 524.320724487305 540.478408813477 564.361282348633 537.619316101074 435.429588317871 599.496719360352 544.416709899902 568.259628295898 523.777450561523 505.893440246582 575.135162353516 405.094284057617 376.279067993164 568.095352172852 445.534610748291 302.684127807617 337.451248168945 449.32901763916 606.793174743652 460.334079742432 511.935739517212 470.771194458008 376.523475646973 456.661685943604 386.099617004395 563.592109680176 502.147818565369 508.078418731689 538.099443435669 653.78076171875 507.078117370605 428.317726135254 364.135681152344 447.076740264893 512.009532928467 558.058986663818 601.469917297363 392.575294494629 395.97395324707 362.586044311523 553.49076461792 482.548187255859 546.215272903442 544.866943359375 588.300506591797 476.047012329102
