simdem/realisation91.asc
NCOLS 350 
NROWS 171 
XLLCORNER 152620 
YLLCORNER 418050 
CELLSIZE 100 
NODATA_value -9999 
[rows 88 to 109 of 171, columns 200 to 249 of 350]
677.81609916687 708.413930892944 607.001121520996 593.38557434082 669.645986557007 585.140777587891 479.175506591797 720.705009460449 484.22998046875 530.379058837891 485.019866943359 506.589492797852 678.399251937866 610.258560180664 526.739730834961 619.772567749023 813.930130004883 869.487014770508 732.1953125 627.568634033203 562.177711486816 690.583391189575 588.216064453125 688.771003723145 723.533821105957 655.831974029541 800.178848266602 687.460169792175 697.713932037354 714.705390930176 656.856941699982 619.685650110245 685.895235061646 451.722290039062 607.131977081299 637.99910068512 550.968544006348 433.701385498047 639.828029632568 591.492340087891 657.368625640869 903.815841674805 971.644653320312 881.740997314453 683.075927734375 735.263994216919 777.505043029785 953.141391277313 899.250549316406 905.551368713379
723.746429443359 707.199146986008 614.101745605469 628.26794052124 767.998115539551 574.372833251953 555.862640380859 681.890407562256 572.736911773682 848.422012329102 765.615982055664 640.975116729736 490.213821411133 542.523872375488 527.469573974609 671.855941772461 734.950904846191 710.293231964111 662.329872131348 642.119960784912 643.74477481842 769.713684082031 822.727737426758 658.145706176758 401.156005859375 569.306365966797 655.55087852478 533.577835083008 567.960975646973 743.121711730957 628.004199981689 582.623725891113 698.769054412842 591.227638244629 541.411933898926 572.24573135376 540.636512756348 513.421722412109 591.25838470459 654.062759399414 560.906555175781 789.064556121826 824.288902282715 951.566604614258 826.532905578613 669.401280879974 796.310932159424 1015.44031524658 1021.87575340271 760.6116065979
688.742065429688 902.439910888672 497.993148803711 540.46501159668 606.826499938965 584.848777770996 514.719871520996 662.443426132202 673.948789596558 807.154647827148 793.680099487305 593.599182128906 515.22590637207 530.407661437988 608.522468566895 792.088012695312 595.001129150391 625.632417678833 653.608120441437 621.173633575439 678.799388885498 834.732666015625 713.927249908447 685.646255493164 642.70460319519 613.98649597168 598.766151428223 694.583710670471 699.340936660767 687.070915222168 558.039138793945 520.073776245117 697.113891601562 477.614379882812 562.324911117554 545.675247192383 570.914440155029 699.304080963135 677.369453430176 732.06005525589 849.478363037109 844.727966308594 921.032333374023 917.41845703125 730.786979675293 745.728424072266 758.871692657471 1012.69194793701 787.760093688965 842.405587911606
586.249694824219 495.086486816406 514.48405456543 582.199417114258 653.769759178162 716.061798095703 615.047012329102 635.73237991333 737.558441162109 779.753616333008 632.268560409546 691.708946228027 643.417394638062 681.868392944336 615.013654708862 526.916831970215 571.514343261719 608.30855178833 626.910922050476 674.057113647461 737.331825256348 914.794845581055 741.659893035889 675.780359983444 697.786046028137 523.386367797852 623.824760437012 586.74356842041 694.280061721802 606.037342071533 549.872802734375 585.775604248047 596.169506072998 565.509231567383 696.773189544678 690.857044219971 742.197448730469 686.395610809326 636.576614379883 785.663070678711 791.061111450195 768.139640808105 882.815887451172 929.105674743652 830.030822753906 734.915008544922 840.503326416016 764.361474990845 954.102872848511 760.156112670898
630.293916225433 458.367202758789 545.864990234375 670.585746765137 759.911140441895 675.486127853394 690.654148101807 686.428447723389 635.432723999023 574.990982055664 555.299606323242 602.527944564819 709.365768432617 657.627674102783 644.15128993988 528.762184143066 612.798448562622 547.828147888184 582.340461730957 674.605339050293 682.617805480957 815.027801513672 717.694330215454 689.002426624298 628.462467193604 516.390106201172 548.260452270508 711.201042175293 674.373795509338 567.733535766602 639.568912506104 729.349092483521 473.077331542969 630.889472961426 612.271579742432 569.641746520996 613.947147369385 807.424026489258 684.464515686035 555.793869018555 503.292922973633 771.989706039429 827.81307220459 921.726577758789 715.365364074707 784.791488647461 680.979705810547 778.110145568848 747.846984863281 948.29874420166
676.475425720215 673.207374572754 746.214881896973 768.261535644531 626.87744140625 1083.11963272095 590.578659057617 631.517098069191 604.297637939453 585.994026184082 375.090805053711 717.275093078613 739.026138305664 594.258031845093 680.579376220703 613.671232223511 661.648984909058 559.274047851562 623.256984710693 705.754776000977 620.150562286377 681.068130493164 806.188018798828 819.935989379883 766.419094085693 602.16478729248 649.02473449707 678.718314170837 774.28133392334 693.909183502197 644.668176651001 697.004633903503 617.520858764648 621.662620544434 698.285495758057 749.412760734558 665.145473480225 753.956970214844 641.272323608398 579.953506469727 682.725580215454 621.609283447266 646.66247177124 712.399463653564 581.352760314941 693.207607269287 703.190742492676 810.70849609375 766.856044769287 836.017425537109
723.027137756348 720.586061477661 752.025573730469 810.2529296875 735.511375427246 648.48726272583 781.441432952881 604.016080856323 667.429607391357 598.562767028809 624.071165084839 663.173404693604 690.113662719727 750.451217651367 698.772766113281 594.886615753174 633.683761358261 534.508247375488 701.50475692749 734.937156677246 815.319351196289 591.412372589111 692.565505981445 839.548839569092 727.140150547028 704.050102233887 671.629196166992 714.788791656494 682.325876235962 688.740213394165 630.963214874268 736.028929710388 766.871639251709 650.530595779419 658.967475891113 641.659759521484 674.416236877441 615.410842895508 513.681106567383 563.092697143555 780.531730651855 650.463443756104 597.863655090332 686.813009262085 547.564147949219 702.410400390625 673.157072544098 644.266854315996 834.329704284668 815.899765014648
670.320554256439 624.084680318832 690.567970275879 793.354825019836 698.324947595596 677.178461074829 662.047175049782 521.722839355469 622.495361328125 616.716478347778 571.935806274414 698.107932090759 715.638816833496 762.234756469727 733.675941467285 547.754302978516 525.435180664062 555.299392700195 570.05086517334 687.276710510254 756.081115722656 747.392124176025 989.66845703125 634.072589874268 741.82165145874 674.477416992188 701.295038223267 669.232109069824 686.694593429565 746.00146484375 675.856833219528 636.570236206055 663.021575927734 584.283195495605 649.665344238281 714.106475830078 788.335550308228 625.109443664551 732.848316192627 555.679840087891 722.336210250854 802.818496704102 741.072018623352 744.746082305908 799.120790958405 836.308406829834 617.504806518555 680.850417852402 763.989909172058 754.610118865967
614.489974975586 678.406257629395 759.455251336098 800.80200958252 792.373603820801 644.587371826172 378.980041503906 545.978698730469 547.570930480957 511.374618530273 682.092681884766 727.396892547607 734.089462280273 774.486297607422 742.084426879883 806.498336791992 755.874801635742 644.093475341797 524.333915710449 517.903793334961 561.865463256836 728.800395965576 871.73274230957 830.605346679688 619.79536819458 474.91845703125 741.442707061768 767.523406982422 673.435958862305 793.576065063477 644.97483253479 701.688428878784 641.238037109375 668.860652923584 625.108375549316 772.312007904053 725.277854919434 753.470832824707 649.376655578613 634.3815574646 688.744129180908 715.800045013428 858.6669921875 651.332817077637 637.231773376465 832.438064575195 725.346424102783 759.986251831055 742.872262954712 683.000049591064
517.487606048584 575.943672180176 668.865524291992 647.250991821289 748.434503555298 640.22289276123 560.270690917969 868.638442993164 509.909042358398 651.931533813477 749.760101318359 716.695960998535 715.891166687012 676.95777130127 668.352825164795 641.173315048218 612.572525978088 748.834312438965 704.392921447754 754.978729248047 598.274333953857 813.981826782227 787.079956054688 760.672058105469 508.679656982422 738.60825252533 599.644658565521 697.960189819336 642.360618591309 616.33810043335 588.965110778809 640.658624649048 567.866317749023 628.343551635742 574.193008422852 629.476768493652 651.166374206543 690.233408927917 705.118299007416 708.021029233932 730.806094169617 692.80958366394 761.697547912598 633.697593688965 639.351982116699 705.124568939209 757.285399436951 672.354068756104 828.97819519043 744.467186450958
696.384113311768 539.96430015564 777.010387420654 768.858337402344 718.250579833984 778.738684654236 551.472763061523 559.306327819824 539.20337677002 681.163014411926 597.652565002441 625.747350692749 619.02668762207 749.638710021973 734.259788513184 617.619671344757 497.605361938477 630.07010269165 698.279613494873 829.577514648438 676.89638710022 818.644821166992 843.068923950195 679.808427810669 735.421030044556 733.046709060669 736.0647315979 719.246744155884 720.992279052734 617.116539001465 724.434120178223 729.853057861328 692.881019592285 671.291536331177 747.402046203613 533.373565673828 663.85962677002 560.771423339844 886.739486694336 773.485801696777 793.228790283203 606.093473434448 669.581695556641 617.527030944824 796.655052185059 795.109885215759 791.713745117188 842.352252960205 815.345031738281 798.206945419312
792.316356658936 697.088737487793 814.306266784668 743.404026031494 660.94864654541 732.729537963867 796.3352394104 646.17317199707 754.596832275391 638.900196075439 560.636978149414 451.388046264648 760.090194702148 732.143333435059 702.20311164856 663.333894729614 535.346382141113 679.904712677002 696.118366241455 703.034271240234 609.944549560547 726.088188171387 856.749526977539 813.074295043945 722.572093963623 807.923690795898 906.581077575684 860.596664428711 652.842784881592 595.866111755371 739.96720123291 728.070335388184 682.362798511982 620.609146118164 509.035659790039 681.484260559082 645.402061462402 470.316589355469 735.83060836792 799.348999023438 756.847007751465 673.819581985474 710.912347793579 543.586296081543 727.374820709229 825.845878601074 913.532562255859 898.570220947266 984.117513895035 977.947647094727
937.992645263672 874.914150238037 703.283660888672 782.286937713623 728.456649780273 672.759414672852 854.947944641113 811.849670410156 786.484081268311 567.496215820312 673.295960903168 702.275501251221 840.477249145508 773.648345947266 760.104438781738 775.374668121338 557.080070495605 668.023324966431 642.183779716492 580.721084594727 663.525341033936 570.829307556152 659.508827209473 953.584213256836 678.535154342651 721.246543884277 907.338485717773 699.107131958008 912.907417297363 1217.38391876221 1297.18999481201 765.519527435303 584.907623291016 501.840362548828 611.56861114502 799.217374801636 871.28182220459 657.066940307617 643.939674377441 771.58415222168 753.144191741943 611.526763916016 728.873870849609 715.829885482788 860.562271118164 1053.50521850586 1024.55168151855 674.135009765625 1052.57172393799 767.463266372681
786.160522460938 679.524444580078 733.658088684082 745.634123802185 620.159683227539 721.089130401611 856.926513671875 805.935228347778 667.98038482666 959.355049133301 706.931259155273 670.890636742115 754.604164123535 839.714324951172 771.379428863525 714.618583679199 540.415222167969 624.182422637939 477.142471313477 632.23445892334 661.265860080719 592.032768249512 593.965343475342 840.941474914551 527.331886291504 650.058670043945 600.649444580078 661.783937454224 528.697708129883 647.63659286499 528.309844970703 559.031791687012 552.781784057617 1066.9736328125 854.102432250977 824.246086120605 1181.97018241882 1151.95865249634 693.89665222168 924.357814788818 852.30362701416 541.122680664062 622.394966125488 644.456169128418 714.326721191406 729.432327270508 834.13207244873 1151.36849975586 1624.85833740234 739.199892044067
871.218612670898 821.828579902649 650.552913665771 661.451891899109 709.680072784424 721.689208984375 850.388145446777 789.135805130005 740.280811309814 696.340431213379 1094.29287052155 703.302345275879 745.595569610596 768.685531616211 766.653732299805 701.697023391724 612.050464630127 482.010559082031 577.695365905762 664.379362106323 708.52725982666 585.802101135254 687.216232299805 640.719621658325 694.985367774963 595.223014831543 587.483093261719 577.918930053711 624.835102081299 606.137008666992 515.208770751953 453.306976318359 343.904388427734 406.719757080078 722.355741500854 502.309432983398 657.623871326447 1181.13607788086 696.826299667358 638.479843139648 560.332794189453 694.441433906555 1092.77570343018 551.380661010742 1125.29231262207 751.249099731445 758.848278045654 1130.91516113281 1023.28505706787 627.997192382812
717.317352294922 788.373331069946 712.188591003418 536.2080078125 722.666297912598 811.204959869385 816.221904754639 891.891647338867 852.290328979492 819.22109746933 840.083835601807 1034.88024139404 885.571243286133 680.68768787384 643.664531707764 724.72872543335 600.841522216797 679.754379272461 564.428131103516 500.379642486572 583.51607131958 476.70378112793 466.76823425293 553.856010437012 780.418235778809 656.55863571167 633.15700340271 638.705232620239 511.638656616211 519.962753295898 538.737106323242 553.262474060059 382.09814453125 517.141983032227 693.073974609375 550.316329956055 893.432235717773 918.515213012695 848.882617950439 604.823608398438 633.696907043457 641.367942810059 1065.2624578476 624.464859008789 904.754913330078 927.790649414062 752.599761009216 1135.51750946045 840.08470916748 1311.79151916504
-9999 821.913154602051 684.737142562866 589.324148178101 608.283851623535 744.894012451172 852.709251403809 804.918051719666 806.251267433167 747.07061290741 862.089744567871 1196.68643951416 791.921157836914 769.396522521973 678.812622070312 613.155905753374 645.181606769562 601.556991577148 483.295440673828 477.469207763672 719.716453552246 609.272296905518 457.245162963867 838.230773925781 801.997039794922 623.453945159912 722.39868927002 616.119134426117 560.037750244141 615.151172637939 609.636489868164 587.65714263916 635.090656280518 687.941858291626 1182.65667724609 787.633819580078 672.779960155487 590.457969665527 655.702753067017 672.020902633667 508.260299682617 688.959823608398 842.894901275635 749.42428445816 787.076277971268 1054.30671691895 675.122940063477 847.903789520264 793.923370361328 812.862319946289
-9999 656.612190246582 653.784404754639 528.552169799805 581.587821960449 902.720336914062 880.658462524414 815.987808227539 843.201328277588 748.397384643555 871.009704589844 963.112838745117 583.849990844727 655.95339679718 673.791997909546 622.363015174866 694.035163879395 689.867370605469 527.253784179688 663.472999572754 691.810646057129 642.141899108887 683.212959289551 487.473220825195 851.054244995117 666.568798065186 758.382400512695 646.95130777359 725.139427185059 707.966678619385 605.668601989746 631.120300292969 536.520896911621 878.0830078125 1182.31731796265 641.500808954239 599.45858001709 673.493496894836 804.414474487305 624.198608398438 535.9951171875 631.672401428223 738.873901367188 720.601795196533 927.486221313477 714.949317932129 983.337211608887 796.889213562012 651.110717773438 714.009737491608
-9999 -9999 695.782470703125 568.636421203613 652.936340332031 854.890785217285 753.202008485794 785.222185134888 846.875736236572 779.065704345703 765.083879590034 778.607803344727 755.103302001953 609.750909805298 592.64134979248 448.36644744873 436.295593261719 492.259929656982 568.677642822266 639.834808111191 761.358306884766 626.697174072266 648.365291595459 605.409598350525 534.721328735352 408.883193969727 721.867141723633 621.198219299316 649.47184753418 667.40075302124 611.434188842773 577.024604797363 530.96272277832 631.268726348877 803.404104232788 495.744140625 659.321990013123 512.247131347656 604.489765167236 603.163162231445 690.108757972717 699.980308532715 736.901096343994 902.814552307129 678.02001953125 729.301097869873 742.128944396973 752.107418060303 813.957611083984 821.494659423828
-9999 -9999 1051.36262369156 858.505668640137 610.114791870117 654.043657302856 670.417549133301 751.412082195282 720.881948471069 772.149496078491 904.074844360352 571.417449951172 634.74743270874 649.01175069809 584.446842193604 433.308731079102 461.876014709473 434.232521057129 573.537172317505 603.812355041504 633.5029296875 576.28913974762 508.952808380127 660.846358895302 641.487377166748 594.786712646484 476.42707824707 531.274856567383 573.105880737305 591.986312866211 645.139060974121 574.399284362793 529.782516479492 545.785026550293 500.958938598633 609.574405670166 553.828353881836 679.253662109375 666.347221374512 721.471612930298 832.038917541504 801.480560302734 688.839538574219 720.569198608398 860.122629165649 847.262741088867 733.728897094727 785.590438842773 805.305892944336 811.019317626953
-9999 -9999 -9999 759.39515209198 536.777412414551 431.694595336914 695.504959106445 719.976306915283 705.908527374268 568.133460998535 582.15454864502 708.034818649292 651.730326652527 670.992614746094 611.716513633728 555.514823913574 567.224988102913 480.739585876465 534.67421913147 512.969802856445 575.506490707397 569.28894329071 446.412399291992 1424.45334625244 520.057125091553 665.10292673111 646.625413894653 533.890060424805 528.307144165039 578.714515686035 734.220817565918 690.650333404541 744.345542907715 455.113403320312 507.917587280273 718.64933013916 525.058036804199 504.356262207031 638.234107971191 571.83863067627 745.143013000488 717.673439025879 542.200653076172 549.007141113281 548.851272583008 740.165557861328 774.624359130859 658.813629150391 716.564317703247 1089.58643341064
-9999 -9999 -9999 663.749759674072 514.317642211914 518.513275146484 756.152842521667 808.596435546875 627.237258911133 939.254928588867 703.709266901016 807.269973754883 682.025342941284 676.222173690796 660.96559715271 642.554740905762 679.781791687012 503.68270111084 611.100474603474 551.722202301025 723.265319824219 539.921718597412 412.491104125977 763.217948913574 569.925377845764 719.789813995361 558.797416687012 551.915061950684 657.172879219055 666.868559241295 741.444770812988 578.960906982422 658.526018857956 476.321670532227 508.511444091797 786.633056640625 551.169494628906 742.072149276733 570.705841064453 548.964614868164 578.247024536133 653.303619384766 629.363548278809 664.541412353516 683.920471191406 1109.30792236328 816.137504577637 675.82405090332 1012.622215271 893.747001647949
