simdem/realisation53.asc
NCOLS 350 
NROWS 171 
XLLCORNER 152620 
YLLCORNER 418050 
CELLSIZE 100 
NODATA_value -9999 
[rows 88 to 109 of 171, columns 0 to 49 of 350]
-9999 -9999 -9999 -9999 -9999 -9999 -9999 -9999 -9999 -9999 -9999 -9999 -9999 -9999 -9999 -9999 -9999 483.734081268311 315.760673522949 382.100402832031 338.510822296143 656.049461364746 739.934188842773 742.056419372559 657.555145263672 707.402893066406 591.100309371948 348.664617538452 741.593302726746 584.860313415527 410.051937103271 439.494728088379 688.825576782227 415.829612731934 460.458843231201 462.316856384277 503.064178466797 699.33046913147 597.567663192749 726.66111946106 840.869522094727 720.696460723877 324.318649291992 430.097503662109 300.348594665527 436.45238494873 424.929023742676 433.310943603516 515.687423706055 277.298469543457
-9999 -9999 -9999 -9999 -9999 -9999 -9999 -9999 -9999 -9999 -9999 -9999 -9999 -9999 -9999 -9999 -9999 494.692218780518 338.96240234375 321.882524490356 347.236623182893 502.973308563232 627.195236206055 612.515754699707 587.990875244141 940.215835571289 615.651191711426 1012.86027526855 618.233463764191 670.375823974609 522.404678344727 800.306625366211 455.541641235352 441.600138664246 548.101406097412 670.622329711914 654.828674316406 831.123474121094 772.720977783203 553.112236022949 822.810966491699 734.292724609375 604.004716873169 333.619433403015 436.774711608887 535.589630126953 432.922142028809 431.329597473145 218.629821777344 368.238861083984
-9999 -9999 -9999 -9999 -9999 -9999 -9999 -9999 -9999 -9999 -9999 -9999 -9999 -9999 -9999 -9999 677.990036010742 593.319598197937 338.782172203064 290.296741485596 568.573791503906 508.503713607788 522.400806427002 476.366430282593 749.441864013672 600.852462768555 546.451085090637 421.413864135742 532.610912322998 403.511775970459 506.547431945801 714.778793334961 440.841831207275 601.114688873291 585.973014831543 658.673042297363 942.239501953125 695.489372253418 696.543151855469 553.683016300201 267.00122833252 360.281982421875 642.127963542938 290.738876342773 310.783042907715 517.080007553101 473.229080200195 299.805814743042 402.9462890625 472.687622070312
-9999 -9999 -9999 -9999 -9999 -9999 -9999 -9999 -9999 -9999 -9999 -9999 -9999 -9999 -9999 -9999 749.454483032227 453.556594848633 322.264190673828 531.40306854248 566.859466552734 701.164283752441 496.74097442627 472.935062408447 611.742347717285 405.11149597168 544.082595825195 615.629619121552 601.773693084717 435.644874572754 662.437477111816 504.109373092651 445.040454864502 334.301422119141 753.573157310486 498.69166469574 722.779132843018 667.451484203339 525.016689300537 261.069185256958 65.1991271972656 320.254733085632 431.95043182373 229.806739807129 385.483371734619 241.163717269897 329.234901428223 177.934684753418 377.817779541016 411.276565551758
-9999 -9999 -9999 -9999 -9999 -9999 -9999 -9999 -9999 -9999 -9999 -9999 -9999 -9999 -9999 546.561096191406 555.391859054565 422.649749755859 439.993377685547 442.290603637695 549.956878662109 543.134100675583 430.560432434082 800.200132369995 539.21227645874 628.104080200195 661.542121887207 359.192089080811 600.472008228302 733.994453430176 698.010692596436 744.237466812134 624.921203613281 376.927566051483 548.722030639648 707.627735137939 675.616400957108 591.780456542969 579.953323364258 105.716384887695 138.900695800781 269.600332260132 302.675851821899 91.792724609375 308.003235816956 317.280769348145 411.768264770508 194.943168640137 305.358245849609 276.581614494324
-9999 -9999 -9999 -9999 -9999 -9999 -9999 -9999 -9999 -9999 -9999 -9999 -9999 -9999 -9999 501.203430175781 459.963600158691 603.657806396484 513.163539886475 336.505577087402 401.961074829102 408.837238311768 626.775016784668 680.639575958252 831.300207138062 537.878470420837 431.575424194336 478.153335571289 710.049819946289 443.151929855347 436.909465789795 436.809110641479 588.254165649414 472.927368164062 817.902603149414 683.002222061157 592.062232971191 754.882186889648 677.638298988342 99.3035125732422 263.648490905762 326.143733978271 305.941009521484 168.816783905029 173.603517532349 134.540786743164 225.274076461792 361.963745117188 368.596626281738 418.389144897461
-9999 -9999 -9999 -9999 -9999 -9999 -9999 -9999 -9999 -9999 -9999 -9999 -9999 -9999 608.042381286621 434.865905761719 538.837181091309 525.630779266357 352.75008392334 346.6474609375 399.913360595703 571.537517547607 531.01029586792 674.861331939697 584.858711242676 565.245712280273 565.404136657715 392.575588703156 321.165977478027 341.866367340088 684.59986114502 486.730865478516 377.192920684814 405.432720184326 335.764867782593 654.705935955048 740.664405822754 711.5944480896 -9999 -9999 167.944770812988 238.939228057861 186.431917190552 139.18839263916 264.048927307129 271.721374511719 422.781349182129 624.037124633789 473.174774169922 373.605094909668
-9999 -9999 -9999 -9999 -9999 -9999 -9999 -9999 -9999 -9999 -9999 -9999 -9999 -9999 577.415031433105 603.54411315918 648.34122467041 553.52424621582 395.597366333008 439.430236816406 435.63395690918 650.151968002319 456.868250846863 632.315195083618 498.471549987793 505.129783630371 490.927124023438 539.428077697754 709.059038162231 596.171323776245 719.952651977539 314.340103149414 168.401168823242 209.47834777832 416.43187713623 -9999 -9999 -9999 -9999 -9999 -9999 -9999 151.792129516602 142.873649597168 130.44319152832 111.08992767334 249.670204162598 655.565071105957 421.747871398926 328.829109191895
-9999 -9999 -9999 -9999 -9999 -9999 -9999 -9999 -9999 -9999 -9999 -9999 -9999 453.771186828613 481.322021484375 423.837051391602 486.103404998779 70.1482696533203 231.482513427734 458.182748556137 651.675672531128 659.044445037842 1071.67544555664 651.978828430176 560.808504104614 418.079483032227 490.228073120117 513.665000915527 681.253639221191 779.256753921509 442.471939086914 402.974557876587 365.422542572021 149.197723388672 354.255899429321 -9999 -9999 -9999 -9999 -9999 -9999 -9999 -9999 123.321411132812 310.854957580566 145.710205078125 155.933769226074 398.339876174927 500.016669273376 424.377349853516
-9999 -9999 -9999 -9999 -9999 -9999 -9999 -9999 -9999 -9999 -9999 -9999 -9999 509.134841918945 458.213348388672 490.192889213562 117.436988830566 173.149618148804 323.027349472046 707.732391357422 759.191345214844 523.197357177734 584.483394622803 523.132431030273 559.267639160156 483.193504333496 488.141128540039 488.648071289062 519.019798278809 787.861010551453 395.403434753418 259.935089111328 300.974098205566 424.069849967957 -9999 -9999 -9999 -9999 -9999 -9999 -9999 -9999 -9999 -9999 283.57048034668 277.659194946289 300.286590576172 316.523548126221 368.842224121094 245.143131256104
-9999 -9999 -9999 -9999 -9999 -9999 -9999 -9999 -9999 -9999 -9999 -9999 490.90030670166 417.704246520996 469.68280506134 345.545669555664 617.737179994583 485.991744995117 744.408599853516 813.765068054199 614.831916809082 452.738040924072 601.584823608398 466.452537536621 652.942909240723 505.482330322266 591.818322181702 533.351371765137 638.206260681152 690.865829467773 525.492614746094 470.179201126099 411.577068328857 -9999 -9999 -9999 -9999 -9999 -9999 -9999 -9999 -9999 -9999 -9999 524.334274291992 447.878746032715 311.480632781982 328.939481735229 290.62629699707 396.898040771484
-9999 -9999 -9999 -9999 -9999 -9999 -9999 -9999 -9999 -9999 -9999 316.556091308594 481.981731414795 277.402542114258 248.785583496094 260.200576782227 621.644109010696 812.997367858887 817.511123657227 745.622131347656 737.707504272461 1165.46226501465 400.590393066406 542.160095214844 568.262500762939 643.131256103516 659.679931640625 622.023262023926 746.582931518555 556.287719726562 419.52490234375 409.637939453125 463.604194641113 -9999 -9999 -9999 -9999 -9999 -9999 -9999 -9999 -9999 -9999 -9999 -9999 479.085113525391 368.863403320312 217.790229797363 146.657104492188 329.995849609375
-9999 -9999 -9999 -9999 -9999 -9999 -9999 -9999 -9999 -9999 -9999 504.361814498901 378.576770782471 387.135837554932 294.661506652832 221.552108764648 521.025949478149 733.235916137695 851.035934448242 709.888580322266 645.023590087891 640.383377075195 606.725463867188 545.222017288208 627.759399414062 496.658813476562 582.588592529297 405.582153320312 608.01481628418 551.232833862305 408.144760131836 408.99153137207 -9999 -9999 -9999 -9999 -9999 -9999 -9999 -9999 -9999 -9999 -9999 -9999 -9999 546.850997924805 468.267150878906 351.076183319092 431.057643890381 312.517761230469
-9999 -9999 -9999 -9999 -9999 -9999 -9999 -9999 -9999 -9999 543.106147766113 429.533885955811 384.903739213943 457.284429550171 604.243347167969 471.445068359375 605.534175872803 691.466243743896 701.06844329834 610.48575592041 503.624706506729 635.778923034668 658.03295135498 503.659561157227 626.464603424072 705.52956199646 393.042236328125 512.860939025879 444.747020721436 545.743705749512 515.294303894043 -9999 -9999 -9999 -9999 -9999 -9999 -9999 -9999 -9999 -9999 -9999 -9999 -9999 -9999 -9999 664.038398742676 437.257603645325 366.088684082031 411.526210784912
-9999 -9999 -9999 -9999 -9999 -9999 -9999 -9999 -9999 -9999 384.749588012695 330.612266540527 351.082138061523 477.812957763672 385.028825759888 350.187927246094 487.84912109375 544.434577941895 632.22452545166 510.001266479492 452.203239440918 488.986892700195 632.659866333008 672.835670471191 468.435440063477 245.418533325195 439.82398223877 253.264007568359 307.642227172852 252.138536453247 -9999 -9999 -9999 -9999 -9999 -9999 -9999 -9999 -9999 -9999 -9999 -9999 -9999 -9999 -9999 -9999 -9999 539.925117492676 398.492858886719 368.048637390137
-9999 -9999 -9999 -9999 -9999 -9999 -9999 -9999 -9999 524.265564918518 380.018604278564 473.786773681641 372.342716217041 428.460166931152 455.638999938965 439.810447692871 347.855667114258 458.881622314453 547.158003807068 1073.46251296997 619.40567779541 545.191173553467 631.740089416504 594.723810195923 366.995868682861 307.585945129395 333.567234039307 227.487483978271 142.190635681152 244.862379074097 -9999 -9999 -9999 -9999 -9999 -9999 -9999 -9999 -9999 -9999 -9999 -9999 -9999 -9999 -9999 -9999 -9999 -9999 490.624877929688 476.559287190437
-9999 -9999 -9999 -9999 -9999 -9999 -9999 -9999 577.64888381958 364.093551635742 303.146392822266 490.454845428467 428.365793228149 260.504234313965 276.796913146973 396.915954589844 313.521041870117 423.618026733398 412.369728088379 569.588723182678 588.918312072754 528.339008331299 535.082027435303 248.481727600098 305.805400848389 282.60041809082 260.04401922226 128.424026489258 109.226402282715 -9999 -9999 -9999 -9999 -9999 -9999 -9999 -9999 -9999 -9999 -9999 -9999 -9999 -9999 -9999 -9999 -9999 -9999 -9999 -9999 832.372272491455
-9999 -9999 -9999 -9999 -9999 -9999 -9999 -9999 460.845840454102 554.080810546875 433.544896364212 376.32251739502 452.151169300079 529.816181182861 417.246376037598 432.486671447754 375.191513061523 321.498886108398 647.582763671875 340.384937286377 416.284339904785 543.612020969391 466.340408325195 236.785821914673 298.38635635376 321.594833374023 211.700258255005 249.109907150269 -9999 -9999 -9999 -9999 -9999 -9999 -9999 -9999 -9999 -9999 -9999 -9999 -9999 -9999 -9999 -9999 -9999 -9999 -9999 -9999 -9999 -9999
-9999 -9999 -9999 -9999 -9999 -9999 -9999 485.326206207275 448.970407485962 441.260627746582 551.45768737793 542.568031311035 363.16577911377 554.926090240479 452.317497253418 596.98796081543 504.26159286499 464.344688415527 352.653259277344 230.278961181641 344.38249206543 647.424263000488 199.591194152832 341.374089717865 263.746953964233 283.374519348145 275.234882354736 371.711074829102 -9999 -9999 -9999 -9999 -9999 -9999 -9999 -9999 -9999 -9999 -9999 -9999 -9999 -9999 -9999 -9999 -9999 -9999 -9999 -9999 -9999 -9999
-9999 -9999 -9999 -9999 -9999 -9999 525.564643859863 487.093063354492 486.857109069824 511.506576538086 490.55415058136 439.452591896057 459.450698852539 515.158988952637 597.240005493164 510.122163772583 278.201461791992 457.947601318359 387.87437748909 296.644218444824 341.863465547562 554.760348320007 397.012622833252 174.151359558105 347.757232666016 250.923049926758 237.667113780975 -9999 -9999 -9999 -9999 -9999 -9999 -9999 -9999 -9999 -9999 -9999 -9999 -9999 -9999 -9999 -9999 -9999 -9999 -9999 -9999 -9999 -9999 -9999
-9999 -9999 -9999 -9999 378.131889343262 264.746047973633 401.032886505127 168.976343154907 247.683250427246 528.56640625 560.586723327637 476.525604248047 542.30791425705 510.893149152398 468.767150878906 443.809459686279 452.315734863281 328.919292449951 399.8532371521 480.093132019043 555.685594558716 755.904808044434 228.97737121582 73.6720249652863 102.654613494873 175.119476318359 -9999 -9999 -9999 -9999 -9999 -9999 -9999 -9999 -9999 -9999 -9999 -9999 -9999 -9999 -9999 -9999 -9999 -9999 -9999 -9999 -9999 -9999 -9999 -9999
273.659467697144 266.662461280823 189.750015258789 296.3828125 332.654205322266 467.972913742065 375.741508483887 478.843198776245 33.5720520019531 486.197143554688 678.893356323242 618.98908996582 564.419742584229 515.188819408417 447.853652954102 568.170455932617 818.244647979736 283.916702270508 243.761756896973 647.980186462402 734.910781860352 496.224792480469 63.6544208526611 106.804492950439 43.8911972045898 273.74853515625 -9999 -9999 -9999 -9999 -9999 -9999 -9999 -9999 -9999 -9999 -9999 -9999 -9999 -9999 -9999 -9999 -9999 -9999 -9999 -9999 -9999 -9999 -9999 -9999
