simdem/realisation93.asc
NCOLS 350 
NROWS 171 
XLLCORNER 152620 
YLLCORNER 418050 
CELLSIZE 100 
NODATA_value -9999 
[rows 66 to 87 of 171, columns 100 to 149 of 350]
493.478946685791 378.457206726074 388.682289123535 574.080513000488 461.773618936539 448.953269958496 308.496246337891 442.507984161377 667.240768432617 707.009658813477 513.527896881104 516.382320404053 601.554428100586 518.137489318848 289.998840332031 468.376534461975 270.342926025391 338.800033569336 359.111434936523 398.85277557373 555.311111450195 593.796173095703 499.605117797852 343.596588134766 518.082736968994 650.435333251953 559.514820098877 450.800575256348 583.130561828613 598.394256591797 577.651821136475 644.484687805176 512.66143989563 554.632699012756 619.233035087585 644.752075195312 545.663115501404 508.528625488281 578.912612915039 526.406923294067 666.080207824707 583.430370330811 622.231163024902 487.192417144775 635.235946655273 653.840522766113 538.453944683075 529.404438018799 333.539672851562 432.20475769043
492.867786407471 510.452701568604 510.236127853394 405.376705169678 522.197570800781 373.906761169434 369.902786254883 488.716987609863 636.468322753906 619.454025268555 465.594827651978 604.356781005859 666.121170043945 589.286445617676 402.459480285645 305.640991210938 357.070266723633 365.56867980957 312.896514892578 554.763160705566 510.367967605591 440.014934539795 522.455743789673 491.349873542786 554.330039978027 542.655372619629 575.349327087402 453.431140899658 517.686407744884 623.762382507324 500.847290039062 518.849645614624 533.849190711975 649.977104187012 695.246307373047 655.403053283691 668.838363647461 617.428293228149 600.081493377686 717.982391357422 611.705490112305 491.874977111816 485.626350402832 429.657241821289 480.794094085693 633.30379486084 549.282350540161 545.822502493858 482.794570922852 515.391233444214
380.576370239258 354.962005615234 484.623889923096 372.765747070312 502.84813117981 400.12020111084 393.16650390625 486.038345336914 588.132858276367 421.642144203186 517.347408294678 657.625015258789 523.477897644043 555.443813323975 455.25354385376 319.158538818359 444.313381195068 538.413654327393 443.852085113525 443.485504150391 490.298259735107 475.197641372681 436.901649475098 456.462188720703 544.166404724121 409.092544555664 485.456270217896 412.938827514648 402.979515075684 512.745838165283 599.002479553223 430.984848022461 516.344573974609 651.631286621094 444.050277709961 498.397964477539 568.813668251038 548.97220993042 580.960261821747 531.527450561523 457.337600708008 366.184677124023 408.53791809082 574.369698524475 539.531116485596 630.063541412354 704.503265380859 448.729476928711 366.430694580078 507.000366210938
487.492382049561 276.104049682617 400.566692352295 356.227836608887 392.120727539062 525.839134216309 495.289283752441 572.682083129883 497.22315788269 440.566082000732 605.084701538086 550.512817382812 438.870090484619 399.194793701172 529.584171295166 427.928611755371 434.37523651123 452.296789646149 376.66024017334 526.70108795166 382.778884887695 453.950319290161 544.535621643066 647.615737915039 511.102220535278 496.54649913311 428.706443786621 453.615936279297 565.477300643921 560.330986022949 568.16695022583 648.042755126953 609.537822723389 567.594924926758 522.043449401855 467.3701171875 420.773574829102 595.088346481323 474.519874572754 501.393592834473 530.313694000244 563.740070581436 450.103622436523 533.662475585938 564.106866836548 548.304732322693 491.637565612793 373.445343017578 495.982635498047 536.222541809082
601.098175048828 591.208084106445 476.239721298218 447.691455841064 390.86784362793 434.994388580322 473.187118530273 557.982666015625 394.646606445312 522.616222381592 667.063766479492 539.723148345947 434.406372070312 338.416030883789 307.157531738281 484.382687568665 496.096523284912 421.990161895752 359.371002197266 430.806568145752 562.759811401367 530.691444396973 634.744094848633 635.049331665039 581.364540100098 459.726612091064 314.366485595703 489.054986953735 545.371892929077 606.436256408691 557.146289825439 537.645418405533 556.376645088196 418.194969177246 619.503986358643 620.581250190735 449.358657836914 585.70906829834 579.595920562744 409.634201049805 536.964470863342 481.274276733398 427.851104736328 493.390357971191 656.917938232422 662.284690856934 574.409511566162 483.976722717285 549.082981109619 589.244588851929
613.671569824219 651.855979919434 363.171020507812 433.79923248291 366.545028686523 438.551736831665 469.616755485535 443.300514221191 350.757415771484 502.361951828003 512.717792510986 486.118896484375 461.425958633423 510.691296577454 412.42359161377 443.09790802002 517.323947906494 355.554122924805 322.934753417969 416.224082946777 565.430252075195 502.338954925537 549.623651504517 589.113929748535 639.168243408203 419.845314025879 590.244354248047 516.803627490997 596.105209350586 641.127815246582 516.514492034912 759.068588256836 497.531192779541 516.885572433472 523.443996429443 629.992618560791 533.389022827148 773.432960510254 626.613145828247 728.039901733398 590.767338126898 521.057090759277 560.358423233032 422.040855407715 607.829974651337 708.243640899658 716.106117248535 694.926773071289 594.111476898193 608.14714050293
539.090042114258 462.548389434814 544.03630065918 466.975986480713 508.291932106018 512.425510406494 433.312652587891 389.148048400879 335.705009460449 447.924997329712 520.955921173096 638.86344909668 644.442626953125 470.730794906616 538.909858703613 577.072090148926 558.435199737549 433.730583190918 423.240970611572 480.876047134399 524.254341125488 367.863273620605 535.200426101685 390.134536743164 412.315254211426 450.113033294678 489.028240203857 568.875743865967 581.568542480469 538.435453414917 633.923362731934 655.078567504883 539.055551528931 636.480094909668 542.972461700439 879.471977233887 574.172580718994 961.947341918945 1024.46936035156 777.049270629883 688.424957275391 490.541997909546 532.318035125732 495.927127838135 535.559719085693 905.098993301392 628.318492889404 523.996913909912 612.887851715088 509.689952850342
466.532825469971 456.25484085083 596.619255065918 419.534488677979 458.296605110168 501.883466720581 540.34623336792 426.350284576416 383.140869140625 373.275238037109 571.272880554199 522.284296035767 550.169097900391 517.74475479126 433.353637695312 476.407334327698 627.29475402832 515.98411655426 490.954045653343 566.243515014648 518.885238647461 582.757186889648 372.970764160156 407.069229125977 275.22477722168 348.048278808594 455.403228759766 578.800796508789 540.917261123657 532.994790077209 327.623077392578 634.383865356445 588.115047454834 804.815689086914 673.967323303223 592.980834960938 423.091506958008 795.562141180038 892.215347290039 708.18359375 724.320434570312 349.794929504395 310.06982421875 197.22541809082 285.184295654297 458.981964111328 698.282943725586 439.725463867188 580.354700088501 682.257041931152
478.434993743896 315.689086914062 271.539901733398 481.180397033691 413.869041442871 395.228515625 308.875686645508 410.705677032471 373.148422241211 399.348373413086 459.288890361786 496.69605255127 364.708831787109 454.884038925171 504.474840164185 504.357696533203 605.562957763672 539.368198394775 427.144889831543 628.780960083008 578.796577453613 554.848701477051 515.436496734619 374.879653930664 308.637542724609 417.54443359375 560.51526260376 556.978404045105 538.097949981689 524.946292877197 513.67777967453 527.875442504883 856.338226318359 699.378093719482 731.274658203125 636.981014251709 358.952789306641 676.41247177124 690.884860992432 610.053174495697 700.058654785156 274.880508422852 413.38899230957 457.554984092712 437.997341156006 389.52954864502 375.090286254883 451.704132080078 911.201515197754 577.88035774231
513.093006134033 525.971976995468 307.994354248047 569.060264587402 577.455841064453 400.717529296875 351.241073608398 298.807006835938 503.692781448364 359.387939453125 447.207855224609 461.962181091309 526.272075653076 508.541912078857 579.144157409668 409.288986206055 381.753051757812 484.599882125854 543.612617492676 630.062713623047 678.955703735352 556.335739135742 491.19412612915 430.962944030762 576.914916992188 484.721450805664 466.528732299805 544.438356399536 450.716827392578 719.645156860352 529.178718566895 492.543064117432 615.641305923462 643.995983123779 677.362710952759 684.06929397583 387.471633911133 726.662448883057 604.852935791016 746.829410552979 594.790645599365 260.249908447266 409.591106414795 459.138063430786 509.461040496826 389.252304077148 397.404693603516 442.74382019043 495.935771942139 504.522914886475
745.048997879028 604.94166469574 496.790667057037 571.418327331543 623.206893920898 538.119583129883 461.995775222778 533.327819824219 469.10424041748 565.602569580078 607.28458404541 539.1865234375 353.920936584473 463.94584274292 589.897750854492 425.961875915527 214.57568359375 293.575805664062 516.079030036926 476.606373786926 550.554111480713 516.480335712433 447.038623809814 381.73274230957 481.714557647705 583.441596984863 685.220809936523 506.317979812622 500.605514526367 503.013412475586 370.839111328125 450.032663345337 422.624819755554 581.536254882812 827.50373840332 750.359886169434 489.756916046143 723.742008209229 699.453352928162 700.843371391296 688.746627807617 408.348712921143 580.14208984375 526.375270843506 473.32253742218 676.370179653168 821.255729675293 632.041000366211 710.857864379883 680.715960502625
610.6003074646 435.738616943359 609.096200942993 857.093096256256 584.84513092041 543.850879669189 610.935531616211 522.282806396484 393.233062744141 547.774684906006 549.103336334229 614.000549316406 502.493402481079 542.496681213379 608.296745300293 460.862796783447 502.994109153748 426.746871948242 575.390037536621 515.43820810318 575.998657226562 538.942539215088 477.478771209717 382.483322143555 461.599952697754 652.586524963379 656.221817016602 541.583542346954 622.436340332031 621.384641647339 454.744289398193 329.95532989502 418.499769210815 439.402073383331 681.795761108398 710.803482055664 463.420356750488 719.466339111328 814.416213989258 636.832935333252 481.809163331985 565.280715942383 496.440952301025 541.165840148926 533.909729003906 518.350490570068 563.407814025879 471.179904937744 540.359725952148 535.106372833252
590.045991897583 605.84188079834 585.853191375732 457.910385131836 752.706390380859 711.431952238083 679.004577636719 543.362831115723 546.869068145752 390.339126586914 492.100164890289 968.196479797363 563.029541015625 495.121194839478 705.967025756836 628.398132324219 408.69864654541 556.329471588135 586.466384887695 506.23929977417 517.285555839539 557.256435394287 485.565563201904 479.689125061035 446.949462890625 507.13680267334 636.968406677246 580.811153411865 513.805883407593 513.037045478821 339.723373413086 487.966650009155 386.909076690674 359.281227111816 467.713325500488 679.592132568359 481.318332672119 788.111679077148 565.062702178955 532.106834411621 498.764666557312 449.305458068848 446.327392578125 369.009910583496 267.776306152344 278.488983154297 461.2307305336 498.601539611816 505.429840087891 487.174285888672
616.191596984863 545.585510253906 579.356510162354 582.581321716309 575.692279815674 630.571126937866 889.056442260742 696.224731445312 594.962707519531 600.930641174316 589.594757080078 558.04351234436 731.125946044922 549.690921783447 493.434228420258 526.646173477173 417.910438537598 479.115948677063 474.134641170502 466.269435882568 593.944717407227 544.132526397705 443.197074890137 463.8239402771 591.949356079102 632.971374511719 610.466529846191 462.952598571777 384.701332092285 307.248092651367 365.755859375 391.456207275391 475.17426109314 429.769352674484 550.763244628906 691.808052062988 674.216484069824 670.872665405273 589.34273147583 534.969551086426 364.832977294922 449.395034790039 355.170394897461 552.314468383789 575.311912536621 279.539993286133 386.667037963867 510.623767852783 426.2288646698 527.678552627563
667.274749755859 582.506119251251 651.614475250244 509.833595275879 438.039688110352 711.462524414062 722.930381774902 881.326210021973 641.649917602539 625.156265258789 542.403064727783 517.308423995972 595.058349609375 645.920219421387 543.888535499573 499.948081970215 483.347338676453 419.194549560547 436.964485168457 457.568294525146 523.283353805542 557.303415298462 505.88320350647 606.816070556641 516.003471374512 682.915351867676 604.853454589844 423.840776443481 420.059516906738 355.119720458984 482.074787139893 522.312232971191 417.13761138916 420.750968933105 706.578712463379 599.392735600471 537.952301025391 547.54243850708 419.618881225586 498.274360656738 433.191261291504 363.144706726074 405.606315612793 618.614634513855 401.200225830078 558.694145202637 559.212982177734 518.099071502686 352.889236450195 614.272079467773
591.080701828003 568.836837768555 580.618604660034 523.707946777344 637.627603530884 690.21753692627 643.325721740723 722.58097076416 626.942138671875 651.148971557617 419.982498168945 418.060661315918 480.840587615967 550.270687103271 567.701324462891 502.304219245911 461.547607421875 550.483438491821 568.028240203857 514.42817401886 388.790222167969 466.232292175293 626.28776550293 456.830806732178 565.546141624451 528.213958740234 514.688255310059 487.669364929199 416.514644622803 431.209095954895 347.234619140625 383.185363769531 544.868473052979 605.310787200928 653.228328704834 509.277946472168 561.995426177979 512.328216552734 483.463905334473 497.279838562012 521.253574132919 401.02953338623 506.78946685791 611.50414276123 688.4847240448 579.763402938843 568.87406539917 467.60062789917 746.728790283203 758.860832214355
540.034423828125 658.980052947998 589.776005744934 597.114666223526 620.084818840027 686.310531616211 867.593124389648 765.153503417969 623.245101928711 544.612617492676 599.567687988281 456.131156921387 469.23104095459 628.017791748047 523.317237854004 421.771697998047 575.063884735107 599.093315124512 634.348350524902 555.552230834961 455.833919525146 488.881189346313 523.176755905151 549.558834552765 455.853614807129 440.58740234375 497.892539024353 374.427192687988 595.313270330429 516.581230163574 472.820007324219 559.546659469604 643.40425491333 537.574859619141 535.565139770508 521.042907714844 595.303596973419 402.612091064453 304.17138671875 597.926208496094 567.764755249023 677.935264825821 645.905804634094 641.545018196106 660.083839416504 611.302453994751 467.656845092773 798.370115280151 776.607925415039 653.644416809082
656.088195800781 534.473838806152 529.255084991455 428.072647094727 617.001998901367 585.342727661133 640.653438568115 733.125366210938 677.731483459473 739.382011413574 506.750677108765 496.367560863495 457.139122009277 559.069965362549 362.074295043945 299.178466796875 589.853034973145 682.323669433594 702.830459594727 588.537612915039 571.992248535156 547.681617736816 495.896728515625 456.425094604492 589.982664108276 429.697158813477 595.2663230896 758.428707122803 518.277198791504 658.201469421387 680.976516723633 640.010139465332 615.965562820435 643.182720184326 331.348930358887 390.793075561523 356.339080810547 327.478210449219 251.012115478516 390.019088745117 609.692914962769 663.344804763794 613.190093994141 745.430221557617 608.128852844238 587.790473937988 412.149284362793 617.176944732666 873.622467041016 923.203689575195
721.224559783936 717.694435119629 677.792911529541 528.096477508545 616.501411437988 595.760335922241 613.960634231567 701.116096496582 720.06063079834 861.634571075439 447.502876281738 570.10472869873 506.140155792236 474.038276672363 409.207015991211 400.797012329102 487.257188796997 557.923816680908 510.872192382812 614.712280273438 638.80517578125 448.349834442139 458.091461181641 407.601753234863 499.844413757324 548.91900062561 616.480293273926 659.371780395508 379.159873962402 522.516952514648 567.667739868164 869.450225830078 799.931655883789 708.103096008301 474.109767913818 366.144634246826 439.487739562988 355.158920288086 335.740661621094 282.692016601562 569.17106628418 622.216243743896 618.193477630615 552.213342666626 618.437591552734 591.284614562988 666.4264793396 900.796005249023 726.921291351318 728.505630493164
506.952095031738 663.407068252563 675.711302757263 576.132270812988 525.658706665039 592.241096496582 666.211318969727 768.661682128906 728.024276733398 738.284675598145 556.581615447998 497.620255470276 472.83179473877 506.94831943512 403.602996826172 533.921579360962 361.933288574219 499.781140089035 460.838081359863 596.040771484375 516.64755821228 468.096910476685 462.229919433594 482.809741973877 396.58723449707 526.332843780518 516.370056152344 489.081363677979 506.19189453125 516.356895446777 584.214073643088 727.385833740234 552.786769866943 545.131774902344 465.124698638916 382.785789489746 438.899826049805 407.162536621094 428.127235412598 255.433135986328 416.134780883789 544.765789031982 771.305902481079 807.579147338867 782.648281097412 633.482696533203 608.769271850586 796.889190673828 694.646659851074 522.814856529236
435.059677124023 649.615936279297 607.158037185669 572.925384521484 599.058083072305 645.477394104004 556.495838165283 700.897163391113 783.873779296875 470.593017578125 667.605997085571 575.547393798828 455.194221496582 581.978786468506 595.558013916016 542.323448181152 484.258845329285 356.609680175781 448.637901306152 653.374938964844 538.246025085449 627.178215026855 559.656631469727 587.225303649902 526.109215974808 455.062881469727 640.043174743652 579.424625396729 459.121162414551 320.349594116211 604.917736053467 744.971172332764 657.38623046875 356.401752471924 531.219802856445 385.643280029297 453.373031616211 435.569366455078 553.094381332397 483.069404602051 449.248870849609 538.910049438477 746.20147895813 985.980197906494 835.284121513367 764.202575683594 827.065460205078 639.002168655396 595.633947372437 502.878452301025
-9999 -9999 498.049819946289 761.811782836914 534.500434875488 556.256004333496 657.713886260986 574.437812805176 616.896342396736 500.158676147461 437.096649169922 493.439250946045 591.45735168457 454.364616394043 552.475319385529 507.716562271118 542.082103729248 449.581069946289 532.308838367462 612.409767150879 569.32691192627 660.918319702148 650.615997314453 423.464416503906 465.221389770508 366.036895751953 350.98258972168 550.08597946167 696.529405593872 393.438552856445 417.034553527832 590.989471197128 821.442153930664 586.344299316406 493.500152587891 404.892407417297 469.097305297852 491.370979309082 560.683957099915 523.568283081055 641.470708847046 688.108936786652 801.455753326416 946.889656066895 866.981864929199 743.386746406555 836.563835144043 -9999 -9999 -9999
