simdem/realisation8.asc
NCOLS 350 
NROWS 171 
XLLCORNER 152620 
YLLCORNER 418050 
CELLSIZE 100 
NODATA_value -9999 
[rows 110 to 131 of 171, columns 200 to 249 of 350]
-9999 -9999 -9999 847.628723144531 556.230041503906 608.613739013672 730.333518981934 759.424311637878 732.055889129639 1053.51048469543 729.578706741333 619.586036682129 627.727661132812 724.32447052002 696.395774841309 695.004371643066 846.508743286133 647.260803461075 682.10871887207 680.182914733887 583.566593170166 422.353805541992 566.302337646484 459.25959777832 581.734638214111 540.758262634277 717.27604675293 703.560543060303 584.24959564209 574.150329589844 682.279052734375 590.706588745117 594.537612915039 594.118553161621 411.788070678711 580.019393920898 587.724006652832 830.568412780762 482.753273010254 321.872222900391 494.574935913086 710.438720703125 641.522872924805 583.757339477539 1108.80322265625 697.638610839844 879.161087036133 1154.12395477295 692.744367599487 929.839781761169
-9999 -9999 -9999 -9999 916.787483215332 724.510959625244 531.527770996094 749.597043991089 650.169807434082 862.057308197021 560.454643249512 574.243194580078 887.748580932617 914.962905883789 752.533950805664 658.627840042114 580.24626159668 701.352809906006 696.255950927734 539.797576904297 621.770832061768 448.873031616211 1200.60961914062 429.966766357422 531.381607055664 544.842376708984 670.257758140564 757.093685150146 716.590847015381 555.301975250244 554.915416717529 622.551681518555 579.775901794434 588.928268432617 487.70344543457 520.678192138672 644.520202636719 809.495300292969 519.661773681641 532.694869995117 711.416023254395 621.554912567139 603.244934082031 925.746864318848 540.46662902832 788.021514892578 960.626991271973 869.487106323242 645.859298706055 989.069892883301
-9999 -9999 -9999 -9999 812.16622209549 724.777705192566 677.525789260864 737.239360809326 730.135387420654 900.809600830078 752.766080856323 689.795291900635 694.069583892822 778.622901916504 609.611915588379 650.145704269409 635.485912322998 746.883895874023 570.862739562988 644.276464939117 438.845321655273 488.730407714844 444.856796264648 484.044662475586 632.371364593506 532.754737854004 689.61012172699 676.104420185089 646.681049346924 543.973587036133 455.859024047852 659.233249664307 582.249809265137 646.940391540527 654.534067153931 586.889709472656 625.154537200928 625.351364135742 725.142097473145 781.821846961975 767.763236999512 693.939319610596 705.128370285034 911.609722137451 489.657623291016 773.550903320312 969.67301940918 893.574054718018 769.808883666992 788.501178741455
-9999 -9999 -9999 -9999 -9999 707.765266418457 800.012115478516 639.820823669434 700.484760284424 787.7028465271 1206.46661710739 596.222320556641 678.576740264893 758.694664001465 713.060279846191 757.093101501465 687.574394226074 630.841510772705 647.750938415527 478.735748291016 444.382629394531 1051.56577634811 570.263221740723 564.044910430908 511.686180114746 645.430280685425 685.097408294678 690.015248298645 661.648281097412 616.466198921204 556.8388671875 688.679231643677 808.37899017334 811.476776123047 805.807662963867 625.258281707764 693.661291122437 664.762325286865 856.132759094238 926.746032714844 810.337963104248 885.647216796875 896.017356872559 585.999862670898 779.866264343262 734.091781616211 802.969375610352 1322.35735607147 807.764601349831 888.853981018066
-9999 -9999 -9999 -9999 -9999 735.327438354492 702.951862335205 549.953475952148 605.75133895874 783.74475479126 1264.40725708008 792.665786743164 665.997150421143 671.814503669739 909.012390136719 786.546356201172 607.03303527832 642.336111068726 496.220245361328 461.58610534668 1094.29275512695 631.884977340698 639.259206771851 640.538446605206 645.851633071899 709.203598022461 674.611181259155 620.029144287109 760.141387939453 692.487018585205 673.846374511719 726.646766662598 720.968376159668 811.134490966797 736.856719970703 638.51961517334 654.189033508301 634.721832275391 683.053302764893 658.74609375 683.27465057373 907.081047058105 747.196598052979 725.153369903564 786.486211776733 645.424781799316 690.974624633789 801.983909606934 598.460784912109 659.489212036133
-9999 -9999 -9999 -9999 -9999 764.773681640625 713.329689025879 732.150882720947 704.817375183105 787.820575714111 917.975372314453 838.110855102539 734.980386734009 744.158546447754 771.657707214355 633.261772155762 597.648910522461 416.876556396484 558.047630310059 1067.72489929199 359.580078125 404.099304199219 676.772322654724 729.288688659668 736.014282226562 763.39755153656 808.191291809082 752.969848632812 772.690788269043 635.52417755127 472.000366210938 750.571746826172 730.340646743774 777.547325134277 746.849704742432 738.63152885437 625.163158416748 616.964448928833 653.665161132812 702.234569549561 616.388368606567 858.819373369217 803.322822570801 1028.65034103394 629.950790405273 714.097801208496 693.48755645752 650.175399780273 714.599704742432 730.068878173828
-9999 -9999 -9999 -9999 -9999 -9999 834.2239112854 883.657703399658 862.231330871582 723.699440002441 733.17631149292 980.619903564453 784.46216583252 642.015502929688 664.167526245117 630.686462402344 433.277435302734 527.394927978516 526.791687011719 462.35188293457 542.696044921875 539.469100952148 584.137619018555 693.502695083618 806.276676177979 654.470817565918 678.531108856201 656.238967895508 752.33482170105 687.274908065796 716.031137943268 616.769088745117 613.061088562012 731.181205749512 688.390350341797 672.715829849243 675.323917388916 601.329315185547 658.651287078857 753.379327774048 808.903652191162 769.070672988892 741.31859588623 734.231664657593 974.279186248779 966.685363769531 1094.2386636734 833.642166137695 654.056396484375 886.903282165527
-9999 -9999 -9999 -9999 -9999 -9999 842.545791625977 1377.68377113342 1370.1907119751 734.05492401123 704.13818359375 895.073425292969 1175.18853759766 698.244956970215 503.144088745117 587.193466186523 470.441589355469 464.79362487793 977.719314575195 534.297409057617 581.350448608398 718.544921875 650.596988677979 669.950110435486 674.679019927979 726.501255989075 668.902095794678 683.210027694702 678.906032562256 726.101734161377 794.012719154358 830.192840576172 604.287742614746 1000.99137878418 899.811012268066 1066.31340789795 988.880875825882 821.716297149658 705.16263961792 636.837631225586 673.807636260986 642.034332275391 736.691299498081 614.865020751953 729.06428027153 660.212913513184 771.574479103088 734.119491577148 950.646499633789 706.223388671875
-9999 -9999 -9999 -9999 -9999 -9999 -9999 939.192277908325 920.928089141846 923.700958251953 735.561592102051 747.024965286255 730.308020591736 825.715705871582 658.399047851562 459.670028686523 582.414001464844 1380.45586395264 674.289428710938 713.82399956882 738.37491607666 658.144598007202 727.015522003174 784.834434509277 632.305381774902 724.537059783936 716.151897668839 1225.57379150391 897.308776855469 844.587333679199 641.465642929077 759.890313386917 618.020922660828 939.458076477051 986.741157531738 988.217809677124 845.385398864746 868.765159606934 1081.92389678955 453.628082275391 705.561341762543 700.84496307373 679.452987670898 749.114200592041 726.550254821777 750.349586486816 639.4404296875 609.121322631836 634.568199157715 500.157577514648
-9999 -9999 -9999 -9999 -9999 -9999 -9999 -9999 774.765941619873 882.867750167847 744.284952163696 677.099393844604 635.382316589355 796.784328460693 598.893356323242 669.033424377441 1366.31408691406 693.197654724121 552.855865478516 578.25634765625 722.696880340576 735.483858108521 693.657741546631 683.633178710938 793.28893661499 680.957035064697 782.965236663818 727.581100463867 831.073020935059 784.811210632324 433.713684082031 681.686511993408 837.865829467773 981.556221008301 823.713527679443 865.866675376892 895.382133483887 822.320816040039 872.11930847168 871.529975891113 721.266345024109 683.784145355225 661.416954040527 609.226867675781 660.684778213501 686.808628082275 574.230953216553 561.250675201416 662.998764038086 369.044891357422
-9999 -9999 -9999 -9999 -9999 -9999 -9999 -9999 -9999 1268.55444717407 1232.94464874268 1080.04615783691 654.886178970337 720.957920074463 729.435375213623 707.756774902344 916.122604370117 812.8342628479 554.793060302734 572.141464233398 593.89501953125 711.545482635498 729.381559371948 673.387748718262 626.132179260254 825.470270514488 642.690101623535 700.912063598633 891.845458984375 667.716260910034 535.635887145996 583.71199798584 586.270385742188 673.177597045898 804.592342376709 715.024856567383 764.394836425781 782.116897583008 911.598297119141 886.621391296387 1109.42142105103 791.470489501953 750.680372238159 785.389580249786 617.172773361206 610.726030349731 630.349893569946 630.847415924072 625.770030975342 479.251976013184
-9999 -9999 -9999 -9999 -9999 -9999 -9999 -9999 -9999 -9999 899.509887695312 687.599044799805 659.513114929199 701.632434844971 732.726375579834 695.315906524658 648.034568786621 849.908805847168 679.79948425293 663.021301269531 569.59358215332 730.071134805679 701.009273529053 564.613082885742 1005.36420440674 802.262678146362 468.547073364258 657.944801330566 770.394622802734 842.672836303711 761.825212478638 785.485260009766 680.392547607422 559.204092025757 845.16299533844 873.599432945251 881.247756958008 860.624059677124 894.415825366974 992.931299209595 929.479528427124 669.403917312622 859.946823120117 806.503902435303 722.737586975098 595.423057556152 568.100898742676 571.043239593506 483.076477050781 544.367698669434
-9999 -9999 -9999 -9999 -9999 -9999 -9999 -9999 -9999 -9999 -9999 1074.81912231445 1001.39148712158 854.731636047363 511.009544372559 597.788665771484 676.149711608887 914.310546875 611.904541015625 760.159096717834 719.97151184082 779.268815040588 705.377044677734 497.499603271484 833.475982666016 792.146110534668 939.64818572998 873.535289764404 792.311489105225 731.372537136078 870.545846939087 895.934108734131 810.992137908936 794.989276885986 793.640125274658 948.276649475098 820.791049957275 766.712493896484 820.606559753418 968.238059997559 970.893491744995 722.286781311035 732.94612121582 567.740173339844 637.188352584839 687.43842124939 764.392868041992 639.788238525391 569.26513671875 474.27848815918
-9999 -9999 -9999 -9999 -9999 -9999 -9999 -9999 -9999 -9999 -9999 -9999 855.756744384766 1107.32291412354 731.096477508545 533.135070800781 660.194326877594 748.832565307617 698.977516174316 727.846138000488 697.575654983521 755.493827819824 426.393478393555 481.480964660645 635.40811920166 926.842567443848 818.566879272461 718.456867218018 784.064743041992 799.653995513916 858.102864265442 973.114486694336 764.818592071533 879.555358886719 877.790237426758 739.051498413086 791.077476501465 826.520174980164 954.798332214355 961.35041809082 897.734439849854 750.003051757812 534.626403808594 522.958526611328 745.117893218994 679.910394668579 848.11198425293 843.725128173828 704.644868612289 491.152893066406
-9999 -9999 -9999 -9999 -9999 -9999 -9999 -9999 -9999 -9999 -9999 -9999 -9999 -9999 686.540664672852 764.456739425659 620.170513153076 961.806175231934 525.521324157715 669.84203338623 503.83154296875 506.420562744141 707.173538208008 498.040817260742 738.449725449085 760.458126068115 726.144119262695 769.726131439209 980.807022094727 866.677999973297 869.816963195801 841.829795837402 834.137680053711 794.653015136719 860.144149780273 840.549896240234 957.888092041016 1002.55334091187 914.879676818848 1242.68630981445 1198.52449035645 1066.99982452393 363.222747802734 546.737121582031 692.756172180176 578.208320617676 789.891899108887 831.511627197266 726.657721936703 746.009659767151
-9999 -9999 -9999 -9999 -9999 -9999 -9999 -9999 -9999 -9999 -9999 -9999 -9999 -9999 -9999 -9999 -9999 1060.22483444214 642.609413146973 718.546253204346 690.856422424316 682.915367126465 854.80199432373 836.414939880371 723.513614654541 785.324485063553 655.470332145691 690.033237457275 695.506813049316 626.518905639648 643.074661254883 697.597789764404 858.747934341431 907.601051330566 698.131320953369 612.646875143051 817.146644592285 1010.93954467773 1005.5179901123 569.765383243561 567.043017148972 967.705383300781 614.081996917725 580.910720825195 653.073902130127 672.440422058105 802.108474731445 706.467050552368 617.416046142578 556.502151489258
-9999 -9999 -9999 -9999 -9999 -9999 -9999 -9999 -9999 -9999 -9999 -9999 -9999 -9999 -9999 -9999 -9999 -9999 -9999 -9999 866.094985961914 912.738502502441 824.476360321045 948.145999908447 853.836471557617 894.558002471924 766.320919036865 773.066257476807 755.689258575439 828.772081375122 718.302543640137 750.000032901764 800.530807495117 751.997042655945 750.526712417603 542.501953125 643.704879760742 800.238101959229 968.061767578125 596.722717285156 641.478702545166 732.300281524658 625.81886100769 593.63542175293 509.581771850586 644.685989379883 663.260301589966 569.830284118652 606.855491638184 575.72444152832
-9999 -9999 -9999 -9999 -9999 -9999 -9999 -9999 -9999 -9999 -9999 -9999 -9999 -9999 -9999 -9999 -9999 -9999 -9999 -9999 -9999 -9999 -9999 -9999 -9999 995.860641479492 957.656669616699 862.492340087891 767.412155151367 925.428747177124 940.05613899231 716.36009979248 779.474597930908 873.756973266602 647.481328964233 833.927345991135 1024.04747009277 786.402938842773 816.401756286621 642.648376464844 706.923294067383 922.904228210449 639.619129180908 725.1361951828 614.353942871094 508.586685180664 600.595184326172 575.918495178223 663.702407836914 618.554420471191
-9999 -9999 -9999 -9999 -9999 -9999 -9999 -9999 -9999 -9999 -9999 -9999 -9999 -9999 -9999 -9999 -9999 -9999 -9999 -9999 -9999 -9999 -9999 -9999 -9999 -9999 -9999 -9999 -9999 891.521440505981 1055.35787963867 1063.65293884277 936.65697479248 745.029153347015 869.590072631836 858.103744506836 967.05615234375 958.006755828857 820.109741210938 663.491600036621 632.451927185059 657.594924926758 672.910301208496 620.803855895996 664.769371032715 569.150283813477 648.866439819336 603.904182434082 633.143585205078 739.851379394531
-9999 -9999 -9999 -9999 -9999 -9999 -9999 -9999 -9999 -9999 -9999 -9999 -9999 -9999 -9999 -9999 -9999 -9999 -9999 -9999 -9999 -9999 -9999 -9999 -9999 -9999 -9999 -9999 -9999 -9999 -9999 1221.05528259277 1018.97777557373 946.471839904785 743.270118713379 796.573089599609 879.238014221191 705.491081237793 866.788711547852 649.703468322754 856.938386917114 666.154914855957 663.483852386475 803.060363769531 636.616325378418 654.912769317627 672.23406791687 595.432174682617 731.558179855347 909.447402954102
-9999 -9999 -9999 -9999 -9999 -9999 -9999 -9999 -9999 -9999 -9999 -9999 -9999 -9999 -9999 -9999 -9999 -9999 -9999 -9999 -9999 -9999 -9999 -9999 -9999 -9999 -9999 -9999 -9999 -9999 -9999 -9999 836.880065917969 882.112781524658 889.354179382324 828.452949523926 807.630958557129 991.239593505859 651.11695098877 675.284255981445 818.891212463379 841.510231018066 842.374298095703 718.053345680237 720.965894699097 721.715774536133 768.530143737793 667.849264144897 636.05184173584 767.604049682617
-9999 -9999 -9999 -9999 -9999 -9999 -9999 -9999 -9999 -9999 -9999 -9999 -9999 -9999 -9999 -9999 -9999 -9999 -9999 -9999 -9999 -9999 -9999 -9999 -9999 -9999 -9999 -9999 -9999 -9999 -9999 -9999 -9999 924.669551849365 841.500411987305 811.849811553955 766.525230407715 671.344873428345 726.364551544189 781.429437637329 930.617309570312 923.56672668457 776.028499603271 752.332523345947 584.588584899902 681.497283935547 684.342730522156 585.860893249512 628.886741638184 782.104837417603
