simdem/realisation9.asc
NCOLS 350 
NROWS 171 
XLLCORNER 152620 
YLLCORNER 418050 
CELLSIZE 100 
NODATA_value -9999 
[rows 0 to 21 of 171, columns 200 to 249 of 350]
-9999 -9999 -9999 -9999 -9999 -9999 -9999 -9999 -9999 -9999 -9999 -9999 -9999 -9999 -9999 -9999 -9999 -9999 -9999 -9999 -9999 -9999 -9999 -9999 -9999 -9999 -9999 -9999 -9999 -9999 -9999 -9999 -9999 -9999 -9999 -9999 -9999 -9999 -9999 -9999 -9999 -9999 -9999 -9999 -9999 -9999 -9999 -9999 -9999 -9999
-9999 -9999 -9999 -9999 -9999 -9999 -9999 -9999 -9999 -9999 -9999 -9999 -9999 -9999 -9999 -9999 -9999 -9999 -9999 -9999 -9999 -9999 -9999 -9999 -9999 -9999 -9999 -9999 -9999 -9999 -9999 -9999 -9999 -9999 -9999 -9999 -9999 -9999 -9999 -9999 -9999 -9999 -9999 -9999 -9999 -9999 -9999 -9999 -9999 -9999
-9999 -9999 -9999 -9999 -9999 -9999 -9999 -9999 -9999 -9999 -9999 -9999 -9999 -9999 -9999 -9999 -9999 -9999 -9999 -9999 -9999 -9999 -9999 -9999 -9999 -9999 -9999 -9999 -9999 -9999 -9999 -9999 -9999 -9999 -9999 -9999 -9999 -9999 -9999 -9999 -9999 -9999 -9999 -9999 -9999 -9999 -9999 -9999 -9999 -9999
-9999 -9999 -9999 -9999 -9999 -9999 -9999 -9999 -9999 -9999 -9999 -9999 -9999 -9999 -9999 -9999 -9999 -9999 -9999 -9999 -9999 -9999 -9999 -9999 -9999 -9999 -9999 -9999 -9999 -9999 -9999 -9999 -9999 -9999 -9999 -9999 -9999 -9999 -9999 -9999 -9999 -9999 -9999 -9999 -9999 -9999 -9999 -9999 -9999 -9999
-9999 -9999 -9999 -9999 -9999 -9999 -9999 -9999 -9999 -9999 -9999 -9999 -9999 -9999 -9999 -9999 -9999 -9999 -9999 -9999 -9999 -9999 -9999 -9999 -9999 -9999 -9999 -9999 -9999 -9999 -9999 -9999 -9999 -9999 -9999 -9999 -9999 -9999 -9999 -9999 -9999 -9999 -9999 -9999 -9999 -9999 -9999 -9999 -9999 -9999
482.526989936829 575.504289150238 457.33846282959 499.410484313965 803.171966552734 -9999 -9999 -9999 -9999 -9999 -9999 -9999 -9999 -9999 -9999 -9999 -9999 -9999 -9999 -9999 -9999 -9999 -9999 -9999 -9999 -9999 -9999 -9999 -9999 -9999 -9999 -9999 -9999 -9999 -9999 -9999 -9999 -9999 -9999 -9999 -9999 -9999 -9999 -9999 -9999 -9999 -9999 -9999 -9999 -9999
531.161403656006 448.248781204224 416.789093017578 455.39560508728 737.469177246094 756.938858032227 654.842178344727 866.292999267578 602.056991577148 478.14200592041 -9999 -9999 -9999 -9999 -9999 -9999 -9999 -9999 -9999 -9999 -9999 -9999 -9999 -9999 -9999 -9999 -9999 -9999 -9999 -9999 -9999 -9999 -9999 -9999 -9999 -9999 -9999 -9999 -9999 -9999 -9999 -9999 -9999 -9999 -9999 -9999 -9999 -9999 -9999 -9999
1017.80780029297 426.719455718994 314.852310180664 327.032257080078 553.11971282959 626.329160690308 449.067462921143 503.708805084229 381.992904663086 442.526888847351 417.863945007324 503.867469787598 617.645523071289 661.919158935547 656.362720489502 882.567596435547 732.836639404297 705.581359863281 983.229911804199 1041.36308288574 954.350696563721 904.372583389282 795.810966491699 766.11149597168 990.725471496582 1028.95397949219 1001.18187713623 1097.8766784668 1001.03967285156 920.385856628418 864.024192810059 901.732825279236 857.35270690918 878.542688369751 812.431259155273 841.610227584839 1045.55760192871 973.554046630859 802.864242553711 -9999 -9999 -9999 -9999 -9999 -9999 -9999 -9999 -9999 -9999 -9999
997.071044921875 946.159332275391 709.527562141418 635.542442321777 927.157943725586 1034.7074546814 1167.17776489258 410.725296020508 428.353120803833 410.293514251709 432.532964706421 394.72469329834 604.352203369141 589.046493530273 638.445159912109 637.195175170898 615.384994506836 491.604480743408 937.011108398438 833.341974258423 860.10525894165 683.449966430664 738.209159851074 755.418991088867 882.826400756836 859.019542694092 892.694122314453 873.06196975708 859.344191551208 802.803359985352 837.92564535141 818.102819561958 629.602170944214 725.893154144287 618.360641479492 607.60546875 972.588157653809 1137.42878341675 837.151279449463 714.578716278076 768.03099822998 1132.39141082764 1465.2578125 1028.01410675049 716.430465698242 -9999 -9999 -9999 -9999 -9999
1048.74517822266 1023.09540939331 815.800354003906 731.741856575012 959.466304779053 996.026342391968 1242.3256072998 1247.66107177734 957.063556671143 684.784843444824 670.849060058594 675.567649841309 356.255744934082 465.54111802578 570.221176147461 593.391998291016 499.95333480835 472.604810714722 807.982425689697 783.98611831665 853.359180450439 709.39030456543 782.813676834106 712.883911132812 856.636840820312 770.268325805664 890.168601989746 802.973466873169 731.2998046875 711.399261474609 791.275844573975 783.010753631592 681.366245269775 676.265556335449 699.821109771729 614.918304443359 1037.75578689575 1124.00196456909 635.782806396484 628.923135757446 811.275810241699 1153.89574813843 1041.34078979492 902.983664512634 781.445922851562 1308.41492462158 866.412712097168 -9999 -9999 -9999
891.191120147705 635.87508392334 903.639602661133 1135.55059432983 1042.32586288452 1112.53830528259 1243.22479629517 1106.95849108696 1087.95487976074 825.374244689941 687.291347503662 759.685707092285 449.493156433105 481.504974365234 479.022315979004 603.692085266113 738.708473205566 836.482229232788 795.340301513672 1051.97370910645 860.563980102539 1026.91577529907 679.931091308594 481.192367553711 603.719696044922 690.467971801758 882.753410339355 832.708591461182 836.055274963379 734.030731201172 617.308013916016 692.745582580566 677.111049175262 569.912170410156 597.122619628906 509.557258605957 746.487121582031 811.387481689453 924.707719802856 687.714797973633 877.422958374023 802.347755432129 870.94962310791 878.822982788086 733.215707778931 1176.82315063477 941.951723098755 1438.59465408325 844.053825378418 -9999
903.592477798462 750.797607421875 719.897003173828 945.190208435059 905.554794311523 1042.37572479248 1124.39956474304 1065.64636993408 1028.85852909088 989.62516784668 704.339912414551 818.89367389679 546.648529052734 671.226259231567 473.15567779541 553.19548034668 791.236200332642 774.526935577393 793.5725440979 879.671340942383 819.289825439453 874.227981567383 660.343322753906 614.192687988281 781.617328643799 771.50040435791 839.954725265503 736.8798828125 728.908885955811 779.158157348633 612.051651000977 807.126491546631 636.07389831543 665.780471801758 633.622985839844 584.765703201294 626.127934455872 872.553924560547 722.551559448242 863.595855712891 702.005897521973 639.323592185974 724.927307128906 831.835382461548 770.897142410278 868.754718780518 752.581066131592 1262.10828399658 945.630325317383 741.721832275391
819.892513275146 980.903915405273 850.707695007324 788.530563354492 580.5341796875 784.758293151855 829.719299316406 725.968372344971 1123.6771697998 858.257581233978 852.551086425781 809.795690536499 785.626497268677 581.513763427734 620.431289672852 565.766799926758 664.728851318359 864.853553771973 704.124298095703 1048.73571676016 1021.58246326447 1022.97618103027 821.147832870483 757.854261398315 821.695537567139 812.601684570312 911.988691091537 867.074283599854 812.249168395996 811.64631652832 781.452293395996 720.904037475586 729.160278320312 757.933254718781 852.031143188477 707.900095939636 738.314456939697 1028.27897930145 1032.12342262268 832.745651245117 584.969818115234 689.265899658203 597.994293212891 936.312557220459 1071.1435546875 783.777341842651 858.745010375977 788.806144714355 811.411739349365 790.870450019836
697.515396118164 608.08003616333 669.479862213135 678.726054191589 579.467346191406 621.865085601807 708.152711868286 729.079898834229 938.913955688477 808.187168121338 628.850692749023 894.757476806641 705.73583984375 908.73983001709 854.861554145813 1391.56073760986 846.877384185791 741.256355285645 852.999923706055 1242.7785949707 834.811027526855 1256.62263870239 752.527313232422 694.191543579102 649.849029541016 527.888519287109 788.242561340332 850.018260955811 1053.62871551514 918.668586730957 838.330863952637 794.200965881348 786.324111938477 1059.03341674805 863.625045776367 955.208377838135 1032.77466964722 987.25435256958 980.706771850586 889.931221008301 717.200801849365 835.486274719238 673.684574127197 859.93132019043 969.842485427856 1101.56443786621 1066.35575866699 807.066619873047 802.398975372314 1270.98161315918
633.214469909668 639.7086353302 536.022247314453 652.384265899658 528.867919921875 598.752861022949 663.638105392456 777.429631471634 714.75007724762 632.136741638184 964.988644599915 983.326131343842 1322.63125801086 797.681785583496 841.065063476562 776.634265899658 712.755542755127 769.173976898193 723.829551696777 1154.46664428711 584.017288208008 558.833343505859 694.174709320068 1035.7543182373 529.85888671875 648.323066711426 794.20724105835 880.385048866272 836.906711578369 995.90714263916 870.700386047363 976.685359954834 831.889684677124 835.71475982666 692.990753173828 781.780426025391 894.013298034668 965.875564575195 879.926605224609 793.103149414062 1119.34419250488 1067.9857711792 935.838020324707 899.341110229492 864.286178588867 1042.00883102417 1071.36038970947 997.157276153564 696.143371582031 1138.91358566284
649.541389465332 711.413819789886 637.156471252441 913.453109741211 935.588928222656 729.223815917969 696.306259155273 694.688018798828 632.543083190918 647.564670562744 724.38090133667 643.534004211426 770.422744750977 800.391054153442 716.425468444824 822.976849555969 650.279296875 519.921585083008 670.717071533203 718.493751525879 639.812599182129 677.778163909912 751.520003795624 625.875785827637 693.030960083008 741.907249450684 833.775760650635 773.162506103516 738.611583709717 832.588344097137 798.457122802734 1100.8272857666 953.026473999023 844.924683094025 792.488288879395 883.393838882446 752.569198608398 960.324951171875 845.121696472168 877.637962341309 973.849689483643 1084.05723571777 934.749531269073 925.902381896973 930.580657958984 987.034484863281 1081.6516418457 966.812278747559 850.411680221558 679.209320068359
854.227123260498 733.434274673462 761.235294342041 780.567972183228 967.404312133789 624.786338806152 636.952751159668 806.339466094971 709.828362941742 759.916721343994 1011.61806106567 953.439205169678 715.321355819702 932.185211181641 799.175113677979 614.407485961914 822.153732299805 748.899488925934 735.98477602005 651.924537658691 832.749900817871 815.467617034912 608.566497802734 617.186637878418 657.247764587402 734.378608703613 834.042533874512 1167.12951660156 592.738006591797 797.597709655762 861.216499328613 944.806549072266 852.935890197754 751.530899047852 861.045547485352 689.385757446289 828.98978805542 899.057137489319 721.442718505859 886.969150543213 1001.30393981934 958.733234405518 991.745567321777 860.285873413086 905.083885192871 972.799995422363 1047.67001628876 1084.11135101318 794.90510559082 721.085594177246
294.370697021484 551.253570556641 1262.42200469971 676.853298187256 642.398956298828 796.139363288879 752.561359405518 845.65811920166 748.47989654541 703.41185760498 675.010879516602 704.496055603027 785.59659576416 717.557799339294 821.268093109131 905.052322387695 734.96691608429 662.78581237793 607.181739807129 689.337417602539 655.809337615967 822.603349208832 647.591697692871 688.546333312988 684.487993240356 617.603157043457 703.958408355713 642.548141479492 784.926055908203 802.265043258667 992.446697235107 797.211334228516 715.823617935181 1263.03792572021 701.366790771484 664.726470947266 786.952838897705 787.188695907593 769.204902648926 597.995223999023 845.291534423828 683.693145751953 853.685857772827 749.433448791504 840.69334602356 932.668827056885 852.836837768555 921.622421264648 815.913688659668 833.646026611328
924.106872558594 515.198455810547 1186.99169921875 1206.90550994873 665.084232330322 759.807574272156 750.852209091187 879.39421081543 1085.13329696655 647.763404846191 592.652732849121 722.887981414795 691.009658813477 685.403800964355 677.469970703125 791.924780845642 721.455513000488 543.242385864258 737.117151260376 721.710258483887 803.701667785645 774.271305084229 756.032064143568 596.691413879395 490.927017211914 535.512985229492 652.625801086426 789.044525146484 661.357971191406 599.278045654297 659.407173156738 690.308990478516 715.622903823853 817.610023498535 534.193237304688 1144.04679870605 754.087924957275 763.749192237854 785.634216785431 712.876014709473 850.426459789276 763.52946472168 1087.3893737793 908.073993682861 887.236427307129 890.73664855957 982.084144592285 1085.29690551758 831.503204345703 951.582794189453
706.978921890259 648.038078308105 759.490085601807 753.339601516724 1146.00723266602 1398.19939422607 1035.97244262695 907.436477661133 741.873695373535 618.739761352539 818.267639160156 669.210844993591 729.524633407593 672.638786315918 757.798460006714 772.206226348877 638.504318237305 678.945705413818 617.943813323975 742.20645904541 683.400779724121 616.198593139648 519.807540893555 453.343627929688 422.712203979492 580.746658325195 774.893966674805 828.848571777344 769.427490234375 647.988052368164 687.836219787598 711.736339569092 758.313743114471 729.384122848511 629.482978820801 646.884387969971 764.204780578613 1272.97778320312 770.112205505371 798.189929962158 789.826681137085 811.294776916504 917.038887023926 1024.28321838379 916.922889709473 788.571632385254 801.364143371582 934.88761138916 989.184242248535 900.912530899048
523.262771606445 641.94942855835 640.76570892334 647.122360229492 836.493057250977 589.912559509277 631.667510986328 690.122062683105 848.741271972656 623.471836090088 698.436275482178 741.929714202881 675.28956413269 627.134815216064 643.018577575684 648.250450134277 692.915458679199 693.189441680908 570.991691589355 778.023536682129 593.837959289551 710.53927230835 573.379501342773 636.485431671143 610.750377655029 666.611694335938 805.577507019043 873.214996337891 843.15983581543 682.367370605469 676.988006591797 586.155990600586 671.308296203613 654.400756835938 566.885803222656 743.271518707275 812.71964263916 840.771682739258 695.860893249512 1116.66805648804 1425.61548614502 813.518928527832 806.954093933105 776.059814453125 735.40941619873 829.089013129473 727.66215133667 1067.03033065796 1267.77068328857 836.409339904785
654.466003417969 788.670829772949 728.83837890625 782.588966369629 684.181881904602 735.146633148193 752.734073638916 589.877433776855 720.763498306274 623.445194244385 709.639892578125 595.900375366211 704.033683776855 561.703407287598 691.871445655823 762.408069610596 800.814361572266 694.913614273071 639.486133575439 619.596450805664 775.881782531738 822.485397338867 781.043174743652 676.902254104614 643.314388275146 694.837956428528 663.744306564331 788.131866455078 822.935607910156 811.873775482178 772.475618362427 793.176574707031 761.507465362549 660.558303833008 675.86109161377 789.537212371826 882.922386169434 892.777038574219 796.966196060181 775.398530960083 738.228762626648 694.33092880249 747.437749862671 815.15775680542 740.324437260628 708.145133972168 762.58869934082 935.182216644287 885.442314147949 783.134750366211
