simdem/realisation59.asc
NCOLS 350 
NROWS 171 
XLLCORNER 152620 
YLLCORNER 418050 
CELLSIZE 100 
NODATA_value -9999 
[rows 88 to 109 of 171, columns 0 to 49 of 350]
-9999 -9999 -9999 -9999 -9999 -9999 -9999 -9999 -9999 -9999 -9999 -9999 -9999 -9999 -9999 -9999 -9999 372.494430541992 278.144912719727 14.4644165039062 210.897071838379 466.266334533691 437.170684814453 420.849334716797 328.113464355469 624.83190536499 621.937697410583 309.689506530762 857.962425231934 620.346420288086 365.481271505356 379.031961437315 511.778923034668 317.320224761963 402.771133422852 488.86780166626 431.668579101562 852.179206848145 742.615264892578 775.762001037598 835.367919921875 710.934673309326 202.817001342773 156.820892333984 405.464202880859 310.656160354614 469.404069900513 468.975662231445 604.615880966187 362.537624359131
-9999 -9999 -9999 -9999 -9999 -9999 -9999 -9999 -9999 -9999 -9999 -9999 -9999 -9999 -9999 -9999 -9999 412.753715515137 321.102897644043 118.447769165039 107.292465209961 292.279098510742 125.770294189453 308.401290893555 473.46653175354 793.646466255188 797.718780517578 995.149024963379 628.988477706909 516.634741663933 361.922034740448 624.518348693848 361.494894504547 363.899845123291 566.490841388702 661.938892364502 615.913356781006 753.272407531738 726.642272949219 656.062925815582 781.119750976562 768.42748260498 523.20777130127 244.777709960938 371.620630145073 321.335603713989 568.334070205688 552.302228927612 419.936073303223 370.985534667969
-9999 -9999 -9999 -9999 -9999 -9999 -9999 -9999 -9999 -9999 -9999 -9999 -9999 -9999 -9999 -9999 591.299276351929 505.800689697266 273.983963012695 290.365028381348 388.315612792969 242.015548706055 382.010559082031 371.775001525879 570.728946685791 546.642555236816 506.999881744385 410.435104370117 446.13809967041 377.02516746521 617.615142822266 720.60383605957 433.191135406494 639.89448928833 551.588989257812 523.394889831543 676.45499420166 567.848023787141 550.734002113342 609.93563079834 312.358152389526 419.178079605103 615.706436157227 433.64673614502 417.77577495575 473.728733062744 564.165885925293 340.112365722656 469.923156738281 396.459484100342
-9999 -9999 -9999 -9999 -9999 -9999 -9999 -9999 -9999 -9999 -9999 -9999 -9999 -9999 -9999 -9999 626.157012939453 520.616542816162 488.06999540329 619.748893737793 429.877548217773 576.267135620117 425.360176086426 418.926597595215 680.111526489258 485.59056854248 660.251403808594 556.003116607666 427.615112304688 232.579727172852 551.106349945068 623.31379699707 597.295822143555 418.214286804199 709.096248626709 521.671180725098 571.745101928711 706.548614501953 557.898253083229 338.36808013916 291.720077514648 391.091773986816 436.644958496094 142.948198318481 373.291618347168 373.610084533691 467.410720825195 336.991424560547 487.298919677734 447.463500976562
-9999 -9999 -9999 -9999 -9999 -9999 -9999 -9999 -9999 -9999 -9999 -9999 -9999 -9999 -9999 555.439819335938 620.927757263184 453.025699615479 567.384696960449 636.525688171387 769.432373046875 576.229648590088 482.025535583496 867.509986877441 415.261581420898 737.40328168869 640.363334655762 410.690914154053 517.40779876709 637.303449630737 689.799955368042 790.896713256836 830.153594970703 403.020671844482 672.311408042908 822.538177490234 735.130783081055 717.536212921143 570.479377746582 163.243797302246 202.921802520752 302.383790969849 221.622665405273 -64.8892517089844 217.665367126465 478.131973266602 489.50178527832 281.78050994873 591.878036499023 461.331588745117
-9999 -9999 -9999 -9999 -9999 -9999 -9999 -9999 -9999 -9999 -9999 -9999 -9999 -9999 -9999 559.655403137207 508.320568084717 481.530974388123 428.346851348877 554.645568847656 692.622604370117 577.805564880371 662.143249511719 768.09984588623 851.751170635223 526.260974884033 525.870456695557 498.365493774414 531.670286178589 412.81131362915 459.484649658203 352.795974731445 544.662940979004 391.865516662598 643.942901611328 776.869354248047 802.505752563477 694.239614486694 609.552425384521 157.198585510254 260.62059211731 259.722723007202 208.95947265625 63.6224975585938 157.756652832031 450.945755004883 371.454483032227 396.304840087891 426.623870849609 295.873057365417
-9999 -9999 -9999 -9999 -9999 -9999 -9999 -9999 -9999 -9999 -9999 -9999 -9999 -9999 485.505912780762 465.801486968994 474.188354492188 461.832750320435 446.669525146484 342.596405029297 709.988662719727 699.664886474609 584.959636688232 782.659786224365 523.929920196533 532.083534240723 639.830093860626 501.641357421875 414.516613006592 525.06916809082 610.551921844482 373.117663383484 325.463884353638 446.794097900391 275.606544494629 745.639350891113 705.360809326172 720.01505279541 -9999 -9999 235.24649810791 337.292137145996 184.441423416138 215.695955276489 192.492221832275 502.148452758789 677.332931518555 562.293071746826 396.833770751953 356.573768615723
-9999 -9999 -9999 -9999 -9999 -9999 -9999 -9999 -9999 -9999 -9999 -9999 -9999 -9999 569.046527862549 388.090148925781 468.674507141113 318.719512939453 377.179504394531 616.108959197998 512.798491477966 686.484786987305 483.366924285889 576.246604919434 668.095962524414 469.020980834961 512.482437133789 539.125518798828 693.01469039917 622.473558425903 756.02409362793 370.680229187012 375.327125549316 357.552809715271 274.440536499023 -9999 -9999 -9999 -9999 -9999 -9999 -9999 343.654815673828 339.073516845703 334.240447998047 269.594093322754 485.403305053711 635.603103637695 326.762794494629 377.71915435791
-9999 -9999 -9999 -9999 -9999 -9999 -9999 -9999 -9999 -9999 -9999 -9999 -9999 482.899353027344 472.912590026855 442.549926757812 493.469320297241 146.997310638428 399.116748809814 577.942497253418 706.887275695801 749.760925292969 1136.60438537598 529.39835357666 704.344757080078 551.077697753906 410.538299560547 604.692838668823 781.509414672852 787.716522693634 611.176162719727 530.706016540527 552.805839538574 354.549240112305 481.282852172852 -9999 -9999 -9999 -9999 -9999 -9999 -9999 -9999 325.305976867676 186.40433883667 292.359375 347.586303710938 476.652442932129 496.882309436798 204.061347961426
-9999 -9999 -9999 -9999 -9999 -9999 -9999 -9999 -9999 -9999 -9999 -9999 -9999 617.365867614746 391.190551757812 471.711436271667 257.265724182129 203.808062553406 376.585784912109 627.078261375427 745.07447052002 513.47053527832 556.600364685059 514.247722625732 582.124736137688 635.065670013428 521.241458892822 629.783142089844 752.278961181641 1018.74046325684 509.904998779297 504.604721069336 562.07080078125 468.693092346191 -9999 -9999 -9999 -9999 -9999 -9999 -9999 -9999 -9999 -9999 426.125518798828 251.686612129211 307.683494567871 381.453460693359 489.822154998779 238.857444763184
-9999 -9999 -9999 -9999 -9999 -9999 -9999 -9999 -9999 -9999 -9999 -9999 561.199962615967 516.428863525391 348.307495117188 375.272933959961 704.279975891113 588.546125411987 605.193565368652 812.311416625977 622.806047439575 518.337303161621 672.458198547363 645.294273376465 618.61157989502 594.160171985626 682.011711120605 617.557492256165 774.154228210449 662.146713256836 581.398056030273 598.964317321777 393.995994567871 -9999 -9999 -9999 -9999 -9999 -9999 -9999 -9999 -9999 -9999 -9999 458.702163696289 428.304649353027 269.106109619141 469.276382446289 643.548965454102 670.576404571533
-9999 -9999 -9999 -9999 -9999 -9999 -9999 -9999 -9999 -9999 -9999 448.735168457031 589.340839385986 390.048065185547 411.014591217041 425.116834640503 621.458139181137 827.389839172363 656.442737579346 654.985006332397 571.832814455032 1080.01551055908 651.615608215332 506.975203514099 566.752523422241 661.144912719727 788.204223632812 696.921906471252 694.310676574707 602.422554016113 595.428916931152 561.038635253906 356.729965209961 -9999 -9999 -9999 -9999 -9999 -9999 -9999 -9999 -9999 -9999 -9999 -9999 364.046867370605 229.878639221191 304.162882804871 216.531066894531 564.009895324707
-9999 -9999 -9999 -9999 -9999 -9999 -9999 -9999 -9999 -9999 -9999 304.895263671875 350.894256591797 483.07751083374 432.135570526123 381.592397689819 401.645240783691 637.442657470703 762.643501281738 708.964752197266 464.398307800293 655.378173828125 548.247475624084 655.580139160156 587.718929767609 683.043869018555 774.293815612793 825.751968383789 708.431579589844 431.228178262711 380.319648742676 495.248950004578 -9999 -9999 -9999 -9999 -9999 -9999 -9999 -9999 -9999 -9999 -9999 -9999 -9999 552.949531555176 347.145478725433 333.000476360321 316.84997177124 376.506004333496
-9999 -9999 -9999 -9999 -9999 -9999 -9999 -9999 -9999 -9999 456.046669006348 359.083850860596 292.734222412109 422.199833869934 328.860862731934 579.657504081726 619.964920043945 726.233734130859 626.388003826141 547.343715667725 468.783870697021 653.887580871582 703.892616271973 627.355518341064 604.429830551147 689.418655395508 470.62869644165 767.107269287109 666.220291137695 454.112377166748 489.515327453613 -9999 -9999 -9999 -9999 -9999 -9999 -9999 -9999 -9999 -9999 -9999 -9999 -9999 -9999 -9999 477.752674102783 471.991111755371 254.024993896484 358.095293045044
-9999 -9999 -9999 -9999 -9999 -9999 -9999 -9999 -9999 -9999 541.961038827896 433.129484176636 284.627532958984 329.865112304688 434.039531707764 449.159118652344 687.591426849365 511.868740081787 472.835411071777 429.894912719727 431.839057922363 645.102066040039 688.247817993164 634.618202209473 567.626747131348 468.119091033936 347.897186279297 481.619049072266 322.12915802002 371.15901184082 -9999 -9999 -9999 -9999 -9999 -9999 -9999 -9999 -9999 -9999 -9999 -9999 -9999 -9999 -9999 -9999 -9999 547.715896606445 447.232624053955 368.631004333496
-9999 -9999 -9999 -9999 -9999 -9999 -9999 -9999 -9999 494.034435272217 387.134735107422 333.209213256836 248.712707519531 313.405588150024 375.787399291992 566.377822875977 511.045689348131 440.164169311523 530.420570373535 969.014122009277 401.233642578125 525.954872131348 566.867530822754 557.823341369629 257.103088378906 459.292617797852 419.413669586182 129.534400939941 128.054672241211 213.600500106812 -9999 -9999 -9999 -9999 -9999 -9999 -9999 -9999 -9999 -9999 -9999 -9999 -9999 -9999 -9999 -9999 -9999 -9999 530.07795715332 504.037590026855
-9999 -9999 -9999 -9999 -9999 -9999 -9999 -9999 591.648639678955 289.865219116211 368.48713684082 378.024612426758 509.135955810547 352.779228210449 256.471366882324 415.797172546387 443.85521697998 538.956073760986 279.705474853516 502.067855834961 566.09268951416 480.560104370117 520.402648925781 516.791641235352 509.932708740234 460.816215515137 347.702751159668 197.050811767578 195.854480743408 -9999 -9999 -9999 -9999 -9999 -9999 -9999 -9999 -9999 -9999 -9999 -9999 -9999 -9999 -9999 -9999 -9999 -9999 -9999 -9999 919.18143081665
-9999 -9999 -9999 -9999 -9999 -9999 -9999 -9999 402.715705871582 393.211101531982 282.265441894531 500.101860046387 410.514728546143 638.296394348145 535.928087234497 446.235504150391 616.798309326172 392.303733825684 681.032165527344 291.322059631348 495.867534637451 468.445503234863 583.935626983643 221.80456161499 386.784072875977 329.334190368652 150.805999755859 240.780828475952 -9999 -9999 -9999 -9999 -9999 -9999 -9999 -9999 -9999 -9999 -9999 -9999 -9999 -9999 -9999 -9999 -9999 -9999 -9999 -9999 -9999 -9999
-9999 -9999 -9999 -9999 -9999 -9999 -9999 505.707939147949 470.122844696045 358.728324890137 400.571029663086 422.109579086304 476.98998260498 539.925436973572 538.624866485596 402.72794342041 488.590759277344 589.137221217155 333.436096191406 336.439311981201 341.142879486084 673.678298950195 385.247901916504 475.240921020508 259.816963195801 269.968212127686 252.18484210968 307.119354248047 -9999 -9999 -9999 -9999 -9999 -9999 -9999 -9999 -9999 -9999 -9999 -9999 -9999 -9999 -9999 -9999 -9999 -9999 -9999 -9999 -9999 -9999
-9999 -9999 -9999 -9999 -9999 -9999 389.851783752441 420.387760162354 385.135162353516 391.921619415283 373.69694519043 390.455936431885 541.457231521606 670.074241638184 501.740406394005 438.428176879883 337.165817260742 412.364776611328 270.288368225098 341.644081115723 366.876501083374 747.932006835938 636.728881835938 317.576393127441 228.018220901489 341.004791259766 555.601287841797 -9999 -9999 -9999 -9999 -9999 -9999 -9999 -9999 -9999 -9999 -9999 -9999 -9999 -9999 -9999 -9999 -9999 -9999 -9999 -9999 -9999 -9999 -9999
-9999 -9999 -9999 -9999 519.623039245605 421.766300201416 392.120513916016 132.852130889893 156.278390884399 537.991264343262 376.253105163574 467.983741760254 600.53006362915 549.74129486084 568.918663024902 374.29508972168 507.733932495117 173.963562011719 295.696754455566 219.905151367188 414.745223999023 761.955043792725 151.628076553345 92.236198425293 50.3117733001709 312.802101135254 -9999 -9999 -9999 -9999 -9999 -9999 -9999 -9999 -9999 -9999 -9999 -9999 -9999 -9999 -9999 -9999 -9999 -9999 -9999 -9999 -9999 -9999 -9999 -9999
342.626857757568 253.661775588989 170.500328063965 503.693431854248 382.893043518066 387.508255004883 384.175254821777 503.465351104736 160.177875518799 528.119018554688 396.722442626953 554.460066795349 529.189536094666 406.897842407227 491.919910430908 557.404174804688 825.174385070801 237.349113464355 123.302322387695 347.61865234375 493.254623413086 185.8232421875 95.6107368469238 -119.94905090332 54.1780967712402 -36.6958923339844 -9999 -9999 -9999 -9999 -9999 -9999 -9999 -9999 -9999 -9999 -9999 -9999 -9999 -9999 -9999 -9999 -9999 -9999 -9999 -9999 -9999 -9999 -9999 -9999
