simdem/realisation8.asc
NCOLS 350 
NROWS 171 
XLLCORNER 152620 
YLLCORNER 418050 
CELLSIZE 100 
NODATA_value -9999 
[rows 22 to 43 of 171, columns 150 to 199 of 350]
632.216091156006 544.851371765137 653.429377555847 616.953556060791 629.529705047607 751.61767578125 610.048580408096 568.247798919678 731.441223144531 703.885929107666 774.302886962891 742.584920883179 1053.91745758057 593.63924407959 733.797889709473 638.670707702637 1002.09018707275 720.159770965576 583.698677062988 625.15406036377 541.197692871094 484.774307250977 702.552124023438 855.81746673584 760.252410888672 666.773475646973 928.859474182129 594.614273071289 608.15412902832 674.043476104736 605.088135242462 521.528141021729 536.872665405273 643.176902770996 761.688850402832 648.390884399414 681.138799667358 849.325988769531 884.504455566406 714.061889648438 667.12237739563 666.794006347656 703.402191162109 660.807399749756 596.263408660889 629.985527038574 641.430927276611 629.257388114929 809.602661132812 729.097593307495
505.754776000977 661.033267974854 527.958305358887 421.672653198242 310.958038330078 619.318704605103 601.10621881485 461.62385559082 550.845092773438 681.857303619385 868.109619140625 851.766082763672 780.342247009277 832.667106628418 634.504522323608 585.836868286133 867.976852416992 952.706970214844 767.38907623291 743.190956115723 753.536315917969 522.510848999023 667.29175567627 750.585787773132 699.926313400269 571.69612121582 958.476501464844 628.960067749023 582.883979797363 833.194229125977 493.500480651855 683.365577697754 604.264650821686 595.785381317139 753.379585266113 764.608665466309 630.872187614441 795.055694580078 843.325729370117 761.701263427734 788.526138305664 754.724838256836 654.872434854507 548.477928161621 809.365768432617 597.556419372559 674.561317443848 804.483604431152 781.804229736328 628.460910797119
553.591747283936 564.02300453186 436.345489501953 468.646377563477 470.307388305664 625.238784790039 556.734451293945 441.591567993164 701.028564453125 732.580772399902 688.780818939209 747.438385009766 1081.56279754639 904.040756225586 684.918815612793 1268.16737365723 768.307760238647 463.114013671875 563.598556518555 738.872804641724 738.105285644531 592.089553833008 746.63013458252 727.114856719971 744.864353179932 634.723449707031 593.864807128906 576.004272460938 619.667810440063 682.988147735596 616.724042892456 497.59912109375 575.158538818359 667.957999527454 670.087503433228 719.656257629395 709.527046203613 781.174957275391 674.990782976151 693.977774620056 719.913512170315 693.412004470825 660.674757003784 607.435615539551 669.44345664978 522.566543579102 693.132537841797 677.18380355835 772.196548461914 772.055892944336
498.547752380371 564.061820983887 378.504196166992 560.527759552002 495.901123046875 434.111099243164 467.838012695312 405.481170654297 612.506316184998 525.007553100586 639.006460666656 558.667007446289 1127.39729118347 633.960346221924 975.468608856201 620.542274475098 521.537506103516 963.721389770508 626.116203308105 761.002865314484 872.276168823242 928.06388092041 744.84303855896 738.129608154297 748.594367980957 626.949893951416 706.135133743286 693.534900665283 582.761325836182 380.602935791016 614.433822631836 647.504734039307 502.518417358398 565.898422241211 497.707336425781 588.382308959961 753.159942626953 629.17294716835 592.75919342041 673.249844551086 751.752025604248 613.859939575195 673.009166717529 685.960677146912 753.25043964386 725.082830429077 649.98868560791 718.513177871704 690.448121070862 947.089630126953
644.72486114502 594.780445575714 532.786769866943 671.359233856201 611.745878219604 591.666679382324 352.657440185547 369.935333251953 457.014831542969 511.187049865723 559.842231750488 528.11994934082 599.476119995117 726.985677480698 491.87678527832 619.782135009766 563.186935424805 692.152214050293 370.535217285156 547.940826416016 518.480346679688 669.554275512695 695.711200714111 764.817680358887 751.176937103271 638.741096496582 812.817558288574 661.497416496277 650.053243637085 460.076736450195 659.895973205566 606.392353057861 715.2702293396 389.01985168457 630.168919086456 654.962425231934 584.474857330322 627.095566749573 713.936519622803 642.234597206116 473.315002441406 624.999053955078 672.286988258362 650.634382247925 653.81791305542 761.588817596436 790.046974182129 719.620761871338 647.243848800659 726.201156616211
580.038372039795 557.351278305054 473.870315551758 544.854516983032 551.948680877686 520.966209411621 522.092102050781 501.686996459961 737.052291870117 654.255477905273 516.151992797852 563.384712219238 675.093887329102 659.521106719971 543.381271362305 735.462668418884 795.423541069031 591.378356933594 452.724639892578 688.609222412109 596.933334350586 546.790191650391 645.020469665527 790.397041320801 657.78316116333 785.15966796875 580.798851013184 772.947823047638 647.325247764587 472.71955871582 617.977546691895 620.495206832886 688.87073135376 476.628829956055 729.114009857178 866.174499511719 621.407541275024 658.977629253641 664.284948348999 733.577854156494 638.891040802002 727.90193939209 695.742706298828 587.667213439941 729.844310760498 702.404365539551 690.224075317383 684.475625514984 469.275497436523 564.312339782715
598.640712738037 556.225551605225 516.81086730957 606.870257377625 528.356231689453 624.66480255127 728.391052246094 467.157730102539 494.084136962891 557.043804168701 598.506301879883 1068.40418243408 777.887084007263 998.213745117188 793.05816078186 1142.75807571411 581.793395996094 929.450592041016 489.557510375977 769.813812255859 829.35693359375 633.988616943359 519.579437255859 705.44030380249 671.292379379272 654.745223999023 653.176723480225 824.453941345215 694.208946228027 631.771024703979 702.296455383301 705.770263671875 731.416664123535 646.570808410645 661.84574508667 687.068161010742 671.878509521484 662.120002746582 631.056016921997 605.377321958542 798.208547592163 1088.665184021 780.290100097656 720.730377197266 782.511260986328 814.354141235352 607.294486999512 614.415428161621 380.722106933594 452.638824462891
495.305061340332 457.719657897949 538.270652770996 645.113967895508 535.209281921387 685.009544372559 592.154678344727 535.835819244385 513.572395324707 594.610260725021 686.61322593689 972.862823486328 939.02579498291 1053.06644058228 911.00325012207 792.414463043213 636.384771347046 613.640537261963 503.080627441406 623.473181724548 938.415245056152 577.987464904785 658.260966300964 779.968055725098 537.26700592041 459.996459960938 456.52751159668 741.799076080322 670.901260375977 738.215126037598 552.574245452881 517.834823608398 519.384872436523 566.942428588867 554.33065032959 620.43248462677 688.91960144043 606.917087554932 582.075258255005 636.804938077927 769.759384155273 756.882836341858 622.506679534912 712.181205749512 615.523138046265 697.02254486084 692.829895019531 589.701427459717 489.575546264648 573.177053451538
523.840465545654 532.469767570496 510.424724578857 536.171388626099 532.341133117676 661.539108276367 561.673089504242 555.13724899292 538.716289520264 795.782539367676 853.215751647949 946.211912155151 1117.93399810791 741.651966094971 677.12255859375 467.095336914062 587.91771697998 555.447807312012 554.29884147644 787.251537322998 669.600784301758 599.70922088623 560.086814880371 557.708717346191 601.31413269043 469.407775878906 462.78205871582 446.378723144531 622.754232406616 604.065695762634 458.222076416016 340.067398071289 451.480056762695 574.402671813965 599.659811019897 611.854021072388 576.902502059937 436.58358001709 584.981239318848 400.948181152344 785.438980102539 606.298797607422 592.912698745728 588.676914215088 641.005484580994 622.471554756165 651.710773468018 727.111846923828 558.810859680176 584.999455213547
504.719753265381 480.155143737793 548.599903106689 585.813077926636 458.081970214844 441.051452636719 420.522232055664 490.287475585938 543.764907836914 750.357482910156 892.72013092041 862.992919921875 966.933540344238 649.628017425537 592.259330749512 708.14567565918 593.446204185486 553.571701049805 575.014678955078 466.112480163574 461.95565032959 422.366958618164 483.445205688477 668.568799972534 524.662864685059 407.880172729492 618.030986785889 593.355850219727 498.972236633301 478.969512939453 587.269203186035 475.619895935059 480.471733093262 631.14278793335 691.483787536621 647.358909606934 627.406875610352 598.243690490723 663.0810546875 551.140579223633 721.374794006348 755.982391357422 600.339457035065 578.775389671326 651.922374725342 505.482261657715 591.840869903564 616.230951309204 637.576290130615 636.311058044434
547.068818330765 534.554653167725 520.844268798828 692.131301879883 616.945323944092 520.645671844482 538.673202514648 492.726768493652 740.511245727539 652.703392982483 775.852127075195 739.355735778809 669.715476989746 628.995071411133 735.597763061523 692.506103515625 563.508735656738 658.643524169922 630.772422790527 570.244599819183 485.172790527344 529.484596252441 572.012626647949 491.151901245117 615.499214172363 454.038795471191 444.594772338867 479.330551147461 622.470695495605 633.176063537598 520.094408035278 467.378593444824 613.0456199646 549.543132781982 669.974006652832 710.646362304688 468.836387634277 562.577508926392 594.846549987793 667.19567489624 673.271332740784 794.729949951172 506.01831817627 473.828063964844 589.3814868927 561.707968711853 547.205148696899 681.340682983398 680.693084716797 638.157577514648
402.583099365234 433.487030029297 594.96160697937 536.803735733032 582.904161453247 644.112724304199 612.323268890381 526.649440765381 804.029602050781 652.829824924469 667.887535095215 647.393802642822 595.088439941406 571.884682655334 597.711161613464 500.339836120605 601.653347015381 757.001556396484 614.357990264893 635.564987182617 572.312392711639 497.205833435059 601.644832611084 627.773361206055 564.471868515015 462.189376831055 516.939342498779 569.674049377441 353.399749755859 522.597389221191 496.087684631348 638.028324127197 528.331092834473 537.157932281494 495.141712188721 617.028881072998 677.352127075195 592.206312179565 594.307312011719 666.985260009766 805.090515136719 715.040008544922 668.443435668945 528.114665985107 414.890716552734 541.545797348022 398.821319580078 552.678737640381 610.433090209961 523.989036560059
457.367683410645 488.435359954834 382.399841308594 533.911334991455 600.461536407471 545.066801071167 477.804138183594 529.886203765869 418.537307739258 546.653268814087 638.127338409424 623.469999313354 524.706676483154 597.08854675293 638.339447021484 535.306903839111 633.902816772461 786.248672485352 647.415184020996 548.64653301239 477.856430053711 546.870595932007 515.039447784424 638.266510009766 527.772029876709 468.66397857666 467.488922119141 530.714233398438 369.103775024414 448.576278686523 572.694904327393 579.854026794434 580.100318908691 742.748107910156 760.786514282227 543.459794998169 576.147516012192 636.146522521973 556.746541976929 573.657690048218 621.746273040771 539.874402999878 592.46265411377 443.681755065918 575.33349609375 481.319534301758 551.728300571442 593.361946105957 740.780960083008 631.978969573975
554.516190290451 457.463928222656 427.116012573242 510.265560150146 699.62939453125 647.677398681641 512.451797485352 501.709083557129 592.426496744156 521.011890411377 618.663120269775 573.198787212372 631.481552124023 760.303894042969 463.908729553223 410.63493347168 416.162498474121 497.05004119873 474.617576599121 439.397109985352 537.090105056763 589.231966018677 557.411602973938 652.043201446533 560.011481285095 529.72066116333 483.063278198242 627.632389068604 592.822830200195 610.741767883301 479.978870391846 632.63606262207 642.87467956543 700.224151611328 785.76936340332 524.9866065979 648.123231887817 461.493515014648 504.569229125977 528.555019378662 617.530937194824 554.695220947266 675.280265808105 655.284069061279 842.350799560547 411.161407470703 490.747032165527 523.806934356689 524.79793548584 522.344261169434
548.552168518305 525.955791473389 545.846904754639 690.899368286133 536.052562236786 524.9173412323 416.309204101562 459.063529968262 551.157197952271 594.904166221619 686.855438232422 522.957225799561 459.873374938965 614.094604492188 536.614265441895 613.27010345459 539.48118686676 493.999687194824 489.423709869385 516.993183135986 545.474220275879 421.192436218262 612.409566879272 530.258434295654 536.500358581543 520.499320983887 514.564434051514 607.157211303711 693.216682434082 669.903526306152 616.954090118408 673.355785369873 667.501647949219 583.597530841827 639.761219024658 628.178337097168 486.6702003479 579.702224731445 639.232858657837 555.378925800323 619.577995300293 535.964296340942 469.601333618164 381.689880371094 996.057109832764 403.322494506836 593.866439819336 565.114071846008 618.39334487915 591.874605178833
576.321561813354 541.604600906372 614.946258544922 615.930252075195 632.197608947754 472.453720092773 484.650825500488 528.443351745605 478.865615844727 611.829030036926 686.753646850586 643.92733001709 594.991485595703 598.070983886719 615.667297363281 588.878921508789 573.009273529053 424.75528717041 428.789512634277 600.104400634766 507.68384552002 376.601058959961 403.569816589355 510.508485794067 586.79118347168 433.901878356934 534.506973266602 627.216468811035 941.349231719971 566.326726913452 685.175346374512 543.856834411621 754.308929443359 590.11346244812 483.933834075928 547.468988895416 533.765149116516 598.276073455811 544.032170295715 488.956390380859 509.388202667236 561.12663269043 530.680477142334 514.392055511475 477.44938659668 504.953159332275 550.521347045898 661.789329528809 637.668258666992 704.097915649414
778.854782104492 601.898603439331 628.254205703735 533.765689849854 442.614990234375 458.802230834961 499.799194335938 496.548080444336 585.344245910645 620.984069824219 701.310562133789 567.329511642456 554.837075233459 602.106992721558 522.580749511719 581.684226989746 685.500350952148 439.379699707031 473.825099945068 598.168197631836 670.772872924805 537.705765724182 593.779457092285 480.027492523193 473.686325073242 432.826377868652 571.987014770508 695.729202270508 776.583364486694 522.358192443848 567.584778785706 515.251004695892 544.490642547607 578.391174316406 449.863655090332 464.507347106934 395.820388793945 536.486788272858 545.795147895813 426.692451477051 462.295608520508 457.922592163086 601.798164367676 600.746158599854 601.505512237549 663.992286682129 651.05394744873 653.279563903809 510.264923095703 590.410491943359
651.532612800598 618.429946899414 574.513043165207 593.32130241394 548.499908447266 427.832183837891 453.94075012207 515.97819519043 620.12243270874 498.974109649658 561.469466209412 557.874094009399 559.752398863435 567.30200278759 580.817680358887 498.156700134277 391.965087890625 340.379959106445 344.373931884766 528.554399490356 695.731826782227 553.865127563477 577.639423370361 470.829200744629 453.825485229492 504.294639587402 695.745529174805 567.887340545654 864.860176086426 882.078048706055 451.094543457031 589.685131072998 533.871250152588 564.244007110596 513.034496307373 450.261268615723 473.127311706543 467.948173522949 556.466344833374 588.421253204346 634.00480222702 624.609817504883 726.499084472656 669.640228271484 584.980712890625 620.518829345703 532.243088722229 449.610893249512 423.103874206543 636.378562927246
590.129698753357 551.545832633972 625.957946777344 540.163217544556 657.330009460449 398.648612976074 463.020454406738 523.495193481445 569.699783325195 564.331398010254 517.735652923584 521.107727050781 607.28596496582 649.687347412109 501.735994338989 507.394584655762 502.945877075195 504.32201385498 428.8671875 421.32986831665 621.260231018066 546.726312637329 612.930038452148 617.789443969727 466.305183410645 464.308219909668 522.65943145752 710.758905410767 575.923782348633 489.068927764893 523.780630111694 523.170913696289 630.705841064453 585.88073348999 567.175807952881 540.135273694992 614.96028137207 556.702827453613 515.673828125 537.875483512878 623.505073547363 640.288269042969 520.21200466156 586.487167358398 478.91276550293 485.134895324707 474.907810211182 473.252716064453 555.223061561584 631.589347839355
517.542449951172 488.665233612061 478.726409912109 367.99853515625 470.468040466309 535.34935092926 337.353851318359 466.636123657227 542.443820953369 574.329181671143 490.762596130371 456.111114501953 622.841117858887 484.434554100037 498.161254405975 530.890145301819 494.661869049072 439.716491699219 440.919570922852 553.96879196167 673.07942199707 418.434242248535 450.750671386719 543.134531497955 475.311344146729 631.068077087402 611.344451904297 692.16512298584 721.61597442627 567.202136993408 575.551624298096 749.063919067383 717.48908996582 694.714645385742 497.230987548828 321.940444946289 585.202930450439 576.086292266846 427.28547668457 509.978332519531 617.217247009277 511.404075622559 532.644026517868 685.981323242188 459.003662109375 505.344163894653 424.109214782715 448.526763916016 592.168121337891 631.205238342285
608.22770690918 518.582429885864 533.452682495117 443.584365844727 409.433784484863 319.216369628906 514.856328964233 427.146728515625 516.620456695557 598.581309318542 612.93890953064 407.957595825195 465.473588943481 497.197529166937 579.682062149048 598.081962585449 605.577423095703 531.412258148193 641.521659851074 625.263023376465 699.706756591797 586.19323348999 455.425895690918 396.318939208984 522.971286773682 720.208419799805 548.182121753693 526.769638061523 688.72917175293 754.786455154419 612.923164367676 679.753807067871 570.161556243896 583.993385314941 482.745723724365 410.074295043945 494.182521820068 601.971733093262 464.168151855469 361.231887817383 589.075756072998 415.411231994629 343.698654174805 623.915756225586 460.190093994141 496.588966369629 486.458602905273 616.443092346191 427.660263061523 598.798885345459
497.9715051651 457.652687072754 455.025909423828 533.690932273865 415.349624633789 394.389495849609 468.06819152832 436.49291229248 529.662675857544 545.23669052124 544.72572517395 509.061466217041 383.898818969727 548.971022605896 531.169960021973 537.479643821716 570.812211990356 579.422019958496 609.437393188477 560.813793182373 578.876586914062 639.030227661133 522.934400558472 569.244361400604 603.647609710693 700.68049621582 584.713807106018 598.666862487793 620.181272506714 616.068349838257 705.478065490723 766.016319274902 742.516693115234 536.513415336609 431.912170410156 554.989414215088 564.587175369263 516.473159790039 523.890956878662 510.397796630859 485.410522460938 500.602561950684 735.675521850586 562.079132080078 522.214782714844 564.97435760498 597.363448143005 630.626218318939 515.772270202637 543.141666412354
