simdem/realisation71.asc
NCOLS 350 
NROWS 171 
XLLCORNER 152620 
YLLCORNER 418050 
CELLSIZE 100 
NODATA_value -9999 
[rows 88 to 109 of 171, columns 0 to 49 of 350]
-9999 -9999 -9999 -9999 -9999 -9999 -9999 -9999 -9999 -9999 -9999 -9999 -9999 -9999 -9999 -9999 -9999 422.923612594604 279.210289001465 289.181306838989 164.709213256836 319.612396240234 495.732830047607 495.081390380859 525.758605957031 700.307823181152 451.103271484375 288.859703063965 725.355632781982 442.806453704834 284.522766113281 471.375038146973 739.664489746094 561.633148193359 680.503402709961 483.472835540771 461.075860023499 741.049302101135 615.920448303223 727.915142059326 809.455490112305 691.362478256226 240.546298980713 338.628936767578 310.914791107178 291.841491699219 421.680892944336 423.210914611816 398.833724975586 353.892475128174
-9999 -9999 -9999 -9999 -9999 -9999 -9999 -9999 -9999 -9999 -9999 -9999 -9999 -9999 -9999 -9999 -9999 378.216384887695 271.283081054688 399.844329833984 328.590536117554 301.053588867188 435.181844472885 454.003692626953 551.138679504395 749.987266540527 531.71443939209 1128.32922363281 642.823307037354 680.127456665039 369.857195854187 661.226715087891 382.788932800293 512.714378356934 678.08438873291 624.342500686646 638.370830535889 670.473617076874 618.405323028564 703.362224578857 710.925329208374 590.749290466309 549.92004776001 341.194256782532 510.442321777344 407.471015930176 508.83561706543 547.959603309631 360.261005401611 333.398422241211
-9999 -9999 -9999 -9999 -9999 -9999 -9999 -9999 -9999 -9999 -9999 -9999 -9999 -9999 -9999 -9999 454.668991088867 539.827533721924 340.234330654144 399.556770324707 589.832969665527 601.995697021484 716.900588989258 421.046661376953 511.866111755371 545.11240196228 549.871396303177 495.320929288864 377.320999145508 336.915121078491 408.656000137329 620.811489105225 383.67086315155 766.631164550781 730.068252563477 659.767906188965 687.835845947266 539.43116569519 499.093593597412 585.180997848511 340.465081214905 415.807789802551 575.633773803711 427.511901855469 484.041938781738 454.057506561279 434.953313827515 317.147472381592 479.478149414062 401.476699829102
-9999 -9999 -9999 -9999 -9999 -9999 -9999 -9999 -9999 -9999 -9999 -9999 -9999 -9999 -9999 -9999 466.012603759766 502.739667892456 475.780324935913 542.508143424988 475.404056549072 702.995986938477 504.497591018677 482.986666440964 543.12162399292 411.058708190918 546.119277954102 560.45051574707 445.675811767578 319.730995178223 636.665565490723 522.863025665283 491.490488052368 592.332534790039 790.254331588745 640.104843139648 667.392580032349 565.827163696289 526.775518417358 206.061532974243 204.300958633423 295.306364059448 236.106414794922 112.072738647461 379.260818481445 154.446746826172 339.726913452148 428.898544311523 408.76220703125 384.520904541016
-9999 -9999 -9999 -9999 -9999 -9999 -9999 -9999 -9999 -9999 -9999 -9999 -9999 -9999 -9999 548.228443145752 447.299835205078 404.641006469727 492.410915374756 674.66780090332 624.983931779861 554.552220344543 435.929679870605 801.661422729492 572.648574829102 760.306114196777 625.251457214355 344.245826721191 419.670150756836 627.308929443359 725.569067001343 741.875284194946 919.677795410156 456.570335388184 602.900398254395 621.242015838623 513.431198120117 583.87621307373 606.994834899902 336.892120361328 179.795722961426 119.728302001953 260.147228240967 46.7836532592773 170.163375854492 223.544929504395 334.424133300781 397.79084777832 467.438972473145 314.05714225769
-9999 -9999 -9999 -9999 -9999 -9999 -9999 -9999 -9999 -9999 -9999 -9999 -9999 -9999 -9999 480.808609008789 481.937106609344 380.447692871094 365.588668823242 544.724143981934 601.150066375732 478.54786491394 780.489486694336 724.794816017151 935.343719482422 614.423469543457 560.497665286064 405.777856826782 495.152076721191 435.891914367676 362.537166595459 557.288551330566 536.372894287109 352.809739112854 581.835945129395 619.679378509521 537.881088256836 608.194694519043 685.178928375244 257.009397506714 238.432693481445 229.111507415771 223.235126495361 169.182413101196 256.906368255615 308.329303741455 304.366298675537 358.954391479492 362.678688049316 438.422164916992
-9999 -9999 -9999 -9999 -9999 -9999 -9999 -9999 -9999 -9999 -9999 -9999 -9999 -9999 637.726509094238 481.291809082031 440.012817382812 470.378342628479 456.211955070496 335.48477935791 472.542068481445 561.002450942993 629.491821289062 799.586826324463 608.9697265625 467.283393859863 589.939556121826 307.617385864258 352.889179229736 367.05225944519 519.326290130615 345.669107437134 393.117275238037 385.691677093506 216.444290161133 708.472885131836 560.302764892578 719.459140777588 -9999 -9999 467.058181762695 325.37548828125 270.626930236816 334.505798339844 450.390441894531 501.181777954102 617.69921875 524.011287689209 505.525894165039 254.301212310791
-9999 -9999 -9999 -9999 -9999 -9999 -9999 -9999 -9999 -9999 -9999 -9999 -9999 -9999 724.526557922363 612.183570861816 416.198150634766 349.189552307129 301.616317749023 537.268493652344 571.159729003906 816.686584472656 539.668464660645 680.658508300781 482.435470581055 611.823216438293 857.633758544922 660.362894773483 699.92533493042 632.433162689209 645.625537872314 153.101516723633 154.509635925293 309.301406860352 262.822677612305 -9999 -9999 -9999 -9999 -9999 -9999 -9999 476.923583984375 335.746322631836 363.370819091797 380.315307617188 468.138244628906 639.771221160889 286.804374694824 209.938011169434
-9999 -9999 -9999 -9999 -9999 -9999 -9999 -9999 -9999 -9999 -9999 -9999 -9999 742.453277587891 442.174247741699 466.836589813232 385.067672729492 54.4397277832031 373.507848739624 471.530329704285 694.364784240723 749.775314331055 1004.57000648975 555.658987045288 685.941635131836 563.803424835205 653.570068359375 563.80387878418 661.923187255859 664.475799560547 453.778190612793 419.251099586487 407.632135391235 145.676422119141 239.767845153809 -9999 -9999 -9999 -9999 -9999 -9999 -9999 -9999 204.668230056763 150.479415893555 263.115516662598 185.181770324707 334.764984130859 528.625423431396 161.146217346191
-9999 -9999 -9999 -9999 -9999 -9999 -9999 -9999 -9999 -9999 -9999 -9999 -9999 557.238086700439 339.304382324219 375.394844055176 89.8700942993164 75.0832824707031 218.937301635742 737.438011169434 685.192363739014 503.644729614258 561.250541687012 660.632865905762 713.256362915039 625.831802368164 554.494306564331 435.751815795898 497.87052154541 778.616185665131 471.703350067139 423.309069633484 514.73705291748 347.669128417969 -9999 -9999 -9999 -9999 -9999 -9999 -9999 -9999 -9999 -9999 219.917942047119 258.271619796753 228.765472412109 99.7967071533203 364.607734680176 112.486526489258
-9999 -9999 -9999 -9999 -9999 -9999 -9999 -9999 -9999 -9999 -9999 -9999 503.700284957886 442.873054504395 464.941269874573 374.956428527832 590.158622741699 511.394672393799 667.886640071869 803.011344909668 625.781045913696 309.127891540527 617.327835083008 524.570220947266 589.195123672485 603.964760303497 550.602947235107 548.090930938721 710.551856517792 719.938125610352 507.93165397644 541.755710601807 477.010906219482 -9999 -9999 -9999 -9999 -9999 -9999 -9999 -9999 -9999 -9999 -9999 560.609985351562 374.898677825928 294.473763465881 334.524694442749 269.042602539062 445.052734375
-9999 -9999 -9999 -9999 -9999 -9999 -9999 -9999 -9999 -9999 -9999 478.56423664093 346.811599731445 327.737953186035 259.955429077148 272.968109130859 590.177034378052 795.179893493652 795.316925048828 662.909173965454 534.95719909668 1098.50964355469 545.855513572693 487.100225448608 435.629791259766 555.761470794678 539.721855163574 658.129539489746 639.3512840271 642.144775390625 576.404685974121 452.944190979004 620.050903320312 -9999 -9999 -9999 -9999 -9999 -9999 -9999 -9999 -9999 -9999 -9999 -9999 272.745941162109 310.987253189087 300.371109962463 282.097913742065 683.307109832764
-9999 -9999 -9999 -9999 -9999 -9999 -9999 -9999 -9999 -9999 -9999 526.233795166016 352.763298034668 169.639221191406 111.481109619141 213.686279296875 434.983596801758 764.452430725098 756.19010925293 714.019622802734 465.069122314453 510.330993652344 397.72624206543 425.348831176758 623.510898590088 569.333267211914 656.31233215332 598.497249603271 657.687744140625 556.075889587402 522.179702758789 677.505584716797 -9999 -9999 -9999 -9999 -9999 -9999 -9999 -9999 -9999 -9999 -9999 -9999 -9999 301.237701416016 395.861869812012 186.586273193359 383.992995262146 517.555965423584
-9999 -9999 -9999 -9999 -9999 -9999 -9999 -9999 -9999 -9999 534.95562505722 374.212604999542 325.396591186523 226.038970947266 242.820037841797 375.647003173828 567.888931274414 681.481214523315 616.110819816589 549.931648254395 571.934501647949 541.233745574951 439.011428833008 531.144195556641 574.879661560059 636.562942504883 575.41975402832 511.278484344482 521.800956726074 538.353218078613 359.337440490723 -9999 -9999 -9999 -9999 -9999 -9999 -9999 -9999 -9999 -9999 -9999 -9999 -9999 -9999 -9999 739.844955444336 388.627326965332 385.695705413818 439.352752685547
-9999 -9999 -9999 -9999 -9999 -9999 -9999 -9999 -9999 -9999 450.520881652832 229.223754882812 267.50146484375 270.796661376953 364.936012268066 434.255279541016 509.850524902344 488.209453582764 606.773487091064 650.170623779297 732.751937866211 528.687348753214 506.48747253418 522.830253601074 471.133911132812 457.107097625732 552.520576477051 357.296684265137 216.526020050049 213.341480731964 -9999 -9999 -9999 -9999 -9999 -9999 -9999 -9999 -9999 -9999 -9999 -9999 -9999 -9999 -9999 -9999 -9999 554.492050170898 369.592361450195 271.996290206909
-9999 -9999 -9999 -9999 -9999 -9999 -9999 -9999 -9999 446.583648681641 346.37353515625 321.491737365723 320.451320648193 304.983539581299 377.863201141357 451.791229248047 419.579528808594 469.260360717773 573.566249847412 1123.86999511719 613.171592712402 487.055870056152 508.308433532715 540.255065917969 438.767753601074 470.268646240234 406.446239471436 281.861721038818 282.278678894043 151.218772888184 -9999 -9999 -9999 -9999 -9999 -9999 -9999 -9999 -9999 -9999 -9999 -9999 -9999 -9999 -9999 -9999 -9999 -9999 360.705364227295 434.939018249512
-9999 -9999 -9999 -9999 -9999 -9999 -9999 -9999 581.665332794189 366.970359802246 271.995315551758 350.554145812988 337.131050109863 -0.750900268554688 239.008827209473 514.619379043579 445.971504211426 526.406505584717 356.997299194336 573.512731552124 679.649116516113 627.388397216797 637.41873550415 356.461452484131 303.284278869629 375.893836975098 170.310539245605 277.774074554443 158.582492828369 -9999 -9999 -9999 -9999 -9999 -9999 -9999 -9999 -9999 -9999 -9999 -9999 -9999 -9999 -9999 -9999 -9999 -9999 -9999 -9999 805.766212463379
-9999 -9999 -9999 -9999 -9999 -9999 -9999 -9999 447.579277992249 490.012145996094 357.239418029785 494.585453033447 384.61255645752 457.645980834961 360.624862670898 394.654350280762 478.834980010986 371.166244506836 925.923690795898 481.032432556152 694.194396972656 672.666229248047 686.747959136963 185.704582214355 275.340835571289 129.421592712402 104.951965332031 199.782638549805 -9999 -9999 -9999 -9999 -9999 -9999 -9999 -9999 -9999 -9999 -9999 -9999 -9999 -9999 -9999 -9999 -9999 -9999 -9999 -9999 -9999 -9999
-9999 -9999 -9999 -9999 -9999 -9999 -9999 458.160568237305 517.903778076172 584.901473999023 478.044278621674 393.823619842529 340.236404418945 553.154037475586 426.266639709473 403.297996520996 506.659687042236 491.727645874023 429.927486419678 173.68424987793 374.201375961304 616.689323425293 363.138954162598 296.374141693115 88.703857421875 326.432495117188 149.173385620117 340.714942932129 -9999 -9999 -9999 -9999 -9999 -9999 -9999 -9999 -9999 -9999 -9999 -9999 -9999 -9999 -9999 -9999 -9999 -9999 -9999 -9999 -9999 -9999
-9999 -9999 -9999 -9999 -9999 -9999 396.646595001221 230.453689575195 301.892501831055 404.265445709229 326.686981201172 452.243011474609 501.325489044189 423.58122253418 420.664176940918 498.341915130615 306.334716796875 515.250854492188 345.029655456543 293.08975982666 259.10107421875 564.467425346375 390.742721557617 188.360305786133 147.137580871582 162.582237243652 148.493698120117 -9999 -9999 -9999 -9999 -9999 -9999 -9999 -9999 -9999 -9999 -9999 -9999 -9999 -9999 -9999 -9999 -9999 -9999 -9999 -9999 -9999 -9999 -9999
-9999 -9999 -9999 -9999 517.453773498535 458.362606048584 434.800071716309 8.47883605957031 120.57506942749 334.560638427734 481.656277656555 631.846607208252 491.690216064453 536.477596282959 288.750183105469 412.065620422363 524.941688537598 293.322776794434 339.998680114746 526.976705551147 537.008589267731 673.129024505615 62.3462066650391 78.2364044189453 -49.8085174560547 129.478225708008 -9999 -9999 -9999 -9999 -9999 -9999 -9999 -9999 -9999 -9999 -9999 -9999 -9999 -9999 -9999 -9999 -9999 -9999 -9999 -9999 -9999 -9999 -9999 -9999
247.812274932861 215.576866149902 68.3717956542969 329.535446166992 657.582138061523 552.671295166016 378.047019958496 396.972312927246 165.001030921936 654.199829101562 797.79948425293 658.105842590332 667.889526367188 440.516983032227 493.001880645752 727.642166137695 794.18384552002 209.005172729492 395.670066833496 600.456546783447 620.499954223633 322.081924438477 111.397026062012 134.881664276123 25.5830574035645 -42.9851379394531 -9999 -9999 -9999 -9999 -9999 -9999 -9999 -9999 -9999 -9999 -9999 -9999 -9999 -9999 -9999 -9999 -9999 -9999 -9999 -9999 -9999 -9999 -9999 -9999
