simdem/realisation67.asc
NCOLS 350 
NROWS 171 
XLLCORNER 152620 
YLLCORNER 418050 
CELLSIZE 100 
NODATA_value -9999 
[rows 44 to 65 of 171, columns 200 to 249 of 350]
871.003692626953 771.303886413574 607.085266113281 557.153634548187 516.060333251953 479.922912597656 528.622756958008 666.944801330566 704.013303756714 750.414697647095 684.958988189697 737.853256225586 703.346988677979 605.93798828125 467.593627929688 488.749687194824 492.357818603516 501.815643310547 675.21703338623 802.792022705078 609.966552734375 592.96860408783 528.566009521484 688.814056396484 470.871841430664 516.440711975098 547.364238739014 738.870132446289 540.350769042969 560.629409790039 664.380218505859 650.801317214966 1196.15585136414 745.401931762695 793.207656860352 744.656158447266 624.322635650635 640.894065856934 593.118103027344 532.549850463867 601.737953186035 611.118339538574 622.1188621521 708.079612731934 714.219922065735 541.460739135742 755.53205871582 765.1630859375 786.768020629883 673.533222198486
1128.18923950195 1582.32009124756 1144.7830581665 951.569427490234 757.376167297363 929.038948059082 699.518142700195 790.774299621582 765.550457000732 727.988849639893 832.926277160645 714.149561882019 659.024967193604 900.696395874023 636.934730529785 717.107498168945 763.521474838257 540.744606018066 638.440895080566 574.735040664673 635.648902893066 678.174133300781 630.121967315674 674.339935302734 663.424015045166 612.355774879456 685.65482711792 573.778450012207 625.732815742493 470.730026245117 568.524215698242 586.223937988281 750.987747192383 628.921562194824 471.943923950195 806.597183227539 781.431758880615 585.071731567383 554.605583190918 683.983526229858 785.503898620605 689.289185523987 742.815586090088 705.58572769165 610.582221984863 685.810961723328 839.958862304688 772.482223510742 756.204669952393 729.981897354126
636.398025035858 981.02766418457 1478.74266433716 1258.03326416016 630.987205505371 632.376892089844 711.885182380676 673.631629943848 573.430328369141 589.531604766846 472.569839477539 580.456290245056 649.222721815109 753.82250213623 790.267360687256 690.766387939453 1486.09288787842 768.717393875122 550.502910614014 619.394895553589 717.360145568848 661.025207519531 581.088474273682 538.727981567383 652.535732269287 692.62329864502 744.320121765137 574.769262313843 521.950302124023 661.471307754517 685.845790863037 738.832077026367 692.978885650635 669.374439239502 722.002395629883 758.285217285156 717.457832336426 574.400375366211 544.614654541016 814.003067016602 727.257659912109 589.208099365234 663.447697937489 726.270923614502 670.406141281128 719.547077178955 707.66063117981 618.551239013672 699.776592254639 715.681713104248
567.805338859558 574.424175262451 909.963474273682 1438.5732421875 731.219329833984 479.228546142578 784.102903366089 594.14729309082 548.10913848877 530.059055328369 492.825412750244 640.695175170898 568.285791397095 643.776931762695 741.151966094971 1014.93120193481 1053.82501220703 1900.7049407959 1319.06246948242 646.657531738281 516.152053833008 618.534196853638 515.669219970703 404.274795532227 566.685394287109 559.197406768799 651.599761009216 665.304092407227 680.723678588867 631.576606273651 772.775260925293 853.593887329102 769.089508056641 691.135578155518 515.234710693359 715.166118621826 651.019214630127 704.405933380127 661.297533035278 861.937225341797 853.518310546875 784.694229125977 726.316787719727 818.338790893555 746.318283081055 658.29100227356 685.533304452896 597.107604980469 802.166610717773 791.189056396484
474.059585571289 573.025984287262 771.45023727417 783.96703338623 661.394630432129 719.743198394775 693.617202758789 762.696857452393 616.37134552002 381.929122924805 474.088577270508 524.746395111084 537.185344696045 554.861169815063 623.289484024048 635.093002319336 957.939987182617 1388.09075164795 1263.37265777588 940.833513259888 686.210283502936 553.460304260254 554.46891784668 680.346660614014 683.737201690674 670.116298675537 815.783477783203 672.150630950928 705.461971282959 674.214859008789 757.77961730957 732.950798034668 592.485420227051 677.921347618103 548.058570861816 625.149406433105 708.058731079102 736.682636260986 625.841548919678 751.480514526367 813.501174926758 896.722267150879 685.66335773468 721.426567077637 709.07931137085 564.939025878906 594.384994506836 733.82472038269 764.012828826904 771.825731754303
528.414962768555 684.162246704102 637.553436279297 667.165832519531 652.230316162109 677.572776794434 654.423397064209 791.274597167969 629.306137084961 421.764205932617 587.224129676819 633.37516784668 536.080062866211 484.045631408691 568.027164459229 643.053176879883 742.034820556641 1224.81052112579 1847.41258239746 1452.7935333252 809.361618041992 657.201995849609 479.112197875977 552.822418212891 662.49267578125 696.421272277832 636.798204421997 661.525772094727 650.385119915009 596.066390991211 543.220985412598 711.97110748291 646.394275665283 605.100200653076 638.121795415878 649.053022384644 630.578880310059 655.837475776672 648.559953689575 569.684524536133 768.938018798828 847.86897277832 645.42039847374 1187.45536804199 1080.9227142334 1090.46157836914 859.213447570801 794.277458190918 787.006606817245 630.447578430176
622.61248588562 388.944000244141 527.545120239258 601.916538238525 438.728324890137 491.667327880859 778.574111938477 538.651485443115 628.266899108887 596.755844116211 598.675601959229 674.431907653809 415.283378601074 506.964046478271 510.468173980713 545.526718139648 734.092533111572 1155.9893951416 1467.55040740967 1645.11399841309 864.412666320801 798.10062789917 632.445323944092 544.440544128418 584.222705841064 632.152055740356 692.676856994629 767.188674926758 582.609329223633 665.611999511719 612.440097808838 689.276512145996 589.226150512695 550.629409790039 716.977701187134 575.877532958984 699.38653755188 672.490413427353 737.321407318115 669.158559799194 684.958717346191 647.543218612671 633.937873840332 683.200523614883 1110.58204078674 1362.5040512085 937.099884033203 748.465768814087 529.127105712891 703.185287475586
517.475700378418 620.373641967773 550.878868103027 582.67350769043 699.537574768066 591.091493606567 683.759386062622 654.019260406494 627.189245223999 710.466045379639 813.752624511719 646.437313079834 476.183776855469 395.270080566406 505.178253173828 342.310546875 653.708473205566 823.37922668457 1276.52291870117 1369.16711330414 1312.50512695312 644.012748718262 607.846765518188 589.815504074097 448.164215087891 547.232765197754 601.509606838226 635.258653640747 628.674179077148 585.862022399902 626.093214035034 735.152610778809 704.602272033691 632.009120941162 572.660575866699 512.258346557617 448.907211303711 519.486122131348 679.129690170288 669.424667358398 533.04573059082 661.300703048706 638.565204620361 514.347930908203 916.787216186523 673.07462310791 977.384426116943 1268.77610778809 600.059112548828 721.543228149414
536.68578338623 541.587802886963 572.866058349609 723.256683349609 668.620862960815 787.840850830078 831.511833190918 720.298500061035 698.251098632812 695.580341339111 699.95308303833 666.729858398438 498.436653137207 429.611862182617 539.517915725708 535.998844146729 360.884307861328 733.038963317871 1008.77245807648 1691.75848388672 1952.07997131348 1227.39682006836 606.599281311035 535.265129089355 578.694622039795 544.305896759033 622.92599773407 666.443874359131 578.009298324585 493.150161743164 551.171432495117 697.71208190918 642.640299797058 593.602573394775 564.779762268066 758.170532226562 622.081371307373 576.928291320801 684.368980407715 545.20344543457 521.886764526367 661.423522949219 558.065605163574 635.486320495605 714.856624603271 699.537200927734 853.390495300293 492.410690307617 840.200439453125 873.742492675781
592.881006240845 525.919288635254 635.29679107666 637.702583312988 593.294125556946 487.497467041016 681.713449954987 747.224708557129 424.730880737305 646.196395874023 650.349658966064 617.114782333374 539.045425415039 602.549411773682 517.99356842041 658.458908081055 666.688148498535 757.450630187988 825.661613464355 1154.10523986816 1394.4112701416 1263.58609008789 1558.64144515991 880.731391906738 708.974214076996 578.699920654297 605.952719569206 709.561462402344 686.044799804688 724.244171142578 633.085115432739 648.71950340271 487.937255859375 464.932388305664 456.127243041992 593.145021438599 597.80290222168 668.795749664307 615.520046234131 586.542182922363 466.126205444336 530.13843536377 590.443672180176 608.978393554688 610.602676391602 691.134048461914 429.117401123047 828.535057067871 861.312622070312 381.104766845703
613.394609451294 641.542720794678 656.738698959351 744.096572875977 622.236988067627 631.853066444397 576.222159266472 605.243522644043 618.451606750488 728.016283512115 547.390148162842 644.856662750244 721.238922119141 638.430791854858 622.34308052063 607.029083013535 597.228252410889 651.12296295166 798.480575561523 776.667229652405 976.634582519531 1147.4416885376 1630.98441314697 952.705600738525 988.340866088867 544.047103881836 588.345640182495 739.800537109375 813.437683105469 744.010330200195 604.297873497009 522.024520874023 537.460494995117 611.990577697754 675.344436645508 738.075950622559 569.154220581055 726.881984710693 657.022918701172 610.682472229004 601.155006408691 538.125785827637 552.721298217773 600.726795196533 640.861099243164 737.748569488525 486.396514892578 661.021507263184 635.049367904663 596.94864654541
594.754957199097 650.821716308594 606.207903862 677.279197692871 616.505437850952 583.511733531952 567.651615142822 610.655815124512 743.236949920654 727.005530357361 690.299048423767 728.844680786133 620.490200042725 551.920558929443 611.616891384125 620.250911712646 674.546028137207 561.409568786621 558.49324798584 601.29655456543 630.121887207031 866.768829345703 1093.5753288269 1437.09397506714 987.716514587402 693.951717376709 562.801551818848 646.338317871094 722.268539428711 765.714691162109 529.252841949463 553.105079650879 599.902843475342 581.780570983887 651.744146347046 630.819317817688 627.910163879395 627.419149398804 678.030235290527 545.375869750977 639.401830792427 719.742668151855 740.788261413574 629.992256164551 600.590957641602 629.323244094849 744.913619995117 726.568901062012 577.903755187988 593.105339050293
764.384475708008 590.098712921143 620.867036819458 658.560214996338 581.494773864746 553.62232208252 598.897083282471 566.899917602539 587.387939453125 732.447532653809 711.141174316406 804.42520904541 721.748069763184 669.28649520874 695.674634218216 659.427326202393 770.617847561836 788.783489227295 711.258804321289 678.981246948242 763.756774902344 832.196159362793 1146.02341842651 1004.71084785461 972.065536499023 843.695266723633 629.917889595032 603.224802017212 521.671249389648 563.909008026123 552.480812072754 543.770698547363 598.656253814697 713.297889709473 501.648414611816 677.179019927979 543.016174316406 673.247913360596 699.045272827148 701.313636779785 684.613018035889 707.901077270508 675.356670379639 740.872468948364 479.153091430664 602.38899230957 702.449478149414 637.171796798706 656.510841369629 681.02422618866
627.842441558838 576.439834594727 576.450500488281 512.553100585938 562.738891601562 533.511444091797 477.475929260254 684.228340148926 673.417390823364 700.508428573608 821.443382263184 705.12621307373 665.958656311035 655.874402523041 642.126335144043 599.045272827148 762.615577697754 803.317169189453 776.030956268311 843.791693687439 824.497253417969 841.71781873703 903.926555156708 931.025783538818 800.293878555298 615.519012928009 604.523459434509 608.020544409752 531.266059875488 514.366989135742 499.969161987305 557.871307373047 593.551475524902 625.554239749908 650.375127792358 589.331745147705 714.708152770996 597.593927383423 609.951847076416 810.196517944336 470.457260131836 537.567306518555 748.351898193359 653.938252449036 671.16036605835 607.584312438965 772.199417114258 657.938587188721 643.881042480469 499.031204223633
451.784332275391 470.788192749023 625.076259613037 675.478141784668 661.87624528259 708.203735351562 703.31770324707 594.739101409912 777.306465148926 810.344528198242 647.219764709473 694.272747039795 772.84850692749 836.470100402832 640.351167678833 797.483222961426 733.525724053383 744.462966918945 798.826118469238 825.723508834839 803.23620223999 912.531600952148 976.432197570801 901.085861206055 691.955070495605 560.439384460449 589.110269546509 633.775239944458 519.787086486816 535.408802032471 427.706604003906 853.31657409668 544.547653198242 507.620162963867 583.60884475708 494.276702880859 616.085419654846 623.794701576233 678.226161956787 631.857112407684 585.752325057983 748.095573425293 705.467028141022 682.474407196045 571.288429260254 664.187601089478 736.692672729492 560.507530212402 612.663372039795 661.683109283447
577.621231079102 531.964050292969 569.32458114624 587.021007537842 553.132453918457 702.028186798096 533.850151062012 616.798898696899 588.684844970703 716.944370269775 632.491325378418 820.180046081543 597.111305236816 396.967071533203 646.846050262451 655.910013198853 726.775726318359 767.36909866333 702.249519348145 868.511417388916 856.981014251709 872.202331542969 927.699523925781 739.784690856934 509.017692565918 666.579452514648 699.375556945801 671.215255737305 558.738391876221 424.94856262207 687.2841796875 627.332473754883 627.738632202148 725.984748840332 573.354194641113 541.667663574219 585.204906463623 568.877624511719 492.942993164062 476.013519287109 603.906755447388 737.95081448555 742.106323242188 618.169256687164 479.016387939453 521.707626342773 574.062789916992 601.448844909668 611.163372039795 696.764799118042
609.079685211182 513.455940246582 675.715564727783 698.034183502197 624.201084136963 597.156558990479 712.427169799805 561.143157958984 543.868705749512 635.835382461548 634.365398406982 680.230918884277 645.247253417969 562.693901062012 523.234283447266 591.992813110352 716.230894088745 634.907127380371 769.716613769531 935.620239257812 868.497535705566 766.884628295898 592.623760223389 650.540056228638 565.945457458496 545.898498535156 583.884049892426 571.453899383545 476.399490356445 664.175170898438 725.451919555664 439.090744018555 487.471214294434 639.834003448486 555.797340393066 677.765823364258 575.535842895508 381.561706542969 396.126541137695 463.846313476562 612.494379043579 846.973983764648 821.966217041016 556.139610290527 430.715026855469 479.220489501953 498.065216064453 741.190422058105 798.675247192383 731.002349853516
629.013032913208 533.78929901123 547.683891296387 666.435585021973 757.151596069336 710.339624404907 670.75072479248 784.801940917969 654.364923477173 642.133964538574 727.939041137695 555.902069091797 608.391094267368 723.824192047119 661.901123046875 807.442011833191 598.889068603516 453.343658447266 604.735992431641 759.605987548828 779.015510082245 595.879915237427 624.323056221008 737.754524230957 616.562984466553 618.454738616943 652.806423187256 642.398461818695 494.090194702148 683.315773010254 527.813026428223 431.678146362305 601.809216499329 565.243339538574 549.801467895508 680.547576904297 684.545845031738 801.72074508667 596.715881347656 595.131923675537 741.01261138916 818.182479858398 632.662932753563 661.80736541748 487.592483520508 524.238105773926 702.113868713379 651.350696563721 673.461627960205 794.755157470703
524.99845123291 424.066543579102 639.412496685982 660.195137023926 732.121276855469 720.124557495117 812.759414672852 704.776924133301 649.658597946167 687.202259063721 712.679023742676 558.847080230713 571.895942687988 769.305465698242 809.273445129395 782.759510040283 675.318778991699 467.714706420898 363.99089050293 485.329254150391 573.057250976562 605.496404647827 702.760635375977 827.087860107422 630.97424697876 653.084079742432 506.928787231445 560.526748657227 598.263778686523 701.943832397461 560.226551055908 563.740894317627 451.466537475586 503.561141967773 524.513893127441 615.091903686523 774.711444854736 1090.66660141945 1085.56143188477 784.783470153809 621.953024864197 628.559525966644 589.759567260742 533.842414855957 657.956386566162 573.763824462891 525.973793029785 542.177604675293 743.948707580566 783.300468444824
658.618452072144 525.118225097656 492.791290283203 748.137504577637 659.277601242065 663.411108016968 695.203819274902 612.122172355652 739.497413635254 644.387335777283 689.047382354736 711.302619934082 768.695419311523 621.632368713617 779.33576965332 620.678558349609 489.868827819824 583.052547454834 659.698690414429 593.984943389893 832.950302124023 605.123252868652 491.970108032227 508.974632263184 563.077747344971 509.458938598633 630.076454162598 625.944725036621 615.826816558838 486.063858032227 644.72681427002 595.413917541504 617.774856567383 678.246452331543 877.702178955078 586.941566467285 729.157669067383 978.672790527344 733.455604553223 704.099891662598 709.876708984375 587.140529632568 669.249217987061 594.018432617188 560.065338134766 562.084209442139 599.8102684021 683.702514648438 739.598731994629 712.325622558594
652.011110305786 631.564117431641 610.455520629883 634.751752853394 639.937451839447 560.246139526367 609.915641784668 623.001304626465 621.655626296997 554.0478515625 786.116271972656 953.975158691406 825.197616577148 576.619277954102 694.636581420898 657.023099899292 455.491729736328 598.501586914062 644.913558959961 537.430553436279 586.3337059021 607.280666351318 554.931976318359 441.53385925293 698.496879577637 623.737277984619 584.089119911194 630.871921539307 633.010324478149 581.792484283447 627.359977722168 628.939521789551 566.562957763672 573.396118164062 627.873651504517 604.465808868408 696.772769927979 893.261674880981 850.793014526367 643.259490966797 671.351039886475 877.498611450195 749.076667785645 753.146049499512 473.771713256836 686.756175994873 560.204460144043 589.68359375 700.907768249512 736.734771728516
606.467102050781 434.57958984375 686.956516265869 668.698129653931 555.697364807129 581.913799285889 517.072875976562 592.626811981201 552.233459472656 597.121284484863 721.29761505127 775.763442993164 752.631881713867 623.678911209106 707.631774902344 588.789016723633 572.07967376709 635.901237487793 599.659828186035 597.871200561523 597.80447101593 634.918798327446 761.538055419922 703.521072387695 830.503524780273 661.882949829102 591.736528158188 576.676998138428 595.404748916626 761.501731872559 636.320072174072 699.415271759033 567.156173706055 648.142408370972 650.73314666748 973.53783416748 895.407234191895 711.477786540985 711.062721252441 658.475427627563 592.688352584839 575.18489074707 746.576583862305 637.096133232117 614.218052387238 647.822654724121 595.870769500732 567.962097167969 662.506217956543 643.113541126251
