simdem/realisation13.asc
NCOLS 350 
NROWS 171 
XLLCORNER 152620 
YLLCORNER 418050 
CELLSIZE 100 
NODATA_value -9999 
[rows 66 to 87 of 171, columns 100 to 149 of 350]
404.773101806641 570.42626953125 378.175971984863 354.678344726562 458.841314330697 536.13716506958 446.349626541138 564.14225769043 490.008389472961 454.255950927734 513.887378692627 487.478603363037 464.52094078064 416.396713256836 428.294723510742 497.548978805542 520.854614257812 394.650421142578 575.119361877441 670.511856079102 390.205368041992 450.853363037109 375.942222595215 264.841110229492 476.755071640015 429.93522644043 457.441055297852 431.869194030762 478.881303787231 637.619094848633 474.659908294678 581.567222595215 489.568664550781 545.282625198364 561.547824859619 608.640571594238 490.019020080566 524.349632263184 496.013122558594 470.09627532959 456.344528198242 490.824012756348 401.817825317383 426.420097351074 605.361038208008 563.095899581909 417.438285827637 431.79296875 469.301361083984 538.245708465576
502.862163543701 443.483184814453 507.014127731323 472.412331104279 411.026290893555 484.021287918091 451.40082359314 464.243303775787 503.682159423828 472.461502552032 415.615356445312 485.408025741577 481.356634616852 540.923820495605 300.816650390625 464.390545845032 383.194770812988 586.912635803223 445.038911819458 441.866931915283 398.289031982422 466.879165649414 383.681289672852 472.819358825684 405.959930419922 351.664733886719 392.490242004395 312.129302978516 480.446025848389 549.95255279541 575.078536987305 459.858535766602 557.068930625916 441.999855041504 613.516109466553 716.715126037598 618.830390930176 564.637466430664 714.430892944336 505.148109436035 407.297760009766 490.272560119629 505.361099243164 519.152732849121 570.768909454346 541.774482727051 552.604546546936 571.832035064697 432.266799926758 463.548553466797
447.501558303833 513.508911132812 425.763891220093 458.365493774414 441.017120361328 393.311996459961 452.700130462646 408.528594970703 468.683321475983 372.44348526001 469.041553020477 568.848789215088 475.675004959106 488.352111816406 356.170288085938 490.852322340012 382.755340576172 504.300071716309 507.419270515442 355.567413330078 408.977348327637 454.448150634766 430.843872070312 443.010848999023 453.233242034912 408.633018493652 361.734985351562 345.974807739258 393.763626098633 545.06445980072 514.669700622559 462.756759643555 512.537330627441 498.931854248047 574.79375743866 410.966400146484 609.690793991089 657.620506286621 634.152221679688 577.485767364502 531.281066894531 620.497200012207 569.495741844177 552.024517059326 551.559812545776 675.494132995605 520.149620056152 364.728149414062 339.666473388672 485.97412109375
459.093772649765 477.442749023438 455.554299354553 496.365287780762 472.832975387573 447.313993453979 334.422775268555 459.101791381836 558.128707885742 368.878234863281 196.758636474609 492.648277282715 405.894641876221 296.422897338867 381.270530700684 412.329658508301 409.738670349121 469.801422119141 372.557693481445 437.964920043945 363.767730712891 472.416360855103 437.66381072998 422.29239654541 464.648006439209 370.207458496094 280.893264770508 317.278717041016 446.14720916748 508.42352104187 458.705986022949 587.179092407227 448.16227722168 582.38526725769 596.631086349487 674.477874755859 709.500442504883 622.924308776855 551.429046630859 533.211132049561 582.016330718994 676.233032226562 718.057571411133 592.217479705811 535.885559082031 548.56737613678 506.934734344482 537.02188873291 501.815383911133 630.279712677002
373.338264465332 347.449142456055 479.999977111816 487.743831634521 429.577535629272 524.987628936768 516.416984558105 409.268692016602 464.090937018394 385.33683013916 401.505630493164 369.380920410156 423.168815612793 415.574783325195 468.015732765198 337.714385986328 443.685218811035 555.380142211914 627.767913818359 548.006378173828 434.607063293457 474.481189727783 529.730373382568 495.845301628113 482.015821456909 374.573806762695 362.696685791016 342.439514160156 555.186944961548 446.000411987305 507.090016365051 533.595861434937 436.715385437012 505.798561096191 615.926717758179 711.953880310059 702.093673706055 586.449317932129 723.095169067383 625.326370239258 653.78980255127 620.787307739258 658.986358642578 492.526229858398 535.795101165771 600.363595962524 540.126384735107 416.534629821777 521.717208862305 483.499977111816
435.973785400391 380.56217956543 632.744583129883 586.012832641602 358.776565551758 433.195247650146 428.899375915527 423.227317810059 273.571746826172 386.538520812988 570.718879699707 371.738258361816 511.648273468018 389.304908752441 515.66678237915 424.278324127197 400.124855041504 489.747840881348 611.012832641602 608.59236907959 576.559204101562 561.402862548828 507.800696372986 524.254732131958 563.691799163818 498.480467796326 473.093879699707 483.171474456787 483.31616973877 469.937492370605 541.928308486938 633.39497756958 530.688014984131 573.214500427246 731.289749145508 696.99626159668 609.79891204834 768.232116699219 673.338035583496 654.644500732422 550.696277618408 435.423522949219 507.750114440918 437.389144897461 491.629379272461 619.520687103271 463.940765380859 474.662544250488 592.811279296875 651.339508056641
352.549514770508 393.549423217773 455.065414428711 393.819557189941 474.695827484131 411.963279724121 389.977478027344 332.210235595703 390.501739501953 343.538017272949 591.636947631836 554.661437988281 529.488567352295 547.507049560547 546.134941101074 505.871452331543 361.941696166992 473.189447879791 456.116256713867 357.532119750977 455.720233917236 520.719390869141 545.061305999756 490.125366210938 570.191055297852 472.428764343262 413.182823181152 562.816404342651 529.19068145752 564.297252655029 464.14559173584 656.520248413086 482.778587341309 420.480422973633 637.039360046387 942.852527618408 571.135322570801 895.063049316406 950.228523254395 721.933916091919 677.244155883789 558.235664367676 607.292621612549 637.264404296875 525.81160736084 822.190204620361 537.611446380615 620.451919555664 695.237930297852 566.27937412262
456.718994140625 354.060272216797 402.907302856445 467.329322338104 535.061061859131 406.791061401367 563.983345031738 535.184761047363 519.09663772583 481.359025478363 389.598571777344 466.214754104614 431.152179718018 437.421878814697 438.553600311279 418.250877380371 503.354138731956 554.39111328125 571.446594238281 523.202129364014 391.209533691406 490.907344818115 501.254235506058 413.750503540039 536.862512588501 431.157005310059 458.622482299805 482.182048797607 502.569050788879 609.300575256348 562.251613616943 499.69226038456 559.900718688965 907.257949829102 746.882097005844 696.6285572052 586.879123687744 838.636138916016 867.925941467285 643.126316070557 544.79907989502 483.7854347229 435.501888275146 372.554512023926 430.504905700684 465.097923278809 727.942626953125 539.871704101562 546.414110183716 537.351238250732
505.29218006134 413.121475219727 447.035400390625 533.050968170166 578.890495300293 641.289627075195 532.576778411865 512.035827636719 470.869390487671 546.98518371582 424.854518890381 384.546306610107 524.471176147461 454.793302536011 509.966976165771 555.437133789062 508.855087280273 517.193115234375 381.152465820312 402.497543334961 419.669006347656 465.186780929565 336.414154052734 531.609264373779 548.262371063232 384.781799316406 457.169803619385 615.542121887207 694.122512817383 703.64826965332 587.683288574219 454.244548797607 594.364532470703 855.094917297363 597.119697570801 628.71670293808 490.914482116699 731.602897644043 730.160640716553 592.993745803833 660.502727508545 430.640743255615 503.646783828735 441.788432404399 426.416226387024 358.85090637207 507.321472167969 440.63892364502 972.917743682861 729.302307128906
504.974821090698 488.899349212646 455.945724487305 497.020101308823 558.57869720459 574.43098449707 536.106502532959 418.748779296875 425.114658355713 479.817922592163 594.947418212891 577.665390014648 584.711807250977 536.414524078369 685.176956176758 678.194152832031 546.068305969238 598.271919250488 404.810943603516 411.27326965332 433.568019866943 421.363998413086 345.936920166016 420.260780334473 566.203983306885 570.121849060059 577.889890670776 594.910255432129 435.598014831543 465.990242004395 618.647169113159 513.360618591309 502.533409118652 769.241394042969 792.751083374023 679.0888671875 474.122520446777 786.223854064941 712.666757583618 671.218488693237 696.768054962158 537.931838989258 495.07594871521 457.940256118774 408.705394744873 341.343566894531 481.900688171387 461.511695861816 528.755398750305 591.117855072021
595.9892578125 532.353073120117 450.496898651123 536.211158752441 464.69246673584 559.623764038086 477.46350812912 537.849060058594 499.630940914154 481.316798210144 482.63663315773 339.243316650391 470.627276420593 660.701965332031 680.841156005859 776.165252685547 622.117446899414 507.615427017212 272.00065612793 312.022491455078 421.434158325195 598.03157043457 550.041999816895 561.034057617188 525.215558052063 520.186330795288 437.895156860352 509.026582717896 447.881019592285 495.629875183105 492.676862716675 380.176467895508 354.556915283203 654.141571044922 634.42889213562 624.484965980053 476.599369049072 692.756808549166 688.184462547302 679.653527259827 829.602279663086 536.692749023438 522.197452545166 370.658065795898 344.364730834961 596.861061096191 740.289194107056 378.865753173828 479.507286071777 715.892230987549
395.19709777832 546.63943862915 564.813003540039 805.360870361328 458.884960174561 488.149387836456 386.422676086426 416.324150085449 306.328353881836 478.469877243042 501.585540771484 437.703727722168 439.434089660645 597.608413696289 644.832809448242 768.562896728516 753.308929443359 556.438701629639 452.942783355713 607.995681762695 465.673590660095 460.854591369629 447.607521057129 538.875064849854 521.365626335144 535.536967515945 436.555305480957 531.771240949631 691.727699279785 604.604155778885 541.892654418945 472.132919311523 415.069398880005 424.720673561096 684.007545471191 786.56852722168 509.469451904297 670.663045883179 635.86792755127 695.175465106964 451.38162612915 462.93790987134 324.848342895508 403.450748443604 348.144020080566 484.196441650391 663.037987709045 371.540969848633 443.417648494244 567.06879234314
556.177030563354 354.592681884766 367.871688842773 409.61897277832 743.28955078125 775.373477935791 497.053756713867 500.590908050537 554.978702545166 468.838924407959 377.590980529785 937.648078918457 427.690521240234 524.681930541992 676.122299194336 655.001495361328 642.140197753906 577.278747558594 543.972839355469 507.291133880615 445.393325805664 447.076965332031 460.332801818848 461.14538192749 584.982650756836 506.589656829834 471.042900085449 478.54369354248 489.917251586914 424.644676208496 582.282157897949 593.792976379395 434.433310747147 505.38720703125 638.765060424805 743.086441040039 487.528511047363 581.791580200195 596.402339696884 597.054762601852 519.114318847656 398.638732910156 471.03516960144 452.729360580444 426.338073730469 420.838558197021 383.651344299316 330.823822021484 333.381378173828 604.650358200073
731.825302124023 466.164615631104 433.395172119141 446.519104003906 531.721748352051 597.060074806213 771.918315887451 540.727685928345 540.251945495605 590.009712219238 426.979019165039 610.187088012695 575.510498046875 476.053176879883 557.545669555664 504.953975915909 466.782402038574 510.016660690308 404.150909423828 409.507118225098 487.918815612793 461.794212341309 492.298980712891 409.155364990234 408.316093444824 321.431991577148 350.865310668945 474.174690246582 427.407835006714 437.942238330841 473.390222549438 421.783668518066 568.227462768555 489.932540893555 384.797786712646 622.543054580688 659.007095336914 743.89323425293 605.305225372314 552.180969238281 425.637958526611 380.386260986328 466.67377281189 661.609992980957 629.697372436523 440.900005340576 549.290092468262 389.583351135254 513.584350585938 615.02579498291
471.544326782227 507.48201751709 360.673248291016 443.010391235352 564.061626434326 584.346984863281 486.778770446777 743.155097961426 476.993495941162 369.535034179688 407.471130371094 486.04022026062 471.816104888916 524.217021942139 589.850414276123 619.768516540527 515.981943130493 411.131683349609 337.316467285156 408.973648071289 517.2874584198 580.113216400146 648.49097442627 562.434999465942 510.417861938477 444.053009033203 449.953880310059 371.153251647949 435.745296478271 420.424662590027 378.268562316895 454.148307800293 470.575756072998 447.079429626465 513.053398132324 579.479583740234 605.06233215332 672.982261657715 576.910820007324 609.957015037537 506.387058258057 564.406959533691 565.607597351074 691.810195922852 592.843793869019 511.161102294922 547.189994812012 403.937026977539 432.365364074707 545.701135635376
590.37162399292 633.229637145996 448.80924987793 538.515174865723 684.969186782837 559.280364990234 517.118022918701 557.600467681885 573.445665359497 500.009949684143 502.389079093933 386.78337097168 516.657806396484 496.177397727966 498.662690162659 366.706451416016 560.886852264404 409.030540466309 462.861484527588 519.820378229022 619.505157470703 537.546564102173 575.958381652832 503.178279876709 536.739994049072 405.828979492188 564.441611766815 297.759902954102 519.951988220215 383.41743850708 337.741683959961 447.13516998291 421.568412780762 516.095069885254 551.049133300781 586.567381858826 619.321708679199 678.367492675781 604.655075550079 539.959518432617 448.173446655273 476.475386619568 625.463802337646 684.313291549683 669.726539611816 735.783699035645 622.490760803223 628.565307617188 611.832866668701 618.154790878296
442.891471862793 690.209663391113 611.306447982788 585.432577133179 647.78205871582 637.913192749023 674.548385620117 696.187103271484 654.818176269531 616.765480041504 550.649591445923 421.146156311035 458.046316146851 496.035268783569 435.832702636719 465.843067169189 558.707611083984 513.452226638794 411.594955444336 407.281051635742 503.817443847656 621.163841247559 499.899310112 527.723072052002 639.996025085449 524.815673828125 493.86399936676 445.168529510498 512.560821533203 520.664657592773 656.865627288818 688.279670715332 560.283184051514 557.114389419556 624.997797012329 596.5991563797 557.102355957031 602.683030843735 592.355059623718 698.952232241631 739.328712463379 688.315331935883 679.672843933105 639.47198176384 655.019264221191 683.545524597168 825.792236328125 946.514190673828 692.770904541016 623.21443271637
399.971122741699 507.195948123932 615.397644042969 687.505416870117 589.353343009949 643.852676391602 694.187698364258 762.301666259766 651.809505462646 659.323696613312 513.511154174805 519.791753768921 441.881477355957 366.171264648438 428.473407745361 496.859766125679 521.998636245728 426.239097595215 406.655052185059 515.087566375732 571.54842376709 543.17896270752 514.947645187378 512.316182136536 552.178337097168 516.47095489502 542.844645023346 768.037109375 452.850860595703 688.752647399902 661.078441619873 639.283073425293 616.187633514404 483.799011230469 423.97373008728 449.382247924805 420.078842163086 514.242713928223 504.436690330505 691.631927490234 644.79185295105 620.162105560303 524.294771194458 527.049712181091 579.726631164551 466.096752166748 547.123275756836 811.072784423828 908.284713745117 780.660634994507
720.614284515381 741.09065246582 673.734036445618 561.892616271973 546.488021850586 537.605308532715 657.831066131592 696.216682434082 631.839984893799 903.105736017227 296.850402832031 447.041374206543 371.3173828125 353.829986572266 497.394255161285 414.519172668457 377.807739257812 465.252674102783 442.330841064453 532.254315376282 572.959335327148 669.766983032227 653.199829101562 719.052230834961 494.488250732422 571.280350387096 631.866500854492 745.82014465332 591.863647460938 524.89359664917 542.688060760498 671.746482849121 604.807695388794 468.38338470459 335.636039733887 374.790676116943 562.408580780029 582.417247772217 417.862670898438 477.299915313721 555.537631988525 639.072422027588 600.107955932617 630.706253051758 506.837307929993 662.973434448242 825.868270874023 857.560348510742 858.874984741211 579.27857208252
665.901611328125 604.888107299805 672.889874458313 744.720626831055 586.918956756592 545.959995269775 652.022914886475 681.401718139648 596.031050920486 661.793701171875 475.814208984375 564.729118347168 486.135730743408 554.530963897705 537.44380569458 380.373794555664 439.32315826416 487.688904762268 643.667236328125 604.790107727051 580.633735656738 611.762847900391 576.00577545166 504.082208633423 470.854619979858 636.633277893066 661.718124389648 620.950576782227 412.23081111908 532.795120239258 639.417427062988 543.506977081299 441.515869140625 341.732521057129 367.990657806396 455.348777770996 611.38208770752 528.300164222717 442.57039642334 480.29833984375 427.142608642578 395.478393554688 646.523124694824 906.902267456055 902.929840087891 578.785469055176 579.923950195312 674.668968200684 641.72582244873 440.967819213867
679.445816040039 660.627143859863 732.330879211426 569.743095397949 618.563491821289 671.817245483398 464.607677459717 688.853500366211 543.842124938965 524.668090820312 614.697273254395 439.633529663086 497.661876678467 407.976737976074 535.576303482056 502.606281757355 456.954387664795 667.854919433594 488.452960014343 604.528030395508 569.084785461426 508.774804592133 607.453582763672 523.534362792969 531.481543064117 552.097805023193 593.512622833252 599.259498596191 424.578094482422 475.749015808105 690.565826416016 665.337749481201 555.659952163696 340.548728942871 258.914093017578 359.054542541504 522.189254760742 518.203742980957 535.97714805603 591.284990310669 529.242565155029 523.089618682861 534.631408691406 989.131834030151 869.196361541748 625.375440120697 679.334274291992 678.758918762207 584.641491413116 426.847434997559
-9999 -9999 697.204864501953 888.817747116089 501.550338745117 505.109039306641 561.705753326416 561.82869720459 591.659929275513 584.916982650757 574.395158231258 514.350081443787 649.006629943848 536.636785507202 592.141460418701 576.16231918335 547.040439605713 532.332913398743 551.167528152466 570.770584106445 522.17292881012 416.304107666016 665.107666015625 515.654726266861 488.413001060486 492.120923995972 563.684238433838 626.371416091919 741.671751022339 753.077087402344 532.145217895508 545.395500183105 575.223770141602 347.668151855469 300.234985351562 384.464466094971 477.902397155762 497.912261962891 558.086418628693 505.029853820801 552.83846282959 617.857086181641 791.421058654785 1094.47441101074 1026.70732116699 680.772674560547 656.9352684021 -9999 -9999 -9999
