simdem/realisation12.asc
NCOLS 350 
NROWS 171 
XLLCORNER 152620 
YLLCORNER 418050 
CELLSIZE 100 
NODATA_value -9999 
[rows 110 to 131 of 171, columns 300 to 349 of 350]
734.207225799561 696.87516784668 787.09264755249 768.202184677124 818.535541534424 852.893249511719 631.231307983398 758.35009765625 813.404006958008 729.987075805664 790.778343200684 693.490905761719 1690.44190979004 991.057291030884 845.101964950562 902.61665725708 1415.85805511475 747.593559265137 1062.94469451904 -9999 -9999 -9999 -9999 -9999 -9999 -9999 -9999 -9999 -9999 -9999 -9999 -9999 -9999 -9999 -9999 -9999 -9999 -9999 -9999 -9999 -9999 -9999 -9999 -9999 -9999 -9999 -9999 -9999 -9999 -9999
896.990333557129 596.68677520752 666.626686096191 892.556571960449 665.33960723877 650.934310913086 1207.82247924805 1319.36849975586 642.050491333008 743.775650024414 1438.43771743774 545.412002563477 918.83137512207 906.86137008667 863.644697189331 665.656799316406 1023.2219376564 1350.32487678528 1158.2633934021 -9999 -9999 -9999 -9999 -9999 -9999 -9999 -9999 -9999 -9999 -9999 -9999 -9999 -9999 -9999 -9999 -9999 -9999 -9999 -9999 -9999 -9999 -9999 -9999 -9999 -9999 -9999 -9999 -9999 -9999 -9999
973.622894287109 831.086772918701 996.507566452026 816.357834815979 729.419082641602 836.183753967285 763.352973937988 983.393375396729 738.356033325195 1629.00985717773 1023.40841674805 822.829044342041 906.547630310059 963.937565803528 801.529411315918 1114.80587768555 777.413772583008 926.168472290039 1801.62439727783 758.071166992188 -9999 -9999 -9999 -9999 -9999 -9999 -9999 -9999 -9999 -9999 -9999 -9999 -9999 -9999 -9999 -9999 -9999 -9999 -9999 -9999 -9999 -9999 -9999 -9999 -9999 -9999 -9999 -9999 -9999 -9999
892.150815963745 839.811803817749 946.258758544922 991.113403320312 764.197360992432 797.520175933838 788.807891845703 888.350114822388 899.712968826294 2177.42127990723 794.472640991211 701.571975708008 868.106718063354 1064.61805725098 1047.61273193359 1013.23609924316 878.407409667969 641.150665283203 870.514892578125 1272.31335449219 1038.4803314209 -9999 -9999 -9999 -9999 -9999 -9999 -9999 -9999 -9999 -9999 -9999 -9999 -9999 -9999 -9999 -9999 -9999 -9999 -9999 -9999 -9999 -9999 -9999 -9999 -9999 -9999 -9999 -9999 -9999
887.379768371582 682.109039306641 812.178535461426 779.394260406494 588.457893371582 815.069766521454 765.668439865112 761.322746276855 844.41607093811 1232.07023620605 895.925296783447 997.469573974609 826.221450805664 804.143249511719 758.790435791016 749.280700683594 640.104415893555 750.369598388672 915.951889038086 788.184265136719 821.081130981445 -9999 -9999 -9999 -9999 -9999 -9999 -9999 -9999 -9999 -9999 -9999 -9999 -9999 -9999 -9999 -9999 -9999 -9999 -9999 -9999 -9999 -9999 -9999 -9999 -9999 -9999 -9999 -9999 -9999
864.351690292358 848.574744820595 837.429178595543 901.703786849976 898.48755645752 640.934967041016 680.222114562988 839.463912963867 635.195816040039 1054.79247283936 1365.45068359375 783.239067077637 823.601524353027 1164.43637084961 796.758171081543 836.887324333191 1148.25389862061 888.8837890625 1016.86619186401 848.809535980225 684.016304016113 670.079597473145 -9999 -9999 -9999 -9999 -9999 -9999 -9999 -9999 -9999 -9999 -9999 -9999 -9999 -9999 -9999 -9999 -9999 -9999 -9999 -9999 -9999 -9999 -9999 -9999 -9999 -9999 -9999 -9999
734.424865722656 842.317070007324 975.545051574707 1057.44735717773 499.010330200195 475.026412963867 1138.2894744873 573.644119262695 501.833190917969 1114.83631896973 1121.85589599609 1562.85430335999 938.136901855469 1102.73398590088 822.149337768555 880.162808418274 1445.91208457947 1274.89157867432 757.185974121094 852.29785823822 691.945343017578 799.408470153809 1053.60493278503 -9999 -9999 -9999 -9999 -9999 -9999 -9999 -9999 -9999 -9999 -9999 -9999 -9999 -9999 -9999 -9999 -9999 -9999 -9999 -9999 -9999 -9999 -9999 -9999 -9999 -9999 -9999
641.594039916992 696.242179870605 888.174648284912 902.988458156586 1277.05268859863 1317.79425811768 575.214790344238 550.913055419922 591.967025756836 720.872276306152 851.399856567383 878.419494628906 1255.4380069375 1314.29545974731 842.419509887695 1005.39652633667 1130.56400680542 832.816558837891 696.159439086914 806.465328216553 975.282516479492 806.686515808105 868.738452911377 -9999 -9999 -9999 -9999 -9999 -9999 -9999 -9999 -9999 -9999 -9999 -9999 -9999 -9999 -9999 -9999 -9999 -9999 -9999 -9999 -9999 -9999 -9999 -9999 -9999 -9999 -9999
762.85099029541 770.285049438477 835.148887634277 996.96305847168 979.085973739624 700.811065673828 562.760162353516 723.908660888672 786.949374198914 657.356872558594 963.745677947998 715.871429443359 848.276857376099 902.164711952209 1043.02045440674 971.446220397949 827.803768157959 975.763427734375 774.59822845459 816.655282855034 962.189407348633 898.920375823975 918.268832206726 782.90803527832 -9999 -9999 -9999 -9999 -9999 -9999 -9999 -9999 -9999 -9999 -9999 -9999 -9999 -9999 -9999 -9999 -9999 -9999 -9999 -9999 -9999 -9999 -9999 -9999 -9999 -9999
885.792295455933 829.751019954681 763.867988586426 893.311859130859 1065.94165039062 795.480400085449 671.048240661621 733.877006530762 760.319719314575 813.799251556396 1093.72654724121 845.646718978882 903.558628082275 1004.48693847656 1321.3147277832 1014.91156768799 869.070232391357 867.103008270264 815.081241607666 785.374458312988 717.092185974121 1036.57160949707 822.497520446777 874.405429840088 754.497528076172 -9999 -9999 -9999 -9999 -9999 -9999 -9999 -9999 -9999 -9999 -9999 -9999 -9999 -9999 -9999 -9999 -9999 -9999 -9999 -9999 -9999 -9999 -9999 -9999 -9999
1297.73919677734 1769.74649429321 919.616157531738 1174.08500671387 1377.68529510498 989.964426040649 749.457935333252 823.665458679199 997.955963134766 1639.76379394531 1054.42263793945 918.068916320801 856.665498733521 998.067253112793 907.195201873779 1631.57580566406 955.69709777832 729.935188293457 899.197742462158 816.164974212646 881.580265045166 933.388500213623 818.796783447266 889.351330757141 808.012565612793 918.223534762859 -9999 -9999 -9999 -9999 -9999 -9999 -9999 -9999 -9999 -9999 -9999 -9999 -9999 -9999 -9999 -9999 -9999 -9999 -9999 -9999 -9999 -9999 -9999 -9999
994.009174346924 898.028301239014 1351.52420806885 904.166537284851 1336.85099029541 1541.45425415039 1078.2015838623 935.01615524292 1032.50785064697 1145.01300048828 870.107606887817 764.653652191162 811.013481140137 753.277515411377 949.792007446289 1055.28398132324 988.315811157227 938.489334106445 843.567270278931 690.810089111328 719.043075561523 738.292083740234 791.508125305176 743.980087280273 941.71964263916 947.562906265259 -9999 -9999 -9999 -9999 -9999 -9999 -9999 -9999 -9999 -9999 -9999 -9999 -9999 -9999 -9999 -9999 -9999 -9999 -9999 -9999 -9999 -9999 -9999 -9999
858.916122436523 1018.17776489258 1301.11116790771 886.414657592773 1160.67356300354 1411.48087501526 1448.58048057556 1105.61571121216 975.947052001953 1280.36890792847 1019.17874908447 673.564407348633 784.994121551514 946.54850769043 925.156448364258 927.194061279297 805.528465270996 844.638050079346 935.889221191406 778.194683074951 748.290412902832 832.388979911804 716.875259399414 676.613418579102 835.55786895752 963.660297393799 811.996734619141 -9999 -9999 -9999 -9999 -9999 -9999 -9999 -9999 -9999 -9999 -9999 -9999 -9999 -9999 -9999 -9999 -9999 -9999 -9999 -9999 -9999 -9999 -9999
1197.49710607529 1119.07429504395 1080.80899047852 1058.16317749023 980.613662719727 1309.46577072144 1466.50854110718 1015.1891708374 1017.9988861084 1063.22295188904 764.950988769531 593.221374511719 916.698471069336 833.657719612122 824.619878768921 838.835031509399 736.82453918457 759.061267852783 773.889038085938 718.80110168457 664.982048034668 756.970230102539 790.92596244812 813.848759412766 737.598617553711 859.741710662842 772.768836975098 1040.76496887207 -9999 -9999 -9999 -9999 -9999 -9999 -9999 -9999 -9999 -9999 -9999 -9999 -9999 -9999 -9999 -9999 -9999 -9999 -9999 -9999 -9999 -9999
858.967834472656 1118.89395141602 1051.41494750977 1181.24319458008 1061.07688140869 1061.07289505005 1515.70725154877 1049.25247955322 886.199691772461 871.174157857895 850.196535110474 747.917430877686 718.579513549805 802.128938674927 884.530372619629 701.153350830078 745.880699157715 610.614791870117 680.979064941406 696.469413757324 843.96915435791 791.540477752686 949.377746582031 821.127269744873 834.219056129456 883.3332862854 922.015937805176 830.267944335938 862.520034790039 -9999 -9999 -9999 -9999 -9999 -9999 -9999 -9999 -9999 -9999 -9999 -9999 -9999 -9999 -9999 -9999 -9999 -9999 -9999 -9999 -9999
914.650042533875 779.901016235352 807.832145690918 1053.55321884155 1481.87320327759 931.085891723633 1023.5899810791 1182.88270950317 879.212557315826 759.165657043457 833.342088699341 860.763904571533 681.811477661133 660.224044799805 778.506199836731 705.433502197266 770.230271816254 808.630794525146 808.155521392822 637.5888671875 796.010732650757 901.537315368652 881.720233917236 751.165473937988 800.191802978516 770.966991424561 991.583374023438 929.918315887451 749.391380310059 -9999 -9999 -9999 -9999 -9999 -9999 -9999 -9999 -9999 -9999 -9999 -9999 -9999 -9999 -9999 -9999 -9999 -9999 -9999 -9999 -9999
867.973724365234 847.06521987915 1590.36590576172 1456.41999053955 1079.55071783066 968.11205291748 1190.2080078125 965.707214355469 1143.43542480469 973.643907546997 841.842945098877 776.944328308105 791.313751220703 618.14697265625 793.317604064941 683.05411529541 893.016335606575 826.882886886597 902.811748504639 819.850675582886 845.601780891418 773.712237358093 712.4384765625 749.297080993652 802.141572952271 777.762535095215 871.941884040833 937.184997558594 753.525619506836 675.098220825195 -9999 -9999 -9999 -9999 -9999 -9999 -9999 -9999 -9999 -9999 -9999 -9999 -9999 -9999 -9999 -9999 -9999 -9999 -9999 -9999
877.827209472656 986.604312896729 1094.82144927979 1659.15885162354 1923.19644927979 1175.06155776978 1142.73739624023 998.885925292969 1131.76108551025 883.786956787109 827.969316482544 899.348625183105 828.625991821289 780.174983978271 685.655464172363 877.601371765137 810.059154510498 713.089660644531 935.995616912842 878.650291442871 797.17661356926 810.077423095703 817.694986343384 842.425638198853 861.812648773193 759.896560668945 967.642082214355 991.188678741455 872.377712249756 712.103927612305 846.202369734645 -9999 -9999 -9999 -9999 -9999 -9999 -9999 -9999 -9999 -9999 -9999 -9999 -9999 -9999 -9999 -9999 -9999 -9999 -9999
1197.67076873779 1149.3694152832 951.281337738037 1356.77651786804 1541.05867004395 1588.08903503418 1563.52652740479 1215.63607025146 1056.57670211792 841.544082641602 1024.70374011993 894.380317687988 1053.0147857666 1058.86429595947 826.775134325027 766.524713516235 946.229461669922 809.38610458374 833.453971862793 1004.88897705078 853.970623016357 897.609218597412 953.38793182373 884.66491317749 800.564735412598 755.608757019043 739.220390319824 927.218955993652 872.117837905884 817.709325790405 888.426055908203 -9999 -9999 -9999 -9999 -9999 -9999 -9999 -9999 -9999 -9999 -9999 -9999 -9999 -9999 -9999 -9999 -9999 -9999 -9999
1374.12080383301 973.733953475952 1084.57063293457 1600.50437927246 1264.67582702637 1479.84732055664 1506.14347839355 1443.66175842285 1758.31385755539 1391.99028205872 1342.07888793945 1199.85723495483 1172.9250869751 1909.00030517578 1185.75736236572 948.95092010498 838.998898267746 837.322208404541 895.345718383789 985.876068115234 1096.97334289551 1191.24453735352 1063.74699401855 889.223785400391 721.921012878418 898.008087158203 873.174757003784 897.41143989563 938.900917053223 861.322240829468 767.736335754395 953.352073669434 -9999 -9999 -9999 -9999 -9999 -9999 -9999 -9999 -9999 -9999 -9999 -9999 -9999 -9999 -9999 -9999 -9999 -9999
1088.52349090576 988.921822965145 1042.62031555176 1246.92211914062 1012.30679321289 1343.08924865723 1780.75784301758 1489.76419067383 1277.71886444092 1301.92078399658 1337.25035095215 1098.37754058838 1213.65016174316 1522.22467041016 1035.17190551758 992.401496887207 940.703605651855 821.965808391571 823.726663589478 973.626998901367 1006.5708770752 890.721237182617 859.425346374512 922.725746154785 790.477592468262 824.08930015564 888.037288665771 929.08643913269 786.405654907227 802.276502609253 604.046661376953 770.39094543457 688.820770263672 -9999 -9999 -9999 -9999 -9999 -9999 -9999 -9999 -9999 -9999 -9999 -9999 -9999 -9999 -9999 -9999 -9999
946.458946228027 1029.91847896576 1374.89096748829 1003.68910217285 946.052894592285 1242.29391479492 1399.70663452148 1239.42535400391 1279.03283691406 1307.15687942505 1242.04524040222 1090.03465843201 993.022979736328 989.342632293701 868.94507598877 1019.90749931335 989.556577682495 919.785995483398 862.420417785645 1002.55003356934 937.077194213867 964.048797607422 1007.84774780273 1031.42329406738 956.697933197021 798.397903442383 911.755310058594 932.472564697266 999.165458679199 745.262790679932 787.20206451416 714.853897094727 765.799499511719 -9999 -9999 -9999 -9999 -9999 -9999 -9999 -9999 -9999 -9999 -9999 -9999 -9999 -9999 -9999 -9999 -9999
