simdem/realisation34.asc
NCOLS 350 
NROWS 171 
XLLCORNER 152620 
YLLCORNER 418050 
CELLSIZE 100 
NODATA_value -9999 
[rows 44 to 65 of 171, columns 200 to 249 of 350]
670.610107421875 811.692398071289 593.185623168945 570.739822387695 647.893013000488 596.025978088379 622.831920623779 767.88733291626 637.496505737305 712.130088806152 693.959743499756 740.649971008301 773.214996337891 649.127166748047 510.045402526855 423.437484741211 538.73588180542 666.542102813721 629.098960876465 705.199920654297 523.820358276367 564.687866210938 637.111843109131 601.721429824829 551.402572631836 613.131842136383 647.432308197021 811.295616149902 627.775085449219 515.121200561523 488.638809204102 759.274070739746 1255.52096176147 669.9381980896 676.543701171875 605.404685974121 596.197692871094 622.922946929932 717.659521102905 632.711162567139 708.254335403442 659.030128479004 684.274049520493 698.978181838989 696.082092285156 769.969947814941 693.597979545593 662.273723602295 646.264122009277 729.168231964111
1156.88080596924 1522.73233413696 1120.32385635376 1038.08770751953 864.729183197021 1060.06050109863 761.806987762451 761.250928401947 725.705947875977 680.050205230713 773.211599349976 834.994483947754 781.421714782715 1017.27275276184 621.998275756836 847.746788024902 856.260986328125 744.319679260254 551.673889160156 461.258666992188 627.43140411377 661.038375854492 554.199199676514 511.218612670898 580.242477416992 521.443450927734 736.66918182373 655.174041748047 670.856464385986 615.605201721191 697.816646575928 608.743900299072 883.806182861328 735.467781066895 807.137130737305 654.814834117889 771.316387176514 689.681088447571 611.882289886475 728.193775177002 667.729621887207 609.816192626953 672.224905014038 774.386512756348 631.205192565918 644.589427947998 607.89412689209 702.908462524414 649.229518890381 746.258750915527
594.369201660156 975.99857711792 1526.80063438416 1069.45740509033 707.922421455383 812.292304992676 719.688223838806 699.57705783844 572.780358314514 605.656131744385 555.546741485596 594.329599380493 544.98853302002 805.294927597046 734.856008529663 825.661115646362 1436.65375709534 856.21800994873 605.284708023071 614.283599853516 738.54418182373 615.504292488098 405.073883056641 461.658248901367 496.049842834473 681.231586456299 758.750900268555 525.468650817871 582.214450836182 613.54080581665 680.684463500977 602.0358543396 601.629112243652 605.576564788818 703.762897491455 687.102323532104 717.513557434082 717.419715881348 607.125122070312 598.905120849609 672.433577060699 663.087734222412 763.933479309082 706.311820983887 697.348299026489 618.589111328125 752.676811218262 575.797431945801 766.737857818604 872.285614013672
450.45467376709 588.056191921234 769.159736633301 1249.44247627258 855.586813926697 730.470558166504 792.548683166504 663.384571075439 600.31356716156 532.778656005859 537.141933441162 490.05834197998 605.017066955566 758.883544921875 673.661231994629 865.249900817871 1155.92324066162 1926.20579147339 1408.34224128723 838.443435668945 606.138212203979 726.262054443359 485.009536743164 500.669761657715 399.626235961914 618.730781555176 648.281090736389 614.638711452484 585.272266387939 664.515798568726 759.838409423828 564.711631774902 645.576290130615 650.38184928894 571.85758972168 688.917179107666 638.626466751099 573.902488708496 645.001935958862 731.228677749634 578.40894317627 598.375312805176 704.287660598755 639.935054779053 655.734859466553 544.729537963867 784.361595153809 698.166099429131 697.662704467773 689.036242485046
597.916515827179 671.587837219238 579.02473449707 603.521282196045 496.879287719727 708.443077087402 610.230842590332 743.21483039856 603.799457550049 610.757663726807 630.186519622803 482.66870880127 562.229800224304 701.877388000488 559.215538024902 743.087027549744 1012.41287994385 1449.35356712341 1167.99918270111 1124.7762298584 688.655162096024 667.972690582275 712.938285827637 572.682960510254 510.604370117188 554.722190856934 519.087127685547 614.94811630249 615.147262573242 658.047058105469 662.206406593323 740.24878692627 619.371353149414 761.168258666992 636.70923948288 682.39049911499 589.577690124512 536.810470581055 699.957231521606 692.93465423584 671.631458282471 718.383666992188 671.032871246338 666.773422241211 748.910079956055 713.945226669312 558.656188964844 726.285301208496 655.113018035889 775.956058740616
728.002914428711 710.489738464355 610.022819519043 694.108306884766 463.911834716797 565.343040466309 733.022623062134 712.43412399292 681.229038238525 587.472423553467 548.737525939941 541.333707809448 585.073060274124 652.359191894531 742.974922180176 686.53413772583 763.844657897949 1155.07068634033 1960.74698638916 1624.64404296875 830.360567182302 929.150703430176 615.93627166748 463.477905273438 420.421890258789 624.808713912964 672.288539886475 573.634835243225 750.32234954834 582.881072998047 466.404312133789 676.473930358887 803.405258178711 588.248996734619 614.147779464722 685.440505981445 669.46081829071 701.323905944824 546.116333007812 657.998239517212 690.028873443604 677.257038891315 740.117477416992 961.58292388916 1027.3251285553 956.658279418945 915.037149429321 620.263725280762 589.784973144531 609.401527404785
528.210090637207 555.7370262146 570.88516998291 522.690933227539 530.025632858276 510.335586547852 703.308708190918 625.966110229492 708.344572067261 672.909306287766 530.929000854492 590.948125839233 531.700558185577 655.094841003418 596.232635498047 543.814994812012 923.894790649414 1153.62268066406 1591.10534286499 1814.90920257568 924.015327453613 660.134948730469 629.275653839111 506.122131347656 636.24059677124 732.781982421875 652.263439178467 493.86181640625 540.935836791992 599.994304656982 545.531898498535 592.916362762451 761.593078613281 704.022102355957 839.162017822266 737.734102249146 665.767267227173 646.966220855713 610.836006164551 667.873826980591 702.426898956299 617.069389343262 679.92817735672 708.376865386963 1090.43027496338 1253.2944984436 753.495231628418 520.575546264648 363.571990966797 850.295128822327
515.015037536621 614.141933441162 638.018846511841 524.73934173584 438.344177246094 408.303451538086 581.513557434082 634.846862792969 477.428131103516 479.773971557617 574.966896057129 528.003368377686 683.386360168457 697.224472045898 503.906379699707 574.887453079224 752.37126159668 872.996856689453 1341.54063034058 1383.12236785889 1498.97396087646 683.334426879883 634.490416526794 568.986053466797 741.891265869141 630.497423171997 594.073113918304 590.199253082275 566.97501373291 533.132514953613 556.015205383301 568.154640197754 706.607448577881 677.54564666748 813.439590454102 702.647327423096 737.685737609863 749.685218811035 676.315631866455 764.301475524902 669.572906017303 733.393222808838 558.996452331543 651.148202896118 1037.39500427246 738.197059631348 962.360443115234 1255.0191116333 579.062164306641 665.298553466797
578.16250038147 482.307357788086 774.124847412109 720.109201431274 708.81135559082 606.648536682129 855.1227684021 893.553497314453 667.160011291504 782.563142776489 686.599243164062 698.812637329102 723.48664855957 781.985931396484 574.451260089874 540.802661895752 625.299405455589 870.772315979004 887.210159301758 1696.97834777832 1974.68463897705 1231.06279754639 665.600032806396 665.839134216309 756.872924804688 654.276371002197 606.368941783905 578.242788314819 527.632759094238 564.021507263184 518.450546264648 557.776344299316 734.482872009277 771.009773254395 547.369102478027 737.572769165039 671.958473205566 773.190757751465 550.647384643555 631.623288154602 641.87194442749 700.694395065308 660.895799636841 585.302352905273 627.87873840332 701.897621154785 691.426338195801 571.14134979248 1010.52523803711 781.870483398438
581.624688148499 559.927913665771 775.583999633789 680.476261138916 674.098594665527 572.730590820312 686.438433647156 682.997877120972 580.038832187653 761.552761077881 795.094718933105 865.993270874023 666.249652862549 662.09058380127 630.14624786377 554.239637374878 642.910217285156 633.178657531738 1054.65646362305 936.469871520996 1297.34903144836 1281.31126403809 1605.5146780014 883.830493927002 864.846038818359 695.576259613037 596.103224754333 525.575973510742 674.279815673828 603.555970728397 449.971862792969 656.763526916504 749.991287231445 765.604202270508 733.216789245605 545.214942932129 630.968936920166 498.181991577148 576.87922668457 603.247802734375 661.211168289185 593.600063323975 656.846827745438 564.494621276855 688.34298324585 862.212341308594 620.854022979736 814.661018371582 947.66805267334 483.225524902344
673.875045776367 624.846923828125 752.115013122559 653.058666229248 662.896141052246 681.363754272461 507.715324401855 582.060794830322 810.11840057373 838.290885925293 612.958591461182 752.68009185791 758.525764465332 731.338539123535 677.764038085938 698.920028686523 540.412296295166 540.457145690918 634.708004057407 693.201988220215 859.804622650146 1134.81546783447 1638.07956504822 963.507591247559 998.068572998047 762.715698242188 610.946920156479 462.288696289062 527.550666809082 521.181900024414 636.435606002808 619.623359680176 613.819206237793 700.868927001953 613.693574905396 548.577995300293 530.039344787598 597.143211364746 684.610426902771 686.490343093872 596.628456115723 658.984374523163 671.775827407837 683.840618133545 804.964996337891 861.496871948242 683.136940002441 638.547197341919 634.98712348938 494.474502563477
587.028217315674 617.660468101501 480.546234130859 651.358062744141 568.385147094727 579.203860282898 586.465728759766 590.670747756958 737.232456207275 792.550674438477 676.463419795036 688.115310668945 747.773910522461 655.380714416504 703.10221862793 549.820972442627 679.948295593262 714.808879852295 583.665815353394 596.345134735107 638.443740844727 846.300132751465 1159.7152633667 1497.99278259277 836.274408340454 619.89568901062 626.504584312439 513.472579956055 453.592437744141 640.923553466797 594.669049263 677.477516174316 594.085432052612 566.566047668457 510.790794372559 399.715942382812 499.820419311523 550.94506072998 668.057245254517 640.813583850861 638.585739731789 584.525535583496 675.21236205101 639.93977355957 849.941955566406 757.953117370605 753.091247558594 681.790714263916 585.166656494141 579.346488952637
667.775394439697 552.666191101074 504.36417388916 516.656143188477 674.003623962402 730.932777404785 514.989112854004 667.186655044556 807.098945617676 683.054954528809 846.637298583984 758.301517486572 589.012142181396 591.917633056641 725.876768112183 684.059131622314 647.224952697754 726.667030334473 695.985847473145 803.915113449097 883.066132545471 846.472610473633 1085.08421325684 1075.43590164185 834.964942336082 506.75617980957 525.168190002441 489.859504699707 425.366195678711 530.691482543945 599.581490278244 695.577812194824 785.155471801758 693.306568145752 720.403137207031 582.879177093506 761.689712524414 609.949314117432 634.728523254395 636.973669052124 655.68238735199 667.812554121017 681.134563446045 666.537254333496 667.86256313324 642.59178352356 794.013397216797 719.325717926025 682.807048797607 631.372085571289
532.519134521484 622.143272399902 620.174476623535 677.496608734131 668.366073608398 572.464340209961 568.186485290527 751.102699279785 757.496433258057 621.734874725342 724.104248046875 909.935211181641 698.303005218506 518.030731201172 645.563364982605 630.486501693726 608.143630981445 802.754898071289 713.535942077637 817.262765884399 736.905448913574 719.465301513672 856.977005004883 807.637260437012 757.354686737061 717.593818664551 576.738912582397 593.747446060181 625.421810150146 599.855442523956 617.176066398621 656.694757938385 787.309616088867 608.673406600952 613.040538787842 609.509214401245 624.267092108727 675.74893951416 502.120994567871 590.329372406006 671.855438232422 714.69119644165 743.05029296875 634.349973678589 655.730133056641 667.853914260864 825.606918334961 751.264907836914 701.647911071777 654.443053245544
526.243492126465 658.221725463867 638.549087524414 760.20491027832 734.854209899902 685.95206451416 642.220697402954 503.734664916992 649.6207447052 440.895797729492 596.358016967773 741.013235092163 653.358268737793 554.680313110352 603.27161026001 537.805557250977 748.958891868591 814.558165550232 687.290458679199 809.184904515743 723.843444824219 764.650722503662 929.002212524414 762.398246765137 695.134368896484 624.438325881958 489.340263366699 678.636596679688 536.287925720215 596.405659198761 731.442779541016 1081.09802246094 845.117813110352 699.291248321533 558.509574890137 647.41304397583 773.746200561523 711.543922424316 630.170526504517 596.238821029663 610.697057723999 679.017166137695 732.791749954224 709.80647277832 734.190017700195 591.814807891846 701.618804931641 690.087646484375 741.19654083252 729.078804016113
647.357530593872 608.421464920044 773.837417602539 559.101554870605 631.780961990356 635.373121261597 684.235198974609 731.905906677246 632.039426803589 554.899803161621 661.425228118896 704.79404258728 627.70711517334 676.113572120667 625.929397583008 537.508666992188 797.174125671387 872.621490478516 783.798490524292 705.051597595215 900.231956481934 794.566823959351 972.672958374023 618.075283050537 626.598499298096 634.946334838867 563.541038513184 622.688949584961 449.816604614258 533.612670898438 865.452001571655 832.913158416748 928.642944335938 735.424980163574 583.301078796387 655.422981739044 702.455558776855 754.598602294922 711.815170288086 626.419352531433 769.894744873047 745.078147888184 661.284288406372 553.048118591309 675.954620361328 595.682731628418 544.192420959473 648.990478515625 674.073135375977 751.414024353027
657.317239761353 703.972328186035 781.451217651367 679.078971862793 599.353282928467 550.78751373291 722.857498168945 787.854209899902 701.948448181152 642.273258209229 564.956298828125 541.824592590332 592.307456970215 671.442289352417 730.637052536011 621.363845825195 800.946281433105 636.737144470215 731.691361546516 745.124828338623 908.510765075684 856.117706298828 661.526508331299 719.285995483398 610.980188369751 498.411361694336 604.467700958252 507.953437805176 378.546356201172 788.968490600586 766.680564880371 704.416862487793 647.99592590332 603.456897735596 656.803785324097 688.010330200195 706.762580871582 639.527183532715 667.521789550781 684.475708007812 719.099433898926 697.529262542725 586.612705230713 485.770446777344 586.267950057983 590.92707824707 681.477098464966 639.481469154358 756.199905395508 672.871680259705
692.906036376953 695.242958068848 629.018962860107 767.143249511719 538.33650970459 645.393157958984 637.554224014282 608.208129882812 606.833629608154 515.586006164551 691.064514160156 593.552623748779 651.488857269287 685.897266864777 661.751243591309 693.123023986816 762.785666465759 649.477142333984 719.171852111816 790.341464996338 770.306507110596 574.509708404541 573.410610198975 681.354236602783 517.061889648438 529.878074645996 682.82657623291 751.601783752441 653.424728393555 712.240234375 574.359870910645 658.601543426514 692.804992675781 613.404592514038 668.074607849121 640.553253173828 690.879348754883 739.110424041748 657.412033081055 683.971389770508 844.563262939453 564.002708435059 741.757026672363 535.03271484375 618.723786950111 518.679344177246 673.189559936523 655.722354888916 740.204734802246 779.095237731934
639.010165095329 689.502906799316 589.541667938232 629.037870883942 548.856834411621 557.782890319824 631.210395812988 688.012554168701 614.676828384399 580.589317321777 691.781448364258 643.400676727295 637.232748031616 586.607067108154 760.238788604736 786.195070266724 761.225031375885 651.337490081787 578.089288711548 698.205299377441 762.310104370117 766.947128295898 711.477699279785 629.864415168762 362.230209350586 570.026920318604 713.772415161133 916.932403564453 719.254981994629 696.093521118164 538.077476501465 613.243523597717 437.717987060547 582.283699035645 683.098091125488 582.923881530762 610.150543212891 1173.5904006958 939.020210266113 766.299030303955 689.854190826416 602.113468170166 659.263088107109 647.373103141785 618.973342895508 607.293495178223 630.013667106628 604.213083267212 701.710861206055 600.939109802246
616.892712593079 596.788589477539 472.082855224609 506.927398681641 639.155446052551 529.15104675293 545.481643676758 546.328094482422 555.630111694336 547.081665039062 618.820310592651 680.629745483398 707.873146057129 664.082515716553 779.529991149902 813.423522949219 633.862236022949 665.655673980713 694.527160644531 648.147930145264 728.466484069824 776.61491394043 728.285026550293 446.328582763672 488.798889160156 502.565925598145 614.107124328613 886.579360961914 760.3466796875 551.973472595215 569.28540802002 597.519866943359 583.193710327148 632.58127784729 639.491720199585 665.014543652534 643.93254339695 938.504379272461 622.567138671875 670.413101196289 660.753444671631 698.313835144043 596.287563323975 666.103101730347 589.653228759766 678.557243347168 677.368034362793 767.580337524414 652.698692321777 673.315692901611
696.645832061768 594.065719604492 658.085424423218 695.723529815674 616.51469039917 629.569529533386 838.200942993164 722.252128601074 570.173477172852 462.178268432617 597.562480926514 772.618911743164 749.567840576172 682.245948791504 722.361801147461 726.820140838623 735.278991699219 765.893756866455 707.463157653809 699.479530334473 688.80334854126 840.443557739258 806.113357543945 576.483142852783 447.968521118164 401.326736450195 566.395654678345 725.646759033203 686.514289855957 580.159614562988 637.883636474609 565.874389648438 596.732078552246 553.164024353027 624.545141220093 765.532615661621 771.712776184082 922.582462310791 731.41189956665 668.05396270752 597.703342437744 693.409553527832 779.083686828613 548.421875 531.514091491699 569.985275268555 574.918918609619 585.353668212891 599.948413848877 621.866437911987
653.152064323425 462.173919677734 677.931276321411 718.050926208496 677.750423431396 690.918018341064 663.97713470459 591.747665405273 675.264865875244 386.075576782227 538.386177062988 625.898290634155 584.426303863525 599.813289642334 559.182159423828 660.22186088562 551.974899291992 651.594693183899 634.389169692993 638.890027999878 718.916862487793 581.551391601562 641.641649246216 689.698513031006 589.280025482178 612.422652244568 569.857967376709 537.645980834961 506.572776794434 657.392135620117 618.260795593262 559.755874633789 609.980638504028 639.919840812683 718.368927001953 1122.66230773926 1113.08195495605 811.235458374023 773.308502197266 718.969314575195 520.067558288574 553.469886779785 586.019035339355 721.858459472656 734.714889526367 548.506629943848 506.738182067871 550.220886230469 563.007186889648 643.889316558838
