simdem/realisation44.asc
NCOLS 350 
NROWS 171 
XLLCORNER 152620 
YLLCORNER 418050 
CELLSIZE 100 
NODATA_value -9999 
[rows 110 to 131 of 171, columns 250 to 299 of 350]
892.396415710449 622.205200195312 696.980651855469 704.32705116272 1308.67593193054 1207.67070007324 992.865264892578 1225.56224060059 765.61572265625 923.805896759033 798.428754806519 1087.4513092041 1106.66630792618 1082.65212249756 881.395851135254 896.056478500366 1041.80242538452 1090.66195297241 965.88258728385 891.663032531738 828.865859985352 851.983959197998 1111.01997566223 1099.47139358521 1091.10147094727 947.31196975708 755.511661529541 785.164405822754 897.385719299316 912.999000549316 919.915077209473 817.541248321533 932.86018371582 838.550107955933 948.052267551422 1025.34379577637 963.486083984375 891.473058700562 984.065567016602 894.342628479004 591.934341430664 540.519546508789 804.428581237793 727.316068649292 434.376449584961 619.993812561035 817.524307250977 696.519836425781 685.716865539551 699.784290313721
832.915328979492 658.799194335938 528.729347229004 862.84574508667 771.729820251465 852.427703857422 979.442657470703 1117.27024841309 484.182914733887 783.855911254883 737.465679168701 966.857162475586 884.81217956543 810.17115020752 894.013788223267 791.11364364624 947.743835449219 916.18034362793 1002.71320343018 993.664749145508 1168.26393127441 1032.97941017151 1156.32281494141 870.621868133545 988.647644042969 1301.84379577637 860.82213973999 833.043528556824 879.675239562988 843.325440645218 811.373413085938 928.181838989258 941.51049041748 848.522727966309 925.959017276764 1047.16674804688 1110.17810058594 1069.9171295166 904.578380584717 861.509927749634 702.076881408691 699.116943359375 753.94278717041 784.554997444153 634.998313903809 636.354766845703 807.215153694153 611.667304992676 748.926288604736 819.160675048828
907.11808013916 970.565097808838 1000.11287689209 696.57413482666 1154.70049285889 779.895532608032 826.503856658936 802.951721191406 841.088375091553 854.030624389648 616.097717285156 593.086364746094 981.418706893921 978.75350189209 1341.77046203613 997.569093704224 810.848114013672 843.860847473145 870.325946807861 1011.57972717285 853.186837434769 958.672027587891 1313.75507354736 1045.45848464966 1123.96767425537 1072.52233123779 1011.24570465088 1079.39038085938 864.210372924805 937.292022705078 877.372086524963 1042.57200622559 938.413684844971 987.477600097656 855.29080581665 1142.09399414062 1005.51163864136 906.613288879395 791.130859375 689.433555603027 709.749158859253 565.981239318848 853.671371459961 914.457685470581 853.142541885376 814.272860527039 673.729118347168 714.824188232422 691.32633972168 806.626197814941
595.834823608398 806.488342285156 775.233276367188 764.672027587891 805.272277832031 1228.51488494873 776.608406066895 711.001136779785 782.465454101562 804.23974609375 655.50280380249 584.554306030273 719.272148132324 628.392910003662 744.846450805664 823.473426818848 822.839336395264 822.55740737915 919.892639160156 896.025253295898 882.357765197754 787.281242370605 780.340126037598 764.063354492188 710.672348022461 987.044334411621 1065.58327484131 1032.26903533936 1330.25441551208 1265.24475860596 961.774074554443 972.86937713623 960.87361907959 886.347427368164 761.868541717529 910.60567855835 1043.07850646973 623.720489501953 527.462188720703 533.472896575928 671.317985534668 692.958572387695 615.320381164551 854.412223815918 782.866069793701 671.64803314209 636.643840312958 824.956428527832 760.969795227051 897.438587903976
866.397270202637 1146.71911621094 1342.75970077515 561.570465087891 611.198974609375 727.595104217529 2049.18511581421 678.670455932617 1241.56163024902 1212.7150592804 753.883249282837 525.441436767578 777.929054260254 711.237586975098 758.902894973755 935.746425628662 801.648506164551 701.043079376221 800.131786346436 839.827568054199 840.804122924805 965.182793617249 668.587066650391 681.056869506836 775.511116027832 742.341171264648 878.424705505371 942.464206695557 1314.08234405518 1258.45407867432 933.452182769775 894.934120178223 781.346965789795 847.926918029785 661.219261169434 729.65731048584 774.278457641602 960.623321533203 672.992794036865 600.426910400391 772.40633392334 713.578788518906 664.989189147949 789.580108642578 762.091716766357 529.347625732422 473.027725219727 896.172729492188 702.875095367432 948.377433776855
832.955055236816 785.575103759766 672.156143188477 542.328491210938 580.069702148438 1137.39579772949 600.3623046875 710.645706176758 693.580551147461 829.856163024902 730.523063659668 536.081161499023 742.232572555542 687.545671463013 565.075637817383 675.329162597656 684.863334655762 775.766176223755 830.100917816162 731.26330447197 720.142387390137 907.608743667603 813.284896850586 933.536094665527 763.373348236084 833.36540222168 812.086421966553 926.895843505859 1119.25809812546 1645.781665802 1044.48113632202 893.480171203613 784.569097518921 594.483093261719 688.112850189209 817.379989624023 906.806198120117 849.025009155273 858.081474304199 633.457168579102 735.181821346283 761.675495147705 677.5380859375 739.623275756836 715.599634170532 767.126766204834 628.602500915527 709.712802886963 626.643794059753 816.505409240723
877.039596557617 1349.93045806885 635.58366394043 677.676773071289 1184.24209594727 708.625457763672 649.215362548828 1378.94197463989 515.767150878906 876.416641235352 1025.9069480896 691.366870880127 698.812553405762 716.031272888184 648.695362091064 603.460800170898 621.41771697998 669.255908966064 748.274972915649 636.464080810547 727.809173583984 741.565121650696 791.662677764893 784.502731323242 768.71430015564 774.192479610443 960.834685325623 978.303436279297 893.647693634033 793.629669189453 1046.63569641113 923.272720336914 874.117610931396 678.905246734619 732.167346954346 1204.9791135788 1330.08086299896 1767.2102355957 1865.44882202148 1000.81051635742 768.427244186401 901.123054504395 690.53002166748 554.674057006836 729.316745758057 780.607875823975 707.608739852905 718.081673622131 711.054612159729 828.322219848633
521.024261474609 857.833023071289 591.127258300781 497.869049072266 1008.19350624084 708.466369628906 921.570373535156 557.207550048828 807.604412078857 842.486129760742 918.651329040527 827.269404411316 718.59813785553 605.652374267578 671.33593082428 492.676712036133 481.86848449707 671.375015258789 615.888610839844 526.471984863281 691.494995117188 843.767631530762 812.913866996765 879.475021362305 703.859214782715 888.113464355469 923.275205612183 1000.08494567871 872.72611618042 667.369354248047 572.160186767578 801.654556274414 744.10124206543 923.395093917847 906.549392700195 793.782165527344 917.191055297852 1111.36688232422 1510.32110595703 2350.64028930664 1294.88101196289 1039.53964233398 805.646461486816 728.3375415802 864.485214233398 887.163528442383 870.020149230957 877.16291809082 987.514038085938 858.979064941406
536.473754882812 727.617416381836 478.562713623047 709.572006225586 920.624114990234 677.881256103516 1114.31526184082 746.331771850586 856.36572265625 770.735958099365 828.431301116943 677.381149291992 745.027954101562 656.933500289917 595.571571350098 639.091064453125 517.541076660156 780.236261367798 626.967376708984 813.43994808197 836.549236297607 715.473308563232 628.802520751953 690.867137908936 814.014185428619 825.205375671387 871.84895324707 900.799530029297 755.634887695312 585.24674987793 1813.9450378418 2845.86986541748 801.366439819336 959.721103668213 1086.67141723633 963.766800403595 1114.87015533447 1049.79116439819 1228.92335510254 1247.78691101074 1133.27179336548 1324.61891174316 1049.36013031006 1272.14685249329 1319.28881454468 1094.45832824707 1075.88049316406 1070.18792724609 1061.3678894043 894.199554443359
429.189956665039 509.22681427002 501.809463500977 532.255355834961 786.364273071289 1052.03810119629 798.488662719727 836.737663269043 1235.42304992676 860.284606933594 688.942111968994 606.659362792969 658.479187011719 784.009002685547 599.99227142334 551.40087890625 649.307270050049 595.486923217773 793.419858932495 929.997085571289 744.756786346436 857.936920166016 769.175849914551 618.434539794922 802.695892333984 859.905914306641 893.052318572998 903.652168273926 908.954528808594 600.833267211914 523.482482910156 2191.62298202515 810.764289855957 911.452471733093 1131.75201416016 1244.86098098755 1100.09574890137 1330.94462585449 1849.55889892578 1319.20198822021 1104.59798431396 1113.51556587219 914.160850524902 1124.04100799561 1417.39029693604 1552.26881027222 1269.43936157227 1645.45980834961 1760.58154296875 1054.47128295898
533.766038894653 625.96508026123 464.827728271484 281.595397949219 792.282379150391 662.940536499023 901.527355194092 942.693065643311 839.76250743866 595.636642456055 715.637794494629 690.927688598633 559.284133911133 674.432483673096 670.554779052734 515.18034362793 694.243494033813 473.970108032227 648.094623565674 830.891151428223 834.813146591187 842.712455749512 817.625988006592 660.780639648438 667.717088699341 869.212760925293 668.505424499512 920.58024597168 912.544361114502 721.269760131836 638.294883728027 717.891471862793 664.15087890625 892.951900482178 870.610882759094 1021.21028137207 1063.48733520508 1082.7395324707 1469.5731048584 1306.82025146484 1290.97411346436 1143.65036487579 1051.79382610321 977.586738586426 1351.38184356689 1166.24853897095 1314.49437713623 1388.64559936523 1494.37094116211 1836.18920898438
691.11266040802 750.268615722656 554.280685424805 527.968154907227 575.413539886475 435.827651977539 557.737937927246 647.071304321289 839.752067565918 623.084030151367 665.377712249756 683.480361938477 738.382537841797 840.080947875977 726.193675994873 647.623458862305 648.034843444824 622.94881439209 643.660362243652 617.572952270508 821.048889160156 876.573837280273 643.547485351562 725.681625366211 649.383598327637 793.392120361328 854.858909606934 716.123649597168 808.6337890625 672.642364501953 575.326889038086 658.193725585938 753.518699645996 813.867858886719 881.658283233643 1192.30026245117 1064.66397094727 1005.24499988556 1024.09466934204 1058.27583312988 1310.3623008728 1516.53943634033 977.523460388184 842.243907928467 1354.05348777771 1261.42626571655 1303.98629760742 1269.54180908203 1290.11395263672 1504.99040222168
755.548706054688 632.975860595703 697.818804860115 643.733982086182 592.525024414062 522.023056030273 425.005088806152 532.416830301285 874.354049682617 823.237383127213 789.440752029419 764.982948303223 705.649299621582 590.332101821899 663.557601928711 647.838264465332 777.354587554932 751.354068756104 750.215637207031 691.520067214966 717.776797771454 751.744194030762 754.066505432129 873.211936950684 674.324356079102 734.326950073242 632.506706237793 663.574005126953 770.816207885742 740.45964050293 672.823806762695 680.947158813477 568.571075439453 824.929951667786 1010.60606384277 1252.52133178711 1085.81941223145 1041.24291992188 735.75114440918 730.42488861084 894.306728363037 841.159637451172 779.412063598633 762.6484375 805.332504272461 1015.42922210693 1066.52855682373 1137.80541992188 1045.31098937988 1079.63255691528
624.534912109375 759.221797943115 781.091430664062 658.898040771484 665.518342971802 813.097137451172 807.237503051758 590.429332733154 616.941467285156 741.811096191406 765.614166259766 720.497993469238 990.344795227051 768.421929359436 1071.14793395996 764.372877120972 685.56233215332 751.286693572998 781.746898651123 799.129928588867 655.34937286377 604.432151794434 870.766114234924 909.589164733887 707.732872009277 661.575050354004 745.010129928589 751.432640075684 815.976867675781 801.040023803711 633.273239135742 749.595573425293 672.137626647949 749.539186477661 933.500991821289 1173.80267333984 967.130065917969 806.542457103729 832.885570526123 774.06095123291 773.386325836182 895.55753326416 772.083830833435 725.024520874023 739.573234558105 938.070804595947 933.226030826569 1053.26391601562 865.223793029785 877.13277053833
759.255278468132 698.571833610535 911.25080871582 593.457015991211 613.611999511719 774.309192657471 694.342208862305 587.990692138672 702.194745063782 686.607177734375 772.607246398926 670.431289672852 633.859878540039 657.917617797852 1432.74129104614 830.909301757812 608.322830200195 678.622253417969 687.974449157715 704.105228424072 827.962623596191 665.438327789307 801.60375213623 725.747520446777 835.340593338013 941.689270019531 755.775897979736 734.795715332031 694.286865234375 744.285705566406 723.548645019531 1013.71221327782 1010.63819479942 932.932723999023 851.299406051636 983.297637939453 840.476016998291 783.620771408081 776.484498977661 812.540504455566 781.587180137634 823.950206756592 841.300903320312 730.902877807617 769.21395111084 748.486968994141 708.82922744751 775.899787902832 687.808952331543 833.136650085449
726.014787021093 807.543563842773 808.156448364258 700.7981300354 649.417388916016 584.962188720703 571.128799438477 577.289665222168 628.373046875 488.766090393066 620.548797607422 693.943614959717 1049.80236816406 867.567169189453 885.270896911621 855.656982421875 803.879796981812 781.999341487885 781.991144180298 1229.89645767212 662.554492950439 655.685871124268 635.86502456665 653.958038330078 587.665420532227 869.857223510742 761.851684570312 691.1279296875 740.090286254883 701.472496032715 713.77751159668 803.742450714111 903.08437538147 787.043590545654 949.216690063477 847.780380249023 843.202369689941 737.03844833374 793.236619949341 808.078693389893 763.149092197418 765.254529953003 741.795928955078 835.538339614868 717.7255859375 765.918426513672 737.39183807373 751.703090667725 727.011032104492 791.976603507996
704.741874694824 880.608108520508 683.418951034546 658.66690826416 557.280380249023 514.77018737793 589.300308227539 762.421424865723 643.680362701416 703.964744567871 582.380920410156 1151.60691070557 682.695823669434 865.908334255219 945.099159240723 803.964492797852 754.81183052063 759.638984203339 1262.56171035767 621.00484085083 732.453662872314 661.362119674683 646.238851547241 714.139705657959 625.582023620605 612.285972595215 675.054481506348 681.221477985382 676.701782226562 909.10758972168 841.261131286621 858.68278503418 836.085868835449 920.161483764648 996.649658203125 900.081695556641 802.449119567871 780.474367141724 820.695213317871 738.529012680054 713.994884490967 817.345333099365 729.174949645996 643.721420288086 569.794784545898 719.301536560059 851.487586975098 603.541137695312 653.982528686523 710.84321975708
705.759449005127 759.74963760376 789.901584625244 710.389177322388 562.079147338867 604.834030151367 609.024894714355 798.942802429199 668.429389953613 675.002696990967 690.299140930176 589.837070465088 595.410188674927 1137.29388427734 794.82008934021 711.600536346436 797.401180267334 951.193084716797 686.105632781982 955.523727416992 739.686544418335 611.544998168945 713.164600372314 678.663269042969 574.70231628418 656.425994873047 528.26789855957 793.302291870117 802.850196838379 767.488117218018 732.434678077698 834.69149017334 758.130603790283 779.854530334473 811.197763442993 761.96946144104 924.309226989746 793.076820850372 1012.62762451172 903.759876251221 906.226150512695 825.6142578125 780.173593044281 698.048027038574 624.083068847656 513.386199951172 648.65421295166 882.053356170654 775.23365020752 817.285926818848
833.574390411377 720.662408828735 821.397850036621 611.87198638916 577.632034301758 655.885467529297 812.574756622314 891.902725219727 602.842293262482 611.916614532471 719.874546051025 819.651962280273 724.747138977051 723.745006561279 624.053005218506 809.492638587952 508.761421203613 792.406778335571 656.179145812988 754.852043151855 697.687576293945 645.362768173218 703.694025993347 662.946529388428 649.570823669434 690.144950866699 671.926689147949 755.273323059082 621.170116424561 838.335594177246 926.367553710938 887.208854675293 859.374445915222 765.498054504395 757.960327148438 862.412364959717 977.237228393555 731.971519470215 919.799145698547 1069.98411560059 826.014782905579 693.78784942627 911.93185043335 825.84020614624 764.918334960938 629.991470336914 721.867553710938 812.947980880737 1131.65518951416 845.699905395508
764.903639793396 829.41529083252 820.123817443848 608.023612976074 718.323463439941 688.678787231445 742.063022613525 734.037109375 540.058197021484 595.585311889648 656.20467376709 676.140411376953 638.652290344238 582.163116455078 739.10378742218 693.952602386475 730.503383636475 718.230752944946 563.827484130859 698.147045135498 641.117141723633 566.327392578125 652.48949432373 698.132036209106 681.337669372559 624.875663757324 675.461975097656 778.491058349609 727.86238861084 802.868003845215 778.201049804688 941.395866394043 940.16410446167 853.318130493164 693.216285705566 910.004524230957 873.052208900452 905.766424179077 937.952030181885 934.522779464722 880.276916503906 942.936543703079 755.013618469238 822.259155273438 832.948165893555 848.767570495605 682.393753051758 812.156620025635 723.744834899902 1037.35701751709
851.200187683105 880.118408203125 739.260627746582 802.037635803223 676.291496276855 632.396392822266 589.11376953125 684.751556396484 647.336463928223 654.282283782959 711.131072044373 681.010662078857 738.654832363129 614.390075683594 663.614067077637 697.311031341553 776.438940048218 728.845456123352 652.201713562012 696.491485595703 659.670030593872 667.77282333374 615.181755065918 626.241027832031 586.500511169434 644.082275390625 744.488621234894 830.063643455505 664.827568054199 665.44705581665 725.002433776855 608.066497802734 671.764842987061 912.423107147217 904.106258392334 730.584297180176 662.897766113281 866.917900085449 1074.14991378784 991.700704574585 1102.26173400879 1197.04578208923 1074.06547641754 759.815773010254 892.503768920898 926.466433525085 841.11181640625 747.955111026764 662.049713134766 1026.77311897278
762.954431533813 841.131454467773 815.219402313232 661.973182678223 495.438415527344 536.112701416016 609.410045623779 614.774780273438 804.149085998535 668.216163635254 699.806329727173 558.509185791016 658.804344177246 573.059829711914 854.566940307617 703.649337768555 563.79296875 696.756578445435 657.614730834961 764.347541809082 582.930206298828 655.412563323975 665.526523590088 619.701728820801 638.093620300293 590.470970153809 619.093322753906 542.687271118164 554.981826782227 678.58241558075 630.938442230225 772.95378112793 636.336734771729 731.957633972168 544.402038574219 470.713592529297 531.576278686523 652.671844482422 818.439735412598 968.369323730469 1200.25364685059 1187.78226470947 1099.01717376709 1099.19570922852 780.855209350586 839.5646276474 935.430372238159 775.187936782837 903.41001701355 950.900463104248
