simdem/realisation88.asc
NCOLS 350 
NROWS 171 
XLLCORNER 152620 
YLLCORNER 418050 
CELLSIZE 100 
NODATA_value -9999 
[rows 110 to 131 of 171, columns 250 to 299 of 350]
944.403566360474 800.520713806152 859.310526847839 602.012771606445 1239.11821746826 1107.87194061279 845.000284194946 1214.36312866211 728.595062255859 679.908142089844 721.565032958984 844.031112670898 1048.41858673096 1159.83682250977 1089.0383605957 961.144844055176 1113.07162475586 1119.71126556396 677.356048583984 801.437286376953 903.788352966309 866.405902862549 1127.05642032623 1027.68683624268 1023.32276916504 865.710594177246 723.947822570801 781.658821105957 977.583168029785 652.492691040039 659.889785766602 707.187347412109 789.416458129883 839.653116226196 984.669479370117 981.775733947754 1036.60355377197 894.040400505066 981.470268249512 1017.71176147461 755.843894958496 858.265426635742 802.507724761963 788.17565536499 702.967170715332 698.477588653564 652.655242919922 571.00316619873 739.247619628906 756.827756881714
940.84121131897 668.231452941895 485.118606567383 794.253646850586 652.202484130859 582.899978637695 804.379926681519 1212.54550170898 359.972396850586 440.261688232422 504.902404785156 920.470197677612 1033.06516075134 850.116552352905 1011.86553192139 1031.90008544922 793.206867218018 825.390525817871 644.762969970703 808.75927734375 1107.77932739258 900.276336669922 1043.31522369385 890.458995819092 977.677528381348 1404.406001091 891.685314178467 852.959526062012 869.438549041748 690.972991943359 826.304862976074 708.683654785156 797.66822052002 696.442558288574 912.442470550537 903.231067657471 1370.26815795898 1052.7568359375 874.044668197632 1024.78614807129 841.278095245361 832.470634460449 850.051097869873 752.912559509277 704.786671638489 731.333355903625 801.428117752075 631.882823944092 770.201093673706 793.236869812012
919.211515426636 883.984657287598 849.322608947754 688.475776672363 1129.78658294678 583.483673095703 827.977382659912 835.771553039551 793.200271606445 959.42248916626 595.610717773438 665.529724121094 893.67813873291 1048.93657685071 1101.8973236084 935.297836303711 737.519824981689 604.339416503906 673.167724609375 827.94051361084 729.033920288086 822.333377838135 1224.63857746124 1082.49797058105 1028.38353729248 922.005340576172 946.378772735596 1163.06991577148 998.611656188965 1055.4633026123 1054.81256103516 985.435684204102 995.588356018066 924.643068313599 836.367887496948 1078.33392333984 1070.10307312012 985.976577758789 821.801704406738 820.551193237305 786.767593383789 622.407981872559 925.787445068359 971.224868774414 853.159858703613 910.801223754883 653.193420410156 622.529876708984 659.419471740723 781.327445983887
603.894020080566 811.332466125488 723.587844848633 800.233474731445 904.27490234375 1152.75303649902 658.430023193359 814.461285591125 927.895484924316 783.209850311279 753.959121704102 727.91775894165 670.840164422989 672.223943710327 770.980560302734 750.748235702515 790.526875019073 792.858729362488 645.96809387207 615.526016235352 708.333427429199 901.326983809471 870.008917093277 791.719573974609 856.054347991943 1053.3059387207 993.192070007324 1191.3828125 1494.33108520508 1462.99717712402 975.121511459351 908.17505645752 987.943801879883 900.71435546875 746.536628723145 970.437088012695 889.505670547485 720.716400146484 632.378594398499 561.45357131958 559.686592102051 626.817387580872 708.62992477417 857.338050842285 766.3664894104 609.536491394043 573.873413085938 902.408066749573 757.040664672852 860.237049102783
794.192794799805 1168.9270401001 1403.13373184204 717.504219055176 663.462203979492 764.833567857742 2061.71327209473 829.785297393799 1281.52429962158 1290.16652297974 874.380638122559 608.711929321289 634.060256958008 599.407165527344 642.994102478027 904.489151000977 859.959904670715 816.186462402344 778.993135452271 795.096385955811 699.209159851074 830.344024658203 672.547584533691 750.138456344604 802.676042675972 686.689109802246 966.071407318115 1213.82342529297 1395.75269317627 1310.27706432343 992.098720550537 948.291849136353 796.630807876587 868.032897949219 657.381225585938 561.152976989746 649.999000549316 811.313980102539 825.357933044434 641.656909942627 740.388613700867 654.699264526367 836.472465515137 852.499801635742 822.107040405273 592.90007019043 467.635559082031 764.550281524658 712.317291259766 958.298881530762
613.898376464844 795.113891601562 595.998382568359 698.961898803711 660.008407592773 1076.92469787598 636.35994720459 795.225691944361 908.527000427246 926.344574928284 835.456447601318 650.285490036011 714.61573600769 452.67431640625 574.535514831543 539.517379760742 768.941720962524 763.553825378418 766.214857578278 570.567825317383 718.817321777344 755.087265014648 599.924224853516 739.473640441895 700.908487319946 832.074783325195 893.110809326172 886.355091094971 973.571685791016 1617.94477081299 1115.10341644287 1080.60777282715 787.253381729126 696.47310256958 775.064533233643 701.855285644531 783.775741577148 806.035018920898 884.295318603516 596.921401977539 685.830936431885 590.847381591797 800.096134185791 874.165596008301 819.09888458252 829.983993530273 794.111743927002 828.066535949707 620.267350196838 814.63404083252
823.420684814453 1282.81214904785 581.645004272461 683.982574462891 1213.29052734375 594.188949584961 721.734764099121 1184.91268920898 908.891250610352 1108.04977035522 1014.70638656616 601.031112670898 406.907073974609 578.52564239502 532.077651977539 584.786239624023 735.044841766357 616.31371307373 858.917053222656 796.574496746063 694.375 653.055114746094 710.503898620605 658.977874755859 801.644416093826 848.634605407715 916.2799949646 952.279632568359 955.728425979614 864.724517822266 1061.17879486084 886.336116790771 897.837703704834 717.069068908691 850.891960144043 1287.08079528809 1533.25820922852 1924.49281311035 1767.42198181152 1051.59159851074 715.975687026978 819.525763034821 705.213405609131 848.555168151855 891.793487548828 741.142469406128 716.342500686646 775.517936706543 631.302200317383 584.377851486206
619.704254150391 1138.4554977417 662.323654174805 758.485437393188 952.205505371094 620.788482666016 878.053924560547 520.77604675293 777.701915740967 924.070098876953 922.455833435059 743.020355224609 521.297927856445 444.060653686523 627.036762237549 533.23078918457 661.461315155029 732.358225345612 605.853668212891 624.685329437256 554.249298095703 601.07975769043 630.791152954102 770.114559173584 741.468299865723 849.493378639221 984.649188995361 1069.82739257812 928.422286987305 656.660552978516 583.362762451172 969.183570861816 755.306968688965 938.221697568893 1160.27201080322 893.560668945312 952.519292831421 1276.04237365723 1754.11672973633 2242.14929199219 1294.74526977539 1036.37969207764 928.006301879883 869.007125854492 712.968992233276 633.33504486084 795.911758422852 867.35969543457 767.876937866211 735.184693336487
608.20361328125 990.642112731934 700.164226531982 869.462020874023 1043.45162963867 672.6279296875 1041.00160217285 681.17790222168 932.714235305786 713.039031982422 705.38899230957 844.788375854492 726.515720367432 523.248207092285 733.815032958984 683.719795227051 653.072423934937 726.447120666504 679.222480773926 829.75329208374 655.841354370117 715.582054138184 618.881866455078 606.646636962891 777.17956161499 819.54337310791 938.446883201599 892.176094055176 818.573425292969 494.475860595703 1742.37045288086 2813.93225097656 810.278396606445 1043.02682113647 1155.71821856499 919.836315155029 1073.13231277466 1207.93771362305 1321.90222167969 1121.03378295898 1160.4524307251 1241.95677566528 1272.77763366699 1326.41075897217 1400.02269744873 1025.57280731201 1064.22012329102 997.849899291992 990.657211303711 951.371231079102
521.747554779053 630.520801544189 724.719081878662 690.950424194336 885.265586853027 1174.42951393127 852.905178070068 943.085773468018 1339.71728515625 824.177612304688 870.597282409668 924.963817596436 811.010595321655 609.298561096191 711.651092529297 768.851333618164 677.181968688965 652.003093719482 845.343357086182 809.544315338135 732.354835510254 731.32088470459 711.267060428858 660.737133026123 628.521530151367 803.703895568848 818.875743865967 882.684675216675 763.672538757324 771.115154266357 545.931915283203 2031.72038269043 743.505760192871 775.237243652344 1006.33085632324 1264.96157455444 1076.13603591919 1170.13911247253 1687.40882110596 1374.22883605957 1089.06580352783 1238.29489135742 971.348243713379 1092.58234405518 1525.94022750854 1651.97132873535 1221.56056213379 1542.31735229492 1567.66101074219 1125.67895507812
576.053552627563 621.099830627441 604.235553741455 449.68603515625 862.557426452637 921.889904022217 805.177341461182 864.109873771667 973.613510131836 788.341590881348 873.260997772217 896.462421417236 800.477401733398 692.867963790894 707.255227684975 635.298299789429 538.918304443359 590.281715393066 746.34045791626 767.51749420166 783.413953781128 728.387687683105 707.723808288574 778.805740356445 736.747386932373 764.934375762939 737.365098237991 958.802810668945 832.744701385498 939.076652526855 706.074203491211 726.681968688965 658.355331420898 685.939651489258 833.087934494019 923.002964019775 1025.42950439453 890.576881408691 1321.34790802002 1246.75288391113 1307.90131378174 1155.32499885559 1051.6461353302 1023.02667808533 1188.36988830566 1261.55708312988 1262.99374389648 1231.6636505127 1427.08853149414 1734.5486907959
778.79566192627 652.018005371094 699.117034912109 646.452182769775 582.905088424683 410.465042114258 493.805221557617 628.974113464355 660.012939453125 628.7421875 610.526321411133 675.013412475586 870.473316192627 745.754875183105 731.893577575684 678.111083984375 395.076873779297 644.397102355957 736.578227043152 588.015525817871 782.745306015015 705.033500671387 771.528007507324 822.041326522827 742.25290119648 741.649966001511 837.705611467361 691.62230682373 955.211265563965 733.681930541992 562.145935058594 703.690086364746 852.76741027832 667.253479003906 834.191872119904 1113.15356445312 941.274070739746 911.362983703613 1053.79739379883 883.547973632812 1233.83870506287 1435.21309661865 1125.50241851807 816.650871276855 1288.35340118408 1360.02982330322 1083.94448709488 1060.02582550049 1284.24018859863 1432.9029006958
658.476715087891 512.304321289062 635.220848083496 585.458312988281 769.542560577393 485.164878845215 397.043273925781 413.643699645996 644.951713562012 755.399063110352 749.730297088623 764.917547225952 785.533864974976 574.473739624023 616.044662475586 685.636051177979 645.267288208008 728.385139465332 693.68755865097 641.086181640625 690.037626266479 740.308319091797 858.125419616699 776.75923538208 750.307981491089 767.896430969238 594.582916259766 671.806594848633 791.283782958984 702.433380126953 832.626184463501 931.727363586426 544.699157714844 800.952750205994 1044.98612976074 1242.94515991211 1060.67677307129 852.859857559204 722.988090515137 901.718460083008 813.428291320801 811.952651977539 961.704719543457 838.738090515137 973.096710205078 1176.69686126709 1058.26225280762 1063.78234863281 991.30509185791 976.902397155762
702.848546981812 678.878196716309 675.027549743652 662.452404022217 708.412097930908 577.733856201172 566.905906677246 526.258522033691 553.239990234375 778.836987569928 704.950485229492 859.97248840332 1102.6155090332 719.576820373535 1108.31651306152 731.269718170166 588.642837524414 639.101448059082 630.33430480957 586.806610107422 694.327526092529 642.360816955566 931.188034057617 787.717094421387 856.057395935059 535.399185180664 600.453094482422 753.116390228271 894.19408416748 903.484004974365 812.371112823486 890.222068786621 654.46826171875 848.869171142578 892.625328063965 1037.99575805664 960.264709472656 1083.46603393555 946.508392333984 921.699356079102 703.706176757812 682.785797119141 712.593894958496 939.249732971191 978.238616943359 894.453287124634 874.833358764648 974.958457946777 741.515895843506 801.612515449524
665.694923400879 597.886405944824 725.280426025391 735.998688220978 750.39635515213 759.512088775635 651.061553955078 559.113288879395 648.135650634766 618.677925109863 718.008117675781 737.781681060791 844.634918212891 731.59317779541 1370.49184799194 667.892608642578 561.516891479492 673.78755569458 781.916473388672 562.88695526123 626.008529663086 619.819580078125 667.229949951172 700.125305175781 906.022521972656 554.041076660156 822.198585510254 918.161476135254 1021.31782531738 951.9339427948 760.343940734863 934.121658325195 874.927947998047 750.703983306885 890.749237060547 1011.76156616211 928.472091674805 970.359451293945 860.963581085205 755.368544578552 737.741744995117 721.124416351318 688.994850158691 831.416263580322 866.269260406494 850.907342910767 717.992637634277 844.182424545288 745.962951660156 954.733444213867
676.882213592529 775.376773834229 726.909729003906 764.624185562134 732.497250556946 762.634362220764 667.940467834473 662.938055992126 549.307493209839 469.377418518066 456.800140380859 580.979446411133 1178.81120204926 675.55158996582 709.227203369141 751.69814157486 714.535903930664 677.862930297852 684.26456451416 1163.89714813232 622.574310302734 615.636375427246 610.868461608887 839.274406433105 881.211807250977 782.112983703613 809.691818237305 856.670783996582 809.744806289673 718.135417938232 769.854845046997 853.238693237305 904.915467262268 794.933658599854 755.851612091064 825.688842773438 855.151550292969 826.086395263672 826.78454208374 780.620222091675 737.721153259277 721.936386108398 825.101989746094 828.359763145447 836.492457389832 951.53918838501 830.250654578209 853.997734069824 629.683502197266 866.785057067871
798.368051528931 702.178375244141 678.418428421021 804.375534057617 756.224351882935 856.367080688477 811.012649536133 743.124485015869 679.711875915527 564.023685455322 432.999908447266 1243.11158943176 839.231796264648 813.732906341553 1022.09381103516 824.736747741699 793.13285446167 670.753479003906 1184.60721588135 548.251777648926 612.207458496094 615.90943145752 675.560010910034 720.822992324829 694.429428100586 781.213485717773 667.782623291016 779.967475891113 816.320625305176 847.851531982422 788.399482727051 868.905822753906 819.470799207687 750.677749633789 791.349219799042 845.025787353516 844.693290710449 797.082808494568 774.421387553215 744.021999359131 640.093284606934 820.594970703125 765.970958709717 842.390144348145 839.919321060181 908.302581787109 872.440906524658 685.42366027832 631.067352294922 708.353740692139
805.989864349365 594.649627685547 640.830680847168 623.370132446289 768.313182830811 879.583236694336 675.502395629883 741.618438720703 741.859680175781 522.995292663574 541.302215576172 585.564468383789 586.530902862549 1230.4512257576 782.372869491577 878.640335083008 818.947303771973 948.946672439575 767.04647064209 678.075101852417 644.611381530762 600.95874786377 549.745132446289 764.677658081055 786.082733154297 656.076122283936 647.385368347168 646.603677749634 694.919078826904 720.963966846466 726.155924797058 774.978378295898 802.334366798401 687.536613464355 696.483901977539 841.211059570312 927.80354309082 819.154195785522 814.364499092102 888.22114944458 696.989524841309 642.198028564453 741.020866394043 678.734031677246 579.695617675781 546.922744750977 608.777221679688 935.056293487549 766.85620880127 931.1555519104
859.278434753418 647.458045959473 620.700477600098 674.270778656006 811.000854492188 761.314807891846 900.75154876709 727.087624073029 644.731281280518 569.381023406982 545.542282104492 680.144618988037 652.832466125488 659.245361328125 618.066551208496 814.491891860962 775.382385253906 758.697032928467 712.78325843811 722.520818710327 642.454536437988 473.596832275391 502.355972290039 666.429550170898 718.15718460083 790.60913848877 646.339416503906 771.941688537598 687.966251373291 672.892578125 700.351541519165 683.924278259277 836.647637367249 799.843776702881 850.455420285463 984.269256591797 815.717090606689 801.992603302002 1003.95026397705 1186.95571136475 823.12177324295 691.837249755859 818.511238098145 769.200988769531 745.547607421875 762.961914539337 828.191055297852 721.934036254883 986.493125915527 929.729525566101
755.831513404846 768.452234268188 853.994155883789 860.627288818359 812.042797088623 828.039237976074 731.340270996094 598.446537017822 628.118787765503 527.815879821777 675.414627075195 620.37850189209 777.050457000732 747.340126037598 797.248847961426 824.199241638184 798.271583557129 748.396088600159 748.061307907104 634.67977142334 656.658939361572 648.159385681152 645.674125671387 599.928123474121 792.702590942383 736.13500213623 677.919715881348 711.023717403412 789.903305053711 648.035270690918 676.639019012451 825.032894134521 980.835975646973 827.848964691162 725.058952331543 1098.98229980469 940.111473083496 840.949279785156 938.006977081299 941.443672180176 902.019050598145 892.433006286621 757.400054931641 767.363586425781 771.497497558594 873.625679016113 748.259325027466 741.198055267334 712.949668884277 926.854131698608
841.824859619141 737.397171020508 857.432060241699 816.832778930664 687.732856750488 643.825141906738 720.642995834351 616.829124554992 591.310413360596 536.729629516602 670.394828796387 704.39017868042 633.668518066406 739.913542747498 808.711822509766 783.331613540649 753.947751998901 889.35400390625 733.024263322353 643.50072479248 605.830177307129 695.722728729248 764.963905334473 676.437580108643 596.198570251465 764.36510848999 703.772441864014 816.307480335236 719.07179069519 632.654014587402 555.161773681641 765.842540740967 779.098571777344 876.815467834473 939.14107131958 881.592288970947 964.847213745117 972.3408203125 1135.5056476593 953.909744262695 994.347793579102 1099.59013366699 970.251983642578 758.966400146484 865.959609985352 867.058296203613 945.344509124756 898.519866943359 778.889909744263 969.778224945068
736.301750183105 715.432765960693 743.196128845215 756.961896777153 705.867210388184 574.293762207031 544.608963012695 500.238304138184 629.384128570557 700.892908096313 696.274036407471 637.23388671875 738.141082644463 752.401381015778 690.398529052734 709.462841033936 832.811454772949 748.461723327637 657.333236694336 721.107482910156 708.258460044861 671.02783203125 823.073341369629 700.571033477783 658.591690063477 758.145923614502 653.289703369141 720.369071960449 595.017181396484 621.750595092773 650.597896575928 725.698989868164 674.043111801147 554.43684387207 542.515090942383 729.707489013672 670.527563095093 849.082625389099 778.439102172852 980.22021484375 1048.81396484375 956.294540405273 984.760307312012 1053.32326984406 780.064506530762 811.829221725464 904.315897703171 795.032928466797 910.010101318359 901.472442626953
