simdem/realisation51.asc
NCOLS 350 
NROWS 171 
XLLCORNER 152620 
YLLCORNER 418050 
CELLSIZE 100 
NODATA_value -9999 
[rows 44 to 65 of 171, columns 150 to 199 of 350]
390.191375732422 349.542602539062 394.695953369141 318.030563354492 458.606170654297 439.17977142334 468.734298706055 501.532901763916 597.031726837158 670.798889160156 548.967938423157 494.898239135742 681.650970458984 609.032203674316 555.899105072021 620.899745941162 570.212171554565 473.315086364746 432.293853759766 350.117736816406 461.807773590088 528.438497543335 524.031764030457 682.231185913086 422.203231811523 489.446357727051 589.054090499878 604.739791870117 799.480697631836 713.571960449219 782.22566986084 775.634506225586 596.676010131836 578.251525878906 590.946952819824 628.587244033813 639.24779510498 709.688042640686 740.680862426758 668.539405822754 627.166831970215 573.727654933929 549.756996154785 880.371181488037 912.905624389648 599.365145266056 622.94908285141 598.565422058105 1071.91960144043 1238.03668785095
391.384246826172 440.684501647949 395.456436157227 384.824928283691 558.642623901367 480.193984985352 463.967956542969 643.737609863281 669.191925048828 566.808692932129 614.369171142578 541.530868530273 680.647315979004 549.570203781128 519.028945922852 562.591012477875 619.658802032471 543.36554813385 431.051330566406 479.433486938477 374.823974609375 505.300197601318 451.536758422852 525.537958145142 484.661674499512 515.671276092529 657.808319091797 761.321594238281 643.714515686035 807.71240234375 715.801109313965 679.953857421875 628.2331199646 720.022226333618 563.04833984375 712.58374786377 532.917945861816 662.346420288086 644.040884971619 593.969815254211 579.574714660645 705.745498657227 686.583320617676 622.298583984375 679.435913085938 530.602157592773 517.365371704102 517.004386901855 684.816520690918 898.780227661133
399.570571899414 494.771865844727 451.465110778809 405.380409240723 367.83235168457 478.572826385498 487.542457580566 612.711807250977 705.935424804688 653.479263305664 476.696418762207 511.541458129883 632.058151245117 519.618404388428 519.053649902344 659.984016418457 735.775543212891 544.974027633667 581.246974945068 502.828664779663 485.848762512207 559.979921340942 423.888565063477 582.300998687744 501.262966156006 352.666366577148 481.35481262207 606.89811706543 634.784614562988 542.275878787041 572.797609329224 452.58470916748 547.101694107056 576.694953918457 534.490211486816 675.548751831055 603.169432938099 606.34462928772 577.285982131958 466.743301391602 525.419883728027 773.041748046875 736.395401000977 705.411026000977 736.450393676758 658.388439178467 575.02170753479 476.780555725098 609.112906455994 709.930213928223
366.238784790039 527.953611373901 470.528305053711 375.801719665527 357.02082824707 495.636260986328 556.997467041016 650.515037536621 594.107097625732 553.46334028244 519.412796020508 559.983317375183 659.974449157715 617.505767822266 860.975982666016 659.418655395508 742.606658935547 664.004135131836 624.192344665527 548.82326567173 577.007572174072 550.547306060791 499.553798675537 434.661743164062 522.757148742676 424.415397644043 497.11820602417 560.269727706909 591.324947357178 626.692047119141 609.826354980469 598.890941619873 580.244806289673 491.8408203125 613.733207702637 549.261322975159 668.986373901367 535.501068115234 624.306684494019 529.267679214478 550.667373657227 563.283433914185 612.060924530029 460.609825134277 651.198524475098 564.411708831787 544.303482055664 617.453346252441 532.714733123779 502.557800292969
440.889999389648 452.266334533691 573.029388427734 469.366031646729 499.511672973633 592.063068389893 750.634292602539 611.2119140625 634.315444946289 632.62621307373 599.229162216187 573.275140762329 537.869022369385 626.038627624512 800.366363525391 739.772583007812 560.642463684082 617.25382232666 577.782302856445 533.725730895996 581.455135345459 645.847396850586 462.734024047852 421.322814941406 550.044318199158 621.592926025391 537.004791259766 607.505550384521 656.759925842285 496.495662689209 682.782684326172 601.208549499512 592.63842010498 547.966365814209 600.78507232666 589.690124511719 501.06916809082 547.025948524475 508.661781311035 621.791133880615 537.047294616699 525.127670288086 596.138429641724 608.116119384766 509.687602996826 574.655338287354 663.304815292358 575.758899688721 530.193058013916 598.372135162354
515.043476104736 569.14933013916 651.739189147949 618.949317932129 560.519750595093 578.833847045898 708.743682861328 540.573126792908 674.625305175781 697.916976928711 504.136425018311 525.685222625732 518.879100799561 524.472324371338 648.871120452881 712.535932540894 592.645397186279 647.003259658813 682.788753509521 572.511501312256 487.51651763916 554.447601318359 603.338417053223 518.986618041992 523.303325653076 625.492660522461 509.962249755859 591.66584777832 509.702976226807 426.69548034668 415.528190612793 684.864517211914 662.596969604492 776.157485961914 577.284540176392 587.949043273926 502.651610851288 481.518894195557 452.198822021484 414.919403076172 465.903961181641 499.860206604004 507.358734130859 455.329200744629 562.246870994568 543.109578132629 598.852694511414 750.229217529297 637.619922637939 649.447105407715
545.346019744873 577.063011169434 508.685392379761 554.942235946655 559.202884674072 622.378707885742 665.522499084473 472.541542053223 573.262693405151 612.376770019531 623.087928771973 537.967784881592 437.672515869141 622.389919281006 505.32967376709 711.637954711914 475.33910369873 574.491884231567 624.944618225098 539.672134399414 504.020576477051 525.905456542969 765.83224105835 623.134506225586 649.445840835571 654.721481323242 529.576709747314 395.936676025391 428.258117675781 443.393920898438 396.579452514648 501.275897979736 597.73441696167 694.731231689453 591.679393768311 692.275680541992 615.396278381348 460.787895202637 555.42453956604 511.576541900635 545.275661468506 671.255630493164 449.259368896484 491.70711517334 598.477041244507 599.472206115723 740.336700439453 603.940307617188 714.015892028809 538.47908782959
589.675239562988 474.7548828125 457.493560791016 584.74450302124 596.168170928955 502.668197631836 732.801483154297 585.654447555542 544.21318769455 647.878532409668 638.378082275391 555.80419921875 559.006637573242 497.737976074219 533.37727355957 527.219512939453 499.089588165283 617.797756195068 527.601020812988 500.907562255859 437.291595458984 641.249118804932 629.265068054199 634.725006103516 665.505762577057 767.992160797119 627.942245483398 559.478061676025 533.093692779541 493.067817687988 463.34065246582 519.794063568115 532.558789253235 409.846298217773 605.050006866455 712.291061401367 662.241455078125 475.805549621582 782.571624755859 625.622898101807 671.630531311035 789.024459838867 581.859899520874 669.356399536133 660.068138122559 648.848587036133 626.034828186035 457.964889526367 567.149343490601 634.110404968262
724.644897460938 617.642753601074 461.658996582031 701.395263671875 657.553787231445 635.863494873047 628.779396057129 485.064498901367 530.720212101936 612.387809753418 698.256523132324 600.861881256104 598.868911743164 597.043394565582 599.738121032715 491.959381103516 607.711158752441 691.332618713379 333.064437866211 555.115524291992 689.183218002319 577.128273010254 644.46040725708 469.672866821289 527.618004798889 567.800197601318 622.459419250488 651.124746322632 580.258917093277 409.091339111328 477.15616607666 449.513877868652 577.592500686646 466.144226074219 591.548961639404 679.93416595459 761.887908935547 594.3225440979 793.334869384766 635.607239723206 524.122131347656 462.372604370117 456.303810119629 600.940732955933 524.857559204102 532.221752166748 640.476261138916 391.204025268555 615.849815368652 575.712862968445
538.375313282013 454.902008056641 480.65018081665 568.843393325806 588.155414581299 576.813556671143 643.326530456543 625.234008789062 571.254920959473 637.399200439453 587.802297592163 612.875789642334 764.191360473633 470.149612426758 652.514114379883 647.955200195312 645.168567657471 550.228986740112 599.468391418457 557.952003479004 431.868789672852 417.673431396484 534.451122283936 576.206048965454 651.371378898621 595.476825714111 619.883363723755 660.968221664429 662.347648620605 516.602073669434 654.984428405762 556.824575424194 502.960708618164 410.865188598633 522.38069152832 499.402870178223 551.120851516724 786.675598144531 620.346355438232 623.065685272217 483.870651245117 500.102073669434 581.737678050995 614.345754623413 619.781808853149 487.391548156738 470.426445007324 572.539281845093 568.430709838867 464.416358947754
524.851764678955 556.334319114685 489.853534698486 563.134117126465 734.657913208008 724.839157104492 562.000697612762 612.441932678223 599.177574157715 585.840526580811 576.454513549805 592.137382507324 608.0105676651 488.737083435059 454.998649597168 523.994232177734 564.251949310303 612.673154830933 474.200126647949 501.455184936523 550.923667907715 568.465585708618 614.155075073242 522.923492431641 588.21374130249 681.259353637695 711.553699493408 623.687397003174 648.710529327393 589.416408538818 582.381996154785 544.955902099609 506.442283630371 552.00173664093 404.173126220703 499.433418273926 592.183372497559 732.007598876953 778.34733581543 667.17472076416 585.763790130615 629.091152191162 562.905471801758 629.451385498047 613.903842926025 616.884794294834 535.162582397461 360.46630859375 561.749076843262 500.973495483398
501.143890380859 480.034614562988 494.029781341553 471.544776916504 533.457925438881 486.121604919434 540.418442726135 610.215927124023 685.404457092285 496.679851531982 572.445410609245 592.83251786232 550.545010566711 458.449371337891 496.459503173828 520.760555267334 698.651893615723 580.594813346863 488.471290588379 607.326438903809 566.093465805054 519.868877410889 519.275062561035 761.91527557373 671.480491638184 667.820588111877 721.486301422119 630.772317886353 603.883769989014 628.177764177322 506.509475708008 483.612594604492 377.518356323242 541.99747467041 578.280869483948 633.261543273926 621.72802734375 573.474843978882 633.143409729004 602.529439926147 594.938497543335 598.337908744812 603.378871381283 496.121719360352 497.598159790039 639.159959793091 442.162902832031 545.580207824707 613.364200592041 453.404251098633
478.262985229492 580.686332702637 479.194595336914 530.742584228516 422.608871459961 472.348274230957 539.306642532349 519.56275177002 550.988960266113 632.115074157715 454.668746948242 493.205257415771 553.660375595093 574.731510162354 488.170356750488 487.72705078125 594.440441131592 558.639831542969 614.40717124939 560.779447555542 557.120487213135 527.354690551758 481.347190856934 751.839416503906 688.740898132324 630.900402069092 833.143585205078 666.347575187683 676.309867858887 609.207757472992 545.013916015625 660.322444915771 611.10506439209 617.97200012207 692.58723449707 495.719375610352 671.446998596191 794.040115356445 719.37020111084 491.506958007812 444.279281616211 668.913459777832 707.953742980957 654.287172317505 423.290710449219 513.83863067627 571.740734100342 531.988563537598 561.090309143066 422.568725585938
645.327011108398 597.387500762939 565.001337051392 524.858795166016 462.80982208252 555.520704269409 552.735813140869 583.043122768402 557.589426040649 526.384571075439 607.454235076904 625.997180938721 675.945327758789 519.982959747314 437.109802246094 533.969043731689 502.891128540039 622.689613342285 580.653287410736 574.496730804443 557.183406829834 556.790735244751 623.471263885498 627.519569396973 594.583624839783 575.578025817871 716.062927246094 840.069496154785 786.984840393066 530.9951171875 771.443405151367 622.428298950195 602.805305480957 600.020181655884 697.423690795898 732.574783325195 718.037170410156 771.442535400391 555.146490097046 526.704357147217 562.609275817871 675.946899414062 624.184715270996 633.793901443481 674.40746307373 578.346593618393 518.119468688965 571.375274658203 573.236930847168 650.579296112061
387.840774536133 574.471797943115 467.770668029785 634.098533630371 473.153198242188 606.38662147522 557.356637001038 536.806606292725 750.584091186523 712.759811401367 532.568260192871 457.570625305176 641.539131164551 658.689254760742 709.987869262695 584.295616149902 620.36937713623 586.487974286079 624.132589817047 634.012180328369 624.522979736328 636.434314727783 611.847436904907 555.595430374146 439.870697021484 618.544151306152 731.724464416504 521.798561096191 651.07590675354 761.665054321289 738.392448425293 618.85955619812 757.374435424805 687.642250061035 833.45671081543 712.267707824707 763.547592163086 550.231990814209 547.456878662109 670.980278015137 613.584567070007 618.573309898376 598.713918685913 668.991870880127 668.775394439697 614.383799552917 514.337753295898 634.999101638794 706.446662902832 652.020606994629
300.255065917969 504.636657714844 535.880935668945 561.273215770721 526.330020904541 566.985751152039 441.752555847168 455.544746398926 637.773651123047 658.752586364746 539.277750015259 588.0882396698 651.620948791504 692.351005554199 751.670593261719 637.326103210449 498.904811859131 443.159851074219 593.367376327515 645.867660522461 623.337253570557 739.435333251953 654.082248687744 417.345123291016 429.832061767578 569.882753372192 628.464911460876 522.735736846924 607.01265335083 670.48308134079 692.391397356987 528.113868713379 637.083301544189 751.868858337402 733.776336669922 833.994171142578 615.411045074463 602.402891159058 501.258079528809 638.379123687744 802.974304199219 555.036552429199 487.384414672852 537.986595153809 798.004058837891 693.20329284668 549.365463256836 630.760004043579 540.985816955566 555.307098388672
501.330986022949 448.175689697266 688.561233520508 408.943168640137 621.275169372559 525.787822723389 572.328659057617 605.991271972656 650.052360534668 633.198265075684 700.57356262207 577.722917795181 571.299255609512 707.789611816406 603.540699005127 587.456970214844 608.849891662598 613.82865524292 614.581176757812 654.079208374023 586.714530944824 561.414110183716 567.0528216362 487.901145935059 581.073170661926 605.988143920898 585.501203536987 624.725383758545 578.425891876221 608.590816497803 685.722667694092 557.532363891602 645.80175113678 465.908081054688 694.858131408691 694.598976135254 645.628894805908 597.614891052246 584.728713989258 701.613655090332 740.158580780029 678.345363616943 637.334928035736 568.762199401855 672.459595561028 601.103939056396 645.620848655701 666.801750183105 431.24577331543 488.192825317383
466.746353149414 477.632675170898 520.288146972656 518.454662322998 559.529409408569 482.412349700928 487.947757720947 691.656150817871 669.995445251465 696.278732299805 726.549987792969 612.214950561523 609.753940582275 677.564102172852 496.945770263672 541.241613388062 571.056969642639 628.611766815186 750.444076538086 645.891242980957 471.965576171875 458.193771362305 680.000968933105 471.629638671875 654.650171279907 733.296936035156 628.275733947754 580.107050895691 659.118469238281 563.717312812805 718.727863311768 499.070190429688 558.899627685547 546.839752197266 531.224067687988 578.299006462097 656.44242477417 520.062843322754 667.21363067627 880.977081298828 736.728042602539 616.160381793976 650.139280796051 937.858390808105 724.523010253906 656.998603820801 807.453323364258 661.050006866455 702.157180786133 617.557903289795
540.003427505493 510.557689666748 481.945762634277 585.642375946045 622.896644592285 556.962177276611 435.545631408691 506.671880722046 663.456825256348 744.845291137695 763.721084594727 722.204391479492 579.714658737183 700.4208984375 539.32367515564 494.983947753906 394.48828125 433.749137878418 493.688934326172 552.915203094482 428.996078491211 384.250549316406 583.981253862381 498.016822814941 502.519683837891 592.674434661865 664.69758605957 596.587262153625 685.437271118164 601.488269805908 590.791946411133 501.298545837402 618.924659729004 730.436935424805 647.975667953491 647.906296253204 627.808055877686 511.633674621582 461.950622558594 607.985290527344 622.245656967163 734.519134521484 578.565584182739 790.282279968262 819.858417510986 566.541618347168 660.424522399902 622.473142623901 753.719573974609 712.61156463623
421.382011413574 407.774642944336 399.110046386719 532.139300346375 421.335960388184 631.773330688477 534.465877532959 595.766548156738 600.613340377808 714.407287597656 765.789535522461 721.348541259766 632.101016998291 575.522671699524 684.802551269531 574.748241424561 578.045139312744 538.614789962769 584.647171020508 575.900525093079 539.925937652588 570.943795204163 627.311153411865 656.554618835449 504.149879455566 684.877166748047 496.804039001465 489.587898254395 598.842004776001 524.57039642334 517.49649810791 492.509162902832 631.169807434082 497.50267791748 537.600090026855 607.643115997314 634.520677566528 578.835968017578 413.361801147461 438.500762939453 504.06623840332 638.474002361298 589.253713607788 684.441474914551 635.330841064453 583.027591705322 577.748764038086 498.999908447266 537.028396606445 620.150039672852
531.697315216064 471.20728302002 581.050918579102 583.031982421875 572.079099655151 675.997604370117 714.955490112305 575.648752212524 471.8974609375 700.463943481445 707.638214111328 683.888717651367 627.014785766602 816.597045898438 667.077255249023 624.061080932617 548.943667411804 532.377756118774 642.153854370117 593.348457336426 446.736022949219 598.41077041626 666.594718933105 612.288148880005 499.359909057617 422.471893310547 465.885589599609 585.401840209961 551.484197616577 543.276489257812 636.560283660889 636.322540283203 628.717102050781 502.185546875 585.735155105591 577.693653106689 588.46489906311 497.312339782715 612.57948589325 704.478256225586 673.469043731689 708.648704528809 717.156898498535 637.219234466553 634.506251811981 482.554870605469 517.199142456055 554.67960357666 661.044025421143 677.905534744263
548.521635055542 443.479484558105 497.599407196045 503.328449249268 534.381419181824 615.455276489258 606.638854980469 540.556945800781 489.553268432617 689.773620605469 414.638031005859 546.411827087402 541.073093414307 756.483779907227 574.137763500214 467.102684020996 483.664611816406 509.613105773926 509.960773468018 534.341621398926 472.717567443848 640.681381225586 550.05005645752 456.426918029785 387.822540283203 352.31217956543 414.397491455078 555.826360702515 653.709774017334 531.122631072998 740.939895629883 715.515762329102 623.582092285156 647.119407653809 652.378173828125 644.791851043701 726.709342956543 602.323333740234 602.366817474365 512.789947509766 585.190189361572 618.434015274048 746.475952148438 645.122169494629 770.160598754883 607.770387649536 593.265289306641 727.242752075195 829.100708007812 716.693851470947
