simdem/realisation26.asc
NCOLS 350 
NROWS 171 
XLLCORNER 152620 
YLLCORNER 418050 
CELLSIZE 100 
NODATA_value -9999 
[rows 22 to 43 of 171, columns 250 to 299 of 350]
741.375030517578 823.541130065918 870.692378997803 858.328145980835 831.359184265137 745.137176513672 843.067855834961 859.583786010742 824.760787963867 815.236473083496 710.861038208008 717.30786895752 893.367317199707 647.457633972168 728.523509979248 851.624465942383 869.339164733887 737.118230819702 626.223693847656 721.551643371582 716.505492836237 751.453788757324 560.968555450439 743.203125 765.66527557373 957.014846801758 906.156280517578 979.695938110352 756.164095789194 950.449859619141 863.175109863281 -9999 -9999 -9999 -9999 -9999 -9999 -9999 -9999 -9999 -9999 -9999 -9999 -9999 -9999 -9999 -9999 -9999 -9999 -9999
645.744888305664 633.501739501953 640.721984863281 848.677474975586 803.250952243805 714.122207641602 843.274208068848 873.233734130859 1021.35730552673 883.246452331543 985.117530822754 798.079277038574 887.477474212646 893.581817626953 785.872472286224 940.34143447876 976.672206878662 786.145915985107 558.924270629883 666.222923278809 567.359375 618.365631103516 697.473617553711 659.491870880127 759.158256530762 718.486831665039 928.615386962891 860.358291625977 707.950736999512 828.919822692871 723.442497253418 993.511522293091 960.88614654541 716.520618438721 -9999 -9999 -9999 -9999 -9999 -9999 -9999 -9999 -9999 -9999 -9999 -9999 -9999 -9999 -9999 -9999
721.209986805916 1293.78621101379 1152.274477005 761.257633209229 801.189509391785 740.456983566284 738.513221740723 1048.23584747314 916.134729862213 806.441398620605 707.544021606445 1048.3645324707 1074.49133682251 823.890985488892 518.545028686523 800.711761474609 818.967025756836 820.883338928223 744.281600952148 859.538677215576 757.858432769775 871.215133666992 854.211959838867 800.484222412109 844.963623046875 706.259422302246 921.164375305176 807.778749465942 853.165922164917 736.933235168457 896.008052825928 841.253845214844 752.745054244995 590.656860351562 941.375919342041 1156.30191040039 917.707233428955 -9999 -9999 -9999 -9999 -9999 -9999 -9999 -9999 -9999 -9999 -9999 -9999 -9999
831.239282608032 798.731449127197 824.1692237854 713.77388381958 815.889944076538 859.777572631836 970.645610809326 933.82187461853 910.114824295044 1064.44877624512 951.2783203125 975.55826997757 892.657669067383 861.923431396484 880.536750793457 925.610912322998 730.595016479492 709.365356445312 819.622989654541 808.114372253418 961.128505945206 1015.21333312988 1063.44897460938 1169.4024810791 850.080581665039 1005.4291229248 1012.5785369873 733.290252685547 788.444610595703 830.934490203857 680.588180541992 923.249047279358 752.968011379242 599.772102355957 840.435813903809 887.818381309509 833.41349029541 664.201637268066 571.5986328125 603.425094604492 810.751541137695 -9999 -9999 -9999 -9999 -9999 -9999 -9999 -9999 -9999
982.313064575195 861.089333534241 811.216823577881 754.057510375977 961.845886230469 921.501678466797 823.266010284424 781.590751320124 839.453796386719 772.056447982788 807.72452545166 1030.5064163208 854.880096435547 1132.61154174805 668.595581054688 834.781234741211 829.561706542969 687.73713684082 771.189666748047 933.013439178467 1002.34535217285 1075.4962310791 1147.37895965576 1151.37493133545 1029.45706176758 1069.29113006592 984.138053894043 1021.2405090332 1139.17112731934 1057.42460632324 696.699764251709 743.523593902588 734.902786254883 479.660064697266 484.538139343262 888.356347084045 747.073192596436 703.615608215332 539.684829711914 716.288570404053 727.648700714111 604.290740966797 926.228830337524 942.792374610901 1012.96502304077 -9999 -9999 -9999 -9999 -9999
854.226360321045 901.766204833984 891.545665740967 942.596920013428 766.528648376465 835.411413192749 1260.69221496582 796.509310722351 1010.77378082275 873.92830657959 737.309814453125 711.553695678711 611.106307983398 2013.54623413086 714.165802001953 780.392333984375 604.425750732422 598.996490478516 871.402618408203 804.85294342041 844.796342849731 998.610443115234 907.20085144043 1141.59300231934 1102.87475776672 1129.26105117798 1054.05821228027 982.398712158203 1040.9213180542 951.101211547852 667.766510009766 792.763206481934 727.637565612793 442.68115234375 606.62899017334 651.291137695312 995.358451843262 796.513687133789 787.686008453369 791.095685958862 739.010761260986 807.472106933594 909.852146148682 986.109638214111 939.217372894287 923.53727722168 932.368349075317 734.393676757812 732.171852111816 815.919967651367
807.774759292603 888.951988220215 995.485015869141 920.907257080078 935.778533935547 907.083736419678 874.426475524902 703.947784423828 770.909980773926 830.774026870728 880.72416305542 617.969696044922 457.267944335938 1800.51263427734 574.213043212891 652.700225830078 831.510850906372 666.648361206055 911.086441040039 1020.18114852905 1040.72733306885 786.946782588959 932.16343164444 1020.53960037231 1107.09106254578 925.582633972168 1017.11653518677 1059.38290405273 1112.15370178223 1088.89303588867 1028.10619354248 954.739566802979 1100.14215087891 630.475471496582 749.006332397461 653.96949005127 915.808591842651 838.504348754883 771.761497497559 806.215324401855 775.210374832153 844.759819030762 814.253555297852 896.402153015137 1098.42683410645 1093.60459899902 947.817996025085 718.500923156738 685.931114196777 783.149677276611
797.649040222168 842.034767150879 830.423047542572 818.006980895996 882.39998626709 917.350204467773 850.060661315918 807.645239830017 817.950511932373 986.099731445312 993.621887207031 625.79280090332 951.36279296875 463.873992919922 696.224365234375 853.59362411499 842.289728164673 904.418579101562 849.57950592041 758.767608642578 818.206855773926 918.99027633667 1059.37411117554 980.869876861572 1006.72966003418 1369.17026901245 1074.00459289551 1082.02026640996 997.680160522461 1060.34724617004 1125.71850585938 896.495059013367 1019.95933914185 715.346877098083 937.364929199219 1194.49588012695 1099.03458404541 1116.95652770996 893.954044342041 742.139533996582 789.71876335144 812.271537780762 679.453407287598 786.097793579102 769.373935699463 886.03148651123 634.097013473511 570.65433883667 489.872230529785 702.115379333496
769.158493936062 739.504379272461 809.995370864868 970.372779846191 866.642738342285 885.394378662109 641.118209838867 764.29306602478 776.963924407959 778.033473968506 862.080688476562 571.468566894531 1323.42297363281 582.834564208984 723.532012939453 941.783149719238 1019.9642791748 921.69701385498 923.266403198242 899.318496704102 719.748069763184 752.658897399902 934.508644104004 960.735908508301 913.693534851074 859.113159179688 879.01781463623 841.862055301666 793.181449890137 849.48602771759 941.63599395752 1196.45856037736 947.233725547791 948.348125457764 957.851905822754 1008.51918029785 1016.32457351685 977.27484703064 950.450692236423 888.413833618164 817.433937072754 813.818489074707 728.254425048828 942.305849075317 873.635622024536 780.753662109375 673.898105621338 463.876419067383 537.812908887863 851.531730651855
685.189682006836 571.000991821289 751.583220481873 773.583632469177 746.962421417236 673.847732543945 691.710227966309 677.53524017334 681.820709228516 747.868774414062 672.046699523926 1149.00765228271 638.127990722656 736.257572174072 854.246284484863 959.863510131836 1008.36029052734 861.769317626953 837.397988319397 775.905014038086 786.959320068359 948.520584106445 952.091857910156 935.401214599609 817.483901977539 823.268757194281 833.957614898682 797.290218353271 820.732429325581 888.459587097168 933.417411804199 908.282073974609 946.895904541016 1011.28107452393 1112.77884674072 970.110111236572 818.082431793213 849.65084528923 976.006057739258 1317.61539459229 1041.56454467773 1012.08059406281 871.253791809082 906.729331970215 1046.24153137207 838.500274658203 861.42057800293 600.162204742432 606.586442947388 1035.29595756531
682.943965911865 772.879761695862 779.900772094727 694.21231842041 691.723487854004 794.615516662598 735.88973236084 681.630386352539 789.985781431198 791.199251174927 701.009101867676 1317.53028869629 655.603973388672 707.607425689697 759.15025138855 773.665979146957 925.399551391602 903.984344482422 739.95320892334 820.642902374268 743.801452636719 814.6501121521 746.955655097961 827.459499359131 757.846572875977 779.360298156738 816.021492004395 855.774291992188 884.889823913574 865.313446044922 788.146892547607 783.81563949585 798.80785369873 922.277240753174 882.183544158936 864.689962387085 938.680877685547 792.198822021484 827.008949279785 779.756301879883 835.588214874268 798.051818847656 931.362957954407 1601.81097412109 994.660133361816 898.061004638672 1071.54091644287 982.361061096191 879.528762817383 842.605972290039
802.549541473389 663.867496490479 722.611171722412 862.225563049316 888.632995605469 877.894439697266 890.584297180176 851.941417694092 759.222175598145 668.401260375977 980.792633056641 746.515697479248 686.684928894043 693.323013305664 629.247802734375 707.473678588867 784.552947998047 735.360511779785 670.634338378906 525.572799682617 814.461208343506 743.806192398071 806.590351104736 671.50594329834 691.966342926025 718.435165405273 873.375862121582 738.658136367798 772.973193287849 787.104890346527 687.944717407227 612.010482788086 602.887542724609 797.536685943604 763.713920593262 838.128120422363 897.992477416992 696.869934082031 832.797731637955 825.71541595459 844.16424369812 752.203201293945 682.10676574707 960.963157653809 1526.41744995117 764.512275695801 777.932838439941 699.596473693848 999.795948028564 963.562690734863
761.043422698975 758.317335128784 729.591876983643 714.464820861816 786.295722007751 769.05037689209 661.513366699219 770.035074234009 660.965965270996 1071.95406723022 603.428115844727 695.552803039551 834.736259460449 835.423553466797 759.562068939209 898.248016357422 1088.86770439148 726.408042907715 745.392692565918 725.630752563477 766.502332687378 654.049018859863 684.221130371094 704.326927185059 763.37279510498 770.262734413147 806.523315429688 812.167769908905 790.928799629211 857.606132507324 738.551612854004 745.793075561523 848.450293540955 764.465419769287 747.362091064453 831.397144317627 860.131622314453 904.42756652832 858.206924438477 715.401626586914 824.744347572327 879.604459762573 731.416175842285 759.227722167969 810.515884399414 1420.43320083618 874.837467193604 1033.14609146118 1083.1808052063 1017.54315948486
903.676467895508 674.791290283203 602.444671630859 695.166915893555 719.718887329102 743.353809356689 762.964059829712 848.263717651367 789.736199378967 842.21981048584 721.086574554443 752.166347503662 812.987617492676 807.089935302734 782.990730285645 875.536727905273 925.327392578125 870.3196144104 749.070182800293 661.411849975586 770.837696075439 761.209033966064 708.510498046875 618.679458618164 886.060943603516 866.823173522949 796.771411895752 863.42463684082 854.632705688477 766.561298370361 800.379241943359 674.738403320312 656.256622314453 731.745216369629 803.121723175049 798.333442687988 833.367745399475 909.404579162598 827.94952249527 826.676555633545 856.515853881836 799.224067687988 843.990515708923 735.354820251465 792.561237335205 938.666687011719 825.786270141602 1320.2003326416 930.696296691895 848.770858764648
840.779663085938 700.409183502197 734.500129699707 676.085456848145 669.017959594727 853.051239013672 757.801259994507 866.742446899414 900.694695472717 824.643226623535 763.127134799957 673.545043945312 755.555100440979 843.432172775269 1480.92977905273 808.492904663086 724.185569763184 1010.55701446533 1268.72533798218 865.219797134399 931.418144226074 873.898846626282 749.528434753418 621.319808959961 833.893238067627 1004.00578308105 808.776837348938 861.370040893555 957.606216430664 897.050010681152 695.043083190918 616.721893310547 582.631744384766 713.212474822998 886.112083435059 794.879243850708 846.122512817383 737.75399017334 805.4176197052 819.655014038086 1009.6153717041 962.633972167969 819.022522926331 710.484176635742 699.437271118164 802.658725738525 928.695017814636 873.759452819824 846.242134094238 952.223281860352
738.633504033089 681.42610168457 827.413909912109 875.987937927246 736.364319324493 683.764862060547 684.95238494873 1094.11885070801 805.722465515137 740.648642063141 767.601090431213 806.535581588745 727.946426391602 992.233449935913 1070.19895172119 868.3599819839 699.337661743164 680.08869934082 1339.82846069336 850.927150726318 759.540912628174 852.15266418457 700.037178039551 772.959564208984 825.849407196045 777.270532608032 868.243797302246 808.184731960297 713.892097473145 790.598560333252 840.066482543945 826.298538208008 813.55951499939 827.002433776855 804.531045913696 815.614463806152 730.206077575684 675.648773193359 852.841091156006 780.568695068359 831.761957168579 936.635795593262 815.011165618896 707.149971008301 784.401802062988 774.418334960938 928.923138618469 851.502751588821 756.254867553711 709.955520629883
699.754302978516 642.746551513672 717.283517837524 905.45426940918 698.41975402832 695.784252166748 787.123478412628 878.976593017578 719.898557662964 755.404760360718 1377.22249603271 894.254730224609 1151.55360031128 1039.68101501465 852.071092605591 702.310852050781 787.093872070312 1486.45895385742 544.482330322266 1308.42345809937 1380.87627410889 789.325012207031 682.557823181152 769.082172393799 690.038764953613 949.503067016602 802.712100982666 864.772350311279 781.096557617188 826.79289150238 816.898684501648 860.122478485107 725.746116638184 817.3571434021 998.183349609375 755.654563903809 726.320495605469 629.612365722656 822.145062446594 857.377297401428 929.241813659668 992.238464355469 800.452403187752 856.571685791016 870.981094360352 832.222557067871 923.708278656006 939.909450531006 937.932361602783 900.374698638916
642.732063293457 606.513244628906 707.960416793823 858.532287597656 689.687561035156 637.918724060059 658.036674499512 921.377868652344 831.432518005371 796.470054626465 820.16551399231 813.92805480957 795.931190490723 1304.11441230774 1125.01321029663 840.545669555664 661.882278442383 622.066635131836 644.804412841797 748.782104492188 953.729988098145 726.683086395264 751.487808227539 840.916046142578 736.623561859131 798.21563076973 769.346206665039 850.293914794922 751.806228637695 786.445045471191 860.602369308472 778.348163604736 781.526882171631 809.211711883545 810.248562812805 767.078636169434 796.25325012207 717.393218994141 847.674713134766 872.826522827148 739.076850891113 835.685768127441 719.483711242676 729.318939208984 838.168557167053 862.929876327515 911.645450592041 909.609619140625 959.711303710938 771.334442138672
628.246643066406 467.052932739258 618.571754455566 738.839343547821 752.593616485596 732.953155517578 713.281682014465 655.596221923828 594.460311889648 710.699203491211 773.954669952393 840.610294342041 723.439331054688 1018.8204574585 850.388648986816 1149.49484401941 586.610778808594 901.15104675293 666.800239562988 670.094696044922 747.669750213623 761.355491638184 658.679298400879 766.142648696899 784.402632713318 936.583374023438 861.755065917969 686.604232788086 658.67594909668 724.091682434082 824.806282043457 813.479819297791 1025.71206665039 883.124881744385 801.603507995605 785.760765552521 888.264553070068 1013.24070739746 800.87501335144 803.170255661011 1030.51635742188 647.501083374023 645.281967163086 859.948655128479 847.335272789001 846.422769546509 801.220190048218 820.92903137207 898.706268310547 785.811050415039
723.281973838806 629.743461608887 759.945960998535 678.841773986816 744.686508178711 875.686828613281 600.39965057373 572.836883544922 637.002380371094 784.754759073257 984.290132522583 917.11979675293 538.962409973145 765.315321922302 700.860168457031 962.123691558838 894.563274383545 757.828800201416 928.07154083252 695.950080871582 709.453964233398 795.723468780518 769.446108818054 734.315208435059 808.368640899658 769.60218334198 703.506660461426 567.023895263672 720.269744873047 670.454895019531 1155.85507202148 851.605676651001 863.803142547607 771.062213897705 684.470428466797 946.588603973389 1140.33135223389 739.850807189941 778.896781921387 866.516733884811 996.344985961914 724.340171813965 784.63595199585 853.636406898499 906.413352966309 718.639762878418 779.355484008789 914.269626617432 880.813121795654 778.309143066406
684.124822616577 687.815645217896 760.829538345337 690.031600952148 782.596771240234 667.81372833252 764.512420654297 686.153064727783 656.48690032959 641.317398071289 1060.07518386841 1291.58927154541 667.727638244629 650.835319519043 822.597557067871 712.472686767578 842.929679870605 943.219676971436 680.911468505859 675.143028259277 696.11848449707 767.849566459656 835.127105712891 719.793720245361 734.12783241272 775.805562973022 715.824142456055 634.389694213867 729.715452194214 817.406455993652 726.105926513672 700.837768554688 845.8346824646 619.961624145508 733.81217956543 843.366072654724 873.327901601791 1212.50068664551 925.152709960938 1357.95235824585 788.509387969971 750.641754150391 735.380920410156 733.514724731445 770.594306945801 880.366340637207 877.961050033569 956.216209411621 816.910624742508 850.510420799255
616.909942626953 747.777406692505 827.381950378418 769.725803375244 718.482676506042 709.538661956787 633.981216430664 661.215999603271 825.366600036621 782.879615783691 775.466827392578 718.058617591858 838.318176269531 869.180557250977 881.000305175781 750.656890869141 865.026428222656 754.238138198853 671.310806274414 727.123069763184 759.558239936829 753.011095046997 709.755416870117 655.479072570801 593.768356323242 731.31142616272 844.298248291016 607.646530151367 634.57160949707 1028.91148376465 515.931274414062 492.814498901367 727.572647094727 734.455955505371 727.27409362793 903.35534286499 886.837102890015 881.612041473389 1005.0376739502 840.688382148743 819.610019683838 622.402572631836 734.196754455566 785.163558959961 882.812118530273 938.715347290039 910.137359619141 839.031907081604 871.705753326416 960.578029632568
