simdem/realisation94.asc
NCOLS 350 
NROWS 171 
XLLCORNER 152620 
YLLCORNER 418050 
CELLSIZE 100 
NODATA_value -9999 
[rows 66 to 87 of 171, columns 250 to 299 of 350]
635.107257843018 658.550113677979 600.109642028809 674.779880523682 651.584979057312 559.119201660156 693.289897918701 725.000907897949 610.087306976318 678.240768432617 764.006664276123 704.082874298096 736.377117156982 728.365585327148 795.430641174316 638.994012832642 538.190658569336 509.728164672852 596.791381835938 647.019840240479 537.481857299805 692.109720230103 723.154064178467 723.634757995605 708.143202781677 740.071461677551 644.055461883545 731.126373291016 641.451324462891 667.358688354492 690.521976470947 776.818817138672 743.183847904205 574.96110534668 715.088359832764 671.861358642578 557.917572021484 539.122055053711 725.71369934082 653.321762084961 667.027770996094 670.249404907227 810.271450042725 555.932662963867 638.141059875488 788.676326751709 625.532768249512 815.080215454102 633.237716674805 712.880897521973
692.32759475708 643.032152891159 695.826343536377 737.45002746582 692.087509155273 626.971391677856 662.500790715218 638.513293266296 618.854824066162 662.97253036499 622.215282440186 613.471446990967 615.198341369629 609.134857177734 594.032905578613 567.911003112793 563.471313476562 620.983917236328 568.658363342285 656.917419433594 624.939796447754 603.789138793945 722.837326049805 685.05463218689 693.972694396973 629.363548278809 757.769710540771 689.042232513428 843.31787109375 642.28955078125 606.298278808594 752.74743270874 750.976974487305 686.981252670288 631.551872253418 591.203262329102 638.803718566895 667.502471923828 555.688003540039 608.231880187988 969.444778442383 1156.19427490234 835.372276306152 561.14714050293 721.529960632324 719.258491516113 623.416435241699 694.053131103516 767.741622686386 732.794647216797
649.433898478746 724.448629379272 656.885101318359 841.784393310547 722.396064758301 641.23985029757 682.15552520752 688.32706451416 518.227485656738 803.365951538086 574.465354919434 657.837711334229 497.018630981445 555.857444763184 653.844818115234 620.174041748047 575.673690795898 655.860803604126 684.363038063049 643.998382568359 578.095985412598 614.421524047852 540.399673461914 635.023536682129 679.06976890564 747.28539276123 680.839550018311 743.987812042236 859.574676513672 661.749984741211 670.643043518066 766.042877197266 709.498892784119 653.954120635986 684.511295318604 713.857886791229 654.11759185791 707.668563842773 590.024459838867 689.494686126709 536.925872802734 654.103569030762 1101.29830169678 1470.56760025024 873.123713493347 740.972188949585 699.08264541626 717.318849563599 698.483520507812 633.364440917969
435.603713989258 599.978736877441 582.59806060791 648.950389862061 821.663284301758 578.120162963867 611.9202709198 660.033458709717 649.545511245728 809.924514770508 683.005332946777 577.051902770996 637.699663162231 605.848407745361 825.982330322266 683.142377853394 733.344665527344 714.991054534912 697.532012939453 662.442650794983 633.172313690186 555.058135986328 582.556663513184 679.851816296577 768.980094909668 691.840534210205 742.56226348877 731.518474578857 728.788299560547 615.732223510742 513.942596435547 697.217814445496 693.860580444336 775.194171905518 784.750846862793 814.957740783691 762.065433502197 652.122123718262 696.701560974121 538.004257202148 582.391067504883 785.656307220459 855.04768371582 754.224643707275 936.615112304688 1369.24046325684 696.132286071777 598.03776550293 645.5380859375 826.174030303955
514.049774169922 363.240661621094 582.940895080566 651.293544769287 601.899208068848 602.074253082275 612.327217102051 640.776016235352 749.000541687012 520.718185424805 684.634063720703 642.55460357666 619.312461853027 632.301712989807 642.368981361389 672.97615814209 719.513530731201 639.26895904541 723.748611450195 619.034790039062 717.407251358032 553.620231628418 609.183120727539 708.798367500305 688.752470016479 577.937728881836 526.446823120117 614.024108886719 736.737075805664 728.514114379883 602.772758483887 540.890869140625 641.151214599609 684.651743412018 727.948143005371 716.397936820984 648.595504760742 731.845285892487 691.104900360107 730.833539962769 618.959121704102 803.770080566406 729.600083351135 679.99303817749 625.901847839355 664.139297485352 833.745277404785 1177.26787948608 915.829093933105 737.192921638489
538.32918548584 518.57942199707 556.295860290527 729.099884033203 721.987823486328 657.420404434204 584.99674987793 629.7802734375 578.979637145996 482.551513671875 544.274833679199 548.893737792969 575.380664825439 552.035385131836 680.9137840271 682.919202804565 708.66304898262 735.315444946289 636.600662708282 677.833741188049 673.835978031158 656.816749095917 625.696418762207 708.462268829346 683.929121017456 688.41036605835 567.228286743164 745.918628692627 724.172515869141 758.650421142578 794.370422363281 749.860515594482 778.968940734863 708.499118804932 764.808158874512 669.251408576965 700.251699447632 750.54093170166 799.548156738281 738.275856733322 579.076507568359 644.765609741211 677.355506896973 743.437294006348 675.472518920898 1313.421043396 697.909324645996 782.110422134399 915.71989440918 651.48819732666
545.504905700684 606.976673126221 627.773178100586 631.836214065552 593.266960144043 551.494445800781 694.434257507324 515.098403930664 656.777042388916 641.456296920776 681.994337797165 734.202835083008 610.17230796814 669.952770233154 705.217910766602 744.742736816406 738.038032531738 612.470714569092 765.898262023926 551.286560058594 603.59944152832 671.519729614258 657.840358734131 666.166677474976 745.406341552734 629.526950836182 735.140232086182 799.925201416016 684.336044967175 814.450630187988 801.855178833008 891.132736206055 721.204176902771 668.907741546631 720.241755962372 664.518245697021 626.397125244141 727.859161376953 621.028717041016 618.255905151367 524.878845214844 1151.45265197754 706.599987030029 575.4267578125 730.503565788269 827.603012084961 762.495010375977 664.416564941406 712.655757904053 815.598258972168
557.394889831543 543.236671447754 772.121351242065 603.048065185547 426.642822265625 415.837188720703 697.794551849365 686.797309875488 509.673492431641 616.673839569092 812.645370483398 683.594234466553 695.428123474121 645.845612049103 773.758941650391 658.181232452393 610.057769775391 639.565843343735 666.883466005325 556.154922485352 589.460269927979 686.880792617798 610.965911865234 642.816915512085 666.276081085205 652.617511749268 631.239067077637 628.038124084473 705.554862976074 735.736400604248 772.759414672852 755.733585357666 637.525505065918 791.405067443848 698.392482757568 696.057674407959 595.190971374512 640.605125427246 704.38885307312 691.844871520996 535.055541992188 590.116653442383 726.955520629883 1182.507396698 825.333251953125 842.610130310059 823.078346252441 710.317352294922 1034.43688201904 722.705030441284
705.586853027344 581.289844512939 465.960334777832 382.874145507812 360.615631103516 586.955207824707 741.428022384644 830.611930847168 725.409446716309 658.692079544067 743.746469497681 644.645565032959 666.637561798096 819.043075561523 673.691329956055 652.014156341553 592.855129241943 650.393452644348 658.987014889717 617.381900787354 449.042236328125 595.053997039795 622.196517944336 620.940299987793 716.943302154541 699.823049545288 692.948287010193 595.701522827148 608.534812927246 767.437141418457 738.065567016602 743.115852355957 677.631078720093 836.737380981445 576.852684020996 708.186222076416 702.299892425537 733.310701370239 660.875343322754 582.874725341797 554.757499694824 861.647682189941 514.89225769043 1003.84004211426 989.887573242188 708.97705078125 820.009773254395 652.048492431641 715.997116088867 997.857149124146
631.573656082153 528.504684448242 617.924076080322 411.89079284668 611.64507484436 648.376070022583 701.581699371338 743.946014404297 717.97532081604 769.659980773926 792.005735397339 864.124408721924 770.435508728027 685.680122375488 563.756462097168 525.047348022461 741.342292785645 800.647125244141 534.24292755127 580.789604187012 526.192199707031 511.571655273438 689.893068313599 640.160949707031 506.320007324219 410.767578125 665.848609924316 595.245895385742 530.708099365234 645.76781463623 610.072612762451 612.803009033203 748.119235992432 704.406829833984 674.395259857178 684.496124267578 771.697788238525 756.744226455688 666.647315979004 595.923736572266 766.763206481934 901.024322509766 717.826431274414 637.658660888672 710.904602050781 910.231430053711 752.679275512695 591.612152099609 842.168617248535 970.309783935547
586.556133270264 629.115013480186 681.016777038574 684.831800460815 693.194478988647 617.084552429616 661.869499206543 631.062622070312 745.795821666718 858.839492797852 704.137035369873 732.915463447571 574.745140075684 577.814971923828 496.591079711914 640.473224639893 664.798229217529 745.496910095215 605.51554107666 658.986987113953 613.183624267578 582.782165527344 604.136039733887 761.463973999023 610.251495361328 540.643096923828 532.683685302734 690.86732673645 748.61986541748 836.671852111816 692.440780639648 565.983184814453 571.882614135742 743.525379180908 523.288299560547 829.41584777832 754.644646644592 565.374465942383 695.813351392746 665.209350585938 758.932558059692 741.411247253418 735.095275878906 684.795562744141 657.545379638672 635.787132263184 664.12329864502 685.602935791016 698.630737304688 738.553928375244
657.91613483429 678.982311248779 696.62325668335 595.813961029053 771.945671081543 749.467414855957 610.900665283203 547.41918182373 713.35556602478 689.50316619873 636.042739868164 667.325582504272 570.267505645752 740.656944274902 530.761291503906 581.227043151855 787.901962280273 602.929615020752 501.02880859375 610.029663085938 624.351848602295 823.797103881836 633.967147827148 738.026885986328 786.756980895996 679.59738111496 691.585379123688 635.83519744873 681.441103935242 751.883403778076 649.269298553467 692.973150253296 598.502351760864 665.321968078613 786.637145996094 742.280790805817 775.663070678711 788.570838928223 660.117216110229 660.315267562866 971.899089813232 783.517156600952 852.889453887939 1050.7382850647 898.424723625183 695.801162719727 868.665360927582 733.135757446289 760.51953125 1162.39484405518
587.871078491211 571.365982055664 586.230304718018 527.933975219727 691.638175964355 633.915619850159 524.60424041748 428.802337646484 546.48371887207 826.198867797852 628.14489364624 686.675945281982 670.993647575378 802.109481811523 689.46205329895 581.205764770508 635.561401367188 738.330841064453 670.030117988586 575.157272338867 599.832107543945 631.704448699951 733.651870727539 655.632102966309 592.074577331543 816.513671875 716.876476287842 525.078399658203 673.600120544434 707.8157081604 678.265445709229 666.218776702881 565.970748901367 627.940841674805 651.506118774414 604.535903930664 745.4310131073 676.90625667572 612.153987884521 775.12967300415 551.56706237793 1274.97575187683 1084.4671497345 842.73828125 841.751808166504 774.118530273438 690.344696044922 782.171173095703 948.156768798828 746.550964355469
511.283332824707 530.678932189941 635.771151542664 635.382233321667 650.614990472794 683.264409065247 639.009181976318 608.753402709961 734.421035766602 703.929598808289 583.974349975586 816.030937194824 759.906272888184 599.970108032227 795.244483947754 658.294584274292 606.970977783203 634.055635452271 561.220512390137 719.495742797852 736.716985702515 733.70528793335 698.210838317871 714.368663787842 742.623308181763 705.571490287781 725.68278503418 755.488578796387 644.760540008545 689.516378641129 714.957962036133 629.396783828735 558.641265869141 577.855892181396 593.018867492676 586.780128479004 696.054765701294 621.245227813721 570.387199401855 725.962135314941 543.520111083984 895.670021057129 1082.65975928307 867.505035400391 1030.89540100098 854.910942077637 1150.85489654541 745.980415344238 692.296539306641 673.9482421875
622.737724304199 663.550830841064 633.514756202698 621.640131950378 588.799761295319 669.702074050903 714.116870880127 653.213020324707 740.600677490234 638.120548725128 568.137619018555 592.028259277344 720.174565792084 711.520240783691 697.679578781128 625.02659034729 617.466453552246 534.83332824707 520.705383300781 730.069398880005 705.11923789978 635.149389266968 648.957727432251 726.269424438477 799.679962158203 616.269506454468 649.510900497437 494.754333496094 742.275493621826 697.896049499512 687.359039306641 719.891681671143 565.082595825195 516.138961791992 591.289039611816 635.666851043701 479.02848815918 715.98356628418 584.415054321289 809.532075881958 608.647430419922 766.753555297852 807.314926147461 1162.00662994385 665.778793334961 682.740585327148 1385.51429796219 708.995010375977 554.378921508789 752.605308532715
650.357583999634 728.808380126953 530.532600402832 589.238189697266 743.887138366699 511.795509338379 638.298400878906 635.6865234375 707.522311687469 726.03539276123 548.126098632812 599.537178039551 560.919624328613 521.381828308105 718.915180206299 668.409185409546 774.940673828125 626.446212768555 643.468921661377 744.259199142456 726.981830596924 672.546138763428 763.207656860352 702.430016517639 799.181930541992 536.566871643066 651.745307922363 688.260219573975 638.973785400391 620.217980265617 688.654584884644 718.094718933105 753.013145446777 609.773544311523 651.218055725098 623.790367126465 557.273475646973 675.264987945557 610.881629943848 631.546691894531 631.848327636719 756.714889526367 745.248056411743 817.094627380371 773.054763793945 556.771224975586 1040.46714782715 741.94482421875 681.063606262207 801.903114318848
599.999332427979 708.383224487305 661.939788818359 544.542755126953 656.502857208252 691.032779693604 660.792360305786 608.764822006226 705.815116882324 583.731674194336 632.42077255249 541.666290283203 680.350742340088 421.136428833008 535.332504272461 614.908336639404 562.652160644531 652.947440624237 720.063888549805 614.129432678223 646.676296234131 613.175254821777 816.550140380859 777.256954193115 666.163586616516 586.991722106934 724.618553161621 744.853466033936 685.19885635376 768.586360931396 805.258415222168 692.130944252014 839.930267333984 671.727596282959 586.106216430664 548.9609375 579.43627166748 558.712364196777 678.176148891449 723.770576477051 680.799835205078 760.771820068359 597.928260803223 909.841821670532 919.674785614014 576.175247192383 627.72135925293 725.37491607666 786.966613769531 979.415802001953
670.542068481445 609.893688201904 825.469848632812 648.41805267334 767.863655090332 766.773635864258 748.660766601562 732.660873413086 523.64453125 542.530326843262 606.670066833496 685.795783996582 705.617485046387 659.414057254791 620.462293624878 637.71283197403 609.847204208374 702.251140594482 513.790077209473 761.131053924561 712.579321861267 584.887519836426 604.234994888306 648.835990905762 621.868507385254 724.804365158081 709.021409034729 658.853902816772 524.425765991211 696.760772705078 815.552764892578 726.828544616699 669.702945709229 684.96533203125 635.791770935059 583.790489196777 680.28027009964 756.447570800781 691.02850151062 776.445899963379 615.20068359375 1116.47417068481 686.409530639648 690.530723571777 1046.84043884277 768.343181610107 920.182556152344 728.644523620605 749.682159423828 759.040348052979
657.716740131378 670.920692443848 648.276779174805 664.930076599121 718.785102844238 682.496004104614 575.693378448486 755.902847290039 588.696584701538 676.382911682129 548.733032226562 622.338085174561 583.954223632812 918.733100891113 1064.49793243408 706.127655029297 800.124202728271 705.627147674561 627.729343414307 606.615005493164 796.653709411621 699.426921844482 693.906504631042 788.375213623047 594.062000274658 680.666666030884 709.818809509277 707.549946606159 616.046882629395 700.948457535356 853.494232177734 659.069961547852 642.258922576904 656.16234588623 653.1640625 651.924550294876 596.246200561523 752.520889282227 615.770942687988 720.756286621094 634.694793701172 685.100021362305 771.263931274414 633.29972076416 777.88782119751 814.176666259766 767.014984130859 681.652160644531 652.403091430664 638.497131347656
610.142101287842 660.512813568115 550.936935424805 665.639987945557 647.024820327759 605.704343795776 708.319160461426 616.406173706055 688.266233444214 694.233711242676 623.004644393921 544.855392456055 588.08595085144 732.482574462891 532.865653991699 730.555694580078 645.176162719727 598.966613769531 606.026996612549 733.152797698975 652.882251739502 731.801502227783 699.332968711853 620.693264007568 616.586601257324 734.08939743042 736.858575820923 710.574992179871 670.542541503906 673.123657226562 769.03360748291 609.348190307617 688.029201507568 909.794708251953 839.035034179688 679.941928863525 615.830230712891 461.283630371094 644.462577819824 945.416412353516 992.236099243164 643.407154083252 956.914123535156 707.570877075195 601.038101196289 781.365140199661 717.728775024414 660.797653198242 723.289112091064 1027.42695617676
811.487823486328 785.593170166016 766.476959228516 639.068382501602 678.616706848145 541.069816589355 618.626861572266 683.666851997375 699.654674530029 575.373832702637 665.331582307816 592.167541503906 545.797348022461 433.534408569336 570.154460906982 751.279331207275 663.729682922363 742.861198425293 688.862810134888 689.973164031282 683.385887145996 717.681678771973 1315.30522918701 610.433486938477 558.314071655273 595.694717407227 734.956321716309 815.365455627441 589.777549743652 727.292926311493 771.986415863037 797.667110443115 798.196277618408 774.541702270508 753.254951477051 571.639938354492 635.359497070312 667.851440429688 608.119110107422 1162.06219482422 728.588363647461 731.981194972992 711.009243011475 1419.59829711914 651.830596923828 1754.92729187012 877.318977355957 784.592209339142 1132.03489685059 804.835105895996
1232.01159667969 1156.77487182617 739.370853424072 713.84742641449 543.680068969727 602.83283996582 727.742378234863 612.483043670654 618.131843566895 728.26651096344 588.132820129395 830.255226135254 740.998107910156 670.189590454102 626.765747070312 1031.27098083496 1062.52951049805 526.158645629883 644.116987228394 636.371229171753 661.293660163879 670.877655029297 676.261873245239 710.246883392334 684.458679199219 670.293033599854 689.755905151367 715.126117706299 723.589454650879 703.269428253174 796.004337310791 939.527709960938 879.407470703125 784.783489227295 743.916534423828 685.217254638672 633.19197845459 638.775165557861 778.204780578613 857.754238128662 659.377256393433 741.834521099925 643.517364501953 657.78044128418 973.400756835938 1041.49377441406 853.981929779053 908.031204223633 918.633125305176 688.970993041992
