simdem/realisation22.asc
NCOLS 350 
NROWS 171 
XLLCORNER 152620 
YLLCORNER 418050 
CELLSIZE 100 
NODATA_value -9999 
[rows 66 to 87 of 171, columns 50 to 99 of 350]
524.833440184593 441.601734161377 337.885299682617 551.082656860352 412.66220664978 387.299800872803 348.557685852051 469.718322753906 427.61077529192 330.469379425049 342.139457702637 421.355194091797 397.804039001465 325.998943328857 295.909889221191 131.146957397461 70.6542053222656 263.728561401367 382.2809715271 353.851744651794 473.413536071777 316.529487609863 370.895559310913 268.429817199707 284.464309692383 329.43431854248 347.762706756592 437.035930633545 492.26237487793 116.819763183594 190.714172363281 267.274658203125 209.613510131836 251.539642333984 444.899505615234 417.157742500305 473.237770080566 437.942628860474 539.768630981445 537.328262329102 615.852691650391 430.41161441803 362.125511169434 456.162633895874 316.741439819336 434.193176269531 529.081840515137 290.349136352539 310.055099487305 311.067504882812
461.058364868164 466.055210113525 480.930416107178 526.338096618652 429.870273590088 361.098831176758 343.968757629395 295.75940322876 461.624412536621 551.798309326172 349.968043684959 363.838491946459 332.801900863647 250.093322753906 261.402061462402 382.839015960693 348.851179122925 362.358917236328 393.908367156982 265.268333435059 311.610908508301 402.079563140869 218.305648803711 391.801432132721 480.378936767578 285.44123840332 395.115957260132 465.545776367188 422.898195266724 379.474438667297 290.083442687988 324.292572021484 332.018432617188 319.011421203613 371.850101470947 432.488288879395 390.623722076416 629.094360351562 407.408285140991 401.41944694519 544.475425720215 476.244689941406 432.812520980835 391.436935424805 295.449890136719 498.336471557617 477.611419677734 295.969604492188 329.453765869141 326.818984985352
562.890449523926 478.160319328308 375.915267944336 385.356658935547 397.740973472595 417.266435623169 421.36927986145 471.253707885742 486.373573303223 311.285781860352 351.724353969097 394.967267990112 339.236810684204 352.064715147018 409.190353393555 388.030872344971 388.516439437866 464.919700622559 382.622615098953 368.045892715454 379.744019508362 559.379455566406 405.024284362793 411.530054092407 386.465720176697 435.517547607422 435.83727645874 489.751068115234 442.477294921875 329.95845413208 430.540704727173 300.829315185547 383.449924468994 496.217552185059 404.685699105263 362.59440612793 445.732765197754 329.905395507812 374.334785461426 350.113235473633 351.105339050293 381.706336975098 327.466529846191 418.691705703735 431.776608467102 513.915542602539 488.935646057129 274.008178710938 308.396148681641 356.507415771484
527.748500823975 583.900985717773 538.758720397949 364.662570953369 380.851825714111 483.79695892334 367.684936523438 410.399101257324 504.26496887207 403.286682128906 373.741437911987 363.052452087402 421.010604858398 223.820938110352 416.314414978027 427.446311950684 504.745132446289 432.012026351877 506.719802856445 310.514938354492 313.870468139648 448.966896057129 537.395462036133 353.368270874023 410.599093437195 584.249450683594 381.673401832581 525.468589782715 390.050275564194 297.618209838867 345.191394805908 269.157669067383 426.48232460022 533.46900177002 476.330841064453 333.589000701904 264.629470825195 493.831962585449 436.367643356323 348.234321594238 274.465942382812 261.407424926758 358.990982055664 567.264701843262 650.444183349609 704.412826538086 498.632144927979 316.184158325195 358.029556274414 417.459175109863
573.300926208496 497.271896362305 503.563850402832 558.669662475586 462.75617980957 268.139350891113 372.939250469208 420.513862609863 313.815269470215 390.382713317871 429.025444030762 343.642845153809 378.991979598999 416.372604370117 393.532230377197 480.143127441406 537.732223510742 489.508728027344 432.458721160889 334.845901489258 376.390959739685 352.198574066162 524.306915283203 427.375503540039 424.871917724609 435.270275115967 429.406452178955 369.967939376831 359.010829925537 411.146973609924 319.691879272461 394.034913226962 377.851545333862 505.94034576416 422.986368179321 399.892072677612 421.213872909546 432.708106994629 317.581161499023 264.37483215332 318.969299316406 354.213172912598 450.344734191895 681.758178710938 691.908981323242 528.417015075684 448.267359972 501.141994476318 419.149669647217 444.175939559937
607.002990722656 423.782375335693 514.167671203613 577.245727539062 440.37109375 280.423561096191 427.655090332031 397.958927154541 259.739135742188 312.024082183838 335.123418807983 333.125719070435 461.479415893555 368.033881187439 479.983615875244 668.986206054688 545.758056640625 351.738439321518 388.830661773682 444.426124572754 454.942653656006 334.687309265137 511.493492126465 515.222259521484 427.277606964111 425.245090484619 448.617137908936 466.954795837402 429.693109512329 378.339689731598 402.6309466362 425.911613464355 476.929779052734 484.594200134277 478.335548400879 419.931470870972 395.429395675659 436.651394844055 327.420127868652 629.186737060547 403.728088378906 529.114204406738 380.798179626465 490.316940307617 678.713043212891 565.337844848633 503.424812316895 477.694904327393 613.991653442383 538.129745483398
505.963848114014 481.701629638672 499.157470703125 454.881824493408 449.732196807861 358.947632789612 429.872097015381 332.970672607422 389.797149658203 276.211196899414 443.81063079834 455.350929260254 340.115291595459 452.107696533203 389.834747314453 541.511917114258 449.067520141602 371.148442268372 371.496271848679 495.894256591797 402.041648864746 354.706525802612 402.684812545776 599.865737915039 400.934116363525 329.078605651855 351.731510162354 392.866653442383 313.837593078613 443.3385887146 347.152383804321 247.629653930664 396.784017086029 387.683419108391 528.03678894043 358.71102142334 422.57276892662 347.770988464355 509.57381439209 486.461345672607 440.284385681152 631.593536376953 638.213241577148 668.136901855469 641.321838378906 573.535438537598 494.250400543213 394.657707214355 449.410703659058 508.437721252441
421.51691532135 384.291868209839 410.474326610565 496.64729309082 399.99585723877 218.845031738281 420.828777313232 447.600234985352 455.999359130859 356.025459766388 414.292430877686 415.95629119873 303.500926971436 536.792953491211 471.232757568359 425.223274230957 366.141887664795 360.318767547607 440.358070373535 432.268314361572 377.00196647644 414.955467224121 328.413105010986 518.098251342773 384.768762588501 390.546621322632 401.945146560669 225.837966918945 328.537551879883 290.268363952637 319.637752532959 319.080696105957 483.87035369873 500.785781860352 355.443206787109 448.26441192627 529.521598815918 433.301929950714 374.301406860352 388.525062561035 393.45707321167 620.96467590332 523.960632324219 481.610319137573 532.498664855957 609.826171875 514.567467689514 371.963829040527 383.429664611816 553.902240753174
395.328904956579 381.135299682617 351.423645019531 391.105347633362 377.356762886047 316.777732849121 300.061325073242 367.574768066406 327.231601715088 343.456062316895 519.786666870117 253.804580688477 256.736763000488 434.370597839355 285.638412475586 341.718547821045 307.178199768066 306.834732055664 332.767917633057 564.196929931641 400.396705627441 529.957290649414 422.55477142334 426.397422790527 395.750926971436 386.339546203613 377.387310028076 373.75785779953 426.904541015625 449.229698181152 445.79483795166 312.284660339355 390.925230026245 426.817714691162 266.758911132812 337.842891693115 610.740173339844 465.24840927124 329.866516113281 228.323150634766 388.238674163818 568.493835449219 530.526973724365 441.721086502075 526.215785980225 466.420333862305 496.54026222229 462.57527923584 499.87704372406 467.5696144104
503.63196182251 389.276947021484 541.692947387695 432.998950481415 562.121154785156 422.485885620117 303.32543182373 398.319564819336 403.269828796387 438.106605529785 352.84666967392 276.828605651855 412.779815673828 474.31623840332 337.846759796143 427.065093994141 343.095111846924 304.871536254883 349.952472686768 366.794738531113 428.881820678711 433.783424377441 347.829662322998 435.02278137207 411.679767608643 372.433370351791 482.458610534668 324.194652557373 361.667684316635 500.380485534668 409.879629135132 435.288024902344 512.712738037109 445.724090576172 507.875221252441 388.117235183716 379.7438621521 323.398063659668 469.594758987427 494.452072143555 405.17195892334 481.969317674637 651.702163696289 502.032554626465 332.734466552734 402.868881225586 478.800127029419 431.043914794922 400.861915588379 861.424005836248
794.258285522461 400.317935943604 419.239519119263 440.975811004639 489.057975769043 487.041610717773 216.662826538086 276.999771118164 270.031059265137 264.020324707031 301.643783569336 288.252021789551 499.671829223633 556.915649414062 508.857376098633 445.016891479492 424.647342681885 467.408782958984 425.01868057251 362.55780506134 401.72993850708 374.109645843506 384.548303604126 428.525650024414 433.258110046387 492.748275756836 438.070106506348 312.903614044189 349.911029815674 452.781898498535 375.46962928772 392.896290063858 526.62419128418 486.971153259277 442.612060546875 367.068321228027 483.624732971191 275.375289916992 499.491912841797 420.404190063477 495.01609992981 414.710483551025 374.665870666504 401.792655944824 419.084342956543 493.502698898315 577.544929504395 753.652221679688 429.174911499023 590.410289764404
629.168334960938 600.984107971191 527.393966674805 370.682570457458 422.367153167725 253.362701416016 362.105823516846 301.841575622559 206.935134887695 380.925545692444 348.071624755859 321.601860046387 521.723297119141 499.566818237305 423.56169128418 383.298614501953 377.683304786682 409.14744758606 367.945608139038 451.205833435059 375.499054908752 322.571723937988 558.887344360352 453.873733520508 465.17121887207 399.133930206299 356.304595947266 283.642234802246 321.3674659729 408.966299057007 334.294662475586 432.082929611206 404.329851895571 485.970970153809 520.852249145508 482.912748336792 421.614459991455 432.20104598999 431.755535125732 233.764007568359 400.283874511719 426.331081390381 217.905868530273 463.016023635864 341.178291320801 747.239294052124 498.824951171875 694.465225219727 436.695941925049 658.459678411484
497.537254333496 409.250556945801 325.269549369812 374.58003616333 436.913248062134 442.682842254639 506.522148132324 415.813175201416 315.217514038086 426.303699493408 355.829528808594 360.005038261414 382.861799240112 341.809457778931 439.975479125977 235.348426818848 298.977420806885 297.053894042969 274.32893371582 459.262176513672 410.442092895508 332.421100616455 440.672264099121 465.114379882812 428.580894470215 385.313269853592 410.72555065155 428.804420471191 464.999908447266 434.990886688232 376.908334732056 472.2744140625 493.995811462402 495.554744720459 435.25013256073 362.174865722656 356.789688110352 592.200820922852 445.923740386963 404.450553894043 465.510749816895 518.287275075912 388.591041564941 782.738590240479 750.360504150391 860.412078857422 523.369415283203 553.404373168945 660.886100769043 671.138210296631
382.514492034912 307.848794937134 402.190170288086 392.521182179451 466.163148880005 527.868949890137 462.908309936523 382.408348083496 416.818298339844 518.379821777344 306.228290557861 421.238166809082 358.448133468628 185.495910644531 425.106636047363 430.695335388184 547.736190795898 378.40442276001 371.889464378357 431.51293182373 379.569621086121 257.623138427734 477.670700073242 440.023818969727 415.440413951874 439.995288848877 392.356771469116 408.184535980225 441.450866699219 409.153066635132 319.189712524414 369.635433197021 371.103855133057 461.306549072266 469.535751342773 412.811950683594 480.602342605591 527.303680419922 485.102694511414 467.871757507324 661.571472167969 581.387554168701 773.214012145996 494.079574584961 594.439729690552 646.601140975952 644.150196075439 601.079441070557 536.612035751343 785.478012084961
517.149533033371 494.237083435059 401.192039489746 561.755996704102 467.783966064453 458.713226318359 472.639266967773 418.106494903564 291.933853149414 472.108573913574 422.318614959717 494.029281616211 353.990535736084 340.096488952637 399.456129074097 417.454490661621 328.848552703857 454.081428527832 348.286989212036 269.886840820312 442.616157531738 381.84683740139 461.599403381348 397.367696762085 388.844297289848 327.146331787109 328.193046569824 463.531837463379 433.057548522949 266.401702880859 385.069583892822 324.054557800293 416.213307380676 594.111450195312 650.878356933594 505.7331199646 437.782665252686 645.334503173828 318.388809204102 557.866638183594 551.35887336731 432.099014282227 694.315353393555 432.132915496826 427.000183105469 513.842332363129 564.710350036621 564.149445533752 594.316558837891 735.572891235352
427.216773986816 349.597374916077 518.669448852539 447.019805908203 464.322708129883 330.192928314209 346.568819046021 454.375480651855 493.241439819336 478.237831115723 373.741864442825 389.455905914307 402.580612182617 341.732220649719 385.624315261841 365.901828765869 435.952255249023 435.119453430176 482.739784240723 402.573810577393 532.200149536133 366.785043716431 321.007289886475 490.495796203613 400.870953559875 385.375357627869 355.656007766724 357.556602478027 372.964724779129 219.110015869141 349.799068450928 294.123092651367 395.663513183594 528.872138977051 543.158538818359 510.793037414551 570.771049499512 550.687410354614 428.520782470703 684.588668823242 718.641845703125 465.18953704834 614.834403991699 611.862754821777 546.625732421875 547.176803588867 503.727652013302 608.656639099121 730.347930908203 601.805084228516
526.011840820312 346.121448040009 406.36572265625 379.497997283936 418.572540283203 243.537841796875 363.613399505615 491.431655883789 408.183052062988 565.216156005859 457.788162231445 476.332397460938 371.354624271393 295.752815246582 262.959541320801 272.970359802246 334.706176757812 370.126508265734 348.551933288574 404.579124450684 408.080310821533 469.49787902832 386.788888931274 405.767700910568 365.419878005981 434.250423431396 295.254486083984 319.312057495117 280.123901367188 347.423782348633 426.421113967896 394.678050994873 392.227108001709 441.952772140503 526.347389221191 418.802490234375 631.87434387207 591.387765884399 698.41003036499 604.463340759277 601.33505821228 509.003318786621 463.072767734528 520.118328094482 437.996738433838 525.12154006958 556.470397949219 482.162273406982 576.239124298096 627.538833618164
556.626800537109 403.456192016602 436.356002807617 490.186431884766 548.012893676758 486.810005187988 353.86118888855 353.914026260376 317.324187755585 235.479537963867 328.976583480835 352.461240768433 177.384262084961 253.608627319336 369.067081451416 235.796478271484 298.296058654785 342.715526580811 434.952796936035 357.217851877213 297.099792480469 364.823257446289 452.886169433594 344.72176361084 221.688232421875 257.520492553711 256.483062744141 257.791961669922 314.156959533691 289.088218688965 319.152549743652 408.339237213135 336.709922790527 398.316764831543 481.420544624329 527.693954467773 714.881317138672 777.543235778809 587.061321258545 594.078243255615 506.081045150757 542.612739562988 569.54224395752 656.158721923828 680.4794921875 692.388046264648 658.839866638184 690.832450866699 619.986076653004 560.852424621582
432.544704437256 563.520355224609 608.180740356445 490.360961914062 523.818756103516 483.167541503906 287.923011779785 214.320709228516 435.500999450684 309.829288482666 217.467094421387 256.986511230469 248.817672729492 269.930541992188 317.132625579834 444.5966796875 337.880041122437 306.934272766113 263.983009338379 296.613273620605 399.612325668335 344.004930496216 611.19514465332 442.410587310791 419.213163375854 348.469032287598 330.955451965332 371.143291473389 327.590759277344 400.488300710917 359.066921234131 406.799560546875 265.825485229492 354.264221191406 550.345138549805 597.964988708496 737.503021240234 623.176620483398 528.587768554688 635.846580505371 494.204891204834 664.907287597656 793.564895629883 704.506797790527 678.033409118652 692.588020324707 663.61580657959 667.909603118896 699.047046661377 528.848068237305
330.688110351562 487.628784179688 490.738227844238 388.424701213837 303.347541809082 422.590385437012 326.235583305359 329.868125915527 344.405963897705 348.477439880371 349.258922576904 217.270332336426 311.762786865234 345.652743339539 279.900733947754 317.350204467773 318.899116516113 361.020753860474 236.492561340332 166.724670410156 331.502502441406 364.309020042419 401.017993927002 548.275833129883 472.610298156738 396.252851963043 389.987216949463 376.372341156006 376.154571533203 434.800896644592 372.135765075684 338.856048583984 423.620576858521 457.92377281189 477.982313156128 522.501899719238 679.825012207031 655.673927307129 605.780515670776 605.184677124023 578.547958374023 791.960433959961 846.926788330078 643.983638763428 595.433704376221 -9999 -9999 1094.16218566895 734.882850646973 841.028861999512
377.389783859253 470.781288146973 405.556687355042 316.825370788574 426.781227111816 319.095018386841 343.996509552002 307.23038482666 402.958995819092 389.428184509277 345.077066421509 372.305393218994 411.959053039551 404.790855407715 383.815856933594 361.638689517975 353.521714806557 340.013330459595 218.75212097168 268.236572265625 485.295524597168 491.039108276367 294.982139587402 295.612281799316 411.444672107697 467.2585105896 497.698913574219 402.115928649902 367.704711914062 413.504816055298 361.895713806152 391.389930725098 282.732315063477 454.88862323761 368.026466369629 859.57085609436 700.030410766602 691.945953369141 559.256538391113 447.433376312256 667.056018829346 697.008323669434 -9999 -9999 -9999 -9999 -9999 -9999 -9999 -9999
449.273792266846 445.589981079102 387.986597061157 396.904321670532 443.716609954834 293.270606994629 320.072618484497 381.753639221191 540.8173828125 262.480278015137 235.73957824707 283.26634979248 336.123727083206 374.570863723755 446.245277404785 293.163036346436 323.059642791748 397.363542556763 402.919696807861 314.883110046387 280.296028137207 357.24729347229 256.086013793945 345.185810089111 240.152221679688 404.097146987915 420.581778526306 510.464309692383 449.488529205322 411.575977325439 630.093887329102 355.997467041016 405.522201538086 362.84814453125 396.858871459961 562.810096740723 594.389265060425 647.502685546875 513.279537200928 702.133689880371 709.678863525391 -9999 -9999 -9999 -9999 -9999 -9999 -9999 -9999 -9999
