simdem/realisation9.asc
NCOLS 350 
NROWS 171 
XLLCORNER 152620 
YLLCORNER 418050 
CELLSIZE 100 
NODATA_value -9999 
[rows 132 to 153 of 171, columns 250 to 299 of 350]
852.805114746094 934.760437011719 814.681945800781 674.905632019043 848.474113464355 619.947853088379 583.68310546875 600.050713539124 770.123313903809 795.678244590759 725.006114006042 667.114196777344 690.517547607422 755.971783161163 820.723148345947 753.083808422089 653.434326171875 747.518701553345 954.266319274902 820.854713439941 751.85124206543 684.152488708496 824.333969116211 781.59700012207 798.323455810547 779.98966217041 695.931074142456 779.754043579102 658.637401580811 695.871559143066 925.819000244141 581.902191162109 605.85583114624 606.869258880615 599.291381835938 715.456382751465 802.852615356445 914.988388061523 692.137050628662 905.813522338867 1012.16878128052 992.118629455566 1083.75090026855 1070.82797622681 991.606052398682 978.356384277344 937.630224227905 927.215850830078 961.741100311279 1021.86850166321
780.405704975128 826.408662796021 915.475662231445 666.320983886719 567.564453125 496.782363891602 387.30143737793 599.085052490234 880.362976074219 770.11635363102 556.17293548584 797.670154571533 932.010375976562 753.456071853638 853.82682800293 658.781845092773 654.906879425049 882.938426971436 1120.08108520508 789.540626525879 759.970756530762 800.057991027832 832.911224365234 609.928260803223 840.510482788086 719.617189407349 701.397361755371 752.820999145508 699.782154083252 806.647521972656 712.840919494629 670.640880584717 566.149101257324 671.742321014404 714.064888000488 757.458587646484 685.3405418396 734.666564941406 675.198221206665 650.525354385376 651.224518299103 715.553848266602 933.980255126953 1074.8130569458 1022.09786224365 939.486289978027 1113.71739590168 847.823165893555 890.834672152996 918.617280006409
962.298095703125 892.259628295898 589.527282714844 509.404113769531 502.011703491211 454.063171386719 595.668441772461 573.898452758789 758.485845565796 726.623905181885 724.820278167725 725.478713989258 861.06330871582 792.707595825195 700.814041137695 657.066795349121 606.835174560547 656.691619873047 836.797050476074 784.441734313965 811.810218811035 833.811264038086 763.407913208008 644.644325256348 676.674947738647 665.160670757294 712.358047485352 745.085418701172 662.628298282623 739.014526367188 791.685974121094 771.04647064209 617.66820526123 635.753841876984 714.16637802124 676.238081932068 650.247859954834 707.769780158997 740.804569244385 693.331838130951 549.219009399414 616.824249267578 577.63427734375 705.742347717285 841.774871826172 857.542163848877 816.610061645508 752.389129638672 820.227233886719 893.090292930603
823.349258422852 705.184761047363 760.186275482178 634.697050094604 678.887435913086 622.218587875366 662.24649810791 763.635524749756 836.340654373169 732.460968017578 755.831520080566 730.409591674805 768.529210090637 739.774851068854 753.087841033936 874.065628051758 841.546455383301 666.180671691895 704.990905761719 706.733337402344 922.094207763672 925.091659545898 766.963531494141 745.062942504883 647.547178268433 627.757201910019 759.893356323242 718.817474365234 718.569969177246 588.585498809814 529.857925415039 657.999056339264 780.579429626465 822.71174621582 733.03698348999 708.084163665771 628.979481697083 627.413093566895 580.372398376465 625.956993103027 777.337173461914 613.099983215332 520.366668701172 459.325912475586 696.174419403076 841.709171295166 785.720741271973 683.049606323242 873.325646400452 949.402605056763
753.64239692688 859.118255615234 819.835777282715 601.799167633057 624.768072128296 780.523197174072 881.282649993896 810.356643199921 798.341476202011 785.770188331604 902.240043640137 771.278316497803 584.690719604492 690.307136535645 629.975486755371 817.437171936035 887.642227172852 883.370788574219 670.72371673584 875.444396972656 912.819709777832 767.54434967041 774.549514770508 696.207511901855 907.344970703125 810.321517944336 699.260871887207 713.071784973145 552.32982635498 581.733383178711 650.200890541077 639.97287940979 760.876510620117 730.653114318848 706.96390914917 681.246109008789 641.587200164795 621.72354888916 595.127548217773 671.088489532471 684.604682922363 529.893493652344 604.630630493164 537.111450195312 659.532627105713 794.1060962677 790.465789794922 837.030487060547 827.028045654297 793.514099121094
816.058464050293 894.380325317383 716.669884681702 794.094825744629 726.366897583008 743.144184112549 799.568164825439 690.763198852539 721.483659744263 847.146629333496 761.534205436707 759.96827507019 850.80281829834 612.741386413574 771.391418457031 790.488807678223 796.582489013672 905.265251159668 562.817169189453 765.05485534668 657.391561508179 627.130355834961 579.722381591797 776.655220031738 789.244613647461 682.2434425354 790.257743835449 649.999729156494 590.166313171387 627.3254737854 616.605667114258 756.540512084961 626.965689659119 707.815780639648 687.38921546936 667.915672302246 696.797326087952 654.344177246094 711.870435714722 616.813087463379 734.077100753784 717.249277114868 642.965255737305 631.339370727539 784.509887695312 546.681213378906 951.385414123535 1039.69761657715 861.108592987061 739.353492736816
852.892143249512 615.844856262207 782.051582336426 720.206413269043 829.955207824707 859.626174926758 996.07275390625 733.306755065918 725.252662658691 779.998157978058 724.251873016357 756.505730628967 778.866899490356 826.972337722778 753.017258644104 624.74348449707 803.299682617188 618.551681518555 741.445561408997 795.987125396729 775.345878601074 705.136028289795 720.504021406174 763.60693359375 732.407146453857 673.674259185791 716.476196289062 604.455131530762 661.276225090027 701.578266143799 810.258567810059 789.737846374512 768.434059143066 728.402633666992 643.08256149292 647.964710235596 725.57559967041 739.839630126953 715.930558562279 772.502632141113 686.110954284668 697.123880386353 582.404121398926 703.288335800171 718.847764968872 673.491512298584 803.257431030273 797.121284484863 780.450645446777 723.892820358276
690.069103240967 989.962280273438 839.269496917725 801.11497926712 923.948043823242 890.808433532715 886.666221618652 781.221198320389 829.457092285156 1032.83360290527 961.717239379883 753.6842212677 760.051551818848 740.535015106201 851.447827339172 692.817497253418 644.711235046387 914.260677337646 654.500602722168 695.607513427734 742.015802383423 582.242042541504 810.206188201904 787.122486114502 743.431744098663 740.972997665405 499.073638916016 584.280349731445 645.056739807129 672.703067779541 842.926498413086 908.996063232422 670.323749542236 635.137336730957 643.530281066895 520.325317382812 592.182525634766 648.790863037109 718.488571166992 709.180985450745 693.475678920746 666.555755615234 728.014465332031 815.009864807129 815.570152282715 710.036999702454 606.195350646973 734.955936431885 703.057891845703 863.793231964111
808.551380157471 959.650482177734 999.49446105957 883.457347869873 718.986473083496 766.075862884521 854.527877807617 817.189483642578 914.690368652344 829.51432800293 914.663589477539 803.865406036377 712.677852630615 733.014499664307 883.171310424805 858.121246337891 946.046882629395 1014.59130859375 726.056833267212 725.521548748016 708.600435972214 757.052043914795 822.837493896484 654.514915466309 645.460052490234 648.636337280273 704.568550109863 783.996519088745 709.125797271729 777.595355987549 924.828460693359 837.438430786133 829.895301818848 648.529893875122 636.939311981201 631.847831726074 619.515007019043 528.34504699707 635.467262268066 580.761962890625 524.398681640625 735.578350067139 782.501838684082 754.991054534912 849.963150024414 743.684471130371 675.140173912048 712.017214775085 696.071006774902 649.221992492676
834.876686096191 775.937103271484 810.50865316391 899.12272644043 859.951194763184 734.916061401367 786.441854476929 927.518180847168 779.105527877808 791.83703660965 870.48950958252 937.585693359375 773.75910949707 851.46654510498 712.06566619873 842.563509941101 913.613327026367 906.96598815918 795.704452514648 705.439723968506 675.648475646973 763.846817016602 601.477119445801 690.158855438232 690.126605987549 764.779865264893 817.982094764709 929.154724121094 938.35417175293 935.296981811523 818.73853302002 883.465194702148 848.534881591797 698.526563644409 788.015785217285 688.744684696198 740.532863616943 705.650268554688 687.625312805176 783.945732116699 794.661346435547 687.818298339844 801.740455627441 763.247528076172 671.219036102295 719.774890899658 725.492484092712 685.522259116173 605.682952880859 735.505098342896
752.727878570557 758.572910308838 1075.47665405273 907.307929992676 880.289035797119 718.99006652832 775.284349441528 795.104873657227 786.130462884903 828.968103408813 987.748336791992 873.433311462402 714.503486633301 727.041763305664 861.20629119873 726.825805664062 756.251121520996 861.079906463623 893.644046396017 802.301460266113 796.132850646973 748.202072143555 724.233104705811 681.671348571777 692.854463577271 693.349716186523 719.81649017334 837.197834014893 889.827209472656 863.317947387695 813.583290100098 736.624973297119 742.627529144287 768.785091400146 794.865310668945 827.750732421875 717.698921203613 725.303314208984 629.688556671143 826.271621704102 798.570678710938 734.359840393066 727.033909797668 724.849540710449 742.337545394897 770.623947143555 661.304424285889 800.738250732422 794.766105651855 783.638748168945
699.837891578674 602.89200592041 869.850677490234 725.051647186279 732.04150390625 675.431697845459 859.561912536621 1052.57601928711 753.652244567871 733.943878173828 956.398315429688 811.315784454346 725.703750610352 769.371643066406 752.662216186523 846.397327423096 716.977439880371 841.223669052124 985.669998168945 957.426864624023 840.778564453125 777.620681762695 785.705474853516 754.33910369873 760.666891098022 722.317352294922 839.147243499756 778.203456878662 787.472393035889 753.813282012939 933.115966796875 767.026817321777 751.318607330322 651.434921264648 680.647722244263 620.881370544434 605.143157958984 652.781005859375 639.603984832764 725.435272216797 758.097652435303 796.819763183594 764.521965026855 639.598747253418 602.191757202148 756.864513397217 730.757875442505 722.844617843628 940.386611938477 720.045150756836
568.397041320801 764.93424987793 731.475591659546 715.187702178955 773.101103782654 632.792042732239 673.775772094727 908.846257209778 619.285652160645 699.722511291504 988.907962799072 854.251724243164 660.836959838867 878.171154022217 781.969947814941 845.266517281532 703.447387695312 838.393682479858 773.98878288269 818.947645708919 948.726379394531 876.426239013672 825.772323608398 780.60070848465 799.085891246796 702.329521179199 680.89119720459 826.518131256104 763.362438201904 840.168674468994 807.672305166721 918.400505065918 695.643236160278 541.166030883789 632.890853881836 628.13648223877 602.604751586914 598.406692504883 724.879484176636 851.321151733398 712.021097421646 662.404514312744 612.397857666016 626.666046142578 753.455820083618 710.08291053772 782.64635848999 967.588989257812 837.658210754395 741.53137588501
-9999 -9999 -9999 738.393142700195 786.861946105957 812.173877716064 658.721397399902 747.124019622803 571.530364990234 631.113006591797 714.026153564453 740.41415977478 794.289283752441 915.07110786438 991.866333007812 713.21826171875 813.022384643555 737.188598632812 831.242237091064 831.658996582031 804.19041633606 874.717405319214 845.021759986877 817.817893981934 780.529838562012 765.558589935303 818.513519287109 724.09419631958 669.303647994995 704.071556091309 864.498512268066 907.032051086426 834.645622253418 753.602968215942 575.276550292969 593.763084411621 638.616920471191 786.621122360229 826.170449256897 860.434391021729 781.263995170593 858.477844238281 709.951868057251 641.887672424316 709.274188995361 696.532649993896 735.63899230957 905.164535522461 801.496471405029 762.79071611166
-9999 -9999 -9999 -9999 -9999 -9999 838.557109832764 739.465866088867 760.543163299561 727.09867477417 667.927255481482 502.675399780273 726.038963317871 819.85604095459 797.108345031738 842.628878116608 690.932334899902 803.039775848389 769.352378845215 880.638856887817 882.327987670898 841.168506622314 830.998752593994 930.283084869385 820.690059661865 797.076164245605 841.177412986755 807.3408203125 728.663427352905 723.320796966553 711.358108520508 931.429191589355 880.593635559082 819.602020263672 566.067367553711 636.169784545898 604.199188232422 762.45874786377 866.609453201294 847.626289367676 928.48250579834 915.934112548828 869.909393310547 707.251916885376 644.143836975098 619.01823425293 671.953746795654 816.229797363281 837.422782897949 858.956901550293
-9999 -9999 -9999 -9999 -9999 -9999 -9999 -9999 -9999 866.748142242432 704.773628234863 688.397109985352 860.925708770752 760.737564086914 793.688446044922 832.409740447998 1194.69793701172 873.95251750946 982.26881980896 782.634483337402 831.171165466309 754.662185668945 777.125190734863 713.568420410156 797.425193786621 741.230918884277 817.59400177002 730.493278503418 1070.05859375 936.08837890625 731.23503112793 656.450653076172 687.099002838135 752.879642486572 685.985765457153 695.133904457092 699.775283813477 691.882566452026 577.22599029541 633.553413391113 682.274221420288 835.256294250488 738.379163742065 710.243885040283 712.783380508423 677.553573608398 636.92936706543 683.967548370361 766.507562637329 690.775337219238
-9999 -9999 -9999 -9999 -9999 -9999 -9999 -9999 -9999 -9999 -9999 891.519750595093 827.68285369873 772.181897133589 637.236602783203 637.150863647461 789.931980133057 1377.72638320923 753.507553100586 755.924350738525 994.213970184326 965.017833709717 834.027191162109 793.517776489258 805.888023376465 724.369050979614 821.239952087402 736.82332611084 822.487513542175 970.082925796509 842.792922973633 664.090225219727 657.470119476318 643.434013366699 877.733726501465 822.473266601562 680.634298324585 651.963684082031 517.697601318359 724.320846557617 724.899377822876 722.219553470612 768.599964141846 588.583541870117 691.922882080078 924.519256591797 814.522708892822 714.700931549072 877.591751098633 778.102516174316
-9999 -9999 -9999 -9999 -9999 -9999 -9999 -9999 -9999 -9999 -9999 -9999 815.215908050537 709.281936645508 559.41960144043 663.213539123535 833.230865478516 1559.23663330078 1190.80550050735 1153.76961326599 1257.33822631836 1204.88402938843 976.471672058105 945.523071289062 800.693410873413 673.622543334961 747.166205406189 771.107704162598 676.363204956055 833.917221069336 706.858688354492 648.955352783203 852.807255744934 729.942193984985 843.52018737793 780.78833770752 756.620084762573 705.520305633545 684.28369140625 743.660800933838 745.37442445755 735.743349075317 714.941345214844 755.813039779663 747.905156373978 750.685538291931 742.465656757355 738.075023651123 821.612659454346 821.974464416504
-9999 -9999 -9999 -9999 -9999 -9999 -9999 -9999 -9999 -9999 -9999 -9999 930.547264099121 777.399953842163 730.950386047363 747.500415802002 623.701034545898 876.121562957764 800.638782501221 688.392242431641 797.796245574951 874.904110908508 949.974021911621 737.895782470703 757.864311218262 779.809962272644 1104.9126739502 792.799209833145 842.787689208984 935.482521057129 854.940910816193 763.892715454102 789.270454406738 787.094360351562 857.743041992188 812.980682373047 793.70962035656 714.28889465332 682.035953521729 736.657922744751 746.004089355469 718.62247467041 791.557087898254 735.571311950684 827.775119781494 737.768146514893 687.177673339844 783.824249267578 787.823944091797 872.464111328125
-9999 -9999 -9999 -9999 -9999 -9999 -9999 -9999 -9999 -9999 -9999 -9999 -9999 853.360537528992 791.147108078003 853.699501037598 674.154727935791 610.03980255127 819.987297058105 761.028114318848 791.664619445801 938.17797088623 808.679155349731 892.84602355957 832.399339675903 712.443786621094 592.797485351562 661.715972900391 634.895401000977 753.40503692627 1032.33338928223 747.997803688049 864.572811126709 849.217758178711 924.002700805664 824.03236579895 834.242008209229 1090.87451171875 885.21919631958 854.452407836914 688.262771606445 779.165071487427 838.229972839355 766.72209072113 701.879776000977 658.23176574707 650.39501953125 789.352526664734 853.207611083984 725.941646575928
-9999 -9999 -9999 -9999 -9999 -9999 -9999 -9999 -9999 -9999 -9999 -9999 -9999 -9999 810.036457061768 686.64478302002 808.316667556763 850.970411300659 928.532626867294 859.219308853149 905.594402313232 981.550437927246 936.36424446106 835.284482479095 866.099582672119 636.044151306152 757.443042814732 776.399429321289 861.276538848877 793.516729354858 728.038593292236 652.230171203613 783.920257568359 838.65113067627 798.899280548096 716.897384643555 921.866165876389 929.351943969727 859.619060516357 866.345230102539 777.866813659668 823.219080924988 844.211119413376 808.270374298096 801.597454071045 898.243232727051 827.48154258728 733.461212158203 677.370651245117 719.156547546387
-9999 -9999 -9999 -9999 -9999 -9999 -9999 -9999 -9999 -9999 -9999 -9999 -9999 -9999 1008.37489318848 874.216491699219 853.401695251465 892.76432800293 941.644119262695 872.996217489243 974.843406677246 900.678770065308 992.582214355469 901.35516166687 878.549606323242 955.394180297852 886.595737457275 705.815567016602 836.009160041809 787.59913444519 916.728378295898 704.828521728516 1078.47469067574 904.225204467773 847.487243652344 801.381820678711 825.893100738525 852.933326721191 925.430557250977 968.17626953125 991.450942993164 776.2197265625 723.485740661621 723.406410217285 733.628929138184 806.666625976562 886.648902893066 953.79133605957 648.572128295898 719.458694458008
