simdem/realisation63.asc
NCOLS 350 
NROWS 171 
XLLCORNER 152620 
YLLCORNER 418050 
CELLSIZE 100 
NODATA_value -9999 
[rows 44 to 65 of 171, columns 250 to 299 of 350]
683.473003387451 831.952545166016 876.431221008301 673.843181610107 784.616569519043 645.408782958984 760.930000305176 604.601509094238 663.071479797363 754.696076393127 868.116516113281 768.798877716064 738.011859893799 749.491882324219 821.528903961182 665.743721008301 749.149619579315 898.474899291992 881.755569458008 797.993293523788 639.43579864502 756.279841899872 765.631709098816 781.226412773132 653.303382873535 783.648738861084 802.005378723145 933.530212402344 806.896511077881 745.667633056641 730.406387329102 840.999429702759 759.634971618652 863.587122917175 887.494262695312 882.240730285645 593.796630859375 646.576019287109 919.215814828873 975.843982696533 805.364505767822 722.867370605469 763.646549224854 896.915405273438 890.200096130371 764.99356842041 812.629917144775 827.775647163391 752.953201293945 751.033752441406
630.764236450195 711.685516357422 646.833889007568 647.306015014648 580.451126098633 631.98023223877 601.889541625977 632.612815856934 713.371989250183 803.900337219238 772.992128372192 865.565437316895 753.896717071533 945.525054931641 810.512126922607 775.972173690796 583.649703979492 639.34984588623 713.96435546875 804.151397705078 808.469444274902 803.329959869385 714.235660552979 750.999586582184 702.681503295898 609.908630371094 749.39217376709 718.429431915283 695.217735290527 840.784515380859 915.961769104004 886.610988616943 977.821659088135 869.292282104492 900.401916503906 871.759208679199 955.948161125183 774.051811218262 1331.89710235596 922.91569519043 779.953708648682 1054.18109893799 857.81964302063 924.794170379639 864.186120986938 901.657115936279 898.151371002197 915.82746887207 924.761543273926 706.588531494141
709.333866119385 581.857818603516 731.601652145386 732.622091293335 788.252059936523 756.899955749512 747.325914382935 702.59937286377 607.212562561035 735.080152511597 791.115322113037 652.553077697754 786.434813022614 893.433944702148 825.428863525391 692.811599731445 611.453125 700.963638305664 868.10301399231 724.810535430908 779.919483184814 817.826515197754 678.480476379395 616.738105773926 489.007125854492 1115.14224243164 624.275436401367 1113.00413513184 1293.15671157837 754.668577194214 1000.32167816162 763.213661193848 910.368000030518 786.886394500732 1158.70899200439 1498.30612945557 1097.62635803223 867.260723114014 1240.0789642334 1390.9504108429 796.340782165527 717.116622924805 929.390960693359 856.412369728088 1131.98747253418 1190.0532989502 1547.76489257812 1011.07366943359 816.055252075195 635.665374755859
785.980278015137 710.339601039886 768.38236618042 772.498603820801 747.866645812988 624.910110473633 659.063621520996 639.285552978516 647.005447387695 681.786121368408 703.64923286438 719.454194068909 717.626365661621 864.611312866211 798.216449737549 793.083190917969 716.790340423584 793.313558578491 755.79195022583 697.999053955078 776.930713653564 785.518928527832 710.984134674072 657.509605407715 549.045562744141 922.247741699219 577.886413574219 1142.4111289978 1003.07396268845 1476.36502838135 876.948356628418 924.653486251831 845.129829406738 1083.07149505615 789.311668395996 976.991226196289 1202.6187286377 725.726097106934 1280.60131072998 1035.23802757263 838.454967498779 881.732421875 1296.17285919189 946.619102478027 1081.80359649658 981.604649543762 956.743179321289 858.13011932373 812.742309570312 884.245314598083
724.091331481934 694.792755126953 647.665542602539 710.315252304077 650.41189956665 553.324905395508 507.019485473633 642.620407104492 759.901699066162 760.61784362793 711.534889221191 806.615325927734 840.667335510254 818.544586181641 859.716354370117 941.521743774414 674.974960327148 723.292636871338 703.949993133545 762.731353282928 733.43602502346 767.156997680664 650.560859680176 653.564636230469 671.270217895508 565.481002807617 571.400161743164 822.298980712891 770.964201450348 1177.18862915039 1292.17018127441 550.305816650391 807.572677612305 824.322898864746 566.595184326172 681.182800292969 1167.57553863525 779.48237991333 1761.12372589111 1138.69423294067 884.813995361328 686.782958984375 1044.77457809448 715.945175170898 802.880908966064 1030.46886825562 685.188781738281 1758.25158691406 678.08243560791 743.41682434082
579.758651733398 711.884484529495 701.998286247253 710.400218009949 625.276412963867 669.826499938965 658.30778503418 647.71117401123 585.11328125 810.313949584961 695.761747360229 926.272018432617 857.386901855469 858.623443603516 848.21923828125 962.141983032227 779.164031982422 737.179853439331 737.919238567352 675.559226989746 772.315635681152 793.089305877686 669.419075012207 762.884951591492 664.169723510742 827.627532958984 503.148620605469 647.159790039062 702.380825042725 731.956840515137 827.870109558105 619.937713623047 860.146003723145 678.49641418457 1304.68901062012 681.101409912109 990.318283081055 806.907056808472 1071.28881835938 814.560422897339 790.986831665039 914.800999417901 1067.328748703 1047.92131233215 715.837799072266 787.322509765625 811.290725708008 867.555364608765 954.412559509277 850.89310836792
624.092880249023 731.599388122559 635.60856628418 591.139625549316 672.885944366455 784.271812438965 565.109085083008 661.769641876221 633.329032897949 813.305923461914 751.926086425781 724.826793670654 780.857498168945 735.044960021973 744.009152889252 806.368766784668 770.660697937012 620.624549865723 737.189769744873 725.949001669884 634.271903991699 551.674102783203 621.179107666016 774.281322479248 711.621597290039 609.023254394531 634.672821044922 839.870292663574 793.046306610107 897.975807189941 975.711486816406 573.536834716797 514.03759765625 734.700759887695 899.27571105957 712.590377807617 817.652174949646 1271.25680589676 845.796722412109 1047.67277336121 1076.00666809082 731.497283935547 716.623359680176 827.913604736328 789.465194702148 847.944118499756 801.364677429199 1068.16821289062 1070.80131721497 905.226821899414
590.910736083984 789.537246704102 752.064231872559 596.190071105957 780.174549102783 769.317810058594 658.315977096558 660.558311462402 729.782175064087 656.447151184082 780.799903869629 833.228897094727 659.554418563843 712.153701782227 645.934112548828 603.117362976074 532.87272644043 668.601600646973 699.371255874634 653.979598999023 728.189281463623 639.877319335938 655.426956176758 684.496742248535 815.446170806885 860.107845306396 814.60302734375 743.13249206543 723.13289642334 911.002754211426 1006.65045547485 883.171798706055 751.350463867188 1159.22700500488 1048.42932891846 778.253349304199 656.252166748047 900.647089004517 772.530471801758 727.594375610352 750.085083007812 650.13232421875 647.464614868164 634.963714599609 900.846534729004 837.454706192017 849.813888549805 676.65315246582 752.531845092773 762.872917175293
811.389114379883 666.986762046814 715.034223556519 769.421447753906 644.778167724609 726.02396774292 748.184627532959 757.197631835938 781.663360595703 777.29655456543 763.02490234375 774.971542358398 834.75276184082 670.025276184082 422.524719238281 517.363403320312 613.952430725098 654.01944732666 690.948738098145 621.484466552734 586.668472290039 666.800422668457 641.598419189453 698.028545379639 813.871570110321 911.998729705811 797.280532836914 709.277313232422 835.381786346436 817.772657394409 515.54931640625 676.946624755859 918.298004150391 1219.76469421387 748.605377197266 715.192161560059 1008.02772521973 683.260955810547 868.474166870117 661.577667236328 749.122817993164 807.92955160141 834.577404469252 718.763320922852 748.199119567871 766.30908203125 1265.48507505655 813.399356842041 761.113327026367 835.777584075928
417.828125 881.071800231934 797.15389251709 685.627968788147 695.673023700714 621.467086791992 648.218662261963 710.477329432964 705.60612487793 757.51216506958 1278.61003112793 693.886852264404 801.644153594971 616.921440124512 736.399536132812 790.855422973633 637.564865112305 740.997553825378 610.15608215332 1564.43431091309 740.756958007812 604.321762084961 674.448883056641 1318.67774200439 796.492340087891 862.615852355957 776.334154844284 816.77606678009 792.610876083374 724.320266723633 691.589378356934 991.37670135498 806.510955810547 859.86368560791 613.837753295898 1045.65380859375 693.411407470703 889.406036376953 685.4794921875 671.405548095703 1204.52928161621 748.921646118164 864.708995819092 834.844135284424 824.982341766357 830.143329620361 750.304920196533 812.236631631851 839.576472759247 770.558288574219
614.803718566895 652.003839492798 651.852844238281 557.523834228516 693.689708709717 763.165012359619 584.33056640625 529.253662109375 742.504023551941 857.973518371582 878.453552246094 1547.46669769287 769.873146057129 1132.91109466553 981.208908081055 1461.07040405273 442.084838867188 666.109985351562 765.375152587891 628.99169921875 455.323760986328 457.471008300781 621.053283691406 959.077877044678 808.802505016327 913.930015563965 855.587913513184 929.740703582764 864.915564537048 752.444244384766 820.830786705017 701.380027770996 954.905029296875 718.499816894531 829.903129577637 804.742492675781 1188.86405944824 681.29313659668 743.352111816406 769.11897277832 697.98161315918 662.319473266602 823.688995361328 966.297500610352 903.03630065918 773.433448791504 849.514179229736 885.586653709412 839.1618309021 805.716919898987
625.101768493652 637.962684631348 659.095203399658 655.940277099609 843.216171264648 768.120025634766 520.782608032227 1165.73350524902 852.993690490723 835.777206420898 787.062347412109 704.860260009766 673.072578430176 652.796127319336 667.416534423828 1472.51824188232 564.488403320312 1155.67193603516 743.320381164551 479.28173828125 1224.93081665039 1024.51104736328 1729.80172729492 776.050415039062 1173.89434051514 1412.07729721069 913.256462097168 763.554304122925 836.523626327515 779.538536071777 949.708676338196 802.621788024902 711.592102050781 721.82991027832 1049.59854888916 984.31640625 1229.65031433105 1119.36619377136 706.285125732422 1100.00578308105 1336.17088317871 938.803964614868 1475.8932762146 725.066047668457 1078.23016357422 904.293533325195 758.698015213013 728.698181152344 719.282623291016 611.412399291992
625.008583068848 685.598996162415 629.800758361816 646.51095199585 547.75528717041 584.091773986816 580.922790527344 540.405029296875 710.912014007568 639.823875427246 651.036407470703 559.86946105957 671.642265319824 577.211074829102 576.124313354492 598.816360473633 841.85969543457 689.599243164062 762.446982383728 760.303754806519 693.145774841309 606.904998779297 1869.91798400879 1973.78308868408 852.462400436401 1121.77491760254 888.094551086426 893.489624023438 732.264499664307 902.130020141602 749.259335517883 701.890983581543 789.364120483398 807.695434570312 851.588043212891 895.527702331543 656.647548675537 1005.7532119751 707.612426757812 1032.33494567871 655.336395263672 971.204250335693 698.781929016113 884.558570861816 932.711868286133 837.652620315552 781.860515594482 727.113975524902 449.545318603516 787.293151855469
611.340171813965 652.463481903076 729.075588226318 735.589942932129 749.816864013672 658.427677154541 726.665691375732 712.136470794678 755.719589233398 726.610542297363 707.621646881104 677.22695350647 533.998947143555 529.413436889648 504.388076782227 679.28875875473 841.47350692749 654.96607208252 713.817810058594 582.642608642578 725.742156982422 896.530685424805 1193.93795013428 674.141574859619 823.777896881104 808.490516662598 757.783424377441 844.899187088013 807.88537979126 719.551956176758 895.594614505768 767.830192565918 733.742130279541 857.309173583984 1048.06744766235 1425.51545333862 762.735694885254 612.239349365234 677.675231933594 678.543563842773 730.371677398682 939.494891166687 681.901405334473 684.63631439209 812.9738676548 774.496341705322 772.18049621582 760.09370803833 355.929443359375 781.809692382812
582.966987609863 650.653072357178 788.467636108398 704.782949447632 630.722030639648 544.934883117676 651.899188995361 682.446860313416 624.201976776123 621.536315917969 707.706024169922 783.457366943359 724.739715576172 575.679061889648 652.646362304688 571.601043701172 751.107807159424 662.289688110352 746.418121337891 701.873523712158 643.661926269531 755.739206314087 1000.14561462402 574.677597045898 1059.74074172974 741.327495574951 707.438652038574 642.056015014648 762.056347846985 904.614763259888 831.592816829681 698.786388397217 600.000152587891 802.567306518555 777.938380241394 867.171379089355 795.622867584229 891.878734588623 897.600723266602 1024.44424438477 944.509731292725 729.944831848145 802.654946327209 765.652212142944 740.816486358643 757.471950531006 925.785385131836 693.729667663574 816.007446289062 1985.63562011719
571.94751739502 748.788108825684 695.01441192627 568.762100219727 644.457206726074 541.826362609863 692.270055949688 724.337608337402 784.395378112793 675.374793052673 655.536281585693 680.158886909485 648.279357910156 671.279817581177 571.587348937988 622.649681091309 621.283988952637 630.92684173584 858.000228881836 1034.02958607674 701.961158752441 532.608337402344 669.246284484863 658.465454101562 807.23056602478 709.90104675293 659.084831237793 775.565818786621 697.116958618164 917.44499206543 726.89794921875 682.807033538818 703.598289489746 770.546860456467 786.645580291748 740.52708914876 633.140365600586 911.158638000488 810.244132995605 956.954193115234 791.650557041168 930.324890136719 775.774844169617 775.082679033279 764.202926635742 825.777740478516 873.289741516113 604.704147338867 1151.48150634766 1438.9753112793
674.860283851624 670.40239906311 727.720943450928 556.89192199707 509.382614135742 586.444747924805 694.761749267578 658.018154144287 677.696443557739 716.406190872192 757.916366577148 662.728633880615 669.269832611084 725.227787017822 680.665699005127 661.6672706604 693.161539077759 595.515075683594 743.41618347168 807.471305847168 1027.72911071777 1115.11038208008 617.26887512207 726.874537467957 713.268069207668 809.253170013428 961.135547637939 760.816474914551 776.097889900208 875.324512481689 717.417369842529 652.111595153809 748.727222442627 781.734180450439 777.199062347412 792.774425506592 750.85214972496 802.571678161621 1157.75216293335 796.945686340332 883.002243041992 862.051498413086 881.827667236328 764.945634365082 755.169677734375 923.820541381836 755.857696533203 680.57080078125 621.319900512695 1232.78364562988
597.043342590332 626.251192092896 679.147431373596 647.278717041016 537.901870727539 567.331176757812 615.512531280518 720.404636383057 675.567140579224 778.374900817871 874.317398071289 690.431852340698 766.242660522461 599.733489990234 633.429904937744 645.199699401855 637.748119354248 783.190841674805 723.973104476929 664.605674743652 537.916534423828 608.104278564453 689.143692016602 764.465900421143 728.193966031075 763.103565216064 734.364682912827 672.589462280273 601.22924041748 1195.93131637573 701.20658493042 681.519165039062 657.508171081543 675.163433074951 605.58080291748 678.549858093262 795.57145690918 1028.47341918945 781.563938140869 859.464057922363 755.809408664703 727.686065673828 808.069213867188 693.40185546875 781.006309747696 817.354499816895 739.574527740479 760.945610046387 619.641021728516 648.733612060547
725.576755523682 606.249961853027 518.06608581543 720.328304290771 467.395217895508 556.779167175293 603.036018371582 667.666856765747 701.407985687256 757.997161865234 632.497653961182 783.503608703613 671.293285369873 542.49072265625 415.53076171875 575.14469909668 681.874115943909 622.932357788086 626.575904846191 570.208282470703 682.046966552734 492.75048828125 548.898513793945 718.788873195648 631.611625671387 661.920028686523 645.13272857666 669.462364196777 683.727531433105 677.40013885498 866.037567138672 848.015068054199 564.476516723633 688.22257232666 694.32576751709 570.661651611328 699.528451919556 849.368919372559 906.403701782227 806.459949493408 700.244861602783 761.570114135742 758.95484161377 547.958480834961 699.27173614502 716.096347808838 793.632377624512 785.824355602264 629.250930786133 794.908608436584
794.251647949219 783.301124572754 591.976020812988 448.866729736328 458.709747314453 558.080467224121 621.039966583252 779.978355407715 633.875778198242 749.334938049316 768.144477844238 625.18132019043 585.816429138184 531.280059814453 598.655303955078 505.063659667969 675.415856361389 692.883241653442 709.199122428894 677.171239852905 633.789192199707 561.143035888672 534.721817016602 640.046104431152 642.932052612305 642.608428955078 654.666133880615 868.497985839844 847.502914428711 608.644012451172 696.194488525391 786.647499084473 704.420513153076 707.580472946167 760.335229873657 829.542984008789 769.975894927979 856.049774169922 858.215438842773 855.480506896973 686.936027526855 749.919125556946 637.648323059082 676.059104919434 742.447498321533 776.824457168579 837.575691223145 869.851821899414 688.519309997559 614.266525268555
691.404903411865 720.47437286377 793.564414978027 548.143203735352 619.921314239502 719.456623077393 628.283889770508 583.683368682861 659.009553909302 547.255722045898 753.926658630371 722.113288879395 710.186988830566 654.815940856934 799.050308227539 621.379425048828 806.246170043945 751.234348297119 787.939979553223 861.724624633789 655.593173980713 691.634161949158 787.262802124023 688.815298080444 680.007053375244 550.368896484375 604.173782348633 793.442573547363 726.700229644775 743.941339492798 709.673610687256 564.097915649414 656.938858032227 793.343696594238 831.135513305664 846.643157958984 863.622665405273 766.06103515625 707.144054412842 800.428798675537 704.920726776123 564.191070556641 658.295532226562 745.065561771393 891.695739746094 784.982492446899 774.884337067604 724.890487670898 582.156341552734 745.458692312241
552.302597045898 744.557502746582 679.28197479248 705.435150146484 720.41170501709 483.029235839844 567.61840057373 512.301559448242 687.847047805786 627.591075897217 732.099510192871 698.565811157227 718.269096374512 724.765529632568 722.210807800293 718.196449279785 646.221305847168 731.687606811523 668.56617641449 705.063110113144 769.051635742188 677.258096694946 739.194107055664 695.596755981445 699.335594177246 671.799133300781 706.404520988464 742.005533218384 729.01665019989 783.318672180176 766.141979217529 695.322052001953 705.18879699707 785.005298614502 856.213668823242 930.155242919922 959.395919799805 805.47891998291 758.232280731201 887.740707397461 724.486835479736 709.116268157959 651.856407165527 737.097354888916 816.350788116455 897.46509552002 716.871192932129 499.550659179688 622.914596557617 731.277568817139
