simdem/realisation24.asc
NCOLS 350 
NROWS 171 
XLLCORNER 152620 
YLLCORNER 418050 
CELLSIZE 100 
NODATA_value -9999 
[rows 66 to 87 of 171, columns 50 to 99 of 350]
540.340385437012 401.140083312988 433.641231536865 411.452331542969 315.878059387207 359.085838317871 302.385147094727 417.333044052124 464.93083190918 453.701217651367 437.46403503418 396.633270263672 316.243370056152 344.837933540344 352.801826477051 331.903684616089 174.472808837891 255.789817810059 367.185157775879 313.887004852295 359.398316383362 320.869590759277 321.072067260742 401.774562835693 376.520746707916 428.640064239502 521.384338378906 436.339958190918 374.377385616302 205.897216796875 359.164627075195 423.23966884613 393.147898674011 470.665073394775 643.705078125 375.957378387451 352.984043121338 406.043035507202 419.044124603271 330.617568969727 219.422866821289 297.897064208984 236.548522949219 346.582206726074 373.875549316406 340.750061035156 485.076366424561 403.389095306396 405.364631652832 335.674392700195
542.397071838379 351.579635620117 556.772666931152 524.41007232666 370.821208953857 454.844459533691 393.215461730957 310.204074859619 397.057800292969 522.94938659668 404.628871917725 317.102764129639 366.210929870605 372.030789375305 236.324432373047 292.472383499146 162.484451293945 369.848773956299 397.211471557617 384.942371368408 335.669784545898 330.504093170166 530.095642089844 342.55037689209 277.412460327148 305.4072265625 328.303020477295 381.828167438507 382.801705360413 246.995452880859 366.059707641602 406.151538610458 416.84169960022 381.61820602417 365.666351318359 351.542068481445 426.485185623169 493.22087097168 391.703191757202 408.691371917725 349.976051330566 322.147804260254 210.981796264648 339.946983337402 443.721235275269 512.576511383057 469.170289993286 511.216423034668 481.414211273193 447.54773235321
559.467136383057 534.790336608887 439.741784095764 320.476440429688 444.516658782959 544.206405639648 251.951843261719 325.056499481201 407.03494644165 400.742931365967 412.41134262085 332.451168060303 237.799209594727 402.216537475586 259.254119873047 330.37384223938 343.285123825073 345.318538188934 363.904564857483 302.246620178223 423.69140625 470.340850830078 434.171520233154 382.497663497925 410.768001556396 401.152284622192 394.887647151947 420.777844667435 392.687660217285 385.088143348694 454.386615753174 445.096229553223 437.945276260376 475.915519714355 398.557412624359 459.239322662354 465.602767944336 423.692848205566 448.905540466309 428.844654083252 456.948049545288 324.751831054688 369.789566040039 422.379453659058 515.472633361816 517.742893218994 479.153734207153 495.164051055908 570.781044006348 487.085674285889
295.817291259766 507.316707611084 395.824253082275 419.205724090338 330.525787353516 425.897850036621 441.182109832764 308.861595153809 459.437324523926 293.0595703125 447.73908996582 432.576972961426 439.854598999023 500.141784667969 247.057464599609 308.414039611816 270.920265197754 252.515426635742 370.284511566162 367.398473262787 371.475053787231 498.324462890625 386.966351032257 392.06507062912 355.638656616211 433.892082214355 484.987525939941 306.240058898926 395.729787945747 311.820762634277 476.668571472168 597.358627319336 590.413131713867 431.429384231567 459.308177947998 406.800197601318 274.402168273926 287.712799072266 393.868501663208 217.44416809082 383.37180519104 319.390563964844 248.918060302734 286.899490356445 428.179858207703 498.103130340576 396.820339202881 515.617126464844 463.892971992493 454.443628787994
328.836563110352 379.813041687012 320.195930480957 435.680713653564 390.402050971985 486.45189666748 395.237731933594 417.363830566406 486.250297546387 293.118919372559 296.996658325195 333.142868041992 448.159034729004 465.036262512207 321.041780471802 408.236263275146 345.343799591064 383.096244812012 326.043926239014 335.775947570801 327.993579864502 463.238304138184 322.641620635986 418.867481231689 317.672294616699 357.7380027771 370.838325500488 424.964214324951 415.048011779785 354.125835418701 466.668197631836 490.08447265625 425.845615386963 448.424186706543 450.740249633789 432.436389923096 403.044322490692 230.003952026367 308.7861328125 338.405303955078 372.7731590271 412.59886932373 443.382808685303 400.61213684082 368.381538391113 361.048004150391 438.238430023193 473.660253047943 391.81014251709 430.16060256958
342.588302612305 381.676414489746 388.974418640137 412.475633621216 367.89109992981 451.060997009277 397.575198173523 354.41546869278 542.031768798828 396.86349105835 265.260498046875 323.514019012451 456.071617126465 561.005081176758 403.627578735352 408.788303375244 362.952127456665 280.996650695801 472.115882873535 422.627151489258 367.553113937378 336.555274963379 297.440444946289 294.540031433105 404.475738525391 375.111478805542 319.693870544434 392.757739067078 410.626292228699 388.875810623169 343.32795715332 532.09342956543 527.329452514648 540.470687866211 387.613810539246 374.133438110352 470.180591583252 488.176544189453 437.070715427399 387.411613464355 547.418235778809 411.092809677124 544.126327514648 358.750823974609 441.361391067505 393.404136657715 311.474670410156 473.680635452271 531.698631286621 548.32991027832
294.487594604492 424.110606908798 392.900676727295 357.02233505249 370.428974151611 416.10034942627 323.939514160156 451.732078552246 435.466758728027 448.370651245117 435.932884216309 363.47852897644 416.850849151611 385.069627761841 419.218368530273 418.28987121582 359.283460617065 375.457466125488 465.141288757324 345.836944580078 291.591857910156 393.805938720703 478.159614562988 409.568588256836 394.320861816406 368.960862636566 435.839862823486 430.317802429199 333.162445068359 345.89587020874 397.622924804688 462.320335388184 420.458683013916 493.343017578125 271.617340087891 353.465042114258 468.305912017822 530.566558837891 502.777000427246 608.9296875 483.372959136963 614.647201538086 602.331527709961 471.419006347656 405.225952148438 407.525482177734 570.890022277832 444.394430160522 586.731216430664 514.233987808228
384.23025894165 290.083992004395 418.825263023376 420.25463104248 414.785358428955 436.508441925049 410.912631988525 399.966846466064 329.38304901123 378.194616317749 386.952434539795 393.312931060791 227.77018737793 363.040586471558 394.49983215332 408.897518157959 430.22465133667 428.538227081299 330.53048324585 427.398933410645 361.650660037994 339.297538757324 426.168655395508 468.51887512207 360.134333610535 295.09797668457 408.955028533936 372.394752502441 313.598091125488 266.236213684082 297.575286865234 474.569404602051 364.351961135864 483.611259460449 291.059364318848 270.136611938477 383.442712783813 548.325820922852 545.605628967285 496.774250030518 589.502090454102 528.870864868164 429.262176513672 484.412282943726 471.54062128067 413.451133728027 419.867095947266 495.786708831787 456.184814453125 450.010513305664
472.114013671875 562.192291259766 342.514957427979 370.020341873169 363.792592525482 354.85924911499 476.740104675293 494.217651367188 416.390064239502 378.294637680054 437.911094665527 386.513656616211 281.089939117432 330.987888336182 408.012283325195 416.920139312744 364.700609207153 384.682109832764 297.521499633789 288.009155273438 311.87230682373 359.006436347961 412.271957397461 234.171646118164 391.874817848206 312.874416351318 307.393257141113 481.00074005127 357.95431137085 447.375419616699 351.725780487061 505.226554870605 383.284843444824 456.4426612854 453.86177444458 326.204414367676 487.84440612793 350.509696960449 388.5325050354 372.981620788574 407.985733032227 383.403015136719 453.979902267456 270.06037902832 530.64282989502 411.383819580078 663.330200195312 495.332671165466 354.580139160156 521.523377418518
502.389797210693 436.717905044556 365.556495666504 379.441963195801 425.984882354736 362.235768318176 341.300315856934 363.53184223175 216.519729614258 319.059219360352 318.037551879883 377.635704040527 257.610298156738 231.83918762207 299.852409362793 320.1379737854 409.302991867065 345.034973144531 437.916564941406 422.920829772949 453.919937133789 341.483652114868 291.276748657227 282.094337463379 306.950370788574 356.047693252563 272.727935791016 243.854423522949 374.272073745728 546.393295288086 511.434211730957 383.830228805542 466.465194702148 534.522659301758 433.659074783325 409.827595710754 481.617603302002 409.630001068115 525.810417175293 458.131298065186 446.423164367676 536.503353118896 457.012331008911 531.316864013672 485.839302062988 482.300506591797 625.80143737793 555.632522583008 443.626754760742 915.051765441895
629.935872077942 286.817359924316 233.173965454102 339.135459899902 431.315975189209 370.118147850037 297.696327209473 232.619903564453 328.236408233643 317.189426422119 260.276733398438 151.204971313477 224.462814331055 272.35929107666 241.23609161377 393.93782043457 454.311180114746 362.359922170639 279.660850524902 359.102823257446 340.125860214233 324.251293182373 439.471244812012 354.815698623657 380.398498535156 478.032020568848 245.079704284668 256.289108276367 425.029144287109 522.07063293457 547.971176147461 393.515542149544 563.860458374023 433.714948654175 276.559875488281 477.784004211426 487.696792602539 550.541877746582 586.107963562012 424.765758514404 467.749631881714 520.936004638672 433.360237121582 412.350746154785 433.908853530884 429.392951965332 624.057529449463 895.007165908813 510.217102050781 768.16739654541
446.832098960876 393.572120666504 353.447645187378 374.210386753082 558.594047546387 378.256755828857 256.211502075195 412.898502349854 262.144371032715 335.364154815674 362.059722900391 209.124053955078 251.652801513672 416.800395965576 317.21842956543 218.29817199707 345.264068603516 417.948886871338 356.287275314331 383.627172470093 339.232173919678 221.894348144531 259.058769226074 365.990634918213 274.30290222168 380.201031684875 358.573362350464 349.849304199219 394.694794654846 497.430023193359 415.614952087402 442.055263519287 525.673377990723 423.981483459473 266.914321899414 454.269071578979 471.627593994141 492.430812835693 529.264942169189 408.339691162109 599.740188598633 419.194969177246 451.615016937256 581.929718017578 523.285484313965 672.455497741699 479.693641662598 709.351387023926 368.598648071289 583.128837585449
499.114686965942 344.554576873779 295.513916015625 399.351266860962 376.62052154541 451.871326446533 394.122305870056 472.479011535645 319.625148773193 243.96704864502 373.770045816898 291.576927185059 315.583908081055 183.759841918945 218.172775268555 243.007591247559 356.129786014557 327.979339599609 434.865493774414 556.219955444336 375.00447845459 310.8828125 186.64289855957 336.950653076172 452.757453918457 485.940147399902 361.981903076172 370.825619697571 466.455574035645 316.946502685547 324.109275817871 408.490021705627 515.601791381836 396.218788146973 284.986785888672 420.145568847656 434.522747039795 475.543678283691 469.299728393555 428.991470336914 441.622398376465 528.566010475159 511.71598815918 923.107833862305 762.707672119141 733.047420501709 358.343078613281 423.827598571777 433.505981445312 782.815582275391
340.870303153992 288.616954803467 352.637813568115 372.73113822937 378.051826477051 396.86434173584 324.432941436768 386.294570922852 368.375558376312 313.875667572021 366.708926349878 393.883762359619 280.904067993164 359.70480632782 387.37526512146 375.811240196228 487.507270812988 267.570251464844 471.498962402344 434.438545227051 360.803719520569 353.521078109741 317.099430084229 448.048179626465 388.504676818848 376.645269393921 459.086769104004 416.288415908813 351.438331604004 419.230644226074 334.691879272461 265.243057250977 368.147731781006 322.386253356934 380.135452270508 388.058464050293 513.114030838013 512.00492477417 559.669502258301 452.725147247314 586.781024932861 677.865585327148 939.016906738281 730.636108398438 613.981315612793 497.457611083984 420.264343261719 516.965976715088 544.591453552246 739.205871582031
537.662179946899 355.136749267578 382.081181526184 408.924084529281 474.748046875 278.179008483887 278.360832214355 254.720436096191 316.161128997803 380.886293411255 351.433506965637 366.531666278839 357.174310684204 473.739685058594 367.994691371918 173.210754394531 444.42456817627 394.099151611328 391.673742294312 407.883644104004 380.034374237061 446.380104064941 308.498863220215 361.812704086304 391.887689113617 425.262775421143 413.7896900177 418.638208389282 335.663558959961 220.50260925293 265.828094482422 326.124847412109 428.338517785072 313.499862670898 423.084037780762 310.727020263672 313.521636962891 509.816964149475 578.586380004883 456.837440490723 536.137202262878 557.010173738003 917.057098388672 513.841743469238 487.697912216187 414.909286499023 483.639541625977 562.589371681213 516.295761108398 538.179498672485
271.835754394531 290.49942779541 320.30359172821 413.991630554199 527.714767456055 520.485321044922 385.726111412048 256.722312927246 391.030521392822 263.158920288086 364.552348613739 389.830738067627 450.536819458008 493.517456054688 391.082298278809 290.901432037354 253.06568145752 456.751930236816 446.233627319336 456.339324951172 551.719848632812 451.100486755371 398.601974487305 371.539295196533 328.426868438721 365.930473327637 361.168476104736 416.760059833527 443.729934692383 159.685134887695 344.484916687012 321.68726348877 288.125045776367 330.749374389648 397.65860748291 416.320461273193 389.097618103027 438.217010498047 434.192356109619 527.866653442383 764.699417114258 582.193271636963 808.787208557129 782.346122741699 470.619934082031 498.950067281723 395.113563537598 326.029403686523 417.356628417969 450.275985717773
250.009490966797 251.431213378906 340.80016040802 399.716255187988 604.934143066406 451.289031982422 369.167930603027 289.184761047363 439.981666564941 238.240852355957 458.638748168945 278.508308410645 421.768054962158 322.336624145508 222.188919067383 207.173400878906 312.627407073975 385.100891113281 324.112152099609 539.081695556641 427.234622955322 284.663215637207 566.05712890625 446.453964233398 392.108795046806 378.07603263855 459.691070556641 365.355030059814 428.270816802979 210.926376342773 192.584548950195 390.179622650146 305.290298461914 374.037666320801 344.061653137207 492.98840713501 311.463241577148 356.686172485352 651.380233764648 627.093778610229 530.287250518799 331.251533508301 421.087837219238 467.914419174194 565.645530700684 379.665008544922 355.277099609375 521.785076141357 485.293132781982 539.795152664185
403.918858528137 380.306031227112 363.76661491394 421.861709594727 360.859709262848 413.654571533203 422.497871398926 374.034462928772 301.604386329651 332.81392288208 368.358140945435 293.384223937988 469.352043151855 330.737308502197 375.598415374756 217.420135498047 369.851215362549 312.68138885498 380.629220485687 370.587466239929 521.048316955566 382.199771881104 498.416961669922 397.249767780304 467.730773925781 385.14621257782 480.651908874512 405.754009246826 511.975708007812 313.493339538574 402.873558044434 387.938484191895 366.289825439453 302.841171264648 393.519958496094 472.476128578186 579.864444732666 568.107971191406 438.790191650391 458.622230529785 446.482482910156 567.339996337891 511.328101158142 552.455520629883 496.03791809082 581.682259559631 464.256317138672 644.254854202271 711.532943725586 682.499313354492
480.054611206055 460.000282287598 362.511280059814 450.152267456055 318.967144012451 218.406402587891 196.38793182373 313.24878692627 323.887687683105 313.572383880615 223.364273071289 291.859134674072 361.130906820297 352.649869322777 338.242348670959 374.442663192749 419.991271972656 274.665168762207 286.735740661621 351.397150039673 342.444625854492 339.111759185791 423.485641479492 457.247787475586 448.032997131348 430.236675262451 354.447177886963 351.086536407471 333.931732177734 298.560791015625 356.410938262939 274.431411743164 364.121849060059 390.84130859375 347.746307373047 455.914432525635 581.502571105957 427.965728759766 410.252014160156 372.327499389648 317.792083740234 563.527446746826 587.158782958984 679.242889404297 677.045764923096 522.650215148926 573.502639770508 703.796775817871 641.913164615631 699.921237945557
409.639053344727 327.208652496338 474.120010375977 364.755025863647 313.018676757812 363.284184455872 358.523792266846 388.59447479248 446.196846008301 384.224008560181 202.23161315918 229.883918762207 281.188041687012 321.572490692139 354.349029183388 302.239673614502 316.55659866333 375.464065313339 443.976119995117 361.218678474426 220.180526733398 197.352630615234 339.983207702637 464.331214904785 517.400672912598 321.971138000488 391.400568008423 461.277603149414 350.595348358154 328.542129516602 476.459922790527 268.742279052734 275.674270629883 592.057739257812 454.427037239075 333.414726257324 537.57518196106 509.928134918213 372.717819213867 287.870330810547 471.671724319458 622.540168762207 656.986778259277 589.814872741699 642.042760848999 -9999 -9999 973.051761627197 560.799156188965 922.446105957031
482.806144714355 435.701644897461 434.030578613281 470.874839782715 501.108001708984 393.876613616943 421.34358215332 360.516056060791 367.969711780548 239.224632263184 306.54056930542 432.200378417969 390.309700012207 398.865184783936 407.645393371582 251.071182250977 321.111808776855 302.891986846924 414.219150543213 483.922340393066 431.202556610107 465.069900512695 457.464988708496 439.733165740967 401.999517679214 379.734264373779 515.251289367676 456.429346084595 467.39485168457 390.808261871338 442.458711624146 344.265609741211 399.745262145996 627.693634033203 402.972923278809 814.568347930908 432.394622802734 452.884925842285 283.312637329102 426.851051330566 560.529205322266 687.612731933594 -9999 -9999 -9999 -9999 -9999 -9999 -9999 -9999
391.439670562744 512.486595153809 349.331245422363 451.664257049561 519.444244384766 587.919830322266 455.610397338867 219.331497192383 252.22289276123 301.207572937012 447.444366455078 320.962309837341 415.984268188477 376.000593185425 341.030577456579 337.133089065552 360.335265159607 350.432332992554 280.604141235352 382.035594463348 500.230400085449 508.895889282227 369.770599365234 359.048320770264 371.412879943848 396.779551506042 478.387870788574 575.995498657227 609.482315063477 407.954540252686 335.887176513672 281.918823242188 385.907501220703 318.440048217773 314.448028564453 490.728523254395 372.276641845703 582.641461372375 426.968383789062 589.128800868988 582.785676956177 -9999 -9999 -9999 -9999 -9999 -9999 -9999 -9999 -9999
