simdem/realisation16.asc
NCOLS 350 
NROWS 171 
XLLCORNER 152620 
YLLCORNER 418050 
CELLSIZE 100 
NODATA_value -9999 
[rows 132 to 153 of 171, columns 250 to 299 of 350]
625.770004272461 779.219575881958 854.930824279785 702.910942077637 959.345703125 891.030349731445 752.936065673828 595.797819137573 579.091751098633 815.296087265015 773.49303817749 854.066246032715 889.095489501953 766.346868515015 782.532992601395 754.108142614365 670.65514755249 715.185924530029 751.753570556641 761.308086395264 647.892395019531 584.371353149414 606.238967895508 490.944671630859 548.785766601562 694.459795951843 638.554307937622 645.669055938721 548.641952514648 731.032493591309 725.51668548584 720.521507263184 610.310810089111 791.790390014648 725.100646972656 611.240409851074 615.289600372314 652.602699279785 604.327102661133 771.569511413574 792.907852172852 913.944976806641 704.716232299805 1012.19222259521 1114.87106323242 932.003704071045 1036.79988098145 929.545822143555 1010.49480438232 1036.95140838623
880.97737121582 730.626625061035 843.921867370605 892.111038208008 698.283125162125 659.090263366699 685.565055847168 610.842681884766 722.31206703186 761.802027225494 688.63777923584 718.809600830078 757.903180837631 653.174102783203 784.301750183105 801.386390686035 649.482341766357 905.446682929993 1062.40493011475 860.906394958496 685.296421051025 548.634323120117 636.639350891113 616.148445129395 731.254392623901 798.87109375 555.607849121094 658.672446727753 664.730127334595 642.654059410095 766.65705871582 645.884997367859 630.815090179443 751.340438842773 739.298904418945 708.393264770508 713.613021850586 712.386859893799 665.064861297607 587.42147064209 599.804214477539 747.726280212402 939.095489501953 1065.28564453125 1051.03806767985 1016.89430618286 1275.41088867188 863.519123077393 1053.90399169922 983.396263122559
675.192405700684 563.529022216797 660.334037780762 759.43465423584 768.303253173828 652.913391113281 692.896570205688 722.192165374756 947.278991699219 849.512924194336 793.791114807129 748.371852874756 574.417617797852 708.335552215576 638.682472229004 631.719360351562 782.557792663574 693.05192565918 895.349426269531 841.45512008667 645.423599243164 582.888748168945 667.630240440369 639.159057617188 727.092664718628 711.759651184082 555.623054504395 552.974784851074 746.620277404785 654.293038368225 792.760833740234 584.039688110352 597.752098083496 635.260788917542 662.158530712128 827.275726318359 682.606372833252 652.563587188721 771.032432556152 767.026100158691 817.245315551758 623.981048583984 604.404006958008 787.025684356689 1159.39111328125 952.137809753418 901.752150535583 811.632190704346 967.50235748291 814.227264404297
618.728530883789 571.401519775391 681.112962722778 662.775353431702 685.026191711426 575.88883972168 808.862327575684 882.397323608398 838.397270202637 772.210048675537 896.816719055176 730.944808959961 629.811019897461 664.903846740723 630.953536987305 715.690650939941 623.593444824219 680.351585388184 734.34676361084 707.1318359375 515.520538330078 554.235809326172 657.087261199951 649.214172363281 629.730535507202 543.11302947998 758.738014221191 613.94881439209 562.083343505859 591.934658050537 631.556869506836 528.038543701172 647.148103713989 599.280239105225 800.793586730957 772.62181854248 640.812874317169 685.371486663818 582.991340637207 687.456930160522 628.910804748535 723.894844055176 715.232444763184 661.842779159546 782.587074279785 1175.91333007812 989.754859924316 874.033771514893 937.698070526123 870.736209869385
551.151290893555 537.743286132812 738.852699279785 740.632263183594 653.469093322754 667.027160644531 773.321655273438 1025.16860961914 834.699039459229 784.264458656311 681.999610900879 764.712054729462 669.728049278259 709.384052276611 673.768005371094 715.827369689941 624.279022216797 647.779434204102 660.716987609863 592.104019165039 811.983366966248 609.029403686523 615.483963012695 746.124393463135 604.601692199707 613.642711639404 764.264518737793 742.211013793945 623.840270996094 527.597465515137 570.917900085449 599.323337554932 516.899658203125 664.601400136948 718.130813598633 627.062549591064 621.814964294434 635.521133422852 554.752243041992 618.671165466309 581.254760742188 617.533950805664 617.969825744629 555.03572845459 712.459461212158 865.158195495605 899.913673400879 962.753150939941 921.073471069336 1073.10926818848
661.218681335449 666.650253295898 783.057739257812 806.442230224609 691.556442260742 798.710921764374 659.696502685547 760.000406265259 620.468116760254 707.529151916504 705.300552368164 720.268087387085 714.332416534424 675.547737121582 667.316383361816 649.895942687988 589.999588012695 670.40446472168 637.008678436279 565.445587158203 658.425464630127 633.993034362793 694.403010368347 710.921501159668 737.744812011719 577.424278259277 744.875961303711 608.92004776001 819.415145874023 657.253705978394 729.523220062256 735.224979400635 638.090634092689 660.708015441895 579.751609802246 647.805866241455 688.248026072979 708.004127502441 613.452377319336 498.620559692383 606.091590881348 559.225082397461 619.575386047363 712.226779937744 644.25715637207 614.140209197998 902.257904052734 918.934005737305 829.973603248596 678.320220947266
808.3664894104 652.217876434326 900.949920654297 844.634300231934 760.851066589355 818.3918800354 719.278060913086 894.058311462402 810.739749908447 875.228538513184 756.44183921814 766.734190225601 737.466394424438 859.121736526489 809.925140380859 589.02400970459 562.683349609375 696.187780380249 692.985042572021 699.958980560303 701.801685333252 787.450660705566 648.695343017578 687.235981941223 663.115643501282 658.601504802704 740.307395935059 699.564041137695 712.227180480957 674.294456481934 768.637657165527 681.605722904205 718.298583984375 635.377792358398 623.881523132324 674.728210926056 682.865028381348 733.403686523438 785.945358276367 648.178005218506 549.776565551758 514.241104125977 650.826728820801 634.644271850586 714.682655334473 689.089021921158 741.115673065186 977.563613891602 881.061714172363 765.700120925903
747.067594528198 678.222229003906 840.037357330322 886.42130279541 797.957058906555 765.179567337036 706.43221282959 813.694129943848 791.754223823547 841.436241149902 753.55255317688 833.46614074707 824.613952636719 769.239954948425 888.3991355896 806.800807952881 655.815696716309 747.608642578125 762.150485992432 777.053600311279 905.952880859375 494.174423217773 738.935104370117 799.523002624512 767.114667892456 770.978061676025 763.881217956543 769.236629486084 789.414169311523 636.773712158203 634.66096496582 783.80855512619 693.534760951996 672.955554775894 692.611285448074 716.391227722168 791.914543151855 791.745338439941 676.296234130859 677.383655548096 731.789791107178 754.735313415527 718.832973480225 876.505676269531 793.744495391846 554.517608642578 763.377487182617 810.312614440918 887.32918548584 801.796957015991
832.210563659668 748.640464782715 667.497665405273 793.906921386719 762.815425872803 665.359329223633 722.812911987305 795.097071647644 867.162071228027 918.074760437012 805.964516639709 810.678060531616 749.933931827545 968.302536010742 885.199684143066 671.622375488281 849.565710067749 847.212778091431 793.92594909668 789.039237976074 802.743728637695 727.166212081909 629.470390319824 708.854358673096 890.1943359375 763.92834675312 772.590431213379 699.188011169434 634.434589385986 747.632522583008 849.580718994141 642.352725982666 666.816909790039 656.318430900574 782.094047546387 751.212242126465 711.276763916016 777.987266540527 683.697640419006 711.319513559341 777.768272399902 696.865686416626 858.610046386719 938.308120727539 719.229074478149 691.353450775146 597.935981750488 661.790794372559 750.470819473267 667.164848327637
788.467567443848 790.048409461975 855.256443023682 873.261116027832 828.454603105783 795.961790084839 761.621055603027 696.237655639648 734.544830322266 866.210121154785 777.209945678711 931.654632568359 989.780746459961 1046.19006347656 943.483093261719 874.190231323242 698.287261962891 784.798606872559 879.038757324219 763.001037597656 828.864791870117 583.63890838623 544.667098999023 757.660528182983 857.035858154297 886.97135925293 625.556259155273 926.241329193115 816.253602981567 802.324541091919 734.933200001717 711.930302858353 632.231521606445 693.473091125488 805.014579772949 772.311157226562 728.946105957031 632.836826324463 804.779441833496 743.495300292969 725.514684677124 759.538488388062 751.565629959106 717.938597679138 810.906211853027 776.757755279541 715.624967575073 670.425935745239 659.005844116211 610.74479675293
857.675170898438 818.496942520142 1159.75426912308 1009.91481018066 931.832618713379 850.955656051636 834.567750930786 577.38175201416 733.50866317749 856.459854125977 893.296432495117 845.052845001221 936.289306640625 864.403381347656 913.113342285156 679.222854614258 675.303863525391 721.032592773438 892.390082716942 630.93221282959 652.320629119873 627.365516662598 723.313533782959 665.719879150391 495.173492431641 658.729362487793 849.4875831604 810.020168304443 799.753575325012 739.035765647888 894.366668701172 679.64158821106 674.338626861572 674.965789794922 699.639656066895 708.830359458923 745.751502990723 537.398361206055 606.203887939453 633.354644775391 639.46794128418 793.294921875 673.165256500244 638.850910186768 694.440706253052 724.367120742798 706.154610157013 751.610545158386 636.206855773926 656.996719360352
657.9739112854 714.695969581604 1043.37985992432 765.41739654541 878.147888183594 678.227745056152 713.821685791016 910.488288879395 709.328498840332 857.255004882812 849.466796875 861.965354919434 969.711059570312 1009.99784851074 809.7337474823 830.594388484955 682.58349609375 674.696319580078 754.356636047363 591.855133056641 725.848593711853 702.972688674927 652.794792175293 604.017837524414 681.682334899902 767.344268798828 830.332542419434 836.433727264404 820.480075836182 888.937423706055 814.596647262573 728.265155792236 731.31974029541 553.287506103516 805.609107971191 878.037628173828 783.197380065918 675.702079772949 616.968620300293 677.516595840454 740.103893280029 791.82984161377 705.001539230347 759.865703582764 651.988540649414 549.28694152832 630.260154724121 633.947113037109 656.720268249512 632.738334655762
481.978912353516 730.972684860229 760.92779956013 717.728450775146 695.26424407959 612.27828502655 714.669618606567 838.406883239746 705.885173797607 841.725143432617 975.691175162792 782.074794769287 965.098846435547 907.328971862793 871.123259067535 695.895278930664 696.978713989258 644.002182006836 645.20751953125 889.056274414062 865.599395751953 683.841957092285 686.04940032959 635.686996459961 669.947326660156 615.821826934814 750.761074066162 810.949520111084 726.756755828857 856.075721740723 928.652793884277 676.360450744629 795.508544921875 737.222240447998 748.085834503174 636.810737609863 812.972038269043 767.04748916626 813.609550476074 698.859939575195 767.834434509277 687.422302246094 651.580955505371 762.177452087402 769.588985443115 599.331832885742 599.223358154297 534.298187255859 619.63671875 660.121673583984
-9999 -9999 -9999 791.660446166992 832.394706726074 724.153564453125 781.980345726013 894.326995849609 949.225082397461 800.605667114258 973.904670715332 896.865783691406 996.405731201172 1076.99716186523 858.173243999481 701.91325378418 750.81795501709 696.141464233398 913.979667663574 791.461307525635 714.32967376709 696.875106811523 683.763656616211 776.133140563965 780.34058380127 739.32084274292 654.742080688477 616.605117797852 651.588481903076 719.289985656738 882.337890625 717.253257751465 764.560635566711 807.216697692871 732.246049880981 620.176048278809 808.241683959961 795.010633847676 767.19762802124 793.50556397438 729.108123779297 799.392255783081 743.936215400696 685.595623016357 722.74785900116 709.535354614258 642.069923400879 660.430709838867 615.059539794922 776.898482322693
-9999 -9999 -9999 -9999 -9999 -9999 793.991744995117 896.137937545776 839.652610778809 913.291534423828 814.529052734375 729.316993713379 778.011194229126 1005.43246459961 911.307361602783 865.508043289185 873.640022277832 853.685037612915 785.477214813232 811.458969116211 745.538917541504 661.877044677734 780.103118896484 911.905654907227 750.24828338623 769.642539978027 842.564493179321 664.161777496338 674.899887084961 807.937942504883 808.893070220947 1071.75885009766 840.169727325439 698.657218933105 730.186843395233 655.844749450684 811.278347969055 664.507110595703 862.376544952393 882.891801834106 679.395874023438 625.630645751953 576.009750366211 657.607070922852 687.331912994385 705.652063369751 658.29919052124 587.951690673828 786.134284973145 744.070652008057
-9999 -9999 -9999 -9999 -9999 -9999 -9999 -9999 -9999 799.316215515137 751.278697967529 734.620143890381 835.375898957253 897.445949554443 782.118892669678 958.889144897461 1059.73804473877 850.684432983398 988.097648620605 830.374530792236 921.731256484985 919.652053833008 829.815559387207 831.760078430176 911.457979202271 759.907920837402 857.321960449219 721.055179595947 965.75732421875 845.453492641449 773.39672088623 787.866346359253 675.923286437988 578.474571228027 683.514991760254 773.679901123047 656.018157958984 770.720325469971 676.488805770874 614.450317382812 521.502792358398 697.161950111389 625.466934204102 813.311164855957 760.45299911499 708.732840538025 732.170445203781 653.68391418457 726.973625183105 689.279510498047
-9999 -9999 -9999 -9999 -9999 -9999 -9999 -9999 -9999 -9999 -9999 739.62548828125 729.123878479004 771.399995625019 677.260847806931 798.64875793457 745.529407501221 1237.19039916992 749.745658874512 862.799987792969 1094.07294464111 968.622489929199 801.580406188965 951.172283172607 831.167598724365 702.546752929688 712.881458282471 847.031757354736 965.638198852539 1116.01377868652 869.382212162018 868.691188812256 751.624584197998 676.999271392822 639.887817382812 759.859418869019 676.314590454102 549.475891113281 691.34354352951 757.552780151367 654.152847290039 743.243528366089 718.856854438782 801.341995239258 824.521820068359 643.325065612793 805.961093902588 748.365163803101 741.466356277466 674.559764862061
-9999 -9999 -9999 -9999 -9999 -9999 -9999 -9999 -9999 -9999 -9999 -9999 773.636650085449 716.826015472412 693.716009140015 723.762096405029 832.373279571533 1423.7355093956 1287.83791351318 1212.41151809692 1191.90686416626 1161.92500591278 1091.47100162506 1045.40624809265 726.746337890625 620.502960205078 771.050828933716 765.74991607666 768.208927154541 917.023372650146 858.861137390137 846.703172683716 806.802200317383 647.215370178223 683.807502746582 475.842788696289 544.499252319336 665.000968933105 716.846632003784 688.244873046875 796.30880355835 804.325210571289 691.242156982422 868.435173034668 736.818738937378 780.561511993408 818.616104125977 863.95735168457 737.796239852905 816.486667633057
-9999 -9999 -9999 -9999 -9999 -9999 -9999 -9999 -9999 -9999 -9999 -9999 851.368527412415 823.285308837891 835.338676452637 800.392280578613 625.540798187256 819.069837093353 783.726531982422 845.806880950928 819.963634490967 1002.099609375 897.748935699463 879.229499816895 857.159721374512 735.575534820557 1090.53715515137 694.299926757812 778.771026611328 878.104209899902 838.249563217163 1030.2204208374 822.738138198853 686.289566040039 693.027381896973 619.419784545898 687.454780578613 684.885620117188 828.161666870117 900.076629638672 857.61589050293 809.159107208252 840.407741546631 760.130263328552 837.516914367676 931.375427246094 821.898025512695 840.048393249512 837.430816650391 904.070266723633
-9999 -9999 -9999 -9999 -9999 -9999 -9999 -9999 -9999 -9999 -9999 -9999 -9999 759.852714538574 723.162487030029 800.111492156982 772.299488067627 741.875383377075 979.856727600098 916.01745223999 914.888454437256 887.843837738037 820.669544219971 824.118544578552 842.176061630249 748.642196655273 650.024269104004 750.197059631348 719.823970794678 839.329957962036 1098.69545555115 669.89631652832 775.845008850098 733.134578704834 819.35725402832 816.123357772827 877.824823856354 770.074207305908 720.88614654541 849.536148071289 860.288307189941 745.497425079346 785.463874816895 817.398052215576 949.076705932617 969.244888305664 939.385650634766 943.078628540039 805.906120300293 898.065475463867
-9999 -9999 -9999 -9999 -9999 -9999 -9999 -9999 -9999 -9999 -9999 -9999 -9999 -9999 563.991622924805 752.993137359619 944.116065979004 967.277679443359 902.222496032715 924.640594482422 912.957801818848 867.520977020264 943.246437072754 872.120445251465 855.596130371094 710.803239345551 705.985668182373 830.845703125 835.193193435669 827.943252563477 726.16431427002 645.982582092285 736.640508651733 713.943145751953 685.667686462402 780.912418365479 959.611637115479 770.495574951172 731.881660461426 823.339696884155 846.887479782104 751.87126159668 884.814125061035 954.286224365234 879.382995605469 927.384628295898 899.402069091797 889.677894592285 828.976797103882 795.797526359558
-9999 -9999 -9999 -9999 -9999 -9999 -9999 -9999 -9999 -9999 -9999 -9999 -9999 -9999 677.727615356445 805.6042137146 601.148544311523 904.285202026367 836.723556518555 846.85196685791 955.58162689209 870.643824577332 784.279624938965 872.717355728149 923.840461730957 897.323146820068 882.850076675415 827.087335586548 799.405639648438 819.500653266907 708.392723083496 793.908549308777 1093.58786201477 846.886375427246 795.415771484375 811.387691497803 647.23462677002 697.889801025391 729.96019744873 835.884172916412 812.953845977783 873.130451202393 817.269999027252 992.149642944336 793.457954406738 890.010948181152 848.399501800537 907.549522399902 727.941688537598 825.469253778458
