simdem/realisation8.asc
NCOLS 350 
NROWS 171 
XLLCORNER 152620 
YLLCORNER 418050 
CELLSIZE 100 
NODATA_value -9999 
[rows 88 to 109 of 171, columns 0 to 49 of 350]
-9999 -9999 -9999 -9999 -9999 -9999 -9999 -9999 -9999 -9999 -9999 -9999 -9999 -9999 -9999 -9999 -9999 610.705535888672 439.537521362305 287.759408950806 134.492889404297 587.901973724365 554.803314208984 460.165130615234 206.581512451172 491.41194152832 550.582443237305 202.035903930664 844.167198181152 543.708320617676 385.441791534424 433.339332580566 691.400367736816 347.541229248047 297.091354370117 460.783096313477 523.80387878418 795.424514770508 658.185241699219 870.334457397461 723.434518814087 749.305648803711 400.395843505859 354.24333190918 325.453763961792 383.535511016846 515.40060043335 541.184158325195 624.291412353516 325.973335266113
-9999 -9999 -9999 -9999 -9999 -9999 -9999 -9999 -9999 -9999 -9999 -9999 -9999 -9999 -9999 -9999 -9999 522.041481018066 484.42407989502 276.458572387695 209.369094848633 442.261959075928 359.510131835938 469.701721191406 270.474105834961 648.951919555664 564.920700073242 948.641166687012 630.77515411377 398.064872741699 289.15852355957 622.95133972168 490.655006408691 384.76634979248 497.160503387451 641.629497528076 591.642473220825 767.208374023438 728.220687866211 657.328249514103 737.566957473755 762.312110900879 591.461418151855 380.046501159668 327.918418884277 282.922962188721 494.787448883057 501.908563613892 314.267071843147 415.351753234863
-9999 -9999 -9999 -9999 -9999 -9999 -9999 -9999 -9999 -9999 -9999 -9999 -9999 -9999 -9999 -9999 647.933887481689 677.043022155762 310.69083404541 202.971160888672 480.941638946533 492.101514816284 534.798397064209 404.004920959473 558.870811462402 530.402128219604 551.312210679054 414.217643737793 516.076675415039 360.106252551079 560.496994018555 707.440879821777 448.16633605957 712.948196411133 743.251777648926 719.114044189453 814.925022125244 647.692237854004 625.582992553711 604.845668792725 420.913635253906 418.968629360199 741.185928344727 452.220031738281 296.628593444824 427.74732208252 370.186012268066 397.587936401367 368.671371459961 445.911094665527
-9999 -9999 -9999 -9999 -9999 -9999 -9999 -9999 -9999 -9999 -9999 -9999 -9999 -9999 -9999 -9999 500.705474853516 522.384563446045 397.412422180176 572.50704574585 535.382562637329 547.874877929688 625.813697814941 561.940895080566 478.831909179688 433.363536834717 479.552223205566 594.858979225159 531.917663574219 468.332328796387 778.563537597656 483.652026891708 391.695770263672 396.406097412109 751.272500991821 606.791397094727 739.672592163086 683.940727233887 471.596710205078 257.98415184021 181.119354248047 336.861071586609 301.643676757812 165.705165863037 369.757827758789 151.567672729492 203.62752532959 311.130577087402 438.678237915039 393.58073425293
-9999 -9999 -9999 -9999 -9999 -9999 -9999 -9999 -9999 -9999 -9999 -9999 -9999 -9999 -9999 592.760173797607 534.045135498047 339.349166870117 464.948699951172 551.221364974976 714.77530670166 532.604159355164 639.125114440918 881.339469909668 545.431854248047 657.953079223633 473.418090820312 344.30362701416 530.891578674316 581.180305480957 642.59903717041 824.201923370361 602.16569519043 60.1781311035156 555.263275146484 678.123510360718 595.408332824707 547.277267456055 704.841054916382 254.923320770264 300.460746765137 293.468793392181 233.766994476318 26.7649269104004 305.201397895813 180.474906921387 155.845352172852 376.642639160156 391.595685482025 315.324928283691
-9999 -9999 -9999 -9999 -9999 -9999 -9999 -9999 -9999 -9999 -9999 -9999 -9999 -9999 -9999 583.366691589355 239.217910766602 451.410221099854 482.57431602478 477.839757919312 693.160980224609 443.803342819214 674.620750427246 814.693222045898 898.362724304199 539.18057346344 326.534042358398 403.622388839722 466.286010742188 462.171029567719 392.701147556305 366.388168334961 320.695655822754 249.203536987305 543.640357971191 624.081413269043 424.65869140625 610.587451934814 654.436403274536 271.211265563965 270.962015151978 262.547075271606 300.576035499573 213.9152135849 320.058784484863 384.065948486328 267.91424369812 265.40242433548 278.370197057724 378.30606842041
-9999 -9999 -9999 -9999 -9999 -9999 -9999 -9999 -9999 -9999 -9999 -9999 -9999 -9999 741.211059570312 578.118515014648 583.127975463867 517.456298828125 513.777893066406 417.703133583069 554.558330535889 577.624290466309 563.241117477417 845.568725585938 747.06965637207 641.91667175293 563.54759979248 459.78018951416 324.84024810791 281.807640075684 407.868209838867 308.442672729492 273.34741973877 297.773357391357 296.886692047119 626.627754211426 567.807235717773 704.176689147949 -9999 -9999 307.461608886719 321.893844604492 149.070583343506 299.79988861084 311.927116394043 393.997734069824 558.677032470703 678.091705322266 442.103912353516 431.821487426758
-9999 -9999 -9999 -9999 -9999 -9999 -9999 -9999 -9999 -9999 -9999 -9999 -9999 -9999 625.644379615784 527.390638828278 634.011283874512 486.277095794678 369.806930541992 572.703910827637 561.744689941406 772.790344238281 485.748729705811 718.618988037109 608.760162353516 606.742637634277 732.229400634766 694.884037017822 623.851318359375 496.102584838867 412.875427246094 116.763717651367 206.870742797852 259.755836486816 278.112190246582 -9999 -9999 -9999 -9999 -9999 -9999 -9999 264.826683044434 279.268013000488 315.272964477539 214.558339118958 495.214874267578 696.689903259277 441.487823486328 365.627876281738
-9999 -9999 -9999 -9999 -9999 -9999 -9999 -9999 -9999 -9999 -9999 -9999 -9999 449.2578125 367.528839111328 534.990087509155 608.455902099609 210.036684989929 82.1800842285156 454.342388153076 716.099624633789 768.704765319824 986.724798202515 529.764854431152 521.446044921875 562.072381973267 734.30615234375 636.0288438797 673.370014190674 756.043960571289 357.452270507812 420.878564834595 493.435485839844 264.962995052338 305.398078918457 -9999 -9999 -9999 -9999 -9999 -9999 -9999 -9999 221.180757522583 305.92781829834 314.549278259277 371.343902587891 549.402847290039 731.126831054688 312.008583068848
-9999 -9999 -9999 -9999 -9999 -9999 -9999 -9999 -9999 -9999 -9999 -9999 -9999 545.413005828857 456.559099197388 349.393356323242 28.7717742919922 72.7308044433594 202.652030944824 504.884994506836 605.500696182251 397.731567382812 590.39729309082 507.408180236816 521.434604644775 416.201919555664 503.678100585938 469.915100097656 447.120346069336 732.235126495361 238.811141967773 272.143081665039 452.857320785522 367.047492980957 -9999 -9999 -9999 -9999 -9999 -9999 -9999 -9999 -9999 -9999 95.9308166503906 251.106596946716 304.760761260986 304.212833404541 471.923389434814 213.509963989258
-9999 -9999 -9999 -9999 -9999 -9999 -9999 -9999 -9999 -9999 -9999 -9999 592.240272521973 456.040229797363 378.071380615234 387.078453063965 406.15234375 445.086364746094 669.242761611938 709.513508796692 393.652770996094 311.467308044434 560.819995641708 546.575555801392 535.896373748779 339.564361572266 437.928588867188 481.04328918457 481.026794433594 379.078552246094 537.703388214111 556.787132263184 311.076843261719 -9999 -9999 -9999 -9999 -9999 -9999 -9999 -9999 -9999 -9999 -9999 215.370292663574 185.00244140625 387.164695739746 283.78270149231 372.902019500732 492.778305053711
-9999 -9999 -9999 -9999 -9999 -9999 -9999 -9999 -9999 -9999 -9999 474.755000114441 551.533103942871 444.050573348999 473.849952697754 357.199920654297 440.043426513672 534.321884155273 539.329391479492 629.346541404724 418.882507324219 979.652084350586 520.696014404297 536.571960449219 604.323089599609 549.609237670898 360.745697021484 429.858917236328 462.397369384766 578.417251586914 535.363414764404 498.774008750916 426.504707336426 -9999 -9999 -9999 -9999 -9999 -9999 -9999 -9999 -9999 -9999 -9999 -9999 240.242477416992 323.294881820679 138.986267089844 317.391202926636 541.000015258789
-9999 -9999 -9999 -9999 -9999 -9999 -9999 -9999 -9999 -9999 -9999 363.67325592041 392.143020629883 314.337020874023 339.197235107422 413.164266586304 555.562431335449 644.166891098022 572.798294067383 421.699462890625 481.230800628662 730.216720581055 683.477005004883 583.88899230957 472.888313293457 476.077545166016 616.381950378418 425.083160400391 262.275665283203 365.321624755859 520.06575012207 469.37035369873 -9999 -9999 -9999 -9999 -9999 -9999 -9999 -9999 -9999 -9999 -9999 -9999 -9999 413.554636001587 219.879676818848 189.53385925293 293.265312194824 483.358106613159
-9999 -9999 -9999 -9999 -9999 -9999 -9999 -9999 -9999 -9999 577.539417266846 518.009338378906 298.758605957031 287.51789855957 390.59324836731 516.086860656738 628.855739593506 536.770332336426 480.601852416992 330.343643188477 465.782661437988 645.965911865234 811.689331054688 723.645065307617 716.354377746582 739.040440559387 373.01318359375 381.107131958008 511.835609436035 405.105041503906 393.712520599365 -9999 -9999 -9999 -9999 -9999 -9999 -9999 -9999 -9999 -9999 -9999 -9999 -9999 -9999 -9999 704.849304199219 446.305408477783 229.614837646484 419.101001739502
-9999 -9999 -9999 -9999 -9999 -9999 -9999 -9999 -9999 -9999 469.738739013672 349.533233642578 390.172779083252 361.011192321777 376.749423980713 511.782077789307 735.154769897461 429.650493621826 475.675132751465 450.567672729492 421.274360656738 515.8503074646 574.649406909943 570.308530807495 384.959869384766 463.618461608887 353.679748535156 349.366140365601 310.969718933105 219.912673950195 -9999 -9999 -9999 -9999 -9999 -9999 -9999 -9999 -9999 -9999 -9999 -9999 -9999 -9999 -9999 -9999 -9999 723.178382873535 460.450908660889 289.14575958252
-9999 -9999 -9999 -9999 -9999 -9999 -9999 -9999 -9999 619.968681335449 354.55150604248 466.422433853149 315.968231201172 369.592435836792 670.376190185547 507.383964538574 399.944778442383 509.967971801758 503.666732788086 1008.34977340698 550.684852600098 588.384769439697 655.049995422363 481.549530029297 284.274150848389 355.305728912354 366.774014592171 107.410858154297 367.513732910156 270.180061340332 -9999 -9999 -9999 -9999 -9999 -9999 -9999 -9999 -9999 -9999 -9999 -9999 -9999 -9999 -9999 -9999 -9999 -9999 530.502334594727 568.703674316406
-9999 -9999 -9999 -9999 -9999 -9999 -9999 -9999 355.807876586914 469.280155181885 407.075187683105 504.456878662109 394.828720092773 324.315948486328 298.36056137085 439.458351135254 347.397491455078 538.799167633057 453.792688369751 568.847031593323 508.992362976074 646.044929504395 572.706205368042 134.986267089844 330.276069641113 405.733421325684 336.730537414551 356.999389648438 224.782071352005 -9999 -9999 -9999 -9999 -9999 -9999 -9999 -9999 -9999 -9999 -9999 -9999 -9999 -9999 -9999 -9999 -9999 -9999 -9999 -9999 827.94847869873
-9999 -9999 -9999 -9999 -9999 -9999 -9999 -9999 291.826705932617 433.013624968939 354.93424987793 467.126100540161 367.850891113281 609.369972229004 604.606094360352 594.43017578125 513.18203163147 426.05530166626 955.679641723633 374.5109167099 674.203598022461 569.376445770264 716.322395324707 312.026180267334 395.42798614502 273.053169250488 193.995239257812 257.249827384949 -9999 -9999 -9999 -9999 -9999 -9999 -9999 -9999 -9999 -9999 -9999 -9999 -9999 -9999 -9999 -9999 -9999 -9999 -9999 -9999 -9999 -9999
-9999 -9999 -9999 -9999 -9999 -9999 -9999 431.750264525414 274.44059753418 378.319793701172 563.32780456543 372.677673339844 254.131454467773 523.767158508301 544.173789978027 488.311298370361 575.469661712646 564.256244659424 336.60774230957 326.925140380859 386.329044342041 551.127731323242 381.494850158691 457.963844299316 260.65691947937 257.350328445435 117.397880554199 344.593978881836 -9999 -9999 -9999 -9999 -9999 -9999 -9999 -9999 -9999 -9999 -9999 -9999 -9999 -9999 -9999 -9999 -9999 -9999 -9999 -9999 -9999 -9999
-9999 -9999 -9999 -9999 -9999 -9999 497.498519897461 421.852444648743 220.952239990234 425.911203384399 455.401557922363 377.24528503418 487.444488525391 647.5576171875 471.298143386841 446.009552001953 385.896747589111 518.965003967285 313.172142028809 306.827033996582 317.883394241333 578.059976577759 490.935604095459 286.233764648438 84.05126953125 214.833312988281 239.24084186554 -9999 -9999 -9999 -9999 -9999 -9999 -9999 -9999 -9999 -9999 -9999 -9999 -9999 -9999 -9999 -9999 -9999 -9999 -9999 -9999 -9999 -9999 -9999
-9999 -9999 -9999 -9999 586.320922851562 610.751754760742 540.523429870605 228.444564819336 158.460544586182 433.205911636353 448.252820968628 623.153984069824 622.369850158691 537.649696350098 378.521766662598 314.090255737305 563.156883239746 176.08056640625 254.567626953125 475.736198425293 476.23690032959 700.67889213562 135.554035186768 -57.2562103271484 52.9325351715088 150.24040222168 -9999 -9999 -9999 -9999 -9999 -9999 -9999 -9999 -9999 -9999 -9999 -9999 -9999 -9999 -9999 -9999 -9999 -9999 -9999 -9999 -9999 -9999 -9999 -9999
346.098442077637 246.545658111572 299.341184616089 623.160049438477 615.445266723633 522.252479553223 384.858444213867 481.894197463989 158.5533618927 445.534729957581 538.525353431702 628.567390441895 453.362670898438 519.709243774414 481.323799133301 598.415012359619 923.63366317749 198.00700378418 229.133110046387 538.992750108242 501.484043121338 275.132305145264 211.538635253906 104.756595611572 106.002262115479 96.3620014190674 -9999 -9999 -9999 -9999 -9999 -9999 -9999 -9999 -9999 -9999 -9999 -9999 -9999 -9999 -9999 -9999 -9999 -9999 -9999 -9999 -9999 -9999 -9999 -9999
