simdem/realisation10.asc
NCOLS 350 
NROWS 171 
XLLCORNER 152620 
YLLCORNER 418050 
CELLSIZE 100 
NODATA_value -9999 
[rows 22 to 43 of 171, columns 50 to 99 of 350]
-9999 -9999 -9999 -9999 -9999 -9999 -9999 -9999 -9999 789.930145263672 751.295570373535 724.870338439941 722.566425323486 475.773315429688 371.444328308105 380.440162658691 428.909847259521 429.578552246094 612.603923797607 738.101890563965 622.680557250977 612.461410522461 684.503047943115 671.557522773743 831.354211807251 700.569534301758 712.308609008789 683.932197570801 655.383872032166 644.698692321777 628.972261428833 668.251937866211 776.780227661133 739.486465454102 505.97932434082 628.441114902496 481.73722076416 628.904693603516 604.321607589722 485.059505462646 528.671394348145 450.196243286133 995.168510437012 723.093807220459 694.033615112305 631.652400970459 460.654769897461 697.604899734259 579.129261016846 1361.49290466309
-9999 -9999 -9999 -9999 -9999 -9999 -9999 -9999 934.602209091187 573.834686279297 771.195869445801 630.550354003906 670.600162506104 370.528736114502 394.226684570312 530.541484832764 361.695693969727 632.988499641418 692.019966125488 609.536203384399 613.895240783691 751.371643066406 668.538284301758 652.930698394775 708.076316595078 647.536949157715 552.517335891724 521.259834289551 560.577819824219 579.105110168457 504.147702217102 524.540905237198 549.810160636902 616.628868103027 627.278739929199 555.412414550781 434.446395874023 921.934860229492 846.375 1079.37591552734 678.867950439453 580.011362075806 561.547870635986 665.549346923828 520.670101165771 498.393363952637 424.532745361328 572.274543762207 478.120056152344 1282.32580947876
-9999 -9999 -9999 -9999 -9999 -9999 -9999 923.625495910645 904.366580963135 1005.23746109009 713.620277404785 753.102142333984 474.214301764965 378.101119995117 508.842695236206 642.665787994862 584.573844909668 687.097362518311 577.057113647461 646.942170619965 699.932711601257 673.664291381836 549.039962768555 686.227935791016 654.956110954285 616.74764251709 508.306045532227 522.393438339233 477.013801574707 1120.82641601562 598.145317077637 444.134887695312 556.381042480469 629.50923538208 844.061122894287 498.529403686523 452.369415283203 707.012649536133 618.784774780273 642.021233558655 591.014305114746 486.336631774902 407.176361083984 502.175537109375 401.218902587891 397.343872070312 305.355133056641 420.552513122559 410.685012817383 1059.10501158237
-9999 -9999 -9999 -9999 -9999 -9999 576.424835205078 578.2568359375 696.649063110352 881.763324737549 754.664413452148 638.352971553802 463.715317726135 507.447219848633 479.850497245789 585.187156677246 540.620254516602 666.012092590332 575.385783195496 680.020219802856 739.965503692627 633.485122680664 553.911443710327 626.525748252869 614.467618942261 642.960010528564 506.505744934082 954.523681640625 627.498672485352 796.244525909424 663.677734375 577.921752929688 483.956954956055 802.760635375977 596.850189208984 557.749450683594 441.412445068359 524.249458312988 613.432218551636 588.467548370361 668.329795837402 518.981550216675 449.380805969238 499.184589385986 700.501642227173 529.246482849121 461.85034942627 451.754867553711 485.019714355469 911.234649658203
-9999 -9999 -9999 -9999 -9999 649.345863342285 527.461563110352 305.305969238281 334.990158081055 602.612152099609 645.483819961548 635.367162704468 759.068081855774 728.55347442627 555.946662902832 601.47144317627 547.126991271973 532.043567657471 520.320320129395 511.986171722412 768.546020507812 721.71923828125 476.497894287109 430.927490234375 618.58381652832 806.179461479187 689.500267028809 784.70475769043 837.982978820801 698.838409423828 761.76916885376 541.893600463867 692.286443710327 670.371572494507 670.630309104919 698.88458442688 457.533134460449 574.344452857971 561.833260536194 596.938789367676 526.454765319824 619.188282012939 467.160346984863 520.706653594971 525.120391845703 403.448516845703 380.698059082031 526.553882598877 540.059188842773 714.683864593506
-9999 -9999 -9999 -9999 651.564392089844 790.214370727539 528.174020767212 388.69783782959 400.298492431641 512.056091308594 628.152288913727 734.937632441521 653.135730743408 520.647285461426 423.280807495117 523.370803833008 531.05899810791 668.539611816406 577.678207397461 522.307117462158 667.831787109375 615.734497070312 567.576290130615 984.902716636658 980.851291656494 616.823425292969 606.676536560059 698.092418670654 736.56577694416 698.804565429688 613.862728834152 672.382188796997 554.270282745361 714.253242492676 647.091831207275 784.820785522461 576.763744354248 545.986888885498 585.112549781799 567.409217834473 651.589164733887 609.007839202881 503.876377105713 529.821598052979 643.72049331665 518.341262817383 588.118850708008 441.963897705078 491.26904296875 566.432266235352
-9999 -9999 -9999 1103.70844268799 629.402267456055 484.580078125 562.846992492676 316.402481079102 355.658355712891 530.709510803223 708.625909805298 580.253242492676 482.765014648438 529.003837585449 625.737350463867 504.86897277832 638.937961578369 732.432632446289 655.678611755371 589.141777038574 590.682735443115 308.597717285156 741.76554107666 633.567458629608 550.023956298828 640.935266494751 663.18440246582 624.383237838745 502.90495300293 565.264640808105 558.264556884766 490.933807373047 713.931549072266 717.537040710449 551.742378234863 602.104134082794 584.614384651184 643.791404724121 501.883110046387 516.65393447876 597.970474243164 583.439990997314 528.396716117859 476.618463516235 584.575630187988 453.470695495605 575.375785827637 550.597944259644 547.670609474182 676.287753343582
-9999 -9999 611.247756958008 1109.35049438477 444.707730293274 304.723556518555 358.445983886719 270.053039550781 401.530471801758 667.785026550293 608.180641174316 485.688323974609 510.105590820312 763.187477588654 725.405075073242 588.166343927383 610.367637634277 597.606834411621 881.232810974121 609.891551971436 1332.49060821533 578.490243911743 539.104551315308 472.73509979248 310.4482421875 585.577903747559 415.573211669922 548.66845703125 491.12625837326 390.964408874512 622.459579467773 633.383859634399 698.81005859375 442.164794921875 508.810817718506 455.814270019531 590.66512298584 667.504341125488 516.673491954803 446.637767791748 428.754989624023 374.847534179688 475.038906097412 524.879772186279 493.844326972961 455.663928985596 563.969856262207 551.694833755493 659.167495727539 900.224049091339
-9999 -9999 694.231775283813 1007.66198730469 936.137832641602 362.87525177002 488.030700683594 414.252746582031 536.093902587891 730.523330688477 693.336112976074 513.263538837433 760.751276016235 676.226414680481 699.593508958817 575.602958679199 698.398609161377 460.216682434082 665.25325012207 516.865463256836 572.746696472168 783.034591674805 730.193954467773 573.607913970947 411.560119628906 421.161350250244 451.233796238899 494.016401290894 513.743087768555 431.811937332153 396.392753601074 572.764091491699 572.540946960449 433.292514801025 354.187942504883 338.204864501953 554.493553161621 460.993606567383 488.233123779297 362.406494140625 441.47469329834 569.587907791138 327.314819335938 568.766883850098 545.634757995605 470.522842407227 534.245307922363 529.717694759369 491.763660430908 730.115045547485
-9999 586.148056030273 672.533050537109 533.553764343262 616.490627765656 630.801013946533 517.880104064941 656.440689086914 579.898330688477 545.373886108398 510.385726928711 593.732521057129 706.783781051636 683.104091644287 445.67798614502 641.359303474426 655.463752746582 408.281257629395 550.132285118103 518.358203887939 501.094463348389 632.330459594727 492.112316131592 585.696151733398 316.518081665039 464.066606521606 482.921760559082 548.447662353516 350.530967712402 477.270378112793 578.062919616699 571.991256713867 398.416400909424 353.350303649902 379.584327697754 448.266890525818 492.07533454895 380.24528503418 507.327789306641 480.044858932495 386.053077697754 686.250579833984 381.536270141602 446.981220245361 513.161329269409 444.668067932129 553.602188110352 391.76441192627 446.19758605957 577.475017547607
453.78987121582 575.554534912109 493.072471618652 729.098449707031 612.378931999207 590.955814361572 505.833686828613 414.933441162109 534.768409729004 598.093547821045 718.257301330566 585.903671264648 500.02375793457 482.554679870605 603.374639511108 466.456314086914 545.050712585449 668.013168334961 491.078563451767 476.42587852478 661.432006835938 527.447635650635 471.90444278717 526.394412994385 398.683097839355 503.316722869873 476.729167938232 464.948121786118 326.735153198242 395.866012573242 515.077857971191 512.275074005127 462.205750465393 379.63077545166 474.669836044312 446.088405609131 453.911342144012 627.930099487305 428.323132514954 454.663673400879 532.054588317871 544.482357978821 409.252571105957 417.132583618164 364.997200012207 569.870937347412 532.553916931152 468.352096557617 713.68229675293 569.073528289795
534.045333862305 420.222152709961 505.816856384277 691.219688415527 580.828889846802 376.414733886719 517.454879760742 473.968200683594 669.785127639771 612.629093170166 507.788604736328 468.95516204834 572.787635803223 361.432029724121 527.210464477539 392.005027770996 574.657511711121 657.025482177734 615.237182617188 682.654434204102 698.707336425781 622.391021728516 415.61153793335 546.251243591309 440.873391628265 310.875961303711 360.28923034668 423.819816589355 465.334494948387 471.995574712753 450.032402038574 464.443135738373 531.337928771973 423.61852645874 500.031467437744 451.708720207214 430.241979598999 610.834930419922 518.361854553223 378.809265136719 510.424377441406 586.874328613281 444.638502120972 448.426712036133 392.654426574707 534.111610412598 658.1708984375 645.877029418945 547.705207824707 523.185592651367
501.149269104004 406.43229675293 478.161725997925 578.502209663391 509.84525680542 597.098526000977 563.683929443359 342.217086791992 665.113220214844 587.020797729492 533.317878723145 525.848571777344 549.118263244629 623.765378952026 458.07975769043 616.925117492676 378.180603027344 442.562026977539 565.45027923584 521.879854202271 493.57462310791 447.126730442047 473.778308868408 492.070301055908 444.18567943573 335.779106140137 438.147373199463 664.556762695312 471.096207618713 489.891288757324 482.955875396729 548.131523132324 506.97993850708 321.22876739502 399.560813903809 402.584968566895 506.282089233398 491.096164703369 434.870439529419 432.485582351685 437.280158996582 471.52278137207 439.785655975342 370.617523193359 450.555068969727 494.650875091553 616.583465576172 612.479461669922 464.407537460327 509.157497406006
530.195653915405 491.774894714355 586.32039642334 657.766525268555 417.889419555664 665.421451568604 538.862435340881 865.490155220032 605.994571208954 670.860848426819 647.979125976562 584.559638977051 648.661911010742 635.622673034668 580.541831970215 440.077816009521 396.918678283691 492.315729141235 550.673603057861 553.814994812012 508.21626663208 498.98934173584 352.216423034668 508.052268981934 406.150447845459 404.140686035156 479.527735710144 509.965126037598 306.292022705078 494.762176513672 432.255393981934 488.298881530762 361.975860595703 490.801753997803 412.243209838867 384.000122070312 614.723388671875 628.629684448242 475.060562133789 354.989768981934 462.457995414734 527.289920806885 378.559013366699 435.081689834595 596.027709960938 563.003288269043 641.861190795898 568.659568786621 413.799179077148 450.788383483887
681.054363250732 635.587540149689 564.865669250488 481.030731201172 628.489551544189 637.424781799316 545.024795532227 726.885005950928 696.882624149323 718.996307373047 505.258796691895 580.644514083862 391.303817749023 589.217267990112 648.158508300781 591.762466430664 417.749504089355 503.526480197906 517.924087524414 575.641059875488 565.991325378418 417.714153289795 435.359915733337 534.302238464355 322.891792297363 327.485000610352 419.384919166565 489.633808135986 404.473762512207 320.215034484863 352.152740478516 314.002967834473 485.941585540771 565.368682861328 677.11296081543 521.7688331604 580.751243591309 551.740028381348 427.569761276245 299.667297363281 406.297508239746 403.865341663361 338.424339294434 516.99471282959 523.383865356445 366.89070892334 608.462768554688 589.799613952637 410.501358032227 345.26123046875
772.359115600586 527.511865615845 566.57405090332 471.740585327148 647.717416763306 498.22837638855 562.059700012207 480.463989257812 523.449203491211 693.33186340332 423.012060165405 627.235260009766 504.246509552002 629.10472869873 576.09126663208 443.819355010986 656.90177154541 476.188129425049 491.765556335449 454.208057403564 349.187004089355 507.325981140137 468.526081085205 483.908317565918 365.052871704102 402.567176818848 302.258193969727 333.660522460938 345.32975769043 432.965691804886 363.356086730957 369.274467468262 484.410018920898 574.819030761719 596.116516113281 532.356048583984 684.912490844727 527.991928100586 350.32405090332 273.539245605469 91.3905944824219 359.905410766602 263.176147460938 354.55591583252 583.709533691406 436.119758605957 476.748106956482 463.93240057677 440.637479782104 531.930416107178
808.732849121094 585.084312438965 592.480979919434 569.195232391357 495.652906417847 365.433879852295 594.470344543457 1033.69223213196 848.015213012695 1054.67610931396 554.493673324585 452.423332214355 392.569145202637 417.669441223145 526.826862335205 526.166303634644 529.113372802734 403.45142364502 481.967979431152 411.411930084229 401.253276824951 395.585273742676 325.408302307129 464.43656539917 451.736455917358 400.338069915771 364.376846313477 368.748477935791 373.976333618164 503.73713684082 421.569922208786 363.658111572266 436.865577697754 393.390338897705 479.98694229126 423.873292922974 557.866851806641 507.561859130859 513.894020080566 370.966415405273 194.489227294922 167.052947998047 329.927467346191 413.846387863159 370.148002624512 331.375671386719 419.305236816406 516.297924041748 531.105598449707 367.683662414551
671.641967773438 507.185821533203 609.262464523315 685.288726806641 327.668022155762 351.260292053223 353.75276184082 496.682975769043 531.179389953613 637.233673095703 401.393402099609 436.227096557617 488.757846832275 549.353187561035 639.655044555664 426.1692237854 471.210860729218 325.89315032959 419.112947463989 515.790302276611 415.725799560547 422.665761947632 473.152400970459 443.3686170578 422.080686569214 435.434328079224 411.375111579895 374.097587585449 513.713317871094 471.061027526855 433.698847293854 332.889717102051 413.795003890991 396.204734802246 370.263519287109 475.659824371338 551.919380187988 445.356639862061 399.486827850342 381.901336669922 413.660213470459 469.731163024902 398.787330627441 400.006771087646 455.195353507996 516.722515106201 532.104370117188 447.502081871033 392.714031219482 207.167922973633
601.806983947754 643.273972988129 613.725067138672 586.382804870605 664.441528320312 358.447814941406 423.020351409912 654.427302360535 606.150897979736 770.890441894531 576.54718208313 504.379680633545 375.714599609375 544.200443267822 607.414016723633 412.984687805176 433.495384216309 441.064544677734 403.298755645752 448.921622395515 475.024463653564 407.030597686768 403.029407501221 323.397422790527 428.059102058411 546.029495239258 545.266914367676 442.998332977295 550.149673461914 343.998229980469 250.425064086914 349.071014404297 491.816387176514 520.99983215332 589.977874755859 484.90283203125 385.854034423828 357.050743103027 226.943588256836 395.86083984375 309.925064086914 465.806955337524 487.012157440186 377.32682800293 314.194519042969 360.74755859375 565.383979797363 453.718450784683 462.057168960571 475.200874328613
365.396484375 544.53352355957 464.241455078125 590.593650817871 777.17569732666 530.581314086914 553.088569641113 648.112836837769 813.444328308105 1191.18986129761 800.031967163086 582.780727863312 546.610864639282 581.325668334961 571.737716674805 431.179622650146 336.95987701416 462.490262985229 530.669822692871 548.299743652344 371.351921081543 346.288177490234 314.079849243164 278.137481689453 356.221008300781 407.142082214355 378.456142425537 462.822891235352 393.188919067383 392.064434051514 345.495864868164 356.925064086914 486.90966796875 552.051773071289 486.80069732666 448.723182678223 459.270891189575 521.349655151367 458.365532398224 386.792678833008 325.751037597656 364.142547607422 325.53002166748 421.873161315918 449.904472827911 409.505001068115 434.376424789429 420.153119087219 398.82640838623 411.843097448349
719.531188964844 933.875877380371 882.510307312012 977.88899230957 499.683929443359 598.249389648438 583.403127908707 484.692070007324 585.40087223053 531.914966583252 655.990264892578 502.978256225586 610.349136352539 440.726379394531 409.579521179199 522.700449943542 408.437286376953 619.075134277344 547.436225891113 460.268671989441 542.874725341797 506.152099609375 550.218154907227 351.483207702637 376.208961486816 300.332054138184 365.22261428833 562.393447875977 549.843299865723 408.446994304657 472.654640197754 397.486289978027 299.000579833984 388.769596099854 406.793125152588 400.127193450928 385.176948547363 337.431968688965 478.982788085938 400.187152862549 537.797241210938 510.876670837402 414.682313919067 365.232292175293 448.45877456665 489.599197387695 420.566740036011 366.853469848633 306.625473022461 330.207206726074
623.492973327637 992.089363098145 887.390487670898 859.404281616211 369.260223388672 507.245964050293 408.522064208984 443.538841247559 521.586311340332 479.434185028076 483.266693115234 521.771862030029 595.260185241699 492.119541168213 440.320274353027 446.198022842407 425.569692611694 370.716171264648 398.338813781738 422.422266453505 510.930793762207 408.454706192017 425.51602602005 477.27961730957 467.116794586182 323.606071472168 561.362655639648 482.393280029297 578.961517333984 377.507385253906 411.790912628174 448.856515884399 357.749298095703 441.030471324921 464.512020111084 482.948886871338 396.510047912598 279.312026977539 394.432704925537 445.788459777832 430.054769515991 523.333740234375 308.662002563477 323.385673522949 203.960998535156 396.741718292236 524.699722290039 504.853130340576 357.966636657715 401.019027709961
