simdem/realisation47.asc
NCOLS 350 
NROWS 171 
XLLCORNER 152620 
YLLCORNER 418050 
CELLSIZE 100 
NODATA_value -9999 
[rows 44 to 65 of 171, columns 50 to 99 of 350]
739.774301528931 724.073722839355 807.804292678833 783.192351341248 512.874317169189 399.851360321045 448.53197479248 439.038398742676 549.298532485962 544.220004141331 917.70809173584 322.23356628418 334.245834350586 311.121215820312 260.65657043457 436.738483428955 351.498954772949 468.692802429199 296.579139709473 444.477922439575 460.714996337891 463.053398132324 350.373344421387 360.416412353516 421.514543294907 345.29524230957 275.959800720215 452.334941864014 515.333602905273 440.429806470871 460.02074432373 500.694732666016 668.741165161133 507.188888549805 526.734817504883 400.705173492432 424.287118911743 417.59917640686 494.714378356934 567.732192993164 460.173261642456 442.721832275391 433.599915891886 290.638961791992 384.978031158447 372.733432769775 398.43571472168 397.514831542969 259.397109985352 443.259996414185
540.350448608398 506.955322265625 555.16121673584 743.579418182373 549.671188354492 479.346263885498 772.758590698242 449.341339111328 466.669281005859 617.704299926758 343.090057373047 348.708160400391 338.228012084961 267.636810302734 429.288505554199 392.627777099609 384.261726379395 383.372314453125 396.649468421936 379.743026733398 386.796871185303 385.18172454834 448.680339813232 352.899147033691 355.786193847656 273.362442016602 319.852096557617 366.4967918396 504.16478729248 380.788139343262 333.399459838867 315.267791748047 492.380870819092 428.678497314453 602.005706787109 505.429878234863 453.733850479126 450.197039604187 398.876816749573 374.841941833496 418.808856964111 505.364738464355 449.190092086792 413.335290908813 417.298377990723 527.06763458252 410.180730819702 395.128082275391 343.254547119141 419.681889057159
410.909790039062 319.323089599609 379.098815917969 431.784620285034 336.433959960938 541.849126815796 710.929786682129 537.129364013672 616.516868591309 533.699188232422 374.943771362305 432.033538818359 497.642947793007 350.004425048828 398.649993896484 401.00426864624 429.064057350159 305.646461486816 334.358543395996 323.983535766602 378.609663963318 440.949806213379 317.631317138672 390.850776672363 346.559516906738 389.143051147461 388.376810073853 515.93138885498 390.380836486816 305.428993225098 358.277519226074 443.330869674683 413.609663009644 479.048828125 486.624702453613 453.232746839523 495.047870635986 330.393356323242 380.587306976318 372.754482269287 477.311219453812 358.936447143555 331.254425048828 483.969985961914 380.175685882568 461.499443054199 455.30233001709 495.323760986328 333.984016418457 333.754493713379
470.522666931152 305.46418762207 403.667255401611 221.195617675781 234.917602539062 504.800898551941 1061.63652801514 633.538101196289 382.678009033203 428.192314147949 448.222618103027 409.98120880127 360.846786499023 428.65266418457 499.920928955078 415.009586334229 363.297119140625 300.019424438477 474.583930969238 361.98868560791 310.710960388184 306.722984313965 407.077963829041 445.172431945801 241.833984375 353.81623840332 402.565856933594 552.980316162109 508.585601806641 470.469337463379 434.749296069145 438.231651306152 423.21973991394 466.273477554321 557.353530883789 588.477340698242 513.414772033691 424.630120277405 299.333610534668 381.174625396729 487.704807281494 447.290287017822 418.790454864502 368.544578552246 575.0712890625 361.533866882324 523.714996337891 458.88399887085 496.946605682373 460.897090911865
459.189186096191 467.118553161621 388.219268798828 494.179393768311 475.701433181763 577.1319231987 369.574722290039 450.470455169678 441.705154418945 486.210527420044 373.482086181641 525.197000026703 479.713512897491 489.892797470093 570.977119445801 615.886993408203 502.351737976074 472.051551818848 457.495409011841 431.370025634766 339.579933166504 312.171424865723 409.503693580627 455.699153900146 250.473373413086 372.782810211182 303.046043395996 629.444076538086 480.614948272705 550.592437744141 464.844383239746 492.649932861328 489.17476272583 450.959650039673 517.506187438965 367.396884918213 459.399829864502 502.866912841797 411.729408740997 488.901180267334 400.402576446533 386.107330322266 379.431587219238 428.489650726318 414.87935256958 439.334904193878 434.449953079224 482.734436035156 555.825286865234 404.361221313477
590.646858930588 262.867607116699 295.344451904297 472.91587305069 580.608577728271 523.061424255371 595.935012817383 410.776439666748 542.12671661377 515.153659820557 335.755462646484 554.762540817261 584.403175354004 444.924293518066 497.097068786621 538.905494689941 521.750923156738 381.41738319397 488.156970977783 419.519248962402 423.321453094482 503.445953369141 417.144810676575 331.944229125977 366.881660461426 413.258214950562 477.865341186523 421.506547808647 515.588752746582 424.861091136932 483.171676635742 481.81022644043 434.415240287781 368.284046173096 349.328430175781 531.317802429199 378.167671203613 396.228214263916 371.504768371582 280.257293701172 345.324394226074 415.569066047668 495.175846099854 532.134872436523 401.432144165039 457.980776309967 444.817607164383 413.849323272705 427.400304168463 442.818234443665
362.947431564331 534.851856231689 332.73551940918 1003.07406616211 643.559761047363 565.242473602295 609.125518798828 341.90071105957 423.28763961792 360.207229614258 285.714614868164 446.100971221924 469.360786437988 599.209426879883 518.694267272949 536.460800170898 405.092592000961 248.466262817383 416.226715087891 409.43244934082 399.653303146362 457.027297973633 419.486287117004 456.083421707153 331.72966003418 466.157890319824 331.059478759766 323.980751037598 422.245760917664 473.04056930542 320.92113494873 475.333560943604 582.087768554688 368.242492675781 433.839507579803 329.384765625 460.771938323975 502.64527130127 433.634274482727 326.212562561035 405.057606697083 484.874298095703 518.722923278809 591.486946105957 597.065925598145 605.576141357422 455.493488311768 426.834241867065 381.100994110107 414.361312866211
731.277315139771 533.900850296021 402.319091796875 311.450546264648 552.405884742737 473.943706512451 372.431533813477 447.292570114136 486.276781082153 405.966468811035 296.815994262695 510.855987548828 421.655469894409 476.21364402771 494.480487823486 438.914984859526 420.026164054871 440.380931854248 295.169052124023 435.042823791504 422.054086685181 550.432113647461 408.138414859772 573.197448730469 434.254192352295 457.947555541992 446.015965461731 373.869491577148 407.455632448196 459.012702941895 393.152643203735 417.538887023926 429.039348602295 517.698631286621 403.454614639282 464.013889312744 471.907627105713 488.662162780762 571.788360595703 430.056080818176 402.141181945801 471.907640457153 579.868621826172 601.855895996094 353.646450042725 387.098594665527 380.042512893677 420.477425098419 410.436990857124 537.968330383301
691.971363067627 336.604431152344 895.218566894531 307.079711914062 399.858657836914 303.929260253906 425.825736999512 523.413990020752 505.882442474365 498.85005569458 376.239120483398 465.246822357178 469.378104746342 488.528457641602 561.830047607422 548.114067077637 335.008110046387 447.051643371582 346.326148986816 335.296321868896 393.694362640381 502.141151428223 505.052665710449 461.05078125 421.844213008881 398.069311141968 377.816295623779 330.662612915039 450.989109039307 453.230224609375 419.369173049927 368.030359268188 457.664108276367 387.49281167984 389.339561462402 388.163190841675 343.215354919434 309.529296875 348.523853302002 485.721675872803 509.252899169922 515.166213989258 551.662155151367 513.118232727051 302.325012207031 358.214973449707 470.917434692383 504.585968017578 605.017791748047 398.082003116608
592.813455581665 422.740707397461 576.86222076416 493.60034942627 383.830032348633 332.160736083984 400.027069091797 353.205192565918 378.936141967773 482.133256912231 436.164455413818 560.514205932617 377.704544067383 411.028872489929 486.999557495117 416.052928805351 371.655643463135 460.889930725098 413.855781078339 448.350193023682 480.083396911621 405.796102285385 389.855369567871 507.418754577637 569.401924133301 513.754760742188 464.278923034668 387.344721794128 492.736236572266 436.021739959717 503.09366607666 369.01421546936 431.283430099487 386.580856978893 576.672187805176 400.57251739502 392.90939617157 382.177169799805 462.018115997314 516.321014404297 551.583511352539 608.116790771484 532.976989746094 503.471374511719 364.34920501709 436.82089805603 456.321067810059 437.666244506836 451.667098999023 459.469392776489
647.54941368103 624.104934692383 734.734405517578 754.902183532715 483.313110351562 603.624187469482 323.144958496094 465.592889785767 413.301216125488 397.848777770996 398.856704711914 574.013801574707 353.940940856934 481.898277282715 502.210273742676 501.322769165039 381.947593688965 521.298141479492 482.247596740723 323.887626647949 470.296684265137 540.413536071777 359.240303039551 817.518508911133 669.794387817383 553.428833007812 389.717476844788 343.369575500488 402.162940979004 469.43098449707 564.896942138672 417.579906463623 442.061988830566 379.720624923706 507.058174133301 548.495429992676 369.645713806152 325.129852294922 417.315417289734 592.12939453125 608.846221923828 561.70915222168 475.503143310547 507.927589416504 388.228954315186 427.425765037537 382.17657661438 478.620784759521 397.135068893433 462.473194122314
604.107578039169 1290.5481262207 669.300979614258 624.934104919434 642.825347900391 500.918266832829 561.244705200195 481.251214981079 506.739910125732 336.423416137695 397.188701629639 378.335155487061 462.180248260498 361.79541015625 442.306442260742 427.119626045227 491.703620910645 441.495197296143 429.061456680298 392.28485584259 385.623893737793 298.369842529297 414.825172424316 353.81022644043 551.658828735352 415.370729446411 395.906583786011 371.039467811584 371.056898117065 407.849203109741 468.003227233887 436.648639678955 439.602516174316 394.197907447815 395.451476812363 521.134124755859 287.07398223877 263.819046020508 353.943580627441 478.909385681152 480.31672668457 467.252513885498 336.793292999268 382.072350978851 399.288374423981 316.575897216797 456.805421829224 439.850471019745 356.788398742676 445.592296123505
538.623924255371 714.324592590332 725.983978271484 780.256462097168 584.221179962158 703.940582275391 650.308532714844 547.746742248535 384.661441802979 394.057996749878 363.670146942139 399.026173710823 294.499610900879 376.304698944092 404.873435974121 509.138206481934 487.687622070312 519.299285888672 534.724594116211 528.726577758789 349.77522277832 336.991241455078 369.059591293335 362.637672424316 417.838401794434 405.076011657715 412.619140625 213.970893859863 444.777450561523 368.721570968628 303.704334259033 461.692741394043 379.084148406982 437.732696533203 398.508141517639 592.380355834961 334.130058288574 229.988647460938 356.527084350586 472.938854217529 466.246086120605 386.028467178345 408.803151607513 466.409908294678 503.636779785156 293.155052185059 473.52282333374 465.282360076904 340.528709411621 437.853039741516
683.182151794434 509.431306838989 580.344614028931 606.012725830078 624.274566650391 602.618434906006 585.148452758789 483.887916564941 492.079914093018 526.825576782227 534.910629272461 382.008735656738 184.196594238281 380.500297546387 369.990550994873 515.804275512695 379.232669830322 350.3388671875 492.797805786133 528.862319946289 447.216400146484 454.013124465942 294.427768707275 266.876922607422 336.066399097443 361.279654502869 422.874061584473 379.190517425537 356.921447753906 382.730377197266 210.452438354492 378.454399108887 445.351947784424 475.391723632812 500.966995239258 426.16890335083 315.955732345581 336.950119018555 452.416328430176 479.103576660156 331.453224182129 253.420303344727 447.130321502686 423.182299613953 378.357307434082 264.672424316406 435.151873588562 357.084503173828 494.604949951172 576.193374633789
534.810440063477 607.418834686279 698.24840927124 738.658447265625 670.727249145508 644.167114257812 487.053790569305 435.712421417236 552.112335205078 546.650352478027 399.492895126343 431.199310302734 353.822631835938 406.57257270813 458.069694519043 393.775981903076 621.50065612793 523.302658081055 546.809143066406 414.992713928223 455.025329589844 372.111882209778 385.55912399292 318.705407619476 351.67631149292 340.610271811485 555.168838500977 365.193057656288 428.804958343506 456.572563171387 355.300045967102 315.753849029541 334.590744018555 581.395248413086 566.788421630859 379.397563934326 325.314445495605 503.973701477051 522.389343261719 459.287040710449 441.024269104004 367.805599212646 515.134605407715 382.341293334961 336.498435974121 352.053649902344 274.394561767578 510.684196472168 543.589912414551 548.004234313965
630.785064697266 596.092388153076 743.483261108398 620.765966415405 634.636352539062 633.715003967285 479.392377853394 400.130432128906 423.360445022583 381.97225189209 369.261182785034 370.596089363098 387.079580068588 399.714832305908 501.648597717285 426.543361663818 520.108070373535 414.461418151855 443.714500427246 391.624750137329 338.326385974884 352.465484946966 345.149136543274 309.759532928467 423.272994995117 482.208724975586 302.832633972168 336.833953857422 438.523422241211 428.315864562988 483.402313232422 367.301288604736 383.131505966187 391.33820438385 472.172187805176 415.738807678223 359.644849777222 334.632614135742 414.615209579468 325.194976806641 394.314158439636 438.962594985962 402.841224730015 136.646621704102 363.522941589355 397.650556564331 388.759460449219 299.844253540039 498.70592880249 379.934146881104
549.041625976562 677.778457641602 730.219772338867 601.075716018677 626.208854675293 509.538009643555 501.145858764648 428.884155273438 391.159034729004 409.317489624023 417.647422790527 355.102161407471 373.195291519165 368.614547729492 394.285676956177 364.073030471802 414.890380859375 487.42423248291 372.454635620117 529.860481262207 341.130135536194 356.435358047485 439.410545349121 342.587299346924 411.223831176758 498.936706542969 368.091709136963 436.930969238281 505.654388427734 504.841819763184 512.889709472656 452.903102874756 437.659236907959 484.149085998535 443.610359191895 536.475357055664 391.103991508484 247.831390380859 302.194038391113 328.458862304688 462.546005249023 503.082023620605 449.988128662109 258.427658081055 372.174980163574 369.444774627686 320.804397583008 407.119974136353 427.401933670044 391.876712799072
600.687713623047 537.855298995972 667.810646057129 546.224025726318 633.135391235352 612.616870880127 552.292602539062 358.742492675781 390.097366333008 101.164886474609 313.588623046875 428.700193405151 358.390464782715 454.715751647949 391.096277475357 494.771900177002 485.859867095947 365.061323165894 554.201644897461 463.005729675293 449.557727813721 452.852729797363 446.181232452393 414.314178466797 380.93866443634 369.520645856857 384.081748962402 502.163139343262 495.97289276123 496.271423339844 360.706414699554 562.611709594727 491.129165649414 539.314880371094 540.810684204102 303.152130126953 397.785522937775 431.554078102112 256.019134521484 329.357917785645 339.094352722168 464.217269897461 583.000289916992 516.326217651367 444.619173049927 360.248954772949 395.986299514771 442.253487586975 570.978012084961 403.402484893799
587.540944099426 617.534763336182 554.736879348755 505.045776367188 598.523862838745 567.481101989746 280.934997558594 302.630340576172 471.416188716888 231.528198242188 389.729736328125 236.328750610352 408.577164649963 382.267923355103 414.025341033936 387.288985013962 383.600832939148 301.150634765625 390.960917472839 416.628742218018 326.336856842041 289.764482498169 409.759063720703 474.709747314453 408.006984710693 522.93293762207 401.507678985596 329.533842086792 539.400588989258 371.197129249573 293.064506530762 360.221839904785 447.77889251709 315.09801864624 318.308395385742 364.174629926682 384.041696548462 335.465438842773 502.659423828125 327.920509338379 417.610257148743 433.780574560165 459.290321350098 452.408779144287 446.260479927063 526.196502685547 544.990112304688 665.274139404297 839.486785888672 549.715103149414
358.920761108398 457.901260375977 433.845077514648 588.463960647583 640.560943603516 371.422485351562 259.623764038086 392.593902587891 384.277473449707 391.201331615448 437.21462059021 443.371822357178 369.151604652405 365.951557159424 249.023658752441 222.414276123047 471.298057556152 375.580128908157 355.349330425262 222.251556396484 324.361087799072 184.534866333008 403.399063110352 478.081512451172 449.415580749512 453.060523986816 432.101867675781 287.38304901123 452.287223815918 446.269226074219 473.055740356445 319.952529907227 351.073095917702 253.44921875 234.054611206055 444.486953735352 363.290580749512 373.517860412598 433.7844581604 433.571850776672 438.331603050232 471.378231048584 431.082696914673 383.034664154053 545.414680480957 440.270978927612 460.107715606689 515.80192565918 643.372192382812 651.317840576172
487.111133575439 452.654388427734 511.51392364502 579.999664306641 586.521331787109 591.221687316895 389.980659484863 363.280506134033 443.261121749878 420.511178970337 432.435585916042 218.14469909668 393.352271795273 340.177179336548 294.282432556152 287.515327453613 436.26473236084 343.172616958618 276.61360168457 250.438049316406 152.094573974609 115.209716796875 423.311836242676 463.227760314941 477.805679321289 283.383323669434 305.638488769531 338.819694519043 467.298500061035 463.618774414062 350.636436462402 409.157777786255 465.32287979126 373.357242584229 359.486557513475 309.170112609863 367.320755004883 351.355281829834 352.32266998291 310.546073913574 412.775978088379 595.177093505859 272.051803588867 421.073463439941 403.611196517944 355.813919067383 521.416450500488 404.339241027832 441.185384750366 490.183944702148
588.442722320557 606.281707763672 352.204040527344 563.930162034929 419.85848236084 472.789207458496 387.549644470215 369.124252319336 362.261478424072 431.921745300293 405.014178276062 299.924957275391 311.534526824951 277.49446105957 326.849445343018 336.06714630127 436.709075927734 277.998756408691 325.795127868652 357.516767501831 462.759963989258 298.372581481934 257.208160400391 261.210487365723 444.902770996094 413.504831314087 446.661853790283 467.279960632324 467.140563964844 324.128108978271 290.376876831055 373.904356002808 283.076156616211 403.911680221558 461.658205986023 482.986289978027 385.938251495361 363.247718811035 394.666580200195 403.346038818359 233.477783203125 353.483947753906 452.942022323608 426.289047241211 421.320400238037 447.349217891693 410.292907714844 426.990642547607 376.823997497559 351.748512268066
