simdem/realisation44.asc
NCOLS 350 
NROWS 171 
XLLCORNER 152620 
YLLCORNER 418050 
CELLSIZE 100 
NODATA_value -9999 
[rows 110 to 131 of 171, columns 200 to 249 of 350]
-9999 -9999 -9999 944.215072631836 607.495162963867 607.740310668945 748.146743774414 758.533448219299 685.249237060547 974.294792175293 526.651718139648 551.950912475586 594.866539001465 510.716690063477 538.118293762207 504.519989013672 702.399337768555 610.253646850586 606.098609924316 683.472240447998 590.241394042969 577.943466186523 608.737648010254 441.916564941406 544.555537223816 637.227392196655 745.142120361328 694.07360458374 758.613227844238 749.506454467773 778.228675842285 861.528076171875 673.201506614685 707.395908355713 602.304485321045 704.76177406311 594.186866760254 600.12198638916 501.992233276367 439.207077026367 565.596923828125 701.490888595581 595.450805664062 739.083839416504 1108.57051086426 715.63981628418 1036.02886009216 1331.42824554443 644.835792541504 898.606872558594
-9999 -9999 -9999 -9999 776.112361907959 724.762023925781 686.538825035095 859.342231750488 766.771001815796 706.069274902344 540.740432739258 546.182991027832 611.135696411133 656.055648803711 708.44792175293 524.064270019531 668.272207260132 694.28137588501 609.382637023926 582.729591369629 594.98123550415 581.369583129883 1321.64061737061 492.677795410156 457.287559509277 603.670199394226 716.057258605957 904.069396972656 727.842754364014 702.064765930176 624.890396118164 624.058094024658 810.685043334961 738.430641174316 548.547981262207 560.571296691895 723.363861083984 700.212959289551 592.073131561279 590.700733184814 739.193458557129 676.85285615921 718.555603265762 911.870414733887 656.846820831299 838.866760253906 916.337295532227 832.211410522461 693.981863021851 909.589979171753
-9999 -9999 -9999 -9999 689.72647857666 722.539753913879 775.325042724609 860.577903747559 578.433059692383 556.916229248047 689.043872833252 713.994668006897 686.305458068848 733.776615142822 619.767501831055 475.771118164062 666.71991109848 722.231628417969 625.612742424011 676.347953796387 711.861782073975 551.554977416992 428.932998657227 484.240608215332 574.914981842041 616.971766114235 665.135785102844 726.047359466553 815.729949951172 868.417541503906 546.588138580322 678.634583473206 762.208374023438 788.150032043457 780.781303405762 648.830444335938 583.776588439941 536.961944580078 645.809844970703 726.78050994873 777.538986206055 703.594547271729 614.982727050781 828.914352416992 544.154983520508 886.454086303711 1027.85176849365 884.238807678223 792.548635482788 934.974151611328
-9999 -9999 -9999 -9999 -9999 913.711235046387 848.710762023926 745.101715087891 727.928400993347 818.240821838379 1204.21193027496 792.99388885498 724.520370483398 711.602752685547 811.909805297852 661.317481994629 695.674556732178 724.060874938965 698.998001098633 664.713726639748 631.750709533691 957.133323669434 439.725982666016 375.778350830078 362.364181518555 688.496978759766 729.700954437256 683.007266998291 699.495687484741 712.364570617676 525.563415527344 681.159385681152 818.933792114258 818.474090576172 850.289581298828 765.387077331543 581.733993530273 482.441864013672 640.080001831055 778.872282505035 683.409622192383 781.652574539185 716.378128051758 611.250732421875 747.67805480957 755.76745223999 940.104254722595 1418.42883300781 943.498779296875 1075.77139282227
-9999 -9999 -9999 -9999 -9999 951.497161865234 879.091354370117 731.83544921875 661.072170257568 783.49768447876 1150.1471862793 752.576667755842 838.952270507812 620.055881500244 611.662612915039 671.452129364014 633.11498260498 628.607563018799 391.325103759766 539.492233276367 1176.04262542725 688.505138397217 604.718467712402 586.864643096924 439.132461547852 558.618896484375 545.675369262695 605.478553771973 681.094652175903 713.394687652588 657.025718688965 624.293640136719 850.635696411133 794.575553894043 671.000715255737 647.537052154541 660.4684009552 640.692092895508 523.391555786133 650.318733215332 696.940280914307 777.958930969238 825.399375915527 705.193653106689 801.264499664307 662.101303100586 703.855087280273 832.923645019531 909.776977539062 890.674133300781
-9999 -9999 -9999 -9999 -9999 892.526417255402 863.322853088379 645.477760314941 660.167004585266 863.049354553223 926.550994873047 738.77647203207 735.609910964966 652.547840118408 622.861557006836 786.270492553711 827.770553588867 592.426750183105 507.967330932617 1065.54653930664 647.637110710144 652.321586608887 567.706146240234 497.771331787109 538.123168945312 690.041328430176 666.491195678711 546.100860595703 598.31867980957 868.529693603516 703.513001561165 673.847654819489 748.696136474609 808.545883178711 693.760412216187 699.755033493042 626.550373077393 628.247902870178 475.417388916016 743.535977840424 523.278053283691 756.026176452637 649.959476470947 833.05891418457 768.38134765625 760.028507232666 747.148970603943 763.172193527222 712.489269256592 807.466999053955
-9999 -9999 -9999 -9999 -9999 -9999 966.105445861816 708.299194335938 741.84840297699 630.472826004028 822.883361816406 832.611752986908 815.193725585938 621.486061096191 756.19012260437 822.320053100586 706.364366531372 580.87971496582 594.222068786621 594.575550079346 609.92297744751 649.419651031494 677.53306388855 582.848968505859 599.778839111328 686.26008605957 689.009372711182 586.112350463867 794.868431091309 711.538426160812 784.489219665527 594.382553100586 692.101970672607 718.792808532715 763.811938285828 803.985481262207 633.510375976562 523.176025390625 546.370803833008 602.747207641602 725.168121337891 640.631713867188 605.079635620117 669.575492858887 931.401985168457 1008.89349746704 955.672950744629 826.462509155273 798.549591064453 853.548606872559
-9999 -9999 -9999 -9999 -9999 -9999 877.421125411987 1330.96417617798 1195.64102172852 726.8271484375 721.926734924316 983.587509155273 1181.99186706543 581.469360351562 706.042825698853 546.044418334961 659.59884262085 684.239301681519 1163.14733886719 782.817947387695 679.171551942825 564.385818481445 679.96049118042 720.818935394287 786.764320373535 694.841768264771 583.573455810547 677.589630126953 734.700679183006 785.076034545898 762.611511230469 662.115020751953 789.61946105957 992.67037665844 890.16975402832 1117.93891906738 995.700053215027 595.193511962891 537.999053955078 696.352392196655 553.145355224609 461.597290039062 594.31201171875 613.383926391602 534.313323974609 653.340888977051 669.103271484375 801.704193115234 885.418853759766 559.364898681641
-9999 -9999 -9999 -9999 -9999 -9999 -9999 830.049865722656 798.515266418457 730.585222244263 741.088691711426 792.230159759521 603.549453735352 900.694781303406 678.9140625 372.945861816406 484.111663818359 1287.44847106934 724.618802309036 698.390223503113 744.463863372803 591.748123168945 770.983177185059 722.521123886108 814.595355987549 703.874927520752 688.940130233765 1205.22821807861 770.223320007324 838.997909545898 658.411049842834 677.969161987305 508.69450378418 825.89045715332 932.622436523438 984.764945983887 914.517227172852 869.158699035645 978.315444946289 561.508178710938 594.259712219238 557.771194458008 627.122161865234 716.258323669434 834.142923355103 703.058134078979 626.315963745117 638.620422363281 638.164588928223 682.847118377686
-9999 -9999 -9999 -9999 -9999 -9999 -9999 -9999 842.415853500366 899.449886322021 748.226270675659 617.48770904541 760.331789016724 633.424133300781 775.944947242737 549.548614501953 1326.22109985352 562.248062133789 703.83039855957 643.049224853516 880.528747558594 735.585346221924 775.168663024902 737.189412117004 796.366340637207 635.609970092773 665.915012359619 602.50271987915 790.43042755127 755.063545227051 477.423034667969 617.928825378418 597.449642181396 910.706754684448 858.121760368347 863.739977121353 997.865352630615 821.324935913086 809.727813720703 822.606903076172 677.273284912109 688.217151641846 563.577423095703 585.577644348145 857.237655639648 661.04963684082 589.898574829102 453.941650390625 655.058395385742 385.837432861328
-9999 -9999 -9999 -9999 -9999 -9999 -9999 -9999 -9999 1317.96914148331 1323.70521736145 1154.32243728638 729.96696472168 836.229141235352 986.532943725586 909.393783569336 925.073234558105 631.461532592773 582.477233886719 639.751007080078 727.252542495728 707.449928283691 752.677716255188 722.055555343628 760.66926574707 859.320938110352 561.346008300781 549.225999832153 676.241310119629 571.658432006836 628.561856746674 530.618360519409 567.634092330933 706.586441040039 913.369968414307 745.327354431152 753.942291259766 749.169921875 834.305236816406 820.753433227539 1053.94156646729 740.079026758671 761.489576339722 759.408638000488 692.108901977539 603.865579605103 582.853973388672 446.723205566406 613.727714538574 433.690078735352
-9999 -9999 -9999 -9999 -9999 -9999 -9999 -9999 -9999 -9999 1148.14741516113 745.990859985352 540.587282180786 836.402847290039 876.188018798828 788.698650360107 789.028867721558 717.872547149658 687.881774902344 561.789199829102 671.288124084473 620.026947021484 675.036041259766 728.091358184814 1143.80795669556 833.610036849976 542.533670425415 547.661109924316 703.219757080078 708.117380142212 714.052356719971 635.755255699158 623.298446655273 482.334243774414 849.928285598755 855.869608879089 929.959861755371 803.717834472656 777.645774841309 998.469722747803 834.230987548828 522.130920410156 701.495391845703 755.232284545898 713.201232910156 662.429624557495 660.515758514404 625.72774887085 650.281398773193 638.589715003967
-9999 -9999 -9999 -9999 -9999 -9999 -9999 -9999 -9999 -9999 -9999 1209.24924755096 914.52766418457 951.534832000732 621.297069549561 699.30590057373 719.190654754639 852.777572631836 696.517402648926 652.856803894043 715.575706481934 715.220886230469 709.230781555176 645.636353731155 1142.36926269531 825.148147583008 1020.07875823975 953.627178192139 670.377082824707 667.554298400879 827.426513671875 870.85818862915 735.862943649292 843.77702331543 786.214889526367 835.354176998138 826.590026855469 796.921989440918 936.932083129883 919.855770111084 897.052917480469 589.262313842773 642.40217590332 612.911868095398 590.673118591309 764.278373718262 612.16902923584 781.632572174072 687.345313072205 627.598388671875
-9999 -9999 -9999 -9999 -9999 -9999 -9999 -9999 -9999 -9999 -9999 -9999 1107.46864318848 1079.56967163086 528.978363037109 562.687341690063 631.601125717163 645.655078887939 659.355093955994 686.157173156738 499.537750244141 667.634595870972 480.086959838867 408.993377685547 733.184530735016 792.48876953125 912.921730041504 757.738929748535 920.456069946289 685.352951049805 779.686820983887 833.611768722534 784.133178710938 883.864456176758 659.03963470459 655.545810699463 740.805084228516 836.515445232391 817.0032787323 946.187522888184 922.920829772949 887.11474609375 886.232341766357 760.258689880371 556.196411132812 692.967973709106 690.292866230011 705.558117866516 626.759574890137 601.045639038086
-9999 -9999 -9999 -9999 -9999 -9999 -9999 -9999 -9999 -9999 -9999 -9999 -9999 -9999 588.781890869141 507.135391235352 565.085777282715 1038.9723033905 467.821365356445 629.741891860962 500.124473571777 447.112777709961 461.986679077148 436.43440246582 744.889016151428 757.670888900757 763.221212387085 877.376708984375 934.349811553955 829.089653015137 875.604635238647 734.713745117188 778.940252304077 840.391914367676 816.581733703613 616.151915550232 869.583915710449 1108.97752380371 1021.72308349609 1250.82963562012 1216.99349975586 1102.83187866211 636.210917472839 701.170486450195 757.688779830933 708.283800125122 665.6708984375 658.777946472168 709.194190979004 750.800305366516
-9999 -9999 -9999 -9999 -9999 -9999 -9999 -9999 -9999 -9999 -9999 -9999 -9999 -9999 -9999 -9999 -9999 1139.34965515137 719.432197570801 682.637760162354 661.392959594727 722.966884613037 861.467636108398 835.146011352539 852.598533630371 735.21520614624 738.189727783203 734.265190124512 941.172790527344 782.346130371094 680.148414611816 727.982234954834 949.800003051758 912.70189666748 652.285255432129 565.51607131958 799.342185974121 929.552834510803 839.82882642746 650.060523986816 613.548431396484 1090.54385948181 628.221291542053 683.672859191895 655.842384338379 667.130645751953 705.619485855103 554.292060852051 602.715309143066 705.772037506104
-9999 -9999 -9999 -9999 -9999 -9999 -9999 -9999 -9999 -9999 -9999 -9999 -9999 -9999 -9999 -9999 -9999 -9999 -9999 -9999 941.880565643311 925.46492767334 1037.00679016113 1031.66098022461 887.025037765503 917.421897888184 833.824169158936 962.172500610352 906.551918029785 689.400199890137 761.612823486328 735.621279716492 773.157150268555 860.977668762207 716.992900848389 473.76594543457 642.67652130127 810.376792907715 767.591796875 611.457569122314 662.358840465546 739.798049926758 686.08309173584 847.021385192871 776.243350982666 710.44594168663 731.451019287109 523.915435791016 639.103717803955 634.6455078125
-9999 -9999 -9999 -9999 -9999 -9999 -9999 -9999 -9999 -9999 -9999 -9999 -9999 -9999 -9999 -9999 -9999 -9999 -9999 -9999 -9999 -9999 -9999 -9999 -9999 945.030017852783 833.445781707764 1044.24125671387 938.244468688965 887.024468421936 836.131813049316 868.427703857422 837.753211975098 666.689631938934 639.419460296631 888.453510284424 1042.75329589844 822.008817672729 847.040145874023 832.817283630371 793.988723754883 1022.60025596619 668.015244483948 673.860420227051 593.949554443359 697.257605314255 668.530662536621 599.217414855957 521.265167236328 880.890487670898
-9999 -9999 -9999 -9999 -9999 -9999 -9999 -9999 -9999 -9999 -9999 -9999 -9999 -9999 -9999 -9999 -9999 -9999 -9999 -9999 -9999 -9999 -9999 -9999 -9999 -9999 -9999 -9999 -9999 898.371204376221 926.7158203125 890.213932037354 774.339172363281 817.398468017578 655.336601257324 688.599685668945 874.402637481689 972.939624786377 864.335754394531 637.55788230896 791.125610351562 730.768738746643 614.946739196777 759.913570404053 520.354476928711 767.422172546387 646.682544708252 723.158046722412 573.333786010742 736.869421005249
-9999 -9999 -9999 -9999 -9999 -9999 -9999 -9999 -9999 -9999 -9999 -9999 -9999 -9999 -9999 -9999 -9999 -9999 -9999 -9999 -9999 -9999 -9999 -9999 -9999 -9999 -9999 -9999 -9999 -9999 -9999 1012.30696105957 818.369384765625 773.600090026855 733.714385986328 844.588562011719 829.529615402222 651.099678754807 769.885921478271 580.910303115845 940.832359313965 689.138786315918 779.988174438477 743.414485931396 825.47331237793 801.240325927734 730.499912261963 832.344116210938 673.254402160645 656.74967956543
-9999 -9999 -9999 -9999 -9999 -9999 -9999 -9999 -9999 -9999 -9999 -9999 -9999 -9999 -9999 -9999 -9999 -9999 -9999 -9999 -9999 -9999 -9999 -9999 -9999 -9999 -9999 -9999 -9999 -9999 -9999 -9999 583.322463989258 885.471258163452 840.435489654541 797.432469010353 785.057695388794 759.128372192383 737.06697845459 681.713203430176 824.35684967041 707.24561882019 628.708518981934 657.55086517334 796.752601623535 799.56226348877 700.65746307373 638.025508880615 561.051773071289 832.085426330566
-9999 -9999 -9999 -9999 -9999 -9999 -9999 -9999 -9999 -9999 -9999 -9999 -9999 -9999 -9999 -9999 -9999 -9999 -9999 -9999 -9999 -9999 -9999 -9999 -9999 -9999 -9999 -9999 -9999 -9999 -9999 -9999 -9999 822.601066589355 926.319854736328 816.062282562256 745.649810791016 622.433292388916 953.720321655273 688.972946166992 958.688346862793 732.254834890366 674.637264251709 647.996074676514 856.260498046875 682.493585586548 699.843328952789 710.268383026123 674.257190704346 744.744812011719
