simdem/realisation56.asc
NCOLS 350 
NROWS 171 
XLLCORNER 152620 
YLLCORNER 418050 
CELLSIZE 100 
NODATA_value -9999 
[rows 66 to 87 of 171, columns 50 to 99 of 350]
499.58193397522 479.379216194153 396.98070526123 541.575149536133 385.391159057617 463.306365966797 377.638511657715 333.359588623047 452.395668029785 464.661437988281 522.128540039062 311.931270599365 397.799160003662 341.490319252014 335.448348999023 531.279434204102 250.147796630859 289.633239746094 344.278716087341 256.204559326172 372.637660264969 393.642196655273 408.399848937988 388.806228876114 448.493461608887 311.30485534668 419.24488067627 389.040367126465 345.107154846191 308.825454711914 253.146713256836 464.811973571777 219.889129638672 326.668525695801 566.230163574219 450.509071350098 382.356422424316 396.742855072021 517.169078826904 489.157722473145 584.005157470703 437.181879281998 501.609413146973 505.53443145752 529.804664611816 446.824926376343 290.004806518555 457.270852565765 501.231174468994 434.098463058472
604.343482971191 459.308490753174 438.807509422302 465.35350227356 358.682220458984 403.193325996399 425.035245895386 268.78783416748 404.733806610107 422.081283569336 388.984264373779 345.79475402832 306.10453414917 461.335899353027 463.326530456543 380.923717498779 292.292423248291 371.915436029434 391.04264831543 292.277992248535 417.384853363037 411.011421203613 454.027626037598 423.392387390137 447.654697418213 341.588390350342 474.52303314209 427.681846618652 356.064044952393 319.24596786499 269.545722961426 438.698348999023 240.207321166992 426.960784912109 388.345901489258 421.706796646118 347.897537231445 388.888121008873 492.945495605469 487.718841552734 476.606296539307 413.910343170166 521.362281799316 470.742502212524 417.953254699707 525.318717956543 454.602735042572 449.892779231071 454.396934509277 512.412689208984
592.163414001465 374.392974853516 540.131408691406 454.519311904907 425.818620681763 358.182922363281 515.762222290039 301.243507385254 317.607460021973 249.327003479004 345.191067695618 341.577812194824 179.675140380859 241.133377075195 356.145799636841 521.901107788086 586.455062866211 483.953186035156 364.123594284058 273.389778137207 412.07544708252 567.901519775391 470.667205810547 403.790047645569 262.705177307129 458.429969787598 467.14185333252 446.782499313354 386.858617782593 412.700122833252 305.619483947754 424.236196517944 389.761074066162 367.372898101807 303.890266418457 396.072925567627 406.347877502441 413.127961158752 475.289672851562 295.913795471191 391.854930877686 570.204208374023 576.695281982422 454.025770187378 491.720703125 483.927568435669 516.496448516846 540.166893005371 395.24133682251 501.307758331299
461.914975166321 443.043888092041 365.43611907959 401.600582122803 473.540191650391 521.582000732422 409.782358169556 292.845993041992 254.49047088623 206.01448059082 243.611778259277 295.899597167969 265.559692382812 191.663162231445 257.081428527832 273.12117767334 439.194820404053 614.551681518555 479.596923828125 352.184436798096 344.088529586792 525.674346923828 505.826644897461 404.536954879761 445.272369384766 463.640106201172 324.786346435547 451.783912658691 418.86413192749 523.52116394043 398.52368927002 350.363655090332 329.641136169434 434.518966674805 494.218322753906 354.431316375732 488.2685546875 325.448554992676 401.094676971436 347.114471435547 334.715629577637 383.639518737793 521.762176513672 476.101217269897 546.539367675781 481.099497795105 496.343585968018 417.671562194824 449.314176082611 552.03702545166
472.341330528259 431.27361869812 363.429466247559 422.131454467773 364.369749069214 453.736778259277 473.027694702148 255.006690979004 341.1711769104 338.407094955444 338.346321105957 379.37549328804 313.207809448242 299.781642913818 353.651165008545 328.802564620972 422.172668457031 515.978981018066 493.58927154541 358.260674476624 361.928297042847 356.973293304443 396.641626358032 420.974761962891 373.100406646729 283.642837524414 409.202899932861 392.912235736847 480.051528930664 522.116020202637 399.91681098938 414.87859916687 419.962852478027 521.801177978516 530.641098022461 648.706283569336 570.228866577148 394.92738366127 454.658351898193 445.829195022583 531.077789306641 451.303295135498 439.076684951782 673.465698242188 568.038688659668 552.699279785156 493.578464508057 443.099870681763 553.264717102051 510.762874603271
393.585166931152 397.311157226562 420.49172437191 479.932403564453 412.065200805664 459.330184936523 520.725036621094 268.689437866211 328.094846725464 421.939964294434 393.857110977173 371.256010055542 231.175788879395 384.177021026611 553.774757385254 373.89379119873 402.910081863403 582.585845947266 568.565505981445 444.833644866943 539.227401733398 472.357643127441 424.49193572998 399.565128326416 365.230331420898 337.629379272461 586.156631469727 401.892039299011 435.689346313477 445.632656097412 548.1064453125 564.486251831055 374.211208343506 461.186061859131 547.590087890625 443.198291778564 479.726089477539 524.669784545898 442.257032394409 437.683881759644 456.847259521484 440.635184466839 391.327751159668 622.849319458008 571.267227172852 551.760711669922 549.162574768066 454.079619884491 495.243076324463 614.066345214844
385.33553314209 420.09970664978 490.166725158691 360.38020324707 376.031005859375 322.372325897217 298.487129211426 153.788208007812 253.703018188477 203.355491638184 372.245090484619 327.926385402679 350.695658683777 507.220199584961 544.974182128906 477.781433105469 418.200717926025 435.524383544922 513.178466796875 365.730291366577 325.619438171387 371.876412153244 281.732383728027 382.561276435852 320.009773254395 270.801277160645 417.384243011475 383.840938568115 402.364552497864 415.204681396484 564.712432861328 429.056602478027 472.154846191406 409.296945571899 443.935859680176 353.02368927002 450.023162841797 399.012733459473 409.418556213379 415.247577667236 431.711816430092 378.072219848633 469.601284980774 579.592407226562 592.583633422852 417.093788146973 469.835899710655 554.744094848633 569.625534057617 700.324523925781
341.088790893555 360.997024536133 392.33887386322 402.054204940796 208.965362548828 274.619369506836 208.45329284668 243.193870544434 354.031305789948 312.480403900146 244.401016235352 376.939052581787 395.828304290771 434.184646606445 517.824005126953 375.449653625488 442.305534362793 483.503631591797 396.715059280396 287.93675994873 392.405996322632 370.165731951594 377.510474205017 290.259307861328 308.040306091309 335.068653106689 388.135149002075 521.587539672852 442.065246582031 449.541618347168 346.672002792358 411.52054977417 465.073890686035 478.528884887695 287.858322143555 370.048494338989 477.874202728271 363.324813842773 423.994957923889 379.485092163086 442.165170669556 617.336791992188 391.024185180664 506.113483428955 436.819526672363 431.56689453125 481.225032806396 407.84489440918 521.224239349365 634.116943359375
301.234535217285 481.184219360352 384.024034500122 322.234157562256 371.891347408295 149.831741333008 172.743667602539 189.339462280273 300.625583648682 222.878479003906 156.05046081543 284.245853424072 339.748740196228 439.653961181641 452.931137084961 530.204360961914 420.1819190979 478.036361694336 412.416473388672 404.285499572754 400.460590362549 327.209098815918 391.87762260437 424.916614532471 300.495681762695 443.993232727051 420.251972198486 503.537811279297 265.027137756348 230.530075073242 368.053897857666 294.877021789551 401.761268615723 370.078804016113 539.039276123047 424.478500366211 449.560665130615 325.392997741699 347.084983825684 472.864925384521 424.402715682983 488.802539825439 524.466022491455 609.748901367188 380.29345703125 434.106853485107 673.580657958984 624.796516418457 489.56298828125 775.559509277344
376.331504821777 393.099056243896 561.088027954102 461.604423522949 353.134544372559 214.771560668945 191.230880737305 89.404541015625 405.086902618408 245.005432128906 160.753753662109 227.26838684082 382.926902770996 406.023891448975 448.340705871582 489.56591796875 352.368200302124 387.614568710327 447.77995300293 399.002429962158 368.643537759781 343.833099365234 303.063972473145 267.028327941895 421.360206604004 332.295078277588 325.632057189941 285.879058837891 241.842376708984 337.649848937988 397.497408747673 325.719039916992 323.380317687988 377.035665512085 471.799621582031 508.107894897461 366.154064178467 460.293382644653 430.910271644592 608.04948425293 451.453113555908 526.468879699707 600.054321289062 526.193828582764 560.238647460938 595.064888000488 615.392852783203 454.960489273071 580.488525390625 954.877059936523
674.332279205322 438.390060424805 437.806995391846 480.848175048828 466.298881530762 282.93514251709 292.000877380371 186.617752075195 68.1278991699219 187.989654541016 206.047790527344 250.62752532959 419.910797119141 412.319641113281 296.117710113525 335.533821105957 335.434429168701 309.056297302246 235.987579345703 415.140319824219 356.018317699432 373.551752090454 388.031894683838 417.969947814941 301.691242218018 370.184574127197 337.805501937866 352.773866653442 241.664337158203 400.966842651367 500.519058227539 356.488117218018 246.186996459961 328.450736999512 453.494388580322 501.190925598145 423.997707366943 402.2194480896 374.332893371582 498.846172332764 405.028511047363 475.104194641113 485.097381591797 571.94645690918 466.273433685303 575.719673156738 652.877763748169 985.34449005127 689.260787963867 822.261383056641
300.814758300781 457.472620010376 454.138031005859 431.342781066895 329.62223815918 456.624683380127 330.822940826416 247.404525756836 283.336357116699 289.849365234375 248.556930541992 299.496650695801 258.934928894043 330.335437774658 365.071816161275 184.678970336914 330.147693634033 185.581176757812 248.658851623535 327.563129425049 292.782783508301 498.008773803711 385.659160614014 489.935218811035 466.821533203125 353.136638641357 379.576233386993 396.987607955933 384.256950616837 307.411422729492 357.66304397583 538.800506591797 340.135501861572 313.36954498291 342.997375488281 607.963165283203 600.567077636719 613.661529541016 547.070854187012 341.73893737793 489.827247619629 402.420745849609 429.82910823822 518.311744689941 616.976181030273 863.034912109375 608.778831481934 849.423858642578 558.528350830078 745.234153747559
529.968349456787 433.041038513184 408.900527954102 448.856006622314 575.677581787109 439.197811126709 459.278106689453 337.50122833252 353.665441513062 266.702644348145 300.257255554199 232.402770996094 194.66194152832 317.019966125488 230.439071655273 223.831665039062 303.848266601562 376.103337287903 305.648803710938 311.920776367188 340.671453475952 483.547569274902 357.73316192627 363.818018913269 212.34489440918 364.763765335083 299.859893798828 348.42378616333 412.712202072144 467.478645324707 368.967758178711 272.456184387207 368.249111175537 480.404048919678 587.758117675781 561.618385314941 423.79768371582 506.200985431671 507.34842300415 579.87158203125 655.682495117188 483.336158752441 546.235198974609 902.809951782227 690.622131347656 973.07568359375 500.936769485474 400.752052307129 665.830841064453 735.177352905273
468.728332519531 421.110389709473 276.983661651611 455.976585388184 551.693939208984 497.152206420898 488.155281066895 438.980033874512 270.822685241699 428.949516296387 339.900949478149 401.529884338379 366.149939537048 300.178260803223 282.911506652832 434.338676452637 400.217178344727 378.974697113037 350.009246826172 319.968204498291 289.132369995117 467.07640838623 328.781211853027 357.9889087677 261.044464111328 299.408821105957 395.959473609924 375.298234939575 415.418075561523 504.454383850098 471.834533691406 375.31067276001 449.569541931152 464.166376113892 489.684459686279 618.516754150391 597.554504394531 484.759556770325 537.894348144531 608.359115600586 636.636772155762 506.492036819458 960.570709228516 661.78116607666 668.437702178955 743.758491516113 596.20160484314 606.212802886963 581.018199920654 576.790916442871
556.05785369873 414.852481842041 372.170139312744 502.34854888916 497.218040466309 449.454528808594 542.049591064453 368.104235649109 429.611274719238 411.137214660645 453.114349365234 363.127416610718 477.052146911621 307.587863922119 387.088083267212 407.412029266357 408.301010131836 262.902153015137 288.205780029297 277.519771575928 498.834121704102 456.797134399414 386.17511177063 320.030586242676 305.880432128906 374.524120330811 462.906845092773 299.477523803711 387.304250717163 384.977362155914 386.689607620239 467.308059692383 423.606520175934 475.634098052979 573.239959716797 581.580085754395 664.073684692383 626.630187988281 606.896797180176 581.491218566895 593.119525909424 607.003482818604 747.332977294922 452.924701690674 520.381625175476 527.640911102295 551.817184448242 417.606994628906 657.241760253906 512.067821502686
185.476547241211 206.408004760742 293.717937469482 423.496250152588 351.922527313232 372.911939144135 490.013252258301 386.905651092529 268.635810852051 376.996871948242 382.18922996521 284.060886383057 330.539131164551 168.294219970703 185.701309204102 252.14909362793 446.656211853027 315.872257232666 351.833116531372 395.970914840698 527.214630126953 368.615742683411 345.676670074463 274.153381347656 357.190574645996 311.615692138672 393.488998889923 434.067874908447 398.013715744019 405.119760513306 451.139823913574 485.755737304688 489.313175201416 503.143188476562 584.820129394531 625.598175048828 586.280212402344 676.771194458008 603.231658935547 636.941345214844 912.977928161621 743.293594360352 558.376876831055 685.173934936523 475.372442245483 509.980835914612 497.400366783142 362.498153686523 458.706832885742 525.383055686951
332.515048980713 300.236267089844 248.300941467285 398.33557510376 386.027660369873 248.282814025879 395.273555517197 456.602249145508 434.130294799805 336.462377548218 372.019020080566 330.09681892395 256.46849822998 405.597148895264 170.046127319336 245.078559875488 215.671051025391 325.745994567871 383.554378509521 484.741317749023 397.917427062988 363.204539299011 365.935503005981 431.580558776855 372.715009689331 360.087173461914 370.163959503174 424.559652328491 335.029529571533 467.021583557129 438.692916870117 576.35595703125 473.516332626343 453.001192092896 441.597838401794 450.592331886292 420.226463317871 650.763885498047 709.972629547119 570.336456298828 649.811279296875 595.05793762207 309.458984375 487.453639030457 341.586624145508 360.784454345703 329.860046386719 311.247375488281 421.706481933594 589.827919006348
365.496318817139 263.389137268066 258.358268737793 242.175819396973 291.86678314209 307.517753601074 322.973932266235 139.693145751953 234.498641967773 332.803081512451 357.575258255005 406.471397399902 301.687721252441 305.8674659729 354.948133945465 294.930801391602 203.841384887695 223.602661132812 262.910934448242 368.653541564941 417.163410186768 199.447158813477 288.005294799805 315.907554626465 330.157844543457 386.216752052307 442.422046661377 398.267968177795 380.068378448486 560.524948120117 577.678176879883 448.631393432617 441.444865226746 571.523666381836 441.105154037476 364.819770812988 506.550519943237 652.125865936279 598.866065979004 574.854419708252 393.086372375488 517.667018890381 459.768592834473 488.80752658844 573.119037628174 488.35945892334 596.834003448486 578.363441467285 550.19758605957 593.436725616455
447.503356933594 363.815982818604 228.268005371094 324.504860877991 281.637359619141 301.090263366699 271.924823760986 258.081130981445 355.798177719116 324.857318878174 370.076538085938 415.873374938965 406.441764831543 416.199188232422 420.977920532227 322.962577819824 130.797729492188 186.394317626953 312.00358581543 412.249668121338 299.508499145508 290.596969604492 271.291412353516 457.821014404297 332.410850524902 328.514488220215 410.385494112968 420.082310676575 621.431213378906 621.058120727539 511.607902526855 433.103006362915 533.30005645752 478.326167345047 495.404432296753 415.827239990234 642.393394470215 610.183235168457 568.495151042938 430.976013183594 373.778190612793 351.843887329102 514.635231018066 715.841217041016 651.212810516357 434.375289916992 606.442186355591 585.582305908203 663.622407913208 653.706716060638
346.619941711426 392.093482971191 368.726877212524 426.810844421387 301.750900268555 302.46720123291 213.232635498047 256.476078033447 366.621973514557 365.704021453857 183.55290222168 211.514068603516 219.388061523438 315.967582702637 402.26318359375 426.792953491211 332.14236831665 251.01505279541 252.017303466797 282.896015167236 368.184655666351 322.263572692871 279.238739013672 306.544975280762 413.545716285706 377.921634674072 515.993446350098 555.210067749023 594.346984863281 572.249130249023 439.750138282776 559.543441772461 644.509994506836 514.472137451172 362.586158752441 439.074493408203 554.185106873512 668.392356872559 643.363166809082 391.550567626953 364.917877197266 528.209030151367 594.957075119019 589.196746826172 620.634717941284 -9999 -9999 966.638282775879 638.438314437866 975.387168884277
404.742478370667 392.341300010681 415.854713439941 423.093944549561 382.134261131287 265.527359008789 222.792083740234 332.84578371048 299.249092102051 423.302734375 405.669452667236 351.123849868774 218.341171264648 364.584614276886 367.278347015381 424.32292175293 345.194741249084 253.719703674316 429.591979980469 421.247104644775 326.202564239502 373.619903564453 347.091663360596 303.23038482666 497.368957519531 424.413290023804 508.246444702148 504.68440246582 624.476287841797 459.087205886841 427.445689558983 508.233695983887 445.299743652344 505.958896636963 399.56078338623 1005.27342224121 676.985717773438 657.447128295898 581.49967956543 370.966781616211 444.039810180664 548.399154663086 -9999 -9999 -9999 -9999 -9999 -9999 -9999 -9999
407.62145960331 310.763885498047 332.572914123535 325.467906951904 299.804054260254 334.034571647644 438.46378326416 221.230903625488 215.622894287109 388.090072631836 456.135231018066 341.04909324646 347.677780151367 321.70272064209 411.861633300781 496.390441894531 404.148651123047 319.54048538208 389.689391136169 497.974914550781 375.985690116882 378.793613910675 219.887329101562 258.509765625 304.14217376709 333.558418273926 467.702472686768 444.540710449219 499.516540527344 559.979507446289 295.841339111328 373.932510375977 487.450950622559 484.071350097656 476.147770881653 660.545234680176 695.480880737305 622.515571594238 550.738704681396 573.116682052612 584.291133880615 -9999 -9999 -9999 -9999 -9999 -9999 -9999 -9999 -9999
