simdem/realisation14.asc
NCOLS 350 
NROWS 171 
XLLCORNER 152620 
YLLCORNER 418050 
CELLSIZE 100 
NODATA_value -9999 
[rows 88 to 109 of 171, columns 200 to 249 of 350]
589.388694763184 577.837020874023 590.305770874023 732.037254333496 599.057117462158 724.738357543945 592.979011535645 574.663284301758 651.241134643555 709.616622924805 532.3857421875 693.060333251953 739.655387878418 629.437610626221 597.413543701172 613.85481262207 544.017852783203 638.230133056641 765.166656494141 875.045196533203 721.8642578125 631.792472839355 656.869552135468 562.568855285645 501.951187133789 670.591406822205 732.411010742188 581.429298400879 788.845726013184 702.869800567627 700.393135070801 639.87279510498 855.935989379883 710.949592590332 585.48316192627 617.930668830872 579.889022827148 597.086828231812 794.578063964844 772.615810394287 672.682998657227 714.23592376709 709.981201171875 700.211532592773 725.515899658203 765.710025787354 692.253448486328 851.064674377441 841.925058364868 863.302163124084
640.10327911377 605.561859130859 672.964311599731 669.889351844788 560.539566040039 668.20238494873 759.335601806641 666.573450088501 656.711326599121 751.802459716797 708.33277130127 695.433860778809 805.407958984375 729.596069335938 534.993057250977 550.249954223633 555.106666564941 615.821746826172 723.511959075928 880.80615234375 726.398826599121 598.390647888184 616.242321014404 645.555100440979 622.811386108398 524.064926147461 630.380706787109 777.468757629395 702.3434715271 703.711715698242 645.697248250246 636.185828208923 639.555143356323 550.727645874023 591.111169815063 749.981811523438 609.870736122131 672.495376586914 898.697052001953 795.620544433594 609.388366699219 698.957702636719 730.462759017944 745.792846679688 783.521955966949 727.958274841309 776.346490859985 894.321624755859 1023.33476638794 823.667200088501
602.67264175415 1038.40041923523 565.824401855469 614.169769287109 562.217254638672 798.513031005859 755.816055297852 696.44075012207 690.532367706299 841.680816650391 667.588684082031 621.600130081177 870.24006652832 696.128784179688 612.849460601807 561.489074707031 555.825080871582 593.853542327881 650.836585998535 717.824199676514 571.149368286133 549.990615844727 711.54768371582 526.273956298828 569.309814453125 646.798725128174 743.787055969238 697.608304977417 565.009178161621 707.115650177002 689.636451721191 694.64315032959 648.564609527588 610.583524703979 649.910255432129 699.565795898438 631.719528198242 666.079746246338 806.240329742432 832.046607971191 763.231782913208 682.412857055664 805.559965133667 1065.82107543945 722.899845123291 629.284671783447 640.899299621582 918.403537750244 941.333587646484 864.652889251709
534.27025604248 494.106582641602 427.808441162109 680.012201309204 778.540664672852 675.42479133606 737.775276184082 685.038391113281 619.030355453491 598.765468597412 757.668869018555 713.466735839844 711.391830444336 647.640493392944 653.658754348755 645.135927200317 611.86381149292 644.029735982418 700.982456207275 691.400203704834 787.62272644043 872.977279663086 671.602976799011 648.821876525879 760.90746307373 749.355102539062 738.712211608887 705.78539276123 590.160667419434 714.848773956299 625.962121963501 764.322927474976 643.016052246094 656.276260375977 614.066928863525 686.397342681885 742.853408813477 676.573205947876 770.042598724365 842.02433013916 792.258113861084 788.516780853271 858.753803253174 969.906494140625 809.897094726562 674.556591033936 755.003463745117 809.864727020264 1045.08905792236 837.610151290894
587.502647399902 628.677166938782 640.331302642822 554.359172821045 636.981092453003 547.695587158203 631.824654102325 646.305123329163 672.684131622314 641.192267596722 674.276365280151 698.035789489746 682.473724365234 634.584222793579 615.646640777588 773.839477539062 659.796850204468 699.480709075928 611.323360443115 621.638341903687 582.181545257568 956.272735595703 739.917156219482 624.497611999512 691.066754817963 668.828580856323 746.241828918457 687.738555908203 747.078636169434 679.271007299423 654.493404388428 728.302253723145 672.01801109314 593.769035339355 655.716206550598 534.082160949707 620.089477539062 594.157562255859 576.060417175293 622.486516952515 691.849018096924 853.957870483398 780.910339355469 649.904304504395 648.364597320557 547.378318786621 696.62251663208 885.246215820312 845.48067855835 904.522253036499
572.477149963379 737.867130279541 749.17261505127 560.171737670898 441.496894836426 1139.64933013916 711.30793762207 566.681213378906 606.931411743164 701.280014038086 714.258224487305 653.192668914795 685.827033996582 566.873481750488 683.062892913818 701.319114685059 680.488159179688 657.435907363892 581.844284057617 631.978370666504 546.603355407715 611.945165634155 655.085483551025 647.67000579834 781.499565124512 581.348571777344 731.26270198822 727.645313262939 779.434394836426 639.103128433228 731.262477874756 664.559206008911 808.76810836792 720.459500312805 849.884567260742 724.623107910156 753.643482208252 664.265548706055 648.997423171997 730.65064239502 586.801391601562 600.619819641113 651.361316680908 664.448886871338 699.430271148682 669.433499336243 680.912525415421 870.287048339844 769.744812011719 797.426460266113
638.97913646698 679.091371536255 869.892616271973 724.611009597778 603.892517089844 832.989440917969 844.956243515015 634.870185375214 729.784774780273 681.555320739746 698.970642089844 636.735269546509 694.454559326172 655.649703979492 727.511795043945 781.166152954102 623.525551795959 499.083145141602 702.494636535645 726.31273651123 743.74612903595 716.040184020996 617.477626800537 823.33761882782 592.219909667969 739.873481750488 748.193183898926 616.673740386963 776.687400817871 734.643173217773 711.040966033936 624.760688781738 731.38575553894 730.90213394165 708.175857543945 726.060508728027 579.789848327637 611.352531433105 738.536371231079 783.895183563232 885.262069702148 757.330768585205 717.83056640625 624.073802947998 648.500394821167 681.36450958252 752.692321777344 586.312225341797 695.868490219116 645.427597045898
647.245383262634 549.21411895752 858.235000610352 763.663171768188 675.92950630188 678.587224960327 553.824523925781 574.493858337402 692.876825332642 690.969833374023 648.371322631836 846.661071777344 796.911865234375 742.54411315918 747.263595581055 874.732528686523 810.622467041016 746.825141906738 745.723747253418 835.772567749023 775.120994567871 748.24193572998 958.453414916992 555.962726593018 641.305095672607 702.612413406372 735.154342651367 633.428970336914 685.105401992798 605.047988891602 671.254338264465 728.471378326416 737.963851928711 658.54229927063 615.260131835938 713.815200805664 676.285400390625 645.438480377197 582.342498779297 747.837421417236 761.42813873291 721.412672996521 863.806762695312 836.292419433594 837.521167755127 793.778757095337 627.764266967773 673.17124080658 722.977443695068 718.709885597229
504.580627441406 592.638790130615 888.460433959961 792.896606445312 707.558048248291 608.297416687012 596.063385009766 772.760543823242 670.474656224251 638.149908065796 825.076950073242 858.286392211914 671.851758956909 587.707260131836 672.513244628906 772.089630126953 669.53938293457 659.70906829834 834.576889038086 811.388549804688 691.971817016602 745.124504089355 821.759979248047 715.980556488037 617.295986175537 595.004616737366 621.340461730957 789.781547546387 639.848106384277 720.129772186279 719.259784698486 636.962928771973 728.79320526123 731.250117301941 787.350364685059 725.030303955078 701.281761169434 764.688655853271 709.945895195007 808.085014343262 887.755477905273 850.078399658203 904.17268371582 767.246150970459 855.283058166504 640.331985473633 582.932411193848 554.745216369629 657.996376037598 789.042373657227
448.971771240234 683.958082199097 714.016719818115 716.172752380371 772.744492769241 740.521322250366 718.824684143066 1022.88171768188 576.311828613281 697.068466186523 791.925979614258 791.547882080078 596.213714599609 624.340744018555 647.793635368347 739.283638000488 581.504173278809 537.827178955078 667.396469116211 761.152313232422 729.610809326172 712.158920288086 688.983421325684 529.938262939453 667.695175170898 726.861429810524 559.148220062256 502.069061279297 636.037633657455 642.667708873749 542.977813720703 514.371643066406 613.265625 609.470211029053 457.311401367188 527.591735839844 494.940200805664 610.998886108398 781.232353210449 679.901250839233 840.067848205566 836.620338439941 877.925018310547 828.661911010742 612.855041503906 696.486301422119 697.212963104248 764.142444610596 981.510282516479 654.258499145508
653.694068908691 420.113693237305 518.849792480469 622.973136901855 777.741268157959 631.980697631836 733.26301574707 734.946151733398 591.737804412842 643.557483673096 687.948324203491 687.166812896729 689.488185882568 730.573295593262 777.856338500977 620.524170398712 586.960083007812 612.256477355957 524.006065368652 643.303932189941 571.905769348145 844.269790649414 793.29313659668 734.220085144043 742.600437164307 615.223327636719 606.706192016602 645.921138763428 599.045524597168 700.607461929321 630.546680450439 485.244934082031 579.622261047363 689.009323120117 587.933776855469 593.157554626465 474.276962280273 694.099489212036 740.145328521729 736.446094512939 732.066009521484 644.523056507111 777.989875793457 698.734704971313 797.197288513184 777.112670898438 781.375341415405 1036.22119140625 701.973480224609 766.860172271729
771.165786743164 698.990585327148 631.255783081055 598.166320800781 747.2046251297 874.83268737793 850.396926879883 793.539054870605 795.28240776062 664.16674041748 562.333541870117 778.050811767578 613.55884552002 729.016830444336 650.316780090332 645.820535421371 725.766044616699 652.636474609375 559.29313659668 640.636613368988 723.739631652832 804.042419433594 702.918342590332 723.484909057617 563.047424316406 616.813262939453 843.867645263672 716.145462036133 473.244216918945 574.763488769531 719.950847625732 705.618638038635 746.306739807129 484.509460449219 531.844932556152 576.526649475098 526.653869628906 643.214649200439 753.462745666504 796.93962097168 790.749359130859 798.937881469727 735.667379379272 678.911491394043 720.715400695801 711.118493080139 782.079736709595 1068.23259925842 1034.92116928101 1032.89463615417
762.484729766846 810.065236091614 535.659713745117 819.670944213867 853.568939208984 920.167343139648 772.695713043213 794.72074508667 594.723266601562 626.936706542969 635.371753692627 681.798257827759 591.116279602051 646.892902374268 618.441780090332 666.193798065186 748.152946472168 552.642013549805 521.60546875 563.911529541016 712.479064941406 791.787551879883 637.020076751709 914.847228527069 455.924926757812 523.618026733398 959.866119384766 720.722557067871 834.393203735352 1010.35876464844 1182.73951721191 724.370647460222 682.281642913818 637.220195770264 615.472351074219 637.470336914062 838.350067138672 691.895260334015 596.934303283691 733.891195297241 825.337509155273 834.724563598633 822.859060287476 580.351676940918 893.648169517517 1116.28636932373 1253.55941772461 1007.22676086426 1104.01391601562 829.150354385376
769.230686187744 720.932897806168 678.147922515869 766.372455596924 705.961681365967 856.182807922363 718.964836120605 856.61353302002 668.369445800781 968.013931274414 707.448558807373 563.396484375 568.111763000488 711.686115264893 712.475276470184 799.033645629883 760.164398193359 528.952003479004 638.691856861115 604.409717559814 569.37353515625 751.984367370605 669.184226989746 599.786087036133 487.66788482666 676.678985595703 674.722814559937 669.466421127319 604.417144775391 691.392585754395 738.202312469482 706.015901565552 552.003921508789 1101.53019714355 679.329162597656 707.166519165039 1084.35231781006 1058.01491928101 691.005157470703 829.352897644043 1035.62282562256 854.621826171875 715.865234375 659.927825927734 599.954193115234 825.904285430908 1002.25021362305 1018.44287109375 1398.81783676147 798.443115234375
799.423154830933 827.792654037476 739.635204315186 534.842559814453 643.97728729248 742.542712211609 697.510444641113 886.146018981934 713.68334197998 696.987724304199 941.649810791016 667.808373451233 677.080816268921 738.555404663086 772.671051025391 724.409042358398 592.787635803223 611.560218811035 632.184032440186 637.667365074158 576.924659729004 755.467506408691 686.314086914062 626.562080383301 644.829975128174 662.2837266922 598.782440185547 574.76749420166 719.960784912109 757.887397766113 687.179369926453 637.861560821533 580.528190612793 575.036010742188 600.64665222168 520.200988769531 551.571769714355 945.093719482422 688.466443061829 816.060043334961 689.81386756897 884.701477050781 1240.63233184814 649.130462646484 933.432464599609 690.472076416016 721.90212059021 882.174245834351 812.734954833984 714.829208374023
718.869379997253 894.464073181152 849.727127075195 698.951671600342 710.7907371521 737.540197372437 702.893615722656 828.031755447388 722.887557983398 856.19176864624 782.348593235016 995.483985900879 735.164886474609 628.328952789307 626.139701843262 564.672660827637 573.121032714844 634.594223022461 756.119876861572 449.849678039551 592.512189865112 602.324680328369 597.168851852417 663.430335998535 919.578628540039 593.251586914062 678.027641296387 536.576385498047 759.283866882324 721.768783569336 619.081954956055 602.476593017578 589.317260742188 585.037231445312 597.129730224609 582.077369689941 936.028690338135 984.089057922363 846.507320404053 703.944292977452 753.135210037231 845.196235656738 1044.97051239014 562.94514465332 894.449722290039 935.961502075195 792.809005737305 1124.16588711739 738.41508102417 1297.57921600342
-9999 715.464369773865 718.763229370117 626.80344581604 829.535369873047 869.236976623535 731.322275161743 771.838481903076 656.134140014648 655.648651123047 709.609683990479 970.748748779297 591.247020721436 730.732948303223 680.366065979004 615.480364322662 621.591911315918 551.637275695801 471.099082946777 649.462326049805 635.814971923828 651.350266456604 691.309623718262 911.88325881958 886.223167419434 641.139401435852 677.926696777344 520.683822631836 678.826667785645 622.044143676758 641.473491668701 594.885108947754 707.279384613037 592.456268310547 932.086380004883 711.65799331665 703.425144195557 752.51229095459 581.508613586426 542.977401733398 674.412788391113 720.20980104804 790.891254425049 628.240791320801 603.942718505859 1067.06597137451 837.846733093262 853.396129608154 756.365690231323 853.665153503418
-9999 690.391510009766 835.601943969727 636.279598236084 788.737823486328 728.983993530273 875.847366333008 712.504287719727 668.140930175781 648.59489440918 683.388313293457 813.851089477539 627.587383270264 562.044326782227 632.77382850647 692.360637664795 674.942283630371 576.237083435059 459.869338989258 462.923736572266 419.67268371582 535.419815063477 634.132537841797 641.20438337326 1044.5724503994 695.349166870117 640.695441246033 620.851655960083 613.110518455505 619.469425201416 620.257823944092 589.656173706055 494.191619873047 441.496963500977 1153.54271697998 661.55948638916 610.13708114624 502.886856079102 808.5830078125 755.011024475098 823.725540161133 784.895042419434 706.617256164551 719.751277923584 678.459419250488 748.912998199463 1128.29420471191 801.403686523438 628.534370422363 502.567367553711
-9999 -9999 792.444005966187 634.344333648682 677.957318305969 693.465263366699 684.23087310791 693.475700378418 738.267204284668 786.573822021484 626.652481079102 638.561813354492 664.732857704163 588.250247955322 590.670959472656 432.420913696289 445.344116210938 462.513252258301 581.150810241699 429.430679321289 573.971946716309 526.078742980957 576.906288146973 510.694694519043 677.926383972168 599.163505554199 508.345581054688 574.580383300781 652.611799240112 650.494117259979 642.703420639038 602.942714691162 478.672256469727 449.304000854492 750.445846557617 484.928527832031 697.814903259277 651.642498970032 623.180316925049 728.405002593994 616.182281494141 723.384373664856 669.277763366699 663.611953735352 637.019721984863 775.271816253662 785.660416126251 783.850654602051 774.794906616211 719.046783447266
-9999 -9999 972.457397460938 978.667600631714 702.197216033936 601.892917633057 785.204637527466 768.116591453552 736.136486053467 602.835906982422 994.460632324219 510.600219726562 596.044673919678 459.57470703125 494.982223510742 506.31958770752 567.492824554443 655.717460632324 635.87052154541 547.805784225464 550.05126285553 502.325241088867 497.484420776367 552.290832519531 588.377027511597 612.446823120117 536.685188293457 555.498497009277 751.741348266602 620.010055541992 563.01978302002 463.428527832031 541.177360534668 659.456452190876 600.365821838379 631.094533920288 801.648094177246 863.394214630127 554.768844604492 667.541999816895 723.184341430664 746.174026489258 726.323600769043 756.909210205078 848.844676971436 1007.34189605713 850.508518218994 846.238500595093 872.924896240234 741.434463500977
-9999 -9999 -9999 667.927124023438 645.738642215729 572.292320251465 659.729919433594 832.436164855957 825.111087799072 590.585380554199 533.927314758301 537.851821899414 743.769760131836 559.512519836426 653.64514541626 501.34073638916 583.739963531494 545.601343154907 535.549839019775 562.638438969851 586.971313476562 488.066413879395 547.677090644836 1368.95706558228 523.326519012451 651.265157699585 558.038619995117 603.78023147583 704.302448272705 615.654975891113 784.374206542969 703.7728099823 654.021100997925 541.793838500977 558.167381286621 689.604919433594 512.218048095703 682.192932128906 725.517055511475 548.248146057129 745.858303070068 742.207595825195 622.678268432617 376.999053955078 608.850112915039 690.756118774414 728.174102783203 676.898124694824 745.836163520813 937.958892822266
-9999 -9999 -9999 519.671783447266 649.096027374268 593.475868225098 823.393154144287 758.804684638977 739.798410415649 1116.83443832397 696.536751747131 622.331436157227 698.424434661865 648.877198219299 694.822116851807 633.305158615112 562.135210037231 439.424560546875 646.495197296143 674.938148498535 737.05884552002 457.475082397461 609.112392425537 931.524894714355 534.346656799316 519.497833251953 543.040008544922 667.879278898239 688.770442962646 503.236633300781 655.43531703949 608.165683746338 675.972015380859 669.143715858459 575.889175415039 961.360610961914 531.909225463867 781.674053192139 816.213882446289 634.693923950195 522.174911499023 491.512222290039 601.863647460938 720.317840576172 717.148803710938 1212.16502380371 852.876518249512 896.687686920166 1158.14170074463 776.387130737305
