simdem/realisation75.asc
NCOLS 350 
NROWS 171 
XLLCORNER 152620 
YLLCORNER 418050 
CELLSIZE 100 
NODATA_value -9999 
[rows 110 to 131 of 171, columns 300 to 349 of 350]
805.099830627441 894.202117919922 737.346557617188 680.602378845215 751.271656036377 1064.44504165649 884.206218719482 837.244552612305 843.144927978516 635.213180541992 840.905075073242 740.66480255127 1661.59763336182 1024.76682281494 929.999938964844 834.374481201172 1312.49555969238 722.236557006836 1041.3285369873 -9999 -9999 -9999 -9999 -9999 -9999 -9999 -9999 -9999 -9999 -9999 -9999 -9999 -9999 -9999 -9999 -9999 -9999 -9999 -9999 -9999 -9999 -9999 -9999 -9999 -9999 -9999 -9999 -9999 -9999 -9999
692.297424316406 667.30997800827 570.114700317383 751.251657485962 768.914081573486 827.656604766846 1197.54746246338 1409.76670837402 723.439308166504 625.59440612793 1408.90100860596 508.264099121094 749.923706054688 803.889934539795 897.130781173706 770.505508422852 685.795959472656 959.754669189453 959.121292114258 -9999 -9999 -9999 -9999 -9999 -9999 -9999 -9999 -9999 -9999 -9999 -9999 -9999 -9999 -9999 -9999 -9999 -9999 -9999 -9999 -9999 -9999 -9999 -9999 -9999 -9999 -9999 -9999 -9999 -9999 -9999
959.899200439453 879.136466026306 991.576641082764 766.354320526123 800.076095581055 763.215682983398 697.272068023682 991.217193603516 696.89444732666 1476.34362792969 836.513885498047 623.34765625 780.712562561035 901.055450439453 849.4488697052 1040.82318115234 699.831604003906 958.545761108398 1711.85722351074 816.972854614258 -9999 -9999 -9999 -9999 -9999 -9999 -9999 -9999 -9999 -9999 -9999 -9999 -9999 -9999 -9999 -9999 -9999 -9999 -9999 -9999 -9999 -9999 -9999 -9999 -9999 -9999 -9999 -9999 -9999 -9999
941.352783203125 865.840774536133 809.437576293945 931.388447761536 882.756259918213 805.79630279541 758.295120239258 960.090003967285 763.790985107422 2153.95571899414 691.027053833008 677.31005859375 660.293533325195 1138.15994262695 1131.53115844727 1046.42993164062 987.061416625977 665.998504638672 1009.58070373535 1278.85191345215 1250.8089594841 -9999 -9999 -9999 -9999 -9999 -9999 -9999 -9999 -9999 -9999 -9999 -9999 -9999 -9999 -9999 -9999 -9999 -9999 -9999 -9999 -9999 -9999 -9999 -9999 -9999 -9999 -9999 -9999 -9999
824.216719388962 683.675811767578 837.753028869629 847.931579589844 691.117267608643 759.751495361328 667.859504699707 781.624656677246 846.633661270142 1339.82465362549 784.828323364258 942.271423339844 760.222534179688 1023.82991790771 788.893249511719 857.582931518555 696.303993225098 792.526489257812 1008.58892059326 1005.5391998291 1092.4228515625 -9999 -9999 -9999 -9999 -9999 -9999 -9999 -9999 -9999 -9999 -9999 -9999 -9999 -9999 -9999 -9999 -9999 -9999 -9999 -9999 -9999 -9999 -9999 -9999 -9999 -9999 -9999 -9999 -9999
902.414451599121 898.512191772461 872.794666290283 929.95584487915 1127.84976196289 1058.9691619873 829.369071960449 883.348773956299 615.534927368164 904.370956420898 1151.49526977539 689.900833129883 764.514999389648 1181.71820068359 746.429077148438 876.34511756897 1262.40095591545 923.53101348877 936.301174163818 799.514623641968 711.289192199707 727.357173919678 -9999 -9999 -9999 -9999 -9999 -9999 -9999 -9999 -9999 -9999 -9999 -9999 -9999 -9999 -9999 -9999 -9999 -9999 -9999 -9999 -9999 -9999 -9999 -9999 -9999 -9999 -9999 -9999
741.507942199707 807.467578887939 838.10969543457 1049.98560333252 890.062774658203 726.431625366211 1401.76782226562 866.054313659668 623.364761352539 1110.26374816895 1055.5234375 1459.84854125977 945.710021972656 1215.48767089844 967.842849731445 937.634006500244 1488.84033966064 1272.22174072266 940.478576660156 842.737655639648 878.339603424072 925.307815551758 1148.18581390381 -9999 -9999 -9999 -9999 -9999 -9999 -9999 -9999 -9999 -9999 -9999 -9999 -9999 -9999 -9999 -9999 -9999 -9999 -9999 -9999 -9999 -9999 -9999 -9999 -9999 -9999 -9999
830.241195678711 745.606834411621 853.743679046631 884.118194580078 1319.29842185974 1417.68714523315 728.245952606201 723.196345329285 668.632392883301 740.822166442871 871.133544921875 968.20442199707 1176.305809021 1378.07793426514 1079.62707519531 1126.20867919922 1232.40981292725 934.340766906738 765.097305297852 987.360076904297 1042.1085357666 757.014572143555 959.70255279541 -9999 -9999 -9999 -9999 -9999 -9999 -9999 -9999 -9999 -9999 -9999 -9999 -9999 -9999 -9999 -9999 -9999 -9999 -9999 -9999 -9999 -9999 -9999 -9999 -9999 -9999 -9999
701.571189880371 779.952838897705 783.584808349609 901.700465798378 979.498222351074 779.007392883301 629.495956420898 929.122802734375 752.27214050293 811.458149433136 873.004013061523 793.781997680664 824.576793670654 890.13934135437 1032.11669921875 918.128952026367 743.148881912231 860.876894667745 736.725952148438 791.615083694458 859.803672790527 919.634479522705 955.363006591797 946.928302764893 -9999 -9999 -9999 -9999 -9999 -9999 -9999 -9999 -9999 -9999 -9999 -9999 -9999 -9999 -9999 -9999 -9999 -9999 -9999 -9999 -9999 -9999 -9999 -9999 -9999 -9999
967.83716583252 751.435020446777 615.147811889648 814.729136198759 1071.90070343018 772.68856048584 707.812507629395 675.292434692383 703.130111694336 666.174125671387 805.948616027832 949.343360900879 905.418571472168 1084.37106657028 1425.83644104004 966.016944885254 834.845670700073 851.396795272827 893.406227111816 859.537166595459 906.763320922852 991.392143249512 892.20486831665 976.902847290039 868.598085403442 -9999 -9999 -9999 -9999 -9999 -9999 -9999 -9999 -9999 -9999 -9999 -9999 -9999 -9999 -9999 -9999 -9999 -9999 -9999 -9999 -9999 -9999 -9999 -9999 -9999
1110.54067993164 1780.59141921997 1072.40099334717 1321.3031463623 1325.60367202759 875.539276123047 770.010726928711 662.232421875 618.642883300781 1149.12844848633 796.243033409119 683.225929260254 893.06241607666 1120.14920425415 1076.25590515137 1544.46867752075 896.626808166504 851.835273742676 848.288478851318 961.290016174316 878.943115234375 913.157726287842 986.4365234375 1045.77583312988 972.403846740723 917.804142832756 -9999 -9999 -9999 -9999 -9999 -9999 -9999 -9999 -9999 -9999 -9999 -9999 -9999 -9999 -9999 -9999 -9999 -9999 -9999 -9999 -9999 -9999 -9999 -9999
915.130470275879 817.400444030762 1324.7301197052 1034.24536132812 1327.88328552246 1532.87622070312 959.220428466797 731.989440917969 813.944145202637 722.276321411133 772.86824798584 789.037940979004 905.108623504639 860.415943145752 1106.80582809448 827.05867767334 827.422225952148 888.957027435303 886.84593963623 819.101192474365 843.119060516357 914.997173309326 844.903705596924 837.729451656342 979.135108947754 924.773932933807 -9999 -9999 -9999 -9999 -9999 -9999 -9999 -9999 -9999 -9999 -9999 -9999 -9999 -9999 -9999 -9999 -9999 -9999 -9999 -9999 -9999 -9999 -9999 -9999
1082.58501434326 1056.8536605835 1266.27653884888 934.410483360291 1143.82000732422 1288.92831420898 1393.69922637939 1097.91248703003 966.022262573242 1221.45599746704 1023.29996109009 822.447589874268 804.956331253052 851.49521446228 914.380207061768 746.421607971191 811.964191436768 791.441809654236 916.001770019531 717.682983398438 766.364898681641 765.581924438477 809.874679088593 678.997085571289 858.850287437439 1018.46999359131 978.262962341309 -9999 -9999 -9999 -9999 -9999 -9999 -9999 -9999 -9999 -9999 -9999 -9999 -9999 -9999 -9999 -9999 -9999 -9999 -9999 -9999 -9999 -9999 -9999
1244.11260223389 1282.51733398438 1043.68710327148 1006.90251159668 822.823287963867 1330.38283538818 1374.71779632568 1059.33350372314 963.803161621094 928.487609863281 735.503662109375 787.452919006348 829.206535339355 909.11563873291 854.79337310791 827.744285583496 728.60279083252 668.816131591797 732.314617156982 828.799373626709 736.205108642578 811.925296783447 797.753935456276 680.577499389648 676.654991149902 904.090850830078 997.87971496582 898.472621917725 -9999 -9999 -9999 -9999 -9999 -9999 -9999 -9999 -9999 -9999 -9999 -9999 -9999 -9999 -9999 -9999 -9999 -9999 -9999 -9999 -9999 -9999
1037.78015136719 1055.7961730957 1010.0379486084 1041.78797626495 970.017650604248 921.062530517578 1352.38726806641 1081.72370910645 967.42115020752 902.662769317627 801.166069030762 838.486360549927 867.556720733643 887.036716461182 676.633712768555 776.175422668457 687.629638671875 745.287696838379 926.037422180176 872.406776428223 900.054481506348 872.809711456299 960.006286621094 848.716800689697 726.07698059082 840.172809123993 969.460594177246 855.988243103027 821.527835845947 -9999 -9999 -9999 -9999 -9999 -9999 -9999 -9999 -9999 -9999 -9999 -9999 -9999 -9999 -9999 -9999 -9999 -9999 -9999 -9999 -9999
903.420017242432 852.74151802063 854.855762481689 1185.21871948242 1535.43753051758 880.588562011719 994.560699462891 1137.72785949707 898.114162445068 798.122596740723 792.943965911865 812.669658660889 820.79852771759 751.23461151123 758.634763717651 828.957344055176 740.946514129639 838.101351737976 795.892105102539 797.426795959473 861.540924072266 754.792922973633 843.00803565979 911.937515258789 801.025768280029 1004.20582580566 947.727958679199 844.623249053955 854.836531639099 -9999 -9999 -9999 -9999 -9999 -9999 -9999 -9999 -9999 -9999 -9999 -9999 -9999 -9999 -9999 -9999 -9999 -9999 -9999 -9999 -9999
1000.57152175903 861.257623672485 1461.93003702164 1457.12003326416 1139.65585327148 964.755653381348 1299.22662353516 960.939559936523 1339.1077041626 999.896556854248 887.813949584961 826.077585220337 800.890604019165 920.350799560547 873.314453125 827.597953796387 841.980567932129 909.623588562012 949.45133972168 850.841716766357 920.738525390625 809.06925201416 885.89453125 961.623031616211 967.674957275391 842.119825363159 1012.97457885742 882.830308914185 889.878555297852 941.370880126953 -9999 -9999 -9999 -9999 -9999 -9999 -9999 -9999 -9999 -9999 -9999 -9999 -9999 -9999 -9999 -9999 -9999 -9999 -9999 -9999
1022.84465026855 962.342636108398 1133.09599876404 1641.72264099121 1998.84377670288 1317.52931213379 1151.78937911987 962.48673248291 1209.66835784912 1005.8331489563 871.627407073975 813.86536192894 918.507331848145 933.220390319824 807.746486663818 919.795249938965 878.082565307617 879.689506530762 888.335487365723 794.668904423714 798.672719120979 760.885551452637 721.905471801758 774.02237701416 844.676637649536 901.646385192871 751.143783569336 875.396903991699 1029.27266693115 897.319274902344 873.823455810547 -9999 -9999 -9999 -9999 -9999 -9999 -9999 -9999 -9999 -9999 -9999 -9999 -9999 -9999 -9999 -9999 -9999 -9999 -9999
1173.94119262695 1154.41994476318 933.372161388397 1343.86429214478 1566.14009094238 1749.77307128906 1631.1223449707 1075.52152252197 1005.40477371216 1004.38374328613 1055.04971313477 1056.91285705566 981.935314178467 1023.29315948486 799.031391143799 664.288391113281 821.694576263428 899.088035583496 730.064422607422 870.145576000214 703.106163024902 801.537818908691 848.86322593689 793.683082580566 865.016540527344 863.628288269043 827.985381603241 866.073408126831 843.410804748535 761.699813842773 838.069524765015 -9999 -9999 -9999 -9999 -9999 -9999 -9999 -9999 -9999 -9999 -9999 -9999 -9999 -9999 -9999 -9999 -9999 -9999 -9999
1179.65844726562 835.508583068848 907.293333053589 1316.42823028564 1106.30553245544 1617.26605224609 1500.15678405762 1204.26167631149 1719.72440338135 1324.02388000488 1150.77981567383 1067.57233428955 1228.05976104736 1858.18667602539 1071.12609863281 841.889854431152 950.922973632812 917.913223266602 842.818559646606 809.641408443451 745.588928222656 761.39697265625 820.980690002441 694.167282104492 659.89714050293 722.421394348145 788.85823059082 911.880317687988 898.069198608398 838.637804985046 804.616283416748 874.181393623352 -9999 -9999 -9999 -9999 -9999 -9999 -9999 -9999 -9999 -9999 -9999 -9999 -9999 -9999 -9999 -9999 -9999 -9999
1094.07493019104 917.38826751709 918.219097137451 993.378318786621 883.034551858902 1284.57176208496 1740.67558288574 1299.87369918823 1243.66651535034 1231.87216949463 1263.14613723755 1034.16829681396 1146.58759593964 1516.67642211914 1053.47177886963 1115.40721130371 935.862855434418 779.907901763916 822.402560710907 796.073577880859 679.837036132812 702.286247253418 650.696334838867 768.050270080566 916.953559875488 835.13639497757 812.827346801758 859.644115447998 967.205913543701 872.119857788086 786.942420959473 880.183216094971 967.374702453613 -9999 -9999 -9999 -9999 -9999 -9999 -9999 -9999 -9999 -9999 -9999 -9999 -9999 -9999 -9999 -9999 -9999
844.212659835815 1046.96897792816 1254.6304397583 986.546356201172 1153.1745300293 1336.82022094727 1347.62126159668 1198.44146728516 1227.77225494385 1360.02591872215 1174.27319717407 1197.93909454346 1093.62066459656 1099.37930297852 945.942423820496 995.507302761078 1005.2241859436 825.233941555023 803.909109115601 906.043014526367 944.343170166016 870.494415283203 849.021595358849 887.098886489868 930.84716129303 939.11939239502 767.525276184082 742.296524047852 997.00463104248 958.870147705078 931.219375610352 792.389266967773 927.388648509979 -9999 -9999 -9999 -9999 -9999 -9999 -9999 -9999 -9999 -9999 -9999 -9999 -9999 -9999 -9999 -9999 -9999
