simdem/realisation96.asc
NCOLS 350 
NROWS 171 
XLLCORNER 152620 
YLLCORNER 418050 
CELLSIZE 100 
NODATA_value -9999 
[rows 88 to 109 of 171, columns 0 to 49 of 350]
-9999 -9999 -9999 -9999 -9999 -9999 -9999 -9999 -9999 -9999 -9999 -9999 -9999 -9999 -9999 -9999 -9999 559.756378173828 656.420471191406 402.548896789551 315.18426322937 513.899084091187 509.285299301147 562.375869750977 449.850444793701 553.283874511719 635.913167953491 276.078193664551 552.856231689453 485.198229908943 338.883943557739 401.660202026367 664.932197570801 463.663711547852 640.772506713867 476.043724060059 631.204559326172 855.866256713867 618.908695220947 692.162792921066 724.388995528221 727.278694152832 224.12523651123 139.089088439941 245.518768310547 288.152782440186 439.530361175537 475.263257980347 611.859022140503 446.442417144775
-9999 -9999 -9999 -9999 -9999 -9999 -9999 -9999 -9999 -9999 -9999 -9999 -9999 -9999 -9999 -9999 -9999 612.103271484375 562.639793395996 407.996356964111 354.158796310425 453.443773269653 482.7629737854 562.468700408936 574.650955200195 684.681159973145 659.999756813049 924.384262084961 349.603454589844 395.518455505371 311.379295349121 560.540203094482 398.235105514526 419.598306655884 764.148620605469 648.447742462158 721.126434326172 761.318046569824 797.914642333984 739.284507751465 872.602127075195 627.871809005737 513.444183349609 422.224884033203 332.256378173828 350.815088272095 590.398693084717 389.498550415039 282.566432952881 312.54914855957
-9999 -9999 -9999 -9999 -9999 -9999 -9999 -9999 -9999 -9999 -9999 -9999 -9999 -9999 -9999 -9999 579.608664989471 653.849594116211 337.595344543457 333.58100605011 497.808464050293 374.727577209473 503.291244506836 387.810569763184 623.266193389893 598.513473510742 616.389232635498 572.585998535156 306.140884399414 220.6435546875 194.643402099609 535.15140914917 498.01969909668 606.556499004364 622.810086041689 721.637809753418 843.715362548828 635.666397094727 735.352661132812 615.916549682617 400.897239685059 447.006847381592 659.235394477844 403.143005371094 372.507549285889 487.687469482422 347.211578369141 202.391471862793 451.21907043457 436.670989990234
-9999 -9999 -9999 -9999 -9999 -9999 -9999 -9999 -9999 -9999 -9999 -9999 -9999 -9999 -9999 -9999 824.66960144043 440.776290893555 439.813014984131 529.438789606094 521.768201828003 552.728874206543 396.216613769531 563.53532409668 608.623992919922 461.693388938904 622.975772857666 580.49458694458 522.215553283691 336.710159301758 558.795879364014 391.733703613281 332.941757202148 480.506255149841 795.825256347656 474.709968566895 526.185150146484 729.565929412842 531.239427566528 225.865303993225 273.778549194336 253.994216918945 378.372381687164 200.078472137451 483.350105285645 379.380256652832 263.273021697998 342.62190246582 504.146270751953 538.773910522461
-9999 -9999 -9999 -9999 -9999 -9999 -9999 -9999 -9999 -9999 -9999 -9999 -9999 -9999 -9999 502.149948120117 621.371925354004 424.829696655273 285.318176269531 357.033294677734 579.320465087891 531.706099510193 544.3118724823 841.076438903809 546.070785522461 717.402556419373 550.17310333252 313.700859069824 406.524307250977 559.977500915527 705.062214851379 717.225658416748 648.50553894043 251.576881408691 531.651260375977 574.170234680176 448.66667175293 650.416215896606 688.660130500793 156.151802062988 191.257678985596 251.334136962891 258.020399093628 35.8443908691406 337.244766235352 368.567100524902 357.336402893066 346.706932067871 498.338554382324 466.472503662109
-9999 -9999 -9999 -9999 -9999 -9999 -9999 -9999 -9999 -9999 -9999 -9999 -9999 -9999 -9999 660.617462158203 588.956428527832 411.854499816895 381.916168212891 359.74633026123 614.520629882812 523.344425201416 667.504302978516 672.434005737305 748.702514648438 524.64013671875 455.396087646484 344.949729919434 513.73645401001 272.436340332031 363.415378570557 446.787728071213 400.042194366455 460.404022216797 571.776336669922 535.854667663574 580.623916625977 679.859277248383 804.151184082031 201.638721466064 231.223335266113 262.203916549683 207.528167724609 112.757316589355 177.027830123901 166.714996337891 466.057144165039 316.168598175049 514.30778503418 501.679809570312
-9999 -9999 -9999 -9999 -9999 -9999 -9999 -9999 -9999 -9999 -9999 -9999 -9999 -9999 610.044914245605 536.562278747559 581.667121887207 673.934631347656 443.624223709106 315.051055908203 565.794410705566 723.142654418945 565.545404434204 615.752006530762 317.61848449707 428.457153320312 472.990646362305 318.103721618652 321.857475280762 333.813179016113 519.549995422363 316.024356842041 303.309600830078 367.360090255737 270.781707763672 555.448310852051 540.822280883789 445.863510131836 -9999 -9999 260.25213432312 282.14914727211 110.132804870605 223.30185008049 183.224773406982 319.796429157257 610.672317504883 739.707168579102 444.552581787109 491.954620361328
-9999 -9999 -9999 -9999 -9999 -9999 -9999 -9999 -9999 -9999 -9999 -9999 -9999 -9999 861.29133605957 544.346090316772 539.998979568481 614.807037353516 529.232940673828 611.808532714844 715.907775878906 824.800186157227 509.385986328125 573.672523498535 413.408248901367 392.469421386719 440.786529541016 544.639221191406 591.66081237793 533.586166381836 480.055793762207 258.119394302368 326.518810272217 428.644622802734 346.157812595367 -9999 -9999 -9999 -9999 -9999 -9999 -9999 205.991733551025 297.75106048584 91.6004028320312 235.947949409485 373.372333526611 707.433410644531 271.692129135132 464.474578857422
-9999 -9999 -9999 -9999 -9999 -9999 -9999 -9999 -9999 -9999 -9999 -9999 -9999 742.631561279297 641.442527770996 562.064414978027 452.731796264648 273.093307495117 420.987247467041 610.749282836914 733.043891906738 839.218185424805 1052.47416305542 507.576850891113 492.309875488281 396.502700805664 551.998691558838 503.872146606445 743.625065803528 746.998794555664 517.216567993164 299.266937255859 375.140724182129 318.062316894531 300.463859558105 -9999 -9999 -9999 -9999 -9999 -9999 -9999 -9999 142.449775695801 200.909851074219 258.743211746216 146.104438781738 376.246473312378 419.371086120605 318.616729736328
-9999 -9999 -9999 -9999 -9999 -9999 -9999 -9999 -9999 -9999 -9999 -9999 -9999 773.185134887695 534.465881347656 437.981601715088 130.522880554199 274.479316711426 307.133364677429 797.829528808594 676.344734191895 639.640472412109 638.058743339032 598.329183578491 493.963119506836 361.818542480469 339.287063598633 355.3330078125 605.415705680847 571.82795715332 401.076860427856 403.624755859375 275.915832519531 279.558715820312 -9999 -9999 -9999 -9999 -9999 -9999 -9999 -9999 -9999 -9999 183.30309677124 82.5673370361328 97.9307250976562 210.757900238037 417.509455680847 283.585571289062
-9999 -9999 -9999 -9999 -9999 -9999 -9999 -9999 -9999 -9999 -9999 -9999 571.920707702637 585.923568725586 426.741058349609 462.781169891357 617.365708112717 755.937698364258 706.394618988037 768.733726501465 647.17652130127 565.463027954102 585.514934539795 368.073348999023 483.492942810059 314.939483642578 321.6552734375 461.997177124023 563.829833984375 558.151599884033 465.175136566162 567.701538085938 513.600807189941 -9999 -9999 -9999 -9999 -9999 -9999 -9999 -9999 -9999 -9999 -9999 248.735725402832 318.988187789917 193.022705078125 248.228130340576 451.468948364258 610.570128023624
-9999 -9999 -9999 -9999 -9999 -9999 -9999 -9999 -9999 -9999 -9999 665.032409667969 511.43381690979 440.368120193481 405.636219024658 485.587066650391 554.387878417969 730.25813293457 655.296035766602 602.55334854126 569.238523542881 957.693531036377 505.146621704102 440.013824462891 632.65478515625 545.595649719238 498.479873657227 603.59009552002 510.577026367188 474.115118026733 356.388198852539 582.105979919434 468.799596786499 -9999 -9999 -9999 -9999 -9999 -9999 -9999 -9999 -9999 -9999 -9999 -9999 323.769462585449 302.674835205078 264.620571136475 405.15160369873 566.814445495605
-9999 -9999 -9999 -9999 -9999 -9999 -9999 -9999 -9999 -9999 -9999 566.523735046387 525.684707641602 515.163345336914 424.840312957764 509.21321105957 540.367370605469 743.232818603516 741.779117584229 554.821453094482 506.02933216095 573.096403121948 596.009475708008 517.828201293945 607.39307975769 631.684528589249 661.671630859375 531.697341918945 507.169631958008 383.725509643555 230.49658203125 377.802200317383 -9999 -9999 -9999 -9999 -9999 -9999 -9999 -9999 -9999 -9999 -9999 -9999 -9999 450.711012840271 371.148496627808 350.370704650879 303.825347900391 335.425964355469
-9999 -9999 -9999 -9999 -9999 -9999 -9999 -9999 -9999 -9999 679.148422241211 340.944004058838 275.915504455566 410.200443267822 403.070645809174 552.172252655029 737.964965820312 717.873867034912 641.955476760864 525.732275485992 463.654903411865 618.330421447754 556.757425308228 570.491888999939 625.174578666687 736.05869436264 476.692241668701 499.660903930664 338.798690795898 166.045257568359 305.66650390625 -9999 -9999 -9999 -9999 -9999 -9999 -9999 -9999 -9999 -9999 -9999 -9999 -9999 -9999 -9999 530.627969741821 405.410947799683 315.90943145752 317.636711120605
-9999 -9999 -9999 -9999 -9999 -9999 -9999 -9999 -9999 -9999 556.016689300537 218.59846496582 242.275573730469 321.285720825195 401.990110635757 471.529834747314 767.112663269043 497.484344482422 432.128440856934 604.024261474609 687.005874633789 625.683235168457 637.814910888672 737.372634887695 437.853096008301 332.454750061035 475.77131652832 164.433319091797 96.4665374755859 76.9385070800781 -9999 -9999 -9999 -9999 -9999 -9999 -9999 -9999 -9999 -9999 -9999 -9999 -9999 -9999 -9999 -9999 -9999 588.552073478699 321.548362731934 139.282852172852
-9999 -9999 -9999 -9999 -9999 -9999 -9999 -9999 -9999 488.722187042236 322.727882385254 383.185306549072 189.263641357422 103.39338684082 301.614608764648 545.466929674149 499.288335800171 712.503494262695 627.903076171875 1115.09334564209 644.436294555664 696.299880981445 674.144592285156 625.944608688354 411.964378356934 360.284746170044 462.060440063477 205.701682090759 94.4262847900391 126.187599182129 -9999 -9999 -9999 -9999 -9999 -9999 -9999 -9999 -9999 -9999 -9999 -9999 -9999 -9999 -9999 -9999 -9999 -9999 320.325340270996 450.495012283325
-9999 -9999 -9999 -9999 -9999 -9999 -9999 -9999 440.520332336426 357.632011413574 481.889724731445 387.571681976318 367.973426818848 34.8316497802734 278.69172668457 471.31615447998 381.329956054688 559.14780330658 299.694534301758 516.622756958008 708.516098022461 733.344863891602 583.843088626862 232.157844543457 523.804779052734 467.306457519531 190.792678833008 260.615654468536 363.519332885742 -9999 -9999 -9999 -9999 -9999 -9999 -9999 -9999 -9999 -9999 -9999 -9999 -9999 -9999 -9999 -9999 -9999 -9999 -9999 -9999 946.687797546387
-9999 -9999 -9999 -9999 -9999 -9999 -9999 -9999 258.467300415039 418.221418380737 483.18078994751 331.969940185547 375.19962310791 412.342819213867 387.80933380127 359.507949829102 418.409042358398 374.568428039551 620.741546630859 194.839447021484 542.779536962509 505.894355773926 658.443054199219 272.762260437012 269.059158325195 245.496137619019 423.584182739258 369.768074035645 -9999 -9999 -9999 -9999 -9999 -9999 -9999 -9999 -9999 -9999 -9999 -9999 -9999 -9999 -9999 -9999 -9999 -9999 -9999 -9999 -9999 -9999
-9999 -9999 -9999 -9999 -9999 -9999 -9999 278.317108154297 396.527347564697 587.060440063477 450.457792282104 350.553848266602 396.767688751221 461.95783996582 385.258522033691 284.484405517578 328.395034790039 445.670181274414 367.720458984375 359.292316436768 204.494201660156 461.733451843262 326.977298736572 421.584167480469 311.438545227051 348.479187011719 384.800704956055 386.30924987793 -9999 -9999 -9999 -9999 -9999 -9999 -9999 -9999 -9999 -9999 -9999 -9999 -9999 -9999 -9999 -9999 -9999 -9999 -9999 -9999 -9999 -9999
-9999 -9999 -9999 -9999 -9999 -9999 341.229789733887 304.418014526367 238.299362182617 348.938613891602 490.183218002319 466.670998573303 515.460048675537 549.532838582993 494.512197494507 459.637763977051 220.228515625 494.438850402832 425.387073516846 219.268218994141 147.297988891602 504.798828125 460.779735565186 209.334789276123 329.343795776367 412.195495605469 288.832809448242 -9999 -9999 -9999 -9999 -9999 -9999 -9999 -9999 -9999 -9999 -9999 -9999 -9999 -9999 -9999 -9999 -9999 -9999 -9999 -9999 -9999 -9999 -9999
-9999 -9999 -9999 -9999 428.533870697021 348.117118835449 321.395889282227 112.934967041016 99.2928314208984 273.866455078125 296.022750854492 555.078672409058 434.804016113281 529.227144241333 469.291617393494 428.00910949707 620.843866348267 359.074934005737 384.859733581543 467.853298187256 353.76692199707 674.052925109863 179.732259750366 13.0086135864258 31.923023223877 266.624261856079 -9999 -9999 -9999 -9999 -9999 -9999 -9999 -9999 -9999 -9999 -9999 -9999 -9999 -9999 -9999 -9999 -9999 -9999 -9999 -9999 -9999 -9999 -9999 -9999
328.443916320801 315.466720581055 179.242797851562 513.344173431396 376.690307617188 484.566825866699 449.09724098444 412.411571502686 161.162397384644 375.308311462402 544.278324604034 473.588302612305 501.692748069763 546.82914352417 569.420356750488 707.420246124268 857.002422332764 317.615829467773 273.687164306641 544.451965332031 494.687484741211 182.021980285645 39.1976661682129 92.0310440063477 165.446968078613 233.201583862305 -9999 -9999 -9999 -9999 -9999 -9999 -9999 -9999 -9999 -9999 -9999 -9999 -9999 -9999 -9999 -9999 -9999 -9999 -9999 -9999 -9999 -9999 -9999 -9999
