simdem/realisation1.asc
NCOLS 350 
NROWS 171 
XLLCORNER 152620 
YLLCORNER 418050 
CELLSIZE 100 
NODATA_value -9999 
[rows 132 to 153 of 171, columns 250 to 299 of 350]
965.892623901367 794.763278961182 935.320877075195 956.088272094727 853.317485809326 637.727863311768 647.683681488037 640.478275299072 671.040552675724 770.125156402588 598.473388671875 791.473873138428 726.246562957764 705.540859222412 802.362079620361 826.112190246582 794.882221221924 946.207977294922 1001.66290283203 730.748201370239 670.692089080811 677.403022766113 740.444755554199 664.175188064575 749.917495727539 682.82485127449 621.696632385254 840.561019897461 575.636081695557 698.509048461914 606.740367889404 787.452285766602 585.915962219238 631.381433486938 683.487030029297 666.48484992981 686.782901763916 769.153316497803 883.56819152832 899.58629989624 1026.07762908936 1234.89696502686 1004.15426254272 1097.01726913452 811.384536743164 867.828437805176 806.279937744141 690.60009765625 778.48624420166 921.119026184082
810.169536590576 912.329208374023 868.471305847168 817.042217075825 706.839727401733 681.912734985352 695.491844177246 699.963085174561 760.737274169922 751.477331161499 638.331409454346 707.273094177246 782.752330780029 717.472625732422 675.31827545166 790.936038970947 795.691619873047 958.724082946777 1057.91590118408 738.34737443924 625.925537109375 585.20964050293 672.359457015991 853.213745117188 681.217138290405 718.367300033569 492.32991027832 624.090560913086 726.565368652344 720.995143890381 616.232316970825 639.147691249847 564.882083892822 554.736961364746 750.903121948242 714.384521484375 628.646087646484 759.411933898926 767.689453125 669.975019574165 592.680267333984 887.045919418335 1178.98323059082 1033.71237945557 1004.93452072144 994.126655578613 1066.96997833252 772.27153968811 915.211463928223 901.781973838806
762.94034576416 906.786979675293 794.980953216553 704.114593505859 584.469593048096 607.235927581787 699.526462554932 707.205108642578 814.272068023682 763.953496932983 717.956817626953 763.499291419983 895.146057128906 700.160617828369 738.340730428696 828.924987792969 761.402985572815 717.317161560059 814.286682128906 686.138542175293 739.818106353283 737.207323789597 608.451019287109 707.830734729767 628.203811645508 562.925804138184 595.572540283203 568.103569030762 572.10457611084 653.664896011353 579.093086242676 640.417667388916 473.000869750977 560.940864562988 811.3740234375 652.465266227722 696.311807632446 728.205814361572 919.228912353516 615.372756958008 598.478096008301 725.529426574707 653.617197036743 713.532196044922 821.76139831543 916.244020462036 819.695388793945 796.869025230408 1106.77980041504 888.009736776352
742.712976455688 857.116157531738 758.68416595459 448.531723022461 670.06995010376 636.639915943146 735.007461547852 809.004066467285 867.592842102051 824.175321578979 746.792705535889 751.067726135254 739.787532806396 592.494644165039 699.2737159729 825.724136352539 824.07120513916 725.671938896179 676.028549194336 764.993202209473 748.261531829834 823.592956542969 599.332298278809 664.629405975342 662.838584423065 591.409015655518 674.39896774292 574.687484741211 605.433704376221 676.716316223145 721.347999572754 610.649898529053 710.704212188721 732.61060333252 687.499250411987 703.41459274292 490.810668945312 675.246465682983 812.314178466797 659.555904388428 678.348426818848 637.496757507324 691.20955657959 639.921974182129 665.285713195801 972.563667297363 746.705749511719 840.989582300186 980.036918640137 959.586755752563
806.560340881348 744.151189804077 733.027435302734 612.548555374146 698.367385864258 638.425354003906 725.822257995605 787.669845581055 782.274255752563 833.832500457764 809.637495040894 733.076795578003 709.092685699463 806.321475982666 713.819604873657 819.805526733398 874.147155761719 897.888778686523 771.880733624101 792.493772506714 808.475314617157 718.305959701538 701.96283197403 613.836318969727 597.641609191895 737.441177368164 568.08854675293 614.467649459839 659.789335250854 517.808525085449 704.681407928467 668.565250396729 788.976455688477 658.760677337646 664.534440994263 624.138639450073 620.481178283691 657.031742095947 685.255006313324 456.080902099609 622.118118286133 449.481887817383 574.654022216797 625.452045440674 589.101654052734 851.471702575684 809.398134231567 925.935188293457 837.008716106415 834.119468688965
753.488444328308 769.707481384277 711.437028408051 697.314237594604 765.337554931641 736.749671936035 690.581741333008 778.744218826294 843.44800567627 858.40209197998 809.709857940674 716.144527435303 740.883895874023 805.387138366699 748.245417118073 813.199005126953 812.661842346191 818.111369609833 606.24845123291 628.74280166626 727.708812713623 712.637216567993 746.766040802002 567.623336791992 498.675216674805 575.275573730469 670.808399200439 725.053215026855 685.553302764893 545.056762695312 475.536911010742 571.021591186523 709.346351623535 611.44832611084 597.01392364502 604.268981933594 430.427825927734 497.286483764648 678.074417114258 552.738357543945 499.754379272461 679.791481018066 663.891777038574 711.040563583374 621.097473144531 622.889743804932 883.497428894043 1032.41835021973 842.841933965683 793.930221557617
832.426364898682 788.476951599121 785.219825744629 797.90710067749 598.630905151367 754.893220901489 601.681762695312 823.682731628418 777.907775878906 820.999183654785 801.243556976318 834.498008728027 709.487163543701 850.12799924612 760.351645469666 784.384819030762 760.073947906494 729.049621105194 736.414827108383 760.884981155396 753.847347259521 768.946441650391 810.350219726562 741.126430511475 670.432915568352 728.949432373047 666.876404285431 654.337774276733 567.979110717773 610.352596282959 651.287353515625 627.736488342285 669.422591924667 624.499847412109 569.332336425781 556.752349853516 505.038818359375 614.620834350586 765.425590515137 806.142356872559 590.497093200684 626.984024047852 681.219190597534 692.904712677002 742.783397674561 748.4953956604 714.607042312622 891.1875 864.567470550537 911.56689453125
726.018129348755 783.246516227722 828.657974243164 837.028553009033 623.874603271484 650.237640380859 701.22371673584 583.539840698242 832.659397125244 833.451705932617 793.901252746582 900.631126403809 837.806667327881 743.926036834717 837.823188781738 845.750839233398 788.396556854248 963.489761352539 783.527114868164 716.218965530396 638.318466186523 840.038269042969 813.068229675293 767.323894500732 866.130920410156 921.872772216797 659.666760921478 701.764750480652 713.426783919334 717.197195053101 624.621772766113 783.754355430603 717.25284576416 655.334108352661 613.496696472168 541.579605102539 551.876892089844 609.354019165039 670.344993591309 793.746772766113 817.362297058105 682.796939849854 660.827898025513 565.4814453125 816.034851074219 883.049926757812 752.780387878418 861.23469543457 973.833633422852 803.522885322571
832.301834106445 794.904922008514 797.226671218872 760.563835144043 691.200592041016 590.603912353516 587.802444458008 653.245635986328 740.617073059082 791.114320755005 588.332809448242 785.391332149506 699.276596069336 852.060852050781 772.323112487793 911.429389953613 813.924270629883 860.965593338013 779.487680435181 750.647323608398 721.99444103241 758.670547485352 772.156663894653 747.981421351433 737.940284729004 789.88346862793 837.689022064209 754.223213195801 736.206512451172 853.941253662109 780.96028137207 646.147029876709 742.856861114502 742.522430419922 600.454597473145 628.496501922607 533.621459960938 592.30199432373 740.300731658936 660.697135925293 761.771461486816 688.418844223022 647.062191009521 761.130086898804 648.160118103027 762.10809135437 742.335578918457 743.520431518555 756.944484710693 896.063812255859
707.671677589417 722.435134887695 839.244319915771 745.903175354004 673.420959472656 761.529277801514 705.090751647949 875.175064086914 864.067596435547 897.121231079102 815.175472259521 867.70532989502 839.879493713379 976.832458496094 979.402862548828 924.778839111328 705.428741455078 741.226722717285 815.54238319397 684.862522125244 713.491723060608 706.384963989258 675.829193115234 803.614398956299 824.678932189941 793.011161327362 812.655275344849 837.037567138672 759.139057159424 761.767157554626 747.413578987122 728.878774642944 730.608219146729 662.241567611694 721.721984863281 684.303490817547 582.918930053711 599.404769897461 707.126857757568 745.417747497559 706.13311958313 612.757705688477 712.932408332825 716.585572242737 761.039018630981 730.72908115387 731.58539545536 596.131065368652 572.003631591797 657.252265930176
785.657173156738 865.175926208496 1210.30386734009 736.893768310547 771.523620605469 768.289916992188 768.570022583008 666.660615921021 811.90633392334 834.513509750366 839.955962181091 774.830530166626 773.248037338257 798.496728897095 798.162211418152 778.361812591553 690.364334106445 902.88256072998 1033.13723754883 672.483299255371 732.295314788818 788.034156799316 715.142559051514 724.429119110107 841.950370788574 796.055822372437 633.876800537109 711.997047424316 630.217315673828 702.321758270264 858.615982055664 660.841857910156 968.863067626953 717.298851966858 686.72981262207 622.884628295898 561.903900146484 633.867919921875 717.38533782959 797.923713684082 887.193206787109 799.735382080078 707.733503341675 733.105098724365 597.780868530273 814.639511108398 671.749395370483 641.691413879395 791.556793212891 779.764907836914
613.748519897461 613.493026733398 1042.48903656006 671.625068664551 631.644454956055 649.523155212402 795.071971297264 1067.72075653076 598.879913330078 918.109367370605 812.839332580566 830.940185546875 852.876876831055 673.6962890625 787.037170410156 708.046112060547 832.513569831848 868.369178771973 809.768478393555 745.081726074219 767.639465332031 580.279029846191 645.71378326416 785.166732788086 877.036979675293 788.313591003418 783.614513397217 761.505994796753 643.041549682617 769.355817317963 806.220407485962 815.161262512207 737.886043548584 734.63688659668 595.114517211914 599.656028747559 588.119293212891 738.132595062256 620.868461608887 652.074886322021 792.639465332031 748.914573669434 744.336441040039 630.635482788086 642.40406036377 610.332931518555 515.398147583008 740.948952674866 877.692474365234 776.656837463379
627.689926147461 600.385162353516 594.141586303711 606.226409912109 745.876560211182 519.936561584473 704.972580909729 903.141201972961 703.295320510864 794.705944299698 994.689733505249 870.249824523926 916.513809204102 738.290550231934 732.919342041016 870.381265640259 745.456993103027 884.55590057373 807.398788928986 883.178924560547 630.459075927734 634.036590576172 607.8349609375 728.458473205566 832.950862884521 708.638862609863 761.522041320801 953.225219726562 771.155255317688 823.890918254852 698.550331115723 753.300193786621 769.566631317139 650.287498474121 574.34504699707 591.707885742188 485.938903808594 606.865524291992 770.827854156494 760.702445983887 770.789825439453 762.835517883301 616.016586303711 596.322700500488 572.49348449707 670.452682495117 714.627508163452 898.743392944336 895.922836303711 809.11990737915
-9999 -9999 -9999 879.354574203491 840.300880432129 792.851020812988 695.901901245117 718.280338287354 630.891448974609 732.124485015869 930.305061340332 742.405042648315 855.400680541992 908.639398574829 656.800582885742 885.532579421997 901.940265655518 785.289199829102 928.213554382324 855.022968292236 680.639801025391 766.704452514648 812.690879821777 804.317909240723 703.766662597656 826.442802429199 812.239784240723 804.518890380859 771.981079101562 687.224990844727 620.270706176758 714.903244018555 782.116806983948 765.609548568726 686.54806137085 660.256500244141 765.497989654541 693.64820098877 845.996658325195 702.493255615234 902.584144592285 660.73021697998 584.522689819336 638.377059936523 726.899796962738 737.383845329285 808.007759094238 885.624313354492 838.23225402832 712.45467376709
-9999 -9999 -9999 -9999 -9999 -9999 752.389335632324 700.102096557617 800.435806274414 799.216238021851 753.226974487305 536.224685668945 671.033981323242 930.503931045532 895.235385894775 946.733581542969 829.722547531128 893.367328643799 802.943878173828 932.890785217285 974.685035705566 973.748031616211 873.766312599182 849.126342773438 809.575397491455 736.190355300903 851.733358383179 710.473819255829 853.072685241699 882.67163848877 744.622352600098 939.144145965576 660.442680358887 912.263000488281 852.92219543457 742.793955802917 766.240253448486 804.102432250977 862.554615020752 981.979049682617 793.623912811279 719.915630340576 634.607543945312 623.948638916016 730.406015396118 752.567604064941 837.720672607422 904.208511352539 911.388641357422 873.302467346191
-9999 -9999 -9999 -9999 -9999 -9999 -9999 -9999 -9999 846.692461013794 881.436447143555 783.675086021423 988.993606567383 980.516265869141 839.32640838623 872.198738098145 1041.8963470459 843.050178527832 941.926658630371 786.845153808594 886.899017333984 857.365907669067 873.400549411774 940.587661743164 944.906852722168 865.32638168335 816.322288513184 678.135583877563 847.395525932312 910.000427246094 750.531593322754 733.655921936035 696.869499206543 742.686626434326 689.416304588318 790.867683410645 846.091445922852 662.618225097656 635.220283508301 764.171764373779 555.387756347656 535.401092529297 761.203052520752 597.279937744141 752.005072593689 835.248962402344 814.386703491211 642.364501953125 644.617126464844 710.194019317627
-9999 -9999 -9999 -9999 -9999 -9999 -9999 -9999 -9999 -9999 -9999 930.013744354248 729.095905303955 926.577728271484 808.828704833984 761.001937866211 853.683017730713 1194.92041015625 734.175193786621 747.616554260254 1050.60381507874 1095.30882263184 1008.69766998291 1010.44414520264 767.342224121094 757.302840232849 737.832697868347 904.642219543457 677.164321899414 891.182350158691 778.355186462402 824.115931987762 697.871031761169 633.565689086914 740.748565673828 703.225137710571 671.127906799316 593.994552612305 685.490447044373 645.533428192139 739.077587604523 649.061882019043 659.95482635498 726.844388961792 852.68416595459 792.666275024414 812.508209228516 779.21284866333 777.415636062622 738.753926277161
-9999 -9999 -9999 -9999 -9999 -9999 -9999 -9999 -9999 -9999 -9999 -9999 882.730089187622 715.200614929199 599.647850036621 678.153383255005 683.36262512207 1157.18463134766 984.819259643555 1076.70478057861 1182.70588111877 1229.58229064941 1140.20965194702 1189.24745178223 925.471504211426 683.383918762207 746.316606521606 725.636322021484 657.918045043945 890.112642168999 793.812059402466 900.487251281738 845.79450827837 728.767549514771 809.408325195312 683.150129318237 810.379753112793 774.324375152588 716.150039672852 756.372180938721 846.416709899902 775.589651107788 705.730785369873 632.811508178711 643.293418884277 685.320182800293 742.645003318787 674.379104614258 755.948616266251 790.085981369019
-9999 -9999 -9999 -9999 -9999 -9999 -9999 -9999 -9999 -9999 -9999 -9999 785.156669616699 646.201950073242 706.659763336182 590.760467529297 585.025741577148 545.853332519531 791.281402587891 622.108322143555 748.533615112305 848.559698104858 958.354583740234 842.187223434448 890.632781982422 788.673877000809 1265.24066543579 813.617010116577 907.212417602539 1019.2972984314 783.90104675293 954.740954875946 768.892311096191 733.633460998535 735.689476013184 816.677604675293 717.405212402344 845.622901916504 633.590927124023 744.78605556488 834.706565856934 703.151298522949 695.331581115723 677.945625305176 652.545043945312 737.356380462646 875.373168945312 850.338447570801 781.61932849884 774.76609992981
-9999 -9999 -9999 -9999 -9999 -9999 -9999 -9999 -9999 -9999 -9999 -9999 -9999 878.582208633423 649.55200958252 565.005828857422 572.859146118164 580.618545532227 703.967697143555 759.527191162109 737.124755859375 792.352081298828 766.57257270813 853.053436279297 962.823318481445 884.43603515625 837.430450439453 914.861282348633 794.9697265625 813.199291229248 974.534255981445 692.521621704102 810.966695785522 861.562622070312 637.134208679199 822.461741447449 831.790733337402 854.22891998291 720.232643127441 739.140811920166 895.394943237305 726.163146972656 740.548393249512 735.261611938477 797.985656738281 670.025726318359 863.119194030762 926.904327392578 828.759490966797 798.576211929321
-9999 -9999 -9999 -9999 -9999 -9999 -9999 -9999 -9999 -9999 -9999 -9999 -9999 -9999 636.486328125 715.365577697754 769.423675537109 886.568126678467 865.464332580566 906.171453475952 880.334598064423 913.324106216431 903.544316291809 876.899570465088 853.304599761963 625.22681427002 860.465286254883 924.642799377441 808.691121578217 897.668075561523 818.152473449707 794.646682739258 821.619411468506 812.220264434814 747.882756710052 755.459899425507 872.118053436279 797.165271759033 624.365951538086 786.515941619873 792.190454483032 699.811294555664 673.12287902832 730.029220581055 829.34206867218 783.826400756836 835.573925018311 1019.76303100586 944.211181640625 786.583019435406
-9999 -9999 -9999 -9999 -9999 -9999 -9999 -9999 -9999 -9999 -9999 -9999 -9999 -9999 851.216070175171 771.637479364872 847.521675109863 794.099742889404 803.701086044312 683.539215087891 785.187080383301 894.762419700623 938.940956115723 799.553611755371 752.23509979248 798.212020874023 860.542801976204 840.336703538895 853.142773628235 914.884422302246 835.584247589111 1006.75862121582 1163.5304107666 884.610862731934 799.395168304443 733.619361877441 809.189853668213 692.203796386719 720.542930603027 734.760498046875 797.74609375 785.068855285645 799.780620574951 732.537216186523 784.145694732666 820.367515563965 886.834011077881 945.403411865234 818.516916275024 788.63404083252
