simdem/realisation19.asc
NCOLS 350 
NROWS 171 
XLLCORNER 152620 
YLLCORNER 418050 
CELLSIZE 100 
NODATA_value -9999 
[rows 132 to 153 of 171, columns 250 to 299 of 350]
863.445335388184 791.519905030727 816.439868927002 800.483724594116 869.659355163574 738.640357971191 619.818759918213 641.005966186523 440.164840698242 715.930572509766 687.620323181152 551.660720825195 735.341737747192 578.30810546875 693.701698303223 748.540001869202 588.794143676758 743.143682479858 844.118463873863 841.46257019043 752.602741241455 809.587265014648 772.597534179688 656.418916702271 815.526489257812 842.98747253418 745.474182128906 771.62328338623 542.484077453613 594.950042724609 580.62589263916 583.889575958252 611.1682472229 554.028450012207 620.652888774872 670.018224716187 569.184234619141 699.504724502563 724.510040283203 771.656890869141 872.54850769043 1140.36176872253 992.61693572998 1148.99634933472 1010.21298408508 920.759689331055 795.339569091797 686.931144714355 853.773662567139 880.776397705078
762.357450485229 674.058944702148 737.836540222168 731.75341796875 593.338508605957 498.197654724121 541.287296295166 558.463317871094 678.716644287109 664.068984985352 651.362636566162 663.078056335449 819.479919433594 751.423118591309 684.969375610352 660.058242797852 562.984115600586 873.243316650391 1017.7942237854 664.018348693848 816.820678710938 729.655323028564 806.975173950195 682.458643078804 700.80912065506 849.701278686523 727.660514831543 585.963691711426 678.867515563965 711.232856750488 545.21174621582 591.284233093262 653.645477294922 696.647636413574 689.31888961792 531.282455444336 640.973957777023 616.73766708374 767.566902160645 658.689665794373 742.615364074707 931.003532409668 1041.25792264938 1170.9818687439 1060.82738685608 1067.18262481689 1167.15023040771 868.865020751953 872.007131576538 869.426620483398
832.052684783936 638.314270019531 747.69958114624 638.46598815918 563.567413330078 525.178436279297 569.169403076172 656.717231750488 646.231994628906 801.383644104004 711.912002563477 741.377223968506 836.041976928711 747.008289217949 701.173557281494 709.055488586426 635.428131103516 878.962127685547 882.317249298096 651.071243286133 658.809944152832 836.645149230957 736.220798492432 731.411939620972 604.871490478516 595.209495544434 785.119644165039 580.609268188477 575.412261962891 600.194072723389 774.87971496582 680.632797241211 656.358502149582 699.923168182373 638.960224151611 828.241973876953 718.993404388428 756.534683227539 615.105987548828 663.696933746338 613.380378723145 686.829549789429 853.017837524414 944.512489318848 1054.7041015625 905.273167610168 880.619801521301 845.453254699707 793.317840576172 741.004043579102
851.047386169434 729.101705551147 746.170097351074 609.896430969238 609.570623904467 583.584228515625 726.758853912354 770.463171005249 688.816696166992 849.996925354004 840.96683883667 822.584064483643 651.607818603516 732.933138847351 867.215042114258 711.836738586426 770.130233764648 727.428475379944 791.370546340942 803.639628410339 812.880373001099 691.664211273193 804.671463012695 749.625686645508 703.39331817627 664.612602233887 623.540168762207 682.537563323975 712.220878601074 720.171531677246 699.774978637695 691.641891479492 789.17081451416 774.6396484375 858.582489013672 657.789828300476 504.684234619141 595.169631958008 562.622970581055 551.273666381836 779.887218475342 708.895030975342 714.000286102295 626.73112487793 704.862724304199 898.015153586864 861.26921749115 830.114428043365 942.946578979492 975.631206512451
739.117183685303 661.040435791016 699.193801403046 514.399612426758 580.590793609619 638.158920288086 806.813848495483 680.380630493164 757.595195770264 806.786764144897 761.736968994141 773.70916557312 578.796661376953 714.051303863525 689.233280181885 714.474811553955 885.996994018555 935.248573303223 842.254432678223 752.707368850708 891.593612670898 686.442314147949 679.221101760864 635.630683898926 568.564353942871 657.590524554253 601.927570343018 635.694451332092 728.37281036377 676.065853118896 701.208011627197 696.583320617676 756.356346130371 617.742237091064 713.212911605835 608.265048980713 596.185302734375 547.82795715332 577.461975097656 597.179061889648 810.727226257324 645.271305084229 619.705070495605 429.784271240234 624.301223754883 643.602172851562 828.161167144775 858.494228363037 714.523857116699 826.925933837891
852.082183837891 722.069445133209 647.24829864502 810.907333374023 842.304363250732 762.666955947876 785.112061500549 763.946251869202 726.863960266113 721.646310806274 766.403021812439 829.305549621582 751.16504240036 747.473848342896 591.132522583008 653.320190429688 809.805671691895 923.946075439453 639.527198791504 670.256620407104 684.591940879822 860.841735839844 729.48097038269 614.52352142334 545.49284362793 605.946647644043 635.909809112549 741.068313598633 697.999586105347 805.773025512695 664.271022796631 716.04834318161 574.490291595459 707.032037734985 487.523849487305 679.630193710327 568.933967590332 734.574367523193 722.259357452393 802.93726348877 662.326377868652 629.508026123047 724.758015751839 672.694458007812 784.026657104492 699.952945709229 912.84058380127 942.196380615234 786.427471160889 748.805503845215
830.068653106689 673.640504837036 870.079254150391 954.443328857422 898.712944030762 764.103666305542 697.925086975098 714.949035644531 766.409348487854 720.130771636963 615.407730102539 663.483184814453 776.07630443573 899.412528991699 800.111167907715 714.81131362915 743.487529754639 750.490222930908 692.769222259521 701.985950469971 719.085638999939 821.572830200195 874.712341308594 806.294311523438 727.141593933105 683.447690963745 628.684150695801 717.871906280518 572.941505432129 705.96484375 750.02465057373 562.005508422852 731.201610565186 680.210082054138 583.178909301758 678.775603294373 644.519263267517 654.698684692383 700.41641330719 762.885559082031 744.782089233398 705.985862731934 712.526405334473 726.588520050049 925.459991455078 758.813056945801 796.234077453613 868.418243408203 927.996589660645 687.232975006104
723.173692703247 762.340851783752 801.412841796875 858.453620910645 898.521812438965 774.190939903259 764.66223526001 789.437650680542 708.659080505371 918.528129577637 841.278964996338 836.347503662109 845.479042053223 834.952011108398 831.705619812012 621.968826293945 765.657127380371 914.899810791016 668.411087036133 754.553690910339 814.666023254395 790.415985107422 847.518669128418 796.696556091309 779.704872131348 844.713226318359 597.362236022949 747.053653717041 715.021882414818 714.617243766785 688.435543060303 737.838428497314 608.733520507812 688.4349193573 708.724005699158 715.480987548828 846.808944702148 661.589454650879 670.734149932861 684.999670028687 709.848086357117 790.145141601562 739.541706085205 759.308795928955 785.084529876709 719.344900846481 685.337296009064 749.432125091553 836.154747009277 829.49834728241
826.582515716553 656.163497924805 822.490715801716 859.386671066284 849.321937561035 770.695213317871 769.327270507812 695.423156738281 808.504514694214 961.457092285156 842.18558883667 751.07080078125 760.873006343842 581.521545410156 605.094329833984 698.728874206543 836.079128742218 875.865217208862 752.682423591614 760.475463867188 847.541152954102 750.007457733154 753.480911552906 764.016523361206 730.707221984863 852.232215881348 804.858708441257 902.910903930664 641.743358612061 725.392144083977 753.372161865234 693.625398159027 753.16485786438 694.326904296875 651.337823867798 643.207359313965 651.628025054932 620.601119995117 762.816268920898 786.014320373535 838.00700378418 696.93329334259 707.593040347099 858.901596069336 721.781307220459 671.401863098145 605.267456054688 609.113182067871 617.300872802734 679.677440643311
770.734996795654 717.50679397583 761.218631744385 821.437272071838 913.915092468262 753.321014404297 769.483299255371 854.211769104004 805.744872093201 764.039051055908 880.288833618164 770.061687469482 845.969638824463 759.41716003418 834.881690979004 909.128829956055 811.305647850037 774.078807830811 790.058796405792 685.051803588867 863.84553527832 740.157787322998 668.956764221191 724.62610244751 732.236870765686 889.778617858887 878.436088562012 913.033178329468 824.199272155762 824.481105804443 655.478172302246 737.381338119507 702.285145759583 759.980659484863 710.248241782188 725.968097686768 721.980751037598 722.055309295654 789.820331573486 783.332046508789 784.514495849609 813.080940246582 830.064765930176 756.862272262573 668.415496826172 662.38835144043 633.173347473145 712.125427246094 595.231719970703 748.014954566956
854.538303375244 846.135417938232 1165.85484933853 936.457366943359 919.280708312988 830.252927303314 800.817739486694 557.261154174805 703.381126403809 760.580654144287 747.138359069824 685.86695098877 915.377662658691 762.232078552246 823.235639572144 773.205715179443 602.966888427734 750.09984588623 846.224590301514 786.553573608398 815.101234436035 765.419342041016 658.288963317871 750.563158035278 734.934032440186 846.019317626953 830.053218841553 891.789169311523 884.920791625977 794.622997283936 849.920768737793 758.910362243652 621.31233215332 895.639923095703 695.088813781738 615.554969787598 694.086446762085 677.662246704102 699.207835197449 750.622848510742 844.109565734863 801.119117736816 843.292083740234 728.316341400146 612.074363708496 730.78634262085 688.447710037231 807.229942321777 707.8793592453 699.545865178108
740.494617462158 742.085941314697 1108.83374404907 671.880088806152 757.847249507904 649.526412963867 755.165683746338 722.968414306641 707.768814086914 710.860488891602 858.120983123779 755.641548156738 898.790634155273 839.35004901886 941.35489654541 580.195159912109 752.544654846191 890.171672821045 912.979621887207 761.779577255249 821.586433410645 841.175582885742 686.635848999023 815.71516418457 784.491239547729 780.523643493652 746.466449737549 759.603805541992 654.116691589355 743.547979354858 773.800107002258 659.676357269287 615.880554199219 621.794242858887 762.562606811523 689.575313568115 724.426204442978 701.470460891724 704.471870422363 869.539596557617 727.938051223755 721.398672103882 814.533393859863 527.245376586914 673.975086212158 648.569000244141 672.600208282471 771.810047149658 653.811698913574 628.892040252686
724.043659210205 610.21312713623 808.907329559326 736.036327362061 856.469345092773 739.587074279785 746.654388427734 873.486417770386 592.16185760498 833.889686584473 1022.12900161743 967.84700012207 813.126515030861 874.095905303955 782.111480712891 630.529739379883 819.949985027313 856.65790271759 804.853890776634 831.169850349426 824.93180847168 889.066360473633 805.40990447998 901.181007385254 697.267166137695 657.371810913086 699.911973953247 818.926368713379 922.027252197266 794.074508666992 752.568656921387 674.56714630127 611.82169342041 839.092239379883 739.712425231934 723.26874256134 654.664543151855 737.026531219482 700.21363067627 661.286598205566 651.354953765869 647.947395324707 884.439743041992 789.804328918457 593.671630859375 628.508636474609 794.604469299316 648.419013977051 584.593063354492 693.008502960205
-9999 -9999 -9999 928.886795043945 997.247497558594 1008.5029296875 860.611824035645 668.963371276855 448.038604736328 714.573148727417 911.927982330322 837.465270996094 823.779685974121 959.321849822998 836.197372436523 688.156265258789 719.190017700195 914.356689453125 1054.84985351562 992.971084594727 859.365194320679 908.619903564453 821.643514633179 918.719352722168 684.999176025391 714.531381607056 728.200382709503 859.258178710938 839.574890136719 810.34395980835 752.421630859375 710.463401794434 720.295196533203 834.045612335205 664.693161010742 669.187698364258 602.304641723633 878.721374511719 860.629749298096 778.484563827515 729.713596343994 783.574728012085 794.177223205566 818.070541381836 736.60151052475 745.133664131165 665.001758575439 683.068878173828 694.054656982422 810.993190765381
-9999 -9999 -9999 -9999 -9999 -9999 883.571228027344 816.252780914307 701.644630432129 638.268188476562 624.224582672119 761.772430419922 778.40949344635 964.293968200684 885.373678207397 832.710409164429 755.095626831055 845.293608665466 954.956298828125 995.410057067871 1041.51025390625 1048.08120727539 851.793756484985 922.110710144043 837.527665138245 799.259635925293 861.511470794678 846.56901550293 737.319774627686 732.719501495361 809.799356460571 877.617553710938 645.06559753418 753.626012802124 702.372184753418 696.714447021484 774.111652374268 748.860725402832 853.43444442749 935.629302978516 799.9098777771 889.052589416504 799.977363586426 790.543056488037 689.580194473267 612.33715057373 715.892793655396 828.79174041748 815.264686584473 790.050081253052
-9999 -9999 -9999 -9999 -9999 -9999 -9999 -9999 -9999 830.995849609375 902.538299560547 873.106254577637 881.208129882812 1010.55081176758 967.734893798828 875.38410949707 1221.6492767334 916.614931106567 1037.17545890808 986.862274169922 1000.09501647949 1063.99681091309 978.168792724609 1118.25228881836 937.343402862549 840.594394683838 814.780586242676 731.006816864014 797.563285827637 911.062328338623 887.802942276001 769.786182403564 598.406997680664 675.072994232178 583.473098754883 735.631427764893 652.850006103516 639.496994018555 873.63671875 749.545379638672 700.644757270813 633.78377532959 582.369895935059 797.669525146484 725.13031578064 628.149772644043 713.870916366577 765.976867675781 730.757298469543 755.668736457825
-9999 -9999 -9999 -9999 -9999 -9999 -9999 -9999 -9999 -9999 -9999 907.735729217529 737.283039093018 821.102500915527 653.711114883423 826.883087158203 825.05482673645 1272.24235916138 879.532482147217 912.041458129883 997.670146942139 1013.09650421143 1005.15589141846 987.686149597168 965.165084838867 797.58268737793 721.891080856323 719.465553283691 870.791843414307 978.450401306152 789.524169921875 771.781684875488 743.667953491211 716.629417419434 791.844417572021 696.02560043335 572.654327392578 632.799072265625 751.663738250732 715.238626480103 551.273864746094 689.527503967285 724.825097084045 673.526077270508 682.946891784668 894.075393676758 799.328792572021 748.980435371399 743.800957679749 671.181224822998
-9999 -9999 -9999 -9999 -9999 -9999 -9999 -9999 -9999 -9999 -9999 -9999 929.252559661865 851.863876342773 725.297698974609 802.541427612305 742.458141326904 1387.62980651855 1283.99012756348 1254.11145782471 1159.82024240494 1077.17904663086 1019.80205535889 1242.23179626465 784.104866027832 632.790954589844 594.173217773438 727.206062316895 826.855261564255 1100.37223815918 722.958618164062 650.186935424805 846.71658885479 776.122663497925 630.764854431152 746.470802307129 632.435417175293 720.971124649048 718.581348419189 695.488960266113 662.138610839844 737.650188446045 680.309631347656 717.396057128906 651.871803283691 827.418518066406 794.969402313232 766.890073776245 898.506622314453 766.236701369286
-9999 -9999 -9999 -9999 -9999 -9999 -9999 -9999 -9999 -9999 -9999 -9999 782.971076965332 668.048522949219 781.155075073242 653.271713256836 776.262672424316 853.042346954346 898.403533935547 754.093124389648 772.383415222168 853.705218315125 836.224029541016 759.384773254395 757.246978759766 801.306037902832 1082.45805358887 722.600975036621 918.739919662476 1021.48712158203 815.856281280518 815.415390014648 861.175674438477 800.99817276001 740.063594818115 889.723232269287 753.728862762451 831.590454101562 753.515754699707 792.973152160645 747.707340240479 749.481819152832 830.008741378784 702.591384887695 740.033065795898 911.922485351562 735.124807357788 755.509288787842 829.99439239502 765.515326976776
-9999 -9999 -9999 -9999 -9999 -9999 -9999 -9999 -9999 -9999 -9999 -9999 -9999 836.554828643799 728.671821594238 749.410558700562 703.897148132324 708.361118793488 744.567337036133 812.64054107666 776.394905090332 765.098579406738 597.857147216797 806.74437713623 631.90202331543 526.18815612793 597.913848876953 741.006462097168 688.309326171875 952.680999755859 1113.33714199066 745.131607055664 889.704944610596 891.411582946777 740.679661989212 855.065805435181 950.276847839355 801.37745475769 830.125796318054 769.246774673462 782.764028072357 829.902877807617 773.417173534632 786.833830356598 686.591552734375 743.526913166046 778.729793548584 877.619918823242 893.873046875 858.359069824219
-9999 -9999 -9999 -9999 -9999 -9999 -9999 -9999 -9999 -9999 -9999 -9999 -9999 -9999 871.718711853027 838.466598510742 819.338805675507 781.59659576416 940.69637298584 847.929077148438 822.658622741699 814.816307067871 796.045150756836 716.819953918457 670.701858520508 436.881896972656 586.606475830078 813.946598052979 742.917633056641 992.301498413086 925.837356567383 822.266578674316 829.638496398926 789.62073135376 838.585884094238 809.046154022217 976.64920425415 822.968070983887 835.758605957031 914.021697998047 839.881378173828 773.15311050415 791.012256622314 746.525482177734 820.139085769653 914.943969726562 810.526705741882 870.509750366211 985.842086791992 713.61116027832
-9999 -9999 -9999 -9999 -9999 -9999 -9999 -9999 -9999 -9999 -9999 -9999 -9999 -9999 882.449303627014 754.172311782837 815.004989624023 851.427278518677 937.444229125977 854.315929412842 1016.81202697754 909.761871337891 787.25919342041 753.448867797852 798.592464447021 782.72798538208 751.475631713867 859.156930923462 935.026374816895 865.356407165527 776.206705093384 736.321537017822 1093.41897964478 860.37232208252 741.925367355347 773.677261352539 811.348487854004 823.199523925781 734.589729309082 899.444869995117 742.398315429688 702.000427246094 795.475936889648 680.818176269531 758.202621459961 1004.17523956299 846.893719255924 879.444393157959 849.350742340088 732.608581542969
