simdem/realisation11.asc
NCOLS 350 
NROWS 171 
XLLCORNER 152620 
YLLCORNER 418050 
CELLSIZE 100 
NODATA_value -9999 
[rows 22 to 43 of 171, columns 200 to 249 of 350]
728.632972717285 650.856662750244 687.158956766129 619.788650512695 526.191619873047 540.226943969727 687.562761306763 688.61941576004 764.812294006348 646.150501251221 714.5315284729 826.461929321289 696.703601837158 607.941795349121 651.724702835083 653.933238983154 721.664520263672 746.533622741699 784.322563171387 666.191461205482 675.598289489746 732.917613983154 687.736521720886 630.70361328125 734.915546417236 770.759757995605 726.957552909851 703.154596328735 766.628475189209 756.358835220337 767.052856445312 746.919788360596 691.27466583252 807.978626251221 1010.32373046875 834.773002624512 883.942543029785 782.744618415833 911.02033996582 865.9375 735.452896118164 795.963466644287 795.499755859375 877.083618164062 948.390563964844 1337.15421295166 808.063293457031 808.679889917374 783.83650970459 775.891479492188
678.37208366394 634.919456481934 661.421123504639 602.247367858887 795.025680541992 623.233551025391 686.668273925781 720.988220214844 685.69313621521 688.84711265564 681.486524581909 816.864868164062 861.146591186523 761.247535705566 557.920120239258 716.8592004776 700.01188659668 629.181869506836 651.592738032341 603.231986999512 704.535188674927 637.240770339966 726.935394287109 645.556686401367 882.568176269531 832.415725708008 833.155452728271 640.659271240234 731.377820968628 728.624440491199 714.433700561523 641.712898254395 708.331455230713 658.844200134277 685.741920471191 730.013725280762 669.384498596191 771.337645053864 892.787490844727 709.186042785645 787.653837203979 877.984298706055 838.580848693848 732.64241027832 977.808700561523 866.817796707153 876.158708572388 886.942932128906 632.563812255859 1282.82983398438
576.544898986816 760.521110534668 824.343063354492 781.871101379395 622.934474945068 762.360382080078 684.84175491333 720.575519561768 588.757621765137 626.767707824707 768.3056640625 730.808082580566 754.535842895508 706.329057216644 586.048686981201 527.507965087891 674.818109512329 753.599456787109 665.912225723267 564.060234069824 561.193489074707 734.014247894287 658.043838977814 671.098441958427 655.828168869019 718.319849014282 683.752349853516 983.89046049118 808.272514343262 692.531796455383 710.269785881042 621.23844909668 619.317291259766 725.684335708618 606.531280517578 580.220062255859 637.293510437012 859.591323852539 840.641220092773 726.669254302979 745.311550140381 822.318700790405 866.151138305664 714.521926879883 885.875770568848 869.773246765137 933.199867248535 945.403335571289 867.320074081421 730.564929962158
647.717332839966 778.78791809082 838.55793762207 707.374824523926 662.09428024292 636.707925796509 644.353707373142 603.559555053711 643.264989852905 755.242294311523 770.734886169434 675.523342132568 662.525104999542 591.128122329712 624.523361206055 498.128215789795 842.785308837891 743.315361022949 692.072380065918 594.963203430176 605.093284606934 693.012214660645 766.521575927734 603.24925994873 777.548263549805 753.813678741455 732.652450561523 843.443603515625 751.668281555176 793.64037322998 709.936391830444 729.749063491821 615.621864318848 649.322387695312 636.320541381836 640.782943725586 760.859056472778 756.02400970459 914.864562988281 739.727474212646 738.507837295532 841.029445648193 692.967796325684 706.896362304688 860.017772674561 1123.81872558594 968.513298034668 906.931037902832 761.91951751709 755.737365722656
695.887317657471 704.311958312988 772.122467041016 644.727724075317 654.632488250732 679.775657653809 532.333740234375 555.782791137695 647.753942489624 634.60018157959 579.686507225037 709.244583129883 707.372756958008 633.116266727448 528.349136352539 524.119804382324 810.597702026367 592.80354309082 431.413368225098 564.0486442931 693.465008735657 578.943389892578 671.861197471619 736.577056884766 613.265586853027 736.156936645508 656.915657043457 629.116027832031 730.414094924927 564.524841308594 587.301261901855 621.459930419922 718.442034959793 683.217334747314 580.396926879883 701.033960342407 806.644111633301 790.501121520996 801.456871032715 591.683883666992 674.427139282227 694.156425476074 637.266784667969 572.041015625 932.684394836426 1089.20098876953 904.224731445312 936.840103149414 901.653343200684 778.828094482422
599.075222969055 782.866256713867 715.721908569336 658.9619140625 572.828428268433 716.845138549805 602.159811973572 580.58430480957 636.94659614563 681.050109863281 560.80525970459 732.43132019043 713.921047210693 548.040878295898 501.300563812256 445.50414276123 599.617565155029 689.553726196289 392.527206420898 558.622064590454 667.781059265137 572.087066650391 630.755268096924 754.227813720703 877.671188354492 734.532234191895 775.598037719727 591.470252990723 671.354236602783 475.170318603516 597.299690246582 606.472816467285 757.218776702881 652.579368591309 682.900810241699 719.550247192383 708.095947265625 830.076972961426 791.477191925049 711.031982421875 696.043334960938 724.64266204834 795.42509663105 765.303050994873 845.548399925232 889.278263092041 905.354957580566 841.245356142521 697.220695495605 820.370611190796
659.916542053223 693.128425598145 704.036552429199 623.592716217041 619.548015594482 594.118266582489 593.07564163208 627.59309387207 670.901527404785 630.573383331299 585.40758228302 513.829681396484 582.628662109375 485.493324279785 545.532814025879 474.159893035889 588.480457305908 565.749043464661 510.404026031494 483.386672973633 640.724363327026 597.289154052734 772.346336364746 761.977584838867 673.622201919556 641.277229309082 804.150726318359 640.430644989014 659.4404296875 609.223426818848 634.607234954834 743.644027709961 687.919999361038 721.406628608704 597.411460876465 560.531387329102 722.490211963654 724.37273979187 674.185539245605 680.76692199707 784.504127502441 766.589916229248 745.805240631104 809.902759552002 807.206796646118 783.849058151245 915.258819580078 796.828826904297 636.622482299805 758.849906921387
549.175630569458 474.793167114258 528.806735992432 674.792022705078 462.801971435547 594.840459823608 609.214580535889 699.6240234375 693.404769897461 590.804101467133 576.03150177002 584.874893188477 514.619155883789 441.784309387207 429.141159057617 546.454730987549 634.397644042969 576.124378204346 495.569961547852 472.112747192383 693.371387481689 703.188854217529 728.660804748535 800.444580078125 669.232512950897 635.742778778076 852.78498840332 690.542657852173 671.906228065491 738.046020507812 694.91007900238 610.12181854248 643.334030151367 606.103706359863 609.583839416504 828.616287231445 724.831544280052 796.637596130371 635.028251647949 688.785564422607 807.089893341064 862.60977935791 818.4309425354 696.250267028809 709.229072570801 826.61915397644 850.182319641113 780.689746856689 693.933067321777 727.413017272949
586.242015838623 366.716674804688 646.338649749756 601.644326210022 699.117988586426 789.902191162109 658.221527099609 673.666664123535 647.132007598877 702.507637023926 637.527793884277 623.400787353516 694.34956741333 442.845634460449 540.78865814209 574.090156555176 559.47826385498 645.385246276855 631.787803649902 540.352819442749 751.547332763672 742.24600982666 686.167697906494 739.270500183105 753.155487060547 764.611625671387 805.99690246582 659.298966407776 723.936302185059 717.130680084229 805.759384155273 642.888805389404 600.547103881836 584.769462585449 615.679023742676 734.51859664917 866.657012939453 849.025901794434 741.105821609497 777.619495391846 888.845260620117 807.899139404297 738.234939575195 707.361724853516 675.736930847168 744.625900268555 768.737951278687 809.478160858154 812.239292144775 735.713474273682
614.114947795868 502.488296508789 502.509166717529 648.920829772949 686.339340209961 763.039154052734 607.12174987793 585.118905067444 609.288148880005 564.348489761353 683.864921569824 616.84981918335 608.403307020664 524.435234069824 494.164837479591 644.671005249023 749.180480957031 675.043518066406 449.006164550781 488.823791503906 521.849792480469 514.751991271973 648.479416847229 769.464210510254 636.336003303528 725.591773986816 843.385711669922 675.377443313599 683.479724884033 716.950969696045 697.474822998047 718.08670425415 645.254847288132 584.278274536133 640.363975524902 702.004702866077 785.843406677246 758.618854522705 757.579624176025 716.964723587036 742.401725769043 731.215979576111 666.721755981445 692.451034545898 700.066959381104 700.088325500488 796.761644363403 826.437480926514 787.461497306824 848.177536010742
704.263359069824 516.395111083984 493.760513305664 571.207818984985 661.055030822754 728.567901611328 595.602994918823 501.143112182617 485.845504760742 414.671005249023 610.812153816223 726.338966369629 719.93310546875 846.622985839844 758.061614990234 651.224945068359 685.866317749023 630.309978485107 644.191604614258 587.860908508301 554.780982971191 581.608848571777 623.434190750122 612.594097137451 580.831108093262 582.199569702148 687.298332214355 619.883522033691 628.118377685547 643.516563415527 628.759647369385 547.834365844727 651.727271080017 787.789199829102 724.787853240967 713.219539642334 683.974249839783 733.363633155823 656.574363708496 711.497192382812 622.707397460938 601.020782470703 774.551780700684 996.850631713867 760.441399097443 818.993520736694 816.329872131348 756.850475311279 740.603755950928 721.799335479736
635.348190307617 588.64826965332 535.852844238281 561.090791940689 476.123168945312 494.11238861084 551.512048721313 556.643245697021 468.026649475098 429.892471313477 640.305446624756 612.150339126587 761.848205566406 883.525848388672 565.798976898193 519.779151916504 475.668388366699 551.429504394531 767.438827514648 603.876659393311 572.60232925415 586.972980499268 657.021085739136 611.349586486816 728.285339355469 622.680877685547 739.622741699219 769.228126525879 711.548805236816 644.255054712296 724.855186462402 594.702171325684 660.828952789307 689.324868798256 699.922027587891 743.462474822998 553.412872314453 718.562802910805 588.973587036133 768.528684616089 669.8251953125 703.550243377686 774.951108932495 753.311794281006 753.553572654724 908.454460144043 942.402908325195 773.872930526733 707.728782653809 904.160377502441
561.290417194366 504.011894226074 622.730407714844 644.07833480835 574.567725658417 545.746585845947 604.023777008057 673.600353240967 603.342670440674 567.164264678955 584.086498260498 571.515874266624 694.234397888184 818.971000671387 691.968254089355 499.112901687622 543.58944606781 576.136474609375 663.557476043701 674.644779205322 578.440822601318 665.997081756592 595.268295288086 662.488174438477 654.757209777832 680.121564865112 693.058673858643 646.017560958862 640.939386367798 711.079845428467 741.602523803711 844.226043701172 807.655822753906 689.941825866699 731.673023223877 761.062866210938 777.220474243164 793.727745056152 700.624805450439 782.708202362061 779.133808135986 695.449096679688 736.722451686859 675.820419311523 666.545333862305 858.869476318359 846.947357177734 730.144481658936 781.096910476685 814.064636230469
538.74838924408 504.55924987793 543.171216964722 564.371002197266 491.081878662109 388.769119262695 437.533187866211 528.279954910278 593.337362766266 626.108295440674 635.908809661865 547.922149658203 641.224761962891 637.022529602051 517.698387145996 516.959142684937 431.884857177734 610.050565719604 664.256858825684 544.431396484375 655.793581008911 535.249526977539 503.607116699219 566.520919799805 637.40469455719 624.307915210724 696.80651473999 762.996490478516 783.469429016113 765.366996765137 680.457109451294 723.617259979248 785.150123596191 728.376457214355 715.650733947754 674.203227519989 826.330978393555 719.801942825317 636.12825012207 684.655250549316 668.704681396484 681.489498138428 713.619737625122 665.520881652832 585.908813476562 758.205950737 853.880912780762 655.650344848633 663.868408203125 700.785415649414
615.825256347656 605.796394348145 729.280487060547 607.011865615845 476.974510192871 455.695594787598 488.623252868652 545.192483901978 568.052661895752 553.929349899292 622.259641647339 1148.25553131104 613.529258728027 666.156320571899 781.84423828125 597.23161315918 553.961212158203 472.768173217773 590.723229408264 527.138832092285 546.261253356934 594.509229660034 592.291137695312 641.286403656006 701.347732543945 725.758377075195 551.919136047363 651.625663280487 738.625076293945 729.460479736328 591.041275024414 651.630155563354 612.561046600342 705.478717803955 757.346405029297 595.145240783691 647.456352233887 646.603462219238 646.861122131348 825.880424499512 610.878150939941 674.738929748535 787.934276580811 685.24825668335 770.859691619873 739.382884979248 722.824111938477 589.068771362305 779.870288848877 660.636367797852
774.268432617188 561.561779022217 561.411144256592 645.279739379883 638.050933837891 497.768920898438 547.395637512207 580.984685897827 543.031620025635 587.232221126556 613.207410812378 890.596252441406 574.208190917969 675.458999633789 586.973026275635 601.827388912439 717.953544616699 616.78385925293 690.538496494293 485.974075317383 677.821487426758 628.164881706238 789.396636962891 663.107997894287 583.672710418701 545.352439880371 619.485363960266 660.932464599609 892.185470581055 821.473083496094 585.261390686035 626.87606048584 671.81652879715 628.425834655762 551.897521972656 697.111633300781 769.811752319336 460.608642578125 627.819747924805 662.336074829102 576.839569091797 590.841217041016 674.011516571045 671.511753082275 969.245727539062 763.430978775024 773.103271484375 725.793012619019 643.521118164062 741.622653007507
662.109920501709 762.278076171875 598.824024200439 603.588687896729 571.042454242706 492.656204223633 584.528136253357 557.341732025146 452.312881469727 550.650959014893 517.866226196289 587.077697753906 497.208251953125 644.414371490479 578.741075515747 580.434764862061 711.877243041992 669.835426330566 638.67576789856 664.742519378662 551.711395263672 612.568058013916 830.132110595703 699.211433410645 629.194765090942 636.115377426147 724.435302734375 670.045822143555 657.73104763031 693.584316253662 643.014656066895 614.808818817139 711.622089385986 638.167482376099 836.383987426758 799.842803955078 763.71329498291 813.838409423828 616.324020385742 638.435844421387 452.282104492188 466.187789916992 665.124961853027 638.870964050293 765.473560333252 721.31228441 765.916589736938 768.296131134033 865.114044189453 855.313461303711
677.961128234863 585.056051254272 474.158966064453 443.58667755127 587.516808748245 623.132816314697 397.893035888672 647.053413391113 789.576202392578 559.240711212158 504.608283996582 641.369239807129 600.884641647339 598.350273132324 546.456726074219 540.05241394043 567.972484588623 608.673766136169 560.941047668457 704.684341430664 520.280853271484 557.530311584473 632.265507698059 593.121015548706 595.869422912598 798.769569396973 585.358070373535 666.259906768799 595.967700958252 653.807859897614 574.443428039551 718.901973724365 693.48609161377 576.203147888184 733.58967590332 728.109466552734 697.724040985107 720.969034194946 598.158584594727 719.175568580627 681.784521102905 618.705451965332 542.13655090332 594.18563079834 740.122873306274 755.206422805786 702.915580749512 832.65323638916 742.945957183838 891.66862487793
473.546882629395 540.121137619019 493.25163269043 562.81227684021 591.123916625977 630.511940002441 580.426139831543 577.433280944824 577.104614257812 608.24861907959 643.476699829102 605.159331321716 528.835243225098 539.565582275391 529.64640045166 463.993804931641 561.792446136475 603.867357492447 623.418503761292 611.038125991821 593.501869618893 579.163681030273 676.939395904541 598.248783111572 571.447006225586 614.646181106567 483.459884643555 808.949951171875 667.693071365356 570.84204864502 607.655208587646 653.509749889374 597.414173126221 700.404163360596 627.005718231201 663.022094726562 776.889320373535 599.571411132812 713.237048625946 644.856594085693 700.178736209869 710.900008440018 721.021109580994 839.567276000977 741.068462371826 671.82495880127 722.63334274292 772.260101318359 656.314895629883 694.598592758179
611.34566116333 467.416061401367 619.694744110107 882.587310791016 635.37247467041 712.58366394043 693.976493835449 670.69359588623 590.902524352074 503.523170471191 552.446033477783 608.059019088745 585.13440656662 483.526885986328 526.73558807373 616.301244735718 533.734092712402 470.297538757324 575.184631347656 621.070470809937 657.509586334229 477.044342041016 639.91194152832 577.06921005249 616.93824069947 647.584999084473 627.541752815247 585.835514068604 702.918518066406 718.234703063965 594.883712768555 610.017860412598 697.674156188965 636.341455459595 657.83171081543 515.812469482422 527.110946655273 579.178466796875 580.346572875977 686.038089752197 641.379890441895 675.097412109375 700.579872131348 678.184310913086 708.624953389168 685.80624961853 827.203598022461 947.412734985352 765.011375427246 699.133602142334
540.018600463867 479.70304107666 550.541438102722 569.536137580872 862.918823242188 753.453521728516 573.544478595257 524.418991088867 593.38236618042 662.515113830566 527.232070922852 499.893863677979 689.693733215332 667.816150665283 619.690895080566 628.50580906868 621.044605255127 670.481575012207 702.760078430176 737.253494262695 554.616916656494 512.66552734375 644.720087051392 605.447665691376 517.289024353027 524.563339233398 713.071403503418 596.569171905518 634.353259086609 712.458618164062 614.88362121582 717.354385375977 652.368661880493 702.86515045166 600.995281219482 728.749454498291 568.18913269043 637.383014678955 654.495029449463 638.092098236084 572.019096374512 651.549907684326 622.092781066895 732.414344787598 711.858926773071 671.071762084961 701.279973983765 788.118591308594 810.360427856445 649.148677825928
478.938293457031 582.356349945068 665.556564331055 539.927838563919 588.790418624878 510.42130279541 635.285305023193 577.312749862671 649.648918151855 602.279218673706 606.171138763428 494.11206817627 677.03426361084 590.464192390442 544.506492614746 638.403625488281 529.22395324707 639.936050415039 636.184986114502 767.364822387695 646.439968109131 633.351736068726 648.062370300293 604.163866043091 618.12842464447 638.193349838257 611.670333862305 438.16520690918 560.018447875977 647.719068527222 599.152206420898 630.451280593872 697.250877380371 570.312126159668 668.737266540527 881.876953125 740.340179443359 771.514060974121 709.443199157715 699.402714729309 664.224885463715 656.363664627075 702.80516242981 686.543225288391 703.319019317627 851.201721191406 782.357437133789 803.549293518066 764.020401000977 675.848733901978
