simdem/realisation4.asc
NCOLS 350 
NROWS 171 
XLLCORNER 152620 
YLLCORNER 418050 
CELLSIZE 100 
NODATA_value -9999 
[rows 44 to 65 of 171, columns 50 to 99 of 350]
728.909664154053 784.443692207336 767.369979858398 650.706130981445 226.645462036133 334.253135681152 486.341567993164 544.392046928406 576.857155442238 476.326637268066 869.598640441895 533.111360549927 544.410209655762 540.434406280518 408.616134643555 517.195587158203 399.348541259766 440.351860046387 453.088479995728 232.03564453125 388.257104873657 376.876720428467 439.689346313477 301.716979980469 334.088798522949 463.852390289307 400.353587031364 359.620079040527 199.772994995117 136.876708984375 175.591995239258 387.576889038086 480.637214660645 349.002891540527 286.964096069336 460.088829040527 306.856002807617 352.10018157959 324.311561584473 328.623741149902 306.292846679688 378.534896850586 216.366439819336 344.011352539062 408.200595855713 469.424270629883 394.159019470215 360.120918273926 305.141098022461 356.97038269043
668.856414794922 685.954399108887 689.603214263916 699.218765258789 348.418594360352 370.533416748047 367.788070678711 602.902702331543 452.423446655273 573.884613037109 461.288806915283 493.678247451782 541.910842895508 420.617218017578 403.933288574219 458.13917016983 606.620269775391 455.814067840576 403.680532932281 288.884689331055 271.971145629883 332.134826660156 257.341247558594 398.914531707764 488.119606018066 318.390045166016 429.165164098144 428.083050534129 395.474479675293 355.794944763184 227.625701904297 262.670303344727 403.746265411377 394.458862304688 362.90234375 524.574127197266 445.553114891052 332.480339050293 143.649475097656 302.764862060547 286.437683105469 497.570999145508 400.262647628784 442.344261169434 413.122957229614 437.565143585205 420.231383323669 362.015769958496 399.140523910522 476.276248931885
580.841773986816 554.398634910583 569.793840408325 550.706665039062 322.415855407715 364.783355712891 403.457336425781 402.471973419189 642.612743377686 638.392944335938 498.394030570984 500.769500732422 526.035060882568 503.419673919678 479.861886024475 504.786731719971 469.640026092529 363.539360046387 542.601661682129 375.4499168396 412.928918838501 377.397312164307 292.168815612793 337.127555847168 340.240463256836 355.901355743408 512.672584533691 360.505571365356 492.841163635254 348.501594543457 227.982803344727 323.141166687012 419.065458297729 435.468290328979 439.908210754395 355.262115478516 351.91365814209 439.706761837006 171.262359619141 385.529144287109 345.277603149414 554.764724731445 466.317813873291 428.58186340332 404.918340682983 483.421810150146 325.447303771973 426.660169363022 527.415786743164 597.308975219727
619.286245346069 536.583904266357 479.101316452026 625.288833618164 458.713417053223 493.105319619179 881.846099853516 650.002002716064 531.948483228683 589.326164245605 462.147842407227 438.645751953125 466.109645843506 496.562114715576 561.67400932312 456.847133874893 510.065872192383 517.365707397461 383.214195251465 390.303198814392 477.855484008789 420.460336685181 226.720825195312 312.465866088867 372.405843734741 334.805068969727 480.281814575195 563.931915283203 501.82946395874 454.448209762573 314.015190124512 402.551834106445 465.818260192871 564.569976806641 361.67667388916 258.041076660156 241.066711425781 373.921844482422 329.801284790039 381.765815734863 453.979603290558 391.624370574951 384.366287231445 540.902168273926 285.473815917969 256.645690917969 384.094161987305 379.512763977051 576.279083251953 527.729682922363
501.871937274933 520.753492355347 547.648750305176 618.626770019531 514.279319763184 728.594665527344 405.77815246582 421.229843139648 510.782042264938 475.715793609619 408.297996520996 495.014604568481 404.340370178223 515.955208063126 441.845973968506 480.996304512024 381.63489151001 508.803695678711 444.821752071381 452.54301071167 371.681968688965 285.388061523438 305.594223022461 414.547271460295 276.803695678711 312.591796875 569.216262817383 575.84521484375 477.443534851074 485.20100402832 550.614479064941 528.278160095215 498.61637878418 433.175137996674 472.886711120605 218.426879882812 164.179565429688 417.366497039795 250.466354370117 382.119518280029 536.641258239746 574.401908874512 360.587120056152 385.42102432251 387.096614837646 440.969390869141 530.663352966309 372.613372802734 437.279739379883 564.81396484375
487.800094604492 463.784843444824 555.796333312988 556.836143493652 595.202665328979 544.072193145752 578.108848571777 488.042715072632 522.997585296631 463.75226020813 403.348701477051 419.20108795166 464.336423873901 261.666564941406 383.213684082031 487.041843414307 447.838527679443 480.47208404541 384.419967651367 434.026256561279 444.161260604858 202.451263427734 289.50569152832 367.974355697632 359.074295043945 427.350420236588 638.033920288086 534.967041015625 428.52684044838 447.682649612427 527.033622741699 421.305323600769 396.53084564209 296.578125 425.276124954224 335.775215148926 233.740417480469 471.011470794678 445.296865940094 436.056218147278 344.04020690918 461.344074249268 326.451278686523 434.485736846924 439.013115644455 418.78734588623 508.637908935547 404.527656555176 527.535804748535 590.997360229492
285.503173828125 395.214431762695 486.982113361359 930.176712036133 654.348388671875 623.963821411133 567.552890777588 608.290451049805 460.819671630859 537.133003234863 251.262405395508 325.954055786133 259.113891601562 411.243591308594 416.451171875 387.390007019043 479.171508789062 548.714263916016 545.244216918945 522.19580078125 375.053245544434 466.936836242676 469.910171508789 441.63166809082 445.132972717285 493.866806030273 403.323114871979 448.271141052246 388.829956054688 410.707359313965 381.658813476562 425.122714996338 303.147727966309 429.091484665871 346.880523681641 456.920524597168 279.332710266113 435.467967987061 507.665718078613 538.968650817871 326.274269104004 462.814159393311 344.997001647949 428.753440856934 508.650422096252 490.231792449951 492.172088623047 479.915195465088 553.66983795166 467.492933273315
478.050537109375 539.445959091187 491.850869178772 465.057899475098 517.551448822021 569.342960357666 449.766437530518 412.897685050964 417.915920257568 384.884906768799 513.059928894043 410.337327957153 385.404243469238 448.027124464512 307.458084106445 485.44701385498 490.114959716797 503.714775085449 439.387294769287 421.776418685913 375.385780334473 491.317024230957 627.999954223633 444.297891616821 428.576358556747 504.132369995117 459.98547744751 379.750825881958 461.513217926025 446.802921295166 371.398044586182 442.912136077881 393.287805557251 488.895416259766 382.073333740234 369.783435821533 377.225967407227 501.801651000977 668.766418457031 471.402862548828 445.721595287323 507.718296051025 460.463878631592 412.458353042603 411.932160496712 526.68692779541 417.913068771362 506.17017364502 438.034507751465 383.58024597168
541.900085449219 431.135685920715 1011.13099575043 605.049877166748 442.363090515137 321.053009033203 322.869918823242 425.974754333496 404.0964012146 490.400791168213 455.158420562744 295.449203491211 437.075244903564 509.089454650879 587.291870117188 436.854564905167 493.163299560547 472.733898162842 539.210311889648 389.544806957245 400.083826065063 551.565696716309 527.932090759277 439.372955322266 443.133289337158 367.61519241333 408.5374584198 492.392379760742 416.17120552063 408.958123631775 517.215454101562 466.304847717285 424.780732154846 338.195056915283 309.629737854004 338.214019775391 346.253456115723 420.885103225708 590.582992553711 485.132205963135 427.572069168091 472.963886260986 597.238998413086 488.837352752686 468.166000366211 441.95743560791 330.674957275391 434.210155487061 346.113075256348 367.193897247314
647.566410064697 591.172412872314 676.726783752441 676.735733032227 505.454627990723 342.457962036133 394.397247314453 451.819511413574 457.647766113281 466.694951057434 557.068054199219 347.547065734863 244.539810180664 363.616092681885 410.159981489182 512.059173583984 406.502437591553 583.805770874023 487.92236328125 389.967967987061 434.98509311676 462.373569488525 542.887825012207 402.5789103508 447.612846374512 479.1555519104 494.61181640625 490.923942565918 360.283273696899 491.760566711426 485.475051879883 354.713241577148 362.556182861328 365.678230285645 446.124499797821 390.783115386963 346.776332855225 573.757247924805 509.544204711914 445.937427520752 470.092254638672 361.28687286377 420.472374916077 366.52811050415 380.987674713135 424.899586677551 518.462516784668 480.388450622559 561.946182250977 479.839534759521
651.188896179199 619.725288391113 708.093566894531 752.366165161133 623.718315124512 514.032638549805 348.3310546875 540.198486328125 460.046398162842 501.7013463974 458.677726745605 439.823589324951 285.673896789551 401.98194527626 420.025185108185 428.127876281738 431.741962194443 377.925478935242 508.321548461914 347.154834747314 529.945747375488 686.963394165039 578.059173583984 817.137664794922 698.882125854492 580.583251953125 446.30672454834 382.835904598236 410.289279937744 307.46467590332 458.961696624756 325.923461914062 434.569244384766 325.801223754883 495.274475097656 411.785861968994 355.591022491455 440.976165771484 433.934516906738 432.691677093506 490.716453552246 445.305456161499 461.24889755249 346.509582519531 447.671558380127 422.691738128662 490.559547424316 542.718681335449 598.459533691406 492.446128845215
666.17862701416 1207.75025177002 637.232734680176 807.153045654297 721.541320800781 539.34077835083 405.921867370605 406.08911895752 372.871574401855 386.045963287354 403.412273406982 416.838172510266 332.913948059082 455.467464447021 439.546962738037 508.865669250488 532.788925170898 462.335117340088 534.062973022461 487.310356140137 536.514938354492 582.555313110352 474.793392181396 552.725936889648 568.039184570312 537.97868347168 385.082553863525 278.490982055664 405.231582641602 487.387519836426 484.01016998291 293.874290466309 410.793065786362 312.188362121582 398.50608253479 564.914672851562 493.087959289551 520.616386413574 405.079306602478 445.472286224365 360.48828125 493.244689941406 372.782886505127 311.111450195312 341.536479949951 460.744781494141 494.795177459717 462.155464172363 574.443649291992 585.389312744141
492.261211395264 605.67201423645 629.411605834961 718.607009887695 533.995779633522 660.943496704102 442.409084320068 503.313510894775 430.072643280029 438.855234146118 387.767383575439 403.668146848679 480.267837524414 343.343933105469 411.725685119629 408.76779460907 466.323055267334 313.34309387207 491.391357421875 490.725578308105 465.563526153564 473.105472564697 379.571129798889 293.65747833252 309.462978363037 357.373970031738 377.231784820557 435.398345947266 375.514959335327 493.226348876953 314.818267822266 392.103317260742 325.930835008621 383.103832244873 375.873584747314 513.163414001465 575.109481811523 465.536773681641 290.501167297363 235.082885742188 389.597705364227 360.278461456299 406.490735054016 424.432176589966 406.29288482666 541.728302001953 563.497924804688 584.48225402832 424.878947257996 435.549146175385
562.940299987793 487.25560426712 538.96361541748 410.943618774414 552.424912452698 599.224834442139 572.001792907715 542.490585327148 494.139423370361 479.786571502686 457.474939346313 366.316860198975 255.898239135742 380.056581497192 380.087753295898 366.36722946167 447.580125808716 363.85432434082 556.108016967773 441.915548324585 398.44432258606 347.77352142334 360.335480690002 142.487075805664 142.036071777344 449.431533813477 342.80543422699 341.335550308228 241.677368164062 404.838466644287 329.461065292358 315.141967773438 517.205917358398 393.402780532837 304.337799072266 218.525512695312 273.563941955566 329.355159759521 301.181121826172 307.191665649414 476.35279083252 398.066436290741 419.707696914673 396.322263717651 493.913177490234 456.956230163574 307.297012329102 593.00910949707 346.796821594238 424.588728904724
490.060949325562 505.443294525146 609.414081573486 560.186893463135 588.140164375305 649.712295532227 463.319307327271 397.654857635498 342.296371459961 452.647964477539 343.011665344238 217.660583496094 382.644097328186 389.637279033661 410.113693237305 391.950686454773 534.81729888916 390.397985458374 410.201324462891 533.353302001953 301.833335876465 227.264236450195 189.659805297852 172.033126831055 225.392608642578 207.730911254883 376.613964080811 376.142078399658 430.251129150391 438.18664932251 458.846054077148 321.142345428467 240.121826171875 291.231239318848 436.126007080078 251.12727355957 360.024131774902 299.100273132324 373.326173782349 432.676200866699 484.806907653809 387.943756103516 477.804725646973 384.186073303223 369.003265380859 385.499050140381 486.965713500977 549.155937194824 543.207069396973 418.451698303223
451.513534545898 514.77409362793 510.726249694824 549.762451171875 683.612487792969 559.666912078857 517.95720243454 448.838630199432 416.944953918457 266.436492919922 275.626037597656 336.070205688477 367.818384170532 383.451807022095 334.223457336426 425.412845611572 453.051204681396 451.606605529785 545.619125366211 484.040184020996 391.071308135986 314.485935211182 161.209335327148 210.521560668945 193.944351196289 254.638366699219 317.377876281738 221.458389282227 220.041976928711 290.834884643555 410.61979675293 287.726505279541 133.15657043457 240.549453735352 333.561763763428 405.41771030426 421.033210754395 412.376579284668 381.695947647095 208.691162109375 335.828025817871 339.739753723145 395.58399438858 360.554571151733 429.289121627808 407.988101959229 550.44709777832 344.267028808594 342.385139465332 447.754497528076
373.072219848633 458.222061157227 582.898128509521 536.353664398193 703.676624298096 626.569004058838 532.622020721436 531.017166137695 590.502059936523 416.344888687134 296.985466003418 316.74845123291 399.728868961334 396.857157230377 257.785217285156 338.72155380249 543.188903808594 556.651580810547 439.499502182007 454.921083450317 327.77077293396 361.44157409668 407.991388320923 352.80188369751 307.907047271729 233.433120727539 215.095565795898 389.891566753387 454.938911437988 390.167831897736 490.74015045166 311.072334289551 108.529327392578 224.97966003418 301.044723510742 254.900314331055 414.690479278564 406.541177749634 426.588739395142 401.470728874207 359.502422332764 384.50096321106 470.559509277344 320.261657714844 329.975830078125 315.574905395508 349.038345336914 360.277503967285 435.502865791321 387.875160217285
628.773933410645 655.64427947998 600.566860198975 599.633178710938 682.147771835327 699.314079284668 772.033615112305 646.698425292969 506.689907073975 372.864875793457 359.395114898682 411.84684753418 438.243137359619 498.755500793457 389.477066040039 423.015350341797 452.944246292114 420.429718017578 373.185493469238 473.424652099609 353.406532287598 441.523696899414 515.297729492188 345.64953994751 439.150871276855 360.511051177979 232.444450378418 439.15210723877 467.532218933105 299.978317260742 282.750205993652 252.164970397949 356.585384368896 313.84447479248 138.372100830078 350.350215911865 325.720352172852 515.184509277344 269.263397216797 446.978048324585 469.961040496826 569.747009277344 457.190113067627 383.144702911377 536.562644958496 442.537250041962 400.286527633667 418.17375087738 568.731018066406 452.377894431353
510.480644226074 621.561618804932 691.260925292969 519.452041625977 612.289529800415 610.170837402344 610.074169158936 619.693572998047 399.788772583008 372.184535980225 433.580766677856 417.755769729614 413.162307739258 251.137245178223 424.226036071777 308.297592163086 320.19527053833 288.172218322754 368.805004119873 478.324508666992 371.190666675568 313.533107757568 468.910316467285 451.35595703125 473.513374328613 372.791791677475 352.667427062988 407.657047271729 429.118541717529 408.910037994385 346.214366912842 304.436347961426 428.471900939941 269.417472839355 347.134578704834 414.861442565918 407.925220489502 451.592933654785 418.496644973755 339.788101196289 404.571749210358 526.439781188965 425.627090454102 344.105125427246 415.609306335449 369.513084411621 386.965667724609 502.975166320801 542.479228973389 580.17399597168
531.898515701294 504.975673675537 387.230926513672 427.045013427734 506.079780578613 478.414622306824 468.498092651367 540.003936767578 553.753173828125 301.717353820801 444.732660293579 401.815155029297 334.026542663574 480.062362670898 555.323913574219 402.610069274902 258.517143249512 290.226455688477 413.105701446533 346.805011749268 484.886497497559 384.337421894073 459.089027404785 402.600040435791 395.187195539474 308.79434967041 280.390647888184 361.287098407745 375.645588874817 268.576934814453 238.563568115234 418.312423706055 257.455749511719 333.387420654297 413.739013671875 334.149894714355 539.251220703125 438.695831298828 374.149394989014 293.80428314209 482.589225769043 451.218597412109 367.322536468506 421.904500007629 504.607620239258 515.026634216309 412.001239776611 465.254899978638 474.659408569336 522.49535369873
406.318641662598 436.71508026123 426.605949401855 372.607757568359 438.107795715332 425.210639953613 405.361995697021 479.388854980469 545.560974121094 436.506328582764 401.592823028564 383.133522033691 340.154365539551 432.890869140625 356.267572402954 433.817413330078 261.162437438965 341.042900085449 398.749458312988 436.929473876953 440.559089660645 444.339538574219 406.956137657166 412.15336227417 451.217876434326 296.875911712646 192.740127563477 268.888275146484 227.59309387207 187.707534790039 275.456733703613 331.200248718262 278.362777709961 352.2165184021 429.450622558594 518.325271606445 373.074732780457 399.711925983429 438.129652023315 419.95630645752 389.991966247559 390.841114044189 398.977022171021 468.114404678345 484.506412506104 532.015747070312 455.082450866699 510.941955566406 443.171119689941 513.726490020752
371.540191650391 399.094062805176 455.129215240479 480.0986328125 456.242348313332 522.378852844238 485.828945159912 495.525367736816 582.619155883789 271.890777587891 367.490261077881 393.243076086044 361.204099655151 343.768515586853 403.511253356934 363.095307826996 269.229393005371 219.394027709961 437.414081573486 380.063505172729 340.589736938477 546.590103149414 225.732574462891 290.253997802734 364.740474700928 412.726528167725 248.465286254883 288.954948425293 298.035797119141 272.539703369141 368.846410751343 358.192916870117 407.221591472626 379.213958740234 383.355285644531 417.327474117279 527.583480834961 433.531106948853 445.269342422485 517.780426025391 428.596060037613 286.60285949707 424.06097984314 299.968948364258 482.661796569824 415.945802688599 462.174060821533 415.06632232666 405.30570602417 415.439490318298
