simdem/realisation54.asc
NCOLS 350 
NROWS 171 
XLLCORNER 152620 
YLLCORNER 418050 
CELLSIZE 100 
NODATA_value -9999 
[rows 44 to 65 of 171, columns 150 to 199 of 350]
537.084934234619 475.299423217773 568.069648742676 602.260593414307 461.987854003906 450.412246704102 492.416114807129 507.703496932983 666.007431030273 576.019989013672 569.804671287537 479.691452026367 672.770980834961 496.012958526611 581.64448928833 456.360610961914 513.762371063232 618.202812194824 566.881122589111 564.352027893066 512.833561897278 541.597828865051 441.077239990234 568.738945484161 549.915743350983 605.074293136597 532.510166168213 584.783010959625 648.628532409668 564.934917449951 532.200103759766 620.145740509033 516.026718139648 531.124496459961 605.700775146484 626.311435699463 607.25218963623 723.03277349472 702.884151935577 668.578456878662 441.315460205078 542.400299072266 571.104771614075 698.228424072266 669.413146972656 442.112869262695 488.954772949219 537.19026184082 1197.36323833466 1237.28036022186
638.153137207031 577.730560302734 501.366626739502 493.403741657734 534.306587219238 528.854198455811 698.749282836914 579.674297332764 655.275901794434 561.215100288391 608.912761688232 615.160182952881 603.776470184326 428.149261474609 419.878936767578 444.630645751953 537.679586410522 615.932479858398 674.428581237793 554.60951423645 577.746505737305 588.076507568359 626.613319396973 610.036933898926 600.088542938232 691.495681762695 601.620182037354 552.215644836426 571.759004592896 472.666809082031 510.825942993164 625.168727874756 549.387083053589 848.770690917969 577.156402587891 544.338104248047 562.081001281738 667.33960723877 691.251445770264 653.523960113525 609.763103485107 517.978088378906 406.391937255859 348.484283447266 537.490623474121 566.990585327148 537.810962677002 482.404914855957 523.885459899902 866.162536621094
671.167922973633 525.501338481903 487.792259216309 568.633842468262 599.723663330078 582.116844177246 697.012252807617 668.920639038086 719.109512329102 623.545722961426 567.138871669769 493.487121582031 480.499473571777 533.885969161987 484.450698852539 439.774505615234 516.354442596436 490.335609436035 641.12043762207 649.024711608887 553.707901000977 518.25071144104 640.631072998047 573.510105133057 569.361923217773 566.732002258301 617.05428314209 600.922504425049 475.47721862793 585.579883575439 543.134517669678 407.589126586914 454.145683288574 563.933158874512 506.367790222168 524.624244689941 583.264152526855 700.46688079834 735.071884155273 641.21463394165 665.620948791504 582.688049316406 510.467063903809 555.269596099854 531.101852416992 656.923810958862 597.63837480545 528.415935516357 535.011215209961 737.416122436523
684.008972167969 630.714500427246 626.52596282959 414.963371276855 588.029026031494 551.539130210876 477.279609680176 537.948819637299 697.636657714844 589.015766143799 495.497756958008 414.616195678711 542.995268821716 542.964750289917 638.62866973877 683.547790527344 601.461839675903 574.059085845947 688.28547668457 510.314453125 507.431133270264 445.733848571777 298.758926391602 534.408643722534 557.484563589096 460.711395263672 602.244171142578 585.357097625732 562.283802032471 547.07223033905 451.102203369141 324.777786254883 461.820327758789 448.673370361328 492.688709259033 367.054306030273 601.72615146637 680.246997833252 779.706771850586 593.123123168945 652.405090332031 574.217076778412 628.706260681152 468.919822692871 611.671089172363 567.402359008789 654.068473815918 530.258371353149 513.746620178223 519.976135253906
684.987213134766 589.731845855713 512.213009357452 464.129859924316 348.796051025391 345.147933959961 384.516815185547 488.379127502441 512.433416366577 684.854080200195 551.477960586548 464.387283325195 501.282165527344 592.428949356079 727.168571472168 714.287292480469 594.027128696442 653.419700622559 549.724122285843 508.075691223145 462.440353393555 425.708435058594 401.057495117188 507.047103881836 544.20401763916 634.121955871582 629.872734069824 520.056747436523 590.39612197876 598.437816619873 527.496101379395 504.380561828613 469.83821105957 549.291163921356 469.191345214844 562.863357543945 472.652641296387 617.892135620117 555.129697799683 586.028527259827 546.933847427368 595.081789016724 634.294425964355 595.419990539551 520.862754821777 615.196360588074 679.138198852539 674.126495361328 561.955327987671 598.450412750244
627.196960449219 637.632797241211 516.496367454529 403.469451904297 450.943740844727 438.509353637695 470.028400421143 402.389656066895 554.102607488632 617.981761932373 699.773574829102 494.234573364258 540.223728179932 526.968910217285 712.877365112305 885.148178100586 694.521705627441 791.40299987793 812.406196594238 553.225818634033 553.932447433472 547.315559387207 638.557659626007 686.778091430664 498.233184814453 520.684642791748 516.428604125977 377.417236328125 506.00806427002 612.888008117676 566.153293609619 522.877804756165 511.921659469604 507.050148010254 515.752769470215 574.164333343506 557.684303283691 557.292216300964 502.816440582275 488.608360290527 465.631462097168 617.504787445068 563.96821975708 641.616172790527 539.504850387573 531.951023101807 537.428413391113 598.415365219116 644.471282958984 525.207954406738
451.188438415527 568.113975524902 525.784460544586 556.812614440918 394.202545166016 489.76685333252 478.552925109863 569.621564865112 529.146743774414 580.807067871094 495.808929443359 439.416870117188 452.994895935059 355.630798339844 574.259629249573 680.024711608887 476.529373168945 628.753648757935 634.190826416016 656.461078643799 545.363082885742 520.672538757324 601.099380493164 545.847610473633 676.782398223877 569.287966251373 455.519882202148 542.126207351685 520.712368011475 465.630401611328 465.537300109863 466.597625732422 507.489067077637 391.887512207031 564.024490356445 600.201835632324 488.793121337891 547.511403560638 597.702461242676 568.05991601944 575.549953460693 479.44482421875 563.471567153931 560.21688079834 481.197509765625 515.658704280853 633.041275024414 660.565620422363 713.745216369629 522.870567321777
445.736640930176 491.255222320557 538.563928604126 485.669040679932 514.559030532837 497.491737365723 461.818901062012 392.222213745117 572.021724700928 567.501436948776 511.505279541016 563.596480369568 621.996383666992 513.511489868164 716.204483032227 707.208839416504 621.43367767334 609.346477508545 604.798501968384 714.962245941162 672.012519836426 548.642272949219 420.782806396484 652.882682800293 713.583915710449 742.520788192749 761.989067077637 596.179147720337 399.416000366211 409.334838867188 423.15592956543 456.153526306152 465.595153808594 604.106243133545 558.086114883423 687.044586181641 576.314044952393 630.365669250488 547.408407211304 688.704078674316 429.436416625977 574.391037940979 506.89005279541 627.597263336182 541.312320709229 437.934494018555 600.50915145874 482.041870117188 505.335136413574 674.529792785645
545.882013320923 423.113632202148 549.3610689044 388.048217773438 446.841819763184 559.771022796631 496.67993927002 440.794914245605 551.728853225708 593.400676727295 443.770309448242 472.682495117188 752.534240722656 576.790845870972 605.838069915771 783.808746337891 720.396408081055 664.036777496338 515.024406909943 766.176040649414 729.609127044678 708.492752075195 486.653900146484 487.816337585449 523.90127658844 602.644826889038 690.346019744873 693.778945922852 465.725616455078 397.065338134766 526.139892578125 535.106611251831 671.611541748047 660.906883239746 560.668102264404 560.167047739029 451.790428161621 651.003837585449 529.129333496094 523.391899108887 497.503318786621 571.778879642487 522.635944366455 588.539198815823 506.639026641846 432.914596557617 451.931228637695 505.82746887207 539.378875732422 522.438495635986
472.989414215088 514.367685317993 459.686576843262 437.37223815918 420.769187927246 418.290985107422 512.615501403809 334.823837280273 428.529655456543 520.2790184021 393.83805847168 543.984601974487 540.195606231689 522.551387786865 438.609580993652 490.996528625488 589.251374602318 515.192825317383 662.18779361248 563.795104980469 537.626502990723 563.381698608398 497.014488220215 478.603805541992 700.435878753662 570.685646057129 665.362480163574 551.011543273926 509.822067260742 471.841217041016 567.923463821411 647.768989562988 549.516099691391 658.323509216309 648.679695129395 630.212882995605 655.304420471191 701.676956176758 597.936374664307 443.841659545898 546.402145385742 508.468078613281 531.368282318115 456.750915527344 633.631084442139 613.110303878784 441.167205810547 458.906234741211 614.419137954712 522.253116607666
612.146453857422 545.518828868866 525.032453536987 432.332214355469 443.607925415039 480.127288818359 344.83056640625 395.044982910156 331.836700439453 444.64949798584 593.477588653564 619.438629150391 605.558939933777 552.742660522461 605.642505645752 692.467414855957 588.752904653549 588.641726016998 465.305183410645 484.229972839355 496.795425415039 611.495162963867 478.917167663574 521.214626312256 633.763550758362 590.28763961792 654.618536949158 667.190174102783 489.433288574219 559.316211700439 465.882759094238 617.043308258057 591.232376098633 674.965400695801 660.361885070801 625.10954284668 689.659332275391 653.260787963867 697.005332946777 601.12211227417 476.095260620117 414.970794677734 491.460296630859 606.180242538452 491.259590148926 606.657418251038 486.216255187988 441.199935913086 619.453347444534 567.490146636963
569.501598358154 556.129259109497 523.409927368164 577.397445678711 591.956798553467 464.079002380371 402.986862182617 440.016082763672 520.844955444336 516.384300231934 504.45979309082 615.032510757446 556.34265422821 408.477752685547 624.047203063965 744.205139160156 549.509815216064 557.66720199585 439.774459838867 546.477174758911 586.587635159492 643.307762145996 555.967582702637 573.518745422363 603.070304870605 640.441415786743 725.084762573242 689.430084228516 689.87345123291 714.50846862793 627.882499694824 566.348964691162 615.279724121094 614.459033966064 636.593185424805 587.206399917603 534.697120666504 541.431003570557 529.401214599609 438.941696166992 532.93310546875 506.290458679199 474.509368896484 479.057403564453 611.018554396927 635.397006988525 657.769500732422 523.876155853271 634.320274353027 640.64972114563
540.364539146423 462.529930114746 483.349769592285 444.462020874023 649.54328918457 481.816070556641 468.567253112793 537.76037979126 547.301652908325 542.160509586334 497.285263061523 616.049293518066 609.425033569336 619.384521484375 493.067451477051 514.542308807373 449.763244628906 539.763549804688 539.807174682617 539.657989501953 673.011795043945 633.078441619873 317.894119262695 574.743713378906 684.439388275146 550.282306671143 737.973426818848 675.759420394897 651.443156242371 649.978862762451 696.927276611328 667.390914916992 651.547737121582 628.311111450195 536.358470916748 586.101865410805 526.911235809326 574.528507232666 601.555744171143 481.641380310059 406.251358032227 593.575887441635 656.387302398682 668.786750793457 755.497665405273 526.751922607422 607.141310691833 537.004699707031 658.693651199341 563.385448455811
445.505783081055 517.147401809692 520.174423217773 464.973899841309 481.753921508789 453.500602722168 515.240051269531 687.549491882324 700.009216308594 616.589321136475 673.851806640625 622.688999176025 582.660132408142 687.914451599121 550.933811187744 516.821334838867 598.353030204773 562.376270294189 634.547443389893 650.548515319824 462.389045715332 646.318981170654 495.727149963379 599.49507522583 650.828495025635 496.746147155762 573.476528167725 834.898651123047 715.770299911499 685.930965423584 687.362335205078 555.012191772461 591.281410217285 571.592377662659 410.305084228516 435.039199829102 461.546737670898 440.156234741211 615.788627624512 624.015621185303 497.087982177734 596.530583143234 554.461658477783 558.189548492432 568.297603607178 445.410522460938 631.412744522095 551.683639526367 561.650039672852 666.281711578369
504.01095199585 617.50057220459 564.921474456787 510.895660400391 627.149993896484 620.185352325439 562.191167831421 614.634693145752 595.44150352478 758.656982421875 651.038833618164 498.188423156738 505.044410705566 637.118553161621 477.709403991699 489.846305847168 642.857524871826 647.591720581055 521.395988464355 667.427242279053 614.136392593384 572.814261436462 673.920974731445 502.494560241699 560.48996925354 330.410797119141 557.557456970215 659.708087921143 609.734951019287 803.986633300781 583.748668670654 466.723648071289 614.304557800293 568.48316192627 709.06213760376 568.043472290039 670.748069763184 645.010627746582 673.575347900391 742.396453857422 733.63077545166 692.059524536133 568.083099365234 629.439540863037 690.769546508789 534.460800170898 633.041429519653 709.665237426758 563.069999694824 625.38497543335
575.13632774353 560.016335487366 615.521175384521 593.140325546265 534.563411712646 606.501190185547 570.164073944092 522.697982788086 615.360641479492 662.84204864502 583.310237884521 403.454086303711 477.215522766113 588.802617549896 550.317043304443 665.24055480957 726.336776733398 553.409554481506 588.646924972534 492.788505554199 635.297889709473 474.974601745605 637.662082672119 532.799339294434 470.541793823242 604.746381759644 753.427268981934 460.582504272461 671.168763160706 686.306486129761 798.630424499512 634.139968395233 665.834225654602 531.475769042969 636.528656005859 606.211837768555 650.743108987808 566.681173324585 596.426229476929 637.416000366211 705.191123962402 512.834815979004 605.756416320801 531.50838470459 791.605651855469 652.262092590332 617.186011791229 667.455360412598 600.815307617188 697.051239013672
504.197402954102 663.412307739258 499.660591125488 340.636016845703 502.976684570312 385.106796264648 584.927225112915 567.600791454315 548.258546829224 600.028144836426 589.207412719727 534.626262664795 444.036056518555 570.453286170959 508.2666015625 730.956024169922 756.756301879883 521.601081848145 495.658615112305 615.502319335938 601.593050003052 588.659996509552 582.77655506134 616.551254272461 529.812858581543 691.685977935791 688.365539550781 603.794542312622 630.729188919067 595.551551818848 680.466800689697 555.921676635742 698.58517074585 664.073043823242 835.496307373047 689.19310760498 579.66742515564 735.756210327148 757.403160095215 652.800288200378 696.498497486115 764.308177947998 705.670574188232 692.151092529297 699.053184509277 685.866367340088 662.033950805664 576.377201080322 606.842128753662 627.160369873047
431.479736328125 509.046340942383 459.328605651855 404.137626647949 446.360649108887 490.310646057129 504.427463531494 547.523464202881 553.154953956604 508.615165710449 579.369513034821 366.493255615234 584.725273132324 686.382400512695 589.61014175415 574.202583312988 621.353527069092 518.324241638184 547.023019790649 436.997863769531 506.52840423584 582.874634981155 637.976631164551 690.697124481201 642.545654296875 682.684768676758 682.959861755371 517.988845825195 553.990345001221 341.713256835938 659.940276622772 629.030630588531 646.73132610321 832.415054321289 708.583503723145 528.800220489502 529.965309143066 602.109172821045 594.838674545288 606.704486846924 668.40797996521 528.827117919922 692.09156036377 917.020111083984 729.700019836426 676.23609161377 650.692436218262 650.378114700317 653.003740310669 725.414024353027
596.220363616943 552.501571178436 463.06795501709 319.733062744141 470.251564025879 458.998908996582 541.99400806427 571.553123474121 548.454242706299 438.057266235352 422.980224609375 404.332717895508 457.331871032715 645.29207611084 651.01106262207 537.898162841797 516.213771820068 550.589750289917 440.319313049316 565.714228630066 564.580509185791 553.109292030334 565.151560783386 564.440631866455 612.243255615234 769.494125366211 675.597728729248 625.224697113037 603.1780128479 496.021224975586 640.335319519043 638.525630950928 428.430618286133 790.201683044434 767.284393310547 573.181915283203 462.681625366211 547.069477081299 587.566686630249 684.860866546631 664.645111083984 572.485599517822 608.004362940788 737.385162353516 955.400360107422 718.530807495117 609.666410446167 577.607971191406 665.832508087158 665.349737167358
569.898874282837 299.589904785156 502.822917938232 420.521942138672 466.985046386719 492.264698028564 475.167999267578 487.079406738281 574.376837909222 494.17236328125 332.410797119141 334.113830566406 605.768890380859 625.718341827393 559.149364471436 572.56357383728 596.130100250244 540.215267181396 449.092163085938 587.76390838623 472.849922180176 503.66667175293 540.469095230103 499.168197631836 532.205604553223 774.000045776367 611.654428482056 611.776886940002 601.946738600731 532.463027954102 464.535484313965 658.10961151123 656.885372161865 484.655723571777 658.272602081299 705.729164123535 535.420509338379 532.264221191406 595.381395339966 638.185859680176 582.69274520874 490.958877563477 539.835838317871 506.858291625977 710.873962402344 611.408613204956 560.504516601562 615.194805145264 634.049256324768 611.355634689331
545.907953739166 528.778121948242 586.902435302734 445.970878601074 448.010398864746 581.271677017212 435.276908874512 592.169729232788 631.342625617981 554.72068977356 509.967079162598 599.454441070557 587.834453105927 629.591527938843 595.748949050903 507.403125762939 555.14910697937 533.440601348877 608.172676086426 452.628372192383 494.641006469727 642.494173049927 630.694362640381 658.912071228027 546.520530700684 572.05837059021 587.493968963623 675.224517822266 720.409606933594 652.020755767822 644.801986694336 672.728744506836 615.04273891449 563.1985206604 632.787607192993 579.768133163452 409.306106567383 512.999710083008 636.678769111633 634.117488384247 590.356567382812 418.435363769531 592.188579559326 592.751085281372 583.389862060547 507.989318847656 605.561873435974 655.461524963379 579.92546081543 711.032917022705
488.069473266602 541.438711166382 470.130271911621 495.671443939209 407.356292724609 522.995027542114 462.108459472656 496.142860412598 619.045166015625 545.017621994019 587.511791229248 632.910953521729 709.605667114258 506.605674743652 544.584428787231 582.760648727417 579.906597137451 501.978240966797 633.517078399658 501.689231872559 567.877207756042 668.203414916992 663.927268981934 673.409446716309 617.041870117188 524.422790527344 472.299430847168 589.528509140015 595.872462272644 487.472106933594 544.712512969971 610.088871002197 635.346504211426 537.234043121338 694.324081420898 549.90446472168 465.295761108398 525.564582824707 560.103160858154 540.972717285156 438.307434082031 521.276496887207 662.619800567627 601.552254676819 544.220062255859 559.998344421387 864.606094360352 659.355533599854 621.349401712418 579.763137817383
