simdem/realisation55.asc
NCOLS 350 
NROWS 171 
XLLCORNER 152620 
YLLCORNER 418050 
CELLSIZE 100 
NODATA_value -9999 
[rows 0 to 21 of 171, columns 150 to 199 of 350]
707.033294677734 735.567680358887 784.229422569275 -9999 -9999 -9999 -9999 -9999 -9999 -9999 -9999 -9999 -9999 -9999 -9999 -9999 -9999 -9999 -9999 -9999 -9999 -9999 -9999 -9999 -9999 -9999 -9999 -9999 -9999 -9999 -9999 -9999 -9999 -9999 -9999 -9999 -9999 -9999 -9999 -9999 -9999 -9999 -9999 -9999 -9999 -9999 -9999 -9999 -9999 -9999
451.163986206055 536.155838012695 853.091423034668 888.239486694336 879.29377746582 646.895532608032 555.821762084961 -9999 -9999 -9999 -9999 -9999 -9999 -9999 -9999 -9999 -9999 -9999 -9999 -9999 -9999 -9999 -9999 -9999 -9999 -9999 -9999 -9999 -9999 -9999 -9999 -9999 -9999 -9999 -9999 -9999 -9999 -9999 -9999 -9999 -9999 -9999 -9999 -9999 -9999 -9999 -9999 -9999 -9999 -9999
400.918273925781 455.405502319336 626.657409667969 807.001083374023 751.843536376953 630.002834320068 531.823394775391 427.466217041016 633.165512084961 705.958961486816 768.690729141235 768.494884490967 1034.43487548828 959.078887939453 -9999 -9999 -9999 -9999 -9999 -9999 -9999 -9999 -9999 -9999 -9999 -9999 -9999 -9999 -9999 -9999 -9999 -9999 -9999 -9999 -9999 -9999 -9999 -9999 -9999 -9999 -9999 -9999 -9999 -9999 -9999 -9999 -9999 -9999 -9999 -9999
536.259749412537 491.345626831055 720.377540588379 796.586128234863 662.10249710083 622.39278793335 689.013805389404 858.934875488281 837.997955322266 930.282073974609 701.09538269043 728.065910339355 800.887887954712 860.388153076172 632.88720703125 686.224548339844 885.015449523926 842.254035949707 794.770889282227 680.19465637207 670.858169555664 823.860404014587 823.77087020874 815.323682785034 793.403460502625 784.193048477173 762.968155145645 694.975571632385 717.310708999634 863.463245391846 852.39398765564 786.434226989746 831.30212020874 765.357200622559 745.760749816895 -9999 -9999 -9999 -9999 -9999 -9999 -9999 -9999 -9999 -9999 -9999 -9999 -9999 -9999 -9999
945.561042785645 691.729145050049 733.471773147583 1000.485206604 967.926040649414 967.614555358887 839.040100097656 781.652954101562 764.021911621094 908.242210388184 984.149448394775 698.140850067139 843.047695159912 953.561065673828 686.319183349609 596.183193206787 736.932054519653 789.876232147217 632.497909545898 597.732261657715 690.912475585938 763.353103637695 871.139835357666 862.26978302002 915.497146606445 882.300071716309 677.644134521484 722.564933776855 655.544933319092 796.14661026001 797.569969177246 640.729553222656 756.803945541382 674.187072753906 624.307426452637 678.076156616211 715.659748077393 759.230667114258 793.908592224121 679.77571105957 582.645690917969 805.43473815918 720.498641967773 660.746138036251 820.170719146729 788.78607749939 822.008197784424 695.537200927734 747.858940124512 886.990856170654
1115.7154006958 649.924465179443 770.726902008057 1063.16388320923 1168.36413908005 1064.93180656433 763.293640136719 865.748046875 933.08292388916 921.937545776367 945.063549041748 701.717588424683 600.33765411377 637.82820892334 782.31717300415 655.207374572754 746.805570602417 833.737030029297 605.021560668945 530.193069458008 623.602340698242 822.651908874512 769.341410636902 668.575439453125 692.766533374786 646.755142211914 713.659729003906 661.104799747467 559.160034179688 540.823028564453 750.224716186523 700.746109008789 787.451461791992 793.515361785889 698.541887283325 638.502952575684 684.575189590454 684.467010498047 813.902675628662 962.871963500977 773.552478790283 665.173272609711 743.812568664551 634.455381393433 734.572937011719 721.11763381958 635.510557174683 677.265258789062 743.542831420898 865.595207214355
1137.18006896973 1051.62294006348 818.691614151001 759.922660827637 935.944557189941 879.016998291016 835.858901977539 929.374649047852 873.428817749023 965.535049438477 850.51171875 713.215412139893 739.889038085938 544.964797973633 674.508247375488 745.081359863281 587.439300537109 679.572429656982 631.014404296875 618.069869995117 734.718041419983 794.973289489746 780.919918060303 787.336074829102 672.630565643311 723.203414916992 731.128471374512 785.345664978027 632.63360786438 673.357061386108 743.868354797363 842.997955322266 746.58455657959 688.678529262543 763.497737884521 877.202796936035 828.466209411621 805.808895111084 781.119293212891 806.387847900391 798.213283538818 806.240005493164 708.210788726807 589.975463867188 603.729656219482 652.731730461121 691.63364982605 624.548095703125 800.686882019043 926.07112121582
1070.36293029785 617.429626464844 806.874055862427 736.782629013062 1018.67719936371 918.427268981934 906.62451171875 794.078765869141 764.720733642578 755.549346923828 868.717926025391 541.39680480957 837.282695770264 664.122325897217 797.836259841919 713.57991027832 603.322875976562 613.949981689453 758.103427410126 783.24747467041 940.990348815918 1037.06023812294 770.081531524658 724.463111877441 488.627166748047 622.588035583496 712.776016235352 733.200939178467 663.688893318176 810.696620941162 727.171087265015 912.150894165039 744.864879608154 783.255432128906 649.854850769043 728.433708190918 911.085739135742 822.258140563965 815.641456604004 852.917537689209 707.40193939209 863.198505401611 964.907684326172 998.680480957031 732.497833251953 794.67204284668 889.06235408783 681.805053710938 700.549533843994 889.672508239746
678.081783294678 599.128791809082 652.681938171387 676.130165100098 939.621284484863 704.632781982422 836.633941650391 900.455917358398 893.307800292969 821.248718261719 603.504531860352 522.723999023438 615.397903442383 813.446875572205 772.853385925293 619.847305297852 665.404891967773 708.415481567383 938.646499633789 909.320083618164 1088.67182922363 1106.37552261353 865.888154029846 831.976272583008 608.979064941406 672.831497192383 752.616607666016 870.471473693848 900.658340454102 860.416719436646 896.132266998291 950.749168395996 758.339281082153 779.919346809387 792.249877929688 963.522480010986 987.158226013184 882.162109375 912.673976898193 811.867538452148 830.041381835938 692.46728515625 915.397880554199 841.864481687546 791.48762512207 860.342422485352 946.506282806396 672.849937438965 799.47737121582 748.187873840332
780.261383056641 674.983795166016 604.988838195801 660.750826835632 668.227886676788 823.547058105469 644.576508522034 667.283731460571 430.091079711914 592.952484130859 494.227813720703 711.80876159668 471.916473388672 680.184906005859 839.762733459473 983.92561340332 896.593399047852 515.918075561523 867.205917358398 779.663932800293 995.747848510742 1156.84322357178 1193.55381774902 1180.30289459229 753.918397903442 864.90299987793 830.534507751465 723.036084294319 723.605222463608 679.999515533447 875.269258499146 908.849983215332 771.809078216553 828.437950134277 803.510623931885 931.58821105957 1167.22018432617 980.253890991211 864.032051086426 738.25798034668 640.740478515625 642.708206176758 868.940622329712 732.842056274414 725.908142089844 878.846130371094 875.438835144043 885.99024772644 865.476959228516 1088.36831665039
712.788917541504 774.35493850708 785.651569366455 612.985908508301 652.128959655762 619.939666748047 579.580097198486 465.936363220215 664.508434295654 591.286024093628 608.455490112305 656.398544311523 505.596466064453 616.748443603516 645.319019317627 958.633163452148 904.768798828125 710.068344116211 991.295272827148 654.737411499023 1013.92322540283 981.680847167969 846.619396209717 1008.91398620605 979.954147338867 1195.62381744385 674.312442779541 507.688285827637 496.232269287109 545.134516716003 687.224636077881 660.226051330566 571.287567138672 530.774303436279 676.51383972168 799.869850873947 941.782493591309 993.215896606445 872.073877692223 733.322662353516 493.008850097656 556.144775390625 736.84391784668 914.676910400391 618.677688598633 1125.70440673828 896.588813781738 1263.9329662323 1268.35018539429 890.739794939756
645.99596786499 687.861057281494 750.013290405273 632.566719532013 721.87321472168 657.294595718384 674.072212219238 646.448333740234 786.11922454834 646.72064781189 530.590843200684 651.444521427155 606.998531341553 969.692558288574 694.583908081055 607.087860107422 675.982055664062 707.961807250977 855.146377563477 645.755271911621 608.075729370117 1097.43229675293 728.432586669922 681.732307434082 700.475723266602 770.799191713333 1189.18299102783 1125.35610198975 933.586502075195 1316.97536468506 1168.28203773499 806.459823608398 678.266527175903 495.705848693848 505.645683288574 604.994430541992 780.756178855896 665.565361022949 605.354243040085 791.775489807129 679.801116943359 601.672454833984 739.091705322266 496.84358215332 645.327653884888 660.567237854004 671.998992919922 724.09391784668 962.256317138672 812.006475448608
664.618432998657 666.297187805176 638.158512115479 495.299118041992 471.204925537109 777.115098953247 594.230138301849 521.832962036133 698.707180023193 723.485900878906 687.306823730469 571.138053894043 1347.29499435425 822.62181854248 767.459625244141 477.018737792969 647.14705657959 828.847200274467 888.762634277344 558.831405639648 590.881164550781 892.347915649414 729.560367584229 801.58988571167 699.902046203613 839.537633895874 1171.71617126465 1413.43470001221 713.646827697754 1095.43697357178 1071.30191040039 746.608795166016 628.605026245117 620.928764343262 633.246116638184 757.318389892578 866.854367256165 687.700965881348 707.63357770443 625.835884094238 699.420642852783 573.884460449219 714.473880767822 601.580894470215 709.570098876953 852.21858215332 651.536758422852 821.046167373657 740.801369667053 928.759422302246
587.692970275879 576.860780715942 631.409599304199 1127.18234634399 896.181301116943 1113.62034511566 974.494090557098 616.818023681641 644.008093833923 647.713691711426 654.007270812988 495.38835144043 599.249855041504 595.585983276367 732.513061523438 335.712280273438 732.967141151428 679.560770511627 756.894588470459 674.949516296387 715.328842163086 567.728668212891 843.300415039062 868.569286346436 933.599937438965 798.106552124023 927.178001403809 834.392593383789 998.438781738281 634.615280151367 955.862121582031 688.302871704102 420.588806152344 559.978134155273 474.865921020508 833.688902854919 870.480676651001 695.737106323242 615.525027692318 748.084999084473 764.792541503906 835.367172241211 631.415664672852 716.68695640564 788.435451507568 630.543502807617 821.801486968994 898.70556640625 928.067235946655 959.644592285156
1130.94996261597 624.501400947571 708.117767333984 688.386375427246 684.693687438965 744.689811706543 704.043398857117 774.531150817871 713.540840148926 798.291999816895 625.865097045898 658.123825073242 574.335861206055 600.357788085938 951.956390380859 446.331359863281 591.10871887207 598.024803161621 828.264640808105 652.018981933594 649.221862792969 710.379806518555 869.105575561523 694.195335388184 821.38451385498 806.795237183571 1053.77355957031 937.018540740013 883.51623916626 801.391906738281 683.042022705078 1005.53733825684 1314.73228606582 603.18879699707 673.18571472168 788.32599067688 883.10213470459 834.68221282959 666.902214050293 617.959007263184 677.092401504517 789.015785217285 861.487686157227 627.338813781738 721.631355285645 567.75382232666 632.067138671875 647.884872436523 948.746097564697 728.510273933411
593.75509929657 577.069635391235 658.502658843994 621.203364372253 780.522445678711 819.302169799805 627.426685333252 700.735599517822 705.222873687744 606.458889007568 721.583662986755 576.296374797821 553.24658203125 984.951721191406 528.720504760742 781.243728637695 675.597721099854 822.044250488281 717.79613494873 1241.06254577637 1222.6899356842 1082.22394919395 1428.19360351562 650.260360717773 816.442756652832 758.772113800049 1089.07561302185 961.581897735596 748.105056762695 758.288543701172 911.817565917969 691.268856048584 839.094488143921 779.946781158447 591.186996459961 901.355537414551 700.823272705078 805.587989807129 801.79419708252 646.232349395752 730.506477355957 740.93140411377 757.138999938965 677.092927932739 691.930267333984 756.539993286133 755.62230682373 783.916801452637 782.964046478271 748.64323425293
692.332672119141 611.331969261169 493.961219787598 579.220104217529 765.087341308594 763.389511108398 705.155563354492 614.49284362793 615.382965087891 731.38374710083 617.757202148438 425.461959838867 1336.60258483887 1258.27912902832 571.28645324707 702.561813354492 710.877086639404 719.320655822754 586.824798583984 640.316131591797 984.981872558594 659.745433807373 807.901554107666 649.55721282959 614.553207397461 751.089302062988 1795.69793701172 1045.59805297852 816.921508789062 573.606597900391 785.291366577148 526.033721923828 713.265810966492 1195.28285980225 829.851647257805 722.897814035416 681.155548095703 979.729179382324 1348.52333831787 801.434875488281 901.210021972656 833.458786010742 768.352001190186 737.636280059814 1114.72560882568 836.378482818604 1006.30743408203 569.922920227051 754.802579879761 792.975173950195
631.404581069946 522.547332763672 546.242881774902 542.654808044434 696.161018371582 627.820943832397 619.62215423584 549.507797241211 663.694976806641 647.263626098633 602.261386871338 477.666526794434 588.959480285645 480.109878540039 514.213394165039 767.876708984375 589.483215332031 621.052658081055 649.286567687988 660.681003570557 698.757292747498 677.867336273193 766.994534461759 882.368255615234 703.645202636719 1012.56402587891 744.012321472168 743.25284576416 517.186706542969 595.428894042969 661.415771484375 723.809783935547 948.526549339294 718.020690917969 999.63298034668 641.043601989746 641.757144927979 645.789566040039 732.635108947754 805.895477294922 688.178234100342 911.486434936523 979.854858398438 721.53893661499 579.502334594727 631.552055358887 631.755416870117 586.092819213867 1074.61640930176 794.863639831543
517.800773620605 664.394351959229 622.560799598694 469.564926147461 629.840155601501 726.566551208496 1157.92401123047 877.806541383266 591.825721740723 724.524265289307 670.12780380249 657.53652381897 775.211002349854 622.117095947266 621.28003692627 983.754455566406 1098.89367675781 1123.53971862793 831.748397827148 802.48002243042 613.075988769531 868.2861328125 1126.5565032959 694.175899505615 1086.08385181427 619.605564117432 725.058973312378 620.336364746094 479.005706787109 731.991333007812 702.994728088379 678.556571960449 575.782455444336 600.162292480469 668.566282272339 1251.19938659668 707.96505355835 659.068946838379 741.537803649902 1097.32851028442 734.294731140137 975.274742126465 1008.93640136719 1013.26968955994 1057.53424072266 1069.95779418945 645.101287841797 610.778522491455 668.280868530273 570.86145401001
539.776092529297 604.116397857666 630.771766662598 536.864780426025 435.163986206055 638.500877380371 970.076126098633 726.124603271484 696.306736946106 723.013969421387 941.292964935303 677.556325912476 663.303880691528 572.773635864258 652.36616897583 531.914100646973 603.162168502808 707.634811401367 615.026031494141 736.694538116455 797.094402313232 1013.40483093262 757.148365020752 760.802177429199 947.931823730469 777.018677949905 854.690147399902 983.082719802856 732.738342285156 574.888290405273 665.305740356445 724.944728851318 790.026809692383 672.080750465393 667.100242614746 781.794706344604 527.809928894043 588.819511413574 684.366055488586 763.124465942383 728.647508621216 708.358436584473 1053.30014038086 680.215885162354 484.646987915039 426.626617431641 687.448852539062 596.51452255249 633.115314483643 587.121063232422
602.838567733765 638.885955810547 604.951736450195 566.755868911743 542.673458099365 549.682136535645 655.134010314941 651.933183670044 1273.92874908447 862.548095703125 804.031280517578 755.05370247364 657.175846099854 516.753524780273 601.038185119629 704.11792755127 605.746179580688 681.868488311768 842.576391220093 814.856201171875 745.015838623047 587.969924926758 698.886306762695 851.683570861816 938.979067802429 1000.85174942017 793.569255828857 553.489273071289 616.872032165527 581.744857788086 435.062423706055 520.460174560547 631.536529541016 742.394882202148 604.540264129639 596.139850616455 865.169250488281 700.754512786865 693.857452392578 801.830307006836 822.300842285156 1022.29943847656 1249.04344272614 534.126586914062 541.485733032227 1040.72067260742 560.138000488281 637.342940330505 744.245480537415 967.253614425659
710.363983154297 689.464458465576 687.093704223633 529.552955627441 698.434543609619 487.381103515625 960.571411132812 676.367984771729 617.38436126709 537.644584655762 543.613471984863 744.744018554688 595.225772857666 1014.15075683594 695.647186279297 768.528999328613 826.530319213867 599.492370605469 1035.14703369141 627.455993652344 666.681396484375 1135.09091186523 947.857406616211 627.483856201172 696.433881759644 1028.29007720947 788.776077270508 732.078269481659 1580.37610626221 563.278221130371 519.052276611328 434.847717285156 573.693690299988 581.171184539795 696.287666320801 610.976184844971 704.892101287842 552.431518554688 754.721084594727 726.116576194763 746.294340133667 684.42614364624 647.884349822998 599.443050384521 583.255577087402 1078.01910400391 513.412139892578 553.512275695801 740.661727905273 756.079517364502
