simdem/realisation83.asc
NCOLS 350 
NROWS 171 
XLLCORNER 152620 
YLLCORNER 418050 
CELLSIZE 100 
NODATA_value -9999 
[rows 22 to 43 of 171, columns 100 to 149 of 350]
515.352165222168 446.319496154785 467.850204467773 535.5556640625 714.655343621969 544.605400085449 535.009796142578 717.629062652588 752.896488189697 753.612409591675 1047.01319885254 776.505599975586 628.879884719849 902.073394775391 785.866554260254 601.590150117874 560.735900878906 714.474563598633 451.76123046875 678.274345397949 1117.66208839417 796.282638549805 332.317840576172 289.316070556641 357.739593505859 542.640796661377 544.079738616943 457.070220947266 511.591232299805 641.855121612549 589.518451988697 661.36043548584 578.167572021484 586.79029083252 634.14041519165 588.167781829834 494.032844543457 660.134052276611 571.911640167236 613.738918304443 552.705223083496 645.019596815109 513.88924407959 528.934852600098 594.35994720459 637.028334617615 658.694364547729 582.568813323975 699.210884094238 523.130355834961
561.686782836914 480.431488037109 436.356948852539 518.150833129883 482.145706176758 680.645233154297 611.089653015137 804.742370605469 729.447169780731 626.989067077637 1706.58104324341 621.959465026855 645.226247787476 1309.54239654541 622.73187828064 523.00651550293 849.222885131836 623.234565734863 609.024765014648 444.510116577148 750.553077697754 541.953338623047 1084.44277954102 955.463516235352 555.385627746582 657.76082611084 548.243572235107 573.083079338074 489.546897888184 640.631797790527 588.748598098755 488.05103302002 657.519439697266 722.59016418457 660.568099975586 693.179096221924 679.22241973877 653.66494178772 474.702545166016 546.549858093262 509.319221496582 484.643493652344 432.674987792969 558.227264404297 641.66609954834 541.208869934082 566.333713531494 552.271503448486 627.711591720581 485.553527832031
635.832740783691 564.323654174805 556.229331970215 520.793685913086 394.739105224609 758.553955078125 550.786170959473 751.096824645996 623.571492195129 627.762780189514 747.796846389771 938.071075439453 753.859388828278 924.715805053711 673.017833709717 744.387557983398 591.674346923828 647.978368759155 699.234708786011 786.577308654785 886.813352108002 588.390712976456 631.884769439697 476.552307128906 681.366607666016 586.844303131104 560.448825836182 561.078335762024 542.8596534729 544.306158065796 542.472785949707 513.224113464355 552.99271774292 684.917629241943 710.734392166138 741.89412689209 537.393516540527 638.620220184326 673.57511138916 587.869964599609 520.850257873535 610.212135314941 592.326652526855 586.01379776001 473.438514709473 637.282699584961 631.728950500488 565.960405349731 562.441972732544 607.358520030975
538.046886444092 615.602821350098 683.620407104492 501.226547241211 402.197265625 386.578063964844 904.161437988281 1023.64429092407 640.017657279968 961.806079864502 1022.68126678467 882.105895996094 943.302963256836 972.955001831055 778.067527770996 966.159805297852 714.740251541138 631.978839874268 515.794120788574 741.523529052734 1481.86354446411 657.877534866333 607.762134552002 578.840419769287 672.293636322021 418.959228515625 564.911801815033 610.819137573242 509.535697937012 550.184085845947 544.250810623169 604.734306335449 615.823213100433 785.127325534821 629.247085571289 601.520202636719 511.61296081543 462.837158203125 644.543985366821 623.947305679321 605.59421646595 578.174715042114 579.150871038437 594.329616546631 605.615098953247 659.83177947998 625.112724304199 507.318786621094 512.591247558594 503.936935424805
471.284660339355 493.362594604492 781.097820281982 515.07657623291 729.691673278809 487.140007019043 581.974594116211 700.457290649414 1096.27990722656 701.251255989075 722.214708328247 825.800285339355 961.659738540649 706.394868850708 1032.52481079102 1009.59610509872 739.623432159424 660.619300842285 598.501083374023 476.151763916016 1239.5952911377 729.224397659302 745.51834487915 435.822860717773 493.780632019043 563.996070861816 505.631019592285 569.338591575623 407.729858398438 470.712913513184 457.695777893066 603.196189880371 592.026809692383 615.972805023193 559.494102478027 608.449755966663 437.151107788086 486.640144348145 511.755176544189 690.997356414795 674.51643371582 567.753730773926 629.341114044189 627.879459381104 531.548534393311 672.588531494141 471.436828613281 611.291320800781 599.95142364502 583.508350849152
438.885345458984 440.223693847656 454.396682739258 379.949401855469 933.932159423828 1262.26651000977 838.404954910278 669.241905212402 559.67529296875 803.04515838623 601.214416503906 679.319229125977 663.530456542969 555.511245727539 731.306385040283 1238.04167175293 1528.67788696289 459.134162902832 469.238327026367 564.16796875 514.03759765625 651.358268737793 539.866165161133 558.884918212891 718.59285736084 568.462572097778 616.89139175415 476.919452667236 319.441589355469 496.666259765625 476.755996704102 458.600715637207 409.623153686523 528.775485992432 496.893341064453 526.366165161133 576.680486679077 536.153141021729 500.988914489746 537.402740478516 555.539476394653 537.352588653564 465.955215454102 510.843059539795 535.140575408936 578.492112159729 461.338966369629 428.890106201172 678.501945495605 613.988010406494
293.881530761719 830.230728149414 424.125152587891 477.441009521484 245.000671386719 629.906440734863 625.915046691895 609.654279708862 884.861488342285 532.801643371582 752.714614868164 598.287643432617 549.363899230957 668.092803955078 803.154861450195 687.810001373291 651.657285690308 911.26106262207 939.775207519531 493.231994628906 487.76016998291 650.935329437256 558.001543998718 637.146057128906 563.433656215668 724.431358337402 645.830863952637 531.653407216072 428.300079345703 576.057350158691 543.277798652649 491.031578063965 532.392780303955 472.909629821777 516.249626159668 478.948371887207 529.013362884521 599.922157287598 494.46940612793 566.038188934326 622.131256103516 548.384935379028 433.752967834473 473.99186706543 523.907807350159 508.104133605957 621.11612701416 567.064220428467 614.470733642578 594.914447784424
282.000793457031 529.471572637558 497.65641784668 381.49397277832 384.309982299805 519.565246582031 580.98192024231 581.111090183258 777.181449890137 640.209398269653 857.041213989258 458.112335205078 709.771095275879 793.961410522461 782.38537979126 663.731307983398 519.641578674316 520.660064697266 499.686851501465 518.225171089172 643.108169555664 628.103401184082 552.787890434265 495.009750366211 477.965225219727 460.220565795898 463.541450500488 458.127182006836 489.076671600342 524.693899154663 401.879356384277 544.035942554474 560.306400299072 493.292652130127 570.507865905762 639.944068908691 739.408874511719 522.466265678406 654.399795532227 624.412166595459 548.137699604034 479.831115722656 591.22889995575 515.761890411377 428.2216796875 534.073068618774 477.046943664551 546.55851650238 762.331634521484 721.656448364258
662.143936157227 478.530487060547 394.859924316406 714.209800720215 613.784790039062 494.312408447266 589.499917030334 805.50146484375 636.641555786133 815.009162902832 678.098888397217 550.423748016357 521.156135559082 671.575393676758 530.068885803223 943.682712554932 553.87716293335 439.767013549805 473.865043640137 594.209358215332 551.119588136673 694.004638671875 506.858055114746 504.800704956055 604.592529296875 1762.86915588379 476.322639465332 438.723243713379 560.522228240967 350.506729125977 414.670860290527 407.391548156738 512.685948193073 513.588318824768 508.875347137451 614.452262878418 587.872276306152 657.248901367188 666.266479492188 585.016132354736 556.699548721313 504.366245269775 498.954887390137 378.348236083984 570.285335540771 507.451396942139 580.794036865234 584.673763275146 727.452224731445 731.863296508789
484.95193862915 459.480545043945 420.472213745117 509.896270751953 1198.27590942383 501.787269592285 554.205974578857 635.62899017334 699.396043777466 570.645883083344 671.367546081543 771.604156494141 606.729190826416 564.423815250397 516.773307800293 551.179061889648 492.812568664551 546.350034713745 466.708282470703 511.844421386719 614.791946411133 570.749756813049 451.224838256836 402.761322021484 530.275681495667 699.889266967773 491.927396774292 490.744295120239 498.979079246521 433.7275390625 540.834474563599 544.308834075928 506.92656993866 531.739042043686 517.683706283569 579.548610687256 416.339286804199 533.086617231369 420.711181640625 562.207925796509 634.71895980835 534.787361800671 561.324615478516 688.113616943359 492.81856918335 567.777675628662 535.70036816597 583.88272857666 588.985422134399 589.795219421387
524.041021347046 474.550220489502 522.611344337463 498.094139099121 543.505104064941 450.915588378906 475.322639465332 1146.05863952637 1157.6926279068 402.171936035156 485.784866333008 621.165210723877 647.726211547852 570.136659622192 565.582286834717 377.864624023438 565.445526123047 472.339569091797 518.783031463623 572.555229187012 593.500671386719 533.891719818115 402.190643310547 477.193161010742 581.2568359375 535.634201049805 570.63695526123 499.854475021362 547.706962585449 472.53148651123 477.730617523193 466.663311004639 548.315467834473 433.182067871094 439.818748474121 580.108383178711 451.502235412598 550.25691986084 413.384323120117 511.021617889404 418.741851806641 494.679847717285 525.987548828125 649.25471496582 772.138824462891 623.582809448242 477.337020874023 510.236850738525 603.406761169434 635.436019897461
537.762928009033 476.309339523315 478.792472839355 502.937419891357 469.253939628601 415.222713470459 403.090492248535 524.778096199036 592.82494354248 586.440063476562 754.849647521973 576.563682556152 567.702096939087 788.826591491699 426.255340576172 466.634658813477 510.393637657166 582.111125946045 605.771919250488 567.830417633057 634.657447814941 724.794723510742 639.540573120117 494.40532875061 577.972961425781 634.014862060547 530.018175125122 436.254402160645 541.237857818604 558.294303894043 491.34921169281 477.357917785645 542.731481552124 553.101356506348 491.222616195679 565.281688690186 439.879295349121 515.119793891907 429.533248901367 484.628393173218 384.720779418945 504.34766960144 589.113265991211 595.773162841797 652.585792541504 654.336334228516 443.815383911133 460.21932220459 545.189268112183 570.896369934082
494.60501408577 264.379577636719 566.917655944824 526.49747467041 393.349716186523 369.449516296387 406.309501647949 508.097325563431 386.207534790039 550.384033203125 482.449172973633 491.178657531738 478.681091308594 419.152961730957 556.72643661499 621.045227050781 555.569801330566 572.477348327637 539.620494842529 629.019989013672 680.381576538086 742.160797119141 698.987121582031 608.551773071289 617.094566345215 438.922958374023 496.682010650635 574.596046447754 372.667411804199 436.612823486328 393.280113220215 481.844961881638 505.085956335068 507.819770812988 604.76343536377 464.320121765137 425.828819274902 498.325157165527 523.930364608765 413.941032409668 614.317245483398 617.977920532227 619.530555725098 752.313613891602 550.87756729126 584.867385864258 472.395778656006 647.845397949219 726.283325195312 711.558456420898
351.27791595459 336.609252929688 582.388381958008 537.170013427734 395.85661315918 392.278717041016 484.721899032593 515.385889053345 498.200572878122 562.966594696045 598.275815963745 499.585046291351 379.748031616211 522.811939239502 801.772888183594 619.354278564453 547.944351196289 543.146907806396 501.968603134155 463.582710266113 545.660526275635 513.103946685791 573.533065795898 571.662033081055 450.775581359863 412.336273193359 377.063903808594 477.21768951416 480.341579914093 510.04167175293 545.768947601318 558.509620666504 418.563606262207 367.660919189453 412.745300292969 589.708038330078 477.515509605408 457.285678863525 529.319313049316 402.709480285645 356.545867919922 485.855674743652 516.518313884735 638.525650024414 561.922481536865 624.401405334473 611.015495300293 601.477069854736 546.690124511719 631.386444091797
326.781356811523 576.193115234375 414.20467376709 429.570724487305 531.0377368927 474.876834869385 408.679252624512 550.460670471191 587.689876556396 562.927299499512 473.129488945007 374.900756835938 425.898502349854 517.075653076172 569.747802734375 609.80167388916 518.063562393188 446.988960266113 603.039016723633 543.792499542236 392.756656646729 585.335639953613 530.941844940186 470.714370727539 386.850280761719 410.047908782959 442.355108261108 317.056106567383 275.157424926758 439.841682434082 484.462149620056 474.858542203903 528.237670898438 392.830688476562 510.595794677734 524.09383392334 473.022342681885 344.243103027344 469.363115310669 458.927375793457 411.154121398926 400.411209106445 566.18327331543 569.289485931396 593.816619873047 609.283729553223 464.768615722656 506.569046020508 584.069814682007 597.375350952148
475.157109260559 417.893711090088 415.024322509766 460.318313121796 611.44605255127 429.479415893555 529.56819152832 449.532335281372 437.336853027344 500.5543384552 566.483467102051 409.732666015625 425.275806427002 571.871673583984 565.192848205566 523.134960174561 459.583337783813 342.473663330078 394.244739532471 450.249102592468 459.784067153931 537.452499389648 550.473403930664 511.046237945557 590.873199462891 518.276863098145 517.300674438477 423.091251373291 490.188925743103 542.72827911377 465.41879940033 463.480682373047 433.027004241943 474.586992740631 531.37056350708 552.842742919922 608.261703491211 479.968727111816 279.929046630859 383.846298217773 375.610801696777 469.21794128418 452.790100097656 639.353805541992 476.304042816162 585.325714111328 489.610530853271 544.191825866699 477.434982299805 533.601434707642
298.342987060547 481.189353942871 590.567565917969 681.884124755859 602.481483459473 488.802543848753 419.169586181641 348.004760742188 323.777145385742 518.305084228516 449.947490692139 563.604103088379 564.922958374023 622.236206054688 453.99174684938 362.969352722168 483.143169403076 447.556032657623 421.50004196167 497.007978439331 340.886810302734 518.742431640625 497.858913421631 648.16845703125 502.072292327881 551.74186706543 548.340591430664 448.624321937561 441.986072540283 508.397531509399 486.139089584351 509.714719772339 424.421501159668 607.500930786133 529.468597412109 528.07177734375 533.229961395264 436.460178375244 364.993270874023 413.387828826904 331.968704223633 456.308197021484 576.900703430176 405.918151855469 631.384811401367 534.745962142944 481.946960449219 465.104125976562 595.824333190918 512.211769104004
248.252059936523 368.512550354004 487.14973449707 464.899318695068 489.519336700439 382.457382202148 380.656318664551 544.094100952148 546.179748535156 492.421785354614 411.303527832031 531.157680511475 475.105901241302 508.292804718018 475.136953353882 428.491264343262 432.651172637939 419.25760269165 492.348100662231 591.16340637207 555.100090026855 612.58935546875 514.083000183105 503.297031402588 520.794639587402 476.756128311157 527.024467468262 487.708786010742 427.088230133057 520.945957183838 525.656681060791 572.335899353027 580.049224853516 494.078001022339 576.289497375488 498.235330581665 532.193572998047 416.418144226074 418.387176513672 456.53858089447 496.100503921509 439.351181030273 492.984173059464 390.502700805664 476.194606781006 460.465793609619 582.196342468262 426.769073486328 588.203506469727 625.877723693848
241.257019042969 381.659614562988 469.020767211914 416.359344482422 421.123582839966 396.610130310059 484.285838127136 433.345567703247 438.493839263916 418.808929443359 513.199577331543 342.76220703125 440.176567077637 354.422790527344 468.057129383087 466.223809242249 421.841598510742 379.055931091309 442.869510650635 464.85880279541 529.905952453613 590.842987060547 610.475608825684 498.890893936157 531.853939056396 527.189659118652 531.096435546875 422.324504852295 393.586967468262 558.140602111816 628.309677124023 453.198024749756 525.297386169434 538.482391357422 337.90372467041 340.769844055176 459.833969116211 562.292167663574 500.078031539917 605.899589538574 525.825910568237 490.324413299561 406.671768188477 624.793846130371 501.970052719116 411.238082885742 409.719909667969 569.037511825562 416.542953491211 491.122722625732
340.103454589844 384.173477172852 380.586807250977 502.462844848633 462.103444099426 478.733829021454 368.607002258301 469.619079947472 322.172912597656 476.134003639221 471.160407066345 429.11661529541 490.373340606689 422.323516845703 481.835348963737 539.388862609863 463.553018569946 372.510139465332 394.018928527832 301.181869506836 320.36311340332 487.287097930908 479.937719792128 567.807861328125 554.786838531494 605.182952880859 469.497759819031 422.455348968506 436.10436630249 431.688583374023 467.632667303085 462.600431442261 482.89733839035 451.98349571228 368.064193725586 482.128601074219 415.772674560547 471.670269012451 575.275512695312 622.910911560059 540.504166126251 395.422302246094 380.282203674316 556.242164611816 471.468925476074 454.114471435547 410.737228393555 415.762870788574 416.90592956543 470.214782714844
454.94679069519 317.556327819824 252.915710449219 291.622055053711 378.577461242676 468.57128238678 510.016975402832 532.471939086914 383.098068237305 345.951606750488 439.83375453949 403.729850769043 389.108352661133 458.224558830261 569.581565856934 435.121078491211 573.673675537109 584.358680725098 520.698787689209 495.147096633911 424.354560852051 440.765478134155 411.625663757324 521.816467285156 468.376289844513 497.861518859863 290.369674682617 392.244621276855 381.113929748535 530.418720245361 415.879165649414 390.271301269531 596.745719909668 559.196632385254 577.608848571777 516.578140258789 454.956100463867 432.487232208252 436.19556427002 506.487051486969 582.325881958008 517.120054244995 488.295821070671 582.065559387207 366.414184570312 460.333808898926 400.379302978516 405.512924194336 296.422332763672 538.548625707626
450.247514724731 327.887817382812 359.836715698242 388.716571807861 450.603574752808 518.123062133789 454.216061592102 363.151832580566 388.202602386475 466.806552886963 487.263307571411 541.057014465332 511.567398071289 531.404174804688 347.261238098145 419.587837219238 496.830464363098 492.103888988495 370.711753845215 504.509136199951 482.996972084045 557.058784484863 563.926971435547 424.614158630371 480.526454925537 416.939903259277 451.587051391602 533.709251403809 398.350639343262 438.211246490479 493.424851775169 432.357780456543 431.382568359375 679.6591796875 611.735954284668 505.35311126709 449.419925689697 522.975257873535 547.77611541748 460.572254180908 458.243877410889 498.382073402405 579.07434463501 513.350696563721 574.125175476074 361.987686157227 465.077362060547 468.596588134766 482.192371368408 562.890296936035
