simdem/realisation37.asc
NCOLS 350 
NROWS 171 
XLLCORNER 152620 
YLLCORNER 418050 
CELLSIZE 100 
NODATA_value -9999 
[rows 88 to 109 of 171, columns 50 to 99 of 350]
352.231666564941 356.248672485352 610.537033081055 623.803039550781 469.065376281738 479.577697753906 549.834655761719 489.885147094727 384.639602661133 293.858945846558 322.26033782959 287.13232421875 184.720886230469 197.828247070312 309.050388336182 213.131896972656 172.366119384766 385.426525592804 433.3694190979 501.398773193359 299.001419067383 508.697875976562 284.609031677246 259.20051574707 310.958938598633 463.117538452148 476.051658630371 401.715929031372 397.745624542236 390.078807830811 404.749015808105 376.442283630371 491.485702514648 362.708389282227 407.110466003418 643.905265808105 551.39176940918 324.778717041016 315.416030883789 489.130882263184 462.837814331055 -9999 -9999 -9999 -9999 -9999 -9999 -9999 -9999 -9999
352.953056335449 445.660468101501 442.431448459625 520.019233703613 494.96558380127 513.937187194824 450.029029846191 297.459976196289 348.588234901428 273.100719451904 221.783699035645 322.269300937653 370.461120605469 429.242950439453 305.345741271973 174.297821044922 243.886009216309 315.170112609863 280.63436126709 225.19953918457 301.983695983887 377.409734725952 450.57999420166 442.631160736084 303.593879699707 377.112060546875 448.477268218994 459.619972229004 457.733520507812 428.805511474609 479.902180671692 523.906970977783 445.079135894775 453.955184459686 563.632106781006 565.088455200195 578.219804763794 366.655639648438 575.34259223938 493.408660888672 -9999 -9999 -9999 -9999 -9999 -9999 -9999 -9999 -9999 -9999
975.684234619141 332.203094482422 403.088081359863 454.018550872803 451.367250442505 504.44898223877 371.753555297852 374.452993392944 285.211181640625 409.343486785889 327.45548248291 224.819412231445 450.065368652344 234.23908996582 247.467971801758 323.514251708984 352.383378982544 360.168342590332 289.358871459961 245.292922973633 235.42204284668 472.620254516602 410.256185293198 494.177978515625 371.677169799805 427.489660263062 292.881568908691 368.760395050049 322.906257629395 367.659591674805 494.784083366394 516.539577484131 424.960155487061 461.553304433823 835.661486625671 532.61011505127 373.91145324707 712.283782958984 659.466892242432 579.995962142944 -9999 -9999 -9999 -9999 -9999 -9999 -9999 -9999 -9999 -9999
607.370010375977 793.149925231934 362.985298156738 328.210319519043 529.530067443848 396.494212031364 414.882024765015 446.67759513855 297.27938079834 272.925323486328 369.062571525574 299.350730895996 458.569267272949 288.389533996582 228.761016845703 248.805557250977 548.655563354492 421.666223526001 375.431217193604 364.738330841064 293.966667175293 255.330932617188 434.061574935913 476.1950340271 437.678371429443 414.772453546524 380.342407226562 460.192783355713 459.921354293823 446.330101013184 560.450355529785 393.617576599121 416.073619842529 521.341067552567 691.22575378418 477.355484008789 543.111320495605 514.398655891418 630.972457885742 -9999 -9999 -9999 -9999 -9999 -9999 -9999 -9999 -9999 -9999 -9999
425.538391113281 472.526042938232 744.286098480225 353.333557128906 480.201515197754 504.810348510742 366.741500854492 266.594421386719 347.240676879883 378.731952667236 453.725845336914 267.834518432617 463.891288757324 314.725212097168 407.481676101685 359.026985168457 312.992347717285 191.369445800781 297.448471069336 391.137271881104 323.544998168945 330.375953674316 453.753479003906 423.694816589355 454.8337059021 373.581611633301 340.36067199707 370.162990570068 538.364837646484 450.151042938232 394.377471923828 412.203151702881 475.23962020874 517.670440673828 482.033599853516 558.569403648376 542.776212692261 651.271602630615 639.184591293335 -9999 -9999 -9999 -9999 -9999 -9999 -9999 -9999 -9999 -9999 -9999
360.738079071045 435.242263793945 512.996322631836 831.075384140015 319.756561279297 501.404733657837 421.888323187828 414.759703636169 358.285919189453 444.907814025879 312.553443908691 432.14693069458 430.524457931519 399.152250289917 373.955260276794 308.933372497559 238.449554443359 334.490665435791 247.595443725586 371.3037109375 428.415022134781 343.814994812012 425.167883872986 447.670473098755 395.306449890137 304.527473449707 321.701461791992 444.793420791626 619.892974853516 512.670860290527 485.965833187103 551.321487426758 632.125011444092 767.467021942139 637.958450317383 444.812301635742 411.315528869629 568.374317169189 480.92463684082 -9999 -9999 -9999 -9999 -9999 -9999 -9999 -9999 -9999 -9999 -9999
459.878845214844 404.93839263916 438.234931945801 443.407665252686 785.594329833984 572.811576843262 462.429851531982 370.804462432861 429.632912635803 417.33967590332 273.462356567383 355.206378936768 428.331623077393 378.037049531937 391.006856918335 412.050872802734 345.361930847168 303.839454650879 444.605369567871 470.623271942139 544.876686096191 579.731506347656 439.764780044556 391.407321929932 396.155570983887 417.490663528442 472.915393829346 520.840713500977 585.680458068848 696.92268371582 456.15859413147 519.171409606934 555.529403686523 548.337780237198 573.615170478821 628.064533233643 444.694900512695 554.384284973145 -9999 -9999 -9999 -9999 -9999 -9999 -9999 -9999 -9999 -9999 -9999 -9999
495.923828125 264.101137161255 221.703659057617 474.564054489136 441.234006881714 491.221061706543 488.610292434692 311.67546081543 206.616149902344 402.847370147705 423.183788299561 317.189292907715 444.369290113449 291.170356750488 356.082706451416 255.725509643555 428.764060974121 309.772567749023 340.06396484375 334.36727142334 407.756038665771 286.438186645508 437.288940429688 390.515419006348 360.978523254395 445.379444122314 375.454620361328 559.468589782715 615.716606140137 561.229797363281 511.494646072388 586.680595397949 624.001892089844 548.494884490967 425.035186767578 477.745727539062 238.5966796875 575.224716186523 -9999 -9999 -9999 -9999 -9999 -9999 -9999 -9999 -9999 -9999 -9999 -9999
373.816864013672 239.212312698364 308.577039718628 255.250930786133 641.205642700195 656.486946105957 542.073909759521 290.804306030273 379.77844619751 471.326675415039 281.52165222168 375.637687683105 345.994506835938 232.036499023438 305.339385986328 399.675395011902 357.666191101074 479.196464538574 305.228302001953 396.500553131104 281.081832885742 223.784057617188 335.49267578125 491.709197998047 325.16145324707 531.975067138672 448.416343688965 490.825799942017 520.559703826904 595.124465942383 532.687999725342 561.462783813477 660.724700927734 493.820285797119 541.965423583984 601.707294464111 455.356628417969 598.76043510437 -9999 -9999 -9999 -9999 -9999 -9999 -9999 -9999 -9999 -9999 -9999 -9999
314.273738861084 266.734159231186 227.336165428162 621.411743164062 505.446161270142 659.480674743652 634.155014038086 377.650512695312 259.874488830566 317.365005493164 358.902679443359 298.843414306641 301.024948120117 296.416320800781 342.097686767578 397.741655349731 338.894493103027 416.068309783936 276.222579956055 343.947906494141 350.250640869141 630.848358154297 217.952606201172 253.31591796875 502.655925750732 311.666656494141 355.040557861328 445.29328918457 543.377830505371 576.009536743164 504.262630462646 397.67716217041 909.218566894531 696.205497741699 499.324237823486 529.618015289307 486.100151062012 -9999 -9999 -9999 -9999 -9999 -9999 -9999 -9999 -9999 -9999 -9999 -9999 -9999
478.110130310059 274.972329139709 657.75505065918 778.843688964844 628.669158935547 500.946350097656 412.228805541992 500.165050506592 583.077942848206 346.333305358887 321.225814819336 353.45677947998 316.469100952148 350.940536499023 326.798637390137 387.821094512939 428.361831188202 326.445571899414 263.351371765137 164.750823974609 586.190479278564 433.887008666992 327.89338684082 456.055877685547 352.787132263184 668.588989257812 371.346733093262 279.659088134766 368.375648498535 717.356325149536 567.322717666626 627.468938112259 586.932230949402 679.364631652832 539.344039916992 593.846008300781 533.967964172363 -9999 -9999 -9999 -9999 -9999 -9999 -9999 -9999 -9999 -9999 -9999 -9999 -9999
495.777931213379 579.781355381012 534.362146377563 503.74585723877 568.834342956543 605.773111343384 424.701354980469 430.994781494141 346.788635253906 374.477127075195 452.82405090332 460.056869506836 389.875267028809 370.488662719727 305.140853881836 510.375915527344 424.714074134827 284.147483825684 501.438140869141 511.319154977798 589.558792114258 500.778291702271 419.387702941895 471.009605407715 537.427217483521 507.853786468506 839.338288068771 540.535636901855 713.290550231934 731.737140655518 611.068267822266 731.86909866333 828.615539550781 562.863975524902 614.96639251709 434.920715332031 532.678329467773 -9999 -9999 -9999 -9999 -9999 -9999 -9999 -9999 -9999 -9999 -9999 -9999 -9999
561.641521453857 442.294235229492 517.841209411621 593.526485443115 818.168273925781 663.833389282227 617.307409286499 576.42692565918 517.576919555664 595.231510162354 550.253921508789 570.815450668335 614.581184387207 515.808898925781 268.306816101074 240.358322143555 386.508010864258 396.541046142578 375.474472045898 498.017078399658 583.742420196533 397.985061645508 571.409620285034 645.405265808105 512.778793334961 447.996887207031 568.14674949646 606.186876296997 716.845718383789 829.676879882812 658.500211715698 555.471649169922 650.450714111328 672.599899291992 500.972800254822 631.219041824341 550.720680236816 -9999 -9999 -9999 -9999 -9999 -9999 -9999 -9999 -9999 -9999 -9999 -9999 -9999
347.883106231689 564.334792852402 760.699211120605 792.799758911133 770.028274536133 805.832244873047 646.876592636108 584.749633789062 712.837738037109 734.70588684082 720.234817504883 625.815417408943 1015.16784667969 468.993312835693 435.122817993164 609.29670715332 450.037139892578 509.320886611938 556.512978553772 607.377435684204 548.772773742676 616.172475814819 564.811251282692 575.83051776886 577.5726146698 534.605493545532 677.553451538086 576.671907424927 632.774705886841 750.21662902832 652.223441123962 593.618158340454 547.471054077148 496.114845275879 693.371032714844 591.26341432333 -9999 -9999 -9999 -9999 -9999 -9999 -9999 -9999 -9999 -9999 -9999 -9999 -9999 -9999
220.864212036133 435.196210861206 664.701122283936 686.740585327148 839.885040283203 759.259239196777 726.585845947266 685.061470031738 743.884811401367 715.123466491699 624.275369644165 606.330997467041 752.524520874023 755.078125 443.145597457886 513.428039550781 607.962852478027 475.836103439331 622.649711608887 579.94066619873 669.876434326172 714.157836914062 620.69482421875 659.490287780762 572.639667510986 591.553302764893 692.959533691406 589.682907104492 610.907844543457 652.935752868652 587.144968032837 503.141187667847 619.062068939209 611.622625350952 630.149011611938 -9999 -9999 -9999 -9999 -9999 -9999 -9999 -9999 -9999 -9999 -9999 -9999 -9999 -9999 -9999
380.042132854462 312.382828712463 506.559067726135 575.645812988281 535.247138977051 503.579844236374 766.475143432617 681.972259521484 671.408185482025 590.767192840576 623.479560852051 403.439499378204 448.90450668335 715.589233398438 641.011917114258 507.479028701782 698.448287963867 574.747283935547 639.45482635498 589.600818634033 592.540260314941 508.303176879883 562.315589904785 677.325012207031 544.769062042236 542.344505310059 693.024963378906 554.616943359375 419.945434570312 550.387199401855 531.336742401123 510.421768188477 556.10013961792 460.2802734375 -9999 -9999 -9999 -9999 -9999 -9999 -9999 -9999 -9999 -9999 -9999 -9999 -9999 -9999 -9999 -9999
807.845460891724 473.850643157959 281.096755981445 436.699394226074 432.019226074219 403.285452127457 527.429702758789 691.856552124023 527.724868774414 549.782653808594 543.096925735474 536.163784980774 614.684005737305 695.408721923828 453.050559997559 550.927881240845 666.160255432129 427.763027191162 498.912536621094 560.606698989868 576.627880096436 432.569435119629 530.149333953857 451.194793701172 360.943344116211 523.105695366859 496.079254150391 412.938407897949 359.248893737793 525.195373535156 707.798446655273 604.535444259644 531.438018798828 -9999 -9999 -9999 -9999 -9999 -9999 -9999 -9999 -9999 -9999 -9999 -9999 -9999 -9999 -9999 -9999 -9999
-9999 576.182228088379 890.520050048828 450.412638783455 285.303169250488 751.051347732544 396.209979057312 324.416101455688 330.986562728882 409.368236541748 422.173153877258 434.040120124817 449.137897491455 504.30419921875 567.655715942383 485.694747924805 465.671816825867 418.320766448975 497.260581970215 401.30131149292 586.668350219727 435.127343654633 409.324211120605 230.18830871582 371.630195617676 388.451927185059 485.491671085358 471.216430664062 420.742736816406 529.115180969238 706.795448303223 678.05290222168 -9999 -9999 -9999 -9999 -9999 -9999 -9999 -9999 -9999 -9999 -9999 -9999 -9999 -9999 -9999 -9999 -9999 -9999
-9999 -9999 -9999 -9999 751.438314437866 856.143759727478 625.529968261719 445.277606964111 903.477577209473 807.39575958252 528.410064697266 590.340888977051 590.49292755127 532.986503601074 269.026977539062 356.569042205811 432.596971511841 4.10871124267578 114.398124694824 613.939582824707 578.343677520752 477.669620513916 483.726390838623 373.157211303711 348.20524597168 250.073013305664 393.927886962891 579.002973556519 284.044921875 542.885606765747 -9999 -9999 -9999 -9999 -9999 -9999 -9999 -9999 -9999 -9999 -9999 -9999 -9999 -9999 -9999 -9999 -9999 -9999 -9999 -9999
-9999 -9999 -9999 -9999 -9999 -9999 -9999 -9999 -9999 967.171314239502 654.830844402313 656.539600372314 624.244510650635 540.736222267151 435.252273082733 503.800239562988 499.613349914551 -37.2006607055664 156.023902893066 724.024490356445 741.141296386719 683.072235107422 510.101669311523 496.660583496094 559.92943572998 573.946502685547 699.222396850586 560.565742492676 -9999 -9999 -9999 -9999 -9999 -9999 -9999 -9999 -9999 -9999 -9999 -9999 -9999 -9999 -9999 -9999 -9999 -9999 -9999 -9999 -9999 -9999
-9999 -9999 -9999 -9999 -9999 -9999 -9999 -9999 -9999 -9999 -9999 -9999 -9999 -9999 -9999 -9999 639.556158065796 913.148643493652 884.064997196198 802.852500915527 979.044944763184 1022.79710388184 944.56169128418 910.447410583496 890.045166015625 -9999 -9999 -9999 -9999 -9999 -9999 -9999 -9999 -9999 -9999 -9999 -9999 -9999 -9999 -9999 -9999 -9999 -9999 -9999 -9999 -9999 -9999 -9999 -9999 -9999
-9999 -9999 -9999 -9999 -9999 -9999 -9999 -9999 -9999 -9999 -9999 -9999 -9999 -9999 -9999 -9999 -9999 -9999 -9999 -9999 -9999 -9999 -9999 -9999 -9999 -9999 -9999 -9999 -9999 -9999 -9999 -9999 -9999 -9999 -9999 -9999 -9999 -9999 -9999 -9999 -9999 -9999 -9999 -9999 -9999 -9999 -9999 -9999 -9999 -9999
