simdem/realisation95.asc
NCOLS 350 
NROWS 171 
XLLCORNER 152620 
YLLCORNER 418050 
CELLSIZE 100 
NODATA_value -9999 
[rows 88 to 109 of 171, columns 50 to 99 of 350]
317.738433837891 384.684024810791 366.951217651367 503.107200622559 554.017379760742 506.652160644531 482.125190734863 382.524928092957 233.064224243164 267.47713470459 188.435791015625 164.499710083008 446.772834777832 482.952056884766 418.506732940674 373.406032562256 293.161842346191 445.10733795166 499.481803894043 383.800032615662 383.846508026123 348.911964416504 501.793830871582 385.263877868652 414.243149280548 376.064199447632 477.597591400146 378.28475189209 461.700691223145 405.38451385498 451.743571937084 399.376617431641 360.680603027344 410.798805236816 419.394027709961 567.300951004028 504.145263671875 394.312072753906 549.750831604004 703.277648925781 604.009134292603 -9999 -9999 -9999 -9999 -9999 -9999 -9999 -9999 -9999
316.180503845215 454.678869247437 594.743408203125 701.913421630859 544.906692504883 490.722610473633 436.788009643555 365.721217870712 217.44873046875 300.015937805176 152.36962890625 261.815040588379 345.287221908569 485.277870178223 530.54345703125 376.183647632599 333.271241784096 491.801216125488 302.857490539551 386.696342468262 274.76188659668 415.326263427734 415.30849647522 329.642448425293 509.965385437012 337.129516601562 342.803310394287 319.799926757812 398.522163391113 361.180137634277 461.267048835754 435.790546417236 408.068486191332 481.611940383911 544.107269287109 615.371837615967 603.481880187988 533.174194335938 586.571991920471 782.258773803711 -9999 -9999 -9999 -9999 -9999 -9999 -9999 -9999 -9999 -9999
873.870624542236 629.540283203125 549.45401763916 610.048919677734 491.453308105469 396.754553198814 198.426307678223 293.649955749512 306.478485107422 350.461661338806 349.208597898483 348.931867599487 382.186143875122 325.268096923828 339.79437828064 403.709327697754 392.45339012146 355.950057983398 419.629482269287 392.319451808929 404.173399448395 419.253204345703 358.418190002441 508.152641296387 487.39720916748 375.406532287598 320.226638793945 374.515975952148 462.354824066162 496.168354034424 401.773109436035 362.287445068359 401.620502471924 543.364585876465 885.213031768799 613.701366424561 574.98307800293 412.387725830078 506.149688720703 565.445690155029 -9999 -9999 -9999 -9999 -9999 -9999 -9999 -9999 -9999 -9999
592.660659790039 965.986518859863 641.752593994141 252.397888183594 296.857772827148 389.98907995224 267.286041259766 444.250520706177 300.450019836426 201.174087524414 434.147350311279 392.474617958069 371.449298858643 319.887058258057 301.531845092773 244.918304443359 495.798294067383 537.289306640625 414.894498825073 503.087310791016 480.086616516113 392.101449012756 282.790046691895 565.983993530273 410.422693729401 341.640907287598 402.702514648438 270.965316772461 406.698308944702 394.991981506348 387.95662689209 359.597480773926 332.978103637695 502.151893615723 797.278468608856 677.137619018555 716.741271972656 492.097524642944 609.152235031128 -9999 -9999 -9999 -9999 -9999 -9999 -9999 -9999 -9999 -9999 -9999
280.937953472137 440.830474853516 791.449562072754 355.493938446045 350.523468017578 361.163345336914 352.798309326172 333.489418029785 373.450389862061 262.366760253906 402.476741790771 397.228678226471 397.558842658997 304.724739074707 335.838550567627 374.914367675781 486.553268432617 439.348457336426 431.886461257935 404.016386985779 553.801918029785 469.017925262451 467.015396118164 380.177841186523 458.039566040039 438.614725112915 469.857765197754 455.531745910645 573.087738037109 400.488647460938 483.331148147583 357.110069274902 385.059555053711 727.220756530762 619.482820510864 656.650604248047 572.854022979736 675.422401428223 742.585433959961 -9999 -9999 -9999 -9999 -9999 -9999 -9999 -9999 -9999 -9999 -9999
304.983880681917 415.74698638916 506.9169921875 760.612361907959 137.896453857422 521.236488342285 480.325313568115 391.310699462891 425.036239624023 226.016540527344 301.268402099609 356.982364654541 379.103387832642 356.943470001221 301.99324798584 373.615767478943 472.63126373291 420.562622070312 391.052154541016 414.90326499939 484.421806335449 492.328765869141 504.164962768555 478.721923828125 538.353607177734 459.068180084229 562.163780212402 360.557792663574 380.608688354492 461.726310014725 448.268077850342 415.938549041748 548.560455322266 625.615036010742 623.87572479248 495.205711364746 475.216857910156 588.013214111328 693.048393249512 -9999 -9999 -9999 -9999 -9999 -9999 -9999 -9999 -9999 -9999 -9999
344.283840179443 313.903708457947 330.481735229492 428.776527404785 675.983833312988 501.029003143311 449.914734363556 353.719863891602 592.058349609375 482.823799133301 317.644218444824 320.870597839355 329.242080688477 325.325347900391 381.759166717529 351.719818115234 450.632610321045 451.122394561768 433.459953308105 223.446258544922 409.925786972046 514.794692993164 456.623374938965 391.279809951782 338.499801635742 346.497688293457 460.976261138916 450.286127090454 424.688575744629 539.48828125 545.676788330078 562.794672489166 449.689437866211 549.103065729141 512.807662963867 499.822944641113 310.611053466797 524.964897155762 -9999 -9999 -9999 -9999 -9999 -9999 -9999 -9999 -9999 -9999 -9999 -9999
290.211818695068 243.408908843994 287.124904632568 355.649261474609 404.161062240601 521.306671142578 601.68132019043 619.773483276367 517.994766235352 397.816576004028 558.976524353027 328.3720703125 465.020645141602 396.860323905945 485.292503356934 349.484676361084 336.639060974121 289.987678527832 399.301721572876 257.939880371094 256.030960083008 366.777435302734 482.623383045197 437.981132507324 431.968044281006 430.345771789551 404.526954650879 451.12801361084 449.647560119629 572.479606628418 461.849674224854 484.652540206909 507.351234436035 550.192966461182 385.834197998047 442.185752868652 439.333106994629 513.465118408203 -9999 -9999 -9999 -9999 -9999 -9999 -9999 -9999 -9999 -9999 -9999 -9999
380.776321411133 342.067024230957 363.048446655273 216.07523727417 478.326595306396 620.327758789062 595.810585021973 461.477819442749 292.781814575195 454.696033477783 412.862936258316 509.380739212036 394.175308227539 396.241223812103 464.699531555176 333.099334716797 443.901992797852 390.225261688232 332.729217529297 404.988838195801 333.766204833984 371.959196090698 538.944091796875 406.033912658691 207.437072753906 363.88801574707 417.047245025635 523.165351867676 413.663848876953 426.678068161011 458.255806922913 551.626098632812 518.022869110107 570.98356628418 513.485157012939 423.308059692383 488.461423873901 541.625381469727 -9999 -9999 -9999 -9999 -9999 -9999 -9999 -9999 -9999 -9999 -9999 -9999
269.528968811035 214.596782684326 106.914825439453 377.907836914062 398.822807312012 496.746826171875 522.46520614624 435.626121520996 370.232005119324 472.514532089233 595.359802246094 511.039978027344 515.511390686035 503.697052001953 494.493087768555 475.9602394104 473.745807647705 350.19066619873 539.592895507812 316.883712768555 259.800735473633 709.226371765137 457.334972381592 492.544640541077 381.92155456543 165.50390625 279.151870727539 322.171127319336 403.732330322266 397.236303329468 422.271295547485 367.676010131836 845.453971862793 741.24923992157 603.708190917969 377.277458190918 544.462543487549 -9999 -9999 -9999 -9999 -9999 -9999 -9999 -9999 -9999 -9999 -9999 -9999 -9999
567.045102119446 239.012321472168 554.696170806885 626.557556152344 456.251663208008 546.665921211243 538.408665657043 488.997993469238 518.592964172363 489.476898193359 578.513244628906 555.611587524414 560.293518066406 537.71117401123 537.521514892578 309.379829406738 374.82299041748 327.992805480957 290.778450012207 316.872459411621 578.900831222534 502.284866333008 514.337905883789 543.84947681427 357.576118469238 651.951278686523 374.981475830078 349.382080078125 331.12622833252 466.906692504883 415.534332275391 577.874080657959 574.372848510742 571.979711532593 488.869716644287 468.245584487915 531.498790740967 -9999 -9999 -9999 -9999 -9999 -9999 -9999 -9999 -9999 -9999 -9999 -9999 -9999
657.750152587891 425.869293212891 447.2685546875 640.819263458252 526.634475708008 500.446250915527 499.057609558105 328.04020690918 441.928359985352 499.826664924622 601.830268859863 496.413002252579 497.681938171387 433.170829772949 551.101058959961 371.123027801514 351.710342407227 386.844521760941 522.231250762939 452.984111785889 531.849682331085 574.354911804199 392.500762939453 449.551780700684 522.864028930664 347.982772827148 573.407470703125 369.361480712891 480.269592285156 433.896362304688 578.844089508057 662.480537414551 555.204521179199 388.58504486084 468.386426925659 586.982032775879 712.649230957031 -9999 -9999 -9999 -9999 -9999 -9999 -9999 -9999 -9999 -9999 -9999 -9999 -9999
644.192283630371 528.808959960938 574.299753189087 511.561878204346 540.261341094971 593.611642837524 636.928852081299 390.579986572266 561.819427490234 588.212471008301 636.488109588623 581.614971160889 541.811174631119 522.376411437988 404.495740890503 353.158554077148 290.387069702148 404.457939147949 445.773284912109 623.265914916992 633.311630249023 474.009902954102 434.72061920166 435.499931335449 446.292602539062 402.426986694336 421.889297485352 428.88298034668 672.423192977905 689.347995758057 570.390205383301 581.889015197754 513.337799072266 518.340057373047 718.958267211914 640.160377502441 692.666923522949 -9999 -9999 -9999 -9999 -9999 -9999 -9999 -9999 -9999 -9999 -9999 -9999 -9999
360.632820129395 535.504179000854 508.768615722656 526.166450500488 480.528793334961 635.814426422119 628.949028015137 615.157041549683 424.220672607422 633.339767456055 700.5817527771 616.510431289673 840.323021411896 422.516761779785 443.483947753906 630.109848022461 456.502822875977 457.162483215332 311.028045654297 675.355388641357 535.806995391846 504.830322265625 424.733428955078 583.592525243759 527.229339599609 504.55549621582 657.229820251465 564.746745109558 416.178527832031 626.721565246582 600.802436828613 462.915588378906 306.152572631836 420.423698425293 599.07555437088 567.383495330811 -9999 -9999 -9999 -9999 -9999 -9999 -9999 -9999 -9999 -9999 -9999 -9999 -9999 -9999
454.896530151367 410.950729370117 544.430458068848 598.622993469238 637.887655258179 570.497230529785 731.87483215332 533.050415039062 475.799621582031 609.247749328613 654.281651735306 693.518115997314 792.593521118164 515.45189666748 538.689918518066 608.658050537109 566.566944122314 502.783843994141 493.793090820312 503.075885772705 599.879467010498 594.07963180542 548.625726699829 584.992873311043 546.346309661865 575.95880317688 696.611770629883 585.241540908813 384.738372802734 459.921600341797 454.701644897461 446.688285827637 429.413589477539 425.95295715332 598.749473571777 -9999 -9999 -9999 -9999 -9999 -9999 -9999 -9999 -9999 -9999 -9999 -9999 -9999 -9999 -9999
439.515823364258 242.295127868652 454.677005767822 514.466484069824 389.764297485352 574.353500366211 719.617721557617 563.436462402344 537.566261291504 654.247604608536 548.006973266602 378.512878417969 380.108066558838 500.744840621948 623.41397857666 566.45552444458 390.667327880859 584.015056610107 665.418403625488 476.249195098877 542.934293746948 558.906490325928 604.228046417236 709.447792053223 497.814849853516 577.338729858398 450.299263000488 410.400299072266 366.427368164062 495.044239044189 405.898239135742 586.243605136871 536.204483032227 600.99730014801 -9999 -9999 -9999 -9999 -9999 -9999 -9999 -9999 -9999 -9999 -9999 -9999 -9999 -9999 -9999 -9999
813.884763717651 451.824758529663 255.297843933105 267.564430236816 240.910247802734 345.234676361084 424.682571411133 438.897087097168 396.599536895752 462.373325824738 536.985279083252 564.643058776855 525.743537902832 586.313068389893 495.003015995026 306.642837524414 410.263778686523 381.780410766602 674.714904785156 533.182244777679 476.409873962402 362.20964050293 575.584955215454 540.301815032959 334.291915893555 336.861679077148 365.66667175293 394.900001525879 403.574481964111 405.41382598877 695.421989440918 583.930180549622 635.372215270996 -9999 -9999 -9999 -9999 -9999 -9999 -9999 -9999 -9999 -9999 -9999 -9999 -9999 -9999 -9999 -9999 -9999
-9999 534.551917076111 867.139297485352 346.316528320312 131.529174804688 601.765670776367 273.596008300781 282.797973632812 357.427248001099 403.492336273193 501.759124755859 396.464128494263 309.168525695801 392.334224700928 296.370109558105 200.971313476562 297.183395385742 180.185546875 393.276020050049 487.748359680176 443.46967124939 335.443222045898 476.262927055359 505.081474304199 323.213012695312 332.630813598633 422.497688293457 467.498497009277 420.432830810547 443.874519348145 644.265659332275 593.665183067322 -9999 -9999 -9999 -9999 -9999 -9999 -9999 -9999 -9999 -9999 -9999 -9999 -9999 -9999 -9999 -9999 -9999 -9999
-9999 -9999 -9999 -9999 703.073554992676 862.020626544952 547.395713806152 348.127433776855 850.021871566772 845.364027023315 630.037292480469 510.263774871826 418.884033203125 307.809837341309 180.473617553711 259.539001464844 459.601630210876 -9.34072113037109 109.216281890869 794.640197753906 509.655059814453 280.964889526367 493.810817718506 551.50958442688 406.770233154297 387.68367767334 490.161163330078 416.367263793945 403.727550506592 530.650497436523 -9999 -9999 -9999 -9999 -9999 -9999 -9999 -9999 -9999 -9999 -9999 -9999 -9999 -9999 -9999 -9999 -9999 -9999 -9999 -9999
-9999 -9999 -9999 -9999 -9999 -9999 -9999 -9999 -9999 972.383026123047 819.129638671875 730.066879272461 535.421936035156 514.165021896362 360.850730895996 494.658103942871 485.928207397461 -56.2453765869141 248.393112182617 634.194249242544 587.007751464844 512.220146179199 439.996566772461 628.255604594946 445.932418823242 603.105693817139 535.8349609375 523.211357116699 -9999 -9999 -9999 -9999 -9999 -9999 -9999 -9999 -9999 -9999 -9999 -9999 -9999 -9999 -9999 -9999 -9999 -9999 -9999 -9999 -9999 -9999
-9999 -9999 -9999 -9999 -9999 -9999 -9999 -9999 -9999 -9999 -9999 -9999 -9999 -9999 -9999 -9999 638.969970703125 809.171508789062 934.969470977783 913.382400512695 776.385559082031 745.582534790039 857.587867736816 860.790344238281 854.319686889648 -9999 -9999 -9999 -9999 -9999 -9999 -9999 -9999 -9999 -9999 -9999 -9999 -9999 -9999 -9999 -9999 -9999 -9999 -9999 -9999 -9999 -9999 -9999 -9999 -9999
-9999 -9999 -9999 -9999 -9999 -9999 -9999 -9999 -9999 -9999 -9999 -9999 -9999 -9999 -9999 -9999 -9999 -9999 -9999 -9999 -9999 -9999 -9999 -9999 -9999 -9999 -9999 -9999 -9999 -9999 -9999 -9999 -9999 -9999 -9999 -9999 -9999 -9999 -9999 -9999 -9999 -9999 -9999 -9999 -9999 -9999 -9999 -9999 -9999 -9999
