simdem/realisation46.asc
NCOLS 350 
NROWS 171 
XLLCORNER 152620 
YLLCORNER 418050 
CELLSIZE 100 
NODATA_value -9999 
[rows 66 to 87 of 171, columns 150 to 199 of 350]
493.326446533203 404.711791992188 581.362619400024 561.565683364868 560.024646759033 399.187362670898 534.04907989502 494.575023651123 518.362251281738 556.011667251587 512.54105758667 505.070861816406 653.333709716797 479.875999450684 567.898418426514 532.83678817749 614.431755065918 580.905735015869 626.615669250488 506.627662658691 549.048984527588 570.977675437927 562.977425813675 573.17891561985 482.301040649414 754.023376464844 715.411727905273 657.359146118164 603.135967254639 529.817390441895 567.694484710693 466.398330688477 510.333465576172 559.604244232178 570.384588241577 559.750160217285 377.201110839844 581.811840057373 552.456634521484 563.24401473999 626.713081359863 618.857604980469 660.122646331787 660.902235031128 597.632255554199 635.585457801819 569.322692871094 547.524940490723 638.104273855686 720.027519226074
389.511871337891 486.251636505127 499.767204284668 483.047828674316 478.987770080566 469.065559387207 572.245492935181 486.434028625488 526.074901580811 451.629814147949 502.640617370605 476.898719787598 522.458824157715 502.06120300293 606.679347991943 461.465461730957 562.783484458923 642.443725585938 575.543476104736 436.69409942627 543.315982818604 622.967437744141 741.245330810547 573.324834823608 596.789697647095 619.387722015381 644.784942626953 654.404273986816 620.338264465332 589.27075958252 527.759506225586 482.152038574219 579.912908554077 593.232986450195 751.708389282227 650.742172241211 562.327133178711 695.815414428711 648.880031585693 598.292814850807 600.676894903183 629.748931884766 607.09849357605 637.38028717041 670.460327148438 696.71598815918 617.575660705566 733.614784240723 611.980909347534 699.496200561523
527.52285194397 479.401824951172 600.46635055542 532.79453754425 488.124614715576 436.593139648438 556.02777671814 491.119178771973 451.89875793457 530.920471191406 434.987533569336 392.872192382812 426.306350708008 345.074630737305 414.416702270508 422.305160522461 557.008906364441 598.708591461182 722.587432861328 497.28742980957 558.81911277771 506.311393737793 656.014961242676 674.932327270508 723.470245361328 497.070121765137 621.390556335449 607.62381362915 529.736248016357 649.698616027832 605.867884635925 648.9094581604 479.920341491699 679.78441619873 701.311302185059 558.278202056885 584.99072933197 600.972009181976 552.207683563232 580.03503036499 526.475616455078 636.223400115967 564.199989318848 583.866645812988 610.484010696411 589.776779174805 638.392961502075 547.977088928223 499.15771484375 537.832176208496
628.403198242188 597.086376190186 724.068161010742 614.846691131592 524.523639678955 565.932777404785 481.438697814941 559.630752921104 478.465194702148 507.588195800781 557.138606071472 525.451868057251 508.388092041016 537.555028915405 441.530235290527 536.438709259033 531.516764640808 545.661769866943 591.747867584229 505.4055519104 474.864105224609 634.163928985596 603.347072601318 613.087970733643 514.895881652832 485.36043548584 585.180948257446 630.090576171875 624.232486724854 589.860889911652 544.983455657959 488.505195617676 632.185253143311 757.82536315918 611.806431770325 589.46773147583 504.573165893555 559.15161895752 474.316581726074 567.426557540894 610.666319847107 552.417133331299 593.083209991455 583.137470245361 711.79704284668 550.497943878174 571.424221038818 545.787002563477 505.132270812988 659.764404296875
726.91975402832 689.383758544922 525.835906982422 413.713928222656 433.050323486328 433.00284576416 520.02244758606 495.285640716553 507.271076202393 599.828128814697 643.002021789551 529.071950912476 654.717750549316 497.580505371094 452.024589538574 453.248756408691 321.874710083008 574.311677932739 651.949615478516 539.132068634033 546.910690307617 482.063400268555 514.211071014404 604.421628952026 589.853187561035 616.862407684326 652.550384521484 711.195014953613 507.052284240723 626.170877456665 597.978708267212 518.201194763184 650.44616317749 639.117446899414 601.111203193665 598.821193218231 656.169437408447 615.801289558411 618.876279830933 646.690757751465 666.324340820312 734.892150878906 691.928375244141 610.319364547729 685.35774230957 690.104824066162 699.39652633667 657.9183177948 584.176330566406 526.345283508301
659.735816955566 628.070041656494 546.890461921692 373.6943359375 257.071502685547 440.112762451172 498.145236968994 558.804090023041 501.521423339844 553.876232624054 476.604522705078 692.079208374023 643.300643920898 550.465572357178 520.359344482422 487.420028686523 574.910211145878 578.266555786133 581.454112052917 534.518981933594 540.931007385254 479.113639831543 608.101893901825 529.726409912109 664.734039306641 695.291809082031 665.539363861084 506.090156555176 598.525413036346 428.294769287109 506.406929016113 579.482734680176 690.564605712891 577.589769363403 560.374565124512 688.806945800781 540.617347717285 617.656656265259 522.322326660156 548.6376953125 625.609100341797 614.375034332275 629.039304733276 633.930225372314 584.391874313354 783.389083862305 664.939847946167 491.285018920898 496.520446777344 731.414703369141
489.239356994629 662.800109863281 402.622673034668 343.651870727539 494.707527160645 441.499725341797 381.896545410156 504.348392486572 538.356602668762 645.317451477051 510.333095550537 507.970909118652 689.232437133789 564.093764066696 504.876544952393 450.264297485352 541.933938980103 693.393348693848 750.749389648438 598.489514350891 603.189444422722 606.488598823547 609.653604269028 513.601860046387 663.96496963501 754.653137207031 762.335235595703 599.785067558289 651.246807098389 562.182474136353 476.338455200195 472.564437866211 579.453727602959 688.210258483887 573.062679290771 614.164672851562 538.786293029785 544.540271759033 561.99938583374 491.799407958984 539.266166687012 662.777641296387 632.660013198853 672.351432800293 614.218149185181 614.647047281265 559.523372650146 588.415506362915 586.755065917969 666.10101890564
423.995330810547 416.321426391602 357.004180908203 387.447296142578 436.450202941895 488.742240905762 550.881190299988 516.036350250244 586.237648010254 682.744277954102 573.703451156616 606.367305755615 439.05029296875 560.220412015915 445.148132324219 488.122436523438 711.952209472656 865.588684082031 592.117010116577 560.907569885254 586.356771469116 619.341185569763 671.075094223022 674.471424102783 578.652151107788 682.584533691406 577.115217208862 664.333686828613 482.894790649414 682.605430603027 523.647430419922 577.670232772827 704.239654541016 726.657028198242 566.72375869751 574.944053649902 546.83666229248 566.581630706787 534.967811584473 609.821277618408 530.69115447998 556.648048400879 593.877363681793 657.150089263916 562.981128692627 587.991359710693 612.3894739151 616.522172927856 556.252376556396 645.107652664185
344.329116821289 420.982467651367 436.182579040527 455.241188049316 416.152923583984 441.317184448242 439.065292358398 651.804977416992 657.339370727539 696.959289550781 394.511917114258 543.898887634277 524.349781036377 660.87442779541 650.579055786133 545.694061279297 652.371383666992 760.146591186523 582.98950958252 656.410461425781 658.914848327637 451.932861328125 646.769061088562 710.361862182617 527.244987487793 456.838256835938 504.504844665527 654.518718719482 646.076333999634 597.584997415543 577.363764762878 550.593227386475 592.88232755661 598.929501533508 663.275535583496 607.726682662964 636.610374450684 637.959079742432 412.798614501953 489.431938171387 556.589191436768 451.636001586914 549.608028411865 551.427196502686 559.997047424316 560.380619049072 633.938549041748 537.449214935303 521.88973236084 579.501602172852
794.276901245117 579.099283218384 563.95344543457 576.047697067261 618.380432128906 601.836284637451 576.992214202881 621.352397918701 614.928245544434 564.520958423615 655.654396057129 574.206005066633 589.684608459473 577.205232620239 706.640830993652 559.873336791992 598.625387191772 668.433547973633 648.541345596313 522.553352355957 625.025429725647 421.524673461914 539.381790161133 626.549171447754 636.475311279297 542.810359954834 659.39644241333 670.141967773438 621.691255331039 531.398384094238 539.228668212891 456.872848510742 593.40873336792 517.085510253906 521.628746032715 604.818182945251 593.943455696106 448.99104309082 645.757057189941 625.085105895996 666.318168640137 560.733198165894 677.24845123291 681.986259460449 613.114322662354 518.787384033203 731.824722290039 607.913553237915 557.516780853271 530.290420532227
745.633407592773 731.264739990234 695.977722167969 846.17862701416 587.593424797058 490.747528076172 554.117275238037 458.86547088623 507.041923522949 595.146057128906 668.937324523926 650.925933837891 558.214986801147 582.334711074829 617.445852279663 535.93229675293 573.99479675293 714.767768859863 599.864065170288 636.231434822083 640.695390701294 605.73344039917 833.227890014648 751.733108520508 789.196533203125 580.841628074646 532.134700298309 697.304267883301 552.161651611328 575.71213722229 466.42546081543 475.48966217041 490.816619873047 601.950273513794 574.796747207642 585.128232002258 534.037174224854 543.138530731201 736.076522827148 590.985185623169 693.604612350464 581.187388420105 554.296581268311 663.765785217285 618.931751251221 633.451629638672 605.220480918884 549.588607788086 631.773080825806 633.550809860229
501.546924591064 680.857925415039 607.943092346191 638.257944107056 588.849547386169 719.590071678162 390.865600585938 601.275491714478 431.129852294922 586.443946361542 702.031913757324 673.16869354248 580.297282934189 494.973190307617 645.341285705566 698.887603759766 716.819969177246 749.196868896484 741.672790527344 675.183492660522 729.90544128418 726.712684631348 748.404067993164 728.150405883789 897.110939025879 711.328022003174 737.128440856934 667.745010375977 621.709635525942 716.158653259277 482.373908996582 446.774795532227 568.012281417847 659.430618286133 582.853401184082 601.501440048218 534.804351806641 726.939407348633 616.634971141815 755.862014770508 710.687004089355 612.926830291748 563.673404693604 747.487686157227 601.108164787292 536.852722167969 480.067680358887 463.397674560547 583.632448196411 608.204162120819
669.442405700684 572.606056213379 295.230575561523 522.25333404541 714.832893371582 549.388332366943 495.993751525879 560.937898635864 435.489837646484 543.491203308105 594.240730285645 580.297707736492 645.630760192871 486.788612365723 621.373853206635 588.993852615356 683.004219055176 710.192245483398 658.924752548337 713.55297088623 641.633902072906 715.086303710938 532.593811035156 520.951526641846 635.495964050293 519.011917114258 642.500019073486 662.90308380127 791.930648803711 665.433609008789 601.789566040039 584.049419403076 602.707948207855 607.93415927887 615.116373062134 647.542377471924 610.830330848694 592.793236255646 593.983347892761 820.704681396484 641.957669258118 464.326141357422 718.098915100098 662.516098022461 559.55788230896 596.593993663788 557.73416519165 560.96070098877 572.525302886963 670.286449432373
591.295398712158 272.666030883789 458.157806396484 501.437591552734 619.041519165039 575.684944152832 499.118362426758 578.307451248169 649.177869796753 634.055894613266 670.705699920654 586.251619815826 592.060478210449 586.492716789246 896.185066223145 533.43465423584 720.598983764648 807.953125 710.912975311279 494.534286499023 645.253126740456 673.625671386719 508.056480407715 441.201499938965 758.621292114258 665.001724243164 646.294120788574 684.791172027588 699.291198730469 734.003578186035 682.01948928833 648.88286781311 645.607395172119 779.322917938232 602.893686294556 645.730854034424 418.196655273438 497.373275756836 568.038471221924 731.037368774414 628.984062194824 619.779142022133 632.873195648193 510.258560180664 618.183771133423 657.99796295166 648.923015594482 623.139996051788 594.519992828369 566.311840057373
581.293291091919 481.462795257568 500.630393981934 671.527877807617 655.117667198181 537.51708984375 578.722059369087 614.554046630859 656.490231513977 652.37020111084 642.232879638672 591.468154907227 681.800975799561 896.234850406647 816.052384853363 566.786193847656 696.651332855225 753.755653381348 643.579708099365 629.364525318146 744.06322479248 465.961868286133 538.650520324707 503.120536804199 587.874024391174 805.394226074219 588.321006774902 626.870378494263 800.794891357422 816.210708618164 726.939781188965 703.64591217041 572.091567993164 737.060905456543 638.99914264679 557.428016662598 587.739860534668 556.161796569824 439.171798706055 480.933799743652 625.345993041992 701.016334533691 748.313690185547 660.561088562012 546.727108001709 676.415992736816 634.822367668152 536.095359802246 538.82373046875 545.943840026855
789.320404052734 707.07426071167 513.408246994019 847.599021911621 544.095771789551 711.690311431885 650.518119812012 648.42024230957 520.241195678711 540.539733886719 551.14330291748 1050.20651245117 613.708389282227 999.718444824219 903.19490814209 792.034744262695 905.395751953125 838.718849182129 871.942169189453 765.209213256836 585.836933135986 554.801254272461 532.672050476074 519.093755722046 614.814727783203 749.90608215332 682.324752807617 600.562507629395 645.650645256042 788.552841186523 649.231011390686 755.266166687012 585.824653625488 740.515167236328 713.787651062012 736.398139953613 529.842361450195 478.6591796875 569.03205871582 624.110326766968 634.696235656738 638.086282730103 684.525901794434 617.084910392761 570.71004486084 704.51407623291 650.558016777039 575.714828491211 600.94775390625 553.760520935059
680.790933609009 454.38321685791 543.049983978271 718.273323059082 803.287753582001 793.852680206299 717.630828857422 815.19527721405 571.477569580078 934.675933837891 524.892124176025 596.442089080811 606.119862556458 564.73775100708 579.080678939819 595.129816055298 675.662033081055 718.505195617676 814.949961185455 754.779716491699 673.889352798462 495.017562866211 653.123626708984 600.107574462891 653.420402526855 591.312538146973 738.949821472168 700.156036376953 755.794494628906 698.341491699219 752.194030761719 707.148635864258 810.510818481445 668.256980895996 759.645782470703 671.999340057373 578.871953964233 619.826038360596 582.980373382568 598.513521194458 712.548309326172 586.105854034424 678.025676727295 713.023170471191 713.378456115723 776.209976196289 652.726993560791 766.986267089844 640.772081851959 538.624336242676
657.061473846436 648.435169219971 501.739501953125 598.677238464355 737.486419677734 657.872763156891 528.483283996582 766.217468261719 580.068555831909 809.161636352539 437.438278198242 468.04585647583 447.239582061768 468.360591888428 436.612766265869 492.743181228638 712.016120910645 611.316967964172 892.683212280273 1082.45475769043 610.72306060791 555.217720031738 421.244567871094 506.002872467041 711.94998550415 656.161366462708 728.902610778809 527.926750183105 806.833694458008 745.450340270996 695.725624084473 607.410697937012 758.959777832031 727.056823730469 563.156074523926 576.558563232422 535.68009185791 579.639776229858 611.835842132568 614.274330615997 620.34997355938 666.555381774902 704.01880645752 669.656970977783 689.125450134277 707.438125610352 648.308938980103 655.461879730225 585.118598937988 682.800901412964
718.22095489502 626.754223823547 597.043350219727 520.612106323242 599.836151123047 644.739974975586 501.892421722412 704.087327003479 659.086570739746 630.241624116898 520.544242858887 518.412750244141 606.79280090332 792.163818359375 684.362400054932 731.406066894531 506.056041240692 603.38801574707 666.947143554688 1192.13021850586 705.190890789032 617.534645080566 952.580513000488 933.729019165039 789.525573730469 702.341819763184 835.215591430664 700.393550872803 586.617557525635 616.97492825985 489.067886352539 614.564552783966 656.091131687164 691.627433776855 681.247535705566 590.207851409912 627.035413265228 554.394973754883 548.563514709473 549.984462738037 765.727867126465 713.136348724365 646.142750263214 664.98219203949 583.753234863281 498.667053222656 638.020809173584 700.668687820435 585.202606201172 617.05460357666
509.065749779344 388.515701293945 533.540756225586 670.316429138184 745.377578735352 726.970840454102 537.335460662842 783.01350402832 952.390411376953 903.731735229492 917.204254150391 726.064281463623 813.863101959229 798.131004333496 788.041732788086 870.180892944336 652.433799743652 676.35958480835 655.913108825684 947.973411560059 660.204097747803 492.271230697632 829.013862609863 702.620788574219 1043.56642913818 674.966093063354 607.251342773438 780.282863616943 494.817169189453 602.086380004883 481.675464630127 623.323202729225 648.467132568359 798.741539001465 614.78839302063 647.733957529068 557.403938293457 638.509124755859 564.403945922852 720.856071472168 663.264068603516 769.996864318848 743.310371398926 659.964412212372 589.027610778809 553.253799438477 660.869136810303 683.44605255127 757.769432067871 666.919442176819
507.311336517334 630.421939849854 681.279567718506 695.918531417847 -9999 -9999 -9999 -9999 -9999 -9999 -9999 -9999 -9999 -9999 -9999 812.526763916016 729.699695587158 775.152305603027 667.600467681885 685.250553131104 687.279716491699 737.966133117676 583.747894287109 642.658264160156 670.259742736816 621.992009162903 956.831108093262 671.436761856079 553.514862060547 915.340232849121 497.539649963379 568.920188903809 657.346237659454 617.648448944092 619.633975982666 614.346181869507 596.035873413086 607.513929367065 823.174652099609 752.236457824707 671.165189743042 623.411903381348 668.39562702179 561.046966552734 688.424892425537 665.837551116943 730.304920196533 738.219421386719 672.583802700043 766.727470397949
-9999 -9999 -9999 -9999 -9999 -9999 -9999 -9999 -9999 -9999 -9999 -9999 -9999 -9999 -9999 -9999 -9999 -9999 786.519371032715 703.049102783203 794.611549377441 735.124102115631 646.064041137695 730.39387512207 724.260345458984 558.107490539551 620.190986633301 522.866683959961 587.203186035156 662.658294677734 718.15217590332 1125.16891479492 671.110157012939 754.005882263184 581.929084777832 601.81787109375 635.737148523331 694.517093658447 706.467391967773 723.601558685303 690.725431919098 667.353984832764 658.036157131195 663.797651767731 780.600021362305 645.505075454712 710.055449485779 643.301666259766 685.026268720627 723.87183380127
