simdem/realisation56.asc
NCOLS 350 
NROWS 171 
XLLCORNER 152620 
YLLCORNER 418050 
CELLSIZE 100 
NODATA_value -9999 
[rows 88 to 109 of 171, columns 0 to 49 of 350]
-9999 -9999 -9999 -9999 -9999 -9999 -9999 -9999 -9999 -9999 -9999 -9999 -9999 -9999 -9999 -9999 -9999 462.344959259033 415.295955657959 270.001300811768 269.851491928101 433.113311767578 544.146265029907 772.091049194336 476.898384094238 667.162868499756 651.242389678955 285.847320556641 722.61008644104 448.282878875732 392.126752853394 438.711036682129 710.984107971191 335.098930358887 416.431243896484 362.682655334473 249.307876586914 627.750244140625 683.479068756104 719.235389709473 725.036513090134 641.997705459595 432.044677734375 249.673438072205 379.437900543213 275.590572357178 481.922860145569 460.803882598877 569.426746368408 372.786224365234
-9999 -9999 -9999 -9999 -9999 -9999 -9999 -9999 -9999 -9999 -9999 -9999 -9999 -9999 -9999 -9999 -9999 413.127006530762 448.977303981781 364.030155181885 373.481754302979 416.592967987061 400.083065032959 716.289138793945 478.537303924561 797.197193145752 650.894270896912 983.620796203613 641.692092895508 627.61296081543 329.690788269043 634.945888519287 428.790576934814 435.607557296753 555.029379606247 644.190914154053 523.886203765869 617.185707092285 594.6936378479 744.183715820312 684.717956542969 666.867069244385 688.447593688965 414.030220031738 395.163288116455 442.313941955566 573.622171401978 517.805471420288 351.74010848999 367.97233581543
-9999 -9999 -9999 -9999 -9999 -9999 -9999 -9999 -9999 -9999 -9999 -9999 -9999 -9999 -9999 -9999 416.452285766602 515.780876159668 374.247203826904 255.335098266602 506.966740608215 432.329978942871 508.088066101074 514.017423629761 694.804145812988 449.994132995605 442.303871154785 474.095230102539 419.504402160645 463.135856628418 487.793182373047 615.31848526001 281.845817565918 703.129295349121 748.129829406738 714.522331237793 832.169204711914 745.836669921875 641.473747253418 702.372711181641 426.232421875 455.278137207031 834.597808837891 421.224113464355 466.538597106934 544.383464813232 613.351837158203 292.345851898193 442.993865966797 407.518928527832
-9999 -9999 -9999 -9999 -9999 -9999 -9999 -9999 -9999 -9999 -9999 -9999 -9999 -9999 -9999 -9999 449.490097045898 428.196964263916 387.712142944336 417.452346801758 466.193382263184 672.16720199585 382.119003295898 515.909051895142 599.437720775604 404.707939147949 451.896789550781 512.966232299805 688.986686706543 486.926849365234 529.546047210693 409.511123657227 359.458229064941 458.229234695435 686.091300964355 512.58806180954 804.812835693359 759.689880371094 668.742820739746 271.664951324463 180.26753616333 303.081075668335 279.517623901367 189.057598114014 527.878784179688 356.186996459961 447.976623535156 224.614681243896 412.678413391113 408.453468322754
-9999 -9999 -9999 -9999 -9999 -9999 -9999 -9999 -9999 -9999 -9999 -9999 -9999 -9999 -9999 708.667984008789 513.407440185547 484.615886807442 463.091594696045 577.918273925781 460.130325317383 504.962070465088 381.101333618164 812.487781524658 621.423759460449 677.037948608398 480.058609008789 411.248843669891 726.741256713867 783.54663848877 709.473990440369 755.082062721252 772.50163269043 219.541076660156 640.76309967041 612.765251159668 782.181076049805 741.393852233887 647.096473693848 191.869953155518 225.104556083679 173.830039978027 268.980247497559 4.26971435546875 240.578044891357 323.050163269043 414.514373779297 397.109756469727 535.429061889648 317.951904296875
-9999 -9999 -9999 -9999 -9999 -9999 -9999 -9999 -9999 -9999 -9999 -9999 -9999 -9999 -9999 818.667419433594 534.256511688232 520.047542572021 548.872589111328 541.824844360352 648.428031921387 375.343940734863 619.811180114746 797.338943481445 926.293739318848 555.7111287117 532.196094512939 381.062740325928 667.498825073242 451.473073482513 348.784984588623 368.127250671387 542.908279418945 398.194431304932 734.766784667969 816.395935058594 808.925628662109 777.91788482666 757.564964294434 90.5810699462891 210.27490234375 348.898338317871 269.527233123779 18.0411529541016 148.005191802979 301.459423065186 371.15210723877 464.629318237305 426.657775878906 447.838668823242
-9999 -9999 -9999 -9999 -9999 -9999 -9999 -9999 -9999 -9999 -9999 -9999 -9999 -9999 833.833709716797 630.406494140625 511.673106193542 507.557598114014 481.871104240417 405.810720741749 578.221565246582 461.907516479492 557.497760236263 827.30842590332 563.423210144043 598.459129333496 617.981754302979 313.988807678223 361.779693603516 454.854907989502 575.822783470154 320.38623046875 271.068840026855 333.293051719666 488.216033935547 684.140558242798 796.98388671875 691.480373382568 -9999 -9999 260.326919555664 286.641860306263 205.033430576324 209.340896606445 290.765716552734 367.966552734375 725.413543701172 594.10147857666 451.610763549805 342.906059265137
-9999 -9999 -9999 -9999 -9999 -9999 -9999 -9999 -9999 -9999 -9999 -9999 -9999 -9999 719.49390411377 694.727401733398 559.018348693848 454.752835273743 317.800094604492 444.386306762695 398.956489562988 618.528781890869 344.948143005371 658.47142791748 709.646118164062 539.120502471924 679.975942611694 719.860019683838 612.201293945312 541.031303405762 557.597702026367 157.930130004883 166.156829833984 284.000526428223 382.453971862793 -9999 -9999 -9999 -9999 -9999 -9999 -9999 218.141224384308 106.591361999512 145.890655517578 187.582271575928 481.104583740234 670.842514038086 368.372261047363 272.479276657104
-9999 -9999 -9999 -9999 -9999 -9999 -9999 -9999 -9999 -9999 -9999 -9999 -9999 602.649377822876 594.529586791992 595.846832275391 584.95580291748 120.52229309082 315.29959487915 382.230751037598 499.549102783203 646.953006744385 1000.60434913635 581.37110042572 610.46702003479 429.845718383789 664.361934661865 626.913638114929 737.447814941406 767.313348770142 401.698745727539 294.531982421875 155.630157470703 25.1221313476562 398.802669525146 -9999 -9999 -9999 -9999 -9999 -9999 -9999 -9999 270.282371520996 128.500030517578 191.440082550049 322.804794311523 434.699813842773 428.405921936035 264.663532733917
-9999 -9999 -9999 -9999 -9999 -9999 -9999 -9999 -9999 -9999 -9999 -9999 -9999 497.341674804688 433.285396575928 389.567947387695 61.6884765625 67.2240600585938 165.533920288086 482.757781982422 643.077766418457 540.995765686035 715.00846862793 478.069023132324 318.083312988281 339.277755737305 559.360689163208 633.081882476807 531.367584228516 587.02766418457 406.918302536011 239.832382202148 228.063537597656 295.709121704102 -9999 -9999 -9999 -9999 -9999 -9999 -9999 -9999 -9999 -9999 160.497451782227 176.699684143066 260.932960033417 406.328521728516 498.458145141602 379.98681640625
-9999 -9999 -9999 -9999 -9999 -9999 -9999 -9999 -9999 -9999 -9999 -9999 457.996810913086 358.021728515625 454.533304214478 368.050025939941 360.654571533203 336.950103759766 540.911605834961 676.629388809204 518.68872833252 418.550342082977 648.002014160156 545.019856452942 389.677978515625 489.912132263184 425.663726806641 609.478451669216 698.714562416077 644.201152801514 598.501594543457 609.778594970703 363.337726593018 -9999 -9999 -9999 -9999 -9999 -9999 -9999 -9999 -9999 -9999 -9999 313.63604927063 437.601821899414 227.112335205078 245.012584686279 376.732578277588 724.40470123291
-9999 -9999 -9999 -9999 -9999 -9999 -9999 -9999 -9999 -9999 -9999 181.851623535156 229.015533447266 228.51383972168 366.472969055176 401.940079212189 591.56254196167 747.076601028442 557.441886901855 574.322631835938 579.215312004089 1011.53958800435 568.015820503235 544.716655731201 572.313769340515 437.140686035156 636.691083908081 586.127227783203 572.677864074707 442.549270629883 555.495796203613 695.709030151367 439.10689163208 -9999 -9999 -9999 -9999 -9999 -9999 -9999 -9999 -9999 -9999 -9999 -9999 237.536979675293 320.707263946533 239.128311157227 127.605407714844 649.143911361694
-9999 -9999 -9999 -9999 -9999 -9999 -9999 -9999 -9999 -9999 -9999 319.183990478516 288.401626586914 268.806060791016 242.172744750977 262.630386352539 454.973453521729 660.361348867416 612.82054901123 504.795753479004 484.761380195618 671.52311706543 552.684707164764 512.368675231934 444.436279296875 530.125617980957 759.305229187012 610.036888122559 494.353290557861 287.259231567383 449.490648269653 480.224697113037 -9999 -9999 -9999 -9999 -9999 -9999 -9999 -9999 -9999 -9999 -9999 -9999 -9999 447.952404975891 271.237564086914 224.83039855957 247.793914794922 502.359424591064
-9999 -9999 -9999 -9999 -9999 -9999 -9999 -9999 -9999 -9999 406.669326782227 332.487720489502 290.36678314209 247.240234375 205.817245483398 513.549690246582 683.317928314209 732.526924133301 616.296629905701 721.209732055664 626.387924194336 686.631309509277 575.217314243317 521.793701171875 676.970096588135 818.447418212891 608.938568115234 715.121383666992 321.238410949707 251.661254882812 447.223529815674 -9999 -9999 -9999 -9999 -9999 -9999 -9999 -9999 -9999 -9999 -9999 -9999 -9999 -9999 -9999 453.784065246582 386.014778137207 317.226146697998 282.868011474609
-9999 -9999 -9999 -9999 -9999 -9999 -9999 -9999 -9999 -9999 606.243034362793 378.549213409424 309.870193481445 126.50666809082 258.725814819336 414.973442077637 650.763437271118 538.627250671387 703.490997314453 779.417831420898 513.611089706421 434.422843933105 662.531318664551 557.714363098145 485.722679138184 451.134450912476 473.59285736084 373.965919494629 84.3992156982422 16.3238983154297 -9999 -9999 -9999 -9999 -9999 -9999 -9999 -9999 -9999 -9999 -9999 -9999 -9999 -9999 -9999 -9999 -9999 524.851387023926 444.706954956055 303.005135546904
-9999 -9999 -9999 -9999 -9999 -9999 -9999 -9999 -9999 599.647834777832 435.80801653862 443.227924823761 204.444625854492 196.673950195312 427.328600883484 438.699394226074 581.490371704102 588.781879425049 532.64905166626 976.27693939209 384.742889404297 346.68830871582 433.409423828125 522.298889160156 271.032096862793 393.268549561501 313.434753417969 244.525621414185 235.773447036743 167.366012573242 -9999 -9999 -9999 -9999 -9999 -9999 -9999 -9999 -9999 -9999 -9999 -9999 -9999 -9999 -9999 -9999 -9999 -9999 394.105432033539 463.50511932373
-9999 -9999 -9999 -9999 -9999 -9999 -9999 -9999 483.891574859619 396.803405761719 389.613468170166 425.089416503906 267.540222167969 135.989883422852 297.088760375977 426.855262756348 444.447418212891 590.010549545288 396.567073822021 496.743717193604 356.255279541016 325.338836669922 436.501937866211 124.82405090332 333.265464782715 313.937734603882 184.120162963867 209.869216918945 139.412605285645 -9999 -9999 -9999 -9999 -9999 -9999 -9999 -9999 -9999 -9999 -9999 -9999 -9999 -9999 -9999 -9999 -9999 -9999 -9999 -9999 801.362976074219
-9999 -9999 -9999 -9999 -9999 -9999 -9999 -9999 466.307598114014 327.309280395508 340.401489257812 353.138046264648 399.200366973877 521.226764678955 577.286552429199 518.361421585083 559.151798248291 406.610355377197 846.939128875732 404.513719558716 491.797943115234 447.219169616699 507.541732788086 55.4533386230469 282.468921661377 259.510837554932 132.656661987305 139.641754150391 -9999 -9999 -9999 -9999 -9999 -9999 -9999 -9999 -9999 -9999 -9999 -9999 -9999 -9999 -9999 -9999 -9999 -9999 -9999 -9999 -9999 -9999
-9999 -9999 -9999 -9999 -9999 -9999 -9999 299.544403076172 425.451856613159 485.569290161133 509.476066589355 383.536125183105 460.227722167969 479.878826141357 450.010475158691 434.582748413086 622.08943939209 567.258525848389 477.501442909241 412.406312942505 374.954148769379 522.608325958252 259.965782165527 311.168170928955 195.658023834229 307.793571472168 249.714471817017 204.507026672363 -9999 -9999 -9999 -9999 -9999 -9999 -9999 -9999 -9999 -9999 -9999 -9999 -9999 -9999 -9999 -9999 -9999 -9999 -9999 -9999 -9999 -9999
-9999 -9999 -9999 -9999 -9999 -9999 444.459069252014 531.687850952148 560.599998474121 531.440780639648 472.963839054108 288.348083496094 616.459239959717 593.731781005859 471.134258270264 420.663299560547 458.571794509888 699.132247924805 454.852401733398 428.774536132812 330.604597091675 506.600421905518 343.742736816406 257.283479690552 268.031713485718 182.652454376221 283.251613616943 -9999 -9999 -9999 -9999 -9999 -9999 -9999 -9999 -9999 -9999 -9999 -9999 -9999 -9999 -9999 -9999 -9999 -9999 -9999 -9999 -9999 -9999 -9999
-9999 -9999 -9999 -9999 457.784770965576 519.02010345459 477.454195022583 240.529907226562 94.3478469848633 570.900207519531 492.318744659424 460.469993591309 477.411819458008 606.315223693848 379.374290466309 452.669263839722 530.456314086914 285.202415466309 386.511743545532 407.52619934082 517.526348114014 723.334441184998 161.304319381714 127.976856231689 142.564041137695 297.80200958252 -9999 -9999 -9999 -9999 -9999 -9999 -9999 -9999 -9999 -9999 -9999 -9999 -9999 -9999 -9999 -9999 -9999 -9999 -9999 -9999 -9999 -9999 -9999 -9999
353.289054870605 411.688980102539 288.778616428375 559.01602935791 543.992446899414 469.152978897095 541.8310546875 454.550013542175 270.611236572266 593.168121337891 548.116582393646 689.294723510742 580.598037719727 532.252151489258 485.99157333374 588.909881591797 827.928981781006 353.525500297546 256.344482421875 378.139587402344 567.126396179199 287.876128196716 282.22900390625 219.369430541992 124.444042205811 62.9000129699707 -9999 -9999 -9999 -9999 -9999 -9999 -9999 -9999 -9999 -9999 -9999 -9999 -9999 -9999 -9999 -9999 -9999 -9999 -9999 -9999 -9999 -9999 -9999 -9999
