simdem/realisation2.asc
NCOLS 350 
NROWS 171 
XLLCORNER 152620 
YLLCORNER 418050 
CELLSIZE 100 
NODATA_value -9999 
[rows 66 to 87 of 171, columns 100 to 149 of 350]
528.788711547852 311.576416015625 523.23469543457 677.971069335938 678.672073364258 408.935127258301 355.330909729004 330.312408447266 402.56568145752 367.735015869141 342.175384521484 381.359214782715 332.227935791016 391.266536712646 557.741363525391 409.266090393066 585.982879638672 477.160258114338 507.610286712646 468.814556121826 573.177947998047 544.490238189697 500.840942382812 508.186847686768 465.610666275024 511.836842536926 461.627426147461 563.39217376709 499.327858924866 516.95566368103 558.922891616821 540.238457098603 588.790279388428 527.398147583008 582.160924911499 466.706298828125 475.339820861816 571.797967910767 638.830116271973 540.802807807922 699.303649902344 701.084396362305 560.055394172668 512.129985809326 541.868209838867 496.696666717529 523.679004669189 516.53666305542 560.436050415039 401.123413085938
408.956466674805 477.306583404541 409.463348388672 518.586185455322 522.130340576172 453.52370262146 457.876750946045 362.321197509766 412.30509185791 501.468647003174 583.800827026367 617.315246582031 602.98673248291 471.302431106567 506.334453582764 528.375946044922 526.14444732666 623.31787109375 618.063125610352 593.145683288574 525.996839523315 555.686462402344 520.170753479004 456.343189239502 499.402403354645 553.608100891113 393.188659667969 414.614852905273 474.76390838623 499.437481880188 477.940605163574 521.53581905365 474.288185119629 423.116485595703 480.521697998047 646.811656951904 727.583221435547 662.174114227295 569.255271911621 526.346389770508 692.208450317383 649.995513916016 643.311828613281 554.397766053677 535.510463237762 476.012672424316 455.762908935547 514.940181732178 515.862407684326 482.951248168945
496.991065979004 556.89892578125 338.04955291748 443.894289016724 402.142837524414 414.785999298096 472.391654014587 429.117195129395 542.019569396973 530.107444763184 507.197261810303 481.435775756836 314.118759155273 482.023753166199 519.834312438965 459.047161102295 554.016914367676 633.360275268555 643.955505371094 506.702164649963 414.037399291992 411.751815795898 525.247135162354 440.564212799072 365.33154296875 490.656847000122 473.877807617188 556.35693359375 444.420501708984 428.522369384766 530.17555564642 566.010730743408 417.642623901367 488.503967285156 612.323577880859 584.374060153961 743.915100097656 614.004987716675 514.645034790039 649.807445526123 680.513946533203 388.903732299805 519.680782318115 592.005606651306 461.549438476562 479.078178405762 406.415832519531 429.82063293457 465.46565246582 491.741760253906
480.119731903076 553.536178588867 497.10827255249 316.099533081055 519.904819488525 478.399613380432 638.73161315918 463.427429199219 506.152799606323 582.787185668945 495.425239562988 407.727233886719 310.338150024414 479.892158508301 594.183815002441 534.992755889893 476.334617137909 582.602310180664 503.61506652832 672.123870849609 528.070911407471 328.989105224609 468.907939910889 522.484071731567 399.854606628418 482.492317199707 533.970825195312 492.088947296143 525.758116722107 454.484237670898 524.777902126312 608.261029958725 491.183563232422 533.258102416992 537.488868713379 580.817234992981 679.393119812012 672.869857788086 612.263999938965 668.836318969727 488.518001556396 513.472076416016 508.446273803711 533.183948516846 689.765289306641 464.557601928711 521.829681396484 488.589248657227 559.974855422974 535.323650360107
513.266105651855 500.468067169189 370.227226257324 517.198001861572 414.11763381958 611.199401855469 590.139633178711 443.090059280396 415.747104644775 496.116954803467 466.53978395462 572.282600402832 449.564659118652 669.058654785156 666.091323852539 532.704200744629 525.565361022949 566.735931396484 587.585845947266 554.713363647461 591.451225280762 425.59513092041 594.670364379883 587.13508605957 419.342697143555 539.47437286377 476.757959365845 506.719558477402 499.466304779053 605.711135864258 462.25777053833 551.58539390564 617.678604125977 554.616415023804 605.919744491577 559.538848876953 625.376647949219 577.544536590576 662.341915130615 686.690803527832 642.266754150391 689.811492919922 543.595943450928 477.99210357666 518.173316955566 578.381045401096 554.074661254883 429.576446533203 586.138522624969 557.913520812988
702.564468383789 791.578002929688 556.622611999512 556.872161865234 569.311065673828 524.304817199707 475.43084526062 549.374881744385 567.448265075684 543.226608276367 643.14323425293 634.124618530273 551.726737976074 719.752838134766 663.370376586914 527.847690582275 651.506500244141 544.075134277344 466.9176197052 587.56974029541 519.371864318848 365.389312744141 565.319488525391 558.569980621338 546.011474609375 573.215969085693 547.543937683105 448.061538696289 419.189010620117 498.594139099121 451.174865722656 527.298797607422 590.386066436768 555.605660438538 731.170654296875 679.852691650391 694.476997375488 848.617156982422 732.570510864258 628.695934295654 619.958028793335 639.267406463623 590.837200164795 320.738754272461 499.525192260742 618.417568206787 585.92481803894 486.4541015625 486.230133056641 510.499740600586
582.159744262695 640.266082763672 570.828269958496 477.956159591675 632.153625488281 511.601627349854 477.212729454041 488.856987953186 438.151117324829 460.642560482025 510.448665618896 546.342811584473 712.126831054688 645.206344604492 499.318901062012 507.410873413086 660.391845703125 463.536561012268 403.76538848877 481.611675262451 484.319644927979 427.087104797363 692.83805847168 682.269943237305 541.949111938477 542.198429107666 604.07430267334 521.405038833618 461.4045753479 463.865329742432 576.939641952515 579.097799301147 643.889320373535 746.880264282227 717.981231689453 1067.63410186768 638.624229431152 893.823913574219 901.292102813721 740.398010253906 766.825079917908 617.823204040527 537.162586212158 313.638244628906 580.01550579071 744.382354736328 532.162620544434 395.430618286133 507.675304412842 617.606376647949
429.208755493164 335.144241333008 385.996971130371 373.908020019531 562.572059631348 521.967567443848 495.772333145142 521.794956207275 507.763214111328 436.256046295166 524.368999481201 446.856857299805 546.636390686035 520.7106590271 528.294815063477 410.973091125488 500.760027289391 401.094551086426 323.950424194336 408.388366699219 485.633965492249 588.567497253418 586.284927368164 625.958534240723 587.329528808594 378.57292175293 440.23348236084 541.990439414978 497.663759231567 565.083980560303 490.724338531494 356.753982543945 458.535400390625 777.69002532959 724.375986099243 798.74488067627 504.544187545776 809.159227371216 847.354057312012 726.380668640137 682.030628204346 598.316452026367 632.245819091797 318.38557434082 567.578514099121 430.314910888672 776.634841918945 294.330184936523 482.924827575684 596.179790496826
350.859527587891 358.63557434082 441.666011810303 465.819535255432 445.374549865723 478.399280548096 345.407455444336 627.784225463867 500.763900756836 477.48263001442 460.282549381256 319.847961425781 504.265201568604 487.048039913177 507.377541542053 450.623510360718 504.009078979492 416.724548339844 399.31575012207 361.582229614258 421.907089233398 379.93586730957 522.621381759644 479.292598724365 637.288261413574 619.799949645996 621.560653686523 544.200221061707 619.775104522705 568.360672473907 456.093330383301 486.069776535034 455.281021118164 680.457622528076 704.915023803711 540.612609863281 375.926692962646 591.200881958008 741.329162597656 791.258865356445 857.194458007812 638.040771484375 574.63557434082 363.691665649414 259.082763671875 240.574066162109 484.514434814453 341.054763793945 1039.22193098068 654.651943206787
462.836395263672 452.664039611816 502.97133731842 575.928489685059 420.046077728271 397.378890991211 284.458312988281 485.485355377197 547.937629699707 502.698215484619 478.8878698349 681.379547119141 518.186744689941 516.539619445801 458.123834609985 464.117782592773 375.245140075684 570.449058532715 418.479736328125 454.371280670166 389.960289001465 447.788692474365 546.022941589355 626.872299194336 652.422973632812 660.400741577148 710.584167480469 683.433135986328 562.210784912109 577.975299835205 497.779075622559 438.109924316406 484.146133422852 597.36639213562 708.486255645752 637.94144153595 366.999237060547 629.949440002441 570.369331359863 623.786094665527 744.145919799805 411.476157188416 483.009125709534 260.513549804688 418.867897033691 227.463119506836 302.507934570312 452.443717956543 529.577011108398 632.440902709961
503.404571533203 505.922149658203 497.773444652557 513.21265411377 432.256099700928 291.180862426758 319.193023681641 440.991458892822 445.58939743042 661.135025024414 627.283142089844 592.475944519043 555.533782958984 529.464874267578 454.165620803833 525.172294616699 426.111701965332 518.616458892822 404.985061645508 419.341457366943 455.74084854126 458.60302734375 477.401658058167 674.961639404297 632.805931091309 526.312398910522 536.126873016357 681.187698364258 523.148454904556 571.757704734802 469.484134674072 335.762275695801 348.543891906738 544.096504211426 622.144558906555 640.035758972168 493.09086227417 624.695213317871 593.210983276367 679.342473983765 626.502082824707 530.323806762695 495.020767211914 420.09644317627 414.126216888428 570.561073303223 691.76929473877 498.206283569336 671.025390625 699.534065246582
541.002433776855 569.697632312775 533.492012023926 918.323837280273 506.120056271553 418.12198638916 371.801979064941 451.548698425293 574.835403442383 562.304389953613 481.373962402344 528.359750747681 585.724212646484 451.472812652588 519.841830253601 593.783142089844 573.222854614258 533.214323997498 591.622543334961 334.452041625977 450.625677108765 473.489952087402 587.838508605957 583.918296813965 613.583778381348 714.52555847168 554.225341796875 515.155517578125 635.861979484558 622.362676620483 388.65210723877 248.896072387695 499.24292755127 580.713439941406 630.762603759766 658.599586486816 417.504510879517 531.629684448242 581.447120666504 705.710684776306 630.458602905273 630.203002929688 552.277931213379 503.070682525635 488.686870574951 547.741508483887 688.863172531128 436.092365264893 409.108985900879 516.853096008301
533.688579559326 427.686737060547 560.112270355225 442.830383300781 527.671646118164 718.018369197845 409.60376739502 457.044952392578 474.699876785278 519.486461639404 573.513160705566 955.40869140625 525.441955566406 492.862146377563 500.440574645996 430.891109466553 517.634525299072 517.812087059021 486.732786178589 337.640686035156 342.286010742188 431.370872497559 406.53816986084 406.04581451416 535.694540977478 590.460422515869 661.62678527832 499.33837890625 609.169845581055 543.493495941162 613.664978027344 457.070568084717 452.023244857788 567.347747802734 632.492034912109 669.505447387695 426.24231004715 506.564453125 648.757915496826 581.970260620117 575.496673583984 508.171258926392 619.577850341797 545.066749572754 465.895473718643 306.808731079102 378.511421203613 478.033363342285 330.482200622559 490.726028442383
573.037269592285 528.997230529785 557.84504699707 588.174427032471 607.060846328735 544.43045425415 778.995361328125 523.715629339218 569.394355773926 483.62703704834 569.340816497803 595.754584312439 580.913208007812 586.776100158691 585.4404296875 530.695911407471 502.796956062317 461.695840835571 338.665878295898 366.369613647461 339.517913818359 482.903532028198 490.829166412354 398.43187713623 584.62228012085 510.084638834 663.823257446289 491.023090362549 427.809697151184 472.109256744385 558.264030456543 512.453869819641 497.961467266083 423.545798301697 422.899669647217 699.593887329102 625.329387664795 670.009414672852 596.374308347702 579.451282501221 479.447092533112 534.877521514893 421.059394836426 556.726512908936 481.921630859375 343.18350982666 485.243850708008 558.894989013672 432.563228607178 436.153091430664
626.719725608826 671.661567687988 650.734756469727 651.805828094482 772.036392211914 813.377456665039 805.682556152344 810.927211761475 475.330638885498 523.627502441406 534.03267288208 486.378793716431 756.361419677734 680.036834716797 428.63060760498 439.872344970703 336.164657592773 386.319625854492 398.575042724609 548.20715713501 394.29727935791 374.658843994141 552.06992149353 608.045753479004 508.236721038818 594.397449493408 783.259704589844 592.172805786133 350.036399841309 464.937522888184 465.877288818359 603.865524291992 519.668006896973 399.365303039551 565.864433288574 608.484480857849 536.337455749512 604.125000476837 757.627395629883 684.980377197266 438.476432800293 549.961769104004 502.263790130615 397.209854125977 507.719551086426 725.683876037598 582.298294067383 605.3701171875 531.620155334473 555.170240402222
603.764006614685 691.389633178711 724.159164428711 598.048013925552 874.174957275391 903.53515625 768.620452880859 736.506675720215 648.914855957031 665.894790649414 485.032873153687 475.265552520752 565.125633239746 577.643539428711 598.122512817383 359.484832763672 345.815658569336 286.753524780273 487.561895370483 583.208690643311 485.942779541016 460.842361450195 640.786407470703 625.032653808594 594.077239990234 524.246280670166 624.388095855713 595.254554748535 505.789901733398 645.142471313477 606.522811889648 508.963325500488 401.261123657227 429.278076171875 591.81409072876 595.36928653717 631.92455291748 599.615269899368 609.456421852112 534.759666442871 451.420394897461 480.849753379822 574.42444896698 676.516819000244 677.646194458008 747.105880737305 582.488800048828 573.61905670166 673.507614135742 772.296691894531
680.248733520508 718.44751739502 595.03045463562 630.130001068115 839.961883544922 813.855560302734 866.507186889648 731.340682983398 721.79557800293 562.451637268066 561.377864837646 435.825698852539 452.596584320068 470.167243003845 490.582367420197 397.009483337402 468.323272705078 287.825576782227 465.240325927734 443.165107727051 500.3693100214 560.892486572266 513.218585968018 791.976791381836 573.527997970581 487.428672790527 393.016067504883 553.568817138672 758.774291992188 816.087295532227 617.00032043457 566.660846710205 393.977600097656 421.308731079102 472.111801147461 681.600898742676 554.620330810547 517.233062744141 540.016819000244 587.512397766113 546.437492370605 618.421478271484 527.490455627441 675.169872283936 583.131301879883 639.944686889648 697.529174804688 903.875633239746 736.671012878418 742.163299560547
540.312906265259 486.573746681213 500.998910903931 681.652702331543 751.884552001953 697.126098632812 744.401947021484 706.214660644531 738.508163452148 735.569343566895 630.026237487793 359.14094543457 404.957786560059 466.978672027588 345.214370727539 324.775283813477 518.321235656738 484.928918838501 489.022511482239 340.296676635742 531.294139862061 529.69486618042 571.842971801758 625.870109558105 588.000925064087 540.399621963501 589.390087127686 745.52575302124 741.94612121582 760.073150634766 712.966247558594 526.79426574707 451.093719482422 700.120498657227 415.33601629734 379.039321899414 449.447250366211 437.896682739258 537.867483139038 489.050582885742 538.087745666504 730.85013961792 492.455539703369 366.08674621582 442.186729431152 499.820267677307 604.304794311523 768.333198547363 889.073394775391 935.312698364258
694.452939987183 681.674318313599 706.493824005127 580.400611877441 754.940673828125 776.616851806641 751.748886108398 723.108543395996 759.710403442383 952.448188781738 385.640686035156 359.630950927734 320.872604370117 211.91455078125 447.416095733643 432.715789794922 384.019638061523 534.096282958984 399.378082275391 373.568664550781 448.847888946533 615.843643188477 463.288154602051 484.096363067627 578.008228302002 599.66099357605 511.513977050781 490.853546142578 595.345863342285 569.915138244629 558.307434082031 596.73512840271 685.409629821777 543.969951629639 363.076393127441 358.481155395508 471.272079467773 358.305480957031 500.344562530518 370.607131958008 495.962459564209 552.958150863647 679.775588989258 489.078769683838 621.901809692383 607.224609375 655.724073410034 820.008056640625 884.977874755859 862.275741577148
581.80004119873 634.938787460327 680.185920715332 738.573059082031 628.475135803223 721.086090087891 705.050407409668 662.041564941406 837.966552734375 745.711807250977 532.042083740234 479.705952167511 400.599494934082 238.712585449219 408.462524414062 497.162740707397 450.119197845459 511.391133308411 541.680644989014 450.305927276611 590.481628417969 455.920154571533 468.027332305908 610.396293640137 656.895370483398 749.374374389648 662.530334472656 551.624114990234 497.930046081543 450.712306976318 663.035697937012 738.219879150391 747.623672485352 353.915916442871 443.743947982788 326.054496765137 525.176971912384 494.209478378296 479.248210906982 446.457901000977 498.88737487793 630.250038146973 710.626792907715 1096.44390869141 858.699073791504 558.759515762329 545.580079078674 705.134819030762 714.723220825195 591.558036804199
717.237503051758 803.827674865723 712.226295471191 806.761505126953 657.947345733643 600.405067443848 587.328506469727 617.290073394775 648.62223815918 688.134696960449 780.154747009277 453.912872314453 315.755462646484 447.081184387207 506.467027664185 526.841157913208 506.397172927856 457.871948242188 441.106929779053 536.850605010986 584.048278808594 420.25439453125 537.713752746582 552.096992492676 571.356204986572 619.041175842285 704.294876098633 416.964218139648 384.583526611328 360.776184082031 694.031181335449 868.575424194336 579.900821685791 417.057173594832 307.352096557617 210.033935546875 607.060863494873 531.374996185303 557.346420764923 532.262214660645 635.878379821777 669.919486999512 841.101821899414 1159.85774230957 943.051727294922 664.438842773438 615.625490188599 646.392944335938 748.171295166016 594.665817260742
-9999 -9999 658.003774642944 933.62467956543 449.94596862793 589.785484313965 588.087772369385 558.540813446045 608.426830291748 706.605598449707 650.51195526123 469.901718139648 591.777923583984 590.292198181152 595.204147338867 534.705547094345 512.685529708862 364.793014526367 373.805938720703 520.469304084778 603.861854553223 559.114349365234 505.995166301727 463.933258056641 569.891677856445 587.135368347168 518.90482711792 517.072814941406 508.704010009766 549.252128601074 541.02738571167 804.908813476562 635.890796661377 479.608089447021 259.764251708984 272.332366943359 471.986587524414 610.648555755615 502.897262573242 450.457695007324 723.892757415771 717.24291229248 891.051864624023 1129.95294570923 1007.46452331543 847.984809875488 908.432556152344 -9999 -9999 -9999
