simdem/realisation73.asc
NCOLS 350 
NROWS 171 
XLLCORNER 152620 
YLLCORNER 418050 
CELLSIZE 100 
NODATA_value -9999 
[rows 132 to 153 of 171, columns 300 to 349 of 350]
941.84846496582 916.437576293945 1533.11111831665 1157.19139623642 923.93031167984 904.13680267334 1627.11054992676 1618.98526000977 1303.40756225586 1366.90530395508 1193.78489685059 1239.76969528198 999.34098815918 1359.01996994019 1293.98435974121 941.602840423584 1189.26387023926 1193.99545288086 1228.43731689453 912.884811401367 1024.2613067627 846.362217664719 748.745742797852 602.814605712891 709.732833862305 805.51505279541 632.313827514648 523.099487304688 899.885192871094 909.646176338196 740.62020111084 906.561897277832 987.548164367676 926.189435482025 -9999 -9999 -9999 -9999 -9999 -9999 -9999 -9999 -9999 -9999 -9999 -9999 -9999 -9999 -9999 -9999
858.103248596191 827.431865692139 893.182658195496 1437.51779174805 1003.25408792496 1026.71820068359 1622.3408203125 1873.1360168457 1372.29190063477 1301.25009155273 1122.22634506226 1309.06316375732 1226.57934570312 1163.08596801758 1522.53098678589 1911.76007080078 1709.23162841797 2363.89450073242 2172.52435302734 1461.03213500977 1805.00967407227 849.704437255859 778.549240112305 745.411056518555 776.493408203125 739.766090393066 617.491165161133 896.969188690186 827.756217956543 827.825340270996 978.028015136719 868.465934753418 935.006618499756 946.826442718506 -9999 -9999 -9999 -9999 -9999 -9999 -9999 -9999 -9999 -9999 -9999 -9999 -9999 -9999 -9999 -9999
754.906929016113 814.934545516968 789.465915679932 990.340656280518 1089.76134490967 1092.16082763672 1401.73014831543 1512.69918823242 1238.33168792725 1223.42549133301 1303.29638671875 1293.21750640869 1346.48692321777 1127.42044830322 1502.32397460938 1490.2346496582 1280.81269836426 1381.82502746582 1305.90798950195 1285.81689453125 1203.82543945312 1030.88009643555 773.071739196777 747.698959350586 847.24008846283 787.776405334473 984.900497436523 835.022144317627 780.373321533203 840.049102783203 888.062477111816 747.062026977539 862.371238708496 947.720882415771 714.068130493164 -9999 -9999 -9999 -9999 -9999 -9999 -9999 -9999 -9999 -9999 -9999 -9999 -9999 -9999 -9999
815.6086769104 717.404958724976 1062.86310195923 1290.21194458008 1097.3120880127 934.005695343018 943.683746337891 1537.43911743164 1634.4672088623 1513.05224609375 1300.80717468262 1440.44011688232 1209.30266571045 1015.25440216064 1305.010638237 1894.76481628418 1392.92237854004 1211.6784362793 1029.41025543213 865.067207336426 925.231708526611 949.457138061523 1020.40721130371 929.850212097168 862.197002410889 816.50433921814 805.27668762207 845.555484771729 744.094085693359 973.74956703186 904.643650054932 764.385116577148 1005.18851470947 947.314910888672 1043.03411102295 901.765153884888 -9999 -9999 -9999 -9999 -9999 -9999 -9999 -9999 -9999 -9999 -9999 -9999 -9999 -9999
574.326843261719 906.69380569458 1002.79920959473 1139.58279418945 915.093822479248 1218.04359436035 1016.2021522522 925.641063451767 1180.82223510742 1263.23239135742 1217.43826293945 956.975242614746 1200.85467529297 1599.90644454956 1104.08951568604 1002.94444274902 1088.21759033203 1053.65266036987 988.238489151001 865.436019897461 964.286643981934 949.206829071045 878.145462036133 1068.018409729 1013.36569309235 965.768970489502 816.382064819336 754.642196655273 689.670974731445 711.102874755859 938.51256942749 1368.71437072754 716.057250976562 847.632011890411 1037.03874206543 1103.38842773438 -9999 -9999 -9999 -9999 -9999 -9999 -9999 -9999 -9999 -9999 -9999 -9999 -9999 -9999
762.051856994629 827.787078857422 864.348857879639 1014.74783325195 925.836814880371 1258.01054382324 1009.43992996216 995.293584823608 972.342041015625 1307.42790222168 1214.33973693848 997.731359481812 1228.02848815918 1255.03793334961 1243.20230865479 1021.31053543091 1047.43997955322 1035.36975860596 912.604744911194 938.766997933388 976.7091755867 877.21399307251 991.87947845459 1081.92478942871 1166.2096862793 1139.68169403076 1664.54000282288 806.412269592285 896.559776306152 904.611147880554 1325.71273612976 885.953132629395 925.327205657959 928.717025756836 1081.66351318359 1011.11375427246 904.849925994873 -9999 -9999 -9999 -9999 -9999 -9999 -9999 -9999 -9999 -9999 -9999 -9999 -9999
819.086357116699 961.023948669434 933.411401748657 852.005760192871 617.678512573242 1037.23190307617 1290.38356018066 1163.83892822266 1056.25325775146 1130.84006500244 1152.72309875488 852.177726745605 1219.27696990967 1548.17155170441 1456.18363952637 1391.02203369141 1045.98820781708 1097.48851776123 935.2790184021 1020.99153137207 1079.55847167969 910.841632843018 971.351264953613 972.388290405273 1005.91496086121 1029.09883117676 1033.68725967407 972.653775215149 1166.62828826904 1256.89527320862 1094.93439340591 918.357841491699 810.479934692383 838.410041809082 1054.62870788574 1011.3610534668 795.708464622498 -9999 -9999 -9999 -9999 -9999 -9999 -9999 -9999 -9999 -9999 -9999 -9999 -9999
616.998550415039 693.446640014648 826.807228088379 863.719661712646 811.838639259338 1185.90158081055 1049.65142440796 1149.35380554199 1049.29001998901 1168.62603759766 1060.46070098877 997.444901943207 1093.68688201904 1055.65263748169 1773.58897399902 1819.26203918457 982.649234771729 1258.26936340332 1322.84945678711 1230.8193359375 1048.21039581299 998.796138763428 1145.73399353027 1098.82754516602 1018.63193511963 1030.71797561646 924.190460205078 1022.10047149658 1072.48042869568 1195.00988864899 1009.86585998535 986.953948974609 864.385833740234 964.933517456055 1012.10450744629 898.77906703949 1072.77130126953 976.699653625488 -9999 -9999 -9999 -9999 -9999 -9999 -9999 -9999 -9999 -9999 -9999 -9999
764.580982208252 942.133159637451 830.843841552734 756.866861343384 890.554691791534 988.311954498291 928.607341766357 1041.34646606445 1118.42132568359 1129.92979431152 1100.07424163818 951.369709014893 963.282585144043 931.73908996582 1344.58676528931 1749.43682861328 1123.82242202759 1109.96640014648 1122.18609619141 1159.16450500488 1242.54516601562 840.70719909668 897.619739532471 850.903366088867 872.092845916748 936.693290710449 1013.15071105957 992.431569099426 1023.93353271484 894.898590087891 1315.37387466431 1021.18478393555 971.059894561768 928.958251953125 945.91361618042 951.938983917236 859.647659301758 928.475170135498 -9999 -9999 -9999 -9999 -9999 -9999 -9999 -9999 -9999 -9999 -9999 -9999
905.882827758789 847.869079589844 921.027172088623 775.844917297363 739.909942626953 859.405406951904 991.181343078613 887.963768005371 911.535171508789 836.356803894043 999.161125183105 1067.81140708923 877.326095581055 1044.78761291504 1205.01507949829 1482.66666412354 1100.15545654297 1084.80615520477 1025.00583648682 1046.94369971752 1060.77313041687 766.916076660156 813.134185791016 806.645736694336 835.004386901855 904.194055557251 915.065763473511 1091.30429458618 917.011261940002 973.369010925293 1170.6819229126 1033.0266494751 1032.82494354248 974.00993347168 959.423980712891 842.335731506348 906.328594207764 861.365417480469 795.353881835938 -9999 -9999 -9999 -9999 -9999 -9999 -9999 -9999 -9999 -9999 -9999
759.557540893555 898.406188964844 812.250457763672 902.521684646606 954.524055480957 1059.68622589111 1233.52169799805 1065.17129802704 926.730026245117 1024.6710357666 859.833950042725 1061.58289337158 999.717119932175 1036.87555789948 1404.54881668091 1129.08480834961 1094.54011154175 992.587265968323 908.240753173828 975.627349853516 1166.87368774414 987.454490661621 1233.1083946228 899.903854370117 887.159362792969 980.610572814941 931.442190170288 1008.55229759216 917.405410766602 1005.70945549011 1165.41342544556 1153.74422645569 1054.04245758057 1146.46672058105 1010.33160758018 974.175357818604 923.841156005859 784.380477905273 696.386169433594 -9999 -9999 -9999 -9999 -9999 -9999 -9999 -9999 -9999 -9999 -9999
777.04997253418 750.271813869476 673.278968811035 682.292778015137 853.699335098267 882.079759597778 963.963275909424 1123.42974853516 982.780822753906 779.797833442688 829.477996826172 868.94580078125 972.179298400879 935.125854492188 1012.32064056396 1177.67431640625 921.030029296875 895.68709564209 782.737503051758 912.696701049805 829.15998840332 777.125427246094 994.846328735352 1186.81887054443 1031.4238948822 896.712063789368 1069.01028485317 1048.33172225952 1019.27485656738 1040.17356586456 1067.24846458435 1151.29996109009 943.776138305664 956.264442443848 941.128425598145 993.402585983276 885.156269073486 865.587005615234 837.10514831543 -9999 -9999 -9999 -9999 -9999 -9999 -9999 -9999 -9999 -9999 -9999
741.271276473999 732.510486602783 881.108734130859 858.069152832031 750.057837486267 770.19860458374 815.196174621582 821.622535705566 938.406463623047 822.747442245483 759.988859176636 796.910575866699 1018.61116790771 1129.21936798096 1128.19566345215 1106.0686404556 1484.27369689941 1027.64972686768 842.539184570312 908.029891967773 929.575534820557 916.526957511902 1031.61626052856 1178.81231689453 989.95051574707 1140.86917877197 1657.93039703369 986.786930561066 1030.21063995361 999.013547897339 1050.44451904297 1022.11896324158 846.776573181152 783.024459838867 937.942596435547 979.425709724426 831.619903564453 1001.95745658875 1003.15687561035 959.14529800415 -9999 -9999 -9999 -9999 -9999 -9999 -9999 -9999 -9999 -9999
724.718711853027 721.09734916687 814.166976928711 775.857166290283 690.967021942139 704.360977172852 863.138740539551 841.866516113281 744.728981018066 743.124732971191 705.757255554199 703.615718841553 741.486652374268 1033.30445861816 953.195663452148 839.374755859375 1026.26921844482 1135.29041290283 1574.7200088501 905.153450012207 1027.70204544067 865.38883972168 1079.43633270264 992.402816772461 1268.3017578125 1522.681640625 944.981327056885 1165.13685512543 1009.05476951599 849.341583251953 1034.34728240967 1011.92411804199 646.701568603516 809.529739379883 991.00993347168 904.827507019043 870.717590332031 963.800712585449 759.492233276367 912.989391326904 -9999 -9999 -9999 -9999 -9999 -9999 -9999 -9999 -9999 -9999
704.925933837891 809.85387802124 705.011138916016 633.512596130371 705.951429888606 662.994667053223 721.339832305908 684.031524658203 932.920553207397 797.300201416016 775.500015258789 730.105361938477 840.753829956055 770.484302520752 732.414596557617 823.341339111328 961.933552742004 1170.32940673828 1004.90617752075 1046.71066761017 940.173759460449 906.207015991211 880.888809204102 1034.56791973114 967.119647979736 1274.28675842285 1042.46132659912 968.559398651123 1085.25835037231 957.229026794434 882.092437744141 1089.60209655762 959.707714080811 1183.36809825897 937.577117919922 798.355651855469 917.431648254395 972.507947921753 830.369079589844 974.087158203125 -9999 -9999 -9999 -9999 -9999 -9999 -9999 -9999 -9999 -9999
644.186019897461 813.599956512451 660.860046386719 643.878349304199 667.829193115234 742.938659667969 738.617858886719 668.331077575684 684.51277923584 824.753173828125 791.054183959961 733.501510620117 664.644622802734 658.17887878418 838.051031112671 941.738418579102 981.379230499268 924.837312698364 989.961769104004 1110.91035842896 843.659225463867 871.794555664062 912.083000183105 1017.33544921875 1016.35746002197 1049.56266784668 1038.84513092041 1385.09587860107 944.62801361084 1071.71118164062 979.426915168762 828.092460632324 1010.64197540283 915.358221054077 796.519897460938 835.363273620605 867.990325927734 1053.58243560791 872.226833343506 911.805453836918 857.237987518311 -9999 -9999 -9999 -9999 -9999 -9999 -9999 -9999 -9999
838.615837097168 798.9737200737 694.244140625 555.755142211914 597.101547241211 778.726572036743 832.229061126709 703.715812683105 665.543121337891 792.34398651123 777.733299255371 889.064395904541 905.515247344971 777.324119567871 790.910881996155 812.942731320858 859.651285648346 788.80712890625 901.152791976929 1013.17354202271 1039.36600732803 1173.48092651367 1106.47430229187 1252.60061645508 1043.15794754028 1022.01700973511 1094.36584091187 968.029376983643 892.306129455566 936.750019073486 1031.58815765381 847.100742340088 869.560874938965 938.999578475952 842.477035522461 880.445037841797 1057.74835205078 1143.3702545166 906.713938713074 976.848747253418 850.396659851074 -9999 -9999 -9999 -9999 -9999 -9999 -9999 -9999 -9999
805.361724853516 803.488574028015 732.329944610596 723.279678344727 615.256286621094 771.304767608643 877.155563354492 697.904357910156 809.681554794312 837.706475615501 688.26114654541 1017.48523712158 897.344242334366 1042.56285095215 828.975330352783 751.018093109131 724.038963317871 813.580104827881 895.279682159424 890.026180267334 873.238502502441 986.32240486145 1109.75228881836 1185.91544342041 997.33491897583 1036.61540603638 957.169734954834 930.632192611694 915.035614013672 891.068464279175 908.128492355347 877.109203338623 953.788230895996 866.616798400879 834.627807617188 965.194709777832 961.262034416199 1028.65393066406 857.862030029297 823.437911987305 959.219425201416 866.295379638672 -9999 -9999 -9999 -9999 -9999 -9999 -9999 -9999
803.426254272461 789.434215545654 777.738372802734 705.786415100098 878.181114196777 939.826232910156 744.801095962524 731.189102172852 762.342044830322 863.12988948822 926.426611304283 910.684707641602 743.384872436523 816.689613342285 894.188673019409 732.896392822266 792.53129196167 784.516738891602 761.594413757324 827.766513824463 866.998924255371 894.711212158203 946.982321739197 1013.87779998779 882.51741027832 899.708309173584 1081.61167526245 979.066155433655 972.522417068481 917.082118988037 973.752151489258 894.553847312927 976.543243408203 843.142700195312 909.479671478271 917.074371337891 916.577236175537 954.84298324585 878.58385181427 778.835693359375 832.452774047852 1006.06191444397 -9999 -9999 -9999 -9999 -9999 -9999 -9999 -9999
777.934681415558 737.385551452637 717.245506286621 786.842439651489 916.764602661133 830.356483459473 751.341630458832 825.878737449646 847.124591827393 943.733093261719 852.330268859863 667.428009033203 847.707717895508 849.553039550781 891.351303100586 789.160339355469 930.607094764709 846.85701751709 764.334758758545 770.416854858398 724.036277770996 686.853652954102 803.339134216309 818.042694091797 782.201324462891 816.401352882385 885.995107650757 908.285018920898 807.923217773438 898.033409118652 902.837337493896 1084.04130554199 1007.64849853516 834.514541625977 1437.73481750488 902.757434844971 861.232406616211 786.35774230957 761.386245727539 833.040222167969 853.884506225586 1082.00522613525 1045.64839172363 -9999 -9999 -9999 -9999 -9999 -9999 -9999
562.778182983398 688.434097290039 787.089317321777 816.776832580566 770.741418838501 858.246139526367 801.550748825073 737.2581615448 836.030230522156 920.975654602051 812.370517730713 913.785736083984 884.801567077637 863.647899627686 955.989944458008 972.530822753906 945.672416687012 889.655136108398 926.698389053345 1011.98362350464 1001.02490234375 730.772933959961 719.798294067383 708.947296142578 867.298517227173 913.349655151367 858.60931634903 859.111899375916 859.663276672363 962.709180831909 966.037839889526 1070.05265045166 965.596977233887 1104.83209228516 1220.15882110596 996.089660644531 972.625593662262 946.574966430664 1039.10634613037 905.138824462891 1132.52098083496 1048.26654434204 1223.46032714844 -9999 -9999 -9999 -9999 -9999 -9999 -9999
781.121887207031 991.362777709961 788.049829483032 754.792678833008 828.076539993286 843.683589935303 771.340158462524 730.954097747803 652.575393676758 743.852439880371 804.82110786438 598.990844726562 1036.42043685913 919.688892126083 787.920545578003 846.515602111816 889.405464172363 938.617158889771 906.599063873291 986.179156303406 814.744689941406 840.143157958984 909.357131958008 792.501502990723 819.685676574707 820.351036071777 829.671195983887 815.91438293457 872.588507652283 923.359550476074 926.239070892334 921.427619934082 1039.49073028564 814.405212402344 1081.44898986816 743.365371704102 819.763488769531 1033.9649810791 1088.12924194336 1125.94761657715 1014.56490778923 1146.75689697266 1201.27313232422 1184.92068481445 -9999 -9999 -9999 -9999 -9999 -9999
