simdem/realisation5.asc
NCOLS 350 
NROWS 171 
XLLCORNER 152620 
YLLCORNER 418050 
CELLSIZE 100 
NODATA_value -9999 
[rows 0 to 21 of 171, columns 100 to 149 of 350]
-9999 -9999 -9999 -9999 -9999 -9999 -9999 -9999 -9999 -9999 -9999 -9999 -9999 -9999 -9999 -9999 -9999 -9999 -9999 -9999 -9999 -9999 -9999 -9999 -9999 -9999 -9999 -9999 -9999 -9999 -9999 -9999 -9999 -9999 -9999 -9999 -9999 -9999 -9999 -9999 -9999 -9999 -9999 -9999 -9999 -9999 742.041715621948 647.792518615723 750.535057067871 763.755950927734
-9999 -9999 -9999 -9999 -9999 -9999 -9999 -9999 -9999 -9999 -9999 -9999 -9999 -9999 -9999 -9999 -9999 -9999 -9999 -9999 -9999 -9999 -9999 -9999 -9999 -9999 -9999 -9999 -9999 -9999 -9999 -9999 -9999 -9999 -9999 -9999 -9999 -9999 -9999 -9999 674.710517883301 797.109340667725 635.69123840332 550.526611328125 537.868927001953 606.930572509766 709.467280864716 597.012748718262 610.896289825439 657.95573425293
-9999 -9999 -9999 -9999 -9999 -9999 -9999 -9999 -9999 -9999 -9999 -9999 -9999 -9999 -9999 -9999 -9999 -9999 -9999 -9999 -9999 -9999 -9999 -9999 -9999 -9999 -9999 -9999 -9999 -9999 -9999 -9999 -9999 -9999 -9999 -9999 -9999 904.40885925293 825.40140914917 648.656005859375 715.533233642578 795.157842636108 662.375869750977 580.505104064941 616.451239228249 602.360872268677 559.507709503174 634.674892425537 589.443223953247 643.278472900391
-9999 -9999 -9999 -9999 -9999 -9999 -9999 -9999 -9999 -9999 -9999 -9999 -9999 -9999 -9999 -9999 -9999 -9999 -9999 -9999 -9999 -9999 -9999 -9999 -9999 -9999 -9999 -9999 -9999 -9999 -9999 -9999 -9999 -9999 579.352783203125 877.937377929688 799.958000183105 778.764717102051 706.253189086914 617.941371917725 655.63858795166 739.592170715332 696.611524581909 572.92887878418 706.743397831917 611.294409751892 529.691955566406 655.067459106445 648.144790649414 530.756853103638
-9999 -9999 -9999 -9999 -9999 -9999 -9999 -9999 -9999 -9999 -9999 -9999 -9999 -9999 -9999 -9999 -9999 -9999 -9999 -9999 -9999 -9999 -9999 -9999 -9999 -9999 -9999 -9999 -9999 -9999 -9999 -9999 771.716781616211 695.925413474441 697.854961395264 701.490033149719 587.391006469727 721.892220497131 688.823230743408 616.65281867981 586.968221664429 857.278869628906 752.311378479004 644.42391204834 691.802046775818 743.075855255127 646.917022705078 622.336875915527 648.143493652344 731.444011688232
-9999 -9999 -9999 -9999 -9999 -9999 -9999 -9999 -9999 -9999 -9999 -9999 -9999 -9999 -9999 -9999 -9999 -9999 -9999 -9999 -9999 -9999 -9999 -9999 -9999 -9999 -9999 -9999 -9999 -9999 678.009836912155 646.740829467773 710.046806335449 570.264148712158 564.504295349121 650.845306396484 674.147300720215 718.773303031921 573.424392700195 631.232078552246 614.745727539062 706.700660228729 657.680809020996 606.996078491211 834.327844619751 648.089248657227 623.891662597656 837.884449958801 784.273685455322 714.481773376465
-9999 -9999 -9999 -9999 -9999 -9999 -9999 -9999 -9999 -9999 -9999 -9999 -9999 -9999 -9999 -9999 -9999 -9999 -9999 -9999 -9999 -9999 -9999 -9999 -9999 -9999 -9999 644.493499755859 745.141151428223 617.279747009277 600.433620452881 646.387817382812 802.116516113281 597.446563005447 630.273097991943 650.067539215088 640.756576538086 786.055633544922 578.071571350098 757.794185638428 809.948310852051 860.332485198975 691.333869934082 739.007328033447 630.147394180298 711.109825469553 999.988994598389 1029.35523223877 931.059871673584 997.133045196533
-9999 -9999 -9999 -9999 -9999 -9999 -9999 -9999 -9999 -9999 -9999 -9999 -9999 -9999 -9999 -9999 -9999 -9999 -9999 -9999 -9999 -9999 -9999 -9999 747.645578384399 727.188305854797 606.390129089355 502.179069519043 658.737701416016 597.57029914856 587.078642845154 637.547927856445 698.808982849121 608.438502311707 643.522453308105 550.583000183105 637.329074859619 619.997192382812 615.90446472168 774.929413199425 701.592300415039 797.066781997681 689.370666503906 739.646331787109 805.997959136963 1085.19969177246 1135.15441894531 1212.00399780273 1051.93350219727 1134.78149414062
-9999 -9999 -9999 -9999 -9999 -9999 -9999 -9999 -9999 -9999 -9999 -9999 -9999 -9999 -9999 -9999 -9999 -9999 -9999 -9999 -9999 -9999 749.810768127441 761.127529144287 739.27409362793 791.122955322266 687.132804870605 794.787582397461 596.063760757446 573.155747175217 692.910255432129 553.050687789917 438.741775512695 518.930549621582 583.507411003113 529.526924133301 533.115074157715 662.098754882812 710.647942304611 834.1604347229 950.778827667236 691.076934814453 735.857879638672 810.0500831604 685.962345600128 1121.07369995117 834.607948303223 847.191314697266 769.704956054688 528.828605651855
-9999 -9999 -9999 -9999 -9999 -9999 -9999 -9999 -9999 -9999 -9999 -9999 -9999 -9999 -9999 -9999 -9999 -9999 -9999 1094.0071015358 834.908401489258 754.718523025513 737.596111297607 630.446140766144 553.795146942139 671.514266967773 739.620903015137 718.611885070801 679.742340087891 592.957301139832 626.582622528076 617.387298583984 346.194229125977 458.94197845459 623.53048324585 569.432777404785 570.381252288818 572.951847076416 555.269248962402 768.805438995361 656.32201385498 550.126907348633 609.192756652832 691.216689825058 648.739789962769 783.192497253418 675.386486053467 599.686149597168 882.376190185547 749.832569122314
-9999 -9999 -9999 -9999 -9999 -9999 -9999 -9999 -9999 -9999 -9999 -9999 -9999 -9999 -9999 -9999 -9999 1032.40444946289 1005.76068115234 1020.8157043457 725.703338623047 667.236471176147 577.327279508114 550.789670944214 483.447456359863 865.018005371094 640.701148986816 798.48168182373 681.627958774567 714.273094177246 863.50358581543 513.264507293701 439.971115112305 270.7685546875 341.439025878906 419.804306030273 573.047471046448 554.554908752441 772.15225982666 709.960868835449 670.573537826538 624.86270904541 683.140863418579 730.687786102295 632.564002990723 631.734485626221 610.167041778564 530.851684570312 739.923301696777 694.856395721436
-9999 -9999 -9999 -9999 -9999 -9999 -9999 -9999 -9999 -9999 -9999 -9999 -9999 -9999 546.392112731934 653.333869934082 611.158103942871 963.999710083008 1009.42167663574 975.578700065613 820.762588500977 625.756862640381 428.080200195312 570.812713623047 741.571296691895 778.75464630127 675.258499383926 712.588077545166 699.456342697144 685.392582893372 657.17700958252 471.658393859863 370.638595581055 448.67211151123 460.800437927246 476.615913391113 485.147125244141 574.716785430908 735.035713195801 696.387811660767 751.479145050049 623.07251739502 648.780660629272 561.036483764648 560.269630432129 697.384155273438 594.754501342773 576.137100219727 693.295751571655 515.55793762207
-9999 -9999 -9999 -9999 -9999 -9999 -9999 -9999 -9999 -9999 -9999 -9999 794.448837280273 665.829601287842 510.054000854492 804.09317779541 401.576202392578 488.258193969727 926.503616333008 888.40934753418 899.722648620605 583.552935600281 532.832206726074 560.779182434082 687.796000480652 883.81697845459 770.229923248291 738.758182525635 857.703247070312 657.837411880493 529.314952850342 581.660676956177 304.093811035156 442.455368041992 445.644676208496 462.45694732666 420.160186767578 491.646987915039 649.962182044983 759.863647460938 839.479400634766 707.023839950562 512.903030395508 676.90189743042 473.873748779297 579.646457672119 574.340698242188 632.886989593506 672.774270057678 502.334014892578
-9999 -9999 -9999 -9999 -9999 -9999 -9999 -9999 -9999 -9999 698.592971801758 682.473022460938 690.846061706543 827.619682312012 609.288618087769 491.912391662598 546.62858581543 608.402027130127 585.171550750732 598.306809425354 514.450775146484 580.207901000977 533.469291687012 660.478595733643 766.426067352295 660.437622070312 639.837005615234 913.127532958984 884.510848999023 601.081199645996 510.208599090576 391.703063964844 304.207870483398 566.185989379883 710.256927490234 478.647895812988 397.296768188477 462.496231079102 641.061994552612 558.385528564453 560.62281036377 669.06104183197 607.118049621582 614.035335540771 494.825881958008 607.529619216919 733.38501739502 580.684745788574 477.341659545898 548.932327270508
872.95320892334 718.062046051025 730.685131072998 657.378391265869 627.009132385254 504.659702301025 608.413654327393 687.304275512695 704.073501586914 539.193634033203 736.283435821533 664.651416778564 505.049377441406 651.737657546997 499.781265258789 528.37622833252 603.76322555542 550.815269470215 591.024713516235 612.8609790802 551.868953704834 600.031593322754 649.508483886719 717.860053062439 638.79328918457 706.137812137604 664.523445129395 715.299378871918 675.591286182404 544.261470794678 543.106979370117 621.126466751099 540.866870880127 528.279609680176 658.157806396484 680.531144142151 582.910736083984 403.735015869141 378.08528137207 562.498336791992 613.847980499268 747.612442016602 521.400310516357 657.079265594482 580.698715209961 484.677734375 587.684690475464 593.362010002136 503.746734619141 599.692085266113
878.633453369141 794.316944122314 797.854900360107 557.833293914795 549.064819335938 384.667411804199 423.501327514648 525.732452392578 419.341144561768 300.042510986328 716.894990921021 762.990165710449 598.207481384277 552.44669342041 617.406248092651 481.310821533203 695.279708862305 625.069452285767 663.666927337646 611.769790649414 741.178634643555 616.249794006348 620.1384421736 809.016815185547 658.051023483276 622.316787719727 645.236174583435 505.680240631104 585.323466300964 649.527763366699 509.123922944069 678.98323059082 393.650329589844 447.448632240295 464.572250366211 712.49404335022 593.804191589355 519.806701660156 394.032699584961 571.061370849609 521.378356933594 685.393669128418 518.305751800537 542.935340881348 498.979354858398 1175.10274887085 795.20979309082 744.676829338074 687.573417663574 600.544738769531
717.808074951172 732.728240966797 622.054050445557 640.539240837097 593.038200378418 379.750480651855 449.961647987366 349.698738098145 440.925045013428 561.410461425781 668.020431518555 598.104110717773 314.970962524414 587.530670166016 624.15867805481 725.577229261398 718.760104179382 831.933822631836 671.362640380859 719.101486206055 699.273700714111 1025.47618865967 660.497085571289 661.817804336548 584.595794677734 751.700912475586 511.238735198975 606.317001342773 395.817024230957 706.276443481445 693.499992370605 667.922449111938 552.016883850098 726.798629760742 658.182754516602 689.582180023193 622.819915771484 494.750381469727 525.842918395996 571.194114685059 590.844902038574 628.223966598511 706.03303527832 869.351463317871 572.488830566406 655.073413848877 503.029693603516 564.797172546387 859.707412719727 805.05078125
629.784070968628 682.373613357544 525.589172363281 432.166015625 617.34130859375 613.767459869385 877.748331069946 1017.25022888184 764.428695678711 744.018836975098 614.27465057373 437.718872070312 561.45342540741 645.867469787598 674.144691467285 648.124557495117 723.265436649323 882.254135131836 492.372089385986 714.622024536133 636.120262145996 790.752616882324 545.073307037354 663.65052986145 696.418781280518 708.127555847168 673.560211181641 764.515529632568 689.974216639996 612.807153403759 741.599533081055 626.467178344727 661.182779312134 694.238014221191 715.073875427246 1158.46215820312 583.128158569336 381.975372314453 584.371288299561 685.682189941406 1260.85316669941 774.944005966187 517.73267364502 628.733131408691 616.321754455566 631.3515625 563.280288696289 661.071323394775 743.846298217773 680.406997680664
518.431228637695 369.633972167969 740.047729492188 548.261119842529 674.764022827148 583.508071899414 826.052574157715 974.161346435547 462.443588256836 641.178215026855 807.207534790039 816.687156677246 739.362518310547 712.934349060059 559.709733963013 699.921195983887 654.504166603088 678.84734916687 515.572193145752 762.228103637695 658.748489379883 601.731674194336 758.373687744141 748.617828369141 484.120777130127 547.84662437439 597.479064941406 596.702011108398 1191.76737976074 798.501319885254 600.585632324219 772.197460174561 1093.68257141113 984.207717895508 755.173896789551 1027.75598144531 804.812225341797 636.9853515625 414.155426025391 545.098014831543 609.549343109131 674.734786987305 589.650255680084 588.910034298897 630.831327438354 522.642791748047 594.961978912354 562.148639678955 639.884142875671 673.454956054688
704.18200302124 632.966529846191 1032.27848815918 648.76439666748 777.251693725586 618.214569091797 787.248947143555 1174.85582351685 854.121658325195 704.24813079834 837.476066589355 1031.7080116272 1040.19595718384 1060.60633850098 695.876205444336 1088.66386032104 673.215158462524 720.90557384491 505.933044433594 1044.57888364792 649.865020751953 652.657440185547 579.68408203125 707.217079162598 1187.15393829346 1158.42144721746 726.200775146484 530.93977355957 559.382041931152 479.211326599121 492.15678024292 609.042542457581 595.728052139282 663.991493225098 572.931900024414 1085.10467529297 486.172668457031 484.956344604492 586.331954956055 756.471496582031 795.665267944336 534.362342834473 638.434001922607 622.204542160034 619.36544752121 626.921496868134 595.161722183228 502.509315490723 709.466972351074 552.800598144531
680.782188415527 492.220916748047 638.867014884949 535.564353942871 639.458553314209 773.719783782959 880.187768936157 646.443206787109 924.119075775146 612.251792907715 641.418544769287 1045.45617079735 773.466171264648 1092.13567352295 1218.25505828857 1064.02696228027 1186.95640563965 1195.22386932373 670.056173801422 539.367767333984 572.302093505859 228.278625488281 1033.70364379883 482.038330078125 609.796929359436 1232.3389673233 493.638641357422 519.497833251953 407.859283447266 450.18034362793 550.667713165283 658.30696105957 559.320701599121 410.145462036133 517.113876342773 606.171531677246 575.762710571289 618.099002838135 518.118682861328 727.328308105469 764.046836853027 659.270973205566 584.411308288574 613.814743041992 563.816066741943 622.934108734131 626.225004315376 546.717208862305 622.785462856293 541.477771759033
358.716171264648 571.723821640015 513.216541290283 590.104644775391 586.405820846558 861.21244430542 659.174001693726 886.065900802612 796.847091674805 710.012574195862 639.388793945312 853.592662811279 666.915764808655 807.450611114502 541.268089294434 2353.78141975403 1164.54934692383 906.339618682861 419.847320556641 826.116333007812 707.574172973633 365.422225952148 330.808685302734 879.789916992188 1143.21210479736 1432.98271179199 806.673980712891 702.484039306641 438.527542114258 432.893325805664 603.709492683411 645.488418579102 663.125793457031 481.936904907227 625.842172622681 525.869277954102 620.257207870483 632.438316345215 633.147983551025 628.26583480835 666.992093086243 657.309297561646 595.515914916992 551.819892883301 596.91802406311 671.475620269775 623.945392608643 617.315522193909 542.456623077393 685.842437744141
