simdem/realisation20.asc
NCOLS 350 
NROWS 171 
XLLCORNER 152620 
YLLCORNER 418050 
CELLSIZE 100 
NODATA_value -9999 
[rows 44 to 65 of 171, columns 100 to 149 of 350]
270.673416137695 365.925590515137 312.903030395508 409.009227752686 453.843196868896 384.170429229736 452.243546485901 447.695952415466 357.238887786865 552.730247497559 475.964450836182 445.748662948608 558.159034729004 365.660987854004 510.694931030273 561.335906982422 495.284202575684 374.826393127441 339.5244140625 426.195718765259 456.8059425354 558.650840759277 601.935028076172 477.319118976593 381.834114074707 429.661163330078 427.005386352539 536.922221183777 439.387516021729 523.295222043991 558.357975006104 497.511652469635 612.730247497559 411.575370788574 508.370301246643 538.370765686035 452.738494873047 543.885208129883 547.937934875488 405.009429931641 338.344055175781 516.510416030884 515.258423805237 493.376874923706 389.73095703125 410.81184387207 567.692108154297 484.392322540283 535.133483886719 466.325820922852
431.923668146133 590.08984375 423.820835113525 436.324862480164 466.999153137207 421.376407623291 337.741424560547 366.512031555176 488.465549468994 418.236608505249 486.669532775879 483.771083831787 574.300216674805 413.592735290527 280.294357299805 313.849349975586 349.573608398438 272.660507202148 340.244125366211 264.068908691406 361.200942993164 488.519869804382 490.245697259903 387.261581420898 535.62472820282 488.542549610138 510.910047531128 365.283325195312 555.550462722778 504.569435119629 476.896697998047 556.128715515137 583.098892211914 428.494323730469 475.447803974152 494.711629867554 673.239288330078 640.543243408203 438.220748901367 524.674829483032 414.105674743652 648.484298706055 709.483657836914 564.244262695312 486.581897735596 578.120895385742 608.98902130127 608.8193359375 651.128036499023 588.409126281738
453.715990066528 508.895515441895 438.916578292847 565.222717285156 575.61937713623 590.240097045898 447.95069694519 408.248653411865 459.359681129456 485.441707611084 358.297782897949 484.911296844482 615.070442199707 442.340022325516 392.781547546387 312.611343383789 320.823669433594 199.097564697266 329.768646240234 233.688781738281 448.342716217041 546.319229125977 591.840347290039 331.833297729492 453.888362884521 504.448637962341 443.79719543457 604.216979980469 553.960369110107 551.099857330322 511.798901557922 443.733848571777 427.830085754395 548.142490386963 467.090106010437 512.464530944824 510.203660964966 463.181356430054 554.43208694458 564.316604614258 522.668334960938 543.274772644043 549.287452697754 626.330451965332 523.706745147705 384.404365539551 562.722400665283 475.956055641174 430.130508422852 465.414981842041
434.523235321045 468.981586456299 453.844648361206 405.276527404785 544.029243469238 560.337493896484 591.305679321289 478.97048664093 427.378288269043 303.054748535156 449.17679142952 612.2958984375 498.862823486328 471.597236633301 357.596412658691 410.394744873047 371.463500976562 365.355003356934 348.124282836914 462.119705200195 457.866916656494 447.154228210449 127.078369140625 372.845413208008 525.133460998535 501.54402589798 472.721818447113 495.186675071716 589.58715057373 491.875682830811 489.206663131714 586.460960388184 506.492771148682 543.874839782715 541.84342956543 590.528755187988 552.010047912598 431.941902160645 406.237083435059 542.010715484619 436.183570861816 650.768814086914 525.627261161804 506.979467391968 534.174419403076 478.518068313599 279.158432006836 513.45923614502 514.812512397766 510.309293746948
462.121915817261 467.405906677246 546.554992675781 485.087608337402 476.744901657104 576.374336242676 490.150621414185 499.382019042969 554.655906677246 431.179069519043 523.848316192627 630.345947265625 439.959196090698 449.956124305725 422.057422637939 405.627574920654 391.007278442383 314.056488037109 426.607582092285 428.260509490967 479.719917535782 470.589876651764 422.342258453369 494.769464254379 460.860977172852 531.532867431641 466.456842422485 339.459213256836 495.676464080811 490.059642791748 578.150745391846 628.244132995605 454.812065124512 531.846828460693 682.706512451172 620.725082397461 400.816543579102 350.510787963867 510.445061683655 418.145210266113 498.781788825989 558.5107421875 482.065846443176 538.478586196899 646.843566894531 639.21809387207 468.379169464111 635.394149780273 563.596557617188 607.304065704346
378.73503112793 399.108516693115 365.179290771484 487.89203453064 531.321220397949 448.478755950928 535.18758392334 422.783584594727 392.974922180176 511.360008239746 449.088491410017 578.980026245117 589.645614624023 484.137538909912 455.228025436401 461.301469802856 452.054716825485 489.835376739502 499.581308364868 567.948463439941 408.302383422852 492.652412414551 499.673759460449 565.783340454102 657.221054077148 688.264892578125 502.109056472778 577.145118713379 595.34423828125 525.826822757721 600.384483337402 489.542922973633 448.41389465332 367.660934448242 556.152637481689 638.256149291992 518.264236450195 467.203798294067 400.240272521973 571.322654724121 585.624671936035 538.629428863525 492.757011413574 532.863353729248 476.078186035156 500.587767124176 552.310878753662 420.41960144043 571.78881072998 624.62068939209
514.425674438477 444.130356788635 488.574012756348 467.001110076904 468.15679359436 414.827928543091 382.220581054688 421.028518676758 347.169227600098 430.85054397583 431.020328521729 620.416702270508 527.926467895508 423.96509552002 485.451557159424 523.199878692627 558.214332580566 572.355178833008 492.270238876343 564.421871185303 447.921463012695 559.260677337646 492.35774230957 512.516036987305 560.774253845215 480.371448516846 525.101115226746 476.861930847168 493.879693984985 503.315317153931 503.749571561813 490.100975036621 430.428733825684 486.731094360352 622.856826782227 498.240943908691 498.301414966583 554.211502075195 531.250675201416 550.982707977295 545.844741821289 608.893714904785 492.231831550598 626.359512329102 447.723731994629 485.400054931641 504.441089630127 589.814430236816 401.617782592773 524.561100006104
333.30980682373 464.272933959961 529.265869140625 430.255590438843 357.929145812988 457.063810348511 348.173942565918 335.284385681152 373.928215026855 498.517650604248 367.488845825195 413.826797485352 376.618774414062 447.682437896729 526.265407562256 495.056632995605 550.329780578613 670.257659912109 419.900291442871 461.179050445557 413.339515686035 611.84302520752 626.457565307617 614.042739868164 508.487809181213 585.493598937988 583.815116882324 719.961029052734 598.668678283691 477.818229675293 619.378639221191 618.315017700195 519.353870391846 427.655555725098 508.944868087769 385.867950439453 491.863471984863 568.630973815918 522.63095664978 432.177192687988 529.607025146484 522.633303642273 613.635292053223 607.751052856445 493.36806678772 481.552822113037 503.304092407227 501.637526035309 446.10534286499 623.785339355469
206.413986206055 465.447910308838 393.554224014282 367.642738342285 390.984210968018 369.10835647583 374.367988586426 368.090721130371 511.460231781006 489.102791309357 437.833684921265 494.788644790649 430.735160827637 561.033477783203 533.665138244629 506.365386962891 379.388916015625 422.408554077148 628.965301513672 515.289890289307 493.295244932175 571.796325683594 683.957962036133 431.672882080078 537.32071018219 497.366840362549 576.407119750977 624.380477905273 473.448935508728 568.338733673096 574.727561950684 507.45015335083 605.399963378906 629.595062255859 518.581329345703 339.526473999023 322.261520385742 472.831367492676 305.208755493164 495.358032226562 469.307472229004 517.407510757446 474.04838180542 538.170888900757 531.268665313721 491.236511230469 544.392199516296 461.931121826172 552.486427307129 598.732666015625
409.468036651611 452.898792266846 361.323902130127 301.38224029541 323.113708496094 374.295265197754 308.506225585938 401.20450592041 464.834980964661 534.631897926331 456.798605918884 366.604751586914 485.649210929871 551.067771911621 558.036098480225 262.743286132812 331.840469360352 310.224792480469 482.809267997742 539.215171813965 596.827247619629 660.826187133789 557.689952850342 473.350833892822 448.97774887085 430.951866149902 581.615234375 427.28706741333 361.205383300781 387.126686096191 355.570404052734 474.665748596191 574.217834472656 637.014762878418 485.821834564209 465.963844299316 499.810668945312 423.946983337402 477.569465637207 375.472030639648 458.934448242188 552.578004837036 602.263870239258 620.60498046875 463.364105224609 587.387466430664 568.56213760376 523.317017555237 660.977394104004 626.101333618164
372.008457183838 396.257900238037 399.871189117432 337.292045593262 358.318603515625 316.384628295898 503.999355316162 504.127288818359 374.829475402832 590.426601409912 489.425231933594 472.302846908569 370.23868560791 345.280700683594 390.12296295166 287.981185913086 322.807846069336 526.91300201416 631.199600219727 688.051818847656 597.488586425781 511.072257995605 378.237701416016 526.669780731201 451.306911468506 422.953628540039 556.331237792969 502.003536224365 439.42350769043 479.777086257935 479.85746383667 334.094223022461 445.329177856445 447.610176086426 476.840881347656 492.503620147705 661.069900512695 536.980234622955 448.663925170898 511.039125442505 486.192100524902 566.034847259521 626.770721435547 568.597110748291 546.953590393066 579.550437927246 539.342712402344 608.592781066895 571.814754486084 588.26513671875
289.249450683594 398.284404754639 440.375682830811 499.103469848633 555.754165649414 419.230197906494 565.695854187012 462.316830635071 458.116972923279 541.306518554688 471.136746644974 492.4186668396 386.973365783691 401.310165405273 562.155807495117 539.051612377167 432.528427124023 439.414714813232 712.036483764648 760.369537353516 576.530220031738 559.870250701904 519.000926017761 340.080902099609 275.769958496094 430.11043548584 485.888578414917 629.354942321777 422.184677124023 365.589080810547 287.124725341797 323.746307373047 424.535438537598 440.81861114502 548.886744022369 574.454151153564 563.605731964111 681.840591430664 625.567268371582 494.859275817871 649.887351989746 564.316734313965 528.348640441895 491.322322845459 482.191337585449 597.177719116211 543.065834999084 624.150199890137 718.419891357422 580.112575531006
277.863571166992 450.417403459549 368.054565429688 505.882164001465 347.630241394043 355.384284973145 443.657117366791 511.481094360352 390.84171295166 495.842972993851 507.330965042114 440.558166503906 435.533729553223 397.550178527832 416.65376663208 482.313991546631 469.414318084717 394.983062744141 637.510665893555 577.93741607666 548.437740325928 536.881255149841 256.188552856445 304.594940185547 440.06075668335 481.561544418335 494.283168792725 462.132823944092 625.692939758301 517.547225952148 513.931804656982 290.909851074219 456.201126098633 310.44709777832 473.034683227539 502.785824775696 560.343095779419 676.28532409668 721.133354187012 499.126476287842 469.303314208984 527.4431848526 585.488826751709 617.781951904297 525.662519454956 559.754627227783 614.259231567383 669.385566711426 513.005004882812 556.729647636414
345.594932556152 439.622323036194 412.104808807373 347.984321594238 475.337566375732 462.18075466156 556.052925109863 579.747085571289 441.499780654907 483.561937332153 526.940200805664 452.409346103668 423.993389129639 390.001495361328 557.571319580078 485.632117271423 558.924842834473 394.363998413086 432.664735794067 437.095481872559 382.925285339355 438.302471160889 425.663795471191 466.476277828217 445.410232543945 423.926704406738 526.895866692066 474.012886047363 482.22444152832 570.785047531128 556.317337036133 528.068397521973 376.624649047852 343.760375976562 494.777534484863 619.454139709473 595.202182769775 569.491060972214 592.235101699829 643.242858886719 454.29467010498 535.964082717896 507.902603149414 523.146642684937 572.698486328125 577.674320220947 610.835647583008 560.67378616333 541.411378860474 533.230882644653
422.955371856689 399.888536453247 434.710832595825 456.973233699799 497.727436065674 531.796035766602 545.229690551758 576.25065612793 533.493560791016 480.875453948975 554.860511779785 553.639068603516 459.058030843735 440.413633346558 615.27409362793 456.448518753052 523.939563751221 454.74174118042 527.617206573486 581.195777893066 563.063468933105 510.421408653259 533.017456054688 551.901580810547 434.261878967285 536.228332519531 391.661224365234 424.884578704834 405.98120880127 499.862646102905 635.753547668457 659.386658668518 618.49425393343 598.30150604248 521.156074523926 483.095775604248 547.523411750793 577.216199398041 761.02806854248 592.929690361023 644.859260559082 503.507972717285 622.902862548828 651.487663269043 523.918187141418 430.887969970703 611.197106599808 538.089978218079 663.638305664062 382.054656982422
566.943748474121 435.149835586548 289.304244995117 485.518365859985 405.039474487305 418.228694915771 536.191749572754 628.058700561523 526.113212585449 345.778434753418 568.052917480469 472.165760040283 484.713607788086 513.249618530273 410.146591186523 491.11833190918 469.913928985596 492.612785339355 487.149189472198 482.799067258835 464.888669967651 460.831697463989 543.40599822998 418.204067230225 479.908860564232 389.522895812988 584.340179443359 675.442337036133 503.878744125366 480.306226730347 301.952758789062 623.569007873535 622.136722564697 448.768280029297 540.11173248291 466.344161987305 612.779251098633 576.510023832321 618.020706176758 571.480096817017 557.635645866394 530.586109161377 609.181831359863 651.979400634766 529.481810569763 569.5364112854 490.69242477417 581.815044879913 548.118358612061 692.926010131836
384.213954925537 356.836013793945 411.251251220703 559.688903808594 437.052528381348 454.729018211365 563.330383300781 471.532230377197 374.594146728516 502.282241821289 442.989349365234 497.139812469482 465.778869152069 250.842788696289 346.077056884766 384.724761962891 429.038135528564 479.661400794983 600.366539001465 494.806453704834 426.066040039062 428.44633102417 470.036214828491 488.832423210144 435.167671203613 555.342491149902 597.344100952148 481.940837860107 372.366302490234 388.510101318359 428.445297241211 440.843269348145 523.775726795197 489.9660987854 608.616115570068 431.223670959473 510.441118240356 507.082126617432 470.514297485352 519.408843994141 565.417519569397 448.885726928711 507.382139205933 593.003314971924 568.788206100464 623.809093475342 413.06812286377 586.116842269897 646.505035400391 634.243598937988
383.696308135986 447.725360870361 548.955665588379 549.643135070801 476.775115966797 429.259719848633 379.933769226074 358.998542785645 413.964515686035 436.693531036377 372.309257507324 387.230941772461 356.456230163574 321.294631958008 443.668533325195 433.125694274902 292.319564819336 389.324569702148 501.313816070557 445.14221572876 490.765234947205 377.644760131836 532.111808776855 660.183395385742 404.130386352539 613.842849731445 548.383338928223 468.293399810791 448.310901641846 547.616176605225 564.197185516357 462.946681976318 451.327857971191 450.499359130859 474.51390838623 445.067199707031 491.701927185059 475.842727661133 483.41907119751 635.439842224121 540.51971912384 551.274429321289 596.627088546753 749.915199279785 519.727153778076 531.45548248291 623.457794189453 694.707878112793 708.957733154297 703.577682495117
368.227470397949 455.009062290192 360.621894836426 356.112930297852 437.108787536621 427.658794403076 423.393524169922 288.926956176758 335.88232421875 490.708866119385 475.291189193726 410.484401702881 443.682329177856 419.237907409668 550.6877784729 421.000034332275 409.984252929688 311.400497436523 395.016410827637 493.979871749878 632.190567016602 670.412002563477 515.621046066284 467.585752487183 355.273132324219 512.488969326019 594.101081848145 543.369142532349 424.669525146484 540.022296071053 483.422912597656 558.994808197021 514.083001613617 482.156097412109 267.01496887207 363.202911376953 455.449028015137 542.478642463684 550.750017166138 493.395275115967 507.250862121582 452.719062805176 505.534202575684 627.107650756836 629.832479476929 412.950393676758 711.976982116699 508.947778701782 462.947578430176 786.882537841797
306.926086425781 312.994857788086 413.722625732422 411.776271820068 409.910606384277 368.846031188965 440.9411277771 392.307403564453 299.156921386719 436.628273010254 361.577987670898 356.71826171875 310.537368774414 511.2878074646 635.452301025391 459.543146133423 505.142902374268 445.707996368408 342.070449829102 627.532852172852 584.19766998291 516.893510818481 440.976762771606 588.518524169922 386.579666137695 516.790656089783 581.435009002686 635.445541381836 472.953556060791 313.299057006836 275.595367431641 369.13298034668 363.945083618164 427.05916595459 449.587799072266 537.646585464478 368.595184326172 454.186233520508 527.812664985657 501.308967590332 585.510566711426 551.580927371979 563.209312438965 511.392997741699 466.14990234375 397.228134155273 485.303421020508 397.600799560547 515.945684432983 461.622673034668
361.225746154785 298.070648193359 479.618501663208 455.916476249695 567.514312744141 457.083723068237 352.35498046875 450.179546356201 282.512237548828 336.251068115234 365.096984863281 365.280792236328 453.440532207489 538.330902099609 500.208316802979 446.139875411987 299.923645019531 493.73521900177 303.385345458984 418.414810180664 470.377825737 436.787288665771 514.449697494507 454.283138275146 453.647403717041 594.25553894043 648.90209197998 544.392543792725 534.486867904663 404.706092834473 422.554046630859 390.476921081543 420.107147216797 443.457870483398 570.338203430176 506.049869537354 357.179504394531 618.604110717773 537.300575733185 558.349586009979 538.473994255066 576.265258789062 555.129414558411 557.45245552063 513.670343399048 442.295333862305 492.163372039795 531.699722290039 517.581392288208 569.069679260254
420.383369445801 366.542106628418 499.944650650024 479.428924560547 570.516502380371 462.948400497437 440.524757385254 482.037752628326 320.75080871582 427.013000488281 309.858154296875 387.937835693359 413.115829467773 453.935432434082 327.53791809082 334.933242797852 412.309471130371 404.566307067871 500.508419036865 478.635940551758 403.112258911133 578.034896850586 493.386636018753 550.03731918335 515.732345581055 522.111688613892 540.427013397217 528.342014312744 525.054798126221 576.510524749756 381.106307983398 427.437347412109 484.96284866333 659.436462402344 543.958438873291 501.400741577148 524.653100013733 596.381889343262 649.967575073242 597.69274520874 553.474429130554 516.465660095215 612.041431427002 558.766515731812 444.324424743652 504.572803497314 478.215637207031 405.461288452148 514.433448791504 579.309947967529
