simdem/realisation29.asc
NCOLS 350 
NROWS 171 
XLLCORNER 152620 
YLLCORNER 418050 
CELLSIZE 100 
NODATA_value -9999 
[rows 22 to 43 of 171, columns 100 to 149 of 350]
602.620180130005 495.123516082764 768.006439208984 605.83131980896 779.710166931152 571.935089111328 578.130844116211 718.97075843811 689.671760559082 655.682540893555 886.839050292969 515.654815673828 571.170951843262 794.808898925781 549.331008911133 428.743057250977 551.120391845703 653.951721191406 652.841938018799 833.38289642334 1104.91537475586 881.564109802246 371.720520019531 393.279525756836 366.589950561523 481.885787963867 397.779327392578 528.666432380676 628.243968963623 598.614851951599 559.197519302368 507.43147277832 615.113327026367 540.036209106445 472.184692382812 535.466789245605 638.229108810425 517.481201171875 425.821044921875 472.34016418457 527.312812805176 537.905464172363 588.441097259521 536.274696350098 686.685527801514 605.452863693237 742.404472351074 645.210651397705 519.943267822266 646.903422355652
698.874870300293 567.330300569534 550.449283599854 614.975428581238 722.904121398926 797.004821777344 548.016265869141 614.484748840332 544.899780273438 433.844848632812 1549.69676971436 600.508888244629 652.066541671753 1022.47769165039 487.747680664062 541.470840454102 675.600769042969 497.179046630859 600.775886535645 607.730526447296 803.227546691895 494.656723022461 1027.03923034668 898.059906005859 417.702392578125 613.199951171875 528.614151000977 570.865383148193 536.629325866699 593.737607955933 533.941825866699 583.469615578651 635.041343688965 638.402591705322 640.949510574341 663.881786346436 492.307518005371 563.371231079102 554.817321777344 642.899409294128 491.247619628906 606.214540481567 432.1455078125 622.854386329651 588.518940925598 668.021869659424 633.41570854187 572.792337417603 630.274932861328 573.325439453125
759.766937255859 606.189338684082 530.321578979492 530.758666992188 388.035186767578 762.579010009766 458.169769287109 894.893753051758 658.350860595703 574.315826416016 590.833267211914 1001.38780212402 645.052474975586 842.555339813232 630.099948406219 641.959129333496 516.100494384766 541.259811401367 649.862312316895 887.686253547668 842.965728759766 530.863224029541 404.935180664062 461.628692626953 575.145446777344 586.803455352783 582.248307228088 570.823817253113 563.473779678345 602.931789398193 644.872741699219 687.92399597168 727.521591186523 698.867034912109 720.944042205811 613.748344421387 573.567108154297 662.973220825195 703.527404785156 583.01001739502 548.569801330566 603.207342147827 603.692398071289 692.961235046387 636.15177154541 660.572494506836 704.112548828125 617.929225921631 549.344181060791 514.410629272461
619.252040863037 681.979209899902 705.512121200562 604.560607910156 399.348724365234 509.198745727539 833.457160949707 1083.01892852783 585.133502960205 972.859448432922 1060.31395721436 983.781440734863 942.22534942627 989.113582611084 879.903160095215 1050.4430847168 639.466079711914 581.418067932129 423.471343994141 766.823486328125 1424.34188842773 539.701614379883 642.427534103394 402.823501586914 543.128524780273 505.188087463379 646.836410522461 676.969146728516 610.832008361816 716.228721618652 788.617248535156 690.69499206543 656.035022735596 681.943458557129 569.868728637695 616.984107971191 697.174507141113 678.769325256348 621.50708770752 605.674664497375 604.52006816864 461.671951293945 406.921798706055 432.121505737305 482.842712402344 630.101856231689 648.425704956055 625.016067504883 516.648403167725 519.51203918457
505.975280761719 565.911758422852 866.682998657227 522.738502502441 602.331939697266 411.346282958984 630.481501579285 750.214979171753 996.41796875 518.579406738281 656.648239135742 841.558746337891 806.426025390625 568.775512695312 982.06443977356 882.978149414062 539.428955078125 597.923294067383 691.506736755371 549.691772460938 914.640686035156 644.622627258301 717.480242490768 598.84271812439 509.980209350586 718.449073791504 540.116245269775 631.772903442383 492.29419708252 679.100448608398 613.317447662354 514.510829925537 446.002487182617 452.14444732666 457.605804443359 634.190216064453 610.477885246277 538.35168838501 692.504653930664 761.330436706543 549.966972351074 583.943006753922 503.873352050781 483.003074645996 505.360229492188 537.951267242432 476.277885437012 509.244804382324 567.888901472092 416.94807434082
463.097679138184 619.272342681885 681.82984161377 580.402618408203 994.904220581055 1221.05632019043 674.618637084961 625.764188766479 703.981707572937 842.758808135986 566.106430053711 548.599868774414 540.97314453125 410.99528503418 460.995071411133 1051.52060699463 1207.63581848145 401.916488647461 553.746917724609 653.597930908203 447.322952270508 491.752403259277 632.161447525024 550.252433776855 699.398124694824 574.214852333069 589.829942703247 516.520998001099 523.502019882202 636.976760864258 594.789798736572 478.753448486328 457.919021606445 449.03524017334 542.829656600952 656.062911987305 667.658706665039 520.314746856689 712.25813293457 717.439231872559 580.55148267746 558.047390937805 522.042984008789 504.320320129395 566.333988189697 557.35150718689 461.291656494141 509.543388366699 513.265716552734 519.166484832764
432.057540893555 985.860088348389 497.025268554688 665.849235534668 453.799514770508 576.007553100586 507.973594665527 635.347728729248 755.760787963867 636.100717544556 720.386154174805 611.135231018066 605.862195014954 576.872863769531 809.658721923828 583.02453994751 613.360357284546 908.099746704102 1018.33528137207 489.557632446289 588.288158655167 550.968143463135 628.374938964844 587.830255031586 542.857358932495 539.792064666748 629.695289611816 488.343994140625 483.666316986084 565.034767150879 517.684572219849 515.717437744141 375.258529663086 438.970077514648 569.586936950684 545.507774353027 620.726470947266 531.281558990479 774.371109008789 760.874893188477 576.344244003296 475.10474395752 489.024875640869 542.385996818542 569.464019775391 506.263858795166 458.04222869873 364.531784057617 424.389587402344 590.178142547607
401.962799072266 358.039947509766 454.747283935547 568.60702419281 649.068557739258 472.892715454102 615.161640167236 584.914128303528 728.477506637573 616.291794061661 927.956253051758 650.752400398254 847.671985626221 933.26203918457 664.952331542969 460.974212646484 507.702758789062 470.754829406738 474.544990539551 547.244283676147 651.232765197754 497.106182098389 535.596025466919 539.382972717285 522.786031723022 627.531918495893 471.561046600342 524.438362121582 475.269588470459 530.613544464111 552.673025131226 526.792170524597 379.344467163086 585.497898101807 485.565780639648 596.821399688721 600.783651351929 443.689468383789 595.567714691162 679.785346984863 621.45344543457 621.708972930908 625.523120880127 592.136215209961 589.843852996826 523.546077728271 561.900277137756 411.204948425293 547.306840419769 590.305488586426
746.225257873535 327.987579345703 368.698196411133 870.095672607422 724.319977283478 574.778979986906 411.54020690918 603.585881233215 603.927021026611 828.305484771729 728.5921626091 500.415794372559 530.526737213135 900.418281555176 684.356460571289 944.117496490479 602.018785953522 504.13606262207 517.241771697998 523.629483222961 673.216278076172 442.037612915039 561.115146636963 737.581588745117 731.448429107666 1839.8712310791 535.735656023026 550.641830444336 608.195213317871 396.870979309082 453.43726348877 484.454273223877 504.478927612305 469.422264099121 537.185567378998 477.301124572754 545.29613494873 525.622413635254 587.063674926758 478.439170837402 634.482246398926 727.986038208008 693.001976013184 502.088222503662 467.297561645508 444.807144165039 467.19612121582 487.967460632324 604.440769195557 594.330047607422
485.67407989502 514.050243377686 538.904886245728 661.729019165039 1329.25945281982 546.025067329407 578.55590057373 452.565376281738 697.613834381104 483.690704345703 671.936580657959 759.829345703125 542.801216125488 495.273910522461 599.34211063385 720.22663807869 503.358261108398 511.266719818115 511.836866378784 581.872219085693 480.946960449219 556.801106750965 571.161186218262 608.417816162109 691.382598876953 559.30530834198 526.932380199432 459.718189239502 568.609424591064 504.252655029297 389.092849731445 667.038314819336 629.282653808594 530.134722948074 405.818130493164 484.217807769775 586.19584274292 512.303401947021 472.258277893066 467.379920959473 563.084032058716 535.736809790134 635.913055419922 634.484241485596 596.138381958008 552.132093429565 550.935157775879 423.593208312988 419.038848876953 517.515487670898
486.027549743652 731.190216064453 569.923809051514 607.406593322754 661.409763336182 560.400114059448 459.91731262207 1112.40997695923 1130.06420135498 616.83288192749 500.490978240967 518.935653686523 603.924850463867 496.969711303711 519.490821838379 541.944987297058 506.737929344177 498.951705932617 562.735273361206 528.384935379028 504.307727813721 570.534755706787 614.041137695312 605.345474243164 591.032104492188 561.877723693848 530.330310821533 447.876174926758 469.604763031006 552.477272033691 584.054100036621 508.481143712997 627.585952758789 531.07772064209 480.37474822998 366.596298217773 522.466287523508 419.884254455566 473.448797225952 422.60684967041 427.698928833008 547.930166244507 711.259292602539 706.073822021484 714.321426391602 510.169157028198 459.945892333984 517.185283660889 482.614616394043 463.349601745605
496.462335824966 552.35729598999 470.474679946899 468.920539855957 453.988346099854 481.801782608032 404.049522399902 535.533304214478 757.087631225586 505.411094665527 678.721611022949 402.232475280762 466.01033782959 724.606750488281 411.069549560547 466.638889312744 509.616141319275 555.150491714478 605.200859069824 428.682975769043 447.813522338867 532.579328536987 546.978084564209 515.16384601593 581.245513916016 448.651357650757 571.242752075195 565.082035064697 497.008764266968 556.50316619873 500.509658813477 555.318386077881 692.148773193359 581.86071395874 459.281959533691 537.31554889679 503.771421432495 514.144807338715 478.913692474365 415.887321472168 392.591026306152 553.899105072021 645.513191223145 693.727066040039 654.713340759277 620.388298034668 488.450458526611 479.36149597168 565.197212219238 632.448616027832
430.095481872559 499.250733971596 516.069065093994 561.752571105957 555.641090393066 506.521718978882 424.177375793457 482.162509918213 630.523635864258 560.757888793945 574.927265167236 369.474884033203 367.963470458984 403.041320800781 400.227333068848 366.497741699219 503.048612594604 673.94596862793 646.461166381836 521.444050788879 498.601757049561 535.33664894104 455.682052612305 458.188034057617 398.751068115234 570.613578796387 485.818531513214 529.313020706177 549.726921081543 570.171119689941 478.59090423584 436.142169952393 652.13688659668 508.608858108521 508.299740076065 537.664487838745 595.283241271973 592.539772033691 488.400745391846 553.077919006348 433.635833740234 530.55613899231 477.166353225708 468.173137664795 646.562805175781 537.845129013062 563.093008041382 545.797859072685 478.679542541504 531.066253662109
402.375350952148 508.334300994873 441.815853118896 427.944557189941 537.477981567383 466.300632953644 387.428207397461 434.154594421387 568.252456665039 538.514085769653 539.611167907715 408.031875610352 346.235687255859 281.519104003906 366.202606201172 500.513599395752 513.563377380371 519.764358520508 422.374885559082 550.701988220215 533.835422515869 517.621507644653 395.349365234375 312.014877319336 429.079513549805 481.523288488388 561.226493835449 525.74556350708 618.048645019531 606.843551635742 536.752918243408 394.485740661621 428.274108886719 559.675132751465 490.009211540222 512.575504302979 487.681374073029 495.682221412659 564.550933837891 674.239334106445 511.491065859795 661.422958374023 475.685573577881 456.463600158691 549.72388458252 609.720405578613 651.836837768555 546.554147720337 421.826477050781 408.773773193359
433.386840820312 472.85297870636 445.194946289062 535.360157012939 566.92142868042 566.357200622559 384.653015136719 425.315124511719 628.542297363281 518.254447937012 475.557401657104 493.299375802279 385.293678283691 333.590805053711 467.708736419678 446.169094085693 533.102233886719 545.714332580566 502.60943031311 440.366237640381 541.140121459961 453.472253799438 408.037567138672 520.046081542969 382.453834533691 392.758728027344 443.462100982666 398.770359039307 480.306349277496 423.457912445068 527.103839874268 417.37406539917 409.385162353516 487.441897392273 496.01452755928 565.661796569824 480.090169906616 366.534370422363 535.593776702881 441.778747558594 515.660432815552 635.891174316406 616.549652099609 522.352622032166 414.122207641602 404.943054199219 617.236961364746 512.29222869873 536.127681732178 476.45482635498
362.904525756836 456.831789016724 371.361083984375 482.455448150635 542.913681030273 574.618774414062 542.57953453064 435.425594329834 453.626319885254 406.692436218262 420.655815124512 499.023884296417 494.629020690918 545.123603820801 498.511595726013 640.174896240234 598.282829284668 441.43358039856 344.800773620605 407.500484466553 291.561477661133 562.002967834473 529.784545898438 418.126438140869 435.3666639328 342.76490020752 408.280353546143 421.365303039551 592.622718811035 441.509174346924 361.65453338623 429.844287872314 411.510604858398 513.155731201172 524.71422958374 589.40406036377 423.682289123535 383.568504333496 435.893398284912 472.628688812256 494.152205467224 609.26049041748 474.740875244141 594.366630554199 604.350524902344 522.036156654358 653.767471313477 541.522553920746 523.328505516052 622.17000579834
312.296463012695 400.194328308105 533.913925170898 274.307907104492 349.209686279297 344.048355102539 542.758655548096 380.649856567383 446.754720687866 402.624572753906 382.194595336914 539.536949157715 482.599376678467 389.263931274414 648.639999389648 527.387344360352 422.657674789429 484.832912445068 486.22695350647 460.082341194153 381.940818786621 497.007818222046 472.179571151733 304.894287109375 304.688598632812 317.784271240234 527.197677612305 383.850021362305 502.14038848877 518.648990631104 612.943786621094 501.794429779053 522.798355102539 618.263427734375 588.267585754395 515.854671478271 566.131034851074 447.689933776855 474.374530792236 482.314570426941 495.599637031555 548.815044403076 535.964727401733 509.980113506317 601.739295959473 590.334129333496 624.393218994141 515.994243621826 542.017084121704 592.574909210205
389.418190002441 414.651775360107 405.687942504883 431.180099487305 320.444000244141 311.768356323242 472.974994659424 500.581174850464 324.584060668945 383.733726501465 354.365394592285 401.038772583008 361.300575256348 329.475036621094 464.04977273941 422.254131317139 464.36205714941 547.50260925293 687.018798828125 534.843063354492 542.913841247559 493.865983963013 479.066007614136 468.06659412384 323.148208618164 422.466484069824 504.581901550293 532.554183959961 689.804534912109 603.596603393555 516.69803237915 486.53614616394 567.23511505127 551.921043395996 470.013423592784 564.509254455566 492.183914124966 390.942108154297 457.602138519287 508.52099609375 483.68719291687 668.053497314453 566.487007141113 594.755615234375 595.257919311523 542.715421676636 464.37281036377 562.479244232178 542.827033042908 550.651691436768
344.381278991699 217.5126953125 350.884918212891 375.334510803223 470.549909591675 453.360271453857 423.323783874512 598.915115356445 483.212715148926 363.899742126465 544.022033691406 533.057632446289 397.526466369629 483.409474372864 426.654331207275 470.450840473175 423.135967254639 469.211653709412 383.74959564209 412.321823120117 507.775127410889 361.61360168457 374.616386413574 459.454315185547 538.007244110107 468.966623306274 444.816017150879 596.006317138672 611.943603515625 610.274032592773 434.893531799316 462.520607948303 529.6728515625 456.722759246826 526.561813354492 610.503707885742 553.707126617432 445.832855224609 529.14558506012 524.130393981934 454.44743347168 570.49040222168 570.776008605957 636.267295837402 531.550962924957 540.153980255127 590.660423278809 506.297481536865 488.118656158447 449.635154724121
500.402275085449 316.478538513184 215.741714477539 373.909629821777 567.541694641113 545.847213745117 464.308868408203 410.51997756958 336.668640136719 467.324501037598 395.016944885254 470.586664199829 422.831634521484 561.163932800293 478.948983430862 387.586952209473 377.809440612793 441.857046127319 506.361259460449 284.188461303711 408.528305053711 413.348155975342 313.51611328125 333.979888916016 465.86874961853 477.433479309082 527.447067260742 580.585838317871 577.728935241699 513.540996551514 437.085638046265 463.16312122345 517.778491973877 478.107336997986 633.035537719727 533.213329315186 453.283103942871 416.822937011719 543.575702667236 681.791397094727 483.081623077393 639.666763305664 621.488731384277 529.41577911377 452.984294891357 712.827346801758 607.079513549805 416.701278686523 471.645660400391 509.089572906494
465.314134597778 278.447006225586 304.546813964844 308.272552490234 395.746871948242 576.912490844727 334.469703674316 269.212310791016 369.687126159668 412.90943145752 443.050033569336 458.207622528076 383.979316711426 557.15355682373 499.400730133057 399.827537536621 379.241874694824 470.994055747986 543.854370117188 465.804988861084 506.322067260742 519.322624206543 416.469696044922 355.829605102539 554.66828918457 527.974189758301 496.58869934082 576.613433837891 482.893245458603 586.920867919922 444.188549041748 486.608140945435 585.178337097168 477.3591132164 466.012420654297 519.009592056274 457.314479827881 582.444038391113 560.972425460815 527.082389831543 527.876468658447 474.135635375977 488.829503059387 622.303352355957 454.953193664551 657.235305786133 540.384342193604 533.426323890686 486.092990875244 476.116512298584
375.991630554199 412.770164489746 337.197845458984 373.889423370361 401.701713562012 351.101707458496 359.188957214355 441.252192974091 581.512619018555 385.707210540771 545.933616638184 490.31022644043 530.748085021973 585.109756469727 603.12825012207 517.2385597229 470.06266784668 550.384162902832 594.874397277832 567.337493896484 594.905540466309 521.060707092285 388.626441955566 464.219226837158 535.4313621521 669.699157714844 563.759315490723 522.329883575439 479.996229171753 406.82649230957 432.716003417969 426.514316558838 506.78747844696 405.027801513672 469.626270294189 496.425573348999 474.181290626526 459.465877532959 571.43431854248 630.629165649414 572.309284210205 514.285594940186 521.821792125702 520.233783721924 609.362205505371 552.322887420654 531.601139068604 481.129693984985 629.43342590332 486.252944946289
