simdem/realisation1.asc
NCOLS 350 
NROWS 171 
XLLCORNER 152620 
YLLCORNER 418050 
CELLSIZE 100 
NODATA_value -9999 
[rows 110 to 131 of 171, columns 300 to 349 of 350]
783.62816619873 897.385772705078 972.57689666748 794.180767059326 599.941879272461 931.964797973633 742.96516418457 912.419822692871 931.862113952637 640.959716796875 869.593955993652 943.500900268555 1719.90111541748 929.391296386719 961.906356811523 952.979816436768 1632.32720947266 883.180696487427 1053.88836669922 -9999 -9999 -9999 -9999 -9999 -9999 -9999 -9999 -9999 -9999 -9999 -9999 -9999 -9999 -9999 -9999 -9999 -9999 -9999 -9999 -9999 -9999 -9999 -9999 -9999 -9999 -9999 -9999 -9999 -9999 -9999
802.418567657471 541.775459289551 648.089992046356 816.438526153564 767.537971496582 783.717186450958 1280.40634787083 1398.80959320068 846.653476715088 851.270959377289 1367.28414154053 756.184379577637 905.086822509766 616.00358581543 939.403507232666 775.583923339844 870.647857666016 1323.61239719391 1036.29182434082 -9999 -9999 -9999 -9999 -9999 -9999 -9999 -9999 -9999 -9999 -9999 -9999 -9999 -9999 -9999 -9999 -9999 -9999 -9999 -9999 -9999 -9999 -9999 -9999 -9999 -9999 -9999 -9999 -9999 -9999 -9999
1035.72784423828 872.624076843262 1028.13796615601 856.475250244141 849.538524627686 818.371940612793 845.553649902344 1054.01135635376 939.863258361816 1740.70425796509 1019.77684783936 795.923706054688 694.799224853516 905.480041503906 842.989826202393 1023.61361694336 795.038116455078 1049.80519104004 1832.89360427856 699.33349609375 -9999 -9999 -9999 -9999 -9999 -9999 -9999 -9999 -9999 -9999 -9999 -9999 -9999 -9999 -9999 -9999 -9999 -9999 -9999 -9999 -9999 -9999 -9999 -9999 -9999 -9999 -9999 -9999 -9999 -9999
920.3215675354 851.65681552887 677.462829589844 867.206718444824 831.541189193726 845.105934143066 856.797964096069 834.806446075439 979.139663696289 2349.81750965118 780.63134765625 755.180511474609 667.005844116211 1144.82703399658 1024.97845458984 1009.84649658203 925.679534912109 897.857578277588 991.079132080078 1392.73790740967 1106.2533416748 -9999 -9999 -9999 -9999 -9999 -9999 -9999 -9999 -9999 -9999 -9999 -9999 -9999 -9999 -9999 -9999 -9999 -9999 -9999 -9999 -9999 -9999 -9999 -9999 -9999 -9999 -9999 -9999 -9999
723.11442565918 736.272682189941 725.541473388672 706.441925048828 678.09903717041 820.769232749939 777.804655075073 739.212142944336 902.819480895996 1372.35873222351 865.141822814941 1022.92604064941 820.597457885742 876.491241455078 649.509521484375 811.219802856445 793.562431335449 846.188873291016 888.028472900391 816.659454345703 886.907150268555 -9999 -9999 -9999 -9999 -9999 -9999 -9999 -9999 -9999 -9999 -9999 -9999 -9999 -9999 -9999 -9999 -9999 -9999 -9999 -9999 -9999 -9999 -9999 -9999 -9999 -9999 -9999 -9999 -9999
942.762809753418 770.960708618164 809.938907623291 895.88209438324 875.120010375977 799.423099517822 732.819622039795 1066.83198547363 628.631118774414 1016.88037109375 1253.61622619629 702.879241943359 850.307384490967 1210.17208099365 741.672065734863 807.203601837158 1312.18225097656 951.665378570557 683.054016113281 697.124588012695 801.656879901886 792.066049098969 -9999 -9999 -9999 -9999 -9999 -9999 -9999 -9999 -9999 -9999 -9999 -9999 -9999 -9999 -9999 -9999 -9999 -9999 -9999 -9999 -9999 -9999 -9999 -9999 -9999 -9999 -9999 -9999
869.285163879395 861.727767944336 930.985671520233 1093.16824531555 719.045009613037 619.895305633545 1171.8900680542 740.485675811768 535.282135009766 1040.49084472656 1048.40229797363 1435.02243804932 911.971199035645 1096.09839630127 963.098880767822 1012.47637939453 1399.74796295166 1151.58924865723 770.239883422852 817.58517074585 870.908231735229 872.116430044174 1059.31935882568 -9999 -9999 -9999 -9999 -9999 -9999 -9999 -9999 -9999 -9999 -9999 -9999 -9999 -9999 -9999 -9999 -9999 -9999 -9999 -9999 -9999 -9999 -9999 -9999 -9999 -9999 -9999
842.709861755371 753.192306518555 864.866855621338 932.679271697998 1414.99269866943 1281.86719512939 556.675300598145 561.324844360352 538.757797241211 724.823913574219 860.020172119141 963.025837898254 1286.49150657654 1370.25209140778 955.743210792542 1163.53202819824 1197.73371887207 869.075934410095 848.635238647461 872.238309860229 843.138862609863 902.221942901611 996.14533996582 -9999 -9999 -9999 -9999 -9999 -9999 -9999 -9999 -9999 -9999 -9999 -9999 -9999 -9999 -9999 -9999 -9999 -9999 -9999 -9999 -9999 -9999 -9999 -9999 -9999 -9999 -9999
708.928443908691 815.384078979492 778.252527236938 946.168495178223 1223.49194335938 704.706260681152 850.26383972168 885.84302520752 744.620510101318 731.857849121094 970.636096954346 717.998340606689 905.491590499878 948.856552124023 858.028427124023 1080.36927223206 794.021633148193 838.93056678772 924.400913238525 757.872001647949 735.461761474609 906.264278411865 996.136817932129 993.816223144531 -9999 -9999 -9999 -9999 -9999 -9999 -9999 -9999 -9999 -9999 -9999 -9999 -9999 -9999 -9999 -9999 -9999 -9999 -9999 -9999 -9999 -9999 -9999 -9999 -9999 -9999
886.604166030884 722.398544311523 720.043891906738 893.603126525879 1168.23683166504 981.358428955078 740.641521453857 647.894027709961 615.133499145508 776.603736877441 863.361045837402 878.065048456192 845.799961090088 931.953155517578 1195.90234375 869.350955963135 663.004852294922 815.642587184906 893.21388053894 712.68034362793 866.333168029785 890.328159332275 914.008968353271 866.39684677124 836.73893737793 -9999 -9999 -9999 -9999 -9999 -9999 -9999 -9999 -9999 -9999 -9999 -9999 -9999 -9999 -9999 -9999 -9999 -9999 -9999 -9999 -9999 -9999 -9999 -9999 -9999
1145.47439575195 1542.0358581543 994.571685791016 1122.28880977631 1245.54678344727 1057.59541320801 729.711280822754 835.664379119873 694.02449798584 1465.35861587524 858.307144165039 748.230464935303 935.927658081055 1036.94362258911 866.43883895874 1340.15588378906 638.608871459961 849.352989196777 850.39527130127 964.019729614258 862.498865127563 923.421348571777 1043.83277893066 850.516796112061 970.145660400391 1041.43035125732 -9999 -9999 -9999 -9999 -9999 -9999 -9999 -9999 -9999 -9999 -9999 -9999 -9999 -9999 -9999 -9999 -9999 -9999 -9999 -9999 -9999 -9999 -9999 -9999
903.790760040283 915.712268829346 1409.75666046143 998.016708374023 1344.27900695801 1557.68968200684 1154.26941108704 907.600901603699 930.395877838135 947.34969329834 887.354698181152 678.711532592773 930.258026123047 844.786209106445 953.892677307129 763.040451049805 765.225021362305 777.208511352539 822.977010726929 818.629375457764 635.080856323242 901.048370361328 829.142883300781 878.312442779541 893.622390031815 979.776508331299 -9999 -9999 -9999 -9999 -9999 -9999 -9999 -9999 -9999 -9999 -9999 -9999 -9999 -9999 -9999 -9999 -9999 -9999 -9999 -9999 -9999 -9999 -9999 -9999
1081.03089141846 990.09748839587 1202.19992256165 1041.01638031006 1161.55082130432 1507.12634277344 1528.97285461426 1168.31702327728 1262.52555847168 1275.36752891541 1038.7042427063 823.386154174805 828.394858360291 819.791046142578 741.787399291992 668.125923156738 749.278919219971 701.539970397949 830.139338850975 794.635631561279 751.753860473633 783.352436065674 751.13826751709 744.433944702148 684.160629272461 942.457233428955 828.273880004883 -9999 -9999 -9999 -9999 -9999 -9999 -9999 -9999 -9999 -9999 -9999 -9999 -9999 -9999 -9999 -9999 -9999 -9999 -9999 -9999 -9999 -9999 -9999
1148.22259902954 1079.02642822266 1136.14657592773 957.517182350159 1061.29229736328 1420.40682220459 1499.74179935455 1078.41100311279 1073.13521385193 1158.55324554443 865.154502868652 740.709636688232 767.621940612793 824.641444683075 761.892875671387 677.792938232422 723.218566894531 647.165969848633 831.569675445557 891.17631149292 704.080345153809 893.730918884277 780.551136016846 893.772674560547 848.47339630127 883.994735717773 690.147201538086 1015.40970611572 -9999 -9999 -9999 -9999 -9999 -9999 -9999 -9999 -9999 -9999 -9999 -9999 -9999 -9999 -9999 -9999 -9999 -9999 -9999 -9999 -9999 -9999
958.926223754883 985.599964141846 1069.54405212402 1028.65257078409 985.033203125 1063.88898086548 1350.32441711426 1060.59889984131 992.959632873535 929.364963531494 832.757055282593 811.74418091774 779.202466964722 723.694137573242 649.435493469238 806.441974639893 837.58768081665 743.865097045898 777.997444152832 807.226586461067 829.303884506226 930.57258605957 928.658935546875 823.23455619812 895.347442626953 885.24405670166 859.482288837433 980.897621154785 944.389205932617 -9999 -9999 -9999 -9999 -9999 -9999 -9999 -9999 -9999 -9999 -9999 -9999 -9999 -9999 -9999 -9999 -9999 -9999 -9999 -9999 -9999
721.339431762695 779.619781494141 867.128414154053 1089.43271827698 1463.96442866325 1100.25879859924 1079.88677978516 1140.95648956299 876.98050403595 785.090507507324 870.946754455566 725.133186340332 769.300792694092 786.755825996399 788.764633178711 884.601808547974 882.350173950195 934.820610046387 967.981254577637 843.658323287964 770.425857543945 797.667442321777 872.363777160645 952.496597290039 956.17911529541 919.449394226074 747.013023376465 928.247798919678 800.464668273926 -9999 -9999 -9999 -9999 -9999 -9999 -9999 -9999 -9999 -9999 -9999 -9999 -9999 -9999 -9999 -9999 -9999 -9999 -9999 -9999 -9999
953.684362888336 790.630332946777 1305.43083190918 1087.58395385742 942.593673706055 979.984130859375 1153.44186401367 922.114715576172 1301.92553043365 1052.26126861572 742.275489807129 626.153656005859 754.554862976074 719.401014328003 819.537428855896 898.596565246582 864.950874328613 798.235980987549 963.935852050781 867.033321380615 864.056205749512 843.281238555908 831.909002304077 930.352096557617 930.729248046875 790.246091842651 677.241760253906 871.665330886841 790.122207641602 647.755950927734 -9999 -9999 -9999 -9999 -9999 -9999 -9999 -9999 -9999 -9999 -9999 -9999 -9999 -9999 -9999 -9999 -9999 -9999 -9999 -9999
951.7952003479 937.480506896973 1024.70687103271 1623.28998184204 2042.88539123535 1181.57626533508 1139.67700576782 925.34065246582 1241.39875841141 914.30912399292 739.61124420166 751.820442199707 889.862586975098 896.028846740723 701.845863342285 822.198134422302 836.684459686279 863.841812133789 1000.68169403076 777.191444396973 688.82006072998 842.281997561455 782.226970672607 839.830509185791 940.738334655762 744.727989196777 770.486038208008 903.810834884644 824.134590148926 728.946556091309 754.553009033203 -9999 -9999 -9999 -9999 -9999 -9999 -9999 -9999 -9999 -9999 -9999 -9999 -9999 -9999 -9999 -9999 -9999 -9999 -9999
1161.95966339111 1102.77096939087 787.291656494141 1367.78176021576 1513.89665222168 1665.84494018555 1451.11055088043 1112.2071647644 1081.45546722412 981.137799263 999.757824897766 991.421859741211 1010.62357521057 946.646324157715 830.839208006859 872.595062255859 823.773063659668 881.885261535645 883.612525939941 953.284675598145 706.46076965332 807.557727813721 852.771181583405 918.402862548828 782.391872406006 783.640020370483 832.460503578186 903.874823570251 895.309070587158 855.582498550415 896.982765197754 -9999 -9999 -9999 -9999 -9999 -9999 -9999 -9999 -9999 -9999 -9999 -9999 -9999 -9999 -9999 -9999 -9999 -9999 -9999
1214.88641929626 880.649894714355 920.741765975952 1447.21221160889 1236.6007232666 1547.0679473877 1406.90877532959 1276.88164520264 1839.99211120605 1349.1357460022 1195.66871070862 1181.61627578735 1097.50825119019 1700.42053222656 1118.93975639343 762.152122497559 905.533622741699 821.854866027832 738.778228759766 813.296218395233 858.618238449097 994.031562805176 911.470684051514 732.888061523438 736.285079956055 898.056381225586 1040.04026794434 1003.06535339355 929.043640136719 929.649559020996 968.968681335449 1108.93167114258 -9999 -9999 -9999 -9999 -9999 -9999 -9999 -9999 -9999 -9999 -9999 -9999 -9999 -9999 -9999 -9999 -9999 -9999
1035.41794586182 1044.69131851196 824.639106750488 1067.23159980774 899.39711856842 1390.40116882324 1760.88298034668 1552.94645690918 1190.01407241821 1307.36781311035 1304.7957277298 1022.312084198 1227.14078521729 1523.40776062012 905.393131256104 965.640068054199 964.539966583252 882.2734375 731.562789916992 764.67879486084 929.302185058594 1018.40933227539 777.102298736572 784.502243041992 890.143146514893 907.332084655762 1073.82019042969 1022.38101959229 948.832042694092 723.935153961182 966.290176391602 811.673488616943 790.80558013916 -9999 -9999 -9999 -9999 -9999 -9999 -9999 -9999 -9999 -9999 -9999 -9999 -9999 -9999 -9999 -9999 -9999
788.156211853027 972.362609863281 1256.12629699707 927.697313308716 791.924461364746 1246.39468383789 1430.04251098633 1250.78590393066 1231.36168670654 1252.08736419678 1311.66271972656 1070.53694915771 1028.33116912842 986.890804290771 931.122594833374 922.380699157715 960.340495109558 969.573974609375 928.068206787109 981.38126373291 852.301525115967 679.564590454102 588.429779052734 877.406558990479 941.751583099365 968.709045410156 1050.84413146973 961.844505310059 918.66465473175 788.174321174622 945.180908203125 859.283569335938 845.106201171875 -9999 -9999 -9999 -9999 -9999 -9999 -9999 -9999 -9999 -9999 -9999 -9999 -9999 -9999 -9999 -9999 -9999
