simdem/realisation18.asc
NCOLS 350 
NROWS 171 
XLLCORNER 152620 
YLLCORNER 418050 
CELLSIZE 100 
NODATA_value -9999 
[rows 110 to 131 of 171, columns 300 to 349 of 350]
722.475746154785 809.420680999756 846.433281898499 819.557518005371 766.423748970032 950.401756286621 855.454292297363 977.071189880371 820.023452758789 739.579444885254 844.12047958374 777.4255027771 1708.23316192627 992.605317592621 725.202590942383 844.458488464355 1498.22200727463 913.533924102783 1140.56261539459 -9999 -9999 -9999 -9999 -9999 -9999 -9999 -9999 -9999 -9999 -9999 -9999 -9999 -9999 -9999 -9999 -9999 -9999 -9999 -9999 -9999 -9999 -9999 -9999 -9999 -9999 -9999 -9999 -9999 -9999 -9999
1044.45083618164 782.874114990234 664.739286422729 751.244218826294 640.18482208252 742.611228942871 1313.91226577759 1380.60667419434 657.903854370117 847.465543746948 1537.46236419678 653.911083221436 814.361923217773 919.522171020508 779.962844848633 769.526039123535 942.834411621094 1296.34836196899 960.620178222656 -9999 -9999 -9999 -9999 -9999 -9999 -9999 -9999 -9999 -9999 -9999 -9999 -9999 -9999 -9999 -9999 -9999 -9999 -9999 -9999 -9999 -9999 -9999 -9999 -9999 -9999 -9999 -9999 -9999 -9999 -9999
840.143802642822 850.667900085449 955.038414001465 849.688682556152 774.186136245728 833.085178375244 626.918579101562 993.885669708252 881.435771942139 1757.9783744812 1179.25691604614 931.434188842773 720.328460693359 1029.28968811035 873.317805886269 1089.41271972656 607.356628417969 1002.50221252441 1697.74241638184 788.077560424805 -9999 -9999 -9999 -9999 -9999 -9999 -9999 -9999 -9999 -9999 -9999 -9999 -9999 -9999 -9999 -9999 -9999 -9999 -9999 -9999 -9999 -9999 -9999 -9999 -9999 -9999 -9999 -9999 -9999 -9999
927.003131866455 871.690245628357 923.614860534668 934.074725151062 976.37712097168 758.814559817314 822.217569828033 801.83292388916 935.118539810181 2495.70184326172 940.883815765381 959.311214447021 858.7467212677 1131.87995910645 1106.34957885742 857.4453125 886.014678955078 646.531005859375 1024.26349639893 1394.72577667236 1210.3254699707 -9999 -9999 -9999 -9999 -9999 -9999 -9999 -9999 -9999 -9999 -9999 -9999 -9999 -9999 -9999 -9999 -9999 -9999 -9999 -9999 -9999 -9999 -9999 -9999 -9999 -9999 -9999 -9999 -9999
1005.69635009766 953.017997741699 874.62399148941 905.300476074219 970.687133789062 862.217273712158 746.366916656494 763.522842407227 812.644149780273 1349.98348712921 980.46262550354 1159.95447349548 1078.04463195801 1139.01685333252 731.435623168945 794.50537109375 627.20881652832 857.875350952148 1171.32725524902 1048.82827758789 1125.71655273438 -9999 -9999 -9999 -9999 -9999 -9999 -9999 -9999 -9999 -9999 -9999 -9999 -9999 -9999 -9999 -9999 -9999 -9999 -9999 -9999 -9999 -9999 -9999 -9999 -9999 -9999 -9999 -9999 -9999
993.605072021484 804.90970993042 846.326722145081 949.771301269531 969.663976669312 730.183540344238 691.673568725586 994.942016601562 516.842834472656 1099.37294387817 1435.98661661148 947.540031433105 903.591125488281 1249.42869567871 850.097091674805 848.085325241089 1147.29288482666 941.927982330322 1036.56549072266 1019.36265563965 902.396903991699 900.134414672852 -9999 -9999 -9999 -9999 -9999 -9999 -9999 -9999 -9999 -9999 -9999 -9999 -9999 -9999 -9999 -9999 -9999 -9999 -9999 -9999 -9999 -9999 -9999 -9999 -9999 -9999 -9999 -9999
871.078506469727 752.699877023697 866.43371963501 1094.32444190979 773.691734313965 621.199440002441 1211.23973846436 638.55451965332 640.391250610352 1168.97563171387 1140.65386199951 1633.19668579102 1041.80209350586 1125.66290855408 903.838370501995 945.185821533203 1404.61308670044 1337.06782531738 673.897491455078 846.386859893799 927.938442230225 887.099111557007 1171.28562927246 -9999 -9999 -9999 -9999 -9999 -9999 -9999 -9999 -9999 -9999 -9999 -9999 -9999 -9999 -9999 -9999 -9999 -9999 -9999 -9999 -9999 -9999 -9999 -9999 -9999 -9999 -9999
935.359375 772.483459472656 868.142269134521 978.777412414551 1250.71404266357 1158.23202514648 637.514934539795 522.58757019043 588.329742431641 725.738700866699 983.455619812012 958.5531001091 1241.2618560791 1240.23513031006 922.373321533203 996.080879211426 1080.7873840332 818.740970611572 614.292907714844 665.390747070312 751.958053588867 961.559951782227 1077.03956604004 -9999 -9999 -9999 -9999 -9999 -9999 -9999 -9999 -9999 -9999 -9999 -9999 -9999 -9999 -9999 -9999 -9999 -9999 -9999 -9999 -9999 -9999 -9999 -9999 -9999 -9999 -9999
832.816505432129 881.197479248047 875.204132080078 792.143058776855 945.653842926025 757.54761505127 802.256817817688 955.41219329834 713.86279296875 832.439611434937 967.542007446289 656.067831039429 776.084655761719 911.928844928741 881.977989196777 1162.49429321289 947.929611206055 888.887451171875 827.683258056641 709.611694335938 810.472144126892 921.431739807129 975.695957183838 910.297386169434 -9999 -9999 -9999 -9999 -9999 -9999 -9999 -9999 -9999 -9999 -9999 -9999 -9999 -9999 -9999 -9999 -9999 -9999 -9999 -9999 -9999 -9999 -9999 -9999 -9999 -9999
861.39077270031 741.475898742676 615.777431488037 805.896286964417 920.113265991211 889.513084411621 710.570129394531 903.254875183105 642.307579040527 730.468254089355 849.433265686035 839.161106109619 871.461320877075 1027.48051452637 1260.22815895081 839.565700531006 843.582359313965 859.753364562988 847.294576644897 963.541427612305 842.061923980713 914.597532272339 873.66789150238 966.823577880859 926.312133789062 -9999 -9999 -9999 -9999 -9999 -9999 -9999 -9999 -9999 -9999 -9999 -9999 -9999 -9999 -9999 -9999 -9999 -9999 -9999 -9999 -9999 -9999 -9999 -9999 -9999
1292.64584350586 1668.53058624268 996.861639022827 1120.85433959961 1288.18264102936 940.755790710449 813.404448509216 836.224140167236 887.598999023438 1387.12415885925 770.03577041626 703.302017211914 800.060903549194 1024.53729629517 824.194450378418 1406.13999176025 705.318008422852 762.137466430664 772.862739562988 780.5862159729 915.84912109375 721.095260620117 928.314334869385 875.218837738037 862.245977401733 800.852523803711 -9999 -9999 -9999 -9999 -9999 -9999 -9999 -9999 -9999 -9999 -9999 -9999 -9999 -9999 -9999 -9999 -9999 -9999 -9999 -9999 -9999 -9999 -9999 -9999
969.077562332153 913.267192840576 1453.1930847168 860.376029968262 1322.21063995361 1470.17472839355 1197.38520812988 954.384784698486 956.281894683838 1018.35483551025 865.877102851868 717.656036376953 754.595596313477 845.331016540527 921.033065795898 684.557281494141 760.161598205566 818.459499359131 735.802444458008 727.77970123291 767.875671386719 802.632888793945 982.538726806641 772.768245697021 803.533897399902 844.988929748535 -9999 -9999 -9999 -9999 -9999 -9999 -9999 -9999 -9999 -9999 -9999 -9999 -9999 -9999 -9999 -9999 -9999 -9999 -9999 -9999 -9999 -9999 -9999 -9999
1173.80213928223 1191.10879516602 1359.10696411133 882.819511413574 1184.58451843262 1485.02550888062 1582.26992797852 1090.53094482422 1246.55928039551 1331.26499938965 1058.66600227356 784.283073425293 705.361297607422 709.778396606445 804.124786376953 552.171203613281 695.141815185547 608.280426025391 657.84538269043 534.888366699219 822.216247558594 828.632002830505 706.758087158203 811.456392049789 865.134214401245 884.617671966553 1023.66497802734 -9999 -9999 -9999 -9999 -9999 -9999 -9999 -9999 -9999 -9999 -9999 -9999 -9999 -9999 -9999 -9999 -9999 -9999 -9999 -9999 -9999 -9999 -9999
1314.40233612061 1164.53594970703 1192.95452880859 1029.71890258789 891.016078948975 1432.0007019043 1369.37613677979 1048.79297637939 1063.53080701828 1175.77521514893 826.281044006348 751.170944213867 811.908233642578 707.701957702637 613.922882080078 714.119720458984 815.893414258957 747.302696228027 560.292724609375 749.80738067627 677.780059814453 807.831572532654 804.116985797882 767.350086212158 821.463298797607 926.011878967285 1075.18278503418 1066.23205566406 -9999 -9999 -9999 -9999 -9999 -9999 -9999 -9999 -9999 -9999 -9999 -9999 -9999 -9999 -9999 -9999 -9999 -9999 -9999 -9999 -9999 -9999
1065.45755004883 1165.48895263672 1117.27702331543 1081.58346176147 1039.07316970825 1036.45764160156 1332.3734588623 1053.69075775146 1010.25409698486 1010.80226135254 834.00009059906 785.990291595459 783.932163238525 809.978197097778 768.600563168526 842.090223789215 871.855701208115 865.036819458008 903.455829620361 833.302181243896 720.438659667969 799.964052200317 832.390329837799 745.527919769287 736.751335144043 934.309921264648 1012.27374267578 845.517063140869 871.606533050537 -9999 -9999 -9999 -9999 -9999 -9999 -9999 -9999 -9999 -9999 -9999 -9999 -9999 -9999 -9999 -9999 -9999 -9999 -9999 -9999 -9999
996.572227478027 859.361928939819 876.205257415771 1100.56281661987 1478.61585330963 962.973968505859 1019.74557495117 1158.78048706055 894.821635246277 821.62627696991 871.776252746582 876.801322937012 767.229320526123 772.913507461548 746.513607025146 819.631408691406 836.192123413086 1090.77711486816 854.045454978943 894.597991943359 877.186309814453 732.851364135742 816.565089225769 683.936508178711 774.409912109375 677.027420043945 716.113677978516 801.708908081055 820.905132293701 -9999 -9999 -9999 -9999 -9999 -9999 -9999 -9999 -9999 -9999 -9999 -9999 -9999 -9999 -9999 -9999 -9999 -9999 -9999 -9999 -9999
948.751597046852 900.172239303589 1453.21834182739 1313.57469940186 1032.49108123779 1114.70686149597 1228.6940612793 835.277435302734 1330.37850761414 1086.30497741699 931.374900817871 898.820671081543 865.288013458252 728.934043884277 880.372703552246 733.488914489746 843.010631561279 874.159250259399 825.886039733887 787.046306610107 893.432392120361 819.222301483154 739.584335327148 778.008110046387 707.080642700195 804.750759124756 815.433708190918 856.279384613037 755.000411987305 763.629531860352 -9999 -9999 -9999 -9999 -9999 -9999 -9999 -9999 -9999 -9999 -9999 -9999 -9999 -9999 -9999 -9999 -9999 -9999 -9999 -9999
962.49095916748 1020.23056221008 1023.98693084717 1565.16429138184 2085.95232391357 1287.39261627197 1125.20991897583 917.746459960938 1064.4741973877 1031.73866271973 729.566688537598 751.047729492188 788.606342315674 800.307678222656 682.041862487793 701.512161254883 776.101142883301 662.429992675781 939.253368377686 758.948215484619 960.633972167969 873.360958099365 932.369148254395 798.805317878723 780.504467010498 854.905515670776 779.367500305176 765.185409545898 784.529327392578 796.258678436279 803.399280548096 -9999 -9999 -9999 -9999 -9999 -9999 -9999 -9999 -9999 -9999 -9999 -9999 -9999 -9999 -9999 -9999 -9999 -9999 -9999
1152.60283660889 1021.72507286072 858.034683227539 1322.68235397339 1465.94415664673 1566.43898010254 1515.45547103882 1080.72299957275 1019.42824554443 968.701498508453 1055.29595565796 965.373134613037 960.50496673584 1066.89183044434 899.305847167969 842.670726776123 903.634502410889 897.165184020996 868.394416809082 1101.39663696289 814.166612625122 1030.90835571289 953.029777526855 892.616355895996 907.02904510498 791.951686859131 810.829551696777 819.570297241211 767.574935913086 769.383575439453 794.767105102539 -9999 -9999 -9999 -9999 -9999 -9999 -9999 -9999 -9999 -9999 -9999 -9999 -9999 -9999 -9999 -9999 -9999 -9999 -9999
1215.45039367676 747.727081298828 793.879425048828 1251.41717529297 835.316558837891 1416.01321983337 1509.90676879883 1273.63346862793 1717.90140914917 1435.62275314331 1241.54303359985 1189.65392303467 1248.18548583984 1809.42157363892 1245.31504058838 922.82349395752 848.583667755127 1092.44398498535 903.940139770508 874.904159545898 980.312538146973 1026.12106323242 957.586380004883 922.810531616211 901.409873962402 864.207712173462 787.614440917969 852.135364532471 910.22583770752 760.276039123535 794.997814178467 907.778472900391 -9999 -9999 -9999 -9999 -9999 -9999 -9999 -9999 -9999 -9999 -9999 -9999 -9999 -9999 -9999 -9999 -9999 -9999
1088.39560127258 981.907032489777 877.730514526367 838.154815673828 614.2646484375 1067.48443603516 1633.01916885376 1471.30787658691 1341.55236053467 1403.83504104614 1435.529296875 1115.29083251953 1226.06420898438 1491.70352935791 1004.01502227783 1129.7170791626 1020.25904083252 944.71834564209 895.290657043457 988.577987670898 907.051563262939 882.01282119751 835.297317504883 831.596158027649 934.77970123291 827.797964096069 841.299150466919 946.647430419922 949.504476547241 928.879089355469 788.586460113525 929.508735656738 932.448974609375 -9999 -9999 -9999 -9999 -9999 -9999 -9999 -9999 -9999 -9999 -9999 -9999 -9999 -9999 -9999 -9999 -9999
968.17000579834 1059.66919136047 1366.52442741394 920.30090713501 766.599365234375 1072.56103134155 1207.59060668945 1175.12878417969 1275.33636856079 1320.42638778687 1274.94271850586 1138.71675872803 1169.8684463501 1074.9847984314 973.08013343811 998.167899608612 995.419078826904 998.78547668457 985.077865600586 897.595439910889 913.083160400391 926.24356842041 839.924337387085 916.106536865234 1092.27635192871 703.52473449707 759.85277557373 877.034188270569 1016.51637268066 878.752235412598 834.236701965332 971.646781921387 948.794792175293 -9999 -9999 -9999 -9999 -9999 -9999 -9999 -9999 -9999 -9999 -9999 -9999 -9999 -9999 -9999 -9999 -9999
