simdem/realisation93.asc
NCOLS 350 
NROWS 171 
XLLCORNER 152620 
YLLCORNER 418050 
CELLSIZE 100 
NODATA_value -9999 
[rows 66 to 87 of 171, columns 200 to 249 of 350]
798.571029663086 678.688869476318 606.296123504639 701.625831604004 603.2858543396 664.311786413193 691.365196228027 739.456039428711 754.65364074707 765.013381958008 694.140830993652 484.416496276855 482.196792602539 562.378437042236 635.234302520752 700.70189666748 655.011697769165 616.286827087402 657.906513214111 592.608283996582 577.145324707031 633.740791320801 656.395399093628 641.169148683548 657.230828762054 667.641472816467 572.73718547821 613.183735370636 620.90279006958 543.892022132874 508.205215454102 667.781536102295 635.36065864563 663.372528076172 809.469909667969 746.29719543457 722.158179283142 578.556945800781 586.284862518311 405.305816650391 619.287658691406 605.282819747925 675.63875579834 560.067245483398 465.680694580078 711.809858322144 573.018848419189 637.359529495239 680.81593132019 548.162063598633
705.780754089355 707.00857925415 796.044982910156 719.363311767578 539.461563110352 662.183734893799 616.946229457855 690.351554870605 649.508417844772 734.768081665039 725.048324584961 697.617156982422 614.583553314209 601.707359313965 551.93147277832 581.237016677856 548.435882568359 529.265007019043 539.331214904785 713.054298400879 746.703567504883 612.394847273827 636.626085281372 614.681782722473 632.807339668274 737.190879821777 618.91597366333 539.01880645752 533.173782348633 603.320983886719 547.296813964844 696.072238922119 761.317626953125 681.941780090332 837.53443145752 828.657527923584 633.509826660156 506.375839233398 623.725414276123 519.401679992676 593.014354705811 672.314563751221 723.619407653809 593.781726837158 485.169738769531 560.316200256348 642.242120742798 537.374305725098 598.062744140625 465.491119384766
680.388145446777 664.560741901398 610.673431396484 673.221185684204 644.752525448799 551.163040161133 704.097541809082 683.498779296875 613.341625213623 494.397262573242 722.393165588379 729.644172668457 687.527465820312 668.429574012756 676.665357589722 440.58757019043 493.434860229492 538.631187438965 628.843227386475 534.305297851562 622.990434646606 724.384635925293 489.282424926758 805.758239746094 641.340532302856 497.237884521484 565.994937896729 575.587356567383 530.150802612305 476.014678955078 592.106842041016 706.122772216797 746.109344482422 620.618499755859 536.306007385254 688.385400772095 669.358261108398 486.858581542969 607.171240329742 631.712619781494 524.313751220703 584.256572723389 665.24676322937 667.008392333984 593.844741821289 647.882532119751 639.339072227478 651.372534751892 559.645500183105 644.051997184753
714.944267272949 581.201812744141 514.918464660645 714.709251403809 717.223594665527 644.790946006775 506.788635253906 485.440719604492 670.652210235596 553.503486633301 528.105743408203 680.932523727417 647.019613265991 578.56413269043 685.52529001236 447.498886108398 518.998016357422 630.177947998047 441.736038208008 612.712837219238 565.070106506348 556.126564025879 524.60725402832 531.048332214355 568.188798904419 655.165628433228 463.406753540039 615.55143737793 499.17635345459 554.185508728027 625.628486633301 650.654942512512 683.934226989746 687.291186332703 637.439796447754 643.583011627197 565.931587219238 649.138463973999 702.09525680542 567.646545410156 504.325958251953 562.638038635254 533.245574951172 603.418872833252 592.213418960571 553.730369567871 576.55871963501 550.400909423828 589.207656860352 702.23547744751
675.644287109375 463.553237915039 524.43359375 521.410377502441 517.366218566895 573.730453491211 472.074859619141 599.91919708252 494.08381652832 708.546569824219 543.899345397949 603.576637268066 485.169723510742 588.749824523926 668.241870880127 770.14427947998 676.448249816895 683.640632629395 502.725463867188 555.633865356445 585.237258911133 549.483795166016 544.731109619141 595.16622543335 596.880159378052 602.113328933716 594.183172225952 660.09741973877 706.045181274414 641.390907287598 568.730930328369 601.939162254333 664.324127197266 596.181636810303 659.502326965332 516.824562072754 542.240577697754 614.505054473877 526.240936279297 564.569766998291 488.391387939453 538.329620361328 627.69557762146 664.813011169434 580.487483978271 586.707008361816 686.710849761963 691.341968536377 630.70362007618 575.681087493896
523.747299194336 659.106468200684 504.509506225586 479.580017089844 466.486633300781 471.63671875 520.606872558594 571.163414001465 644.162265777588 704.96236038208 508.96704864502 539.048118591309 631.938747406006 629.313351631165 753.123764038086 751.618927001953 575.872417449951 698.804512023926 616.974868774414 764.80234336853 670.716604232788 538.320175170898 498.824287414551 593.712520599365 644.261558622122 604.324171066284 618.866025924683 619.208195209503 626.32511138916 676.659301757812 575.045700073242 646.321465492249 674.838020324707 665.080869674683 634.005843162537 674.028133392334 599.264179229736 522.666679382324 616.012733459473 610.806642532349 517.935340881348 551.904991149902 683.629211425781 613.40146613121 596.316904067993 731.68236541748 623.19432258606 719.197105407715 737.735420227051 591.765073776245
542.288356781006 432.120147705078 492.7666015625 527.109786987305 502.881904602051 479.477203369141 621.279317855835 614.392013549805 630.741020202637 724.850860595703 576.33585357666 662.349073529243 640.723734378815 459.114608764648 541.547256469727 649.937742233276 574.144325256348 651.763339996338 644.927886962891 879.279777526855 759.708442687988 741.58722114563 598.495807647705 646.988208770752 515.222129821777 548.337623596191 521.500694274902 499.717826843262 557.658309936523 645.292194366455 660.09321975708 710.396579742432 692.386535644531 624.591660022736 700.220680236816 549.775459289551 555.424293518066 532.499000549316 469.380599975586 471.869201660156 492.994232177734 597.911758422852 509.232360839844 696.558090209961 557.600364685059 662.047012329102 640.50146317482 658.375290870667 583.667316436768 609.892599105835
617.906426429749 546.979591369629 558.88028717041 524.858985900879 455.56965637207 623.565620422363 668.413372039795 526.519355773926 491.449188232422 672.138146400452 687.809928894043 575.06591796875 755.041938781738 662.349725723267 603.698196411133 637.865854263306 638.265956640244 662.304721832275 569.862075805664 855.46887588501 790.70149230957 887.833984375 610.38858795166 698.566802978516 562.783317565918 552.775741577148 558.092872619629 601.488914489746 517.696128845215 686.71907043457 676.026905059814 621.008058071136 861.580070495605 552.06022644043 544.982978820801 571.439029216766 579.009635925293 638.999549865723 649.036756277084 483.095840454102 523.304946899414 536.19132232666 545.860748291016 574.453681945801 654.491874694824 481.835327148438 740.96745300293 727.596382141113 560.974327087402 653.706781953573
642.969596862793 605.078567504883 544.547821044922 610.681774139404 700.660934448242 535.047088623047 704.381477355957 657.26416015625 655.724262237549 592.244522094727 732.941261291504 600.941610336304 658.069295406342 676.36252784729 705.816390991211 564.06404876709 523.369209289551 643.984306335449 597.62939453125 846.158773422241 904.071304321289 836.942777633667 945.140449523926 794.53949546814 781.844078063965 595.220092773438 544.713119506836 522.744789123535 666.282125473022 640.566379547119 525.076385498047 859.421448945999 649.617553710938 598.755582809448 545.411956787109 577.86315536499 552.823379516602 498.845268249512 665.624675750732 513.95849609375 487.48388671875 630.31388092041 650.776774406433 710.28409576416 623.616438865662 601.718082427979 777.214721679688 605.272349357605 544.821739196777 526.846786499023
576.289234161377 505.601387023926 551.222164154053 545.654762268066 560.513969421387 567.878143310547 506.429878234863 694.73536491394 677.409561157227 664.202192306519 720.991111755371 607.911313056946 681.697448730469 756.913703918457 674.271397590637 574.100025177002 565.010744094849 612.767143249512 658.15389251709 758.19632434845 711.32738494873 722.490188598633 684.182350158691 640.4189453125 756.115341186523 670.642929077148 1052.29771232605 711.812223434448 657.516767501831 656.970571517944 433.856506347656 678.086616516113 630.062648773193 638.903881072998 709.100280761719 685.094257354736 606.194190979004 611.763114929199 614.731781005859 609.323852539062 453.312026977539 442.589492797852 656.412174224854 738.184844970703 508.421821594238 601.923254013062 639.947067260742 599.304620742798 618.655690193176 594.649349212646
680.85905456543 494.294731140137 583.6018409729 536.308692932129 574.636180877686 480.509490966797 478.96354675293 700.031784057617 666.875714659691 786.84245300293 741.075355529785 650.650047302246 673.396569728851 710.526712417603 689.69580078125 715.55647277832 602.099331378937 654.853256225586 625.710678100586 616.1806640625 622.830947875977 781.612331390381 698.318271636963 589.441558837891 675.244384765625 699.625171661377 675.334571838379 803.829977035522 982.233306884766 576.281803131104 1275.72448348999 661.404224395752 621.228784561157 715.907363891602 661.078189849854 672.32018661499 533.924865722656 573.66593170166 713.944641113281 705.907276153564 482.9755859375 522.724632263184 593.050764083862 695.282539367676 536.366302490234 547.203788757324 559.942253112793 537.284027099609 604.268698692322 684.996276855469
695.096076965332 632.157821655273 705.214256286621 629.074035644531 593.706302642822 548.993934631348 607.426696777344 641.132546901703 701.07137298584 704.084280490875 742.204444885254 689.361404418945 560.055885314941 673.768665313721 552.642883300781 655.237861633301 541.783218383789 524.910942077637 846.15731048584 873.365255355835 736.932758331299 845.709892272949 668.301708221436 820.316254138947 747.021385192871 655.205764770508 536.485687255859 885.073654174805 1025.97353363037 964.23307800293 982.924438476562 801.64525604248 691.587207794189 751.155578613281 900.787307739258 651.307741999626 698.527786254883 779.066261291504 791.686737060547 790.178955078125 644.427035331726 518.534164428711 674.763404846191 573.459625244141 636.066686630249 579.993431091309 488.821182250977 681.179000854492 667.433902740479 621.440958023071
478.242813110352 620.072193145752 667.809947967529 585.286722183228 652.77672958374 542.551361083984 585.696197509766 531.803100585938 559.889915466309 868.8623046875 804.535873413086 747.606178283691 652.751632213593 681.247100830078 609.446500778198 667.79857635498 654.150737762451 537.914276123047 604.64087677002 884.976448059082 878.983293533325 949.666534900665 728.421588897705 636.914779663086 670.182373046875 546.92333984375 693.203735351562 957.602275848389 1263.45412445068 1413.24122619629 885.971893310547 795.68376159668 781.719400405884 795.753253936768 690.697723388672 655.493452548981 579.753196716309 654.564003944397 813.527496337891 773.287521362305 655.554214477539 616.530017852783 649.254926562309 659.949759483337 629.092531919479 588.935211181641 692.105159759521 686.721069335938 582.590209960938 571.832420349121
637.914989471436 675.908683776855 704.683303833008 595.52059173584 500.697052001953 554.740715026855 591.602964401245 661.262125015259 556.175941467285 719.216335296631 715.848873138428 608.306911468506 600.409290313721 653.694275379181 622.070066452026 672.855758666992 730.252914428711 701.197311401367 521.954223632812 699.72875213623 518.451461791992 780.727138519287 842.062953948975 801.920520782471 622.017349243164 655.261840820312 724.159748077393 786.165166378021 1173.63233089447 1142.47031021118 1161.15594482422 1031.33285522461 955.488494873047 964.403564453125 680.468448638916 851.179702758789 717.441398620605 735.366600036621 695.397026062012 843.677642822266 778.620971679688 676.712459564209 713.114234924316 648.483906745911 566.890266418457 662.449422836304 702.242744445801 686.519439697266 885.282943725586 591.933696746826
618.631282806396 720.948974609375 682.747661590576 730.373344421387 611.227778434753 567.539596557617 632.739778518677 729.957786560059 667.254665374756 725.76575088501 606.849678039551 479.069732666016 557.491912841797 572.76602935791 724.843990325928 765.043060302734 722.46382522583 609.590751647949 634.894264221191 711.900472640991 697.538215637207 547.470199584961 475.275543212891 565.328994750977 385.960906982422 705.199546813965 723.198593139648 781.220266342163 734.06623840332 858.580863952637 921.460565567017 1283.22117614746 1086.60112190247 1093.31430053711 1270.56428527832 797.736589431763 626.066867828369 622.884048461914 766.927558898926 715.254829406738 674.3307518363 689.078330993652 682.260890007019 785.368530273438 725.891790390015 789.471374511719 740.732421875 685.018426895142 532.310516357422 664.576793670654
623.26342010498 749.743728637695 510.740272521973 616.360599994659 665.295318603516 679.436695098877 607.541849136353 665.996105194092 622.744735717773 553.356819152832 535.876846313477 556.884002685547 536.373352050781 637.171683311462 497.495880126953 683.056021690369 568.436965942383 548.584053039551 680.357542037964 714.394149780273 554.767700195312 605.395133972168 508.454895019531 452.587753295898 532.510368347168 663.682289123535 795.857197761536 632.125396728516 822.668853759766 687.694427490234 786.176246643066 936.820079803467 1005.25260925293 1291.85438537598 1125.45736694336 1114.162109375 644.247871398926 579.618087768555 685.945353507996 702.786628723145 587.491035461426 644.788879394531 649.619241714478 808.658386230469 820.365379333496 655.553117752075 682.509735107422 771.379432678223 658.505916595459 551.694107055664
688.405326843262 534.233612060547 433.391448974609 706.037879943848 681.440795898438 718.584243774414 648.500690460205 639.373565673828 631.620879173279 696.759330749512 511.234451293945 616.385078430176 551.653861999512 674.709323883057 595.327293395996 581.285064697266 540.779808044434 645.733930468559 690.010917663574 739.537796020508 671.125072479248 542.320793151855 553.787567138672 538.07341003418 560.24292755127 685.065782546997 607.02074432373 558.5380859375 715.858833312988 621.61400604248 833.872836112976 687.884017944336 893.995956420898 1413.29788208008 1096.02085113525 1385.68556976318 743.03712272644 592.87279510498 668.671062469482 681.721694946289 642.711507797241 598.994022369385 659.221179962158 553.819458007812 550.431762695312 612.912125587463 629.000641942024 629.589750289917 619.621067047119 603.659736633301
652.186829030514 591.083560943604 668.41339302063 634.728760719299 670.766948699951 681.912132263184 799.651382446289 647.890621185303 654.340964317322 620.772432327271 617.7717628479 578.563835144043 676.746589660645 866.538650512695 865.468978881836 612.699388504028 507.650985717773 611.981983184814 644.1053429842 730.160469055176 659.45151424408 569.900100708008 619.665306091309 531.168739318848 652.124378204346 751.251205444336 539.886932373047 474.721557617188 469.248123168945 684.48558807373 584.411262512207 685.586986541748 900.903196334839 1424.43952941895 996.972410202026 1029.76355552673 1010.54103517532 820.942253112793 625.760009765625 530.912635803223 872.402130126953 750.522766113281 675.848587036133 766.231313705444 660.933815002441 527.363822937012 606.186668395996 487.103881835938 501.167449951172 619.747116088867
596.29418182373 598.050636291504 587.315071105957 657.487285614014 662.689044952393 649.177495956421 508.526733398438 592.739681243896 648.035957336426 592.65803527832 686.830856323242 559.654884338379 489.617919921875 702.585428237915 797.707626342773 697.450756072998 636.246681213379 726.305297851562 633.543008804321 654.942459583282 724.009483337402 591.396636962891 682.700370788574 648.329717636108 745.522422790527 674.623139381409 654.187341690063 464.604125976562 404.868194580078 644.08715057373 776.005096435547 807.24040222168 809.449844360352 840.803430557251 1002.94699859619 1048.53072357178 898.903255462646 826.750334978104 630.90796661377 524.734115600586 691.743812561035 817.152336120605 711.225379943848 704.479598999023 868.224506378174 1003.18319797516 994.55387878418 870.048797607422 431.447937011719 606.662147521973
616.577438354492 734.468391418457 639.189346313477 693.757301330566 659.887969970703 644.82719039917 438.75749206543 636.004266738892 836.270370483398 704.634391784668 628.802684783936 718.969295501709 747.417861938477 780.77619934082 769.812629699707 708.33757019043 705.305870056152 623.51661157608 702.344501495361 661.719728469849 724.095420837402 539.805473327637 719.875343322754 670.691184997559 681.124362945557 690.958753585815 826.021240234375 695.892921447754 484.05859375 637.789707183838 848.41748046875 831.619186401367 853.442544937134 750.276852607727 767.537103652954 791.916015625 513.7333984375 695.374237060547 606.964263916016 579.130676269531 591.578247070312 529.483894348145 607.112804412842 662.378372192383 738.162384033203 733.163078308105 824.022994995117 936.411003112793 945.009811401367 516.406066894531
580.295555114746 749.39631652832 766.385444641113 659.737800121307 698.572914123535 599.02691078186 569.139728546143 544.776596069336 541.958335876465 559.21053314209 554.398872375488 707.744152069092 752.168197631836 673.730888366699 792.810409545898 709.219905853271 790.638961791992 689.491920471191 778.842758178711 610.368587493896 783.532623291016 761.339134216309 594.002933502197 681.116737365723 823.765625 826.195663452148 805.771957397461 778.182037353516 506.458831787109 773.282127380371 777.41153717041 763.099716186523 800.398910522461 680.8606300354 672.116109848022 700.674011230469 553.253349304199 707.400429725647 619.110969543457 725.593368530273 722.866142272949 714.677251815796 749.03955078125 859.468276977539 775.78326356411 938.080726623535 778.783088684082 842.508438110352 793.393356323242 793.39518737793
721.494729995728 617.971900939941 754.283111572266 648.674981117249 646.916832447052 570.672142028809 409.421890258789 456.097213745117 496.615928649902 575.744667053223 674.961925506592 678.356513977051 598.87931060791 755.33186340332 771.541381835938 829.707580566406 689.871988296509 799.305160522461 737.051696777344 643.322830200195 567.440643310547 651.26735496521 704.031429290771 694.758808135986 746.412841796875 917.81233215332 643.227229118347 771.688470840454 1235.19601821899 684.336175918579 726.584312438965 735.559669494629 716.011047363281 753.177116394043 612.947227478027 626.707363128662 648.996402740479 599.184272766113 648.610534667969 603.267349243164 546.894500732422 717.257272720337 738.884436607361 688.234657287598 848.691604614258 825.894374847412 840.806579589844 794.383239746094 891.407112121582 1016.20645141602
