simdem/realisation52.asc
NCOLS 350 
NROWS 171 
XLLCORNER 152620 
YLLCORNER 418050 
CELLSIZE 100 
NODATA_value -9999 
[rows 110 to 131 of 171, columns 200 to 249 of 350]
-9999 -9999 -9999 796.442596435547 507.98356628418 582.405508041382 567.298324584961 660.564033508301 717.095123291016 1119.74629211426 847.727813720703 605.623191833496 655.492225646973 707.359842300415 685.279579162598 574.627674102783 719.551513671875 701.988147735596 634.236911296844 732.257270812988 707.790573120117 572.359600067139 506.730422973633 508.392845153809 601.053089141846 742.691589355469 684.6886690557 652.163730621338 660.693629741669 724.513469696045 706.477939605713 703.932245254517 747.697868347168 630.889221191406 702.185752868652 668.877029418945 700.328574180603 793.22607421875 665.111701965332 548.567184448242 591.030868530273 577.963577270508 589.888229370117 627.592514038086 1126.83958435059 849.630882263184 1033.32029604912 1195.8862991333 709.223691940308 1001.23691558838
-9999 -9999 -9999 -9999 706.114860534668 675.035884857178 683.059193134308 704.345138549805 912.622833251953 925.79842376709 777.148071289062 638.550938606262 501.876052856445 521.781814575195 662.911898374557 599.477325439453 538.601387023926 487.5205078125 578.839019775391 814.398193359375 560.390617370605 429.927658081055 1251.02828979492 381.551956176758 624.016948699951 498.420425415039 559.888236999512 721.882736206055 715.462757110596 721.370620727539 576.615333557129 585.634864807129 573.696907043457 624.886039733887 589.035697937012 679.007654190063 821.116477966309 718.571380615234 701.01155090332 637.739032268524 736.240116119385 655.180072784424 652.584045410156 828.00325012207 552.872177124023 1063.3869934082 1077.13675880432 869.762496948242 677.964874267578 906.140737533569
-9999 -9999 -9999 -9999 796.786436080933 640.80152130127 637.551471710205 772.605489730835 912.750030517578 912.052124023438 871.201171875 721.294679164886 711.362261772156 682.212928771973 643.129953384399 616.003726959229 643.52089881897 582.284965515137 375.122863769531 527.050712585449 678.173732757568 736.295146942139 542.431953430176 627.768033981323 700.159164428711 551.956008911133 718.047515869141 451.71418762207 664.102430343628 736.363712310791 665.440269470215 508.223495483398 475.011917114258 693.391647338867 715.157238006592 646.691390991211 699.67188835144 629.831634521484 700.669288635254 751.85326385498 814.565299034119 932.849670410156 700.060622215271 878.942230224609 688.34651184082 873.233806610107 984.068084716797 907.634704589844 822.862528800964 712.722526550293
-9999 -9999 -9999 -9999 -9999 772.40697479248 681.698528289795 727.170341491699 832.343406677246 858.277877807617 1308.79611968994 545.192825317383 740.763687133789 504.138702392578 744.791732788086 635.289646148682 557.61213684082 626.50456237793 651.86873626709 635.004314422607 683.566202163696 1141.13766479492 724.706062316895 604.548314094543 525.080581665039 546.651222229004 687.761730194092 608.177604675293 686.455101966858 590.156700134277 652.579719543457 727.912599563599 631.786399841309 576.761703491211 700.828783035278 644.174495697021 645.327831268311 674.122303009033 764.231280326843 694.241264343262 768.556015014648 758.143268585205 766.629434585571 788.544416427612 719.971740722656 566.748596191406 731.572769165039 1327.1679983139 890.221450805664 870.148464202881
-9999 -9999 -9999 -9999 -9999 873.731727600098 728.00661277771 662.099269866943 580.078826904297 774.62170791626 1222.20623779297 612.593551635742 632.226463317871 654.510679244995 654.09098815918 533.085983276367 570.247589111328 623.036010742188 604.490791320801 530.495803833008 1290.96947479248 645.946861505508 604.729373931885 688.255367279053 442.641830444336 421.122817993164 638.772270202637 584.819297790527 575.742660522461 758.680377960205 594.537895202637 712.422538757324 583.56029510498 609.088676452637 703.5126953125 568.268203735352 582.431823730469 586.84602355957 746.613933563232 773.189022064209 721.325008392334 855.105542182922 866.020816802979 734.176598548889 617.341461181641 520.504852294922 611.947692871094 673.834045410156 669.978462219238 707.652778625488
-9999 -9999 -9999 -9999 -9999 889.079685688019 682.517875671387 758.53588104248 664.079120635986 834.493927001953 851.545230865479 859.640632629395 743.742176055908 730.281940460205 706.848726272583 704.593719959259 595.281600952148 446.226303100586 407.946472167969 1022.84826660156 509.342437744141 677.869590759277 525.642562866211 565.311790466309 542.341934204102 690.890357971191 761.541465759277 673.386344909668 616.822456359863 614.368141174316 605.033325195312 672.125315189362 650.781452178955 747.837051391602 673.965153694153 852.798217773438 738.614860534668 580.897819519043 707.237413406372 895.433395385742 559.051940917969 882.570442199707 687.909160137177 1020.04370307922 556.055465698242 607.081878662109 549.398651123047 818.224416732788 708.132915496826 555.115905761719
-9999 -9999 -9999 -9999 -9999 -9999 893.749863624573 779.225540161133 815.744781494141 779.80290222168 808.301952362061 954.996376037598 843.396743774414 821.078536987305 720.841141223907 564.962615966797 478.631500244141 470.731735229492 492.803344726562 515.552108764648 573.308609008789 566.609649658203 632.102931976318 639.324546813965 726.61206817627 702.804679870605 815.897254943848 764.895435333252 743.684446334839 648.774993896484 716.67333316803 628.028823852539 714.137977600098 666.335283279419 756.285715579987 683.681965351105 749.697250366211 682.763921976089 612.05493927002 780.180408477783 722.966564178467 729.045913696289 655.66284942627 621.35285949707 895.388107299805 901.887481689453 1121.18988800049 1078.01536560059 801.405582427979 896.478652954102
-9999 -9999 -9999 -9999 -9999 -9999 962.54610824585 1289.92710876465 1399.04014587402 694.179191589355 553.879600524902 828.706298828125 1158.90908050537 727.585361480713 616.23462677002 389.159027099609 468.933700561523 540.914627075195 1065.96119689941 526.946350097656 632.059234619141 656.815176010132 853.383590698242 625.192653656006 821.644973754883 824.96305847168 873.778121948242 807.89574432373 599.176513671875 609.113403320312 766.469514846802 730.202878952026 609.486404418945 930.492572784424 798.771423339844 966.281408309937 1057.30102539062 741.361963272095 799.702072143555 747.319511413574 678.852123260498 755.822154998779 672.224937438965 671.15754699707 645.406120300293 713.446109771729 791.550121307373 898.633066177368 1010.28137207031 538.023254394531
-9999 -9999 -9999 -9999 -9999 -9999 -9999 907.119358062744 829.198467254639 724.638416290283 587.823890686035 839.707107543945 646.32356262207 820.753219604492 697.847183227539 550.964660644531 465.653961181641 1222.80883789062 518.296340942383 675.699565887451 667.484495162964 689.231531143188 599.155456542969 754.24778842926 757.00202578702 789.634738922119 690.976272583008 1022.78108215332 761.527397155762 745.076484680176 597.080600738525 637.086433410645 519.669471740723 858.970996856689 826.694644927979 964.598189353943 1029.98735046387 914.09561920166 1262.22838592529 767.93936920166 717.003677368164 654.572052001953 712.971584320068 585.697326660156 784.018590927124 719.28068780899 740.805473327637 616.116004943848 557.880233764648 512.338577270508
-9999 -9999 -9999 -9999 -9999 -9999 -9999 -9999 743.579109191895 809.29044342041 780.06298160553 702.139530181885 746.537342071533 787.360765457153 651.120384216309 570.00080871582 1347.50695800781 567.60823059082 686.467765808105 594.980499267578 754.83299267292 732.169749498367 612.020980834961 634.451240539551 663.34937286377 686.248834609985 805.08895111084 593.683280944824 885.575693130493 673.465922832489 598.443752288818 629.138847351074 591.612167358398 847.21875 921.132682800293 884.911159515381 918.523025512695 873.39330291748 888.243339538574 1079.51968383789 793.970771789551 699.563014984131 686.94820022583 629.92554473877 781.230781555176 722.518582105637 511.39990234375 632.865488052368 677.643634796143 555.803236961365
-9999 -9999 -9999 -9999 -9999 -9999 -9999 -9999 -9999 1249.94713592529 1336.8269443512 1320.89392089844 764.897964477539 836.798126220703 741.224533081055 679.26953125 894.457290649414 789.901755332947 630.348983764648 648.146423339844 753.872834920883 694.491146087646 678.367301940918 760.239253997803 896.255111694336 895.243515014648 739.583534240723 549.529466629028 885.942817687988 754.389923095703 732.316902160645 541.565017700195 433.064323425293 588.315086364746 864.683404922485 1058.84844970703 884.354131698608 894.914609909058 902.064407348633 918.976161956787 1150.99109125137 728.206973075867 774.297786712646 898.999114990234 700.014930725098 466.402053833008 492.347122192383 598.103190422058 521.830303192139 552.009019851685
-9999 -9999 -9999 -9999 -9999 -9999 -9999 -9999 -9999 -9999 1122.53991699219 833.698867797852 818.960571289062 841.425064086914 747.335868835449 648.437675476074 608.952194213867 643.779479980469 750.230644226074 744.222449064255 855.474044799805 795.812774658203 814.280502319336 941.139389038086 1285.4959564209 745.071929931641 469.12300491333 620.079772949219 923.115051269531 855.871803283691 749.368008613586 595.240749359131 475.978416442871 554.096654415131 960.430328369141 942.028587341309 1030.94282531738 877.291752815247 888.320592164993 896.214012145996 1155.83720397949 706.257136821747 782.309135437012 952.495544433594 553.036895751953 480.188873291016 659.564937591553 664.779838562012 733.483474731445 701.645427703857
-9999 -9999 -9999 -9999 -9999 -9999 -9999 -9999 -9999 -9999 -9999 1293.97653961182 1323.08494567871 1145.37910461426 711.46369934082 664.721332550049 817.671016693115 701.282127380371 545.604019165039 644.215614318848 764.73908996582 942.401382446289 863.213958740234 778.878570556641 1112.95231628418 607.245269775391 896.014293670654 976.65998840332 815.271347045898 798.384540557861 846.229032516479 837.641493797302 657.452018737793 797.87557220459 844.776992797852 933.990219116211 1039.82818603516 899.615482330322 868.455796003342 1001.31567382812 1147.11585998535 922.032928466797 1020.78118896484 836.29345703125 551.749397277832 570.346755981445 635.682001113892 840.409683227539 752.060054779053 766.942100524902
-9999 -9999 -9999 -9999 -9999 -9999 -9999 -9999 -9999 -9999 -9999 -9999 1181.97484588623 1267.66158676147 709.781270980835 571.43696308136 648.610050678253 767.422470092773 598.647830963135 605.938049316406 614.586982727051 663.24667263031 594.46907043457 695.808807373047 767.265766143799 832.416026592255 734.551383972168 743.887725830078 897.917388916016 834.200340270996 879.826953887939 858.376454353333 700.686847686768 693.645488739014 713.393157958984 640.966327667236 808.150440216064 800.499095916748 791.831020355225 904.85412979126 1029.88696289062 996.284072875977 962.162857055664 761.198333740234 740.419624328613 827.507591247559 736.07462310791 691.157856464386 749.221477508545 949.163284301758
-9999 -9999 -9999 -9999 -9999 -9999 -9999 -9999 -9999 -9999 -9999 -9999 -9999 -9999 638.00276184082 765.738780975342 608.407875061035 984.10302734375 568.004295349121 625.694576263428 593.496440887451 468.60432434082 604.402761459351 587.259815216064 702.556003570557 620.73454284668 560.8203125 817.246101379395 925.267395019531 992.026969909668 1001.80770874023 917.087898254395 615.448715209961 605.127960205078 683.3606300354 612.270243644714 813.248949050903 867.794609069824 980.283538818359 1188.99630737305 1084.72629547119 1253.01872253418 662.475999832153 655.227558612823 824.938125610352 702.314504623413 816.455543518066 805.434761047363 869.264297485352 874.037551879883
-9999 -9999 -9999 -9999 -9999 -9999 -9999 -9999 -9999 -9999 -9999 -9999 -9999 -9999 -9999 -9999 -9999 1197.35000610352 752.206274032593 740.87678527832 950.621627807617 897.393615722656 842.358627319336 886.723983764648 664.583038330078 645.295028686523 541.398254394531 838.360382080078 905.4208984375 715.377597808838 776.434438705444 867.694755554199 782.741477966309 865.35838508606 685.668296813965 515.739761352539 631.085487365723 896.786029815674 985.938293457031 645.08837890625 737.069473266602 1053.16766357422 603.871494293213 748.160432815552 689.659015655518 806.220062255859 724.952744483948 629.814716339111 776.277465820312 821.960342407227
-9999 -9999 -9999 -9999 -9999 -9999 -9999 -9999 -9999 -9999 -9999 -9999 -9999 -9999 -9999 -9999 -9999 -9999 -9999 -9999 1040.12013244629 1007.35499572754 982.929962158203 1003.69201660156 846.250450134277 812.914993286133 706.378700256348 911.91480255127 950.911651611328 900.336196899414 797.106048583984 709.129928588867 854.680435180664 664.296096801758 672.971687316895 538.619338989258 702.843305587769 968.409317016602 1017.99374389648 806.384857177734 831.231689453125 830.128551483154 597.098552703857 763.698159217834 743.799938201904 674.393974304199 709.705846786499 605.480827331543 659.967943191528 747.550720214844
-9999 -9999 -9999 -9999 -9999 -9999 -9999 -9999 -9999 -9999 -9999 -9999 -9999 -9999 -9999 -9999 -9999 -9999 -9999 -9999 -9999 -9999 -9999 -9999 -9999 815.087524414062 948.387084960938 1023.56743621826 908.831809043884 841.484523773193 984.889282226562 762.993461608887 673.71068572998 814.811965942383 694.511960983276 965.972076416016 974.623603820801 856.286548614502 831.66609954834 907.14111328125 755.162406921387 1086.33882141113 708.58074760437 652.408123016357 805.107704162598 683.662019729614 657.357898712158 623.86296081543 747.761623382568 731.67019456625
-9999 -9999 -9999 -9999 -9999 -9999 -9999 -9999 -9999 -9999 -9999 -9999 -9999 -9999 -9999 -9999 -9999 -9999 -9999 -9999 -9999 -9999 -9999 -9999 -9999 -9999 -9999 -9999 -9999 854.42151260376 934.617348194122 931.245793879032 805.563903808594 802.857452392578 808.601631164551 689.018657684326 955.361206054688 962.413812637329 899.117523193359 821.959701538086 673.337284088135 601.284912109375 747.938924789429 803.033546447754 859.755661010742 844.114837646484 563.108238220215 616.248092651367 644.043334960938 824.78197479248
-9999 -9999 -9999 -9999 -9999 -9999 -9999 -9999 -9999 -9999 -9999 -9999 -9999 -9999 -9999 -9999 -9999 -9999 -9999 -9999 -9999 -9999 -9999 -9999 -9999 -9999 -9999 -9999 -9999 -9999 -9999 1089.69680404663 1014.9204788208 991.490684509277 803.145433425903 693.638305664062 864.206579685211 723.407516479492 875.87776184082 581.498317718506 950.070068359375 630.859489440918 759.056697845459 935.164398193359 738.570098876953 708.968530654907 722.945255279541 649.59944152832 719.459409713745 843.681335449219
-9999 -9999 -9999 -9999 -9999 -9999 -9999 -9999 -9999 -9999 -9999 -9999 -9999 -9999 -9999 -9999 -9999 -9999 -9999 -9999 -9999 -9999 -9999 -9999 -9999 -9999 -9999 -9999 -9999 -9999 -9999 -9999 765.06517624855 1048.50582885742 1042.05084228516 856.346687316895 740.736003875732 805.821046829224 842.362426757812 683.900337219238 702.907665252686 716.910673141479 680.560831069946 809.8349609375 656.603519439697 698.246325969696 660.801397323608 573.25659942627 572.130584716797 746.161955833435
-9999 -9999 -9999 -9999 -9999 -9999 -9999 -9999 -9999 -9999 -9999 -9999 -9999 -9999 -9999 -9999 -9999 -9999 -9999 -9999 -9999 -9999 -9999 -9999 -9999 -9999 -9999 -9999 -9999 -9999 -9999 -9999 -9999 957.515228271484 922.964923858643 766.247901916504 667.256184577942 733.683940887451 842.455619812012 809.616672515869 848.534220814705 691.889778137207 740.672187805176 914.385406494141 848.44270324707 734.359451293945 625.70548248291 650.88939666748 656.502700805664 862.732139587402
