simdem/realisation79.asc
NCOLS 350 
NROWS 171 
XLLCORNER 152620 
YLLCORNER 418050 
CELLSIZE 100 
NODATA_value -9999 
[rows 110 to 131 of 171, columns 250 to 299 of 350]
995.594568252563 716.125713348389 866.166841387749 586.101211547852 1190.81201171875 990.316020965576 737.735939025879 1259.17877197266 778.873748779297 686.844146728516 694.764839172363 958.946563720703 1088.8250541687 1109.93390655518 989.781175613403 847.503257751465 1041.95385742188 1064.32415771484 886.09090423584 1004.72084212303 825.774379730225 951.718891143799 1137.88857460022 1183.13195800781 1117.52633666992 868.615295410156 763.01570892334 701.023391723633 868.229297637939 922.429107666016 980.494003295898 951.828887939453 1004.91090393066 1020.77665710449 989.34289932251 907.633003234863 909.869029998779 900.432228386402 1055.70095825195 900.930717468262 821.91242980957 575.44734954834 763.249402046204 814.006652832031 697.202003479004 754.074298858643 774.336648106575 792.324920654297 824.669167518616 771.077526092529
946.263732910156 654.701236724854 431.699264526367 862.827583312988 788.547138214111 745.712975502014 845.555990219116 1152.01733398438 315.859619140625 483.458206176758 614.851249694824 794.890411376953 979.465393066406 639.882659912109 851.928977966309 799.867297247052 727.287307739258 724.96826171875 743.006805419922 837.812828063965 1283.09204101562 863.598724365234 898.874320983887 865.810585021973 1058.7403383255 1377.70729827881 829.373279571533 896.148956298828 862.222393035889 864.439039230347 980.266639709473 965.859077453613 912.980516433716 709.350395202637 870.453025817871 917.6286277771 1105.53937149048 943.053676605225 838.579973220825 832.479961395264 832.379890441895 777.331811904907 807.488977789879 809.444812774658 868.591979980469 789.163230895996 858.508502960205 754.695442199707 745.947387695312 817.181999206543
868.110504150391 932.008800506592 758.442367553711 701.475074768066 1214.96754455566 873.451019287109 841.59486246109 758.435241699219 707.39533996582 950.464519500732 718.469424247742 700.161553382874 944.709775924683 875.198913574219 1289.4026799202 912.095390319824 627.606842041016 642.486892700195 764.680877685547 842.132595062256 825.54077911377 713.041885375977 1129.73351287842 980.595100402832 1023.79047393799 1012.97027587891 983.911575317383 1060.66307449341 862.826393127441 784.816619873047 895.302671432495 955.011478424072 825.054016113281 759.884170532227 842.413814544678 987.236223220825 1139.65031433105 935.829010009766 799.646076202393 816.820516586304 696.915227890015 718.108699798584 675.928665161133 958.828315734863 868.552606582642 830.755537986755 814.90510559082 886.716682434082 819.323921203613 862.14462184906
621.753143310547 879.171947479248 518.798095703125 732.862762451172 856.529739379883 1297.41399478912 740.267280578613 694.954887390137 830.464137077332 683.630706787109 645.953563690186 720.885669708252 786.313621520996 648.933502197266 748.911247253418 647.425262451172 581.47785949707 820.87353515625 735.311809539795 749.84720993042 750.149726867676 941.856513977051 785.275505065918 795.472465515137 888.722938537598 1207.04553222656 1083.35025405884 1121.28817749023 1443.33609008789 1501.2746887207 1021.47067260742 923.17310333252 891.758293151855 916.117538452148 585.317939758301 950.222679138184 949.9404296875 510.658576965332 615.194491386414 613.49582862854 590.83810043335 567.059185028076 710.94660949707 848.850387573242 749.552222728729 628.386032104492 516.18968963623 803.779640197754 803.22274017334 901.152286350727
847.904518127441 1126.14459228516 1287.44239807129 759.562446594238 677.129890441895 752.74710559845 2052.5728302002 781.186807632446 1362.88657999039 1228.29959774017 744.810972213745 659.246739387512 702.123864173889 624.930297851562 541.798645019531 793.398300170898 669.589553833008 585.931030273438 792.746204376221 790.325084686279 665.792198181152 856.140167236328 779.752752304077 718.066986083984 905.74089050293 762.502925872803 982.134544372559 1114.92819976807 1354.04411315918 1431.08898162842 1042.43377685547 1035.28073883057 897.754440307617 922.10661315918 697.125396728516 538.23681640625 484.306900024414 617.398719787598 745.067621231079 752.762981414795 632.527931213379 770.744876861572 807.841293334961 793.227832794189 817.888694763184 756.479724884033 697.217735290527 737.926403045654 686.358894348145 726.39786529541
573.858734130859 763.266662597656 613.812255859375 631.939666748047 810.489221572876 1148.46277618408 596.317596435547 679.527442932129 867.530210494995 871.807811737061 861.713752746582 689.277269363403 887.445251464844 729.601364135742 648.430961608887 708.144649505615 646.826522827148 836.285381317139 651.57494354248 596.552017211914 699.306106567383 906.342985630035 745.472503662109 830.685691833496 783.858978271484 839.724395751953 842.009467124939 1089.13400268555 1268.60166931152 1814.1882019043 1104.54897117615 862.153848648071 727.386497497559 712.46099281311 927.493789672852 478.596557617188 625.32502746582 559.488906860352 818.716278076172 879.915054321289 818.848663330078 703.088422775269 766.894109725952 861.19344329834 940.278244018555 617.596466064453 803.449165344238 716.969648361206 576.04471206665 766.762191772461
770.444030761719 1277.53219604492 647.450592041016 801.106781005859 1382.82422637939 619.329193115234 759.927612304688 1157.79039001465 711.330501556396 1104.81653022766 1211.9698638916 993.384979248047 739.347595214844 781.227844238281 646.764934539795 746.837594747543 644.577194213867 783.536933898926 792.25414276123 787.412302970886 805.758563995361 742.050574302673 706.514404296875 697.210586547852 851.827259063721 794.70703125 1086.87922668457 997.073745727539 1027.49829101562 1110.42691802979 1192.99625396729 742.375679016113 740.944984436035 659.07755279541 742.524490356445 1158.9515953064 1353.29753780365 1777.68390655518 1823.20056152344 964.889785766602 828.973358154297 784.551326751709 641.467391967773 732.475588798523 799.696262359619 798.768089294434 866.414710998535 738.719833374023 832.78759765625 702.85620880127
655.2506980896 1081.77883529663 647.572509765625 709.141036987305 883.38688659668 612.72038269043 927.185791015625 699.456756591797 859.505577087402 1040.52916717529 977.699630737305 921.93244934082 782.134796142578 576.547191619873 587.546775817871 684.805679321289 756.767242431641 787.789611816406 853.734176635742 748.088081359863 725.705696105957 754.262324571609 546.187896728516 799.55863571167 1037.3484954834 1004.53607177734 1074.73945617676 986.928092956543 965.522659301758 761.109153747559 643.677658081055 861.219055175781 665.430313110352 924.145498275757 998.183250427246 935.945457458496 959.993005752563 1157.88217926025 1635.51174926758 2276.60092163086 1331.76696777344 1022.68832397461 868.257339477539 671.726982116699 666.943920135498 800.770355224609 803.908378601074 811.322479248047 832.194915771484 837.123474121094
691.308811187744 858.665765762329 689.679534912109 754.526931762695 901.817352294922 651.702011108398 1111.64543151855 751.073799133301 837.060317993164 732.192470550537 814.623050689697 873.952716350555 693.216209411621 503.61555480957 465.814514160156 758.19995880127 686.172811508179 866.998970031738 794.903749465942 766.771858215332 858.453094482422 610.832397460938 721.698828220367 723.105926513672 899.084297180176 987.71076965332 1033.69114685059 945.102645874023 841.025543212891 501.396026611328 1743.0793762207 2656.67306518555 868.120611190796 1051.16060638428 1264.50692749023 1074.29746246338 1079.84894561768 1125.17070770264 1303.74906921387 1181.9052734375 1161.38413238525 1370.79306793213 1176.47123718262 1268.23987197876 1315.13708782196 1057.76168060303 927.975681304932 763.152981758118 972.453216552734 803.054183959961
520.225639343262 559.213001251221 742.505958557129 673.594097137451 965.075874328613 1137.63648605347 791.846031188965 758.084259033203 1206.54011058807 807.985160827637 502.116180419922 675.978759765625 720.356536865234 715.279218673706 582.219871520996 706.129718780518 670.555835723877 643.968719482422 867.857620239258 855.194123268127 812.978710174561 710.947486877441 611.730644226074 711.199634552002 758.787761688232 959.212768554688 798.87841796875 1016.16070556641 865.22212600708 548.446640014648 693.306838989258 2180.19444274902 703.649627685547 935.884164810181 1174.65213012695 1376.79907989502 1094.64468193054 1264.34876251221 1672.57926177979 1229.79995155334 1118.67463302612 1194.9790725708 888.989112854004 1095.84329605103 1575.438621521 1617.76622009277 1182.22338485718 1553.42924499512 1548.73791503906 1011.41861724854
540.877515792847 610.462142944336 661.153015136719 440.605728149414 976.442142486572 791.747589111328 743.04280090332 850.562395095825 863.620725631714 629.999160766602 752.584533691406 984.984771728516 731.562065839767 798.322509765625 693.004906654358 792.94612121582 717.028668403625 664.95171546936 593.953819274902 559.846694946289 747.003959655762 753.469226837158 790.466320991516 705.151405334473 670.750319480896 778.649078369141 681.796138763428 826.457233428955 730.187957763672 825.151823043823 684.658355712891 631.272308349609 864.71252822876 881.445161819458 912.43138885498 993.521266937256 941.8359375 955.221579551697 1316.83193969727 1200.98895263672 1265.65050148964 1187.9047088623 969.196060180664 938.110984802246 1294.00059890747 1310.07678985596 1267.43981933594 1172.8162689209 1453.07241821289 1572.74203109741
565.371963500977 555.819755554199 496.365676879883 414.899291992188 446.18017578125 511.147068023682 681.389739990234 615.145935058594 735.136215209961 800.067535400391 771.944568634033 853.816207885742 992.51969909668 719.55978012085 774.101243495941 712.098402023315 588.928886413574 644.763801574707 681.000831604004 541.528945922852 661.955596923828 653.933456420898 735.925621032715 871.63353729248 757.006553649902 756.419512748718 755.220306396484 792.705097198486 773.940292358398 771.367088317871 727.68053150177 833.46199798584 934.556381225586 911.983207702637 1056.03907775879 1110.27409362793 1114.53321075439 961.73949432373 998.496152877808 1052.95963287354 1319.19459533691 1393.09383964539 920.237228393555 871.952354431152 1239.12760925293 1186.33028030396 1150.94173812866 1071.88362121582 1195.21604156494 1416.56764984131
649.68571472168 600.868629455566 631.504806518555 597.029144287109 634.122200012207 432.628768920898 537.248209953308 472.731758117676 665.925384521484 740.271644592285 843.671466827393 868.79801940918 801.069391489029 408.79313659668 591.249465942383 769.14444732666 778.033658981323 716.92395401001 705.681116104126 709.256550788879 582.626342773438 677.680786132812 723.103702545166 867.333953857422 888.703575134277 909.029136657715 704.097581863403 529.751358032227 827.848369598389 801.814609527588 938.061630249023 1098.4206237793 777.477745056152 931.479034423828 1119.22808837891 1225.26315307617 957.746307373047 835.404739379883 773.950323104858 833.097218036652 811.020469665527 880.030448913574 849.329437255859 994.782096862793 889.2919921875 1043.50016784668 994.537406921387 1050.23100280762 889.507411956787 1073.04161453247
643.705871582031 631.780975341797 793.923969268799 740.964599609375 534.321151733398 494.826354980469 667.807130813599 517.610359191895 511.428268432617 672.14778137207 766.054460525513 794.863656997681 963.759574890137 725.778839111328 1154.62421035767 901.706916809082 806.959686279297 778.660915374756 815.022720336914 788.12646484375 614.687477111816 667.945938110352 850.382197856903 811.868103027344 768.393882751465 737.050682067871 742.672800064087 807.805503368378 869.428123474121 907.253002166748 935.21704864502 986.155433654785 825.58674621582 740.955711364746 953.28377532959 1048.65293884277 772.633445739746 623.674041748047 816.123756408691 816.655738830566 824.51628112793 790.454097747803 746.339566230774 834.470357894897 759.87134552002 803.255546569824 984.936107635498 1068.07627105713 811.718044281006 785.702487945557
769.494497299194 654.296943664551 762.627058029175 658.12378692627 733.147694587708 650.777244567871 561.718002319336 583.026039123535 582.94327545166 669.902542114258 799.279266357422 772.696134567261 697.932197570801 850.73087310791 1452.59764862061 898.200164794922 747.266941070557 814.814598083496 780.043865203857 653.039619445801 538.114822387695 685.7678565979 584.035461425781 690.211219787598 905.541187286377 700.539686203003 718.586502075195 731.361358642578 748.511497497559 824.526870727539 863.228552818298 995.347900390625 936.788032531738 726.110984802246 969.678146362305 945.039535522461 768.694939613342 664.417388916016 806.551456928253 846.279579162598 926.006408691406 732.767963409424 861.492340087891 839.262641906738 710.029075622559 693.950706481934 768.944392442703 918.997085571289 679.375793457031 836.140529632568
619.792221069336 665.29222869873 676.609352111816 775.462955474854 680.232395172119 826.291542053223 617.150482177734 636.957981109619 525.156978607178 472.584884643555 697.446517944336 720.722238540649 1111.40190887451 851.765263080597 836.035247802734 758.251377105713 736.660778045654 616.13703918457 732.965948104858 1286.12840652466 656.44607925415 550.455009460449 507.001312255859 637.779571533203 738.502771615982 727.60614490509 594.077575683594 693.60717010498 752.101745605469 685.793006896973 795.158794403076 878.414234161377 769.082641601562 743.337799072266 857.166549682617 825.573921203613 805.775852203369 728.469829559326 724.580062866211 887.800979614258 770.866720199585 637.876953125 809.543388366699 1003.12219238281 902.433097839355 919.962874889374 768.394283294678 791.360907316208 712.503829956055 759.877326965332
842.550363540649 713.616164207458 673.331258773804 765.123366177082 851.041763305664 795.44623374939 657.446762084961 713.902931213379 627.25373840332 585.256774902344 688.167121887207 1351.16181182861 804.719316482544 859.953453540802 1031.57454299927 704.856121063232 697.2021484375 600.496322631836 1096.91403961182 577.892852783203 798.621726989746 634.671466827393 588.405990600586 703.682159423828 710.149251937866 718.426904678345 589.387283325195 684.851134896278 612.607543945312 973.669555664062 878.724182128906 784.042159557343 652.101974487305 821.952592849731 753.186744689941 899.432250976562 674.584770202637 782.225337982178 745.084321975708 724.897121429443 678.17414855957 679.366363525391 810.118721008301 806.266244888306 756.984580993652 716.912864685059 732.90559387207 677.363372802734 600.015823364258 585.933456420898
673.023956298828 685.540184020996 599.905853271484 735.997907161713 840.1301612854 839.5534324646 710.850751876831 677.001731872559 681.262763977051 650.619787216187 540.679672241211 525.426895141602 455.182281494141 1150.07970428467 794.993389129639 737.096323013306 725.505535125732 974.464210510254 754.240943908691 464.863067626953 708.497009277344 589.868507385254 606.961219787598 608.57258605957 640.594882965088 705.686657905579 724.309276580811 626.597301483154 710.707970619202 766.30562210083 831.271026611328 911.08056640625 656.879928588867 644.187141418457 643.934783935547 768.945852279663 812.086100578308 940.530349731445 798.574789047241 1011.89413452148 746.563018798828 684.572189331055 791.806313991547 602.8857421875 616.98908996582 630.151229858398 681.529006958008 858.113460540771 690.404907226562 831.514888763428
720.028022766113 631.762687683105 657.558395385742 671.013717651367 786.401553153992 695.629684448242 661.072631835938 634.482391357422 567.421184539795 595.94416809082 660.576007843018 637.456848144531 663.817993164062 682.721458435059 696.129725456238 810.892514228821 550.002147674561 667.505264282227 626.902481079102 661.648471832275 598.976295471191 594.93888092041 823.892761230469 714.977201461792 761.826210021973 623.70751953125 734.226726531982 673.077602386475 722.385307312012 742.506660461426 769.707332611084 649.734313964844 672.828552246094 734.211502075195 844.229175567627 814.487022399902 939.47730255127 814.076919555664 1087.97299194336 1187.12526321411 727.563301086426 709.868988037109 773.302093505859 851.884210586548 703.202201843262 543.477249145508 700.549140930176 747.511047363281 867.174240112305 927.217701911926
665.518203735352 620.428619384766 747.36735033989 660.423007965088 742.588264465332 858.267204284668 608.381378173828 718.416015625 590.998470306396 518.672668457031 671.982269287109 526.61198425293 507.783203125 671.978202819824 717.842830657959 845.083030700684 842.42081451416 642.889633178711 643.084205627441 656.408813476562 673.273862838745 662.765674591064 598.635673522949 612.487823486328 680.332096099854 716.846743583679 862.213928222656 768.199741363525 605.64331817627 756.310478210449 626.553642272949 800.192680358887 888.659722328186 803.905788421631 862.117446899414 982.715707778931 922.184787750244 984.393859863281 952.445158004761 893.262519836426 919.879379272461 888.398410797119 803.626852989197 938.80256652832 738.962051391602 806.651290893555 614.942764282227 792.532207489014 697.267051696777 777.258605957031
837.6552734375 693.480453491211 820.826946258545 826.001670837402 906.755020141602 702.18286895752 708.867621898651 669.537071228027 592.872203826904 527.081199645996 682.511907577515 634.131996154785 701.711124420166 660.207565307617 573.044570922852 721.488006591797 796.960884094238 678.53539276123 767.033988952637 625.833038330078 666.044778823853 667.834884643555 727.977104187012 702.181621551514 705.622498512268 792.512660980225 746.64289855957 872.550121307373 641.368049621582 598.310585021973 594.189514160156 766.304927825928 634.039840698242 934.502552032471 946.06549435854 688.95036315918 748.998279571533 895.281623840332 1032.16114807129 963.52152633667 1087.67078399658 1125.20847320557 1002.79074859619 767.324256896973 891.761665344238 832.359077453613 803.966529846191 716.333625793457 782.529216766357 949.406066894531
888.134498596191 840.672164916992 881.770942687988 813.592742919922 755.444557189941 638.744285583496 577.108238220215 361.255477905273 481.907287597656 641.685272216797 642.039161682129 738.658694267273 822.510223388672 770.383375167847 757.526029586792 612.572830200195 669.804916381836 676.492038726807 703.710720062256 659.674896240234 522.61589050293 704.909385696054 776.584648132324 648.854373931885 682.146758079529 779.549102783203 734.460250854492 659.232336044312 742.156913757324 629.106357574463 634.573726654053 660.853501319885 653.237326860428 657.734470367432 581.73868560791 395.610107421875 513.414810180664 783.928398132324 984.543617248535 960.169044494629 1144.47304916382 1040.67988586426 1036.18142685294 1000.30281066895 838.909671783447 747.927513122559 841.046367645264 728.646741867065 773.321754455566 909.987518310547
