simdem/realisation12.asc
NCOLS 350 
NROWS 171 
XLLCORNER 152620 
YLLCORNER 418050 
CELLSIZE 100 
NODATA_value -9999 
[rows 66 to 87 of 171, columns 250 to 299 of 350]
655.672481536865 628.76294708252 675.310267925262 534.069435119629 517.294342041016 574.769859313965 559.177581787109 694.852607727051 700.635772705078 696.695343017578 756.938587188721 626.127338409424 632.330062866211 668.495574951172 658.213844299316 614.249458312988 699.675986289978 655.956949234009 587.741912841797 772.288848876953 639.938953399658 639.004676818848 618.901947021484 642.17529296875 771.661224365234 757.850402832031 618.417633056641 656.418521881104 686.187522888184 773.285011291504 749.547668457031 673.325839996338 654.110298156738 645.51099395752 663.13843536377 623.760589599609 542.406051635742 579.129318237305 898.474004745483 898.956813812256 744.63684463501 586.335113525391 710.259124755859 640.414916992188 786.603790283203 671.539291381836 728.027236938477 814.724617004395 805.081848144531 759.133419036865
784.403503417969 630.891366004944 629.440685272217 539.476127624512 496.801330566406 677.760387420654 729.32551574707 720.395629882812 584.49186706543 631.104187965393 556.588348388672 647.230520248413 679.847848892212 745.813613891602 603.006397247314 641.847577214241 749.113838195801 794.367347717285 680.891754865646 632.717281341553 645.122032165527 552.523620605469 661.709442138672 663.163520812988 763.213569641113 729.45103263855 682.964551925659 691.723938941956 597.098320007324 663.938255310059 693.868854403496 672.032814025879 703.122455596924 598.549545288086 652.588684082031 695.007209777832 678.626026153564 622.937965393066 750.812708377838 625.48738861084 970.217491149902 837.753005981445 732.139068603516 678.354789733887 800.531508922577 839.395843505859 710.900463104248 709.520622253418 783.567200660706 696.173252105713
758.596633911133 684.731525421143 665.811027526855 666.631355285645 538.366477966309 522.590538024902 618.246158599854 772.926849365234 647.341966629028 643.499881744385 502.02197265625 819.755355834961 682.629848480225 631.106506347656 635.954683303833 676.858691215515 779.261535644531 749.378349304199 832.080505371094 665.514953613281 728.117481231689 618.610862731934 754.717765808105 719.930303573608 658.27286529541 733.725215911865 777.183288574219 674.875127792358 630.454513549805 763.669120788574 816.176177978516 715.565998077393 806.760803222656 734.025039672852 728.327072143555 702.722581863403 780.102912902832 538.927673339844 530.160858154297 607.940444946289 712.248241424561 624.888122558594 994.800140380859 1437.82190990448 829.251247406006 735.684167861938 765.998693466187 646.328559875488 835.226066589355 765.320874214172
607.159122467041 717.381713867188 788.175842285156 688.596076965332 487.806060791016 543.209434509277 727.663520812988 696.190490722656 589.473834991455 582.276351928711 658.749176025391 788.502258300781 707.820087432861 705.463497161865 728.637676239014 666.381258010864 804.356781005859 573.443336486816 691.170934677124 721.95002746582 637.6018409729 708.983104705811 661.776377081871 683.315370082855 557.277969360352 656.167915344238 781.400550842285 595.707710266113 578.96630859375 670.007068634033 737.891092300415 847.384536743164 814.689613342285 753.247123718262 743.698635101318 716.864839553833 777.889747619629 742.707793235779 632.719741821289 726.799213409424 818.997444152832 706.915000915527 733.701768875122 738.644393920898 776.528907775879 1431.71848332882 690.261337280273 591.479705810547 668.582107543945 657.809844970703
693.980239868164 482.726303100586 663.573249816895 507.671524047852 593.213123321533 628.794964790344 608.423343658447 624.140472412109 710.501014709473 558.24104309082 794.650482177734 646.22905921936 620.979963302612 673.430751800537 615.368446350098 787.106559753418 739.877590179443 782.504257202148 760.213973999023 753.457885742188 704.481900215149 691.557786941528 671.352726459503 693.797920703888 642.063974380493 639.427757263184 800.652801513672 584.561805725098 470.959854125977 677.866024017334 544.285293579102 667.983480453491 655.188720703125 660.696571350098 674.704792022705 639.214698791504 642.201026916504 830.173583984375 692.247611999512 723.884624481201 790.643135070801 649.52229309082 602.131240844727 697.610054016113 629.403816223145 652.091735839844 874.871650695801 979.741668701172 877.650207519531 651.653823852539
596.194261550903 582.614734649658 655.325574874878 492.712554931641 460.053680419922 583.037742614746 595.248252868652 671.624044418335 771.89289855957 645.629137516022 625.502992630005 639.488340377808 634.143476963043 662.682275772095 648.615843772888 717.103387832642 798.964332580566 671.80470085144 566.250213623047 752.027675628662 721.485874176025 689.061819076538 894.727737426758 771.591606140137 744.5588722229 825.450897216797 757.7370262146 832.489768981934 696.289545059204 788.559539794922 579.857696533203 658.235683441162 639.845695495605 645.134376525879 617.194396972656 571.820892333984 724.447149276733 641.941635131836 713.831176757812 634.478408813477 709.20171546936 723.487470149994 787.931074380875 712.008110046387 479.570556640625 1115.90213012695 638.846611022949 729.040878295898 868.099700927734 665.093662261963
667.323986053467 732.48265838623 682.685775756836 604.492767333984 513.807861328125 641.144859313965 586.404205322266 669.055614471436 792.150650024414 532.791397094727 658.071380615234 711.482063293457 594.407554626465 530.18824005127 634.606620788574 712.741691589355 607.864471435547 562.215759277344 485.531463623047 413.263275146484 697.326323032379 708.149761199951 657.501361846924 753.788879394531 667.420272827148 772.580184936523 707.371625900269 695.749981641769 866.393402099609 860.973068237305 851.506225585938 748.274826049805 746.541816711426 769.838085174561 656.462207794189 740.645980834961 708.783735275269 808.041759490967 760.317831039429 725.409413337708 741.145153999329 1328.18303394318 629.363784790039 679.385360717773 692.290885925293 776.06672668457 592.397842407227 627.646102905273 788.22162437439 770.559509277344
718.279136657715 718.13697052002 880.37313079834 729.001516342163 623.075675964355 669.449306488037 736.5168800354 763.979499816895 723.190979003906 723.885513305664 733.7414894104 784.7734375 731.213165283203 655.069018363953 701.086271286011 667.50708770752 725.807662963867 621.919280052185 689.716464996338 659.277539253235 724.61792755127 660.94397354126 635.731597900391 636.920700073242 742.15209197998 664.424964904785 782.874900817871 564.779235839844 769.427963256836 812.543426513672 719.883735656738 833.393417358398 615.402206420898 650.5244140625 636.250635147095 676.151542663574 688.972160339355 940.766128540039 815.763313293457 736.433627128601 592.701919555664 789.823921203613 869.578051567078 1123.22549724579 888.82596206665 950.342662811279 768.047298431396 860.329152107239 1028.82611083984 697.028057098389
603.096306741238 747.881439208984 600.779879570007 530.20686340332 528.761253356934 785.905548095703 732.583006858826 723.592426300049 590.649078369141 600.781997680664 763.961479187012 833.625228881836 781.963302612305 637.043655395508 506.023315429688 587.990167617798 661.730014801025 499.040328979492 538.836158752441 612.654361724854 749.134590148926 646.092111110687 581.739921569824 623.025321960449 698.259603500366 683.547500729561 627.54211807251 660.457950592041 716.822673797607 683.680000305176 642.132883071899 657.784217834473 718.096792221069 751.097171783447 665.244331359863 615.505054473877 803.93225479126 738.784549713135 702.202617645264 707.588583946228 592.958450317383 970.639112472534 778.082878112793 1190.27353668213 977.36572265625 719.902114868164 729.312774658203 644.431930541992 927.436500549316 1163.89131164551
641.759121894836 654.637596130371 651.713874816895 547.789047241211 640.614840507507 577.529079437256 708.089107513428 782.876949310303 715.137243270874 732.744521141052 849.237159729004 825.463655471802 735.301597595215 670.352725982666 651.762759208679 659.46297454834 532.602737426758 571.567153930664 627.233682632446 675.077568054199 682.333589553833 881.337814331055 631.758239746094 586.260429382324 661.642667770386 839.987930297852 724.958595275879 694.432538032532 706.107825279236 709.113757491112 660.191346168518 760.818359375 759.269393920898 729.854782104492 745.548076629639 722.819049835205 620.61890411377 742.402418255806 823.433692932129 539.935424804688 843.435287475586 849.695907592773 871.286769866943 852.397834777832 672.787902832031 827.072814941406 749.63005065918 824.656513690948 867.002716064453 1197.13076019287
658.122604370117 510.639434814453 668.553716659546 771.23201751709 698.554044723511 684.873039245605 683.907279968262 972.456924438477 857.253952026367 835.406753540039 954.808135986328 739.825134038925 691.544853210449 698.119396209717 587.557991027832 564.064079284668 612.35774230957 600.866397857666 611.966037750244 665.176620960236 558.112342834473 735.909683227539 652.566524028778 650.882669448853 654.644559860229 729.596961975098 676.153347969055 790.630035400391 809.423240661621 781.430671691895 591.967895507812 791.581245422363 764.468086242676 693.921158790588 750.442409515381 663.57453918457 762.86224770546 790.580730438232 831.365005493164 690.840388298035 786.120392799377 728.175804138184 862.543725967407 654.130294799805 642.39030456543 602.936492919922 651.653396606445 771.967975616455 826.274940490723 813.997985839844
633.849216461182 492.348236083984 715.510787963867 714.414344787598 735.238065123558 778.771057128906 698.136039733887 634.008903503418 814.266380310059 700.056885719299 760.196319580078 645.842620849609 524.267120361328 615.91365814209 690.18905544281 616.932025909424 527.381202697754 671.494318008423 680.753993988037 671.276689529419 620.400508880615 567.601684570312 542.538360595703 698.275562286377 685.24437046051 688.990249633789 774.684043884277 827.122146606445 806.626876831055 648.187335968018 713.598007202148 617.479568481445 713.540542602539 856.968307495117 820.122863769531 694.100231170654 715.173276901245 753.54203414917 605.813510894775 610.0283203125 973.93639755249 712.554344177246 692.265151977539 1042.1492729187 798.837905883789 673.786651611328 781.069580078125 805.970710754395 942.294052124023 1121.50747680664
764.991195678711 696.50244140625 672.357532501221 612.006588459015 571.733924865723 644.252074480057 669.323020935059 753.023223876953 730.831920623779 722.88868522644 745.956680297852 717.193134307861 528.056854248047 553.319854736328 575.354286193848 627.698122024536 634.143497467041 659.994526863098 686.737968444824 720.372995376587 817.416511535645 564.181327819824 561.241767883301 582.465789794922 539.441390991211 660.656324386597 749.402297973633 621.606426239014 783.077892303467 727.396484375 687.640878677368 704.045989990234 606.031379699707 623.885711669922 810.581443786621 901.023223876953 624.793678283691 534.467956542969 603.597660064697 695.253681182861 752.669303894043 1298.15571594238 1170.41944122314 916.006423950195 852.356426239014 773.003454208374 899.051700592041 897.850486755371 1097.17240905762 831.988426208496
589.131477355957 709.11181640625 556.056770324707 693.853275299072 754.474639892578 734.49630355835 732.521175384521 721.272705078125 749.788215637207 732.348285675049 848.535621643066 930.425765991211 659.87598991394 663.538482666016 643.368358612061 815.750183105469 724.646465301514 689.920858383179 673.59480214119 760.903465270996 622.522811889648 572.960723876953 655.941997528076 501.871505737305 615.811462402344 615.055923461914 735.21724319458 673.327823638916 675.400880098343 750.977653503418 688.902306318283 673.111478805542 750.785713195801 596.623428344727 662.872480392456 742.211799621582 619.37956237793 552.351524353027 693.662288665771 773.68009185791 717.908622741699 811.478226661682 1169.27053070068 972.808155059814 988.044235229492 646.254669189453 966.737182617188 833.787855148315 764.650104522705 629.739807128906
739.895767211914 666.678897857666 674.584575653076 693.358699798584 739.220626831055 696.412269592285 738.539421081543 694.295021772385 683.040601730347 536.766860961914 751.636322021484 665.917068481445 613.492858886719 630.391096115112 707.083377838135 759.638305664062 715.213989257812 687.332339763641 737.585445404053 751.049900054932 757.088882446289 640.881015777588 585.556575775146 634.577201843262 661.442459106445 523.834976196289 657.979442596436 713.342502593994 622.874267578125 655.705074310303 741.275196075439 782.85359954834 507.680206298828 566.259773254395 652.341367721558 738.872619628906 533.155090332031 554.75895690918 657.967589139938 907.311149597168 734.462432861328 848.80841255188 813.745643615723 1048.41519165039 580.435012817383 732.028747558594 1295.61153411865 860.388442993164 957.477462768555 661.018768310547
703.418914794922 813.189544677734 772.718200683594 642.37243270874 668.434534072876 638.263495445251 650.405344963074 685.569877624512 710.51525592804 565.41227722168 582.654621124268 622.178970336914 488.215866088867 608.21538734436 725.892192840576 749.414268493652 635.584735870361 681.362728118896 644.351577758789 679.08517074585 776.711616516113 631.71270608902 770.962394714355 625.203102111816 656.321458816528 629.584266662598 714.560338973999 691.062805175781 754.931114196777 630.807801246643 671.989445008337 737.379470825195 707.629137992859 690.076763153076 728.318580627441 849.136688232422 588.2412109375 509.351196289062 630.949913024902 751.110004425049 608.15007019043 762.19458770752 717.164961576462 594.476745605469 690.442718505859 509.763214111328 978.061614990234 808.683380126953 835.02912902832 688.680145263672
606.120346069336 755.964309692383 749.131072998047 718.168960571289 702.220993041992 661.472473144531 713.033233642578 569.317687988281 560.565124511719 694.711608886719 764.89429473877 593.630168914795 532.356658935547 612.933399200439 639.594915390015 656.904220819473 628.897196769714 544.367347717285 603.309577941895 681.693946003914 736.411193847656 779.819282531738 789.425392150879 732.902374267578 670.956448554993 559.971618652344 639.906383514404 663.732639312744 668.097588539124 811.555549621582 791.004470825195 691.857665061951 720.554765701294 628.168533325195 596.377212524414 832.787773132324 639.093933105469 686.085269927979 608.422424316406 725.123954772949 704.002250671387 826.343635559082 515.536056518555 802.075157165527 856.917686462402 741.998134613037 648.762512207031 734.427188873291 957.272434234619 1188.51332855225
571.678577423096 662.024002075195 591.275588989258 720.237899780273 732.794399261475 707.007225036621 621.838958740234 499.695175170898 569.649192810059 587.216094970703 613.325672149658 641.344048976898 591.799224853516 643.786344528198 785.330261230469 639.265449523926 701.963279724121 592.184028625488 539.302810668945 674.111270904541 778.518989562988 654.046446323395 676.577003479004 594.206932067871 762.879150390625 665.134643554688 693.614586353302 572.126930236816 646.983253479004 671.690869897604 601.66480255127 590.367004394531 799.374046325684 702.613182067871 664.61873626709 706.222799301147 623.414535522461 630.35551071167 750.722663879395 664.905792236328 585.710189819336 930.943786621094 647.627349853516 683.560089111328 1067.81640625 670.454025268555 952.779266357422 827.356212615967 933.779898643494 723.458541870117
624.199287414551 633.607036590576 427.992210388184 619.63204574585 664.676403045654 817.104736328125 570.96626663208 514.884468078613 661.734066009521 643.959575653076 645.79460144043 627.439128875732 692.120681762695 1173.99975585938 975.639670372009 710.918006896973 803.229816436768 670.349511146545 788.707656860352 722.013681411743 792.989952087402 572.762657165527 642.713428497314 786.455375671387 443.665664672852 693.328001022339 678.023105621338 645.984691619873 666.163223266602 613.776809692383 551.507553100586 571.854614257812 610.225471496582 654.588386535645 666.257244110107 665.277406692505 722.161933898926 539.190368652344 773.911026000977 719.952163696289 723.191360473633 689.943115234375 708.655906677246 485.548110961914 650.320281982422 791.331146240234 791.860721588135 780.759914398193 869.004878997803 724.595825195312
632.979030609131 631.568697929382 671.055534362793 499.503662109375 593.281311035156 601.533588409424 602.61555480957 602.535270690918 569.895355224609 600.183391571045 702.096782684326 689.591835021973 730.046234130859 913.68042755127 712.251705169678 712.923065185547 507.888778686523 548.858688354492 675.810317993164 724.387884140015 789.489356994629 794.090629577637 635.122016906738 656.152423858643 649.329940795898 704.862143516541 583.79362487793 794.017929077148 829.189895629883 660.634021759033 730.504001617432 732.099503517151 615.304428100586 779.609527587891 588.60173034668 659.369522094727 805.54621887207 512.661811828613 600.55736541748 748.583618164062 1206.47808837891 600.001625061035 981.944549560547 651.342315673828 356.001861572266 654.580612182617 673.301239013672 734.461875915527 749.514505386353 1118.85233306885
730.422019958496 758.202270507812 704.732902526855 635.375602245331 634.784820556641 670.757555007935 599.371559143066 703.754550933838 819.213455200195 599.054985046387 611.761131286621 659.049392700195 776.040180206299 645.215354919434 525.122970581055 687.380695343018 733.348243713379 722.810787200928 695.580707550049 804.260787963867 785.972660064697 678.30859375 1350.6603679657 610.97998046875 621.791069030762 542.366683959961 791.991104125977 759.437019348145 707.781063079834 630.90648651123 734.758419632912 859.863174438477 769.928785324097 711.960348129272 590.926475524902 752.955835342407 637.234672546387 656.892555236816 585.909423828125 909.194625854492 574.7236328125 762.762802124023 613.576156616211 1415.61842346191 495.660675048828 1555.560546875 773.260513305664 837.373729705811 1040.58013153076 881.614004135132
1237.75619506836 875.567655563354 648.012634277344 613.711952209473 754.998508453369 623.896494865417 670.400909423828 669.476453781128 671.547833442688 664.307777404785 486.224517822266 942.619275093079 857.307977676392 888.464370727539 718.938989639282 1069.38890075684 992.295303344727 638.016288757324 801.445602416992 714.410911560059 711.115161895752 527.27303314209 615.262325286865 694.060371398926 769.516676545143 665.743968963623 694.323425292969 760.746131896973 615.689163208008 555.795349121094 684.292217254639 802.161064147949 816.049514770508 747.812813520432 719.077484607697 748.899761199951 741.878826141357 679.605432510376 572.787391662598 745.320053100586 574.120788574219 748.162182331085 668.292205810547 601.298950195312 837.70671081543 875.811965942383 682.432495117188 709.280029296875 743.380332946777 754.908336639404
