simdem/realisation26.asc
NCOLS 350 
NROWS 171 
XLLCORNER 152620 
YLLCORNER 418050 
CELLSIZE 100 
NODATA_value -9999 
[rows 110 to 131 of 171, columns 200 to 249 of 350]
-9999 -9999 -9999 988.170181274414 771.770469665527 635.245685577393 664.566625714302 739.533721923828 713.65873336792 1015.90618133545 719.654945373535 708.665870666504 588.146957397461 687.42468547821 606.913866043091 482.132461547852 755.714324951172 511.14973449707 635.973120689392 715.629318237305 607.886463165283 645.148653030396 662.427536010742 429.881744384766 482.672241210938 761.753814697266 677.094836711884 603.139526367188 561.716926574707 583.322547912598 697.012031555176 821.634796142578 699.895416259766 644.431295394897 559.276512145996 608.092933654785 690.615398406982 648.649806976318 778.46614074707 644.956031799316 743.365524291992 559.244270324707 614.183135986328 719.548606872559 1263.89398193359 867.259601593018 844.697784423828 1163.09362792969 695.558851242065 896.253921508789
-9999 -9999 -9999 -9999 812.276925086975 814.590858459473 756.575424194336 703.232131958008 766.787323951721 767.066108703613 733.926422119141 735.79972076416 802.704216003418 683.853944778442 641.424346923828 715.111930847168 613.885326385498 594.319915771484 626.386463403702 815.11279296875 727.307891845703 571.399681091309 1298.0072479248 524.016410827637 582.16820526123 630.043573379517 675.210763931274 714.12210226059 586.989051818848 581.06135559082 622.110427379608 849.777755737305 849.091613769531 736.360469818115 573.629249572754 666.947869300842 651.707908630371 779.461614608765 651.994812011719 627.138624191284 660.966156005859 644.102687835693 616.144462585449 977.890378952026 754.739734649658 863.053642272949 936.365821838379 707.159133911133 642.317207336426 840.270309448242
-9999 -9999 -9999 -9999 843.855741500854 600.049339294434 660.231332778931 885.459884643555 779.745080828667 659.09167098999 599.742080688477 700.851684570312 647.237251281738 788.859230041504 629.615669250488 652.972835540771 642.116584777832 675.104782104492 623.277749061584 618.294225692749 795.254837036133 631.751617431641 615.684168815613 478.068664550781 596.293947696686 597.669120788574 746.502616882324 702.483341217041 701.070863723755 586.985023498535 458.976028442383 741.712383270264 494.766876220703 608.449882507324 628.466468811035 625.25239944458 548.744857788086 630.923126220703 580.975784301758 674.798751831055 796.669729232788 688.382118225098 679.248687744141 966.53687620163 414.113418579102 871.420059204102 1062.36942666769 770.461990356445 683.269668579102 785.554649353027
-9999 -9999 -9999 -9999 -9999 782.082958221436 536.91569519043 669.619775772095 700.442726135254 692.307956695557 1115.40735626221 573.270950317383 720.957490921021 635.754276275635 688.585256576538 653.150136947632 553.729804992676 496.174606323242 595.294311523438 571.30721282959 561.969581604004 1023.48937606812 685.345478057861 573.087493896484 608.456322669983 782.229797363281 897.287292480469 942.010528564453 801.368209838867 661.426078796387 549.047794342041 594.804008483887 625.01611328125 707.476608276367 757.68613243103 626.741943359375 694.342205047607 601.029479980469 760.53101348877 739.288940429688 818.366947174072 746.62198638916 788.328668564558 899.024642944336 815.094698905945 844.570781707764 1043.22492218018 1215.75792694092 678.3076171875 812.671409606934
-9999 -9999 -9999 -9999 -9999 632.683517456055 648.219215393066 608.938556671143 632.352795600891 786.518569946289 1022.67427825928 752.963302597404 688.433692932129 603.684951782227 571.470794677734 623.583274841309 483.051040649414 496.000228881836 571.527038574219 422.102233886719 1161.59912109375 457.477355957031 526.603042602539 655.046758651733 627.212092876434 739.719985961914 688.585900306702 857.894256591797 794.983963012695 702.096546173096 674.485080718994 527.43635559082 609.276321411133 764.857467651367 739.133163452148 509.147979736328 668.165630340576 644.279197692871 729.83752155304 633.093765258789 813.926895141602 989.899841308594 748.413463592529 726.726215362549 770.39595413208 652.132652282715 835.983215332031 875.084028244019 524.846008300781 662.324546813965
-9999 -9999 -9999 -9999 -9999 865.310800552368 857.77490234375 730.521560668945 666.172775268555 714.43537902832 706.314086914062 606.644714355469 679.813663482666 678.043696269393 716.618083953857 629.702964782715 677.738182067871 504.657775878906 497.218521118164 1004.04237365723 602.732219696045 806.748596191406 738.170738220215 691.706665039062 780.101097106934 725.405389785767 761.712471008301 718.723664283752 779.290245056152 799.878211975098 717.531386375427 597.335060119629 836.337295532227 702.817561626434 802.308151245117 603.473831176758 544.674674987793 574.499114990234 663.033010482788 707.021450042725 660.991233825684 944.905609130859 790.820693969727 900.309608459473 653.833618164062 689.159523010254 745.125029563904 762.50839805603 629.677169799805 727.007690429688
-9999 -9999 -9999 -9999 -9999 -9999 1004.27880859375 916.656574249268 834.056900024414 616.602153778076 635.326629638672 843.382682323456 623.086360931396 741.434673309326 605.727508544922 588.714935302734 622.336181640625 514.764938354492 582.48030090332 522.72875213623 607.785556793213 684.24462890625 697.377067565918 685.400582313538 691.800796508789 631.212463378906 715.286923646927 881.918243408203 705.158041000366 794.655197143555 802.369514465332 743.578990936279 678.835107803345 618.010078430176 655.072792053223 591.625473022461 662.665952682495 702.047094345093 789.954772949219 791.948619842529 710.600475311279 779.366965770721 738.535575866699 630.888092041016 918.814277648926 859.10481262207 1028.9287147522 859.740097045898 840.569650650024 736.551452636719
-9999 -9999 -9999 -9999 -9999 -9999 981.832977294922 1342.15468215942 1301.46040344238 677.329584121704 594.26050567627 657.987785339355 983.687446594238 671.766693115234 610.14476776123 707.588031768799 672.079784393311 534.84880065918 1042.3579864502 542.780364990234 587.705848693848 716.461952209473 713.779071807861 691.713140010834 684.715076446533 760.100429534912 638.390327453613 808.605911254883 891.686859130859 690.684787750244 834.392101287842 800.987476348877 689.835247039795 960.17315864563 989.901016235352 885.754814147949 993.466555356979 816.811080932617 597.932479858398 710.924495697021 664.384426116943 708.188344955444 611.827781677246 695.490585327148 614.656532287598 778.54640007019 752.382944107056 834.242538452148 1054.24401855469 559.993270874023
-9999 -9999 -9999 -9999 -9999 -9999 -9999 801.955139160156 756.280174255371 733.714576721191 721.873264312744 762.057032108307 800.69372177124 764.308715820312 879.185208320618 650.255565643311 635.403167724609 1301.16540527344 667.686698913574 665.975608825684 701.472242355347 832.75993347168 639.537658691406 705.839168548584 754.138590097427 803.147567749023 687.411689758301 1305.14877319336 1012.17433166504 767.491955280304 671.719297409058 810.203952789307 619.987349510193 898.875295639038 890.343231201172 846.858642578125 997.271373748779 1019.73468780518 1150.06369638443 621.249954223633 687.469601631165 636.679901123047 788.998886108398 563.894500732422 720.313003540039 705.366720199585 745.4430809021 619.959716796875 682.506011962891 756.227807998657
-9999 -9999 -9999 -9999 -9999 -9999 -9999 -9999 719.955261230469 861.230934858322 745.862064361572 576.917289733887 733.228262662888 731.263648986816 634.576309204102 595.992385864258 1364.92993164062 639.36937713623 686.732841491699 660.865936279297 789.355499267578 869.998779296875 935.714157104492 820.221519470215 697.367191314697 726.670511245728 808.367485046387 645.687013626099 855.511092185974 814.897918701172 559.847561836243 659.612900495529 583.237693786621 766.775581359863 799.510486602783 770.297790527344 1010.270362854 888.327049255371 998.404992103577 927.63271522522 712.812590956688 700.081531524658 731.01900100708 508.511520385742 569.453651428223 714.946620941162 617.410758972168 684.185401916504 805.601448059082 620.402050018311
-9999 -9999 -9999 -9999 -9999 -9999 -9999 -9999 -9999 1288.12833595276 1170.36134338379 1133.03760528564 462.048583984375 626.770004272461 729.224498748779 719.486747741699 832.711639404297 722.560363769531 628.478675842285 716.595336914062 898.387908935547 849.570457458496 850.63508605957 781.606002807617 803.06982421875 849.64764213562 579.893383026123 557.117443084717 819.454921722412 777.702865600586 788.769088745117 723.164962768555 617.218139648438 486.955593109131 846.638307571411 583.551147460938 747.518440246582 777.737442016602 925.14192199707 815.047866821289 1256.7848739624 841.003440856934 704.000946044922 687.930442810059 550.835472106934 515.78540802002 675.193378448486 654.432037353516 497.914321899414 483.124130249023
-9999 -9999 -9999 -9999 -9999 -9999 -9999 -9999 -9999 -9999 846.80500793457 576.485260009766 386.00080871582 740.625289916992 685.3078956604 755.862205505371 796.100137710571 702.839042663574 771.116031646729 740.217571735382 809.670490264893 934.137496948242 938.699279785156 854.929389953613 1049.05295944214 842.299186706543 447.405029296875 719.217216491699 790.628520965576 826.581001281738 820.243064880371 704.507740020752 600.722484588623 555.006977558136 781.808662414551 697.4365234375 652.035018920898 843.523448944092 786.909164428711 941.345317840576 978.335830688477 778.236457824707 698.020057678223 774.416320800781 506.478675842285 517.902694702148 657.711933135986 717.44605255127 614.632960319519 602.539863586426
-9999 -9999 -9999 -9999 -9999 -9999 -9999 -9999 -9999 -9999 -9999 1079.34268951416 985.32007598877 868.526672363281 464.692481994629 655.91109085083 854.814346313477 772.996043205261 869.881240844727 776.817158699036 837.764957427979 822.579166412354 939.906723022461 746.862701416016 832.890228271484 672.799491882324 885.875980377197 945.703790664673 796.205810546875 697.594326019287 896.886585235596 908.45783996582 742.650887489319 758.659395217896 584.380325317383 656.018371582031 759.240364074707 814.940238952637 841.608449935913 902.679874420166 941.431403398514 664.926292419434 761.388824462891 513.183715820312 633.114940643311 633.442966461182 679.225885391235 891.272277832031 765.547164916992 641.653305053711
-9999 -9999 -9999 -9999 -9999 -9999 -9999 -9999 -9999 -9999 -9999 -9999 813.453552246094 1011.57504272461 703.578866958618 544.419673919678 620.098499298096 595.509788513184 732.168090820312 708.86049413681 721.807186126709 776.605346679688 743.305107116699 620.383728027344 716.845674514771 811.925733566284 861.581060409546 746.689849853516 675.982810974121 693.904388427734 858.498641967773 865.520351409912 618.619583129883 743.905615329742 613.270599365234 519.850021362305 732.854438781738 861.956727981567 921.544776916504 832.28830909729 864.403570175171 905.327905654907 846.465390205383 444.29557800293 624.786750793457 761.120265960693 641.035308837891 748.091976165771 763.182186126709 646.327819824219
-9999 -9999 -9999 -9999 -9999 -9999 -9999 -9999 -9999 -9999 -9999 -9999 -9999 -9999 700.093608856201 742.367812156677 646.676247984171 905.73657989502 583.594223022461 552.58695602417 630.813503265381 610.947067260742 454.034255981445 643.855690002441 862.342613220215 703.073337554932 691.458343505859 806.698581695557 973.64412689209 932.604099273682 860.167109489441 691.643325805664 629.482299804688 697.756790161133 735.082233428955 679.887115478516 729.284805297852 840.084167480469 801.674701690674 1124.2589225769 1187.59334564209 1169.26795017719 643.239948749542 557.128684997559 549.316833496094 678.538542687893 583.021453857422 629.135063171387 638.210563659668 781.744937896729
-9999 -9999 -9999 -9999 -9999 -9999 -9999 -9999 -9999 -9999 -9999 -9999 -9999 -9999 -9999 -9999 -9999 948.882919311523 640.933204650879 502.867385864258 944.192276000977 853.825035095215 760.129100799561 836.952487945557 873.036361694336 843.284111022949 782.493698120117 749.633285522461 783.672060251236 698.959495544434 763.843379974365 580.534393310547 773.059509277344 729.706726074219 825.963363647461 501.114883422852 629.958168029785 770.205764770508 879.45064163208 626.596775054932 614.695610046387 1000.20726776123 554.916046142578 851.775314331055 697.000447273254 801.107299804688 820.672660827637 660.619218826294 582.508285522461 560.426467895508
-9999 -9999 -9999 -9999 -9999 -9999 -9999 -9999 -9999 -9999 -9999 -9999 -9999 -9999 -9999 -9999 -9999 -9999 -9999 -9999 890.277305603027 836.349540710449 771.418594360352 902.793875694275 816.868110656738 907.651832580566 778.154545307159 828.855039596558 737.423400878906 642.434173583984 704.987823486328 741.49978351593 743.857378721237 738.393095016479 922.258239746094 605.083799362183 612.256507873535 664.676010131836 794.962867736816 707.987205505371 640.171951293945 671.102912902832 626.380981445312 772.580732345581 721.877252854407 663.362457275391 698.113246917725 786.084632873535 681.004024982452 867.790771484375
-9999 -9999 -9999 -9999 -9999 -9999 -9999 -9999 -9999 -9999 -9999 -9999 -9999 -9999 -9999 -9999 -9999 -9999 -9999 -9999 -9999 -9999 -9999 -9999 -9999 903.931884765625 844.95581817627 1038.00825500488 847.875537872314 830.671722412109 840.361457824707 883.566780090332 762.317266464233 734.896778106689 708.311737060547 849.770742416382 865.037612915039 647.769500732422 742.543901443481 749.762330532074 608.607765197754 995.745497703552 480.926818847656 528.161849975586 737.530336380005 537.722183227539 726.085388183594 806.486511230469 826.066307067871 780.720432281494
-9999 -9999 -9999 -9999 -9999 -9999 -9999 -9999 -9999 -9999 -9999 -9999 -9999 -9999 -9999 -9999 -9999 -9999 -9999 -9999 -9999 -9999 -9999 -9999 -9999 -9999 -9999 -9999 -9999 951.108291625977 1027.01542663574 965.629341125488 823.747505187988 866.538505554199 786.334159851074 658.213394165039 814.842664718628 968.722267150879 719.415664672852 694.793556213379 642.700407028198 710.146822929382 725.967180728912 646.178779602051 787.424118041992 653.774955749512 827.266708374023 822.376289367676 704.466662406921 650.343101501465
-9999 -9999 -9999 -9999 -9999 -9999 -9999 -9999 -9999 -9999 -9999 -9999 -9999 -9999 -9999 -9999 -9999 -9999 -9999 -9999 -9999 -9999 -9999 -9999 -9999 -9999 -9999 -9999 -9999 -9999 -9999 1181.93423080444 953.327033996582 983.166221618652 784.975828170776 917.295181274414 880.753519058228 708.809803009033 743.111442565918 686.972259521484 843.952427864075 734.215744018555 696.193405151367 729.502133369446 661.956340789795 708.270671844482 678.407027244568 651.835296630859 750.881080627441 729.634007453918
-9999 -9999 -9999 -9999 -9999 -9999 -9999 -9999 -9999 -9999 -9999 -9999 -9999 -9999 -9999 -9999 -9999 -9999 -9999 -9999 -9999 -9999 -9999 -9999 -9999 -9999 -9999 -9999 -9999 -9999 -9999 -9999 874.527236938477 969.171401977539 1009.66220092773 960.874267578125 841.280349731445 821.936988830566 676.695625305176 570.636646270752 744.831251144409 677.712352752686 701.000957965851 780.473983764648 800.156318664551 725.075698852539 664.941946029663 644.870052337646 724.551578521729 822.269149780273
-9999 -9999 -9999 -9999 -9999 -9999 -9999 -9999 -9999 -9999 -9999 -9999 -9999 -9999 -9999 -9999 -9999 -9999 -9999 -9999 -9999 -9999 -9999 -9999 -9999 -9999 -9999 -9999 -9999 -9999 -9999 -9999 -9999 951.679214477539 980.214149475098 911.769645690918 858.386672973633 845.140838623047 777.963104248047 639.035163879395 841.219940185547 685.196727752686 711.739252090454 827.325653076172 961.96875 881.326324462891 682.870476722717 626.604560852051 725.976898193359 739.478748321533
