simdem/realisation65.asc
NCOLS 350 
NROWS 171 
XLLCORNER 152620 
YLLCORNER 418050 
CELLSIZE 100 
NODATA_value -9999 
[rows 132 to 153 of 171, columns 250 to 299 of 350]
832.042694091797 602.755737304688 670.987831115723 846.29613494873 800.869632720947 787.541000366211 646.665897369385 458.446838378906 546.960243225098 676.994720458984 602.592559814453 565.141616821289 734.907194137573 727.280582427979 695.742668151855 635.604354858398 623.105712890625 739.185522079468 794.431118011475 734.9545545578 641.712905883789 532.865142822266 734.7014503479 725.722652435303 640.465839385986 783.513534545898 667.356412410736 643.352783203125 603.469717264175 535.358520507812 727.434410095215 533.27466583252 633.792549133301 584.360862731934 577.398319244385 558.540428161621 703.808284759521 690.617904663086 615.64005279541 839.069911956787 965.328638076782 1157.6515083313 934.967782020569 1102.60831260681 976.838108062744 925.225310325623 824.272888183594 621.733825683594 820.123374938965 876.930786132812
777.120183467865 756.84729385376 793.432821273804 887.234741210938 835.091690063477 721.012420654297 669.433387756348 613.480743408203 605.110214233398 735.5852394104 620.678409576416 669.196502685547 640.629890441895 698.362083435059 707.589641571045 725.606090545654 610.063430786133 860.537944793701 1127.7674407959 875.802444458008 575.956039428711 477.37712097168 625.823272705078 581.187622070312 676.568798065186 696.873956680298 448.724624633789 637.212844848633 629.070182800293 527.180297851562 558.120826721191 484.142761230469 436.729843139648 590.160675048828 624.733556747437 526.252975463867 628.155912399292 597.754863739014 716.009117126465 706.375068664551 606.290855407715 743.492393493652 971.7353515625 1092.50368881226 1083.9458770752 1162.93087768555 1228.77746582031 765.443264007568 809.97233581543 780.634475708008
844.959796905518 903.472808837891 787.452271938324 751.634819030762 664.813243865967 557.740840911865 749.68611907959 806.701583862305 720.250152587891 702.587265014648 751.794719696045 709.871520996094 789.656814575195 822.285995483398 881.698806762695 777.899250030518 792.350425720215 723.408000946045 982.10856628418 756.185392379761 676.983379364014 560.600555419922 677.37988114357 731.592397689819 778.092597961426 772.203414916992 699.452575683594 554.288871765137 728.525756835938 637.20795249939 647.194145679474 591.382102966309 699.425399780273 686.127906799316 652.115280151367 557.189582824707 656.431307792664 641.217967987061 618.587944030762 760.027423858643 812.585647583008 563.256454467773 656.478506088257 771.529632568359 908.028147697449 1002.39334869385 896.053422283381 791.087905883789 782.653274536133 860.599447250366
795.235174179077 843.41854095459 705.862041473389 471.134246826172 552.366844177246 612.970470428467 775.318873405457 805.387553215027 696.231262207031 766.233207702637 942.50520324707 975.546798706055 861.526214599609 736.763995885849 728.199499607086 755.597851783037 812.727504730225 683.062728881836 782.811017513275 869.17618560791 509.046112060547 612.799545288086 671.093070983887 642.625282287598 781.094856262207 683.276233673096 618.786560058594 641.127177715302 567.007164001465 524.063903808594 701.574340820312 773.613258361816 748.05850982666 661.223827362061 647.850118637085 608.472270965576 598.387691497803 786.390350341797 646.339302062988 735.268600463867 628.34610748291 769.908172607422 775.958648681641 731.139877319336 778.164535522461 1040.51948547363 874.657794713974 746.33341217041 716.722717285156 945.851356506348
681.122756958008 660.991600036621 641.690414428711 455.842849731445 605.749221801758 688.560447692871 753.614555358887 698.771270751953 821.404584884644 625.820556640625 935.549652099609 881.065139770508 758.298568725586 753.957926750183 836.374458312988 723.506155014038 726.61287689209 745.688987731934 745.468921661377 936.087554931641 748.802589416504 651.179954528809 632.302711486816 755.171348571777 677.924518585205 584.704895019531 605.486072540283 613.98698425293 706.3049659729 661.147373199463 763.847297668457 653.37021446228 628.208345413208 588.037803649902 746.996555328369 732.197227478027 759.110569000244 605.47721862793 704.257838249207 793.543983459473 754.492343902588 784.896995544434 864.555969238281 592.476558685303 613.645462036133 846.914287567139 828.497153282166 879.220537185669 718.672821044922 948.017338752747
627.984848022461 607.732582092285 719.383852005005 678.023635864258 719.400672912598 728.78832244873 710.018608093262 722.266651153564 693.548835754395 709.96374130249 697.034038543701 715.668569564819 734.393928527832 594.202575683594 760.657752990723 684.279205322266 774.922973632812 810.341932296753 724.972183227539 782.978088378906 684.024338722229 661.336437225342 760.45178604126 570.764282226562 703.094291687012 608.525119781494 575.612426757812 624.281587839127 812.636322021484 719.320838928223 704.577631950378 613.378143310547 663.498245239258 598.058212280273 693.106300354004 694.507266283035 697.941312789917 603.502723693848 581.739761352539 542.913635253906 562.610275268555 721.773288726807 851.303779602051 807.36946105957 619.441566467285 584.404365539551 818.707277297974 963.410064697266 857.998630523682 706.827537536621
637.559219360352 706.645700454712 781.914203643799 729.62682723999 625.521759033203 742.026256561279 902.78800201416 745.637163162231 789.19510269165 733.711181640625 783.544591903687 655.887794494629 771.600263834 828.273338317871 779.985952377319 817.240211486816 736.024045944214 814.777488708496 786.903633117676 668.643898010254 848.837127685547 635.356338500977 637.679397583008 509.367828369141 591.641296386719 663.88463049382 651.460898399353 626.829177856445 687.932590484619 692.112979888916 630.515773773193 604.188850402832 733.225234985352 683.165568351746 799.739074707031 836.794143676758 801.784027099609 729.230060577393 685.140254974365 587.328239440918 543.06575012207 697.814685821533 766.044830322266 624.095504760742 770.816780090332 730.024837493896 733.815635681152 873.981018066406 785.506237030029 523.512649536133
749.229746818542 798.24275970459 835.698642730713 735.27282333374 675.116729736328 744.402641296387 875.404541015625 791.648752212524 684.571823120117 738.029308319092 784.917274475098 692.445159912109 775.925972819328 844.22038269043 866.712765693665 730.615642547607 746.468292236328 881.009887099266 719.525163650513 717.625230789185 659.454833984375 633.576488494873 815.347843170166 808.251670837402 795.810031890869 771.471076965332 648.189353942871 519.069061279297 713.879980318248 720.232213973999 640.506658554077 714.120334625244 630.868366241455 667.763676166534 652.608711242676 730.272289276123 886.077529907227 896.058074951172 739.931777954102 665.992359161377 554.070114135742 635.392379760742 811.486358642578 620.394409179688 874.850723266602 632.357650756836 709.432876586914 779.3444480896 848.205993652344 773.508960723877
857.13126373291 770.814426422119 746.448379516602 658.614303588867 677.817794799805 758.129940032959 762.607357025146 650.717636108398 763.075313568115 896.588890075684 704.524711608887 762.703619003296 740.141139984131 834.274322509766 727.229919433594 885.542793273926 934.475166320801 850.82154083252 609.478790283203 533.094100952148 684.236740112305 727.096019744873 880.570472717285 773.879880905151 866.014617919922 927.222961425781 782.640096664429 661.256057739258 672.455680370331 731.656221866608 655.818950653076 645.710308074951 889.371124267578 798.697021484375 748.916404724121 715.073745727539 798.720100402832 848.895538330078 945.722137451172 797.166465759277 733.514675140381 837.099899291992 777.01148223877 787.18936920166 661.190509796143 621.162567138672 695.579539775848 742.363700866699 636.418579101562 676.433094024658
913.514389038086 790.394849777222 710.798225402832 781.290683746338 729.887145996094 780.651327133179 852.71142578125 712.615875244141 783.124380111694 826.712060928345 833.971569061279 804.379631519318 793.564139544964 862.441436767578 889.609817504883 937.811485290527 820.303901672363 845.875991821289 710.106056213379 694.596515655518 623.371932983398 626.351188659668 725.048900604248 874.181762695312 856.360786437988 875.650756835938 825.925401687622 825.419357299805 881.657897949219 714.856273651123 673.8498878479 704.896180391312 535.449447631836 711.139190673828 636.252433776855 653.353916168213 836.686752319336 840.997421264648 898.55290222168 836.354446411133 785.007263183594 755.915119171143 684.118545532227 843.458877563477 720.469229698181 759.620090484619 716.263809204102 704.247894287109 592.213905334473 714.627353668213
958.064041137695 732.259185791016 1086.13706970215 776.961624145508 779.751625061035 807.556509017944 897.949005126953 619.627479553223 658.701248168945 783.868227005005 837.564412117004 734.872032165527 731.369804382324 845.679817199707 907.318367004395 965.939605712891 852.246482849121 937.087577819824 834.884590148926 685.760528564453 675.383535385132 635.644969940186 604.654655456543 797.230953216553 755.36457824707 825.941688537598 717.779457092285 823.720018386841 850.124885559082 750.890734672546 861.55477142334 647.354160308838 538.817749023438 663.919456481934 689.467559814453 533.178268432617 692.121873855591 896.324691772461 908.349456787109 839.359329223633 773.393684387207 708.207927703857 812.240364074707 825.032623291016 823.747497558594 785.991889953613 798.892387390137 899.418395996094 656.884490966797 621.975555419922
523.157089233398 622.920402526855 1074.59986257553 739.230316162109 636.104354858398 769.531326293945 861.171585083008 980.050086021423 757.723279953003 770.168899536133 887.902877807617 724.120223999023 769.389636993408 847.97509086132 857.475738525391 700.01244354248 886.999206542969 802.055145263672 921.014423370361 732.242107391357 694.014823913574 719.415904998779 600.671806335449 674.410102844238 725.075263977051 714.446748733521 874.134101867676 791.961321353912 837.618648529053 770.449597895145 764.82732963562 660.641952514648 724.61566734314 662.772462844849 667.133668899536 684.923173904419 731.993058204651 862.564682006836 817.060104370117 813.843673706055 716.106601715088 767.923835754395 739.118808746338 636.689331054688 830.958549499512 910.743179321289 785.620910644531 732.299870967865 663.582847595215 640.676746368408
533.667526245117 640.29076385498 832.256401062012 772.710561752319 743.396039962769 742.031387329102 731.810894012451 732.034652709961 650.624341964722 725.726753234863 932.279632568359 659.076553344727 661.822631835938 883.101341247559 859.383235454559 720.960639953613 736.185935974121 744.105537414551 691.488525390625 807.414964675903 771.560611724854 770.010754611343 837.527770996094 835.420417785645 875.303955078125 604.360702514648 658.878986358643 730.837810516357 864.32347869873 764.037437438965 752.600330352783 735.186340332031 826.60791015625 776.586494445801 767.673347473145 694.871501922607 805.335494995117 768.680419921875 887.426254272461 848.50715637207 701.43367767334 565.526733398438 648.335433959961 652.625503540039 841.961608886719 752.638425827026 798.411552429199 667.686950683594 696.316764831543 744.437734723091
-9999 -9999 -9999 867.203169345856 904.652332305908 925.492015838623 689.39924621582 573.526321411133 712.276051521301 684.218211174011 953.108085632324 759.203793525696 696.38525390625 1060.80643463135 985.020874023438 935.89200592041 749.379943847656 819.458595275879 865.806762218475 908.142395019531 818.718844413757 917.309684753418 881.893260955811 816.634311676025 876.951251983643 705.534575343132 615.489906311035 670.352146148682 707.666160583496 702.794387817383 673.177337646484 640.267791748047 761.109066963196 663.786750793457 743.493812561035 682.690742492676 802.783206939697 785.318954467773 919.32829284668 635.990264892578 622.720977783203 770.889940261841 770.128303527832 597.199111938477 618.164093017578 791.158874511719 829.497192382812 700.611103057861 749.218451499939 764.991160988808
-9999 -9999 -9999 -9999 -9999 -9999 901.042207717896 791.241561889648 761.171425819397 862.054832458496 807.704788208008 750.386177062988 828.770111083984 884.252956390381 913.272247314453 807.211883544922 810.276599884033 942.212295532227 810.458934783936 1030.05583190918 775.749908447266 880.290641784668 806.635242462158 843.023357391357 804.530033111572 601.694595336914 803.990587234497 720.438239097595 766.283638000488 734.235836029053 791.463920593262 830.6357421875 710.712944030762 883.87963104248 777.976844787598 749.754186630249 890.776977539062 897.944946289062 805.576736450195 680.247436523438 684.548309326172 797.164264678955 649.659111022949 666.654983520508 648.309913635254 797.286422729492 734.960010528564 686.055408477783 815.5403175354 683.911918640137
-9999 -9999 -9999 -9999 -9999 -9999 -9999 -9999 -9999 921.969139099121 730.100952148438 734.405830383301 895.438694000244 887.021595001221 726.13000869751 623.514724731445 1136.68590545654 886.6086845994 999.575359344482 974.359619140625 934.896120071411 784.956756591797 769.296684265137 754.821876525879 831.475505828857 732.642127990723 742.19354057312 735.618173599243 801.55154800415 898.700805664062 903.974796295166 862.571746826172 802.620674133301 728.42765045166 729.890281677246 814.214973449707 732.414343833923 665.075817108154 698.037419319153 575.354354858398 660.162071228027 781.156311035156 667.953197479248 820.744789123535 690.336128234863 798.408340454102 746.032341957092 703.561460494995 724.169170379639 821.638690948486
-9999 -9999 -9999 -9999 -9999 -9999 -9999 -9999 -9999 -9999 -9999 863.175270557404 861.398811340332 854.104942321777 558.684967041016 535.158020019531 827.149831771851 1313.53528690338 870.520099639893 664.380187988281 1026.4257825613 1096.50151062012 966.121955871582 854.329475402832 822.434204101562 720.632692337036 731.180753946304 761.519710540771 645.895919799805 888.136184692383 842.526861190796 811.14054107666 685.443809509277 755.416599273682 742.98819732666 725.441449642181 704.273313999176 521.646881103516 623.642578125 698.290109157562 664.734031677246 744.752563476562 634.611045837402 629.255989074707 765.487125396729 689.826745986938 839.045791625977 894.183456420898 747.474889278412 720.024285316467
-9999 -9999 -9999 -9999 -9999 -9999 -9999 -9999 -9999 -9999 -9999 -9999 801.608993530273 702.46768951416 468.93701171875 518.697113037109 695.84041595459 1490.18906402588 1285.15383911133 1190.29403209686 1204.31412887573 1153.95998287201 997.315307617188 1032.47212219238 879.087139129639 738.930902481079 711.13981628418 644.852279663086 640.406066894531 869.386384963989 786.612809181213 729.224182128906 852.689184188843 713.742069244385 677.040935516357 572.348541259766 667.107795715332 627.109756469727 623.667015075684 660.175338745117 684.988319396973 728.892650604248 547.205673217773 800.760555267334 671.182388305664 831.619194030762 795.690700531006 743.315702915192 806.977489471436 791.089464187622
-9999 -9999 -9999 -9999 -9999 -9999 -9999 -9999 -9999 -9999 -9999 -9999 883.57130241394 644.66667175293 776.322640419006 591.607421875 621.617965698242 813.942454338074 791.415588378906 727.684356689453 917.903541564941 862.085855558515 799.230903625488 757.231384277344 715.148658752441 765.408309936523 1089.36026000977 555.894592285156 833.179039001465 944.534217834473 833.769683837891 762.124221801758 858.461612701416 709.584980010986 743.60763168335 786.301727294922 782.443119049072 770.085218429565 604.017036437988 632.017936706543 675.959289550781 750.471070289612 857.512279510498 748.189002990723 685.61449432373 715.723754882812 807.345878601074 818.779476165771 822.652732849121 691.936683654785
-9999 -9999 -9999 -9999 -9999 -9999 -9999 -9999 -9999 -9999 -9999 -9999 -9999 747.872543334961 703.861305236816 813.161281585693 706.73687505722 728.327592849731 781.745552062988 934.321670532227 868.797632217407 948.016510009766 852.095916748047 791.709072113037 802.903108596802 739.382732391357 573.086791992188 668.195739746094 606.697418212891 856.305841445923 1119.76593780518 750.484694480896 776.326225280762 844.323287963867 738.289397716522 824.814152956009 736.571182250977 792.308742523193 789.372798919678 754.093887329102 846.235157012939 790.408603668213 757.92379283905 809.26008605957 736.903396606445 809.397636413574 823.545091629028 809.159344673157 918.458740234375 968.181793212891
-9999 -9999 -9999 -9999 -9999 -9999 -9999 -9999 -9999 -9999 -9999 -9999 -9999 -9999 822.062480926514 681.282005310059 760.936157226562 763.645565032959 893.520069122314 932.579029083252 796.729286193848 860.024389266968 991.893432617188 726.268539428711 718.079605102539 770.23957824707 754.660185813904 835.692525863647 860.190074920654 729.902252197266 750.546333312988 758.228296279907 773.231970787048 769.300978660583 868.737487792969 781.150394439697 947.526567459106 744.750556945801 908.809730529785 788.71302986145 771.692253112793 880.859523773193 959.983596801758 850.355138778687 802.575397491455 843.715848922729 880.870086669922 809.104012489319 918.602836608887 895.66845703125
-9999 -9999 -9999 -9999 -9999 -9999 -9999 -9999 -9999 -9999 -9999 -9999 -9999 -9999 864.881039142609 719.267337799072 752.559255599976 880.908805847168 766.455814361572 765.807205200195 701.445495605469 770.123489379883 870.868542194366 863.986738204956 836.287527084351 892.965648651123 897.29386138916 938.997383117676 844.606573104858 738.209884643555 857.337135314941 757.078260421753 1087.75622940063 739.304008483887 714.957042694092 742.965869903564 743.492584228516 777.248986244202 590.448471069336 833.011280536652 797.426950454712 790.59135055542 806.752966880798 931.600196838379 840.158663272858 1057.4231262207 971.373649597168 870.437164306641 883.261253356934 877.35733795166
