simdem/realisation36.asc
NCOLS 350 
NROWS 171 
XLLCORNER 152620 
YLLCORNER 418050 
CELLSIZE 100 
NODATA_value -9999 
[rows 132 to 153 of 171, columns 250 to 299 of 350]
945.100463867188 712.624519348145 746.816795349121 714.935234069824 829.468313217163 808.735916137695 657.984775543213 679.832878112793 733.52294921875 848.118644714355 725.299560546875 603.824165344238 642.652961730957 714.996852874756 675.746940612793 723.101375579834 653.464836120605 663.944076538086 608.79118347168 580.514984130859 590.237609863281 847.168060302734 654.321731567383 645.508949279785 761.902801513672 710.480606079102 715.932346343994 701.662014007568 567.120513916016 645.661396026611 776.526245117188 613.872509002686 619.69974899292 642.005990982056 629.163259744644 764.691932678223 781.634414672852 762.101108551025 767.569385528564 832.525388717651 945.987758636475 1011.52676391602 914.3962059021 1002.6028137207 1015.52292442322 978.386962890625 892.94047164917 767.458633422852 939.489677429199 1003.08775520325
795.732582092285 788.154394626617 794.421913146973 775.414413452148 706.701602935791 628.850994110107 597.711711883545 776.183883666992 842.893669128418 841.998626708984 553.438049316406 634.250076293945 665.885269165039 577.635848999023 674.453369140625 671.235191345215 756.654529571533 969.777473449707 815.841781616211 636.860000610352 684.526042938232 818.880935668945 765.718963623047 710.731935501099 751.097175598145 804.990310668945 702.719566345215 646.967321395874 751.488876342773 743.539558410645 687.391201019287 567.60977935791 487.184753417969 558.324760437012 823.168655395508 748.177024841309 651.596387863159 586.600540161133 713.265167236328 570.806251525879 516.883224487305 776.260185241699 1104.93360900879 1068.55156707764 997.608139038086 960.792536735535 1010.11705780029 834.193565368652 1061.71827697754 921.019923210144
727.255477905273 884.788032531738 838.504505157471 670.440660476685 496.067985534668 584.097699522972 716.86536026001 725.78013420105 657.215858459473 771.543511390686 724.918586730957 791.59440612793 755.8619556427 681.304023742676 785.735664367676 703.508880615234 636.192420959473 819.865909576416 963.513662338257 976.385391235352 781.454433441162 757.200012207031 758.994041442871 722.689203262329 670.851072311401 730.857788085938 694.275814056396 711.302173614502 798.239730834961 685.705562591553 714.798309326172 758.474884033203 706.549789428711 689.569351196289 685.528799057007 731.05298614502 636.711757659912 688.376412391663 687.811838150024 493.479736328125 501.618072509766 518.206161499023 701.297576904297 799.107488632202 893.083134651184 821.481079101562 746.841522216797 724.927833557129 940.347057342529 857.385631561279
774.13223361969 749.232869565487 799.384880065918 456.263824462891 567.49857711792 651.955428600311 695.879096984863 721.606689453125 785.866260528564 756.822185516357 660.470077514648 991.434722900391 849.722663879395 708.378713607788 601.763961791992 729.83095741272 635.524688720703 698.353446960449 761.111637115479 804.81488609314 829.049434661865 828.381874084473 809.283828735352 762.353382110596 588.155784606934 691.606300354004 624.121114730835 685.399425506592 601.086326599121 715.793838500977 659.631372213364 744.548362731934 705.49089050293 729.280372619629 613.170379638672 498.912246704102 446.39030456543 475.86262512207 577.835456848145 571.471481323242 599.908798217773 646.67932510376 627.421051025391 677.541015267372 751.793437957764 832.86742401123 953.890937805176 861.728433609009 896.601645946503 1019.00843811035
868.622848510742 686.10545539856 630.459762573242 558.735466003418 401.863861083984 733.066841125488 717.644081115723 590.015441894531 685.028343200684 831.826797485352 788.990001916885 871 776.411094665527 708.332790374756 759.024150848389 744.150456666946 827.031660079956 701.531967163086 721.06420135498 772.093576431274 834.825513839722 656.998962402344 778.128936767578 713.09934425354 603.728519439697 655.916009321809 696.198894500732 628.299432754517 668.861920833588 625.680448293686 664.414141625166 635.290843963623 775.388259887695 736.352066040039 615.636909484863 538.014038085938 633.412811279297 773.480499267578 799.409736633301 746.172603607178 611.416389465332 635.952613830566 728.410985946655 813.464859008789 788.147079467773 773.775577545166 792.645698547363 860.244617462158 851.960878372192 982.523250579834
724.563591957092 620.256401062012 656.495513916016 605.385406494141 561.192932128906 645.572479248047 821.286354064941 621.515151977539 603.664016723633 654.443511962891 664.021476745605 673.80029296875 721.219215393066 688.956212997437 770.793310165405 787.223613739014 670.82133102417 795.48860168457 634.648807525635 598.725082397461 615.084915161133 590.901969909668 731.417589187622 667.529034435749 554.279663085938 745.302993774414 737.220191955566 549.53833770752 607.884712219238 512.240249633789 614.864868164062 743.135696411133 653.145806312561 524.139083862305 594.964172363281 667.102903366089 642.574546813965 628.200412750244 732.842475891113 775.664413452148 889.614685058594 768.905776977539 809.439331054688 786.929054260254 786.306381225586 572.419235229492 642.781234741211 919.251533508301 896.913482666016 811.180048882961
741.494861602783 679.060689926147 780.056034088135 627.613296508789 706.291015625 557.846389770508 743.702308654785 673.050109863281 815.617126464844 628.267425537109 764.684767484665 704.917541503906 624.755325317383 868.055376052856 740.277076721191 832.989685058594 542.408386230469 458.121124267578 681.560604095459 711.759422302246 676.304615020752 442.334350585938 727.921003580093 660.037879943848 611.863010406494 529.436172485352 607.218231201172 634.105083465576 598.017036437988 514.750816345215 824.357971191406 834.898239135742 617.814296722412 566.726890563965 589.868507385254 610.333854675293 592.167755126953 611.344375610352 740.466289520264 814.020401000977 782.219299316406 720.730713844299 783.710968017578 731.961448669434 806.715293884277 721.032035827637 652.407676696777 672.88843536377 765.572086334229 814.171325683594
651.125587463379 835.985931396484 799.650890350342 870.624305725098 865.800090789795 710.283187866211 734.01798248291 828.414215087891 795.893558502197 815.903829574585 781.61060500145 791.422840595245 676.760452270508 752.618995666504 891.937009811401 777.006170272827 678.781959533691 713.915618896484 521.891891479492 780.219543457031 619.888137817383 561.410308837891 761.198127746582 641.149482727051 861.421257019043 799.684410095215 624.350391387939 769.966346740723 833.344612121582 642.559356689453 758.083961486816 935.280975341797 761.210716247559 523.629196166992 632.432521820068 631.232757568359 727.480728149414 639.642822265625 629.082347869873 760.030910491943 724.700157165527 746.484457015991 721.674793243408 862.899612426758 738.576262235641 668.948711395264 671.415134906769 563.370880126953 686.328186035156 866.357738494873
748.526945114136 819.501878738403 712.478507995605 704.13801574707 810.462539196014 896.675666809082 801.339052200317 771.434933662415 986.566009521484 988.283386230469 810.674501419067 820.885778427124 825.108825683594 557.293121337891 878.475730895996 785.703516960144 863.505634307861 925.311923980713 732.528554916382 655.152565002441 706.591951847076 580.404777526855 679.799194335938 623.200889587402 814.91242980957 707.093524932861 759.479724884033 762.498243331909 720.169788360596 756.799167633057 739.069869995117 825.464080810547 778.086013793945 778.516571044922 688.880245685577 741.230514526367 643.608509063721 613.155326843262 772.359588623047 722.665300369263 687.718734264374 789.046287536621 686.652822494507 661.092483520508 611.81893157959 748.578718394041 725.10599899292 560.594360351562 687.363262176514 632.300994873047
849.721954345703 842.67552947998 828.725374221802 748.300605773926 655.649627685547 875.520416259766 1040.97969055176 832.225005745888 821.112348556519 837.292701721191 825.231269836426 807.579059123993 616.333633422852 712.610801696777 912.846038818359 747.072364807129 717.909736633301 763.785912513733 822.365524291992 736.099535942078 779.449142456055 693.870322823524 662.14315032959 747.639298439026 918.364624023438 970.243698120117 942.713241577148 851.025436401367 818.228050231934 808.581428527832 870.885498046875 792.013244628906 730.748754501343 657.751523971558 499.209991455078 591.561416625977 526.49055480957 576.404670715332 868.93359375 738.18537902832 670.632522583008 724.525933742523 673.620433807373 693.126094818115 553.246932983398 801.154655456543 771.448036193848 616.763252258301 632.314178466797 641.587326049805
773.935241699219 944.414657592773 1144.60989761353 677.315635681152 794.152019500732 937.875854492188 835.738832473755 699.6579246521 724.140430450439 822.798467636108 841.649445533752 860.81420135498 659.037445068359 675.266357421875 753.259708404541 762.001106262207 649.502731323242 661.571701049805 919.523670196533 684.989402770996 775.605651855469 625.740592956543 638.934638977051 782.202352523804 871.417678833008 897.147850036621 837.194946289062 776.660404205322 846.984363555908 810.744960784912 862.811019897461 787.168998718262 798.189819335938 675.640350341797 638.656547546387 582.678398132324 650.928312301636 655.528053283691 619.273551940918 779.093147277832 818.230949401855 786.429557800293 797.727043151855 544.369430541992 567.22380065918 597.262199401855 723.02931022644 750.145957946777 710.080672264099 680.80548286438
773.28010559082 742.093395233154 1052.00869274139 619.559410095215 778.761999130249 584.272598266602 771.090673446655 1000.25586795807 809.904083251953 944.155197143555 854.839302062988 777.631539344788 846.833805084229 762.001388549805 811.335372924805 644.184448242188 666.345397949219 713.810699462891 712.414749145508 630.647125244141 734.361122697592 625.53507232666 730.495477676392 745.271850585938 844.562294006348 892.720367431641 888.101036071777 795.387518882751 673.859420776367 791.943641662598 985.175338745117 852.018188476562 778.955848693848 787.145736694336 724.030797958374 610.008674621582 678.348598480225 761.467304229736 698.943149089813 756.691493988037 724.945760726929 781.437141418457 684.600402355194 606.713623046875 637.148132324219 596.067375183105 636.736892700195 782.773487091064 672.867683410645 746.101554870605
642.042263031006 570.091278076172 662.28776550293 806.607250213623 868.111000061035 614.159310340881 734.082008361816 852.876670837402 696.814914703369 869.00260925293 1145.10139465332 911.227767944336 872.669342041016 753.226287841797 879.533551216125 748.339942932129 797.015518188477 854.125269711018 758.172119140625 785.302101135254 780.878440856934 698.124877929688 867.460250854492 793.353848457336 800.974551200867 815.896087646484 899.141098022461 741.526504516602 729.963920593262 834.675174713135 878.758415222168 815.013690948486 729.953748703003 722.864601135254 709.460427284241 817.015983581543 781.148490905762 852.757064819336 805.225242614746 761.748346328735 771.706504821777 727.357276439667 658.141834259033 544.770446777344 582.567123413086 754.50054359436 705.742500305176 794.750545501709 753.931661605835 615.024337768555
-9999 -9999 -9999 773.498908996582 853.7596616745 943.366600036621 922.748123168945 904.231216430664 715.365091323853 778.223892211914 877.347551584244 892.305358886719 1044.85083007812 990.221420288086 818.408508300781 783.714912414551 977.582046508789 753.444854736328 919.782817840576 848.79175901413 731.485801696777 839.184276580811 886.349018096924 897.659336090088 932.660514831543 736.48387336731 753.489576339722 812.882354736328 733.010990142822 821.85319519043 870.819839477539 841.58642578125 799.956129074097 714.442031860352 694.691507339478 811.564849853516 639.645965576172 820.590171813965 784.697860717773 752.228164672852 705.21354675293 761.881281852722 720.517473220825 796.490089416504 696.23946762085 891.859832763672 660.841835021973 736.940408289433 814.061496734619 767.573595523834
-9999 -9999 -9999 -9999 -9999 -9999 845.798671722412 870.866374492645 746.616374969482 796.834482192993 671.664932727814 812.19319152832 797.503346443176 932.887920379639 853.42675113678 805.057167053223 817.938594818115 756.882835388184 753.638153076172 905.070797920227 829.585538864136 1035.81631469727 868.96995472908 890.094580173492 726.855255126953 642.985328674316 806.203022003174 766.19310760498 849.104385375977 786.506206512451 834.310839653015 917.108589172363 834.766468048096 879.301734924316 743.308173656464 721.0374751091 873.111930847168 778.390827178955 926.159820556641 820.4599609375 697.489288330078 613.963897705078 575.874298095703 895.599258422852 636.17472076416 494.382019042969 671.175369262695 766.806816101074 740.969249725342 756.850561141968
-9999 -9999 -9999 -9999 -9999 -9999 -9999 -9999 -9999 806.04418182373 895.735298156738 706.669578552246 874.856880187988 859.65037727356 695.264991760254 706.327140808105 915.80876159668 787.373344421387 927.317932128906 784.503967285156 891.389842987061 942.280601501465 945.15641784668 853.720287322998 949.125671386719 767.033493041992 915.195343017578 782.214202880859 907.614028930664 1019.51336669922 756.261207580566 728.45475769043 798.662094116211 774.040840148926 737.476989746094 711.590927124023 632.497283935547 786.200271606445 653.863128662109 670.362926483154 677.629266738892 563.606964111328 701.464497566223 568.398910522461 786.607120513916 719.414936542511 719.97296333313 718.508328437805 731.11153793335 819.352504730225
-9999 -9999 -9999 -9999 -9999 -9999 -9999 -9999 -9999 -9999 -9999 971.977951049805 827.577903747559 865.870750427246 591.430114746094 664.234954833984 915.872909545898 1453.95361328125 834.095482826233 750.747303009033 1005.43627929688 1029.48049926758 896.832104682922 834.34481048584 794.041046142578 781.605327606201 764.157203674316 854.171951293945 802.518355369568 1032.57399749756 880.984893798828 660.298568725586 615.32364654541 820.036262512207 827.401466369629 797.026084899902 674.210292816162 584.034645080566 611.755714416504 673.476289749146 633.447998046875 616.644653320312 715.154887199402 733.955038905144 735.085250377655 752.885719299316 732.107227325439 760.596416473389 725.020721435547 882.266952514648
-9999 -9999 -9999 -9999 -9999 -9999 -9999 -9999 -9999 -9999 -9999 -9999 915.194370269775 901.640197753906 682.865257740021 706.372152328491 815.522521972656 1619.29396057129 1294.95269012451 1159.00460624695 1147.66435098648 1254.54471588135 1177.39375305176 1158.88087463379 835.490553379059 718.547718048096 823.779075622559 853.569759368896 787.918762207031 893.448545455933 758.589714050293 569.916305541992 792.277446746826 870.845779418945 867.742691040039 727.005111694336 685.405563354492 693.065914154053 672.460903167725 755.777374267578 810.389991760254 748.943791508675 706.055500030518 716.409168243408 772.7395362854 835.44246673584 785.676792144775 826.61589050293 720.380924224854 754.956932067871
-9999 -9999 -9999 -9999 -9999 -9999 -9999 -9999 -9999 -9999 -9999 -9999 933.817024230957 741.280303955078 782.494280815125 813.185684204102 781.512176513672 864.978092193604 856.440100729465 781.711082458496 821.698238372803 819.977184295654 961.361167907715 875.268745422363 829.158782958984 690.473609924316 1165.87210083008 726.762504577637 928.147974967957 977.392749071121 822.076240539551 786.575973510742 895.306190490723 758.170070767403 845.325263977051 940.183441162109 773.766752243042 848.822570800781 772.291973114014 736.314960479736 761.272808074951 767.596755981445 874.98046875 794.873525619507 739.242778778076 839.128677368164 676.156471252441 834.017318725586 775.379567146301 644.903205871582
-9999 -9999 -9999 -9999 -9999 -9999 -9999 -9999 -9999 -9999 -9999 -9999 -9999 763.898826599121 725.926284790039 818.462303161621 733.863285064697 742.662443161011 833.480842590332 788.777229309082 830.002214431763 905.101547241211 880.051963806152 1001.296875 784.622964859009 739.594940185547 645.185470581055 838.11635017395 777.748919487 796.578636169434 902.528228759766 552.343994140625 704.879386901855 767.384561538696 756.386842727661 790.60542678833 889.426885604858 696.813064575195 852.47974395752 820.756870269775 791.334449768066 797.857639312744 762.891772270203 825.633548736572 629.946975708008 659.711822509766 911.584037780762 764.453563690186 811.923820495605 783.746533751488
-9999 -9999 -9999 -9999 -9999 -9999 -9999 -9999 -9999 -9999 -9999 -9999 -9999 -9999 541.092224121094 722.866676330566 749.842819213867 779.69075012207 801.75382232666 802.824150085449 910.856441497803 945.141220092773 952.988456726074 845.078748703003 952.843978881836 875.179702758789 690.912940979004 795.502792358398 813.095046401024 715.758941650391 724.377708435059 624.128295898438 695.437744140625 772.194122314453 784.424964904785 854.328826904297 911.967497825623 678.041564941406 640.065948486328 792.090814590454 913.635444641113 773.841777801514 814.8704662323 872.059757232666 741.184837341309 715.950309753418 820.382987976074 803.308463811874 836.336095809937 839.84712600708
-9999 -9999 -9999 -9999 -9999 -9999 -9999 -9999 -9999 -9999 -9999 -9999 -9999 -9999 704.715362548828 609.834045410156 507.782531738281 672.994598388672 719.692848205566 938.958499908447 1025.08200836182 884.204908370972 807.239646911621 733.181518554688 818.088172912598 986.286041259766 884.342473983765 905.14831161499 904.101783752441 737.34073638916 696.161437988281 718.500442504883 1080.81737947464 659.795265197754 738.018981933594 758.503379821777 812.043651580811 712.870643615723 637.228668212891 710.304870605469 719.401741027832 819.926656723022 826.60046005249 835.711296081543 701.34748840332 735.165817260742 748.188529968262 854.963331222534 816.929786682129 776.888538360596
