simdem/realisation83.asc
NCOLS 350 
NROWS 171 
XLLCORNER 152620 
YLLCORNER 418050 
CELLSIZE 100 
NODATA_value -9999 
[rows 88 to 109 of 171, columns 250 to 299 of 350]
983.044235229492 995.559530258179 859.019866943359 871.116165161133 745.114723205566 719.17887878418 585.811073303223 631.890729904175 672.95129776001 853.812782287598 796.701263427734 582.88264465332 476.629211425781 953.671943664551 898.660175323486 911.2001953125 586.730255126953 798.216777801514 669.065814971924 655.187784194946 591.443744659424 924.603353500366 423.724182128906 501.892578125 517.024139404297 552.415061950684 664.479673147202 855.623527526855 612.740567207336 555.662063598633 756.318470001221 681.898338794708 738.140684604645 794.10424041748 766.127510070801 827.496643066406 761.366397857666 799.722206115723 756.961261749268 716.018744945526 846.351432800293 453.600677490234 647.986854553223 772.785232543945 458.996932983398 711.409950256348 613.473861694336 618.592559814453 818.959783554077 839.605606079102
684.685577392578 791.531219482422 963.663261413574 875.550674438477 855.446995258331 723.340385437012 619.586311340332 690.730506896973 752.963600158691 926.926071166992 587.771606445312 657.844467163086 797.604759216309 702.530540466309 763.481704711914 809.202995300293 632.668235778809 697.426535606384 784.716728210449 666.838798522949 700.927352905273 648.723034858704 552.011451721191 494.525863647461 543.618789672852 665.807368099689 654.095336914062 677.911945343018 671.569760560989 645.731918334961 586.18904876709 880.256370544434 803.020149230957 830.601654052734 723.046494483948 586.256874084473 816.680671691895 711.748489379883 784.40828704834 681.909147262573 1261.30256652832 627.436069488525 646.893630981445 638.082275390625 678.233474731445 642.279815673828 751.446594238281 747.655570983887 774.112510681152 751.577911376953
666.128646850586 669.72998046875 880.439208984375 1113.64740371704 1081.75440979004 691.841007232666 797.121780395508 719.273574829102 660.869401931763 608.5302734375 727.692108154297 849.073989868164 660.48356628418 795.893852233887 836.561710357666 714.469635009766 587.850959777832 688.713247299194 673.692188262939 697.835459470749 887.218627929688 668.138283729553 491.172470092773 647.987678527832 621.238967895508 735.944000244141 799.946097373962 826.396334648132 879.678359985352 702.141952514648 588.571334838867 772.94873046875 616.385437011719 832.360565185547 652.298042297363 679.060373306274 660.445635795593 660.923248291016 659.391386985779 494.277130126953 785.522048950195 527.778839111328 665.954601287842 559.619438171387 648.552551269531 700.029037475586 1114.65285968781 741.463104248047 644.922653198242 874.730941772461
727.189311981201 653.847991943359 839.350206375122 944.725357055664 1316.7399520874 1280.37596893311 770.50118881464 667.107460021973 684.539695739746 894.461853027344 702.819755554199 711.124893188477 713.063186645508 762.909675598145 761.036771535873 703.74461555481 767.60004234314 775.272621154785 782.021059989929 800.631590843201 780.079874038696 700.808052062988 703.430976867676 655.558151245117 709.011444091797 660.787963867188 888.609979152679 780.787506103516 1050.58448028564 1278.58170700073 738.813377380371 581.069053649902 791.920417785645 782.614337921143 720.418209075928 775.153923034668 749.308670043945 618.571855545044 608.26277923584 543.734680175781 773.727966308594 958.501861572266 580.453186035156 687.571302890778 522.24382019043 715.944564342499 835.537490844727 731.56555557251 951.309936523438 1138.65589904785
688.211273193359 859.078857421875 733.621278762817 935.06311416626 1167.20361328125 836.557640075684 981.718704223633 730.762289047241 775.086860656738 729.187438964844 748.148986816406 783.576263427734 717.414520263672 552.696838378906 692.268486022949 1091.03035736084 699.5244140625 816.970230102539 669.739370584488 661.886039733887 723.145095825195 798.662491798401 640.224365234375 766.966918945312 684.198184967041 696.632995605469 935.96117401123 858.114545822144 908.554645061493 1074.1999130249 863.672353744507 666.347869873047 719.410438537598 666.139541625977 751.697940826416 709.879507780075 754.453010559082 564.481719970703 603.503677368164 528.286911010742 320.246337890625 1039.52978515625 549.32958984375 697.587985992432 768.465965270996 670.31876373291 771.355644226074 600.42448425293 670.595687866211 675.033988952637
744.99836730957 824.201797485352 855.915698051453 1105.17133331299 1074.02946472168 1078.5470123291 775.69850730896 796.521617889404 856.448596954346 865.684326171875 816.803924560547 700.705657958984 828.788467407227 1010.79974365234 1217.21305853128 729.541675388813 739.910218238831 713.373213768005 737.527061462402 708.590717315674 751.448494195938 801.036476135254 646.982681274414 767.067312240601 747.30049943924 832.515232086182 1058.53455352783 1148.55827331543 749.27368927002 897.812362670898 808.982131958008 848.629711151123 723.356994628906 748.681228637695 750.772796630859 750.477996826172 728.196678161621 642.11775970459 603.438087463379 616.96418762207 444.40852355957 1137.31723022461 514.541763305664 759.857149124146 623.598770141602 732.011642456055 681.263618469238 762.382926940918 754.414123535156 1036.44676971436
709.284175872803 895.026031494141 915.465591430664 984.218690872192 1020.36566925049 972.819869995117 854.351661682129 769.856956481934 706.836730957031 539.489120483398 850.6943359375 786.862854003906 606.910034179688 974.046173095703 958.765007019043 677.648426055908 639.665618896484 829.663909912109 799.223850250244 697.141494750977 677.069610595703 564.285186767578 605.861114501953 681.658752441406 677.681365966797 1262.50619506836 751.607322692871 887.201477050781 671.380889892578 1068.02270507812 999.053826332092 780.616508483887 773.946937561035 776.690200805664 727.453117370605 821.738143920898 690.903457641602 755.583393096924 677.342185974121 631.465591430664 500.362319946289 625.817535400391 521.625793457031 543.224494934082 658.343246459961 530.576416015625 597.423004150391 708.991733551025 647.92041015625 839.987815856934
726.234424591064 831.523815870285 813.260185241699 1010.33010101318 979.349609375 942.502090454102 1282.99967956543 1002.24072337151 748.731346130371 927.817314147949 581.241500854492 1255.33381652832 988.782943725586 840.49634552002 798.6787109375 889.056838989258 973.331619262695 680.628143310547 927.287086486816 701.124290466309 611.937255859375 776.777366638184 894.002563476562 903.633811950684 896.232009887695 1125.77334594727 997.190383911133 756.335327148438 777.02334022522 759.97176361084 1536.20129394531 811.042678833008 912.811275482178 877.759334564209 823.550312042236 814.851165771484 848.393080711365 945.388450622559 832.101577758789 558.525909423828 437.659393310547 636.57209777832 1122.65455627441 547.928558349609 634.316116333008 532.78141784668 1205.55295944214 615.630966186523 460.85432434082 1148.4584236145
847.57275390625 1046.04299163818 998.513786315918 993.981246948242 851.482635498047 981.74373626709 973.792724609375 844.936924934387 1127.48504638672 878.651412963867 676.023300170898 527.533782958984 672.32919883728 749.278989315033 795.087934494019 986.508911132812 811.848310470581 893.401288986206 564.317855834961 1011.37236976624 969.242546081543 1352.18304443359 1216.06687927246 608.061157226562 833.560211181641 625.075988769531 483.498962402344 562.822250366211 723.580108642578 1417.06737518311 794.571338653564 916.864675521851 619.516036987305 788.570098876953 1069.51438903809 686.416122436523 814.912925720215 816.586727142334 814.195005893707 656.902168273926 482.873565673828 646.95043182373 888.024139404297 426.056854248047 883.141258239746 701.828201293945 845.196884155273 683.939701080322 503.325210571289 982.943283081055
677.842750549316 817.990549087524 811.533133506775 872.236402511597 841.232852935791 901.150577351451 1011.11036682129 724.503631591797 1191.11880493164 1299.29664611816 856.996664047241 745.509178161621 1392.38530349731 885.529922485352 796.683763504028 683.442626953125 801.740770459175 783.963788986206 727.325584411621 693.988822937012 695.728858947754 916.397369384766 595.315567016602 615.712142944336 529.464736938477 905.515731811523 703.461181640625 534.356536865234 764.335845947266 813.835540771484 779.421253204346 1534.28004455566 1279.90055847168 758.711395263672 696.970397949219 627.788070678711 739.890823364258 694.41258430481 645.480949401855 686.03299331665 591.631958007812 571.350158691406 819.638458251953 1510.08026123047 782.10668182373 752.52912902832 688.448097229004 752.811816453934 645.093109130859 610.926818847656
668.057083129883 1393.52375602722 1061.8397102356 720.38748550415 898.114227294922 977.767227172852 929.618881225586 1278.28953170776 870.37856388092 935.528785705566 807.821208953857 846.021053314209 685.923355102539 838.983310699463 520.866897583008 708.616806030273 843.035873413086 820.036121368408 731.880855798721 720.02991104126 832.391904830933 718.834739685059 784.057983398438 769.825622558594 483.170745849609 980.461822509766 1590.01284790039 893.559661865234 1261.48263549805 603.962448120117 936.714645385742 704.065582275391 659.35466003418 910.284759521484 800.40380859375 830.426438331604 756.716293334961 699.426734924316 719.528890609741 703.626483917236 728.167362213135 494.85954284668 775.428100585938 652.339324951172 542.93913269043 755.030864715576 706.234386444092 730.032799243927 748.77543258667 1006.51834106445
697.01538848877 665.985397338867 1453.9483833313 651.912414550781 764.372457504272 956.016414642334 1550.48480987549 1269.50894832611 866.024197816849 1003.16719150543 756.824848175049 886.985321044922 1137.03176879883 1084.73350524902 923.36408996582 970.896072387695 1052.39324951172 684.819091796875 650.534484863281 567.875015258789 1237.17250823975 730.66480255127 662.019927978516 596.861297607422 1328.00137329102 874.300216674805 819.762054443359 1168.48233032227 1184.31393432617 580.901428222656 976.827072143555 1014.81541824341 875.037670135498 956.011260986328 707.860794067383 789.591709136963 715.881874084473 744.193412780762 677.982345581055 552.778526306152 600.198295593262 564.961891174316 650.869873046875 1221.37787628174 1424.82508087158 729.050264358521 738.966575622559 811.340824127197 792.809829711914 736.462516784668
1217.0592918396 613.217971801758 658.268424987793 825.193565368652 873.867393493652 1370.0506439209 937.806015014648 1133.90229034424 736.418907165527 969.605934143066 969.510917663574 683.315139770508 710.035736083984 918.076889038086 674.191802978516 602.692352294922 725.329086303711 586.805953979492 590.440383911133 671.866149902344 1389.47208404541 1380.5122756958 792.698509216309 834.362777709961 709.668273925781 1216.9016418457 738.263534545898 761.296035766602 1566.87460803986 704.224456787109 1170.66515350342 820.703628540039 946.837585449219 879.387128829956 766.349304199219 795.746795654297 864.94847869873 1115.45483398438 773.104400634766 579.935877203941 680.182089805603 638.943874359131 795.776252746582 752.328022003174 942.13996887207 805.891242980957 872.720413208008 759.877979278564 840.005184173584 913.342041015625
822.036972045898 719.842269897461 952.240745544434 846.075122833252 880.815933227539 1148.28253173828 1032.62538146973 961.401561737061 856.806968688965 875.443893432617 887.078269958496 1106.91262435913 667.070770263672 749.307807922363 892.264434814453 503.899475097656 635.319274902344 965.627868652344 653.659149169922 747.623306274414 1383.44688034058 735.920127868652 1122.28088378906 646.083648681641 655.947189331055 880.279296875 1189.48568725586 1760.79216766357 752.612716674805 1326.50980377197 1028.76781082153 813.230869293213 910.808300018311 748.458389282227 868.704219818115 894.66654586792 933.24169921875 1058.34700012207 804.730964660645 641.842763900757 566.891311645508 641.428215026855 653.119493484497 819.980327606201 1093.00456428528 663.153335571289 805.738086700439 722.847747802734 819.901657104492 768.635626792908
805.938591003418 1129.76728820801 912.687622070312 656.101898193359 1036.09979248047 819.630619049072 730.61376953125 891.751724243164 730.035507202148 1511.59350585938 706.248962402344 1223.99012374878 902.144821166992 728.156356811523 792.711742401123 885.266876220703 671.315475463867 569.958450317383 1516.76332700253 755.513290405273 811.793403625488 764.710960388184 822.066299438477 1183.11865234375 865.807479858398 780.957832336426 752.633972167969 1606.15905761719 1163.76138114929 709.189224243164 796.570724487305 1497.7179069519 1134.87561035156 819.051895141602 827.988964080811 854.246113777161 951.464225769043 1070.03060913086 838.987228393555 704.502731323242 660.956428527832 665.818206787109 712.179702758789 845.643508911133 897.579879760742 724.804412841797 738.694311141968 682.926971435547 642.642944335938 932.764686584473
840.771363258362 1353.32342100143 1061.43688201904 739.830318450928 1336.17351341248 1075.50051879883 977.824005126953 826.417541503906 673.634185791016 710.110244750977 926.807898521423 922.802076339722 789.107147216797 737.767669677734 864.21826171875 721.518402099609 1078.98508453369 711.944755554199 665.553985595703 784.296615600586 626.947631835938 687.855804443359 876.726432800293 1038.40184020996 782.861145019531 842.756256103516 778.112182617188 813.411266326904 607.074096679688 612.920837402344 1140.23123168945 1217.85150909424 893.85538482666 866.326005041599 840.482789993286 836.964504241943 928.176633358002 969.194602966309 996.964736938477 789.882141113281 778.985610961914 939.707641601562 653.520958900452 738.400916576385 757.512044906616 710.511409759521 768.907598495483 723.648373603821 743.842906951904 784.012180328369
1086.91276931763 720.112747192383 921.038887023926 757.122972488403 789.096027374268 945.09250831604 891.30859375 673.535858154297 757.838890075684 936.990058898926 910.083684921265 825.099195480347 830.137817382812 1096.65400695801 987.432823181152 1150.48700714111 812.229202270508 979.356986999512 801.842700958252 886.502731323242 593.018417358398 974.003616333008 632.263763427734 735.773096084595 925.382423400879 852.394622802734 926.985290527344 756.453491210938 1407.51171875 1496.81269073486 1411.78603744507 971.160423278809 891.118041038513 840.770259857178 820.958366394043 860.093460083008 855.983890533447 990.735816955566 887.579139709473 792.409141540527 747.420413970947 659.742301940918 673.564584732056 620.626531600952 703.22439956665 1160.43418502808 857.794385910034 685.717224121094 662.66675567627 757.448600769043
710.741302490234 616.555366516113 619.219360351562 769.277122497559 792.998207092285 1145.02633666992 673.705429077148 713.205963134766 938.887390136719 956.061027526855 799.764892578125 1143.73861694336 1406.11708831787 844.482093811035 769.551071166992 890.031311988831 987.33683013916 943.224170684814 1007.15098571777 1072.54695129395 697.461112976074 752.78157043457 1120.70150756836 1448.1656036377 1222.07025909424 927.186323165894 794.58464050293 773.799613952637 898.033115386963 952.723419189453 773.375282287598 1092.7731628418 913.568649291992 724.116302490234 758.49974822998 846.646366119385 839.075931549072 937.987674713135 907.753076553345 776.731742858887 914.765330791473 676.350463867188 609.647785186768 609.620170593262 723.643093109131 958.648914337158 676.164169311523 671.279006958008 670.6484375 798.068885803223
657.123001098633 840.447074890137 1355.14475250244 886.198318481445 1066.13319778442 1043.30757689476 788.674285888672 1135.79479217529 2143.59353637695 733.556148529053 1156.15081787109 601.211120605469 1050.10374450684 829.314971923828 897.134094238281 990.520889282227 901.694273948669 837.797607421875 806.850914001465 778.8056640625 772.777450561523 988.531509399414 762.779586791992 729.324172973633 808.305481910706 762.923545837402 941.29443359375 814.300662994385 871.756501197815 903.930574417114 845.057336807251 797.477041244507 717.76753616333 766.64405632019 849.508869171143 906.607893943787 878.807456970215 638.96524810791 710.794761657715 795.57494354248 887.654493331909 660.260589599609 718.563135147095 735.884433746338 823.437613487244 746.285873413086 614.987426757812 669.572601318359 930.702209472656 611.526977539062
821.33731842041 1024.239133358 905.28367805481 706.769905090332 968.502270698547 1398.69520187378 1791.22012329102 1162.68628954887 981.410346984863 914.434555053711 1210.62473297119 634.305160522461 826.611446380615 968.263721227646 943.370517730713 1089.04643249512 905.56854057312 1015.87241196632 670.091354370117 690.559005737305 1046.56692504883 749.516006469727 703.545944213867 847.722758293152 770.088729858398 896.269527435303 837.983501434326 667.959144592285 832.076652526855 863.446338653564 828.701766967773 699.73445892334 729.975044250488 842.043273925781 909.672409057617 761.992914199829 933.490662574768 886.196985244751 850.20471572876 738.58992767334 794.849811553955 735.840961456299 629.032482147217 571.151104927063 668.366165161133 583.913444519043 856.423670768738 686.767520904541 809.835300445557 868.347122192383
714.783279418945 1083.35771179199 1072.26922607422 938.19686126709 1083.82289886475 1030.38188934326 997.616935014725 1494.62383842468 1645.19993591309 865.182067871094 856.937324523926 1152.49406051636 976.088523864746 1064.92601013184 1059.99957084656 1115.38609313965 1053.26963615417 835.436241149902 1595.32447814941 1310.55059814453 854.369018554688 766.692535400391 705.175537109375 804.93696975708 897.717422485352 873.650886535645 852.405296325684 820.86950302124 784.071203231812 911.141706466675 912.388137817383 800.932510375977 791.746124267578 871.369674682617 1041.65539550781 781.254825592041 862.170683860779 831.514171600342 815.554710388184 765.544570922852 876.615692138672 889.622588783503 712.033470153809 546.062545776367 443.165992736816 476.219497680664 802.147457122803 805.363703727722 992.543380737305 1054.14190292358
695.528648376465 726.802690505981 828.857982635498 1005.08686494827 1292.40304946899 995.005493164062 874.939542770386 1175.44847106934 1773.1645822525 959.978858947754 1267.06471633911 875.408831596375 992.378045082092 865.058283925056 985.38783121109 1297.02531433105 1092.53030395508 928.252806663513 1195.1499786377 1042.07316970825 1229.70762634277 958.239695549011 1176.17594146729 848.698999404907 630.501174926758 703.755905151367 827.613834381104 896.211938858032 746.013854980469 984.891914367676 925.983270645142 681.885986328125 692.135787963867 875.491793632507 791.481506347656 755.031158447266 883.129314422607 724.695281982422 971.301936388016 846.696838378906 842.692882537842 703.103454589844 843.454700469971 551.900207519531 584.674980163574 469.966949462891 677.97966003418 817.486221313477 991.684829711914 901.931201934814
