simdem/realisation37.asc
NCOLS 350 
NROWS 171 
XLLCORNER 152620 
YLLCORNER 418050 
CELLSIZE 100 
NODATA_value -9999 
[rows 66 to 87 of 171, columns 150 to 199 of 350]
491.405799865723 488.888980865479 532.560935974121 571.66118812561 510.488967895508 516.45573425293 474.774971008301 484.338390350342 602.870962142944 457.885559082031 625.668632507324 605.387037277222 564.914315700531 516.176605224609 579.254817962646 509.904354095459 552.321418762207 660.902770996094 540.276542663574 444.899085998535 490.062637329102 507.937431335449 580.258979797363 690.952445983887 543.083061218262 527.317249298096 539.554141998291 606.368473052979 495.829032897949 425.094970703125 764.59944152832 620.149121284485 662.673294067383 584.32638168335 676.685943603516 757.859725952148 632.380397796631 626.083325862885 517.491302490234 639.273010253906 572.686794281006 581.538597106934 725.508529663086 575.024604797363 567.657508850098 687.979629516602 698.965805053711 607.289141178131 644.222229957581 766.641822814941
526.165075302124 541.699370622635 575.067937850952 668.623611450195 747.539306640625 593.939121246338 457.337471008301 465.433753967285 414.171096801758 545.046159744263 444.695922851562 459.451484680176 570.880122184753 582.486255645752 531.362504959106 600.531036376953 620.047340393066 605.533477783203 466.39111328125 476.346099853516 450.047622680664 600.690284729004 703.323776245117 566.395296096802 441.523895263672 506.447044372559 738.896560668945 656.381797790527 699.383514404297 658.832218170166 589.145183563232 683.906127929688 688.029090881348 610.886238098145 649.075878143311 504.379302978516 508.482299804688 524.807197570801 614.655423164368 734.105804443359 646.332813262939 715.746070861816 664.922080993652 620.778472900391 630.573635101318 631.654165506363 646.555954247713 680.606580734253 633.905992031097 643.156671047211
546.312301158905 580.429740905762 586.249080657959 634.663665771484 651.930442810059 600.719703674316 556.866002082825 485.927101135254 443.865821838379 669.231269836426 410.74382019043 440.588890075684 518.676277160645 664.016403198242 666.04972076416 586.468616485596 629.346733093262 547.447526931763 445.519683837891 559.487543106079 497.289573669434 571.926519393921 615.786479949951 625.714950561523 627.537555217743 553.11443901062 565.823407173157 604.522123336792 519.382438659668 627.122615814209 712.964195251465 647.350856781006 685.680328369141 553.797733306885 494.077926635742 545.031085968018 526.308017730713 445.644424438477 625.033880233765 661.140228271484 702.110084533691 638.125183105469 618.084405899048 757.213333129883 510.499290466309 631.611755371094 614.221355438232 760.818855285645 664.80884552002 551.816558837891
549.939010620117 632.452743530273 642.685096740723 666.724487304688 672.33366394043 720.720367431641 474.85961151123 501.550415039062 557.378433227539 548.52135848999 370.962539672852 421.141548156738 446.439018249512 652.295913696289 613.006618499756 503.106273651123 531.915030479431 506.783180236816 613.005897521973 528.622097015381 575.732442736626 542.329803466797 468.30387878418 549.363441467285 600.88697052002 604.435279846191 540.821226119995 453.595375061035 452.199745178223 616.593019485474 495.340110778809 437.342910766602 563.317237854004 578.76294708252 707.569519042969 518.34593963623 413.918701171875 503.66822052002 403.16764831543 589.983520507812 626.199003219604 690.35173034668 687.354057312012 566.538627624512 691.442169189453 590.856286048889 675.79052734375 654.425607681274 755.528930664062 626.241020202637
544.594974517822 545.798612594604 690.056610107422 675.460395812988 496.244468688965 651.993911743164 496.545177459717 422.281204223633 512.605182647705 469.23127746582 523.016344070435 475.72981262207 407.269729614258 598.090538024902 594.022277832031 637.27352142334 628.450099945068 695.008911132812 613.734279632568 655.806327819824 644.428977966309 550.289981842041 493.648178100586 527.90869140625 626.752555847168 503.318145751953 471.194404602051 544.406372070312 532.279445648193 510.386535644531 626.647548675537 683.427734375 614.254153251648 495.041770935059 588.733117103577 499.12801361084 619.876685142517 435.169860839844 604.575171470642 587.291885375977 632.104747772217 646.339839935303 528.736228942871 501.984939575195 723.357231140137 640.775834083557 544.846740722656 820.96630859375 733.84529876709 863.000259399414
500.13200378418 547.461791992188 685.667465209961 528.083183288574 317.638778686523 410.382629394531 598.447265625 494.299411773682 429.187316894531 564.298137664795 511.532176971436 555.630155086517 561.610683441162 638.688163757324 627.001888275146 464.767837524414 592.982244491577 638.251594543457 702.112915039062 722.378265380859 647.739879608154 641.110786437988 595.303850650787 550.459606170654 600.348669528961 598.92982172966 786.095062255859 633.212089538574 673.259368896484 721.65111541748 635.18599319458 640.1262550354 487.163986206055 585.640563964844 518.845520019531 631.006023406982 594.07328414917 573.168725967407 723.618278503418 670.500682830811 667.473030090332 646.371606826782 611.146963357925 635.911209106445 617.660216331482 623.769246816635 678.984031677246 620.822825431824 718.617286682129 641.579593658447
574.573959350586 646.16007232666 607.408546447754 416.582534790039 470.071517944336 591.738975524902 707.459991455078 462.395439147949 360.698440551758 652.168876647949 586.262447357178 531.213367462158 561.466947555542 464.121948242188 537.404079437256 506.698215484619 422.728485107422 570.698259353638 569.297556877136 721.162422180176 632.740800857544 519.661628723145 591.249988555908 648.159271240234 650.412101745605 529.968200683594 747.337829589844 720.68286895752 635.54190826416 630.587394714355 671.37092590332 602.013593073934 482.317344665527 420.82829284668 494.613395690918 572.237283706665 654.690504074097 542.929225921631 492.270133972168 514.646781921387 665.344165802002 657.890022277832 595.84387922287 623.628379821777 592.4815762043 646.967956542969 597.454498291016 680.595607757568 631.864360809326 717.043899536133
749.647766113281 625.002868652344 636.417343139648 441.828231811523 447.630470275879 568.497985839844 486.0712890625 503.448776245117 580.777170181274 515.932281494141 615.455947875977 580.800012588501 502.265041351318 582.264490127563 604.949920654297 507.326957702637 587.701744914055 486.246719360352 496.72777557373 680.9521484375 603.01170539856 611.730463981628 566.488876342773 530.554588317871 662.810829162598 629.631938934326 545.5735206604 566.705055236816 598.181785583496 602.758296966553 592.35930788517 577.58572769165 494.957817077637 571.692754745483 590.78551197052 616.617654800415 761.962905883789 549.458564758301 472.696075439453 590.448421955109 536.340473175049 614.899646759033 779.189392089844 688.814025878906 580.343231201172 714.714744567871 568.175216674805 510.582229614258 568.840553283691 731.651077270508
498.262691497803 557.946306228638 491.924884796143 603.737407684326 586.878387451172 530.546531677246 499.99129486084 599.342002868652 527.204875946045 816.00309753418 569.911375999451 470.245872497559 537.716167449951 446.452087402344 541.82292175293 589.163530349731 724.138717651367 659.388519287109 612.056032180786 566.78337097168 631.711740493774 573.803863525391 629.18194103241 553.526893615723 650.116886138916 648.365928649902 649.862865447998 621.934287905693 597.010988235474 631.300346374512 613.614568710327 543.560153961182 533.126682281494 626.739723205566 778.850738525391 778.280059814453 740.512985229492 646.60534286499 694.972137451172 497.988723754883 410.45588684082 642.968410491943 734.13663482666 610.951343536377 506.201110839844 536.183464050293 545.295810699463 532.963729858398 459.009017944336 439.961639404297
739.820465087891 597.808631896973 455.324554443359 531.388143539429 624.357788085938 509.766036987305 566.786056518555 617.700458526611 635.348213195801 634.55583190918 559.987510681152 478.88109588623 550.566049575806 507.314605712891 593.033397197723 763.530776977539 663.06343460083 738.665313720703 743.474647521973 610.917843818665 583.577209472656 602.995329856873 706.832187652588 724.149032592773 934.855895996094 585.759416431189 666.616142272949 499.652130126953 546.911666870117 679.384208679199 655.53050994873 627.67769241333 392.526428222656 488.734405517578 693.785995483398 708.019813537598 656.516532897949 560.039705276489 621.483562469482 568.09299659729 788.288909912109 586.32496547699 428.863861083984 575.906749725342 527.756313323975 560.874179840088 605.396779060364 587.127027928829 639.467086791992 581.901779174805
715.757987976074 632.364036560059 687.346710205078 856.290679931641 547.850009918213 628.092849731445 575.177623748779 612.939250946045 557.741641998291 592.545848846436 492.552181243896 424.808441162109 486.957023620605 699.329902648926 551.85262298584 620.344020843506 755.205154418945 690.305980682373 549.51438331604 509.207725524902 516.883895874023 640.516043186188 772.134346008301 701.167015075684 841.400703430176 573.652599334717 519.857040405273 578.758052825928 716.099731445312 675.754333496094 672.674026489258 496.775115966797 560.11900138855 618.741424560547 636.595291137695 716.98371887207 559.942169189453 592.117697715759 641.580989837646 586.850835800171 640.800872802734 689.41332244873 555.124774932861 453.308654785156 593.017929077148 505.504936218262 623.13889503479 718.0673828125 750.685134887695 506.392288208008
408.907562255859 596.969873428345 538.813858032227 365.834686279297 573.48518371582 724.258428573608 681.250793457031 593.363193511963 551.924346923828 494.13224029541 501.679023742676 413.563980102539 444.461135864258 624.955715179443 695.68505859375 689.308261871338 636.006935596466 684.280651092529 626.079881668091 785.055084228516 639.516607284546 742.466110229492 744.876007080078 783.134262084961 960.288238525391 847.364692687988 680.124629974365 612.127973556519 537.900299072266 620.198030471802 514.067924499512 488.869049072266 475.978385925293 556.870811462402 602.190654754639 571.45344543457 571.216190338135 577.891532897949 631.368666648865 602.018910169601 595.004719734192 696.187393188477 659.12548828125 580.831468582153 652.334781646729 577.819253921509 567.726196289062 454.750549316406 592.6480884552 557.680324554443
539.046789169312 550.050489425659 371.577041625977 493.726264953613 618.358600616455 677.939804077148 583.461349010468 675.506370544434 602.331551551819 759.74348449707 470.591468811035 585.579741954803 583.653371334076 712.831924438477 773.011962890625 622.997902393341 592.5793800354 593.876689910889 783.770149230957 720.898996353149 577.770107269287 658.752365112305 676.952728271484 668.234146118164 672.065315246582 541.132709503174 658.323226928711 679.040725708008 562.274139404297 719.292617797852 703.309928894043 511.088760375977 510.828582763672 466.124038696289 567.858833312988 610.848289489746 528.203910827637 432.205078125 422.294647216797 582.313848733902 635.600182533264 714.595031738281 681.435958862305 597.457858085632 494.821083068848 576.604173660278 508.885902404785 568.422580718994 699.543716430664 582.410165786743
536.811208724976 312.219528198242 482.97061920166 620.280464172363 467.629119873047 632.339122772217 448.942855834961 605.809907913208 650.703121185303 649.807409286499 592.456279754639 615.670135498047 607.95210647583 669.102256774902 974.067413330078 703.483234405518 643.66349029541 763.310028076172 695.931198120117 567.918121337891 648.96263885498 680.406967163086 718.250793457031 642.786560058594 615.651468276978 529.438438415527 656.782535552979 538.728729248047 589.004154205322 692.933193206787 759.581932067871 661.203788757324 798.196723937988 693.446771621704 492.079025268555 579.550046920776 611.746440410614 506.63117980957 594.888575553894 597.236458063126 584.599333763123 707.561576843262 646.647430419922 587.886039733887 514.203872680664 660.203426361084 595.40950012207 515.41674041748 649.328304290771 533.770492553711
616.63431930542 431.810618400574 459.183929443359 815.222297668457 700.828983306885 620.519569396973 517.102478027344 626.851127624512 587.107624053955 662.864627838135 483.572563171387 595.48969078064 625.936732649803 828.401985168457 631.502395629883 652.696119308472 606.515357971191 663.545612335205 631.917125701904 729.209419250488 747.847236633301 619.902396857738 648.274810791016 435.381538391113 645.154705047607 662.80823135376 595.794803619385 658.724166870117 770.188354492188 773.451507568359 682.524826049805 545.734001159668 660.896133422852 641.338632583618 593.919715881348 685.908157348633 593.723664283752 538.038726806641 594.476257562637 614.719402313232 579.58996963501 714.879119873047 703.196937561035 578.220394134521 476.030670166016 375.52082824707 549.842063903809 474.522842407227 562.332633972168 514.333610534668
625.25072479248 636.709222793579 583.869846343994 1002.33382415771 736.52214050293 619.59614944458 586.552360534668 591.23412322998 560.242790222168 556.577140808105 697.642374038696 1033.1579208374 735.286827087402 959.174782752991 839.38373708725 709.217517852783 654.99849319458 803.630359649658 783.890342712402 720.121799468994 789.71044921875 600.235675811768 669.52091217041 473.383750915527 557.185722351074 733.174640655518 543.668098449707 746.989547729492 750.02799987793 793.212417602539 799.717926025391 635.594317913055 587.691371917725 578.204471588135 614.608407974243 752.267196655273 631.914733886719 579.824918746948 636.070400238037 603.415121078491 734.186370849609 649.042407989502 586.448968887329 611.874180793762 625.125471591949 519.456932067871 623.980520248413 620.643867492676 654.65426158905 709.269409179688
715.735900878906 656.590026855469 709.593902587891 914.071067810059 885.681175231934 742.44676399231 756.429182052612 822.525856018066 653.12727355957 803.937225341797 514.020496368408 574.77171766758 768.079315185547 622.188472747803 814.42431640625 696.977272033691 609.020399808884 739.936874389648 797.48525428772 732.571025848389 690.458019256592 732.605003356934 650.549547195435 616.131902694702 504.406173706055 682.548882484436 736.003326416016 619.58385848999 722.890937805176 617.227772593498 757.942672729492 652.020917892456 653.887199401855 492.866241455078 548.167526245117 660.712196350098 531.375022888184 690.120157241821 556.378894805908 505.611938476562 554.698661804199 611.427667140961 561.34610748291 539.627090454102 579.386039733887 677.872835159302 514.004150390625 496.140029907227 541.067588806152 512.036987304688
647.278476715088 595.614496231079 592.340852737427 594.231117248535 823.348815917969 788.315704345703 584.732459068298 646.876373291016 512.655952453613 809.206024169922 414.498386383057 526.054473876953 442.394775390625 576.64729309082 609.46533203125 535.083377838135 607.050221450627 626.157357424498 595.584785461426 918.195945739746 637.375442504883 546.714586257935 599.044490814209 443.067596435547 639.459238052368 726.573554992676 712.847244262695 702.836376190186 671.869207859039 707.013271331787 648.232738494873 707.689338684082 526.94994354248 578.999870300293 579.729461669922 535.07608795166 562.253887176514 576.312194824219 713.199119567871 465.057357788086 605.184246063232 642.578193664551 423.913162231445 502.194122314453 677.530149459839 618.742687225342 644.506399154663 714.703052520752 473.544250488281 481.784378051758
550.706718444824 471.733749389648 429.883152008057 500.625022888184 562.204544067383 688.446311950684 557.008399963379 613.923225402832 414.630249023438 483.453750610352 619.352241039276 393.704818725586 670.452708721161 646.439800262451 691.169448852539 621.99356842041 434.557754516602 583.575450897217 625.792366027832 1041.17135620117 557.984802246094 630.764263153076 866.266255259514 702.828609466553 625.99924993515 595.029495239258 543.098846435547 610.861015319824 638.66055727005 616.880230903625 732.670059204102 650.597610473633 573.16820526123 636.223520278931 733.144905090332 577.48885345459 562.361877441406 610.086350440979 623.576549768448 560.1891746521 623.984285354614 651.177890300751 409.558898925781 564.098403930664 621.486602783203 609.479339599609 661.755989074707 534.024276733398 576.510665893555 682.248565673828
387.79866027832 433.521934509277 536.65404510498 648.981609344482 813.191970825195 686.214332580566 499.128408432007 651.969774246216 564.552871704102 671.33479309082 813.608535766602 751.262596130371 772.008549690247 687.248031616211 710.328605651855 711.387968063354 546.40788269043 639.60769367218 704.792778015137 899.154056549072 571.478445053101 503.836275100708 788.442817687988 530.208831787109 788.241226196289 658.547878265381 555.668876647949 592.788330078125 611.416288375854 535.728099822998 687.248397827148 649.624931335449 817.565132141113 823.857788085938 708.642707824707 678.803611755371 690.885566711426 623.259653091431 682.565383911133 675.698867797852 761.040176391602 570.716468811035 715.230358123779 685.196851730347 669.527305603027 619.790981292725 754.358352661133 768.987373352051 712.612140655518 685.723381996155
413.438163757324 556.407432556152 685.538372039795 793.18675994873 -9999 -9999 -9999 -9999 -9999 -9999 -9999 -9999 -9999 -9999 -9999 685.245155334473 702.560367584229 639.735130310059 625.48233795166 619.406477928162 632.002174854279 710.559425354004 614.568310499191 445.069244384766 611.424293518066 733.958869934082 1016.70575714111 691.358628749847 484.866302490234 827.755111694336 567.272758483887 742.444694519043 712.560344696045 838.784469604492 700.104286193848 664.702392578125 669.490802764893 685.139579772949 728.21363067627 758.134170532227 699.972595214844 457.388366699219 528.644332885742 564.678092956543 649.599178314209 603.198684692383 734.75622177124 566.086326599121 591.646873474121 781.462783813477
-9999 -9999 -9999 -9999 -9999 -9999 -9999 -9999 -9999 -9999 -9999 -9999 -9999 -9999 -9999 -9999 -9999 -9999 680.620231628418 679.788654327393 721.55952835083 668.350486755371 658.649459838867 539.531707763672 590.362713456154 536.760489463806 754.776012420654 602.083957672119 536.894683837891 467.967254638672 660.778190612793 1109.91201782227 684.920127868652 693.655145645142 645.885116577148 540.091583251953 681.959629058838 586.395698547363 559.703826904297 608.664474487305 747.455535888672 504.687515258789 486.151748657227 486.902252197266 599.621192932129 601.543601989746 703.9341173172 591.123107910156 666.667762756348 618.592590332031
