simdem/realisation77.asc
NCOLS 350 
NROWS 171 
XLLCORNER 152620 
YLLCORNER 418050 
CELLSIZE 100 
NODATA_value -9999 
[rows 88 to 109 of 171, columns 200 to 249 of 350]
754.734024047852 726.048740386963 664.347236633301 561.963668823242 551.274215698242 732.166976928711 686.351795196533 743.780014038086 695.379554748535 639.847116470337 590.537126541138 784.363189697266 735.25740814209 748.754837036133 684.924518585205 707.383319854736 637.912170410156 702.75116443634 716.111841201782 640.019306182861 652.838605880737 605.169681549072 541.987686157227 716.173728942871 686.190950393677 645.367231369019 580.416358947754 628.511726379395 592.948623657227 659.067562103271 567.904266357422 561.590774536133 681.798376083374 619.905124664307 646.189432859421 553.270347595215 535.792442321777 502.556114196777 629.786582946777 727.613255977631 924.15071105957 898.168968200684 820.551887512207 797.985710144043 702.870262145996 711.494410514832 843.836158752441 959.208149909973 795.407203674316 863.159341812134
655.274240493774 698.475887298584 570.414031982422 459.303955078125 676.321517348289 752.981605529785 740.453514099121 699.837329864502 607.032922744751 599.807395935059 644.017280578613 689.900459289551 644.032974243164 636.412654042244 683.079334259033 721.960083007812 691.531833648682 711.340221405029 692.858101844788 627.213218688965 701.368072509766 651.540645599365 641.343963623047 625.887702465057 661.735288619995 565.640266418457 646.74829864502 655.443550109863 468.24836730957 653.85655875504 679.717155456543 649.060547113419 651.909642279148 634.25229549408 728.677375793457 629.096376895905 691.010284423828 633.395259857178 618.98413848877 714.025489807129 673.860027313232 780.405121326447 713.938358306885 909.716361999512 824.588638305664 594.592086791992 781.048017501831 1047.77310943604 1058.96110105515 665.025726318359
613.806415557861 1015.93123626709 533.653732299805 570.794548034668 611.641418457031 602.98588180542 633.915438652039 712.737770080566 629.830059051514 586.512016296387 484.676361083984 503.199462890625 749.173690795898 790.852325439453 717.911247253418 722.369270324707 698.892654418945 707.056880950928 660.673400461674 664.659018039703 593.575057983398 676.452251911163 677.417119979858 516.816879272461 665.427246928215 526.769348144531 530.185165405273 569.308601379395 639.087905883789 800.317596435547 706.282970428467 605.920207977295 590.72710609436 611.430374145508 438.441421508789 493.293769836426 587.464889526367 748.384658813477 723.53377532959 571.052825927734 680.320178985596 696.786125183105 802.329273223877 871.12051486969 695.545291900635 594.205062866211 707.490873336792 904.210192680359 855.349727630615 816.363204956055
570.229969978333 533.092884063721 625.62938117981 599.978668212891 714.605319976807 707.156558990479 685.934886932373 736.191650390625 619.324068069458 689.348178863525 560.502586364746 591.863571166992 659.765003204346 741.607620239258 709.116111755371 700.753234863281 556.308708190918 648.240301132202 777.152557373047 702.926593780518 715.554718017578 525.082504272461 620.575790405273 645.984848022461 618.901733398438 646.376291275024 625.808418273926 689.790239334106 623.534198760986 653.060719490051 759.49080657959 952.615905761719 691.555519104004 647.40954875946 648.328763484955 607.819759368896 697.319332122803 859.94287109375 662.283679962158 667.41593170166 592.517532348633 658.125015258789 773.965251922607 881.358074188232 819.229789733887 723.131317138672 745.455917358398 722.234718322754 994.088897705078 929.494354248047
633.452071666718 565.395523071289 584.530799865723 604.288345336914 668.468982458115 524.155776977539 666.008295059204 630.087163925171 637.20178604126 562.297897338867 549.273834228516 614.579652786255 673.888042449951 604.036111831665 681.691024780273 825.038177490234 680.476089477539 646.558506250381 706.901744842529 771.669708251953 734.765151977539 777.090072631836 757.228538513184 818.36595916748 734.128284454346 542.92854309082 539.289031982422 678.879986763 680.915467262268 828.302291870117 893.777648925781 775.400257110596 761.836730957031 608.483501434326 690.283836364746 702.108089447021 673.096147537231 736.927139282227 595.769374847412 598.065317630768 732.186241149902 727.277025222778 492.466690063477 582.853088378906 729.209976196289 843.492004394531 599.819557189941 910.38752746582 970.88249206543 1007.05082702637
617.692656040192 738.959171295166 804.2412109375 671.770935058594 430.696990966797 1137.91136932373 715.436012268066 619.438113212585 735.961517333984 769.431785583496 686.044372558594 739.944953918457 711.460380554199 644.698377609253 667.28634262085 712.046226501465 587.380641937256 705.1640625 677.463384628296 844.228149414062 720.308898925781 596.793313980103 727.090246200562 786.677555084229 714.406268119812 693.801825046539 609.875885009766 695.411502838135 635.090951919556 744.031349182129 709.211402893066 744.839794158936 690.62272644043 652.315933227539 638.648025512695 748.133971452713 675.810550689697 817.315315246582 608.471450805664 734.833648681641 764.251892089844 564.758289337158 444.647903442383 608.155082702637 697.402835845947 572.046287536621 643.359092712402 716.570152282715 718.662300109863 853.263725280762
632.88621711731 671.388568878174 753.135183334351 694.360132455826 610.074096679688 804.616561889648 931.788955688477 702.370414733887 779.658203125 749.761528015137 712.063613891602 750.598251342773 695.921142578125 746.5791015625 577.698230743408 529.30736541748 690.660659790039 702.764636993408 710.436088562012 633.760578155518 748.242889404297 634.499606609344 520.366298675537 907.069137573242 769.420520782471 703.163387298584 656.939792633057 693.51095199585 683.782918930054 742.50626373291 818.77604675293 815.921005249023 649.023239135742 657.987125396729 743.573909759521 852.327236175537 693.301596641541 649.199901580811 747.421138763428 682.684177398682 792.225936889648 579.003997802734 558.826477050781 701.421058654785 524.171005249023 528.929138183594 484.633544921875 569.693267822266 870.670028686523 914.673484802246
565.326240539551 559.300018310547 773.189136505127 818.726253509521 647.515476226807 691.126655578613 792.356048583984 884.18391418457 776.309547424316 773.482986450195 690.311813354492 873.478881835938 719.545143127441 777.541564941406 782.828842163086 642.678995132446 546.95641708374 584.074813842773 557.780372619629 567.969467163086 657.537225723267 755.28588104248 670.708564758301 503.98681640625 723.69958114624 701.612705230713 736.442268371582 684.448532819748 707.142639160156 645.634572982788 637.869079589844 547.157135009766 600.639381408691 757.017150878906 755.967499732971 866.799835205078 783.861549377441 751.875350952148 751.28235244751 736.077983856201 769.910461425781 683.680894851685 757.16215133667 557.018203735352 607.335021972656 556.077499389648 650.075656890869 764.287086486816 851.883506774902 609.558265686035
640.132053375244 537.09587097168 711.823925018311 648.667839050293 584.813201904297 510.381927490234 611.767818689346 776.005706787109 685.317827224731 786.382904052734 715.527153015137 795.949295043945 735.09156036377 739.28938293457 621.934309229255 620.122281074524 613.776261329651 672.611862182617 505.631546020508 553.182510375977 608.598468780518 653.985450744629 765.822887420654 822.796363830566 619.807754516602 493.34317779541 643.717155456543 653.625255584717 607.583602905273 574.124847412109 527.761245727539 555.666435241699 511.864120483398 732.964910507202 652.285980224609 777.566761016846 714.890487670898 828.153915405273 719.10263633728 665.381940841675 826.135589599609 725.389850616455 776.206359863281 738.16907119751 651.298942565918 799.285938262939 805.090850830078 712.114444732666 615.576385498047 654.042282104492
628.225257873535 692.748100280762 734.714898586273 781.073745727539 645.104019165039 611.951263427734 662.224335670471 1003.59011363983 502.96849822998 686.601773262024 749.03840637207 603.641185760498 708.442462921143 772.953392028809 580.613826751709 682.215942382812 617.771525382996 649.235601425171 564.480453491211 658.248483657837 636.942073822021 481.172576904297 557.335105895996 640.621641159058 738.700454711914 721.256739377975 657.258922576904 537.213684082031 594.349601745605 742.855102539062 571.121616363525 528.814491271973 589.137397766113 563.157005310059 729.138946533203 600.847900390625 580.320159912109 561.209594726562 661.359336853027 700.812104225159 740.408818721771 719.081681251526 737.328226089478 830.697288513184 668.863830566406 839.928230285645 804.951648712158 748.463270187378 1098.44694519043 690.991050720215
711.882877349854 606.972629547119 732.833475589752 687.446979522705 809.715110778809 834.769912719727 632.820148468018 630.944248199463 560.797325134277 835.838851928711 774.137336730957 648.135564804077 734.325531005859 799.395843505859 755.632720947266 556.885330200195 680.25798034668 612.392158508301 549.363960266113 624.449707508087 699.277076721191 520.059631347656 468.409164428711 612.560180664062 642.304748535156 746.985289573669 807.260005950928 817.584579467773 526.95573425293 673.799562454224 676.858735084534 668.408243179321 507.000595092773 693.183452606201 707.427974700928 661.198467254639 425.522979736328 572.765769958496 707.784593582153 657.536102294922 732.587440490723 627.86825466156 641.937126159668 671.302230894566 741.448263168335 741.052074432373 669.808891296387 989.609580993652 752.319812774658 856.45337677002
820.423969745636 614.253056526184 624.01294708252 672.803688049316 748.077078819275 736.59928894043 753.545875549316 792.829021453857 750.335277557373 784.963798522949 810.973007202148 599.494795799255 596.06969833374 777.084953308105 768.761199951172 644.046689033508 833.580764770508 722.41487121582 750.442184448242 659.02306842804 550.000427246094 600.765716552734 491.709014892578 638.751752853394 626.799381256104 732.956623077393 930.963356018066 903.284267425537 593.715827941895 575.248291015625 648.31201171875 601.585258483887 595.001289367676 717.366317749023 745.692413330078 564.526321411133 611.629447937012 607.183052062988 588.205375671387 693.979496717453 655.071876525879 643.534622192383 764.76976776123 685.539756774902 639.835578918457 614.636047363281 787.679878234863 1031.21732234955 929.403636932373 1016.24461722374
804.043706893921 782.451446533203 685.146617889404 719.013704299927 633.807731628418 645.104187011719 815.774108886719 835.23876953125 666.528373718262 629.967910766602 688.660555839539 589.234283447266 653.049304485321 600.79468536377 605.428352355957 675.330009460449 618.524929046631 731.458671569824 693.078163146973 750.858726501465 691.648796081543 667.148889064789 590.574770927429 889.166110992432 853.580764770508 543.757522583008 1018.43178367615 871.326824188232 1026.54638195038 1217.71067047119 1270.22425079346 662.531330108643 644.558204650879 635.076652526855 676.715518951416 792.274621963501 843.345443725586 747.331943511963 762.186988830566 657.634407043457 577.48796081543 658.151554107666 728.999313354492 682.125099182129 886.415090560913 958.774410247803 1227.4596786499 805.137783050537 911.537071228027 759.517513275146
794.469366073608 832.327995300293 736.189765930176 836.366523742676 735.242153167725 840.447059631348 890.543525695801 786.920392036438 657.230262756348 986.189014434814 671.492778778076 595.568672180176 664.717381954193 649.160449981689 483.344299316406 584.956314086914 571.970863342285 612.937580108643 601.595283508301 744.844749450684 657.82640594244 734.558479309082 621.890874862671 577.23258972168 548.994731903076 743.677753448486 778.281837463379 556.649459838867 647.024047851562 635.4635887146 682.887065291405 578.024055480957 483.534515380859 1115.46029663086 740.611389160156 854.217620849609 1266.15129089355 1101.14254522324 744.62789440155 864.630184173584 829.914657592773 561.660400390625 815.480499267578 671.311988830566 708.734428405762 934.874664306641 943.098983764648 1041.40652084351 1542.18501281738 785.87890625
817.173905849457 767.798202514648 709.969212293625 612.9912109375 733.968597412109 971.630432128906 931.354400634766 841.504913330078 865.945419311523 812.056200027466 1108.08014297485 555.674278259277 656.465888977051 594.987632751465 546.201187133789 701.500735282898 630.654987335205 764.044059753418 656.170334815979 695.090236663818 549.753944396973 471.582168579102 621.947109222412 569.836051940918 592.327026367188 604.612972259521 597.209548950195 398.869750976562 617.236179351807 585.448799133301 579.659255981445 636.490123748779 538.823059082031 573.725387573242 628.559440612793 495.022445678711 541.488693237305 1067.46617633104 703.007942199707 682.623140335083 746.361213684082 683.16775894165 1209.00725364685 550.000762939453 1107.79314422607 883.128799438477 812.351959228516 879.97413444519 946.539237976074 704.151260375977
632.780212402344 660.773971557617 671.082748413086 533.452842712402 728.682508468628 787.767082214355 809.831020355225 722.494186401367 807.274644851685 813.528099060059 734.789867401123 945.347599625587 654.630643844604 592.113441467285 710.030418395996 722.984752655029 744.066520690918 817.223449707031 636.673240661621 604.013870239258 599.113048553467 446.33659362793 514.482719421387 539.896331787109 843.937304973602 500.783325195312 442.066741943359 567.11865234375 534.250915527344 643.248199462891 792.793083190918 715.258205413818 633.361305236816 610.590660095215 763.549842834473 702.179063796997 925.470077514648 973.988986968994 891.479632377625 718.329937934875 676.409381866455 739.793449401855 1084.50482606888 628.060852050781 933.169342041016 943.788108825684 708.222644805908 1122.3127322197 846.493885040283 1453.01565170288
-9999 654.964321136475 599.331596374512 564.117721557617 787.641273498535 755.700204342604 562.11572265625 700.366600036621 765.986524581909 727.937987327576 666.565895080566 1003.49312591553 686.157342910767 744.672569274902 670.449085235596 587.260740280151 667.726137161255 689.905418395996 636.145191192627 562.858531951904 589.181900024414 652.747203350067 581.310176849365 989.485475540161 838.256927490234 640.068943023682 598.486869812012 512.19344329834 444.585815429688 590.558570861816 705.690181732178 680.70131778717 679.784484863281 742.782188415527 1026.42830896378 672.77006483078 580.047080993652 562.625129699707 612.237670898438 613.165657043457 603.007209777832 731.718541145325 692.747337341309 775.267417907715 737.709999084473 1170.648021698 668.40641784668 824.343807220459 823.602378845215 917.295989990234
-9999 773.809772491455 648.294525146484 554.712574005127 690.869640350342 701.421951293945 726.192359924316 671.88907623291 861.887706756592 733.241752624512 749.864994049072 812.65043258667 576.082054138184 830.832061767578 629.19930267334 543.240943908691 584.968224525452 506.519134521484 735.795883178711 731.001358032227 628.473785400391 688.653427124023 762.064674377441 667.217287063599 1007.19590377808 697.918979644775 539.556640625 518.123504638672 495.078155517578 668.610769271851 668.668291091919 530.074951171875 718.454833984375 666.814447402954 1173.55229949951 611.875400543213 493.139038085938 672.483735084534 731.972236633301 572.151985168457 655.19994354248 682.127826690674 786.54105758667 810.142108917236 799.381500720978 706.272560119629 858.81298828125 731.278610229492 618.072845458984 639.860168457031
-9999 -9999 726.325752258301 672.396456718445 632.791017532349 738.100378036499 792.627395629883 832.083068847656 704.645164489746 717.997436523438 758.087077617645 698.103786468506 643.566783905029 770.466674804688 635.265176773071 351.541961669922 567.19397354126 649.34497833252 740.149070739746 618.539688110352 562.411552429199 672.657554626465 651.137908935547 582.347415924072 718.343822479248 739.050514221191 685.422756195068 437.292007446289 435.275039672852 675.962720870972 615.009506225586 559.155952453613 614.217391967773 622.58226776123 711.598342895508 581.709941864014 549.741149902344 570.038818359375 535.151000976562 787.820106506348 742.629692077637 638.572776794434 725.358736038208 799.070068359375 797.796836853027 653.116355895996 697.555404663086 715.746248245239 785.268264770508 702.037216186523
-9999 -9999 1080.63094139099 1046.60189819336 719.701026916504 637.630502700806 860.08219909668 775.402990341187 623.309196472168 673.091621398926 958.870384216309 733.019027709961 641.816727638245 859.405944824219 644.435735702515 531.140480041504 529.547620773315 684.61971282959 619.909885406494 676.477691650391 517.614953994751 466.346138000488 666.835708618164 632.110084533691 467.75227355957 680.412666320801 576.589401245117 461.218109130859 509.606964111328 527.83447265625 708.336025238037 605.94079208374 608.823974609375 603.220458984375 534.427932739258 664.593817234039 585.931869506836 774.872005462646 693.741973876953 760.136270523071 825.692249298096 923.619289398193 775.382865905762 809.730171203613 835.841899871826 900.896656036377 830.804695129395 794.111961364746 1059.83257293701 665.15705871582
-9999 -9999 -9999 778.647302627563 609.271724700928 616.165916442871 746.404037475586 748.850498199463 653.248710632324 611.213470458984 553.097518920898 710.752632141113 645.790959358215 722.930351257324 660.820156097412 573.488456726074 533.016513824463 707.882537841797 627.792259216309 443.553192138672 569.499258041382 570.531873703003 452.58553314209 1323.92199707031 504.319374084473 555.79109954834 762.008590698242 541.773239135742 571.417770385742 595.09977722168 786.551490783691 576.961547851562 475.85368347168 569.436546325684 595.565124511719 712.528259277344 520.798278808594 524.371292114258 659.374031066895 618.147746801376 720.889503479004 835.294095993042 626.793067932129 607.163635253906 564.141067504883 704.265365600586 602.839157104492 647.793006896973 711.008901596069 1265.39387512207
-9999 -9999 -9999 716.245490550995 579.132930755615 682.581113815308 900.805938720703 824.564651489258 737.201776504517 860.336669921875 657.051422119141 710.449726164341 718.784492492676 650.49535369873 721.208168029785 823.583526611328 704.976638793945 665.082412719727 665.04248046875 621.794384002686 562.824855804443 525.158256530762 645.537101745605 751.574661254883 616.080638885498 613.538105010986 566.810081481934 767.151390075684 749.789848327637 709.084095001221 572.348556518555 707.000354766846 577.705940246582 602.583267211914 703.036060333252 1014.14534759521 605.746726989746 497.827835083008 540.753189086914 573.849433898926 643.56282043457 639.573570251465 727.120716094971 722.129486083984 653.173858642578 1165.17558288574 672.90495300293 786.275756835938 940.352737426758 865.386810302734
