simdem/realisation40.asc
NCOLS 350 
NROWS 171 
XLLCORNER 152620 
YLLCORNER 418050 
CELLSIZE 100 
NODATA_value -9999 
[rows 0 to 21 of 171, columns 100 to 149 of 350]
-9999 -9999 -9999 -9999 -9999 -9999 -9999 -9999 -9999 -9999 -9999 -9999 -9999 -9999 -9999 -9999 -9999 -9999 -9999 -9999 -9999 -9999 -9999 -9999 -9999 -9999 -9999 -9999 -9999 -9999 -9999 -9999 -9999 -9999 -9999 -9999 -9999 -9999 -9999 -9999 -9999 -9999 -9999 -9999 -9999 -9999 670.42911529541 743.997246742249 509.443176269531 487.635757446289
-9999 -9999 -9999 -9999 -9999 -9999 -9999 -9999 -9999 -9999 -9999 -9999 -9999 -9999 -9999 -9999 -9999 -9999 -9999 -9999 -9999 -9999 -9999 -9999 -9999 -9999 -9999 -9999 -9999 -9999 -9999 -9999 -9999 -9999 -9999 -9999 -9999 -9999 -9999 -9999 842.506378173828 762.166949033737 940.449523925781 819.21630859375 762.240585327148 713.761533021927 634.757064819336 540.091911315918 496.003196716309 483.197849273682
-9999 -9999 -9999 -9999 -9999 -9999 -9999 -9999 -9999 -9999 -9999 -9999 -9999 -9999 -9999 -9999 -9999 -9999 -9999 -9999 -9999 -9999 -9999 -9999 -9999 -9999 -9999 -9999 -9999 -9999 -9999 -9999 -9999 -9999 -9999 -9999 -9999 767.132169723511 741.699798583984 843.932830810547 757.470405578613 959.712417602539 877.609687805176 737.801216125488 786.684143066406 698.21947479248 682.371337890625 752.818237304688 696.604858398438 544.262191772461
-9999 -9999 -9999 -9999 -9999 -9999 -9999 -9999 -9999 -9999 -9999 -9999 -9999 -9999 -9999 -9999 -9999 -9999 -9999 -9999 -9999 -9999 -9999 -9999 -9999 -9999 -9999 -9999 -9999 -9999 -9999 -9999 -9999 -9999 644.354293823242 867.21272277832 781.673955917358 709.985324859619 570.889778137207 686.854011535645 607.939819335938 774.147277832031 779.956604003906 660.978395462036 688.87052154541 742.457405090332 648.212669372559 834.628868103027 802.437393188477 504.59545135498
-9999 -9999 -9999 -9999 -9999 -9999 -9999 -9999 -9999 -9999 -9999 -9999 -9999 -9999 -9999 -9999 -9999 -9999 -9999 -9999 -9999 -9999 -9999 -9999 -9999 -9999 -9999 -9999 -9999 -9999 -9999 -9999 655.15376663208 649.555194854736 546.94425201416 638.531837463379 525.691101074219 861.725723266602 601.064865112305 649.515224456787 698.297317504883 736.242721557617 866.045776367188 658.089771270752 680.129959106445 737.08190536499 845.652214050293 766.449811935425 760.399528503418 748.438079833984
-9999 -9999 -9999 -9999 -9999 -9999 -9999 -9999 -9999 -9999 -9999 -9999 -9999 -9999 -9999 -9999 -9999 -9999 -9999 -9999 -9999 -9999 -9999 -9999 -9999 -9999 -9999 -9999 -9999 -9999 675.96589410305 624.678352355957 636.026363372803 437.294372558594 446.474395751953 569.497451782227 738.719631195068 682.807220458984 729.507865905762 796.855560302734 784.990226745605 718.093042373657 744.624362945557 720.327033996582 777.201768875122 627.007431030273 793.224811553955 860.482933998108 812.414286136627 707.026430130005
-9999 -9999 -9999 -9999 -9999 -9999 -9999 -9999 -9999 -9999 -9999 -9999 -9999 -9999 -9999 -9999 -9999 -9999 -9999 -9999 -9999 -9999 -9999 -9999 -9999 -9999 -9999 682.021553039551 703.690593719482 560.404949188232 489.637832641602 634.712024688721 588.297028064728 504.505661010742 509.634483337402 397.324966430664 496.312728881836 660.181972503662 636.113624572754 845.680377960205 891.951644897461 656.552001953125 833.342472076416 778.80400800705 615.305456161499 708.482087135315 1066.19305038452 1146.01274871826 986.433525085449 1148.16081237793
-9999 -9999 -9999 -9999 -9999 -9999 -9999 -9999 -9999 -9999 -9999 -9999 -9999 -9999 -9999 -9999 -9999 -9999 -9999 -9999 -9999 -9999 -9999 -9999 734.347514629364 714.971432685852 634.502564430237 420.644989013672 553.219966888428 535.9059715271 535.761901855469 498.436515808105 469.874649047852 404.933654785156 482.898986816406 421.185272216797 532.558609008789 618.614833831787 672.978944519535 945.020767211914 784.428131103516 600.435668945312 880.395474433899 870.714962005615 922.345680236816 1021.45786714554 940.771533966064 1041.25489425659 845.332710266113 1208.08786773682
-9999 -9999 -9999 -9999 -9999 -9999 -9999 -9999 -9999 -9999 -9999 -9999 -9999 -9999 -9999 -9999 -9999 -9999 -9999 -9999 -9999 -9999 488.383697509766 828.054252624512 594.129573822021 469.919418334961 560.249309539795 564.697883605957 501.272499084473 755.660232543945 604.118453979492 565.514518737793 595.624143600464 432.44953918457 467.052917480469 560.405675888062 523.771934509277 769.445755004883 757.450122833252 805.532045602798 1146.50189208984 641.226257324219 738.980663299561 879.96603012085 688.316603183746 1055.17683601379 734.620960950851 784.622444152832 732.901903152466 599.362064361572
-9999 -9999 -9999 -9999 -9999 -9999 -9999 -9999 -9999 -9999 -9999 -9999 -9999 -9999 -9999 -9999 -9999 -9999 -9999 1169.05910491943 689.596725463867 726.552881240845 516.393630981445 543.940521240234 464.089557647705 498.611505508423 461.306015014648 588.293874740601 566.306313514709 463.135322570801 469.56778717041 499.704582214355 535.026657104492 524.831596374512 527.173187255859 571.837547302246 520.764106750488 388.321716308594 579.967868804932 589.050430297852 828.994567871094 700.284675121307 609.655372619629 659.007341384888 642.644311904907 625.79761505127 695.467366218567 705.1725025177 640.253189086914 662.949317932129
-9999 -9999 -9999 -9999 -9999 -9999 -9999 -9999 -9999 -9999 -9999 -9999 -9999 -9999 -9999 -9999 -9999 1037.35762023926 1050.83993911743 1104.78548431396 632.603257656097 658.344097137451 552.22744178772 464.596199035645 583.208457946777 570.89086151123 668.13503074646 722.547729492188 744.353866577148 615.697788238525 594.269271850586 581.941574573517 535.215145111084 390.287261962891 499.781463623047 625.253570556641 410.938034057617 428.84294128418 618.495811462402 651.393436431885 738.132583618164 689.901325404644 760.925216674805 657.892766952515 619.659915924072 622.372428894043 640.200370788574 799.029571533203 721.443855285645 635.932719707489
-9999 -9999 -9999 -9999 -9999 -9999 -9999 -9999 -9999 -9999 -9999 -9999 -9999 -9999 593.236137390137 650.714584350586 732.607248306274 936.95902633667 910.878234863281 1091.26530456543 1087.11515045166 763.524780273438 522.672912597656 546.945411682129 586.244148254395 485.504135131836 661.849617004395 659.395875930786 557.74462890625 677.536540985107 627.402370452881 640.186370849609 614.47957611084 463.439399719238 366.769805908203 505.261966705322 539.272040367126 582.234350204468 730.554634094238 620.033988952637 611.715644836426 744.724880218506 665.907090187073 783.414863586426 514.927673339844 625.005899429321 762.841423034668 799.113777160645 711.602581501007 585.76155090332
-9999 -9999 -9999 -9999 -9999 -9999 -9999 -9999 -9999 -9999 -9999 -9999 627.544555664062 796.999076843262 648.898244857788 671.792823791504 607.892305374146 602.106013298035 1093.52310943604 1085.37914276123 980.891499519348 750.213470458984 615.541473388672 457.600601196289 557.621246337891 732.161575317383 666.83228302002 567.622116088867 655.309448242188 661.508401870728 507.408542633057 590.919548034668 500.674724578857 445.139114379883 518.768692016602 470.715995788574 501.8095703125 676.809852600098 653.645323753357 688.406513214111 641.803405761719 643.828395843506 652.758894920349 549.660934448242 694.614696502686 616.018720626831 667.005420684814 633.955448150635 696.379005432129 622.683727264404
-9999 -9999 -9999 -9999 -9999 -9999 -9999 -9999 -9999 -9999 652.945343017578 672.235221862793 690.504848480225 702.819116592407 691.628574371338 435.570922851562 574.453643798828 697.191070556641 610.879076004028 621.690040588379 669.93327331543 634.530384063721 470.360656738281 659.926162719727 826.863983154297 730.816586494446 633.513343811035 648.225433349609 741.405960083008 551.38840675354 543.054349899292 601.372741699219 438.356758654118 403.934398651123 566.188269138336 628.654632568359 547.715683460236 668.987106323242 580.152404785156 516.133140563965 567.344970703125 733.694915771484 853.728912353516 713.767524719238 562.513572692871 649.259391784668 644.563347816467 667.802937507629 579.883697509766 505.788375854492
718.364295959473 858.570709228516 828.970771789551 670.345233917236 673.302360534668 387.469802856445 430.192878723145 570.562133789062 473.471351623535 337.00562286377 626.231464385986 727.243106842041 702.489658355713 582.386642456055 618.144597053528 571.820388793945 535.30827331543 547.597457885742 495.046859741211 609.544921875 611.99870300293 806.700462341309 801.525978088379 677.853221893311 725.100759506226 697.562841415405 769.792400360107 735.911752700806 765.103973388672 578.463122367859 610.646957397461 559.978542327881 690.451629638672 514.061988830566 570.848562717438 677.289586544037 827.45832824707 663.757804870605 626.68466758728 611.285385131836 659.471498966217 664.129445075989 622.093635559082 609.05611038208 714.807910919189 568.339405059814 635.025085449219 630.531669616699 519.393989562988 624.406265258789
722.654857635498 915.816070556641 880.835121154785 605.894709348679 667.47166633606 348.232963562012 273.657196044922 434.514400482178 391.095737457275 310.521606445312 574.253784179688 742.473606109619 627.121869087219 622.008764743805 511.861083984375 533.117492675781 523.09676361084 688.230247497559 695.402777314186 668.911968231201 796.847190856934 739.967487335205 592.630184173584 700.14506149292 461.13752746582 620.050811767578 853.307830810547 570.889610290527 616.447231292725 715.037780761719 667.626510620117 540.312088012695 581.500175476074 645.687316894531 687.378662109375 846.413566589355 736.940776824951 709.090705871582 576.948787689209 567.478607177734 673.678025245667 801.96125793457 623.300357818604 624.768766403198 606.881958007812 1113.50081634521 945.849927425385 750.90690946579 618.845599651337 550.944443702698
670.539627075195 668.114151477814 549.403221130371 531.723854064941 536.231582641602 314.685821533203 362.516448974609 375.61856842041 283.939102172852 457.071350097656 615.60343337059 423.027824401855 425.653156280518 633.086035728455 532.317901611328 748.807807922363 633.77978515625 675.433044433594 843.555648803711 822.19091796875 754.404988288879 1059.51190185547 467.581680297852 642.542533874512 563.380653381348 543.041007995605 548.320098757744 840.167861938477 353.961784362793 611.250688612461 655.393389821053 614.195022583008 515.140930175781 850.427066802979 740.097076416016 730.126616477966 690.723033905029 635.060054779053 446.389465332031 660.28409910202 753.248603820801 696.680995941162 895.652839660645 968.425384521484 736.369964599609 558.035934448242 605.772830963135 758.997596740723 606.727216720581 541.209320068359
700.769844055176 580.549789428711 520.297332763672 429.356201171875 694.78434753418 615.123836517334 797.918338775635 1025.08829498291 569.87378692627 521.733009338379 564.461154937744 452.326692581177 541.339628219604 774.499088287354 890.668838500977 685.736994743347 812.727828979492 625.123001098633 423.612419128418 937.140258789062 618.987510681152 644.512237548828 458.433395385742 550.091339111328 595.605461120605 583.310667991638 674.12540435791 817.234008789062 738.85022354126 653.164302825928 637.392482757568 802.644233703613 611.344263076782 606.025760650635 492.252090454102 1242.59168875217 593.899528503418 386.981887817383 393.843078613281 554.809288024902 1278.09206581116 723.223403930664 665.301284790039 624.883811950684 620.958404541016 749.648101806641 718.532459259033 472.138702392578 402.751449584961 485.207939147949
641.595464706421 574.404037475586 1018.70096588135 651.018718719482 827.75373840332 634.245784759521 816.40364074707 1108.52734816074 590.364122390747 581.866226196289 817.250061035156 760.471771240234 617.471591949463 752.450208187103 681.588928222656 868.02458190918 611.222057342529 627.720726013184 612.684608459473 760.999439239502 647.762420654297 667.712982177734 584.960830688477 653.779832839966 429.56421661377 573.742202758789 657.65966796875 698.093780517578 1163.51026916504 840.278123855591 702.786912918091 935.417465209961 1109.79285049438 1014.10585021973 605.746856689453 1039.43742370605 956.404724121094 847.131797790527 535.606323242188 643.460131645203 601.791891098022 653.200332641602 642.202228546143 583.757652759552 626.936522960663 667.613117218018 618.465698242188 420.810272216797 545.069030761719 625.991130828857
698.386581420898 808.327484130859 1234.06928634644 629.791084289551 922.981407165527 692.332572937012 867.519912719727 1247.67144775391 971.603788375854 714.916007518768 951.200655937195 1020.71766662598 1015.29919815063 1148.76322937012 636.079116821289 1234.79953765869 612.263793945312 530.032562255859 432.571472167969 987.27660369873 655.456390380859 638.264381408691 431.914489746094 389.625152587891 1128.81028747559 1190.80309486389 908.511329650879 764.102272033691 609.580238342285 553.575590133667 391.034164428711 675.70516204834 493.484939575195 726.54029083252 584.106922149658 1168.71903991699 426.967132568359 579.846366882324 660.56273651123 619.906032562256 574.179885864258 451.695594787598 712.173156738281 605.535028457642 596.972564697266 682.354778289795 587.773315429688 411.247421264648 461.691360473633 547.637893676758
691.983417510986 604.85552740097 624.586496829987 585.381715774536 518.897216796875 583.787971496582 958.4697265625 626.266942977905 997.028842926025 583.776885986328 560.066879272461 931.635520935059 651.432006835938 945.550842285156 1158.70605373383 960.313293457031 1212.37651443481 1179.0013923645 567.090728759766 573.088981628418 727.962768554688 393.15673828125 978.254196166992 380.509735107422 432.423645019531 1242.10359096527 530.635009765625 632.399603843689 585.19095993042 534.050800323486 442.052024841309 492.151733398438 517.246482849121 570.967445373535 616.04783821106 679.642151832581 626.863136291504 636.126865386963 553.581588745117 644.675052642822 705.399879455566 677.222949981689 609.865776062012 569.063373565674 733.005867004395 740.452922821045 642.416436195374 539.797760009766 478.911117553711 378.078338623047
534.910137176514 556.622852325439 510.255172729492 534.346828460693 697.239486694336 864.997844696045 716.089698791504 895.845832824707 828.726036071777 809.480270385742 677.558040618896 722.58757019043 703.003002166748 859.192932128906 591.514846801758 2187.84663391113 1125.38754272461 809.250495910645 427.015670776367 937.077827453613 931.312443256378 633.35083770752 483.249496459961 844.460540771484 1090.7094039917 1470.5612487793 1123.88854217529 862.635126113892 660.745590209961 622.241432189941 615.41700553894 612.615439414978 640.147968292236 686.123802185059 730.145408630371 648.61254119873 567.727684020996 624.462284088135 626.772216796875 614.315090179443 597.083404541016 576.120666503906 479.634948730469 525.395492553711 670.541919708252 712.018684387207 532.208717346191 545.242820739746 515.307403564453 634.827514648438
