simdem/realisation61.asc
NCOLS 350 
NROWS 171 
XLLCORNER 152620 
YLLCORNER 418050 
CELLSIZE 100 
NODATA_value -9999 
[rows 132 to 153 of 171, columns 250 to 299 of 350]
757.648529052734 756.939334869385 645.044540405273 717.754856109619 690.647613525391 483.643325805664 499.893966674805 593.054740548134 632.052391052246 785.521242141724 841.013244628906 729.481849253178 836.841300964355 768.283060073853 727.484283447266 791.690097808838 642.511428833008 672.641731262207 811.915264129639 790.819564819336 683.407520294189 797.298782348633 907.829376220703 597.407691955566 674.901752471924 755.00691986084 725.126686096191 722.38106918335 583.21648979187 655.946683883667 646.873306274414 749.641624450684 684.160800933838 523.58814239502 674.548320770264 657.46618270874 668.344690322876 874.244583129883 857.712631225586 807.068164825439 871.735412597656 1036.77154541016 954.12911939621 1166.48452758789 1088.69312286377 785.550994873047 973.655158996582 838.920738220215 867.188459396362 933.793014526367
842.14001083374 831.84183883667 824.63738822937 707.263084411621 484.267868041992 305.557006835938 487.548866271973 535.282684326172 851.251502990723 742.045585632324 696.676525115967 841.987045288086 810.735912322998 671.40966796875 819.655960083008 782.143741607666 745.153926849365 888.602647781372 1000.80457353592 720.137340545654 817.362716674805 786.138931274414 785.342781066895 758.073509216309 806.778953552246 848.359634399414 559.253875732422 701.389518737793 561.624923706055 638.750408172607 724.398590087891 791.342376708984 695.071426391602 642.616744041443 691.063388824463 697.312145233154 733.16242980957 635.070310592651 846.31721496582 821.985946655273 669.176943778992 913.242904663086 944.003273010254 987.61669921875 1147.30331420898 1094.87580871582 1103.46562290192 688.733383178711 822.943466186523 851.588512420654
847.817035675049 818.887535572052 712.788223266602 572.677909851074 451.668243408203 348.251708984375 557.164459228516 759.443481445312 705.22380065918 771.5924949646 730.491947174072 738.67259979248 700.355934143066 710.090126037598 677.49723815918 674.692207336426 617.222869873047 702.486770629883 1065.90090179443 783.434483289719 887.142272949219 753.156356811523 873.470062255859 846.726226806641 714.213091850281 781.647766113281 597.757530212402 579.535438537598 581.159698486328 610.049854278564 763.549224853516 786.640342712402 517.693923950195 668.940685272217 799.867111206055 822.371353149414 775.092056274414 761.483116149902 749.160541534424 787.485305786133 674.346657276154 642.847932815552 614.44607925415 701.928398132324 890.714382171631 870.579666137695 831.721076965332 708.392318725586 838.339702606201 864.318033218384
798.826482772827 731.232828140259 646.429748535156 629.652429580688 673.734951019287 613.938806533813 803.091690063477 764.928152084351 741.00032043457 842.426792144775 831.832363128662 841.342516183853 733.456838607788 779.263107299805 783.853256225586 746.882223129272 569.184997558594 688.177837371826 992.193740844727 966.255462646484 920.167770385742 802.687370300293 908.12239074707 861.537033081055 715.802074432373 747.53882598877 578.809600830078 573.200218200684 839.294998168945 728.989906311035 620.740585327148 648.579878330231 703.248996734619 757.952613830566 682.661061763763 630.384418487549 684.587364196777 634.425422668457 781.41365814209 669.118827819824 755.978450775146 833.16015625 617.693645477295 611.488990783691 590.031585693359 875.030994415283 837.242809295654 901.00235748291 871.888500213623 915.993831634521
653.140419006348 709.333938598633 741.208923339844 785.894317626953 715.987655639648 692.604621887207 715.752906799316 817.920294761658 745.126094818115 744.875818252563 769.444688796997 814.246677398682 727.250259399414 800.881935119629 792.196136474609 721.565168380737 748.467414855957 682.908447265625 798.132162094116 791.848453521729 720.805137634277 596.929313659668 796.59912109375 717.102254867554 574.09489440918 637.369131088257 591.315361022949 523.537811279297 760.114837646484 749.328742980957 636.84298324585 619.688295841217 503.614959716797 661.087826728821 614.542518615723 641.101190567017 759.101329803467 777.457664489746 734.576488494873 666.861850738525 826.328750610352 767.429817199707 837.281295776367 616.790168762207 698.935699462891 762.539161682129 785.767684936523 868.90873336792 787.711139678955 973.87525177002
702.225208282471 852.279472351074 779.68669128418 939.143981933594 851.913928985596 792.853639304638 753.959854125977 732.469951629639 822.239959716797 779.104583740234 698.412330627441 857.528259277344 745.996985912323 748.855899810791 911.620162963867 768.450927734375 697.317758560181 842.773405075073 612.043739318848 783.11693572998 782.891189575195 798.382972717285 611.71630859375 711.180328369141 685.16622543335 716.813747406006 563.99242401123 565.842197418213 655.429591178894 725.317962646484 762.507652282715 791.842170715332 648.870294570923 665.0529088974 615.786071777344 806.680587768555 686.929689407349 814.929260253906 711.046945571899 681.553661346436 741.321826934814 818.918327331543 860.500350952148 849.443962097168 831.821731567383 818.954315185547 800.586719512939 988.4375 905.73445892334 813.49786567688
824.962074279785 804.457878112793 819.490348815918 834.590167999268 920.104141235352 781.022704720497 832.539386749268 715.650093078613 641.01570892334 704.605743408203 721.047492980957 911.85807800293 725.567287445068 860.235971450806 875.788856506348 669.134963989258 864.687072753906 765.974956512451 829.326477050781 942.402694702148 1006.87615966797 737.42692565918 691.5710105896 688.711206436157 633.398208618164 639.264444351196 668.885766506195 572.663650512695 686.729214668274 674.141109466553 764.540855407715 779.566947937012 703.15082359314 651.339815139771 730.778186798096 681.965266227722 735.734321594238 669.555061340332 670.498538970947 701.668940067291 713.778238296509 805.960273742676 745.963973999023 674.778869628906 769.873111724854 688.880367636681 802.017951965332 714.029403686523 868.61669921875 644.837730407715
846.394493103027 909.543197631836 873.635810852051 750.15763092041 900.372375488281 913.579513549805 808.771767616272 767.390677452087 526.532455444336 662.058502197266 739.26997756958 800.037168502808 659.699645996094 712.834281921387 751.972106933594 810.988494873047 778.923854827881 939.597869873047 771.26501083374 780.067394256592 852.183609008789 712.688938140869 934.51806640625 776.956451416016 759.702631950378 686.448959350586 707.265232086182 580.432678222656 727.564685821533 654.999015808105 547.384727478027 683.830810546875 639.769435882568 624.295013427734 699.476719379425 782.425285339355 686.614573478699 770.137718200684 700.677509307861 618.38591003418 605.151008605957 674.050449371338 714.994083404541 768.102729797363 677.54243850708 734.161761283875 690.05673122406 814.525657653809 809.904699802399 836.95436668396
837.640243530273 894.298057556152 883.283359527588 744.556327819824 716.957298278809 928.332412719727 900.59814453125 775.110600471497 857.897720336914 697.192375183105 729.073913574219 889.772911071777 750.46572470665 665.778633117676 796.844765663147 951.363540649414 914.728401184082 965.524993896484 717.696228027344 711.917327880859 760.355361938477 829.789497375488 797.363986968994 802.367691040039 706.817459106445 824.901584625244 918.294578552246 777.814168930054 675.201971054077 760.33177947998 720.29220199585 629.272254943848 685.66625213623 650.139220237732 725.748565673828 788.449081420898 610.028186798096 577.242980957031 733.009071350098 573.736419677734 597.193862915039 812.879806518555 639.903007507324 749.524971961975 818.994400024414 689.59143447876 772.65699005127 684.695852279663 649.998397827148 618.838081359863
902.595932006836 824.849304199219 785.133539199829 827.298502087593 826.549496889114 891.81356048584 838.773725509644 799.18913269043 815.281313896179 866.130821228027 833.462963104248 847.392181396484 919.281272888184 810.486445426941 853.819343566895 1041.07543945312 948.955490112305 866.686836242676 722.123153686523 681.00040435791 725.477174758911 817.613433837891 652.30558013916 656.128112792969 525.677200317383 677.917221069336 742.469421386719 821.76171875 841.028518676758 805.34118270874 871.015380859375 717.667368888855 646.776336669922 811.901473999023 912.698883056641 810.471748352051 465.906982421875 544.184173583984 654.613693237305 567.87532043457 737.137510299683 793.902885437012 703.72444152832 716.105563163757 723.291931152344 681.704685211182 770.199447631836 575.160949707031 621.034912109375 689.547416687012
838.107681274414 810.843524932861 1190.04241752625 908.403793334961 789.541198730469 817.870347976685 809.387887477875 670.804019927979 818.269515991211 760.480293273926 890.728092193604 770.203556060791 799.805035710335 1066.47848510742 900.885246276855 852.875335693359 960.074890136719 842.431478500366 831.601985931396 689.364101409912 683.439117431641 624.087387084961 622.131690979004 744.038820266724 656.358989715576 814.791877746582 677.949699401855 759.703666687012 804.088052749634 856.623191833496 921.480407714844 631.380939483643 707.207392692566 753.866165161133 805.408958435059 721.82208442688 688.401630401611 534.481597900391 662.022478103638 703.540613174438 813.485877990723 747.749050140381 704.156462669373 690.375351905823 743.53592300415 706.253511428833 710.937471389771 783.251304626465 654.356834411621 712.079100608826
836.493560791016 668.601902008057 1083.11874198914 687.449854850769 819.171852111816 701.65344619751 720.215606689453 1025.30221939087 672.228843688965 820.45903968811 864.863487243652 855.945671081543 882.80099105835 914.528694152832 765.464729309082 917.103576660156 838.783588409424 808.72184753418 678.406158447266 647.175910949707 689.600547790527 687.858148813248 772.797359466553 744.345011711121 861.524696350098 577.667610168457 711.441719055176 753.970226287842 807.060218811035 735.132965087891 928.776229858398 689.153955459595 758.77033996582 819.657867431641 729.089260101318 630.825035095215 818.661125183105 695.193912506104 751.830345153809 837.719985961914 731.058265686035 795.603134155273 795.785758972168 618.479148864746 617.062454223633 622.103507995605 676.633949279785 682.900215148926 707.941440582275 772.480918884277
701.146306037903 655.711837768555 964.519302368164 803.005336761475 787.602035522461 576.563594818115 648.716911315918 789.317024230957 612.123970031738 752.938301086426 979.777099132538 806.361671447754 858.455974578857 848.450243681669 887.374450683594 1047.11430358887 906.713928222656 704.005554199219 604.331527709961 823.396066188812 731.76159286499 718.936569213867 777.860214233398 795.446624755859 741.367267608643 699.82181930542 740.765089035034 867.21378326416 724.018177032471 838.608919143677 772.729541778564 863.657501220703 848.017532348633 887.200973510742 782.552070617676 798.024070739746 771.868389129639 655.971370697021 731.381553649902 833.662906646729 817.307281494141 684.343452453613 691.983510971069 661.247318267822 691.015396118164 618.736312866211 803.318832397461 651.13069152832 883.235504150391 669.74048614502
-9999 -9999 -9999 822.351097106934 905.933174133301 755.866981506348 644.872253417969 753.887512207031 675.379503250122 646.243850708008 854.605829238892 789.394227981567 800.214447021484 976.110538482666 838.014270782471 912.08500289917 990.276161193848 859.781209945679 726.422866821289 952.921760559082 903.747688293457 845.870667457581 917.730506896973 785.500518798828 815.56640625 762.962768554688 726.338247299194 747.161716461182 775.652000427246 868.820419311523 742.800830841064 796.170036315918 919.865951538086 963.853378295898 787.099296569824 801.188232421875 822.354759216309 812.49041557312 744.812683105469 784.382737159729 792.365647554398 728.789131164551 522.370864868164 621.76741027832 816.647125244141 718.993382453918 702.82025718689 819.18684387207 614.419357299805 884.785568237305
-9999 -9999 -9999 -9999 -9999 -9999 862.664963722229 839.171733856201 776.640189170837 822.993766784668 694.698862075806 712.922576904297 723.065872192383 868.943862915039 893.97031211853 780.379577636719 854.371810913086 748.279350280762 813.610012054443 863.714393615723 894.423431396484 860.754553556442 932.255744934082 920.576858520508 903.679672241211 660.790348052979 941.277061462402 866.647247314453 931.17756652832 863.232528686523 826.351546287537 943.802011489868 848.400230407715 888.001289367676 826.538681030273 673.140556335449 674.920883178711 821.702054977417 872.679595947266 1050.42910766602 861.472948074341 660.477821350098 500.755645751953 621.827812194824 622.615257263184 661.045803070068 701.249344348907 937.738998413086 861.553771972656 837.903984069824
-9999 -9999 -9999 -9999 -9999 -9999 -9999 -9999 -9999 975.05094909668 770.694959163666 722.332363128662 741.27271270752 854.276697158813 795.864793777466 758.090511322021 1014.50721740723 897.329981803894 1016.32548141479 767.558815002441 880.068607330322 1050.7890625 1017.86639404297 953.650611877441 956.771339416504 884.489891052246 856.331771850586 837.130142211914 807.123546600342 810.96936416626 840.619609832764 819.659353256226 789.945777893066 815.029823303223 679.589767456055 637.809532165527 635.267234802246 794.916381835938 736.380168914795 740.618793487549 692.835130691528 752.054378509521 576.23454284668 584.0498046875 651.547866821289 683.437252044678 768.492855072021 725.426619052887 743.930190563202 768.179347991943
-9999 -9999 -9999 -9999 -9999 -9999 -9999 -9999 -9999 -9999 -9999 744.005378723145 649.965911865234 680.536460876465 757.289710998535 696.880966186523 851.915451049805 1177.5977935791 771.227993011475 780.628679275513 1008.37504386902 1053.74198150635 964.887657165527 871.267162322998 844.564502716064 661.608375549316 797.732696533203 827.176635742188 823.87123966217 952.855012893677 904.964916229248 735.717826843262 841.667098999023 977.039093017578 786.894711494446 665.181732177734 607.860458374023 641.025253295898 527.236953735352 729.542623519897 897.282974243164 900.471527099609 820.576622009277 647.91569519043 810.181510925293 751.957870483398 778.987684249878 846.684906005859 746.479633808136 591.685440063477
-9999 -9999 -9999 -9999 -9999 -9999 -9999 -9999 -9999 -9999 -9999 -9999 746.880393981934 653.089263916016 655.27108001709 719.190517425537 831.84436416626 1361.75937652588 1015.89562988281 1002.36079406738 1240.0018157959 1180.08813476562 1130.30718231201 957.257499694824 814.826276779175 682.173294067383 739.695056915283 918.981056213379 877.978534698486 950.927124023438 738.795383453369 809.950599193573 794.134944915771 877.887062072754 791.137748718262 671.271221160889 620.137664794922 642.826644897461 719.438886642456 707.536642074585 741.455040931702 849.401084899902 899.649169921875 897.149459838867 877.154739379883 638.094589233398 657.893028259277 623.215606689453 709.828273773193 822.156551361084
-9999 -9999 -9999 -9999 -9999 -9999 -9999 -9999 -9999 -9999 -9999 -9999 655.073486328125 741.768367767334 761.344805717468 723.58939743042 821.136337280273 844.897333145142 899.934719085693 690.035797119141 887.866443634033 1048.48428344727 911.368690490723 794.77751159668 792.261377334595 889.663291931152 1277.58275985718 800.575212478638 1034.39049530029 1023.25588226318 858.29104578495 879.128234863281 678.118713378906 808.450290679932 902.151672363281 908.985179901123 753.265266418457 748.19568157196 691.406772613525 690.048065185547 739.284729003906 607.112503051758 757.272800445557 711.650253295898 811.191789627075 691.884506225586 645.842590332031 690.961692810059 661.199058532715 732.545303344727
-9999 -9999 -9999 -9999 -9999 -9999 -9999 -9999 -9999 -9999 -9999 -9999 -9999 810.502155303955 918.44709777832 917.946762084961 851.922729492188 771.996505737305 1024.88255310059 899.293420791626 779.524681091309 1022.37471008301 777.537751585245 807.702659606934 935.025184631348 855.663314819336 799.422458648682 905.482322692871 855.873222351074 865.809820175171 1136.78733158112 660.454627990723 839.798990249634 854.436111450195 863.630554199219 841.776565551758 869.919801950455 930.818756103516 823.350353837013 786.910237073898 741.237411499023 752.130500793457 773.215712964535 837.576137542725 709.385635375977 661.330223083496 654.378051757812 700.840217590332 785.363616228104 808.091083526611
-9999 -9999 -9999 -9999 -9999 -9999 -9999 -9999 -9999 -9999 -9999 -9999 -9999 -9999 724.017513275146 788.073167800903 799.638681411743 812.827110290527 874.682655334473 756.642654418945 790.274421691895 902.093433380127 981.939846038818 787.10404586792 849.806793212891 736.882638931274 863.837120056152 942.870971679688 948.793609619141 800.30456829071 698.368110656738 622.496376037598 742.631393432617 876.758346557617 913.056655883789 807.604766845703 977.45405960083 933.039253234863 964.644683837891 975.62353515625 795.585174560547 825.809426546097 878.45064163208 857.223908424377 690.107376098633 650.066482543945 738.243412017822 817.889761924744 745.760078430176 837.086807250977
-9999 -9999 -9999 -9999 -9999 -9999 -9999 -9999 -9999 -9999 -9999 -9999 -9999 -9999 758.548370361328 645.281112670898 634.035079956055 700.592109680176 672.944732666016 869.832510948181 1092.9833984375 945.129806518555 934.939392089844 822.903293609619 847.370146751404 916.864219665527 842.329080581665 889.736633300781 861.077682495117 871.220092773438 792.046000957489 679.127868652344 994.809829711914 825.852005004883 813.641571044922 819.768665313721 824.718868255615 837.366882324219 804.692106246948 945.522583007812 911.062522888184 738.818290710449 770.955703735352 811.903285980225 724.516578674316 786.677711486816 811.102115631104 886.265022277832 802.795087814331 958.067306518555
