simdem/realisation95.asc
NCOLS 350 
NROWS 171 
XLLCORNER 152620 
YLLCORNER 418050 
CELLSIZE 100 
NODATA_value -9999 
[rows 22 to 43 of 171, columns 150 to 199 of 350]
621.326458930969 592.320499420166 646.207044124603 557.942932128906 551.340148925781 636.138488769531 552.117641448975 492.123573303223 616.183876037598 611.466575622559 504.95344543457 689.847984313965 890.901481628418 752.022094726562 653.498718261719 646.483993530273 1018.9475402832 814.338729858398 584.434020996094 703.677127838135 633.985656738281 649.035352706909 798.830974578857 681.300838470459 599.635238647461 573.644287109375 843.340057373047 598.306564331055 627.428970336914 612.748189926147 513.859481811523 399.622955322266 599.336647987366 674.678672790527 577.145660400391 568.811492919922 672.492851257324 619.564159393311 789.598526000977 764.489471435547 706.016918182373 648.93244934082 703.035079956055 696.355942726135 729.874992370605 671.372345924377 725.645420074463 664.822704315186 750.357719421387 656.622406005859
556.974102020264 534.199501037598 549.072891235352 705.551170349121 576.319604873657 564.764282226562 621.38650894165 544.488090515137 667.177459716797 561.223812103271 526.718055725098 592.186965942383 788.99792098999 761.921783447266 563.635818481445 469.022186279297 616.240547180176 920.48917388916 655.695808410645 717.023738861084 571.630767822266 615.803131103516 674.705039978027 660.710029602051 635.75212097168 598.533866882324 871.727966308594 639.964904785156 575.415031433105 630.670055389404 557.377511978149 625.424388885498 600.303159713745 576.198883056641 660.730882644653 670.230730056763 684.923397064209 685.560497283936 507.410659790039 817.292770385742 700.277600288391 615.078216552734 651.680370330811 744.633094787598 715.750692367554 537.75350189209 730.126026153564 684.292091369629 566.877136230469 535.959495544434
528.406101226807 470.160011291504 484.390396118164 590.035600662231 540.307746887207 623.395578384399 589.56471824646 646.71605682373 588.069671630859 582.967559814453 609.996032714844 695.391487121582 829.565628051758 722.279289245605 532.786804199219 1215.92762756348 723.758464813232 516.243049621582 544.83179473877 699.305387496948 614.24089050293 566.039489746094 704.766595840454 609.772529602051 649.321441650391 706.746289253235 592.544830322266 649.721256256104 648.918654441833 669.105583190918 680.058109283447 545.8369140625 597.18123626709 657.835960388184 670.138074874878 810.119140625 684.783519744873 562.757102966309 669.024041652679 652.293132781982 688.080026626587 580.01000213623 659.701837539673 575.875915527344 634.564968109131 556.509803771973 614.353408813477 589.010070800781 545.242111206055 569.229438781738
599.096318721771 507.745712280273 515.779937744141 567.674869537354 656.293384552002 585.466356515884 591.747194290161 557.330165863037 626.363054037094 478.130081176758 519.056221008301 621.493324279785 1000.36982727051 439.796890258789 796.117660522461 632.424354553223 491.285552978516 987.937767028809 694.926050186157 614.552719116211 971.559906005859 994.014108657837 620.417282104492 621.739120483398 553.142822265625 491.433212280273 719.517511367798 650.873031616211 628.443781852722 502.348220825195 756.598518371582 771.958557128906 771.775428771973 542.37100982666 600.041107177734 661.307271957397 605.660514831543 583.568775177002 817.073806762695 668.278728485107 551.148498535156 571.061431884766 590.311050415039 634.443313598633 760.537485122681 715.856945037842 643.312927246094 734.979148864746 701.438982963562 672.822856903076
620.215827941895 706.272979736328 562.889154434204 695.48169708252 579.73791885376 641.963344573975 530.330444335938 570.797760009766 596.692010879517 468.20719909668 525.799331665039 499.478324890137 611.499359130859 594.840515136719 575.740879058838 640.295486450195 709.737360954285 754.902740478516 485.542877197266 772.476699829102 568.091232299805 664.456941604614 712.117311477661 553.561798095703 619.372787475586 640.247798919678 865.144207000732 620.109762191772 630.629226058722 677.170307159424 795.242881774902 695.82905960083 635.631713867188 620.641873836517 623.019016265869 667.959045410156 611.063376426697 662.967016220093 704.00693321228 609.164581298828 582.798904418945 697.738674163818 680.111930847168 664.830080032349 643.808540344238 718.518161535263 814.127975463867 546.55948638916 590.447196960449 537.899253845215
630.841190338135 602.690990447998 659.807456970215 572.29846906662 574.700489044189 648.569152832031 690.625888824463 491.41837310791 566.458126068115 463.408401489258 409.735168457031 546.831153869629 677.961772918701 776.636795043945 701.141777992249 709.832458496094 655.785018920898 524.134017944336 415.806304931641 770.434783935547 732.111854076385 806.748287200928 742.113529205322 619.009071350098 652.105798721313 943.493927001953 568.527893066406 746.128301620483 660.274137496948 605.974227905273 650.907363414764 584.272319793701 702.275093078613 625.310740470886 776.858154296875 859.851608276367 633.364122390747 693.750503540039 540.187355041504 656.991222381592 681.117281913757 646.07576751709 766.786376953125 676.597692489624 654.138792037964 598.832286834717 743.790794372559 728.14966583252 640.670234441757 679.179027557373
529.011688232422 465.520622253418 682.5908203125 543.978450775146 341.938903808594 520.441036224365 555.846969604492 579.096482276917 456.11262512207 495.279479980469 661.583892822266 1151.71770095825 740.307762145996 881.765293121338 804.642254829407 1078.78716278076 514.340591430664 978.427429199219 388.213897705078 731.402572631836 769.511497497559 780.91669178009 572.728233337402 759.272796869278 573.347526550293 633.770652770996 612.84977722168 704.316459655762 531.594390869141 691.277969360352 630.10827589035 655.93729019165 638.353834152222 599.194700241089 612.401798725128 675.256874084473 638.181613922119 694.930442810059 589.124187469482 565.399131774902 757.923274993896 1035.72927856445 672.69101524353 709.82250213623 615.115737915039 584.560878753662 701.860607147217 599.132257461548 564.88437461853 632.059375762939
531.968212127686 539.110715866089 597.068771362305 617.499851226807 493.038070678711 545.101154327393 489.343376159668 532.539974212646 568.735091686249 488.220878601074 599.525653839111 1057.28307342529 1000.94827270508 1035.45188522339 876.54301905632 842.758634567261 541.763977050781 513.192153930664 406.931259155273 476.646774291992 814.56755065918 651.971435546875 551.095268249512 846.352663993835 506.801445007324 554.193645477295 664.866832733154 703.595390439034 553.584339141846 680.419979095459 546.2509765625 572.299289703369 520.154922485352 555.663299560547 505.732849121094 597.388304710388 633.493743896484 756.17626953125 720.1259765625 585.021343231201 516.195266723633 835.274440765381 597.670604705811 530.334800720215 562.884605407715 587.471286773682 607.881759643555 498.648941040039 525.91130065918 516.435348510742
523.112781524658 456.64501953125 721.376815795898 624.733390808105 641.36604309082 492.304573059082 513.899379730225 589.547517776489 477.291603088379 717.097263336182 802.137941360474 914.647792816162 1030.46468734741 715.872489929199 612.99104309082 518.924278259277 452.155303955078 453.680450439453 454.298110961914 619.327514648438 713.450866699219 619.436187744141 486.34587097168 557.029441833496 572.506614685059 609.086148262024 605.510761260986 645.552474975586 718.385963439941 598.356351852417 584.480007171631 603.699419021606 542.075374603271 582.629371643066 597.725925445557 597.707066059113 551.161293029785 551.630485534668 532.236442565918 599.024015426636 842.849334716797 729.7536277771 552.857038497925 651.453992486 759.560600280762 588.589923858643 621.839992523193 413.059524536133 476.757164001465 559.532573699951
624.997482299805 557.881905078888 637.85871887207 598.04349899292 558.679391860962 611.706478118896 523.823223114014 563.014970302582 598.877977371216 696.981172561646 770.962885856628 703.454176902771 1026.8551940918 642.467657089233 587.963859558105 415.066650390625 404.293533325195 593.599652290344 481.846466064453 524.487758636475 407.673416137695 630.43412399292 629.282779693604 763.46070098877 568.363187789917 526.97624206543 735.567157745361 719.560028076172 561.378273010254 510.344535827637 632.764797210693 609.387405395508 648.20491027832 646.167991638184 604.891887664795 395.57502746582 579.272019386292 576.552238464355 543.717555999756 590.388468265533 748.893595099449 649.976303100586 603.322745800018 590.435669541359 651.136112213135 518.528617858887 506.800834655762 465.663719177246 347.607879638672 576.170842170715
545.528807997704 618.372730255127 517.688987731934 541.285465240479 600.863479614258 611.004661560059 531.969646453857 609.879623413086 985.403190612793 717.193603515625 718.022349357605 600.081882476807 639.549362182617 635.192565917969 515.44539642334 505.93229675293 461.277145385742 582.752568244934 533.268138885498 535.227458953857 632.75679397583 624.849178314209 674.789436340332 676.12899017334 539.717426300049 535.552244186401 541.483776092529 604.445899009705 590.274530410767 611.576747894287 519.095828056335 540.898347854614 494.245735168457 530.659042358398 616.842788696289 589.20329284668 517.509334564209 511.249160766602 543.157756328583 550.9892578125 599.56477355957 607.354560852051 503.96508026123 563.499859333038 592.557899475098 556.467779159546 571.803167700768 488.60082244873 506.781795501709 448.780502319336
609.143619537354 595.43824005127 468.770362854004 535.368488311768 512.6962890625 568.747146129608 563.668407917023 602.934724807739 684.307154655457 644.182977437973 646.920650482178 687.023818969727 547.86291885376 499.870933532715 530.905269622803 546.608203887939 535.027568817139 585.376806259155 531.405130386353 571.337990760803 606.525945663452 718.235610961914 660.851173400879 691.41877746582 518.601711273193 404.644134521484 608.191101074219 693.877334594727 537.771805763245 613.190643310547 711.652191162109 757.989501953125 621.69580078125 534.013885498047 593.16561126709 506.567138671875 606.432231903076 589.510299682617 599.965275645256 533.148719787598 691.53832244873 565.825757980347 492.191108703613 533.343376159668 471.875305175781 532.260545730591 417.166854858398 426.088836669922 482.031829833984 545.328624725342
548.480821609497 537.23034954071 530.40390086174 607.079597473145 648.260276794434 855.588653564453 707.437194824219 585.45446395874 623.221973419189 688.486297607422 640.483581542969 656.685459136963 676.369071960449 462.115829467773 580.415584564209 490.338500976562 574.224332809448 549.428194046021 580.291221618652 534.793655395508 512.079509735107 629.737400054932 585.67658996582 529.960876464844 598.685836791992 435.866683959961 541.872734069824 621.734111785889 698.741943359375 608.318725585938 581.280109405518 634.112907409668 643.002464294434 675.440307617188 534.696598052979 503.863952636719 409.355590820312 538.515678405762 408.744216918945 655.83472442627 581.60341835022 506.762500762939 426.699798583984 426.250694274902 657.957808494568 404.992126464844 450.843437194824 575.87865447998 694.81734085083 633.312938690186
462.759658813477 363.879135131836 580.600746154785 658.975296020508 640.568954467773 726.95100402832 811.137283325195 774.723480224609 664.351028442383 566.805258750916 529.234153747559 513.123947143555 518.319271087646 650.942405700684 573.150232315063 465.466621398926 452.831008911133 534.1335105896 471.523139953613 476.842998504639 409.166427612305 455.540412902832 483.492721557617 630.686647415161 581.724369525909 571.23828125 648.361923217773 662.667452335358 547.077345609665 463.372207641602 660.10425567627 544.153435230255 432.629829406738 620.550804138184 637.431339263916 522.189735412598 634.585027694702 755.017532348633 483.093891143799 511.062274932861 492.030487060547 561.863793373108 594.526256561279 454.109237670898 1022.85839080811 414.537582397461 410.517990112305 426.166534423828 597.895290374756 589.049995422363
324.288650512695 393.906372070312 540.859733581543 676.891372680664 456.093132019043 643.424613952637 814.966339111328 651.88648223877 552.284404754639 653.13631439209 602.189678192139 570.547494888306 422.708450317383 545.481958389282 615.777770996094 573.301095962524 632.688163757324 407.370147705078 402.987899780273 528.934885025024 517.824508666992 446.851249694824 465.26309967041 505.327747344971 589.850578308105 584.020679473877 542.705507278442 661.553276062012 508.576240539551 507.922370910645 656.513336181641 551.668701171875 507.49243927002 578.464226722717 655.685565948486 526.56517791748 619.742637634277 708.60782623291 609.231903076172 529.090476989746 691.015502929688 586.386100769043 478.991767883301 409.729949951172 1017.20367050171 607.330455780029 558.209427714348 624.995162963867 601.04948425293 491.909843444824
408.604354858398 527.538972854614 570.704116821289 561.080679297447 692.209457397461 530.282117843628 641.724174499512 637.696796417236 534.333948135376 578.159784317017 457.717613220215 584.027006149292 354.951507568359 553.07387638092 463.084426879883 439.644638061523 545.381711959839 422.951499938965 412.571754455566 546.317217111588 496.471122741699 419.434646606445 504.262431144714 502.721891403198 615.495834350586 486.093076705933 605.477384090424 694.368040084839 956.166662350297 474.330810546875 568.494842529297 576.789993286133 514.020874023438 607.114442408085 539.173596382141 581.864856719971 620.227485656738 646.186828613281 643.744430541992 620.538600921631 595.40518951416 587.228553771973 654.484550476074 443.68724822998 485.953742980957 581.601566314697 500.229700088501 606.962337493896 639.366630554199 510.661750793457
575.648223876953 547.437744140625 485.831634521484 619.366767883301 787.903335571289 807.992965698242 687.607265472412 599.928621292114 569.353977203369 548.922803878784 528.07279586792 619.581840515137 562.534527778625 493.40446472168 502.435600280762 471.880104064941 527.321184158325 511.274900436401 487.496032714844 486.292175292969 639.059577941895 476.383224487305 583.603860855103 547.260610580444 419.542778015137 348.172760009766 427.966018676758 455.159942626953 805.09530711174 518.092460632324 477.432472229004 431.450263977051 533.444115638733 553.702615737915 481.600929260254 492.825965881348 533.860910415649 517.279735565186 403.772445678711 510.248229980469 603.455242156982 582.704441070557 659.689346313477 490.820934295654 425.768180847168 589.959190368652 587.359828948975 555.213779449463 610.902366638184 486.492147445679
810.332977294922 640.074966430664 500.001457214355 477.84740447998 675.150131225586 493.096441268921 490.517929077148 466.907127380371 592.132616043091 499.085987091064 682.411010742188 567.596656799316 458.233200073242 306.933746337891 624.525291442871 564.886444091797 541.861071586609 577.693252563477 537.252638578415 583.202461242676 551.933917999268 607.325981140137 653.716342926025 606.809703826904 367.653999328613 535.684623718262 439.723190307617 442.194686889648 652.424621582031 740.471725463867 409.87922668457 439.898826599121 564.024353027344 541.306398391724 516.024111747742 474.152671813965 451.329010009766 508.081802368164 473.933822631836 520.289968490601 600.039325714111 455.566055297852 395.88835144043 399.484481811523 492.21004486084 603.947463989258 520.453796386719 648.353042602539 554.50214099884 634.775436401367
697.119842529297 434.869453430176 529.690814971924 590.561382293701 565.0707674101 543.588371276855 465.499732971191 520.093452453613 488.073299407959 788.681945800781 583.104879379272 479.721794128418 266.099639892578 438.903221130371 497.52193069458 571.652721405029 557.993167877197 524.623001098633 575.600113630295 504.253372192383 552.885131835938 519.829895019531 513.581974029541 593.00284576416 545.802436828613 684.109214782715 575.679944992065 858.591758728027 496.564254760742 462.791435241699 478.555694580078 413.98796081543 479.566698074341 661.669662475586 549.949801445007 507.263771057129 502.726982116699 465.528915405273 443.294044494629 403.992050170898 416.81867980957 422.524520874023 400.351119995117 343.217483520508 601.343494415283 621.083129882812 645.954849243164 700.147247314453 587.012615203857 507.282520294189
672.186454772949 560.099077224731 520.0357837677 507.095500946045 466.672554016113 574.678342819214 639.888160705566 674.045906066895 554.507828235626 702.566474914551 526.541275024414 369.769134521484 498.840137481689 515.929475784302 413.283760070801 604.029350280762 500.921226501465 492.017230987549 526.269372940063 500.609470367432 470.963897705078 481.295257568359 572.476049423218 586.683197021484 623.058860778809 703.55729675293 669.434928894043 779.254905700684 863.901760101318 498.348350524902 357.355194091797 494.977409362793 335.385986328125 572.664779663086 580.5 393.804534912109 472.352798461914 421.098152160645 557.848816871643 327.892990112305 464.321067810059 463.187362670898 257.529266357422 313.625762939453 466.652530670166 620.713554382324 632.474754333496 746.312240600586 540.864057540894 569.986914634705
509.012496948242 443.953422546387 552.607715606689 527.978351593018 427.468490600586 367.071243286133 644.59822845459 696.298294067383 687.975814819336 659.121253967285 494.27702331543 404.919219970703 427.146263122559 422.249114990234 705.394683837891 536.648964881897 533.711887121201 567.019695281982 504.889709472656 397.439407348633 497.808773040771 543.71213388443 533.705445289612 642.33967590332 609.565780639648 540.953832626343 495.930885314941 786.472290039062 915.154678344727 839.45240020752 764.359153747559 468.046936035156 307.608596801758 496.204312667251 582.617973327637 455.806419372559 450.938285827637 512.652761459351 470.616516113281 334.650543212891 440.541687011719 394.16423034668 444.942169189453 378.189376831055 450.588768005371 501.157711029053 430.298370361328 593.546768188477 483.786735534668 486.38298034668
454.89835357666 538.900132656097 441.72395324707 500.24951171875 411.463485717773 495.394432067871 778.713989257812 724.526947021484 581.41907119751 564.933692932129 524.405849456787 560.666377544403 667.75902557373 521.329071044922 475.179779052734 515.189990997314 605.220108032227 557.023517608643 632.70686340332 576.061779022217 531.033973693848 643.072540283203 577.919799804688 550.301630973816 593.359844207764 446.52466583252 538.680374145508 660.124614715576 720.803512573242 540.65746307373 674.575119018555 355.276031494141 522.506500244141 432.922943115234 622.936058044434 401.617904663086 483.706619262695 549.027667999268 524.234848022461 542.186305999756 620.926284790039 533.780696868896 725.771148681641 704.71160030365 688.629145860672 575.522720336914 582.256719589233 651.579350471497 418.609771728516 387.313735961914
