simdem/realisation31.asc
NCOLS 350 
NROWS 171 
XLLCORNER 152620 
YLLCORNER 418050 
CELLSIZE 100 
NODATA_value -9999 
[rows 0 to 21 of 171, columns 100 to 149 of 350]
-9999 -9999 -9999 -9999 -9999 -9999 -9999 -9999 -9999 -9999 -9999 -9999 -9999 -9999 -9999 -9999 -9999 -9999 -9999 -9999 -9999 -9999 -9999 -9999 -9999 -9999 -9999 -9999 -9999 -9999 -9999 -9999 -9999 -9999 -9999 -9999 -9999 -9999 -9999 -9999 -9999 -9999 -9999 -9999 -9999 -9999 702.51492023468 669.761505126953 671.902050971985 598.595855712891
-9999 -9999 -9999 -9999 -9999 -9999 -9999 -9999 -9999 -9999 -9999 -9999 -9999 -9999 -9999 -9999 -9999 -9999 -9999 -9999 -9999 -9999 -9999 -9999 -9999 -9999 -9999 -9999 -9999 -9999 -9999 -9999 -9999 -9999 -9999 -9999 -9999 -9999 -9999 -9999 627.338996887207 726.158447265625 635.664749145508 590.99031829834 529.702339172363 762.825698852539 671.04447555542 613.370880126953 608.951606750488 473.981620788574
-9999 -9999 -9999 -9999 -9999 -9999 -9999 -9999 -9999 -9999 -9999 -9999 -9999 -9999 -9999 -9999 -9999 -9999 -9999 -9999 -9999 -9999 -9999 -9999 -9999 -9999 -9999 -9999 -9999 -9999 -9999 -9999 -9999 -9999 -9999 -9999 -9999 789.443115234375 787.133445739746 669.188117980957 549.306098937988 590.73014831543 606.235977172852 697.567338943481 596.556318283081 750.888305664062 518.567497253418 530.437477111816 532.383739471436 552.897607803345
-9999 -9999 -9999 -9999 -9999 -9999 -9999 -9999 -9999 -9999 -9999 -9999 -9999 -9999 -9999 -9999 -9999 -9999 -9999 -9999 -9999 -9999 -9999 -9999 -9999 -9999 -9999 -9999 -9999 -9999 -9999 -9999 -9999 -9999 622.768440246582 739.956275939941 716.561393737793 590.524765014648 709.386516571045 506.30933380127 401.209747314453 636.425731658936 552.810974121094 573.665565490723 685.547222137451 540.859359741211 506.009757995605 736.891017913818 801.831466674805 683.969146728516
-9999 -9999 -9999 -9999 -9999 -9999 -9999 -9999 -9999 -9999 -9999 -9999 -9999 -9999 -9999 -9999 -9999 -9999 -9999 -9999 -9999 -9999 -9999 -9999 -9999 -9999 -9999 -9999 -9999 -9999 -9999 -9999 788.219657897949 622.033042907715 608.668312072754 728.443809509277 688.706008911133 684.770736694336 615.048099517822 562.545955657959 435.820388793945 623.467102050781 610.930381774902 651.888372421265 673.604917526245 738.1907081604 714.0962703228 666.601043701172 836.791290283203 754.496238708496
-9999 -9999 -9999 -9999 -9999 -9999 -9999 -9999 -9999 -9999 -9999 -9999 -9999 -9999 -9999 -9999 -9999 -9999 -9999 -9999 -9999 -9999 -9999 -9999 -9999 -9999 -9999 -9999 -9999 -9999 741.764091491699 685.727729797363 541.165016174316 593.076948642731 719.14079284668 799.185073852539 712.838474273682 769.290882110596 672.849459648132 636.197292327881 691.685475587845 616.600021362305 556.347846984863 710.2978515625 724.899475097656 856.382022857666 761.405616760254 887.508399963379 932.994659423828 697.820711135864
-9999 -9999 -9999 -9999 -9999 -9999 -9999 -9999 -9999 -9999 -9999 -9999 -9999 -9999 -9999 -9999 -9999 -9999 -9999 -9999 -9999 -9999 -9999 -9999 -9999 -9999 -9999 642.760581970215 754.325294494629 622.997386932373 625.332298278809 588.281055450439 542.159461975098 548.298915863037 659.568836212158 710.854774475098 711.033892393112 821.7138671875 760.682464599609 852.390724182129 853.105537414551 828.166208267212 668.520309448242 648.097900390625 471.164321899414 693.002979278564 925.126281738281 1156.20098114014 993.207912445068 894.832382202148
-9999 -9999 -9999 -9999 -9999 -9999 -9999 -9999 -9999 -9999 -9999 -9999 -9999 -9999 -9999 -9999 -9999 -9999 -9999 -9999 -9999 -9999 -9999 -9999 710.681930541992 658.665195465088 642.930662155151 593.795818328857 626.921592712402 565.971403121948 536.855361938477 449.336647033691 658.429870605469 592.165644645691 579.182233810425 542.15348815918 561.353271484375 697.21794128418 728.127319335938 881.48804473877 744.580436706543 818.907668113708 939.037307739258 711.948486328125 875.047779083252 1166.43165588379 1069.01916503906 1146.39096832275 939.464411258698 1218.08243942261
-9999 -9999 -9999 -9999 -9999 -9999 -9999 -9999 -9999 -9999 -9999 -9999 -9999 -9999 -9999 -9999 -9999 -9999 -9999 -9999 -9999 -9999 658.871103286743 766.619922637939 609.031695365906 480.447891235352 535.578689575195 550.489280700684 563.597633361816 411.957977294922 562.345313072205 642.81575012207 553.958776473999 713.603546142578 478.663505554199 511.211738586426 651.163581848145 776.976013183594 623.66251373291 812.898853302002 945.144847869873 748.806083679199 823.319145202637 734.429336547852 741.663875579834 1127.90107345581 828.824440002441 711.967300415039 832.144508361816 558.474529266357
-9999 -9999 -9999 -9999 -9999 -9999 -9999 -9999 -9999 -9999 -9999 -9999 -9999 -9999 -9999 -9999 -9999 -9999 -9999 1117.55745887756 864.709487915039 777.656742095947 676.939035724849 585.157230377197 452.430839538574 452.506988525391 581.508941650391 519.780662536621 520.441421508789 508.919700622559 611.344348907471 568.614133834839 446.923034667969 579.720542430878 687.588584899902 582.486281633377 657.158157348633 494.601448059082 575.963069915771 757.157192230225 889.41325378418 772.013931274414 696.901239395142 670.376873016357 686.236797332764 706.968591690063 829.552925109863 593.140518188477 708.730494379997 710.022991895676
-9999 -9999 -9999 -9999 -9999 -9999 -9999 -9999 -9999 -9999 -9999 -9999 -9999 -9999 -9999 -9999 -9999 1234.75708007812 1311.40115356445 1253.37661743164 697.081073760986 651.293869018555 652.014312744141 567.084316253662 422.204750061035 779.705177307129 763.677215576172 683.674298286438 540.708435058594 592.221954345703 645.559993743896 683.726760864258 571.328781723976 783.678497314453 649.542205810547 628.275390625 681.902366638184 521.926048278809 635.736083984375 753.78150177002 809.764366149902 666.182476043701 676.525482177734 904.655670166016 856.053802490234 765.109115600586 727.116958618164 725.429035186768 746.15669631958 666.028667449951
-9999 -9999 -9999 -9999 -9999 -9999 -9999 -9999 -9999 -9999 -9999 -9999 -9999 -9999 706.991958618164 641.300315856934 762.100910186768 1049.21169662476 1058.83386230469 1131.58935546875 1115.21702575684 677.376419067383 571.233958244324 711.856376647949 535.456619262695 717.363548278809 699.991031646729 638.382698059082 689.729578018188 497.668746948242 591.502113342285 581.785737991333 634.559623718262 735.623245239258 454.537788391113 597.723781585693 502.833034515381 505.740509033203 681.155773162842 597.834136962891 688.711729049683 713.552341461182 705.864688873291 751.660247802734 726.953433990479 785.186416625977 656.015024185181 737.438430786133 757.835987091064 799.069366455078
-9999 -9999 -9999 -9999 -9999 -9999 -9999 -9999 -9999 -9999 -9999 -9999 746.525470733643 652.560836791992 528.850036621094 693.447189331055 582.633213043213 737.808860778809 1049.35651016235 1002.26711750031 1069.780128479 736.480865478516 473.92138671875 491.258476257324 541.454376220703 602.973342895508 761.960765838623 745.276481628418 563.71949005127 482.112838745117 471.896896362305 592.612375259399 421.557401657104 717.746917724609 525.050102233887 364.522644042969 416.831039428711 618.022727966309 557.910774230957 562.164154052734 613.99584197998 645.038436889648 725.393898010254 894.325714111328 750.382850646973 654.369293212891 672.31431388855 648.208019256592 829.2724609375 758.002243041992
-9999 -9999 -9999 -9999 -9999 -9999 -9999 -9999 -9999 -9999 650.107162475586 639.849151611328 570.223114013672 627.443061828613 480.231887817383 539.161781311035 692.475952148438 724.553314208984 536.859024047852 559.549495697021 691.559242248535 515.685356140137 469.886581420898 575.76448059082 601.119132995605 702.235733032227 696.147579193115 798.620958328247 671.318347930908 572.460020542145 613.273235321045 593.685585021973 376.301914215088 474.927082061768 600.118936538696 609.122074127197 426.198333740234 556.617561340332 574.92423248291 689.441764831543 705.570751190186 545.266098022461 581.083915710449 684.204166412354 625.586391448975 488.45393371582 673.400424957275 770.74609375 654.347709655762 648.41735458374
912.148330688477 855.838531494141 808.255489349365 746.700233459473 729.284284591675 511.140193939209 482.912620544434 554.408399999142 589.093532562256 401.937324523926 589.447662353516 647.488033294678 738.416015625 538.328285217285 525.06761932373 578.731624603271 656.782621383667 842.938919067383 599.956178426743 629.043369293213 625.224857330322 617.169464111328 598.663284301758 561.623107910156 531.918045043945 542.927856445312 570.745971679688 590.95677947998 799.29313659668 597.246520996094 445.853485107422 515.854759216309 472.84912109375 366.229667663574 619.742546081543 607.30037689209 596.489532470703 575.901927947998 815.531280517578 846.509185791016 680.839116096497 695.483924865723 664.223823547363 623.012548446655 623.145872116089 565.108264923096 639.286376953125 671.233337402344 556.412509918213 715.225430488586
796.763343811035 636.876419067383 610.869171142578 633.26704788208 545.925674438477 374.314002990723 364.905479431152 484.41286277771 563.153945922852 365.802459716797 577.187049865723 676.400344848633 722.911224365234 582.887565612793 536.48413848877 560.956184387207 681.886913299561 751.53694152832 893.799133300781 637.784496307373 724.787504196167 666.249347686768 731.140556335449 761.054887115955 531.081275939941 567.091064453125 651.667423725128 497.087406158447 732.162658691406 753.336791992188 485.70622253418 638.858963012695 454.109199523926 487.058586120605 436.482833862305 700.359642028809 649.324132919312 712.37739944458 654.459278106689 701.475242614746 721.557060241699 718.590835571289 661.532043457031 463.10302734375 631.623687744141 1078.74992370605 893.498382568359 879.211814880371 634.609479904175 519.523555755615
679.911750793457 625.829627990723 700.971691131592 591.311748504639 523.832595825195 331.597183227539 366.330787658691 386.732749938965 403.494438171387 583.535293579102 674.449726104736 496.493919372559 353.261703491211 567.108993530273 635.785606861115 768.095989227295 814.949729919434 762.222602367401 820.996376037598 718.897411346436 631.216888427734 1128.40735340118 700.253776550293 611.062797546387 631.185489177704 681.149711608887 616.747512817383 663.989097595215 475.727554321289 759.387008666992 781.542755126953 762.665855407715 609.932439804077 749.156909942627 633.114106968045 765.182483673096 738.992080688477 655.755546569824 771.188110351562 823.436492919922 757.016868591309 642.955193996429 799.912080764771 634.416091918945 663.38862991333 590.66349029541 736.160873413086 738.727722167969 509.179817199707 691.976783752441
616.636322975159 520.764404296875 644.46528339386 568.431396484375 787.914569854736 599.743850708008 731.954956054688 938.596939086914 573.289108276367 605.999145507812 530.22868347168 393.644660949707 523.649879455566 663.048522949219 683.982997894287 709.353469848633 840.41072845459 792.278192520142 435.48949432373 793.693746566772 627.69457244873 695.926025390625 692.508605957031 764.074722290039 736.164958953857 735.430206298828 661.310028076172 730.62832570076 696.220425605774 582.721590042114 655.069488525391 660.60417175293 628.632946014404 523.88109588623 579.115917205811 1176.71586608887 492.196975708008 466.336601257324 754.638236999512 696.605270385742 1246.1599521637 702.196193695068 583.725090026855 486.47290802002 546.17268371582 708.908276557922 819.251861572266 813.097030639648 598.754539489746 652.841918945312
460.275390625 602.331539154053 952.839797973633 602.07756857574 713.772624969482 601.638778686523 753.851844787598 1010.87268066406 541.052230834961 601.911605834961 671.643115997314 638.515487670898 646.675559997559 620.73616027832 466.367721557617 631.443161010742 657.52876663208 724.884813308716 435.174392700195 742.195175170898 711.467323303223 754.488372802734 551.270011901855 583.435569763184 530.864535331726 445.875701904297 523.008857250214 717.49951171875 1062.1219329834 896.19059753418 691.544699668884 789.232257843018 1098.06162452698 984.202606201172 719.491264343262 1205.15592956543 890.090362548828 909.368381500244 585.912090301514 601.610301971436 572.642723560333 418.019515991211 569.946058273315 542.924674987793 632.236476898193 638.685332298279 572.514373779297 713.340545654297 740.617050170898 694.590881347656
758.874394893646 790.038316726685 1173.41764068604 633.991287231445 834.13946723938 731.596439361572 958.965723991394 1270.63056182861 845.358581542969 539.971969604492 828.45679473877 948.268280029297 1004.87310409546 1019.82521438599 484.460071563721 1043.03070831299 477.482711791992 653.513641357422 408.071517944336 866.198883056641 730.560455322266 623.281211853027 426.523086547852 567.128562927246 1037.97210693359 1011.48390197754 748.800926208496 636.093509674072 589.752685785294 670.641166687012 460.331703186035 535.03783416748 484.707733154297 469.964935302734 542.601997375488 1128.83520507812 474.433883666992 668.314638614655 641.159496307373 566.730453491211 529.314567565918 595.964988708496 668.091303825378 616.136085510254 474.208938598633 683.225688934326 762.673049926758 905.845825195312 757.343452453613 769.203048706055
707.431930541992 531.610954284668 555.773468017578 589.857013702393 604.40708065033 914.077301025391 916.036033630371 497.423286437988 762.673248291016 711.669987678528 641.795490264893 976.469619750977 678.59041595459 986.529365539551 1141.42444419861 1003.98858642578 1094.30723571777 1135.47348022461 562.766738891602 549.694763183594 804.314277648926 364.241516113281 948.634155273438 362.315216064453 464.985458374023 1001.48348999023 501.443840026855 557.53466796875 425.817573547363 553.414080858231 663.173645019531 563.046762466431 606.023252010345 558.392555236816 479.067352294922 475.961334228516 740.762382507324 496.711349487305 588.500099182129 725.570297241211 681.727166175842 825.406799316406 564.474250793457 578.15710067749 576.618804931641 752.988227844238 707.791618347168 678.236278533936 691.656723022461 742.58952331543
433.182968139648 532.860450744629 569.683464050293 574.870357513428 729.475219726562 961.181957244873 585.227130889893 864.498017787933 677.523216247559 616.146286010742 630.693153381348 686.936080932617 528.173873901367 584.130554199219 493.373016357422 2215.95723724365 1098.96844482422 698.641235351562 490.76448059082 856.356140136719 821.128471374512 489.910781860352 363.439117431641 751.480743408203 986.140594482422 1438.12777709961 872.337356567383 729.088523864746 559.491580963135 518.64917755127 532.346664428711 699.544960021973 609.616065502167 600.258392333984 541.307052612305 509.686111450195 649.912098884583 524.622634887695 643.554851531982 552.495307922363 654.854501724243 689.245304107666 662.258628845215 626.66171836853 707.099182128906 666.211968421936 652.850122451782 600.243843078613 603.776928469539 664.066166877747
