simdem/realisation77.asc
NCOLS 350 
NROWS 171 
XLLCORNER 152620 
YLLCORNER 418050 
CELLSIZE 100 
NODATA_value -9999 
[rows 132 to 153 of 171, columns 300 to 349 of 350]
862.398704528809 1002.50361633301 1599.51701927185 1109.3237991333 970.173236846924 1174.12510681152 1728.40542602539 1555.60824584961 1163.96781158447 1344.16829681396 1208.61942577362 1281.65019989014 1115.10474777222 1473.92479705811 1258.2492980957 1004.06765174866 1215.65881347656 1197.20059204102 1149.26840209961 974.493713378906 879.811790466309 804.914886474609 802.654132843018 885.622253417969 822.524259567261 1017.03964996338 794.484725952148 721.83757019043 862.803558349609 784.755363464355 721.962738037109 867.333591461182 840.53498840332 867.506088256836 -9999 -9999 -9999 -9999 -9999 -9999 -9999 -9999 -9999 -9999 -9999 -9999 -9999 -9999 -9999 -9999
835.462140083313 900.798160552979 917.612993240356 1339.54267883301 1136.94003295898 1040.57057189941 1669.08248901367 1916.1354675293 1179.4725189209 1090.26919746399 1091.8775510788 1266.87808227539 1258.96348571777 977.296951293945 1558.17607879639 1896.35889434814 1721.98687744141 2418.9875793457 2145.09875488281 1515.05490112305 1502.0337600708 792.973030090332 883.648754119873 893.346832275391 766.531326293945 685.430084228516 708.213935852051 967.092861175537 969.381938934326 948.671751022339 938.192939758301 900.298120498657 837.638240814209 972.491958618164 -9999 -9999 -9999 -9999 -9999 -9999 -9999 -9999 -9999 -9999 -9999 -9999 -9999 -9999 -9999 -9999
918.894668579102 929.971801757812 856.612480163574 1032.88704681396 1266.23846435547 1074.69756317139 1439.91546630859 1439.75939941406 1293.44163513184 1186.14922332764 1222.99480438232 1355.40329742432 1184.39545249939 1134.04039764404 1508.91375732422 1542.85012817383 1343.73554992676 1461.78512573242 1411.03540039062 1127.53146362305 1113.24599647522 1050.24785614014 761.061149597168 897.772100448608 817.792327880859 739.998527526855 969.156871795654 824.672607421875 993.073492050171 942.362379074097 911.238628387451 746.056510925293 792.249603271484 936.071794509888 1027.3762512207 -9999 -9999 -9999 -9999 -9999 -9999 -9999 -9999 -9999 -9999 -9999 -9999 -9999 -9999 -9999
954.81396484375 770.363483428955 1046.54959487915 1405.54008483887 1178.81745910645 1068.18441772461 1030.75907897949 1581.84007263184 1641.48629760742 1412.87884521484 1306.90135192871 1362.63006746769 1002.80918884277 1088.1924495697 1316.84559822083 1828.17978668213 1234.37379455566 1112.59982299805 1213.19122314453 1111.87908935547 1091.56983947754 993.245219707489 1235.33848708868 954.924602508545 883.748240113258 769.756408691406 811.816026687622 871.498733520508 953.24845123291 931.655675888062 876.059440612793 790.086277008057 1055.120262146 784.769552230835 1144.02763366699 963.856437683105 -9999 -9999 -9999 -9999 -9999 -9999 -9999 -9999 -9999 -9999 -9999 -9999 -9999 -9999
855.14916229248 882.828837394714 857.083608627319 1075.66619873047 1228.74960327148 1423.03518676758 1143.6881942749 1118.85818481445 1200.70291137695 1367.29403686523 1223.60185241699 1069.96139526367 1186.17459106445 1537.9587097168 1032.94213867188 1001.46437072754 995.815685272217 957.32154083252 965.147797346115 1108.29902648926 991.801574707031 1088.00241088867 1105.97982788086 1130.16459321976 1032.61618232727 997.471158027649 980.641731262207 883.479202270508 942.215789794922 903.696544647217 896.389282226562 1531.88125801086 739.780212402344 901.419593811035 942.043952941895 926.162950396538 -9999 -9999 -9999 -9999 -9999 -9999 -9999 -9999 -9999 -9999 -9999 -9999 -9999 -9999
922.772022247314 1119.95854187012 985.157852172852 927.735404968262 973.857284545898 1314.88414001465 1213.9047088623 1111.70205688477 1167.85081481934 1303.69239807129 1201.91381835938 1033.26173400879 1302.87433719635 1340.14228820801 1186.01376342773 872.503540039062 1026.02761077881 890.487796783447 1035.98739624023 977.900981903076 1053.43223571777 981.239608764648 1002.04393386841 979.785676956177 1051.49389076233 1071.88706588745 1642.39598083496 961.644798278809 916.079681396484 794.620864868164 1323.79593276978 880.992431640625 744.115036010742 938.848373413086 845.963645935059 830.007424354553 899.645893335342 -9999 -9999 -9999 -9999 -9999 -9999 -9999 -9999 -9999 -9999 -9999 -9999 -9999
1022.51846313477 994.815269470215 1053.63323974609 786.824798583984 819.701765060425 1093.83770751953 1305.57086181641 1151.88816833496 1207.21585083008 1226.67742919922 1143.03802490234 864.021186828613 1100.21628570557 1511.32955932617 1417.35160446167 1183.79630279541 1044.83346271515 1018.72241210938 1089.65900421143 1110.22804260254 995.856716156006 1055.44756317139 1092.48931121826 968.858291625977 985.047835350037 1083.57160949707 1063.75746917725 969.286252975464 1247.24337768555 1157.35005187988 943.269119262695 894.007476806641 851.707000732422 890.832520723343 934.62166595459 761.668365478516 818.113109588623 -9999 -9999 -9999 -9999 -9999 -9999 -9999 -9999 -9999 -9999 -9999 -9999 -9999
772.5067948699 890.512828826904 907.251952052116 647.345840454102 726.303260803223 1108.00963497162 1192.73397827148 1209.04774475098 1060.76858901978 1104.35289764404 1083.89449310303 934.602752685547 944.08113861084 995.315914154053 1692.70430755615 1782.94696044922 927.549018859863 1198.09521484375 1235.32330322266 1056.78344726562 936.154475212097 1001.6689414978 960.243499755859 930.921695709229 975.280613422394 1021.33672904968 1040.89882659912 946.19242811203 1048.87489557266 1120.90402603149 913.21817779541 855.263626098633 956.644818305969 725.079299926758 802.218826293945 706.39811706543 725.483581542969 805.564567565918 -9999 -9999 -9999 -9999 -9999 -9999 -9999 -9999 -9999 -9999 -9999 -9999
641.016677856445 763.23819732666 766.08854675293 749.671878814697 896.525938749313 1077.46342468262 1074.6937789917 1112.53930664062 1084.03087234497 955.062393188477 984.287818908691 1036.94571685791 1147.23707580566 938.686134338379 1369.11806488037 1662.75231933594 1185.64445495605 1069.3404006958 1061.52370452881 996.728438854218 1090.46341705322 938.272563934326 888.598712921143 892.059917449951 855.312980651855 966.797832727432 1043.11452484131 1069.91555786133 1047.6086807251 972.111427307129 1302.65102386475 1045.03998184204 1102.79296112061 990.907669067383 878.952432632446 891.554874420166 821.094924926758 853.397578239441 -9999 -9999 -9999 -9999 -9999 -9999 -9999 -9999 -9999 -9999 -9999 -9999
688.910678863525 690.676872253418 749.781929016113 839.828643321991 971.446708679199 919.480355292559 1024.07257843018 936.447601318359 1088.56605148315 901.89834022522 950.427860021591 1151.03862762451 976.082851409912 1180.30722045898 1010.71067810059 1449.92729949951 1063.96553039551 1143.17551422119 1324.55577087402 1075.54899406433 1039.98611307144 864.729652404785 962.695753097534 934.851736545563 1087.17211914062 1113.11393737793 914.567998886108 906.952850341797 865.350700378418 1019.76290512085 1241.01285839081 1109.29428100586 975.700459957123 865.468078613281 892.859973907471 947.457666397095 921.099763870239 844.767078399658 766.408485412598 -9999 -9999 -9999 -9999 -9999 -9999 -9999 -9999 -9999 -9999 -9999
715.180541992188 570.834075927734 667.90478515625 852.160398483276 1031.15117645264 1071.95014190674 1181.85015487671 1173.43254089355 1126.09364318848 1042.74599838257 844.641418457031 1075.34951400757 981.314262390137 1079.33701705933 1262.06518554688 986.964309692383 1093.07345199585 1117.07501220703 1175.85440063477 1221.89813995361 1323.53569984436 1131.50017547607 1278.26394271851 1121.59373855591 1074.61255645752 1008.35076868534 850.036819458008 972.342391967773 1060.7911529541 961.08374786377 1227.4299697876 1220.17694091797 982.231140136719 817.578475952148 818.66682434082 889.051071166992 1035.57750701904 1047.39946746826 787.439956665039 -9999 -9999 -9999 -9999 -9999 -9999 -9999 -9999 -9999 -9999 -9999
607.962493896484 756.905202865601 838.329483032227 702.659772872925 1007.45291900635 843.724109649658 1048.0020904541 1055.14418792725 922.378036499023 826.205604553223 812.406051635742 929.376649856567 1063.02970314026 1179.81217956543 1257.22332763672 1396.3618106842 1162.95321655273 1130.50024414062 946.810012817383 993.328319549561 1024.09311294556 1052.00831604004 1181.37311553955 1258.13032531738 1094.43084716797 1061.28495788574 1213.49774169922 888.532096862793 1124.91338729858 1078.45066070557 932.271530151367 1120.42559862137 874.499008178711 900.504669189453 920.456470489502 896.826545715332 960.550468444824 992.869731903076 981.81916809082 -9999 -9999 -9999 -9999 -9999 -9999 -9999 -9999 -9999 -9999 -9999
846.845123291016 776.51766204834 792.644931793213 834.146759033203 817.830345153809 810.014904022217 648.273048400879 724.438154697418 801.328029632568 720.185256958008 810.446430206299 717.35996055603 843.081970214844 966.729667663574 1074.25904273987 1050.38221740723 1568.25909805298 1206.20819091797 1061.16875076294 867.418930053711 908.048049926758 839.476608276367 1112.29264068604 1336.99646568298 1273.2352142334 1067.77638816833 1723.41464233398 1048.34245681763 1220.41960144043 1097.27031707764 1017.46897506714 1122.57945251465 935.166513442993 896.299613416195 941.288345336914 955.926900863647 997.488750457764 959.075435638428 957.443496704102 1004.28146362305 -9999 -9999 -9999 -9999 -9999 -9999 -9999 -9999 -9999 -9999
741.419802010059 841.952575683594 813.614051818848 755.76721572876 863.330390930176 887.579360961914 734.121509552002 940.977355957031 789.625003814697 742.922592163086 790.434808731079 678.920078277588 846.546077728271 927.665795326233 915.51424407959 960.491048812866 1121.59908294678 1134.66076660156 1722.56767272949 1083.33596038818 981.031858921051 872.711898803711 943.357711791992 1016.79714357853 1551.93684387207 1776.74388122559 926.628494262695 1211.84767913818 1179.09091186523 1091.33861541748 1018.47414398193 773.490478515625 833.903846740723 778.051315307617 921.813262939453 824.353103637695 1088.87978363037 997.224021911621 854.829200744629 1092.08978271484 -9999 -9999 -9999 -9999 -9999 -9999 -9999 -9999 -9999 -9999
970.375213623047 841.314346313477 882.568237304688 865.882476806641 690.397221565247 858.204856872559 787.473835706711 788.427976131439 828.216491699219 794.303237915039 825.541907012463 792.895387649536 730.932598114014 718.183525085449 753.839385986328 885.703277587891 947.744022369385 1130.37269592285 1273.68327331543 1133.41426086426 1016.33402681351 940.271102905273 1018.1572227478 940.132476806641 909.625778198242 1216.70530700684 1119.28077244759 1004.21037578583 1149.27317047119 1167.82708740234 1010.90320968628 1062.77492141724 1019.36002349854 1077.58542633057 692.039245605469 815.2958984375 1020.36762619019 938.743734359741 937.001981735229 1054.03550720215 -9999 -9999 -9999 -9999 -9999 -9999 -9999 -9999 -9999 -9999
864.334053039551 865.08814239502 907.849685668945 841.486045837402 577.382888793945 825.829668045044 791.622831225395 891.02165222168 695.28450012207 905.203842163086 914.892213821411 822.403865814209 782.923460006714 745.428178787231 741.571937561035 791.228233337402 956.130681991577 1021.41439056396 1181.64974975586 1109.75415039062 976.963552474976 1102.03374481201 1063.33829879761 1185.34982681274 1087.99160003662 942.447738647461 915.325553894043 1251.70149612427 952.824611663818 1028.15588951111 1133.70510864258 921.82608795166 937.094760894775 877.874313354492 824.796340942383 917.509910583496 888.541343688965 924.216125488281 1056.8822479248 885.015970230103 814.43701171875 -9999 -9999 -9999 -9999 -9999 -9999 -9999 -9999 -9999
898.455963134766 880.569198608398 762.194011688232 656.28466796875 611.426780700684 615.806243896484 757.990089416504 775.035419464111 662.784255981445 802.521558761597 851.118022918701 879.128791809082 930.335569381714 875.877216339111 695.672203063965 718.71019744873 833.576457977295 979.818542480469 1106.05651855469 977.961360931396 1084.06999588013 1059.33301544189 1116.68531227112 1159.61591339111 1119.35064697266 1045.43275213242 1054.39698219299 948.658603668213 910.253553390503 912.822111129761 1107.88157653809 959.835048675537 944.58585357666 989.748039245605 1028.34258651733 982.387809753418 1065.65851593018 1067.37712860107 992.592239379883 910.148944854736 863.197624206543 -9999 -9999 -9999 -9999 -9999 -9999 -9999 -9999 -9999
771.177995681763 801.172076702118 765.923299789429 680.695648193359 653.404937744141 731.997318267822 828.470905303955 745.464797973633 669.472640991211 747.382484436035 681.915534973145 878.772861480713 859.38277053833 1099.81341171265 995.982238769531 900.844085693359 920.897567749023 860.391427993774 991.758125305176 750.107872009277 964.281772613525 948.786840438843 1175.28031539917 1159.9818072319 1074.92534637451 996.006510734558 969.603450775146 965.258462905884 840.483299255371 955.565235137939 928.738986968994 1010.57315063477 989.471069335938 850.352550506592 885.109619140625 1086.88191986084 970.091338157654 1062.18616485596 1040.68525695801 971.214019775391 940.701477050781 818.613372802734 -9999 -9999 -9999 -9999 -9999 -9999 -9999 -9999
636.737602233887 759.62978219986 737.972816467285 635.026062011719 666.939041137695 800.273670196533 731.524040222168 738.672088623047 746.963752746582 904.946655273438 833.248321533203 845.653991699219 718.789352416992 904.800994873047 1082.91108703613 917.03706741333 891.260513305664 930.079971313477 904.837745666504 819.911998748779 933.368408203125 962.833587646484 1070.15084838867 1070.17600440979 1066.72122192383 864.014831542969 930.379997253418 1035.69651794434 956.355220913887 1006.50229644775 923.367725372314 788.34806060791 986.783058166504 881.400634765625 1017.95301055908 1009.47779464722 910.014499664307 1002.29769325256 957.615005493164 922.865291595459 828.32292175293 1008.45107841492 -9999 -9999 -9999 -9999 -9999 -9999 -9999 -9999
716.096199035645 646.311950683594 864.816165924072 710.183921813965 748.109413146973 824.494293212891 722.120403289795 835.817134857178 855.246055603027 766.626182556152 848.220985412598 734.595581054688 829.12809753418 968.73811340332 1091.02270507812 1063.49797058105 992.957710266113 1061.07867431641 780.632839202881 795.962776184082 832.367685437202 873.649337768555 854.395265579224 810.505666732788 930.98469543457 901.719505310059 881.419302463531 905.963878631592 1015.14856147766 1043.93444442749 798.381729125977 941.304596602917 752.479995727539 935.473330974579 1346.51192092896 916.3528881073 809.219902038574 1090.79828643799 890.047225952148 1018.16050338745 863.487586975098 1074.68886566162 994.192447662354 -9999 -9999 -9999 -9999 -9999 -9999 -9999
792.882444024086 657.646423339844 747.368766784668 545.320922851562 755.623268127441 612.481048583984 622.659149169922 697.377967834473 884.17130279541 874.03246307373 743.122528076172 944.420845031738 1076.57638549805 961.933517456055 1024.62127685547 958.572418212891 1034.29940891266 1091.7995300293 963.487755298615 926.00923538208 883.730686187744 664.055725097656 891.582859039307 930.665824890137 937.002334594727 966.930015563965 806.693901062012 760.633209228516 808.812171936035 1057.08299255371 723.895721435547 712.624145507812 803.493209838867 902.041835784912 1021.36991882324 857.186874389648 879.602569580078 1118.97561645508 989.218748569489 1054.15650177002 1055.79161262512 1020.93059158325 1067.30716705322 -9999 -9999 -9999 -9999 -9999 -9999 -9999
945.966064453125 945.187210083008 671.610122680664 733.149097442627 867.721122741699 749.899909973145 759.937885284424 598.208084106445 803.188331604004 774.612239837646 804.934984207153 821.653266906738 1122.95121002197 980.180816650391 802.730981826782 773.221237182617 916.629648208618 835.893920898438 847.953155517578 914.021697998047 1034.27764892578 977.799087524414 970.892608642578 850.577945709229 937.071147918701 859.626945495605 850.494915008545 806.709671020508 867.30250787735 903.229557037354 942.006225585938 820.869293212891 785.710220336914 808.440307617188 1098.98399353027 694.329559326172 906.554912567139 951.34268951416 1039.19973754883 1007.13662743568 926.443786621094 921.015991210938 944.161128997803 1005.90991592407 -9999 -9999 -9999 -9999 -9999 -9999
