simdem/realisation67.asc
NCOLS 350 
NROWS 171 
XLLCORNER 152620 
YLLCORNER 418050 
CELLSIZE 100 
NODATA_value -9999 
[rows 22 to 43 of 171, columns 150 to 199 of 350]
567.241718292236 573.982902526855 594.329433441162 555.518165588379 563.200889587402 534.328384399414 507.370666503906 525.375480651855 633.075672149658 556.096611022949 578.498828887939 776.398317337036 1016.10023880005 664.267803072929 728.079513549805 513.354690551758 820.570678710938 667.638961791992 581.574615478516 645.426383972168 835.084213256836 676.463627815247 760.38500213623 706.662683486938 733.382530212402 625.756187438965 809.599090576172 543.711929321289 572.269027709961 611.516794204712 473.588043212891 559.05540561676 579.709796905518 606.09193611145 676.969514846802 721.231510162354 587.51513671875 507.419723510742 672.171680212021 720.755638122559 803.821342468262 636.194618225098 718.453926086426 706.926757097244 726.989471435547 573.840972900391 672.387637019157 674.651817321777 765.701736450195 891.598068237305
564.50012588501 500.035003662109 596.349758148193 644.109432220459 592.835452079773 585.731793403625 580.909938812256 627.69993019104 518.466148376465 488.481582641602 539.936103820801 534.589309692383 790.667469024658 616.534660339355 646.860469818115 646.252342224121 718.907735586166 947.056373596191 621.162353515625 599.733268737793 800.386407852173 660.902690887451 813.279647827148 796.205974578857 778.206649780273 686.247243881226 882.190460205078 500.44140625 600.444400787354 759.973609924316 589.942714929581 693.697357177734 645.225330352783 610.470104217529 760.816184997559 702.11368560791 592.54296875 538.131195068359 689.169589996338 676.058650493622 751.053283691406 642.631114959717 662.893104553223 566.009552001953 754.732900619507 561.625854492188 598.277404785156 717.913866043091 751.942600250244 703.632469177246
659.067749023438 459.799308776855 581.234676361084 704.810928344727 672.015476226807 698.52417755127 651.0241355896 344.552490234375 456.55827331543 670.321805953979 730.338928222656 637.522079467773 972.639877319336 730.413375854492 629.548004150391 1328.27158355713 671.564849853516 555.265956878662 620.904678344727 737.155951023102 791.156860351562 801.506454467773 722.159828186035 737.476348876953 682.577257156372 660.845714569092 646.780181884766 706.468433380127 826.228302001953 731.060386657715 807.567825317383 764.828681945801 744.170913696289 607.056705474854 663.984975814819 781.002922058105 581.808837890625 629.486998558044 694.958648681641 765.534172058105 584.319747924805 737.506652832031 620.847040176392 674.636184215546 781.773345947266 505.771209716797 623.318954467773 568.60041809082 702.848146915436 664.81974029541
624.94970703125 677.061798095703 645.25577545166 722.997001647949 728.193946838379 487.710510253906 587.256942749023 544.288730621338 593.074735641479 648.58177947998 632.013920783997 512.282241821289 1126.1454668045 702.183082580566 953.844667434692 601.183036804199 603.443264007568 889.211944580078 595.119636535645 547.671646118164 853.304428100586 891.765869140625 703.712086677551 679.269564151764 661.297199249268 497.198669433594 534.57209777832 604.974876403809 594.609859466553 547.390602111816 703.889560699463 692.609788894653 691.801052093506 581.241321563721 775.21647644043 543.986404418945 719.791061401367 726.572044372559 641.921154022217 615.710525512695 608.761940002441 673.209259033203 701.712118148804 609.286430358887 738.059749543667 840.525871276855 697.833101272583 714.841735839844 648.588459014893 636.422878265381
477.153327941895 620.728416442871 475.259292602539 554.248962402344 618.484201431274 586.610160827637 635.161491394043 695.503509521484 661.542301177979 613.745540618896 605.867504954338 494.140190124512 599.456283569336 777.787452697754 522.671173095703 722.125244140625 561.085174560547 584.685928344727 520.012084960938 555.930450439453 535.679382324219 678.925642967224 663.697891235352 641.378265380859 733.803600311279 638.263603210449 775.694702148438 578.506034851074 768.962356567383 685.140731811523 820.673522949219 599.815761566162 730.684383392334 628.432602882385 794.760238647461 622.319944858551 701.138694763184 656.294912338257 558.840156555176 654.189458608627 618.160272598267 639.560611724854 694.909744262695 778.814834594727 632.987815856934 752.755159378052 665.129810333252 655.499412536621 655.012311935425 704.89771270752
497.222930908203 594.520881652832 437.987716674805 445.492492675781 538.845184326172 464.521560668945 657.338172912598 756.149017333984 624.182960510254 465.742752075195 532.107452392578 542.769592285156 647.743713378906 688.059139251709 676.973947525024 770.616613388062 702.214042663574 500.884582519531 582.538963317871 686.106964111328 621.42756652832 745.470222473145 639.334510803223 651.863468170166 646.122241973877 919.589793682098 753.31664276123 813.729228973389 646.475867271423 720.225601196289 681.415950775146 670.476360321045 643.336538314819 653.780939102173 663.556659698486 786.156929016113 689.850479125977 649.092886924744 558.199691772461 586.284255981445 701.993418216705 640.510970115662 674.789655685425 709.377017974854 677.411588668823 638.471837043762 684.077270507812 673.301745891571 695.331554412842 681.127017974854
628.725582122803 590.923419952393 479.103584289551 526.081062316895 442.128486633301 369.551681518555 513.790916442871 535.130596160889 589.427589535713 643.616863250732 684.243000030518 995.736892700195 733.137645721436 824.04186630249 822.365646362305 1137.75019836426 464.136566162109 894.308776855469 542.856575012207 603.835021972656 668.467514038086 559.055618286133 583.624576568604 674.210426330566 703.357069015503 715.867504119873 606.907646179199 904.446464538574 601.474420547485 648.624473571777 567.674278259277 627.064633846283 688.867347717285 701.383827209473 721.738403320312 693.07341003418 665.647590637207 627.606472015381 520.897125244141 424.576950073242 654.03190612793 1035.22494125366 730.86897277832 670.863625526428 623.567089080811 632.620236873627 627.998820304871 612.855125904083 587.810104727745 529.538619995117
616.502071380615 518.610012054443 570.175685405731 476.293716430664 492.149589538574 458.176971435547 499.225692749023 577.250599861145 697.456169128418 554.768844604492 634.510084152222 902.228965759277 890.807781219482 798.334274291992 689.923904418945 678.12532043457 467.153869628906 515.689819335938 477.287841796875 363.082946777344 822.297424316406 456.574615478516 586.73868560791 912.864105224609 657.981199264526 671.369258880615 777.131698608398 809.115211486816 559.356315612793 660.778743743896 620.490707397461 665.723022460938 726.995086669922 772.875129699707 699.819885253906 683.365814208984 636.826292037964 678.688858032227 728.459075927734 647.77197933197 642.160226762295 841.019973754883 700.482467651367 686.766975402832 673.711483001709 574.464996337891 590.427841186523 702.013595581055 685.801559448242 546.109222412109
626.409774780273 631.014617919922 525.903520584106 584.760564804077 374.383071899414 581.382213592529 439.88459777832 495.248634338379 601.760970115662 737.839763641357 842.327722549438 1055.22087860107 1152.84233093262 637.964965820312 640.117370605469 568.974910736084 579.983911514282 566.388844490051 389.48876953125 711.550331115723 804.685848236084 653.362735748291 530.181617736816 547.636909484863 595.224185943604 562.433155059814 541.873031616211 556.260215759277 637.263326644897 673.905494689941 625.505290985107 671.125907897949 668.719421386719 615.231171607971 616.150599956512 619.232694625854 607.265972495079 512.866382598877 492.249206542969 541.942722320557 649.091194152832 770.92155456543 564.423191070557 665.550527572632 568.655807495117 520.046546936035 606.508121490479 588.260578632355 693.736053466797 598.670232772827
455.534187316895 508.325489044189 448.983039855957 587.587446212769 488.122020721436 638.468559265137 528.366718292236 376.704086303711 533.693984985352 601.401672363281 725.32149887085 745.613231658936 912.316957473755 651.659864425659 578.265319824219 602.569132804871 478.162300109863 471.171310424805 557.233085632324 503.096153259277 686.081008911133 465.749961853027 495.657508850098 626.807495117188 586.431267738342 463.11897277832 527.311340332031 441.812744140625 636.80934715271 710.468276977539 527.708751678467 578.289645910263 689.964752197266 749.301788330078 653.207160949707 589.224022388458 524.570301055908 560.427251815796 527.964302062988 583.00414276123 725.977697372437 628.094795227051 556.972675323486 604.839412689209 624.00740146637 620.604431152344 532.194011688232 627.418025970459 744.552703857422 640.985866546631
486.415500640869 615.96960067749 516.640811920166 535.247188568115 607.947341918945 551.232123374939 499.368637084961 505.083045959473 982.764404296875 688.562644958496 701.081220626831 643.761425018311 531.165321350098 666.12476348877 549.600486755371 617.561416625977 635.25199508667 459.499954223633 524.545360565186 657.066192626953 692.522666931152 644.17308807373 359.332443237305 480.236953735352 518.513683319092 477.965850830078 574.194256186485 584.179765701294 478.069793701172 616.593799591064 588.323307037354 597.399639129639 442.308876037598 633.447334289551 598.981172561646 497.625663757324 636.40454864502 682.599822998047 634.232620239258 609.213471651077 521.048889160156 511.002853393555 538.023654937744 535.358699798584 578.09789276123 696.857902526855 636.335273742676 570.520412564278 539.870769500732 738.065948486328
533.334464073181 518.937431335449 463.953468322754 419.782241821289 523.292194366455 522.174350738525 647.019256591797 647.592765808105 676.117094039917 658.727187156677 627.352924346924 491.499198913574 446.980270385742 686.974639892578 552.578205108643 556.328456878662 577.743975430727 531.405387878418 545.932161331177 544.3552942276 644.228881835938 530.317598342896 438.493782043457 485.93962097168 555.737635612488 540.20915222168 464.98657989502 628.941066741943 474.756866455078 661.564346313477 535.900257110596 601.21085357666 524.415483474731 532.009969711304 491.906101226807 548.993766784668 599.235517501831 548.756591796875 734.027206420898 653.824100494385 554.98911857605 420.01708984375 558.27303314209 574.425882101059 609.899314880371 607.027057647705 640.079963684082 521.216949462891 455.609504699707 629.264537811279
616.336624145508 594.134792327881 564.890815734863 478.215072631836 546.409708976746 568.365822374821 622.640586853027 560.183033943176 523.206192016602 474.396583557129 534.988834381104 661.401187896729 489.068115234375 698.424087524414 514.934413909912 586.935270309448 522.374355316162 505.916126251221 677.786643981934 702.680938720703 587.429096221924 596.540040969849 475.252265930176 595.434600830078 626.052318572998 488.024284362793 527.162055969238 551.002212524414 595.989208221436 510.027656555176 606.141300201416 547.265055775642 527.817668914795 522.357166290283 526.551643371582 621.630855560303 425.113967895508 644.566955566406 695.375595092773 554.334838867188 631.74674987793 535.809759140015 595.018964767456 615.384437561035 792.572311401367 610.744506835938 622.923278808594 553.888389587402 588.331695556641 591.987525463104
690.26921081543 576.201631546021 539.245238780975 515.105422973633 519.269477844238 568.572275161743 619.116406917572 605.127994537354 613.293119430542 625.035446166992 598.230816841125 530.202152252197 504.587947845459 503.391490936279 559.223810195923 562.172544002533 445.266151428223 617.964611053467 521.488330841064 389.004592895508 429.346611022949 488.281288146973 421.514556884766 617.742727279663 620.400989532471 590.754806518555 658.367240905762 709.545875549316 576.435974121094 641.882598876953 583.448268890381 599.752384185791 539.832993507385 592.239540100098 616.313373565674 541.172752380371 661.799904763699 598.563373565674 655.248878479004 609.452491760254 561.469930648804 647.748085021973 674.763446807861 658.971752166748 1228.25091552734 563.984508514404 594.969764709473 617.044219970703 599.859951019287 595.742074966431
518.821332931519 641.986999511719 565.46825003624 501.567783355713 493.793277740479 535.082374572754 460.382171630859 364.316741943359 491.437232971191 666.037914276123 544.13899230957 607.184343338013 469.824119567871 502.314193725586 575.544748306274 588.349521636963 520.029949188232 514.670059204102 536.948047637939 508.358428955078 489.887382507324 431.750564575195 407.207061767578 445.68977355957 576.112865924835 606.790916442871 604.259113311768 882.349594116211 461.073226928711 494.231262207031 545.121894836426 503.979537963867 464.920707702637 576.581014633179 664.735271453857 562.775476455688 625.740814208984 516.594177246094 555.856010437012 576.843353271484 690.694747924805 521.494018554688 689.892425537109 578.793167114258 1125.0749130249 606.273788452148 574.539659500122 503.819633483887 639.11743927002 611.462429046631
490.247791290283 490.731563568115 413.858856201172 516.264831542969 458.15837097168 458.038589477539 466.787391662598 577.033519387245 412.393280029297 599.81781578064 372.10466003418 532.750835418701 636.761871337891 464.338073730469 526.820430755615 555.826375961304 511.415439605713 524.885181903839 469.612697601318 507.603134155273 503.450500488281 544.460398972034 502.338569641113 470.730243682861 549.191423416138 568.419536590576 747.376174926758 649.7525806427 1062.64336395264 569.885238647461 585.5714635849 747.353202819824 698.615409851074 534.966468811035 545.208522796631 588.073993682861 517.993709564209 302.569107055664 587.08936882019 511.557399749756 577.899261474609 543.094367027283 485.126953125 537.637880325317 662.530227661133 575.039865493774 554.493782043457 511.449703216553 564.196546554565 525.172756195068
546.344081878662 513.733039855957 481.44287109375 554.913114547729 434.132308959961 674.860151529312 571.017238616943 485.379135131836 556.10733795166 520.64013671875 499.79948425293 635.89395904541 586.160737991333 629.911293029785 490.506141662598 528.616228103638 699.527847290039 512.1842212677 460.759674072266 557.334325253963 704.426513671875 655.966003417969 649.591651916504 567.081077575684 571.342910766602 544.059014558792 463.990272521973 711.327095031738 976.040481567383 719.146911621094 679.034706115723 531.61633682251 662.174926757812 550.065462112427 552.339327812195 559.961185455322 578.864437103271 446.179290771484 466.82950592041 468.693603515625 455.878486633301 565.314998626709 520.172870635986 529.441287994385 739.392700195312 656.21297454834 572.625932693481 435.661277770996 436.152076721191 502.494211196899
694.897846221924 583.766317367554 557.701066017151 541.646705627441 472.21467590332 750.503219604492 652.266807556152 680.909767150879 455.436401367188 460.903884887695 632.727165222168 578.030544281006 535.41805267334 513.423156738281 564.737815856934 427.770973205566 466.391525268555 503.894117355347 457.910217285156 480.98246383667 569.173568725586 498.833438873291 620.607137680054 567.884687423706 412.818181991577 647.708778381348 606.690258026123 556.161459922791 767.305206298828 1089.14419555664 793.241180419922 629.673446655273 558.594097137451 526.831823348999 467.041809082031 624.104103088379 599.271732330322 570.811292648315 488.67147064209 547.884742975235 519.460823059082 560.373151779175 598.785980224609 538.870167613029 584.115539550781 621.791885375977 547.388599395752 572.282954216003 480.130798339844 569.46418055892
625.357906341553 694.65461730957 600.147792816162 473.340599060059 488.759887695312 550.410274505615 548.165260314941 538.909353256226 555.059357643127 637.617924690247 456.978454589844 455.106826782227 469.434242248535 398.028778076172 475.703983306885 521.497524261475 628.095733642578 625.364864349365 374.324661254883 406.210117340088 483.349514007568 592.175624847412 621.308860778809 684.623916625977 688.059936523438 651.678108215332 596.850557088852 882.264724731445 679.928188323975 619.627319335938 731.018646240234 586.783958435059 582.889434814453 476.823123931885 582.686954498291 533.091912269592 479.343822479248 388.906967163086 490.65145111084 478.136611938477 440.19539642334 586.740383148193 632.249687194824 583.880447387695 529.727430343628 525.987854003906 455.021347045898 472.007934570312 582.387676239014 457.474800109863
565.427062988281 656.258583068848 513.450391769409 461.404907226562 569.624475479126 615.086143493652 465.355880737305 478.962074279785 628.868438720703 516.072715759277 402.047058105469 464.323970794678 482.61145401001 409.119567871094 381.296928405762 512.976852416992 466.608757019043 460.543724060059 561.510927915573 530.327610015869 673.902305603027 624.920516967773 527.76965713501 658.061637878418 639.556846618652 619.144134521484 608.788394927979 682.354387283325 797.693452835083 719.447113037109 664.327056884766 671.545036315918 649.574028015137 606.498085021973 519.17001247406 483.432876586914 620.134684562683 395.121429443359 546.424817562103 512.584846496582 584.151435852051 608.471343994141 586.24341583252 618.932258605957 428.643325805664 538.267949104309 483.572364807129 426.204162597656 565.637775421143 552.699580192566
649.364044189453 602.938270568848 471.864894866943 455.776306152344 526.49379825592 532.949409484863 603.142845153809 540.503051757812 619.611511230469 470.258666992188 476.641372680664 415.825572967529 438.675945281982 442.945770263672 488.844757080078 442.46800994873 501.138008117676 481.426708221436 429.247413635254 489.722221374512 553.891042709351 589.454345703125 639.649299621582 402.143890380859 524.105369567871 588.121738433838 594.856990814209 630.874801635742 839.150764465332 768.407382965088 676.650993347168 662.019096374512 593.080139160156 565.115760803223 477.033798217773 481.365665435791 563.800176620483 608.877532958984 567.467723846436 453.685569763184 452.697769165039 535.31667804718 562.802654266357 422.036781311035 371.422271728516 495.316719055176 428.789215087891 549.785008788109 421.041847229004 496.732955932617
545.143714904785 628.42057800293 559.041051864624 484.32442855835 531.15281867981 440.046684265137 525.969488143921 597.911842346191 542.735263824463 451.163558959961 558.97182559967 534.330095291138 575.443658828735 489.230529785156 512.449737548828 428.818305969238 566.882469177246 518.442836761475 596.741039276123 499.050830841064 519.561724662781 662.243446350098 648.664825439453 485.809906005859 588.27367401123 671.130569458008 671.991134643555 670.260684967041 720.008041381836 620.722345352173 790.277946472168 763.115913391113 626.435894012451 486.809127807617 566.087759017944 517.616870880127 430.440353393555 481.093620300293 579.829555988312 474.641014099121 503.089706420898 473.257377624512 856.586631774902 525.671264648438 635.278079986572 698.649505615234 489.767623901367 504.423461914062 439.517211914062 503.647026062012
