simdem/realisation13.asc
NCOLS 350 
NROWS 171 
XLLCORNER 152620 
YLLCORNER 418050 
CELLSIZE 100 
NODATA_value -9999 
[rows 44 to 65 of 171, columns 150 to 199 of 350]
565.331878662109 406.93628692627 718.269943237305 478.275985717773 457.909446716309 449.878005981445 437.427345275879 523.977178454399 655.814910888672 659.99503326416 656.872528076172 618.141189575195 554.856751680374 614.763946533203 674.192733764648 529.8899269104 643.630729675293 566.751499176025 647.294281005859 714.656005859375 536.475732803345 566.29563999176 587.321598052979 598.416156768799 445.601661682129 649.559135437012 494.503524780273 481.518417358398 429.507308959961 519.663433074951 680.248371124268 629.850280761719 697.774392127991 665.193130493164 596.053001403809 624.21958732605 718.258186340332 744.582632064819 707.802516460419 514.234451293945 609.703437805176 524.082290649414 547.464210510254 746.400360107422 828.463358879089 637.205684661865 596.194763183594 709.187372207642 1278.69477844238 1167.94215393066
332.780006408691 314.218368530273 606.545120239258 560.715431213379 557.789680480957 527.968116760254 479.430309295654 579.913009643555 671.805511474609 593.802883148193 510.650032043457 628.396678924561 618.92000579834 539.050552368164 532.623931884766 528.794403076172 533.857912063599 556.987155914307 675.797409057617 649.388076782227 613.46508026123 578.72509765625 562.624746322632 575.468818664551 605.072212219238 629.337966918945 573.567346572876 630.226699829102 572.022974014282 647.593635559082 609.71399974823 632.321216583252 470.892715454102 535.996383666992 705.470184326172 634.876523017883 529.727127075195 731.531784057617 580.945930480957 573.930658340454 526.465908050537 587.619155883789 582.121513366699 648.194023132324 549.763458251953 554.109172821045 661.285102844238 530.596050262451 663.809621810913 932.286750793457
481.630359649658 557.556982040405 526.62716293335 572.935249328613 482.985468864441 619.74592590332 513.432175636292 483.34789276123 486.88289642334 606.04065322876 491.67667388916 571.438348293304 585.592876434326 661.86653137207 616.897785186768 586.899200439453 479.514915466309 582.213153839111 717.737411499023 676.27131652832 598.767875671387 468.466812133789 528.259601593018 620.700874328613 561.106423377991 672.71240234375 522.258197784424 627.244110107422 531.73624420166 573.955707550049 613.706409454346 390.526672363281 397.85075378418 539.059471130371 607.125944137573 482.36238861084 647.076705932617 698.173454284668 786.548599243164 616.535659790039 558.014465332031 575.860060691833 676.837623596191 462.389335632324 528.184425354004 663.221256256104 710.246452331543 520.357849121094 656.774555206299 574.297483444214
526.42395851016 478.396522521973 666.531509399414 564.747459411621 517.565221786499 612.402229309082 605.849624633789 495.773593902588 408.504302978516 523.173385620117 516.543334960938 576.974680900574 592.850467681885 702.380004882812 659.028717041016 491.257236480713 538.981815338135 536.51381778717 660.322792053223 580.199842453003 553.672821998596 383.167190551758 521.054126739502 500.228530883789 659.581695556641 682.566101074219 586.673156738281 601.803733825684 649.398712158203 545.105205535889 455.083984375 497.760116577148 439.397918701172 507.296203613281 510.597118377686 478.199752807617 635.177158355713 653.527194976807 647.564952850342 603.426498413086 589.269596099854 489.09375 655.542137145996 629.58443069458 610.10817527771 603.861931085587 600.177535057068 629.053909301758 637.398582458496 373.194488525391
517.086951255798 616.072784423828 603.849510192871 568.714012145996 577.648464202881 588.692539215088 424.75700378418 410.698295593262 475.922370910645 535.331295013428 482.542808532715 433.61296081543 570.817930221558 714.631446838379 608.338481903076 606.824810028076 684.192749023438 603.623886108398 700.661254882812 507.913688659668 553.249286174774 489.159362792969 389.957366943359 564.024710178375 583.635936737061 637.062801361084 649.316589355469 657.556610107422 665.896354675293 421.739166259766 435.402732849121 449.450469970703 561.449975967407 554.596924901009 572.953266143799 560.329147338867 602.522029876709 647.437911987305 673.934600830078 604.011030197144 520.048000335693 420.106750488281 536.607269287109 589.693375587463 417.513092041016 518.780746459961 682.651193618774 526.178550720215 519.97127532959 587.169200897217
569.378765106201 618.496467590332 461.03173828125 526.642749786377 580.262336730957 394.657501220703 369.255981445312 494.288536071777 452.278007507324 567.739813566208 664.176712036133 538.89864730835 611.513925552368 550.80525970459 553.030223846436 658.893753051758 685.832523345947 631.31521987915 783.910148620605 634.789318084717 578.499005317688 572.815235137939 627.071640014648 476.938278198242 487.27278137207 667.521995544434 661.855094909668 628.429428100586 556.705053031445 550.48884677887 390.750793457031 603.457038879395 566.223487854004 635.115005493164 588.258474349976 594.841796875 358.883407592773 538.700676441193 507.390342712402 501.344909667969 454.015525817871 475.59464263916 464.842704772949 464.394020080566 498.69425201416 481.808334350586 591.921243667603 583.383681297302 509.430671691895 630.186134338379
590.676414489746 670.621185302734 455.703742980957 591.645648956299 557.632054328918 443.116645812988 438.532936096191 420.970222473145 540.087059020996 599.076881408691 582.840899467468 561.820116043091 518.576602935791 485.128395080566 570.725491523743 518.527679443359 631.970586776733 775.956497192383 1010.32873535156 562.964683532715 525.788497924805 562.503347396851 709.969372749329 683.535483360291 566.27320098877 652.787498474121 695.670959472656 724.714950561523 649.689010620117 615.801080703735 580.367599487305 658.094581604004 407.511901855469 417.378372192383 506.531970977783 542.531976699829 455.766105651855 484.513401031494 446.164985656738 556.768682479858 424.846466064453 553.538175582886 619.764907836914 545.549328804016 594.100255966187 466.381927490234 558.425113677979 562.2355427742 699.490501403809 852.199020385742
606.284278869629 623.099685668945 588.971515655518 607.928443908691 730.090484619141 588.168952941895 433.968650817871 423.097808837891 550.634338259697 666.727806091309 676.771369934082 602.571352005005 493.051109313965 553.005004882812 563.058280944824 514.753326416016 633.134086608887 625.276664733887 731.018081665039 830.278259277344 651.142276763916 552.085861206055 570.86011505127 552.638778686523 574.903244018555 598.638916015625 744.508687973022 671.957958221436 710.352691650391 618.353015899658 675.194114685059 468.14274597168 531.028170585632 539.636078834534 429.000152587891 382.667678833008 412.992622375488 423.455917358398 428.838745117188 510.075553894043 446.884941101074 632.234088897705 652.386497497559 598.727319717407 522.393093109131 691.730949401855 646.585479736328 584.510555267334 688.384437561035 598.66732659936
439.913719177246 569.389991760254 564.630270004272 559.003538131714 469.716793060303 516.018362045288 397.829650878906 533.939985275269 516.090054512024 620.831348419189 595.770178794861 592.273681640625 716.2265625 646.373737335205 574.192546248436 640.697596549988 653.069828033447 627.295604705811 465.314529418945 711.048522949219 601.141929626465 581.162006378174 601.719306468964 511.091094970703 399.390357971191 571.604400634766 792.650394439697 824.215301513672 615.935333251953 631.797080993652 690.153366088867 668.513031005859 548.579042434692 610.446578979492 619.116485595703 652.711730957031 690.607536315918 575.167278289795 580.08860886097 656.425001144409 484.643455505371 572.484612941742 661.302375793457 644.25121307373 631.129287719727 587.059904575348 628.822345733643 682.757125854492 679.642250061035 581.878949046135
598.120292663574 501.050090789795 543.305063247681 658.86173248291 499.153434753418 448.394332885742 462.376770019531 488.438972473145 571.931606292725 531.45062828064 529.490547180176 604.424831390381 413.020538330078 440.436614990234 502.87194442749 565.171690225601 583.671176433563 660.17008972168 696.063152313232 585.024291992188 620.566802978516 613.040639877319 486.818580627441 517.336624145508 614.22730255127 629.765962600708 750.48600769043 686.889846801758 653.341766357422 667.585334777832 693.808898925781 595.325122833252 620.170272827148 640.962226867676 602.614406585693 641.951538085938 585.746965408325 690.461517333984 584.835477828979 539.39582824707 515.342128753662 529.868434906006 606.347059249878 500.135856628418 507.10090637207 443.902587890625 604.058574676514 578.412860870361 502.575408935547 533.147655487061
468.107757568359 619.269515991211 544.953069210052 493.941509246826 470.42733001709 501.83772277832 695.593536376953 693.824234008789 595.521732330322 701.951965332031 601.233020782471 524.325103759766 482.542961120605 395.465591430664 483.048217773438 550.940891265869 524.858322143555 584.352241754532 775.584518432617 594.368019104004 557.708606719971 622.499881744385 489.222434997559 587.524070739746 688.191101074219 751.326606750488 766.322654724121 712.755619049072 629.376511573792 541.368480682373 711.849151611328 521.76734161377 659.250030517578 673.792785644531 638.076095581055 544.423554420471 582.213043212891 576.176452636719 716.615112304688 733.438949584961 524.827301025391 463.881820678711 712.811714172363 631.495189666748 483.474517822266 471.247787475586 619.660356521606 472.93879699707 628.684299468994 529.941032409668
680.333847045898 610.249298095703 581.830600738525 408.10986328125 461.661964416504 567.356359302998 648.51057434082 695.017654418945 590.19083404541 563.623067855835 612.50048828125 607.127262115479 498.076759338379 591.023209571838 635.824890136719 512.466583251953 532.260166168213 639.942558288574 725.643173217773 586.873324394226 427.461883544922 510.835124969482 628.230937957764 755.580879211426 706.951034545898 706.981178283691 829.220062255859 593.966167449951 658.85325050354 607.475738525391 660.706916809082 562.635991096497 595.156934738159 595.804698944092 459.494743347168 452.313598632812 618.823268890381 682.901832580566 750.285583496094 706.043281555176 525.756328582764 645.407592773438 634.947830200195 767.445251464844 651.549140930176 649.330286026001 473.232788085938 493.01538848877 569.608081817627 570.415187835693
443.354690551758 422.923698425293 517.030628204346 408.440902709961 408.286346435547 476.617034912109 667.453147888184 647.396118164062 661.465972900391 489.863525390625 451.719635009766 377.978729248047 585.790736198425 642.031410217285 621.886619567871 483.611358642578 520.336727142334 764.239196777344 706.40754699707 643.409358978271 588.3786444664 510.391937255859 464.114906311035 695.465295791626 625.379862904549 587.239005565643 827.4287109375 658.146022319794 593.073574066162 573.814571380615 485.091316223145 512.018135070801 562.264777839184 463.657333374023 582.038555145264 633.9631690979 607.557035446167 758.50798034668 614.864398956299 547.416553497314 602.191930770874 627.59105682373 560.939395904541 744.078140258789 788.346252441406 527.059059143066 565.867389678955 649.823137283325 600.52672958374 606.665153503418
291.926788330078 337.143600463867 405.329620361328 559.18133354187 567.877429962158 646.610191345215 729.095825195312 623.177841186523 613.395278930664 561.241879463196 512.412521362305 568.569654464722 625.29345703125 619.506340026855 626.647228240967 538.869453430176 606.717924118042 626.736539840698 630.722469329834 651.077404022217 650.781463623047 567.878047943115 670.868049621582 541.081394195557 584.655656099319 678.569328308105 688.070655822754 624.961235046387 654.033065795898 675.825466156006 666.81716966629 616.59944152832 484.875457763672 691.631698608398 550.127449035645 524.47004699707 492.742973327637 392.407043457031 543.188934326172 506.496864318848 547.493270874023 629.621870040894 571.260102570057 639.151601791382 695.515953063965 480.005699157715 661.853530883789 508.866027832031 648.893985748291 594.383625030518
400.183471679688 409.980621337891 468.575050354004 621.518516540527 588.691265106201 673.777229309082 693.168594360352 570.698371529579 654.073268890381 526.469520568848 507.892570495605 572.083453178406 469.451316833496 613.420318603516 510.951461791992 646.346740722656 553.558694839478 623.99116897583 544.087448120117 505.010833740234 588.451552987099 601.954069137573 567.946434020996 640.639789581299 488.878440856934 444.412307739258 564.604454040527 481.469589233398 574.712951660156 787.192127227783 679.489124298096 549.935447692871 661.37158870697 665.103035926819 620.039588928223 600.382461547852 526.953712463379 514.325931549072 607.557399153709 579.166133880615 641.149988174438 566.276916503906 722.703163146973 603.43116569519 732.41056060791 644.847520828247 624.906774520874 631.48769569397 487.193473815918 436.424591064453
515.870307922363 475.154678344727 461.732574462891 532.60115814209 582.840393066406 794.189666748047 566.288261413574 549.077131032944 570.487587749958 415.221817016602 401.329452514648 535.724391937256 521.161743164062 591.245776176453 635.956604003906 609.55774307251 578.263198852539 585.169069290161 562.749502182007 526.663093566895 633.92414855957 583.428295135498 517.367210388184 589.49583530426 805.768051147461 499.988159179688 548.345649719238 441.056335449219 608.025039672852 605.405548095703 656.306625366211 634.549261569977 659.41863656044 704.643749237061 669.069816589355 722.17174911499 611.428512573242 481.123191833496 655.227626800537 539.954238891602 625.211811065674 667.443916320801 644.918487548828 694.216819763184 669.494152069092 713.049644470215 689.806945800781 529.40355682373 526.938972473145 607.699067115784
621.409042358398 539.787071228027 582.655122756958 586.366374969482 612.442100524902 608.379177093506 585.219411849976 442.604507446289 573.299560785294 554.312508583069 555.231071949005 594.231840133667 545.902610778809 553.293747425079 634.437973022461 625.244110107422 505.92361831665 584.928685188293 625.775421142578 579.828219652176 633.161602020264 680.220405578613 602.499725341797 619.778833389282 727.20100402832 743.790100097656 584.574142456055 433.118942260742 475.980728149414 601.294834136963 591.206142425537 474.526000976562 654.688623666763 590.062606811523 704.233509063721 713.357444763184 580.053535461426 591.098587036133 462.734832763672 465.572418212891 527.668441772461 736.239618301392 616.733642578125 587.447494506836 683.388292312622 653.292523384094 522.837272644043 674.219802856445 612.716675758362 653.930604934692
659.806282043457 534.493474960327 407.393951416016 488.710430145264 575.222278594971 482.181098937988 524.57848739624 442.729232788086 507.594753265381 595.136631011963 531.680774688721 670.386978149414 468.750244140625 504.448013305664 421.446563720703 468.10912322998 590.453458786011 617.799129486084 647.693710327148 671.924140930176 581.520954608917 539.06526184082 700.322509765625 689.195693969727 690.94792175293 675.036182403564 524.779846191406 458.693649291992 433.242218017578 508.795143127441 569.316764831543 534.011978149414 631.804056167603 630.769694328308 481.710998535156 506.282676696777 445.962799072266 489.57112121582 512.070899963379 457.922500610352 563.648895263672 676.845417022705 779.135803222656 907.840316772461 766.968095779419 666.627941131592 559.053085327148 684.462432861328 612.789318084717 558.447639465332
582.62922668457 486.695861816406 512.388557434082 702.66081237793 621.093864440918 390.969207763672 411.324752807617 582.61922454834 503.910919189453 547.188787460327 583.131454467773 658.672706604004 534.827472686768 563.304092407227 458.090103149414 570.100465774536 526.58815574646 511.395673751831 585.110614776611 543.152868270874 684.393974304199 606.015838623047 599.303251266479 556.321437835693 824.047302246094 664.332042694092 508.494407653809 484.110855102539 452.481491088867 610.937309265137 666.435501098633 808.649856567383 469.883758544922 548.059684753418 563.608924865723 513.191268920898 503.103340148926 443.020477294922 509.936256408691 493.418716430664 578.143035888672 697.107433319092 824.630676269531 860.032836914062 906.370452880859 588.54573059082 508.003768920898 647.837310791016 548.553230285645 515.313049316406
452.025527954102 487.372329711914 466.500183105469 498.739189147949 456.410499572754 435.725433349609 483.100387573242 558.100779950619 474.442222595215 577.873425960541 509.005214691162 615.92512512207 611.603286743164 527.569984436035 556.856281280518 436.070388793945 560.245946884155 508.65202331543 517.059404373169 658.550315856934 537.517986297607 522.400901794434 484.249244689941 607.980527877808 729.93180847168 554.428565979004 615.805730819702 609.823733329773 574.684383392334 727.098518371582 616.456470489502 683.67163848877 664.624794006348 511.696800231934 521.204635620117 632.912263870239 578.167377471924 673.195690155029 558.514225006104 446.078048706055 631.508180141449 706.52808380127 794.781967163086 776.746017456055 706.737831115723 652.3541431427 505.635726928711 630.522151112556 637.088078975677 597.955937385559
475.360557556152 521.078086853027 483.857421875 523.231346130371 550.407936215401 597.561836242676 589.448747634888 452.335350036621 625.200734138489 635.251811981201 636.505378723145 619.064811706543 657.399963378906 689.311546325684 543.785694122314 513.53458404541 482.624450683594 567.809210777283 526.363018035889 591.190727233887 695.426391601562 706.550922393799 527.840965270996 461.620986938477 519.149662017822 541.44356918335 577.942520141602 649.727243423462 617.064517974854 665.374839782715 637.025463104248 588.394671440125 641.211112976074 690.815017700195 583.645467758179 546.515357971191 593.038644790649 627.826061248779 513.270469665527 682.565456390381 727.847259521484 614.199251174927 603.438816070557 621.095860481262 681.579784393311 675.24641418457 601.369450569153 646.950721740723 800.57234954834 616.556909561157
552.423434257507 615.528244018555 504.639289855957 594.998596191406 560.893262863159 714.029327392578 725.756759643555 566.441379547119 506.39107131958 559.549457550049 569.518043875694 600.928652763367 509.090343475342 588.334904670715 709.082977294922 550.517385959625 585.587829589844 485.415008544922 614.943096160889 537.397970199585 465.276679992676 620.210803985596 548.600290298462 341.170074462891 526.521663665771 535.984703063965 578.763913154602 677.523834228516 565.273292541504 614.248950958252 590.650635719299 546.415576934814 668.447082519531 594.84299325943 555.621566772461 565.48152923584 400.589950561523 463.917678833008 475.64567565918 509.241409301758 620.185785293579 763.469497680664 686.548706054688 593.683643341064 654.925004959106 597.401973724365 611.11043548584 634.700408935547 640.663425445557 608.603927612305
