simdem/realisation100.asc
NCOLS 350 
NROWS 171 
XLLCORNER 152620 
YLLCORNER 418050 
CELLSIZE 100 
NODATA_value -9999 
[rows 132 to 153 of 171, columns 250 to 299 of 350]
837.497631072998 821.574983596802 642.994277954102 724.072101593018 811.607206344604 778.77082824707 571.360952377319 500.246894836426 629.305805206299 674.48063659668 791.098560333252 627.08570098877 613.366592407227 587.468292236328 689.033073425293 741.083909988403 676.633033752441 782.466442108154 820.291273117065 668.089855194092 650.528114318848 687.911602020264 643.909248352051 746.913192749023 751.289539337158 737.431171417236 556.596229553223 682.72783780098 680.276542663574 652.860001564026 676.748665809631 588.411285400391 623.635820388794 470.064224243164 529.982757568359 558.010459899902 494.625610351562 605.432525634766 744.895017623901 795.074783325195 992.348010540009 1084.42499923706 757.605880737305 980.073226928711 861.424087524414 889.680068969727 998.558818817139 813.967901229858 1026.5922164917 1074.53700256348
844.717422485352 845.16682434082 842.318557739258 823.080156803131 668.291980743408 705.331192016602 613.385471343994 695.8782081604 754.883863925934 657.332740783691 546.561004638672 691.361099243164 603.753875732422 463.943786621094 598.09538269043 630.049949645996 678.55680847168 896.111003875732 956.005325317383 768.340972900391 691.36247253418 646.242012023926 588.600158691406 778.671508789062 759.123168945312 843.477844238281 698.561500549316 737.595031738281 757.120704650879 637.089061737061 601.538063049316 535.350402832031 576.313587188721 722.569511413574 523.069259643555 495.603179931641 597.520168304443 697.662055969238 663.131376266479 651.114061355591 558.381240844727 764.075424194336 861.993438720703 1104.29657363892 940.011016845703 941.498081207275 1160.09494018555 673.732284545898 750.147857666016 922.311703681946
776.293430328369 871.020236968994 777.214736461639 681.413467884064 676.370346069336 591.101317405701 666.516860246658 766.463642120361 827.682899475098 783.305481672287 738.404245376587 769.517127513885 617.470825195312 635.518531799316 697.920932769775 647.818908691406 659.684379577637 828.330993652344 1029.21790313721 882.372184753418 652.852073669434 684.543689727783 621.395839691162 592.664794921875 674.523603439331 720.032287597656 649.084362983704 746.67259979248 694.710525512695 606.825283050537 578.332191467285 590.457618713379 654.258427619934 684.636650085449 630.127662658691 609.556804656982 542.791442871094 787.184837341309 617.458213806152 651.430751800537 696.106506347656 577.256256103516 482.986175537109 718.266220092773 917.878785133362 798.06470489502 830.879280090332 803.480623245239 924.534412384033 846.816020965576
871.842491149902 751.400541067123 758.635452270508 635.256580352783 596.737079620361 559.91423034668 724.02108001709 735.697681427002 759.592559814453 815.571950018406 829.628093719482 626.40510559082 653.877044677734 683.79402923584 675.172145843506 752.734079360962 763.373065948486 802.344863891602 869.299758911133 782.827707290649 919.294006347656 808.451839447021 654.07580947876 683.362880706787 584.50163269043 557.651901245117 699.799098968506 726.058364868164 593.435718536377 470.550186157227 618.810710906982 675.533018112183 705.224052429199 794.890914916992 621.013065338135 705.514472961426 609.056573867798 780.401878356934 673.489007472992 736.03736114502 690.422882080078 562.558837890625 553.042121887207 593.721900939941 436.552612304688 790.863395690918 800.709167480469 881.512073516846 968.468490600586 859.832405090332
744.907627105713 855.093414306641 714.31939125061 732.810279846191 717.390640258789 811.81485748291 857.241828918457 790.653450965881 857.039417266846 841.432106018066 634.719619750977 627.821182250977 611.808200836182 637.63306427002 509.130355834961 728.413385391235 797.447363853455 956.49919128418 758.259479522705 818.989883422852 914.310371398926 767.486099243164 572.422805786133 700.08108997345 605.506969451904 721.896766662598 628.15616607666 598.870700836182 710.424049377441 584.406307220459 598.452285766602 884.548004150391 744.915588378906 687.756637573242 656.217100143433 502.427658081055 750.628467559814 733.432952880859 608.716491699219 605.202018737793 664.504421234131 517.207824707031 534.901443481445 501.716430664062 724.876111984253 782.06559753418 904.191604614258 1028.04574584961 952.282081604004 893.427711486816
702.149230957031 827.848091125488 774.819793701172 723.049763202667 637.091003417969 724.096412658691 831.228443145752 782.931902885437 586.904067993164 741.519653558731 742.964259147644 606.444946289062 530.531173706055 579.906051635742 609.827835083008 816.625328063965 849.230644226074 877.462539672852 557.700607299805 504.857131958008 713.362274169922 856.529525756836 699.503628730774 569.396026611328 737.102195739746 751.672958374023 844.540863037109 676.880653381348 820.991806030273 635.170097351074 716.424478530884 773.557670593262 627.433216094971 630.395263671875 697.479331970215 727.17679977417 738.418613433838 660.491731643677 591.664405822754 557.373779296875 605.851486206055 551.174942016602 520.798202514648 620.945770263672 576.164581298828 516.076293945312 933.297515869141 987.204452514648 864.292285919189 951.185348510742
795.256885528564 699.426211833954 814.793525695801 724.721908569336 683.018188476562 652.116714477539 675.76375579834 727.990345001221 649.007331848145 700.473297119141 836.108253479004 651.385581970215 608.207138061523 814.647159576416 730.882965087891 783.813827514648 613.76537322998 668.430892944336 519.108108520508 745.581930160522 715.081699371338 697.705993652344 711.488732337952 645.917865753174 709.620460510254 763.92896270752 824.170715332031 833.225708007812 759.051391601562 620.843290328979 745.630142211914 735.647583007812 519.464477539062 467.322677612305 717.030101776123 663.258808612823 485.861480712891 643.346675872803 714.020087173209 610.174835205078 820.989753723145 652.66854095459 740.96395111084 662.613746643066 635.289398193359 654.061401367188 654.716621398926 815.233192443848 1052.3931427002 834.910675048828
894.602188110352 791.227800369263 787.625001907349 754.602108001709 721.775405883789 709.937934875488 676.392333984375 700.872856140137 780.136439323425 581.260055541992 815.665563583374 756.934705734253 690.425193786621 766.892523765564 943.631118774414 819.778797149658 749.843480110168 786.695205688477 567.958633422852 549.487945556641 679.849895477295 698.953365325928 789.013723373413 684.135524749756 761.39236831665 686.109916687012 652.290657043457 773.398204803467 716.147521734238 639.918468475342 773.919960021973 864.809768676758 629.125999450684 596.573875427246 656.191669464111 674.06464779377 696.870109558105 799.915702819824 666.221387863159 795.013069152832 810.647323608398 756.723281860352 609.813743591309 654.269557952881 608.606727600098 704.470237731934 753.325180053711 775.517543792725 927.549545288086 885.867713928223
781.557881832123 859.097999572754 780.679573059082 821.23095035553 789.311630249023 636.227661132812 777.188444137573 847.736415863037 804.880751132965 905.313613891602 817.115814208984 794.570872545242 727.244215011597 807.159120559692 867.183349609375 813.106676101685 891.893650054932 909.475412368774 553.918792724609 531.79426574707 555.690612792969 541.139892578125 665.092880249023 841.103965759277 767.680010080338 693.441482543945 772.830043792725 741.97855758667 612.671375274658 686.704666137695 808.229484558105 674.513776779175 841.031593322754 713.921558380127 727.478042602539 654.936922073364 659.932660102844 622.818138122559 594.205291748047 862.386108398438 773.462829589844 775.4436378479 709.373847484589 638.565872192383 693.564554214478 688.959156036377 685.83260679245 719.182130813599 789.413475036621 645.448905944824
835.001945495605 813.784465789795 740.112945556641 818.768097877502 738.177207946777 748.795116424561 767.836685180664 907.013168334961 801.576106190681 606.505279541016 812.436423301697 917.559204101562 755.648475646973 878.671882629395 736.146675109863 863.065757751465 683.447952270508 855.029098510742 719.906440734863 581.391464233398 665.360626220703 595.294242858887 690.814220428467 721.697332382202 662.71265411377 597.77717590332 779.958797454834 789.786071777344 867.817207336426 791.061012268066 785.90796661377 866.341796875 823.022819519043 687.226410865784 764.273590087891 760.823211669922 632.515892028809 551.036422729492 700.216136932373 684.915479660034 793.440010070801 736.857157230377 811.480056762695 883.338638305664 802.106498718262 745.54094171524 699.42590713501 684.829358577728 770.572441101074 616.670516967773
928.456848144531 676.91773223877 1154.53170394897 611.884948730469 852.014897108078 728.391586303711 732.558601379395 620.629726409912 691.982002258301 796.020137786865 758.455947875977 899.220596313477 821.796676635742 800.97295665741 713.985877990723 752.550651550293 737.518440246582 759.931587219238 819.433807373047 641.871566772461 721.850807189941 652.916114807129 804.384117126465 795.581901550293 618.182067871094 762.750777244568 707.821708679199 794.302509784698 891.021186828613 762.899265766144 863.910499572754 773.118576049805 723.747877120972 676.112659454346 742.635535478592 683.376112937927 657.964710235596 585.131996154785 686.875933408737 614.618095397949 724.657435894012 605.24836730957 736.841943740845 708.76296710968 743.654224395752 730.579509735107 720.002679824829 948.236541748047 834.742340087891 769.213226318359
676.290104866028 676.328025817871 1058.6869058609 494.616897583008 648.614532470703 708.995066642761 725.273963928223 964.9670753479 757.866565704346 828.122062683105 840.826404571533 765.091382980347 851.076717376709 977.515991210938 769.927753448486 581.748992919922 659.942687988281 687.993835449219 796.481239318848 717.198532104492 788.034271240234 670.919607162476 753.461376190186 666.408721923828 859.20482635498 776.288833618164 750.565551757812 727.573810577393 804.453126907349 868.707450866699 874.52001953125 653.533782958984 645.001319885254 605.012771606445 598.891204833984 649.021800994873 657.875869750977 668.394649505615 702.156428813934 604.42219543457 679.185594558716 707.238773345947 652.403652191162 836.179901123047 728.377383232117 639.498687744141 612.781707763672 791.856945037842 831.284172058105 688.595787733793
736.146503448486 787.326774597168 822.149066925049 697.871269226074 710.890972137451 462.460830688477 665.634464263916 850.10111618042 546.51628112793 720.860366821289 1125.29246520996 802.048572540283 756.578479766846 762.301574707031 836.489585876465 674.167190551758 692.61954498291 862.138319015503 810.130379199982 933.49031829834 819.932975769043 801.947547912598 676.721855163574 721.978134155273 813.855136871338 699.791078567505 696.673429489136 808.876314163208 764.11630821228 972.307601928711 890.590393066406 743.017799377441 723.51314163208 635.684150695801 602.41414642334 803.391006469727 752.626232147217 682.394947052002 793.652111053467 829.395378112793 697.096516609192 684.679206848145 745.991628646851 731.223925590515 703.876453399658 812.029190063477 748.673805236816 800.079772949219 861.119781494141 816.315246582031
-9999 -9999 -9999 868.254041194916 810.853538513184 807.482009887695 822.913131713867 786.399924278259 559.5732421875 767.976547241211 859.446188926697 664.604179382324 873.789297103882 920.749332427979 733.780311584473 683.871887207031 790.990394592285 721.899017333984 819.503303527832 815.983413696289 879.695556640625 913.761566162109 830.673187702894 816.801021575928 745.168449401855 745.938285827637 747.953763961792 845.602310180664 773.102897644043 903.55411529541 860.108169555664 553.419174194336 756.963937759399 742.462760925293 808.386848449707 873.96760559082 735.062839508057 719.779563903809 793.729427337646 873.882415771484 812.362499237061 794.481563568115 781.771633148193 835.665145874023 771.29704284668 702.251918792725 803.929481506348 842.092742919922 829.961090087891 870.157455444336
-9999 -9999 -9999 -9999 -9999 -9999 1053.52174377441 934.004787445068 799.934804916382 682.403259277344 600.903930664062 557.235458374023 680.837074279785 905.007873535156 808.438632965088 772.734535217285 705.21125793457 721.420913696289 801.304210662842 924.225748062134 791.967208862305 812.618644714355 718.560745239258 783.775260925293 754.574188232422 733.085409164429 858.034507751465 826.152313232422 923.622329711914 764.864626422524 856.066521644592 843.211334228516 917.457977294922 834.15079498291 891.893096923828 785.102416992188 810.888202667236 795.413991212845 804.36792755127 972.626373291016 788.58723449707 590.057510375977 588.13916015625 676.65283203125 726.29362487793 704.243522644043 601.339729309082 605.398826599121 674.944602966309 683.995483398438
-9999 -9999 -9999 -9999 -9999 -9999 -9999 -9999 -9999 861.025268554688 677.662086486816 530.41438293457 784.991931915283 715.613571166992 708.889499664307 578.052841186523 1037.68797302246 857.583671569824 972.268543243408 832.353094100952 725.348571777344 814.410125732422 723.794357299805 788.125305175781 798.763900756836 870.5622215271 783.154731750488 704.872824162245 903.897674560547 878.676286697388 744.929679870605 775.162975311279 667.803066253662 748.607322692871 653.669715881348 676.714469909668 693.794921875 743.197134017944 636.822830200195 628.368705749512 612.98770904541 592.876022338867 668.46418762207 837.556678771973 862.038215637207 727.74894618988 744.946901321411 630.302665710449 758.743003845215 615.964279174805
-9999 -9999 -9999 -9999 -9999 -9999 -9999 -9999 -9999 -9999 -9999 890.025091171265 777.482099533081 812.302536010742 568.827278137207 595.424819946289 890.159561157227 1137.14793395996 768.034614562988 842.86417388916 1145.81685638428 1033.91470336914 906.953893661499 797.904083251953 824.135669708252 788.845611572266 773.979804992676 847.319889068604 893.046813964844 1098.24053955078 853.677828788757 774.291923522949 713.294087648392 929.764709472656 705.148811340332 754.046863555908 714.551622390747 617.131317138672 763.906684875488 652.756099700928 593.755157470703 706.594886779785 662.991752624512 710.261478424072 843.080955505371 754.296669006348 883.927017211914 635.505233764648 771.369674682617 664.530265808105
-9999 -9999 -9999 -9999 -9999 -9999 -9999 -9999 -9999 -9999 -9999 -9999 1043.78828430176 849.21354675293 686.100372076035 773.160308837891 684.696075439453 1411.65742874146 1212.58346557617 1240.31371307373 1146.13908433914 1138.53899860382 1080.58415412903 1025.22491455078 815.775977134705 752.009137868881 639.759208679199 994.801055908203 840.181524276733 989.587837219238 890.607246398926 731.255081176758 768.08666229248 801.303276062012 719.574663162231 737.9469871521 782.518558502197 751.631834983826 671.568870544434 767.645729064941 673.599006652832 707.448638916016 687.937835693359 747.086247444153 790.21244430542 766.137134552002 836.192756652832 781.518844604492 872.78636932373 766.854980111122
-9999 -9999 -9999 -9999 -9999 -9999 -9999 -9999 -9999 -9999 -9999 -9999 877.914381027222 812.200187683105 681.379493713379 734.487712860107 818.297012329102 798.657969474792 892.07933807373 927.806060791016 854.979383945465 848.015418052673 1001.63903808594 804.935308456421 852.257881164551 771.664937973022 1229.053855896 841.241077423096 960.164813995361 920.387580871582 864.171488761902 930.41997718811 760.418437957764 764.492568969727 725.354377746582 933.165451049805 740.85799407959 870.746360778809 895.572937011719 703.962306976318 712.902603149414 663.167541503906 748.719921112061 856.585899353027 856.665084838867 696.080673217773 782.300903320312 749.185394287109 795.759754180908 782.390855789185
-9999 -9999 -9999 -9999 -9999 -9999 -9999 -9999 -9999 -9999 -9999 -9999 -9999 777.275619506836 702.718727111816 752.968825340271 689.135608673096 866.508087158203 916.798419952393 919.184768676758 956.538681030273 953.711807250977 827.233703613281 835.122651144862 855.184162139893 754.058576583862 683.208740234375 714.490051269531 820.882186889648 857.376504421234 1241.28964996338 791.778734207153 881.869277954102 764.688159942627 711.243041992188 899.28638458252 868.352156162262 772.71276473999 923.243309020996 878.301986694336 772.665855407715 841.246856689453 734.726905822754 798.914989471436 630.515548706055 734.768243789673 705.459121704102 686.750129699707 771.186076164246 880.357696533203
-9999 -9999 -9999 -9999 -9999 -9999 -9999 -9999 -9999 -9999 -9999 -9999 -9999 -9999 611.261245727539 597.230926513672 920.199249267578 902.369850158691 973.659160614014 1030.31823730469 1048.34030151367 927.453834533691 864.96741104126 851.821356773376 797.859847068787 744.290428161621 647.32649230957 824.314287185669 833.790691375732 806.910148620605 857.083633422852 760.997915267944 696.72176361084 851.767646789551 697.065883636475 755.746382236481 952.866125106812 784.77356338501 692.894203186035 797.161670684814 911.689270019531 841.355644226074 781.523910522461 802.257205963135 858.315616607666 741.819046020508 762.875942230225 870.798805236816 785.147407531738 835.912998199463
-9999 -9999 -9999 -9999 -9999 -9999 -9999 -9999 -9999 -9999 -9999 -9999 -9999 -9999 861.71325302124 845.484741210938 806.571350097656 890.627601623535 822.759235858917 938.328819274902 886.344287872314 851.137987136841 903.243030548096 933.92992401123 859.464674115181 890.58337020874 875.32351398468 871.615726470947 890.296600341797 751.813121795654 864.89665222168 813.654735565186 976.855880737305 855.697166442871 806.686557769775 731.841514587402 724.39408493042 823.204765319824 902.776756286621 830.266002178192 716.42488861084 824.078750610352 783.238914489746 671.97883605957 741.27872467041 871.58110332489 940.617202758789 757.432342529297 904.350044250488 920.598609924316
