simdem/realisation31.asc
NCOLS 350 
NROWS 171 
XLLCORNER 152620 
YLLCORNER 418050 
CELLSIZE 100 
NODATA_value -9999 
[rows 66 to 87 of 171, columns 100 to 149 of 350]
514.592178344727 477.611518859863 392.076221466064 323.496215820312 468.301581382751 460.247845649719 617.912490844727 547.245124816895 600.47110748291 446.325614929199 353.894554138184 196.961212158203 268.254302978516 396.977573394775 434.416778564453 397.936157226562 262.011795043945 433.741714477539 436.202842712402 497.464315414429 412.107627868652 564.716972351074 496.215728759766 503.252883911133 639.003692626953 477.197450637817 444.070220947266 503.07773399353 508.360342979431 380.121406555176 353.065277099609 499.139385223389 465.20775604248 474.849220275879 446.714340209961 497.949695587158 647.653388977051 593.035875320435 683.831298828125 510.353404998779 591.05460691452 496.95881652832 573.946561813354 668.924118041992 596.073089599609 512.988485336304 398.36247253418 497.673015594482 365.508422851562 479.932632446289
464.642217636108 541.572059631348 399.279357910156 470.156216621399 462.616372108459 439.621515274048 619.545181274414 623.030364990234 428.564414978027 479.189800739288 482.226863861084 416.587429046631 445.589242935181 430.316654205322 484.254180431366 431.79080581665 277.415924072266 363.464797973633 403.847827911377 453.417083740234 566.526145935059 453.27991104126 453.111999511719 364.131103515625 394.642021179199 461.454130172729 518.088057756424 515.708884716034 499.537630081177 443.515350341797 587.415832519531 405.068740844727 614.876335144043 579.03786277771 507.230323791504 579.521799087524 638.211936950684 660.487237930298 660.972171783447 575.051161766052 525.824447631836 566.72541809082 640.648284912109 644.607238769531 588.639572143555 616.054964065552 518.401216506958 383.065246582031 500.98365020752 393.317901611328
426.989892959595 241.813339233398 186.162460327148 296.588409423828 386.980110168457 372.256523132324 506.019729614258 463.848969936371 388.556045532227 245.76416015625 495.813344955444 584.091358184814 419.91535949707 456.179634094238 462.667570114136 476.096945762634 426.390125274658 475.611674308777 551.823150634766 643.5703125 560.819961547852 520.840850830078 375.296607971191 348.86637878418 333.395874023438 566.005012512207 586.459632873535 581.292900085449 598.667083740234 589.307174682617 616.365653991699 522.414667129517 555.55882358551 529.028545379639 471.809783935547 443.419036865234 612.074087142944 550.017475128174 658.102584838867 553.984848022461 613.552265167236 625.635437011719 500.454914093018 594.70973777771 638.334297180176 498.641098022461 453.571708679199 424.878677368164 573.586423873901 458.270919799805
430.077234268188 322.439453125 289.625427246094 286.115478515625 258.847763061523 334.117645263672 423.828300476074 549.095710754395 419.79390335083 381.178237915039 472.152474403381 559.63126373291 558.320243835449 565.846458435059 483.820701599121 473.140851020813 387.461959838867 478.458473205566 546.18717956543 499.843212127686 495.455509185791 518.36589050293 615.246421813965 423.457901000977 511.689554214478 521.462858200073 570.491912841797 556.11975479126 698.964691162109 680.427490234375 567.316402435303 541.113700866699 541.322240829468 540.755374908447 565.768611907959 524.896530151367 626.946014404297 631.624473571777 458.361373901367 516.28950881958 571.646350860596 628.34595489502 550.267314910889 607.821521759033 629.063632965088 516.810573577881 483.550064086914 364.374969482422 494.933784484863 446.789031982422
576.278106689453 564.474769592285 388.098968505859 226.130096435547 323.193984985352 346.224716186523 476.819925308228 543.472427368164 460.735917568207 421.668109893799 555.51522064209 552.398170471191 592.557884216309 470.643228530884 433.196346282959 486.231310844421 460.958341598511 488.298869132996 451.731857299805 453.290105819702 453.063816070557 538.461818695068 626.632537841797 499.70417881012 589.691352844238 623.984344482422 504.313405752182 456.287971496582 587.754573822021 526.095403671265 489.504667282104 536.520866751671 406.344589233398 467.097640991211 531.74178314209 450.692230224609 399.822372436523 487.310249328613 505.159805297852 529.171983718872 477.909851074219 634.827941894531 527.294746398926 454.754325866699 551.264984130859 531.818653106689 523.517009735107 327.3115234375 478.864807128906 549.661293029785
624.382328033447 687.679016113281 401.493621826172 374.012214660645 324.257308959961 292.437622070312 391.679908752441 490.467555999756 486.491178035736 469.025263786316 497.552254676819 650.487747192383 393.394378662109 373.87434387207 399.439529418945 411.423118591309 496.660268783569 350.340705871582 411.337867736816 423.025398254395 453.288084030151 524.628845214844 638.051689147949 559.352821350098 645.108337402344 583.822708129883 496.804927825928 510.178695678711 543.828588485718 754.395721435547 540.210556030273 449.305374145508 383.500640869141 431.62621307373 387.851379394531 511.278915405273 574.733071804047 681.773372650146 570.773996353149 524.405006408691 532.692150115967 423.431793212891 403.514846801758 500.69375038147 530.939826965332 622.561702728271 478.882827758789 499.442150115967 492.68302154541 618.110439300537
450.230010986328 333.648864746094 365.399848937988 447.270477294922 380.057060241699 437.877489089966 461.722101211548 548.073265075684 483.773582458496 459.434988021851 428.50862121582 433.293518066406 433.979431152344 496.561678528786 403.639656066895 379.713455200195 490.262687683105 457.316751480103 466.905181884766 514.017505645752 655.522521972656 506.58988571167 499.964833259583 683.897827148438 647.492050170898 613.085914611816 539.083745956421 513.206073760986 494.000974655151 621.272041320801 575.572147369385 486.110389709473 411.063369750977 321.514465332031 431.061294555664 987.74292755127 510.767930984497 1004.63526916504 919.046775817871 585.304374694824 737.994747161865 443.017402648926 527.446224212646 489.813777923584 577.651347160339 831.853340148926 418.267944335938 510.954689025879 550.507803916931 445.724327087402
445.647369384766 528.222532272339 529.816120147705 512.208690643311 383.598731994629 590.317001342773 465.360077857971 276.327880859375 402.395565032959 353.13020324707 355.017761230469 317.86750793457 345.19507598877 271.203521728516 349.770416259766 490.858373641968 547.991905212402 521.878305435181 392.096786499023 500.483480930328 508.488582611084 544.167335510254 520.490934371948 546.00904083252 543.715410232544 594.075035095215 614.066429138184 494.589485168457 417.66219329834 486.065784454346 511.28150177002 571.26921081543 527.95679473877 874.52547454834 759.739088058472 636.772933959961 521.294221878052 846.636646270752 758.693871498108 489.328979492188 644.031956672668 373.82341003418 450.565805435181 556.817276000977 469.872281432152 602.938930511475 820.199951171875 522.429671287537 622.922969818115 481.902328491211
463.580326080322 397.989151000977 394.610733032227 476.087818279862 548.223220825195 549.223503112793 349.48560333252 416.848224639893 346.697570800781 403.787040710449 497.637256622314 357.051696777344 421.969593048096 402.33277130127 468.882179260254 472.676410675049 517.208473205566 507.80149269104 447.742595672607 460.852487564087 563.95671081543 484.184282302856 517.023977279663 453.476276397705 479.35440826416 486.079498291016 388.120056152344 466.427574157715 535.28978729248 511.438137054443 482.744915008545 429.054893493652 654.787528991699 764.941345214844 690.710723876953 662.476062774658 446.758806228638 765.910842895508 597.85099029541 508.487777709961 583.669082641602 473.21150970459 547.754722595215 619.991348266602 524.211128234863 581.033126831055 519.979042053223 542.269339561462 983.538158416748 605.009918212891
444.486274719238 484.173248291016 471.566959381104 498.133972644806 647.830764770508 430.59741973877 430.739810943604 393.364517211914 501.408094406128 471.102359771729 463.137832164764 547.976051330566 548.50260925293 545.986541748047 457.525381088257 419.568298339844 495.895341873169 488.908621788025 439.195274353027 336.388000488281 385.475914001465 325.417617797852 311.977249145508 295.235443115234 449.469261169434 424.11954498291 578.516180038452 463.986328125 529.999202728271 492.001148223877 535.671852111816 626.372528076172 597.654251098633 624.782110214233 734.378288269043 636.432838439941 461.5302734375 594.544273376465 744.487319946289 572.139511108398 659.181715011597 576.989379882812 683.42578125 593.441528320312 575.550247192383 437.478815078735 499.359367370605 561.047458648682 484.808246612549 569.943428039551
715.633590698242 653.279945373535 451.604869842529 470.964580535889 515.883720397949 422.99927520752 400.665550231934 497.000921964645 472.669017791748 485.438455581665 476.929924964905 554.942306518555 408.934520721436 505.468854904175 484.524397611618 375.787086486816 476.156845808029 421.075164794922 389.24161529541 402.350532531738 347.192993164062 325.467193603516 437.282680511475 367.474533081055 529.149444580078 432.904312133789 553.154720306396 518.475767612457 548.401229858398 567.572018146515 558.863731384277 495.12105178833 412.642887115479 664.70520401001 750.429107666016 756.682052612305 565.31266784668 621.236846923828 682.280931472778 592.739189147949 568.285636901855 468.642700195312 408.393161773682 524.774639129639 551.29126739502 637.797389984131 735.168548583984 590.229427337646 659.517250061035 602.530395507812
549.896800994873 533.284675598145 559.482151031494 760.217811584473 478.680543899536 462.312065124512 224.180450439453 368.333099365234 569.031089782715 549.608406066895 539.235996246338 598.407440185547 443.626312255859 535.789665222168 568.352352142334 446.918788909912 481.726861000061 475.687938690186 471.115854263306 500.03279876709 310.062042236328 268.831878662109 252.402862548828 510.004744946957 455.087265014648 563.644618988037 434.186141967773 444.20719909668 652.118823051453 811.51692199707 531.008199691772 442.231916427612 480.110973358154 397.864891052246 710.446601867676 660.095264434814 420.680743217468 654.661285400391 633.61893081665 592.83723449707 492.073571205139 418.004920959473 492.584321975708 546.888427734375 559.305320739746 656.792976379395 798.994400024414 515.445346832275 491.018882751465 535.25617980957
591.192726135254 444.05445098877 554.480991363525 648.17357635498 658.617816925049 626.144508361816 485.521957397461 449.424324035645 529.90763092041 437.578910827637 480.250053405762 871.277042388916 369.811416625977 531.084712982178 518.701461791992 375.431953430176 412.19743347168 476.761054992676 562.003391265869 535.741291046143 412.49764251709 303.63264465332 328.973037719727 464.116714477539 507.780342102051 575.132873535156 480.126235961914 560.564663887024 563.125936508179 556.861236572266 534.560619354248 523.646537780762 515.294097900391 538.271255493164 384.61568069458 623.127912521362 441.38737487793 673.21760559082 498.55460357666 569.862243652344 404.469909667969 456.242713928223 488.29988527298 437.786128997803 480.843162536621 456.219873428345 496.9563331604 506.096584320068 533.985778808594 600.192548751831
611.642612457275 449.201278686523 576.234939575195 583.197843551636 570.685745239258 564.718944549561 773.248348236084 493.89105796814 535.997619628906 425.801788330078 457.876182556152 612.951850891113 572.875358581543 566.551612854004 450.62540435791 255.652404785156 300.473907470703 351.39225769043 573.886993408203 617.813751220703 497.546275138855 387.682670593262 355.826065063477 582.635719299316 603.920104980469 516.682215690613 603.861797332764 600.031032562256 485.09553527832 444.692587852478 535.674686431885 621.567375183105 635.763320922852 522.30558013916 362.059616088867 693.690483093262 578.140752792358 737.247207641602 564.166919708252 503.956016540527 372.90901184082 459.071426391602 481.257394075394 650.546436309814 634.497894287109 635.935684204102 420.404438018799 277.372192382812 315.858291625977 489.773151397705
703.272308349609 616.405519485474 551.064315795898 585.182012557983 440.905181884766 626.309759140015 714.160789489746 785.090158462524 635.618072509766 500.408920288086 532.940704345703 475.855937957764 591.59156036377 728.387329101562 424.199485778809 309.111129760742 273.886215209961 471.075439453125 432.436836242676 419.178596496582 463.71826171875 583.691284179688 590.833507537842 452.290184020996 583.045753479004 595.948268890381 631.00471496582 468.690868377686 481.43782043457 417.601424217224 478.21337890625 513.887489318848 645.42610168457 676.921569824219 656.740379333496 642.486442565918 593.361226081848 647.902214050293 676.985305786133 757.148941040039 545.708303451538 582.261131286621 521.349983215332 665.611518859863 722.776123046875 634.665437698364 430.19319152832 196.528900146484 322.219833374023 534.95131444931
754.961303710938 672.992317199707 569.713375091553 653.722507476807 512.172637939453 496.338516235352 517.136343002319 587.694246292114 635.535186767578 385.497451782227 416.313140869141 514.914152145386 659.317916870117 586.567367553711 481.785268783569 269.80810546875 632.147674560547 585.797496795654 479.261569976807 396.792404174805 515.749890327454 654.429214477539 538.931229829788 316.167282104492 612.681964874268 540.599949836731 474.850708007812 568.655311584473 509.1806640625 482.330230712891 456.596668243408 360.263168334961 587.35880279541 687.628341674805 714.175506591797 619.024360656738 781.925811767578 662.580936431885 702.030731201172 709.184783935547 708.755706787109 571.046279907227 559.235635757446 752.515808105469 739.633365631104 621.087003707886 468.887142181396 420.393676757812 457.650169372559 633.583291530609
570.935047149658 547.552387237549 631.633983612061 633.976989746094 525.914985656738 495.153915405273 617.198524475098 636.033473968506 529.514682292938 422.718933105469 430.59220123291 579.702171325684 473.98123729229 562.048522949219 457.274339675903 451.318134307861 538.444042205811 554.331813812256 378.073532104492 360.885177612305 280.044357299805 573.597202301025 647.338287353516 666.758613586426 637.487655639648 563.571004390717 474.684003829956 358.263626098633 549.223411560059 573.03915977478 578.449983596802 599.263320922852 605.486085891724 668.827308654785 725.561744689941 748.631713867188 766.221054077148 684.830200195312 758.819137573242 645.033638000488 586.735446929932 622.379776000977 550.051643371582 636.440433651209 689.442581176758 660.431358337402 610.238342285156 642.712982177734 541.808067321777 710.757476806641
407.340812683105 369.494201660156 383.444793701172 629.584434509277 498.433029174805 374.247894287109 538.871406555176 650.90559387207 742.735641479492 676.071084976196 534.46272611618 542.380928039551 543.567947387695 463.433174133301 486.518992304802 409.957824707031 646.19393157959 583.427352905273 439.392532348633 399.535148620605 536.319770812988 526.41361618042 537.471014022827 587.312461853027 668.597343444824 557.799964666367 660.739875793457 723.708652496338 559.621784210205 477.468444824219 597.415969967842 636.644794464111 627.433776855469 727.298065185547 520.639068603516 643.592956542969 580.069751739502 665.591903686523 556.481796264648 688.771598815918 476.204086303711 689.909945487976 379.039794921875 519.39465713501 533.919981002808 506.1519947052 433.123199462891 615.162624359131 861.500228881836 709.396469116211
611.094646453857 560.802627563477 674.233710289001 598.569229125977 435.68603515625 579.384620666504 519.580451965332 484.427558898926 703.107154846191 904.39879322052 577.16516494751 608.37410736084 465.04606628418 423.67537689209 473.664691925049 525.976663589478 573.477447509766 500.662984848022 408.403038024902 452.17894744873 546.67505645752 451.010662078857 522.381620407104 649.395332336426 632.191261291504 687.323593139648 649.375930786133 527.716537475586 355.406555175781 480.227702632546 591.511605739594 729.809494018555 709.629814147949 673.908409118652 630.233093261719 401.136123657227 466.990077972412 660.754623413086 500.426397323608 409.608657836914 325.286849975586 393.953506469727 363.946060180664 627.090255737305 518.046565294266 635.543251037598 563.500930786133 747.913076400757 702.375988006592 577.994213104248
558.232307434082 631.167192459106 769.566520690918 651.693754196167 434.393394470215 399.018119812012 458.021484375 496.534622192383 595.121354103088 624.432486772537 381.933319091797 389.249893188477 335.802993774414 480.151470184326 473.033786773682 513.609482288361 454.982048034668 485.961904525757 530.641574859619 602.357139587402 373.556098937988 564.084655761719 417.783660888672 531.028141021729 411.27473449707 547.294498443604 692.249488830566 543.70783996582 217.545059204102 387.219329833984 633.319389343262 764.97932434082 583.902526050806 399.324584960938 428.512166023254 442.169757843018 428.903739929199 426.868728637695 471.201244354248 464.589744567871 560.551769256592 383.819580078125 674.267654418945 1123.09144592285 929.471244812012 533.216931819916 578.570701599121 526.668617248535 615.308883666992 702.943405151367
638.41361618042 802.742309570312 737.900413513184 759.768623352051 630.115884780884 523.530502319336 430.92366027832 646.147659301758 666.597812652588 507.557769775391 495.668640136719 318.403686523438 527.734163284302 434.572647094727 531.952167510986 438.296203613281 395.594360351562 521.630519866943 498.896584130824 441.832229614258 501.596466064453 487.025455474854 412.81974029541 514.958990745246 531.314600467682 386.720474243164 476.030906677246 391.470321655273 355.552642822266 350.693176269531 567.257125854492 817.073669433594 600.995836257935 304.777015686035 407.307333946228 245.506851196289 540.234125137329 581.623109817505 454.483535766602 514.242763519287 594.482948303223 525.665203094482 792.676784515381 1053.01429748535 894.876808166504 653.388814926147 838.410995483398 667.020385742188 685.4775390625 594.01513671875
-9999 -9999 763.872894287109 853.817930221558 531.321723937988 556.584785461426 666.727035522461 512.354628801346 545.376007080078 534.297149658203 453.840789794922 365.891571044922 407.895935058594 406.544921875 529.863887786865 616.417793273926 481.833683013916 464.296524047852 499.511684417725 518.414444923401 484.478708267212 504.286455154419 608.085632324219 587.700927734375 496.373351097107 392.279937744141 398.918640136719 503.237670898438 704.608426094055 547.314727783203 558.883979797363 594.441265702248 636.065036773682 533.001146316528 499.463264465332 349.218322753906 517.747364044189 595.491413116455 474.918640136719 412.446441650391 694.120132446289 523.764419555664 883.526794433594 1130.81341934204 923.009848594666 844.836395263672 715.30663728714 -9999 -9999 -9999
