simdem/realisation61.asc
NCOLS 350 
NROWS 171 
XLLCORNER 152620 
YLLCORNER 418050 
CELLSIZE 100 
NODATA_value -9999 
[rows 0 to 21 of 171, columns 100 to 149 of 350]
-9999 -9999 -9999 -9999 -9999 -9999 -9999 -9999 -9999 -9999 -9999 -9999 -9999 -9999 -9999 -9999 -9999 -9999 -9999 -9999 -9999 -9999 -9999 -9999 -9999 -9999 -9999 -9999 -9999 -9999 -9999 -9999 -9999 -9999 -9999 -9999 -9999 -9999 -9999 -9999 -9999 -9999 -9999 -9999 -9999 -9999 677.495922088623 748.178989887238 859.857467651367 596.659271240234
-9999 -9999 -9999 -9999 -9999 -9999 -9999 -9999 -9999 -9999 -9999 -9999 -9999 -9999 -9999 -9999 -9999 -9999 -9999 -9999 -9999 -9999 -9999 -9999 -9999 -9999 -9999 -9999 -9999 -9999 -9999 -9999 -9999 -9999 -9999 -9999 -9999 -9999 -9999 -9999 637.661933898926 730.437683105469 773.237691879272 728.977649688721 646.002014160156 778.349422454834 706.210366249084 627.653726577759 597.575584411621 609.312637329102
-9999 -9999 -9999 -9999 -9999 -9999 -9999 -9999 -9999 -9999 -9999 -9999 -9999 -9999 -9999 -9999 -9999 -9999 -9999 -9999 -9999 -9999 -9999 -9999 -9999 -9999 -9999 -9999 -9999 -9999 -9999 -9999 -9999 -9999 -9999 -9999 -9999 765.265210151672 822.904186248779 564.071060180664 525.313385009766 637.849243164062 823.567947387695 769.772888183594 693.016212463379 833.231307983398 655.347969055176 649.527194976807 572.72417640686 476.916728973389
-9999 -9999 -9999 -9999 -9999 -9999 -9999 -9999 -9999 -9999 -9999 -9999 -9999 -9999 -9999 -9999 -9999 -9999 -9999 -9999 -9999 -9999 -9999 -9999 -9999 -9999 -9999 -9999 -9999 -9999 -9999 -9999 -9999 -9999 727.627453804016 739.264137268066 734.446319580078 599.571193695068 770.044647216797 546.333686828613 554.2690782547 567.801376342773 578.61442565918 745.212387084961 757.020950317383 744.13159942627 637.416408538818 760.116349220276 785.430305480957 554.623540878296
-9999 -9999 -9999 -9999 -9999 -9999 -9999 -9999 -9999 -9999 -9999 -9999 -9999 -9999 -9999 -9999 -9999 -9999 -9999 -9999 -9999 -9999 -9999 -9999 -9999 -9999 -9999 -9999 -9999 -9999 -9999 -9999 687.926816940308 583.887397766113 586.478038787842 718.34056186676 715.159536361694 727.508666992188 645.202133178711 707.579177856445 648.511787414551 598.144233703613 724.977027893066 601.826431274414 752.934204101562 723.261745452881 880.542449951172 816.252960205078 699.612991333008 746.51623916626
-9999 -9999 -9999 -9999 -9999 -9999 -9999 -9999 -9999 -9999 -9999 -9999 -9999 -9999 -9999 -9999 -9999 -9999 -9999 -9999 -9999 -9999 -9999 -9999 -9999 -9999 -9999 -9999 -9999 -9999 841.061172485352 640.776950836182 641.367767333984 663.410659790039 588.120533466339 693.832567214966 698.606426239014 779.607971191406 650.765419006348 666.272096633911 608.857704162598 601.789047241211 610.777404785156 778.84192276001 805.416769951582 832.107509613037 1014.01985168457 834.628705024719 781.206638336182 680.320823669434
-9999 -9999 -9999 -9999 -9999 -9999 -9999 -9999 -9999 -9999 -9999 -9999 -9999 -9999 -9999 -9999 -9999 -9999 -9999 -9999 -9999 -9999 -9999 -9999 -9999 -9999 -9999 484.528175354004 731.906684875488 634.461452484131 678.82991027832 549.907894134521 611.958053588867 699.688316345215 603.532687187195 604.713271141052 862.518295288086 784.089546203613 823.893524169922 918.98762512207 626.473205566406 751.038303375244 744.419109344482 662.91374206543 481.582763671875 857.037780761719 1077.87680053711 1146.7525177002 1001.02890396118 1157.49215698242
-9999 -9999 -9999 -9999 -9999 -9999 -9999 -9999 -9999 -9999 -9999 -9999 -9999 -9999 -9999 -9999 -9999 -9999 -9999 -9999 -9999 -9999 -9999 -9999 619.024635314941 536.213668823242 553.37281036377 525.826511383057 506.146614074707 508.409149169922 709.249740600586 552.946195602417 476.700843811035 814.237991333008 720.593292236328 719.32299041748 662.594578742981 754.113967895508 692.936040878296 795.359663009644 706.221481323242 846.814851760864 728.681365966797 848.110664367676 885.452320098877 906.987907409668 1111.40557861328 1201.12036895752 1037.3712387085 1281.30473327637
-9999 -9999 -9999 -9999 -9999 -9999 -9999 -9999 -9999 -9999 -9999 -9999 -9999 -9999 -9999 -9999 -9999 -9999 -9999 -9999 -9999 -9999 643.357475280762 761.705104827881 552.143257141113 623.06797170639 547.462821960449 672.606925964355 658.957557678223 638.368637084961 553.667087554932 478.324653625488 580.986741065979 730.686370849609 767.742111206055 632.933181762695 548.381324768066 816.234184265137 758.447689056396 869.2614402771 864.10619354248 663.499057769775 714.715462684631 798.276847839355 668.299293518066 951.753494262695 670.129100799561 841.502059936523 778.103103637695 467.304641723633
-9999 -9999 -9999 -9999 -9999 -9999 -9999 -9999 -9999 -9999 -9999 -9999 -9999 -9999 -9999 -9999 -9999 -9999 -9999 951.313812255859 656.275428771973 675.760093688965 638.414848327637 562.130802154541 386.176879882812 408.98201751709 502.987113952637 641.095449447632 566.019897460938 557.050924301147 503.835105895996 401.843078613281 569.761212825775 678.73152923584 750.769790649414 668.569923400879 692.944427490234 682.942520141602 684.776931762695 898.704818725586 638.42403793335 716.689245223999 677.323820888996 660.340932846069 758.375869750977 633.232093811035 687.719194412231 796.423629760742 817.50675201416 870.558334350586
-9999 -9999 -9999 -9999 -9999 -9999 -9999 -9999 -9999 -9999 -9999 -9999 -9999 -9999 -9999 -9999 -9999 1029.92785263062 1177.55023193359 1098.33733558655 517.632995605469 653.411513328552 542.131210327148 550.174318313599 403.975967407227 638.065979003906 735.730918884277 570.912803649902 675.680144071579 671.291975975037 632.102268218994 591.321822166443 547.131967544556 541.345064163208 692.240600585938 786.590591430664 705.412857055664 512.821342468262 736.474395751953 681.95913028717 661.054756164551 678.984986305237 722.766361236572 738.655605316162 804.825271606445 731.088920593262 668.925227403641 731.170497894287 886.881393432617 745.889030456543
-9999 -9999 -9999 -9999 -9999 -9999 -9999 -9999 -9999 -9999 -9999 -9999 -9999 -9999 524.759376525879 687.154582977295 733.392233848572 1105.88446044922 961.944997787476 961.702463150024 967.07678604126 710.174705505371 555.353044509888 695.602569580078 772.253730773926 613.589694976807 524.745361328125 473.897827148438 537.989028930664 625.218074798584 570.576301574707 454.073387145996 440.660079956055 562.016146659851 580.01394701004 697.56477355957 645.233711242676 530.588083267212 661.990608215332 599.314567565918 556.926696777344 559.445587158203 622.012134552002 676.430052757263 742.951034545898 707.746307373047 877.902160644531 731.301986694336 764.726612091064 685.275680541992
-9999 -9999 -9999 -9999 -9999 -9999 -9999 -9999 -9999 -9999 -9999 -9999 655.187347412109 627.883628845215 602.576955795288 845.628952026367 562.73023223877 602.989923477173 1073.51197814941 968.352558135986 1158.07452392578 582.248301506042 553.019130706787 731.400817871094 623.066955566406 635.424163818359 851.51432800293 506.839263916016 497.940979003906 496.898483276367 352.687576293945 423.498809814453 504.804809570312 607.508544921875 627.862033843994 639.993125915527 534.60217666626 781.179985046387 666.257308959961 664.77011680603 702.643186569214 828.036422729492 637.929353713989 706.862533569336 712.800346374512 708.222953796387 799.898178100586 725.128635406494 779.064880371094 639.94690322876
-9999 -9999 -9999 -9999 -9999 -9999 -9999 -9999 -9999 -9999 811.340270996094 716.613327026367 668.883010864258 764.300983428955 581.961254119873 640.173410415649 624.473970413208 505.048477172852 636.877052307129 663.321762084961 625.502048492432 368.81803894043 502.777656555176 651.613109588623 655.259880065918 775.841571807861 747.070901870728 765.20339679718 562.970115661621 463.39208984375 552.096614837646 571.53050994873 561.00855255127 533.781494140625 643.247344970703 523.886783599854 623.698310852051 599.49010848999 563.484680175781 591.671102523804 624.63830947876 722.55895614624 515.445205688477 526.60856628418 655.817847251892 583.907665252686 734.66007232666 692.477928161621 730.012832641602 580.917284011841
872.241088867188 989.7578125 769.924023628235 680.692142486572 810.141258239746 693.287445068359 646.10262298584 603.571262359619 580.32855796814 421.072254180908 643.356330871582 527.555923461914 509.987976074219 583.094619750977 570.189746856689 746.17903137207 705.23168182373 514.177627563477 608.373006820679 584.803283691406 618.369024276733 649.478435516357 620.876365661621 683.139514923096 677.075492858887 638.714744567871 874.491058349609 785.144874572754 623.630054473877 548.584794998169 659.173858642578 739.476211547852 642.677894592285 613.065277099609 615.845943450928 563.416213989258 638.553874969482 495.307289123535 587.411699295044 810.372825622559 747.825332641602 565.292572021484 554.019750595093 581.703536987305 577.961212158203 659.704753875732 744.205657958984 646.106033325195 573.436779975891 764.633880615234
783.126197814941 898.442161560059 792.857322692871 608.284570276737 578.101417541504 615.22038269043 481.150527954102 475.203983306885 503.577613830566 544.448211669922 547.272369384766 556.85417175293 511.415512084961 564.792705535889 579.243934631348 415.703796386719 628.486447036266 673.317840576172 786.879875183105 699.200133800507 653.868366241455 471.167236328125 643.50958442688 660.204162597656 585.364593505859 690.33224105835 764.707725524902 676.310150146484 658.240730285645 582.680740356445 588.067436218262 658.409580230713 592.719379425049 504.572525024414 579.62020111084 783.688732147217 747.425178527832 640.668630599976 630.148166656494 690.476341247559 634.938255310059 599.929321289062 510.05443572998 623.192373275757 680.669047355652 1140.9468460083 970.838214874268 825.982971191406 572.938632965088 548.354404449463
516.127601623535 716.74715423584 624.837673187256 565.517669677734 675.59623336792 466.450452804565 666.692001342773 479.455854415894 468.847980499268 501.30940246582 486.353408813477 416.124019622803 403.584426879883 531.051635742188 493.063934326172 605.888366699219 698.002468109131 716.123199462891 797.561931610107 846.620162963867 711.449413299561 1068.78427886963 633.041997909546 687.209612846375 605.93981552124 749.078735351562 715.511642456055 654.775226593018 514.346168518066 695.954582214355 777.923156738281 835.133087158203 683.833610534668 844.740161895752 593.898181915283 715.380851745605 500.616455078125 603.029846191406 732.077392578125 692.364093780518 650.675373077393 516.114242553711 776.798412322998 797.977958679199 681.80606842041 696.788957595825 768.249290466309 703.700366973877 653.884765625 539.899543762207
503.708503723145 622.057884216309 588.494834899902 547.687026977539 800.745838165283 802.882217407227 1209.42852783203 1215.08664703369 675.914554595947 627.627388000488 583.540481567383 494.183906555176 514.328094482422 545.238845825195 496.75244140625 485.685409545898 634.485580444336 756.608547210693 560.003475189209 818.261257171631 610.663513183594 676.302757263184 661.298900604248 557.260612487793 564.563270568848 675.532829284668 584.527752399445 701.945625305176 641.462665557861 724.616828918457 503.774826049805 703.654473781586 660.25220489502 690.22484588623 588.915546417236 1317.02997589111 500.652313232422 455.72241973877 654.724406242371 474.287536621094 1060.32221984863 620.295989990234 465.299362182617 454.310516357422 654.708673477173 699.701854348183 773.892362594604 651.474551200867 700.204689025879 489.574836730957
652.234665870667 661.610899448395 1014.45274353027 524.347801208496 835.892585754395 813.385757446289 1035.57006835938 1151.282081604 601.452352523804 702.691888809204 639.398559570312 581.633377075195 554.990562438965 514.297454833984 414.518562316895 558.277183532715 616.129676818848 714.794102668762 502.520233154297 820.546781539917 619.433204650879 761.035081863403 647.68087387085 669.813493728638 567.583724975586 516.961798805743 583.839084625244 686.468627929688 1148.48997306824 1005.8384552002 682.207224369049 640.041427612305 1043.04948234558 1038.03268814087 680.862991333008 1199.62819671631 904.980102539062 827.09114074707 491.692810058594 512.374267578125 501.493179321289 544.115581512451 527.900459289551 571.910011291504 561.715744018555 697.574813842773 602.123973846436 628.73224067688 563.596015930176 565.472434997559
724.884815216064 730.25421333313 1152.20964431763 589.978797912598 794.41272354126 637.163543701172 1023.6734085083 1285.55818939209 799.873123168945 761.357486724854 887.182758331299 1028.73498153687 790.769378662109 717.038330078125 445.825759887695 1149.92269396782 719.144245147705 690.963837623596 517.124153137207 811.25407409668 603.340301513672 652.002262115479 556.145729064941 624.654983520508 1183.20065307617 1122.5816192627 833.256437301636 669.397696018219 734.727874755859 742.017379760742 510.503925323486 412.692993164062 548.931091308594 610.997133255005 561.860092163086 1125.67189788818 494.318328857422 548.404388427734 527.176467895508 663.198897838593 658.928423881531 639.025802612305 704.7607421875 669.357192993164 631.784074783325 607.732215881348 623.342144608498 631.99153137207 606.866722106934 490.59676361084
790.664283752441 672.077938079834 476.334503173828 531.153182983398 446.124481201172 579.837341308594 760.096611022949 685.466835021973 934.233470916748 650.169281005859 612.904495239258 988.4655418396 616.422332763672 874.257720947266 1130.15770721436 1082.99520492554 1076.41070556641 1019.77279663086 592.547805786133 495.437065124512 799.544189453125 464.428527832031 965.564163208008 426.472351074219 569.267601013184 1139.39733886719 545.223175048828 604.044673919678 629.78923034668 615.752285003662 685.191047668457 707.417419433594 801.485092163086 662.598667144775 583.433044433594 775.347770690918 694.203861236572 604.997978210449 676.314220428467 682.483432769775 583.86157989502 597.644683837891 527.60196685791 592.320003509521 513.748176574707 575.926010131836 670.00760269165 649.480558395386 499.813636779785 481.815567016602
617.73649597168 607.291592597961 524.631303787231 582.209663391113 539.674331665039 860.358104705811 570.860328674316 874.248969554901 691.552042007446 682.054355621338 644.799087524414 863.318426132202 659.494140625 646.582336425781 637.083946228027 2281.43005371094 1133.45321655273 693.316131591797 496.928253173828 886.259033203125 811.314437866211 380.249374389648 363.750061035156 766.837097167969 1055.69979858398 1562.3129119873 1059.18200778961 860.39217376709 567.948385238647 564.253061294556 628.13737487793 573.975303649902 561.442672729492 576.648815155029 708.287132263184 549.151149749756 663.590267181396 651.080175876617 681.719969272614 651.19130897522 508.692245483398 492.783294677734 448.644866943359 517.29248046875 420.332901000977 477.568374633789 693.19352722168 579.891742706299 584.217849731445 499.250732421875
