simdem/realisation58.asc
NCOLS 350 
NROWS 171 
XLLCORNER 152620 
YLLCORNER 418050 
CELLSIZE 100 
NODATA_value -9999 
[rows 44 to 65 of 171, columns 150 to 199 of 350]
513.313722610474 586.326084136963 625.371826171875 570.564485549927 474.876678466797 531.967254638672 463.085666656494 643.712951660156 642.085693359375 392.50895690918 533.747951507568 624.877536773682 509.292972564697 391.500686645508 528.798858642578 472.976615905762 461.865821838379 529.531518936157 442.341461181641 481.075355529785 515.932107448578 493.318725585938 471.424541473389 501.44458770752 421.21607208252 550.376243591309 580.704354286194 480.592193603516 680.512878417969 582.550806045532 792.437545776367 597.516868591309 637.61600112915 743.038089752197 836.644035339355 841.207672119141 706.096147537231 814.846244812012 744.504676818848 544.042526245117 497.582695007324 524.63943862915 574.628494858742 868.859767913818 721.956100463867 618.381168365479 686.46061706543 620.894897460938 949.883178710938 1004.73686218262
481.691286087036 448.858032226562 475.509181976318 408.992599487305 549.904327392578 446.329086303711 482.054992675781 674.979118347168 467.85977935791 448.349617004395 554.601432800293 643.303955078125 470.751892089844 421.060546875 442.275115966797 433.989929199219 599.999080657959 435.27978515625 405.657470703125 525.228015899658 660.369613647461 523.676944255829 516.789640426636 471.460670471191 437.356834411621 370.838943481445 498.365257263184 624.063186645508 757.804092407227 665.025779724121 470.457214355469 550.260135650635 735.174163818359 869.134330749512 869.367324829102 802.266937255859 585.319580078125 703.156867980957 601.032459259033 537.940284729004 432.435958862305 505.720645904541 637.579902648926 517.143375396729 463.971939086914 565.955039978027 688.045944213867 552.231342315674 559.742599487305 737.809875488281
560.925521850586 486.258445739746 522.992719650269 524.787662506104 571.85782623291 588.619445800781 657.787094116211 656.033676147461 535.603425979614 581.544816970825 668.296287536621 592.548934936523 654.909103393555 615.891910552979 510.07551574707 546.641269683838 486.100101470947 567.737659454346 590.066158294678 533.532383531332 521.928307533264 346.04362487793 474.524208068848 448.32054901123 418.866683959961 549.299893379211 516.152397155762 403.546051025391 483.470840454102 524.91367149353 565.163957595825 528.591537475586 608.695655822754 706.44214630127 766.027740478516 631.049362182617 664.386909484863 505.283531188965 687.123527526855 620.158664703369 588.802093505859 567.454623579979 673.645843505859 446.583358764648 449.974548339844 660.421085357666 555.117923736572 642.934661865234 651.705940246582 494.995254516602
678.931716918945 510.806332588196 394.800025939941 531.589725494385 486.137077331543 587.757640838623 473.9358253479 454.744316101074 604.366458892822 642.639518737793 766.543640136719 713.29328918457 495.179035186768 638.307922363281 481.680946350098 428.120674133301 639.036182403564 636.190612792969 607.635108947754 655.553825378418 559.799538016319 437.940361022949 452.710914611816 550.183310508728 359.656005859375 446.685394287109 438.135360717773 454.630142211914 541.662311077118 386.845687866211 380.766372680664 488.37939453125 571.029062271118 561.973915459588 544.231304645538 672.408004760742 570.801584243774 647.407384872437 649.945510864258 604.738174438477 622.419658660889 668.562957763672 579.131811141968 512.128135681152 590.394515037537 638.612922668457 710.463050842285 708.616195678711 681.410736083984 652.117614746094
689.407257080078 529.092350244522 368.949676513672 523.302299261093 512.954275131226 473.307632446289 475.773937225342 467.279132843018 590.688751220703 832.390075683594 898.672882080078 769.931076049805 617.416038513184 654.979339599609 751.620193481445 524.636734008789 605.255226373672 733.68049621582 702.944473266602 678.062705993652 531.379507064819 647.43904876709 617.805038452148 464.316528320312 504.524513244629 637.152282714844 610.973609924316 635.42244720459 491.720409393311 348.970428466797 477.265529632568 569.23025894165 676.848480224609 593.907043457031 480.909122467041 484.825355529785 580.506687164307 608.466209411621 520.734567642212 610.433071136475 698.21321105957 630.213573455811 623.269649505615 582.723206043243 538.221729278564 712.779586791992 744.525337219238 637.571636199951 504.313858032227 426.424224853516
485.107322692871 553.083351135254 315.500564575195 370.795959472656 560.551647186279 354.666732788086 453.416015625 500.337497711182 672.938537597656 654.624710083008 699.239974975586 665.91015625 446.537322998047 513.276359558105 651.841472625732 596.386535644531 662.745232582092 720.567153930664 855.824630737305 751.803482055664 513.95182800293 682.412883758545 638.966206550598 675.148860931396 515.126873016357 514.493873596191 701.500335693359 661.475288391113 719.556915283203 634.500473022461 622.670341491699 646.521492004395 518.718284606934 440.61678314209 514.256984710693 468.955833435059 478.541231155396 604.831195831299 581.286550521851 658.17847442627 604.044013977051 590.152338027954 498.883396148682 520.154529571533 644.039283752441 603.846771240234 611.584412097931 450.517364501953 620.641799926758 485.02555847168
518.477374792099 623.632102966309 522.205627441406 502.390964508057 421.831283569336 357.001449584961 324.177841186523 528.192981719971 541.33349609375 634.630416870117 790.836837768555 536.945121765137 566.3258664608 543.609188079834 550.218235015869 558.949478149414 570.742763519287 470.617614746094 741.31954574585 687.62264251709 619.465488910675 546.54919052124 589.137680053711 664.015691757202 598.57576751709 571.253314495087 595.645980834961 626.039894104004 692.701217651367 737.449172973633 714.216842651367 586.36376953125 578.12558555603 340.533050537109 532.954690933228 448.312065124512 471.10124206543 652.190635681152 575.4958152771 643.696739196777 565.610091209412 410.63232421875 609.840377807617 615.639789581299 672.629417419434 659.619827270508 480.172225952148 505.160125732422 750.621910095215 614.543752670288
448.88582611084 612.501625061035 528.4014095366 575.548126220703 562.938816070557 497.420051574707 471.679420471191 602.574096679688 550.280508041382 640.67643737793 764.876998901367 649.253234863281 667.348587036133 571.642664432526 458.994430541992 626.15909576416 465.745742797852 574.977126121521 771.499847412109 554.942184448242 444.455993652344 659.876167297363 598.042388916016 638.020904541016 521.911178588867 647.605033874512 677.757511138916 718.557441711426 600.167537689209 548.704244613647 526.993846893311 599.135856628418 541.827965259552 566.861343383789 550.301297187805 609.528141021729 479.959953308105 637.530288696289 650.968315124512 636.710540771484 442.882247924805 460.288856506348 592.973344802856 527.690040588379 620.80313873291 612.044025421143 515.95174407959 620.698145061731 720.405395507812 621.710206985474
414.144584655762 552.914855957031 511.070335388184 499.289051055908 464.91548538208 697.149322509766 645.837677001953 684.648956298828 647.846336364746 687.231857299805 624.429378509521 594.922409057617 626.64623260498 658.001663208008 534.319606781006 742.968154907227 647.102739334106 653.667282104492 637.802085876465 706.937984466553 630.707725524902 518.636306762695 506.105438232422 415.285842895508 431.63533782959 626.415198564529 726.580308914185 764.426429748535 691.09553527832 569.950309753418 464.339859008789 485.551002502441 502.742671966553 605.346885681152 604.523174285889 510.932235717773 633.193550109863 636.62190246582 656.92805480957 705.288543701172 646.011386871338 544.309505462646 513.585071563721 511.767616271973 567.077560424805 521.142246246338 526.107513427734 594.159323692322 677.799808502197 660.630256652832
461.698364257812 365.701507568359 488.920959472656 468.637382507324 434.360298156738 559.271760940552 616.166316986084 672.963272094727 680.85661315918 559.681897640228 659.396026611328 674.056793212891 713.267051696777 682.506332397461 518.002304077148 589.414602279663 651.403415679932 662.504699707031 663.782278060913 682.53141784668 532.395980834961 466.172004699707 593.230166435242 549.343208312988 546.203163146973 700.067291259766 671.704833984375 552.45044708252 567.587154388428 373.309982299805 468.767189025879 534.854783535004 606.918949127197 560.154598236084 543.45251750946 488.791458129883 591.540859222412 603.942995071411 672.546051025391 752.223861694336 625.764636993408 605.01845741272 547.722763061523 481.329460144043 425.683029174805 423.830764770508 412.477752685547 455.771850585938 503.281661987305 635.179969787598
489.498970031738 381.831359863281 304.855819702148 477.777736663818 582.214983940125 602.605312347412 633.147857666016 439.768524169922 492.944107055664 525.427967071533 556.038608551025 720.731857299805 783.66520690918 703.700729370117 505.640930175781 593.34613609314 665.855484008789 725.676956176758 702.163040161133 755.845855712891 601.166624069214 558.986885070801 633.983570098877 567.964988708496 441.157150268555 734.927108764648 664.01175236702 672.13503074646 504.468170166016 566.659582138062 535.779546737671 578.74049949646 547.587255954742 516.285308837891 493.460235595703 394.320327758789 402.537139892578 561.141618728638 558.783561706543 619.20280456543 496.382118225098 635.617427825928 592.548704147339 362.912689208984 505.749877929688 521.580810546875 512.497215270996 436.555549621582 483.481628417969 504.247848510742
394.06396484375 414.304153442383 481.152481079102 444.637733459473 450.106399536133 404.16682434082 484.986099243164 507.669303894043 583.508106231689 631.083946228027 587.412884712219 522.398048400879 619.62162399292 734.825866699219 511.48318862915 533.129104614258 580.637810707092 729.0927734375 584.677240371704 611.207714080811 728.628997802734 505.262027740479 634.869998931885 529.802963256836 552.706298828125 644.903894424438 832.315765380859 557.932476043701 653.234878540039 540.263465881348 497.109321594238 571.875425338745 515.809299468994 679.752571105957 578.859309196472 522.77209854126 525.910709381104 536.99303817749 508.932807922363 551.157485961914 575.389877319336 700.860282897949 473.707382202148 475.268295288086 534.059059143066 612.70916557312 567.271991252899 443.830963134766 634.61695098877 557.228271484375
373.05973815918 471.883026123047 463.656097412109 601.728260040283 518.285606384277 471.685707092285 342.091445922852 470.214485168457 532.347194671631 608.56653213501 713.724853515625 580.535396575928 505.25065612793 624.669002532959 526.089847564697 341.912139892578 626.1702003479 616.545703887939 602.816626548767 556.45715713501 516.406280517578 519.445259094238 554.709035664797 585.67170715332 701.538146972656 628.550193786621 870.623489379883 700.819507598877 689.375057220459 553.198192596436 560.142848968506 659.349109649658 482.836364746094 552.216529607773 629.666229248047 610.31081199646 482.245887756348 586.128143310547 605.766750335693 568.032047271729 613.967855453491 597.149959087372 600.587146759033 564.459526062012 603.432849884033 728.014465332031 597.449505805969 826.528884887695 637.311362922192 625.130917549133
492.222980499268 428.33113861084 540.509062767029 585.545726776123 676.451110839844 505.425487518311 394.076721191406 510.921195983887 605.082664489746 607.29292678833 574.058802604675 588.091355323792 555.365234375 667.799690246582 526.652904510498 481.787002563477 563.371978759766 490.57347869873 629.702754974365 674.604400634766 443.664108276367 505.416656494141 631.444149017334 504.570762634277 569.29207611084 659.429901123047 597.078857421875 724.075084686279 716.012269973755 661.028489112854 699.595638275146 699.764601707458 658.847873687744 576.770819664001 646.27103805542 449.900115966797 550.269992828369 535.268955230713 552.918016433716 581.289503097534 587.218355178833 563.29838180542 677.996971130371 548.251644134521 593.505118370056 646.778053283691 515.612358093262 679.648338317871 689.00817489624 619.352210760117
366.360641479492 470.635208129883 536.990665435791 692.558898925781 643.795951843262 735.582321166992 571.095386505127 515.937957763672 673.944862365723 637.727077484131 598.850078582764 631.312175750732 543.691291809082 616.162448883057 617.545372009277 477.554168701172 514.460739135742 448.173797607422 503.441398620605 616.464776039124 562.984355926514 663.897621154785 609.015384674072 658.692207336426 639.758869171143 746.91145324707 807.939483642578 649.011734008789 566.076759338379 646.635093688965 564.855514526367 690.623611450195 688.687605857849 647.885663032532 757.916454315186 622.887069702148 556.1760597229 501.827499389648 596.010328292847 680.268936157227 731.452728271484 602.972470283508 726.633255004883 523.245750427246 641.706916809082 612.572564125061 650.952320098877 601.424089431763 710.706565856934 605.094730377197
435.384346008301 394.061431884766 469.103363037109 500.482551574707 548.342538833618 612.188968658447 544.523376464844 494.201286315918 453.080207824707 607.66325378418 438.597991943359 437.845993041992 479.75407409668 640.890064239502 663.339019775391 570.288266658783 657.579010009766 648.378662109375 558.205751419067 493.998031616211 534.412811279297 672.195213317871 731.324241638184 768.403594970703 751.276504516602 712.714584350586 595.581016540527 515.469665527344 540.869087219238 607.507682800293 647.816711425781 557.371826171875 592.705322265625 652.736249923706 539.72200012207 438.864608764648 561.655479431152 561.671543121338 600.887270927429 595.251136779785 712.211883544922 674.321723937988 678.147624969482 658.983417510986 585.028575897217 571.234806060791 434.121307373047 515.288879394531 573.57593870163 687.128379821777
526.622787475586 418.150131225586 508.814994812012 385.863220214844 551.445447921753 693.618759155273 557.499005079269 581.220502853394 412.510498046875 571.67551612854 440.955963134766 542.907863616943 594.797832489014 585.180065155029 659.684463500977 636.192825317383 686.657379150391 718.974212646484 602.722431182861 584.920137882233 561.143016815186 737.795318603516 691.365577697754 773.496841430664 658.400466918945 763.826797485352 616.089007854462 600.193143844604 602.075078606606 682.007541656494 628.160008430481 740.192749023438 592.863746643066 519.089736938477 512.806747436523 651.77435541153 554.487110137939 591.309825897217 535.637329101562 566.740196228027 592.725746154785 712.826008319855 728.824226379395 786.89241027832 673.822601795197 553.297355651855 560.734230041504 681.25191116333 675.31177520752 600.428062438965
412.394775390625 597.69588470459 434.223701477051 405.483840942383 600.415431976318 547.649219512939 624.907440185547 590.603336334229 661.615104675293 536.27063369751 521.804252624512 508.481498718262 479.860397338867 554.456062316895 667.379280090332 758.285034179688 586.403505325317 497.075042724609 450.486747741699 491.584373474121 692.257537841797 743.2431640625 654.274662017822 710.500282287598 704.81965637207 741.151008605957 644.769184112549 670.69847869873 685.762214660645 588.62943649292 721.202156066895 706.386215209961 602.829998016357 648.693304538727 582.048076629639 520.871631622314 644.974250793457 523.828651428223 436.026977539062 662.564447402954 640.711786270142 694.61417388916 709.207206726074 874.444850921631 705.218925476074 604.817989349365 517.996795654297 629.144909620285 665.789539813995 637.852417945862
394.270156860352 523.578300476074 371.247940063477 381.003890991211 536.622431755066 641.403770446777 735.356643676758 678.728591918945 640.197898864746 630.674686431885 623.067359924316 681.603530883789 703.703262329102 482.35871887207 529.315883636475 571.261632919312 615.883567810059 483.318130493164 515.933261871338 458.486297607422 562.243762969971 628.499656677246 609.076978683472 527.703659057617 459.365188598633 552.979347229004 676.362003326416 663.747116088867 754.636505126953 558.036144256592 544.027572631836 447.381210327148 522.370685577393 632.283946990967 591.273635864258 595.1770362854 599.574153900146 608.110446929932 534.406509399414 657.464376449585 732.749931335449 737.884353637695 633.779634475708 681.876049041748 859.716667175293 656.120471954346 607.024328231812 687.210300445557 626.799560070038 590.976715087891
495.877616882324 493.120433807373 505.917686462402 490.81982421875 541.836895465851 595.234115600586 703.169097900391 691.098388671875 712.335647583008 559.837503433228 489.295768737793 636.989356994629 607.147010803223 495.39623260498 440.113433837891 457.924858093262 589.967475891113 601.865364074707 586.927803039551 492.662261962891 553.053953170776 727.194396972656 763.144256591797 616.536779403687 520.665035247803 494.927444458008 438.59700012207 694.152786254883 754.334289550781 610.322969436646 582.079205036163 542.720767974854 524.104019165039 628.833591461182 720.246276855469 644.655345916748 712.030380249023 610.838241815567 651.624795913696 672.262149810791 698.351619720459 750.635185241699 593.199153900146 690.688949584961 671.943656921387 770.486938476562 691.000106811523 564.841537475586 620.574171066284 608.334632873535
523.00669670105 629.098751068115 559.200865268707 540.897033691406 553.77623462677 595.911834716797 579.918645858765 523.753448486328 611.548462867737 596.604499816895 496.747032165527 540.014938354492 576.635886669159 487.265487670898 492.741577148438 544.83233833313 496.123386383057 536.905239105225 714.850952148438 578.422769546509 676.190727233887 764.623374938965 709.547622680664 655.057655334473 518.032604217529 502.769058227539 573.040241241455 642.896741867065 621.428421020508 533.394992828369 527.340087890625 491.968566894531 635.43768119812 709.669357299805 522.164001464844 758.929977416992 559.373687744141 431.149932861328 593.624685287476 475.146865844727 686.52660369873 648.575511932373 675.609041213989 604.090672969818 667.838537216187 780.750274658203 674.503536224365 611.889030456543 732.867385864258 685.991012573242
529.021424293518 551.752526283264 647.361694335938 490.348762512207 604.052947998047 556.841957092285 585.140937805176 607.258193969727 524.72331237793 532.125980377197 499.524063110352 648.567638397217 604.838966369629 491.454376220703 508.799961090088 524.990337371826 643.514106750488 564.951724231243 465.238487243652 534.381706237793 570.592818260193 764.642059326172 779.570358276367 673.592758178711 502.444717407227 503.23225402832 476.376388549805 532.906330108643 683.958381652832 644.82251739502 437.854827880859 430.593795776367 558.726753234863 670.127571105957 578.734226226807 572.536945343018 654.983627319336 391.427825927734 571.436908721924 509.495239257812 814.136520385742 571.56449508667 755.411270141602 620.362944602966 781.119323730469 640.615724563599 590.799976348877 618.149055719376 653.143054962158 715.187744140625
