simdem/realisation39.asc
NCOLS 350 
NROWS 171 
XLLCORNER 152620 
YLLCORNER 418050 
CELLSIZE 100 
NODATA_value -9999 
[rows 66 to 87 of 171, columns 150 to 199 of 350]
570.706014633179 402.843109130859 546.374009609222 638.156845092773 666.036163330078 603.732814788818 535.450695037842 542.659103393555 590.027721405029 520.095268249512 507.357078552246 591.740103721619 521.223617553711 552.060484886169 421.818603515625 647.653251647949 547.394271850586 618.833660125732 596.293228149414 545.106252670288 430.438400268555 493.863456726074 470.845985412598 523.869716644287 521.22745513916 464.364685058594 540.018371582031 547.059856414795 568.352871894836 680.572380065918 627.948936462402 567.223438262939 455.858642578125 555.589660644531 681.903129577637 684.059951782227 664.415107727051 562.032432556152 383.751159667969 536.917991638184 618.162189483643 581.400894165039 611.776777267456 664.108780860901 648.336339712143 821.84912109375 664.568912506104 704.668800354004 770.006408691406 637.520973205566
755.394912719727 598.241191864014 318.771957397461 595.245990753174 562.266563415527 629.887115478516 527.121480941772 512.871055603027 558.098997116089 630.008750915527 505.075843811035 468.812355041504 490.180671691895 592.196783065796 650.997993469238 755.381484985352 576.817594528198 754.435531616211 560.983241796494 545.883848190308 526.885246276855 528.747451782227 489.307418823242 487.452484130859 335.556182861328 591.777223587036 533.3076171875 518.412860870361 581.78277528286 709.139793395996 567.222896575928 543.336566925049 504.770980834961 353.782150268555 556.9430809021 699.582038879395 588.31162071228 645.487850189209 458.389892578125 583.742162704468 397.463333129883 491.652160644531 607.281944274902 552.081535339355 567.233520507812 630.426712036133 657.894473075867 737.607032775879 639.204812049866 546.558837890625
642.398818969727 553.773710250854 488.67130279541 484.478439331055 722.84765625 611.144393920898 622.148818969727 524.990301132202 543.909257829189 545.337860107422 439.390525817871 398.235275268555 515.054534912109 523.700946807861 504.362373352051 575.83936882019 727.018615722656 657.950531005859 680.668899536133 680.902938842773 615.650947570801 559.223833084106 613.818473815918 533.753538131714 684.876876831055 737.366561889648 604.334350585938 614.83641242981 617.142080307007 609.645780563354 551.901866912842 771.731964111328 624.594888687134 404.510665893555 590.366274833679 585.732511520386 559.33415222168 577.577493667603 596.327593803406 570.311191558838 643.428806304932 559.240203857422 583.528186798096 665.917222976685 506.348556518555 635.052331924438 705.806758880615 617.686235427856 684.458438873291 515.37899017334
598.206394195557 627.234809875488 648.566215515137 610.744974136353 564.862197875977 579.939907073975 580.899765014648 459.311042785645 602.55873966217 528.340270996094 360.157821655273 534.569347858429 624.897354125977 509.926582336426 576.715749740601 635.354179382324 771.055694580078 741.884201049805 458.362564086914 624.606155395508 657.838027954102 600.4794921875 644.354423522949 578.055788040161 540.467170715332 646.419258117676 593.450288772583 515.953521728516 501.928619384766 514.835563659668 513.297889709473 621.630621910095 493.333862304688 635.813812255859 572.994318008423 515.179496765137 513.462471008301 620.992309570312 527.70964050293 601.351709127426 639.275238037109 533.716575622559 567.13782119751 565.877983093262 623.835302352905 592.416722297668 569.544109344482 532.949661254883 607.171195983887 686.192413330078
547.112915039062 505.218029022217 567.988041877747 527.025020599365 597.683418273926 454.373931884766 564.984239578247 555.047172546387 497.019134521484 535.316906929016 584.830081939697 546.741317749023 616.741790771484 571.835971832275 536.173160552979 643.322654724121 723.525253295898 606.038022994995 604.476036071777 518.858932495117 713.947914123535 844.782379150391 564.948925018311 641.152822494507 651.208000183105 643.654781341553 685.194618225098 657.934219360352 555.775135040283 515.944595336914 579.857719421387 518.026458740234 662.037769317627 571.326059341431 589.383345365524 676.856704711914 646.583129882812 641.066398620605 661.252861022949 727.977363586426 669.040237426758 575.113019943237 624.946561813354 595.320783376694 590.549011230469 582.201385498047 708.411331176758 617.859119415283 589.643138885498 600.148817062378
527.057109832764 642.864624023438 540.310983657837 579.107467651367 596.829216003418 624.904266357422 570.143627166748 572.400049209595 559.702682495117 446.228843688965 500.293563842773 604.841278076172 611.35083770752 454.022346496582 356.215698242188 466.395004272461 554.558399200439 640.162490844727 518.723281860352 435.543746948242 517.666831970215 608.658769607544 741.29655456543 580.196128845215 482.500419616699 600.362125396729 601.527104377747 524.074348449707 549.40221786499 633.752868652344 502.558799743652 603.802648544312 723.072158813477 698.997039794922 747.868423461914 568.787317276001 661.655754089355 558.684453964233 582.834625244141 719.220550537109 574.140390396118 606.772245407104 574.985294342041 545.847858428955 576.217998504639 544.150543212891 533.103042602539 647.696350097656 457.003128051758 533.707145690918
537.472971439362 606.118850708008 533.839134216309 591.380046844482 562.184530258179 575.042093276978 527.251090049744 691.270217895508 575.567153930664 482.838333129883 604.559467315674 501.040775299072 527.269588470459 567.542852163315 473.08430480957 547.56764125824 692.355133056641 540.181789398193 420.611038208008 458.960632324219 464.197937011719 518.044662475586 656.73099899292 494.93497467041 606.77908924222 638.830852508545 641.682439804077 609.747784137726 616.83783531189 567.851957321167 637.63134765625 719.279090881348 648.976112365723 627.732761383057 466.975708007812 655.770206451416 577.722793579102 490.836318969727 548.288848876953 590.406679153442 633.490266799927 558.542785644531 584.159944534302 517.34349822998 565.97483253479 521.349151611328 479.548431396484 535.480453491211 486.909225463867 623.672834396362
558.265831887722 649.438842773438 545.611349105835 596.582977294922 681.817230224609 559.080020904541 551.327921867371 852.448577880859 675.096466064453 645.802261352539 526.113412857056 576.950761795044 614.466384887695 591.755983352661 576.351173400879 716.171463012695 774.395370483398 687.768623352051 690.711753845215 611.402644395828 524.315078735352 585.875387191772 597.366710662842 590.778781890869 585.838739395142 738.514602661133 736.404403686523 644.250368118286 474.578811645508 629.908782958984 622.720823287964 692.015441894531 671.0732421875 471.825050354004 560.509548187256 660.313934326172 585.28765296936 502.239356994629 517.493682861328 469.836608886719 613.085786819458 566.2707862854 412.975677490234 539.29829788208 620.678745269775 602.876245498657 638.958324432373 563.319530487061 657.278549194336 662.660513401031
513.997791290283 590.278715133667 479.204147338867 514.222129821777 490.649040222168 469.946182250977 642.538024902344 606.753505706787 647.629302978516 660.946140289307 494.993312835693 462.808525085449 651.378707885742 637.145278930664 699.313888549805 645.483577728271 726.100021362305 536.817886352539 600.588283061981 545.519557952881 641.608673095703 544.904350280762 648.516516208649 705.643531799316 698.796829223633 781.428985595703 849.300323486328 649.827766418457 632.342063903809 528.539909362793 605.589586257935 635.228199005127 661.801956176758 630.915596008301 526.657264709473 519.658409118652 564.089721679688 552.392440795898 665.51171875 503.058502197266 739.815353393555 639.151699066162 640.596698760986 694.966987609863 681.134368896484 742.363815307617 490.034286499023 585.883271217346 745.392059326172 578.59977722168
724.873626708984 580.96800994873 544.192577362061 546.065539360046 583.151587486267 512.081092834473 529.029899597168 554.471625328064 627.581665039062 526.559677124023 504.58032989502 616.210475921631 502.713539123535 496.84009552002 507.253532409668 576.278964996338 685.129402160645 517.225982666016 572.684711456299 546.839950561523 606.475106239319 574.561235427856 694.145540237427 637.604026794434 701.722406387329 581.340042114258 661.404376983643 556.483013153076 641.358758926392 581.723454475403 612.809999465942 589.040189061314 552.730087280273 554.970584869385 499.278457641602 431.20866394043 600.772344589233 607.366571426392 619.168323516846 537.321594238281 721.065982818604 523.400207519531 549.973026275635 639.735410690308 683.525276184082 575.925191879272 519.771743774414 456.379440307617 639.780216217041 618.333975315094
639.165719985962 570.322761535645 677.236854553223 948.419628143311 644.755973815918 613.233993530273 499.463417053223 570.216905593872 662.461791992188 592.611867904663 609.681579589844 539.268484115601 570.617402553558 451.463531494141 533.984687805176 517.017219543457 531.60758972168 600.693838119507 509.915473937988 567.632667541504 690.134044647217 706.031921386719 665.484453201294 664.36629486084 617.779922485352 504.919425964355 484.903770446777 582.692836761475 341.212768554688 423.293075561523 525.279739379883 678.264511108398 469.181716918945 457.578605651855 486.797431945801 606.536982536316 577.591157913208 591.737176418304 500.060188293457 467.019287109375 631.631141662598 582.703200340271 580.380592346191 658.336807250977 510.658470153809 568.890867233276 488.708282470703 585.766288757324 611.838600635529 646.579605102539
486.606307983398 553.333736419678 673.063372135162 618.511185884476 616.153528213501 731.104509353638 581.663114547729 607.531608581543 597.341335296631 544.798156738281 623.449024200439 568.130631923676 703.139518737793 578.37765789032 565.114256858826 594.241958618164 490.904067993164 659.356683731079 662.717222213745 691.682169914246 591.715171813965 574.922996520996 526.104560852051 711.865207672119 774.164540290833 671.98282623291 604.772560119629 629.295370101929 390.641906738281 498.518341064453 559.961620330811 664.431900024414 561.14176940918 484.059074401855 544.699352264404 716.968109130859 577.521816253662 602.306664466858 342.385986328125 419.289810180664 589.524929046631 699.384811401367 722.536170959473 560.192134857178 471.416168212891 490.775772094727 470.83309173584 597.544196605682 522.074722290039 596.864965438843
471.372955322266 575.232776641846 470.450677871704 623.174940109253 638.388038635254 556.754772186279 662.866905212402 596.461602210999 608.018690109253 693.475852966309 718.191268920898 572.354215621948 808.550170898438 730.4609375 631.185577392578 557.795227050781 583.292755126953 573.661315917969 726.947875976562 763.481857299805 684.278438568115 550.217342376709 434.878189086914 475.040229797363 635.969974517822 569.079439163208 582.005702972412 395.13362121582 440.738357543945 505.887893676758 594.592987060547 675.809951782227 676.701362609863 645.026737213135 701.585258483887 780.530776977539 818.602523803711 569.335802078247 561.641895294189 507.097045898438 680.481994628906 645.720287322998 631.127758026123 503.704833984375 570.836004257202 760.531036376953 657.715980529785 580.680543899536 551.735382080078 624.733762741089
453.884140014648 374.968532562256 591.632418632507 646.557155609131 661.597625732422 612.845922470093 630.813293457031 598.199323654175 674.029605865479 694.45153427124 593.759609222412 651.599349975586 580.494955062866 518.885746002197 891.264617919922 584.093318939209 538.970893859863 767.160629272461 734.577659606934 669.842803955078 568.297958374023 512.194396972656 560.543033599854 545.129058837891 513.928993225098 594.001764297485 728.563034057617 491.567489624023 524.752830505371 624.020126342773 648.550847053528 699.557731628418 674.960159301758 771.167499542236 650.466396331787 586.142238616943 752.228668212891 728.536865234375 603.252840995789 514.145072937012 570.486934661865 759.707061767578 787.513824462891 743.913955688477 558.588474273682 676.525840759277 632.901948928833 622.06347990036 617.385388374329 588.80842590332
502.898822784424 374.767375946045 559.985359191895 671.634536743164 700.698589324951 583.378142476082 587.077493667603 719.074066162109 702.890216827393 747.958480834961 637.511352539062 594.374927520752 640.488634109497 940.699668884277 913.854530334473 614.771465301514 609.281227111816 757.158477783203 640.439357757568 656.5306224823 595.804252624512 643.911817550659 715.474731445312 511.813037872314 478.597465515137 589.358932495117 537.130386352539 583.753128051758 587.39102935791 336.919189453125 624.490069389343 479.420059204102 666.854370117188 751.837715148926 779.713806152344 725.488662719727 801.514831542969 620.810157775879 528.939552307129 467.361869812012 765.579330444336 724.939811706543 629.028461456299 688.422004699707 622.622409820557 614.262445449829 609.463256835938 612.812989234924 677.124588012695 657.332466125488
727.468994140625 718.627349853516 623.472152709961 1032.80830383301 673.556969165802 616.17830657959 680.344848632812 505.248811721802 605.259747982025 656.79430437088 684.39793586731 1074.01988220215 620.312118530273 918.950061798096 927.273696899414 605.08829498291 555.336791992188 829.131076812744 781.375495910645 658.006499290466 605.149257659912 596.508069992065 554.408424377441 521.200094223022 583.478019714355 627.464363098145 604.207988739014 605.868209838867 616.65588760376 635.960115432739 558.310554504395 583.953777313232 713.460220336914 705.35424041748 693.987331390381 710.424686431885 693.831413269043 606.470540046692 508.879211425781 524.032341003418 703.749626159668 687.403633117676 640.899236679077 743.958480834961 596.840866088867 594.075979232788 634.056209564209 715.969711303711 745.381553649902 671.09946346283
654.491050004959 702.608253479004 656.379745483398 975.705749511719 847.738857269287 549.232482910156 637.74479675293 733.523017883301 714.218339443207 1015.29469966888 488.284271240234 517.520172119141 457.213912963867 501.755104064941 582.431743621826 508.608791351318 717.868751525879 714.39213180542 910.855018615723 637.824016571045 652.387029886246 537.235069274902 536.509773254395 692.376014709473 607.733058929443 560.355804443359 624.408519744873 450.662124633789 693.380233764648 699.036239624023 574.185241699219 739.373229980469 703.125663757324 584.617481231689 727.751335144043 522.808563232422 514.024955749512 717.938850402832 669.99649810791 618.89333820343 598.384689331055 649.195623397827 661.975389480591 585.615894317627 722.592887878418 608.918834686279 676.829395294189 660.336527347565 621.955183029175 647.880532264709
506.838050842285 680.349227905273 579.434806108475 696.772232055664 753.884536743164 773.05989074707 404.756683349609 684.198348999023 684.431037902832 1019.7578125 430.036361694336 434.983779907227 469.079135894775 474.54942035675 479.216396331787 377.857177734375 578.568212509155 610.956248283386 585.016456604004 974.229440689087 597.195503234863 558.110458374023 498.461986541748 668.049873352051 695.032123565674 624.544998168945 514.79817199707 470.97705078125 739.499778747559 821.229919433594 727.979438781738 770.753036499023 761.098922729492 701.853660583496 549.38321685791 642.741397857666 522.319313049316 623.95009803772 672.16722869873 499.806838989258 624.801033973694 703.832717895508 695.552761077881 706.674430847168 650.087441444397 618.834350585938 666.558045387268 511.598739624023 651.209373474121 619.076751708984
604.288467407227 600.689356803894 506.572624206543 559.268325805664 505.631530761719 546.808671951294 314.918029785156 584.182174682617 648.122833251953 685.713600158691 644.503227233887 550.028087615967 609.40357208252 588.139087677002 565.532638549805 510.541870117188 433.586433410645 494.649379730225 455.145431518555 900.939086914062 612.064735412598 545.879940032959 909.618251800537 917.001861572266 591.933006286621 444.342910766602 467.997940063477 560.547737121582 527.475494384766 544.962440490723 715.81761932373 643.077703475952 601.095428466797 734.347618103027 725.250053405762 721.055931091309 627.829560279846 604.690233230591 544.990905761719 467.283462524414 674.344135284424 582.947883605957 554.837287902832 765.494766235352 759.842712402344 556.301582336426 644.731517791748 723.911087036133 520.589202880859 672.894750595093
488.967277526855 574.037628173828 650.310054779053 619.691998958588 633.329942703247 532.96088218689 329.39387512207 645.324918746948 676.012279510498 724.834733963013 721.335595846176 682.834660172462 777.039668217301 663.233673095703 535.477935791016 618.565773010254 576.19652557373 640.568000793457 599.552446365356 705.562042236328 448.235610961914 475.780684053898 786.972122192383 601.217153310776 940.194843292236 560.502899169922 457.010879516602 575.355758666992 485.055740356445 503.265197753906 549.497013092041 683.407421112061 797.75919342041 561.146286010742 794.828872680664 653.326244354248 573.35929107666 607.29993724823 593.858600616455 533.507865905762 590.357917785645 642.998511314392 610.65348815918 749.361595153809 782.981071472168 716.90535736084 596.569664001465 682.426217079163 709.520282745361 744.200042724609
353.857360839844 621.226186275482 718.657401949167 637.731895446777 -9999 -9999 -9999 -9999 -9999 -9999 -9999 -9999 -9999 -9999 -9999 630.341667175293 702.891662597656 761.696716308594 845.431823730469 424.619445800781 651.722151756287 619.277526855469 641.367403030396 568.805053710938 595.114868164062 641.395789146423 1081.83265304565 722.359092712402 479.110412597656 972.141070365906 514.968185424805 622.574318408966 714.247852325439 676.596549987793 691.092464447021 610.899700164795 755.196319580078 673.333724975586 583.805030822754 599.981952667236 609.682258605957 494.803161621094 600.229537963867 578.602172851562 624.388011932373 601.306282043457 636.850975036621 785.386428833008 632.993045806885 701.300636291504
-9999 -9999 -9999 -9999 -9999 -9999 -9999 -9999 -9999 -9999 -9999 -9999 -9999 -9999 -9999 -9999 -9999 -9999 765.836620330811 685.252716064453 795.88355255127 729.693902015686 823.846618652344 684.904216766357 592.106084704399 557.936723709106 776.169815063477 676.398761749268 661.37694644928 586.338041305542 759.850616455078 1075.99357223511 808.932815551758 746.209197998047 886.150909423828 859.516860961914 793.974182128906 630.483550071716 559.970626831055 490.233428955078 577.698959350586 659.770519256592 534.954536437988 574.569046020508 490.525527954102 619.482414245605 529.107574462891 582.164337158203 580.74201965332 473.499130249023
