simdem/realisation68.asc
NCOLS 350 
NROWS 171 
XLLCORNER 152620 
YLLCORNER 418050 
CELLSIZE 100 
NODATA_value -9999 
[rows 44 to 65 of 171, columns 250 to 299 of 350]
593.002281188965 706.975226402283 783.846384048462 877.435241699219 861.898071289062 673.504386901855 709.943733215332 761.851615905762 647.418968200684 652.172889709473 798.801753997803 685.267684936523 744.063863754272 786.186672210693 730.243919372559 759.000709533691 863.345741271973 723.149126052856 873.125160217285 889.418067932129 909.985870361328 760.166949272156 731.701978683472 886.839469909668 754.301774024963 763.3825340271 871.907131195068 835.865612030029 754.447166442871 749.909076690674 911.494510650635 884.865947723389 810.870834350586 845.092018127441 708.952308654785 630.820327758789 615.280456542969 970.737300872803 879.519069671631 816.534866333008 819.416575431824 860.908130645752 880.101318359375 895.366184234619 791.186294555664 682.845932006836 718.282836914062 759.085273742676 887.995754241943 850.863329172134
688.3148021698 774.866970062256 712.181421995163 783.614349365234 801.055725097656 680.838134765625 731.88923406601 799.280673980713 722.890207052231 724.804023623466 796.76244354248 728.292932510376 769.142009735107 723.757970809937 772.5334815979 819.343509674072 694.621412277222 630.951721191406 776.146080970764 740.729385375977 691.207855224609 711.449573516846 788.079761505127 738.311068534851 784.340270996094 692.359069824219 785.119167327881 731.627426147461 766.681789398193 898.842445373535 923.478397369385 703.536575317383 932.342697143555 841.539305686951 696.542953491211 842.294651031494 940.395263671875 824.28799533844 1417.29539728165 1032.32247161865 1000.31860351562 1142.73041915894 793.278575897217 721.34130859375 869.723071098328 727.605644226074 910.02258682251 772.698738098145 788.483867645264 817.960042953491
615.328720092773 680.146167755127 584.593338012695 671.877494812012 834.639419555664 801.119354248047 701.074516296387 727.823213577271 711.913303375244 600.925750732422 701.821187973022 761.055662155151 796.673078536987 714.139573097229 760.801012039185 786.642578125 648.741638183594 775.896910905838 689.15837097168 715.082397460938 653.860954284668 758.87193775177 799.09765625 607.801109313965 458.009368896484 1146.85305786133 698.718994140625 1032.83609008789 1058.2799987793 670.51863861084 927.885717749596 675.707244873047 620.132904052734 561.509429931641 1196.37311649323 1548.55003166199 1159.63985443115 873.309871673584 1420.03231048584 1225.08966064453 904.605255126953 894.828844070435 1029.57805633545 846.018581390381 940.841766357422 933.107383728027 1402.59867858887 744.301605224609 807.131629943848 872.613964080811
709.563056945801 710.031760215759 634.901443481445 673.893297195435 706.528145313263 695.242351293564 734.906799316406 656.451759338379 758.905773162842 721.629634410143 648.707221984863 756.650545120239 663.075401306152 637.260345458984 705.408214569092 657.351188659668 632.595474243164 813.21764755249 593.25700378418 830.361206054688 639.836250305176 713.837413787842 666.400581359863 591.453628540039 563.413970947266 894.397125244141 697.786148071289 1065.68254089355 952.341835021973 1377.4573059082 959.838310241699 957.947177886963 886.594484329224 1028.95100402832 859.603229522705 947.51611328125 1142.23602294922 771.756080627441 1199.91052913666 1069.86484909058 824.373511791229 871.575664520264 1314.28873062134 965.840972900391 833.90991973877 977.820871353149 796.759338378906 1047.91343688965 861.996677398682 772.503974914551
638.556907653809 629.263412475586 636.576560974121 633.686790466309 699.330072641373 512.085647583008 584.274078369141 732.624857902527 636.303260803223 685.066303253174 686.133728027344 726.709914207458 647.716796875 731.575500488281 642.013381958008 745.718970298767 666.129516601562 768.719379425049 804.094306945801 727.102909088135 723.447134971619 660.016998291016 823.299797058105 778.964365005493 632.476364135742 563.585464477539 577.922302246094 807.123680114746 682.644966125488 1086.76942062378 1330.39275741577 737.073776245117 877.191709518433 934.822905659676 621.695419311523 678.10090637207 1081.30475616455 791.168727874756 1785.58416748047 1107.77871012688 865.969660758972 780.437921524048 1009.00974273682 883.567390441895 773.298095703125 950.604278564453 903.613960266113 2001.18589782715 831.704748153687 738.490264892578
654.802017211914 699.111215591431 766.301467895508 837.664367675781 598.182510375977 563.173065185547 599.78783416748 661.232372283936 647.144409179688 663.061279296875 658.465049743652 669.550186157227 616.307083129883 740.352449417114 706.033491134644 695.588871002197 522.907791137695 691.344100952148 812.900283813477 752.666957855225 706.011539459229 670.337799072266 662.731483459473 789.131973266602 745.250770568848 988.656326293945 785.49609375 763.488349914551 666.543922424316 715.889595031738 792.495475769043 801.009284973145 837.648544311523 796.590143084526 1247.67575073242 821.650097846985 801.162178039551 725.240917205811 806.306549072266 818.484405517578 844.345809936523 875.359558105469 1045.88177204132 1056.37252044678 851.287616729736 631.366073608398 665.938171386719 910.671061515808 1001.80014038086 929.077857971191
672.571044921875 616.070587158203 813.720642089844 732.205001831055 586.333618164062 549.793228149414 636.996166229248 701.701654434204 628.740951538086 672.85011100769 675.295757293701 728.46167755127 670.929714202881 763.417251586914 827.496826171875 725.663920402527 646.875114440918 725.027505874634 683.955875396729 646.3115234375 661.263191223145 699.630767822266 722.475406646729 746.124526977539 602.465072631836 625.407043457031 843.361167907715 831.987442016602 811.383560180664 799.98052406311 1006.16279602051 852.506256103516 590.131927490234 798.012229919434 832.034912109375 769.00471496582 869.063411712646 1389.22344207764 1136.64898681641 1145.64877319336 1260.3963470459 997.187698364258 854.945243835449 858.664527893066 874.164379119873 791.031806945801 791.557998657227 1084.06253051758 1069.83890151978 828.539715766907
498.897964477539 727.106897354126 785.241737365723 801.444931030273 820.270370483398 656.631484985352 601.239593505859 690.153747558594 663.940719604492 731.472098350525 758.363162994385 740.356576919556 852.103881835938 769.124855041504 657.319122314453 675.367568969727 662.689308166504 738.118892669678 664.317764282227 594.714126586914 719.458534240723 730.605606079102 785.65895652771 694.970035552979 777.581317424774 816.25594329834 1034.71508026123 837.254252433777 752.540363311768 898.263652801514 884.62419128418 886.969909667969 819.940063476562 1155.57118225098 1141.8813958168 779.003974914551 794.328567504883 946.704925537109 960.855487823486 889.488969802856 945.190101623535 841.945178866386 787.113651275635 704.234313964844 775.938430786133 795.838317871094 1072.34342193604 715.10326385498 694.335418701172 725.306259155273
758.044937133789 531.13493347168 644.387153625488 651.962944030762 763.303955078125 797.128845214844 860.767227172852 555.889938354492 635.370079040527 604.605628967285 658.444900512695 628.348350524902 764.519008636475 617.654624938965 666.968723297119 609.649383544922 558.362503051758 660.480049133301 698.916110992432 734.192341804504 684.92756652832 661.4228515625 796.970062255859 841.336128234863 750.383773803711 908.280311584473 908.529712200165 934.091728210449 860.013008117676 765.862251281738 554.563400268555 595.266464233398 885.98713684082 1120.05728149414 745.368270874023 730.598030090332 889.577117919922 740.488830566406 903.611289978027 794.902786254883 822.886292457581 780.670160293579 779.454780578613 714.166275024414 768.154460906982 779.936410903931 1227.05966567993 755.583961486816 838.776510238647 762.177520751953
402.739135742188 820.159934997559 890.516841888428 732.218761444092 827.993713378906 775.726951599121 765.303016662598 684.904298782349 752.55744934082 688.443283081055 1153.89456176758 717.99732875824 751.914148330688 621.29549407959 676.576644897461 900.590362548828 663.629241943359 609.312896728516 613.571029663086 1774.25674819946 799.452819824219 628.20280456543 657.586540222168 1372.77304458618 720.705062866211 776.730895042419 693.949783325195 822.722930908203 629.135452270508 726.232200622559 773.304008722305 966.379722595215 740.139022827148 811.073989868164 640.823699951172 1174.75335693359 792.681610107422 807.591247558594 653.821075439453 737.647148132324 1187.23551177979 706.420593261719 598.416641235352 733.833408355713 765.375087738037 663.593978881836 805.689599990845 831.897472381592 915.470191955566 749.067329406738
584.654052734375 502.932800292969 698.443989753723 770.172554016113 763.346075057983 837.37825012207 659.908458709717 563.104110717773 659.814178466797 656.701156616211 711.291179656982 1355.88459777832 784.803344726562 1094.16540527344 970.408248901367 1559.93479919434 509.942626953125 732.060150146484 809.613403320312 637.697357177734 485.540130615234 285.978942871094 609.269256591797 853.808120727539 704.164703369141 784.385631561279 601.347595214844 952.002025604248 886.650831222534 747.456436157227 690.169059753418 617.742752075195 983.538360595703 753.389694213867 753.274948120117 780.588912963867 1130.46601867676 663.015487670898 724.648506164551 929.739196777344 832.252090454102 756.121475219727 685.573524475098 896.404403686523 819.406052589417 895.812347412109 854.35910987854 920.271923065186 778.584571838379 702.407447814941
543.119171142578 604.449340820312 637.428230285645 827.721893310547 654.989101409912 654.684307098389 523.262268066406 1205.10810852051 762.350547790527 756.497890472412 789.707286834717 811.431083679199 693.82791519165 777.04822063446 596.143615722656 1393.08598327637 473.455108642578 1227.57290649414 684.583892822266 580.643768310547 1188.23236083984 953.809997558594 1559.92492675781 652.884857177734 887.447341918945 1178.2127532959 791.632816314697 684.824188232422 805.501912176609 738.987663269043 914.803825378418 679.051795959473 623.705337524414 701.475234985352 896.631042480469 722.763580322266 1027.64785766602 938.651031494141 711.873443603516 1269.05290842056 1464.92218780518 923.204212188721 1508.25112628937 728.429946899414 890.390518188477 845.960868835449 808.610198974609 854.642822265625 803.66153717041 635.956604003906
718.397560119629 662.33457660675 631.093696594238 701.920316696167 666.441194057465 706.518096923828 578.894119262695 562.940856933594 617.194145202637 652.20027923584 741.951354980469 798.381256103516 840.693168640137 912.232421875 663.569686889648 614.942535400391 729.833038330078 484.243804931641 529.727432250977 694.157875061035 617.428649902344 621.020431518555 1844.13659667969 1983.91907548904 655.911926269531 825.182266235352 794.689659118652 743.008041381836 767.133569717407 789.603424072266 715.411987304688 730.69605255127 856.192115783691 860.83039855957 419.794006347656 461.660522460938 443.589691162109 897.220123291016 852.469177246094 1183.13408660889 894.212226867676 1058.90225219727 856.624626159668 741.992050170898 994.181777954102 932.968742370605 818.236065864563 686.319107055664 499.374572753906 761.556030273438
499.252990722656 645.868890762329 737.048370361328 594.98900604248 635.432888031006 795.672561645508 655.233461380005 496.269882202148 635.092136383057 696.005699157715 712.82631111145 815.597297668457 644.952730178833 627.430679321289 617.319442749023 531.831832885742 614.395217895508 620.878616333008 667.351989746094 660.819984436035 736.781091690063 762.871762752533 1117.28667449951 657.746871948242 655.561752319336 717.065567016602 826.344741821289 690.898986816406 699.574775695801 782.491173744202 878.582326889038 847.131900787354 769.847156524658 832.241714477539 800.987762451172 1197.27555847168 592.640182495117 573.356552124023 646.812042236328 721.868198394775 811.034397125244 1125.37257385254 947.434356689453 854.642204284668 949.723693847656 679.461685180664 686.330955505371 642.849227905273 282.885314941406 754.146606445312
639.457916259766 577.665069580078 669.953495025635 633.876651763916 668.975500106812 614.028858184814 688.915935516357 699.934521198273 663.971030712128 624.353706359863 595.63353729248 744.12731552124 676.672002792358 608.12272644043 710.3087682724 615.349620819092 727.832786560059 663.674312591553 668.06943321228 654.916053771973 695.168212890625 695.057445526123 959.299819946289 555.710342407227 978.022094726562 665.78157043457 688.667182922363 715.354804992676 816.401798248291 1025.64448547363 798.964462280273 745.214221000671 830.813014984131 992.360158443451 666.31063079834 643.355484008789 741.770347595215 614.758316040039 665.891265869141 769.036033630371 927.229204654694 789.792575836182 890.002838134766 831.635414123535 783.950902938843 551.688171386719 577.548385620117 721.453330993652 808.835784912109 1957.18005371094
675.444459915161 625.790933609009 702.008302688599 524.932205200195 795.638595581055 671.592799186707 731.23055267334 692.80940425396 660.093458175659 643.866203308105 552.615783691406 704.222805023193 712.826807022095 710.148166656494 659.012256622314 670.87113571167 758.062858581543 626.32543182373 639.933280944824 995.677436828613 743.111038208008 769.684921264648 641.237335205078 657.448806762695 705.053840637207 684.412559509277 772.597991943359 861.119166374207 895.808181762695 848.699356079102 968.354354858398 801.67057800293 924.636993408203 842.657188415527 699.733413696289 691.586978912354 648.198066711426 800.933071136475 662.570770263672 739.932434082031 655.972045898438 672.129402160645 792.159269332886 734.401203155518 791.711472511292 708.940795898438 804.171802043915 600.204544067383 1286.73536682129 1540.30581665039
559.872871398926 572.697601318359 726.026103973389 644.034660339355 635.663921356201 742.686267852783 812.721138000488 636.744602203369 754.124099731445 624.533515930176 576.574844360352 548.222229003906 626.720642089844 647.189651489258 735.213706970215 742.354644775391 749.055282592773 695.802093505859 761.985744476318 627.96395111084 985.830856323242 1010.2936706543 552.001922607422 624.760116577148 769.777904510498 702.198707580566 907.593448638916 828.172027587891 764.396543502808 897.70539855957 746.547177314758 806.780513763428 878.002777099609 750.729070663452 833.758430480957 746.323709964752 685.723625183105 701.734191894531 1059.90635299683 556.144973754883 874.529907226562 729.589702606201 718.979293823242 630.362716674805 676.216613769531 779.391501307487 879.481231689453 712.061325073242 706.99242401123 1115.44659423828
595.649536132812 549.18522644043 602.490295410156 830.220474243164 628.463794708252 717.143672943115 673.235327139497 878.457588195801 663.69525718689 763.649505615234 540.043991088867 536.34937286377 564.731399536133 618.375411987305 730.636302947998 691.506415367126 671.546684265137 664.266689300537 589.396553039551 746.459163665771 546.278594970703 630.809089660645 617.913047790527 694.117462158203 711.176630973816 749.706062316895 655.696090698242 795.731761932373 802.902946472168 1242.30085754395 809.783882141113 585.494659423828 598.855819702148 724.970121383667 765.057983398438 702.813461303711 566.971786499023 843.74853181839 781.621589660645 748.535405158997 822.742874145508 884.798461914062 652.82568359375 738.985778808594 827.77498626709 828.500968933105 793.256883144379 859.955448150635 643.088363647461 587.426635742188
696.173217773438 639.106201171875 621.826206207275 815.912399291992 692.556200027466 835.907943725586 720.933372497559 686.373355388641 704.765352249146 732.248767852783 696.506235122681 558.466812133789 581.355392456055 585.157806396484 672.148481845856 580.836624145508 672.385438919067 665.239776611328 679.655609130859 695.008230209351 800.389136314392 687.506355285645 627.851860046387 680.556976318359 610.248207092285 683.5797996521 749.366879463196 752.710446357727 831.16104888916 965.556060791016 691.55613899231 717.930332183838 864.55517578125 812.958122253418 766.318801879883 817.245315551758 746.171747207642 799.755096435547 750.756508350372 665.627250671387 851.531455993652 778.615501403809 776.032906532288 689.909111022949 759.669889450073 801.498651504517 814.59391784668 670.728866577148 725.352108001709 696.460731506348
660.590913772583 430.623428344727 792.914627075195 837.649520874023 751.800270080566 632.680122375488 559.323089599609 592.92716217041 629.150985717773 592.881195068359 663.421897888184 590.673522949219 631.886817932129 639.173290252686 519.534683227539 652.156589508057 733.768863677979 738.564323425293 794.22762298584 764.237716674805 809.524612426758 669.437828063965 675.059690475464 600.692893981934 583.915954589844 716.520388126373 770.871925354004 740.578242301941 909.899139404297 694.909419059753 715.09441947937 826.028297424316 716.784225463867 853.113967895508 768.230463027954 808.489692687988 892.245162963867 693.043579101562 866.948959350586 713.970390319824 756.354609251022 875.273536682129 650.435989379883 723.303573608398 716.781967163086 839.44612121582 805.009197235107 768.322051048279 783.475965499878 818.53125
622.709869384766 552.121185302734 636.70166015625 654.435654640198 641.864389419556 600.544502258301 667.391323208809 488.293792724609 788.280776977539 797.05980682373 741.548133850098 767.243011474609 728.002471923828 631.074527740479 648.9797706604 532.793121337891 637.081771850586 688.357180118561 762.612201690674 843.917556762695 705.101306080818 645.93754196167 658.885612487793 542.604446411133 637.353294372559 732.114623069763 659.542877197266 812.602096557617 701.962071418762 812.298004150391 507.67887878418 694.263311386108 663.365745544434 806.285087585449 860.045799255371 824.704170227051 784.747894287109 753.3239402771 789.617015838623 804.843852996826 806.132766723633 755.212020874023 735.545478820801 759.851502418518 763.611428260803 874.804298400879 784.222945213318 797.024465560913 768.672536373138 901.333679199219
593.67240524292 591.557167053223 665.183810710907 705.244964599609 708.126603603363 610.983875274658 674.715318262577 555.123107910156 796.525894165039 825.695541381836 777.694725036621 789.124443054199 654.787855148315 660.06262588501 681.300122261047 759.962471008301 655.191076278687 557.876571655273 665.482532501221 722.808345794678 622.229785919189 664.862018585205 732.474094390869 657.447555541992 810.945999145508 766.750095367432 648.930107116699 786.878860473633 731.882073402405 704.216438293457 698.664171218872 732.182765960693 755.0612449646 801.484275817871 633.441772460938 785.045402526855 840.386829376221 715.079739570618 754.395389556885 817.766639709473 713.393810272217 835.228462219238 762.347372055054 783.321464538574 692.593894958496 766.744104385376 739.361795425415 652.177757263184 790.763145446777 907.84188079834
