simdem/realisation99.asc
NCOLS 350 
NROWS 171 
XLLCORNER 152620 
YLLCORNER 418050 
CELLSIZE 100 
NODATA_value -9999 
[rows 44 to 65 of 171, columns 100 to 149 of 350]
409.764198303223 427.139281749725 453.770172119141 393.409076690674 271.040756225586 427.958097934723 211.175979614258 276.29231262207 294.026336669922 353.189384460449 572.2646484375 649.420211791992 406.689590454102 413.329818725586 473.559989929199 549.56714630127 479.18648481369 418.818511962891 450.927459716797 422.199851989746 334.819366455078 320.490524291992 453.16051864624 456.509546279907 539.866920471191 500.824295043945 530.852470397949 542.674824476242 482.906181335449 473.804264068604 388.192230224609 452.443180084229 624.456504821777 377.343559265137 474.416538238525 512.54084777832 435.723743438721 474.777235031128 460.159740447998 477.841009140015 487.461641311646 520.222826004028 503.733563184738 494.702350616455 555.591117858887 411.925140380859 486.23802947998 375.79133605957 466.766571044922 486.375419616699
337.36882019043 414.188377380371 451.232954025269 463.67991065979 447.702243328094 489.224731445312 328.850662231445 367.393371582031 488.933631896973 475.918571472168 542.693130493164 576.564270019531 551.080268859863 494.007293701172 469.179227828979 480.756841659546 633.786239624023 381.353698730469 553.594528198242 501.982482910156 483.44073677063 357.382377624512 413.091491699219 517.517110824585 499.160663604736 554.862991333008 511.904762268066 521.104053497314 486.291297912598 504.992538928986 520.150548934937 400.351547241211 464.896018981934 480.016843795776 463.256194114685 459.169891357422 547.829074859619 529.104907989502 458.712615966797 428.920684814453 551.901908874512 548.962871551514 546.19327545166 472.375024795532 654.085845947266 585.991027832031 407.179183959961 418.107948303223 450.035457611084 582.022975921631
428.96533870697 386.772296905518 441.544954776764 397.560176849365 481.734186172485 417.297134399414 403.410091400146 475.636323928833 509.097827911377 381.382507324219 436.409003257751 470.131893157959 644.354362487793 469.4140625 482.717420578003 554.870315551758 485.612894058228 455.954666137695 449.656103134155 405.521156311035 512.694553375244 462.517923355103 431.462928771973 414.659019470215 434.439258575439 443.554821014404 502.838722229004 481.632844924927 497.215566635132 350.338150024414 436.872882843018 498.336126327515 571.298645019531 507.182129859924 486.476986885071 435.006645202637 425.263469696045 536.923831939697 398.084297180176 456.98189163208 519.543954849243 468.650535583496 622.712471008301 527.415357589722 551.789661407471 521.785642623901 415.604019165039 456.27513885498 445.998840332031 511.543427467346
339.52375793457 427.316720962524 503.167846679688 535.376815795898 476.061141014099 582.371391296387 343.239936828613 362.145500183105 470.734370231628 428.611629486084 406.041538238525 420.161163330078 504.348907470703 492.251026153564 374.602195739746 583.342971801758 547.896240234375 611.411590576172 540.398677825928 476.997570514679 648.865188598633 394.23755645752 374.984878540039 469.278606414795 490.876302719116 411.165260314941 328.527633666992 417.926376342773 462.557621002197 427.792976379395 386.317687988281 427.176414489746 562.883327484131 589.726959228516 480.232478290796 351.578552246094 477.378238201141 345.141754150391 506.960259437561 509.312756061554 427.418159484863 535.416191101074 579.673027038574 475.451061248779 449.954788208008 631.299255371094 497.08832359314 440.96936416626 378.175918579102 401.981521606445
404.10396194458 411.584377288818 537.506355285645 383.462051391602 414.955806732178 394.328681945801 368.535438537598 330.70947265625 477.370940208435 499.885181427002 650.175689697266 483.878324508667 485.583793640137 467.872761726379 344.738555908203 569.563400268555 449.81068611145 521.5715675354 463.353459358215 436.238254547119 416.019996643066 394.802116394043 401.05094909668 471.921087265015 554.487171173096 504.025361061096 486.647771835327 447.341602325439 441.817726135254 499.50745010376 473.287239074707 492.153507232666 369.825256347656 460.775745391846 348.712188720703 494.999053478241 327.490921020508 407.340522766113 454.405647277832 575.177833557129 455.80611038208 502.215950965881 552.462055206299 499.931137084961 488.064123153687 658.53303527832 432.175727844238 485.523522257805 535.401416778564 499.012001037598
319.728744506836 407.379013061523 324.471557617188 483.348079442978 584.728363037109 555.75122833252 303.340789794922 404.446113586426 441.652360916138 492.938049316406 490.895690917969 547.047462463379 558.590103149414 470.565940856934 413.397167205811 553.282073974609 541.693969726562 635.334533691406 379.25 420.299644470215 420.047393798828 341.919708251953 214.26513671875 454.671936035156 572.979042053223 474.980962753296 628.029197692871 486.594676971436 498.604692459106 449.836441040039 447.354583740234 497.451065063477 477.057243347168 492.279426574707 393.429756164551 416.925323486328 472.388997077942 477.682243347168 382.555603027344 515.339829683304 455.106960296631 555.982639312744 531.441999435425 502.487340927124 527.733071327209 616.459671020508 546.945621490479 537.108779907227 531.459976196289 652.795265197754
479.641304016113 300.651611328125 373.191200256348 364.572654724121 382.677154541016 438.181777015328 341.330223083496 414.847549438477 439.784498214722 465.06214427948 506.353172302246 420.007417678833 432.770509719849 479.706595420837 467.692465305328 524.274387359619 516.064262390137 543.549751281738 518.652896881104 440.471893310547 430.619621276855 427.953048706055 337.539566040039 297.072036743164 443.023643493652 487.90022277832 497.370923995972 423.579429626465 501.137798309326 471.648517608643 505.131335616112 604.78832244873 551.560531616211 461.536914825439 552.176118850708 486.338703155518 522.06947517395 427.455272674561 471.383145332336 531.796308517456 575.868015289307 506.544219970703 437.193782806396 610.686096191406 564.955242156982 487.588800430298 500.403520584106 477.337248802185 687.015441894531 532.48229598999
411.146499633789 321.394248962402 387.048114776611 337.166236877441 375.907051086426 453.194715499878 466.019477844238 436.252643585205 583.960250854492 595.242294311523 444.086818695068 296.755218505859 309.326171875 400.500068664551 492.226655960083 516.689449310303 500.068745613098 566.425254821777 600.56282043457 435.406539916992 449.196063995361 515.643402099609 462.117839813232 511.913569450378 418.621894836426 437.67813873291 474.940706253052 577.197654724121 480.747323989868 509.330857753754 608.63542175293 448.239776611328 593.205368041992 599.909767150879 642.013412475586 496.988170623779 498.418521881104 532.875322341919 527.826599121094 613.409049987793 461.400279998779 358.825317382812 479.805965423584 516.055267333984 512.861822128296 606.716018676758 443.412261962891 549.655704498291 492.187437772751 531.129930496216
283.202407836914 272.970245361328 345.538719177246 489.382431030273 473.645866394043 517.778053283691 602.845062255859 524.408893585205 570.455596923828 589.697326660156 407.390522003174 399.906829833984 445.645620346069 438.292488098145 509.731557846069 619.598907470703 470.321430206299 604.071281433105 584.061256408691 424.979148864746 461.438236236572 632.852676391602 531.641139984131 443.257972717285 543.877759933472 599.167427062988 421.614189147949 498.498796463013 413.628936767578 436.318397521973 571.659851074219 572.845073699951 776.073394775391 696.195159912109 493.438770294189 542.117443084717 565.645601272583 504.042682647705 653.427795410156 545.790391921997 535.369220733643 590.694271087646 366.723297119141 520.596485137939 503.845088005066 523.803112983704 481.697395324707 451.373550415039 505.498046875 541.443628311157
277.29573059082 406.580179214478 413.32580947876 423.119277179241 447.870334625244 522.514495849609 577.283561706543 646.314147949219 454.442768096924 495.738834381104 418.269351959229 490.433137893677 483.107779502869 444.925071716309 357.199005126953 430.989643096924 491.661248445511 550.672622680664 450.687976837158 327.129058837891 335.835098266602 542.397571563721 520.266059875488 443.460838317871 555.355781555176 540.640979766846 592.722053527832 521.511222839355 618.451812744141 656.550582885742 541.522163391113 632.839744567871 686.154113769531 616.782279968262 640.277687072754 445.143894195557 478.794635772705 552.392488479614 518.103684425354 340.540100097656 502.353763580322 518.694469451904 537.32802772522 531.515365600586 445.109455108643 309.796722412109 371.54524230957 537.194065570831 399.696441650391 609.079811096191
490.010414123535 448.719964027405 393.455209732056 355.28540802002 450.334238052368 451.105230331421 471.311422348022 415.467594146729 467.044212341309 515.761346817017 306.842269897461 483.600073814392 462.587202072144 405.611312866211 332.808792114258 395.761009216309 507.278049468994 463.426042556763 488.415163516998 380.280052185059 474.62145614624 557.292320251465 508.070885680616 566.389259338379 402.580604553223 451.493530273438 456.870265960693 544.058067321777 513.18318271637 527.469491958618 561.414974212646 511.013283729553 521.020111441612 437.089660644531 558.161212921143 418.20645904541 567.416694641113 581.10750579834 531.489841461182 314.406616210938 460.06022644043 508.402816772461 510.12731552124 509.580087661743 531.125925064087 441.879249572754 534.800699234009 504.701219558716 484.220630645752 623.386825561523
375.768936157227 429.809170439839 449.254602432251 485.512409210205 550.253555297852 551.885604858398 461.451917648315 509.323425292969 542.112648010254 624.530853271484 514.070690155029 475.282914161682 549.09326171875 491.947146177292 471.615997314453 545.303387641907 470.6390209198 504.519021034241 543.964218139648 571.767318725586 577.037925720215 425.817237854004 518.502229690552 588.181549072266 587.39427947998 429.873245239258 564.684001922607 575.784851074219 522.24861907959 525.965078353882 563.675623893738 506.761835098267 428.506767272949 483.538551330566 458.841659545898 574.212768554688 583.340538024902 492.408134460449 488.36291885376 368.415557861328 483.106018066406 471.709434509277 417.985061645508 564.452327728271 424.781127929688 424.586380004883 574.715734481812 595.048189163208 498.991966247559 564.338682174683
436.64267873764 345.137466430664 509.179290771484 395.604827880859 500.098705291748 400.49927520752 447.404497981071 438.708993911743 603.082443237305 414.186882019043 441.605487823486 504.182582855225 510.998508453369 532.803089141846 390.930061340332 415.114479064941 609.720054626465 511.35138130188 418.647941589355 555.419303894043 400.637985229492 534.940484046936 536.179550170898 594.607345581055 480.814635396004 336.690872192383 721.399261474609 644.102279663086 770.140197753906 553.453439712524 503.256889343262 499.681968688965 520.357904434204 553.121334075928 508.908527374268 471.345058441162 507.094068527222 579.246967315674 651.936380386353 477.162197113037 516.653108596802 551.86537361145 383.337615966797 393.911544799805 482.335765838623 464.447715759277 589.300144195557 643.325866699219 602.118942260742 512.944263458252
354.910491943359 411.849479675293 528.800590515137 433.715522766113 465.569026947021 500.315742492676 491.116582870483 459.507543683052 306.768493652344 419.340835571289 492.067802429199 408.813968658447 513.077640533447 556.042999267578 456.612160682678 447.385034561157 574.393424987793 479.852209568024 457.906347513199 509.968169212341 425.358047485352 420.534324645996 441.890865325928 516.733692169189 411.997272491455 404.524803161621 553.468290328979 521.626586914062 690.787109375 663.663703918457 579.303588867188 624.27566242218 539.96849822998 463.264877319336 423.438316345215 407.193092346191 521.318109512329 565.098472118378 697.538856506348 543.570287704468 698.571403503418 677.963760375977 562.458168029785 615.541496276855 474.789253234863 598.88024520874 416.183631896973 354.050323486328 465.369743347168 447.931350708008
513.019630432129 471.581615447998 450.252277851105 501.30818939209 537.258285522461 543.114799499512 504.620040893555 521.134044647217 289.742599487305 420.501171112061 375.027481079102 228.782455444336 358.578453063965 370.544013977051 396.04647064209 521.996070861816 508.125854492188 487.307094573975 466.164608001709 428.385696411133 483.592341899872 408.804145812988 452.779579162598 578.450294494629 331.833374023438 470.224502563477 563.149074554443 559.661933898926 641.233673095703 636.720306396484 505.661804199219 601.030830383301 630.541809082031 612.917083740234 589.241228103638 344.561248779297 480.883186340332 578.932047367096 516.355712890625 592.496589660645 629.687389373779 496.911609649658 574.89334487915 490.675746917725 454.329360961914 526.588907718658 659.596168518066 493.149028778076 552.943165779114 379.215744018555
433.811901092529 385.418121337891 343.359382629395 486.661903381348 380.885108947754 587.142547607422 479.518640518188 633.746490478516 478.570610046387 333.741149902344 404.185081481934 237.635406494141 394.092128753662 398.377304077148 489.931442260742 508.241672515869 520.342315673828 371.351226806641 454.156169891357 466.683908462524 529.318336486816 398.425090789795 336.04231262207 421.412475585938 279.407165527344 519.89395904541 503.136908531189 565.5231590271 648.115036010742 459.320331573486 687.624008178711 715.76432800293 615.62329864502 712.851043701172 859.288681030273 633.862747192383 766.127288818359 659.952865600586 582.365364074707 506.658058166504 521.541730880737 510.251529693604 519.119201660156 554.528059005737 508.149824142456 601.545122146606 452.009666442871 496.012985229492 467.976364135742 338.615737915039
514.337959289551 504.873695373535 597.058990478516 600.887756347656 571.943954467773 410.74479675293 468.084767341614 490.506122589111 377.140731811523 351.379692077637 385.044853210449 364.926383972168 382.77904510498 426.805240631104 477.08739900589 515.286930084229 421.587760925293 475.531989097595 410.496856689453 493.487977981567 399.975135803223 510.162334442139 435.216369628906 471.43943977356 340.765289306641 427.311294555664 569.472106933594 562.924533843994 587.983879089355 572.957866668701 638.451194763184 531.522960662842 556.675827026367 545.302247047424 791.443695068359 537.518962860107 696.306732177734 669.530258178711 614.750999450684 500.077159881592 539.221796989441 481.6868019104 415.620445251465 446.730491638184 616.660087585449 595.4743309021 535.419085264206 550.34651184082 516.793334960938 452.150039672852
506.387298583984 655.655212402344 603.929473876953 603.832229614258 462.654231071472 481.79288482666 469.837287902832 601.697235107422 535.459774017334 379.052284240723 514.208839416504 508.059387207031 524.152114868164 662.187469482422 603.658729553223 519.937461853027 525.920719146729 465.849979400635 422.635604858398 555.756958007812 475.281661987305 414.245742797852 486.407487869263 449.412589073181 541.821617126465 459.159967422485 411.72061920166 529.824018478394 478.092239379883 515.378355979919 466.68448638916 626.74942779541 546.35000038147 650.581787109375 522.66517162323 499.524690628052 780.261093139648 787.846527099609 589.690464019775 627.241600036621 571.113983154297 591.19783782959 543.884004592896 542.218780517578 724.734130859375 574.160736083984 745.446884155273 704.213096618652 484.45873260498 254.242065429688
548.477569580078 356.396614074707 350.37174987793 551.557090759277 504.902484893799 531.842468261719 582.374137878418 530.346710205078 555.222877502441 574.467597961426 516.71329498291 548.085098266602 463.569810390472 600.018936157227 602.148254394531 449.502824783325 479.774725914001 401.697216033936 487.155171632767 587.540168762207 461.066110610962 344.845367431641 473.422800064087 296.291107177734 497.374509334564 377.279083251953 391.529365539551 496.190383911133 421.11385345459 434.896041870117 472.06404876709 569.165302276611 545.18971824646 492.07649230957 451.49683380127 540.737289428711 554.670389175415 609.251609802246 660.515586853027 589.505374908447 611.24201965332 406.824768066406 540.898010253906 588.712533950806 697.533226013184 456.785690307617 748.646865844727 511.798667907715 649.80347442627 344.770111083984
552.426246643066 547.859756469727 486.641437530518 523.371253967285 623.912673950195 517.809356689453 487.937921524048 370.168617248535 385.375370025635 644.76594543457 503.15092086792 398.8830909729 586.024780273438 558.715980529785 406.136512756348 516.641681671143 459.523765563965 533.2864112854 597.752082824707 516.845252990723 527.93256187439 423.977905273438 530.971397399902 494.022567749023 493.754656791687 542.205558776855 603.623115539551 545.977874755859 583.502426147461 402.771263122559 378.309448242188 462.668907165527 396.62825012207 522.355770111084 478.668918609619 658.740135192871 636.568962097168 520.880743503571 532.860863685608 542.562698364258 528.099519729614 453.479026794434 450.251823425293 529.922256469727 433.955047607422 592.647240638733 478.066131591797 544.444119930267 534.330128788948 343.295715332031
440.956497192383 450.143310546875 358.765937805176 409.7493019104 548.573135375977 594.944519042969 397.851913452148 345.961883544922 490.80272769928 515.866114616394 473.564064025879 502.954275131226 458.35481274128 720.937561035156 490.631984710693 506.080005645752 553.480476379395 437.616558074951 590.559020996094 526.96692276001 338.223205566406 432.571334838867 502.811371445656 447.033012390137 529.350534439087 554.553928375244 721.361297607422 662.411529541016 590.814094543457 484.10724067688 449.989112854004 404.069396972656 432.075828552246 482.597049713135 667.478561401367 621.953475952148 535.296792984009 598.937191009521 490.426731109619 567.063444137573 538.10101890564 395.782821655273 557.558296203613 486.321689605713 503.39722442627 573.818622589111 455.62914276123 554.219447135925 551.105608940125 545.424834251404
381.956161499023 397.531806945801 476.561690330505 465.489390850067 538.214408874512 482.084052085876 477.174939155579 419.080307006836 450.231302261353 511.759411334991 479.151704192162 470.706126213074 643.295623779297 740.345062255859 652.227615356445 557.234313964844 319.056091308594 455.366819381714 556.519348144531 570.014831542969 475.767248153687 482.33083152771 458.100662231445 314.053115844727 334.976043701172 481.75869178772 553.193946838379 596.993858337402 615.707946777344 581.864845275879 483.462463378906 603.05549621582 489.800762176514 539.940093040466 585.778030395508 644.875968933105 401.931015014648 473.722526550293 543.040464758873 548.768270015717 560.698129653931 549.094161987305 618.447410583496 490.529289245605 458.753616333008 663.339363098145 555.917314529419 435.39533996582 449.411407470703 468.93741607666
