simdem/realisation19.asc
NCOLS 350 
NROWS 171 
XLLCORNER 152620 
YLLCORNER 418050 
CELLSIZE 100 
NODATA_value -9999 
[rows 66 to 87 of 171, columns 250 to 299 of 350]
633.86772441864 494.272521972656 739.943649291992 645.230412483215 818.850463867188 709.400909423828 755.949829101562 726.004928588867 615.847827911377 645.513603210449 747.722236633301 679.06071805954 703.508184432983 791.85391998291 820.99397277832 852.691284179688 838.774108886719 829.80908203125 734.401840209961 661.8131275177 731.394298553467 781.515731811523 594.39510345459 718.5657787323 747.304044723511 674.469783782959 695.504422187805 665.040464401245 832.588386535645 722.400133132935 724.33350944519 700.98104095459 805.243209838867 723.861458778381 700.536540985107 692.176057815552 622.387992858887 670.055488586426 934.299957275391 957.27490234375 752.789360046387 723.078573226929 928.920692443848 936.645111083984 919.584533691406 852.479904174805 765.505029678345 770.360108852386 822.668090820312 853.60436630249
609.643566131592 751.802383422852 702.869667053223 803.416061401367 715.793388366699 760.161415100098 731.081741333008 633.135362625122 654.140977978706 680.749900817871 701.382995605469 637.192844390869 597.839408874512 697.574012756348 725.049247741699 731.455879211426 764.186172485352 856.749557495117 760.46361541748 550.85725402832 702.079253911972 684.407503843307 696.237927436829 727.274015426636 674.937602996826 826.052490234375 788.395858764648 632.379776000977 650.21129989624 766.37996673584 684.009903907776 676.309368133545 718.653508663177 714.803943276405 709.67214012146 650.385200500488 648.365325927734 611.173400878906 629.458366394043 669.738216400146 998.256778717041 1006.51727747917 999.638450622559 871.567573547363 861.887439727783 718.551403045654 808.876007080078 812.808853149414 900.743408203125 942.98876953125
606.267974853516 805.817970275879 675.314441680908 679.704032897949 656.906135559082 812.035919189453 784.410690307617 577.484531402588 545.579399108887 635.907339096069 682.551296234131 755.410095214844 579.939414978027 676.99397277832 739.959274291992 840.249160766602 774.168609619141 735.470932006836 627.202716827393 753.78987121582 612.427604675293 707.163247108459 640.459156036377 688.388787269592 813.283851623535 743.340209960938 769.330947875977 781.742568969727 678.123714447021 715.637052536011 792.62032699585 758.625469207764 713.813032150269 641.977554321289 680.914142608643 726.919889450073 798.602188110352 628.434913635254 697.372856140137 680.119422912598 705.206823348999 638.993850708008 1094.1795425415 1539.06993865967 868.073029994965 629.4296875 629.189483642578 737.520208120346 780.259578704834 801.407709121704
768.704452514648 595.651874542236 663.57214641571 676.213706970215 683.435503005981 614.913118362427 720.541046142578 647.759035587311 594.589309692383 603.716827392578 717.23526763916 731.076530456543 709.175315856934 736.564514160156 785.192749023438 595.288108825684 699.530015945435 602.373264312744 668.928503036499 538.222412109375 717.313861846924 711.467836380005 637.567380905151 625.028816223145 607.569320678711 635.784564971924 582.013252258301 746.479591369629 749.142826080322 726.712047576904 728.820967674255 616.045860290527 659.123039245605 776.961986541748 833.436813354492 773.391082763672 778.890930175781 637.390365600586 671.702033996582 797.925468444824 814.032791137695 722.794376373291 627.246139526367 861.724437713623 942.333847045898 1368.37205886841 790.806820869446 803.904998779297 780.872722625732 858.195526123047
702.999645233154 574.034450531006 642.350128173828 670.367488861084 645.377623438835 606.966558456421 644.91016793251 649.672626495361 522.727294921875 554.637992858887 442.182800292969 628.134391784668 684.274524688721 786.895050048828 542.123268127441 716.964532852173 695.106056213379 697.031032562256 640.675159454346 689.73072719574 675.956203460693 723.947170257568 585.391204833984 762.860801696777 662.73416519165 588.789016723633 721.145053863525 682.090133666992 729.939041137695 732.151922225952 718.146644592285 552.439727783203 818.363380432129 775.945617675781 806.04093170166 739.890377044678 609.90682220459 627.385055541992 693.81547164917 635.496429443359 728.666097640991 756.57660484314 690.341621398926 639.501976013184 691.979724884033 764.828987121582 738.191146850586 1183.17756652832 841.946331977844 726.72693157196
559.811386108398 665.889194488525 675.365543365479 860.012649536133 739.191261291504 568.414939880371 613.367822647095 586.324913024902 670.774641036987 712.915138244629 532.155960083008 615.880812644958 671.779026031494 656.636814117432 615.489576339722 701.99529337883 796.275596618652 630.645780563354 565.259231567383 608.37345123291 629.351261138916 695.70002746582 685.398377180099 619.496673583984 683.847236633301 781.915767669678 570.578269958496 561.159088134766 669.863142490387 656.917602539062 653.7232837677 790.269676208496 781.390518188477 717.401186227798 782.670341491699 879.682159423828 837.69108581543 725.128181934357 704.591823577881 636.414566040039 748.913669586182 739.811635971069 812.3210105896 714.396713256836 645.955787658691 1260.25919342041 878.106079101562 772.693090438843 714.116813659668 650.440174102783
659.688473701477 668.497602462769 642.44305229187 696.032161712646 789.32398223877 773.137084960938 736.4553565979 589.677833557129 579.041168212891 553.081718444824 732.333316802979 642.241479218006 610.992910385132 641.859765052795 646.036354064941 582.249794006348 764.926971435547 744.75163269043 546.404937744141 669.223159790039 650.502384185791 653.213554382324 694.192485809326 638.856582641602 667.435949325562 557.537643432617 573.62442779541 586.189605712891 659.362747192383 644.965385437012 559.332878112793 639.828044891357 670.035362243652 861.3447265625 807.040641784668 834.154541015625 778.95386505127 760.384383201599 691.949851989746 714.236008644104 725.144798636436 1257.44285583496 661.584434509277 677.012252807617 835.483573913574 904.952194213867 805.590393066406 687.108528137207 552.624908447266 520.423965454102
555.218460083008 706.558258056641 768.95788192749 759.812873840332 646.475063323975 718.306665420532 724.5232629776 856.628227233887 710.37878036499 632.386026382446 613.028373718262 633.866365432739 682.122783660889 491.670501708984 657.293849945068 597.720031738281 706.520973205566 810.226989746094 847.369552612305 763.736404418945 688.747467041016 746.213569641113 663.586597442627 640.457473754883 723.397121429443 547.583618164062 721.025783538818 669.934041976929 681.135306417942 654.85767364502 767.321449279785 758.935752868652 847.469345092773 838.709648132324 660.973482131958 779.514617919922 787.89722442627 714.538998603821 709.489316940308 771.441600799561 632.933486938477 703.841262817383 833.786502838135 1086.54790115356 1051.71124267578 761.824325561523 762.997444152832 744.387725830078 853.644378662109 530.241592407227
561.232105255127 657.701210021973 587.718022525311 673.148941040039 474.111694335938 683.911455154419 676.940212249756 726.703937530518 732.493057250977 726.794662475586 732.4056391716 617.060455322266 565.61547088623 639.799646377563 574.95051574707 488.911041259766 691.131973266602 760.028213500977 759.580291748047 839.677627563477 767.606353759766 719.322731018066 786.345756530762 624.68062210083 627.40828704834 622.89892578125 751.795936584473 711.057149887085 673.330139636993 724.143405914307 733.513336181641 704.616786956787 719.093231201172 709.74810218811 584.787666320801 566.869171142578 714.973274230957 669.881538391113 697.759689331055 689.559411048889 554.56810760498 905.711380004883 632.385513305664 1174.11636734009 1058.32808876038 643.647911071777 780.278198242188 740.100620269775 633.787155151367 811.899490356445
553.324638366699 474.093505859375 536.755187988281 560.935829162598 540.624176025391 541.624656677246 714.038234710693 715.393268108368 713.054664611816 748.970084667206 855.037925720215 728.084548950195 666.921516418457 650.466619491577 659.794910430908 573.686515808105 698.215385437012 562.312812805176 602.989673614502 755.250106811523 701.817623138428 746.367195129395 793.845504760742 714.400775909424 667.632144927979 582.767272949219 712.200977325439 601.632820129395 681.420787811279 738.364011764526 788.382904052734 680.459531784058 717.958837509155 640.035254478455 646.08088684082 690.876071929932 751.778961181641 784.860168457031 699.418155670166 636.887794494629 809.239654541016 907.87654876709 856.253265380859 877.039435386658 788.759132385254 904.775405883789 658.516052246094 643.09765625 861.291572570801 928.976699829102
607.711587905884 471.87548828125 501.313049316406 656.559776306152 702.915518283844 569.842548370361 574.691625595093 751.554712295532 701.811943054199 703.206645965576 602.090888977051 757.504552841187 691.000198364258 565.03540802002 652.357486724854 536.902709960938 616.541189193726 661.586042404175 510.40071105957 583.41577911377 766.023277282715 702.476119995117 759.529747009277 797.159248352051 676.544089198112 635.909065246582 675.955324172974 659.692548751831 598.176338195801 707.350199699402 675.364225387573 789.532760620117 712.30643081665 661.820045471191 517.189590454102 714.28187084198 723.608730316162 649.508781433105 662.827167510986 699.657579660416 710.166831970215 818.010679244995 831.431935310364 783.718339920044 748.611892700195 554.669006347656 599.285446166992 685.826095581055 801.993286132812 681.910270690918
619.007801055908 486.566925048828 508.294555664062 638.990748405457 783.024745941162 666.394485473633 496.394157409668 496.555885314941 640.929214477539 633.652252197266 559.892562866211 671.705554962158 604.097599029541 654.548816680908 719.074691772461 616.683864593506 747.018310546875 728.450378417969 809.769271850586 734.151401519775 563.963272094727 666.364917755127 787.585548400879 711.355751037598 783.49942779541 716.301719665527 613.731719970703 529.959762573242 615.032760620117 796.969734191895 790.077239990234 722.40255355835 526.217147827148 742.529399871826 588.571807861328 679.777519226074 766.077585220337 629.849876403809 588.695869445801 731.296764373779 1101.61083984375 824.047180175781 862.172676086426 1013.33911895752 704.770294189453 735.432472229004 787.267234802246 792.835548400879 930.786426544189 1115.36083221436
659.169212341309 623.865475654602 575.568622589111 645.38525390625 711.339599609375 653.371968269348 525.712753295898 447.199081420898 692.77006739378 718.44801235199 762.060745239258 648.38655090332 838.151657104492 953.505752563477 835.632797241211 649.531384468079 729.022891998291 885.042785644531 748.301155090332 749.556636810303 730.578220367432 565.783805847168 646.679218292236 642.977457046509 618.72806930542 613.13618850708 605.821144104004 478.857879638672 780.214920043945 783.470375061035 680.813321590424 584.892059326172 620.636199951172 524.519302368164 710.515416145325 818.459854125977 736.088035583496 649.033451080322 674.183393478394 837.283386230469 819.538276672363 1251.91422605515 1126.06803894043 890.297760009766 632.202346801758 704.229125976562 906.130702972412 906.195014953613 1126.40621948242 765.114410400391
654.495933532715 617.977311372757 696.788665771484 591.409507751465 596.85090637207 756.994178771973 607.967185974121 548.879051208496 591.925598144531 709.561229705811 771.155860900879 796.554214477539 699.993927001953 792.169143676758 791.780235290527 587.733367919922 680.142966747284 732.400131225586 708.870878219604 689.065638683736 811.613983154297 663.253131866455 677.495105743408 563.021255493164 504.341537475586 643.589385986328 691.941889762878 686.939172744751 493.10107421875 660.298534393311 638.21146774292 564.623229980469 619.099990844727 620.52267074585 725.908149719238 809.966789245605 742.480667114258 834.907333374023 652.091281890869 935.213195800781 693.120231628418 777.55443572998 1158.9718170166 861.880470275879 1013.47514343262 741.589797973633 1017.37142181396 764.860084533691 644.771530151367 703.888412475586
595.120063781738 515.433227539062 583.206367492676 607.621198654175 580.410902023315 514.848968505859 611.906772613525 585.767288208008 660.803158760071 676.013149261475 656.870323181152 830.444732666016 796.080368041992 701.809555053711 780.853378295898 536.003944396973 707.512298583984 658.833757400513 646.900360107422 694.419211864471 814.769027709961 635.784297943115 643.409959793091 655.449810028076 722.109934329987 589.791759490967 411.671722412109 605.389854431152 583.912643432617 712.67879486084 853.798873901367 697.73248052597 640.830438613892 657.270126342773 782.516189575195 688.360576629639 508.320869445801 572.829368591309 575.776229858398 819.833058923483 698.198968410492 825.612018585205 815.589811325073 1077.89576339722 638.857246398926 654.644149780273 1147.91851806641 632.33903503418 600.818954467773 751.143844604492
638.350780487061 784.248611450195 647.869287490845 726.897743225098 627.722275733948 552.36498260498 647.407429695129 568.054229736328 796.193168640137 558.664482116699 582.38109588623 840.790710449219 674.770615577698 528.859786987305 643.039806365967 675.572717666626 702.496625900269 708.009250640869 566.46794128418 689.465951919556 682.016932487488 615.926020622253 591.55184173584 655.263076782227 679.477827548981 610.069496154785 601.626800537109 681.328182220459 705.553142547607 632.555139541626 574.46305847168 716.322987556458 736.689701080322 743.022163391113 759.063846826553 773.946846008301 708.832347869873 758.053665161133 633.295051574707 692.472114562988 602.520156860352 848.95051574707 769.775081634521 666.176979064941 939.904805183411 623.807434082031 1052.306640625 688.65495300293 695.68896484375 791.128555297852
686.786647796631 787.614227294922 597.876499176025 682.780082702637 700.543525695801 711.719696044922 737.819892883301 639.69798502326 549.645401000977 556.723213195801 681.899478912354 844.52180480957 743.591445922852 632.267273902893 626.195714235306 568.732406616211 579.150367736816 724.156562805176 624.241727828979 642.653823852539 542.306289672852 740.437072753906 791.00373840332 743.15531539917 659.342392921448 611.846336364746 716.23291015625 758.638343811035 677.017081737518 668.199600219727 664.974327087402 772.978141784668 624.163398742676 638.213054656982 539.331954956055 597.893043518066 624.190898895264 680.621681272984 749.860725402832 753.209342956543 534.862701416016 785.935607910156 638.992031097412 789.621376037598 968.078283309937 699.812286376953 572.408111572266 533.34423828125 800.016868591309 1030.6001663208
676.656139373779 667.61939239502 493.290580749512 707.293045043945 755.688934326172 675.012783050537 455.578353881836 504.192810058594 676.355800628662 521.15510559082 715.894325256348 757.631698608398 782.309150695801 667.061854839325 719.545402526855 643.124292612076 704.368927001953 711.660049438477 716.925987243652 632.956184387207 732.597814559937 663.872623682022 534.43083190918 714.234790325165 738.527996063232 627.981971740723 601.829475402832 665.121566772461 847.746948242188 714.776031494141 768.636180877686 711.7763671875 540.426986694336 546.781692504883 649.506900787354 713.285231590271 593.778549194336 585.055297851562 687.28369808197 741.561912536621 614.472122192383 1017.26356506348 874.187713623047 881.50089263916 1026.05438232422 588.007400512695 946.491668701172 711.93302154541 823.222198486328 802.815985679626
628.140670776367 603.745484352112 525.32946395874 645.361063957214 747.913246154785 836.990112304688 592.026168823242 490.008117675781 577.132942199707 671.012397766113 645.655220031738 572.645362854004 656.993040561676 1039.57634925842 807.742233276367 601.035903930664 831.737062454224 618.584819793701 728.329032897949 568.400695800781 609.810165405273 593.088203430176 535.133255004883 865.729030609131 761.818099975586 672.397882461548 337.798858642578 604.02660369873 754.928911209106 672.954193115234 742.003356933594 761.142803192139 670.875450134277 655.876586914062 667.401927947998 741.751518249512 575.129470825195 660.031326293945 707.333658874035 887.845958709717 622.306747436523 713.89973449707 795.373466491699 676.255585670471 635.735488891602 852.577896118164 683.537353515625 754.802856445312 731.405731201172 730.047889709473
778.356262207031 536.301330566406 506.692558288574 605.262495040894 768.770385742188 658.435306549072 562.083686828613 652.353580474854 574.552688598633 710.986640930176 770.108581542969 753.611305236816 652.542366027832 666.614700317383 533.635955810547 541.80884552002 574.337829589844 673.907009124756 713.869709014893 884.151733398438 757.418312072754 682.463953018188 660.641738891602 548.866165161133 631.296737670898 715.769390106201 741.826181411743 634.535530090332 798.581825256348 773.237838745117 817.201553344727 677.444683074951 712.274597167969 765.894538879395 656.264381408691 754.884845733643 825.823379516602 699.559745788574 704.966787815094 936.091117858887 1143.75820922852 669.514572143555 1014.95257568359 609.872589111328 481.617080688477 650.645690917969 634.525726318359 738.312286376953 731.760013580322 1213.1688041687
848.975891113281 649.233088448644 764.01594543457 562.43383026123 636.286776542664 627.56711101532 698.094482421875 667.35120600462 671.034160614014 663.65260052681 718.528232574463 897.188400268555 739.515041351318 422.366149902344 524.411094665527 543.989410400391 611.750358581543 773.689705848694 658.70233297348 790.105171203613 839.295227050781 606.131519317627 1316.56018829346 617.895896911621 652.933067321777 735.200912475586 657.828073501587 706.052054405212 604.008338928223 762.853994369507 850.688735961914 688.247501373291 740.33047914505 698.495059967041 793.487312316895 707.147445678711 851.822723388672 824.460929870605 686.307645797729 1050.7635269165 632.974792480469 718.634143829346 743.367706298828 1406.34544372559 552.320037841797 1731.84711456299 730.311729431152 804.120862960815 1212.0435333252 860.847704648972
1317.37927246094 1036.37300109863 837.928871154785 647.363212585449 657.310619354248 549.730102539062 679.33260345459 649.114465713501 653.268705368042 775.228313446045 735.892707824707 870.957767486572 902.137168884277 641.591506958008 722.323350906372 1084.62586593628 1028.53319549561 773.112998962402 574.739864349365 640.999979019165 617.260158538818 618.717288970947 613.693878173828 764.819648742676 899.271224975586 680.45304107666 727.570083618164 705.623310089111 653.316814422607 759.73828125 835.363563537598 734.033071637154 757.356084823608 616.951202392578 676.717235565186 785.979949951172 807.552177429199 661.664710998535 652.267108917236 741.263336181641 506.746917724609 810.175422668457 896.28044128418 711.180335998535 869.022506713867 1041.69329833984 640.896301269531 766.307144165039 820.597585678101 738.309223175049
