simdem/realisation57.asc
NCOLS 350 
NROWS 171 
XLLCORNER 152620 
YLLCORNER 418050 
CELLSIZE 100 
NODATA_value -9999 
[rows 44 to 65 of 171, columns 150 to 199 of 350]
525.338970184326 552.629240036011 503.755889892578 506.089668273926 445.627471923828 559.050864219666 536.835554122925 526.145238518715 626.835945129395 661.159439086914 680.216606140137 578.71889591217 582.371307373047 605.447925567627 520.659118652344 556.844002246857 582.584545135498 501.502742767334 444.524261474609 465.568115234375 495.037708282471 637.75855255127 517.443529129028 552.89627456665 643.338073730469 701.745674133301 587.417900085449 609.588579177856 474.518074035645 451.016960144043 596.690837860107 539.81379699707 757.422241210938 776.85143661499 583.346115112305 625.99081993103 703.908851623535 664.685737609863 745.405643463135 529.808113098145 439.099472045898 542.316783905029 656.635780334473 812.539463043213 664.647338867188 552.670886993408 602.419414520264 748.905780792236 1054.25535583496 1125.99216461182
613.818328857422 620.711639404297 394.053802490234 482.338148117065 535.522476196289 517.286516189575 682.857925415039 707.401412963867 598.996673583984 654.503120422363 522.050746917725 537.790790557861 682.402435302734 586.513259887695 652.715591430664 687.451797485352 513.408409118652 441.649742126465 629.439830780029 586.050224304199 629.764602661133 566.381656646729 696.159622192383 590.400058746338 662.968048095703 681.386085510254 620.178829193115 454.104621887207 691.850631713867 616.908386230469 471.924545288086 436.031021118164 604.76049041748 748.462082862854 721.203773498535 761.494560241699 649.07753944397 651.40552520752 718.187713623047 578.005414962769 455.201759338379 394.265151977539 593.079351425171 453.704704284668 473.022575378418 556.822128295898 533.72229385376 429.80583190918 480.41862487793 715.024169921875
586.563018798828 534.880103111267 464.423652648926 540.173881530762 334.738204956055 462.191596984863 642.495780944824 541.080215454102 801.207611083984 643.630523681641 703.896835327148 603.895698547363 705.008239746094 694.298416137695 721.537216186523 631.15599822998 550.245657920837 370.006774902344 424.806480407715 508.664825439453 505.883129119873 611.005096435547 552.665783882141 563.18741607666 596.084884643555 575.596221923828 445.242622375488 460.944976806641 641.720642089844 522.160522460938 473.68293762207 351.165710449219 398.818725585938 724.408950805664 505.140029907227 586.599003791809 676.64412689209 738.085006713867 675.458450317383 605.86390542984 492.757308959961 521.55863571167 560.324815750122 538.56270980835 624.858516693115 611.939540863037 518.413627624512 682.832176208496 510.582366943359 642.773338317871
607.167343139648 545.340152740479 399.390151977539 410.743850708008 453.790168762207 556.965648651123 641.684371948242 579.46866607666 602.628849029541 659.005332946777 603.642642974854 628.663238525391 574.04780960083 624.939342498779 706.501815795898 582.723566055298 403.423385620117 463.356056213379 358.048858642578 492.120170593262 540.234668731689 582.199520111084 628.971298217773 679.085838317871 639.984474182129 499.603313446045 457.214508056641 401.662460327148 559.341238021851 432.621391296387 287.860595703125 514.301048278809 487.977996826172 640.147598266602 537.867548942566 627.783294677734 714.150787353516 770.596588134766 771.838531494141 603.06063079834 588.013244628906 495.959655761719 665.520973205566 535.546977996826 526.923923492432 616.627886772156 607.886891365051 596.729736328125 687.488761901855 557.989559173584
584.137535095215 517.305026054382 494.820854187012 561.556270599365 535.454815149307 478.025924682617 607.796371459961 661.300674438477 694.430252075195 691.691825866699 630.760547637939 540.431623458862 576.727546691895 649.672794342041 757.16667175293 634.701351165771 368.199600219727 499.840309143066 394.90754699707 358.916656494141 486.520454406738 606.162658691406 547.773745983839 591.358625411987 575.274163246155 514.16845703125 395.522308349609 484.888053894043 540.736181020737 511.961420059204 627.733955383301 568.659282684326 484.125991821289 463.952293395996 595.233409881592 567.365077972412 671.711624145508 599.694049835205 584.584850311279 529.337913513184 534.352478027344 419.149795532227 624.594741821289 668.985290527344 569.796264648438 577.843000411987 480.210021972656 601.406936407089 601.06254863739 467.736846923828
573.782497406006 445.309722900391 593.681159973145 472.116054534912 528.601135253906 670.367416381836 717.435119628906 615.731910705566 697.076095581055 566.027171373367 530.998563766479 574.802214384079 558.498134613037 582.387531757355 654.795780181885 694.126074492931 699.647541046143 668.986411571503 646.646453857422 448.644439697266 435.1904296875 504.503555297852 624.830677986145 605.451655387878 618.67174911499 525.112857818604 511.340621948242 411.418853759766 492.069610595703 608.61156463623 543.119995117188 459.842056274414 575.081775665283 628.75244140625 606.841011047363 599.26065826416 425.896293640137 604.505916595459 498.664329528809 599.347633361816 464.228446960449 650.655288696289 604.866989135742 698.805267333984 705.357192993164 633.733085632324 626.71692276001 685.062393188477 631.902193069458 464.747482299805
447.351997375488 438.25862121582 599.058975219727 595.001052856445 596.016677856445 577.111934661865 678.515991210938 653.291557312012 642.036643981934 548.470969200134 490.002914428711 610.72301864624 583.848898887634 576.364096641541 606.321590423584 729.335830688477 630.401027679443 679.241020202637 741.120624542236 478.194198608398 455.827667236328 468.687103271484 776.5744972229 717.609375 680.351343154907 530.600059509277 473.624519348145 488.521614074707 637.694313049316 585.784193873405 513.217445373535 520.831001281738 578.487295150757 575.38812828064 516.15712928772 447.685340881348 541.47912979126 569.932109832764 554.08251953125 582.302198410034 481.189552307129 631.066215515137 698.598083496094 568.806567192078 742.799301147461 618.861640930176 621.125270843506 670.01114654541 785.194946289062 548.27082824707
421.543128967285 495.115413665771 452.226020812988 523.406980514526 373.823364257812 468.015975952148 420.60905456543 711.862060546875 515.467147827148 497.842597961426 528.12281036377 682.407424926758 586.815353393555 662.233352661133 598.801455497742 528.416976928711 417.039672851562 611.041791915894 663.62201499939 641.094173431396 585.555500984192 576.024772644043 595.418312072754 638.695957183838 644.337261199951 779.137580871582 783.943061828613 633.074468612671 613.134037017822 514.174243927002 566.021094560623 628.94694519043 505.53812789917 482.155921936035 431.143760681152 417.409652709961 352.564529418945 554.936912059784 565.869060516357 492.501976013184 649.394577026367 594.507172584534 565.937617778778 508.553825378418 477.401329040527 611.923519134521 530.042327880859 735.039894104004 547.184818267822 670.626914978027
433.345741271973 456.808624267578 437.016304016113 586.021381378174 562.41333770752 367.585266113281 320.95751953125 569.548755645752 609.300559997559 583.859508514404 695.119621276855 665.018135070801 726.668365478516 552.114368438721 528.296390533447 651.109176635742 604.669622421265 583.289674758911 516.622226238251 578.431327819824 599.648666381836 601.843488693237 375.451797485352 544.557270050049 509.783016204834 532.737693786621 697.447933197021 677.130479574203 590.758486747742 591.358396530151 683.488739013672 577.141874313354 632.32901763916 436.493637084961 549.22191286087 503.20919418335 536.383766174316 513.210796356201 617.400608062744 712.16527557373 589.168209552765 618.718662261963 586.200607299805 428.785446166992 424.380065917969 430.260192871094 524.775215148926 529.725860595703 611.994546890259 683.006172180176
334.358047485352 420.754653930664 394.703750610352 479.455856323242 407.527130126953 381.909103393555 347.218246459961 434.30876159668 532.958317279816 731.844451904297 604.427299499512 563.629344940186 566.165657043457 489.67529296875 550.298655509949 566.189208030701 512.841567993164 565.948756217957 659.835132479668 744.631187438965 649.361694335938 655.59619140625 603.631067276001 588.83189022541 583.233497619629 584.331005096436 630.121013641357 637.349069058895 680.566741943359 675.021980285645 519.713226318359 547.40703868866 635.768707275391 576.278099536896 470.846130371094 455.719581604004 491.35285949707 622.883819580078 581.572052001953 649.86296081543 603.028348922729 650.284324645996 446.15446472168 366.111251831055 445.207138061523 585.406567573547 514.932182312012 633.500549316406 544.45565032959 667.954582214355
606.22611618042 439.799964904785 364.726196289062 551.405248641968 486.079208374023 400.403121948242 355.391616821289 377.326126098633 487.086372375488 578.287788391113 688.333938598633 539.74501991272 660.555404663086 600.100179672241 641.129707336426 592.828174591064 630.785354614258 604.693803787231 663.426612854004 626.264263153076 689.951019287109 642.51432800293 601.662580490112 524.330337524414 710.892417907715 675.180957794189 655.194663047791 721.806159973145 659.550395965576 619.495994567871 606.37610244751 458.254325866699 660.710472106934 605.716781616211 470.909881591797 462.786056518555 493.335689544678 753.551666259766 566.56803894043 578.983507633209 641.355888366699 462.592376708984 539.366733551025 479.750679016113 567.51781463623 625.945427894592 534.997093200684 502.798664093018 673.215393066406 558.741428375244
604.194816589355 485.270790100098 473.36060333252 563.924673080444 645.097457885742 568.796919345856 511.051517486572 411.745193481445 599.869251251221 476.114204406738 631.233085632324 425.059448242188 503.0075340271 493.818031311035 495.943000793457 588.38826751709 655.267875671387 644.15340423584 514.389770507812 590.464022636414 472.013824462891 410.768295288086 439.129241943359 527.056365966797 756.382583618164 801.67919921875 803.727649688721 818.633056640625 691.257297515869 539.167015075684 564.321515083313 558.456517875195 706.298950195312 542.844121932983 505.069633483887 527.30721282959 625.917297363281 540.887466430664 677.748710632324 554.824367523193 571.101140499115 602.055028915405 527.951393127441 515.849891662598 578.752368927002 637.144493103027 462.531028747559 474.26734161377 640.679374694824 467.565155029297
639.770210266113 576.977119445801 458.805397033691 702.66943359375 771.194610595703 636.029602050781 517.175842285156 694.133262634277 519.027736663818 525.155364990234 579.917268753052 442.975776672363 512.917507171631 466.667739868164 580.263968467712 559.622602462769 629.93030166626 727.82551574707 631.686611175537 533.945980072021 590.299208849669 510.983367919922 541.772772789001 651.669445037842 567.581321716309 751.045379638672 890.715980529785 824.716949462891 621.039449691772 627.191648483276 647.458988189697 517.830978393555 403.888671875 582.165334701538 562.049137115479 574.420205116272 655.323112487793 567.050220489502 533.770797729492 574.00325012207 371.807357788086 675.618667602539 665.394920349121 589.284923553467 545.574249267578 556.568008422852 595.208148956299 682.915988922119 741.646369934082 712.760772705078
525.279596328735 385.951400756836 470.180068969727 582.4993724823 777.331527709961 774.915985107422 690.77904510498 554.451496124268 703.21858215332 639.727195739746 651.681015014648 493.278747558594 408.800506591797 468.666145324707 622.296966552734 617.383220672607 579.206332206726 587.370565414429 647.415740966797 468.953079223633 455.127197265625 525.600860595703 627.035076141357 637.726001739502 682.558151245117 701.41015625 711.284957885742 846.292671203613 762.71443939209 758.546966552734 629.943183898926 557.332916259766 505.833824157715 526.845523834229 550.541187286377 602.90806388855 470.82884979248 495.176612854004 393.012084960938 626.230255126953 545.113136291504 579.671241760254 520.594814300537 353.573303222656 361.749572753906 427.558944702148 523.890884399414 635.001800537109 665.446395874023 612.710443019867
516.035556793213 626.928537368774 744.019836425781 591.912364006042 656.556625366211 644.767059326172 666.393882751465 613.831020355225 661.433166503906 689.130661010742 637.422416687012 525.909240722656 441.644760131836 613.208620071411 547.169994354248 613.602184295654 765.465942382812 619.859951019287 682.208770751953 601.751458644867 556.697975158691 559.347309112549 571.863297462463 575.581692457199 652.346450805664 621.973735809326 657.315305709839 852.7138671875 772.617584228516 848.074600219727 758.798980712891 629.5883436203 710.186153411865 652.161824703217 845.648231506348 725.506675720215 473.96842956543 440.26676940918 446.500228881836 651.560806274414 583.283634185791 636.091840744019 482.197616577148 479.392272949219 531.469604492188 672.39323425293 581.698030471802 684.944602966309 631.910596847534 698.741302490234
655.858055114746 708.679351806641 735.351715087891 663.362495422363 666.826309204102 574.931946754456 682.004913330078 537.567770957947 602.334815979004 686.937164306641 560.797045707703 649.680305480957 543.661701202393 501.944953918457 614.95817565918 553.705260276794 632.028076171875 606.35803604126 591.792167663574 656.233005523682 779.609313964844 574.363683700562 503.244148254395 421.955917358398 708.735740661621 622.788385391235 761.645835876465 550.886516571045 669.446133613586 718.177055358887 807.580902099609 615.960451126099 632.873119354248 644.210931777954 594.414115905762 737.845718383789 712.540199279785 436.852005004883 484.769287109375 656.379627227783 574.121307373047 477.517272949219 307.632171630859 394.773529052734 458.754440307617 696.847526550293 651.014802932739 632.77276802063 580.977640628815 678.295379638672
468.710975646973 636.533271789551 649.652400970459 591.583183288574 511.894729614258 356.914398193359 568.832706451416 585.44501209259 600.963441848755 738.383193969727 740.002822875977 737.547698974609 551.487649917603 690.625762939453 578.462627410889 665.321868896484 696.92497253418 635.904006958008 653.412628173828 657.983589172363 617.180847167969 471.027572631836 451.876449584961 365.078033447266 609.693866729736 672.169891357422 760.843475341797 537.93115234375 477.58814239502 632.13908290863 655.487368583679 570.331764221191 676.306602478027 646.534175872803 658.562886238098 683.724506378174 752.850372314453 662.843189239502 510.427612304688 665.33091545105 616.535194396973 667.32141494751 437.311264038086 491.935791015625 664.605521202087 661.133727073669 670.576122283936 595.463663101196 661.88805770874 623.423278808594
514.576370239258 545.223685264587 562.573225021362 406.090911865234 449.245590209961 447.549751281738 452.425064086914 588.083765506744 573.750814437866 540.009411811829 570.984331130981 518.602848052979 541.759170532227 666.479263305664 615.412963867188 635.056114196777 659.112045288086 656.827682495117 743.699783325195 588.93145942688 551.940313339233 566.004833221436 536.954162597656 545.577911376953 547.765068054199 616.758322715759 567.003887176514 593.771262422204 466.088363647461 456.390182495117 524.901123046875 680.209373474121 596.336048126221 582.828979492188 615.562355518341 630.239387512207 750.343154907227 686.323600769043 772.136856079102 605.206211090088 526.934196472168 586.819664001465 663.582666397095 853.314540863037 843.565002441406 697.175422668457 706.570198059082 568.421577453613 582.074058532715 650.845032215118
545.357323646545 508.996089935303 389.515716552734 407.881118774414 427.265983581543 382.110305786133 591.79141998291 538.279280900955 514.626510620117 507.818305969238 440.390556335449 577.69558429718 632.433097839355 616.092472076416 658.931114196777 619.93229675293 545.309729099274 561.441928863525 596.954093933105 552.789287567139 586.921710968018 449.074737548828 503.698394775391 517.70711517334 578.343942642212 734.041854858398 689.427738189697 602.520703315735 670.013048171997 484.759010314941 486.523345947266 548.578750610352 606.512409210205 657.639106750488 546.108688354492 680.860118865967 656.339179992676 611.548891067505 519.111518859863 639.751018047333 602.049701690674 650.407574653625 681.141326904297 876.800643920898 792.115629196167 825.472900390625 584.19624710083 610.215921401978 664.281385421753 708.689350128174
528.258509635925 513.547365188599 466.227722167969 493.18335723877 450.440612792969 586.447322845459 647.031425476074 727.252563476562 442.493606567383 470.232780456543 451.266670227051 554.98148727417 685.227737426758 643.686950683594 644.431968688965 596.541362762451 533.445432662964 552.11211681366 602.205635070801 508.970031738281 707.384582519531 565.194564819336 558.591753005981 562.117650985718 681.353858947754 731.494529724121 604.28111076355 649.669784545898 692.958717346191 544.096942901611 599.213258743286 606.056499481201 600.354551792145 535.410949707031 737.235885620117 605.122936248779 718.084564208984 636.434404373169 549.461318969727 639.665813446045 654.980960845947 766.695953369141 814.969985961914 709.086631774902 602.521771192551 680.900840759277 758.319290161133 768.522659301758 730.404457092285 552.603416442871
453.043296813965 543.558343887329 525.99630355835 491.908309936523 469.541152954102 654.25789642334 550.847091674805 533.264236450195 539.830039978027 411.502059936523 493.571815490723 599.203407287598 697.408935546875 784.084701538086 627.199131011963 556.365060806274 546.49291229248 555.160106420517 661.088508605957 679.743911743164 654.443756103516 641.988996505737 765.914413452148 609.842578887939 576.007333278656 662.463081359863 693.698745727539 631.255145072937 521.378742218018 598.408020496368 566.649102210999 407.468856811523 530.421211242676 560.668281555176 556.761348724365 687.762237548828 556.913967132568 521.541557312012 559.361053466797 616.748579978943 620.959180831909 698.854587554932 719.463851928711 548.178970336914 641.919065654278 527.306022644043 678.384166717529 703.955207824707 669.527389526367 872.989395141602
554.173327445984 655.389717102051 701.56428527832 519.120306015015 413.468032836914 425.430877685547 586.544933319092 544.699546575546 405.570236206055 555.505964279175 596.871597290039 680.970321655273 689.509262084961 569.189742565155 467.85375213623 475.875885009766 634.862403869629 582.407737731934 688.680244445801 643.404884338379 663.503753662109 616.508041381836 757.237045288086 617.882431030273 569.146288394928 484.403480529785 471.119926452637 525.193256378174 612.289771080017 575.915255308151 486.034469604492 483.53084564209 548.789646148682 646.045066833496 639.463665008545 642.447654724121 609.95884180069 567.817935943604 608.669800758362 507.194244384766 408.244583129883 456.894287109375 639.567483901978 693.219833374023 647.199679374695 541.259788513184 647.773301124573 545.994445800781 668.374137878418 719.523731231689
