simdem/realisation92.asc
NCOLS 350 
NROWS 171 
XLLCORNER 152620 
YLLCORNER 418050 
CELLSIZE 100 
NODATA_value -9999 
[rows 44 to 65 of 171, columns 100 to 149 of 350]
488.627082824707 278.423538208008 475.747062683105 516.607597351074 547.401069641113 392.68106842041 434.319499969482 436.251650929451 619.183517456055 513.999046325684 424.614023923874 299.544075012207 467.460826873779 372.112373352051 473.639656066895 652.252914428711 439.662643432617 454.715709686279 540.992332458496 495.219463348389 418.878993988037 530.775047302246 484.459249734879 485.894729137421 439.993244171143 463.101976394653 354.656448364258 482.567916870117 499.499218940735 507.878860473633 574.624000549316 462.432807922363 432.086334228516 363.879592895508 349.980758666992 440.792457580566 532.005420684814 529.366943359375 477.240020751953 357.30810546875 372.748725891113 407.662536621094 307.790893554688 466.461170196533 652.194076538086 475.056848526001 606.332069396973 615.284973144531 507.194739341736 583.14351272583
410.076993942261 417.981620788574 498.755033493042 516.64900970459 505.575824737549 674.822357177734 491.991674423218 335.3271484375 414.830236434937 677.042266845703 430.053806304932 455.134443283081 484.202618598938 433.505504608154 428.088300704956 425.508937835693 527.348922729492 432.722705841064 516.331104278564 419.892627716064 456.417223095894 469.623703956604 548.275119781494 565.934463500977 532.153999328613 439.14041519165 498.656208992004 488.05249786377 518.330945968628 524.349719047546 582.343852996826 440.335124969482 368.785598754883 515.149110794067 546.114669799805 460.485088348389 534.833076477051 318.696655273438 419.098007202148 377.715812683105 374.796951293945 347.031341552734 388.368316650391 342.745483398438 487.012836456299 439.565719604492 404.317016601562 523.858419418335 609.592864990234 694.437850952148
336.125328063965 542.642097473145 557.55192565918 390.113910675049 471.519716262817 332.66138458252 359.648735046387 502.308162689209 397.892463684082 391.95890045166 354.854484558105 469.957630157471 597.15340423584 377.930213928223 459.5618724823 396.019824981689 417.957015991211 310.19319152832 214.193054199219 301.217437744141 327.104934692383 425.197315216064 462.790224075317 514.110958099365 504.687269210815 544.224380493164 439.312007904053 447.49863243103 442.983840942383 531.943061828613 530.387350082397 429.919868469238 427.720291137695 608.298492431641 449.967767715454 426.398349761963 433.88338470459 477.10879445076 427.618034362793 381.874923706055 430.368431091309 430.697982788086 341.609527587891 487.589866638184 319.608840942383 412.065017700195 473.343864440918 598.948204040527 669.000915527344 646.632781982422
476.224025726318 511.037544250488 569.199157714844 393.613670349121 543.087539672852 509.317886352539 432.301236152649 569.045188903809 346.658111572266 305.482009887695 445.234347343445 539.214736938477 506.839431762695 503.952869415283 489.724710464478 478.18807220459 453.772624969482 362.467231750488 219.301971435547 397.869285583496 473.193521022797 461.396717071533 499.456205368042 528.34440612793 549.846725463867 510.153713226318 481.320955276489 572.955635070801 563.139377593994 557.460460662842 560.563007354736 473.978050231934 474.333683013916 538.127819061279 398.640060424805 533.822525024414 471.588847637177 381.058715820312 420.495025634766 431.145698547363 366.372512817383 434.475227355957 393.860252380371 413.033615112305 515.829511642456 375.651084899902 516.377956390381 507.240133285522 660.583099365234 601.186599731445
391.700122833252 561.978981018066 444.293069839478 517.764259338379 495.123847961426 454.256200790405 588.794036865234 486.751957416534 480.703643798828 485.488109588623 604.600463867188 619.230529785156 583.698356628418 509.504615783691 309.979782104492 512.259117126465 499.476650238037 360.637519836426 282.524124145508 334.343902587891 544.053092956543 459.236839294434 569.068351745605 606.612213134766 462.696178436279 433.043449401855 349.769195556641 551.787609100342 564.131191253662 539.977931022644 563.520580291748 582.160224914551 637.826934814453 477.350769042969 495.319083213806 468.321733474731 346.669136047363 376.875541687012 428.289016723633 295.112640380859 393.723686218262 441.590229034424 463.07780456543 601.636756896973 639.564208984375 650.016647338867 603.182167053223 553.328605651855 413.887031555176 422.262435913086
451.566094011068 402.028591156006 448.351966977119 571.798461914062 443.246891498566 606.934356689453 643.109802246094 475.675168037415 472.811931610107 471.502393722534 439.309470176697 604.957542419434 713.086013793945 586.205413818359 392.470924377441 484.88005065918 421.872188568115 438.889225006104 330.007568359375 411.170791625977 464.688245773315 617.685272216797 409.987606048584 528.031663894653 354.954498291016 477.594509124756 629.402870178223 523.620399594307 540.291847229004 580.713649749756 606.5068359375 458.796688079834 533.614553451538 544.51583480835 473.625316619873 394.859176635742 448.189598083496 479.040358543396 515.381938934326 413.041473388672 476.849871635437 515.084069728851 539.990655899048 543.859622955322 722.803771972656 617.985649108887 551.942684173584 503.984625696205 448.090522766113 498.57506942749
311.803741455078 408.194501876831 527.512306213379 533.07315826416 578.259338378906 627.001693725586 633.682998657227 488.640125274658 603.561050415039 522.817531585693 411.658325195312 426.645830154419 521.408042907715 452.588317871094 465.724606275558 501.171577453613 474.774451255798 492.567395210266 387.263618469238 353.105545043945 492.566637039185 438.63924407959 402.725471496582 447.425344347954 457.197608947754 523.769276618958 656.268646240234 608.52416229248 661.444122314453 563.305904388428 518.297868728638 558.59260559082 556.163368225098 378.63166809082 417.913581848145 393.509887695312 430.889122009277 490.033244609833 434.697006225586 555.088264465332 552.58487701416 468.935466766357 592.304862976074 651.055206298828 742.960891723633 581.152801513672 477.141902923584 559.292060852051 551.215869903564 555.900691986084
506.142997741699 427.560765266418 547.286933898926 489.17261505127 505.9912109375 418.719242095947 505.422332763672 416.921192169189 435.408519744873 535.645088195801 454.063650131226 519.155040740967 481.643794059753 543.782794952393 524.532707214355 467.628009796143 445.291564941406 341.727951049805 421.271614074707 486.078504562378 522.497968673706 405.786743164062 521.083265304565 335.75178527832 448.663879394531 470.281791687012 374.06388092041 597.139541625977 543.650367736816 512.308217048645 541.063594818115 399.885330200195 365.953536987305 365.379470825195 290.811019897461 435.386306762695 460.000099182129 434.300674438477 470.067630767822 566.16833114624 615.079895019531 578.614372253418 594.406753540039 528.483288288116 477.133445739746 584.860618591309 612.594444274902 718.753677368164 537.437610626221 508.430573940277
340.968811035156 261.38232421875 355.171054840088 408.915609359741 499.185020446777 523.789619445801 399.534633636475 433.753322601318 569.602615356445 448.179817199707 440.205335617065 513.845409393311 449.468053340912 401.506187438965 372.704177856445 378.678718566895 434.662063598633 396.440414428711 488.158500671387 504.099515914917 542.166805267334 550.567070007324 641.480438232422 595.976737976074 583.955585479736 469.267168045044 433.428623199463 286.166687011719 292.91374206543 428.905906677246 620.055274963379 560.643432617188 383.562942504883 423.092475891113 458.470359802246 438.522872924805 441.293525695801 574.425666809082 555.322479248047 632.911079406738 530.715814590454 580.469951629639 518.955360174179 536.637342453003 531.109099388123 497.314300537109 470.952430725098 574.845485687256 596.306091308594 459.340641021729
377.426540374756 430.220036625862 398.214527130127 393.793403625488 451.397087097168 388.330657958984 356.090667724609 398.743679046631 451.338249206543 469.126564025879 315.442764282227 438.417984008789 540.185741424561 523.001079559326 403.74210357666 447.469896316528 370.902374267578 487.768055438995 484.728717803955 552.907867431641 564.280143737793 587.707481384277 617.199989318848 786.828094482422 635.383850097656 534.868221282959 342.892776489258 254.26350402832 422.957572937012 466.676773071289 381.785079956055 454.139404296875 446.383583068848 388.142578125 230.380523681641 348.124374389648 477.406421661377 526.343492507935 468.268119812012 645.458717346191 653.544082641602 681.622940063477 600.060752868652 619.144233703613 467.416233062744 572.011936187744 585.83532333374 571.58948135376 562.001699447632 655.177299499512
368.284332275391 402.812816619873 334.099609375 452.691486358643 580.344039916992 449.837713241577 430.752117156982 357.200416564941 580.179794311523 412.570274353027 413.503379821777 486.66385269165 468.200249671936 568.287467956543 460.071947097778 467.698167800903 420.521469116211 540.972549438477 635.501113891602 404.761779785156 469.866928100586 597.659858703613 547.939407348633 583.197326660156 660.758911132812 538.453788757324 559.347549438477 482.07759475708 469.73779296875 627.914505004883 362.755325317383 502.508110046387 469.296524047852 460.293739318848 442.84033203125 552.267860412598 419.009620666504 574.900211334229 479.255100250244 630.182388305664 540.983600616455 475.524467468262 623.490905761719 581.077980041504 373.13005065918 547.861902236938 542.846878051758 579.470932006836 635.732688903809 567.998449325562
354.908027648926 415.982136726379 416.28929901123 541.668151855469 608.329063415527 551.330200195312 602.626968383789 468.099836468697 437.124332427979 506.697319030762 450.062515258789 521.594245910645 528.8190574646 555.379768371582 472.079401016235 540.312848091125 478.702255249023 537.165336608887 521.833999633789 315.152679443359 517.019306182861 529.590156555176 476.192352294922 459.753799438477 586.871276855469 574.378042221069 482.117189407349 459.341236114502 487.553184509277 487.015190124512 388.576873779297 355.276611328125 401.899398803711 413.756805419922 616.69702911377 688.532516479492 467.752311706543 522.868822097778 475.276954650879 436.27180480957 445.845886230469 455.866683959961 361.365127563477 561.825956344604 654.33805847168 667.263671875 664.13948059082 664.940773010254 471.904151916504 523.714279174805
455.761051177979 497.349925994873 562.963645935059 427.653329849243 362.32649230957 450.053604125977 475.806140899658 421.565986633301 626.568664550781 529.881629943848 431.579761505127 431.030345916748 510.835304260254 527.748020172119 452.353178024292 514.675132751465 533.965915679932 343.021697998047 461.231441497803 448.390151977539 418.109619140625 454.279510498047 477.80076789856 561.860340118408 520.403457641602 446.330986022949 527.373876571655 480.134197235107 598.496513366699 659.524406433105 397.387817382812 587.904552459717 390.5986328125 518.038807868958 604.838859558105 546.406860351562 716.815216064453 597.251976013184 601.795547485352 536.065216124058 497.711791992188 649.955009460449 412.877639770508 437.612251281738 505.850074768066 491.526828765869 512.979099273682 527.10499382019 485.635124206543 587.142688751221
435.184895515442 412.522708892822 477.4833984375 464.541213989258 394.378536224365 403.822917938232 486.53705406189 522.210510253906 559.69261932373 471.242719650269 536.280303955078 605.802871704102 606.96923828125 458.383692741394 418.443363189697 515.869293212891 461.088665008545 482.161503791809 420.846519470215 424.721138000488 381.589279174805 428.495590209961 591.272476196289 573.507919311523 538.751350402832 486.171151638031 651.127517700195 565.392425537109 540.166072845459 527.799892425537 474.961730957031 688.047130584717 457.542846679688 576.571964263916 590.097610473633 586.453125 647.768501281738 650.739036560059 669.65690612793 564.656429290771 608.29084777832 557.582092285156 571.033123016357 492.701900482178 614.097068786621 501.841522216797 599.46932220459 551.355082511902 532.927612304688 530.404415130615
400.972211837769 337.16325378418 175.599243164062 302.38899230957 365.769012451172 486.880723953247 501.593963623047 437.943099975586 679.25764465332 550.830360412598 582.67162322998 546.579689025879 433.05415725708 360.488159179688 589.959991455078 512.48974609375 463.224273681641 490.395215988159 464.534265518188 470.352607727051 438.153057098389 551.413192749023 599.985626220703 697.059906005859 628.463302612305 480.513851165771 546.604862213135 445.966686248779 359.765258789062 373.287048339844 468.677749633789 597.42008972168 698.840476989746 565.599653244019 621.230182647705 570.892082214355 607.595932006836 707.695953369141 725.576919555664 774.984252929688 692.709823608398 596.451030731201 569.834548950195 494.061176300049 488.529621124268 459.412666320801 616.484973788261 457.582550048828 581.752063751221 600.472221374512
368.979179382324 456.377424240112 331.055999755859 276.953765869141 385.920219421387 567.408622741699 499.122325897217 435.836036682129 342.812057495117 448.76774597168 557.765296936035 481.908550262451 342.004974365234 441.38475227356 478.53636932373 438.542058944702 434.137920379639 502.423095703125 411.84748840332 505.919076919556 523.233104705811 445.563826322556 737.36181640625 558.518264770508 400.220458984375 453.852739334106 421.152214050293 509.020139336586 320.108795166016 364.073669433594 390.426170349121 418.365928649902 569.535945057869 592.141569137573 720.407943725586 707.027755737305 634.620903015137 557.916446685791 585.74591255188 524.875419616699 658.06925201416 621.978218078613 605.616577148438 419.609115600586 520.299041748047 590.591861724854 586.85466003418 504.648101806641 457.000106811523 446.623161315918
533.922073364258 586.812103271484 410.998268127441 374.865135192871 472.278837203979 562.950759887695 478.17798614502 446.473777294159 331.070999145508 406.544750213623 507.875652313232 538.933700561523 467.970631122589 479.762652873993 457.935010910034 421.919036865234 396.684631347656 414.776985168457 415.334091186523 409.517837524414 452.468341827393 549.788028717041 769.460540771484 694.228424072266 565.623229980469 463.999950408936 374.15209197998 365.9384765625 425.502326965332 505.706566810608 441.0595703125 624.172294616699 503.245098114014 474.041885375977 561.032115936279 438.456642150879 625.24666595459 500.746444702148 487.394588470459 583.300338745117 635.136276245117 488.391784667969 587.809745788574 565.83247756958 473.258651733398 691.832801818848 440.810394287109 425.245544433594 592.617632865906 527.059803009033
481.160041809082 518.415878295898 496.381843566895 551.645225524902 560.893112182617 423.698947906494 446.038009643555 420.908950805664 395.795372009277 421.120941162109 492.85852432251 468.849073290825 589.334045410156 367.020874023438 433.27025604248 484.563291549683 379.278800964355 535.615613937378 358.925193786621 533.516063690186 429.382907867432 407.070930480957 516.86177444458 543.815444946289 420.492477416992 564.000968933105 397.131317138672 540.51989364624 414.614761352539 485.293521881104 494.529937744141 489.00345993042 561.912147521973 392.983322143555 354.855239868164 424.630531311035 480.983547210693 566.441066026688 613.720085144043 458.912933349609 552.485513687134 546.171524047852 515.118476867676 583.213706970215 519.500778198242 580.501394271851 756.487113952637 643.071979522705 565.319997787476 537.149549484253
528.031669616699 514.966102600098 357.502105712891 498.47607421875 452.845194578171 451.776315689087 399.811325073242 329.636795043945 334.637512207031 386.45726776123 460.575934410095 343.365493774414 499.564357757568 630.187843322754 418.15446472168 431.363536834717 422.852027893066 405.6667137146 388.584167480469 444.715221405029 422.130210876465 322.754058837891 444.954864501953 554.445053100586 365.35481262207 519.012921333313 432.580154418945 500.881752967834 556.150054931641 663.507751464844 579.112712860107 552.262954711914 566.881774902344 429.898811340332 445.888359069824 522.101078152657 602.314956665039 664.201637268066 592.080310821533 607.612930297852 422.241874694824 608.231498718262 566.318892478943 557.139613628387 571.307697296143 386.800994873047 613.57470703125 514.358508110046 627.177520751953 419.047241210938
459.214266300201 586.560806274414 588.880668640137 496.125473022461 597.312316894531 473.613107919693 346.909507751465 345.95881652832 362.325538635254 315.361633300781 396.601547241211 417.214382171631 223.659194946289 383.607307434082 483.349330097437 522.261234283447 513.26197052002 559.929786682129 674.066207885742 506.42578125 541.186630249023 491.118516385555 466.578896045685 542.385406494141 374.06591796875 396.98991394043 572.225589752197 493.642826318741 483.840049743652 492.387590408325 533.026973724365 571.860382080078 548.456733703613 531.122946739197 506.953104019165 534.77602481842 623.308036804199 710.803344726562 632.497459411621 520.453483581543 618.381782531738 662.681991577148 502.214017152786 641.56428527832 609.477630615234 455.866226196289 476.240219116211 486.124683380127 457.138938903809 501.895343780518
371.894401550293 499.746978759766 553.097434997559 490.389408111572 489.871879577637 531.634231567383 435.950155258179 544.351631164551 460.019220352173 459.468074798584 468.438923835754 413.994842529297 243.121307373047 302.199905395508 541.534019470215 492.140640258789 493.424026489258 604.00422668457 423.850452423096 419.883224487305 554.952125549316 558.019920349121 544.455493927002 462.794532775879 560.262390136719 468.576866149902 651.587326049805 500.358655929565 544.1686668396 481.582273483276 603.178009033203 502.489089012146 590.622680664062 495.460777282715 490.135498046875 647.754486083984 582.321990966797 667.061981201172 523.89187335968 532.393081665039 479.333915710449 384.064582824707 629.647041320801 565.747417449951 546.051403999329 363.687728881836 428.968200683594 403.331207275391 594.576332092285 520.459953308105
339.502632141113 428.543350219727 434.557842254639 295.587600708008 379.385673522949 381.837089538574 380.789192199707 441.787528991699 498.829975128174 596.569297790527 511.631093978882 513.954536437988 439.383113861084 461.037625312805 586.868186950684 447.69483757019 474.869019031525 428.49435043335 388.931991577148 392.570907592773 466.96767616272 472.938652038574 565.333602905273 558.510406494141 536.65998840332 623.972801208496 632.002700805664 563.277305603027 610.171455383301 442.645767211914 497.583562850952 565.386325836182 579.154109954834 567.805156707764 611.849334716797 507.766681671143 552.437356948853 564.944303512573 439.622001647949 459.902130126953 487.227363586426 579.624908447266 535.584907531738 433.120788574219 470.25463104248 528.159952163696 452.134971618652 527.037977218628 474.858619689941 380.379058837891
