simdem/realisation43.asc
NCOLS 350 
NROWS 171 
XLLCORNER 152620 
YLLCORNER 418050 
CELLSIZE 100 
NODATA_value -9999 
[rows 132 to 153 of 171, columns 300 to 349 of 350]
942.949594497681 1005.32901763916 1676.22115325928 1281.58332061768 974.654205322266 1177.02861022949 1757.86883544922 1630.19268798828 1339.2663269043 1347.91298675537 1211.19019126892 1224.69997406006 1090.95505046844 1321.07004547119 1259.9768447876 983.700322151184 1124.65214538574 1079.36166381836 1042.74346923828 997.299514770508 859.275304794312 768.449737548828 821.621814727783 880.087924957275 781.455242156982 985.037963867188 819.287717819214 852.709897994995 895.332172393799 953.958255767822 760.867942810059 838.515403747559 840.427310943604 847.250686645508 -9999 -9999 -9999 -9999 -9999 -9999 -9999 -9999 -9999 -9999 -9999 -9999 -9999 -9999 -9999 -9999
913.439163208008 1025.60844421387 925.037574768066 1289.83638191223 1151.56135559082 1104.62423706055 1647.55667114258 2001.95428466797 1434.00997924805 1305.7046661377 1275.65338134766 1341.29663848877 1124.71849441528 1157.05715942383 1349.45422363281 1926.05419921875 1639.71942138672 2392.56854248047 2031.63088989258 1545.99737548828 1694.14959716797 843.119979858398 831.447473526001 873.40733730793 702.492324829102 872.528007507324 810.539488315582 861.851776123047 878.260318756104 953.769437789917 809.331832885742 992.694122314453 864.383531570435 841.21125793457 -9999 -9999 -9999 -9999 -9999 -9999 -9999 -9999 -9999 -9999 -9999 -9999 -9999 -9999 -9999 -9999
961.68342590332 974.12336730957 798.235874176025 1074.37725067139 1227.79870605469 1112.17442321777 1400.77627563477 1537.4739074707 1359.5178527832 1333.76898193359 1358.29461669922 1403.07295227051 1435.8675994873 1203.58985900879 1330.3056640625 1366.49698066711 1240.15984344482 1461.82934570312 1188.03649902344 1174.30766296387 1130.63291168213 1183.07570266724 703.230346679688 692.430160522461 777.333587646484 885.840688705444 824.819160461426 912.785995483398 952.324914932251 860.418769836426 886.487579345703 708.828384399414 714.754287719727 886.096097946167 836.684711456299 -9999 -9999 -9999 -9999 -9999 -9999 -9999 -9999 -9999 -9999 -9999 -9999 -9999 -9999 -9999
844.130222320557 751.833441734314 1004.0443649292 1336.95352172852 1261.82672119141 1131.79649353027 1120.27963256836 1508.66637420654 1652.91931152344 1485.11688232422 1285.12959289551 1402.94301223755 1022.26257705688 906.830505371094 1138.64549255371 1751.716796875 1289.79622745514 1154.26043701172 962.651339530945 972.683055877686 1018.63236999512 1157.17327880859 1134.15055084229 837.531326293945 767.115333557129 750.411430358887 847.118747711182 941.061882019043 900.285739898682 889.702362060547 968.061351776123 823.465221405029 982.870559692383 806.747592449188 904.758708953857 851.633171081543 -9999 -9999 -9999 -9999 -9999 -9999 -9999 -9999 -9999 -9999 -9999 -9999 -9999 -9999
1015.04525756836 954.93042755127 905.200531005859 997.351073265076 970.586723327637 1293.00587463379 1210.13081359863 1092.06159973145 1195.87702941895 1365.76205444336 1159.95430755615 1048.48219680786 1269.92393493652 1525.07036590576 1050.04768371582 1129.82216835022 1025.91862773895 1083.85374450684 993.86163520813 1011.7447052002 968.152351379395 1070.01826477051 941.210269927979 1068.80001831055 956.527355194092 912.010101318359 826.884433746338 849.132944107056 896.238227844238 802.793739318848 769.8193359375 1466.34422683716 813.965919494629 826.667818069458 788.199413299561 858.640625 -9999 -9999 -9999 -9999 -9999 -9999 -9999 -9999 -9999 -9999 -9999 -9999 -9999 -9999
929.545440673828 953.560976028442 901.305285930634 855.70153427124 890.493412017822 1177.39336395264 1228.97264099121 1049.31030273438 1243.38049316406 1280.92497253418 1062.1037902832 906.982086181641 1266.12879562378 1503.32180023193 1369.85043334961 1020.12566375732 1144.9165802002 930.054984927177 897.569366455078 908.84952545166 964.609470367432 973.861457824707 1019.8572845459 1008.73662614822 1179.82061767578 1195.48036193848 1648.83446121216 811.450763702393 833.803274154663 833.702861785889 1223.48844146729 997.052994657308 902.421511650085 915.494983673096 782.926109313965 724.727752685547 829.305450439453 -9999 -9999 -9999 -9999 -9999 -9999 -9999 -9999 -9999 -9999 -9999 -9999 -9999
892.164814472198 874.506053924561 894.833908081055 748.800857543945 802.884776003659 1124.55940246582 1283.91470336914 1101.11256408691 1359.65911865234 1482.3779296875 1020.11994934082 863.098457336426 861.840362548828 1551.22071456909 1364.61772060394 1240.95778656006 1122.4877243042 952.910568237305 1119.02537536621 1115.49501037598 956.899684906006 1057.7544708252 1059.65594100952 1058.66396331787 974.896715164185 997.129220485687 940.231151580811 894.944831848145 1090.70334243774 1122.24937438965 952.100524902344 951.723371505737 800.915328979492 894.401845276356 801.564949035645 767.622657775879 780.579562664032 -9999 -9999 -9999 -9999 -9999 -9999 -9999 -9999 -9999 -9999 -9999 -9999 -9999
802.022325515747 829.991737365723 985.353523254395 849.029054641724 857.064270019531 1154.57044219971 1108.22010040283 1013.27139854431 1122.26089477539 1111.60919189453 1010.68343877792 926.108772277832 997.362478256226 1057.54325866699 1615.0659198761 1820.55158996582 975.485778808594 1153.83723449707 1302.21429443359 1143.32857513428 984.719215393066 945.029384613037 948.236923217773 824.883224487305 1036.76109313965 1057.51434326172 870.558746337891 949.990002632141 919.085548400879 1042.6957244873 992.348560333252 971.665658950806 989.584325790405 968.316757202148 858.679828643799 838.267738342285 839.689556121826 827.135406494141 -9999 -9999 -9999 -9999 -9999 -9999 -9999 -9999 -9999 -9999 -9999 -9999
817.694108963013 840.927108764648 939.067977905273 850.490364074707 927.901866912842 1002.01065206528 1080.35556030273 963.257654190063 1116.41614151001 992.418941497803 1021.45257377625 935.765235900879 939.024784088135 999.087394714355 1421.33525085449 1776.20184326172 1146.46899414062 1091.01371765137 1105.55123901367 1122.89826965332 1139.80889129639 850.939346313477 948.37172794342 799.21337890625 927.119921684265 950.786046981812 953.093189239502 981.575753569603 885.774654388428 791.476806640625 1286.18333053589 1076.72036457062 938.17261505127 838.824546813965 840.374439239502 902.084991455078 925.103454709053 999.636993408203 -9999 -9999 -9999 -9999 -9999 -9999 -9999 -9999 -9999 -9999 -9999 -9999
903.565414428711 894.344703674316 989.15079498291 820.342388153076 988.296249389648 932.580597877502 1035.40676879883 870.893836975098 1006.52669334412 910.085803985596 960.999332904816 1120.89533615112 1024.19589233398 1034.89881134033 1260.27141189575 1612.26559448242 1158.73609924316 1082.72703170776 1102.45725011826 1089.91376876831 969.145965576172 894.855247497559 926.747009277344 993.207263946533 851.218925476074 984.825466156006 914.082456588745 889.688613891602 811.315567016602 954.721099853516 1239.28761577606 1069.31586837769 932.841453552246 978.400054931641 923.077979564667 864.363468170166 949.126331329346 999.43327331543 746.148170471191 -9999 -9999 -9999 -9999 -9999 -9999 -9999 -9999 -9999 -9999 -9999
798.17432975769 765.077896118164 828.720141410828 856.623132705688 927.925323486328 1036.84162902832 1289.49597167969 1131.91122436523 1110.27085876465 1086.30564880371 978.973213195801 1073.32053375244 1020.54437255859 1105.32088470459 1293.40205764771 1018.26396560669 927.154014587402 1113.79740142822 1014.61122894287 1158.37083816528 1427.19527435303 1004.8639755249 1229.04849243164 1032.28508758545 888.641204833984 945.458961486816 841.36120223999 931.215026855469 691.949615478516 946.018653869629 1194.2646613121 1154.87922859192 986.056868553162 1021.55305242538 1004.66355633736 1040.73968505859 1056.34101104736 1027.26974487305 757.50821685791 -9999 -9999 -9999 -9999 -9999 -9999 -9999 -9999 -9999 -9999 -9999
645.121829986572 787.804821014404 825.162956237793 600.313690185547 755.892913818359 942.775554656982 1079.51159667969 1127.63983154297 925.201148986816 819.812259674072 908.157205581665 861.557998657227 1017.77961730957 1053.28650140762 1023.8132019043 1265.41395568848 1011.36064147949 1110.31518554688 984.349064826965 1282.87640380859 1295.98291015625 1037.68060302734 1198.48542022705 1138.03427886963 955.948379516602 703.677474975586 1024.07362747192 898.62378692627 905.574111938477 942.051651000977 913.29564666748 1090.81357574463 1099.77880859375 802.933792114258 919.361598968506 1117.24806213379 1068.79702758789 1012.61795043945 972.627639770508 -9999 -9999 -9999 -9999 -9999 -9999 -9999 -9999 -9999 -9999 -9999
698.88290977478 756.04411315918 827.12166595459 606.972808837891 728.161729812622 830.796043395996 868.749855041504 683.158634185791 774.306436538696 879.005035400391 773.965729236603 692.129928588867 1007.10577392578 918.061546325684 1032.15016365051 1076.42451858521 1585.61391448975 1209.82844543457 1041.06590080261 1274.34741210938 1043.79856872559 945.583999633789 1049.27504348755 1369.51687431335 1093.9359664917 998.806293487549 1480.73239898682 811.375793457031 987.295440673828 867.2607421875 1035.12907028198 969.619804382324 779.311904907227 801.568885803223 979.540361404419 1041.73123931885 1089.38922119141 1019.78943252563 834.662303924561 1109.02377319336 -9999 -9999 -9999 -9999 -9999 -9999 -9999 -9999 -9999 -9999
626.94393157959 666.000289916992 731.65031337738 759.178750991821 789.878028869629 821.464614868164 828.123279571533 601.622085571289 889.563438415527 832.716035842896 733.488639831543 671.268974304199 758.77018737793 930.241074085236 877.694137573242 1085.18100738525 983.169631958008 1085.76874160767 1705.33893585205 1074.91422271729 976.842338562012 967.055462837219 1115.14473724365 995.322568893433 1537.99254608154 1611.071007967 973.182062149048 1013.09405517578 1056.1883430481 1003.89749526978 1066.0767288208 922.164875030518 747.562164306641 799.605133056641 1008.52799224854 894.077072143555 1052.05145263672 965.572978973389 784.378936767578 1044.1138458252 -9999 -9999 -9999 -9999 -9999 -9999 -9999 -9999 -9999 -9999
724.977794647217 734.570581436157 794.193077087402 775.223316192627 648.342708587646 718.171279907227 841.838001251221 783.390979170799 968.041833400726 934.252143859863 884.750553131104 794.814108848572 733.12520980835 673.540710449219 936.758171081543 1098.82884216309 1132.15173339844 1062.67594909668 1141.63959503174 1021.45785903931 843.326766967773 886.792572021484 1002.60453796387 1035.29297494888 1020.97717809677 1146.5983581543 1125.89718723297 924.490882873535 1016.34024810791 1092.08016204834 992.008148193359 1222.50888061523 789.454544067383 1059.58638000488 900.972808837891 818.661933898926 1006.1224822998 994.787742614746 892.583507537842 916.593410491943 -9999 -9999 -9999 -9999 -9999 -9999 -9999 -9999 -9999 -9999
666.908432006836 719.882713317871 743.570868492126 734.430012226105 703.513061523438 672.684585571289 863.554969787598 726.888404846191 646.432739257812 893.092262268066 854.05997467041 876.60897064209 844.542407989502 740.687942504883 744.434875488281 998.605804443359 1017.08332824707 970.535888671875 1182.44125366211 1077.6468667984 836.915740966797 912.787948608398 1009.29030609131 1100.10312652588 1031.34885025024 969.159244537354 946.146759033203 1098.29292297363 926.242553710938 985.543281555176 1010.32085609436 777.991348266602 942.190265655518 901.239116668701 836.835693359375 898.744541168213 881.844848632812 887.26505279541 775.193450927734 922.338331222534 965.312847137451 -9999 -9999 -9999 -9999 -9999 -9999 -9999 -9999 -9999
785.638257980347 751.500995635986 699.117340087891 745.251720666885 724.598244667053 541.55793762207 720.357574462891 763.721290588379 818.456151157618 718.827590942383 824.550384521484 856.958320617676 956.119837999344 867.118766784668 741.532897949219 712.48112487793 811.563625335693 986.526885986328 950.152675628662 925.570770263672 934.69344329834 962.174095153809 1125.93795967102 1140.82151794434 1032.2169418335 1129.5567855835 1094.60861587524 894.021446228027 945.75427532196 942.063564300537 955.226219177246 828.728317260742 902.597757339478 844.678863525391 827.478897094727 703.566833496094 975.070818424225 974.639486312866 779.027717590332 914.040341377258 891.851055145264 -9999 -9999 -9999 -9999 -9999 -9999 -9999 -9999 -9999
744.670665740967 771.102722167969 713.975090026855 699.424468994141 681.533302307129 692.518424987793 816.585304260254 767.268493652344 875.857131958008 834.824863433838 680.958099365234 855.910079956055 853.883941650391 1068.78145980835 899.991626739502 836.345611572266 879.012329101562 852.041177272797 898.44250869751 833.753122329712 917.723475456238 1014.96272277832 1180.57333374023 1200.09493637085 1004.54928207397 934.09317779541 966.314788818359 783.490249633789 812.295837402344 918.323177814484 834.218086242676 884.476026535034 936.677883148193 874.464834213257 907.629928588867 824.512786865234 842.205215454102 952.766290664673 807.900497436523 717.946853637695 870.847534179688 846.206642150879 -9999 -9999 -9999 -9999 -9999 -9999 -9999 -9999
805.179744720459 797.65193939209 846.428379058838 684.313247680664 688.022323608398 703.190788269043 782.497919082642 941.965461730957 797.002508163452 867.701079845428 794.240676879883 856.259384155273 778.646469116211 733.796997070312 769.557662963867 878.152978897095 918.306541442871 900.681213378906 915.581314086914 999.262756347656 801.707847595215 907.252040863037 874.623321533203 1089.13531494141 1017.76970148087 916.089525222778 1017.84222984314 996.7074893713 892.044593811035 883.667594909668 877.316319227219 907.310963630676 862.222015380859 872.218416213989 947.403487682343 968.838685512543 972.103664509952 968.519683837891 893.802700519562 1005.93999862671 1009.83000183105 938.973472595215 -9999 -9999 -9999 -9999 -9999 -9999 -9999 -9999
749.208560943604 809.951892852783 740.16902923584 646.301261901855 622.543304443359 624.200637817383 720.073429107666 834.369741439819 954.980049133301 831.355871677399 806.907196044922 766.817245483398 611.268432617188 714.947540283203 827.817474365234 754.175140380859 903.687296867371 931.196250915527 873.289764404297 950.155715942383 863.992265701294 843.895460605621 871.309814453125 794.722389221191 842.75935459137 855.464874267578 1017.69303894043 1011.8697052002 905.347587585449 998.655766487122 823.544807434082 750.171188354492 923.828642368317 916.814279556274 1358.95129394531 1060.81613922119 992.365272521973 1026.5485458374 997.612545013428 1106.62592315674 1032.05863952637 1141.94897460938 923.302938461304 -9999 -9999 -9999 -9999 -9999 -9999 -9999
813.499998092651 765.67399597168 817.023408889771 743.88782119751 712.521942138672 776.239423274994 853.26953125 798.860363006592 928.178161621094 715.464202880859 804.034622192383 844.787048339844 799.917877197266 788.157859802246 775.585334777832 780.838958740234 983.916114807129 768.959594726562 988.450487136841 985.169948577881 974.807041168213 811.73187828064 919.088447570801 803.33570098877 856.776266098022 787.908576965332 899.824245452881 800.908878326416 837.492141723633 947.497741699219 862.327674865723 888.093406677246 788.979156494141 938.358459472656 1103.37425231934 751.041137695312 937.642736434937 1010.29822540283 1056.39569854736 859.103317260742 1127.39093780518 1232.91397094727 1151.41313171387 -9999 -9999 -9999 -9999 -9999 -9999 -9999
816.090269625187 800.428684234619 823.456954956055 695.291564941406 706.794166564941 638.637344360352 710.157020568848 680.80158996582 645.530944824219 697.574859619141 849.105399131775 806.183235168457 1068.81591415405 850.992309570312 595.705642700195 665.835403442383 759.585205078125 873.172576904297 913.17818069458 956.487983703613 925.000017166138 959.622619628906 1021.40576934814 792.854629516602 859.449880599976 837.329544067383 878.870641708374 869.250541687012 864.396812200546 812.711017608643 892.419593811035 930.615589141846 944.381790161133 818.056289672852 1059.52795410156 861.838737487793 730.22248840332 948.27368927002 1038.91684341431 1095.54479217529 1076.24214553833 1190.00921630859 1148.94119262695 858.806953430176 -9999 -9999 -9999 -9999 -9999 -9999
