simdem/realisation1.asc
NCOLS 350 
NROWS 171 
XLLCORNER 152620 
YLLCORNER 418050 
CELLSIZE 100 
NODATA_value -9999 
[rows 110 to 131 of 171, columns 250 to 299 of 350]
978.276720046997 626.426643371582 914.68412399292 640.302696228027 1142.39709472656 924.076118469238 758.233596801758 1229.20021057129 844.441970825195 829.015731811523 794.487497329712 1048.52623748779 1213.31237792969 1083.23055839539 1097.73921966553 904.275715827942 1132.78642272949 1208.77819442749 885.690338134766 961.968460083008 784.124755859375 867.200649261475 1080.50613021851 981.105239868164 1094.81161499023 748.665679931641 647.62419128418 807.122447967529 869.694965362549 663.258560180664 808.68151473999 857.101600646973 789.177383422852 743.308792114258 989.210052490234 901.840013504028 942.999424934387 829.781776428223 978.119094848633 827.620576858521 715.63013458252 824.603225708008 819.445068359375 683.819496154785 712.23999786377 777.237693786621 681.464263916016 565.081703186035 736.145545959473 774.06075668335
947.57032585144 716.305707931519 577.55345916748 792.093940734863 797.904788970947 670.605712890625 717.704193115234 1219.97066497803 487.292488098145 713.139005661011 767.80041885376 973.373519897461 1149.58145904541 965.023254394531 912.082388877869 898.107078552246 856.051620483398 983.239555358887 905.903518676758 958.941161155701 1190.36377716064 934.954414367676 1010.31679344177 901.247133255005 935.865570068359 1313.49685668945 829.340896606445 772.111618041992 788.103088378906 555.645050048828 673.16796875 685.629608154297 841.557060241699 740.158958435059 1086.49868774414 1016.52310180664 1185.53959655762 926.968765258789 959.017372131348 895.146631717682 717.416564941406 875.526847839355 993.690231323242 803.189119338989 777.983993530273 716.731637954712 751.388938903809 672.510503768921 844.342830657959 837.18150138855
1098.82376098633 1020.68445587158 938.602485656738 903.439643859863 1300.05293273926 831.543886184692 886.659385681152 861.886299133301 762.119697570801 801.407150268555 712.973345637321 549.365493774414 1034.14496612549 988.739143371582 1255.99236106873 1005.52341461182 664.113555908203 663.648376464844 897.546836853027 978.292686462402 850.57807302475 810.436866760254 1151.85301971436 1072.05488651991 896.292068481445 990.696460723877 968.772491455078 980.754783630371 749.747192382812 918.543852090836 901.360736846924 873.116334915161 905.316740036011 957.575012207031 921.968437194824 1161.56968688965 1103.23573303223 858.678241729736 808.412055969238 754.064060211182 667.818376541138 666.565277338028 840.943313598633 906.327331542969 817.299900054932 773.559284210205 526.813293457031 807.880260467529 735.844007492065 923.219467163086
748.764183044434 895.758065700531 685.66756439209 830.699737548828 1034.78453063965 1281.85353708267 729.202850341797 709.771240234375 808.538654327393 721.178070068359 633.063777923584 552.981231689453 677.579116344452 637.840137481689 966.494842529297 819.748546600342 655.895202636719 734.898422241211 873.672157287598 980.301940917969 880.068027496338 961.761745452881 955.328857421875 821.623691558838 835.256092071533 1159.32164764404 987.763294219971 976.675045967102 1172.69842529297 1272.60815429688 1061.84049987793 928.879566192627 1029.76976013184 932.400405883789 754.933013916016 985.772079467773 1033.82051086426 733.817199707031 642.587076187134 479.221832275391 518.316856384277 356.770812988281 577.133911132812 730.373908996582 797.53104019165 765.524768829346 593.522518157959 842.971229553223 883.597969055176 832.853210449219
955.588195800781 1278.35378074646 1321.54951477051 777.007186889648 653.302421569824 736.409460067749 2074.27933216095 783.748527288437 1315.26007843018 1147.52243804932 630.83642578125 718.187503814697 688.240882873535 619.644798278809 670.655723571777 879.857376098633 760.953590393066 607.321472167969 789.474918365479 728.375427246094 651.793190002441 1168.15423583984 659.162086486816 573.045715332031 734.074737548828 809.407095909119 875.224241256714 1160.44918823242 1297.07077407837 1376.19654083252 972.309413909912 871.767112731934 835.572650909424 861.072174072266 720.407020568848 702.175476074219 722.748519897461 882.313201904297 776.948139190674 667.682081222534 673.05908203125 756.814613342285 673.111251831055 550.709945678711 607.233276367188 840.380004882812 560.271312713623 776.021755218506 704.665664672852 903.89567565918
699.012252807617 939.712249755859 827.473037719727 792.889540672302 798.178085327148 1173.52689361572 760.349458694458 917.998908996582 853.852122306824 912.894585609436 702.63932800293 625.183498382568 803.539916992188 622.086875915527 700.235558986664 725.636875152588 736.63117980957 793.083390235901 801.679588317871 668.553638458252 769.728359222412 970.461936950684 806.608081817627 768.079940795898 762.38463973999 813.751945495605 963.17024230957 1036.66221618652 1143.8671836853 1880.51150512695 1127.84130477905 840.574413299561 782.445303916931 838.000328063965 664.574443817139 769.112945556641 785.553382873535 850.382186889648 984.986724853516 673.914096832275 689.057189941406 668.555160522461 644.364036560059 852.595123291016 675.895416259766 760.609275817871 634.090530395508 711.748647689819 741.386779785156 802.308170318604
982.904838562012 1362.25469970703 783.150909423828 889.289365768433 1284.06307220459 746.023773193359 863.527263641357 1263.52838897705 778.311729431152 1071.0228266716 976.209991455078 643.900245666504 756.01008605957 694.876140594482 779.145782470703 734.285218238831 642.873229980469 776.543807983398 700.15153503418 711.680511474609 741.633758544922 772.85387802124 820.977871894836 894.610668182373 818.888862609863 784.680544376373 1028.38494110107 833.405139923096 977.57621383667 1001.1988992691 1099.14665222168 793.440994262695 813.450084686279 830.577850341797 852.345405578613 1255.13375091553 1483.75805664062 1839.59382629395 1723.78044128418 1015.15151977539 645.206245422363 805.211477279663 767.451625823975 693.220947265625 756.619048595428 734.516655921936 724.548221588135 833.597473144531 697.680514335632 491.122985839844
745.169385910034 994.357902526855 617.074981689453 616.796829223633 791.22331237793 643.559356689453 963.102264404297 611.276626586914 885.677360534668 1075.36669158936 952.428009033203 804.167350769043 681.962171554565 815.224273681641 796.13695526123 707.77393245697 736.429481506348 828.77710723877 782.262275695801 785.831230163574 762.948287963867 844.312301635742 980.737899780273 928.269088745117 818.025560379028 901.935802459717 1064.66333007812 951.645969390869 807.951984405518 698.878814697266 459.255126953125 783.965850830078 965.775367736816 884.547317504883 955.253601074219 856.864486694336 1017.02281951904 1082.79698753357 1520.34715270996 2249.44580078125 1249.66171264648 949.923067092896 769.304504394531 766.158981323242 691.61128616333 763.836700439453 846.163833618164 658.839912414551 813.493278503418 822.080551147461
735.788000106812 740.05517578125 627.388008117676 738.743507385254 1018.83199310303 681.916778564453 1109.04188537598 721.740768432617 797.224700927734 662.550521850586 681.525680541992 745.295822143555 695.095062255859 607.693521499634 688.698312759399 786.840843200684 606.398193359375 832.415266036987 891.077056884766 943.765975952148 922.397018432617 755.122520446777 720.333279967308 712.369113922119 832.988431930542 980.274803161621 1079.13911437988 874.293754577637 770.235992431641 490.864135742188 1734.50076293945 2750.77423095703 777.950073242188 1072.88803863525 1151.51207280159 934.157245635986 1033.09645938873 1188.36674499512 1165.00439834595 1224.59069824219 1088.40487194061 1170.06321716309 1030.89533996582 1235.90412712097 1271.45355224609 961.285015106201 890.764701843262 977.615524291992 804.116149902344 776.158935546875
700.558486938477 532.69885635376 624.99698638916 628.773742675781 904.56662940979 1208.10299301147 827.805141448975 1052.23510742188 1169.45865249634 625.347396850586 517.300415039062 728.814041137695 742.976615905762 778.131622314453 610.222373962402 719.596775054932 621.43595123291 699.132076263428 960.051330566406 932.832069396973 874.597808837891 840.449562072754 695.990434646606 659.335529327393 823.801536560059 940.981872558594 892.512189865112 883.201652526855 894.545845031738 602.825302124023 490.240509033203 1969.4817199707 821.049283981323 824.083610534668 996.805099487305 1232.06644439697 1102.36898040771 1270.78633880615 1676.35760498047 1134.86237335205 1009.37038421631 1074.65850639343 886.559295654297 971.385162353516 1375.95404815674 1464.40895080566 1284.28868103027 1767.64990234375 1658.09460449219 991.870079040527
550.736244678497 595.141868591309 553.13644695282 495.692295074463 944.215460777283 954.107261657715 815.195686340332 928.582180023193 878.01273727417 766.513874053955 638.241546630859 658.068145751953 703.531707763672 735.942662239075 533.443801879883 619.252193450928 524.679748535156 598.503868103027 756.560935974121 750.986846923828 819.823896408081 877.280784606934 922.98974609375 691.712535858154 583.121780395508 767.348564147949 657.899147033691 931.747005462646 842.515235900879 841.603525161743 783.753690719604 785.757369041443 641.593475341797 747.296058654785 907.495105743408 919.496974945068 974.830661773682 1070.33253479004 1290.22467803955 1129.41072654724 1378.25336456299 1186.57977294922 964.793830871582 1038.20746231079 1172.60246276855 1114.19905090332 1309.28374481201 1256.94436645508 1272.76823425293 1590.90809631348
720.988952636719 611.767585754395 707.056060791016 527.372772216797 532.914180755615 452.711013793945 508.542930603027 609.028244018555 679.276348114014 682.325500488281 509.138122558594 733.170988082886 810.067100524902 786.360315322876 629.446640014648 759.513433456421 602.617652893066 795.662689208984 685.506294250488 699.574422836304 708.663764953613 768.206489562988 859.022174835205 757.160789489746 754.142325401306 706.38484954834 830.568552970886 833.828252792358 901.942041873932 873.865829467773 618.465179443359 618.277099609375 711.086791992188 700.517143249512 874.31404876709 1059.3194732666 1004.26193869114 1088.05506896973 1062.96831512451 994.254333496094 1360.94400787354 1425.57555580139 947.002639770508 917.493328094482 1250.84030151367 1159.22058105469 1131.03023529053 950.797403335571 1157.07108306885 1296.23568344116
747.934083938599 704.351490974426 763.586151123047 588.731559753418 682.58597946167 678.930709838867 585.238655090332 428.171348571777 565.312713623047 628.957458496094 683.240074157715 807.208950996399 771.822360992432 466.192276000977 829.132797241211 505.647964477539 659.913131713867 745.76784324646 590.405136108398 737.24151134491 616.989433288574 685.121978759766 620.859085083008 788.450101852417 767.432410478592 902.827674865723 775.434089660645 815.02555847168 877.827868461609 868.929392814636 769.800315856934 712.248718261719 735.69398021698 798.294204711914 952.645027160645 1259.47808837891 1120.4567565918 1055.35691833496 826.795736312866 781.592727661133 882.16069984436 884.078735351562 1046.54111480713 859.859916687012 805.102523803711 998.169109344482 946.398952484131 816.862731933594 952.487922668457 1111.42293548584
696.30202960968 790.329536437988 685.586589813232 747.912815093994 657.829093933105 735.81978225708 639.345771789551 648.832641601562 487.838943481445 663.723503112793 731.845081329346 820.355415344238 1015.70482635498 681.464981079102 1289.22092437744 783.468200683594 731.958693504333 688.387985229492 616.493377685547 596.423187255859 591.76197052002 601.321014404297 684.158004760742 756.002258300781 796.560432434082 693.108549118042 949.021469116211 850.786037445068 865.66064453125 957.179954528809 799.458915710449 814.597557067871 812.36267375946 832.3698387146 907.625946044922 1204.27947998047 1048.0502166748 846.434078216553 858.499618530273 878.992263793945 960.022003173828 1004.3655090332 759.815588235855 776.693634033203 732.019348144531 843.336761474609 888.715930938721 882.464813232422 672.818649291992 826.351058006287
864.955741882324 690.570932388306 791.002398014069 759.20288848877 732.990173339844 808.583587646484 676.236923217773 553.645050048828 554.123550415039 676.445236206055 908.342178344727 744.192222595215 828.301422119141 854.653728485107 1456.77419662476 842.349723815918 783.557872772217 740.955868721008 793.73184967041 740.216873168945 685.370685577393 691.704677581787 645.212646484375 668.589172363281 869.028199195862 729.19361114502 980.835296630859 938.715370178223 929.318809509277 933.692071914673 900.042097091675 1098.77593231201 1120.26719665527 775.478172302246 1024.17956542969 1003.96919250488 927.592346191406 750.46895980835 897.191070556641 821.39705657959 878.103866577148 805.581439971924 869.273551940918 670.936729431152 715.47346496582 735.752151489258 693.445915222168 631.813613891602 725.79419708252 857.376625061035
746.306928634644 726.026789546013 751.846028327942 685.140266418457 778.816898345947 768.470762252808 600.610771179199 644.130355834961 648.497657775879 592.261116027832 766.498178482056 667.545272827148 1189.68033981323 1012.1254119873 775.324599742889 762.05658531189 771.278364181519 873.418975830078 771.807745456696 1238.36838722229 658.803756713867 596.263336181641 658.073974609375 732.170936584473 736.001561164856 755.428363800049 649.864713668823 668.069427490234 888.449913024902 837.060165405273 749.41252040863 936.360710144043 756.198944091797 744.872438430786 718.294700622559 717.995697021484 930.689926147461 807.020050048828 782.229019999504 779.990562438965 845.157173156738 790.103597640991 773.834740638733 808.579615592957 798.562255859375 804.608177185059 663.848342895508 622.982391357422 872.551063537598 818.480687141418
806.968615055084 705.658391952515 548.283935546875 736.900512695312 705.481563568115 791.959045410156 659.993461608887 702.770550727844 541.500728607178 604.401124000549 612.829285621643 1273.21464061737 876.442031860352 871.597578525543 902.329963684082 819.040924072266 768.993034720421 750.7357609272 1170.90866088867 647.036193847656 612.930732727051 707.219350814819 743.407852172852 747.308633804321 778.719959259033 636.022369384766 620.321838378906 711.486335754395 736.988859176636 764.132068634033 829.91365814209 881.728553771973 768.679702758789 746.529739379883 743.541931152344 840.137145996094 871.618431091309 790.640211105347 834.909297943115 686.815368652344 843.248062133789 861.767959594727 814.112216949463 888.6826171875 724.546272277832 721.062362670898 845.734321594238 688.452575683594 786.807827949524 851.631355285645
782.440696716309 565.112823486328 705.534465789795 823.510131835938 824.393564224243 829.402006149292 688.884922027588 721.232339859009 680.99723815918 652.894254684448 560.013568878174 643.184245109558 538.211456298828 1199.76045799255 727.39476776123 776.18085193634 763.736580848694 798.837348937988 724.046380758286 618.855690002441 554.411911010742 567.838394165039 568.265724182129 632.73770904541 687.260864257812 565.234107971191 624.855564117432 777.227516174316 833.070190429688 705.643911361694 818.268539428711 764.699829101562 861.200492858887 821.920867919922 823.949131011963 908.210586547852 862.437118530273 812.244623184204 854.006874084473 852.559015274048 774.696559906006 940.860214233398 714.678329467773 826.266300201416 785.1148853302 641.929580688477 729.225677490234 984.783721923828 771.554290771484 1019.55752563477
813.038793563843 610.933547973633 551.070434570312 683.9167137146 732.219791412354 735.470161437988 840.521827697754 699.592294692993 504.254745483398 705.590217590332 647.291198730469 707.899467468262 700.083435058594 681.648307800293 503.232345581055 785.36719417572 455.445251464844 732.685907363892 576.105690002441 642.000312805176 695.471340179443 664.44269657135 656.80778503418 691.933043479919 758.860961914062 610.987213134766 698.187073707581 645.323177337646 663.170037269592 681.500427246094 691.157081604004 700.488189697266 853.886394500732 793.153980255127 861.551280021667 901.212440490723 781.171226501465 820.892200469971 1069.30326843262 1096.76318359375 870.665676116943 879.19474029541 687.746276855469 761.250076293945 804.6923828125 817.573600769043 749.136123657227 853.161224365234 1008.49495697021 987.16837310791
734.763875961304 607.761871337891 682.957252502441 617.568954467773 720.323421478271 761.535213470459 692.399509429932 729.198036193848 593.098979949951 639.946299791336 664.768905639648 725.030052244663 789.138549804688 645.7861328125 751.899827957153 842.617172241211 807.089614868164 728.334818840027 603.939880371094 687.513660430908 726.440975189209 707.328762531281 696.440582275391 725.626173019409 780.750427246094 658.18962097168 697.688282012939 708.890928268433 647.679077148438 690.600357055664 620.964889526367 838.841142654419 935.091564178467 851.170845031738 835.655877113342 883.364730834961 878.304692268372 903.79123210907 959.900371551514 906.598777770996 1033.78991699219 996.603412628174 722.510581970215 973.133594512939 928.908533096313 1062.38613891602 791.486759185791 744.234548568726 890.269325256348 833.484222412109
748.681645393372 790.376680374146 689.602005004883 737.712131500244 712.662014007568 595.510406494141 655.880016326904 514.739715576172 577.778778076172 716.327529907227 705.43734395504 582.165649414062 682.282543182373 642.606964111328 812.946495056152 882.025131225586 840.673370361328 904.992095947266 738.400914669037 882.550659179688 835.516891479492 817.478851318359 643.577144622803 671.315942764282 697.687057495117 748.097025871277 711.155559539795 860.432373046875 791.710922241211 681.819303512573 692.070337533951 704.60612487793 678.215408325195 1036.55282592773 888.043632507324 791.712141036987 789.929206848145 1022.65578079224 1099.95880126953 1029.2526140213 1115.78733062744 1352.92651367188 1039.99070549011 721.80436706543 853.434860229492 900.630786895752 983.619033813477 685.622901916504 724.788162231445 928.640167236328
827.80651473999 724.343364715576 771.859154224396 765.918452262878 898.058815002441 696.662322998047 619.092889785767 569.118551254272 753.717445373535 715.237520694733 710.079772949219 614.96802520752 610.451599121094 581.476196289062 799.759929656982 856.33470916748 815.068695068359 919.395523071289 819.535682678223 980.252471923828 803.826194763184 717.393847465515 590.443511962891 688.272378921509 736.39134979248 721.886201858521 710.351224899292 550.721481323242 536.357666015625 859.582656860352 792.465240478516 602.938209533691 696.135906219482 572.236061096191 676.028091430664 587.748497009277 660.061897277832 836.351835250854 1151.91148376465 1197.32789611816 1274.22915649414 1194.10118865967 1096.15253829956 1006.83012008667 929.07201385498 808.210664749146 858.336330413818 710.882423400879 914.565452575684 891.14868927002
