simdem/realisation6.asc
NCOLS 350 
NROWS 171 
XLLCORNER 152620 
YLLCORNER 418050 
CELLSIZE 100 
NODATA_value -9999 
[rows 22 to 43 of 171, columns 250 to 299 of 350]
887.704822540283 828.424049377441 714.909240722656 863.123837471008 874.80313873291 864.187576293945 1123.214427948 934.77961730957 953.403877258301 830.135696411133 701.223068237305 583.235725402832 594.346115112305 674.516563415527 709.198705673218 819.854251861572 873.097856521606 762.284118652344 701.617691040039 845.297729492188 630.512405395508 696.699390411377 651.041236877441 897.783317565918 944.459358215332 880.705146789551 942.983657836914 1056.53498840332 845.982078552246 964.166091918945 716.700624138117 -9999 -9999 -9999 -9999 -9999 -9999 -9999 -9999 -9999 -9999 -9999 -9999 -9999 -9999 -9999 -9999 -9999 -9999 -9999
709.582313537598 653.240425109863 658.811096191406 778.67264175415 778.49326133728 906.118202209473 1018.25436401367 928.75 1117.03852081299 1065.97079467773 1002.91529083252 830.543769836426 753.339996337891 932.028709411621 733.7082862854 1053.12065124512 898.027290344238 671.580596923828 674.384201049805 788.789319038391 748.182771682739 643.373275756836 656.456546783447 736.014175415039 629.405872344971 692.08197593689 925.036239624023 923.490188598633 869.739547729492 756.426082134247 586.284656524658 924.984634399414 753.636184692383 755.834400177002 -9999 -9999 -9999 -9999 -9999 -9999 -9999 -9999 -9999 -9999 -9999 -9999 -9999 -9999 -9999 -9999
720.43997490406 1111.79666137695 1049.64811706543 812.787485122681 802.591785430908 766.4407081604 770.029441833496 877.44787979126 959.636219024658 913.596706390381 691.463981628418 891.107795715332 1047.27655982971 743.248947143555 775.996439933777 960.333992004395 943.761340260506 756.527557373047 771.586090087891 874.925135612488 924.958808898926 950.264633178711 886.525024414062 606.034155845642 585.134773254395 588.599990844727 872.402347564697 886.440822601318 889.601833343506 807.240829467773 850.315490722656 986.14501953125 726.659957885742 670.795931816101 938.003257751465 1035.99209976196 737.51155090332 -9999 -9999 -9999 -9999 -9999 -9999 -9999 -9999 -9999 -9999 -9999 -9999 -9999
690.030380249023 602.66780090332 494.965972900391 623.750671386719 729.952323913574 877.196235656738 991.868148803711 890.266952514648 953.379638671875 959.441261291504 876.026258468628 869.522811889648 917.66675567627 954.707611083984 954.570434570312 1039.46363067627 983.245796203613 873.544174194336 991.113693237305 949.640911102295 1113.79321289062 1063.27893066406 1030.24530029297 1139.28189086914 727.888645172119 674.058906555176 840.143249511719 858.325977325439 801.925933837891 759.07479095459 713.291801452637 914.041215538979 829.022529602051 647.947759628296 843.667808532715 801.729446411133 734.389274597168 873.174240112305 879.954864501953 861.948455810547 1010.48719787598 -9999 -9999 -9999 -9999 -9999 -9999 -9999 -9999 -9999
794.833992004395 701.847534179688 629.071075439453 726.695533752441 908.029647827148 898.588422775269 815.756065368652 694.203559875488 780.778171539307 803.971992492676 867.06308555603 931.828338623047 898.167633056641 1185.91763305664 848.640075683594 969.258201599121 1058.54679107666 977.59049987793 858.372081756592 1054.17004394531 882.54149055481 1025.54061889648 1105.67174720764 974.587997436523 827.103675842285 807.216201782227 769.840118408203 973.947208404541 1008.54418563843 846.915709495544 685.992156028748 689.732292175293 753.646770477295 570.311332702637 567.595840454102 842.544010162354 571.796493530273 669.880477905273 802.113056182861 924.328048706055 907.368347167969 821.809562683105 1044.34693145752 1023.71668243408 1247.59341430664 -9999 -9999 -9999 -9999 -9999
739.926300048828 694.052734375 757.303916931152 763.748908996582 824.872863769531 817.431926727295 1218.60482025146 738.536796569824 877.009643554688 955.18763923645 777.053909301758 724.789184570312 705.894943237305 1948.00564575195 878.159385681152 912.175964355469 993.857650756836 1058.63403320312 960.830043792725 1059.94032287598 997.374374389648 943.483299255371 807.713371992111 1032.79549074173 896.130187988281 1014.31718826294 911.411376953125 914.678470611572 1022.99250793457 960.386428833008 806.010219573975 886.292186737061 566.430648803711 558.998542785645 652.12052154541 555.128429412842 833.514442443848 882.408555030823 815.687717437744 725.382484436035 687.877456665039 941.171768188477 912.997226715088 959.695210933685 1000.60541534424 847.381088256836 907.05513381958 779.107704162598 667.55899810791 858.50407409668
748.910987854004 714.942810058594 815.343162536621 810.214347839355 744.405197143555 871.271385192871 1009.67044067383 680.896293640137 804.617309570312 800.238642692566 766.246803283691 507.749725341797 614.814727783203 1615.84454345703 564.849700927734 680.781860351562 810.369312286377 828.803106307983 915.872825622559 985.07018661499 1085.80000305176 750.342639923096 879.840785980225 894.443695068359 953.218307495117 865.146119117737 988.709652900696 958.167360782623 883.00707244873 878.296041488647 947.961120605469 873.327354431152 889.269912719727 652.780574798584 878.212463378906 624.482755661011 874.950434684753 795.587348937988 795.279033660889 817.882694244385 697.732414245605 914.845550537109 819.258541107178 819.133518218994 840.296943664551 747.689102172852 711.052871704102 870.091537475586 721.666648864746 720.589561462402
781.191270828247 636.348770141602 628.029190063477 660.295883178711 747.847595214844 909.733032226562 787.212037324905 707.39933013916 847.124824523926 835.654340267181 615.213958740234 408.66845703125 864.115600585938 412.4091796875 623.818099975586 847.010894775391 1002.60821533203 968.297897338867 1006.8744430542 803.719738006592 858.446949005127 1014.4482421875 977.329170227051 818.249267578125 854.989540100098 1389.34817504883 864.02961730957 1059.33973312378 1034.03887718916 1049.47493457794 895.004236221313 748.744354248047 861.113662719727 637.154113769531 980.487640380859 1042.33881759644 1056.42547607422 796.967529296875 785.072387695312 853.438545703888 763.737678527832 701.196884155273 645.665634155273 806.45569229126 694.436698913574 782.06597328186 578.063516616821 485.71488571167 672.629776000977 710.593353271484
731.454982757568 776.944143295288 827.926948547363 828.512794494629 800.118539810181 798.784042358398 772.647129058838 848.677322387695 817.519812583923 715.011581420898 701.554718017578 489.843109130859 1366.0654296875 475.916107177734 644.849960327148 917.072860717773 1114.61958312988 952.531311035156 911.930263519287 929.805862426758 789.816963195801 1116.68084716797 880.025394439697 874.223163604736 843.122308731079 1000.88432312012 851.267181396484 778.655513763428 854.06857585907 915.269378662109 903.701041221619 1216.04109764099 949.257789611816 960.180458068848 901.200580596924 905.349717140198 955.791656494141 943.637928009033 744.286041259766 930.50915145874 805.122909545898 911.6647605896 696.854476928711 975.434153556824 909.852731704712 883.243522644043 654.813873291016 610.699356079102 661.932914733887 920.369590878487
756.774326324463 791.294084668159 724.351373672485 843.271293640137 835.43981552124 860.594902038574 826.233982086182 809.260398864746 746.827415466309 828.877998352051 728.189128875732 1138.1499786377 759.346771240234 732.959651947021 845.789812088013 951.675575256348 986.480224609375 836.187084197998 925.084907531738 910.752624511719 907.354873657227 876.170372009277 781.418231964111 620.965209960938 888.491752624512 903.735168457031 776.115377426147 859.233219146729 954.865692138672 776.069869995117 878.254253387451 821.02526473999 811.879878997803 844.15230178833 1091.75077819824 931.127035617828 804.210273742676 735.862693786621 827.84407043457 1229.70596313477 942.902454376221 1040.82808494568 961.242464065552 971.500729560852 920.051063537598 882.565063476562 709.250745296478 582.627487182617 660.417873382568 1033.22033309937
750.476409912109 614.689331054688 852.379291534424 738.772344589233 843.870498657227 814.303726196289 805.608762741089 868.067680358887 786.35735976696 630.08952331543 669.735275268555 1503.33047771454 765.301752090454 766.624108314514 697.047813415527 787.952812194824 769.866466522217 683.87109375 778.191825866699 913.291450500488 778.937452316284 769.059997558594 816.067352294922 657.298515319824 840.025257110596 767.076194763184 701.798149108887 733.39582824707 804.849375247955 736.569862365723 933.557823181152 904.767364501953 757.784782409668 850.010620117188 653.17643737793 861.231296539307 651.664672851562 684.772430419922 804.048820495605 717.975662231445 782.113918304443 864.104970932007 915.218711853027 1399.33057785034 969.20467376709 872.624549865723 1073.81114959717 1001.44367599487 1000.58846664429 1030.809258461
827.565982818604 702.888171195984 918.410690307617 788.808612823486 774.262699961662 849.100997924805 874.653457641602 760.618741989136 805.204768180847 887.735015869141 1040.56486129761 711.033088684082 761.592638015747 783.438659191132 790.881236553192 780.955156326294 837.226496696472 783.586893081665 742.138292074203 677.005348205566 660.982955932617 744.81081533432 855.057167053223 830.854160308838 721.964344024658 789.019477844238 856.779186248779 740.317562103271 852.80793762207 797.709313869476 797.994277000427 870.31282043457 664.547500610352 736.066566467285 705.589584350586 688.17658996582 768.573944091797 824.519749164581 765.347343444824 720.049171447754 653.44172668457 791.787750244141 820.31941986084 712.47721862793 1371.44095611572 878.533325195312 791.614868164062 691.224815368652 1046.99952125549 1010.50981903076
775.603885650635 788.046613693237 733.511779785156 857.604095458984 739.049705505371 834.721710205078 755.453454971313 750.96492767334 693.633201599121 1068.53726196289 646.23713684082 741.102661132812 712.39973449707 799.360683917999 816.519855499268 1098.75595092773 955.503440856934 821.74812078476 708.412475585938 744.016334533691 658.42497253418 778.194786071777 821.096893310547 860.122219085693 763.971485137939 667.741432189941 792.559764862061 817.093313463032 864.366607666016 910.134254455566 894.69108581543 765.047527313232 675.708312988281 881.036266326904 783.130888938904 797.539691925049 667.205856323242 793.791591539979 789.359991550446 795.348304748535 724.663787841797 917.100688934326 887.717853546143 848.336229324341 916.436702728271 1499.46405029297 991.495513916016 1091.89286422729 1088.11084461212 1005.0008430481
685.442649841309 676.221397399902 732.100965499878 758.234699726105 792.668064117432 768.289527893066 778.528036117554 753.129749298096 711.956199645996 677.095668792725 746.247203826904 756.836373329163 855.954597473145 755.647150993347 579.516036987305 851.390181541443 839.368370056152 775.509521484375 941.905204772949 717.575729370117 807.988397598267 848.942378997803 796.635544776917 645.203063964844 867.863109588623 807.440330505371 729.47721862793 699.512390136719 814.055641174316 886.801246643066 800.930675506592 864.244945526123 849.246459960938 794.088333129883 767.159797668457 815.866720199585 808.584638595581 874.116958618164 757.502059936523 809.881418228149 643.276657104492 861.171901702881 867.500469207764 734.713035583496 852.12588749826 899.394474029541 1046.10057067871 1380.30774688721 1037.30815553665 938.581852912903
742.574350357056 603.229064941406 732.543357849121 752.88597369194 765.774101257324 792.029315948486 792.990445137024 827.325714111328 953.892063140869 828.200691223145 742.628017425537 735.041620254517 809.177791595459 936.293807983398 1418.02885437012 657.569396972656 610.270843505859 850.000946044922 1188.84177970886 787.003349304199 806.483104705811 1035.94683837891 991.660736083984 827.855762481689 849.811298370361 902.099058151245 796.935660362244 783.340848922729 840.816354751587 804.405874252319 684.830001831055 748.954097747803 816.295312404633 733.429958343506 728.303527832031 819.949901103973 854.618522644043 760.593055725098 792.084758758545 741.004623413086 885.59937286377 817.203213691711 969.398773193359 929.185539245605 873.418174743652 770.45597076416 970.788650512695 888.238424301147 902.799373626709 1138.50317382812
685.140571594238 745.310876846313 787.52853012085 733.341300964355 711.981084823608 844.497528076172 777.27996635437 920.005348205566 878.241348266602 719.711219787598 713.105899810791 749.055137634277 916.381141662598 995.030088424683 1108.24884414673 733.246185302734 595.730941772461 742.272323608398 1290.81875610352 955.40087890625 921.831588745117 811.579856872559 857.196784973145 792.420880317688 760.720664978027 762.22484588623 773.228088378906 837.496334075928 677.42887878418 696.84814453125 817.137624740601 890.56037902832 860.665281295776 769.408729434013 823.119464874268 756.821109771729 846.280469894409 869.705638885498 831.115045547485 778.008888244629 850.514377593994 853.951181411743 877.016971588135 936.993682861328 915.628757476807 805.469646453857 983.819599151611 877.224750518799 794.542854309082 936.015768527985
739.39524269104 744.679332733154 812.836578369141 775.760429382324 721.517019271851 777.906593322754 814.453163146973 797.668895721436 821.242553710938 801.433547973633 1344.74643707275 897.119171142578 1258.57423400879 1252.26965332031 766.643211364746 564.238586425781 598.449249267578 1526.80711364746 669.899337768555 1425.26856994629 1360.26524353027 796.279006958008 799.173759460449 773.45947265625 825.905460357666 860.77481842041 840.254247188568 804.427547454834 745.020774841309 756.133773803711 828.816761732101 654.428268432617 667.122940063477 771.019420623779 766.641521453857 824.263733863831 795.916778564453 837.355381011963 763.300052642822 809.583683013916 789.065883636475 865.668121337891 844.32247543335 855.757692337036 1015.2282409668 708.442153930664 848.038440704346 913.919544219971 876.576232910156 793.569671630859
847.095794677734 713.279839515686 824.504577636719 724.831719636917 678.238237380981 742.66351890564 768.440650939941 604.024429321289 592.995666503906 700.097076416016 801.617538452148 901.195126533508 805.069795608521 1263.02104187012 1074.5608215332 875.749000549316 644.347091674805 794.366093635559 937.349510192871 942.972961425781 1052.42650222778 726.055759429932 772.244657516479 774.836725234985 761.170124053955 741.021289825439 768.767492294312 838.258955955505 780.862457275391 981.268203735352 845.358638763428 679.442749023438 643.650634765625 728.895324707031 781.933216094971 746.19059753418 817.535261154175 899.272827148438 825.253742218018 846.044143199921 760.639755249023 835.500455856323 943.983299255371 807.009143829346 741.434043884277 862.824152946472 952.381057739258 984.947052001953 870.622901916504 691.047149658203
816.229629516602 826.08863067627 805.18505859375 696.935729980469 614.140853881836 649.631759643555 699.394601821899 797.611541748047 724.461815595627 692.517101287842 860.516483306885 904.256344795227 971.86661529541 840.620376586914 764.588287353516 1040.81041717529 676.453163146973 1008.04762268066 580.515640258789 700.005088806152 853.041687011719 837.091259002686 764.671452045441 711.262771606445 747.011754989624 709.959777832031 744.587779998779 786.667401313782 823.402404665947 794.269790649414 816.591617584229 674.04216003418 898.332721710205 852.485118865967 780.812978744507 791.523227453232 959.428665161133 846.443467140198 812.716014862061 850.312450408936 1100.09761810303 743.781845092773 763.431144714355 820.010133743286 813.958713531494 765.540260314941 900.983283996582 798.526069641113 880.986480712891 890.73649597168
721.197576522827 766.408699035645 749.798797607422 762.500406265259 834.946872711182 705.190315246582 730.588032722473 663.31763458252 628.553169250488 725.451797485352 969.602205276489 1195.69528198242 759.795799255371 794.871124267578 719.605768203735 890.933879852295 826.805788040161 686.412246704102 890.832832336426 773.321683883667 785.374380111694 755.990753173828 739.284469604492 772.321354389191 805.35786819458 787.010761260986 808.197820663452 809.675178527832 861.05712890625 930.512435913086 1332.83740234375 857.672248840332 810.519752502441 641.719345092773 698.415710449219 898.638296127319 1104.93119812012 837.031939506531 887.552715301514 927.372131347656 1135.81140899658 805.443974494934 791.39834022522 984.761505126953 893.131942749023 828.183286428452 959.798942565918 968.11092376709 852.709659576416 943.776344299316
620.451629638672 754.863151550293 675.179321289062 664.65894317627 793.591842651367 724.064641952515 708.173969268799 716.547578811646 615.349250793457 761.767406463623 1081.07127380371 1499.0704574585 650.519340515137 745.5581792593 787.67361831665 732.423989295959 760.714956283569 857.181449890137 737.173892974854 738.753255844116 780.012392044067 899.269599914551 810.000667572021 795.3274974823 777.91418170929 737.080276489258 920.841989517212 690.23314666748 739.27596282959 1007.01908111572 872.145835876465 871.981796264648 797.589576721191 682.318862915039 794.92098236084 763.66748046875 858.21339225769 1047.27077484131 860.051863193512 1426.59992980957 953.365249633789 858.503105163574 796.894817352295 941.950126647949 804.025585174561 858.747162818909 967.399444580078 932.080619812012 781.930290222168 969.810455322266
800.001846313477 704.205902099609 723.644469738007 662.66480255127 665.293075561523 803.459426879883 818.407115936279 661.967384338379 642.480033874512 885.437044143677 858.274377286434 832.424171447754 794.470985412598 698.157848358154 732.950664520264 922.118469238281 868.111389160156 812.489051818848 676.749626159668 845.095947265625 825.850715637207 857.798217773438 796.336925506592 798.799266815186 827.146289825439 725.236570358276 749.931213378906 695.340911865234 730.157669067383 1289.45895385742 859.777450561523 906.175369262695 852.601726531982 776.412788391113 757.082427978516 842.881546020508 905.90478515625 870.405654907227 770.661674499512 901.659000396729 887.982416152954 810.401588439941 917.394592285156 862.523830413818 816.224164962769 817.321313858032 888.399082183838 869.194379806519 909.615180969238 1038.35707092285
