simdem/realisation66.asc
NCOLS 350 
NROWS 171 
XLLCORNER 152620 
YLLCORNER 418050 
CELLSIZE 100 
NODATA_value -9999 
[rows 66 to 87 of 171, columns 50 to 99 of 350]
500.931709289551 511.243062973022 494.72615814209 378.426704406738 415.876138687134 335.366020202637 299.931121826172 320.84107208252 358.168746948242 333.07389831543 459.88500213623 320.55233001709 75.4014587402344 258.549407958984 275.111351013184 338.559177398682 447.288635253906 333.899898529053 312.905475616455 322.130458831787 321.226123809814 300.599182128906 400.734048843384 325.890933990479 319.107158660889 297.72248840332 414.217105865479 433.515060424805 433.727256774902 405.633903503418 463.681163787842 387.254314422607 460.409851074219 436.332897186279 398.745489597321 558.640884399414 331.410137176514 334.887008666992 491.957721710205 372.183288574219 320.051376342773 387.632049560547 376.114265441895 481.300319671631 479.971416473389 493.304397583008 562.370674133301 404.832931518555 453.157512187958 410.248687744141
527.070869445801 462.744581222534 498.37134552002 492.262798309326 341.048332214355 337.639354705811 398.047290802002 318.011360168457 420.466381072998 504.137016296387 384.937873840332 275.566932678223 181.393478393555 273.658920288086 360.771341323853 334.526399612427 269.186721801758 361.443305969238 455.482955932617 336.073711395264 371.002701759338 270.710716247559 384.760802984238 370.086128234863 221.168197631836 319.794158935547 342.220008850098 371.977558135986 515.107490539551 492.456192016602 318.089138031006 395.808631896973 373.997940063477 426.726825714111 323.26390838623 406.044081687927 315.541542053223 356.579330444336 413.004323005676 460.547336578369 383.746742248535 361.756858825684 482.217269897461 525.352470397949 502.002307891846 426.794841766357 363.341697692871 450.817318439484 378.217712402344 428.615715026855
469.209602355957 391.001991271973 513.701107025146 464.05835723877 457.85994720459 299.642868041992 266.630744934082 192.219711303711 278.989181518555 311.276086807251 318.071548461914 392.377988815308 260.284233093262 340.296251296997 396.285556793213 221.732925415039 282.81241607666 354.473368644714 407.643198013306 483.054260253906 388.661365509033 414.717109680176 349.557075500488 330.929756164551 251.545455932617 202.393295288086 395.211960792542 488.49772644043 377.220907211304 414.089519500732 384.329033851624 284.918228149414 329.760681152344 410.121338844299 420.089149475098 383.774259567261 343.089389801025 416.120511054993 356.763938903809 392.164087295532 451.796102523804 573.676216125488 550.47730255127 545.836120605469 572.443908691406 504.16236114502 409.284130096436 354.389656066895 338.041351318359 423.367694854736
456.40029335022 346.573532104492 443.881319046021 464.881107330322 378.804841995239 315.278022766113 257.343742370605 179.768341064453 256.968139648438 376.072948455811 307.845878601074 347.208863511682 408.523025512695 408.43900680542 351.465310096741 273.243240356445 519.758682250977 517.155914306641 472.514274597168 526.445358276367 411.288730621338 560.960968017578 642.550140380859 475.078269958496 400.088370919228 329.411510467529 394.60463809967 513.553077697754 504.228675842285 402.697054862976 327.212707519531 317.674964904785 409.058200836182 330.459823608398 384.452920913696 464.273239135742 301.605445861816 512.073951721191 399.490510940552 350.670639038086 422.20173740387 515.917503356934 464.222690582275 584.126831054688 377.056732177734 357.126113891602 405.62349319458 420.510841369629 426.727647781372 481.419382095337
323.131546020508 359.454025268555 301.952697753906 481.11474609375 388.850491523743 333.382251739502 285.409736633301 284.351173400879 326.84395980835 260.73250579834 292.465400695801 411.598049163818 399.527749061584 416.146774291992 351.956281661987 275.877166748047 476.885009765625 421.823905944824 454.43196105957 551.939743041992 479.576431274414 551.838012695312 518.454544067383 703.299011230469 409.635026931763 402.842630386353 372.801048278809 456.206878662109 473.163627624512 450.012035369873 441.65701675415 557.11701965332 305.005447387695 281.917694091797 381.672925949097 477.028022766113 348.033557891846 315.66796875 367.624572753906 333.172538757324 479.169136047363 494.93180847168 510.181594848633 487.771266937256 402.374103546143 441.526956558228 529.149894714355 405.052429199219 535.365669250488 513.510696411133
477.328239440918 461.554021835327 496.573867797852 273.183883666992 368.725358963013 342.094905853271 388.8966537714 332.010496139526 191.580215454102 341.241847991943 371.813456535339 397.128582000732 472.552093505859 366.936019122601 371.167903900146 533.861297607422 584.462661743164 356.191728591919 350.333387255669 510.113189697266 431.20987701416 390.113478660583 534.862533569336 456.17748260498 526.912780761719 372.481624603271 336.893909454346 439.640365600586 524.275749206543 425.664012908936 505.552551269531 364.06422996521 226.108352661133 217.135406494141 483.623435974121 376.365602493286 438.08616065979 588.357955932617 446.415313720703 374.022033691406 391.745292663574 475.327827453613 455.402221679688 409.337104797363 364.483222961426 334.016456604004 538.829208374023 524.283729553223 455.173542022705 345.778228759766
572.189468383789 391.611297607422 443.555465698242 385.840986251831 379.251918792725 488.10888671875 512.700149536133 424.525787353516 290.679374694824 269.850261688232 315.79301071167 442.899360656738 429.171722412109 469.149368286133 413.977813720703 565.349227905273 445.893081665039 326.196739196777 437.374011993408 379.81893157959 430.717842102051 474.904197692871 510.251586914062 479.726463317871 386.705257415771 447.720863342285 454.284858703613 469.707473754883 418.525217056274 494.476715087891 459.284248352051 375.871361732483 310.511268615723 321.823974609375 501.728713989258 419.250486373901 481.924968719482 454.549386978149 420.789049625397 438.493174821138 462.191389083862 243.45475769043 384.271743774414 443.888729572296 319.783462524414 402.564277648926 500.066328048706 561.786170959473 515.229202270508 501.450596809387
460.33084487915 409.201348543167 351.925765991211 406.883308410645 352.973991394043 495.709358215332 398.896354675293 459.315559387207 371.782188415527 447.22265625 512.081329345703 413.910133361816 371.685510635376 400.007434844971 411.368824005127 285.532638549805 403.64771270752 420.114032745361 384.3515625 402.216291427612 450.002426147461 495.61402130127 399.917961120605 348.921009063721 493.191268920898 574.417495727539 424.527507781982 366.956725597382 343.904205322266 303.008476257324 427.742553710938 328.089504241943 504.633445739746 516.465698242188 562.994140625 378.239496231079 389.743318557739 371.519138336182 418.3562707901 553.806083679199 609.631454467773 444.971570014954 333.667526245117 542.254768371582 300.944671630859 388.299728393555 603.635498046875 571.761070251465 536.402908325195 481.781341552734
410.153172492981 488.821495056152 310.966674804688 371.81041431427 385.410551071167 432.217849731445 484.466766357422 394.655164718628 350.555331230164 370.513405323029 520.966934204102 512.030181884766 372.388845443726 309.693843841553 356.346373677254 356.096778869629 328.065032958984 441.736186981201 508.314575195312 386.333234786987 292.061317443848 348.483739852905 393.619617462158 285.101547241211 430.714645385742 419.086845397949 321.563293457031 393.01735496521 401.264610290527 287.853729248047 353.7712059021 350.443254470825 389.047895431519 385.558330535889 483.40559387207 439.440013885498 392.730430603027 430.129703760147 391.5442237854 441.234611034393 447.614712238312 545.146415710449 568.020797729492 560.858520507812 491.549270629883 495.189900234342 447.091815948486 527.445007324219 465.358016967773 367.645263671875
616.997047424316 394.985343933105 389.295333862305 275.31852722168 262.861640930176 397.638492584229 308.973941802979 431.038707733154 412.50577545166 467.687210083008 538.554275512695 485.008445739746 391.679710388184 381.629386901855 389.139558792114 351.663173675537 439.825847625732 299.750076293945 309.45964050293 358.211983680725 281.421371459961 249.784355163574 404.364692687988 242.048454284668 439.194244384766 472.442459106445 431.419273376465 252.874969482422 374.926212310791 359.758525848389 394.673111915588 405.693369865417 380.328980445862 395.682214975357 399.018808364868 393.023099899292 293.772346496582 448.826745986938 405.72896194458 525.794452667236 423.258464813232 416.874893188477 496.504923820496 450.887428283691 541.955993652344 495.211687088013 602.910186767578 478.07280254364 558.833934783936 879.957872390747
624.794560432434 242.201530456543 393.391445636749 290.420860290527 422.32374382019 324.285705566406 492.264526367188 576.444091796875 490.212821960449 441.880966186523 532.350814819336 468.281005859375 344.046139717102 332.169147491455 218.141052246094 408.743789672852 364.348161697388 338.375648498535 330.177959442139 318.786334991455 430.843055725098 309.870800018311 361.72523856163 309.861663818359 275.725326538086 459.749580383301 386.7493019104 350.531028747559 213.434280395508 353.75333404541 400.130990982056 448.027481079102 251.736633300781 390.710208892822 532.77222442627 376.813346862793 497.670543670654 502.126026153564 498.268709182739 490.745698928833 530.723941802979 565.613487243652 539.360557556152 398.436195373535 472.959238052368 440.13452911377 690.184677124023 979.408004760742 586.236576795578 653.65159034729
400.042785644531 445.248893737793 277.756286621094 365.935849189758 554.861000061035 389.036167144775 476.675842285156 386.25039100647 509.369094848633 454.023063659668 471.489345550537 482.672210693359 388.125926971436 343.683012008667 171.255615234375 202.250640869141 208.055099487305 247.429794311523 229.981689453125 441.288856506348 463.099700927734 440.342109680176 461.022583007812 246.762084960938 453.489868164062 479.85188293457 297.32396697998 277.037445068359 398.966505050659 410.834142684937 434.486949920654 279.930335998535 400.952940940857 336.464298248291 529.188446044922 386.067947387695 420.092609405518 542.749481201172 568.999000549316 465.519424438477 498.817590713501 506.50853729248 404.762329101562 496.633796691895 609.611053466797 795.904357910156 520.801914215088 844.772399902344 411.196876525879 801.687515258789
351.817649841309 61.3827209472656 197.921661376953 442.05392074585 383.480731964111 331.012729644775 442.880855560303 391.469850540161 457.496040344238 476.705459594727 390.195575714111 458.492645263672 323.430423736572 205.645278930664 121.996368408203 269.350524902344 274.330261230469 336.719438552856 206.481338500977 371.33530831337 447.723457336426 331.031063079834 280.074592590332 183.920028686523 426.156520843506 413.050468444824 447.554977416992 405.279218673706 421.894760131836 424.68909072876 529.865539550781 378.673755645752 319.68359375 421.292210578918 449.045397043228 394.594085693359 484.326768875122 463.639339447021 432.200092315674 480.095434188843 453.182830810547 502.156757354736 432.77560377121 786.436599731445 578.411781311035 711.485459327698 372.097564697266 422.057514190674 484.303108215332 709.288047790527
287.587646484375 145.968048095703 212.638359069824 289.386093139648 374.696823120117 334.611030578613 211.488739013672 300.013877868652 495.080627441406 421.935287475586 410.787227630615 367.207198143005 490.712478637695 411.551197052002 397.76713180542 348.882405281067 332.139141082764 343.198424339294 536.458068847656 716.934906005859 444.458961486816 282.825836181641 182.414947509766 374.71471118927 384.641490936279 480.884712219238 374.128534317017 410.767107963562 445.128253936768 425.234218597412 450.94409942627 328.046493530273 333.563301086426 321.982650756836 323.225639343262 430.511907577515 401.670822143555 369.152099609375 535.522148132324 417.270683288574 334.173095703125 594.733116149902 716.237335205078 479.155838012695 404.985061645508 581.016132354736 544.866088867188 448.602104187012 669.463829040527 761.678337097168
376.748275756836 356.974670410156 406.434135437012 348.248161315918 239.813812255859 306.366241455078 156.343505859375 281.745384216309 411.354995727539 228.290634155273 208.329605102539 221.622024536133 382.611797332764 329.813987731934 209.685699462891 161.863876342773 438.984413146973 394.843055725098 421.967739105225 532.746032714844 462.898178100586 247.119903564453 225.744873046875 364.770764350891 479.18041229248 283.55615234375 298.798599243164 282.704040527344 395.384992599487 448.249935150146 402.825803518295 366.824207305908 448.446117401123 411.47802734375 385.44441986084 293.528991699219 328.082344055176 362.495681762695 594.188583374023 496.672243595123 569.340038299561 649.698341369629 811.377317428589 416.814735412598 431.032905578613 487.292259216309 518.337516784668 483.515510559082 513.552101135254 529.13697052002
358.115975379944 298.309028625488 243.080795288086 308.296424865723 335.255897521973 357.261219024658 274.552864074707 311.310409545898 369.920299530029 434.728637695312 482.327079772949 291.004634857178 379.440810680389 286.13013458252 242.985343933105 278.94607925415 238.311622619629 500.071350097656 331.115375518799 375.945950031281 436.612213134766 359.390157938004 339.170925140381 431.835374951363 324.403358459473 447.414554595947 416.082021713257 313.5283203125 285.55167388916 433.82067489624 290.172019958496 406.860311508179 337.530487060547 315.009063720703 353.645042419434 344.03742980957 239.485336303711 406.151100158691 519.620615005493 617.520889282227 945.833160400391 616.167652130127 733.388077735901 595.576889038086 555.513031005859 539.524211883545 389.425842285156 367.762222290039 419.546882629395 399.882469177246
270.065696716309 330.707720756531 400.06664276123 354.117164134979 231.856964111328 354.310718536377 484.624824523926 299.594436645508 375.571665525436 446.861640930176 426.171592712402 309.38550567627 264.178283691406 297.362228393555 224.194671630859 312.526473999023 465.861770629883 459.467002868652 344.857513427734 435.502784729004 420.978378295898 413.211853027344 416.477529525757 514.352325439453 429.309329986572 382.805792808533 386.464351654053 264.040161132812 309.597496032715 347.238613128662 483.827278137207 427.218432426453 462.642955780029 447.816417694092 284.661773681641 247.2138671875 363.266555786133 452.51025390625 577.708679199219 505.519607543945 535.663986206055 431.23663520813 464.508553981781 542.445114135742 420.320213317871 486.181692123413 483.296197891235 467.415786743164 567.011390686035 398.35026550293
467.406757354736 305.131759643555 305.423053741455 250.906951904297 389.064250946045 375.905769348145 394.698783874512 494.03923034668 235.330368041992 315.545745849609 381.278373718262 374.356566429138 224.300323486328 286.060340881348 235.272178649902 235.766067504883 404.910861968994 417.202667236328 455.319435119629 440.119926452637 478.045761108398 420.245895385742 396.417350769043 417.219530105591 414.145174026489 405.29471206665 461.795799255371 425.303052902222 354.678356170654 138.883514404297 254.466857910156 468.717761993408 320.08544921875 399.838203430176 410.006034851074 336.68782043457 458.855018615723 565.163650512695 301.616821289062 280.0224609375 380.482490539551 439.651275634766 614.622779846191 403.812553405762 583.165486335754 741.193603515625 589.108904838562 632.166019439697 587.628461837769 551.978561401367
425.980892181396 437.413139343262 424.384246826172 143.634750366211 335.013988494873 422.885475158691 408.891494750977 328.628717422485 337.678329467773 362.514857530594 443.064811706543 418.11710357666 405.973567962646 362.718620300293 301.271305084229 409.680595397949 327.209651947021 481.823539733887 377.562295913696 344.523738861084 295.77953338623 460.439750671387 396.622314453125 495.06037902832 508.609008789062 441.754089355469 386.344299316406 360.247882843018 319.059341430664 226.868988037109 369.619651794434 377.869365692139 397.785015106201 290.16943359375 516.462818145752 501.722082138062 575.684875488281 513.060886383057 203.018646240234 436.36695098877 313.269653320312 573.004600524902 744.71728515625 638.218231201172 671.30602645874 759.145263671875 552.395980834961 636.767824172974 622.576638221741 512.487091064453
379.046236991882 372.906502723694 424.323516845703 372.478108406067 334.12650680542 411.604434967041 314.093151807785 347.340934753418 299.849472045898 356.627098083496 358.489839553833 496.133636474609 369.553930282593 260.079513549805 291.884094238281 411.038414001465 422.496143341064 572.014251708984 340.37882232666 227.112266540527 247.498580932617 442.681030273438 353.189170837402 420.255954742432 440.144283294678 371.832439422607 426.18772315979 365.589866638184 368.361873626709 451.441425323486 387.01293182373 552.309280395508 340.67748260498 352.671173095703 487.984518051147 546.285934448242 347.289367675781 512.916706085205 528.372783660889 372.271690368652 567.989768981934 600.168749809265 601.822952270508 638.668174743652 525.23616027832 -9999 -9999 878.642883300781 523.115524291992 796.279457092285
369.210031509399 338.920356750488 474.19465637207 484.66480255127 635.508331298828 459.004203796387 469.22696685791 240.613464355469 218.545059204102 198.30094909668 472.127059936523 469.350769042969 310.47953414917 243.974044799805 278.063674926758 310.96760559082 395.15950012207 497.965576171875 340.396900177002 454.716949462891 259.547897338867 274.331024169922 383.074599981308 378.211807250977 457.316635131836 514.048286437988 290.964599609375 337.271858215332 471.271507263184 443.94624042511 451.083221435547 441.541040420532 430.462219238281 450.944194793701 352.236633300781 931.129211425781 380.611907958984 527.162208557129 579.604835510254 637.184646606445 546.713886260986 633.484994888306 -9999 -9999 -9999 -9999 -9999 -9999 -9999 -9999
352.978511810303 388.128809928894 427.323337554932 362.350757598877 468.345054626465 521.189849853516 429.310981750488 353.854267120361 265.848426818848 252.702018737793 364.201030731201 407.050231933594 397.173679351807 327.04644203186 233.685195922852 325.948272705078 464.045753479004 396.615606307983 440.055320739746 393.626821517944 348.59289932251 340.223583221436 449.698921203613 408.744646072388 425.790260314941 377.599919319153 376.902370452881 407.296812057495 524.031555175781 474.889591217041 370.556541442871 442.737926006317 430.732025146484 393.573448181152 415.314796447754 618.909759521484 618.889419555664 619.735534667969 541.308723449707 476.088371276855 629.480285644531 -9999 -9999 -9999 -9999 -9999 -9999 -9999 -9999 -9999
