simdem/realisation73.asc
NCOLS 350 
NROWS 171 
XLLCORNER 152620 
YLLCORNER 418050 
CELLSIZE 100 
NODATA_value -9999 
[rows 88 to 109 of 171, columns 0 to 49 of 350]
-9999 -9999 -9999 -9999 -9999 -9999 -9999 -9999 -9999 -9999 -9999 -9999 -9999 -9999 -9999 -9999 -9999 359.740829467773 378.460793972015 362.070678710938 470.267211914062 606.543395996094 587.822212219238 571.692058563232 478.663837432861 742.703758239746 804.794204711914 331.249401092529 749.462880134583 651.610580444336 535.083267211914 322.940017700195 578.949909210205 424.863342285156 433.346786499023 417.451141357422 617.167633056641 845.304962158203 596.993452072144 799.924865722656 772.321834564209 653.075724124908 341.151042938232 265.954305648804 377.163604736328 223.340484619141 451.014022827148 591.713569641113 687.962684631348 389.139712810516
-9999 -9999 -9999 -9999 -9999 -9999 -9999 -9999 -9999 -9999 -9999 -9999 -9999 -9999 -9999 -9999 -9999 254.163009643555 364.599754333496 416.202659606934 395.127174377441 622.667297363281 500.081489562988 508.623041152954 560.500499725342 706.474571228027 644.50945186615 1116.72570037842 714.229202270508 573.768482208252 404.575336456299 636.487598419189 307.945823669434 360.278251647949 470.960678100586 567.820297241211 777.863784790039 734.346771240234 643.647616386414 719.587665557861 805.4716796875 678.823631286621 671.425369262695 431.76602935791 299.216804504395 303.859256744385 496.201217651367 612.107162475586 448.822479248047 415.278503417969
-9999 -9999 -9999 -9999 -9999 -9999 -9999 -9999 -9999 -9999 -9999 -9999 -9999 -9999 -9999 -9999 591.350028514862 517.270431518555 327.28844833374 303.966869354248 514.360684394836 473.949533224106 445.243041992188 327.216003417969 513.797668457031 533.168758392334 553.641313016415 480.71791267395 396.326316833496 430.779067993164 526.136749267578 719.029327392578 352.564092636108 638.366025924683 665.280155181885 502.852806091309 817.715740203857 722.467147827148 559.218491792679 464.245567321777 292.735866546631 384.014038085938 668.925844192505 364.94459939003 413.860774040222 526.536233901978 392.013229370117 354.46460723877 452.314224243164 493.535217285156
-9999 -9999 -9999 -9999 -9999 -9999 -9999 -9999 -9999 -9999 -9999 -9999 -9999 -9999 -9999 -9999 680.522422790527 510.149568557739 370.701904296875 549.694683074951 573.485359191895 638.026760101318 531.317866325378 433.397388458252 553.426780700684 417.197441101074 517.793910980225 527.147331237793 527.962112426758 448.082096099854 675.711296081543 615.990829467773 430.49112701416 367.084487915039 731.053003311157 382.346946716309 635.361885070801 679.312178611755 451.241546630859 107.469139099121 172.983222961426 221.100608825684 294.124290466309 123.917896270752 489.988124847412 349.485481262207 267.645761489868 228.709762573242 377.002082824707 357.754261016846
-9999 -9999 -9999 -9999 -9999 -9999 -9999 -9999 -9999 -9999 -9999 -9999 -9999 -9999 -9999 621.693813323975 590.927733421326 568.618026733398 533.834368228912 667.679244995117 668.198223114014 494.83381652832 518.765690803528 892.977569580078 490.328968048096 691.408946990967 397.964721679688 203.617141723633 510.920028686523 616.647525787354 823.40601348877 876.865257263184 654.590934753418 253.39608001709 576.435974121094 496.866897583008 641.499410629272 608.125427246094 526.671920776367 173.111068725586 246.19989490509 120.945327758789 187.808387756348 19.2571144104004 280.389505386353 283.958782196045 311.805812835693 261.325788259506 320.716354370117 372.041816711426
-9999 -9999 -9999 -9999 -9999 -9999 -9999 -9999 -9999 -9999 -9999 -9999 -9999 -9999 -9999 565.437950134277 437.475719451904 608.509735107422 561.000228881836 426.015350341797 496.924842834473 462.893615722656 865.968658447266 737.193605065346 825.315277099609 494.757141113281 387.241394042969 323.952423095703 578.957437515259 426.977193832397 533.261489868164 523.483093261719 351.713096618652 203.625701904297 614.984878540039 364.27294921875 543.847610473633 651.645240783691 752.319290161133 296.663639068604 72.0542297363281 -20.5560302734375 80.6241912841797 122.944534301758 192.276955604553 326.684730529785 351.58162689209 353.201652526855 332.221302032471 416.518966674805
-9999 -9999 -9999 -9999 -9999 -9999 -9999 -9999 -9999 -9999 -9999 -9999 -9999 -9999 403.016540527344 473.025007247925 516.545890808105 531.025157928467 526.724544525146 374.234035491943 662.962600708008 601.01424407959 569.57887840271 812.174644470215 392.446678161621 509.384750366211 661.460105895996 478.638572692871 458.160423278809 473.178176879883 661.305877685547 321.759532928467 285.074939727783 241.87548828125 235.158950805664 593.660423278809 529.610137939453 600.858489990234 -9999 -9999 277.444763183594 233.256103515625 105.264068603516 173.945098876953 405.66162109375 328.561593532562 573.162811279297 709.748779296875 419.210098266602 491.514602661133
-9999 -9999 -9999 -9999 -9999 -9999 -9999 -9999 -9999 -9999 -9999 -9999 -9999 -9999 393.544143676758 484.329513549805 516.693312644958 276.269226074219 558.412544250488 485.052932739258 520.467395782471 869.020233154297 405.537330627441 605.505012273788 562.785335540771 487.819236755371 578.424865722656 718.148666381836 848.69970703125 782.7802734375 652.510437011719 296.050779342651 213.603435516357 347.57465171814 399.949970245361 -9999 -9999 -9999 -9999 -9999 -9999 -9999 170.980304718018 376.51594543457 248.457626342773 270.945304870605 469.822021484375 632.39083480835 367.304710388184 411.48657989502
-9999 -9999 -9999 -9999 -9999 -9999 -9999 -9999 -9999 -9999 -9999 -9999 -9999 479.626922607422 338.133697509766 358.971923828125 461.577213287354 64.5663299560547 384.547655105591 529.733428955078 730.651260375977 797.775169372559 1103.98480987549 588.083371162415 653.212745666504 565.203517913818 534.872520446777 656.410301208496 863.707412719727 925.860366821289 559.760105133057 475.384716033936 477.716781616211 348.350410461426 459.75611114502 -9999 -9999 -9999 -9999 -9999 -9999 -9999 -9999 375.924240112305 141.548301696777 267.549253463745 323.623115539551 385.010536193848 580.893005371094 262.606973648071
-9999 -9999 -9999 -9999 -9999 -9999 -9999 -9999 -9999 -9999 -9999 -9999 -9999 498.472503662109 302.301162719727 355.481269836426 104.946182250977 79.8352279663086 221.401756286621 678.970180511475 651.61759185791 614.99543762207 658.442602157593 662.210029602051 727.094390869141 632.262474060059 520.076263427734 527.868854522705 604.756628751755 728.664867401123 352.813865661621 440.318765640259 333.666244506836 503.422210693359 -9999 -9999 -9999 -9999 -9999 -9999 -9999 -9999 -9999 -9999 288.917583465576 225.757155418396 237.81530380249 257.75675868988 360.151412963867 262.582885503769
-9999 -9999 -9999 -9999 -9999 -9999 -9999 -9999 -9999 -9999 -9999 -9999 477.0319480896 377.803565979004 416.494537353516 420.299324035645 539.829559326172 584.577638626099 622.741802215576 631.472366333008 606.186505794525 361.134803771973 612.879920959473 594.602344512939 731.20149230957 619.566167831421 426.111511230469 430.370223999023 508.899322509766 467.645195007324 356.014007568359 373.427444458008 335.987419128418 -9999 -9999 -9999 -9999 -9999 -9999 -9999 -9999 -9999 -9999 -9999 242.142700195312 166.40412902832 292.370223999023 257.993690490723 398.625237464905 616.422173976898
-9999 -9999 -9999 -9999 -9999 -9999 -9999 -9999 -9999 -9999 -9999 455.178695678711 476.245292663574 522.39030456543 381.918449401855 237.249206542969 590.712516784668 877.703262329102 618.356779098511 643.868288755417 449.648239135742 946.252922058105 604.870861053467 493.760656356812 598.278280258179 709.708808898926 557.019302368164 472.422180175781 367.93180847168 166.687194824219 306.276473999023 401.619522094727 412.71900177002 -9999 -9999 -9999 -9999 -9999 -9999 -9999 -9999 -9999 -9999 -9999 -9999 193.668609619141 262.646713256836 344.684368133545 223.808052062988 679.458534240723
-9999 -9999 -9999 -9999 -9999 -9999 -9999 -9999 -9999 -9999 -9999 431.390079498291 387.715045928955 357.214263916016 239.438598632812 362.031158447266 455.868236541748 664.261467933655 729.463848114014 602.693140983582 474.70357131958 483.293464660645 644.885581970215 605.97632598877 540.900611877441 513.904190063477 612.689765930176 405.737899780273 298.220764160156 150.559326171875 142.959777832031 409.310607910156 -9999 -9999 -9999 -9999 -9999 -9999 -9999 -9999 -9999 -9999 -9999 -9999 -9999 379.858901977539 204.418334960938 417.132965087891 387.618482589722 620.55793762207
-9999 -9999 -9999 -9999 -9999 -9999 -9999 -9999 -9999 -9999 425.136528015137 244.807540893555 395.140159606934 296.945083618164 364.854331970215 455.852294921875 699.025447845459 653.081919193268 692.439224243164 433.746284484863 506.590136528015 607.154476165771 638.547931671143 687.215393066406 565.764270782471 909.867553710938 349.768005371094 521.363220214844 308.63410949707 152.228759765625 127.042602539062 -9999 -9999 -9999 -9999 -9999 -9999 -9999 -9999 -9999 -9999 -9999 -9999 -9999 -9999 -9999 362.794006347656 361.798767089844 399.507385253906 462.30054473877
-9999 -9999 -9999 -9999 -9999 -9999 -9999 -9999 -9999 -9999 421.31324005127 413.336645126343 490.13631439209 366.488092422485 465.449661254883 418.99373626709 572.361137390137 297.090347290039 422.053421020508 476.503406524658 444.727577209473 435.563400268555 593.574922561646 641.983654022217 563.800247192383 409.533620834351 451.366333007812 213.388526916504 40.2086639404297 93.9335327148438 -9999 -9999 -9999 -9999 -9999 -9999 -9999 -9999 -9999 -9999 -9999 -9999 -9999 -9999 -9999 -9999 -9999 569.649883270264 439.093975067139 408.908897399902
-9999 -9999 -9999 -9999 -9999 -9999 -9999 -9999 -9999 513.845794677734 453.105951309204 461.4732837677 473.937393188477 349.047917366028 458.552738189697 628.60807800293 342.26220703125 437.929611206055 579.979246139526 1000.26823997498 544.818748474121 375.145629882812 563.07900428772 558.357040405273 311.407321929932 278.354026794434 257.442810058594 176.78173828125 151.973289489746 172.277500152588 -9999 -9999 -9999 -9999 -9999 -9999 -9999 -9999 -9999 -9999 -9999 -9999 -9999 -9999 -9999 -9999 -9999 -9999 533.408538818359 589.872085571289
-9999 -9999 -9999 -9999 -9999 -9999 -9999 -9999 559.887966156006 372.580379486084 477.203563690186 538.451805114746 480.033206939697 87.0503387451172 309.490877151489 495.226398468018 322.805953979492 489.504867553711 387.393413543701 477.026329040527 619.331550598145 573.188077926636 440.67594909668 312.544500350952 218.973754882812 233.956359863281 204.810237884521 182.522254943848 142.602851867676 -9999 -9999 -9999 -9999 -9999 -9999 -9999 -9999 -9999 -9999 -9999 -9999 -9999 -9999 -9999 -9999 -9999 -9999 -9999 -9999 945.240158081055
-9999 -9999 -9999 -9999 -9999 -9999 -9999 -9999 524.827079772949 451.277528762817 416.143749237061 405.792087554932 302.596710205078 414.858901977539 480.123056411743 425.595245361328 404.609497070312 354.874176025391 720.078384399414 457.072372436523 620.270286560059 733.167465209961 547.962776184082 222.298965454102 277.820053100586 105.732345581055 179.185321807861 122.810791015625 -9999 -9999 -9999 -9999 -9999 -9999 -9999 -9999 -9999 -9999 -9999 -9999 -9999 -9999 -9999 -9999 -9999 -9999 -9999 -9999 -9999 -9999
-9999 -9999 -9999 -9999 -9999 -9999 -9999 292.280731201172 304.095077514648 426.264694690704 477.744399309158 540.723747253418 300.340957641602 334.242919921875 474.280351638794 500.445164680481 616.038192749023 498.052391052246 438.398803710938 261.657699584961 340.385377883911 543.08104133606 308.571854174137 297.954494476318 164.867599487305 173.999214172363 182.331916809082 155.331825256348 -9999 -9999 -9999 -9999 -9999 -9999 -9999 -9999 -9999 -9999 -9999 -9999 -9999 -9999 -9999 -9999 -9999 -9999 -9999 -9999 -9999 -9999
-9999 -9999 -9999 -9999 -9999 -9999 340.667442321777 253.404327392578 441.081304550171 534.247406005859 639.027130126953 634.625961303711 546.463891506195 447.929901123047 383.591255187988 434.971939086914 559.311531066895 619.963678240776 355.415498733521 319.717849731445 339.041016578674 562.082863755524 472.345767974854 258.835719108582 370.36946105957 325.57788848877 169.393753051758 -9999 -9999 -9999 -9999 -9999 -9999 -9999 -9999 -9999 -9999 -9999 -9999 -9999 -9999 -9999 -9999 -9999 -9999 -9999 -9999 -9999 -9999 -9999
-9999 -9999 -9999 -9999 352.737197875977 393.579189300537 438.587999343872 74.621208190918 121.580986022949 412.001708984375 572.460624694824 822.396789550781 591.013160705566 477.144229888916 471.584697246552 401.703880310059 748.265403747559 412.640970230103 459.31356048584 563.333435058594 596.779243469238 753.042350769043 222.305770874023 112.240112304688 158.922843933105 211.852542877197 -9999 -9999 -9999 -9999 -9999 -9999 -9999 -9999 -9999 -9999 -9999 -9999 -9999 -9999 -9999 -9999 -9999 -9999 -9999 -9999 -9999 -9999 -9999 -9999
358.577087402344 139.705505371094 81.0129547119141 436.556776046753 381.93824005127 468.970890045166 467.698799133301 418.5654296875 93.5288238525391 363.053840637207 619.456604003906 599.242568969727 662.886306762695 422.779197692871 419.750709533691 517.844635009766 602.081573486328 329.2805519104 360.698188781738 555.114610671997 726.660415649414 307.694664001465 238.295654296875 -30.1694793701172 26.3211402893066 63.4284248352051 -9999 -9999 -9999 -9999 -9999 -9999 -9999 -9999 -9999 -9999 -9999 -9999 -9999 -9999 -9999 -9999 -9999 -9999 -9999 -9999 -9999 -9999 -9999 -9999
