simdem/realisation22.asc
NCOLS 350 
NROWS 171 
XLLCORNER 152620 
YLLCORNER 418050 
CELLSIZE 100 
NODATA_value -9999 
[rows 44 to 65 of 171, columns 100 to 149 of 350]
392.89241027832 412.751487731934 554.538482666016 313.49658203125 462.52513885498 390.692428588867 498.559307098389 491.350524902344 273.289352416992 559.252014160156 463.191696166992 335.553726196289 290.032806396484 413.380031585693 381.170467376709 476.159515380859 374.772933959961 557.985275268555 460.512046813965 245.51432800293 258.949325561523 383.481521606445 438.578121185303 509.655143737793 400.419021606445 428.366180419922 457.292705535889 532.836860656738 588.219551086426 498.269170761108 424.991432189941 518.333597183228 514.223598763347 540.475833892822 605.65877532959 521.725769042969 547.31965637207 406.733779907227 353.136703491211 494.741830706596 582.766914367676 616.467826843262 575.708343505859 497.987137794495 584.763465881348 578.29695892334 568.130378723145 394.22721862793 388.020370483398 378.394973754883
439.045183181763 351.685791015625 428.85319519043 468.350904464722 473.021137237549 456.1860165447 555.390998840332 471.903080940247 453.752479553223 460.992364883423 496.529644012451 254.394348144531 492.727955818176 388.272827148438 377.701751708984 394.195938110352 381.545700073242 590.364295959473 564.967761993408 374.653816223145 409.567260742188 372.253852844238 500.251989364624 389.979675292969 512.342342376709 475.641746520996 535.595329284668 415.308151245117 625.626518249512 450.792819976807 380.268646240234 456.665897369385 505.503753662109 483.769135951996 559.7900390625 423.141525268555 624.862899780273 465.081281661987 539.979194641113 470.169904708862 570.481811523438 541.746318817139 521.560531616211 347.597839355469 549.449081420898 632.229614257812 553.651710510254 413.432678222656 361.176513671875 419.641624450684
497.499935150146 376.773929595947 329.777702331543 350.809730529785 366.438194274902 517.761947631836 536.174041748047 440.390338897705 493.114994049072 607.002136230469 516.680282592773 411.877653121948 560.514980316162 570.505905151367 461.720417022705 337.105369567871 517.266510009766 504.647960662842 350.747367858887 271.927444458008 325.213409423828 286.295715332031 367.516967773438 401.368667602539 563.832099914551 620.116821289062 433.725124359131 399.332069396973 431.761940002441 445.742099761963 512.334585189819 463.051467895508 426.707275390625 466.8098487854 503.869840621948 563.578819274902 446.274765014648 495.699016571045 477.980544090271 504.471170902252 588.691291809082 657.147033691406 559.30578994751 505.985531806946 561.218627929688 583.133087158203 422.019065856934 467.140218734741 477.014011383057 317.428375244141
473.303853988647 501.107582092285 416.249746322632 454.862065315247 420.288764953613 398.920074462891 461.811735153198 484.181831240654 579.78360748291 609.441436767578 603.612838745117 547.134010314941 567.661956787109 511.413871765137 587.221328735352 291.348602294922 338.566146850586 423.296733856201 312.906539916992 334.393569946289 220.418029785156 326.466125488281 431.775741577148 450.221126556396 512.436715602875 476.064638137817 472.148721694946 435.042915344238 533.5306224823 457.325958251953 455.675277709961 577.255748748779 519.77517414093 469.51891708374 354.094886779785 472.792596817017 446.842472076416 592.757591247559 444.885078430176 507.814169883728 605.042709350586 644.412414550781 696.397064208984 609.318504333496 618.229423522949 720.674255371094 678.148986816406 568.71369934082 534.146614074707 524.980333328247
496.7112159729 340.747344970703 413.84009552002 486.825592041016 449.457471847534 536.190376281738 464.816656112671 473.777585983276 602.520233154297 487.831729888916 441.411451339722 414.789558410645 402.300682067871 411.032791137695 432.902694702148 356.129348754883 458.082876205444 440.30150604248 367.797332763672 550.679161071777 336.227508544922 241.26383972168 455.352348327637 533.414863586426 456.216361999512 361.844665527344 410.908058166504 436.790790557861 559.894866943359 497.134271621704 556.218877792358 367.638977050781 543.333435058594 564.384243011475 518.346329689026 430.038631439209 435.585182189941 532.975212097168 458.631908416748 450.453735351562 608.153991699219 593.042030334473 456.944496154785 578.242492675781 650.538528442383 646.877944946289 609.189598083496 529.05818939209 421.466697692871 567.243226051331
360.254386901855 362.674438476562 444.805382490158 602.73681640625 440.572175979614 431.697196960449 402.387142181396 403.807182312012 521.937171936035 482.503301620483 376.42448425293 714.157485961914 519.149904727936 337.828727722168 391.2314453125 426.212001800537 487.978565216064 389.341217041016 350.49299621582 325.639678955078 343.701690673828 395.645385742188 396.354835510254 484.664807319641 546.948745727539 520.642332077026 482.285799026489 482.177623748779 506.397016525269 531.961803436279 423.154228210449 474.915882110596 595.922157287598 649.418182373047 426.970672607422 437.88911819458 400.243019104004 439.721118927002 382.393615722656 472.200309753418 679.386825561523 683.553466796875 505.292446136475 456.668434143066 387.713104248047 579.910736083984 459.237495422363 580.919227600098 501.097087860107 647.403915405273
384.377105712891 311.47093963623 408.633617401123 456.158470153809 497.507537841797 354.121444702148 392.329639434814 286.039825439453 293.220199584961 359.7890625 431.800308227539 501.403881072998 555.801689147949 386.90843963623 440.313037872314 421.310634613037 549.934959411621 500.02416229248 333.293548583984 312.235992431641 456.104736328125 538.42186164856 486.511003494263 529.89330291748 627.311660766602 475.337841033936 463.204494476318 506.362457275391 466.167301177979 357.621597290039 495.157034873962 422.740325927734 451.329929351807 464.694053649902 429.939315795898 576.939727783203 386.104972839355 433.195514678955 372.551338195801 574.80823135376 626.169898986816 504.151197433472 534.316963195801 472.029075622559 441.417549133301 531.998636245728 550.069398880005 596.031219482422 411.776191711426 470.327186584473
522.318428039551 446.188245773315 538.964096069336 560.980117797852 495.203735351562 377.753234863281 441.487466812134 469.489623069763 295.720794677734 422.962215423584 413.486030578613 506.52353477478 618.109985351562 573.852199554443 530.343257904053 400.473007202148 519.247673034668 385.006057739258 410.735870361328 407.829879760742 427.30477142334 454.706283569336 587.15544128418 626.131958007812 676.707595825195 600.106430053711 374.237579345703 377.895309448242 301.787292480469 513.797795772552 585.730911254883 419.756355285645 325.930847167969 334.30403137207 439.117607116699 570.464542388916 417.927452087402 488.256828308105 438.564197540283 428.388648986816 403.634704589844 587.106956481934 487.20255279541 522.402384757996 496.404895782471 504.032760620117 384.484619140625 584.018295288086 316.854141235352 436.636085510254
451.90270614624 542.130546569824 597.032272338867 646.687576293945 416.149604797363 505.664710998535 548.748313903809 386.97021484375 406.721199035645 518.872447967529 544.168426513672 585.446220397949 565.499984741211 621.452880859375 535.517612457275 387.949668884277 428.184371948242 434.204116821289 437.528141021729 478.833397865295 518.141687393188 489.129391536117 579.598754882812 541.576866149902 707.729232788086 576.730331420898 427.604141235352 458.972059249878 434.29866027832 431.402229309082 479.076366424561 414.146095275879 490.041078567505 368.817535400391 326.620635986328 479.12198638916 382.302169799805 490.694286346436 522.119075775146 628.077560424805 645.266220092773 491.969692230225 359.527252197266 429.840759277344 473.436283111572 501.978778839111 590.016735076904 403.483947753906 502.420645713806 560.730438232422
536.236824035645 511.54857635498 583.901809692383 459.049713134766 591.947952270508 533.538131713867 450.793648719788 504.012161254883 401.358779907227 449.803207397461 571.369400024414 503.1386282444 535.815925598145 526.472316741943 511.380215644836 501.343721389771 523.160299301147 537.5618019104 617.094444274902 480.747630119324 443.909133911133 467.156359672546 621.974723815918 487.481460571289 472.582767486572 362.537078857422 461.068813323975 416.386974334717 528.775730133057 487.460233688354 491.320098876953 465.857177734375 616.871376037598 399.399429321289 559.845348358154 498.003946986049 528.248821258545 451.40690612793 396.275100708008 452.215858459473 598.282054901123 495.62992477417 561.236265182495 631.908012390137 583.503471374512 416.111442565918 467.79174041748 529.400641679764 472.525772094727 451.291366577148
579.931900024414 508.963973999023 413.49113035202 484.508869171143 504.598587036133 426.33805847168 487.501914858818 487.635681152344 386.488403320312 457.692611694336 494.622776508331 360.234642028809 378.446228027344 593.918998718262 709.558242797852 628.043930053711 490.120886325836 463.353820800781 543.930408477783 419.520858764648 249.806121826172 402.70051574707 524.982393264771 453.570659637451 428.012031555176 576.300422668457 519.627188682556 455.811534881592 557.761215209961 428.662216186523 509.737060070038 668.58317565918 563.605621337891 462.073581695557 525.301532387733 539.630336761475 581.273029327393 579.359363555908 355.333114624023 377.781311035156 603.754837036133 567.473533630371 567.835412979126 586.845966339111 728.595443725586 610.73412322998 521.241123199463 599.511688232422 587.970504760742 550.133693218231
560.742454528809 429.471456766129 390.357666015625 522.93603515625 656.779861450195 523.826183319092 408.810707092285 327.154006958008 350.550170898438 524.368541717529 493.331312179565 543.98014831543 564.75562286377 530.464962005615 642.603134155273 679.409088134766 502.511402130127 483.298892974854 380.680999755859 576.558471679688 459.921556472778 475.102531433105 459.255847930908 454.804225921631 404.734252929688 694.465301513672 545.123954772949 603.856300354004 573.73694229126 638.19645690918 699.918853759766 578.855773925781 581.954021453857 479.464839935303 548.938461303711 550.541915893555 499.675510406494 569.436122894287 491.84651184082 413.965805053711 523.141154289246 516.926879882812 589.269351959229 705.018630981445 604.728969573975 597.236797332764 627.567314147949 837.251251220703 762.726058959961 702.290405273438
434.623840332031 484.6018409729 397.801738739014 517.87576675415 498.6676902771 581.713012695312 415.209342956543 324.169036865234 371.850868225098 445.161037445068 577.152191162109 554.113624572754 553.624717712402 347.294052124023 478.538096189499 556.607162475586 677.987945556641 540.875068664551 375.43025970459 527.387437820435 520.852386474609 580.062362670898 440.310550689697 469.800426483154 311.930236816406 373.976722717285 628.249870300293 514.181370973587 798.482116699219 659.051254272461 673.789260864258 665.346813201904 455.171501159668 483.95080947876 524.30800819397 660.255874633789 525.58603477478 626.307899475098 664.833780288696 560.726915359497 563.694976806641 536.888328075409 815.379028320312 761.806762695312 605.871047973633 623.433952331543 714.621185302734 586.856338500977 550.446666717529 461.24878692627
482.307586669922 472.761320114136 433.440093994141 463.632680892944 435.479491233826 406.721633911133 478.14715051651 334.076614379883 305.629638671875 392.496055603027 433.867067337036 485.125797271729 557.203109741211 441.700771331787 364.241477966309 570.668998718262 563.834968566895 584.683303833008 618.468414306641 520.874364852905 597.494903564453 461.085899353027 464.980020523071 389.216407775879 337.544509887695 413.389404296875 484.82266998291 582.822196960449 716.681213378906 607.832431793213 671.811602115631 712.703704833984 660.76838684082 447.047584533691 667.438629150391 637.329414367676 517.869482040405 580.025369644165 674.612873077393 561.868606567383 618.280372619629 434.757736206055 548.484628677368 608.902648925781 604.368141174316 564.779001235962 499.825080871582 558.997848510742 564.794843390584 538.770687103271
547.69261932373 456.397417068481 442.286862850189 542.327766418457 461.286021232605 463.121223926544 579.943634033203 445.929626464844 377.234848022461 339.226959228516 344.94214630127 446.885587692261 340.185211181641 314.919723510742 574.146118164062 628.471496582031 475.983040809631 564.832641601562 492.723777294159 660.888381958008 561.586624145508 419.06965637207 474.014614105225 402.434944152832 337.665481567383 516.51930809021 470.627243041992 334.076324462891 619.215621948242 503.589715957642 535.376220703125 685.530326843262 542.544464111328 498.420475006104 562.985984802246 461.550872802734 531.866626739502 610.954292297363 683.23654294014 585.845500946045 619.779693603516 470.692390441895 445.591979980469 578.638061523438 486.643398284912 456.299919128418 629.711045265198 542.959744930267 671.727424621582 608.58235168457
441.530918359756 374.564300537109 452.542654037476 415.837894439697 344.544677734375 377.35912322998 454.487800598145 373.67845916748 376.70866394043 451.930613040924 383.015747070312 365.606338500977 348.306838989258 401.359462738037 519.895889282227 555.139099121094 438.680732727051 437.87329864502 443.15970993042 526.453372955322 510.236515045166 411.644390106201 408.352012634277 489.569904327393 402.542816162109 433.419872283936 485.239182949066 439.416946411133 567.154075622559 422.89493560791 374.1416015625 515.874494552612 600.27064704895 499.173202514648 632.745271682739 618.592781066895 689.926178455353 639.079982757568 532.02562713623 679.280006408691 423.630081176758 619.60929107666 591.077377319336 466.874923706055 486.276573181152 580.377837836742 531.157028198242 494.644004821777 617.467025756836 612.472625732422
430.565024375916 342.652351379395 639.162292480469 506.882808685303 445.506942749023 452.19660949707 380.596290588379 414.771909713745 331.125534057617 408.6142578125 440.441915512085 381.664726257324 287.563323974609 453.97713470459 491.446067810059 626.451141357422 513.585437774658 464.297010421753 447.034732818604 480.1932554245 512.575912475586 427.415676116943 332.906860351562 431.063056945801 554.894630432129 573.741584777832 557.077987670898 557.211666107178 507.993129730225 502.72109413147 448.483093261719 592.524147033691 486.942180633545 515.771783828735 488.421752929688 374.913360595703 496.080410003662 650.879470825195 544.254649162292 525.37716293335 588.778827667236 460.511192321777 562.384372711182 372.365264892578 468.520790100098 636.910024642944 622.742630004883 559.005706787109 687.669540405273 591.469396591187
434.885662078857 460.070195317268 561.772583007812 518.79553604126 386.49422454834 411.248947143555 495.506679534912 410.160980224609 535.510124206543 441.656494140625 339.016334533691 518.679958343506 335.306770324707 455.589506149292 496.803107261658 534.420677185059 494.654740333557 608.497840881348 503.42455291748 565.433128356934 426.397560119629 579.080421447754 493.386524200439 383.7138671875 384.618995666504 559.830986022949 602.194816589355 474.572875976562 522.965671539307 397.845176696777 498.440403938293 515.663064241409 549.393352508545 555.027839660645 530.252451896667 402.919921875 517.289224624634 554.425762176514 511.679891586304 492.265628814697 588.486804962158 665.097274780273 557.391088485718 599.024173736572 416.814910888672 531.528785705566 813.100882530212 617.767031103373 608.178563117981 543.637697219849
383.214416503906 370.602401733398 403.857353210449 465.866291046143 493.883163452148 530.508148193359 457.754819869995 262.477554321289 513.683572769165 395.930236816406 424.213956832886 419.9836769104 493.864032745361 576.132785797119 584.261341094971 540.316715240479 573.634941101074 559.077255249023 483.112050533295 454.969612121582 474.573275566101 503.622727394104 465.162792205811 488.599693238735 525.196496963501 589.453727722168 519.66649055481 512.525240421295 547.774291992188 501.071376800537 553.157104492188 542.732402801514 554.467609405518 578.998168945312 600.743370056152 484.310119628906 568.525196075439 529.818870544434 520.368446350098 619.645553588867 608.742637634277 526.794404983521 603.991493225098 612.592613220215 540.498352050781 410.015197753906 804.584297180176 548.396629333496 675.548240661621 575.148445129395
485.497064590454 460.185607910156 469.993103027344 509.156326293945 532.815242767334 572.991012573242 388.833274841309 334.243133544922 453.503973484039 404.078598022461 475.207958221436 316.270248413086 414.173419952393 515.859893798828 542.524402618408 481.718172550201 535.376201629639 572.551864624023 490.039037704468 465.62828540802 387.03002166748 501.220849990845 403.064769744873 382.948394775391 568.814544677734 584.582893371582 575.292140960693 567.368026733398 515.261941432953 500.867211341858 575.923858642578 500.56224822998 527.803386688232 543.488874435425 492.377662658691 551.200730323792 524.674436569214 614.848999023438 649.435821533203 641.931549072266 593.893821716309 587.530944824219 517.420210838318 619.891395568848 623.277160644531 725.371673583984 539.573852539062 611.741149902344 543.484930038452 474.281593322754
336.191482543945 486.461645126343 420.829521179199 585.474197387695 613.334075927734 489.408672332764 490.642505645752 407.938468933105 442.027984619141 482.087459564209 446.845949172974 501.218633651733 506.345581054688 540.339698791504 438.956798553467 481.980157375336 458.853492259979 598.345970153809 206.578002929688 382.269020080566 364.98802947998 541.665744781494 475.017793655396 469.989591598511 459.881870269775 440.140174865723 479.896381378174 563.969104766846 609.362739562988 583.795684814453 594.314277648926 458.340286254883 513.81325083971 388.592971801758 464.634483337402 512.794797897339 634.290016174316 501.555229187012 526.400329589844 635.08812713623 589.433559417725 694.004272460938 500.854763031006 578.541683197021 408.996185302734 577.294918060303 633.465599060059 625.044254302979 590.662448883057 569.408210754395
387.194648742676 463.152073860168 499.681259155273 410.671817779541 595.380958557129 600.682220458984 493.648864746094 334.93212890625 222.847030639648 482.074405670166 505.441148757935 604.517379760742 542.645683288574 511.890563964844 545.602561950684 573.407470703125 415.137702941895 315.988647460938 252.970855712891 323.883224487305 207.001495361328 418.486389160156 500.072149276733 412.185836791992 482.808772921562 469.122081756592 483.026927947998 415.211524963379 474.619640350342 542.590112686157 535.062437057495 423.846626281738 502.509344100952 516.289413452148 542.338798522949 634.818374633789 543.93487405777 466.628028869629 446.291130065918 545.567218542099 556.24109172821 620.751365661621 551.558120012283 483.406246185303 539.534932374954 439.250381469727 536.71263551712 513.781311035156 609.709609985352 623.273040771484
