simdem/realisation54.asc
NCOLS 350 
NROWS 171 
XLLCORNER 152620 
YLLCORNER 418050 
CELLSIZE 100 
NODATA_value -9999 
[rows 44 to 65 of 171, columns 100 to 149 of 350]
295.197875976562 368.83975982666 384.310626983643 308.775527954102 330.343696594238 447.662746429443 543.41259765625 435.248183727264 361.825172424316 295.283416748047 217.069885253906 338.83943939209 392.454711914062 357.197639465332 523.809135437012 381.02237701416 398.30135345459 492.588544845581 462.880668640137 355.939125061035 445.73787689209 367.039390563965 533.558811187744 450.603572845459 508.889939308167 387.119010925293 484.21288394928 527.707019805908 573.94367980957 495.567930221558 552.681446075439 492.133942842484 581.080757141113 625.776962280273 520.000917434692 430.05778503418 444.922416687012 463.854158401489 309.722961425781 435.288112640381 567.401473999023 618.51163482666 673.011734008789 575.543121337891 630.028686523438 502.394453406334 566.270874023438 476.49119758606 590.968162536621 480.240234375
391.309120178223 502.17064666748 277.971115112305 380.567882537842 252.168853759766 434.850917816162 609.702011108398 548.990608215332 451.141489982605 238.6689453125 218.876403808594 274.694808959961 530.134765625 292.783386230469 342.08145904541 340.65062713623 555.827438354492 430.317909240723 505.603912353516 416.985622406006 422.063049316406 510.292171478271 474.273853302002 390.464492797852 488.141105651855 543.800773620605 562.607490539551 426.669132232666 534.167797505856 489.299280166626 546.298561096191 450.713272094727 564.349863052368 602.529579162598 567.349899291992 479.14230966568 556.506088256836 324.516143798828 480.270690917969 483.780337333679 537.716651916504 472.845626831055 512.99453163147 593.123916625977 544.064018249512 551.506061553955 519.15912437439 563.505149841309 549.900764465332 493.417533874512
482.75456237793 429.702848434448 384.169151306152 353.142677307129 425.667785644531 466.55615901947 444.546209335327 392.736450195312 531.052673339844 413.991539001465 346.639289855957 399.521928787231 432.333038330078 404.999328613281 369.786056518555 529.90104675293 426.776599884033 478.432096481323 459.919042110443 542.708877563477 479.380266189575 491.581945419312 525.938800811768 399.171752929688 585.159156799316 579.390083312988 399.142799377441 517.414291381836 606.553276062012 580.87614440918 538.729320526123 556.137191772461 421.708114624023 553.520847320557 431.527183532715 546.717224121094 515.107572555542 494.356401443481 538.583797454834 496.018438339233 505.425604879856 381.144157409668 351.248092651367 267.067947387695 435.980907440186 478.582075119019 489.223762512207 360.838562011719 404.708625793457 464.528026580811
392.08703994751 452.286691665649 446.085167884827 481.196872711182 398.982162475586 443.598062515259 456.979236602783 496.108641624451 580.471328735352 339.587913513184 331.363739013672 433.883402824402 465.36088848114 517.74063873291 551.506767272949 537.784873962402 487.070283889771 416.252174377441 474.497380256653 517.041255950928 498.311725616455 392.18724822998 441.990501403809 489.366430282593 477.063663482666 364.066955566406 529.696689605713 532.15832901001 495.922346115112 632.0107421875 536.611469268799 613.487854003906 426.932983398438 635.652740478516 489.667357444763 403.912055969238 425.073989868164 510.547451972961 596.0322265625 537.412906646729 393.777725219727 360.597702026367 446.90251159668 458.372413635254 453.112701416016 534.283588409424 403.158935546875 508.722124099731 535.159839630127 604.241653442383
397.555809020996 512.128929138184 513.185455322266 439.29741537571 379.935073852539 429.130592346191 463.702986717224 407.940269470215 452.581130027771 372.197128295898 467.4072265625 491.094505310059 550.539215087891 525.476844787598 528.58304977417 458.343790054321 471.154030561447 448.206848144531 487.94126033783 474.054014921188 467.611161231995 430.100650787354 444.492532730103 442.100112915039 481.213402748108 462.330760955811 487.786954879761 469.686086654663 469.012748718262 647.550582885742 653.902473449707 647.215789794922 484.851570129395 648.681533813477 457.6100730896 386.02018737793 305.378692626953 559.391212463379 394.597099304199 523.128454208374 464.218521118164 469.879346847534 550.193313598633 536.101741790771 484.790012359619 316.3603515625 539.135673522949 477.681096076965 543.161502838135 481.493232727051
422.538391113281 409.095752716064 431.673222541809 639.84814453125 574.401641845703 491.138902187347 471.182817459106 532.82349395752 504.223808288574 566.202529907227 508.970802307129 617.569763183594 568.084663391113 421.153652191162 445.200782775879 448.293455123901 407.686321258545 457.272487640381 528.630596160889 501.560289382935 300.954925537109 431.337890625 618.61408996582 500.727369785309 460.7607421875 554.294651031494 649.873123168945 581.166728973389 565.778930664062 581.331687927246 499.047719955444 429.202644348145 510.410707652569 597.15941619873 525.898738861084 459.335794448853 432.850532531738 370.025527954102 424.560554504395 494.338289260864 523.792316436768 475.773742675781 620.225578308105 632.672508239746 394.935104370117 465.061386108398 519.140926361084 613.88215637207 559.554100036621 698.054397583008
353.672950744629 546.313163757324 461.239360809326 460.415480613708 305.502243041992 431.682369709015 500.983085632324 440.414697647095 342.958114624023 433.688285827637 466.934741973877 467.21808719635 463.778470516205 435.613975524902 461.58233499527 467.834323406219 528.981491088867 451.718984603882 477.673968315125 418.569923400879 272.732955932617 532.789639949799 510.685981750488 363.63794708252 583.582897186279 643.336410522461 539.674556732178 470.047718048096 554.555488586426 530.658483505249 546.200019836426 427.910942077637 574.123413085938 559.394638061523 516.947046279907 571.446094512939 548.812530517578 424.92546081543 250.347747802734 509.219708919525 449.200553894043 498.600770950317 505.271599769592 497.293458938599 576.709976196289 514.683935105801 689.331588745117 463.773056030273 510.902563095093 558.082817077637
436.425952911377 432.524340629578 463.686464309692 443.719152450562 391.937313079834 403.00590133667 499.586936950684 526.282218933105 381.931999206543 403.976692199707 606.7275390625 532.546909332275 529.390296936035 517.347200870514 411.891456604004 568.61678314209 474.325622558594 566.483909606934 523.185701370239 640.425903320312 397.175155639648 494.838189840317 525.707717895508 479.885280609131 454.583610534668 492.855051040649 549.827083587646 578.517478942871 441.006896972656 534.934432983398 523.696094512939 502.750980377197 528.713882446289 362.02214050293 388.476928710938 520.86826133728 505.805906295776 398.990104675293 546.014850616455 695.086349487305 533.784006118774 516.339282035828 385.790710449219 706.311264038086 593.651184082031 590.316436767578 409.523178100586 420.418212890625 373.617218017578 531.048349380493
392.394943237305 451.904912948608 487.866706848145 506.397529602051 404.299425125122 280.141815185547 406.870952606201 553.044326782227 456.775499343872 352.639404296875 525.842567443848 466.818833053112 381.179573059082 472.983843803406 579.154327392578 474.972857475281 473.21558380127 532.805587768555 484.621817111969 402.315803527832 342.323089599609 414.317207336426 583.054473876953 412.423980712891 406.027740478516 485.169246628881 401.862983703613 565.831550598145 595.397705078125 628.915489196777 532.341806411743 420.010635375977 441.840270996094 407.765197753906 341.833602905273 522.898623108864 621.384483337402 437.319633483887 495.595148086548 534.520789146423 588.899436950684 559.063747406006 492.357374191284 563.737091064453 416.964897155762 479.797168731689 508.140148162842 487.94367980957 458.945903778076 535.43462562561
425.763154983521 341.980224609375 486.610069274902 504.068130493164 425.836933374405 477.500492095947 525.697174072266 475.906036376953 333.690139770508 468.115303039551 403.580711364746 527.7174243927 319.546951293945 447.514030456543 692.845291137695 546.511016845703 492.098486185074 400.618896484375 511.342342376709 413.555320739746 488.129349708557 553.909103393555 598.057456970215 414.421226501465 387.82600402832 519.544586181641 552.452201843262 485.18602180481 594.921508789062 435.006843566895 406.922416687012 463.750797271729 479.728481292725 520.634127765894 529.003649711609 515.212202072144 417.11799621582 466.678733825684 358.549057006836 412.998657226562 640.536346435547 584.393642425537 606.911148071289 400.315231323242 332.959335327148 503.624769210815 594.699356079102 497.173522949219 539.584536552429 530.186209455132
460.780841827393 407.882236480713 367.313205718994 527.826347351074 424.099277496338 514.554100036621 594.756896972656 393.385807037354 495.422327041626 445.015472412109 413.086097717285 430.89644241333 313.427185058594 439.451930999756 555.302284240723 690.127395629883 747.075927734375 575.247146606445 411.133377075195 379.51335144043 546.721858978271 466.103328704834 631.205612182617 526.068212509155 401.482116699219 605.39525604248 494.662040710449 512.890355110168 517.685918807983 377.000854492188 401.265190124512 412.53742980957 518.599411725998 495.691591262817 624.763740539551 590.782646179199 523.460036277771 377.990524291992 496.634346008301 479.134086608887 545.208572387695 610.917274475098 560.009771347046 478.637413024902 471.828491210938 592.218700408936 489.827590942383 474.852806091309 458.654975891113 619.859764099121
450.378175735474 318.727104187012 336.528373718262 407.132286071777 482.712899923325 409.83842086792 481.042301177979 526.491012573242 509.877197265625 412.135513305664 537.328125 468.110268592834 318.381149291992 387.087310791016 355.900634765625 620.71745300293 659.69270324707 588.096954345703 521.082614898682 478.690003395081 496.380062103271 432.743873596191 417.072708129883 395.211563110352 461.991146087646 565.210140228271 614.774765014648 450.732273101807 482.762176513672 366.954711914062 421.403442382812 430.814842224121 559.360424041748 637.357078552246 422.621353149414 549.3592710495 568.107753753662 501.112928390503 369.163162231445 468.210983276367 489.680736541748 616.037979125977 517.018829345703 441.817153930664 456.275817871094 451.572471618652 439.817695617676 528.875904083252 563.17587852478 519.958366394043
340.000053405762 384.862823486328 364.838165283203 502.005016326904 583.839538574219 253.143905639648 339.381820678711 321.681350708008 393.433082580566 523.889600753784 462.041791915894 344.839958190918 368.777870178223 609.819076538086 373.327194213867 377.454849243164 616.278709411621 581.00464630127 502.462604522705 473.263481140137 448.377643585205 481.032623291016 428.282188415527 418.842414855957 523.68253326416 459.263561248779 642.368392944336 659.848770141602 685.799496173859 498.333564758301 411.392684936523 584.376117706299 645.500602722168 677.555694580078 550.124043464661 456.590152740479 563.872318267822 467.873641967773 679.13676071167 425.125633239746 541.277931809425 557.420330047607 421.698524475098 316.957153320312 427.131103515625 359.528915405273 685.695861816406 550.382486343384 552.782856941223 637.593147277832
383.150917053223 382.55492401123 432.652109146118 546.847358703613 620.696746826172 321.98747253418 514.552696228027 309.658157348633 368.950424194336 377.189949035645 427.980010986328 330.506134033203 442.85188293457 681.261596679688 549.649971008301 479.923492670059 443.344146728516 504.19592666626 446.063841819763 627.750442504883 515.926729202271 539.360851287842 377.956092834473 468.957225561142 309.751434326172 395.601776123047 613.687744140625 586.542533874512 540.982692718506 571.074188232422 658.615617752075 620.050239562988 665.605255126953 573.968608856201 479.140663146973 536.063581824303 555.142053604126 636.477066040039 563.169231414795 530.079936981201 508.019180297852 519.78092956543 458.882957458496 458.573822021484 617.653533935547 509.540203094482 587.941272735596 585.182235717773 621.394569396973 581.210601806641
398.553188323975 422.497281551361 366.247924804688 445.958347797394 541.707244873047 550.988677978516 560.95475769043 488.9033203125 422.671546936035 274.387664794922 447.23192024231 452.369412064552 462.689037799835 609.432144165039 538.429061889648 486.867425918579 385.237419128418 440.148914337158 543.384670257568 739.879898071289 581.907615661621 333.195251464844 411.049842834473 425.294624328613 339.128326416016 470.615684509277 557.960304260254 587.678596496582 492.902212142944 465.133274078369 552.82322883606 574.816413879395 553.231773376465 471.134910583496 471.836738586426 592.761817932129 501.4094581604 633.476791381836 798.32307434082 518.141586303711 527.953857421875 333.03874206543 583.605171203613 695.072891235352 565.655155181885 515.276693344116 617.375993490219 613.005989074707 672.159271240234 509.26519203186
513.548667907715 502.868217468262 520.939224243164 515.445713043213 459.300317168236 503.699417114258 551.040542602539 629.494705200195 540.54891204834 338.065742492676 513.439796447754 573.642364501953 500.817520141602 491.85595703125 513.691677093506 529.768867492676 421.627113342285 388.781356811523 571.274139404297 705.453125 642.131317138672 401.088748931885 428.61120223999 423.590682983398 282.101043701172 407.111663818359 575.62085723877 547.235107421875 583.197872161865 460.205654144287 457.498687744141 492.089363098145 614.188747406006 509.846229553223 493.032531738281 508.557514190674 683.457221984863 519.110885620117 604.497633934021 481.784461975098 406.879409790039 423.067543029785 606.007118225098 494.720836639404 518.963085174561 550.782955169678 557.826982975006 608.65528678894 614.29923248291 457.171867370605
511.382011413574 420.431882858276 558.812286376953 568.677734375 450.531281471252 560.955444335938 432.484069824219 547.284111022949 427.853721618652 520.871017456055 546.062255859375 436.860820770264 542.223724365234 479.754109859467 411.575164794922 392.270622253418 486.357027053833 528.920108795166 409.148635864258 554.440895080566 581.153434753418 435.357597351074 507.873631477356 524.490118026733 541.044151306152 582.113105773926 503.366908550262 659.948791503906 641.386962890625 426.768844604492 447.102897644043 506.38719367981 530.762084007263 481.00186920166 584.380950927734 602.081199645996 479.761241912842 530.690183639526 510.34055519104 335.900741577148 438.848007202148 459.976097106934 583.992443084717 628.010070800781 789.218246459961 757.645385742188 537.205825209618 600.462477684021 702.705787658691 474.767601013184
574.738204956055 601.288986206055 582.738021850586 420.615051269531 539.588218688965 431.080905914307 397.282180786133 627.541854858398 572.47484588623 420.139400482178 422.481521606445 630.926284790039 533.292091369629 458.121103286743 409.340324401855 365.410629272461 488.940697908401 495.2683801651 482.16774559021 522.966117858887 579.474807739258 525.048963546753 505.199077606201 495.850185394287 432.429899215698 547.448623657227 488.220645904541 516.144668579102 608.322105407715 451.247959136963 386.282867431641 588.849014282227 626.777519226074 574.512187957764 549.057186126709 506.053714752197 459.60164642334 507.090106964111 527.271956562996 410.206939697266 441.798301696777 475.018852233887 523.931037902832 723.526550292969 629.405349731445 594.209959983826 848.501502990723 552.740837097168 611.226008415222 603.682304382324
666.438995361328 515.35417175293 381.10083770752 392.345760345459 493.718425750732 465.535932064056 489.816021084785 499.428119659424 559.918380737305 414.164176940918 417.876443862915 523.362731933594 604.285522460938 391.474365234375 357.698623657227 420.864093780518 480.989140987396 458.134330749512 487.020711660385 448.624458312988 442.824794769287 514.433364868164 556.042259216309 512.604066848755 497.956429004669 507.190257310867 489.662604808807 565.253231048584 575.241729736328 463.746017456055 379.700256347656 545.302207946777 565.935928344727 609.10888671875 518.749419212341 420.612922668457 607.880470275879 581.103858947754 505.316923141479 515.855087280273 316.8779296875 453.007881164551 567.851387023926 665.159477233887 690.435241699219 569.192712783813 775.060304641724 516.500282764435 391.211837768555 470.917121887207
361.126945495605 479.094494819641 354.86060333252 387.775566101074 555.609985351562 525.839855194092 444.222751617432 499.036640167236 510.94665145874 398.968231201172 471.312207221985 440.375173568726 463.701222419739 404.299015045166 451.943586349487 408.866218566895 465.175312042236 587.050888061523 517.966968536377 443.405838012695 553.458106994629 577.693061828613 442.652488708496 405.352752685547 376.450012207031 421.780982971191 552.992584228516 584.323104858398 516.390636920929 582.180030822754 511.512371063232 501.467122077942 436.236198425293 525.209991931915 490.986211776733 538.257663249969 601.714160919189 555.075994491577 560.331693649292 661.135673522949 464.566665649414 527.91099357605 425.382591247559 607.497173309326 553.017058372498 655.455947875977 474.208282470703 535.528314590454 646.251411437988 521.583787918091
445.541263580322 415.207885742188 410.243503570557 372.908508300781 445.365447998047 526.552719116211 451.924298048019 489.108369827271 433.598491668701 487.522394180298 484.94939994812 476.315751075745 483.017862319946 551.665863037109 292.236923217773 176.29736328125 487.615756988525 525.604644775391 398.707893371582 538.640060424805 518.601581573486 597.951614379883 511.165754318237 437.782581329346 360.755630493164 384.913909912109 625.568489074707 470.91524887085 606.334495544434 581.797752380371 538.464935302734 442.444961547852 654.753601074219 553.008447647095 552.838903427124 471.746154785156 433.71036529541 538.232360839844 417.021690368652 609.822532653809 572.85785484314 474.014572143555 476.101043701172 529.363099455833 594.048976898193 620.436019897461 661.634582519531 573.722284793854 563.643508911133 577.231805801392
546.751029968262 445.552282333374 401.625328063965 494.519309997559 409.231895446777 581.114212036133 479.293559074402 480.09935593605 436.099126815796 324.755737304688 404.151481628418 414.105167388916 518.554691314697 566.791862487793 492.065599441528 462.406658768654 610.810775756836 619.593383789062 502.946971893311 481.479064941406 478.213497161865 575.802360534668 486.804635047913 621.603790283203 478.707794189453 563.612598419189 431.670257568359 555.215179443359 622.176803588867 641.096649169922 488.709182739258 383.370361328125 536.27933883667 434.013511657715 516.827910423279 559.36429977417 492.221946716309 566.043038368225 502.278694152832 658.011367797852 601.965007781982 562.027157958597 534.012577056885 518.757068634033 586.059722900391 578.242748260498 576.560577392578 482.055549621582 370.002853393555 549.292767524719
