simdem/realisation67.asc
NCOLS 350 
NROWS 171 
XLLCORNER 152620 
YLLCORNER 418050 
CELLSIZE 100 
NODATA_value -9999 
[rows 110 to 131 of 171, columns 300 to 349 of 350]
651.243911743164 751.699264526367 948.252326965332 989.526870727539 725.23853302002 944.107154846191 757.221183776855 695.378295898438 761.673889160156 739.127502441406 837.596374511719 704.687042236328 1750.0059928894 1037.6409034729 812.945529937744 803.093482971191 1402.80534362793 711.589431762695 1025.98768615723 -9999 -9999 -9999 -9999 -9999 -9999 -9999 -9999 -9999 -9999 -9999 -9999 -9999 -9999 -9999 -9999 -9999 -9999 -9999 -9999 -9999 -9999 -9999 -9999 -9999 -9999 -9999 -9999 -9999 -9999 -9999
840.702939987183 789.972587585449 883.936828613281 868.609474182129 759.139629364014 734.531742095947 1049.59716796875 1316.22103881836 692.844909667969 850.659099578857 1478.50925445557 627.76448059082 841.556350708008 839.717776060104 813.249053955078 621.509719848633 853.252777099609 1162.7956237793 1098.64392852783 -9999 -9999 -9999 -9999 -9999 -9999 -9999 -9999 -9999 -9999 -9999 -9999 -9999 -9999 -9999 -9999 -9999 -9999 -9999 -9999 -9999 -9999 -9999 -9999 -9999 -9999 -9999 -9999 -9999 -9999 -9999
846.834188461304 785.157333374023 1028.15912342072 740.765327453613 843.371292114258 742.802135467529 633.920932769775 1023.03580474854 762.744823455811 1799.32041931152 1095.19168663025 911.62525177002 868.785523414612 948.481966018677 802.578666687012 1036.16091918945 688.306243896484 936.864227294922 1859.16612625122 756.750091552734 -9999 -9999 -9999 -9999 -9999 -9999 -9999 -9999 -9999 -9999 -9999 -9999 -9999 -9999 -9999 -9999 -9999 -9999 -9999 -9999 -9999 -9999 -9999 -9999 -9999 -9999 -9999 -9999 -9999 -9999
874.016540706158 835.738161087036 937.42756652832 899.655300140381 842.258815765381 703.976985931396 835.692862510681 864.217866897583 884.317361831665 2244.82089996338 961.207229614258 935.204936027527 876.431157112122 1100.68316650391 1048.50311279297 848.217437744141 822.942291259766 758.456451416016 1018.87155151367 1298.07704162598 1203.98192214966 -9999 -9999 -9999 -9999 -9999 -9999 -9999 -9999 -9999 -9999 -9999 -9999 -9999 -9999 -9999 -9999 -9999 -9999 -9999 -9999 -9999 -9999 -9999 -9999 -9999 -9999 -9999 -9999 -9999
796.387742996216 916.818901062012 1033.33267211914 894.188743591309 730.783605575562 736.296211242676 719.208946228027 834.634433180094 770.441352844238 1177.75228881836 888.26847076416 1228.7174911499 1101.88928985596 958.523849487305 639.233551025391 949.726463317871 713.437355041504 848.697799682617 1129.12742757797 908.080223083496 1157.67393493652 -9999 -9999 -9999 -9999 -9999 -9999 -9999 -9999 -9999 -9999 -9999 -9999 -9999 -9999 -9999 -9999 -9999 -9999 -9999 -9999 -9999 -9999 -9999 -9999 -9999 -9999 -9999 -9999 -9999
859.384475708008 882.944534301758 876.571712493896 800.647010803223 919.937911987305 732.287475585938 684.14998626709 782.433853149414 494.861373901367 1001.4116973877 1363.27932739258 914.425468444824 921.397937774658 1368.43553543091 802.065567016602 840.593230247498 1291.14972686768 1043.2007522583 1079.68362426758 879.626758575439 917.379615783691 841.739356994629 -9999 -9999 -9999 -9999 -9999 -9999 -9999 -9999 -9999 -9999 -9999 -9999 -9999 -9999 -9999 -9999 -9999 -9999 -9999 -9999 -9999 -9999 -9999 -9999 -9999 -9999 -9999 -9999
713.042747497559 712.406356811523 853.80680847168 1160.93814849854 666.684043884277 597.747901916504 1041.23554992676 547.916152954102 655.046035766602 1102.63674926758 1151.24578857422 1405.1749420166 962.074096679688 1155.56632611156 969.946189880371 874.380671024323 1501.34603118896 1210.79416847229 858.871233940125 913.640956878662 839.177906036377 835.598453521729 1043.57863354683 -9999 -9999 -9999 -9999 -9999 -9999 -9999 -9999 -9999 -9999 -9999 -9999 -9999 -9999 -9999 -9999 -9999 -9999 -9999 -9999 -9999 -9999 -9999 -9999 -9999 -9999 -9999
714.078662872314 585.75297164917 818.029916286469 778.15673828125 1274.87176513672 1372.36298978329 625.42366027832 621.609375 805.026742935181 581.318603515625 840.99723815918 946.313435554504 1370.38790893555 1322.41123962402 1038.02027893066 1063.97760176659 1045.24839019775 929.987796783447 857.115516662598 896.116008758545 954.767387390137 948.540679931641 901.365573883057 -9999 -9999 -9999 -9999 -9999 -9999 -9999 -9999 -9999 -9999 -9999 -9999 -9999 -9999 -9999 -9999 -9999 -9999 -9999 -9999 -9999 -9999 -9999 -9999 -9999 -9999 -9999
871.153106689453 750.566328048706 829.692779541016 843.26696395874 1023.1401424408 714.50846862793 798.886883735657 1007.38649702072 582.045776367188 696.129089355469 947.141231536865 625.109088897705 778.986213684082 856.835205078125 1017.00166702271 1076.98580360413 737.994327545166 750.74397277832 805.621925354004 905.5390625 870.116340637207 881.106497764587 887.191656112671 994.310298919678 -9999 -9999 -9999 -9999 -9999 -9999 -9999 -9999 -9999 -9999 -9999 -9999 -9999 -9999 -9999 -9999 -9999 -9999 -9999 -9999 -9999 -9999 -9999 -9999 -9999 -9999
913.427295684814 793.803909301758 661.724035263062 772.78991317749 1080.14485168457 771.430236816406 684.64582824707 683.095314025879 703.086280822754 735.096450805664 936.880764007568 763.263061523438 694.498336791992 986.846229553223 1241.95746098086 890.844494819641 844.86470413208 905.684715270996 771.839317321777 793.493392944336 801.569742202759 907.439010620117 987.277221679688 878.347597122192 979.460159301758 -9999 -9999 -9999 -9999 -9999 -9999 -9999 -9999 -9999 -9999 -9999 -9999 -9999 -9999 -9999 -9999 -9999 -9999 -9999 -9999 -9999 -9999 -9999 -9999 -9999
1263.15692520142 1648.31784820557 942.406421661377 1036.54030609131 1330.50181388855 882.394790649414 681.622680664062 681.629898071289 641.651321411133 1330.86475372314 808.072226524353 881.366607666016 826.667452335358 1063.30506706238 709.573974609375 1351.98229980469 710.993598937988 685.234687805176 937.83960723877 821.717432975769 826.129501342773 896.849304199219 979.131465911865 925.666763305664 982.419593811035 928.189841270447 -9999 -9999 -9999 -9999 -9999 -9999 -9999 -9999 -9999 -9999 -9999 -9999 -9999 -9999 -9999 -9999 -9999 -9999 -9999 -9999 -9999 -9999 -9999 -9999
1114.04161071777 843.139942169189 1347.86785125732 908.043988227844 1224.92138671875 1591.20489883423 1097.29745483398 865.940578460693 844.894889831543 857.932548522949 762.355354309082 820.978471755981 1010.67559814453 816.092275619507 1119.44508361816 863.213714122772 787.638076782227 752.025665283203 620.732650756836 812.927925109863 850.109828948975 992.438407897949 1021.90675354004 919.577156066895 898.601142883301 1096.66806030273 -9999 -9999 -9999 -9999 -9999 -9999 -9999 -9999 -9999 -9999 -9999 -9999 -9999 -9999 -9999 -9999 -9999 -9999 -9999 -9999 -9999 -9999 -9999 -9999
1191.53457641602 1293.96939086914 1468.23236083984 1025.3777923584 1161.16036987305 1323.82462310791 1430.21778488159 1116.1262588501 1103.37795639038 1295.33165740967 1011.37186431885 965.986763000488 898.063545227051 918.514274597168 954.290542602539 795.253500938416 692.091201782227 712.224983215332 711.385765075684 777.665061950684 837.170478820801 726.999412536621 968.953659057617 916.599906921387 887.901924133301 970.040233612061 1074.93653869629 -9999 -9999 -9999 -9999 -9999 -9999 -9999 -9999 -9999 -9999 -9999 -9999 -9999 -9999 -9999 -9999 -9999 -9999 -9999 -9999 -9999 -9999 -9999
1263.48677444458 1217.91213989258 1216.5387878418 1102.06423950195 902.101434707642 1301.89907836914 1572.08639526367 1182.59060287476 1260.78030395508 1052.70072746277 840.949876785278 943.493545532227 1000.53153991699 895.251358032227 939.910232543945 784.838829040527 799.092018127441 663.486465454102 595.039352416992 830.493364334106 780.288325309753 767.636619567871 884.150566101074 884.977935791016 818.726118087769 695.491546630859 776.541900634766 781.318641662598 -9999 -9999 -9999 -9999 -9999 -9999 -9999 -9999 -9999 -9999 -9999 -9999 -9999 -9999 -9999 -9999 -9999 -9999 -9999 -9999 -9999 -9999
1058.46663665771 1011.93162918091 1142.12297058105 1008.42907142639 981.704616546631 992.973930358887 1468.91381835938 1079.00325393677 1229.0106048584 958.929595947266 809.6818151474 800.074942588806 726.488098144531 648.453674316406 646.782234191895 827.628692626953 725.37939453125 606.286590576172 683.000823974609 659.774612426758 747.229019165039 752.695899963379 666.301818847656 838.676963806152 804.216377258301 700.273773193359 751.30403137207 825.856201171875 873.483311653137 -9999 -9999 -9999 -9999 -9999 -9999 -9999 -9999 -9999 -9999 -9999 -9999 -9999 -9999 -9999 -9999 -9999 -9999 -9999 -9999 -9999
817.843086242676 887.445336341858 892.686749458313 924.750381469727 1129.88656616211 836.825942993164 1088.41928100586 1161.53635406494 928.845630645752 826.712439537048 776.661437988281 826.517426013947 773.376777648926 625.61083984375 727.379642486572 978.071647644043 635.979766845703 714.241348266602 837.235418319702 709.832389831543 803.440670013428 800.032600402832 968.967468261719 960.52172088623 857.193517684937 725.916595458984 853.742098808289 780.070655822754 812.312164306641 -9999 -9999 -9999 -9999 -9999 -9999 -9999 -9999 -9999 -9999 -9999 -9999 -9999 -9999 -9999 -9999 -9999 -9999 -9999 -9999 -9999
894.852226257324 908.584962844849 1331.44608306885 1250.08768463135 965.486740112305 951.878540039062 1127.35815429688 933.169448852539 1270.02681350708 915.946197509766 630.672164916992 797.100471496582 765.701419830322 733.06010723114 787.407726287842 834.965391159058 723.186752319336 839.58237361908 863.156782269478 692.133361816406 861.98325920105 813.175386428833 1013.24237060547 865.057823181152 896.538314819336 846.606737136841 846.662525177002 882.445362091064 763.766418457031 720.34455871582 -9999 -9999 -9999 -9999 -9999 -9999 -9999 -9999 -9999 -9999 -9999 -9999 -9999 -9999 -9999 -9999 -9999 -9999 -9999 -9999
913.487836837769 1118.69887542725 1247.15468597412 1592.44355773926 1937.45031738281 1214.62288284302 1301.88198852539 1061.23398590088 1275.63788414001 914.916130065918 755.985824584961 667.21955871582 772.54712677002 726.684112548828 798.499208450317 750.793018341064 680.512222290039 735.936195373535 1033.86680603027 824.112619400024 841.416526794434 790.574947357178 853.972827911377 851.09549331665 881.972515106201 942.697257995605 913.716781616211 1002.79335021973 910.345973968506 765.646278381348 830.990063667297 -9999 -9999 -9999 -9999 -9999 -9999 -9999 -9999 -9999 -9999 -9999 -9999 -9999 -9999 -9999 -9999 -9999 -9999 -9999
1091.10102844238 1062.96353912354 903.263912200928 1375.92352342606 1529.22062683105 1707.28134155273 1718.37878417969 1227.62558746338 1057.31153297424 903.344947814941 973.454696655273 863.835556030273 962.52320098877 1068.32280731201 898.690055847168 782.676870346069 824.488544464111 906.914566040039 760.570159912109 918.035041809082 804.261433601379 960.143127441406 731.81957244873 765.990859985352 880.492218017578 914.511962890625 902.364669799805 864.877922058105 884.147499084473 924.202247619629 801.509774208069 -9999 -9999 -9999 -9999 -9999 -9999 -9999 -9999 -9999 -9999 -9999 -9999 -9999 -9999 -9999 -9999 -9999 -9999 -9999
1194.95460510254 1012.03606414795 991.06526184082 1493.56643676758 1171.17878723145 1590.5016784668 1620.96075439453 1371.57481384277 1788.56119537354 1299.59497833252 1259.15929794312 1116.81613540649 1225.23233032227 1786.60792541504 1169.18683624268 961.818626403809 853.054279327393 923.829521179199 821.783788502216 895.130592346191 801.477294921875 786.437057495117 733.130004882812 783.698429107666 886.10774230957 859.541668891907 1003.18531799316 909.540382385254 943.839889526367 890.055435180664 940.762184143066 1030.19857788086 -9999 -9999 -9999 -9999 -9999 -9999 -9999 -9999 -9999 -9999 -9999 -9999 -9999 -9999 -9999 -9999 -9999 -9999
1035.31992340088 1064.31359100342 956.196119308472 1122.48464584351 954.229873657227 1509.60757446289 1900.23342895508 1474.63368225098 1243.41900348663 1326.25677680969 1375.06170654297 1101.9708366394 1323.0397644043 1531.25473022461 1041.73682403564 1164.17488098145 1031.82920074463 884.892303466797 916.876220703125 831.987182617188 876.716930389404 850.440822601318 676.756248474121 731.719421386719 886.653209686279 850.230047225952 781.492744445801 910.680921554565 872.373699188232 757.415431976318 858.582324981689 980.091621398926 970.265693664551 -9999 -9999 -9999 -9999 -9999 -9999 -9999 -9999 -9999 -9999 -9999 -9999 -9999 -9999 -9999 -9999 -9999
867.871070861816 1024.00614738464 1324.0479888916 991.750358581543 1047.44886779785 1288.82197570801 1310.16380310059 1199.0431060791 1160.28977203369 1322.22238922119 1132.0863494873 1196.55912780762 1156.86262512207 1057.23148345947 992.089992523193 1097.02816009521 1068.24258422852 871.29061126709 977.113662719727 1067.54365539551 833.165344238281 764.747169494629 783.908645629883 854.555522918701 861.111423492432 717.376945495605 796.946044921875 814.748153686523 957.93628692627 781.790231704712 958.064002990723 884.000087738037 1020.33962249756 -9999 -9999 -9999 -9999 -9999 -9999 -9999 -9999 -9999 -9999 -9999 -9999 -9999 -9999 -9999 -9999 -9999
