simdem/realisation21.asc
NCOLS 350 
NROWS 171 
XLLCORNER 152620 
YLLCORNER 418050 
CELLSIZE 100 
NODATA_value -9999 
[rows 110 to 131 of 171, columns 250 to 299 of 350]
1044.87459564209 704.093642234802 1011.91090393066 872.69450378418 1128.35479736328 799.948104858398 578.05322265625 981.349945068359 718.902496337891 864.872688293457 860.238994598389 1097.86653137207 1229.69849395752 1176.14128112793 985.434099197388 910.433507919312 1098.35504150391 1252.96499633789 1030.29085540771 1003.83097922802 856.090644836426 851.415592193604 940.548263549805 1009.89547729492 1072.22613525391 924.18962097168 699.427291870117 854.514343976974 1027.4997253418 672.960083007812 794.292858123779 934.787239074707 842.730020642281 914.691123962402 1091.45843505859 930.684089660645 1065.70660400391 807.092720031738 920.399582505226 779.301719665527 647.126853942871 558.196662902832 759.892986297607 596.296676635742 686.946022033691 761.13729095459 757.808891296387 853.546035766602 911.786331176758 672.818923950195
1010.61151123047 758.734069824219 681.725280761719 884.680484771729 719.201709747314 727.643449783325 600.942031860352 1122.56314086914 387.002090454102 635.183403015137 832.372093200684 1107.33551025391 1087.43608474731 899.102596282959 872.481838226318 774.570205688477 930.721168518066 995.087028503418 879.832599639893 968.185855865479 1333.66403961182 931.341812133789 780.69905090332 960.125581741333 925.227691650391 1450.85720825195 917.820697784424 943.603218078613 796.962455749512 866.172855377197 777.901054382324 790.978672027588 997.653465270996 924.797470092773 1258.58169555664 1116.27102661133 1106.84970474243 947.984519958496 813.286911010742 885.859404563904 651.744094848633 636.410858154297 749.395183563232 778.278716564178 714.016709089279 673.766700744629 982.838333129883 720.545377731323 807.827463150024 837.931999206543
848.641571044922 961.98356628418 913.886344909668 813.302705287933 1198.78740882874 839.841991424561 796.760688781738 863.035171508789 800.057495117188 990.221026182175 754.127307891846 828.969818115234 994.1321144104 1062.35656833649 1307.86493492126 882.223960876465 819.273612976074 920.782295227051 815.943641662598 782.233375549316 886.62971496582 921.069862365723 1206.42269134521 1036.75202178955 987.451347351074 972.570373535156 782.769149780273 1150.78546142578 1071.98768615723 774.274612426758 806.18985748291 842.819324493408 902.801528930664 1038.6212310791 1014.04524230957 1124.98022460938 1097.09017944336 742.184173583984 839.762489318848 790.780379354954 647.981922149658 741.504058837891 728.751501083374 791.535758972168 780.701034545898 741.421081542969 668.561561584473 791.948341369629 769.804495334625 870.088670253754
663.711639404297 756.256622314453 746.760917663574 867.030443191528 895.556976318359 1342.903881073 818.142478942871 841.679859161377 790.466690063477 875.888252258301 684.086750984192 528.178604125977 698.263624191284 687.679468154907 824.147720932961 727.401035308838 871.284599304199 763.487100601196 644.657752990723 697.413101196289 774.297386169434 985.903587341309 872.218728065491 796.483901977539 792.6669921875 1051.99431991577 916.114616394043 1056.27283477783 1316.85654067993 1266.50479125977 865.510383605957 895.871968746185 940.875457763672 909.052803039551 672.571216583252 827.924438476562 1082.60940551758 676.507068634033 622.858518362045 630.136795043945 770.681701660156 769.883499145508 777.51725769043 710.263580322266 840.835998535156 583.576965332031 597.345352172852 862.601585388184 841.79714012146 885.659893035889
983.549384117126 1301.90393829346 1392.04771661758 657.517440795898 625.559860229492 811.58081817627 2053.38394546509 801.275579452515 1433.44924926758 1218.01284790039 804.705005645752 595.470230102539 745.349224090576 515.745056152344 733.273784160614 976.981660842896 924.60818862915 784.823970794678 629.159797668457 638.59578704834 813.429782867432 1067.69658660889 850.304077148438 697.376417160034 689.906509399414 556.350952148438 740.628448486328 943.012649536133 1239.98413467407 1313.29456615448 830.544342041016 970.413387775421 809.425958633423 712.586622238159 527.176414489746 671.009693145752 700.203598022461 902.19482421875 786.057228088379 653.430603027344 777.009712219238 688.313556671143 714.871820449829 770.72444152832 732.228727340698 666.402656555176 622.138175964355 814.614963531494 735.63634967804 823.43864440918
796.851470947266 867.485229492188 841.876398086548 683.726852416992 724.920501708984 1147.03905487061 717.724544525146 737.892616271973 766.154830932617 817.184623718262 851.546133041382 644.40811920166 817.909133911133 744.675163269043 831.445846557617 832.452972412109 708.82396697998 790.256365776062 804.649333953857 616.958122253418 778.810188293457 1007.7961807251 799.796463012695 841.697961807251 782.966506958008 713.689960479736 743.553237915039 921.747039794922 1173.53630065918 1671.03887081146 1036.14670181274 717.657592773438 827.158313751221 791.342926025391 720.160008430481 868.651092529297 984.768341064453 847.852989196777 868.609298706055 731.140404701233 725.348010540009 577.893203735352 739.384213715792 764.539061546326 724.733783721924 705.561645507812 767.080488204956 775.522247314453 546.002418518066 643.765830993652
739.911224365234 1183.40132141113 713.178131103516 776.658729553223 1297.16131591797 786.292297363281 786.082366943359 1247.64410400391 769.849744796753 1177.00880432129 1092.30059242249 772.474300384521 679.636497497559 712.458961486816 647.215145111084 664.072380065918 647.404830932617 607.226104736328 682.181304931641 740.316989898682 811.996693372726 911.393539428711 863.978868484497 922.091842651367 673.027984619141 754.307847976685 1005.37476730347 1099.29908752441 995.156234741211 804.134918212891 1082.20151519775 728.739097595215 693.842559814453 803.50415802002 758.307915687561 1232.02376174927 1541.26802062988 1890.82171630859 1694.07369995117 879.990005493164 802.761047363281 815.939597129822 787.881755828857 722.338632583618 795.801074981689 683.069965362549 784.638683319092 735.476043701172 759.643280029297 643.446250915527
405.923065185547 1060.89057922363 588.949020385742 628.240509033203 750.494201660156 666.317108154297 818.281951904297 522.317077636719 767.573066711426 920.568023681641 928.756141662598 606.313262939453 502.032989501953 583.417362213135 545.704071044922 510.826416015625 608.28352355957 772.248302459717 748.387222290039 726.931049346924 633.827500343323 732.584060668945 897.959480285645 1021.15689086914 815.301411628723 707.951812744141 977.453929901123 1061.69395446777 894.811603546143 656.834838867188 576.860870361328 966.453422546387 767.381469726562 869.672485351562 1033.38672924042 967.47053527832 1098.93941497803 1189.62991333008 1518.51808166504 2185.90621948242 1350.82623291016 1093.11025238037 868.398708343506 668.38990020752 747.144676208496 648.714813232422 719.756971359253 783.172954559326 811.471435546875 766.286067962646
775.36926651001 891.401193618774 656.116149902344 695.682708740234 910.806365966797 555.224548339844 1068.77467346191 627.116317749023 833.270843505859 651.078765869141 710.746673583984 683.003021240234 711.792007446289 559.030494689941 471.870071411133 550.184707641602 621.582183837891 831.829189300537 730.360298156738 742.683174133301 862.580238342285 760.33846282959 687.962154388428 840.926475524902 776.2614402771 840.039527893066 934.722262382507 988.223068237305 794.456909179688 640.49959564209 1828.64700317383 2765.29499816895 736.492218017578 871.412704467773 1128.78501701355 1068.69079589844 1072.87125396729 1140.26399993896 1221.51992034912 1316.02853393555 1140.78625106812 1356.74267578125 1198.78210067749 1238.71220874786 1214.40624237061 982.761283874512 990.47106552124 899.241287231445 995.874069213867 891.711151123047
743.534072875977 750.152694702148 805.299301147461 621.795234680176 860.220008850098 1050.23272705078 883.325829267502 721.343994140625 1073.0989074707 615.323852539062 573.660659790039 693.470077514648 597.124725341797 615.137107849121 771.26863861084 616.960433959961 686.636087417603 702.152457237244 749.742752075195 920.319229125977 730.469596862793 860.342185974121 695.441562652588 743.766342163086 622.948913574219 793.237419128418 988.973266601562 951.424919128418 820.440696716309 607.268218994141 682.535469055176 2178.87684631348 732.546516418457 764.195770263672 977.869758605957 1384.63023376465 1058.0698928833 1087.07621765137 1600.45915722847 1158.39019393921 1124.95526885986 1080.19904136658 1021.01626968384 1147.5482711792 1534.82354354858 1577.29428100586 1307.84161376953 1462.42041015625 1550.4880065918 1255.66131591797
569.122738838196 627.020889282227 566.583755493164 499.791444778442 967.782611846924 814.113052368164 712.002960205078 791.597068786621 831.291813850403 772.170295715332 871.672782897949 874.828248977661 633.918731689453 548.720260620117 700.490239620209 518.991012573242 730.164594650269 581.836784362793 696.725636601448 733.896511077881 874.847076416016 767.528911590576 765.657324790955 592.47492980957 660.655073165894 784.811492919922 736.585363864899 858.692909240723 841.776149749756 667.703872680664 572.335586547852 636.124420166016 778.53010559082 1047.40272521973 953.974250793457 1020.59962463379 913.939743041992 960.613666534424 1305.45803833008 1192.59519958496 1332.98303222656 1250.17234039307 1017.69998168945 1025.84003829956 1260.8611497134 1300.40641784668 1198.26416432858 1091.78558731079 1212.24307250977 1700.1647644043
610.504806518555 688.695901870728 639.208458900452 628.014188766479 528.974962234497 559.943904876709 655.914777755737 593.956680297852 638.758918762207 834.694793701172 711.345722198486 760.523306846619 818.522766113281 650.50008392334 618.915298461914 623.48624420166 603.966453552246 520.271469116211 813.834350585938 695.0515396595 800.353929519653 800.455947875977 756.602035522461 675.160491943359 640.42894744873 821.966537475586 876.691699981689 801.753265857697 803.244163513184 612.219848632812 610.187469482422 683.176239013672 743.149971008301 1003.37490844727 1070.36334228516 1106.6248626709 1089.46378326416 1043.35126495361 1008.75606155396 1031.57788848877 1254.33971357346 1222.86817932129 1015.39842796326 761.417694091797 1344.45418548584 1159.87449645996 1010.17874145508 1009.10154724121 1174.33168792725 1330.44893789291
645.093391418457 599.555099487305 756.9538230896 727.140869140625 771.616813659668 631.143531799316 615.074798583984 468.101982116699 787.433933258057 759.267562866211 832.289730072021 679.788482666016 812.462904930115 553.057975769043 683.989883422852 533.568756103516 615.101516723633 602.669845581055 633.432983398438 653.322059631348 841.159378051758 881.381240844727 901.409820556641 764.191848754883 753.493974685669 932.443809509277 616.93871307373 817.580135345459 766.343315124512 747.88858795166 720.206573486328 816.481887817383 677.948589324951 969.199295043945 1083.43765258789 1359.9700012207 997.439376831055 951.197219848633 773.813705444336 815.85192489624 829.41512298584 714.546569824219 773.457534790039 831.009155273438 828.390060424805 989.28849029541 949.459384918213 1043.89019012451 958.235565185547 1115.41934967041
677.041202545166 599.037887573242 755.945609092712 546.013610839844 587.708724975586 731.865245819092 732.036079406738 700.770965576172 775.35132598877 793.305374145508 834.396572113037 719.210369110107 1075.75568962097 786.824706077576 1247.09149169922 777.711211204529 670.527450561523 659.062000274658 685.32954788208 685.162837982178 810.993507385254 739.199594497681 975.31916809082 909.682846069336 694.754650115967 752.815559387207 666.047836303711 785.260623931885 888.571529388428 938.450528144836 876.086466312408 756.072456359863 710.540718078613 707.781402587891 988.645599365234 1143.98327636719 1008.23146057129 872.465061187744 731.212860107422 872.066022872925 651.046768188477 827.476176261902 639.862731933594 857.383393764496 729.775810241699 707.927673339844 923.296512126923 955.383017539978 689.91584777832 805.393281936646
670.379936218262 610.556175231934 663.184112548828 669.009574890137 721.700002670288 803.549369812012 717.34354019165 530.646858215332 659.08113861084 671.50993347168 780.906475067139 834.398902893066 787.135907173157 846.8310546875 1547.32902526855 758.198274612427 683.67903137207 560.313217163086 670.107849121094 555.983543395996 715.635229110718 734.593965530396 729.106483459473 838.721069335938 861.158656835556 560.496253967285 668.057174682617 746.707107543945 870.179624557495 1005.30484390259 967.653831481934 1000.47759056091 722.337707519531 726.424964904785 911.921119689941 957.231018066406 1018.50119018555 939.66145324707 898.258125305176 739.996123313904 829.159324645996 761.916829109192 755.457109451294 807.681686401367 582.725692749023 700.926567077637 684.38671875 807.304378509521 748.485652923584 841.165512084961
614.248458862305 606.967712402344 694.04434967041 813.915748596191 787.97241973877 732.015947341919 604.059234619141 590.627075195312 530.385562896729 408.186431884766 640.706008911133 776.814645767212 1250.06866455078 915.239212036133 813.681907653809 701.085247039795 620.832260131836 702.053268432617 706.124771118164 1146.20388031006 434.819549560547 627.356948852539 681.152586936951 842.402297973633 662.673362731934 668.362350463867 500.25227355957 669.055381774902 663.201873779297 676.94165802002 696.814868927002 736.900749206543 790.886825561523 654.230293273926 767.584655761719 785.933567047119 798.111259460449 855.29069519043 902.254455566406 672.584968566895 819.583072662354 613.950714111328 749.105842590332 627.879913330078 708.301681518555 674.91975402832 712.182655334473 819.212144851685 762.580806732178 876.415245056152
757.23709487915 666.121112823486 673.191623687744 728.6653175354 809.461963653564 736.706607818604 768.486404418945 737.635116577148 510.315574645996 547.659900665283 545.740463256836 1209.35893630981 754.609817504883 786.092269897461 873.066612243652 553.127670288086 746.516899108887 722.3971824646 1154.555519104 504.341781616211 639.952079772949 788.330543518066 752.393508911133 753.234275817871 666.996715545654 706.388490200043 612.548042297363 521.020629882812 707.717903137207 672.655624389648 820.999824523926 778.199625968933 701.724464416504 764.742965698242 703.238639831543 697.74919128418 629.672149658203 808.220438599586 775.327607154846 719.838802337646 678.789428710938 794.512775421143 726.927164077759 607.015609741211 633.833984375 631.977157592773 894.304944992065 878.363231658936 766.974193572998 698.979148864746
898.02131652832 808.869018554688 656.502922058105 667.510955810547 715.812393188477 708.873504638672 764.460666656494 778.905815124512 644.195316314697 634.276977539062 518.605781555176 673.925846099854 678.835140228271 1198.2407875061 709.007514953613 786.432992935181 769.596378326416 851.387542724609 603.198799133301 714.880737304688 748.273754119873 722.462368011475 810.633598327637 689.173946380615 659.63680267334 693.392338752747 600.65315246582 638.746742248535 798.959541320801 654.951057434082 747.918628692627 711.174730300903 672.385650634766 713.230682373047 772.56826877594 605.940734863281 788.461513519287 801.988127708435 901.725608825684 851.063789367676 836.741764068604 898.463912963867 766.631278991699 651.949058532715 714.391254425049 742.98823595047 731.044044494629 1050.68852233887 842.225506782532 837.24462890625
812.243691444397 823.354957580566 766.812051773071 606.396713256836 885.484306335449 770.4189453125 638.978759765625 680.47611618042 525.827781677246 571.686256408691 729.140380859375 628.887809753418 746.845638275146 669.612998962402 633.754974365234 886.834594726562 557.962198257446 665.283721923828 635.639366149902 588.396293640137 656.913715362549 535.673614501953 690.290937304497 718.777370452881 662.017284393311 641.887557983398 767.71928024292 648.708053588867 700.525981903076 808.609683990479 750.236869812012 719.832248687744 794.343055725098 614.035339355469 796.025997161865 800.097324371338 816.96720123291 808.493249893188 850.668125152588 1028.48333740234 783.683906555176 716.976867675781 772.977767944336 800.849723815918 858.834232330322 788.585245132446 761.154071807861 772.303728103638 1000.52856445312 937.132854744792
789.770446777344 711.329807281494 754.541698932648 613.133522033691 766.215702652931 808.251773834229 610.69694519043 685.767616271973 631.897394180298 558.437812805176 712.678268432617 662.774730682373 619.335029602051 771.935321807861 649.287445068359 753.743356704712 701.499050140381 618.573135375977 564.330856323242 708.937688827515 701.401797533035 593.292869567871 695.98573589325 713.13530921936 707.127213954926 717.116091251373 764.758061408997 583.975082397461 689.137572526932 795.682312011719 828.311943054199 961.30054473877 927.200225830078 792.283626556396 802.680826187134 942.466270446777 835.633960723877 733.494476318359 986.854669570923 858.332336425781 993.680437088013 906.147876739502 854.288452148438 856.718475341797 884.943716049194 706.091979980469 591.582275390625 688.965286254883 765.777021408081 889.615798950195
867.124778747559 866.829170227051 741.818981170654 690.20178604126 660.640518188477 646.681838989258 626.968193054199 575.535514831543 681.416000366211 744.659851074219 821.834747314453 793.403102874756 852.402336120605 991.378982543945 719.86247253418 736.684077262878 617.248947143555 628.315742492676 553.062789916992 551.203033447266 571.211364746094 677.837467193604 724.263580322266 758.384056091309 777.592094421387 739.59725189209 735.142189979553 804.302980422974 698.141296386719 676.922458648682 655.270084381104 726.710877418518 765.885135650635 1014.48013305664 854.03645324707 788.032272338867 710.309913635254 887.899169921875 898.353942871094 840.757354736328 995.701606750488 1161.60911178589 975.191421508789 617.652130126953 927.887966156006 896.844779968262 779.206207275391 694.944274902344 662.998153686523 1005.61833667755
811.993198394775 837.147773742676 800.679950714111 700.024604797363 663.658432006836 549.63786315918 605.233478546143 511.855987548828 559.78092956543 887.374237060547 721.88046002388 946.644653320312 1005.85437011719 902.50959777832 794.208137512207 694.011127471924 556.684173583984 593.797485351562 689.948123931885 895.683364868164 680.260990142822 673.06280708313 727.990085601807 755.177627563477 727.452449798584 623.672889709473 588.919166564941 735.703277587891 647.943641662598 651.43257522583 650.935020446777 625.572929382324 718.461074829102 581.324195861816 537.172073364258 430.875030517578 628.462188720703 634.617446899414 586.451293945312 940.942794799805 1198.42994689941 1067.85691833496 907.737869262695 930.850860595703 820.451034545898 827.649746894836 991.443023681641 714.580701828003 861.537364959717 961.301950454712
