simdem/realisation20.asc
NCOLS 350 
NROWS 171 
XLLCORNER 152620 
YLLCORNER 418050 
CELLSIZE 100 
NODATA_value -9999 
[rows 22 to 43 of 171, columns 50 to 99 of 350]
-9999 -9999 -9999 -9999 -9999 -9999 -9999 -9999 -9999 614.020919799805 595.013530731201 738.011837005615 670.252547264099 602.122299194336 314.648803710938 353.187088012695 344.956680297852 370.26774597168 608.793342590332 668.601106643677 659.656917572021 570.33251953125 645.825483322144 644.946797370911 853.915696620941 600.674827575684 553.011611938477 671.647754669189 581.489833831787 569.366233825684 583.434432983398 582.951131820679 612.779270172119 625.446851730347 631.597547531128 635.859314411879 587.004566192627 731.671188354492 551.24979019165 653.986167907715 542.933628082275 448.591567993164 973.840560913086 632.41130065918 603.909459114075 557.174564361572 617.354150772095 695.775860309601 565.465206772089 1360.36959838867
-9999 -9999 -9999 -9999 -9999 -9999 -9999 -9999 927.834531784058 423.352951049805 699.261722564697 761.245567321777 809.411758422852 388.91423034668 606.174850463867 480.253852844238 409.747817993164 545.269264221191 595.865434646606 552.492736816406 590.88948059082 807.556732177734 677.318695068359 814.514739990234 728.652557373047 568.129318237305 530.794269561768 503.9560546875 580.298892974854 641.046356201172 551.596546173096 523.13701581955 575.897833824158 581.989626407623 563.792228221893 740.085876852274 465.412261962891 890.465293884277 624.442047119141 1141.56211090088 824.470014095306 524.274139404297 496.027633666992 587.036098003387 608.127025604248 656.569988250732 697.668090820312 616.391288757324 585.534852027893 1257.79752159119
-9999 -9999 -9999 -9999 -9999 -9999 -9999 755.979827880859 628.727691650391 777.217590332031 643.33106803894 650.042692661285 473.567164182663 396.763053894043 648.681106567383 717.537422180176 400.285171508789 541.608673095703 573.606010437012 634.648052215576 766.241455078125 599.096588134766 627.865226745605 788.271835327148 681.298069000244 616.833335876465 565.259220123291 488.51488494873 587.786291122437 1360.78092956543 826.081207275391 597.78129196167 595.894020080566 554.953281402588 654.864883422852 541.267333984375 609.216543197632 688.289278030396 679.67862701416 664.762775421143 656.926837921143 547.947467803955 563.405683517456 479.198272705078 607.580442428589 607.936761975288 643.79426574707 450.122665405273 559.902864456177 1071.58549308777
-9999 -9999 -9999 -9999 -9999 -9999 732.499359130859 604.569061279297 728.655868530273 824.797157287598 607.016868591309 619.168207168579 511.346717834473 608.234844207764 419.941055297852 565.096656799316 593.843832015991 570.229907989502 577.558779716492 675.348112106323 632.400421142578 636.410243988037 318.357147216797 587.254203796387 707.62060546875 533.239402770996 491.155685424805 1137.9019908905 727.470367431641 828.908874511719 812.970363616943 714.862833023071 643.382118225098 807.84033203125 633.815990447998 633.018405914307 589.754322052002 538.257682800293 601.205049991608 674.345504760742 554.719614028931 526.61448097229 587.368656158447 495.922069549561 640.215518951416 585.641506195068 623.63903427124 539.183517456055 468.832382202148 549.8955078125
-9999 -9999 -9999 -9999 -9999 700.270572662354 451.858596801758 259.658920288086 264.907623291016 634.406249046326 653.231666564941 502.003799438477 776.958023071289 803.458648681641 739.568840026855 628.45707321167 497.226867675781 624.788623809814 539.349615097046 480.470443725586 609.43824005127 347.269195556641 464.208435058594 523.555084228516 486.728981018066 742.726867675781 760.782470703125 786.662063598633 923.972951889038 775.669992446899 845.541946411133 686.796871185303 603.680004119873 525.723129272461 498.192474365234 378.210632324219 348.546737670898 439.697326660156 607.229057312012 648.409439086914 570.620218276978 533.924922943115 469.930870056152 549.683490753174 551.350668430328 543.473362922668 566.713869094849 475.940116882324 575.677722930908 593.465797424316
-9999 -9999 -9999 -9999 617.819591522217 619.96076965332 380.032585144043 537.027013778687 551.284729003906 618.77583694458 547.239570617676 582.836212158203 681.880386352539 687.03377532959 478.034271240234 803.941429138184 598.284133911133 606.069820404053 530.933124542236 549.951204299927 447.71809387207 378.414184570312 580.570474624634 991.349218845367 973.335347175598 763.48490524292 689.72133731842 757.448378562927 699.483486175537 789.900142669678 629.63233757019 693.113803863525 542.729644775391 538.496574401855 506.642425537109 398.841812133789 474.887329101562 556.420768737793 564.31995677948 655.620250701904 580.627240180969 588.301988601685 397.410797119141 500.912162780762 589.415701389313 655.437942504883 656.183822631836 566.303826332092 537.284790039062 604.111701965332
-9999 -9999 -9999 1273.57041168213 549.93826007843 572.974960327148 675.541015625 589.654182434082 708.920181274414 466.312622070312 769.894599914551 628.659755706787 673.145488739014 480.491134643555 756.602902412415 852.787048339844 708.508344650269 631.403629302979 573.893082618713 462.838340759277 417.835426330566 467.889472961426 773.762725830078 677.73416519165 478.534439086914 656.709804534912 685.570640563965 668.359981536865 457.808921813965 535.85232591629 558.680088043213 524.998859405518 680.772720336914 695.354164123535 503.695777893066 577.586832046509 711.303611755371 532.32421875 695.219985961914 657.318099975586 493.411895751953 471.391616821289 456.981433868408 434.280265808105 430.7412109375 535.04411149025 555.528221130371 439.763252258301 586.234384536743 630.543365478516
-9999 -9999 853.762985229492 1243.99002838135 463.011422634125 405.521320343018 619.148403167725 536.785423278809 668.866329193115 632.281463623047 636.306972503662 474.774108886719 520.881065368652 732.509735107422 713.726491451263 713.693130493164 668.589050292969 695.465576171875 1062.57636260986 500.651489257812 1145.77876281738 598.831404209137 643.083442687988 487.298530578613 420.142990112305 580.385101318359 515.453128814697 472.544960021973 366.033828735352 430.876976013184 541.203201293945 688.199935913086 610.968299865723 568.806819915771 593.598140716553 595.122779846191 633.578735351562 499.543392181396 538.757734298706 600.97590637207 422.422103881836 475.880290985107 525.638963699341 467.393445968628 415.858543395996 346.882369995117 343.074111938477 414.484855651855 466.493743896484 854.363243103027
-9999 -9999 694.637749671936 1023.10306549072 1096.37777709961 464.122895240784 632.813982963562 501.223552703857 600.648710250854 714.709952354431 586.640323638916 401.124458312988 635.882904052734 634.109664916992 794.629753112793 753.177680969238 674.793846130371 536.082262039185 839.879816055298 664.285667419434 436.486228942871 659.293403625488 573.460941314697 532.473831832409 344.512809753418 361.707672119141 436.522411346436 490.579779624939 383.688774108887 543.025909423828 444.193682670593 624.566589355469 426.763774871826 539.444648742676 478.457553863525 460.964758623391 585.068351745605 583.935367584229 545.193644523621 390.568214416504 389.616806030273 564.603618621826 299.455551147461 523.969341278076 432.664981842041 347.595062255859 332.809127807617 464.911228179932 487.066761016846 763.580870628357
-9999 548.230369567871 525.546035766602 548.345924377441 594.797389984131 466.242568969727 525.628028869629 685.464668273926 614.199241638184 617.410921096802 577.489795684814 490.817337036133 539.995712280273 558.501068115234 503.674671173096 663.395309448242 530.399301528931 471.925037384033 532.892872810364 557.337476730347 560.897302627563 507.329486846924 492.744325637817 365.368072509766 400.094253540039 446.608703613281 521.474281311035 493.743782043457 399.867538452148 542.105804443359 598.756980895996 525.006011962891 458.236107349396 644.452362060547 524.84058380127 364.450065612793 456.153165817261 447.948163986206 411.366287231445 371.561569213867 416.620399475098 536.553544998169 363.401519775391 501.37372136116 426.027935028076 522.161004066467 470.657604217529 530.101409912109 453.821968078613 602.959568023682
475.191055297852 438.855316162109 397.233215332031 512.886932373047 629.065244674683 411.914077758789 568.728271484375 713.790628433228 471.998260498047 618.827686309814 561.793647766113 667.035305023193 671.098756790161 611.856328964233 599.290061950684 590.666217803955 621.93675994873 621.886924743652 587.834518432617 603.284362792969 408.543441772461 334.421112060547 378.081130981445 539.432670593262 252.435119628906 275.425201416016 405.303672790527 520.844718933105 503.33856010437 452.780410766602 483.879173517227 514.300367355347 443.261772155762 567.192848205566 594.112091064453 439.834413528442 375.686042785645 454.603031158447 395.279033660889 388.848701477051 442.172985076904 554.584489822388 358.532585144043 644.050445556641 515.702472686768 493.473712921143 645.638107299805 585.125112533569 467.741287231445 542.6481590271
510.878479003906 581.505981445312 566.237140655518 486.623138427734 441.784591674805 676.112228393555 676.605197906494 524.00944519043 508.285293579102 724.717216491699 749.321624755859 502.470039367676 582.904222488403 472.293943405151 739.981811523438 443.860156059265 577.50749206543 518.226120233536 502.701123714447 462.783866882324 378.810615539551 390.652610778809 382.361518859863 438.024701118469 383.673412322998 321.495552062988 365.413185119629 618.857269287109 518.407230377197 422.044971466064 432.95857334137 428.566131591797 428.795768737793 591.335845947266 498.240489959717 547.01008605957 462.445213317871 463.975890159607 582.309188842773 385.167785644531 388.851295471191 471.555389404297 529.776248931885 603.333358764648 582.554046630859 535.089153289795 559.359321594238 502.858165740967 451.650484085083 481.497747421265
712.969764709473 433.146438598633 343.929504394531 527.584079742432 480.575386047363 743.293304443359 473.659271240234 301.063827514648 561.406768798828 619.264232635498 576.053197860718 638.265823364258 394.013473510742 610.92080450058 497.326355934143 640.414074897766 586.869567871094 374.750122070312 480.004940032959 531.113506317139 360.980339050293 460.35817527771 388.565700531006 500.021602630615 516.265846252441 479.074947357178 428.550262451172 457.716390609741 537.864883422852 357.382316589355 306.037551879883 368.563209533691 467.475178718567 461.529651641846 393.503173828125 398.877593994141 465.26314163208 576.155128479004 556.105171203613 437.986152648926 388.061378479004 388.382614135742 546.871894836426 537.014366149902 528.851783752441 475.089732885361 470.440910816193 411.404754638672 385.95751953125 446.749885559082
548.473278045654 605.638008117676 386.420860290527 325.801620483398 422.796104431152 626.836603164673 433.135322570801 839.993524551392 500.092803955078 474.765274047852 513.71017074585 586.248397827148 577.620646476746 487.038928985596 420.009925842285 435.444374084473 365.599807739258 585.539558410645 418.783653259277 406.237861633301 362.050338745117 388.551963806152 434.295431137085 486.027240753174 377.491321563721 514.59593963623 447.904342651367 429.535488128662 350.742767333984 362.833953857422 516.692853927612 425.582725524902 490.653118133545 456.714204788208 397.873977661133 315.789855957031 525.454288482666 573.918037414551 610.734588623047 418.089748382568 405.54455947876 518.24893951416 525.336353302002 496.887113571167 531.008369445801 477.512231826782 434.993379592896 286.107406616211 366.09407043457 466.091230392456
520.34455871582 484.07341003418 364.255615234375 447.500778198242 534.077026367188 543.661106109619 611.609250068665 761.082568645477 705.71062374115 579.361190795898 349.277557373047 561.025088787079 504.598728179932 558.654732823372 422.788543701172 422.666473388672 410.456893920898 448.17342376709 523.18869972229 401.293060302734 398.253105163574 295.029846191406 316.344314575195 500.865928649902 499.928466796875 433.879294872284 465.295700073242 558.126991271973 433.855652093887 338.725860595703 469.529302597046 472.967918395996 509.427703857422 460.144510269165 417.86234664917 437.916072845459 512.686367034912 627.318496704102 588.167358398438 478.860054016113 488.730361938477 456.145706176758 504.98023223877 545.452644348145 536.164291381836 475.002540588379 399.425495147705 558.202415466309 609.05827331543 523.589370727539
568.190635681152 418.871101379395 510.731790304184 479.88117980957 660.106097459793 570.428070068359 514.065281867981 432.097854614258 610.797714233398 631.785522460938 342.747711181641 595.708229064941 478.600742340088 427.503387451172 523.594045639038 493.507924079895 565.526962280273 385.118492126465 229.883316040039 318.055145263672 294.48844909668 342.752151489258 369.315872192383 549.611267089844 487.845153808594 415.689586639404 455.629314422607 529.788055419922 471.346435546875 345.340866088867 552.496871948242 603.092208862305 311.099998474121 371.111095428467 443.199370384216 414.194309234619 453.781317710876 406.201221466064 430.734952926636 480.034107208252 464.933544158936 390.820793151855 360.041809082031 365.558746337891 519.401100158691 485.03263092041 526.183418273926 525.729873657227 388.507858276367 499.752336502075
544.035285949707 408.835266113281 504.601266860962 632.522685050964 408.998001098633 443.070436477661 449.879737854004 967.59691619873 1081.16645431519 1214.12355041504 377.713287353516 369.086196899414 528.66087436676 410.884727478027 381.484420776367 388.827423095703 399.68070602417 364.001289367676 328.795959472656 381.235153198242 366.986221313477 515.631240844727 414.120576858521 449.3268699646 405.754050254822 468.509426116943 465.707065582275 423.785480499268 343.296798706055 403.72373008728 455.681800842285 418.315763473511 302.166137695312 298.282730102539 381.24137878418 405.156959533691 461.447148799896 384.535758972168 422.976737976074 299.966552734375 518.061656951904 467.249183654785 430.584520339966 554.464775085449 461.526828765869 497.376071929932 529.510272979736 371.996032714844 478.379674911499 450.413227081299
470.514245986938 377.015182495117 585.726372241974 811.756641387939 545.324562072754 350.187347412109 351.432228088379 580.545204162598 686.826141357422 741.024585723877 465.913009643555 604.82901763916 534.831212997437 503.482451438904 542.612827301025 513.86018371582 380.039772033691 199.125076293945 247.312927246094 379.346557617188 352.442626953125 383.560813903809 457.854730606079 434.91490483284 510.770225524902 442.185905456543 397.731271743774 394.635881900787 436.208423614502 469.394088745117 447.284201622009 366.008895874023 187.2138671875 296.338455200195 355.394004821777 564.163864135742 505.828845977783 254.679779052734 284.33723449707 376.38117980957 592.445541381836 612.853233337402 537.911315917969 311.186851501465 508.79776763916 460.08110666275 526.93643951416 423.89439201355 559.083999633789 470.682140350342
434.207733154297 594.122585296631 746.824158191681 819.843681335449 686.080234527588 422.57526025176 458.114505767822 743.278671264648 695.485122680664 769.15454864502 531.709623336792 433.323760986328 513.083093643188 692.028167724609 562.039573669434 466.286792755127 330.141418457031 317.256134033203 268.378143310547 513.717994689941 487.805122375488 346.037612915039 448.46967124939 336.620155334473 588.132308959961 485.681991577148 441.529993057251 342.755661010742 325.212585449219 349.877765655518 456.777816772461 379.682033538818 356.505966186523 358.130851745605 440.769739151001 425.597764015198 496.73356628418 305.141708374023 254.752212524414 425.138122558594 384.996223449707 468.05406665802 364.800010681152 534.359992980957 532.033180236816 498.316349029541 496.768238067627 498.19945526123 477.116334915161 370.241344451904
547.01362991333 775.461456298828 716.670913696289 643.839968681335 726.834506988525 498.103244781494 534.937232971191 682.772184371948 959.743560791016 1218.58547210693 507.655067443848 585.440171718597 522.796405792236 585.457679748535 486.577098846436 448.228500366211 460.417165577412 429.83470916748 495.784622192383 463.036028862 575.951614379883 360.175506591797 495.834854125977 436.888763070107 450.399697303772 441.695979118347 458.196708679199 457.810401916504 342.26912689209 356.695114135742 366.212745666504 292.1943359375 351.973609924316 303.981956481934 400.097514152527 378.659450531006 329.323806762695 486.210266113281 366.499282836914 326.262992858887 412.394039154053 460.108367919922 399.684139251709 520.231754302979 498.565788269043 511.080421447754 418.04439163208 627.846649169922 272.102188110352 346.114463806152
809.671607971191 983.411689758301 963.862121582031 933.029159545898 651.606857299805 543.534008026123 639.767608642578 435.242233276367 584.748722076416 398.209632873535 555.051944732666 434.045166015625 416.13843536377 622.976684570312 316.949844360352 521.726712226868 428.376510620117 472.929007530212 463.664148330688 411.495983123779 551.329620361328 387.856353759766 556.120315551758 410.14963722229 401.073377609253 263.11360168457 446.251857757568 253.951904296875 359.297241210938 404.238302230835 417.676906585693 374.085906982422 337.316604614258 336.242881774902 494.382713317871 356.427478790283 343.316856384277 341.029884338379 327.53271484375 339.648368835449 464.858542442322 472.329177856445 487.03678894043 518.831840515137 680.971771240234 532.330284118652 494.18590927124 592.178619384766 460.009496688843 368.39635848999
598.990936969407 1027.28317260742 901.49284362793 848.46342086792 349.289119720459 506.439140319824 477.890203475952 433.549034118652 504.700538635254 336.784393310547 592.658702850342 598.910827636719 511.902956008911 522.601012825966 446.403316497803 481.74446105957 433.165863037109 413.606437683105 467.368892669678 480.748973846436 476.850437164307 516.885696411133 601.358688354492 464.81774520874 370.619438171387 434.570625782013 335.553558349609 429.993511199951 387.442686080933 417.392575740814 519.336769104004 408.86674118042 370.900352478027 327.849876403809 289.910339355469 398.044958114624 363.600749969482 451.477745056152 341.273887634277 361.535255432129 381.451862335205 411.279487609863 483.652317047119 522.674026489258 380.330106735229 455.142868041992 455.447578430176 580.385620117188 492.694820404053 522.728103637695
