simdem/realisation19.asc
NCOLS 350 
NROWS 171 
XLLCORNER 152620 
YLLCORNER 418050 
CELLSIZE 100 
NODATA_value -9999 
[rows 88 to 109 of 171, columns 0 to 49 of 350]
-9999 -9999 -9999 -9999 -9999 -9999 -9999 -9999 -9999 -9999 -9999 -9999 -9999 -9999 -9999 -9999 -9999 436.354175567627 554.988235473633 426.657806396484 378.948516845703 425.660003662109 409.497001647949 542.688034057617 349.875091552734 633.616371154785 565.449527740479 379.789886474609 798.242916107178 539.324768066406 523.367538452148 479.680770874023 591.611794710159 392.664938926697 564.852821350098 387.757022857666 359.091323852539 648.56462097168 649.893606185913 650.119598388672 799.03271484375 695.119037628174 151.136764526367 221.854112625122 381.828994750977 314.550365447998 421.972755432129 590.635940551758 582.675480365753 387.074456214905
-9999 -9999 -9999 -9999 -9999 -9999 -9999 -9999 -9999 -9999 -9999 -9999 -9999 -9999 -9999 -9999 -9999 359.894737243652 500.370231628418 380.13000869751 497.728912353516 453.91347694397 484.121723175049 363.417907714844 445.892208099365 805.238786697388 738.362159729004 1171.94841003418 635.264122009277 523.513600349426 455.66820526123 687.913948059082 450.786224365234 254.191955566406 483.894172668457 703.662551879883 506.717010498047 732.358818054199 690.817939758301 673.587569236755 708.770385742188 567.24870300293 593.504887580872 505.870498657227 424.060729980469 443.326866149902 654.361961364746 576.902961730957 243.331069946289 450.239963531494
-9999 -9999 -9999 -9999 -9999 -9999 -9999 -9999 -9999 -9999 -9999 -9999 -9999 -9999 -9999 -9999 491.45329284668 648.687671661377 419.002044677734 295.666492462158 600.165939331055 503.363363265991 669.113731384277 448.185001373291 648.464611053467 642.403053283691 600.416748046875 570.852844238281 542.657230377197 492.237289428711 447.550754547119 545.645080566406 338.626316070557 550.926502227783 474.503707885742 539.24764251709 763.322678565979 675.872779846191 524.587160110474 538.564208984375 152.513153076172 445.725996017456 597.720851898193 486.871543884277 430.779928207397 568.432804107666 562.344688415527 283.029644966125 403.169860839844 374.583763122559
-9999 -9999 -9999 -9999 -9999 -9999 -9999 -9999 -9999 -9999 -9999 -9999 -9999 -9999 -9999 -9999 598.940728187561 574.226493835449 474.365653038025 527.906643986702 436.414390563965 655.436367034912 594.758682250977 503.561109542847 551.766067504883 348.769088745117 582.624071359634 608.338234007359 635.364719390869 421.561120986938 665.692092895508 291.956268310547 456.692922592163 465.505804538727 774.591727256775 316.121246337891 566.335754394531 553.685668945312 582.503271102905 210.194751739502 155.111442565918 229.496719360352 332.990875244141 111.750022888184 550.841735839844 301.011619567871 315.002170562744 419.267181396484 459.433120727539 299.537334442139
-9999 -9999 -9999 -9999 -9999 -9999 -9999 -9999 -9999 -9999 -9999 -9999 -9999 -9999 -9999 734.494064331055 539.703952789307 406.445526123047 611.256889343262 603.587944030762 651.906595230103 518.982482910156 602.196266174316 840.778708457947 492.721383094788 694.083786010742 508.184234619141 324.812660217285 528.373565673828 633.900320053101 780.459846496582 559.968032836914 751.510499954224 470.714195251465 668.103551387787 541.92000579834 514.621368408203 618.453327178955 696.411582946777 57.1566009521484 129.452072143555 272.558624267578 235.223140716553 16.7397079467773 322.046560287476 289.193153381348 313.138481140137 352.087699890137 607.964813232422 329.135726928711
-9999 -9999 -9999 -9999 -9999 -9999 -9999 -9999 -9999 -9999 -9999 -9999 -9999 -9999 -9999 617.246063232422 471.355926513672 474.311393737793 555.629829406738 563.882774353027 518.719581604004 443.84672164917 845.026504516602 884.994995117188 945.635070800781 548.040139913559 600.954883575439 506.050559997559 464.825294494629 548.395729064941 408.416605949402 442.378842353821 481.44856262207 507.300109863281 682.595020294189 688.627559661865 727.485710144043 680.168570041656 669.993233442307 150.050300598145 217.307357788086 215.277450561523 263.947032928467 93.6382446289062 161.889823913574 208.906932830811 275.495861053467 352.028182983398 250.597576141357 477.662857055664
-9999 -9999 -9999 -9999 -9999 -9999 -9999 -9999 -9999 -9999 -9999 -9999 -9999 -9999 685.01148223877 539.762069702148 445.875137329102 418.700294494629 583.257934570312 466.568290710449 519.245836257935 606.32341003418 660.706451416016 638.699661254883 389.161148071289 513.976276397705 636.481962442398 465.899757385254 420.998874664307 380.784950256348 497.408813476562 335.973793029785 311.803855895996 319.320529937744 349.176936149597 720.158100128174 667.86186170578 799.041679382324 -9999 -9999 223.089279174805 357.829475402832 149.673133850098 267.507892608643 324.515357971191 375.175239562988 562.028312683105 704.380950927734 370.534702301025 441.648544311523
-9999 -9999 -9999 -9999 -9999 -9999 -9999 -9999 -9999 -9999 -9999 -9999 -9999 -9999 489.634826660156 427.36385345459 574.357765197754 373.172981262207 478.13644695282 679.527641296387 513.501222610474 794.770225524902 462.829605102539 493.250770568848 546.203968048096 655.306034088135 793.532836914062 713.497035980225 684.360240936279 639.70832824707 514.642303466797 286.950223922729 212.146564483643 257.306442260742 226.075523376465 -9999 -9999 -9999 -9999 -9999 -9999 -9999 165.471302032471 148.165245056152 346.307945251465 363.585922241211 510.261077880859 690.222259521484 336.421199798584 305.38994884491
-9999 -9999 -9999 -9999 -9999 -9999 -9999 -9999 -9999 -9999 -9999 -9999 -9999 575.253417253494 394.065338134766 417.911392211914 415.628150939941 350.697845458984 563.591690063477 431.606237411499 641.952196121216 699.662195205688 853.598846435547 517.378234863281 415.537094116211 502.731895446777 632.915962219238 703.706634521484 661.221771240234 791.44328212738 527.393431544304 478.00203704834 433.880201816559 254.255206108093 308.675212860107 -9999 -9999 -9999 -9999 -9999 -9999 -9999 -9999 119.750152587891 60.4139404296875 172.945083618164 224.28244972229 441.573783874512 525.410247802734 294.792554855347
-9999 -9999 -9999 -9999 -9999 -9999 -9999 -9999 -9999 -9999 -9999 -9999 -9999 560.323791503906 520.137462615967 423.412113189697 57.8358764648438 175.426410675049 397.742561340332 656.885093688965 700.804214477539 491.160629272461 621.184566497803 431.875045776367 421.73030090332 325.842178344727 466.509254455566 580.483798980713 496.043510437012 720.456817626953 508.077369689941 459.909496307373 498.30712890625 564.061187744141 -9999 -9999 -9999 -9999 -9999 -9999 -9999 -9999 -9999 -9999 77.8538970947266 208.747447967529 350.754058837891 146.122947692871 456.912954330444 315.142307281494
-9999 -9999 -9999 -9999 -9999 -9999 -9999 -9999 -9999 -9999 -9999 -9999 615.797821044922 451.818403244019 488.003480911255 453.550321578979 515.90852355957 440.843772888184 710.882820129395 714.157869338989 579.296215057373 445.277172088623 480.167610168457 415.076736450195 522.8567237854 646.452922821045 545.997947692871 530.695137023926 730.891080856323 600.838921070099 654.360412597656 376.857620239258 432.593870639801 -9999 -9999 -9999 -9999 -9999 -9999 -9999 -9999 -9999 -9999 -9999 224.672500610352 141.18684387207 259.005111694336 377.107978820801 499.826370239258 673.232791900635
-9999 -9999 -9999 -9999 -9999 -9999 -9999 -9999 -9999 -9999 -9999 596.751884460449 487.9358253479 457.879249572754 522.665992736816 505.594505310059 503.705444335938 635.557998657227 523.321098327637 558.495361328125 591.783540725708 1093.17290496826 465.514709472656 399.995597839355 495.457588195801 701.160552978516 621.700108081102 601.243850708008 592.298838853836 434.978168487549 563.360504150391 560.387901306152 557.747467041016 -9999 -9999 -9999 -9999 -9999 -9999 -9999 -9999 -9999 -9999 -9999 -9999 285.896507263184 331.93203830719 473.714614868164 362.228496551514 692.384353637695
-9999 -9999 -9999 -9999 -9999 -9999 -9999 -9999 -9999 -9999 -9999 369.453681945801 300.679092407227 341.930816650391 429.052276611328 375.614307403564 389.132026672363 564.085525512695 651.989351272583 610.604051589966 545.419410705566 582.076133728027 558.04137294367 585.967922210693 599.958516120911 561.863014221191 490.771957397461 545.56964302063 480.418762207031 503.233619689941 494.869579315186 480.147439002991 -9999 -9999 -9999 -9999 -9999 -9999 -9999 -9999 -9999 -9999 -9999 -9999 -9999 486.015754699707 293.912494659424 278.688438415527 443.004417419434 607.546279907227
-9999 -9999 -9999 -9999 -9999 -9999 -9999 -9999 -9999 -9999 491.445362091064 222.918182373047 298.486694335938 416.414677619934 394.75844335556 438.637649536133 677.274658203125 644.824878692627 610.673790931702 500.593715667725 518.182926177979 636.919765472412 652.054420471191 631.595565795898 625.419310569763 795.260803222656 369.484756469727 573.769848525524 558.688262939453 459.652931213379 332.428077697754 -9999 -9999 -9999 -9999 -9999 -9999 -9999 -9999 -9999 -9999 -9999 -9999 -9999 -9999 -9999 531.086984634399 314.53434753418 299.342617034912 339.128433227539
-9999 -9999 -9999 -9999 -9999 -9999 -9999 -9999 -9999 -9999 423.94123840332 391.191589355469 455.587968826294 452.993606567383 486.485244750977 479.573406219482 646.659724235535 400.350471496582 675.397827148438 606.597801208496 633.638305664062 465.400314331055 545.980911254883 633.912487030029 489.312578201294 308.913047790527 446.703582763672 302.162525177002 230.083137512207 99.6051254272461 -9999 -9999 -9999 -9999 -9999 -9999 -9999 -9999 -9999 -9999 -9999 -9999 -9999 -9999 -9999 -9999 -9999 587.140580177307 489.809883117676 307.35860824585
-9999 -9999 -9999 -9999 -9999 -9999 -9999 -9999 -9999 429.640174865723 407.504518508911 402.721672058105 387.562118530273 368.926515579224 570.810516357422 588.528415679932 532.366300582886 730.996185302734 616.687431335449 1008.56342887878 552.257385253906 540.458909988403 639.427680969238 617.548652648926 437.540489196777 489.731758117676 285.733512878418 193.893297195435 238.62628364563 204.51198387146 -9999 -9999 -9999 -9999 -9999 -9999 -9999 -9999 -9999 -9999 -9999 -9999 -9999 -9999 -9999 -9999 -9999 -9999 353.109275817871 319.18244934082
-9999 -9999 -9999 -9999 -9999 -9999 -9999 -9999 551.478820800781 388.129985809326 398.351497650146 435.46306848526 446.678071677685 209.391214370728 554.034622192383 665.932991027832 638.675445556641 606.404754638672 449.757230758667 601.200202941895 543.399109840393 451.161285400391 507.724281311035 274.166481018066 274.697967529297 255.016014099121 112.97834777832 245.91381072998 83.7685241699219 -9999 -9999 -9999 -9999 -9999 -9999 -9999 -9999 -9999 -9999 -9999 -9999 -9999 -9999 -9999 -9999 -9999 -9999 -9999 -9999 813.131290435791
-9999 -9999 -9999 -9999 -9999 -9999 -9999 -9999 466.625396728516 435.961086273193 570.388076782227 603.785705566406 532.669456481934 473.451225280762 488.50831413269 538.096796035767 643.143745422363 402.347270965576 799.350633621216 538.464981079102 545.515801429749 509.730813980103 635.135993719101 204.637012481689 329.930419445038 343.731384277344 219.896528244019 207.943405151367 -9999 -9999 -9999 -9999 -9999 -9999 -9999 -9999 -9999 -9999 -9999 -9999 -9999 -9999 -9999 -9999 -9999 -9999 -9999 -9999 -9999 -9999
-9999 -9999 -9999 -9999 -9999 -9999 -9999 482.441150665283 408.5218334198 413.011419296265 496.46763420105 633.395355224609 469.91410446167 434.814628601074 269.300277709961 345.19287109375 544.950361549854 522.992950439453 597.075630187988 460.68684387207 254.100189208984 431.959060668945 77.6015472412109 184.615219116211 221.700686454773 163.098846435547 176.356018066406 198.0319480896 -9999 -9999 -9999 -9999 -9999 -9999 -9999 -9999 -9999 -9999 -9999 -9999 -9999 -9999 -9999 -9999 -9999 -9999 -9999 -9999 -9999 -9999
-9999 -9999 -9999 -9999 -9999 -9999 483.929004669189 534.863380432129 657.780075073242 484.287296295166 634.505264282227 505.653545379639 721.906951904297 381.156616210938 242.250030517578 516.954176902771 456.102228164673 511.727737426758 508.315910339355 428.517803192139 454.545036315918 442.889823913574 332.695243835449 225.978281021118 204.157497406006 192.039474487305 143.558662414551 -9999 -9999 -9999 -9999 -9999 -9999 -9999 -9999 -9999 -9999 -9999 -9999 -9999 -9999 -9999 -9999 -9999 -9999 -9999 -9999 -9999 -9999 -9999
-9999 -9999 -9999 -9999 538.391502380371 603.557723999023 625.719604492188 124.581428527832 227.871570587158 444.079526901245 577.793525695801 681.730117797852 588.624202728271 570.299724578857 589.050651550293 448.121175765991 634.179105758667 376.283745765686 342.145805358887 590.788215637207 524.450681686401 741.597507476807 165.207854270935 38.6049690246582 207.136535644531 256.974956512451 -9999 -9999 -9999 -9999 -9999 -9999 -9999 -9999 -9999 -9999 -9999 -9999 -9999 -9999 -9999 -9999 -9999 -9999 -9999 -9999 -9999 -9999 -9999 -9999
86.7302856445312 234.798877716064 306.371994018555 516.510864257812 517.040512084961 569.836563110352 493.719345092773 523.175369262695 189.428238868713 605.746765136719 531.108169555664 630.924758911133 737.699554443359 533.485803604126 416.212333679199 576.827850341797 911.76456451416 298.11222076416 300.870212554932 585.535945892334 411.890380859375 343.099243164062 185.67041015625 86.7153844833374 97.3071575164795 60.172194480896 -9999 -9999 -9999 -9999 -9999 -9999 -9999 -9999 -9999 -9999 -9999 -9999 -9999 -9999 -9999 -9999 -9999 -9999 -9999 -9999 -9999 -9999 -9999 -9999
