simdem/realisation81.asc
NCOLS 350 
NROWS 171 
XLLCORNER 152620 
YLLCORNER 418050 
CELLSIZE 100 
NODATA_value -9999 
[rows 0 to 21 of 171, columns 200 to 249 of 350]
-9999 -9999 -9999 -9999 -9999 -9999 -9999 -9999 -9999 -9999 -9999 -9999 -9999 -9999 -9999 -9999 -9999 -9999 -9999 -9999 -9999 -9999 -9999 -9999 -9999 -9999 -9999 -9999 -9999 -9999 -9999 -9999 -9999 -9999 -9999 -9999 -9999 -9999 -9999 -9999 -9999 -9999 -9999 -9999 -9999 -9999 -9999 -9999 -9999 -9999
-9999 -9999 -9999 -9999 -9999 -9999 -9999 -9999 -9999 -9999 -9999 -9999 -9999 -9999 -9999 -9999 -9999 -9999 -9999 -9999 -9999 -9999 -9999 -9999 -9999 -9999 -9999 -9999 -9999 -9999 -9999 -9999 -9999 -9999 -9999 -9999 -9999 -9999 -9999 -9999 -9999 -9999 -9999 -9999 -9999 -9999 -9999 -9999 -9999 -9999
-9999 -9999 -9999 -9999 -9999 -9999 -9999 -9999 -9999 -9999 -9999 -9999 -9999 -9999 -9999 -9999 -9999 -9999 -9999 -9999 -9999 -9999 -9999 -9999 -9999 -9999 -9999 -9999 -9999 -9999 -9999 -9999 -9999 -9999 -9999 -9999 -9999 -9999 -9999 -9999 -9999 -9999 -9999 -9999 -9999 -9999 -9999 -9999 -9999 -9999
-9999 -9999 -9999 -9999 -9999 -9999 -9999 -9999 -9999 -9999 -9999 -9999 -9999 -9999 -9999 -9999 -9999 -9999 -9999 -9999 -9999 -9999 -9999 -9999 -9999 -9999 -9999 -9999 -9999 -9999 -9999 -9999 -9999 -9999 -9999 -9999 -9999 -9999 -9999 -9999 -9999 -9999 -9999 -9999 -9999 -9999 -9999 -9999 -9999 -9999
-9999 -9999 -9999 -9999 -9999 -9999 -9999 -9999 -9999 -9999 -9999 -9999 -9999 -9999 -9999 -9999 -9999 -9999 -9999 -9999 -9999 -9999 -9999 -9999 -9999 -9999 -9999 -9999 -9999 -9999 -9999 -9999 -9999 -9999 -9999 -9999 -9999 -9999 -9999 -9999 -9999 -9999 -9999 -9999 -9999 -9999 -9999 -9999 -9999 -9999
508.718967437744 547.636301040649 588.543630599976 691.709266662598 848.493064880371 -9999 -9999 -9999 -9999 -9999 -9999 -9999 -9999 -9999 -9999 -9999 -9999 -9999 -9999 -9999 -9999 -9999 -9999 -9999 -9999 -9999 -9999 -9999 -9999 -9999 -9999 -9999 -9999 -9999 -9999 -9999 -9999 -9999 -9999 -9999 -9999 -9999 -9999 -9999 -9999 -9999 -9999 -9999 -9999 -9999
313.134918212891 534.175628662109 468.210633397102 554.798583984375 841.443557739258 848.688461303711 607.081756591797 717.013092041016 658.58763885498 582.009170532227 -9999 -9999 -9999 -9999 -9999 -9999 -9999 -9999 -9999 -9999 -9999 -9999 -9999 -9999 -9999 -9999 -9999 -9999 -9999 -9999 -9999 -9999 -9999 -9999 -9999 -9999 -9999 -9999 -9999 -9999 -9999 -9999 -9999 -9999 -9999 -9999 -9999 -9999 -9999 -9999
946.583824157715 497.649490356445 273.102752685547 520.051731109619 721.013366699219 649.141149520874 482.367102146149 474.821652412415 464.875447750092 503.835990905762 459.423872709274 403.168762207031 600.794464111328 624.181743621826 714.955177307129 784.074005126953 863.908416748047 644.406982421875 1053.59446716309 1087.95735168457 1076.63061523438 951.365169525146 784.60961151123 758.63801574707 971.619335174561 1020.04457855225 951.744998931885 902.16986656189 974.731985092163 933.221454620361 947.306613922119 896.92110824585 736.871271133423 987.920417785645 778.641059875488 814.596839904785 983.468536376953 1019.41204833984 812.56672668457 -9999 -9999 -9999 -9999 -9999 -9999 -9999 -9999 -9999 -9999 -9999
840.242744445801 912.609545707703 766.593296051025 838.149520874023 1102.79526519775 976.252918243408 1137.20682525635 410.50114440918 464.039612293243 366.648071289062 434.049980163574 499.996301651001 551.557914733887 573.195320129395 631.4443359375 597.499038696289 721.193237304688 697.559982299805 938.74959564209 899.198589324951 927.00032043457 811.733936786652 814.942991256714 595.922637939453 795.615152359009 898.262229919434 694.600448608398 684.006439208984 847.690185546875 854.881246566772 818.909384727478 815.404929757118 682.036750793457 715.112697601318 493.456390380859 565.87744140625 1005.53257751465 951.655517578125 680.843383789062 687.626188278198 850.385786056519 1296.01382446289 1559.31597900391 973.239177703857 631.423294067383 -9999 -9999 -9999 -9999 -9999
965.882687568665 1002.51790547371 817.045877456665 671.620960235596 927.707504272461 1013.8620891571 1127.047914505 882.655639648438 728.076644897461 751.707136034966 700.105091094971 835.341613769531 499.695850372314 580.69970703125 675.017181396484 616.398544311523 419.573280334473 596.092620849609 967.10230255127 897.325855255127 814.754592895508 873.329532623291 831.293737411499 736.735424041748 694.867790222168 703.162750244141 644.327545166016 711.288688659668 769.187309265137 841.94679069519 897.251537322998 775.714534759521 683.097799301147 689.127243041992 574.789077758789 559.06120300293 942.532592773438 1055.87122344971 389.416900634766 427.841674804688 622.187088012695 981.547004699707 865.051080226898 1055.44192504883 824.160835266113 1371.83436107635 852.050453186035 -9999 -9999 -9999
775.102157592773 714.398597717285 1096.76983642578 1123.91028594971 1040.50860595703 1010.694480896 1185.72380638123 1032.23621368408 887.319953918457 661.319976806641 682.125164031982 658.942901611328 518.178581237793 628.21981048584 572.672309875488 837.24934387207 827.466514587402 865.324756622314 917.608009338379 1027.56769561768 1014.38468933105 1139.82479095459 807.997047424316 619.159759521484 639.7998046875 613.466064453125 678.909088134766 672.794189453125 690.157333374023 807.341487884521 828.131103515625 846.829711914062 825.749481201172 642.383457183838 579.316261291504 425.068099975586 402.424743652344 824.230178833008 653.294677734375 513.192573547363 530.809967041016 652.487327575684 725.947639465332 881.270233154297 694.404384613037 1256.11340427399 1017.06412506104 1377.2451839447 706.976539611816 -9999
832.9794921875 1004.77074241638 853.728454589844 1070.14171218872 965.18839263916 1095.98859977722 1017.495262146 1093.46221542358 912.082977294922 955.993782043457 832.774478197098 732.29386138916 697.559295654297 640.367807388306 493.170280456543 686.056795120239 801.74275970459 924.188095092773 1081.9485168457 980.570110321045 948.860433578491 1119.53147125244 859.332153320312 671.202587127686 600.388046264648 625.571914672852 621.711212158203 679.332290649414 733.896423339844 752.845321655273 703.378555297852 780.235488891602 725.426689147949 622.395084381104 612.038604736328 454.305206298828 551.775909423828 866.399429321289 736.606033325195 748.956298828125 580.37712097168 637.644731521606 600.008682250977 679.922485351562 568.424346923828 731.980178833008 827.531820297241 1308.9957113266 827.811641693115 704.814895629883
954.816215515137 885.447113037109 804.787338256836 834.739886283875 746.004329681396 878.813982486725 717.251529693604 738.313690185547 944.3125 907.168632507324 938.907859802246 796.232439875603 875.575569152832 763.352005004883 864.755638122559 753.94116973877 940.669116973877 923.815908908844 950.080423355103 1022.33915138245 975.547729492188 1248.72863006592 845.847583770752 733.943302154541 795.245246887207 914.78035068512 887.485033035278 871.681190490723 727.552993774414 863.563575744629 872.999620437622 763.222579956055 664.613983154297 805.454998016357 825.805339813232 743.330368041992 701.884511947632 965.050552368164 848.087036132812 717.140274047852 394.929168701172 662.530692100525 611.33373260498 1050.28845214844 879.68147277832 812.386225223541 826.688997268677 793.953971862793 658.188110351562 635.7197265625
643.240081787109 677.871172904968 603.623832702637 668.371290564537 807.062881469727 682.068096637726 678.638457298279 718.348720550537 1068.65195465088 828.444452285767 819.42028427124 945.533765792847 800.975278615952 845.591316223145 848.333655357361 1425.57078933716 878.933724403381 755.753623962402 985.925801277161 1242.61210632324 981.283714294434 1427.176902771 935.520919799805 560.331787109375 696.175216674805 762.00757598877 826.634807348251 619.868103027344 795.747619628906 888.596176147461 852.944736480713 909.28920841217 993.028944015503 919.192512512207 872.443328857422 1103.12100219727 1084.84593582153 952.603546142578 949.410263061523 805.20686340332 629.465896606445 657.287612915039 579.936790466309 927.327322006226 1046.53105163574 1033.35117721558 993.355668067932 747.925046920776 687.247917175293 929.315078735352
720.831468582153 555.167434692383 601.464904785156 760.492744445801 651.616537094116 743.344711303711 668.940461158752 824.196029663086 631.722473144531 769.248874664307 1010.86400604248 978.81830406189 1341.5198097229 734.06259727478 722.529258728027 808.949452400208 658.222709655762 668.056854248047 668.279136657715 1283.97411727905 692.528156280518 756.554557800293 824.384605407715 1096.97801208496 671.552745819092 647.485359191895 790.889140129089 856.171625137329 865.382535457611 706.780014038086 884.092014312744 899.761707305908 734.992904663086 760.003799438477 853.563215255737 943.983208656311 904.679733276367 950.253074645996 976.37216758728 731.619827270508 847.913772583008 866.088729858398 938.36653137207 984.306900024414 948.242514610291 1068.68000030518 1040.05057907104 1128.2400970459 908.242408752441 975.992309570312
825.201293945312 721.467619895935 688.274686813354 637.629108428955 821.810745239258 721.557434082031 752.808517456055 824.164924621582 831.618789672852 748.189086914062 595.533981323242 601.001190185547 813.977184126154 766.733821868896 778.475480079651 825.788824081421 646.889778137207 696.544509887695 665.076728820801 768.139122009277 715.104760229588 865.395690917969 862.19766998291 871.128509521484 770.202548027039 773.542594909668 869.501860618591 920.362197875977 750.673982620239 846.852101325989 822.926034927368 878.60432434082 741.217750549316 804.291728973389 772.866249084473 834.486949920654 866.98836517334 998.576057434082 965.81689453125 913.213550567627 744.980072021484 749.29118347168 965.193771362305 936.196990966797 1144.53858947754 1118.34482574463 908.370544433594 935.372116088867 921.512832641602 804.123296737671
788.592929840088 734.936618804932 783.258190155029 754.990846633911 810.417980194092 767.957328796387 703.30643415451 904.142639160156 824.920806884766 703.453437805176 981.031761966646 817.835372924805 826.276351928711 748.135732650757 780.271124839783 736.856221199036 808.688507080078 776.689830780029 657.110443115234 640.587020874023 732.417651176453 789.758686065674 1019.46199035645 928.906311035156 852.838348388672 656.948402404785 709.804252624512 1193.83982849121 748.713592529297 924.874849319458 907.675281524658 940.827178955078 675.921951293945 817.198150634766 868.78503036499 925.024917602539 815.092063903809 929.806419372559 974.749328613281 897.934201955795 844.411193847656 862.234619140625 1029.9239654541 1019.49540710449 1007.37242507935 1165.56748962402 1004.32360839844 1012.62087631226 1026.9828338623 765.661117553711
521.209182739258 620.14241027832 1251.46318817139 823.791633605957 738.547077178955 855.918312072754 716.313661575317 752.608745574951 832.654403686523 789.540939331055 844.295433282852 680.688201904297 671.621021270752 815.333930969238 895.922500610352 620.537384033203 792.053276062012 754.145228385925 743.410272598267 602.282417297363 726.978969573975 754.09888458252 606.643493652344 662.585544586182 578.32112121582 640.956665039062 631.155467987061 620.958213806152 708.068862915039 710.801811218262 1038.70133399963 892.865371704102 500.581497192383 1198.61441040039 620.137161254883 686.584991455078 611.461654663086 774.020011901855 829.071900367737 804.571509361267 865.69654083252 912.162651062012 900.221572875977 856.629417419434 798.798427581787 907.691775083542 922.36563873291 1018.67845535278 876.316089630127 935.487596511841
1042.6580657959 634.906089782715 1351.93303585052 1137.49897003174 686.223642349243 624.533248901367 610.912986755371 659.805011749268 1101.69744968414 689.857032775879 539.761734008789 644.095989227295 866.975326538086 800.314453125 709.072212219238 771.642025947571 753.254558563232 781.953903198242 673.014701843262 565.875816345215 608.18448638916 687.484382629395 588.254577636719 574.066177368164 571.708168029785 677.862475395203 657.537666320801 624.972007751465 929.96142578125 873.491195678711 799.236934661865 692.371566772461 660.128074645996 733.221561431885 581.674026489258 1132.62237548828 461.354766845703 673.151344299316 677.645935058594 739.126991271973 966.81649017334 931.573753356934 770.574317932129 929.703411102295 754.494174957275 788.563007354736 982.25129699707 917.437892913818 871.950561523438 1011.91902160645
705.279596328735 823.355361938477 870.288604736328 783.340156078339 1066.89756774902 1472.57318878174 980.826591491699 769.611003875732 612.988311767578 721.767338752747 678.817503929138 686.328883647919 832.109489440918 780.756195068359 696.510200500488 702.385406494141 802.135299682617 708.286430358887 688.364985466003 802.02628326416 687.00998878479 695.950284957886 663.657295227051 618.805671691895 680.236565589905 814.598106384277 806.896766662598 812.450271606445 858.082939147949 739.371797561646 699.023330688477 721.307640075684 657.793487548828 621.277450561523 711.984302520752 737.773334503174 689.20365524292 1136.23173522949 695.191589355469 748.954622268677 713.108657836914 786.583986282349 661.042526245117 831.089149475098 777.307874679565 843.65864944458 1017.0567855835 910.265495300293 1004.5951385498 890.396564483643
669.904663085938 727.618284225464 676.752817153931 666.839347839355 683.077959060669 618.257301330566 717.703217506409 576.456176757812 689.906917691231 724.746742248535 709.43970489502 814.856750488281 658.243925571442 731.844734191895 722.883991122246 768.366409301758 784.334545135498 758.173732757568 740.496406555176 719.366596221924 688.679281234741 746.521530151367 676.432222366333 713.949584960938 686.505129814148 761.941661834717 945.816528320312 931.074523925781 816.502250671387 708.369385123253 673.951240539551 680.870983123779 572.259582519531 641.268447875977 833.237236022949 734.174034118652 879.188858032227 712.051525115967 828.518836975098 1210.85206604004 1241.8288269043 790.438125610352 644.724388122559 628.856475830078 715.075820922852 784.489429473877 891.900947570801 1043.90218544006 1309.57677459717 869.215806260705
683.169803619385 750.370796203613 771.957298278809 716.934278488159 832.693374633789 793.723663330078 544.679931640625 705.085408210754 845.262542724609 819.574096679688 650.977451324463 649.853582382202 647.585968017578 621.897804260254 736.175010681152 841.366073608398 759.243530273438 637.379989624023 810.938430786133 723.83012008667 883.536087036133 806.628623962402 699.835226535797 607.665626525879 765.622665405273 664.511547088623 706.195175170898 822.286697387695 769.570419311523 759.54317933321 787.269790649414 805.574077606201 527.412994384766 764.892545700073 792.560489654541 895.927734375 663.971405029297 763.084311187267 737.43041229248 813.460264205933 703.357830047607 636.889060974121 657.863639831543 737.648086547852 636.094833374023 863.204391479492 844.890784263611 966.136260986328 1081.01745605469 872.333189487457
