simdem/realisation36.asc
NCOLS 350 
NROWS 171 
XLLCORNER 152620 
YLLCORNER 418050 
CELLSIZE 100 
NODATA_value -9999 
[rows 22 to 43 of 171, columns 150 to 199 of 350]
563.046131134033 572.824813842773 610.485065460205 577.690589904785 684.073131561279 676.294189453125 633.477418899536 498.40104675293 669.601290464401 585.377811431885 596.314239501953 827.437477111816 998.029396057129 568.361434936523 670.248657226562 618.379615783691 882.486194610596 734.939260482788 510.929840087891 643.563285827637 704.344821929932 758.028335571289 840.521557092667 715.69181060791 744.98734664917 689.820220947266 870.20426940918 566.264358520508 577.57893371582 567.086196899414 493.359840393066 501.350959777832 538.424751281738 629.07239151001 634.206169128418 581.824043273926 715.908599853516 766.478637695312 806.690795898438 659.303286552429 741.026737213135 755.270668029785 687.985219955444 637.830390930176 669.208827972412 687.63486289978 597.910537719727 526.515670776367 733.114004135132 727.145442962646
659.478099822998 630.239068984985 651.970935821533 737.094985961914 601.500286102295 619.090980529785 617.716562271118 613.085930660367 712.76838684082 634.412262916565 574.695541381836 718.276799201965 739.821820259094 682.003845214844 601.411308288574 641.943962097168 751.865718841553 971.056565284729 696.690879821777 678.787659168243 785.91497528553 645.224086761475 718.989532470703 638.521949768066 514.77197265625 555.954833984375 959.621917724609 593.484588623047 575.352935791016 704.447521209717 504.622055053711 632.204008102417 632.823062896729 704.626075744629 570.45825958252 604.743732452393 671.705341339111 765.979141235352 691.258838653564 579.22785949707 654.018993377686 670.308685302734 640.896087646484 666.092682868242 747.411624908447 650.127012252808 743.867950439453 656.870185852051 612.735038757324 756.745986938477
655.197593688965 569.908643245697 662.880786895752 556.609985351562 686.362731933594 603.58965587616 627.430679321289 626.895586013794 648.414604187012 574.227325439453 570.585342407227 588.126754760742 961.008766174316 857.692804336548 545.170402526855 1262.97686767578 529.777938842773 628.796630859375 623.709703445435 610.00186920166 731.399566650391 629.865951538086 633.171279907227 511.901885986328 564.940002441406 468.295486450195 471.587738037109 573.766098022461 652.232346534729 639.233273506165 622.740755081177 590.299011230469 657.844923019409 676.956552505493 600.092391967773 674.418025970459 643.500604629517 661.830722808838 746.465805053711 713.094188690186 756.212020874023 706.715698242188 712.412368774414 725.262493133545 864.244827270508 814.747299194336 843.715255737305 771.996383666992 613.317481994629 711.992116928101
598.566912651062 580.557892799377 532.024742126465 652.241550445557 760.342971801758 543.424911499023 570.02681350708 638.408388137817 685.309543609619 657.656463623047 648.757640361786 571.033958435059 1157.70108795166 576.424247741699 946.363103866577 605.50553894043 531.756309509277 791.779632568359 487.169998168945 668.45874786377 998.390914916992 958.679191589355 522.109390258789 528.279724121094 555.196273803711 440.522674560547 531.881683349609 612.048942565918 734.7353515625 644.669981002808 565.176902770996 753.373870849609 633.999620437622 513.805297851562 673.491619110107 584.431732177734 769.775741577148 661.731050491333 723.006240844727 661.479246139526 724.159969329834 722.370639801025 582.95401763916 642.956840515137 815.762321472168 795.496963500977 772.876319885254 750.440662384033 767.23087310791 718.152351379395
669.493881225586 720.989135742188 658.691284179688 685.250057220459 542.690914154053 612.271286010742 615.547743648291 608.192544937134 526.676406860352 680.572677612305 608.211497068405 804.407958984375 811.05447769165 528.724411010742 552.171966552734 787.305828094482 609.679443359375 585.837127685547 623.611724853516 666.820022583008 574.310684204102 663.497833251953 719.65233707428 671.047744750977 603.69165802002 472.253005981445 733.691970825195 529.884803771973 740.933807373047 724.618675231934 749.347686767578 718.710235595703 603.631912231445 652.551326751709 627.93051815033 603.341031074524 679.524543762207 697.299949645996 737.693565368652 698.256622314453 661.186983108521 714.141092300415 647.293932914734 676.174806594849 745.801586151123 651.719482421875 718.972613334656 682.586563110352 626.390930175781 640.213470935822
528.968475341797 474.483512878418 554.007530212402 650.622360229492 593.591151714325 458.81706237793 535.189064025879 544.73755645752 622.916082382202 808.946899414062 512.810081481934 684.747623443604 617.884582519531 554.407073974609 613.590255737305 753.313236236572 654.107482910156 605.322937011719 451.492370605469 607.326477050781 684.961727142334 781.931003570557 631.698673248291 711.346309661865 658.96403503418 772.231872558594 562.798149108887 659.622184753418 595.259693145752 730.760475158691 786.621032714844 708.910339355469 679.90837097168 570.522430419922 693.936873912811 733.662441253662 732.267280578613 728.899406433105 620.266414642334 687.80816078186 669.289632797241 637.607979774475 617.261779785156 514.79443359375 557.35587310791 531.707748413086 772.541122436523 650.765523910522 670.375999450684 716.42798614502
488.46280670166 410.774963378906 524.960945129395 643.277740478516 637.792083740234 527.786109924316 445.658874511719 498.59156036377 623.885173797607 582.657262802124 641.446136474609 1010.6354675293 711.622550964355 773.558197021484 691.335731506348 1058.75680541992 619.222681045532 1066.24102783203 484.995727539062 808.558792114258 772.297676086426 750.006526947021 558.04759979248 670.036560058594 639.09302520752 654.483917236328 460.453475952148 780.70982503891 624.154467344284 716.448745727539 706.501640319824 691.131141662598 765.223587036133 581.120847791433 581.691104888916 752.286224365234 707.896118164062 713.078636169434 513.012977600098 476.643280029297 783.304277420044 1062.79336547852 681.898294448853 616.376670837402 580.490280151367 782.270858764648 644.885408163071 623.357930898666 588.259994268417 626.457733154297
506.165348052979 607.300666809082 521.136180877686 572.544040203094 617.828666687012 658.47290802002 528.860719680786 577.40688419342 600.305891036987 564.100580215454 674.838941574097 1044.50560760498 916.311157226562 935.409370422363 739.496887207031 777.077117919922 685.952728271484 566.591209411621 575.568599700928 618.235315322876 933.696502685547 656.596061706543 632.309764862061 875.202342987061 544.081535339355 405.349807739258 532.471542358398 715.548480033875 698.79077911377 846.78498840332 738.150512695312 776.23210144043 616.557359695435 613.550182342529 752.804595947266 886.706451416016 682.555046081543 635.451044082642 541.566802978516 515.532836914062 561.496002197266 796.258283615112 648.12357711792 473.460815429688 517.880073547363 822.274948120117 696.326560974121 636.836384773254 493.255752563477 428.09733581543
356.600463867188 518.170502632856 558.260046005249 496.630123138428 740.385101318359 684.410293579102 477.716178894043 474.749504089355 651.725353240967 749.46036529541 895.380950927734 1023.61251068115 1170.33622741699 720.393737792969 833.757658004761 647.915613174438 568.884952545166 560.516536712646 541.168041229248 682.595008850098 815.593425750732 624.714393615723 675.413223266602 658.491136550903 579.651561737061 532.688491821289 588.073616027832 673.901767730713 637.491516113281 725.460571289062 700.705436706543 595.717988967896 589.129526138306 578.579013824463 549.171142578125 608.879169464111 686.026000976562 561.575927734375 459.639930725098 472.184051513672 650.746803283691 713.976696014404 627.538066864014 556.224029541016 702.458633422852 689.622688293457 501.169403076172 633.881011962891 645.181331634521 574.279038906097
439.284881591797 524.967208862305 489.840789794922 635.344230651855 644.470779418945 741.599945068359 662.172554016113 693.38232421875 717.759384155273 708.248161315918 729.160297393799 708.894651412964 738.476974487305 598.361892700195 642.084506988525 630.152794837952 700.254188537598 480.150192260742 589.079364299774 601.479709625244 511.093963623047 482.441604614258 538.81455039978 786.05549621582 604.589591026306 609.111540794373 729.615135192871 727.131301879883 574.337419509888 543.820768356323 531.299774169922 489.172004699707 617.858150482178 578.105086617172 605.68478012085 599.072184562683 522.128265380859 623.767219543457 685.470817565918 415.188064575195 640.725036621094 634.954277038574 624.967535018921 565.416307449341 595.201515197754 553.409534454346 484.89119720459 508.541221618652 746.656921386719 656.301704406738
572.902868270874 607.870929718018 555.93868303299 714.756713867188 826.360443115234 712.062744140625 736.845001220703 709.783737182617 1043.81280517578 591.94185256958 733.224363327026 664.493272781372 630.020458221436 555.06547164917 698.359382629395 577.070624351501 659.696083068848 539.767578125 579.303619384766 517.892597198486 557.851922988892 610.959465026855 618.307872772217 560.200465202332 530.471920013428 573.606938362122 573.873507499695 642.177459716797 545.387939453125 601.748737335205 524.99218082428 641.076110839844 596.96085357666 521.07931137085 694.503631591797 637.320465087891 551.693804740906 479.869918823242 632.585594177246 591.400780677795 532.632095336914 568.954040527344 463.95694732666 553.510408401489 572.52641582489 576.641959667206 415.793106079102 545.149097442627 539.334241867065 576.837340593338
516.581962585449 656.327964782715 529.853897094727 736.345977783203 720.186889648438 553.876951217651 560.41545009613 514.760040283203 782.04997253418 755.514343261719 572.374099731445 526.754657745361 503.581382751465 452.054504394531 573.204110145569 598.263726234436 676.452026367188 522.967803955078 399.34684753418 501.009204864502 593.246929168701 565.05312871933 491.125068664551 627.493431091309 479.964195251465 512.495697021484 749.602172851562 699.033168792725 692.337890625 522.070037841797 667.018493652344 666.526596069336 657.55054473877 659.170433044434 712.854156494141 646.767990112305 640.723213195801 621.446468353271 682.342872619629 631.953536987305 521.499027252197 468.075210571289 576.115650653839 626.085971832275 685.526519775391 677.378265380859 560.076092720032 488.737266540527 435.895523071289 492.324066162109
630.519344329834 607.770587921143 660.531036376953 613.97180557251 611.316108703613 621.151351928711 454.983215332031 604.127300262451 676.682907104492 611.949821472168 507.825736999512 456.801742553711 500.33016204834 592.297260284424 592.891105651855 508.924510955811 624.312004089355 490.155826568604 456.074760437012 642.175262451172 560.792840003967 587.533109664917 450.721237182617 501.340328216553 523.750526428223 519.126594543457 454.560508728027 538.029048919678 795.707168579102 478.959533691406 405.904586791992 582.04585647583 588.157424926758 784.912536621094 741.501190185547 689.108383178711 748.251205444336 598.993392944336 515.567794799805 650.711128234863 654.715179443359 480.166656494141 688.118515014648 574.30177116394 764.495468139648 605.739158630371 510.959453582764 590.704803466797 437.636260986328 574.134965896606
574.952016830444 605.390148162842 513.877674102783 687.54891204834 496.244167327881 545.627296447754 594.578344345093 608.615520477295 748.668685913086 658.786933898926 475.973571777344 601.11446762085 605.250122070312 661.518951416016 548.535303115845 417.414627075195 407.416641235352 435.836090087891 499.994049072266 551.982717514038 635.697914123535 552.10410118103 564.194023609161 614.988834381104 479.722175598145 604.579376220703 667.141319274902 588.03833770752 454.656677246094 528.55971416831 527.307931900024 511.746494293213 566.914409637451 709.299087524414 704.632019042969 588.786331176758 800.955017089844 612.244686126709 497.881088256836 608.125553131104 580.061109542847 566.213279724121 674.802362442017 737.227531433105 1156.02743911743 594.72176361084 573.848155975342 435.143455505371 481.856887817383 429.552169799805
571.678335189819 603.266574859619 551.683613777161 530.661378860474 473.842391967773 656.718269348145 578.642693519592 651.654304504395 502.976127624512 578.922786712646 533.848552703857 518.050117492676 576.232469558716 632.22762298584 542.566971063614 408.461715698242 572.97608757019 443.142280578613 630.276206970215 540.214804530144 503.248329162598 574.137722015381 771.818298339844 652.609840393066 585.576070785522 590.248720169067 536.934547424316 751.081604003906 577.57564330101 397.07373046875 503.320594787598 581.071754455566 590.752576828003 561.272943496704 626.928371429443 587.533958435059 613.19263458252 571.844352722168 548.348831176758 469.31681060791 482.443061828613 625.76001739502 584.876131057739 581.589290618896 978.158382415771 604.694759368896 596.10213470459 511.057098388672 555.3244099617 571.692007541656
713.792037963867 612.995235443115 454.45783996582 598.960475921631 617.274124145508 610.519931793213 432.659851074219 517.401527404785 521.044418334961 499.010543823242 537.45907497406 529.761562347412 355.818511962891 523.74739074707 508.968105316162 589.107192993164 625.531967163086 589.855171203613 562.489574432373 506.735252380371 641.977363586426 678.727920532227 586.029106140137 511.883880615234 592.49104309082 572.143226623535 653.491310119629 700.539587020874 860.24674987793 494.19429397583 441.01286315918 641.899129867554 726.432647705078 579.357162475586 456.342887878418 692.078750610352 647.937973022461 610.743194580078 520.741687774658 531.675233840942 573.92315864563 473.605117797852 545.523727416992 511.924770355225 534.886543273926 547.161499023438 577.277290344238 554.552446365356 506.07145690918 702.021636962891
661.989624023438 633.496417999268 629.089618682861 668.874496459961 703.468444824219 711.345825195312 658.938608169556 494.975692749023 596.997039794922 574.454770088196 490.14461517334 601.078441619873 476.06022644043 464.019248962402 529.798191070557 625.737258911133 494.956829071045 617.243453979492 648.299621582031 636.221969604492 698.536056518555 578.710206985474 458.706886291504 519.804064750671 611.288543701172 533.419183731079 384.04541015625 421.046997070312 645.08576965332 627.499835968018 447.318290710449 488.059001922607 541.294300317764 536.784634590149 696.307830810547 583.855209350586 506.825736999512 289.270462036133 457.136421203613 533.051782608032 630.175666809082 610.088401794434 502.516464233398 489.912258148193 412.580032348633 533.404996871948 577.88041305542 657.70516204834 539.460011959076 536.101526260376
698.231292724609 599.277793884277 711.734268188477 676.195854187012 507.423685073853 487.999971389771 324.918380737305 374.568572998047 544.535520553589 613.666091918945 548.460315704346 552.398445129395 459.431777954102 490.277389526367 413.071838378906 456.2490234375 545.877075910568 502.380641937256 529.911955833435 683.509536743164 563.110996246338 486.167247772217 539.866718292236 613.410346984863 547.284942626953 623.234149932861 520.412776947021 458.002822875977 707.682540893555 852.339218139648 346.442611694336 363.052841186523 470.252281188965 414.005958557129 512.158151626587 580.211441040039 467.910057067871 451.708587646484 586.002841949463 668.090263366699 647.459100723267 541.224003791809 326.364166259766 303.421401977539 365.886657714844 471.880214691162 566.065050125122 652.254905700684 596.371013641357 613.05729675293
582.411351680756 558.033924102783 616.111095428467 583.260004043579 628.221279144287 533.106363296509 354.36018371582 484.92667388916 500.813396453857 659.030731201172 598.573192596436 652.153831481934 472.52555847168 434.968894958496 593.502437591553 494.424182891846 541.064365386963 578.573024749756 500.374626159668 433.401428222656 566.761383056641 354.525314331055 435.329719543457 454.696441650391 425.88427734375 502.938041687012 579.139810562134 656.164207458496 625.376559257507 361.470443725586 379.533950805664 407.739440917969 503.105771541595 452.246795654297 587.623695373535 526.885204315186 630.868034362793 552.654116630554 479.495132446289 541.43379509449 458.106704711914 481.282958984375 368.923294067383 256.235748291016 367.697463989258 544.733191490173 686.651184082031 590.297931671143 700.365264892578 586.288736343384
684.401092529297 565.785974502563 580.077896118164 504.045677185059 696.91325378418 660.107879638672 587.864501953125 487.448150634766 540.459232330322 584.449275970459 640.417747497559 549.538753509521 359.050689697266 311.33869934082 500.968101978302 488.870330810547 431.020378112793 509.151344299316 451.851203918457 567.806960105896 580.361309051514 654.341026306152 556.007572650909 579.257873535156 458.265449523926 518.980005264282 641.575790405273 711.746517181396 806.771001815796 560.940702438354 429.92066192627 469.49600982666 515.162821769714 556.812097549438 561.94469833374 522.725655913353 646.789588928223 657.697761535645 522.165468215942 417.90185546875 534.657525062561 404.685928344727 426.771499633789 397.200317382812 404.30948638916 506.59827041626 604.198951721191 477.556205749512 449.812049865723 441.942184448242
589.427814483643 562.557046890259 340.41780090332 566.213508605957 616.705543518066 457.208961486816 534.649835586548 380.275436401367 512.531032562256 549.239540100098 671.666732788086 455.001787185669 394.223472595215 385.077743530273 475.676422119141 461.664894104004 436.937080383301 499.062517166138 558.051401138306 496.918609619141 638.635757446289 687.9296875 545.771705329418 505.843189239502 552.176721096039 658.10863494873 631.387832641602 576.733821868896 683.670280456543 716.924570083618 568.934471130371 533.808586120605 371.44694519043 457.411502838135 388.503265380859 534.615166664124 610.907836914062 599.162979125977 412.161575317383 438.601776123047 419.077903747559 262.294128417969 414.140380859375 365.928497314453 428.6259765625 451.438255310059 531.21008682251 321.903732299805 465.247100830078 474.021507263184
490.496309280396 603.166069030762 547.442496299744 420.625328063965 483.61792755127 452.032287597656 385.975296020508 505.517677307129 495.040782928467 496.65896987915 529.763622283936 554.520533651114 523.22340965271 479.138969421387 590.58959197998 471.376335144043 375.361557006836 572.106477737427 636.19864654541 596.598739624023 597.635848999023 693.171875 452.88143157959 537.253261566162 622.296890258789 595.506855010986 697.349411010742 728.200096130371 476.205619812012 572.845260620117 730.923733234406 819.342903137207 633.218896865845 677.224975585938 551.035781860352 572.14767074585 519.668064117432 607.263061523438 547.80952835083 682.987030029297 589.921216964722 419.519927978516 779.370315551758 810.893928527832 632.737659454346 485.164031982422 615.806654214859 474.869094848633 514.293952941895 588.915505886078
