simdem/realisation48.asc
NCOLS 350 
NROWS 171 
XLLCORNER 152620 
YLLCORNER 418050 
CELLSIZE 100 
NODATA_value -9999 
[rows 22 to 43 of 171, columns 150 to 199 of 350]
558.268161773682 582.333293914795 594.586921691895 631.660231113434 582.934509277344 584.733619689941 611.394505500793 705.910377502441 811.341201782227 538.793113708496 514.268585205078 722.914161682129 828.998046875 519.342407226562 796.517618179321 647.901725769043 906.397312164307 728.473527908325 607.656318664551 647.992080688477 638.925491333008 673.470016002655 902.960121154785 934.033065795898 717.563507080078 683.103538513184 761.6298828125 562.18586730957 632.029884338379 639.597888469696 592.995534896851 699.817848205566 762.480621337891 656.419143676758 603.531589508057 631.460540771484 610.106769561768 584.913177490234 674.99142074585 642.449514389038 668.152227401733 841.101974487305 688.303903579712 662.345699310303 615.607528686523 647.777278900146 694.820268630981 615.532350063324 705.7264149189 769.559856414795
598.939347267151 592.758277893066 711.571128845215 644.832632064819 545.888694763184 561.787948608398 555.473167419434 748.230102539062 856.972442626953 566.440093994141 583.4208984375 601.985870361328 552.88835144043 514.821502685547 468.199645996094 812.822826385498 638.585083007812 911.656311035156 763.672401428223 581.032600402832 795.745706558228 720.584739685059 892.427734375 840.058898925781 734.188546180725 612.001678466797 917.687316894531 541.775848388672 526.931823730469 594.972831726074 584.007061839104 625.212549209595 782.316101074219 761.420783996582 664.73405456543 672.334108352661 598.894790649414 661.075821876526 579.32897567749 517.028381347656 606.784507751465 710.511608123779 660.759303569794 618.365718841553 717.043245792389 663.409832000732 800.744804382324 716.24245262146 761.476608276367 710.2077293396
412.300964355469 675.134323120117 708.749397277832 684.861228942871 673.196670532227 657.020458221436 601.537711143494 758.930419921875 553.327934265137 703.469676971436 604.289089202881 607.825714111328 973.610504150391 767.175666809082 555.560317993164 1507.99617767334 774.578558206558 613.792967557907 621.837005615234 647.433738708496 589.387435913086 694.899032592773 730.674652099609 552.131256103516 705.044047214091 648.782234191895 646.093643188477 633.651203155518 556.172828674316 484.120635986328 680.941780090332 712.371715545654 691.279243469238 883.39599609375 695.156520843506 650.780570983887 688.71662902832 689.225353240967 668.969064235687 566.129463195801 684.482612609863 713.053455352783 540.798728942871 542.940811157227 688.832142829895 495.62077331543 643.151103973389 733.212882995605 814.209838867188 818.803298950195
436.449157714844 570.197229385376 535.434177398682 584.14733505249 646.076053619385 533.54305267334 340.67138671875 479.337348937988 828.546081542969 669.803066253662 553.873550415039 647.826674699783 1219.84412384033 770.792167663574 830.733436584473 579.856369018555 518.555068969727 1035.92099189758 625.662139892578 576.505767822266 888.7626953125 778.688629150391 579.462371826172 602.173034667969 493.318099975586 580.873046875 623.597549438477 590.57772064209 602.222759246826 535.675872802734 519.526290893555 666.345458030701 642.647089004517 797.97428894043 661.001819610596 720.930938720703 651.81787109375 649.3313331604 765.248840332031 507.162750244141 623.674682617188 587.944274902344 695.805131912231 660.444895744324 752.94692325592 612.016723632812 632.363628387451 718.966426849365 772.191390991211 815.300109863281
393.93815612793 490.865493774414 621.96556854248 634.438421010971 691.503356933594 535.841270446777 603.832402229309 619.172619342804 667.775409698486 560.581604003906 395.670562744141 612.42577457428 884.785385131836 736.693234443665 559.599617004395 725.804237365723 677.665843963623 653.517715454102 485.286605834961 569.756210327148 489.67155456543 631.234996795654 664.047889709473 680.369976043701 549.946640014648 621.967491149902 817.65690612793 530.356636047363 520.56957244873 550.469779968262 501.120910644531 405.283477783203 522.345336914062 549.659843444824 620.941712379456 665.419338226318 636.691356658936 546.921585083008 542.468826293945 443.281631469727 532.563682556152 660.239974975586 694.966739654541 704.293674468994 814.180503845215 905.441024780273 673.812316894531 635.529182434082 656.398590087891 682.257453918457
575.006053924561 634.454261779785 586.068982124329 441.506546020508 596.740756869316 489.987426757812 791.969223022461 649.652496337891 475.731994628906 507.15502166748 415.525833129883 593.193168640137 737.738523244858 702.871752977371 662.168653488159 669.304664611816 749.931831359863 595.559898376465 394.703903198242 710.769454956055 755.672473907471 791.747436523438 631.154815673828 733.370950698853 559.374237060547 908.056602954865 590.072036743164 593.926956176758 524.394508361816 659.538208007812 471.482437133789 476.034057617188 518.669616699219 670.900001525879 741.39359664917 871.923736572266 680.804145812988 611.562919616699 622.496772766113 662.49790763855 800.335144042969 670.576427459717 822.113296508789 794.370529174805 651.725925445557 600.819087982178 629.574855804443 644.627635955811 710.460083007812 663.128746032715
492.257431030273 583.40784740448 576.636149406433 642.111083984375 641.255882263184 564.351066589355 540.539585113525 552.815849304199 539.555004119873 459.06103515625 563.264938354492 1071.79165649414 635.177825927734 689.406539916992 709.328689575195 1091.18779754639 590.414680480957 949.345504760742 504.84831237793 830.850593566895 807.689071655273 780.11709022522 608.208808898926 773.832117080688 723.905246734619 706.55973815918 672.785814762115 796.835090637207 545.608032226562 591.516576766968 542.859405517578 573.064643859863 712.077583312988 726.733627319336 731.722503662109 706.468376159668 606.684600830078 618.454335212708 761.746566772461 699.753570556641 780.483888626099 1065.99556732178 724.833965301514 617.178958892822 645.573097229004 550.322761535645 636.975952148438 579.600101470947 350.268508911133 593.279567718506
397.553161621094 409.869155883789 460.93822479248 639.33943939209 647.822174072266 524.686050415039 448.319320678711 633.703556060791 527.275661468506 564.629499435425 589.431167602539 1140.47801208496 882.208271026611 1109.89403533936 947.481437683105 881.065212249756 637.053333282471 450.227096557617 566.502952575684 573.584320068359 1019.8362197876 773.495964050293 596.443977355957 690.332992553711 634.271692752838 486.260261535645 564.938133239746 605.276107788086 559.700168609619 542.64835357666 506.482543945312 460.093566894531 632.523571014404 734.402793884277 679.338199615479 556.274215698242 644.134647369385 542.310218811035 621.578409194946 720.206771850586 661.467113494873 763.063374519348 669.416175842285 610.50705909729 755.503051757812 649.081367492676 647.231136322021 538.988655090332 590.447417020798 612.32525062561
482.654983520508 368.593566894531 420.382369995117 553.368956804276 582.643379211426 541.533653259277 445.713981628418 637.907165527344 619.959993362427 744.197319030762 879.386077880859 1140.29417419434 1040.37798881531 927.790687561035 940.797836303711 854.427886962891 536.874122619629 443.708831787109 566.943180084229 730.206787109375 851.16361284256 667.849802017212 559.831386566162 639.519865036011 517.636283874512 542.28337097168 465.340576171875 426.256683349609 509.326599121094 626.117942810059 619.379636764526 561.841142654419 653.379554748535 652.419048309326 681.223621368408 717.919540405273 668.192386627197 585.740510940552 566.859942436218 401.75895690918 687.035552978516 686.870680809021 614.228183746338 638.972038269043 583.257179260254 569.804023742676 563.368843078613 711.997055053711 722.986419677734 761.394546508789
493.702213287354 513.039669036865 492.075119018555 554.095363616943 458.005661010742 545.789098739624 645.708099365234 417.923233032227 577.819918036461 764.635307312012 804.849689483643 871.037521362305 866.958303451538 618.617415070534 643.886611938477 600.535480499268 519.485130310059 587.02481174469 690.607917785645 535.461513519287 646.997955322266 502.718544006348 610.810474395752 627.035099029541 405.773101806641 530.250442504883 743.036540985107 541.640029907227 521.400085449219 428.013320922852 632.556156158447 662.779762268066 556.37363243103 583.582730293274 570.409769058228 708.618751525879 786.019012451172 700.163475036621 584.61959862709 567.963907241821 799.02095413208 688.405149459839 607.89994814992 530.681854248047 742.349212646484 597.769234657288 632.344501495361 683.325729370117 598.039360046387 519.152587890625
498.853275299072 574.715690851212 664.776191711426 572.003779411316 591.960067749023 461.228652954102 545.379638671875 486.091743469238 885.215046882629 582.931949615479 733.973411560059 703.792175292969 604.664551854134 516.914199829102 603.552597880363 560.327199935913 548.55883026123 616.617286682129 678.57682800293 548.812017440796 636.942092895508 628.763004302979 548.774517059326 645.383377075195 608.232578277588 631.233604431152 489.260757446289 639.957466125488 561.460634231567 574.146278381348 530.704684734344 612.482387542725 585.802478790283 650.051162719727 595.992448806763 528.458488464355 678.977630615234 644.715213775635 583.275749206543 544.550434112549 598.971038818359 728.39022064209 689.132049560547 530.410171508789 599.4479637146 546.48655128479 531.037322998047 533.624465942383 420.768966674805 400.765029907227
493.972198486328 569.903567314148 544.39440536499 499.467685699463 491.84790802002 443.789192199707 473.674942016602 552.980796813965 813.314163208008 759.372673034668 654.95093536377 733.839813232422 723.67024230957 574.371203422546 565.478134155273 568.575119018555 554.732242584229 582.592954158783 557.002914428711 594.20552444458 624.784534454346 610.113422393799 663.661804199219 639.462936401367 609.845264434814 694.770095825195 555.950801372528 623.592067718506 592.956199645996 621.581903457642 565.183464050293 575.386132478714 533.401701927185 613.953323364258 534.671669006348 598.625541687012 555.897005081177 638.771011352539 551.446208953857 511.066635131836 539.938899993896 645.337226867676 655.766036987305 427.353607177734 581.162994384766 581.730150222778 506.611541748047 489.409637451172 490.429626464844 516.064018249512
540.700675964355 692.076232910156 623.173011779785 659.190925598145 568.389224529266 698.563949584961 598.663314819336 585.354846954346 509.943496704102 654.093215942383 608.223720550537 614.633349657059 751.314041137695 549.547852516174 649.973388671875 595.955394744873 557.70382976532 490.352840423584 586.170149803162 676.661888122559 581.215945243835 653.005058288574 504.628440856934 506.258506774902 451.328193664551 507.048706054688 518.201530456543 501.715301513672 733.564865112305 768.373001098633 574.60718536377 562.349579811096 515.61047744751 672.498733520508 581.573146820068 501.089393615723 651.936729431152 621.132404327393 496.715171813965 537.990737915039 583.781600952148 505.974388122559 640.525352478027 658.850059509277 681.075342178345 610.674022674561 653.735313415527 641.256151199341 700.858295440674 603.19624376297
518.739688873291 669.360427856445 733.599685668945 581.752824783325 685.610748291016 696.821830749512 704.537971496582 596.128747940063 592.559317350388 554.351650238037 610.848096847534 630.972526550293 601.082496643066 499.348308563232 412.839538574219 525.597562789917 522.658069610596 610.489219665527 405.844146728516 554.783586502075 562.606760025024 551.520312309265 663.928436279297 489.571517944336 442.789184570312 445.041885375977 534.131080627441 695.091485977173 611.894096374512 547.669876098633 479.126022338867 632.192359924316 575.519420623779 633.743270874023 621.114147186279 599.601840019226 683.175210952759 604.773628234863 468.936859130859 393.754806518555 507.556350708008 470.258689880371 641.205937981606 810.438049316406 1132.9238243103 652.074684143066 677.550415039062 584.816623687744 485.781661987305 666.627624511719
665.431076049805 640.618530273438 527.125972747803 651.813209533691 666.885833740234 722.59228515625 604.10814666748 560.205382347107 447.095443725586 663.492767333984 743.465515136719 639.572044372559 624.371284484863 553.477643966675 510.906002044678 439.094467163086 315.383682250977 432.92733001709 371.110336303711 688.021774291992 667.771369934082 583.684104919434 630.89986038208 549.333779335022 521.58381652832 587.836359024048 563.745545387268 764.121532440186 556.00549697876 479.555763244629 530.740261077881 558.965106964111 582.555552959442 563.013168334961 629.793739318848 558.989821434021 489.072357177734 589.473648071289 524.565643310547 505.572616577148 413.837753295898 411.654861450195 521.973117828369 596.936756134033 886.810989379883 638.444946289062 571.480682373047 696.622634887695 657.864936828613 579.228729248047
599.009086608887 621.105445861816 584.14107131958 579.81601524353 531.693214416504 634.127746582031 499.478271484375 422.17350769043 417.691665649414 673.511344909668 640.734680175781 686.244979858398 520.034942865372 551.274241924286 515.426153182983 224.359985351562 368.206085205078 411.629486083984 432.157112121582 555.78063583374 576.204071998596 602.70894241333 572.226005554199 572.71314239502 596.202766418457 435.38166809082 637.190464019775 644.482795715332 938.067165374756 496.523433685303 571.113983154297 615.922424316406 629.677500724792 632.857131958008 645.464004516602 559.819223403931 629.180366516113 514.150363922119 605.523357391357 636.094528198242 595.534118652344 430.119331359863 422.530685424805 485.088542938232 446.664443969727 519.47057723999 494.035604476929 711.301559448242 607.347457885742 712.343505859375
512.535369873047 568.33959031105 771.811462402344 640.398960113525 574.948848724365 784.359199523926 638.980668067932 601.246387481689 658.949676513672 767.295181274414 677.239166259766 608.589298248291 591.280746459961 570.980188148096 567.116305351257 382.746765136719 337.492553710938 441.720115661621 543.271726608276 641.90062713623 516.23807144165 594.249240875244 669.948471069336 608.095855712891 632.947471618652 475.265777587891 448.750068664551 521.62321472168 760.058170318604 501.50284576416 519.086917877197 402.634887695312 408.198974609375 505.395586013794 555.010871887207 549.124687194824 503.869092941284 484.85950088501 554.677953004837 606.964134216309 566.395720481873 475.087875366211 609.246116638184 560.44798374176 471.620574951172 561.854218482971 677.589363098145 680.433959960938 627.482925415039 572.593990325928
719.78071975708 383.665924072266 514.424682617188 627.238708496094 442.427284240723 641.670104980469 558.771957397461 555.531684875488 498.856025695801 594.502853393555 542.215106964111 566.82400894165 560.168183684349 562.015229225159 568.855447769165 535.191527605057 583.777206420898 407.355857849121 571.385414123535 633.984802246094 501.535400390625 567.58012008667 718.842926025391 519.787858963013 363.558609008789 509.890731811523 529.547857284546 549.45118367672 872.154693603516 859.235160827637 533.595026016235 469.381134033203 479.812126159668 591.276214599609 646.065696716309 515.529737472534 569.871238708496 455.224906921387 437.234573364258 606.711673736572 558.104217529297 589.392868041992 514.375211715698 441.226821899414 460.257949829102 594.16686630249 712.111404418945 615.900081634521 591.117568969727 585.212930679321
639.251087188721 516.79368019104 428.863868713379 482.695121765137 559.28044462204 517.838234901428 586.175918579102 458.923042297363 381.03254699707 548.337615966797 557.384232997894 494.860649108887 484.625419616699 538.719997406006 443.740592956543 576.542644500732 553.592456817627 683.034423828125 604.502962112427 456.215037822723 627.289909362793 514.308366775513 585.986948013306 571.029481887817 454.966110229492 503.370407104492 652.895442962646 741.106408596039 650.78607749939 629.499481201172 525.139814376831 488.80574798584 617.440139770508 698.871398925781 526.698747634888 464.74292755127 423.925155639648 413.01985168457 551.699754714966 521.535911560059 587.352607727051 544.913147687912 428.820106506348 344.970169067383 406.539184570312 525.791639328003 526.479419708252 585.460636138916 665.828536987305 492.000915527344
594.044502258301 511.179412841797 565.687511444092 433.105651855469 582.748958587646 585.303245544434 575.3251953125 517.682350158691 590.399866104126 622.274169206619 589.226347923279 461.363792419434 434.883804321289 565.080261230469 577.553230285645 599.250755310059 640.04532623291 583.056980133057 512.53870010376 637.448181152344 573.968515396118 636.407981872559 606.243492126465 558.014156341553 519.347185134888 524.360303878784 562.625928401947 667.590636253357 739.909942626953 550.802431106567 504.143154144287 600.835819244385 567.813056945801 578.301216125488 487.540927886963 516.211482524872 557.212436676025 401.575469970703 524.550647735596 404.327224731445 604.890033721924 647.07740020752 425.342391967773 367.812759399414 470.295345306396 453.021255493164 468.355346679688 361.000732421875 716.371658325195 564.40083026886
473.22908782959 593.778228759766 461.03295135498 569.640636444092 494.647603988647 591.04833984375 470.033294677734 520.154228210449 495.117961883545 545.896194458008 501.629219055176 333.742401123047 507.16358757019 502.11660861969 567.966530799866 594.453258514404 642.238906860352 550.324150085449 601.383296966553 591.229061126709 426.797012329102 579.953903198242 688.356216430664 477.427925109863 359.740142822266 488.138290405273 591.66370010376 640.363313674927 773.075842380524 700.990287780762 527.582817077637 573.665557861328 544.614002227783 400.563812255859 561.887599945068 542.653856277466 491.192775726318 530.528555870056 416.535743713379 456.802112579346 537.974168777466 545.329084396362 603.909973144531 503.78356552124 545.395255088806 328.738098144531 468.537574768066 510.567783355713 480.442436218262 644.176933288574
613.968627929688 732.815643310547 441.89729309082 438.192916870117 464.72274017334 526.799606323242 462.36572265625 481.602439880371 465.772846221924 521.67992401123 528.069515228271 500.28044128418 624.081871032715 568.858619689941 516.377613067627 579.096138000488 545.425694942474 453.627151489258 543.883722424507 509.903049468994 616.90991973877 532.222439289093 510.611457824707 417.588928222656 365.026092529297 451.37654876709 564.208446502686 581.189563751221 611.957931518555 659.538261413574 659.471717834473 691.940234422684 621.571449279785 504.845153808594 564.775512695312 545.855276107788 556.575332641602 624.088108062744 562.715707778931 599.289677619934 637.219219207764 552.891408920288 727.397575378418 613.656623840332 725.883934020996 617.345784425735 531.047294616699 585.970497131348 337.205810546875 527.634563446045
