simdem/realisation85.asc
NCOLS 350 
NROWS 171 
XLLCORNER 152620 
YLLCORNER 418050 
CELLSIZE 100 
NODATA_value -9999 
[rows 66 to 87 of 171, columns 150 to 199 of 350]
629.026519775391 487.576499938965 415.22705078125 504.015396118164 607.343688964844 487.717658996582 530.31862449646 508.117080688477 493.584892272949 552.926040649414 691.42887878418 671.039855957031 572.421158909798 485.483673095703 416.754554748535 597.75065612793 565.777698516846 522.071758270264 448.476417541504 458.095687866211 620.422271728516 645.131965637207 699.133590698242 514.257316589355 538.967151641846 520.613521575928 558.005241394043 516.812213897705 646.374870300293 713.458183288574 616.215846061707 671.426742553711 665.381340026855 608.959757328033 627.505205154419 533.287551879883 578.207033157349 509.328872680664 621.564105987549 547.582481384277 663.963199615479 648.422828674316 685.481338500977 716.050266265869 608.14864730835 663.259653091431 577.38098526001 599.316628456116 849.438003540039 739.440315246582
601.508903503418 591.055171966553 584.459705352783 470.729866027832 477.559242248535 487.116458892822 446.291664123535 407.018142700195 422.273094177246 555.225087165833 534.972568511963 685.547882080078 659.842491149902 621.83952331543 506.076805114746 666.206024169922 477.748977661133 709.855911254883 435.680992126465 632.026840209961 594.744729995728 620.496109008789 594.705924987793 484.035781860352 409.193786621094 431.548004150391 428.656539916992 414.321166992188 552.900968551636 736.557655334473 588.120477676392 652.905670166016 658.525909423828 509.309234619141 614.458811044693 588.819978713989 432.869583129883 531.66064453125 579.654590606689 606.20532989502 535.680717468262 539.930953979492 709.847045898438 610.533294677734 625.079019546509 628.376662254333 688.878726959229 707.558712005615 673.489654541016 647.342840671539
616.741645812988 551.538105964661 494.663848876953 513.006019592285 551.921610832214 398.549850463867 432.430755615234 634.630424499512 580.86177444458 502.562919616699 630.879386901855 521.627624511719 690.479888916016 745.02783203125 595.950595855713 567.06131362915 604.130950927734 674.719467163086 475.908203125 682.732460021973 765.973541259766 647.970142364502 474.591110229492 541.7848777771 705.316673278809 600.956178665161 585.996041297913 414.30827331543 551.867481231689 537.164337158203 554.563140869141 646.912895202637 585.738681793213 664.296104431152 640.817356109619 438.10221862793 447.426155090332 449.437911987305 480.987442016602 509.483322143555 603.57377243042 622.667498588562 621.526206970215 731.727577209473 530.875026702881 711.479682922363 714.875679016113 641.307385921478 605.939157485962 710.576110839844
564.268497616053 335.877258300781 518.198673248291 586.886632442474 661.387832641602 559.935497283936 511.540306091309 490.988906860352 583.963209152222 605.006704807281 687.564727783203 488.42663192749 652.580604553223 647.899673461914 598.157569885254 728.437805175781 645.432922363281 656.361534118652 592.802085876465 609.876819610596 650.382629394531 613.089492797852 484.145622253418 627.081047058105 501.24437713623 610.555084228516 581.636702537537 575.516042947769 456.130126953125 416.506378173828 611.541524887085 602.329564094543 610.878206253052 564.114789962769 541.191783905029 569.091770172119 572.841091156006 623.447661399841 429.240127563477 630.237882614136 596.190805435181 693.760894775391 636.257791996002 756.842338562012 698.126766204834 723.934669494629 671.22713470459 817.567626953125 590.126373291016 629.197773933411
531.393726348877 444.286117553711 495.868835449219 673.760353088379 604.416946411133 601.252937316895 578.665229797363 504.183511734009 627.850601196289 598.304611206055 603.519580841064 587.029888153076 569.904094696045 629.947082519531 535.735402107239 654.608810424805 717.170120239258 510.344039916992 635.453269958496 547.266147613525 543.772605895996 464.122032165527 595.915758132935 592.454071044922 663.07995223999 538.681869506836 506.547775268555 416.886703491211 525.497673034668 565.446628570557 580.826461791992 566.433629989624 602.045653294772 580.226676464081 477.790077209473 542.896667480469 501.808555603027 538.312965393066 425.002716064453 453.12451171875 575.702457427979 527.621978759766 615.936828613281 639.062519073486 753.169860839844 693.113555908203 630.594259262085 670.773077487946 677.800163269043 580.013824462891
489.753723144531 558.2924284935 468.553092956543 564.533773422241 540.152490615845 591.710788726807 642.769989013672 544.181477546692 615.067756652832 646.520408630371 549.411857128143 528.414665222168 629.107528686523 657.09538269043 573.819580078125 554.010702133179 692.668312072754 504.221321105957 659.331207275391 449.068267822266 618.655227661133 484.644340515137 580.115112304688 540.482357025146 478.686637878418 468.671241760254 548.208728790283 409.473098754883 548.066482543945 639.196727752686 593.073404788971 643.293838500977 689.447227478027 520.579925537109 537.079132080078 538.285816192627 609.952816009521 492.617340087891 520.23526763916 480.482269287109 568.336320877075 616.551794052124 625.45733833313 653.204254150391 666.272735595703 665.086154937744 696.016674041748 750.299293518066 686.21496963501 622.589063644409
527.614106178284 609.185440063477 498.941543579102 628.67569732666 529.898750305176 444.05394744873 605.293243408203 606.433380126953 554.011332988739 672.156791687012 612.718627929688 511.152488708496 531.261035919189 655.050155639648 494.577644348145 684.285186767578 563.689456820488 721.983367919922 457.959899902344 523.81583404541 392.511856079102 465.626571655273 391.778610229492 462.650619506836 527.528701782227 523.939872741699 486.542877197266 526.564987182617 614.070528030396 687.143264770508 665.222023010254 701.128036499023 663.118606567383 643.899932861328 629.356182098389 637.756649017334 637.281142711639 588.444499015808 662.374694824219 610.162021636963 477.334335327148 580.930191040039 606.15856552124 746.072570800781 584.816362857819 577.818435668945 737.712005615234 639.903875350952 599.997121810913 571.616149902344
526.5505027771 540.549692153931 543.747444152832 547.340497970581 493.170463562012 496.440040588379 491.503402709961 607.494091033936 560.612566947937 781.285018920898 556.759254932404 563.185883998871 498.825782775879 494.919761657715 567.936424255371 550.120613098145 681.157562255859 643.941276550293 563.402877807617 601.736122131348 595.786987304688 511.513557434082 465.325347900391 473.771408081055 545.293876647949 399.965423583984 468.347747802734 512.909706115723 703.650856018066 748.725189208984 741.005081176758 626.065324783325 572.628570556641 606.314500808716 535.300880432129 664.20499420166 435.079559326172 599.776651382446 598.491981506348 486.897415161133 574.086545944214 578.260303497314 690.051986694336 671.070892333984 569.735029220581 641.428499221802 696.426773071289 570.373600006104 713.531066894531 743.781364440918
598.661483764648 516.770130157471 409.951522827148 482.45679473877 466.823860168457 510.416091918945 589.945718765259 678.695831298828 719.539199829102 567.742942810059 549.485179901123 545.547242164612 664.176818847656 549.974714040756 539.736263275146 593.642940044403 576.225754737854 647.683589935303 682.20304107666 634.884841918945 623.844302177429 515.631126403809 577.642692565918 530.180244445801 661.638294219971 675.289848327637 650.236892700195 639.694402694702 580.9899559021 650.618724822998 615.474256515503 585.478255271912 563.643877029419 623.758903503418 687.436019897461 668.249092102051 553.128623962402 562.734090805054 521.743583679199 598.95166015625 555.288463592529 545.502826690674 529.119575500488 537.22554397583 668.533470153809 681.708595275879 765.861434936523 742.658584594727 669.878261566162 727.626853942871
732.998435974121 384.335784912109 538.40404510498 514.552364349365 622.604732513428 621.790184020996 671.442825317383 700.903030395508 586.700803756714 550.951286315918 529.06290435791 637.441997528076 655.459938049316 505.98112487793 598.558877825737 654.133350372314 517.146644592285 592.6940574646 621.011884241365 611.221114397049 654.751190185547 511.742279052734 541.128265380859 577.27968788147 673.199356079102 680.398651123047 728.385231018066 492.637550354004 545.366577148438 554.446918487549 610.499795913696 632.562538146973 708.673110961914 514.584091186523 694.951271057129 605.662601470947 599.586013793945 630.745048522949 671.703628540039 657.263580322266 677.783136367798 615.970327377319 617.342430114746 595.662125587463 509.553192138672 608.589505672455 664.229419708252 592.802617073059 557.676200866699 534.194564819336
693.849035263062 612.711750030518 769.582506895065 892.263874053955 545.486120223999 552.7999792099 601.142669677734 560.552587509155 546.299247741699 580.671799659729 589.752334594727 632.124053955078 490.945556640625 565.389959335327 698.950843811035 561.954208374023 617.872093200684 562.203071594238 564.291979312897 635.283229827881 538.275032043457 607.130939483643 519.088195800781 603.333092689514 817.060417175293 618.980886459351 467.243812561035 581.401607513428 706.208274841309 576.552659988403 637.838832855225 471.624145507812 470.236953735352 523.916477203369 542.581539154053 677.631408691406 564.542499542236 403.234130859375 608.636240005493 676.164596557617 679.240049362183 636.461948394775 670.650825500488 594.328244447708 685.655895233154 678.162094116211 626.522659301758 501.227058410645 614.318761825562 586.511642456055
579.172183036804 694.07926940918 786.429504394531 453.579940795898 498.396034240723 753.977481842041 658.122589111328 615.512008666992 481.867889404297 670.015533447266 467.428070068359 535.908718109131 542.357822418213 678.980751037598 634.046127319336 615.735871315002 604.02095413208 769.206039428711 711.87520980835 658.163124084473 686.572059631348 616.975841522217 494.686569213867 599.264324188232 636.49739074707 645.745780944824 498.637321472168 603.160455703735 735.333053588867 645.601605892181 629.997142791748 547.087177276611 502.514122009277 581.851238250732 646.951503753662 654.20841217041 636.493982315063 538.689628601074 545.340995788574 568.750202178955 617.434469223022 611.192142486572 561.05786895752 576.637395858765 539.587703704834 739.936294555664 653.027618408203 605.042463302612 654.282745361328 568.598266601562
571.896243572235 737.172714233398 602.16968536377 612.777571678162 517.992736816406 543.847881317139 570.672429084778 560.721492767334 438.285491943359 374.171905517578 480.084976196289 468.72289276123 732.221115112305 558.101222038269 597.271570205688 614.930358998477 676.889953613281 643.701120615005 694.639488220215 670.205862045288 660.499753952026 681.293312072754 497.710098266602 459.859901428223 462.35750579834 689.970947265625 750.79328918457 513.858528137207 539.451141357422 713.919647216797 759.541610717773 601.818157196045 540.76545715332 581.66450881958 656.749172210693 561.56995010376 692.234718322754 578.072314739227 642.470573425293 529.187133789062 603.825817108154 720.94832611084 703.98323059082 597.955769538879 637.098625183105 576.594832420349 561.091762542725 629.359655380249 555.774017333984 529.033882141113
720.57585144043 454.584442138672 552.238178253174 624.180377960205 586.959518432617 629.534914016724 642.441745758057 577.964658737183 644.701537132263 527.368881225586 599.429111480713 621.363698959351 602.576644897461 638.843955993652 923.721412658691 660.371175765991 681.271123886108 754.958473205566 655.89048409462 561.444366455078 707.156028747559 617.135450363159 582.970149993896 617.340522766113 768.456558227539 691.662170410156 730.765953063965 731.364959716797 677.976104736328 769.843002319336 729.995124816895 783.738220214844 800.851577758789 894.493423461914 581.324308395386 677.443511962891 530.312347412109 680.545822143555 552.272575378418 474.594444274902 517.313407897949 693.755249023438 750.081817626953 665.949562072754 600.43910574913 695.93489074707 685.619483947754 642.849405288696 728.82544708252 655.426582336426
735.675598144531 463.666961669922 476.770244598389 809.362720489502 549.452560424805 632.797595977783 563.942188262939 435.316665649414 617.26762008667 728.472930908203 581.674531936646 690.000091552734 648.759244918823 930.29093170166 810.409592628479 682.433242797852 651.10444521904 679.821050643921 537.073253631592 572.476837158203 843.755676269531 586.533264160156 630.944370269775 665.10368347168 640.085990905762 794.964645385742 806.598114013672 737.555519104004 679.113361358643 797.274429321289 734.836685180664 783.603820800781 743.685150146484 747.53572845459 544.985946655273 711.619720458984 701.25609588623 730.578338623047 679.231994628906 588.67488861084 529.099349975586 689.062469482422 650.107418060303 647.222179412842 588.077026367188 783.523254394531 731.829833984375 666.200439453125 748.463516235352 624.108334541321
779.206901550293 748.777648925781 571.007007598877 937.039211273193 647.710098266602 567.504554748535 656.391010284424 449.06241607666 532.476005554199 687.793201446533 689.610299110413 972.584280490875 733.46711730957 1004.54012298584 948.821136474609 839.791213989258 667.806434631348 777.235190868378 673.734992980957 626.904960632324 612.600511550903 691.341117858887 626.463150024414 594.061347961426 761.088188171387 686.885639190674 806.685302734375 668.532481193542 753.526390075684 774.434020996094 535.963455200195 484.665298461914 561.399017333984 581.156257629395 572.662742614746 506.04606628418 613.231700360775 646.977722167969 502.394195556641 652.910633087158 666.72151184082 604.598664283752 611.125855445862 618.504508018494 560.095764160156 550.412612915039 718.063293457031 788.411041259766 781.618087768555 681.648273468018
900.010360717773 778.415939331055 724.169616699219 843.377170562744 896.30037689209 848.703987121582 773.954429626465 845.270301818848 681.233934402466 1042.11870765686 616.551868438721 539.500392913818 634.924438476562 661.562217712402 727.611465454102 662.799346923828 635.882007598877 530.556030273438 636.205932617188 512.779190063477 650.07146859169 696.963401794434 598.745128631592 731.924385070801 702.577972412109 656.783058166504 774.013298034668 656.514778614044 687.76379776001 732.197776794434 581.169151306152 658.946176528931 642.207386016846 422.719009399414 459.563507080078 451.503494262695 531.203071594238 659.348268985748 536.063766479492 673.996467590332 689.439300537109 685.390167236328 507.513488769531 714.007629394531 549.943588256836 667.473369598389 725.72388458252 820.447235107422 691.166385650635 745.238693237305
800.24462890625 749.033309936523 742.779937744141 602.03636932373 713.453979492188 788.952072143555 610.175724029541 889.329788208008 737.250244140625 941.691732406616 440.795307159424 460.217167854309 590.828903198242 546.973041534424 567.10954284668 578.60173034668 652.178512573242 527.684440612793 532.134185791016 906.125694274902 625.072967529297 624.472633361816 525.735889434814 641.370048522949 747.063529968262 689.86971282959 667.584615707397 665.326370239258 804.388000488281 695.206760406494 459.974044799805 495.523101806641 590.457849502563 482.602493286133 562.235614776611 617.547913789749 646.04606628418 539.586799621582 562.535427093506 593.182271957397 612.37210893631 597.428401947021 572.392967224121 731.57543182373 733.599594116211 748.288055419922 751.222557067871 791.088027954102 815.659072875977 810.531066894531
611.113257408142 777.500213623047 623.793273925781 574.122055053711 511.998847961426 620.744213104248 468.215061187744 648.392692565918 701.192070007324 704.048164367676 628.392068386078 645.809284210205 770.072799682617 693.200214385986 743.967872619629 638.444779992104 452.999797821045 559.241668701172 473.077125549316 843.919853210449 638.82984161377 576.554116725922 893.409404754639 637.063179016113 684.576599121094 526.149597167969 580.779281616211 718.939605712891 641.113499447703 601.58479309082 581.137974262238 598.854885101318 646.811004638672 717.716228485107 653.17125415802 675.092342376709 793.61067199707 632.297751426697 523.118873596191 482.264030456543 618.376886367798 706.897312164307 679.127742767334 741.60994720459 662.801905632019 670.691634893417 642.157138824463 716.048564910889 763.76927947998 590.00212097168
582.994522094727 539.432336807251 709.960823059082 667.119285583496 673.070137023926 560.841771960258 516.493839263916 595.404788970947 686.392116546631 675.707035064697 755.954889297485 724.358833312988 836.651477813721 682.860275268555 761.642845153809 674.567066192627 563.892738342285 538.99153137207 564.665641784668 785.467765808105 580.171527862549 465.3664894104 577.931427001953 537.067527770996 1043.1548500061 655.192344665527 577.355247497559 763.017917633057 654.654443740845 496.730186462402 528.796812057495 540.691749572754 670.587219238281 672.542788624763 586.593975067139 690.475120544434 734.175285339355 678.054565429688 700.764343261719 612.446639060974 571.559387207031 698.578380584717 708.078037261963 736.967491149902 701.958633422852 700.602905273438 697.887506484985 692.651582717896 875.956970214844 810.509140014648
643.540985107422 626.648952007294 717.882704496384 718.832126617432 -9999 -9999 -9999 -9999 -9999 -9999 -9999 -9999 -9999 -9999 -9999 626.802642822266 634.914001464844 638.230323791504 722.909075737 449.67301940918 619.310195922852 538.553504943848 639.550518035889 498.256216049194 691.96378326416 533.148918151855 932.251541137695 716.891708374023 596.059412002563 783.935775756836 539.229864120483 563.137264251709 700.895973205566 671.832762718201 651.424948692322 700.947196960449 611.833290100098 712.393333435059 692.225040435791 639.817779541016 575.949577331543 616.149871826172 649.35825252533 669.217628479004 747.322059631348 765.008167266846 844.950134277344 670.208902597427 690.555542945862 680.103450775146
-9999 -9999 -9999 -9999 -9999 -9999 -9999 -9999 -9999 -9999 -9999 -9999 -9999 -9999 -9999 -9999 -9999 -9999 721.992872238159 622.034934997559 638.904731750488 688.537990570068 614.271148681641 530.665946960449 408.623291015625 610.17993927002 731.926013946533 571.847610473633 701.273330688477 490.387084960938 608.982765197754 1117.13903808594 746.373733520508 819.018325805664 732.943222045898 614.94010925293 657.526908874512 697.328475952148 704.666172027588 648.303907394409 773.893051147461 626.013195037842 664.489980697632 478.307464599609 599.343780517578 740.73405456543 722.423989295959 776.052131652832 679.849449634552 621.97027015686
