simdem/realisation90.asc
NCOLS 350 
NROWS 171 
XLLCORNER 152620 
YLLCORNER 418050 
CELLSIZE 100 
NODATA_value -9999 
[rows 88 to 109 of 171, columns 200 to 249 of 350]
689.403666973114 767.808815002441 661.648267745972 490.055908203125 669.456530570984 759.637428283691 542.035797119141 470.113586425781 566.842960357666 513.177139282227 539.92790222168 550.946586608887 613.232849121094 667.943042755127 728.114273071289 710.896438598633 648.224802017212 717.035758972168 686.971217155457 732.315570831299 644.563932776451 685.802885055542 610.857757568359 732.924095153809 559.934104919434 551.505149841309 637.957082748413 737.01736831665 573.725242614746 677.756185084581 653.032161712646 664.618495941162 625.759159088135 547.367950439453 643.396607369184 628.451418161392 638.90448141098 632.666763305664 626.899291992188 804.106788635254 760.088516235352 880.925483703613 904.932308197021 796.010948181152 624.90803527832 655.349594116211 804.345287322998 947.099208831787 888.677867889404 966.189605712891
513.714340209961 727.118083953857 621.507839202881 557.468780517578 740.050903320312 755.958206176758 645.702857971191 484.502258300781 604.150808334351 774.202880859375 629.606760978699 650.926431655884 648.013347625732 609.836862564087 668.5426902771 586.138668060303 608.557285308838 680.079063415527 657.091201782227 697.60294342041 825.371871948242 650.737351417542 610.015800476074 545.453895568848 511.655883789062 412.666442871094 518.329467773438 473.216720581055 649.810124397278 657.500801086426 696.801544189453 615.139513015747 542.184501647949 547.761833190918 499.266326904297 601.558086395264 569.92972946167 590.307943344116 662.635419845581 786.149520874023 778.665870666504 793.548187255859 745.823850631714 886.653533935547 890.868621826172 712.463375091553 831.305877685547 1036.13153076172 1037.71804714203 664.033813476562
377.047180175781 878.559829711914 660.59395980835 638.712383270264 671.596452713013 688.415283203125 729.20539855957 562.791328430176 641.05485534668 699.641384124756 706.620662689209 554.387176513672 543.62703704834 483.901519775391 631.962515771389 587.187877655029 550.438987731934 682.18327331543 749.515586853027 793.227081298828 849.613571166992 615.189033508301 579.294593811035 618.904193878174 626.210208892822 597.38094329834 598.392890930176 589.426864624023 664.068608283997 692.150053024292 701.475955963135 667.015678405762 471.986694335938 596.68120598793 560.187522888184 631.805511474609 634.551864624023 504.798049926758 496.791900634766 746.891061782837 780.829151153564 793.929309844971 842.559368133545 919.524467468262 663.561180114746 726.086769104004 819.17015838623 1013.53714752197 863.610157012939 757.260597229004
494.818290710449 511.785385131836 669.469577789307 779.804351806641 664.682987213135 715.45482635498 719.137298583984 594.01021194458 545.737945556641 577.109855651855 525.9140625 580.689830780029 654.587284088135 714.905914306641 730.872955322266 699.548240661621 574.880794525146 745.974952697754 681.651432037354 720.252014160156 764.278388977051 718.995429992676 678.24239563942 586.492195129395 729.591171264648 725.434997558594 683.585124969482 666.449872493744 664.722974538803 638.84969329834 669.152234077454 877.736709594727 713.556854248047 772.694381713867 730.967918395996 664.025056838989 542.554809570312 491.329696655273 736.225393295288 675.289478302002 683.051528930664 732.242607355118 665.2978515625 690.482147216797 603.029647827148 604.859447479248 687.748191833496 916.861511230469 1012.83073425293 986.046722412109
577.988288879395 579.239700317383 676.350582122803 589.393063545227 698.268703460693 592.299057006836 647.434826850891 660.196669578552 600.85195350647 553.889854431152 628.42466545105 525.421806335449 682.886672973633 571.118495941162 670.704307556152 610.419738769531 574.80237197876 679.590044021606 744.328948974609 704.081027984619 648.067209243774 671.710233688354 692.105511665344 653.467422485352 561.578987121582 674.899561882019 821.220321655273 668.794147729874 610.811038970947 788.445899963379 680.918626308441 821.145545959473 881.267059326172 627.736488342285 620.060329437256 544.278503417969 532.508506774902 523.623046875 632.440717697144 538.483837127686 639.613354802132 674.589263916016 665.31071472168 611.146766662598 568.219085693359 601.167304992676 714.13395690918 820.461990356445 822.922555923462 915.600547790527
534.44181060791 711.841645240784 754.336999893188 724.127899169922 663.627868652344 1104.29990768433 714.66357421875 637.704497814178 621.080583572388 533.638717651367 475.853744506836 563.505172729492 597.122829437256 620.885031305254 797.163375854492 625.263592720032 626.16517829895 733.79322052002 677.204935073853 790.237503051758 594.681793212891 588.212503433228 769.55578994751 715.271687507629 632.874893188477 663.070894241333 758.841448783875 651.938325881958 616.278160095215 868.679443359375 732.499912261963 816.792831420898 891.501556396484 784.199600219727 751.454315185547 755.626284599304 740.543180465698 635.250171661377 603.579750061035 646.145790100098 535.740707397461 665.022354125977 496.342086791992 475.474639892578 618.730937957764 768.354866027832 639.686489105225 632.347915649414 863.303237915039 886.718551635742
696.406055450439 825.10619354248 779.678211212158 671.414985656738 637.637716293335 927.086822509766 959.11604309082 771.386337280273 657.648440957069 620.357933044434 695.847381591797 604.774933815002 568.627517700195 518.472625732422 638.475597381592 622.962087631226 650.040711402893 763.378440856934 581.455101013184 640.130342483521 642.840774536133 626.90625667572 615.314636230469 739.491806030273 703.38659286499 703.436462402344 661.086902618408 573.04719543457 724.548820495605 724.164241790771 582.414390563965 856.827209472656 850.18229675293 683.848455071449 739.616183280945 869.674564361572 634.523773193359 652.711324691772 635.236526489258 617.196678161621 585.931297302246 656.809078216553 702.943092346191 726.027278900146 670.920789718628 747.496675491333 705.160049438477 639.158207893372 666.895267486572 628.640121459961
640.453357696533 664.193027496338 705.867528915405 889.440071105957 646.990219116211 700.957286834717 745.005676269531 690.205358505249 720.051902770996 775.578857421875 774.203086853027 669.206092834473 427.492401123047 471.096084594727 568.678016662598 575.636547088623 596.101084709167 582.954055786133 576.804954528809 576.004135131836 760.946601867676 752.411312103271 687.220478057861 554.853630065918 778.298095703125 785.588188171387 603.307678222656 653.142902374268 898.181335449219 739.441246032715 705.70131111145 685.549634933472 815.923355102539 707.842519760132 896.290817260742 862.970935821533 818.270436286926 657.302501678467 781.994445800781 648.935123443604 634.568496704102 740.032962799072 636.452735900879 783.39998626709 820.773627281189 919.212532043457 698.852117061615 654.087362289429 651.857032775879 574.579010009766
585.274528503418 645.555858612061 678.596374511719 857.40372467041 790.208316802979 775.648994445801 686.432762145996 649.957508087158 714.729305267334 593.022022247314 663.490684509277 664.508762359619 606.557067871094 590.083011627197 560.138683319092 637.964023113251 727.574928283691 632.600200653076 556.299293518066 586.189960479736 547.743782043457 624.029052734375 651.603790283203 722.481506347656 661.77428971231 670.468376159668 715.103645324707 721.073909759521 738.46594619751 785.882148742676 758.161628723145 655.384080886841 675.78541469574 764.817378997803 689.54030418396 837.663146972656 790.069485664368 721.402183532715 841.656707763672 630.718753814697 701.707899093628 799.690628051758 743.228057861328 635.235282897949 798.546703338623 814.22428894043 616.706787109375 621.462753295898 578.420379638672 676.712833404541
478.689727783203 664.848986983299 856.46728515625 921.351318359375 761.258637428284 829.041053771973 683.438354492188 1025.90301132202 656.980113983154 674.066849470139 644.619411468506 577.990032196045 635.131935119629 627.001094818115 744.314109802246 616.962113380432 706.602256774902 571.121891021729 592.772197723389 581.116340637207 631.683267593384 711.440284729004 616.281791687012 733.948753356934 655.837760925293 741.981851577759 551.043254852295 599.97766494751 707.468536376953 687.19913482666 698.978950500488 754.800575256348 668.833591461182 637.628042221069 513.331199645996 675.213123321533 868.724563598633 761.888217926025 694.115218162537 600.419570922852 677.249382019043 717.906536579132 647.141090393066 699.174209117889 663.316360473633 723.390964508057 721.217933654785 599.046058654785 795.881652832031 629.519950866699
691.517688751221 528.00231552124 850.73006439209 778.635986328125 768.825931549072 802.280139923096 797.099456787109 768.790649414062 684.438621520996 679.253856658936 607.31608581543 749.101379394531 742.767303466797 598.966236114502 731.680068969727 641.874322891235 552.302940368652 565.623695373535 579.93928527832 619.182703018188 731.445541381836 712.973255157471 625.478586196899 629.155941009521 768.153213500977 741.157480239868 717.135780334473 579.004379272461 585.850654602051 665.837862014771 645.314262390137 713.124225616455 683.372215270996 701.18187713623 711.451915740967 710.219051361084 568.397789001465 696.320165634155 713.156589508057 604.249465942383 421.709335327148 541.494613647461 586.222473144531 582.815856933594 797.327320098877 691.373802185059 696.83561706543 836.618007659912 634.107025146484 679.657867431641
844.605304718018 582.912437438965 720.253027439117 701.426540374756 842.629241943359 933.773284912109 715.623514175415 686.744934082031 854.95524597168 749.050605773926 746.24348449707 606.17946434021 823.20149230957 711.078632354736 659.3971118927 645.212882876396 763.172630310059 681.701797485352 597.21756362915 613.170986175537 694.496307373047 704.041744232178 696.601257324219 570.791984558105 594.661315917969 794.155769348145 1056.89024353027 907.036103248596 553.746566772461 587.695426940918 663.811180114746 672.751220703125 719.159503936768 669.609609603882 728.771392822266 760.627220153809 678.381534576416 611.53205871582 746.405204772949 636.877021789551 575.45686340332 531.819564819336 591.379150390625 654.278877735138 637.689559936523 596.25617980957 768.893665313721 917.604476928711 951.041580200195 984.960807800293
848.402452468872 768.851306915283 602.964292526245 737.784610748291 818.388046264648 715.518283843994 757.843055725098 871.992523193359 880.841705322266 783.957572937012 717.718906402588 567.60124206543 702.987998962402 731.919887542725 703.520479202271 652.410186767578 731.896385192871 572.054077148438 698.89094543457 704.058559417725 681.88790512085 693.694526672363 584.025401091203 846.05424118042 611.75350189209 705.432690620422 1149.46469116211 830.211437225342 826.060302734375 1209.43325805664 1312.33674049377 709.377232551575 753.821586608887 563.905662536621 618.663505554199 794.774755477905 1070.03722381592 685.752145767212 767.51350402832 740.154998779297 598.497138977051 650.197967529297 714.158767700195 704.100241661072 831.537467956543 1026.25027179718 1233.56053161621 689.935546875 931.826656341553 714.933250427246
806.374567985535 782.690605163574 635.368041038513 700.541042327881 646.045837402344 724.620290756226 912.543998718262 878.726638793945 731.790155410767 870.582260131836 528.179107666016 644.888357162476 585.632957458496 649.382692337036 620.688827514648 611.318115234375 553.374687194824 606.75732421875 594.528156280518 717.957710266113 702.904178619385 712.470676422119 648.475183486938 614.932884216309 564.612789154053 708.58419418335 656.897779464722 535.341430664062 641.183643341064 676.24910736084 519.607009887695 556.852821350098 556.33528137207 974.265228271484 896.239379882812 869.743324279785 1018.99356079102 943.778884887695 852.123954772949 747.038391113281 910.238634109497 529.878479003906 636.501815795898 659.082931518555 615.922561645508 728.040390014648 812.611995697021 1041.61600112915 1348.72424316406 723.333265304565
810.682339668274 856.867851257324 728.652086257935 485.517318725586 783.037824630737 720.705619812012 842.962821960449 803.894876480103 657.790145874023 638.624633789062 950.76628112793 450.567932128906 620.245208740234 589.00617980957 563.534072875977 686.999994277954 706.233184814453 601.616214752197 664.189054489136 684.254688262939 542.728096008301 595.166530609131 749.415321350098 649.659830093384 586.806083679199 641.535860061646 611.361488342285 518.279495239258 641.765544891357 655.8502368927 611.881050109863 631.923980712891 632.805969238281 393.512908935547 590.948699951172 653.60754776001 579.821556091309 975.244361877441 675.470530509949 691.668190002441 682.48122215271 605.46785736084 1134.89102172852 633.324081420898 1005.95639038086 786.390655517578 676.624000549316 779.589179992676 943.203704833984 615.90837097168
737.444435119629 837.602024078369 881.967613220215 771.725524902344 937.878997802734 902.777496337891 891.28857421875 738.928733825684 675.944671630859 610.915557861328 605.167556762695 752.69970703125 542.956413269043 562.067192077637 591.577545166016 787.216835021973 696.753692626953 730.335628509521 754.994522094727 538.497101783752 624.165011763573 699.200210571289 668.723991394043 501.000854492188 721.367889404297 463.625213623047 538.94652557373 483.089965820312 527.798294067383 566.531303405762 630.203643798828 544.165649414062 589.343063354492 504.785003662109 618.664413452148 507.979721069336 915.616725921631 822.930770874023 769.66667175293 691.355830192566 873.448471069336 724.072722248733 1086.72398328781 885.09049987793 984.881614685059 962.390121459961 701.181755065918 1027.16448974609 788.741620540619 1301.45672607422
-9999 684.430818557739 711.080478668213 664.502933502197 701.649730682373 782.592323303223 753.960946559906 692.904975891113 616.196914672852 594.381011962891 615.180938720703 977.317039489746 496.571319580078 589.189548492432 590.389762878418 765.656234741211 720.815872192383 637.747403144836 550.541858673096 563.096977233887 545.922325134277 606.230972290039 441.949478149414 769.77653503418 787.291076660156 500.441268920898 619.11194229126 493.902069091797 667.697329938412 609.055824279785 612.413459777832 576.258422851562 564.567535400391 599.597763061523 967.192165374756 495.57763671875 604.857025146484 486.366058349609 586.912155151367 687.787844657898 963.665969848633 756.280258178711 960.767593383789 842.881988525391 757.808769226074 939.236419677734 647.123641967773 825.805688858032 804.032348632812 932.193421363831
-9999 826.240440368652 837.650802612305 671.291839599609 620.610195159912 680.188163757324 783.966091156006 674.439407348633 689.811637878418 655.966766357422 558.352127075195 632.853485107422 518.264938354492 633.517723083496 610.911876678467 608.720823287964 681.30632019043 705.249725341797 629.614608764648 532.111656188965 538.106948852539 582.58097076416 745.647275924683 488.312515258789 824.973556518555 628.967367172241 607.249664306641 508.949996948242 667.257888793945 608.286926269531 620.58683013916 561.493392944336 582.794841766357 665.220359802246 1365.36058044434 677.954071044922 657.692105293274 691.694347381592 709.439191818237 820.666763305664 756.098850250244 803.282981872559 949.988616943359 943.43180847168 933.150985717773 840.012680053711 972.979026794434 837.986129760742 637.146812438965 654.98127746582
-9999 -9999 723.435260772705 683.74032664299 638.241523742676 845.130401611328 860.464866638184 877.850189208984 804.482445716858 589.222549438477 526.813095092773 565.89867401123 662.684842348099 697.843963623047 588.247184753418 487.619697570801 546.216886043549 645.699150085449 740.816650390625 632.86196231842 645.873196601868 599.817821502686 632.802982330322 393.160049438477 449.694473266602 615.77575302124 659.209704399109 764.923599243164 778.56379699707 808.441192626953 729.51383972168 635.970369338989 626.229869842529 627.946611404419 767.753120422363 565.480312347412 623.651111602783 729.663940429688 796.628326416016 723.807434082031 697.948850274086 752.967729568481 803.549877166748 957.219055175781 800.897468566895 851.426010131836 843.179832458496 787.407894134521 795.933166503906 738.030326843262
-9999 -9999 868.135635375977 898.975074768066 638.931158065796 635.082263946533 803.135864257812 702.44136428833 640.575660705566 603.721603393555 778.0283203125 579.647453308105 687.211193084717 600.802742004395 620.103044509888 553.908527374268 495.627197265625 579.826057434082 631.584888458252 539.86435508728 403.085342407227 548.271106719971 462.475440979004 549.402885437012 407.038833618164 670.795074462891 699.092155456543 727.80493927002 780.631286621094 754.339057922363 615.753322601318 597.803512573242 666.945395469666 615.233345031738 542.24333190918 616.785919189453 722.418992042542 765.347919464111 725.867193222046 730.819583058357 783.995544433594 839.292854309082 970.792900085449 1016.41103363037 914.992343902588 896.345314025879 793.112909317017 785.765975952148 960.227569580078 839.379093170166
-9999 -9999 -9999 670.803031921387 707.229675292969 570.15860748291 655.682983398438 748.781455993652 737.925296783447 562.208999633789 505.914108276367 592.527633666992 705.148845672607 555.072891235352 479.858261108398 611.5691614151 579.135589599609 617.220550537109 512.92138671875 369.902893066406 446.902229309082 475.288452148438 320.973251342773 1286.81134033203 526.247097015381 651.458089828491 770.166297912598 622.789779663086 786.331016540527 808.074188232422 746.17219543457 639.923347473145 562.265693664551 565.347633361816 575.777374267578 700.252136230469 521.938346862793 710.684907913208 606.492370605469 356.804870605469 733.738418579102 843.705181121826 815.673793792725 831.52264881134 671.739639282227 786.337867736816 780.946199417114 636.813011169434 738.624098300934 1185.55613422394
-9999 -9999 -9999 578.50032043457 528.476081848145 627.364513397217 815.745876312256 945.298385620117 863.362899780273 1211.0334777832 700.732001781464 649.232479095459 686.544347763062 588.06974029541 586.825439453125 650.888256072998 483.895858764648 414.852005004883 499.556335449219 475.605751037598 480.073455810547 424.666046142578 482.134971618652 678.036346435547 459.50220489502 626.91735458374 653.447034835815 627.082145690918 772.252906799316 761.703918457031 685.053695678711 696.766536712646 603.461078643799 500.241073608398 577.383438110352 998.247650146484 679.531665802002 733.686553239822 478.802139282227 539.65926361084 675.560377597809 691.428958892822 619.386856079102 874.013999938965 722.378204345703 1246.95394897461 935.489456176758 732.075393676758 1064.01929092407 996.522518157959
