simdem/realisation71.asc
NCOLS 350 
NROWS 171 
XLLCORNER 152620 
YLLCORNER 418050 
CELLSIZE 100 
NODATA_value -9999 
[rows 88 to 109 of 171, columns 200 to 249 of 350]
656.005664825439 604.337188720703 753.009330749512 780.192970275879 631.971452713013 622.737260818481 657.045761108398 566.256072998047 619.382998943329 725.546325683594 686.814041137695 593.597080230713 772.596984863281 862.371826171875 682.780864715576 641.807727813721 633.031600952148 642.976211547852 608.221046447754 657.435409545898 664.469520568848 714.601612091064 600.201282501221 553.631721496582 643.676807403564 609.164337158203 663.490632534027 799.124610900879 544.571670532227 632.827857971191 714.113544464111 511.03401184082 708.675109863281 743.842193603516 658.933387756348 597.840297698975 740.531105041504 553.052074432373 776.40837097168 801.352569580078 732.383992195129 757.655559539795 775.533340454102 825.518692016602 810.500114440918 692.206734657288 693.05241394043 923.892763137817 991.675277709961 1043.75581359863
596.862449645996 557.735015869141 660.111309051514 541.592956542969 570.927688598633 704.332290649414 565.685760498047 604.835090637207 621.257489204407 644.097898721695 561.651420593262 671.804714202881 754.862945556641 661.190828323364 581.063499450684 483.986557006836 652.875586748123 676.514596939087 632.935894012451 692.590713500977 602.407474517822 593.274032592773 722.649272918701 738.55061340332 672.855150461197 780.983261108398 728.046360015869 716.436138153076 699.585968017578 632.055519104004 543.870681762695 712.563804626465 644.466834545135 607.986190795898 620.765595674515 684.540977478027 577.326412200928 696.665641784668 744.749210357666 738.298969268799 709.203588485718 715.353404998779 622.115310668945 911.03589630127 773.537119626999 749.54362487793 685.601020812988 945.913328170776 1053.68143630028 868.836780548096
658.372990369797 847.343658447266 562.973731994629 669.50047492981 494.810791015625 636.808427810669 671.653062820435 710.743927001953 737.239631652832 670.96756362915 681.046634674072 683.525798797607 662.045185089111 583.173320770264 424.958648681641 613.788696289062 601.696071624756 607.812240600586 740.589546203613 690.330757141113 782.715507507324 747.228775024414 689.75404548645 669.650827407837 734.357887268066 633.041404724121 702.020294189453 675.479418039322 664.997884750366 687.472185134888 640.652738571167 639.88085269928 693.647361755371 713.708023071289 665.303909301758 703.45231628418 564.170097351074 775.653930664062 883.586219787598 781.344261169434 608.364837646484 708.533916473389 768.369478225708 874.19266462326 775.444240570068 647.223392486572 552.414443969727 835.568519592285 885.687999725342 903.807563781738
569.610843658447 626.824794769287 644.184550285339 768.871269226074 684.788676261902 724.080760955811 730.332786560059 710.133361816406 678.698528289795 616.087024688721 856.787994384766 721.401649475098 581.647766113281 700.464286804199 582.34351348877 639.508529663086 575.295864105225 531.816345214844 679.20015335083 779.557312011719 823.710327148438 799.157211303711 631.210941314697 745.849067687988 706.116134643555 585.580673217773 663.313751220703 545.346717834473 653.34889125824 666.122560381889 727.274612426758 737.573259830475 597.129405975342 617.781139373779 716.084785461426 785.229232788086 749.42350769043 781.522445678711 754.244659423828 788.893749237061 664.428421020508 655.167556762695 810.743254423141 763.94295501709 788.539402008057 528.268226623535 626.830459594727 701.832954406738 969.716346740723 887.327350616455
704.865570068359 647.380004882812 735.506721496582 663.564712524414 729.457180023193 508.613021850586 543.939361572266 695.601566314697 676.261768341064 736.040382385254 781.758987426758 749.641250610352 548.71118927002 445.603256225586 543.791816711426 584.578556060791 726.37264251709 559.675987243652 659.412766456604 706.281036376953 589.500778198242 765.526634216309 655.728366851807 673.994630813599 530.616744995117 515.265213012695 740.365766525269 633.49418258667 692.007682800293 677.235820770264 653.532703399658 810.943008422852 596.740287780762 664.435022354126 629.925304412842 701.101081848145 643.528246879578 653.17756652832 698.685615539551 601.874624252319 614.067945480347 735.174859523773 696.523968696594 626.706718444824 635.459161758423 662.179425239563 562.511894226074 576.933151245117 699.708961486816 959.976203918457
581.371246337891 707.831753730774 835.466773986816 563.378540039062 496.880081176758 930.825881958008 643.551386833191 693.764442443848 631.568395614624 738.290321350098 650.232027053833 655.002841949463 457.389450073242 469.966369628906 554.572525024414 622.46000957489 479.100952148438 610.318935394287 634.045804977417 789.860816955566 635.795703887939 577.13089466095 716.032187581062 752.918899536133 671.200771331787 674.865644454956 775.035907745361 662.367816925049 788.378684997559 604.253299713135 644.875852584839 602.140655517578 613.950820922852 740.436383247375 766.950717926025 813.901443481445 709.836887121201 780.918502807617 696.578683853149 636.119705200195 642.421379089355 669.701446533203 562.907466888428 555.00626373291 565.562187194824 601.689804077148 623.411491394043 755.345478057861 682.4375 824.935364723206
551.63452911377 763.829250335693 860.915138244629 621.045219421387 477.989288330078 443.250183105469 767.325672149658 626.499747991562 665.414655685425 748.52645111084 601.073638916016 644.045629501343 697.647254943848 653.232460021973 602.805545806885 518.078964233398 630.586041927338 480.461822509766 575.815032958984 619.7568359375 741.589771270752 699.282176971436 589.063538551331 857.832004547119 762.983602523804 758.651634693146 643.480815887451 647.607990264893 719.452808380127 758.885360717773 501.835632324219 598.385284423828 670.309803009033 689.888179779053 724.684154510498 822.96703004837 573.745635986328 736.580589294434 765.159332275391 910.485290527344 876.488174438477 830.10848236084 812.612228393555 649.546543121338 760.148506164551 700.100616455078 627.019306182861 781.852905273438 742.059885025024 587.737045288086
655.048552036285 500.753494262695 619.731407165527 799.870512962341 455.716125488281 438.753982543945 521.841522216797 683.783741414547 600.285217285156 605.802740097046 495.854461669922 711.418567657471 682.825115203857 589.957389831543 546.818946838379 574.784862518311 655.342296600342 688.223209381104 613.495653152466 531.88232421875 614.084373474121 659.489593505859 707.521641731262 580.882936477661 706.37771987915 675.422130584717 595.935325622559 605.236808776855 687.106342315674 605.860725402832 686.107701301575 659.364356994629 691.743612766266 687.791383504868 543.575866699219 717.702377319336 803.026885986328 790.462631225586 817.221122741699 790.161079406738 761.485931396484 991.571350097656 955.156051635742 780.324234008789 784.027229309082 684.906387329102 632.705165863037 657.31672668457 613.456512451172 754.376987457275
543.316528320312 513.429489135742 660.633918762207 692.787853240967 579.083282470703 503.226165771484 600.315404891968 600.698020935059 654.525501251221 597.542400360107 421.298873901367 687.077686309814 637.083529472351 774.859786987305 641.367902755737 676.376010894775 672.073089599609 726.529029846191 597.068592071533 500.201202392578 613.388187408447 675.577571392059 750.689374923706 792.81086730957 718.025825500488 572.068475723267 536.704452514648 571.462181091309 499.504058837891 574.931205749512 477.147415161133 507.174407958984 676.41323184967 671.812877655029 537.93034362793 759.860206604004 709.566383361816 616.827178955078 689.307362556458 733.153606414795 764.160621643066 907.234741210938 922.842193603516 797.854530334473 695.754444122314 684.953956604004 613.503135681152 536.024841308594 655.779685974121 567.378936767578
456.682243347168 616.588047027588 733.414212703705 744.446799278259 877.318801879883 759.454040527344 737.303337097168 978.624723434448 652.96549987793 576.551300048828 654.281242370605 732.741798400879 699.199211120605 650.699828147888 624.334666252136 575.893337249756 637.264569282532 586.005805969238 615.846254348755 577.201248168945 567.605911254883 666.41649055481 644.035095214844 781.113586425781 744.546783447266 740.590027809143 584.961854934692 607.518768310547 636.420431137085 504.298065185547 445.028930664062 431.319396972656 523.308952331543 496.325500488281 524.00350189209 593.33381652832 722.218242526054 755.169250488281 655.723735809326 640.691856384277 760.3957862854 681.007545471191 913.423431396484 759.292888641357 730.868154525757 675.521362304688 586.840682983398 494.324996948242 807.77978515625 611.872039794922
646.116584777832 534.294979095459 823.556343078613 774.606704711914 845.52172088623 764.224091410637 594.898475646973 580.187873840332 659.135961532593 727.014499664307 546.828895568848 567.338523864746 700.242504119873 795.448196411133 761.874366760254 608.263724327087 534.319122314453 646.029431343079 757.659301757812 670.79545211792 640.388023376465 648.549410820007 593.642997741699 773.40950012207 791.841064453125 810.760578155518 837.401031494141 620.314125061035 597.891990661621 561.680053710938 668.373523712158 532.381271362305 533.425559997559 588.350044250488 557.094970703125 616.943748474121 513.219146728516 627.756771087646 565.923652648926 652.413566589355 653.467103004456 729.07942199707 705.233848571777 670.525545597076 732.947114944458 804.593902587891 909.270874023438 792.071022033691 827.645317077637 706.559043884277
742.527984619141 743.719367980957 752.00106048584 876.121803283691 737.664737224579 800.398351192474 565.67790222168 664.946136474609 750.469898223877 705.637571334839 535.0693359375 550.265289306641 552.852554321289 734.103912353516 764.536682128906 731.569854736328 733.789688110352 658.756706237793 707.073783874512 602.269367218018 642.840788841248 770.097244262695 597.992259979248 635.849380493164 764.593185424805 710.500473022461 879.20280456543 717.047836303711 505.623138427734 608.291122436523 548.804779052734 675.430009841919 513.019729614258 496.051147460938 591.411567687988 614.384269714355 780.508506774902 501.620223999023 558.029296875 594.496566772461 784.381164550781 739.133693695068 719.966361999512 677.720146179199 852.354621887207 675.7861328125 750.676746368408 1083.40140533447 994.646444797516 879.27360534668
883.156509399414 805.084646224976 637.968873023987 747.866538763046 732.713441848755 737.694829940796 702.529624938965 731.366110801697 674.894878387451 718.738426208496 629.069583892822 634.287866592407 636.990430831909 787.815383911133 810.177635192871 865.314254760742 811.270584106445 775.047393798828 695.330917358398 698.960750579834 578.614295959473 766.952369689941 589.480411529541 897.129787445068 778.767486572266 655.721927642822 927.366310119629 765.544300079346 850.426940917969 1343.45533084869 1188.66835021973 760.653129577637 672.394039154053 547.962158203125 635.360610961914 722.590644836426 940.629257202148 701.693328380585 653.61051940918 611.509811401367 697.943790435791 727.135831356049 887.633483886719 723.443725585938 825.330444335938 906.581192016602 1093.81170463562 776.339241027832 904.558441162109 631.947982788086
833.223990440369 737.954726219177 721.375381469727 776.313264846802 721.957107543945 608.575042724609 783.834187984467 910.842712402344 783.83455657959 1040.68008065224 678.403865814209 608.809844970703 586.25553894043 717.450012207031 826.510528564453 897.727691650391 743.446029663086 653.896062850952 529.92813873291 440.834777832031 476.288009643555 656.332543849945 620.355994224548 750.400842666626 669.798789978027 813.963840484619 540.058822631836 716.352188110352 576.477424621582 719.812803268433 566.669166564941 640.41724395752 555.270874023438 1115.72816467285 829.123077392578 869.211708068848 1251.97330856323 1098.67552089691 609.509994506836 890.853754520416 1013.26715087891 710.643001556396 811.284629821777 766.210458755493 754.696138381958 779.585342407227 781.331802368164 1011.40476226807 1393.17134094238 750.784638136625
918.645889282227 861.138607025146 675.086051940918 542.650482177734 819.652526855469 899.168762207031 743.151767730713 868.426166534424 904.38306427002 840.280818939209 968.253959655762 562.722061157227 521.593383789062 723.404197692871 802.962623596191 847.956283569336 806.325698852539 766.478881835938 714.593437194824 672.494068145752 558.949592590332 624.637098312378 585.79899597168 634.591907501221 687.991707086563 597.50301361084 503.322692871094 681.63777923584 868.264373779297 785.19367980957 675.516350030899 689.553869247437 503.887817382812 513.766860961914 704.309928894043 568.468147277832 585.173950195312 982.947135925293 625.086536407471 711.574813842773 777.279319763184 763.743587493896 1224.70845222473 598.894485473633 1151.58938598633 876.584550857544 685.957897186279 881.346014022827 1117.71478271484 852.846565246582
602.71142578125 790.623201370239 833.926496505737 653.061043262482 827.509643554688 829.952812194824 843.774543762207 704.858001708984 666.960250854492 739.001159667969 674.423889160156 879.964576721191 490.120346069336 664.329202651978 618.270496368408 606.700347900391 694.382358551025 796.242698669434 825.86247253418 627.641098022461 588.132469177246 485.87614440918 607.36368560791 640.196513175964 749.300552368164 512.500854492188 528.122543334961 728.477005004883 834.77424621582 740.619491577148 668.457806587219 594.337097167969 560.839172363281 646.737459182739 668.733367919922 568.211929321289 790.764602661133 791.299240112305 916.379524230957 700.734692335129 740.004882335663 874.155944824219 1067.30438327789 540.649353027344 1093.18206787109 1031.49239349365 743.077537536621 1170.7318572998 847.318336486816 1415.42023086548
-9999 661.125980377197 659.241836547852 557.020133972168 682.325330734253 749.542654514313 767.770787239075 705.823173522949 757.700565338135 540.992721557617 728.668613433838 1120.34272003174 648.230171203613 645.466676473618 702.985328674316 583.079465866089 672.404922485352 714.854316711426 680.569534301758 562.81653213501 576.698791503906 768.825225830078 712.191223144531 1025.89565658569 905.097839355469 449.160705566406 568.478988647461 642.887132644653 607.27600479126 597.024280548096 648.972360372543 590.917366027832 604.10542678833 592.388023376465 899.285293579102 567.356117248535 616.354873657227 630.752639770508 527.843551635742 741.446392059326 705.460870742798 824.016883850098 733.44441986084 745.819801330566 730.599670410156 1192.80005645752 898.081832885742 1011.04220581055 819.738128662109 994.831966400146
-9999 592.115951538086 658.465385437012 755.836456298828 783.302627563477 878.594032287598 810.338813781738 702.937717437744 747.358158111572 810.788389205933 807.901105880737 820.335891723633 744.967258453369 786.4853515625 774.434509277344 567.321487426758 481.730491638184 571.636144638062 656.693851470947 647.781770706177 561.991653442383 655.844272613525 750.004941940308 548.505020141602 916.287246704102 437.047882080078 631.078767776489 588.396934509277 465.173416137695 513.45491027832 562.379539489746 683.585746765137 680.974647521973 488.455718994141 1091.39175415039 649.687541007996 526.356033325195 475.416580200195 608.907363891602 640.435947418213 502.356536865234 624.970108032227 749.930213928223 800.322299957275 882.188919067383 876.83211517334 1118.45685577393 1009.65246582031 774.779445648193 719.193534851074
-9999 -9999 786.350378036499 784.49821472168 717.947231292725 766.090148210526 712.877990722656 738.05460357666 890.971076965332 741.064033508301 749.932586669922 730.431831359863 719.290424346924 563.278472900391 616.432033538818 580.399673461914 513.505908966064 582.150379180908 549.602416992188 735.062522888184 613.119338989258 619.928237915039 539.744400024414 508.924324035645 687.466452598572 587.86457824707 714.285911560059 568.574737548828 652.81502532959 562.549659729004 531.913452148438 571.048332214355 621.030174255371 501.810317993164 732.786979675293 400.793609619141 576.63346862793 463.514129638672 673.9859623909 590.734649658203 464.016799926758 611.36629486084 643.932556152344 733.11531829834 739.049592018127 706.811676025391 782.582684993744 727.664471507072 814.858810424805 737.032318115234
-9999 -9999 1038.83391189575 1004.41627502441 733.044570922852 648.231906890869 624.082992553711 653.934921264648 603.511108398438 765.794756889343 852.846481323242 598.316772460938 600.969844818115 674.911371231079 739.838180541992 687.217590332031 572.495491027832 514.39966583252 681.404418945312 643.692794799805 551.552841186523 715.282745361328 668.706527709961 804.041107177734 610.730369567871 708.435787200928 622.813095092773 673.772470474243 723.529293060303 640.834321975708 565.99536895752 498.426330566406 719.328205108643 495.768753051758 470.598983764648 496.772659301758 540.658615112305 683.85725402832 739.653512954712 637.257453918457 773.680702209473 869.563747406006 800.062049865723 778.074150085449 816.667549133301 914.42992401123 789.92081451416 882.647639274597 903.910430908203 540.267608642578
-9999 -9999 -9999 747.474394798279 666.455227851868 518.311508178711 784.069171905518 654.855697631836 714.145359039307 638.364933013916 576.897472381592 733.67614364624 705.178256988525 740.750129699707 661.077278137207 525.298606872559 564.259339809418 566.83210849762 649.491493225098 584.028421401978 542.237775802612 512.496490478516 456.803070068359 1388.30646514893 499.015213012695 640.27465057373 629.467979431152 730.072174072266 727.58137512207 754.875690460205 802.167352676392 571.644012451172 536.928466796875 527.351852416992 536.532379150391 728.901550292969 511.855667114258 627.468452453613 606.267021179199 568.353481292725 803.06760597229 808.936221800745 736.565950393677 816.67383980751 656.992919921875 739.571548461914 768.341892242432 774.890697479248 640.64079284668 912.059051513672
-9999 -9999 -9999 755.234630584717 664.94116973877 569.897727966309 607.129608154297 807.616828918457 775.903975009918 939.557403564453 672.767284393311 519.592987060547 719.240814208984 640.077136993408 629.451108932495 653.572116851807 615.585914611816 540.768287658691 518.058937072754 567.506539344788 417.188629150391 375.352676391602 411.177963256836 681.795120239258 590.217196464539 606.163089752197 613.934692382812 635.501682281494 706.864246368408 642.544836044312 668.223722100258 713.856830596924 686.025894165039 500.817672729492 550.933822631836 944.129043579102 392.691741943359 733.123065471649 686.535924434662 471.160598754883 487.755111694336 752.805128097534 634.546455383301 644.555908203125 705.184448242188 1277.20725250244 760.162719726562 721.220825195312 1044.52947998047 843.503280639648
