simdem/realisation38.asc
NCOLS 350 
NROWS 171 
XLLCORNER 152620 
YLLCORNER 418050 
CELLSIZE 100 
NODATA_value -9999 
[rows 0 to 21 of 171, columns 100 to 149 of 350]
-9999 -9999 -9999 -9999 -9999 -9999 -9999 -9999 -9999 -9999 -9999 -9999 -9999 -9999 -9999 -9999 -9999 -9999 -9999 -9999 -9999 -9999 -9999 -9999 -9999 -9999 -9999 -9999 -9999 -9999 -9999 -9999 -9999 -9999 -9999 -9999 -9999 -9999 -9999 -9999 -9999 -9999 -9999 -9999 -9999 -9999 670.427406311035 809.584232330322 730.724822998047 625.502471208572
-9999 -9999 -9999 -9999 -9999 -9999 -9999 -9999 -9999 -9999 -9999 -9999 -9999 -9999 -9999 -9999 -9999 -9999 -9999 -9999 -9999 -9999 -9999 -9999 -9999 -9999 -9999 -9999 -9999 -9999 -9999 -9999 -9999 -9999 -9999 -9999 -9999 -9999 -9999 -9999 669.504825592041 746.145999908447 646.993667602539 567.449119567871 469.587600708008 701.566089630127 660.71870803833 700.091934204102 496.317367553711 412.647445678711
-9999 -9999 -9999 -9999 -9999 -9999 -9999 -9999 -9999 -9999 -9999 -9999 -9999 -9999 -9999 -9999 -9999 -9999 -9999 -9999 -9999 -9999 -9999 -9999 -9999 -9999 -9999 -9999 -9999 -9999 -9999 -9999 -9999 -9999 -9999 -9999 -9999 835.720169067383 765.781944513321 832.856384277344 770.439414978027 721.981281280518 685.52530670166 450.666961669922 502.973037719727 672.18189239502 643.012840270996 698.804611206055 756.492568969727 591.183197021484
-9999 -9999 -9999 -9999 -9999 -9999 -9999 -9999 -9999 -9999 -9999 -9999 -9999 -9999 -9999 -9999 -9999 -9999 -9999 -9999 -9999 -9999 -9999 -9999 -9999 -9999 -9999 -9999 -9999 -9999 -9999 -9999 -9999 -9999 918.018417358398 986.261169433594 727.967926025391 501.937393188477 599.537021636963 598.604270935059 684.695587158203 675.439500808716 521.882308959961 643.118621826172 753.329235076904 694.919082641602 808.563018798828 761.220748901367 911.753601074219 531.880675792694
-9999 -9999 -9999 -9999 -9999 -9999 -9999 -9999 -9999 -9999 -9999 -9999 -9999 -9999 -9999 -9999 -9999 -9999 -9999 -9999 -9999 -9999 -9999 -9999 -9999 -9999 -9999 -9999 -9999 -9999 -9999 -9999 854.048645019531 730.175704956055 750.890533447266 751.74479675293 637.08667755127 637.185852050781 576.423515319824 476.671051025391 597.269577026367 666.437369674444 609.090003967285 593.858505249023 606.015609741211 799.665733337402 790.804473876953 919.130325317383 823.821914672852 732.080293655396
-9999 -9999 -9999 -9999 -9999 -9999 -9999 -9999 -9999 -9999 -9999 -9999 -9999 -9999 -9999 -9999 -9999 -9999 -9999 -9999 -9999 -9999 -9999 -9999 -9999 -9999 -9999 -9999 -9999 -9999 672.066160678864 587.722378730774 662.026786804199 707.229934692383 771.87043762207 689.44814491272 582.355438232422 722.821899414062 623.411071777344 499.953308105469 573.101684570312 605.011169433594 609.631401062012 721.782009124756 622.553039550781 923.777381896973 825.687272548676 1000.22854614258 1041.07315063477 788.809516906738
-9999 -9999 -9999 -9999 -9999 -9999 -9999 -9999 -9999 -9999 -9999 -9999 -9999 -9999 -9999 -9999 -9999 -9999 -9999 -9999 -9999 -9999 -9999 -9999 -9999 -9999 -9999 550.393548965454 657.973871231079 460.693511962891 516.284526824951 591.719592094421 709.817337036133 584.615407943726 604.169361114502 530.623931884766 603.041191101074 659.090766906738 790.533401489258 679.901863098145 803.062376976013 811.812874794006 728.37015914917 785.970422267914 684.746551513672 736.10485458374 992.397001266479 1225.65989685059 1060.15602111816 1186.05651855469
-9999 -9999 -9999 -9999 -9999 -9999 -9999 -9999 -9999 -9999 -9999 -9999 -9999 -9999 -9999 -9999 -9999 -9999 -9999 -9999 -9999 -9999 -9999 -9999 689.678932189941 624.73120880127 587.196115493774 556.075004577637 648.573684692383 510.218376159668 575.60606098175 585.056503295898 787.891220092773 496.266578674316 580.555267333984 527.619400024414 652.78067779541 589.816299438477 700.571493148804 729.209175109863 803.949543952942 798.970481872559 849.548608779907 870.985019683838 930.907051086426 1000.7998008728 988.722108364105 1048.12676620483 1055.55863189697 1249.20148468018
-9999 -9999 -9999 -9999 -9999 -9999 -9999 -9999 -9999 -9999 -9999 -9999 -9999 -9999 -9999 -9999 -9999 -9999 -9999 -9999 -9999 -9999 720.775482177734 868.038070678711 529.5224609375 513.072105407715 579.235370635986 592.769250869751 640.7253074646 699.464454650879 656.101791381836 502.387260437012 581.857135295868 570.341520309448 519.628005981445 597.215650558472 540.783012390137 633.393707275391 704.848921537399 796.892283439636 942.87681388855 573.876449584961 648.464511871338 690.912445068359 720.07936668396 1013.89770507812 704.604301452637 664.654697418213 729.58421754837 610.782301902771
-9999 -9999 -9999 -9999 -9999 -9999 -9999 -9999 -9999 -9999 -9999 -9999 -9999 -9999 -9999 -9999 -9999 -9999 -9999 1031.73097991943 716.839761734009 750.993314743042 785.623817443848 620.554667472839 523.99806022644 342.466613769531 549.323669433594 597.075540542603 739.431060791016 742.93132019043 737.97492980957 618.414909362793 360.012680053711 490.516708374023 499.263282775879 677.67244720459 603.364734649658 402.491104125977 462.128402709961 570.962539672852 630.545318603516 631.202270507812 715.639499664307 662.965566635132 794.629035949707 715.428394317627 711.599801540375 648.36784362793 731.819047927856 684.824140548706
-9999 -9999 -9999 -9999 -9999 -9999 -9999 -9999 -9999 -9999 -9999 -9999 -9999 -9999 -9999 -9999 -9999 1168.2928237915 1140.21207809448 918.569686889648 572.700889587402 642.821491718292 686.559616088867 539.501258850098 505.92214679718 512.44450378418 660.158058166504 613.675193786621 675.021097421646 723.158916473389 607.126007080078 532.485271453857 487.084907531738 637.737213134766 517.852710723877 621.180648803711 459.878303527832 472.716835021973 602.130981445312 550.193267822266 649.529754638672 674.077258110046 663.690008163452 826.026000976562 635.068992614746 741.087844848633 702.551345825195 658.206115722656 580.774620056152 666.805744171143
-9999 -9999 -9999 -9999 -9999 -9999 -9999 -9999 -9999 -9999 -9999 -9999 -9999 -9999 487.288116455078 739.840238571167 768.078788757324 1061.25469207764 1133.41502380371 919.468475341797 797.744262695312 445.687759399414 553.788047790527 787.595001220703 673.547022819519 619.865467071533 707.417057037354 733.138332366943 612.905006408691 606.511627197266 671.271552085876 435.479782104492 578.878872394562 676.04719543457 665.864631652832 516.734035491943 485.29239654541 348.839462280273 590.896385192871 629.040390014648 704.090505599976 562.214714050293 622.853351593018 622.673484802246 644.986309051514 652.798555850983 742.87141418457 714.455753326416 625.51114654541 701.981101989746
-9999 -9999 -9999 -9999 -9999 -9999 -9999 -9999 -9999 -9999 -9999 -9999 637.647964477539 531.368789672852 473.069458007812 641.029724121094 648.08465385437 687.413368225098 1133.86247253418 1024.3987121582 954.903697967529 496.953239440918 639.398031234741 707.761535644531 646.303472518921 792.681699752808 759.314786911011 684.944713115692 678.929661631584 760.876876831055 739.743041992188 666.311332702637 426.022737503052 636.977809906006 686.518775939941 520.008438110352 511.795364379883 582.380500793457 660.867332458496 534.420471191406 541.277069091797 689.830314397812 653.434455871582 586.744926452637 551.190376281738 611.642739295959 646.173580646515 651.656181335449 694.228458404541 594.54182934761
-9999 -9999 -9999 -9999 -9999 -9999 -9999 -9999 -9999 -9999 749.672309875488 602.570526123047 637.367324829102 651.589141845703 557.457336425781 572.824111938477 651.939239501953 824.554183959961 650.276485443115 585.991209983826 448.536819458008 414.592971801758 487.463180541992 710.614172428846 853.786972045898 856.378623962402 733.301585197449 738.260292053223 665.332812309265 548.005380630493 591.032421112061 588.087409973145 456.776163101196 453.835998535156 561.003526687622 665.598335266113 583.962886810303 616.064853668213 625.274429321289 437.938217163086 585.411277770996 640.044027328491 521.269989013672 568.319526672363 610.830345153809 584.088382720947 722.918342590332 637.084408760071 645.973499298096 654.192325592041
753.219379663467 756.902547836304 839.354393005371 616.347061157227 771.427228927612 346.739669799805 518.764659881592 486.573570251465 570.200571060181 512.181716918945 780.031524658203 589.680877685547 525.734573364258 497.262023925781 551.24503326416 500.059074401855 551.184539794922 695.861907958984 707.91170501709 612.416923522949 545.267650604248 680.753631591797 711.700995445251 689.26330947876 832.557823181152 770.796424865723 775.667167663574 800.075050354004 682.632937431335 622.345233917236 444.037895202637 655.727401733398 476.375114440918 263.907730102539 526.120220184326 628.15022277832 790.010864257812 566.766887664795 652.988410949707 706.267889499664 658.594611644745 605.204235076904 636.897834777832 559.917854309082 518.487503051758 707.915672302246 652.385089874268 546.976554870605 576.592094898224 677.418361663818
838.894958496094 777.025950908661 828.530303955078 552.095874786377 621.256284713745 254.154144287109 415.77303314209 510.971237182617 552.011894226074 350.291229248047 649.144660949707 577.507583618164 624.130222320557 588.370269775391 552.980895996094 543.770164489746 594.604404449463 576.126224517822 810.293731689453 625.597145080566 600.160720825195 627.32791519165 613.34942483902 808.848083496094 582.423084259033 726.601852416992 686.378707885742 569.291923522949 753.379852294922 574.420249938965 413.803726196289 677.793937683105 491.473163604736 396.605754852295 557.494596481323 781.801132202148 760.48006439209 578.558784484863 656.199592590332 750.861206054688 661.118630073965 664.572219848633 630.741992950439 523.294486999512 569.771339416504 1262.43896484375 910.84511756897 760.089111804962 619.463260650635 569.359174489975
548.340675354004 854.678482055664 634.810276031494 773.703788757324 643.808749675751 388.479698181152 562.446899414062 514.222431182861 484.228965759277 694.615760803223 633.892397880554 439.768119812012 552.601776123047 723.564414978027 606.407550811768 580.292724609375 627.189659118652 738.394954681396 751.691530227661 773.508808135986 621.824516296387 1084.61013031006 584.27232170105 828.846496582031 571.352668762207 678.370067596436 681.865798950195 825.001335144043 651.192764282227 690.855087280273 623.369827270508 674.831890106201 684.964351654053 838.564643859863 687.612403869629 846.860870361328 799.738128662109 495.222663879395 509.558319091797 531.901924133301 623.740451812744 625.501148223877 1028.97326660156 886.323644757271 694.308079719543 650.928123474121 693.570095062256 596.253818511963 516.9609375 662.115993499756
675.209976196289 687.373346328735 603.812545776367 608.457848548889 832.825836181641 779.726486206055 964.762565612793 1198.58612823486 747.988349914551 753.460693359375 659.592613220215 417.597370147705 577.451014518738 887.066345214844 656.907218933105 602.94319152832 616.21607208252 776.63330745697 363.873413085938 662.229873657227 576.837463378906 623.062019348145 710.445083618164 721.922008514404 679.6066442132 564.777973175049 593.837002277374 840.18440246582 684.785081863403 660.624336242676 523.213138580322 892.618713378906 749.122711181641 568.730777740479 680.063571929932 1186.15238189697 589.767425537109 349.313064575195 445.212478637695 467.325653076172 1249.42390441895 862.895332336426 584.290740966797 629.491622924805 538.449234008789 635.308292388916 854.189315795898 657.805082321167 473.95068359375 509.9072265625
679.397972106934 659.432710647583 1050.09833908081 518.396614074707 686.566452026367 759.489440917969 951.464477539062 1060.66673660278 582.264614105225 843.087692260742 723.470146656036 620.074989318848 668.60649394989 650.775192260742 394.101806640625 548.776123046875 563.863845825195 718.259635925293 484.37434387207 723.264022827148 454.592590332031 695.664825439453 486.455230712891 605.915309906006 370.842147827148 395.580863952637 493.469146728516 624.003631591797 1069.21535491943 903.866668701172 634.618743896484 819.665365219116 1147.84558105469 1076.97417831421 632.10075378418 1033.20245361328 854.606475830078 710.067398071289 520.27906036377 622.225702285767 637.337799072266 591.239074707031 507.23754119873 459.626068115234 574.102626800537 589.333274841309 632.999019622803 695.996994018555 689.477294921875 572.531307220459
822.288272857666 732.222833633423 1087.78827667236 727.494207382202 780.657997131348 765.26437997818 945.959763050079 1329.94166564941 1052.09996795654 657.432174682617 911.907373428345 868.538497924805 893.645515441895 928.095565795898 419.646492004395 1024.07559204102 548.147247314453 645.287109375 378.567138671875 921.470169067383 662.873031616211 626.771240234375 499.635787963867 336.437683105469 1085.67762756348 1103.524559021 777.126502990723 651.124035835266 418.532684326172 432.492706298828 509.920055389404 580.909524917603 544.091873168945 582.806549072266 461.99739074707 1133.41506195068 461.445602416992 535.446762084961 652.369007110596 519.412063598633 684.762828826904 593.079986572266 679.181303024292 570.996116638184 584.479869842529 563.067672729492 502.731994628906 564.75079536438 738.302406311035 703.999031066895
780.807188034058 580.261108398438 661.480762481689 562.841873168945 587.503815174103 728.081859588623 831.057182312012 616.40548658371 1007.25933074951 628.294296264648 680.357169151306 908.983093261719 605.561782836914 956.377799987793 1108.05165863037 1089.31199264526 958.609466552734 1023.2106628418 507.620178222656 534.70915222168 857.083429336548 389.303115844727 937.607757568359 243.511077880859 596.149923324585 1030.59523010254 440.430709838867 570.38355255127 538.580494880676 405.168746948242 507.288909912109 585.380492210388 585.88472366333 684.216316223145 600.894687652588 618.500305175781 490.016891479492 701.8092918396 633.580871582031 712.89575958252 729.089839935303 794.908447265625 610.95129776001 653.279703140259 678.760841369629 723.637489318848 547.944129943848 650.519167900085 697.480941772461 459.041854858398
613.580738067627 607.889787197113 415.714904785156 352.143768310547 478.394134521484 790.976036071777 685.374126434326 833.461265563965 845.531623840332 582.490737915039 602.310317993164 832.045547485352 542.762619018555 617.122360229492 477.165298461914 2267.84594726562 1093.71125793457 677.687698364258 380.249649047852 970.731437683105 893.61014175415 496.022415161133 422.680297851562 760.668914794922 1034.89053344727 1388.32092285156 842.368637084961 714.991218566895 504.393104553223 483.545272827148 532.123420715332 612.077644348145 603.259531617165 753.095520019531 657.051620483398 617.103676795959 495.614044189453 565.990982055664 655.941741943359 809.797103881836 620.308746337891 608.809307098389 634.827837228775 603.205451965332 722.678329467773 834.415008544922 636.330450057983 601.324695587158 547.583339691162 700.697105407715
