simdem/realisation7.asc
NCOLS 350 
NROWS 171 
XLLCORNER 152620 
YLLCORNER 418050 
CELLSIZE 100 
NODATA_value -9999 
[rows 44 to 65 of 171, columns 100 to 149 of 350]
530.169830322266 522.152130126953 428.278794288635 436.808212518692 395.851804733276 446.419086456299 499.059261322021 474.212745666504 425.308043956757 510.988739013672 457.056537628174 297.419891357422 330.941284179688 305.586502075195 417.051044464111 499.51049041748 412.242698669434 631.565856933594 565.460121154785 465.469396591187 491.073247909546 501.941117286682 484.096630096436 436.425815582275 419.01188659668 635.048767089844 459.655490875244 544.553916692734 422.391159057617 502.412727355957 477.868989944458 548.706211090088 421.432609558105 440.815788269043 421.57642364502 449.067867279053 571.095443725586 470.689828872681 416.523193359375 497.8517537117 726.508407592773 613.333724975586 656.896118164062 719.31608581543 496.014659881592 443.494964599609 635.861335754395 624.931060791016 599.459915161133 540.911593914032
555.478332519531 612.838775634766 446.2292137146 412.254693984985 553.936988830566 425.396211624146 521.800380706787 623.468292236328 489.108909606934 518.558769226074 561.703063964844 506.388305664062 522.657379150391 464.834400415421 392.108467102051 514.488452911377 502.791149139404 494.779449462891 537.209251403809 409.90306854248 476.023132324219 379.969680786133 327.661193847656 549.888244628906 542.741752624512 464.072153091431 531.519927978516 550.276489257812 384.846649169922 461.574848175049 508.876609802246 418.940605163574 420.561073303223 449.644176483154 432.229831695557 502.834981918335 470.010976791382 391.558258056641 474.509819030762 539.948348999023 584.997871398926 561.209617614746 554.169189453125 554.349792480469 455.20471572876 402.50724029541 562.967361450195 692.822784423828 611.441535949707 559.586679458618
610.328308105469 560.964027404785 592.117156982422 444.05047416687 368.398574829102 301.865493774414 527.303901672363 425.817035675049 476.212493896484 581.375823974609 602.815078735352 566.798294067383 492.35066986084 395.992946624756 479.382081031799 452.786816835403 481.108087539673 637.655639648438 496.117023468018 486.727409362793 433.023975372314 454.218328475952 453.91481590271 382.05379486084 416.449485778809 396.338554382324 439.156116485596 546.161308288574 471.502464294434 432.759353637695 509.253046989441 571.507266998291 277.030746459961 436.18843460083 462.141885757446 579.270568847656 480.841943740845 469.280410766602 347.861907958984 484.212564468384 410.706535339355 403.83757019043 507.477158546448 569.459300994873 447.118305206299 445.702373504639 464.016353607178 592.417556762695 622.361122131348 437.925849914551
569.644195556641 603.227096557617 407.32567024231 424.344825744629 413.354919433594 379.95922088623 501.423748016357 574.247039794922 559.819206237793 409.880752563477 441.641585350037 510.51245880127 567.66576385498 379.454795837402 445.946779251099 385.04564666748 375.107406616211 508.226467132568 472.879221916199 491.931703567505 470.264917373657 501.03582572937 340.96907043457 447.546138763428 437.090240478516 355.984146118164 580.611511230469 680.139587402344 647.409149169922 627.422874450684 572.530235290527 507.923322677612 453.049018859863 492.299839019775 424.524173736572 475.310810089111 497.543771743774 359.048522949219 407.502281188965 462.08772277832 547.603893280029 398.239631652832 540.431686401367 589.881450653076 415.848617553711 375.882720947266 437.67130279541 471.142363071442 439.301181793213 588.561420440674
431.962292671204 440.336992025375 484.614677429199 304.703018188477 442.787518501282 528.605834960938 403.223915100098 431.139385223389 513.965507507324 474.209697723389 427.362773895264 527.363502502441 373.524856567383 309.260375976562 367.902679443359 413.874160766602 547.494827270508 524.975124359131 482.45773601532 551.323760986328 446.83016204834 441.566341400146 495.827566146851 503.667897701263 444.18607711792 523.579170227051 439.994514465332 566.351890563965 473.242946624756 695.876205444336 695.134155273438 555.182722091675 304.032257080078 492.343547821045 448.989036560059 382.332878112793 489.205793380737 547.323371887207 481.695943832397 693.932754516602 461.483581542969 445.692684173584 599.807945251465 540.711246490479 453.796089172363 479.924606323242 506.557817459106 465.02952003479 393.552261352539 667.611351013184
467.655516624451 477.20972442627 402.665531158447 397.901504516602 416.309888839722 428.770210266113 582.215423583984 530.753383636475 425.489766597748 377.70092010498 335.132637023926 362.650909423828 412.767250061035 326.028869628906 431.386409759521 447.294578552246 484.509502410889 511.766670227051 534.326068878174 500.045359611511 479.329636573792 453.415599822998 510.914623260498 446.771968841553 471.188076019287 482.861422538757 335.489273071289 467.997787475586 493.545671463013 444.624526977539 478.317405700684 590.210540771484 378.307815551758 599.66478729248 552.965621948242 535.162666320801 455.543966293335 539.902656555176 486.548252105713 560.323463439941 468.311977386475 507.750030517578 496.19589805603 577.964908599854 550.561538696289 471.222259521484 473.920532226562 420.391616821289 380.611206054688 595.463066101074
421.142398834229 414.39369392395 611.163543701172 428.631595611572 395.854850769043 418.486835479736 454.262251853943 556.956558227539 459.834600389004 363.811790466309 414.723968505859 428.568237304688 464.431587696075 383.224174499512 437.048746109009 455.925436973572 585.984794616699 443.726127624512 396.482383728027 443.296653747559 414.515998840332 633.597770690918 417.114925384521 287.650100708008 406.743515014648 382.102600097656 408.576286315918 461.534503936768 414.184051513672 538.619241714478 518.221385002136 544.4662733078 545.404155731201 538.176277160645 481.018314361572 540.307801246643 485.657321929932 473.004649162292 482.092008471489 481.13557434082 384.766983032227 449.280555725098 390.326545715332 381.779769897461 563.704238891602 473.936389923096 476.929206848145 558.827262878418 530.758392333984 416.49356842041
419.360556602478 415.03947520256 485.221141815186 517.008377075195 530.533294677734 521.644004821777 444.888101577759 443.220760345459 511.621002197266 448.720722198486 447.546621322632 437.554584503174 439.950141906738 491.528791427612 550.961791992188 556.953758239746 426.790809631348 552.641304016113 493.559806346893 478.079511642456 369.209121704102 477.108701705933 452.885528564453 420.660140991211 503.182329177856 597.65202331543 521.348754882812 464.116668701172 361.167251586914 509.625799119473 441.66349029541 438.299789428711 484.20160484314 496.163246154785 564.847318649292 513.595388412476 540.120561599731 407.02335357666 372.733413696289 510.065125465393 463.803684234619 432.094535827637 486.897136688232 636.456871032715 533.898574829102 514.52524805069 528.122618198395 440.003730773926 468.951847076416 426.814529418945
311.166831970215 390.364349365234 387.615802764893 511.989921569824 497.329906463623 421.686473369598 416.328201293945 512.326019287109 592.005996704102 492.9253013134 385.594215393066 316.781631469727 457.87049806118 508.382261276245 343.235321044922 629.719619750977 540.025840759277 543.708389282227 478.138563036919 581.496635437012 524.402765274048 519.197547912598 498.526310920715 516.768072128296 485.320625305176 551.25643157959 466.639680027962 477.743718385696 410.194053649902 447.355049133301 560.413291931152 496.622577667236 537.156087875366 588.797882080078 676.433120727539 531.42319393158 538.686082601547 431.861618041992 473.874240875244 430.050903320312 453.118690490723 600.805793762207 670.085891723633 630.231796264648 619.137237548828 494.388694763184 484.461799621582 615.1943359375 508.658155441284 568.669555664062
435.367259025574 417.624212265015 374.466693878174 591.614929199219 500.546607971191 455.091515541077 397.944213867188 482.970813751221 419.545375823975 474.21989440918 444.552021026611 474.675132751465 491.704323768616 413.576843261719 633.744606018066 563.655158996582 489.520967960358 517.319316864014 469.909980773926 477.824226379395 472.11824798584 523.588047027588 658.212112426758 335.116134643555 452.379585266113 370.441719055176 474.996957778931 423.818580627441 409.440223693848 308.073196411133 624.951377868652 522.608086109161 673.232238769531 616.98331451416 591.226936340332 523.360219955444 434.097427368164 489.455295562744 496.990039825439 542.231224060059 465.141143798828 478.262420654297 391.702713012695 538.089930534363 616.766052246094 403.826416015625 486.052253723145 515.352277755737 618.831298828125 411.691528320312
403.108308792114 435.160163193941 421.20473742485 355.250450134277 420.236741065979 349.744773864746 432.59300994873 398.927505493164 555.894714355469 486.784152984619 546.285346984863 562.871215820312 507.234539031982 545.819999694824 526.735443115234 594.112915039062 639.737884521484 412.205154418945 468.621150970459 486.600509643555 586.82396697998 482.854964256287 636.544479370117 470.398178100586 391.686332702637 245.818344116211 338.433532714844 497.553562164307 509.29873752594 519.426836967468 620.703559875488 583.015548706055 537.44376373291 507.508759498596 610.71900177002 523.648529171944 541.954509735107 524.155838012695 411.382537841797 477.622951507568 305.546966552734 273.415740966797 386.189239501953 491.28443145752 514.544454991817 478.797981262207 597.010753631592 573.904262542725 454.78050994873 532.515659332275
388.033081054688 488.925525665283 513.527122497559 399.093557357788 516.971658706665 437.406860351562 517.299049377441 543.83325958252 492.32250213623 487.435015678406 516.094291687012 547.506660461426 493.961225509644 518.603269577026 635.529113769531 689.11442565918 717.894927978516 739.053619384766 420.185218811035 535.285957336426 516.452123641968 534.240282058716 476.862422943115 479.184059143066 453.020862579346 482.025093078613 311.022125244141 395.799270629883 585.356870651245 533.45809173584 548.177086830139 550.279131889343 559.208261489868 496.535118103027 498.247409820557 530.645731449127 539.640137672424 707.946990966797 524.414360046387 400.402404785156 467.28161239624 561.643074035645 597.756675720215 649.274826049805 544.155163049698 533.905475378036 608.67057800293 529.148063659668 440.391448974609 411.279296875
375.499420166016 356.243072509766 439.6648042202 491.046905517578 442.941870689392 465.857646942139 360.808128356934 508.020259857178 616.302871704102 405.068855285645 437.600643157959 398.824150085449 578.424690246582 686.363571166992 642.099899291992 476.51871201396 530.767570495605 530.621551513672 442.123439788818 619.306121826172 574.582984924316 525.139896512032 486.084529876709 450.52294921875 436.579372406006 373.274215698242 471.100288391113 489.064853668213 608.70809173584 462.41389465332 477.342475891113 475.38639831543 485.346263885498 432.126281738281 690.712966918945 563.249156951904 578.253467559814 481.710231781006 688.662448883057 525.565661430359 516.571224212646 617.77783203125 502.219989776611 509.390102386475 587.958110809326 546.296607017517 557.861274719238 537.110927581787 579.986462593079 555.474938392639
372.208358764648 465.929769515991 496.888027191162 379.61743927002 395.796710968018 380.110801696777 471.28734305501 428.020620346069 377.005683898926 454.97908782959 391.947898864746 477.285123825073 548.642654418945 391.920082092285 421.828506469727 434.396617889404 391.411178588867 451.1897315979 500.297710418701 574.19083404541 520.203148841858 436.506732940674 503.839778900146 475.213400363922 463.300318717957 532.59009552002 610.519393920898 490.982608556747 470.955520629883 378.230072021484 620.343723297119 658.373559951782 598.404588699341 515.623844146729 443.431701660156 537.278541088104 570.646324157715 576.192878246307 579.397045135498 562.794942855835 643.200862884521 584.885669708252 499.271869659424 498.744686126709 468.501243591309 429.75025177002 500.912815093994 568.293165206909 572.170053958893 658.254997253418
490.299381256104 437.578501701355 396.166851043701 365.540344238281 481.82405090332 422.191989898682 375.296798706055 339.325241088867 474.331106185913 595.096176147461 528.346832275391 416.106853485107 492.423473358154 459.011027812958 513.659729003906 368.486946105957 393.629280090332 601.96745300293 451.466598510742 468.00474357605 479.730632781982 391.813789367676 415.176383972168 488.982400894165 506.376064300537 653.913909912109 592.981994628906 450.326349258423 424.846862792969 603.053977966309 454.977928161621 789.483222961426 595.126302719116 380.059616088867 585.184978485107 430.136413574219 533.656385421753 503.171142578125 645.357120513916 619.153727531433 612.95920753479 511.097476959229 504.363475799561 415.110198974609 571.774215698242 472.976062774658 607.457584857941 477.446929931641 606.770477294922 611.184394836426
375.043304443359 299.381637573242 239.173965454102 457.905084013939 353.111740112305 323.578018188477 348.03995513916 353.906898498535 486.573551177979 542.726783752441 554.988662719727 368.454406738281 415.171787261963 455.70161151886 440.487283706665 486.446910858154 533.508735656738 450.629745483398 573.833702087402 575.743698120117 494.765874147415 519.759536743164 397.111846923828 579.918869018555 494.914816856384 512.055526733398 459.078147888184 559.709522247314 434.897789001465 363.939041137695 590.970115661621 550.92982673645 588.050447463989 604.064225673676 599.021608829498 493.14168548584 614.013381958008 608.076463699341 654.529178619385 660.34708404541 611.48469543457 626.896057128906 682.364700317383 622.33975982666 690.992660522461 704.00658416748 533.648954391479 518.019882202148 484.623893737793 586.704948425293
495.987106323242 391.450416564941 357.893699645996 463.006069660187 376.910591125488 487.107543945312 421.484676361084 398.526405334473 445.693978905678 427.63064956665 411.17423248291 346.254539489746 373.282516479492 440.117462158203 412.260334014893 404.922557830811 511.91420173645 499.73181438446 525.558773040771 444.985645294189 559.053398132324 623.356521606445 551.288543701172 548.664257049561 514.313720703125 483.53173828125 507.878387451172 494.765727996826 311.705215454102 294.197738647461 603.153434753418 552.513967514038 512.613708496094 483.396259307861 656.060733795166 587.905368804932 487.26265335083 516.522891998291 635.533470153809 638.165855407715 517.538818359375 575.663684844971 560.054822921753 481.996959686279 399.921722412109 874.195343017578 568.924627304077 508.343048095703 537.977256774902 459.475128173828
550.974960327148 549.526847839355 512.940879821777 399.796981811523 377.289169311523 450.148164749146 389.918090820312 369.621940612793 408.151718139648 367.237976074219 474.927612304688 333.121032714844 347.850212097168 627.145401000977 486.515119314194 433.937587738037 488.964753866196 574.378952026367 514.978202819824 561.049491882324 636.13313293457 617.943954467773 501.809272766113 585.029373168945 409.766860961914 443.102405548096 424.718006134033 427.984718322754 243.561401367188 368.857223510742 367.793395996094 575.608070373535 556.078327178955 569.542919158936 558.883934020996 510.227721214294 485.443706512451 528.890663146973 544.749879837036 569.255304336548 665.044151306152 531.744201660156 676.969696044922 621.335335731506 580.25333404541 749.136947631836 953.759429931641 600.580253601074 618.680923461914 422.787094116211
469.27889418602 388.926750183105 359.637771606445 433.217653274536 448.376030921936 461.168609261513 438.35466003418 270.507843017578 531.310150146484 478.025178909302 371.384269714355 313.003967285156 424.35160446167 539.677715301514 478.282451629639 338.377319335938 448.674900054932 435.453357696533 446.711639404297 486.879152297974 442.229200363159 661.488616943359 569.285247802734 452.023078918457 541.058544158936 460.825855255127 415.446884155273 560.17431640625 499.102644920349 498.627544403076 390.205581665039 494.372493743896 540.24048614502 534.753565788269 569.090789794922 482.990436553955 581.645069122314 522.142153739929 485.467281341553 513.578983306885 630.089408874512 526.865705490112 512.160583496094 425.053207397461 482.124740600586 630.187744140625 841.455856323242 516.971030712128 491.856224060059 497.642658233643
557.413543701172 450.598323822021 426.702346801758 451.482499599457 566.475700378418 451.759239196777 442.359857559204 375.170066833496 591.042083740234 496.859634399414 426.680908203125 434.764957427979 464.919727325439 593.848236083984 480.521310806274 459.895508766174 541.959419250488 633.997573852539 435.774593353271 388.135131835938 615.593536376953 475.344127655029 467.713669776917 442.442138671875 696.440170288086 584.842002868652 497.918354034424 486.998345375061 529.667097091675 545.482368469238 419.301467895508 378.53515625 338.412033081055 454.720375061035 520.296686172485 493.269374847412 534.430397033691 496.12664604187 572.217189788818 487.220634460449 509.875400543213 522.911813735962 537.207668304443 443.208854675293 440.021728515625 580.497718334198 543.204190254211 593.163761138916 482.646423339844 507.783882141113
447.172446250916 446.414283752441 476.861814498901 487.697536468506 462.793446063995 532.780883789062 506.101894378662 505.316673278809 511.26637840271 450.578380584717 545.648109436035 455.81814956665 604.376220703125 563.279747009277 581.129096984863 370.402679443359 521.262481689453 680.561813354492 455.074224472046 545.585094451904 491.134660720825 531.923965454102 565.867034912109 460.714817047119 671.596496582031 566.824935913086 624.097869873047 487.027458190918 581.192115783691 439.64372253418 512.986470222473 479.384956359863 431.622543334961 404.07527923584 379.130401611328 560.093936920166 543.362539291382 583.033981323242 528.007396221161 496.239044189453 535.596325874329 439.880851745605 469.091674804688 571.828258514404 540.432013511658 634.829666137695 530.643471717834 622.714874267578 534.320763587952 605.899448394775
624.529876708984 458.704381942749 548.745796203613 551.428489685059 499.690668106079 469.607047080994 572.433288574219 498.34584236145 443.208443641663 399.417953491211 356.35131072998 452.679916381836 635.81510925293 464.509827852249 408.160583496094 285.137405395508 486.511396408081 613.96549987793 548.378288269043 528.547134399414 602.149185180664 571.817756652832 595.191993713379 440.771228790283 427.046138763428 575.959693908691 569.065612792969 512.770853042603 388.489059448242 425.823226928711 580.963214874268 592.111869812012 444.131355285645 400.680648803711 334.049987792969 464.826675415039 552.451503753662 433.823188781738 482.965648651123 481.497509002686 410.051528930664 614.264068603516 598.767211914062 531.47594499588 519.44268989563 734.298309326172 685.233642578125 667.190826416016 497.344512939453 510.549638748169
