simdem/realisation35.asc
NCOLS 350 
NROWS 171 
XLLCORNER 152620 
YLLCORNER 418050 
CELLSIZE 100 
NODATA_value -9999 
[rows 44 to 65 of 171, columns 100 to 149 of 350]
271.892547607422 455.200698852539 661.721710205078 484.022853851318 420.483332157135 473.566333770752 412.859405517578 397.625946044922 268.526473999023 482.303966522217 403.66436958313 270.338012695312 276.798294067383 523.312980651855 423.827713012695 329.088531494141 441.054531097412 539.675525665283 370.497383117676 415.730710983276 481.862961292267 559.43480682373 507.328346252441 553.478691101074 564.945518493652 513.769325256348 618.17822265625 534.648287773132 500.234418153763 517.199641227722 496.451212882996 517.425420761108 712.583724975586 522.407169342041 425.630348205566 483.002974510193 381.53776550293 354.293533325195 398.577835083008 396.770965576172 470.367294311523 383.782974243164 604.278762817383 422.21174621582 388.237976074219 372.163116455078 336.240966796875 328.80485534668 346.39094543457 529.798091888428
397.312305450439 378.085380554199 599.07795715332 599.694854736328 511.641334533691 458.410258293152 567.21834564209 450.126786708832 562.730255126953 343.830291748047 409.969020843506 202.142807006836 409.246505737305 375.092277526855 458.416481494904 414.18278503418 470.439065933228 527.043800354004 631.145774841309 480.975898742676 518.760078430176 544.494140625 622.788665771484 512.409509658813 665.561737060547 537.730255126953 671.421752929688 515.154472351074 481.565280914307 504.552981853485 609.011070251465 520.251953125 619.44214630127 577.218719482422 446.037002563477 481.726734995842 402.086044311523 382.791168212891 551.721698760986 526.609363555908 317.443099975586 318.668579101562 316.912521362305 339.392074584961 576.628784179688 432.581958770752 392.269622802734 353.244842529297 458.096672058105 556.908023834229
583.87712097168 466.963445663452 410.666946411133 422.145958900452 539.163131713867 465.1908826828 471.657920837402 434.191463470459 399.666690826416 330.537460327148 279.495025634766 149.068725585938 378.426513671875 435.501561403275 438.321643829346 492.464569091797 484.684505462646 521.952301025391 524.450103759766 644.42839050293 477.745306015015 441.584789276123 466.471446037292 469.054006576538 421.532833099365 376.874740600586 520.589317321777 407.001312255859 499.04413819313 388.337287902832 539.697658538818 488.980356216431 599.023017883301 575.54997253418 443.610111236572 328.313720703125 458.207689285278 476.454205513 403.317359924316 618.957473754883 553.009819030762 388.764442443848 387.379470825195 357.665451049805 414.908531188965 277.653900146484 441.482887268066 496.463660240173 501.801787853241 553.11149597168
639.991958618164 574.648239135742 420.370080947876 374.581367492676 384.302383422852 502.279666900635 524.389694213867 534.106033325195 475.580631256104 471.576610565186 397.009899139404 448.290353775024 620.929534912109 590.620452880859 507.783847808838 535.779518127441 526.120342254639 454.060585021973 647.643447875977 567.929061889648 510.332357406616 525.29759979248 502.868995666504 541.87239074707 523.253426551819 473.424131393433 370.288436889648 535.403915405273 513.155447423458 458.881580352783 610.353073120117 542.635139465332 675.962371826172 599.341484069824 530.206470489502 407.074729919434 405.978530883789 494.571281909943 510.810125350952 605.60245513916 514.548937797546 495.887959480286 333.545166015625 495.490943908691 437.50089263916 411.84497833252 431.830642700195 630.611511230469 603.407470703125 483.423828125
438.268684864044 517.831878662109 562.488250732422 422.118011474609 445.884629249573 378.763458251953 371.898468017578 519.536285400391 438.24415397644 356.68563079834 373.877326965332 594.149551391602 576.262329101562 529.126220703125 502.650779724121 554.47501373291 585.42024230957 498.785028457642 471.777764797211 502.616321563721 464.333156585693 424.372417449951 395.250953674316 542.24630355835 484.054822921753 468.929862976074 403.481788635254 462.864475250244 555.230129241943 547.492849349976 642.34928894043 581.345630645752 604.407943725586 563.005104064941 516.33935546875 529.883548736572 374.559173583984 515.391334533691 582.962394714355 497.130630493164 424.798080444336 483.362805366516 413.361915588379 448.944271087646 497.432771682739 479.89760017395 511.504613876343 633.146484375 504.836994171143 608.514453887939
370.916030883789 408.987888336182 437.793550491333 460.350183486938 519.222320556641 537.297046661377 438.910503387451 486.818901062012 476.649341583252 538.714805603027 460.713233947754 485.032117605209 641.73225402832 556.345802307129 469.986419916153 504.556982040405 459.314843654633 502.686883449554 506.899237155914 337.911758422852 465.694904327393 506.259574890137 532.585174560547 501.988166093826 665.786239624023 591.257926940918 463.880165100098 581.417232513428 549.900140762329 577.01261138916 635.671493530273 656.537719726562 498.991547584534 509.688506603241 636.849365234375 595.374786376953 511.333303451538 517.450017929077 415.94645690918 417.431060791016 339.347763061523 470.100471496582 548.243507385254 424.323120117188 337.262130737305 525.511249542236 572.049598693848 581.289215087891 494.035470962524 452.531440734863
308.773010253906 385.975028991699 426.418811798096 545.135185241699 507.662673950195 482.158088684082 508.011363983154 512.461627960205 605.35595703125 480.236953735352 432.261093139648 433.576206207275 474.102598190308 498.064208984375 502.907432556152 571.625709533691 485.885029315948 462.538066864014 430.16088104248 355.151382446289 385.808433532715 575.394424438477 477.662666320801 480.389106750488 578.80591583252 513.386309802532 507.247275829315 513.002806663513 539.485771179199 565.489334106445 545.515056610107 581.833034515381 595.253929138184 463.482528686523 545.403717041016 555.72504234314 469.835945129395 419.268821716309 476.358402729034 590.43537902832 483.488920211792 552.456380844116 410.295204162598 525.067463159561 505.969216346741 456.986633300781 728.532943725586 526.210773468018 453.164695739746 457.034061431885
359.765075683594 400.521026611328 451.676280975342 440.714308261871 342.078056335449 552.754898071289 388.864852905273 530.280349731445 562.074401855469 527.494823455811 461.715657234192 527.922698974609 546.198699951172 537.022459030151 395.487930297852 439.209804534912 347.250228881836 279.467300415039 490.658042907715 413.623641967773 447.821006774902 493.839813441038 530.98927116394 569.728210449219 520.841769456863 485.92781829834 480.625642776489 584.601913452148 530.422828674316 599.535987854004 524.720504760742 505.983128547668 477.498886108398 488.973499298096 542.583901405334 572.734268188477 532.082180023193 551.695415496826 515.932138442993 472.443908691406 648.858932495117 645.105941772461 627.890205383301 642.893051147461 620.368125915527 574.849792480469 473.011470794678 591.924331665039 606.644958496094 630.182243347168
268.204238891602 393.830322265625 635.111618041992 404.614368438721 361.723457336426 572.310134887695 528.826812744141 493.003664016724 363.682571411133 370.95783996582 430.684364318848 622.042938232422 583.51326751709 379.452690124512 333.475204467773 359.140716552734 537.534721374512 567.990715026855 521.085327148438 458.239513397217 425.414810180664 499.829538345337 488.832511901855 476.004336357117 549.386835098267 535.607761383057 469.397238016129 508.241727828979 525.152923583984 512.623508214951 512.731305599213 544.255714416504 447.716529846191 460.770935058594 566.389101028442 510.49645614624 505.393783569336 472.492034912109 529.662923812866 415.355415344238 524.502907752991 483.212089538574 450.358596801758 514.96612906456 492.6673412323 481.505977630615 523.796939849854 515.296678543091 608.530624389648 694.587112426758
473.505611419678 440.647260665894 507.761291503906 388.954833984375 454.793462753296 483.893074035645 462.740858316422 372.099189758301 434.531833648682 433.892288208008 468.459148824215 478.703327178955 543.46203994751 289.89453125 281.447143554688 304.315246582031 435.408428192139 362.938858032227 403.777526855469 397.885025024414 397.196571350098 460.059370040894 557.416637420654 599.123344421387 545.785926818848 434.292552947998 548.091197967529 390.770622253418 576.868705749512 496.037660598755 450.640735626221 634.896881103516 513.818412780762 372.927001953125 484.204233169556 521.022037506104 476.898143768311 503.871013641357 578.668521881104 536.337821006775 586.807949066162 623.741966247559 499.566886901855 448.823921203613 288.830520629883 325.103988647461 429.500946044922 494.798187255859 598.736305236816 581.367931365967
380.694896697998 447.224133491516 488.939071655273 403.814792633057 476.839160919189 543.108932495117 560.426223754883 508.137771606445 498.206473350525 548.618242263794 498.239663124084 434.575115203857 670.685272216797 398.446144104004 392.218200683594 366.924575805664 450.386699676514 273.800277709961 347.70866394043 338.563980102539 469.689390182495 504.905382156372 662.78271484375 389.71955871582 666.043151855469 633.9765625 372.553085327148 519.947195053101 447.923187255859 522.10097694397 507.501528739929 456.136238098145 403.835655212402 475.16162109375 537.201511383057 477.267837524414 469.62230682373 638.556648254395 610.836875915527 539.994663238525 747.448944091797 656.515502929688 596.787853240967 468.222900390625 381.576141357422 468.009140014648 662.594223022461 628.657569885254 488.951133728027 503.706836700439
464.514221191406 447.699001312256 467.569816589355 525.206153869629 400.801719665527 469.015091896057 475.968357086182 497.311876296997 429.687652587891 552.960662841797 532.980960845947 409.851501464844 449.031005859375 341.645965576172 332.557800292969 382.771835327148 430.575271606445 401.236747741699 341.254730224609 490.925563335419 522.585151672363 536.426389694214 520.160779953003 527.858140945435 635.077453613281 633.309669494629 576.676460266113 515.259033203125 515.431133270264 539.639999389648 383.489379882812 479.155475616455 554.372453689575 506.099620819092 611.35595703125 555.000965118408 557.299821853638 574.765857696533 563.153169631958 631.523384094238 590.014724731445 547.041644405574 637.305229187012 474.40380859375 527.662738800049 481.409046173096 521.748390197754 671.876502990723 670.45613861084 484.553260803223
463.376546859741 571.223617553711 551.199775695801 437.971796035767 472.500734329224 443.823426246643 428.649705886841 431.57096862793 523.220180511475 471.39900970459 533.30252456665 586.848518371582 446.246282577515 302.604431152344 390.344383239746 355.207420349121 386.980041503906 394.685279846191 490.576903343201 544.829845428467 601.512504577637 529.294201850891 394.470855712891 387.225601196289 535.587978363037 690.999923706055 642.033462524414 475.036556243896 642.101402282715 547.7126121521 464.530586242676 591.293274879456 566.707429885864 741.378982543945 541.21833896637 551.998798370361 476.295913696289 576.501014709473 649.131992340088 612.060035705566 518.257150650024 479.083419799805 614.478164672852 641.792495727539 461.082450866699 596.70240020752 584.546497344971 551.300486087799 787.365310668945 619.152969360352
325.504684448242 410.591842651367 585.994262695312 650.486022949219 427.910409927368 475.30920791626 451.563678741455 326.304779052734 477.743343353271 495.910997390747 548.430603027344 600.264419555664 486.682418823242 466.389583826065 390.624404907227 437.531173706055 381.604530334473 430.318687438965 500.759552001953 618.556571960449 578.940971374512 616.172973632812 522.993431091309 533.869300842285 491.758205413818 502.354393005371 457.843055725098 445.781955718994 585.082448959351 518.501052856445 574.787269592285 523.892890930176 535.015110015869 634.123382568359 683.047882080078 592.173110961914 555.715740203857 630.821952819824 659.523952484131 671.135307312012 581.462823629379 345.802536010742 503.685688018799 598.724510192871 599.548835754395 639.31591796875 647.455268859863 672.65299987793 681.800598144531 693.57746887207
422.620624065399 451.275693893433 406.808612823486 518.131591796875 420.672521591187 377.096389770508 478.437549591064 527.293281555176 343.201675415039 480.753414154053 596.994979858398 529.132743835449 442.76780796051 472.239821434021 409.763130187988 412.411251068115 419.019821166992 501.757357597351 576.054656982422 552.39892578125 552.916641235352 521.32562828064 445.51927947998 489.272374153137 519.113008499146 450.361694335938 420.581199645996 545.189605712891 507.541983604431 416.035758972168 495.170257568359 683.022436141968 642.998783111572 584.146419525146 595.400386810303 478.091102600098 535.285160064697 508.960456848145 624.907348632812 507.086814880371 557.3314037323 387.029647827148 481.332794189453 585.737297058105 427.067962646484 513.200233459473 581.720756530762 745.6552734375 771.805038452148 530.49054479599
415.289295196533 392.283641815186 377.175201416016 393.249481201172 465.549850463867 409.357711791992 309.47966003418 436.750274658203 438.555726051331 454.577629089355 529.694156646729 346.009010314941 494.36498260498 480.751274108887 487.755767822266 439.33667755127 432.63362121582 480.173280477524 601.352363586426 787.475524902344 508.691495895386 400.790538787842 468.709480285645 431.593421936035 394.510681152344 532.541843414307 522.7724609375 679.241821289062 532.074023246765 489.586283683777 517.872579574585 582.951984405518 622.049575805664 543.553997039795 764.636352539062 639.524299621582 701.359972000122 569.669404983521 538.444000244141 489.017944335938 525.608631134033 436.870513916016 398.604309082031 492.148586273193 491.222118377686 594.625212669373 500.437805175781 596.300291061401 587.946620941162 534.070085048676
359.893592834473 416.261951446533 565.421913146973 596.695587158203 478.888110160828 419.850479125977 328.117057800293 469.005811691284 454.534549713135 414.407524108887 592.275772094727 404.281433105469 478.396677970886 518.543964385986 512.134593963623 448.651580810547 565.669288635254 401.55687713623 489.269894450903 475.553393125534 512.142995834351 516.016677856445 435.598655700684 522.033937454224 393.400299072266 530.703386306763 564.095886230469 601.341453552246 511.879568099976 472.849376678467 512.422950744629 427.93773651123 443.518669128418 545.815189361572 506.262474060059 493.521472930908 551.290939331055 634.090492248535 414.319030761719 443.40503692627 532.384046554565 489.483325958252 535.594704151154 504.407730102539 505.355787277222 713.9792137146 533.451934814453 678.483047485352 707.483978271484 550.219446182251
248.849517822266 384.798538208008 487.750732421875 443.25795173645 492.527799606323 494.935922622681 343.555961608887 453.736801147461 610.856887817383 468.134817123413 473.557691574097 552.893905639648 415.41268157959 449.255252838135 609.343704223633 510.054058074951 635.056655883789 537.57967376709 512.919799804688 455.504375457764 583.1044921875 576.03532409668 469.174777030945 455.609132051468 500.617866516113 444.804798126221 364.712440490723 483.533693313599 518.659852981567 474.44638633728 413.171356201172 333.239288330078 379.712554931641 398.193374633789 535.439283370972 573.637660980225 718.505477905273 582.545323371887 445.592330932617 446.506629943848 596.024810791016 589.305320739746 596.674638748169 489.181777954102 467.73371887207 650.062294006348 872.214290618896 620.666255474091 582.473587989807 680.216445922852
339.916748046875 301.982681274414 437.497312545776 538.376983642578 422.856962203979 415.713455200195 576.902061462402 447.889904975891 490.533383071423 518.609764099121 600.142547607422 414.403881072998 345.543319702148 505.43004989624 670.421096801758 501.393758773804 537.268115997314 450.629922866821 460.600440979004 526.136869430542 665.044708251953 553.953887939453 647.63005065918 507.391212463379 550.774257659912 453.212394714355 389.744361877441 525.644742965698 532.445009231567 512.098905563354 315.049102783203 287.721771240234 416.722496032715 461.979564666748 474.238735198975 517.074459552765 636.626708984375 588.091445922852 581.572658538818 586.687194824219 478.786651611328 499.057064056396 525.916595458984 397.83219909668 466.982238769531 519.61741065979 916.529113769531 563.589363098145 627.846687316895 658.116546630859
297.948226928711 349.155311584473 447.599136352539 445.597707271576 603.67529296875 577.1455078125 416.617588043213 520.582817077637 442.586308002472 655.169647216797 546.494674682617 590.371536254883 394.502296447754 457.675250530243 566.445404052734 449.913833618164 527.720058441162 569.137306213379 488.110065460205 438.770523071289 562.399635314941 648.837493896484 490.871711730957 426.22790145874 511.89518737793 556.899608612061 555.55805015564 625.612716674805 477.749320983887 390.89973449707 517.644686698914 401.006317138672 463.430526733398 533.804035186768 476.045154571533 538.380801677704 505.099384307861 456.268211364746 549.106804847717 560.176376342773 494.670810699463 519.99754524231 550.031490325928 465.327209472656 558.333789825439 527.774620056152 515.469051361084 529.248083114624 576.951305389404 584.312538146973
375.398048400879 500.617433547974 429.529058456421 385.579784393311 435.714231491089 500.348323822021 395.73607635498 519.944747924805 570.591148376465 497.556319236755 602.412170410156 529.934230804443 475.620175361633 540.056350708008 443.105037689209 440.022903442383 356.31315612793 494.470662117004 535.978530883789 513.026689529419 406.748886108398 627.778732299805 560.127708435059 578.036254882812 548.997669219971 522.876125335693 561.315719604492 603.469917297363 545.261196136475 394.027305603027 460.867389678955 467.841873168945 555.713146209717 588.622020721436 553.123733520508 565.5618019104 509.305528640747 557.920344352722 475.661392211914 460.603485107422 530.815359115601 298.571350097656 485.404476165771 473.361576080322 463.101402282715 458.048980712891 505.078876495361 565.127231121063 574.867458343506 550.643916130066
341.039138793945 435.814708709717 463.204574584961 381.469833374023 430.523071289062 318.366561889648 375.441207885742 376.626136779785 543.337112426758 572.222518920898 496.081925392151 489.255836486816 477.261539876461 498.098453521729 458.579109191895 483.306221008301 417.326122283936 442.912216186523 450.115859031677 382.102645874023 407.584419250488 475.337655067444 448.589233398438 516.639387130737 457.55718421936 418.660003662109 357.659362792969 503.967082977295 464.096910476685 545.102672576904 465.754772186279 520.146095275879 591.951232910156 628.243156433105 537.053644180298 472.765327453613 315.502304077148 582.594900131226 611.863876342773 489.092044830322 690.415588378906 559.77413892746 556.577799081802 432.819923400879 492.045223236084 635.660995483398 498.689952850342 569.223213195801 502.52766418457 523.975366592407
