simdem/realisation21.asc
NCOLS 350 
NROWS 171 
XLLCORNER 152620 
YLLCORNER 418050 
CELLSIZE 100 
NODATA_value -9999 
[rows 66 to 87 of 171, columns 100 to 149 of 350]
390.822448730469 432.518256187439 467.316644668579 564.545135498047 601.444244384766 574.210609436035 494.413623809814 451.170024871826 555.432723999023 489.583813667297 482.763593673706 501.861770629883 396.000915527344 351.491271972656 417.360778808594 407.518836975098 416.180450439453 374.921043395996 350.762168884277 426.281898498535 527.509506225586 520.853187561035 504.02903175354 531.524215698242 438.693271636963 503.146486282349 531.708798885345 503.460826873779 272.74040222168 516.681621551514 552.154851913452 612.456588745117 567.026557922363 476.799224853516 549.1335105896 443.625068664551 525.298410415649 600.342350006104 630.848281860352 643.893188476562 601.272052764893 688.23307800293 668.132926940918 581.446727752686 552.536613464355 660.296600341797 606.665386199951 556.043766975403 644.093788146973 543.481116771698
501.330081939697 503.368049621582 575.083358764648 529.783420562744 660.452667236328 555.020362854004 544.915786743164 562.565368652344 436.92972946167 478.36698114872 477.369567871094 545.444664001465 548.736808776855 516.396860122681 545.589073181152 563.267616271973 308.876495361328 390.532493591309 474.125047683716 413.685363769531 510.273317337036 516.890958786011 510.118629455566 495.221185684204 475.046077728271 651.660354614258 675.702178955078 401.831130981445 410.768005371094 323.308502197266 661.170761108398 549.328409194946 412.429168701172 478.602310180664 449.170364379883 525.591117858887 517.833896636963 633.700792551041 753.746780395508 578.529002189636 566.369833886623 656.854942321777 662.068756103516 709.076797485352 645.216865539551 647.34107208252 537.983979701996 496.350246429443 602.340286254883 565.611660003662
383.109790802002 620.312438964844 486.106201171875 507.020523071289 476.362229824066 492.461250305176 547.279029846191 537.448188781738 469.998795986176 458.633769989014 459.435254573822 583.9889793396 452.385167121887 518.516620635986 469.044636964798 573.562377929688 360.647933959961 534.965873718262 603.859832763672 524.551252365112 498.751789093018 517.732151031494 558.901496887207 522.493688583374 449.128528594971 564.788318634033 505.012724399567 394.048248291016 415.485076904297 396.304061889648 546.274055480957 512.763292312622 499.004634857178 395.168258666992 564.191722869873 523.580718994141 461.199066162109 589.353095769882 662.513984680176 715.451728820801 701.160774230957 535.627775192261 555.110133171082 718.441802978516 644.631118774414 579.607995271683 551.452919006348 391.35311126709 391.410781860352 543.677562713623
643.697662353516 486.176296234131 482.200914382935 604.491348266602 369.88703918457 468.65828037262 382.240379333496 347.136291503906 411.449897766113 481.258054733276 514.396759033203 532.901145935059 461.28265953064 488.245506286621 571.273300170898 433.708938598633 450.113451004028 472.301973342896 502.193630218506 369.574447631836 375.83846282959 395.18913269043 619.188262939453 459.772895812988 442.29598236084 662.671371459961 587.855804443359 413.672950744629 511.919641494751 565.005218505859 504.928827285767 504.661178588867 548.559763908386 584.540946960449 629.527578353882 601.535848617554 591.985633850098 617.490428924561 621.880874633789 618.124904632568 491.787776947021 500.470428466797 552.965600967407 632.948501586914 628.909740447998 593.514347076416 587.755102157593 454.949615478516 468.566436767578 476.037933349609
603.385803222656 578.948875427246 676.127365112305 505.710994720459 434.398767471313 474.277656555176 454.100045919418 400.281776428223 374.079948425293 443.119033813477 473.988642454147 524.222557067871 497.152653694153 481.995990753174 514.775825500488 526.047756195068 456.590305328369 382.364952087402 483.013320446014 452.164022445679 563.33943939209 547.631809234619 522.468410491943 526.552499771118 449.133399963379 602.064964294434 491.771877288818 430.919845581055 464.372016906738 567.887626647949 494.169910430908 518.403472900391 561.192699432373 666.851577758789 603.508047103882 681.054191589355 558.658553123474 441.797714233398 573.385307312012 589.80464553833 535.724100112915 484.885414123535 490.550994873047 571.702619254589 662.645301818848 599.241147994995 553.5299243927 401.523506164551 470.220863342285 473.968055725098
624.031204223633 546.992228507996 588.297981262207 623.091354370117 650.905426025391 538.483795166016 522.951324462891 484.618745803833 470.927441596985 460.619257926941 550.246788024902 563.264167785645 431.722576141357 441.234127044678 597.549003601074 475.336035251617 489.99045085907 408.364055633545 572.103271484375 560.425079345703 571.909469604492 648.734298706055 500.91138458252 495.875273704529 501.631844520569 520.738961219788 541.253280639648 471.208045959473 335.811569213867 326.18620300293 489.333686828613 525.123893737793 566.794198036194 540.592572689056 676.111083984375 718.3681640625 615.13871383667 755.654216766357 762.173278808594 622.220315933228 575.443276405334 558.909996032715 659.474960327148 407.857635498047 549.900115966797 619.438976287842 654.412528991699 527.851696014404 500.451686859131 532.726079940796
518.406213760376 535.052238464355 456.711885452271 479.590105056763 489.217252731323 387.427375793457 484.356078147888 536.269729614258 485.899896621704 512.494422912598 528.092720031738 540.23860168457 354.126480102539 401.530807495117 551.824737548828 468.869512557983 442.648826599121 379.958671569824 497.509654998779 555.714672088623 690.277877807617 544.579704284668 320.734649658203 384.420166015625 425.21834564209 450.533123016357 419.993423461914 593.735897064209 483.728252410889 382.269515991211 409.564605712891 618.782402038574 564.709984779358 660.974235534668 534.718292236328 890.097911834717 622.286483764648 1063.31838989258 1164.94024658203 726.69713973999 749.447023391724 483.116058349609 513.671440124512 496.714244842529 512.750026702881 772.960266113281 431.929168701172 581.174430847168 501.006614685059 666.890892028809
581.56761932373 475.056999206543 382.882690429688 308.940399169922 285.38020324707 357.595878601074 253.825927734375 376.787864685059 407.941108703613 508.281436920166 529.661979675293 458.21350479126 251.937530517578 451.453285217285 460.454647064209 545.960559844971 568.357223510742 461.820552825928 537.14591217041 501.023810386658 570.766906738281 539.435941696167 433.181457519531 478.933723449707 302.150360107422 434.209327697754 565.649120330811 391.214080810547 321.777572631836 329.823379516602 406.32445526123 544.216087341309 643.416175842285 889.264587402344 714.473392486572 634.213432312012 572.220405578613 915.555236816406 857.25186920166 733.931060791016 686.566253662109 357.657115936279 359.24161529541 253.395980834961 438.059129714966 418.873191833496 646.362533569336 474.913803100586 495.249244689941 506.183464050293
439.26155090332 509.11150431633 454.180328369141 332.246398925781 372.227226257324 328.63264465332 371.130294799805 314.660751342773 354.931686401367 587.381652832031 375.872123718262 371.76611328125 248.129013061523 501.791982650757 477.082438468933 467.205891609192 507.455291748047 407.619987487793 474.237874984741 500.324057579041 376.093910217285 379.850570678711 466.715505599976 493.948132514954 461.322727203369 420.976493835449 339.522369384766 416.122261047363 619.171703338623 468.705291748047 371.810150146484 486.493192672729 741.387336730957 829.761665344238 759.083984375 580.625354766846 366.261749267578 727.599208831787 723.659934997559 643.175086975098 691.043968200684 466.183879852295 482.208417892456 304.790481567383 201.249130249023 316.470794677734 435.977340698242 385.70671081543 1034.20924556255 668.989151000977
451.529769897461 407.399971008301 520.607941389084 488.055163860321 366.142890930176 307.291229248047 424.71263885498 363.970245361328 310.268035888672 413.101917266846 474.604917287827 477.45854473114 507.753288269043 605.80403137207 612.076095581055 581.819213867188 524.421306610107 512.926938056946 490.535789728165 424.761116027832 531.896198272705 681.358779907227 417.708267211914 608.242393493652 518.657524347305 399.773788452148 517.747577667236 446.198356628418 447.862880706787 318.477645874023 690.755462646484 567.177303314209 649.288951873779 652.871116638184 644.70871591568 685.400775909424 446.816724777222 705.711294174194 633.529037475586 757.642929077148 842.780914306641 379.27375793457 485.668354034424 445.727643013 355.278221130371 387.095764160156 504.522766113281 531.357070922852 542.19953918457 539.651382446289
703.541103363037 524.684875488281 430.122257232666 559.557334899902 538.995052337646 454.868593215942 388.315986633301 329.914123535156 294.082901000977 329.962020874023 463.931674957275 669.570205688477 480.064876556396 508.374126434326 581.290550231934 633.373199462891 628.496994018555 432.415252685547 424.665466308594 305.071472167969 552.837280273438 410.983779907227 426.53844833374 472.067638397217 408.599342346191 383.259506225586 397.212860107422 500.511817932129 526.960503935814 452.027473449707 482.520029067993 539.057220458984 532.805923461914 642.752798080444 626.952311515808 730.671974182129 358.703186035156 641.4821434021 772.345016479492 875.496459960938 908.603454589844 560.557586669922 424.314990997314 453.375390052795 337.8134765625 643.051853179932 650.395622253418 467.583000183105 613.253112792969 766.962905883789
590.823148727417 552.511653900146 560.982067108154 926.155014038086 670.108795166016 505.795276641846 284.907653808594 331.234146118164 321.893936157227 428.829307556152 545.724905014038 489.020776748657 591.877975463867 560.53604888916 556.206199645996 704.83757019043 673.397003173828 638.501411437988 399.267951965332 581.919342041016 352.94157409668 413.476852416992 352.488815307617 488.841089248657 406.621490478516 458.483306884766 484.182067871094 480.351696014404 691.622097015381 517.107879638672 325.897247314453 246.286529541016 468.956245422363 330.663314819336 562.568115234375 606.736053466797 329.768684387207 411.832092285156 746.912815093994 709.609073638916 463.116630554199 509.647602081299 362.32886505127 530.523712158203 510.399379730225 593.379629135132 678.31419801712 455.774574756622 525.923477172852 569.23956823349
610.710800170898 460.484260559082 559.703517913818 609.989524841309 577.272045135498 732.388303756714 570.841449737549 314.541488647461 474.55548286438 396.218338012695 418.257484436035 733.570411682129 487.909737586975 551.721633911133 411.862251281738 671.271087646484 571.320854187012 707.963180541992 665.861450195312 484.999321341515 427.516807556152 236.799591064453 411.851402282715 372.211456298828 441.376876831055 439.049385070801 585.309484481812 524.757907867432 466.867919921875 422.855270385742 417.655639648438 307.068069458008 382.991329193115 424.546068668365 416.774961471558 601.175609588623 402.184192657471 497.514129638672 622.479825973511 539.518936157227 464.397594451904 480.118317127228 516.68770980835 550.05549621582 558.415954589844 432.446355819702 445.19356918335 483.795587539673 553.273780822754 546.383794784546
668.291839599609 432.405296325684 560.348604202271 651.699859619141 735.712196350098 667.511177062988 801.808712005615 522.190802335739 389.732093811035 540.927068710327 608.563842773438 630.520809173584 484.268062591553 495.791799545288 506.459003925323 453.38525390625 524.395984649658 658.044723510742 539.01859664917 551.879440307617 394.908531188965 499.429034233093 516.662220954895 511.995282173157 522.778924942017 442.342498779297 598.013599395752 662.151679992676 411.173778533936 345.42618560791 326.693435668945 375.154647827148 361.586395263672 408.194999694824 410.092290878296 593.150446891785 568.738435745239 569.657447814941 465.565887451172 468.510299682617 390.07640838623 442.160720825195 324.326522827148 597.099155426025 739.83854675293 545.329231262207 520.546718597412 417.063800811768 498.056205749512 527.627033233643
647.771402359009 625.030651092529 598.926388151944 570.722751617432 619.083608627319 691.095157623291 597.751255512238 806.969799041748 524.078149795532 539.925203323364 663.344589233398 520.912024497986 419.223602294922 591.511161804199 684.387329101562 440.574165344238 511.401851654053 682.07470703125 494.209247589111 330.549438476562 368.353973388672 380.800506591797 535.974066495895 570.754106521606 585.417093276978 714.703643798828 763.299865722656 456.909828186035 409.371315002441 420.129855155945 285.448806762695 447.785678863525 447.851413726807 435.344635009766 483.725105285645 614.670257568359 587.493411064148 486.453269958496 341.500427246094 420.761016845703 416.193969726562 551.949920654297 433.702259063721 492.656982421875 680.253150939941 581.637411117554 310.929229736328 338.905815124512 482.968151092529 563.482782363892
590.383916854858 587.183547973633 616.659851074219 506.09935760498 566.636291503906 650.343637466431 520.914291381836 662.271503448486 494.800098419189 633.230751037598 612.214630126953 481.806290626526 463.395492553711 539.498603820801 647.819625854492 513.744405269623 470.132616043091 613.472938537598 467.557090759277 485.452625274658 470.522693634033 520.91819190979 411.784851074219 391.763565063477 608.486915588379 636.249374389648 595.542743682861 455.319896697998 521.899982452393 368.922340393066 452.382247924805 349.328666687012 436.867668151855 590.206826210022 407.682540893555 582.753786087036 513.759071350098 422.181228637695 439.155548095703 460.046325683594 487.340839385986 341.229751586914 539.166954040527 680.650861740112 770.660717010498 599.672951698303 452.735980987549 444.981470108032 504.024272918701 695.880146026611
385.833374023438 604.573754549026 610.597583770752 561.309543609619 566.883930206299 690.747001647949 688.659828662872 628.837169647217 497.95352935791 621.696792602539 516.395255565643 481.926509857178 315.876251220703 413.841575622559 496.619724273682 624.627838134766 549.72700881958 483.95906829834 465.909286499023 326.147644042969 468.286642074585 514.801152944565 390.05689239502 469.145332336426 486.228713989258 472.140716552734 456.681564331055 308.473625183105 609.004299163818 620.588479995728 569.657133102417 597.40823841095 570.897274017334 645.448951721191 682.715728759766 446.479522705078 468.186096191406 395.740036010742 482.579582214355 692.838411808014 604.054641723633 700.029907226562 640.864228248596 677.625411987305 607.97240447998 620.720497131348 597.057057380676 742.334838867188 750.196846008301 697.557331085205
294.987731933594 370.441207885742 365.801551818848 482.157730102539 510.583915710449 627.2506275177 651.208595275879 555.733966827393 529.322776794434 619.103363037109 541.396308898926 452.135112762451 465.612358093262 460.482872009277 533.051677703857 561.672943115234 498.437797546387 517.821542739868 492.087420463562 439.039199829102 479.11540222168 400.358123779297 387.024398803711 413.200286865234 474.314743041992 431.676887512207 485.621318817139 648.574413299561 488.95703125 550.961437225342 575.668933868408 643.322132110596 616.147804260254 604.009057998657 413.967992782593 471.366115570068 356.924819946289 375.948684692383 452.169418334961 672.432071685791 598.499128341675 514.024261474609 555.283866882324 642.776329040527 581.750053405762 593.158432006836 571.209274291992 682.410498142242 871.079566955566 806.100166320801
494.080017089844 507.816970825195 371.791656494141 359.430679321289 442.333065032959 450.162185668945 498.05850982666 373.259658813477 522.23120880127 754.381896972656 608.403732299805 590.843536376953 563.49925994873 640.435791015625 588.347045898438 498.722476005554 446.301235198975 723.049621582031 608.518753051758 487.5910987854 413.839630126953 623.520820617676 600.059982299805 464.952983856201 431.587265014648 610.834022521973 516.650833129883 591.149401664734 488.180993080139 471.694752693176 558.678440093994 772.886734008789 575.309232711792 570.732529640198 438.103361129761 332.900939941406 602.529899597168 663.673370361328 528.679857254028 448.38117980957 483.845817565918 567.099208831787 557.572957992554 607.278465270996 655.66259765625 583.965301513672 689.437705993652 763.892948150635 826.033752441406 835.944244384766
496.557922363281 630.729724884033 340.9697265625 532.508728027344 575.196684837341 405.809059143066 633.39817237854 406.637161254883 491.822082519531 600.515287399292 658.099060058594 444.040798187256 554.825222015381 588.411415100098 543.550846099854 570.81729888916 564.192474365234 515.670032501221 479.270172119141 487.989988327026 380.474624633789 590.272445678711 501.264186859131 498.342284679413 478.592668533325 664.221282958984 687.849967956543 545.396903991699 374.622625350952 230.387939453125 535.012786865234 597.141682624817 608.333751678467 387.198541641235 343.306678771973 548.560699462891 591.907897949219 640.558815002441 567.165866851807 530.749603271484 477.970485687256 653.44701385498 773.000835418701 993.759922027588 788.049041748047 583.933757781982 548.903107643127 581.199001312256 719.983947753906 604.38436126709
485.136360168457 680.047245025635 515.494247436523 697.976757049561 575.31862449646 541.796634674072 395.173805236816 537.542289733887 582.416948318481 623.667695999146 718.623115539551 573.149055480957 599.329780578613 507.237257003784 609.582901000977 586.819694519043 459.47834777832 437.608787536621 478.657339096069 469.273151397705 531.915530204773 514.351451158524 521.971832275391 455.082778930664 413.088729858398 408.597038269043 734.82829284668 617.125198364258 453.942840576172 340.872497558594 526.776859283447 624.585399627686 533.796020507812 468.448833465576 344.357620239258 451.808639526367 604.304553985596 542.455503463745 594.792018890381 540.340389251709 461.811874389648 502.439109802246 692.863761901855 961.863648414612 899.789939880371 738.546340942383 609.281118631363 527.329658508301 647.761611938477 575.047843933105
-9999 -9999 658.640371322632 736.951110839844 632.889253139496 388.467010498047 441.212905883789 395.507217407227 491.72412109375 590.625121116638 619.33069229126 485.664886474609 460.056655883789 637.95777130127 608.628601074219 365.794845581055 479.097595214844 631.149200439453 442.415451049805 528.353796005249 542.520305633545 407.208709716797 430.368659973145 318.53678894043 370.53630065918 307.117935180664 440.690475463867 618.017198562622 685.801570892334 555.374725341797 464.501316070557 549.614673614502 621.51392364502 650.441070556641 527.165222167969 451.505428314209 502.634563446045 653.742095947266 700.938339233398 605.376220703125 690.506378173828 722.199905395508 854.859098672867 1166.54216003418 1061.60969543457 725.189602851868 655.478309631348 -9999 -9999 -9999
