simdem/realisation43.asc
NCOLS 350 
NROWS 171 
XLLCORNER 152620 
YLLCORNER 418050 
CELLSIZE 100 
NODATA_value -9999 
[rows 88 to 109 of 171, columns 250 to 299 of 350]
949.715450286865 912.556697845459 1032.51193237305 1019.43445587158 935.626693725586 764.104667663574 599.606979370117 649.697506427765 669.79291677475 766.531158447266 702.69458770752 659.974025726318 559.535438537598 976.943642616272 727.137016296387 948.403339385986 581.667083740234 739.682098388672 575.161994934082 650.848527908325 581.850482940674 769.712661743164 498.305023193359 551.694267272949 662.665662765503 695.905925750732 709.096660614014 788.627446174622 569.82640838623 672.640846252441 618.010429382324 617.266166687012 706.352436065674 577.460395812988 598.920806884766 681.052406311035 562.739807128906 567.642532348633 684.192428588867 599.159614562988 676.987190246582 631.031154632568 591.180267333984 817.424560546875 427.428024291992 767.700897216797 709.41796875 687.823257446289 806.391017913818 647.415725708008
776.970550537109 881.227484703064 983.917114257812 1021.45194625854 956.462448120117 830.958366394043 733.219181537628 629.038330078125 594.273933410645 785.247947692871 657.322578430176 800.107376098633 814.754943847656 778.217589378357 738.164337158203 772.838119506836 655.767395019531 646.082538604736 750.949588775635 761.544811248779 448.788543701172 603.637512207031 480.941375732422 551.222785949707 724.242095947266 734.069671630859 646.018997192383 723.736400604248 679.555491447449 602.63508605957 603.411483764648 722.013626098633 639.051277160645 581.557777404785 703.066648483276 574.397705078125 546.169738769531 533.881118774414 639.423187255859 509.40771484375 1211.35511779785 668.875105857849 642.437950134277 748.928115844727 671.271148681641 753.762596130371 648.465866088867 769.092926025391 740.952651977539 681.412719726562
785.259407043457 899.611694335938 873.227815628052 1029.40099716187 1028.91248130798 904.784866333008 1024.69314575195 647.890964508057 613.82689666748 637.914291381836 778.082592010498 757.996353149414 723.328130722046 845.500150442123 839.310760498047 634.06689453125 598.226013183594 714.843465805054 751.12024307251 774.16682434082 733.247972488403 629.440086364746 452.809783935547 630.649017333984 683.428634643555 814.859099388123 719.178184509277 954.110061645508 768.704336225986 714.7102394104 713.016315460205 788.23844909668 807.642139434814 749.426212310791 703.460087835789 642.470595359802 706.952800750732 691.091247558594 719.04647064209 570.44401550293 802.091735839844 431.18342590332 675.522130966187 545.67488861084 758.23327255249 802.104440689087 1022.84217071533 786.125017166138 773.83390045166 853.810943603516
718.110301971436 755.424911499023 796.975904464722 896.72668838501 1381.15774536133 1346.12862968445 792.868848800659 775.589733123779 767.282772064209 812.172786235809 706.677360534668 744.778228759766 669.295074462891 620.598556518555 733.024545669556 512.192642211914 652.933006286621 764.197853088379 875.566284179688 770.114650726318 882.432518005371 705.453994750977 650.264343261719 821.317951321602 746.14633846283 936.726333618164 919.007732391357 896.029346466064 1057.37835693359 1281.88347578049 761.203699111938 779.873481750488 808.890487670898 842.62557220459 782.579307556152 792.684837341309 615.074417114258 712.237865447998 714.505405426025 621.176006317139 902.557342529297 1089.88214111328 552.959121704102 493.268981933594 583.028961181641 654.37727355957 864.721591949463 782.134236335754 1105.2255191803 1323.41326522827
768.246391296387 802.914597511292 769.294845581055 892.247213363647 951.660614013672 839.883941650391 1087.21382141113 653.363388061523 758.825248718262 792.126708984375 759.337310791016 762.070175170898 749.138748168945 568.952011108398 737.824859619141 1124.47047805786 802.889465332031 798.37479019165 649.594717025757 748.979762077332 718.929214477539 735.758171081543 852.614685058594 856.681719779968 679.0358543396 900.125862121582 963.5166015625 788.09114074707 830.853012084961 1006.22960853577 858.057006835938 819.731792926788 840.097526550293 899.305793762207 802.37784576416 854.874435424805 690.128688812256 640.23978805542 631.684432983398 556.365371704102 292.602203369141 1155.87213134766 459.713470458984 626.407302856445 714.071956634521 531.234146118164 710.368942260742 702.720962524414 668.274047851562 784.769859313965
963.465515136719 789.003917694092 897.441757202148 1001.14676380157 893.146636962891 1026.14128112793 790.231149196625 887.956825256348 792.827737808228 1004.92499542236 782.285720825195 711.423675537109 774.133102416992 1117.38619995117 1111.54491424561 697.89916229248 692.726329803467 673.431591033936 715.723373413086 749.835547447205 772.780214309692 697.033622741699 733.137706756592 833.129852294922 819.851821899414 838.148502349854 1125.59902381897 967.534942626953 728.628387451172 860.621620178223 807.596588134766 831.400150299072 751.288352966309 827.975090026855 917.130996704102 695.056076049805 768.69930267334 757.426057815552 508.911560058594 573.631057739258 534.044906616211 1217.88731384277 478.782623291016 677.97900390625 667.072101593018 865.728149414062 658.484085083008 743.816787719727 814.710411071777 1139.86120986938
665.981018066406 842.861771583557 904.558815002441 1029.78909111023 884.478679656982 878.578048706055 867.514472961426 877.888366699219 648.683959960938 649.492095947266 834.36555480957 746.630249023438 804.059539794922 838.032073974609 832.834808349609 534.813568115234 657.551940917969 678.854293823242 707.552070617676 828.599533081055 802.699443817139 624.358581542969 669.986473083496 859.457786560059 668.214782714844 1230.81892776489 797.031494140625 845.453338623047 631.545639038086 1061.48938083649 962.925518035889 671.297836303711 760.310806274414 941.512027740479 830.036754608154 937.162071228027 845.861855506897 822.060712814331 586.535583496094 514.317474365234 424.421966552734 554.506607055664 539.641372680664 685.811931610107 813.097038269043 824.589553833008 581.962585449219 547.320892333984 798.2546043396 794.49284362793
707.393043518066 779.735855102539 879.969438552856 931.69874382019 889.855312347412 873.627742767334 1039.56072235107 966.129669189453 709.442756652832 841.372863769531 707.497406005859 1189.72734069824 902.15641784668 523.732269287109 664.310394287109 848.061462402344 852.394157409668 809.589687347412 897.183479309082 855.991851806641 730.051666259766 837.070194959641 781.324653625488 832.960464477539 1023.06407546997 1250.05055999756 957.085914611816 697.011367797852 614.62907409668 690.299270629883 1489.3603515625 693.790420532227 998.954650878906 788.339691162109 936.113395690918 1094.43745422363 841.215194225311 843.100578308105 758.564430236816 621.496490478516 528.587387084961 499.928573608398 1084.11166381836 487.496932983398 623.326217651367 681.352640628815 1277.91129684448 553.495239257812 416.666870117188 940.749603271484
957.773017883301 1249.30751037598 897.960655212402 758.729164123535 1047.88515472412 909.48774433136 787.452960968018 934.767036437988 1120.40480041504 796.409194946289 724.07806968689 577.779159545898 521.165893554688 511.446472167969 526.62060546875 770.850234985352 952.871643066406 987.780464172363 834.616912841797 1103.31241607666 1174.14671325684 1438.65828514099 1229.64018249512 588.039825439453 1023.46589851379 775.166458129883 649.337387084961 598.178848266602 568.743499755859 1360.66798400879 633.366653442383 776.553886413574 876.977230072021 916.984848022461 1221.8962020874 860.797798156738 787.535346984863 663.044807434082 733.95825958252 699.652465820312 669.845138549805 622.306030273438 1136.02518463135 482.424957275391 746.905136108398 847.541767120361 682.830467224121 567.067001342773 384.568725585938 903.630767822266
783.288173675537 825.812774658203 730.291748046875 739.577224731445 680.548652648926 844.333843231201 829.797096252441 833.754308700562 1280.6842880249 1329.00713348389 847.49813079834 783.135215759277 1420.54531478882 789.752044677734 567.131866455078 552.069854736328 873.207855224609 916.46858215332 820.046504974365 763.752807617188 740.985885620117 974.018531799316 586.230010986328 503.315460205078 460.108795166016 906.482391357422 793.564498901367 609.38525390625 674.084487915039 864.902160644531 603.908920288086 1465.94612121582 1183.55969238281 803.159004211426 757.756156921387 830.534701347351 839.142049789429 623.68677520752 836.629180908203 798.060634613037 745.536376953125 580.556549072266 897.825317382812 1546.99247741699 664.19401550293 769.929626464844 646.655693054199 638.520500183105 590.21257019043 696.037956237793
695.86311340332 1261.12548828125 1057.64112472534 677.960372924805 790.165407180786 909.286155700684 986.784498214722 1136.77188110352 808.643341064453 895.560810089111 842.11311340332 821.369415283203 606.66535949707 760.756530761719 450.537200927734 646.293273925781 865.416275024414 774.023205280304 658.15983581543 752.945886611938 684.288192749023 726.210639953613 817.311416625977 758.426940917969 386.57177734375 954.291625976562 1622.41244506836 927.792022705078 1308.68927001953 537.04248046875 811.7568359375 682.7861328125 743.94970703125 1005.75677490234 785.684280395508 923.867668151855 786.700429916382 871.323928833008 797.210315704346 784.498111724854 735.749114990234 547.592742919922 829.059188842773 623.874114990234 673.188846588135 736.373125076294 770.093929290771 700.002838134766 747.525966644287 968.58869934082
689.845832824707 805.707160949707 1315.51641082764 524.752563476562 777.776411056519 911.719404459 1355.94442749023 1175.50535583496 808.011344909668 1037.4698600769 844.179107666016 996.92057800293 1106.31021118164 1151.00624465942 803.870910644531 887.328857421875 1138.53482818604 693.243675231934 750.157855987549 737.127616882324 1007.88314819336 702.68286895752 748.453308105469 619.720184326172 1245.18670654297 894.97819519043 878.107284545898 1198.55703735352 1176.76937866211 729.099136352539 879.167938232422 885.771209716797 829.700248718262 1071.91196250916 957.543960571289 951.559768676758 850.575218200684 913.236114501953 786.507213592529 713.39347076416 621.823627471924 421.375930786133 787.212007522583 1218.95732116699 1545.03596305847 708.299743652344 732.939078330994 814.009662628174 896.534725189209 821.225879669189
1403.2830657959 688.970664978027 714.930255889893 751.713590621948 743.351902008057 1189.08186340332 807.415098190308 1025.85419464111 752.869186401367 930.286329746246 1031.09889793396 753.945213317871 944.394668579102 1157.83185958862 845.107215881348 726.39599609375 683.220504760742 609.877670288086 739.378108978271 762.608749389648 1230.65981292725 1270.24436950684 676.201675415039 850.357131958008 675.961196899414 1198.2356262207 803.422912597656 684.593215942383 1257.13610839844 480.965454101562 831.244903564453 721.882858276367 866.933906555176 904.434205651283 990.583801269531 957.298881530762 782.089978456497 854.442497253418 824.054473876953 616.847396850586 691.790294647217 571.065376281738 925.424209594727 782.335064888 946.067398071289 731.661841392517 733.571377277374 879.672325134277 958.151550292969 826.998550653458
839.730209350586 734.438835144043 854.061172485352 696.725868225098 789.926802635193 1113.29076194763 914.537872314453 1002.84299659729 1037.81564331055 972.101203918457 688.527984619141 917.988571166992 759.923698425293 816.136625289917 1040.0835609436 718.217155456543 603.611083984375 1043.09234619141 753.869239807129 741.820381164551 1194.25555419922 590.713394165039 1143.11651611328 713.585372924805 777.895965576172 1009.09888458252 1154.84155273438 1823.76358795166 756.177703857422 1121.41278076172 785.649749755859 712.296096801758 835.251083374023 892.866865158081 832.965593338013 951.869987487793 744.244338989258 772.949073791504 760.780400753021 718.658782958984 683.063568115234 669.417083740234 560.038536071777 778.563325881958 1081.47099113464 675.149368286133 763.051223754883 770.344150543213 695.975059509277 647.530303955078
705.013786315918 1141.91250133514 904.591249465942 706.597427368164 770.061073064804 732.097827911377 852.681173324585 1129.39363479614 862.876705169678 1537.27936172485 776.857192993164 1158.39770507812 832.594131469727 790.573661804199 792.486938476562 980.425872802734 685.045837402344 523.256362915039 1592.45822906494 705.758781433105 788.389389038086 745.647735595703 779.89762878418 1217.99270629883 880.036651611328 897.120096683502 750.703491210938 1685.55850219727 1092.2505569458 796.666862487793 936.353691101074 1342.14164733887 917.320831298828 906.13144493103 840.407432556152 813.413486480713 929.423622131348 870.743095397949 710.886905670166 591.725816726685 643.122634887695 560.999319076538 634.580963134766 667.421401977539 726.901861190796 813.641036987305 806.895355224609 702.074180603027 691.648391723633 767.924003601074
802.53441619873 1251.97187805176 1105.36235046387 858.999305725098 1422.52121353149 939.023300170898 1110.71607208252 1046.1350402832 922.904186248779 929.410339355469 1002.01192474365 774.237518310547 818.152656555176 893.953285217285 859.700771331787 807.157379150391 1110.2992477417 812.407283306122 715.189598083496 853.33708190918 727.329536437988 671.757858276367 781.91096496582 1051.50257873535 828.421829223633 925.700698852539 871.799896240234 722.851486206055 677.317337036133 693.508407592773 1203.10468673706 1137.526222229 759.759628295898 809.881855010986 811.900524139404 851.767234802246 945.962965011597 879.272733688354 819.644523620605 564.594314575195 579.275520324707 726.3115234375 633.956813812256 746.521724224091 751.185985565186 748.455312252045 742.481692701578 803.408493041992 718.670379638672 809.921813964844
1025.09705352783 601.742797851562 1047.27394104004 788.105164051056 887.234107971191 1027.10587310791 950.183982849121 1035.34692382812 877.474052429199 1023.4734621048 829.25 713.116333007812 963.244728088379 1177.28037261963 936.438133239746 1068.43839645386 977.921031951904 906.806831359863 761.271903991699 883.535308837891 685.066940307617 978.570068359375 852.997455596924 782.073202133179 801.653205871582 824.564720153809 908.138626098633 730.705856323242 1358.67092895508 1416.02871704102 1243.5220489502 811.104354858398 776.597991943359 917.393165588379 903.584306716919 818.56453704834 838.039642333984 918.549346923828 878.932800292969 697.295459747314 740.11841583252 614.666340827942 642.366705596447 656.530077934265 781.010589599609 1161.84435653687 925.037322998047 812.028297424316 768.442722320557 921.188346862793
734.019927978516 765.501937866211 935.378173828125 899.270683288574 913.824275970459 1303.92344665527 833.821784973145 1084.24781799316 893.012140274048 1027.37250328064 799.77815246582 979.830261230469 1349.63209533691 783.002212524414 863.407562255859 926.671028137207 1022.70526123047 959.396957397461 1024.22133636475 1208.49739837646 634.951858520508 839.56103515625 1271.43982696533 1288.88949966431 1023.81872558594 924.887510299683 765.446762084961 714.026107788086 902.997001647949 792.050052642822 834.305858612061 919.817465782166 714.049072265625 888.739868164062 893.54012298584 811.703418731689 812.825805664062 917.501609802246 1053.35371398926 890.371242523193 974.348236083984 767.333164215088 731.119873046875 589.609367370605 774.493920326233 1164.00415039062 936.359161376953 955.863815307617 932.133031845093 1108.55517578125
905.334796905518 1072.64079284668 1624.70907592773 1067.0539855957 1181.59794616699 1052.2957906723 886.33086681366 1195.89772033691 1861.20964050293 517.026443481445 1319.403465271 749.984546661377 1113.03977203369 863.229827880859 885.106266021729 878.261352539062 828.818492889404 878.094882965088 834.317611694336 958.17333984375 857.980979919434 1097.90533828735 917.523155212402 934.094955444336 977.065277099609 770.537240982056 814.472389221191 812.322395324707 878.192649841309 849.681192398071 936.182342529297 917.784812927246 760.901611804962 679.960662841797 726.010879516602 843.245971679688 843.045211791992 732.388575613499 939.871643066406 970.893272399902 832.151786804199 714.245750427246 682.863144874573 672.843902587891 873.466464996338 932.061904907227 1032.7826385498 855.567202568054 949.611936092377 804.498413085938
810.760711669922 923.494071960449 907.447383880615 876.398361206055 1050.88236236572 1332.01161384583 1591.78001022339 923.668487548828 675.140090942383 738.038078308105 1170.67586517334 816.253852844238 698.193923950195 805.848281860352 862.396863937378 1203.30754852295 795.679557800293 919.684432983398 873.334518432617 852.308494567871 1138.62088871002 960.016479492188 903.085601806641 872.173059463501 844.763647079468 985.282207489014 783.670557975769 754.933364868164 955.013404846191 831.270763397217 1052.79929351807 812.146527290344 1000.65798950195 794.213172912598 776.920641638339 689.489990234375 888.804975509644 868.899873733521 781.199293136597 876.425449371338 938.839859008789 714.436340332031 683.539769411087 594.637956619263 778.109390258789 794.750732421875 868.003035068512 746.644347667694 866.825019836426 698.902843475342
756.753931045532 1075.18235778809 1266.17045593262 1065.9044342041 1185.23443603516 1084.18775177002 1050.84706115723 1481.79696655273 1426.52363586426 742.480892181396 810.365629673004 1174.93688201904 782.534851074219 1067.69139099121 1137.39321899414 1075.56153869629 899.076599121094 837.128776550293 1714.58575987816 1202.96250915527 960.475269317627 918.5812022686 744.990875244141 769.928604125977 885.344078063965 911.518577575684 894.063621520996 715.564853668213 742.761993408203 990.27135848999 898.78638458252 895.816802978516 890.538759231567 766.583759307861 817.435165405273 804.517838478088 815.15225982666 735.987499237061 557.00080871582 861.448989868164 1020.52380371094 955.067291259766 824.856929779053 616.090026855469 600.891757965088 476.797744750977 640.584251403809 711.670906066895 927.693168640137 896.668563842773
636.53874206543 632.721229553223 878.881492614746 1108.78383636475 1297.68027973175 1060.69008636475 896.515949249268 1190.93673706055 1598.38020324707 813.806785583496 1206.05226135254 771.815605163574 923.792587280273 734.761642456055 954.958684921265 1166.91469478607 1094.30793762207 988.145332336426 1174.57273864746 955.348297119141 1311.92708015442 887.934020996094 1031.83740615845 841.44119644165 773.375419616699 793.890319824219 849.23966217041 887.289014339447 812.559457778931 905.353580951691 884.370025634766 762.159996032715 742.989570617676 804.521411895752 756.008995056152 930.625152587891 821.826768875122 821.048017501831 1051.7607421875 845.414810180664 833.746215820312 748.728965759277 797.049176216125 674.799161911011 484.981842041016 585.74781036377 677.448036193848 845.604316711426 833.680625915527 859.149967670441
