simdem/realisation59.asc
NCOLS 350 
NROWS 171 
XLLCORNER 152620 
YLLCORNER 418050 
CELLSIZE 100 
NODATA_value -9999 
[rows 44 to 65 of 171, columns 150 to 199 of 350]
277.404922485352 577.627487182617 383.025543212891 455.578804016113 463.890602111816 486.965209960938 608.167518615723 568.399024963379 673.342041015625 543.710454463959 650.980674743652 650.484657287598 390.423736572266 459.964973449707 488.945579528809 701.096832275391 703.510482788086 467.162109375 595.86353302002 522.265056610107 539.607467651367 621.146705627441 528.69953918457 451.805847167969 463.047912597656 541.836414337158 507.647315979004 487.601921081543 679.958236694336 694.252807617188 593.796005249023 457.526977539062 644.483062744141 667.641666412354 746.257965087891 613.704624176025 644.954782485962 702.587249755859 790.615112304688 595.67107963562 502.816276550293 527.994606018066 576.552881777287 622.848999023438 782.970455169678 589.791323661804 504.771759033203 607.745216369629 1005.64445495605 1185.39119338989
320.484497070312 379.001495361328 403.237411499023 410.606712341309 542.019248962402 550.938395500183 486.014595031738 616.598487854004 667.326904296875 533.298803329468 630.485416412354 537.669719696045 641.388137817383 704.065811157227 547.641666412354 562.936625480652 538.519445419312 557.277187347412 525.212055206299 396.651275634766 501.938514709473 528.47299182415 496.622341156006 506.624412536621 639.834671020508 597.879669189453 679.622894287109 527.358737945557 527.890213012695 651.357086181641 530.784858703613 511.605110168457 540.978313446045 892.62141418457 714.639097213745 673.514772415161 595.015422821045 626.679661989212 674.371074676514 672.818862915039 625.679706573486 633.482574462891 430.787689208984 487.491844177246 530.043689727783 502.284271240234 485.222366333008 579.813303560019 707.528533935547 755.522789001465
440.476425170898 388.918182373047 615.130859375 525.192138671875 567.613418579102 686.404693603516 605.874908447266 480.182960510254 644.387565612793 625.237884521484 674.623115539551 521.236660003662 616.305660247803 623.933334350586 635.260917663574 511.761558532715 559.160116195679 625.196075439453 475.569984436035 457.885757446289 443.709991455078 366.596542358398 456.736930847168 532.750790119171 571.88303565979 662.341644287109 568.018550872803 495.605018615723 427.525588989258 456.539680480957 461.188919067383 476.601829528809 544.781372070312 600.97533416748 610.146682739258 690.544303894043 630.327100753784 460.118766784668 636.58723449707 683.542846679688 647.121803283691 602.391407012939 591.434792637825 471.288330078125 535.42879486084 597.754154205322 439.678024291992 633.240451812744 646.237186431885 612.38041305542
434.029861450195 474.331962585449 564.657627105713 460.365756988525 543.794011592865 563.769519805908 445.846778869629 492.310207366943 634.105026245117 674.776908874512 634.223922729492 470.45051574707 506.07833480835 613.066604614258 707.31526184082 461.308746337891 611.821189880371 623.995422363281 480.305286407471 551.540790438652 498.301239013672 662.258819580078 517.197755813599 563.416875600815 500.861503601074 535.383780956268 495.950992584229 631.674926757812 561.2392578125 380.818313598633 376.248245239258 456.354713439941 520.971660614014 551.044204711914 518.13302230835 560.343619346619 632.98331451416 611.742465019226 600.639676094055 626.721084594727 653.727233886719 596.09383392334 620.976161956787 464.7099609375 456.038864135742 479.652656555176 539.691722869873 638.918174743652 615.138080596924 579.643063426018
594.694633483887 447.764366149902 598.859672546387 566.855396270752 576.842121124268 597.60746383667 440.494422912598 512.283306121826 556.230270385742 679.086082458496 546.225631713867 502.582458496094 407.887725830078 635.973670959473 636.455718040466 629.573390960693 531.697875976562 555.492393493652 551.599390983582 602.964559555054 596.727600097656 696.918746948242 601.375831604004 732.9443359375 720.124496459961 627.524909973145 513.858894348145 487.421333312988 501.269309997559 556.346810340881 351.160385131836 378.862487792969 570.011268615723 447.387893676758 433.587844848633 602.05891418457 488.369747161865 597.824882507324 501.360004425049 575.290296554565 704.26904296875 639.666923522949 641.959899902344 476.134811401367 519.629901885986 605.342971205711 678.461559295654 600.346797227859 542.106708526611 627.747535705566
427.453964233398 470.50590133667 667.591598510742 567.863548278809 509.061592102051 575.013702392578 562.659343719482 545.112651824951 598.817161560059 548.583660125732 519.383018493652 567.60834646225 497.065284729004 566.158932685852 578.011657714844 709.096627235413 564.460319519043 757.387359619141 927.906509399414 774.23193359375 626.095966339111 589.340042114258 636.745062828064 727.326675415039 641.586845397949 674.223327636719 467.632110595703 529.833818435669 573.153676986694 589.286096572876 556.050189971924 469.830959320068 628.666450500488 546.434121131897 404.801574707031 456.435775756836 500.786906719208 534.254313468933 595.515727996826 637.797012329102 676.308815002441 597.06160736084 650.226638793945 528.629755020142 453.866996765137 519.772102355957 575.723890304565 556.98974609375 598.198343753815 578.457611441612
435.540992736816 530.116945266724 545.90701007843 526.362290859222 526.475451469421 483.95955657959 490.258907318115 496.148010253906 618.827648162842 557.720052242279 535.465126037598 626.426330566406 719.036087036133 591.628005981445 648.886611938477 604.198117494583 652.02433013916 597.640736818314 680.494029998779 707.446029663086 756.88623046875 672.694557189941 724.327294826508 599.70384979248 679.974906921387 659.544799804688 652.128677368164 616.784965515137 509.278457641602 494.614585876465 569.4869556427 495.202583312988 513.212371826172 600.039916992188 359.527770996094 466.787452697754 471.870300292969 590.268821716309 548.150363922119 614.373065948486 588.385572433472 499.060607910156 613.689720153809 576.591337203979 444.401794433594 411.546653747559 404.783462524414 473.224784851074 673.093050956726 595.567670822144
622.635856628418 594.228096008301 506.339904785156 576.279537200928 468.623062133789 529.226985931396 482.19034576416 626.081558227539 563.201411247253 660.823432922363 766.858123779297 670.271606445312 663.464698791504 764.725875854492 664.423488616943 540.351367950439 567.227912902832 540.219711303711 611.143674850464 663.376142501831 716.612899780273 631.61333656311 510.447738647461 520.484725952148 656.160356521606 730.563636302948 683.908950805664 717.444869995117 549.357873916626 543.793627738953 399.5185546875 422.45499420166 323.380035400391 558.406419277191 420.288681030273 548.85309484601 548.89400100708 619.943927764893 598.649883270264 656.17601776123 639.25171661377 541.720180511475 596.801309585571 428.075393676758 506.098754882812 555.338808059692 587.144949674606 567.987705230713 706.076988220215 686.353775024414
477.904197692871 473.106159210205 569.24108505249 552.571991443634 498.625135421753 493.419803619385 563.484527587891 658.954536437988 618.991416931152 508.798942565918 616.648061752319 618.390911102295 658.053535461426 519.913803100586 630.478519439697 577.974960327148 613.346773147583 576.713306427002 447.912242889404 657.999324798584 721.938915252686 712.277931213379 468.60521697998 668.068138122559 532.259712696075 590.438899993896 625.938598632812 657.916227340698 509.142044067383 640.470531463623 489.956436157227 553.35102725029 465.482528686523 453.587921142578 512.818183898926 551.542847633362 522.491039276123 713.133636474609 674.214515686035 767.982040405273 604.475369930267 615.751960754395 598.169830322266 669.048683166504 563.297648429871 538.117351531982 595.841053247452 575.607458114624 681.069110870361 684.552062988281
432.925712585449 495.506763458252 610.054931640625 492.418998718262 424.936195373535 489.116073608398 474.398963928223 473.606216430664 602.098449707031 706.915771484375 681.415985107422 559.907431125641 514.578231811523 427.116485595703 471.807952880859 524.531658172607 599.378132820129 581.558621883392 750.087913513184 693.904373168945 772.50813293457 699.070571899414 575.126227140427 591.433537364006 595.275527954102 656.969323158264 689.222599029541 641.057146072388 514.437705993652 527.899349212646 507.550048828125 432.3271484375 452.97883605957 404.084030151367 569.591781616211 583.302671432495 442.652351379395 520.740772247314 600.089292526245 669.570816040039 587.382585525513 574.64216542244 677.989135742188 735.367080688477 657.854675292969 652.520183563232 597.552537918091 548.919563293457 481.262825012207 664.489692687988
609.94694519043 480.480297088623 600.509311676025 502.566455841064 529.048820495605 472.723213195801 643.972473144531 585.869188308716 606.293952941895 649.870315551758 574.036798477173 636.812225341797 476.088966369629 515.859764099121 398.33918762207 564.099498748779 608.586519241333 559.525424957275 624.5224609375 763.646438598633 701.181182861328 684.127250671387 497.061576843262 629.120346069336 562.131198883057 667.206140518188 640.641469955444 682.583095550537 525.089408874512 413.226760864258 480.779602050781 619.351654052734 447.119560241699 622.657619476318 564.307342559099 611.478214263916 481.04940032959 532.687808990479 767.714004516602 540.698699951172 530.796533584595 718.159141540527 750.409545898438 633.243045806885 646.597312927246 726.760032653809 697.948188781738 488.35823059082 546.387481689453 748.153228759766
486.588207244873 528.572607040405 537.946431159973 525.246023178101 431.372085571289 574.086572647095 582.019189834595 497.090766906738 570.995522499084 625.959968566895 482.063446044922 485.977348327637 442.905029296875 466.027160644531 456.480094909668 430.646850585938 576.62015247345 541.001285552979 561.291460037231 624.832580566406 565.349653244019 512.339210510254 733.170043945312 640.065722316504 613.213375091553 726.891822814941 824.874782562256 696.021331787109 435.499221801758 587.026466369629 755.542633056641 582.863739013672 624.559947967529 576.102090835571 623.652477264404 537.021629333496 553.475637435913 538.715316772461 691.639152526855 476.907783508301 500.117668151855 571.403751373291 578.417091369629 609.336349964142 765.94645690918 599.31191444397 773.743865966797 590.409269332886 629.172428131104 816.323272705078
648.493881225586 560.809456825256 423.841888427734 578.879796981812 503.189990997314 631.06226348877 580.402682304382 387.44401550293 471.498413085938 481.528732299805 494.762565612793 493.518493652344 570.914990879595 533.843208312988 479.881721496582 585.532461166382 626.369590759277 597.936505794525 539.132377624512 664.832244873047 615.651556015015 706.31763458252 536.816972732544 636.151699066162 633.093863010406 656.97191619873 768.42742061615 644.345568656921 650.154684066772 564.761215209961 563.69616317749 560.440746307373 590.990056991577 519.884258270264 565.012878417969 723.86344909668 502.337631225586 527.874305725098 597.724300384521 694.012481689453 602.531959533691 500.613258361816 600.469320297241 567.977516174316 708.433647155762 630.370603561401 664.683486938477 667.869853973389 617.171928405762 651.970191955566
545.13276386261 441.258766174316 516.864597320557 632.639419555664 681.948524475098 556.7991065979 575.381942749023 439.044326782227 454.380493164062 539.294609069824 685.50919342041 554.375154495239 405.407608032227 398.796295166016 450.295837402344 536.1676902771 542.752071380615 561.11939239502 584.833369731903 546.229267120361 639.999572753906 582.912305593491 614.652208328247 515.80297088623 580.883937358856 600.085439682007 630.281369924545 824.988006591797 699.639917373657 656.326595902443 644.738319396973 544.173751831055 607.988865852356 491.92887878418 590.970041275024 656.599586486816 526.001377105713 388.556625366211 510.521537780762 662.05778503418 592.12279343605 641.217617034912 528.076732635498 748.492889404297 609.202042579651 624.839538574219 616.965016365051 621.717458724976 691.151626586914 645.159412384033
529.848093032837 489.121154785156 466.136917114258 534.962379455566 630.69108581543 538.600475311279 477.755844116211 411.777801513672 522.895431518555 648.785335540771 506.393001556396 464.878776550293 466.299011230469 470.878242492676 561.753774642944 551.665878295898 599.593961715698 519.480804443359 588.268274307251 646.052848815918 685.374656677246 591.39507484436 603.589038848877 548.976951599121 576.839463233948 530.709190368652 606.445852279663 691.084083557129 637.402148246765 781.80647277832 561.77571105957 664.523040771484 563.324203491211 640.330820083618 747.350658416748 661.831022262573 631.255785942078 608.406768798828 640.732791900635 577.757667541504 669.50846862793 632.010900497437 524.636009216309 605.541617393494 572.08695602417 608.089509010315 567.434829711914 543.172080993652 658.330665588379 766.081024169922
673.489845275879 594.963911056519 425.804840087891 409.505630493164 507.093128204346 556.41321182251 418.494995117188 344.711822509766 343.783493041992 484.717933654785 491.754905700684 558.65763092041 493.048141479492 486.401275634766 591.898571014404 546.066711425781 402.097595214844 574.252547264099 585.320915222168 746.993408203125 645.90213394165 625.143358230591 499.401695251465 547.425449371338 510.13117980957 508.259033203125 570.204139709473 585.329326987267 592.554161071777 588.213676452637 582.01683807373 595.575164794922 672.755171775818 660.461004257202 710.95750617981 829.023742675781 723.081733703613 589.849237918854 795.817932128906 650.935880661011 639.525352478027 594.194105148315 665.014167785645 564.590335845947 803.628784179688 680.697399139404 684.231327056885 655.804588317871 720.24723815918 607.548454284668
681.082183837891 671.077377319336 557.12092590332 289.872406005859 284.373886108398 492.903575897217 341.119522094727 341.085968017578 442.767608642578 462.334663391113 492.615104675293 422.752914428711 591.267166137695 530.19020652771 605.24630355835 572.157697677612 553.510401725769 576.595227241516 506.080917358398 627.307373046875 552.567230224609 471.927017211914 413.243545532227 392.067611694336 390.126739501953 559.097229003906 508.394172668457 630.121984481812 438.966491699219 533.12621307373 554.134742736816 610.941834449768 656.823090165854 581.343566894531 688.165733337402 686.001731872559 705.759437561035 545.261520385742 632.797764539719 824.712265014648 772.998565673828 657.175701141357 602.576824188232 682.758706092834 679.04859161377 675.147020339966 534.353034973145 606.870000839233 710.593826293945 608.509376525879
591.535758972168 397.65690612793 407.54914855957 392.744506835938 393.18327331543 413.058326721191 461.686019897461 419.732788085938 555.363759040833 598.383087158203 545.898113250732 523.726428985596 529.080101013184 550.547346115112 519.875255584717 554.945877671242 663.54224395752 578.62583065033 531.484958648682 511.06494140625 546.845504760742 399.493453979492 389.77734375 394.634292602539 457.804641723633 635.121255874634 446.517135620117 589.254982471466 487.411125183105 402.777404785156 690.371759414673 650.987195968628 551.770568847656 667.174152374268 657.014053344727 488.478561401367 537.808937072754 637.921883583069 606.643684387207 703.61205291748 652.640131950378 519.139945983887 492.660675048828 874.130599975586 796.584568023682 647.404831886292 526.687461853027 600.054109573364 695.084327697754 667.35099029541
522.990531921387 352.322845458984 418.749618530273 473.618278503418 557.619397163391 580.936157226562 624.389831542969 469.646324157715 458.317909240723 612.951141357422 494.071586608887 368.964019775391 546.542938232422 626.355701446533 493.261627197266 621.217784881592 610.986602783203 349.086532592773 471.772178649902 678.475173950195 566.507834613323 606.170589447021 528.846340179443 585.677835464478 508.647857666016 682.811866760254 626.124999046326 680.338165283203 684.853565216064 550.60425567627 638.375537872314 601.464319229126 476.155067443848 671.206353187561 740.023193359375 595.479499816895 445.530944824219 556.203559875488 460.95866394043 649.89154291153 514.245147705078 526.919151306152 661.730667114258 755.850597381592 789.569017410278 777.557952880859 634.354006767273 702.618724822998 715.653121948242 557.993553161621
561.055759429932 458.490325927734 426.042358398438 456.177093505859 518.649448394775 589.417659759521 593.44345664978 541.313016891479 634.183399200439 448.257751464844 468.284530639648 377.007064819336 479.344200134277 514.709831237793 480.714996337891 564.3922290802 551.562565326691 551.914765357971 536.786983966827 590.791452407837 504.119651794434 500.040893554688 531.813537597656 579.34056186676 569.865542888641 644.482918679714 530.371788024902 486.99787902832 603.374146431684 529.200126647949 718.768539428711 565.704740524292 622.500860214233 690.162452697754 715.162300109863 641.960636138916 550.793251037598 558.347946166992 458.618560791016 545.071388244629 531.821746826172 580.975723266602 619.987901128829 663.968318939209 623.137041091919 639.624876976013 589.128925323486 657.441089630127 683.182788848877 658.174041748047
537.624835014343 621.150844573975 466.105041503906 532.368051528931 617.668197631836 604.069217681885 644.031059265137 593.24743270874 746.803985595703 492.799446105957 528.816711425781 522.753623962402 569.035906791687 565.52933883667 565.160194396973 515.470916748047 586.993614196777 636.284484863281 587.877264022827 539.936977386475 561.140865325928 590.997249603271 509.613639831543 634.912120819092 504.506149291992 558.62943649292 517.125625610352 645.766359329224 550.918430328369 620.46989440918 526.218700408936 586.581453323364 680.216300964355 668.43244934082 642.357551574707 556.035591125488 644.038116455078 469.903839111328 519.67049407959 615.208909034729 636.434654116631 640.938425540924 632.953233718872 634.822717666626 689.5 613.639868736267 669.854351043701 534.700199127197 714.872791290283 644.411757707596
465.280166625977 475.237342834473 512.989250183105 488.014129638672 511.835021972656 578.82984161377 482.40845489502 678.200225830078 572.38916015625 471.097221374512 435.689544677734 459.638549804688 558.105053424835 442.798522949219 667.25220489502 481.288520812988 489.158386230469 675.795852661133 576.561296463013 482.730506896973 463.442100524902 326.730209350586 518.162097930908 624.813766479492 612.003322601318 605.630216598511 530.030723571777 584.151168465614 617.814061164856 667.382263183594 660.848827362061 407.244750976562 596.190598011017 716.179328918457 660.061531066895 536.850090026855 658.499744415283 583.24153137207 438.04948425293 604.627805709839 648.693242073059 680.792831420898 650.584926605225 587.41844367981 522.74129486084 687.027538299561 647.87379360199 711.954147338867 592.079929351807 730.602844238281
