simdem/realisation40.asc
NCOLS 350 
NROWS 171 
XLLCORNER 152620 
YLLCORNER 418050 
CELLSIZE 100 
NODATA_value -9999 
[rows 44 to 65 of 171, columns 250 to 299 of 350]
682.024641036987 611.192047119141 739.218994140625 777.230644226074 700.292332649231 860.028442382812 750.713298797607 806.050323486328 647.263519287109 733.116909980774 839.6484375 762.358167648315 554.412399291992 726.279685974121 798.051242828369 848.508888244629 747.262684822083 721.846708297729 696.552375793457 758.58073425293 718.423553466797 703.165149688721 778.480314254761 717.314559936523 827.536354064941 759.943355560303 957.313953399658 837.354091644287 750.506065368652 691.501838684082 788.945274353027 790.990531921387 923.984169006348 992.367744445801 751.798263549805 816.345148086548 719.672824859619 920.476439476013 918.930299520493 923.736442565918 533.932495117188 685.554428100586 847.822803497314 889.077129364014 853.057424545288 845.181708812714 908.716339111328 840.453922599554 761.848114013672 897.316932678223
765.223522186279 838.777774810791 655.789726257324 749.547222137451 622.083122253418 547.685913085938 768.556373596191 809.756355285645 775.235523223877 810.845817565918 907.322906494141 837.44556427002 733.513875007629 707.437183380127 776.933107376099 821.152465820312 747.390787124634 704.491832733154 715.000381469727 616.270355224609 760.754388809204 713.133846282959 645.674842834473 693.40364074707 757.257713317871 833.156183242798 818.815378665924 651.18920135498 661.960723876953 884.580841064453 926.186935424805 920.360649108887 1013.75221443176 876.454387664795 794.014905929565 934.849784851074 947.144868850708 810.084043502808 1372.47389602661 907.00855255127 776.186389923096 1064.54415893555 805.790628433228 826.495510101318 968.820091247559 831.140189170837 893.851329803467 769.284561157227 918.442932128906 793.944213867188
933.761840820312 797.928237915039 724.524251937866 598.414527893066 516.059494018555 656.927600860596 787.421409606934 860.803649902344 825.50870513916 739.050663948059 856.412109375 918.607879638672 782.4610850811 792.795684814453 747.856986045837 777.646622657776 702.595001220703 806.357788085938 830.957449913025 722.878982543945 570.610397338867 667.300445556641 619.973495483398 595.136535644531 623.408195495605 1141.17990112305 564.872619628906 1118.33711242676 1172.40897369385 504.021011352539 927.591830611229 797.562655925751 820.81031036377 877.545127868652 1296.95637512207 1632.35774612427 1342.48933410645 868.388173103333 1293.76219177246 1274.66639709473 906.869251251221 785.450759887695 891.492668151855 867.983831642196 1234.4673614502 944.821161270142 1433.55390548706 840.233196258545 876.65013885498 898.227203369141
907.466171264648 831.236305236816 749.266952514648 619.548797607422 683.64905166626 552.715805053711 648.203201293945 728.273331642151 601.679412841797 774.76224899292 693.711145401001 802.309356689453 719.285356521606 782.357933044434 834.443168640137 658.704193115234 724.133804321289 795.489621162415 669.395347595215 660.711585998535 700.904773712158 838.084770202637 741.414230823517 798.184598922729 542.522933959961 964.390441894531 661.653427124023 1150.83546066284 756.902099609375 1161.47637939453 793.215270996094 774.884475708008 791.810623168945 1187.74788236618 829.401229858398 1097.0830745697 1286.5097155571 715.983383178711 1155.4868106842 1047.33996009827 814.540973424911 719.57568359375 1265.27183532715 914.57950592041 871.939025878906 903.187316894531 738.412689208984 939.79602432251 971.741004943848 823.214538574219
814.21696472168 856.235290527344 722.930084228516 754.279895782471 668.830238342285 660.109359741211 682.121475219727 714.822448730469 669.991764068604 705.980219841003 593.468154907227 741.89044380188 753.841845035553 729.145021438599 714.153327941895 755.41260433197 628.382781982422 723.051237106323 609.604095458984 736.920421600342 716.329172134399 668.918472290039 758.577921330929 651.427772521973 539.095108032227 541.378570556641 545.269805908203 790.219383239746 697.038398742676 1088.99729537964 1256.62007904053 675.728759765625 799.905601501465 847.229095458984 765.541381835938 763.842231750488 1097.90399169922 635.2177734375 1592.23168182373 1006.04103851318 828.250780105591 737.29768371582 969.547019958496 705.989013671875 902.698379516602 1040.47895812988 811.769104003906 1942.75063705444 749.258472442627 887.232532501221
622.849327087402 652.272373199463 747.576766967773 776.024883270264 687.790384292603 788.19580078125 695.362823963165 782.81999206543 902.090789794922 754.185512542725 707.221323013306 698.998344421387 735.997688293457 673.519515991211 892.519470214844 773.582313537598 730.874680995941 732.460054397583 721.777321815491 795.586235046387 763.944965362549 719.841432571411 679.02153968811 672.174865722656 666.496704101562 997.492950439453 738.154907226562 812.083438873291 671.049499511719 713.952430725098 873.846530914307 798.562767028809 816.624549865723 701.056045532227 1262.89254760742 691.936614990234 783.693733215332 677.709457397461 782.519271850586 751.395793914795 921.771818876266 891.606788635254 1066.07607650757 1102.80543518066 882.214782714844 997.805450439453 922.197511672974 933.95206451416 822.084253311157 904.847427368164
667.006790161133 711.666058540344 593.654594421387 604.376342773438 643.82523727417 700.152808666229 727.516141891479 704.018934249878 728.460117340088 676.464053153992 747.782024383545 594.158248901367 736.568389892578 620.762741088867 758.648633956909 696.750835418701 768.900356292725 794.849822998047 673.361442565918 707.173027038574 743.325396537781 884.067451477051 758.103471755981 759.715739250183 668.466979980469 574.531646728516 700.77392578125 794.473968505859 688.757125854492 775.035995483398 1122.61989974976 862.411895751953 645.806671142578 680.731170654297 872.115600585938 657.584121704102 740.572059631348 1171.30988311768 846.538230895996 1020.2594833374 1212.92955970764 1084.68951416016 911.582130432129 861.467681884766 1023.40664672852 918.336095809937 788.783554077148 1179.02967262268 1150.23852539062 911.873115539551
437.851821899414 492.952041625977 545.278335571289 660.882167816162 805.066947937012 544.085220336914 581.521614074707 783.39391708374 811.946273803711 895.344177246094 828.418952941895 664.417762756348 756.102005004883 770.399192810059 780.544937133789 857.463485717773 727.501065969467 815.964370727539 811.684051513672 871.153701782227 822.130546569824 859.778221130371 812.086959838867 734.322311401367 700.275367736816 802.525604248047 816.345855712891 654.707244873047 713.748489379883 855.741369247437 1034.63101291656 892.79670715332 865.791595458984 1165.04139709473 1085.53178405762 770.002304077148 553.684387207031 816.634792327881 898.790173530579 892.894634246826 989.873962402344 1025.26768493652 906.030792236328 931.96614074707 1042.78513336182 780.606750488281 974.72802734375 841.387849807739 943.850517272949 907.272880554199
851.19189453125 609.229331970215 677.706340789795 646.683563232422 634.720935821533 622.123954772949 590.993423461914 828.629699707031 696.372261047363 724.557426214218 647.29638671875 653.791488647461 818.240577697754 890.260101318359 616.076713562012 676.952598571777 780.742206573486 783.181427001953 724.210027694702 754.842176437378 832.246543884277 703.097648620605 776.861320495605 720.026243209839 858.70240020752 919.998830795288 903.905777692795 800.379630088806 848.098236083984 792.744304656982 660.182472229004 669.264907836914 964.041076660156 1333.33054351807 835.102416992188 632.34895324707 871.972534179688 474.530883789062 874.632446289062 896.976070404053 784.169876098633 868.645240783691 891.648876190186 846.567497253418 910.945602416992 784.399282455444 1283.73969841003 896.099515914917 923.371841430664 961.920455932617
500.795227050781 836.427551269531 759.777824401855 724.795442581177 614.10969543457 517.098114013672 512.238876342773 540.744735717773 512.574310302734 568.737243652344 1252.30270767212 867.296035766602 753.297006607056 752.262483596802 801.53116607666 1096.84237670898 806.991710662842 724.059127807617 566.854598999023 1578.89115905762 874.718872070312 729.772020339966 712.846649169922 1192.41012573242 796.605445861816 864.145133972168 688.762199401855 691.473777770996 794.687592506409 750.904853820801 794.012466430664 968.409622192383 831.859283447266 749.618316650391 613.568740844727 1050.61764526367 710.100402832031 864.313293457031 752.602981567383 780.933078765869 1270.51937294006 724.502613067627 823.451240539551 805.879678726196 819.102602005005 807.32583117485 669.307708740234 779.297231674194 770.547378540039 924.251029968262
635.787342071533 664.84369468689 831.132354736328 682.783760070801 642.390625 705.806564331055 605.275177001953 338.655364990234 423.472839355469 655.673278808594 666.656852722168 1610.6427230835 855.729722976685 1102.84969329834 1088.12455004454 1687.69023513794 619.863098144531 716.864318847656 772.998077392578 666.74471282959 594.409149169922 530.849594116211 690.022178649902 744.662475585938 692.0244140625 926.839790344238 747.265502929688 842.861061096191 821.483688354492 733.405395507812 778.381952285767 701.539810180664 1094.77511978149 747.138046264648 894.726848602295 798.418319702148 1085.47277832031 638.970367431641 830.038795471191 939.134029388428 1031.73046875 908.147083282471 725.126613616943 833.986305236816 796.121395111084 867.11852645874 752.967094421387 840.210384368896 777.878799438477 629.769134521484
583.705966949463 724.522567749023 754.798225402832 696.427754402161 491.198745727539 722.264026641846 531.568832397461 1138.20442199707 536.282211303711 793.234570503235 590.567916870117 587.025726318359 710.126239776611 796.270927429199 661.975280761719 1568.06841659546 641.815444946289 1297.18228149414 657.340805053711 605.591461181641 1240.08050537109 985.89990234375 1702.77996826172 649.020812988281 867.486465454102 1278.1760635376 800.294780731201 649.709762573242 845.887454986572 739.020248413086 925.643543243408 737.625484466553 774.869679450989 743.258323669434 966.362823486328 726.048950195312 1042.2266998291 847.380035400391 728.212745666504 1361.16315460205 1416.90670585632 889.847236633301 1329.48802185059 689.521591186523 745.929084777832 663.221572875977 970.364532470703 701.313362121582 772.151550292969 546.224853515625
693.125581741333 692.892204284668 717.110000610352 661.896772384644 526.146469116211 564.23046875 683.879607200623 579.807754516602 565.394989013672 632.296325683594 784.976829528809 586.350471496582 819.808866500854 926.893203735352 734.838234186172 776.121994972229 774.159408569336 608.663848876953 646.231147766113 682.979621887207 545.377014160156 568.771438598633 1768.20606994629 1811.22010803223 753.04704284668 858.188953399658 824.60355758667 833.746734619141 774.7634806633 839.926227092743 769.449900627136 767.671806424856 693.171272277832 879.739723205566 625.001617431641 681.489112854004 618.621017456055 721.821105957031 797.48762512207 1130.50257873535 757.481952667236 907.253337860107 818.572635650635 784.728273391724 805.68870639801 792.55224609375 824.770233154297 770.360553741455 607.841232299805 788.575805664062
675.189959526062 553.75772857666 697.714542388916 678.560384750366 515.830764770508 666.263690948486 792.717620849609 747.688903808594 563.671073913574 688.437475204468 772.764892578125 670.290170669556 581.002548217773 901.133392333984 748.205699920654 595.864807128906 638.743988037109 750.129320144653 804.961391448975 632.552299499512 726.783145904541 704.042068481445 1072.48078918457 731.549325942993 768.560478210449 788.566650390625 907.19017791748 905.715370178223 723.791870117188 794.048694729805 998.091934204102 782.963199615479 699.045246124268 797.84561920166 866.742370605469 1288.72441101074 590.781875610352 605.182800292969 627.579391479492 608.290298461914 730.58186340332 947.381278038025 805.429797172546 832.568748474121 832.301500320435 886.666069030762 942.529159545898 699.491165161133 461.753326416016 662.51220703125
555.379730224609 588.479721069336 644.930305480957 768.030395507812 774.014678955078 532.613662719727 786.176155090332 736.458641052246 654.573720932007 647.272525787354 796.754905700684 712.192693710327 598.954032897949 541.072906494141 766.059059143066 649.805938720703 593.581802368164 699.833813667297 582.610908508301 844.302177429199 746.547245025635 695.251705169678 850.566070556641 747.763692855835 1058.54935455322 639.550308227539 745.02592086792 859.779823303223 878.845733642578 854.369491577148 711.32292175293 559.547027587891 721.411155700684 809.185256958008 644.509490966797 671.097015380859 790.227954864502 825.326637268066 841.414892196655 650.622146606445 983.778980255127 856.122909545898 851.657901763916 743.070137023926 802.503440856934 948.02571105957 837.230239868164 742.843475341797 848.538330078125 2037.70037841797
682.417418479919 750.987342834473 625.229488372803 620.170085906982 624.903610229492 556.930625915527 749.394985198975 742.599361419678 679.577868461609 782.145668029785 783.125228881836 656.458835601807 615.017669677734 581.860694885254 531.842880249023 646.699333190918 703.31066942215 614.607437133789 646.643463134766 1010.49708175659 834.105752944946 817.230865478516 708.149936676025 744.671783447266 804.073476791382 830.144760131836 674.418020248413 716.220413208008 651.897506713867 647.339874267578 791.119785308838 730.546094119549 596.305221557617 571.748641967773 599.396118164062 760.202114105225 661.262626647949 783.29358291626 832.837473869324 834.005571365356 887.101028442383 954.464813232422 755.278999328613 758.39658164978 705.356346130371 873.485145568848 665.324371337891 740.130619049072 1336.42961120605 1563.63180541992
626.368392944336 772.68293762207 701.331274032593 632.438412666321 534.348419189453 621.708209991455 809.985260009766 740.12760925293 644.370086669922 610.391693115234 624.698112487793 719.806907653809 750.806137084961 670.710077285767 790.384178161621 693.981986045837 702.886586666107 602.637451171875 629.953033447266 667.041942596436 1133.71100234985 1079.30932617188 672.629577636719 767.402194976807 771.698627471924 760.216682434082 865.415031433105 818.651031494141 743.865209579468 845.867544054985 737.963893413544 719.1120262146 644.825881958008 532.322601318359 589.393280029297 591.928756713867 611.086486816406 571.467346191406 1045.40026855469 698.774021148682 719.385692596436 699.988021850586 733.140800476074 816.390125274658 714.642158508301 823.649421691895 704.034042358398 679.516265869141 671.309417724609 1207.40893554688
652.306397438049 571.400848388672 552.373718261719 577.616027832031 698.630662918091 694.574300765991 709.610832214355 945.544128417969 733.944644927979 717.02197265625 655.784322738647 769.620948791504 725.182022094727 679.85150718689 682.188529968262 721.14988899231 725.358980178833 715.693552017212 682.543277740479 795.823028564453 695.013673782349 719.936653137207 700.025241851807 737.364192962646 842.368629455566 688.485893249512 715.263381958008 667.084777832031 787.617408752441 1176.47821044922 678.676467895508 638.436714172363 664.881687164307 541.809951782227 578.574615478516 604.334564208984 664.866645812988 834.499314188957 530.410827636719 668.93431854248 694.921817779541 754.151559352875 718.824954986572 755.675235748291 771.752453327179 757.417026519775 754.785629272461 760.964401245117 676.742729187012 683.420600891113
712.89155960083 661.110960006714 691.655687332153 670.127809524536 696.212112426758 659.770610809326 713.940425872803 704.119905471802 746.291084289551 744.390110015869 706.349201202393 761.904586791992 785.570777893066 687.018754959106 647.342950820923 734.226089477539 570.673118591309 652.484355926514 617.392890930176 606.682479858398 787.281535297632 622.951499938965 676.839344024658 755.566194534302 781.692008972168 604.392379760742 642.87370300293 720.017093658447 693.634399414062 814.079681396484 741.458320617676 644.509559631348 601.103012084961 553.526153564453 696.145312309265 777.100292205811 725.940090894699 787.949886322021 671.51114654541 725.894996643066 714.895030975342 835.884063720703 784.652310848236 865.855209350586 771.94607925415 772.162652492523 777.259053707123 682.321395874023 581.754470825195 809.09236907959
673.708166122437 629.503870010376 685.300434112549 627.528079986572 732.370048522949 699.762813568115 641.969067573547 694.372695922852 602.098831176758 772.113952636719 718.549453735352 703.945114135742 593.007102966309 520.279907226562 592.409042358398 658.150577545166 618.333419799805 511.607040405273 617.022506713867 676.477119445801 646.012489318848 626.415214538574 632.457523345947 735.232849121094 756.1106300354 744.044507980347 607.398628234863 687.996669769287 783.411491394043 636.694480895996 695.993068695068 713.967481613159 653.61840057373 632.255393981934 553.116897583008 570.699798583984 630.540008544922 617.44654083252 690.672035217285 840.818428039551 804.790546417236 809.108039855957 840.113700866699 724.30818939209 703.477394104004 851.614555358887 746.934093475342 809.119693756104 707.694458007812 724.189193725586
601.682415008545 706.944213867188 700.822898864746 742.338455200195 743.584419250488 678.008312225342 774.261344909668 594.664035797119 638.043800354004 719.748027801514 704.158060073853 780.517234802246 597.308464050293 640.195137023926 633.954555511475 747.021469116211 534.346145629883 563.841857910156 673.951585769653 744.01173210144 791.282501220703 628.141731262207 657.10230255127 794.012275695801 778.001579284668 757.101718902588 557.787368774414 521.095138549805 617.602424621582 761.282627105713 701.724899291992 853.052230834961 828.72110748291 738.824075698853 635.839202880859 642.563522338867 679.8391456604 712.064174175262 715.572483062744 743.143677711487 713.653514862061 772.752780914307 752.235733985901 853.377777099609 730.927419662476 847.924598693848 760.933544158936 708.444183349609 632.111450195312 710.452754974365
607.988639831543 534.661697387695 626.822414398193 725.332252502441 799.086303710938 583.790832519531 722.757942199707 819.753311157227 639.8327293396 606.803367614746 678.081085205078 849.327484130859 750.84245300293 748.729606628418 709.881343841553 721.105499267578 618.143417358398 563.557037353516 738.008239746094 636.384292602539 751.010040283203 769.751403808594 691.702475547791 837.681167602539 716.249376296997 793.407138824463 752.72087097168 641.668678283691 677.267150878906 735.546991348267 720.800415754318 691.830804824829 694.012752532959 700.064434051514 685.517879486084 504.721801757812 655.551467895508 657.399154663086 579.121673583984 567.083190917969 682.288150787354 718.90802192688 803.180324554443 835.308242797852 797.181591033936 823.27131652832 777.034935951233 761.574798107147 742.64485168457 727.470653533936
