simdem/realisation44.asc
NCOLS 350 
NROWS 171 
XLLCORNER 152620 
YLLCORNER 418050 
CELLSIZE 100 
NODATA_value -9999 
[rows 88 to 109 of 171, columns 50 to 99 of 350]
269.787689208984 512.552268981934 404.302782058716 400.46808052063 346.329624176025 403.498802185059 457.7109375 383.21732711792 351.7915391922 505.662200927734 408.775825500488 346.79253578186 270.162269592285 415.230537414551 506.378936767578 386.128219604492 345.201507568359 363.56233215332 306.705337524414 239.757522583008 485.26887512207 417.795064926147 466.459419250488 382.42264175415 455.258193969727 387.045728683472 272.789886474609 302.515983581543 349.147026062012 342.344345092773 328.496269226074 372.216293334961 395.325775146484 391.302307128906 435.381820678711 681.835105895996 619.802112579346 357.909156799316 473.800861358643 488.733528137207 499.922386169434 -9999 -9999 -9999 -9999 -9999 -9999 -9999 -9999 -9999
307.722434997559 395.282802581787 594.689422607422 481.134433746338 366.403549194336 508.888214111328 408.27872467041 393.477237701416 385.590978622437 337.706350803375 331.741799354553 250.353645324707 315.203441619873 411.676738739014 545.3408203125 480.130386352539 387.948390960693 307.782001495361 349.814666748047 403.148064613342 452.282028198242 458.709266662598 512.084663391113 456.909236907959 596.523681640625 366.970409393311 222.123901367188 341.168830871582 406.535795211792 346.309928894043 349.060989379883 469.055673599243 332.324897766113 234.528457641602 528.40119934082 499.361259460449 452.542915344238 491.907551646233 658.608810424805 468.697296142578 -9999 -9999 -9999 -9999 -9999 -9999 -9999 -9999 -9999 -9999
857.433106422424 531.088333129883 521.904258728027 536.072715759277 460.251537322998 516.281425476074 483.65739440918 518.226974487305 424.902393341064 269.644714355469 336.987024307251 239.503326416016 355.296327590942 419.919319152832 412.102966308594 360.517370223999 361.358819007874 295.905151367188 399.721559524536 490.70433807373 481.56721496582 325.867630004883 390.944200515747 406.760351896286 522.053695678711 373.803150177002 373.160469055176 279.457458496094 272.176040649414 423.774625778198 494.294749259949 505.516979217529 392.979557037354 351.391242980957 724.021461486816 552.381521224976 502.822551727295 502.961646415293 593.754686355591 598.236338376999 -9999 -9999 -9999 -9999 -9999 -9999 -9999 -9999 -9999 -9999
393.470497131348 643.661911010742 487.24573135376 431.601898193359 385.304573059082 519.102630615234 558.535003662109 601.245407104492 492.984313964844 476.249870300293 402.529542922974 377.447653114796 347.665719985962 334.647331237793 311.513542175293 325.966953277588 309.3466796875 478.144233703613 456.858402252197 356.650917053223 385.178764343262 290.232978820801 282.535469055176 338.625938415527 381.465803146362 365.834701538086 426.003274917603 399.97211265564 448.236627578735 322.19352722168 386.821311950684 389.145679473877 332.952774047852 441.334182739258 777.435125350952 511.99361038208 618.904830932617 584.836387634277 505.857925415039 -9999 -9999 -9999 -9999 -9999 -9999 -9999 -9999 -9999 -9999 -9999
352.653877258301 494.017501831055 770.424110412598 465.166053771973 552.907760620117 573.239074707031 496.967750549316 501.887008666992 594.143630981445 448.900569915771 360.61930847168 428.576065063477 436.097682952881 336.965427398682 487.604644775391 377.77668762207 340.35563659668 442.116542816162 391.462856292725 430.767258644104 427.517188072205 303.365135192871 345.77515411377 374.574981689453 450.166191101074 357.772148132324 458.194561004639 383.889427185059 497.523071289062 477.483710289001 399.244289398193 420.890771865845 392.658508300781 664.238161087036 601.954545736313 373.839828491211 482.579719543457 526.014053344727 529.228340148926 -9999 -9999 -9999 -9999 -9999 -9999 -9999 -9999 -9999 -9999 -9999
348.298267364502 473.845977783203 415.884674072266 872.948837280273 272.917572975159 616.084831237793 423.421229362488 448.818593978882 410.201653003693 480.362289428711 274.720367431641 398.394281387329 369.794437408447 500.259429931641 450.942230224609 370.636777877808 296.540679931641 469.942657470703 333.743133544922 391.35668182373 431.870247602463 320.383506774902 325.628677368164 247.687683105469 425.568163871765 468.51248550415 490.772361755371 419.598543167114 501.54390335083 439.350200653076 417.5749168396 506.855133056641 728.96089553833 806.80005645752 573.963386535645 451.904159545898 435.006607055664 470.752624511719 485.975296020508 -9999 -9999 -9999 -9999 -9999 -9999 -9999 -9999 -9999 -9999 -9999
301.081967830658 466.419097900391 410.346928596497 292.072532653809 618.259128570557 469.903085768223 488.933654785156 512.085479736328 273.300186157227 357.859649658203 336.254730224609 317.759223937988 331.083316802979 331.157562255859 495.472412109375 395.086328029633 416.699725151062 259.914169311523 454.078330993652 337.893249511719 450.714855194092 386.02725982666 220.380493164062 183.043823242188 280.90837097168 462.099408149719 424.49015712738 544.023788452148 411.466926574707 397.809448242188 430.053062438965 612.560092926025 500.217460632324 448.797035217285 506.036201477051 619.603530883789 517.561369478703 585.782051086426 -9999 -9999 -9999 -9999 -9999 -9999 -9999 -9999 -9999 -9999 -9999 -9999
457.764579772949 272.2252368927 237.138809204102 359.247093200684 394.307004928589 508.862075805664 576.278022766113 427.251491546631 310.678520202637 365.105442047119 333.777130126953 355.041198730469 424.568296432495 381.847213745117 243.788955688477 306.661376953125 373.438995361328 366.937656402588 485.140285491943 362.39045715332 446.101734161377 447.600282669067 296.679168701172 333.028335571289 328.484313964844 430.778396606445 522.769714355469 533.102294921875 483.932687759399 434.31969833374 436.677677154541 417.671279907227 604.068840026855 566.8089427948 549.815047264099 640.95223236084 495.396327972412 682.582138061523 -9999 -9999 -9999 -9999 -9999 -9999 -9999 -9999 -9999 -9999 -9999 -9999
449.972946166992 272.50642490387 236.438472747803 161.026802062988 419.190620422363 488.490207672119 406.539916992188 383.318141937256 387.659351348877 446.229986190796 258.664566040039 687.589111328125 499.454315185547 550.799819946289 420.549708366394 334.98494720459 423.678809642792 465.653392791748 551.222244262695 393.898765563965 307.531600952148 270.753219604492 431.610511779785 349.330200195312 396.989137649536 335.212295532227 446.31646156311 440.795597076416 439.473407745361 526.946273803711 592.601417541504 689.212600708008 651.189193725586 511.823541879654 594.634870529175 633.42610168457 473.099433898926 761.605484008789 -9999 -9999 -9999 -9999 -9999 -9999 -9999 -9999 -9999 -9999 -9999 -9999
306.624320983887 273.416063308716 84.6958160400391 455.183181762695 586.634979248047 599.140617370605 542.243437290192 624.876934051514 474.09871673584 363.152351379395 518.092292785645 621.647552490234 449.128417015076 448.265901565552 318.277626037598 517.958930969238 475.205677032471 542.047706604004 608.558013916016 465.895904541016 308.758911132812 645.823852539062 374.19873046875 318.233627319336 620.188003540039 284.141647338867 506.574005126953 328.304870605469 414.283447265625 465.565906524658 492.292533874512 498.396192550659 908.450325012207 805.281036376953 467.826690673828 486.228072166443 568.530421257019 -9999 -9999 -9999 -9999 -9999 -9999 -9999 -9999 -9999 -9999 -9999 -9999 -9999
590.13369178772 275.260757923126 503.777183532715 504.303039550781 632.765342712402 690.47412109375 653.870056152344 704.712829589844 606.846681594849 399.249782562256 638.706115722656 582.629821777344 452.43977355957 531.040107727051 494.282611846924 411.225374221802 543.523719787598 527.003623962402 568.449859619141 384.489406585693 462.251945495605 514.452690124512 559.171783447266 467.392051696777 364.829162597656 703.578620910645 375.027496337891 381.643463134766 366.487686157227 661.561489105225 610.36171913147 658.276256561279 602.630084753036 556.78865814209 446.54017496109 593.762641906738 589.089893817902 -9999 -9999 -9999 -9999 -9999 -9999 -9999 -9999 -9999 -9999 -9999 -9999 -9999
562.710758209229 679.691192626953 500.375564575195 494.971534729004 638.780826568604 621.404853820801 589.096940994263 574.296832084656 581.183475494385 578.931945800781 561.517732620239 779.003753662109 457.080678939819 600.746490478516 417.950717926025 470.778377532959 574.330291748047 462.120094299316 798.402252197266 650.260162353516 608.957527160645 458.097839355469 501.40020942688 581.626644134521 603.678161621094 381.186248779297 675.97917175293 512.873291015625 709.944622039795 649.959358215332 521.075820922852 712.991190910339 641.840366363525 523.777557373047 616.5947265625 628.801445007324 563.24361038208 -9999 -9999 -9999 -9999 -9999 -9999 -9999 -9999 -9999 -9999 -9999 -9999 -9999
771.968032836914 737.937377929688 638.019680023193 557.790924906731 614.362468719482 541.454948425293 519.969223022461 583.194224357605 651.069808959961 664.829166412354 687.487640380859 651.180511474609 658.207420349121 481.373191833496 486.722518920898 358.870885848999 439.382167816162 548.128944396973 574.908702850342 620.459121704102 503.494083404541 449.99739074707 511.514129638672 696.967193603516 429.178901672363 474.693183898926 337.352172851562 529.982849121094 604.675392150879 541.605361938477 711.985656738281 699.869783401489 585.320827484131 509.581634521484 543.946754455566 562.33247756958 560.895698547363 -9999 -9999 -9999 -9999 -9999 -9999 -9999 -9999 -9999 -9999 -9999 -9999 -9999
393.036104679108 631.132720947266 540.127754211426 683.572486877441 500.772548675537 607.207269906998 571.203666687012 668.325004577637 669.727886199951 649.664484024048 584.014602661133 662.626316070557 816.960256576538 378.731468200684 388.062889099121 587.554779052734 421.625907897949 595.011951446533 691.991287231445 659.769603729248 562.067830085754 633.970769882202 521.002300262451 476.816024780273 400.407562255859 504.537975311279 463.396354675293 592.812702178955 664.08166885376 646.856688499451 640.713577270508 577.789206981659 653.882568359375 486.350128173828 577.599586486816 407.966217041016 -9999 -9999 -9999 -9999 -9999 -9999 -9999 -9999 -9999 -9999 -9999 -9999 -9999 -9999
286.524116933346 459.677676677704 587.049222946167 650.979705810547 590.711227416992 590.512557983398 651.873340845108 647.778320908546 622.789798736572 634.861287117004 576.207450866699 602.180191040039 579.818832397461 595.023284912109 368.501182556152 490.827007293701 415.942695617676 503.871684074402 562.713854789734 575.690029144287 340.331207275391 484.046508789062 476.60652923584 705.1123046875 678.723365783691 607.829608917236 512.072940826416 554.862119674683 674.022064208984 751.002624511719 620.122436523438 669.874359130859 727.292419433594 558.059507369995 535.182083129883 -9999 -9999 -9999 -9999 -9999 -9999 -9999 -9999 -9999 -9999 -9999 -9999 -9999 -9999 -9999
258.301635742188 327.116298675537 527.6267786026 528.484741210938 449.54030418396 415.279830932617 575.048926353455 557.046859741211 750.072738647461 539.600189208984 378.833450317383 280.130073547363 464.053531646729 461.413330078125 476.651447296143 530.780992031097 574.399856567383 512.348620414734 654.048194885254 537.223961830139 319.414108276367 338.269546508789 358.813385009766 439.244430541992 591.990382194519 538.25902557373 540.051725387573 445.934503555298 498.976877212524 533.294830322266 592.675186157227 662.193740844727 664.183700561523 656.446880340576 -9999 -9999 -9999 -9999 -9999 -9999 -9999 -9999 -9999 -9999 -9999 -9999 -9999 -9999 -9999 -9999
707.161499023438 339.607383728027 310.947730064392 418.330383300781 443.794364929199 481.626037597656 492.479484558105 565.351039886475 479.343729019165 452.765483856201 310.93424987793 258.583587646484 465.56120300293 591.885391235352 384.014633178711 519.743524610996 745.895568847656 643.508972167969 641.46800994873 591.255199432373 453.559074401855 408.985824584961 373.521469116211 418.887542724609 498.178600311279 511.425091743469 469.017502784729 436.204170227051 448.727367401123 484.711564779282 646.060165405273 563.621854782104 559.526878356934 -9999 -9999 -9999 -9999 -9999 -9999 -9999 -9999 -9999 -9999 -9999 -9999 -9999 -9999 -9999 -9999 -9999
-9999 488.606010437012 920.338031768799 224.355514526367 116.897521972656 781.796003341675 489.350311279297 394.061084747314 480.285377502441 261.876121520996 332.924095153809 199.27864074707 309.449737548828 327.890396118164 336.877300262451 402.973972320557 446.649844169617 365.32471036911 358.261726379395 290.122253417969 225.536163330078 324.789756774902 367.528961181641 348.385116577148 357.072929382324 480.365099906921 546.966464996338 513.021785736084 352.407997131348 408.913101196289 653.848861694336 583.488590240479 -9999 -9999 -9999 -9999 -9999 -9999 -9999 -9999 -9999 -9999 -9999 -9999 -9999 -9999 -9999 -9999 -9999 -9999
-9999 -9999 -9999 -9999 698.675399780273 659.860702514648 615.026817321777 480.193626403809 887.097267150879 876.599952697754 525.361003875732 420.326065063477 500.695146560669 316.922607421875 402.730047225952 315.658615112305 504.971225738525 6.58998489379883 -72.1511383056641 392.580032348633 452.677780151367 596.08171081543 484.58854675293 586.114444732666 598.697364807129 589.865119934082 560.10608291626 618.171894073486 477.581840515137 567.595280647278 -9999 -9999 -9999 -9999 -9999 -9999 -9999 -9999 -9999 -9999 -9999 -9999 -9999 -9999 -9999 -9999 -9999 -9999 -9999 -9999
-9999 -9999 -9999 -9999 -9999 -9999 -9999 -9999 -9999 940.881986618042 666.468694210052 567.050113677979 633.360710144043 472.006721496582 339.084281921387 518.604511260986 430.832015991211 50.2543125152588 125.76248884201 586.277797698975 615.305570602417 705.969299316406 674.189117431641 602.192499160767 482.580520629883 586.418357849121 656.212391853333 646.688251495361 -9999 -9999 -9999 -9999 -9999 -9999 -9999 -9999 -9999 -9999 -9999 -9999 -9999 -9999 -9999 -9999 -9999 -9999 -9999 -9999 -9999 -9999
-9999 -9999 -9999 -9999 -9999 -9999 -9999 -9999 -9999 -9999 -9999 -9999 -9999 -9999 -9999 -9999 672.329998970032 786.598640441895 982.697235107422 880.502819061279 1038.4206237793 1002.66387557983 982.004760742188 981.480087280273 884.884216308594 -9999 -9999 -9999 -9999 -9999 -9999 -9999 -9999 -9999 -9999 -9999 -9999 -9999 -9999 -9999 -9999 -9999 -9999 -9999 -9999 -9999 -9999 -9999 -9999 -9999
-9999 -9999 -9999 -9999 -9999 -9999 -9999 -9999 -9999 -9999 -9999 -9999 -9999 -9999 -9999 -9999 -9999 -9999 -9999 -9999 -9999 -9999 -9999 -9999 -9999 -9999 -9999 -9999 -9999 -9999 -9999 -9999 -9999 -9999 -9999 -9999 -9999 -9999 -9999 -9999 -9999 -9999 -9999 -9999 -9999 -9999 -9999 -9999 -9999 -9999
