simdem/realisation47.asc
NCOLS 350 
NROWS 171 
XLLCORNER 152620 
YLLCORNER 418050 
CELLSIZE 100 
NODATA_value -9999 
[rows 22 to 43 of 171, columns 200 to 249 of 350]
811.229881286621 677.910477161407 753.805587768555 500.795013427734 521.028625488281 685.60933303833 677.377501964569 688.312261819839 710.050018310547 620.111095428467 554.857269287109 599.46174621582 548.618057250977 569.098876953125 701.330072402954 725.295303344727 761.076454162598 702.356956481934 768.629592895508 685.116027832031 648.153026580811 788.271682739258 799.201553344727 524.713272094727 520.297988891602 540.050186157227 757.223098754883 773.112655639648 809.42317199707 772.453418731689 614.581970214844 688.034952163696 649.716720581055 822.048515319824 727.263582229614 629.842910766602 836.294845581055 760.227192878723 845.287933349609 785.835364818573 771.109758377075 875.175582885742 916.864013671875 840.875324249268 865.931495666504 1402.74154281616 761.568071365356 810.647757053375 1050.95875549316 859.431401252747
665.780897140503 774.046699523926 780.894309997559 720.807788848877 702.78394317627 658.131371185184 635.685144424438 713.451831817627 684.441192626953 585.308319091797 660.418012619019 607.587249755859 631.272857666016 559.381240844727 681.435522079468 736.053161621094 788.134925842285 631.941818237305 621.634008407593 687.180400848389 729.018367767334 630.104110717773 692.670557022095 720.86950302124 585.773651123047 607.704360961914 721.486251831055 731.240154266357 897.030303955078 906.360549926758 802.142250061035 730.497355937958 683.562427520752 726.507253646851 799.418071746826 750.7742228508 814.99494934082 676.795707702637 761.761729240417 858.691833496094 758.400604248047 759.49404001236 876.132339477539 896.647705078125 898.138679504395 995.521789550781 963.267639160156 939.335559844971 908.043045043945 1440.2434463501
734.697509765625 730.228107452393 713.825145721436 697.824893951416 638.404083251953 845.276504516602 610.700855255127 708.838569641113 709.504707336426 701.456535339355 687.718610703945 606.724876403809 514.683975219727 660.413200378418 611.48010635376 509.033432006836 621.445999145508 725.682914733887 636.21320438385 742.238479614258 582.646362304688 678.071002483368 601.307235717773 677.096274852753 692.162571907043 749.764883995056 748.384132385254 977.20682144165 650.45080947876 683.08581161499 813.823776245117 745.212116241455 682.891384124756 697.478050231934 824.441818237305 937.443649291992 701.882202148438 774.407484769821 827.678192138672 823.129489898682 883.676223754883 895.768936157227 747.74499130249 754.970844268799 943.007919311523 809.776836395264 1005.09292602539 725.786636352539 941.605804443359 826.21183013916
656.957323551178 686.579558849335 687.301658630371 547.063385009766 571.050857543945 648.578308105469 684.394985198975 731.309936523438 706.646217346191 694.615032196045 679.18045425415 658.779823303223 678.118928909302 506.253684997559 483.028301239014 572.528060913086 837.497772216797 664.371919155121 632.756695747375 732.627983093262 670.412405490875 640.454013824463 646.737237930298 636.986404418945 764.524589538574 819.359069824219 862.308090209961 895.711044311523 662.737628936768 831.471565246582 711.808261871338 704.368025779724 472.979904174805 683.893825531006 636.699028015137 683.270763397217 723.14245223999 736.718185424805 781.657762527466 751.021619796753 773.316890716553 811.346267700195 686.267707824707 794.687033653259 977.981109619141 945.412445068359 1016.49868774414 903.817506790161 889.120098114014 859.056190490723
697.514659881592 614.276298522949 620.541001319885 416.730392456055 516.879959106445 601.931978225708 602.365615844727 536.396949768066 508.770462036133 483.340148925781 395.532867431641 425.598526000977 750.430480957031 769.844818115234 589.294479370117 587.209293365479 780.475982666016 569.996955037117 467.80436706543 440.09619140625 835.946350097656 697.441576004028 699.516345977783 644.41103553772 683.158113002777 744.838582992554 742.362592697144 700.954048156738 611.253273010254 746.196403503418 689.99220085144 674.336711883545 600.459312438965 563.032531738281 665.902969360352 755.414352416992 768.520481109619 822.272521972656 776.24967956543 768.285936355591 548.697448730469 758.742418289185 815.545486450195 844.223052978516 914.591705322266 962.517700195312 913.02099609375 1095.1721496582 817.409954071045 895.094326019287
663.243682861328 718.499305725098 450.56022644043 544.82816696167 618.565027236938 579.375042915344 627.659662246704 643.80527305603 500.33406829834 486.38794708252 493.515533447266 646.163728713989 614.674968719482 628.353408813477 657.331642150879 532.537508487701 750.442810058594 665.123527526855 658.33048248291 676.09009552002 761.454856872559 616.17883682251 711.083646774292 607.034126281738 561.745193481445 666.802360534668 803.273376464844 645.247173309326 685.644073486328 627.852806091309 738.076982498169 731.678602218628 670.859767913818 753.175441741943 836.897674560547 801.807472229004 749.114679336548 748.33066368103 834.978935241699 678.088424682617 746.561161994934 671.083953857422 860.481708526611 724.511436462402 838.264071464539 886.845085144043 844.473543167114 897.182697296143 788.242799758911 809.632205963135
541.855262756348 563.908853530884 491.09822845459 593.463763237 568.718023300171 594.428301334381 625.582369804382 649.738861083984 429.41926574707 539.277938842773 524.494384765625 586.218204498291 792.166221618652 580.191852092743 637.332286834717 609.034454345703 604.985540390015 741.621490478516 709.089233398438 688.709091186523 679.073456764221 692.613975524902 704.284641265869 464.121139526367 508.669891357422 667.551580667496 659.16090965271 682.869205951691 788.977149963379 809.273788452148 732.284114837646 646.719982147217 552.247909545898 598.314041137695 710.579957962036 597.672355651855 704.975137710571 795.556488037109 661.411945343018 774.456392288208 811.709106445312 860.428161621094 826.25269317627 810.342649459839 973.415420532227 796.89940905571 939.627510070801 953.941177368164 640.118255615234 815.359151363373
556.016965866089 551.963351249695 592.537214279175 514.675388336182 489.66877746582 632.563125610352 654.44739151001 614.333024024963 372.062759399414 332.575256347656 477.455589294434 617.566654205322 634.485890388489 542.517938137054 575.2506980896 449.686107635498 544.312385559082 565.2975025177 651.403839111328 726.422500610352 752.619010925293 749.82608795166 734.591148376465 536.026901245117 790.437980651855 618.246788024902 665.86882019043 624.06335067749 779.078079223633 621.320369720459 700.719155311584 786.956405639648 597.957305908203 659.113876342773 727.99719619751 684.315216064453 759.927066802979 753.503284454346 816.922508239746 944.400024414062 812.168163299561 798.6662940979 788.302791595459 767.656778335571 774.004476547241 845.422726631165 992.353622436523 942.828567504883 746.74877166748 755.135423660278
604.402478933334 367.765396118164 483.512046813965 608.611001968384 433.92041015625 566.744038581848 729.898681640625 601.035182952881 614.795751571655 756.276672363281 651.256404876709 631.284484863281 695.480434417725 524.218416213989 669.306884765625 414.583168029785 407.171913146973 561.806109428406 615.387523651123 670.530067443848 770.805465698242 594.630523681641 595.677715301514 701.000915527344 623.156597137451 689.978792190552 559.009750366211 666.12939953804 616.209167480469 644.342273712158 787.694381713867 649.655628204346 588.899955749512 724.249521255493 577.821815490723 759.022808074951 643.047271728516 641.973068237305 779.185813903809 864.103462219238 742.63627910614 700.536552429199 819.354223012924 686.424209594727 707.485916137695 742.126167297363 750.913171768188 805.974681854248 901.459815979004 880.137145996094
573.477783203125 628.28112411499 414.149253845215 553.558277130127 453.395950317383 469.360771179199 626.86531829834 580.684352993965 557.942825317383 610.492107391357 614.797691345215 587.942178726196 679.661994934082 649.324851989746 531.523471832275 477.748190879822 620.196548461914 537.541488647461 592.520401000977 583.185253143311 619.749639987946 785.858383178711 689.620384216309 816.805084228516 641.785183906555 549.246711730957 586.195930480957 703.051322937012 816.814880371094 748.718955993652 660.033488512039 614.928695678711 663.233019828796 722.513952255249 873.489196777344 563.230728149414 614.225784301758 746.566383361816 727.605018615723 896.514953613281 738.514183044434 913.67561340332 639.953926086426 626.54052734375 794.893497467041 833.281150817871 721.658271789551 794.552084445953 818.048892974854 803.773454666138
470.40559387207 519.281265258789 543.168321609497 499.341156005859 568.750944137573 598.362772941589 605.721723556519 577.446078538895 671.644157409668 586.614858150482 524.000144958496 678.510402679443 674.85865020752 616.817384719849 528.416229248047 594.803276062012 461.101173400879 556.660430908203 645.36939239502 605.403533935547 696.313217163086 740.955146789551 645.954920768738 736.893852233887 632.859596252441 643.155305862427 684.587068557739 752.409637451172 736.304656982422 739.699768066406 783.627143859863 672.538057327271 593.198352813721 706.909122467041 679.269170284271 691.488255500793 606.748161315918 658.556510925293 795.350929260254 785.509799957275 639.786743164062 831.704696655273 646.168426513672 551.41943359375 587.36376953125 684.054191589355 696.553764343262 704.704956054688 801.92993927002 814.756195068359
599.017616271973 526.626693725586 507.477447509766 524.772941589355 602.236640930176 615.878890991211 488.200012207031 557.820583343506 673.497909545898 636.842880249023 711.969184875488 621.190006256104 667.259826660156 690.457760810852 591.857379436493 568.667158126831 384.179260253906 619.020900726318 784.398803710938 585.966541290283 551.514709472656 631.537292957306 651.590040504932 566.833549499512 591.108009338379 639.359501838684 563.390975952148 623.44588470459 663.36163520813 712.450141906738 698.809055328369 747.739532470703 740.947360992432 763.891151428223 680.726619720459 638.917331695557 630.511150360107 742.348966598511 774.960708618164 829.031700134277 903.860229492188 859.572906494141 720.517673492432 623.747161865234 725.433422088623 783.281887173653 765.681102752686 706.12328338623 776.185593128204 921.517807006836
391.857894897461 572.094606399536 605.65739440918 538.29182434082 571.109006524086 617.869239807129 705.024429321289 757.65584564209 660.736503601074 693.122001647949 665.223205566406 702.625778198242 726.665637969971 648.807518005371 527.389091491699 534.597930908203 330.75309753418 735.249488830566 667.657489776611 581.142272949219 677.844425201416 686.205242156982 563.23454284668 545.324913024902 627.619643211365 465.6796875 503.04719543457 554.988311767578 600.287685394287 556.458847045898 563.504180908203 710.110122680664 731.841346740723 578.03231048584 713.116775512695 767.614479064941 839.785751342773 828.617393493652 929.612243652344 803.991806030273 790.860885620117 884.740707397461 840.837097167969 686.568138122559 746.161580085754 825.254337310791 763.950305938721 793.91361618042 750.710495948792 827.631477355957
631.770896911621 647.399620056152 429.245513916016 587.61008644104 589.711263656616 680.753463745117 693.641510009766 606.726264953613 728.875885009766 728.321319580078 711.57541847229 675.736808776855 722.466554641724 592.513107299805 548.462287902832 399.032272338867 507.880126953125 671.666061401367 635.449455976486 566.51681137085 732.757385253906 686.969766616821 461.238265991211 576.61349105835 730.793266296387 628.146333694458 538.074150085449 595.953720092773 718.013401031494 614.64049911499 768.594551086426 598.498626708984 649.424080848694 632.024694442749 712.662220001221 752.355339050293 807.958160400391 655.724807739258 896.431976318359 801.833793640137 757.569751739502 740.39134979248 706.660221099854 759.741565704346 746.858360290527 905.672103881836 832.570037841797 642.101951599121 826.861469268799 799.645328521729
507.707189559937 594.290573120117 530.463161468506 480.22762298584 502.588386535645 583.956531047821 548.791515350342 622.331600189209 624.249647140503 559.411956787109 573.367202758789 1247.33862876892 424.906036376953 526.217399597168 576.899856567383 526.193099975586 463.473541259766 584.045179367065 716.174629211426 676.981544494629 746.205993652344 492.238143920898 583.904563903809 664.542259216309 795.831253051758 755.184661865234 566.322723388672 603.266189575195 671.666313171387 753.995330810547 746.562065124512 590.803916931152 612.434719085693 699.667598724365 694.515851974487 691.7336769104 713.755472183228 747.7164478302 819.702796936035 723.548637866974 742.845029830933 788.984699249268 708.912494659424 770.965534210205 831.646827697754 707.980178833008 675.929492950439 710.125751495361 909.809097290039 734.091440200806
437.650184631348 500.198402404785 657.757266998291 742.054306030273 565.402174949646 552.500534057617 640.95436668396 709.185317993164 556.217960357666 640.133205413818 825.224273681641 1191.01034545898 653.811874389648 625.640823364258 535.753234863281 483.414993286133 561.067089080811 654.285061359406 660.550148010254 628.445573806763 574.275169372559 642.722418785095 644.984657287598 661.507587432861 681.577877044678 615.189979553223 673.838935852051 685.948616027832 744.770965576172 706.755527496338 829.234405517578 624.581359863281 803.457122802734 711.002326965332 784.365089416504 671.460613250732 769.827598571777 638.368007659912 788.891105651855 680.867641448975 748.777829170227 792.318988800049 678.906921386719 682.979732513428 924.742813110352 656.061080932617 723.596855163574 680.444976806641 732.657628774643 748.602743148804
587.662635803223 496.360221862793 496.990829467773 599.04990196228 607.037204742432 678.655418395996 682.148071289062 621.354434967041 431.586303710938 700.874168395996 701.545234680176 541.782836914062 392.913146972656 491.558074951172 547.112213134766 618.064632415771 602.709748268127 619.679996490479 658.481670379639 608.514327049255 360.522491455078 618.486476898193 753.262924194336 604.831521987915 584.378665924072 665.697868347168 661.804746627808 671.456298828125 516.349792480469 699.169857025146 686.701137542725 682.966436386108 762.397911071777 662.639291286469 695.963607788086 710.539825439453 593.722579956055 618.050849914551 521.801330566406 673.94425201416 743.609760284424 797.795547485352 937.097366333008 674.183372497559 685.98549079895 754.358348846436 699.195774078369 669.918029785156 843.04842376709 876.248123168945
554.967376708984 503.770324707031 627.694328308105 629.250854492188 767.681564331055 571.394689559937 498.242336273193 409.733306884766 553.654552459717 663.014640808105 631.275993347168 597.133514881134 471.294143676758 542.054218292236 520.86962890625 569.137077331543 617.777893066406 558.265613555908 512.232299804688 634.311484336853 636.401150226593 609.91527557373 616.633342266083 643.751762390137 616.941930294037 820.199928283691 690.472915649414 675.588916778564 538.322860717773 621.542196273804 737.124061584473 823.360687255859 659.022389411926 750.489227294922 819.150833129883 671.954490661621 636.933305740356 663.857290267944 689.729653358459 673.645450592041 601.243347167969 710.680404663086 806.030570983887 671.001197814941 744.545265197754 789.518272399902 666.033843994141 626.660018920898 621.985458374023 718.780342578888
606.590667724609 552.944985389709 486.119491577148 563.766523838043 680.471702575684 588.009406089783 542.082714080811 473.726707458496 427.981414794922 600.875453948975 561.058868408203 511.368309020996 559.224384307861 441.511703491211 535.01863861084 546.198127746582 661.533508300781 517.825759887695 575.966655731201 599.937414169312 602.566094398499 744.305679321289 618.873653411865 582.731044769287 617.337924957275 579.157451629639 624.65118265152 658.921569824219 699.90714263916 728.004669189453 771.174095153809 723.432113647461 501.878936767578 524.297012329102 704.551158905029 789.339294433594 682.363056182861 716.154304504395 675.733364105225 769.47322845459 747.552833557129 620.773773193359 688.37121963501 661.62483215332 796.15531539917 878.658203125 740.453536987305 678.564546585083 639.399467468262 554.129959106445
652.477424621582 615.827926635742 486.910530090332 624.819931030273 629.661911010742 668.084083557129 526.594051361084 532.489124298096 580.681280136108 565.821174621582 689.435958862305 630.70779800415 543.96683883667 529.332752227783 534.367835998535 728.963302612305 551.293338775635 527.956474304199 584.053411483765 520.822494506836 674.91397857666 548.70133972168 577.037696838379 608.258703231812 674.041091918945 590.439573287964 554.59635925293 766.240447998047 679.090888977051 658.701950073242 627.785346984863 634.784404754639 592.71919631958 654.471433758736 710.988471984863 700.118370056152 666.468865156174 668.963575363159 672.304621219635 750.970848083496 771.88444519043 780.299354553223 795.65697479248 714.87055015564 615.290786743164 693.827850922942 808.839599609375 700.261390209198 752.192764282227 671.193363189697
615.109600067139 580.790957450867 622.569328308105 635.932632446289 592.849081039429 407.027389526367 635.68957901001 532.257446289062 503.510520935059 645.229354858398 550.507839202881 530.616292953491 450.644355773926 578.37996673584 340.610977172852 584.434787750244 617.897716522217 669.686088562012 625.530372619629 448.692169189453 462.915512084961 476.155723571777 584.117797851562 535.102890014648 524.694068908691 574.91626739502 625.988398551941 607.89963722229 665.556861877441 644.445073127747 743.933917999268 593.772891998291 583.085945129395 724.639038085938 586.929672241211 738.270301818848 651.995223283768 664.941339015961 656.364295959473 623.943019866943 843.475479125977 729.971572875977 685.223730564117 588.405792236328 652.919593811035 716.45809173584 741.597457885742 630.049819946289 661.746341705322 629.188812255859
554.305661678314 534.992347717285 712.818450927734 655.876899719238 373.117446899414 454.743141174316 566.753734588623 583.563053131104 704.884078979492 669.74732208252 635.014660920948 558.220417022705 531.813465118408 626.246564865112 630.655323028564 640.947563171387 686.554069519043 638.940576553345 468.94157409668 404.916564941406 466.478370666504 526.389793395996 600.325832843781 592.178646087646 665.94450378418 567.924312591553 627.874147713184 671.060169219971 666.596899032593 618.307899475098 594.527465820312 579.529266357422 608.97346496582 626.734199523926 605.446636199951 766.629730224609 622.015411376953 609.006500244141 668.102047204971 606.941635131836 605.325294494629 849.603546142578 674.738588809967 730.860187530518 716.633794784546 574.34162902832 576.657211303711 705.234645843506 622.216186523438 542.181457519531
