simdem/realisation64.asc
NCOLS 350 
NROWS 171 
XLLCORNER 152620 
YLLCORNER 418050 
CELLSIZE 100 
NODATA_value -9999 
[rows 44 to 65 of 171, columns 50 to 99 of 350]
784.051937103271 768.671785354614 866.369583129883 829.274303436279 600.776779174805 501.278755187988 608.87536239624 679.10530090332 539.834396362305 589.694923400879 838.397605895996 490.146322250366 418.103309631348 456.109790802002 479.306027412415 540.536346435547 541.69017791748 508.769683837891 236.037139892578 377.728576660156 499.623741149902 540.613494873047 477.17525100708 407.61612701416 333.808952331543 401.05358505249 476.730247497559 454.899082183838 375.05411529541 472.007720947266 518.437889099121 518.056060791016 433.898862838745 330.101531982422 333.499977111816 474.632331848145 473.451290130615 472.842906951904 494.760894775391 359.406074523926 349.635353088379 527.952154159546 395.495834350586 428.655304908752 449.953311920166 394.522367477417 401.624221801758 378.042549133301 365.517398834229 396.080795288086
631.87971496582 575.992866516113 692.390827178955 786.620443344116 596.453025817871 561.220470428467 704.172073364258 464.829109191895 492.047258377075 692.527636051178 500.649786353111 583.964942932129 508.036659240723 553.965515136719 545.896797180176 362.278625488281 578.404006958008 457.257076263428 463.761215209961 501.250816345215 512.279747009277 573.634902954102 519.871780395508 414.85115814209 482.669330596924 442.706932067871 562.573135375977 577.867568969727 348.061210632324 364.460838317871 559.031494140625 553.66178894043 417.596128463745 291.334686279297 497.882301330566 414.439609527588 477.381694793701 495.075630187988 336.561553955078 344.345230102539 273.991851806641 366.444320678711 489.755973815918 253.867752075195 294.826095581055 379.136932373047 374.125827789307 458.907562255859 300.655769348145 256.294891357422
499.465377807617 415.467346191406 605.696598052979 490.919452667236 344.141067504883 599.150848388672 638.666564941406 341.167533874512 717.755168914795 438.422241210938 467.471000671387 566.411525726318 538.526607513428 462.441913604736 418.445526123047 384.39867401123 406.45502281189 483.863594055176 358.647830963135 460.436164855957 387.09749341011 485.802436828613 366.999576568604 464.445201873779 572.589935302734 500.415687561035 431.71200466156 520.343078613281 492.216869354248 352.28267288208 323.93824005127 535.726150512695 463.050090789795 581.447631835938 382.158393859863 413.737350463867 451.288117408752 324.017929077148 244.112640380859 304.705268859863 251.437896728516 439.412006378174 257.328125 216.183578491211 158.597198486328 257.717102050781 323.66682434082 379.613658905029 335.025283813477 310.098266601562
514.631210327148 504.131287574768 473.074605941772 411.035884857178 446.369506835938 529.540378570557 1150.76914215088 728.38370513916 629.477485656738 547.403373718262 574.037860870361 508.223499298096 490.445916652679 526.931434631348 633.313495635986 475.793460845947 518.844863891602 474.789863586426 322.398796081543 384.360868453979 460.952598571777 579.018218994141 513.667739868164 439.328262329102 447.82133102417 482.875595092773 460.904701113701 452.456134796143 416.560022354126 330.061050415039 287.130981445312 356.002113342285 471.870946884155 433.680008888245 441.929055213928 455.283720016479 369.521057128906 467.139747619629 433.824392318726 338.858535766602 177.832916259766 390.351505279541 404.40771484375 304.343124389648 307.552734375 497.56534576416 423.755418777466 443.674562454224 278.156402587891 307.618774414062
479.147839546204 518.533292770386 405.611621856689 538.727514266968 523.57052230835 520.18140411377 424.181526184082 529.915721893311 593.246299743652 505.639481782913 405.653656005859 511.682231426239 424.852279663086 556.912750244141 575.463661193848 561.706253051758 601.250930786133 483.146099090576 364.571220397949 439.718818664551 398.5309715271 330.259468078613 404.425158023834 495.100135803223 489.784309387207 524.431915283203 388.746992111206 427.704057455063 379.966812133789 396.261554718018 354.991889953613 485.273139953613 444.658847808838 301.62361907959 368.38842010498 391.083271026611 236.395751953125 560.13981628418 410.362515449524 276.736755371094 444.365762710571 367.374366760254 358.622352600098 320.09455871582 265.595367431641 424.21768951416 492.77465057373 450.493562221527 530.751846313477 365.261001586914
689.700881958008 359.20832824707 475.552306890488 407.993698120117 603.201797485352 421.905906677246 447.887809753418 433.60506439209 488.342141151428 453.698783874512 521.559288024902 605.099014282227 543.313777923584 537.834018707275 466.668211460114 623.580581665039 539.253486633301 530.687484741211 592.673553466797 395.307475090027 448.827728271484 437.297966003418 421.261824607849 487.691833496094 493.56946182251 432.967397689819 446.117622375488 513.332077026367 469.093528747559 414.436832427979 451.536112785339 427.494278907776 465.219116210938 351.731567382812 456.286195755005 198.094818115234 358.650253295898 533.908142089844 455.869596481323 485.944480895996 436.920838356018 367.500911712646 330.605758666992 473.864112854004 303.784103393555 353.695678710938 428.711897850037 378.012588500977 465.934955596924 480.934173583984
467.349159240723 510.205459594727 484.242620706558 979.871391296387 499.318935394287 488.965240478516 385.210403442383 481.12771987915 519.749706268311 390.478782653809 493.025165557861 501.767757415771 462.969741821289 520.363185882568 502.050598144531 474.077777862549 498.099708557129 391.822385787964 465.725708007812 533.01522064209 505.444564819336 413.531845092773 411.768978118896 462.615345001221 411.023012638092 504.897548675537 401.176014900208 496.102958679199 510.238388061523 466.089946746826 365.304607391357 342.437530517578 393.709289550781 404.337669372559 392.202117919922 273.42073059082 511.455924987793 555.183349609375 526.755821228027 507.996276855469 352.883777618408 298.832244873047 297.518852233887 449.730430603027 400.241302490234 326.277893066406 347.775398254395 474.241031646729 511.246757507324 594.985549926758
788.330146789551 492.198934555054 512.446483612061 632.847068786621 543.83301025629 644.393775939941 430.192100524902 361.570434570312 519.552768707275 361.567024230957 613.085540771484 519.571784973145 627.000579833984 439.420917510986 449.010171890259 447.113863945007 463.70592880249 434.861887931824 433.04710149765 589.923141479492 500.331451416016 370.469623565674 413.540424346924 404.289200782776 451.049695968628 488.69091796875 435.938899040222 489.567253112793 470.338844299316 503.531707763672 454.055839538574 280.32251739502 363.471764087677 411.007668495178 434.404176712036 508.96070098877 522.925773620605 514.008934020996 553.230087280273 387.596546173096 522.558258056641 494.777090072632 351.859741210938 514.357002258301 421.14560508728 298.537940979004 411.823521614075 400.848061561584 363.91329574585 442.974376678467
656.713270187378 478.306121826172 1158.67477416992 556.984374046326 572.535606384277 568.705913543701 583.031051635742 543.265884399414 431.961624145508 456.024554491043 352.828826904297 417.986214637756 497.176416397095 384.291780471802 361.793437957764 382.128917694092 550.473251342773 492.122764587402 527.957443237305 426.900218963623 459.902290344238 359.037628173828 402.439657211304 445.851123809814 462.936172485352 386.070499420166 510.119895935059 338.809593200684 359.495674133301 469.940464019775 460.971328735352 478.437698364258 443.205276489258 313.637634277344 384.331363677979 431.759763717651 388.987742424011 587.406616210938 566.774841308594 503.802627563477 335.695495605469 322.536003112793 479.888118743896 509.905487060547 679.168563842773 339.279624938965 408.025275230408 408.766936302185 421.558756828308 404.525372028351
596.074481964111 548.86224937439 589.72582244873 768.140930175781 508.383686065674 605.833061218262 630.335845947266 416.4407081604 391.785438537598 395.428573608398 433.99542427063 423.802912473679 398.588389873505 548.748603820801 386.831035614014 391.496156692505 439.498655319214 390.038715362549 528.571411132812 397.156108856201 404.49306678772 409.451064229012 449.922422409058 247.823486328125 464.078342437744 553.44709777832 468.209896087646 439.067531585693 520.209030151367 313.273880004883 334.828689575195 364.572380065918 411.4089615345 306.66967010498 508.785831451416 504.186515808105 452.885665893555 431.339832305908 475.563316345215 449.431613922119 432.0803565979 381.048520088196 412.26805472374 476.721454620361 464.35033416748 371.292339324951 320.366966247559 277.442230224609 212.398864746094 336.235740661621
692.140693664551 552.898490905762 657.191429138184 830.652786254883 644.743560791016 613.923583984375 491.227301716805 347.771171569824 438.817468643188 455.77917098999 257.821533203125 454.621181488037 250.961242675781 355.813423156738 342.126670837402 504.989616394043 361.081802368164 514.524749755859 390.488803863525 569.043365478516 367.160846710205 519.019187927246 495.035545349121 764.44172668457 704.319839477539 437.019506454468 387.031283378601 313.107948303223 433.266792297363 475.318367004395 485.170600891113 439.801361083984 413.305419921875 348.587291717529 404.961114883423 408.36110496521 501.448684692383 372.611019134521 341.762145996094 546.266723632812 610.546127319336 570.301147460938 467.932865142822 383.912477493286 400.998986959457 384.559364318848 326.257637023926 295.298271179199 422.529230594635 357.481590270996
734.504653930664 1257.77255249023 719.413635253906 710.637031555176 657.761665344238 538.222309112549 392.828392028809 350.240844726562 419.607833862305 367.031059265137 390.886608123779 285.403274536133 365.581764221191 375.966899871826 314.971389770508 410.998637199402 378.492107391357 371.838375091553 396.318851470947 502.771697998047 425.494507312775 421.699499130249 476.26441192627 435.125397562981 430.098171234131 387.835363388062 344.617118835449 318.843166351318 440.30477142334 580.045959472656 336.76993560791 367.368831634521 430.020267486572 189.7021484375 202.118316650391 424.602828085423 325.251571655273 426.887474060059 441.225017547607 541.610885620117 549.856704711914 347.761749267578 422.477787017822 410.843688964844 451.387649536133 479.918632507324 456.66791343689 382.392402648926 488.123165130615 291.910079956055
460.329546928406 784.163223266602 610.207080841064 748.97492980957 511.875463485718 645.112731933594 412.856491088867 529.200813293457 530.246208190918 373.93480682373 250.609893798828 330.983764648438 341.024036407471 360.902130126953 514.630485534668 246.899856567383 384.481632232666 416.19522190094 443.343719482422 499.019874572754 362.731422424316 294.255828857422 402.9541015625 416.513011932373 282.066612243652 431.391304016113 459.431716918945 244.630447387695 333.994813919067 345.483074188232 349.693859100342 377.221404075623 304.725072860718 290.399089813232 404.897521018982 374.962202072144 347.582374572754 319.75838470459 395.648783683777 406.345281124115 499.445114135742 438.174448013306 533.255630493164 399.007785797119 421.737200737 501.173210144043 504.247413635254 246.847427368164 303.186264038086 289.640335083008
655.499115943909 571.275398254395 521.257076263428 501.923746109009 549.15128326416 557.894234657288 508.464336395264 485.750495910645 406.111785888672 392.292644500732 311.305877685547 326.076431274414 417.417356491089 416.844805240631 343.28345489502 436.302461624146 453.353958129883 327.304321289062 341.246017456055 485.836029052734 332.700302124023 349.820693969727 331.952987670898 235.573348999023 299.551975250244 280.072700500488 326.837209701538 286.868953704834 240.25072479248 138.846984863281 304.370830535889 278.316040039062 354.529811859131 399.605877876282 479.966697692871 423.287788391113 411.530158996582 372.556979179382 454.780414581299 432.910713195801 447.4407081604 493.142700195312 487.979515075684 292.208312988281 271.054229736328 406.017444610596 582.823059082031 384.397602081299 362.386791229248 377.114978790283
406.269187927246 582.294633865356 641.152332305908 653.433059692383 655.263084411621 534.95223236084 463.722120285034 348.986351013184 292.577499389648 451.576393127441 392.82169342041 396.342106580734 396.481901168823 361.247526168823 294.450302124023 403.901958703995 455.80322265625 436.227499008179 464.388542175293 435.617576599121 231.51326751709 382.516704559326 352.429540634155 264.905029296875 261.719482421875 156.565444946289 390.725605010986 342.01912689209 390.129995346069 313.979263305664 189.282608032227 313.420227050781 410.341915130615 411.636016845703 428.278926849365 507.07202911377 483.612747192383 463.000865936279 463.622184753418 360.011329650879 373.066528320312 428.339900970459 337.165908813477 418.931043148041 345.527816772461 449.465045928955 358.541595458984 440.361110687256 420.278888702393 463.123937606812
400.152496337891 511.047859191895 607.477510452271 538.436687469482 666.86051940918 700.332595825195 503.365314483643 532.045303344727 440.816044807434 399.784620285034 488.599853515625 415.634609222412 333.922576904297 301.71658706665 253.948059082031 406.16908121109 462.932909011841 522.652893066406 528.51643371582 494.578643798828 393.344329833984 372.626068115234 569.902374267578 334.897817611694 266.452812194824 202.942474365234 309.857963562012 324.179534912109 308.644546508789 305.369972229004 248.248466491699 246.111717224121 410.078056335449 253.548721313477 294.728393554688 341.777885437012 365.440032958984 412.190742492676 478.807121276855 373.998878479004 295.705596923828 314.056282043457 266.851806640625 320.585464477539 246.193222045898 303.425338745117 343.709335327148 344.999382019043 247.983963012695 435.699449539185
324.47038269043 483.407020568848 480.221435546875 449.222702026367 637.21236038208 601.219390869141 501.529846191406 519.643459320068 532.121475219727 617.819915771484 531.472030639648 352.075092315674 329.906661987305 209.55696105957 239.541976928711 297.453628540039 366.509643554688 450.388595581055 450.645925521851 453.802667617798 346.958742856979 370.356719970703 355.528091430664 361.796694755554 332.958679199219 201.071197509766 228.414009094238 299.733085632324 267.980072021484 321.764060974121 211.412124633789 317.80052947998 303.379241943359 347.039556503296 200.983108520508 356.246057510376 375.492860794067 431.096099853516 469.547107696533 503.370399475098 462.18000793457 290.193481445312 203.888854980469 403.880067825317 408.036827087402 433.976733446121 296.199913024902 405.484172821045 495.564586639404 562.970756530762
520.527847290039 436.802101135254 500.963676452637 690.821495056152 693.910388946533 705.874664306641 522.023994445801 547.657573699951 568.875282287598 496.39330291748 515.097679138184 418.451658248901 453.011306762695 311.904930114746 359.589618682861 484.303922653198 500.881141662598 518.282913208008 491.429916381836 482.965873718262 392.759069442749 539.223495483398 457.013069152832 409.219226837158 173.593215942383 245.081809997559 206.953201293945 85.5224304199219 227.854156494141 212.804809570312 327.3430519104 318.58145904541 268.340606689453 339.650131225586 449.683364868164 412.535705566406 355.362499237061 426.417442798615 361.44554901123 481.022689819336 436.827606201172 533.608695983887 365.862552642822 552.784553527832 454.764057159424 371.240715026855 396.360633850098 543.089721679688 588.308433532715 452.13895124197
704.60572052002 604.27766418457 609.997241973877 718.60213470459 671.074317932129 588.93896484375 577.0563621521 540.063877105713 371.557571411133 303.757873535156 392.882095336914 351.324459075928 488.677574157715 381.801252365112 286.53214263916 463.518142700195 587.627883911133 450.071327209473 480.014640808105 444.978500366211 424.242637634277 312.377967834473 474.151786804199 399.254102706909 329.440372467041 340.973907470703 270.768783569336 160.194366455078 188.173965454102 325.109924316406 216.653274536133 406.488972663879 477.727699279785 391.087879180908 503.096466064453 392.556232452393 306.818687438965 439.244537353516 445.110548973083 500.086326599121 519.00269317627 343.731178283691 410.710468769073 373.457012176514 345.444290161133 387.739109039307 400.821960449219 548.33080291748 493.353041648865 501.230152130127
541.319118499756 598.11727142334 533.310180664062 674.667060852051 522.404277801514 468.7852435112 378.949905395508 368.953239440918 572.156616210938 338.618335723877 570.879791259766 444.744230270386 318.15425491333 353.637669086456 385.273181915283 418.420742034912 476.138809204102 351.141410827637 301.294952392578 476.069320678711 308.762397766113 377.422869443893 369.49854850769 333.924949645996 277.264465332031 354.796146392822 254.026679992676 308.671100616455 255.30818939209 339.158851623535 252.072189331055 406.103100776672 420.844306945801 392.975522994995 424.468185424805 387.950115203857 271.142730712891 411.008825302124 439.321990966797 399.642032623291 474.475755691528 349.851486206055 503.550277709961 319.355865478516 406.350564956665 389.626579284668 352.918785095215 435.029486656189 459.855911254883 460.641945838928
384.267318725586 372.671737670898 431.923629760742 473.403671264648 380.837554931641 410.743370056152 379.584182739258 474.931343078613 468.286743164062 412.799019813538 483.683570861816 438.172006607056 409.910139083862 305.978897094727 304.164855957031 401.059387207031 351.867079734802 298.979606628418 351.430560112 323.750604629517 171.945297241211 234.620101928711 409.655818939209 326.734867095947 403.357332229614 326.408706665039 332.582302093506 403.151222229004 350.831447601318 236.023483276367 325.836814880371 475.641990661621 456.925857543945 407.870529174805 441.848556518555 437.631912231445 284.243003845215 359.897075653076 465.515483856201 413.6430311203 320.30436706543 311.280067443848 595.183609008789 458.315176963806 464.392606735229 515.089431762695 284.462799072266 412.430429458618 486.100505828857 460.955242872238
489.972351074219 383.269104003906 411.329750061035 503.723148345947 509.949901580811 563.341049194336 466.878192901611 519.288391113281 419.219682693481 354.378971099854 493.258575439453 451.74227142334 361.510354995728 255.753112792969 439.198776245117 478.564811706543 391.080961227417 190.422134399414 279.658851623535 365.69940662384 320.001319885254 249.11686706543 351.137531280518 278.221416473389 278.97297668457 414.33204460144 324.396614074707 309.799392700195 286.712829589844 336.455284118652 246.621963500977 337.477890014648 360.653007507324 448.08193397522 421.598676681519 378.453483581543 486.814018249512 443.65348815918 448.481456756592 506.339191436768 471.62850189209 395.158679962158 402.398983001709 422.895769119263 550.146873474121 427.630841255188 303.947372436523 419.217063903809 354.516128540039 393.561412811279
