simdem/realisation17.asc
NCOLS 350 
NROWS 171 
XLLCORNER 152620 
YLLCORNER 418050 
CELLSIZE 100 
NODATA_value -9999 
[rows 110 to 131 of 171, columns 250 to 299 of 350]
935.70832824707 730.15612411499 744.932319641113 689.404483795166 1090.90174865723 866.331283569336 841.814254760742 1135.63745117188 743.015563964844 734.352340698242 740.84041595459 939.096202373505 1208.88919830322 1109.49788284302 1157.45980834961 877.918557167053 1068.70594406128 1199.58504867554 876.413032531738 989.043045043945 831.601024627686 1009.97304534912 1086.03159713745 975.830154418945 1162.4086151123 1088.88343811035 921.833801269531 938.265090942383 972.446449279785 932.750007629395 828.033773422241 858.66287612915 866.179218292236 802.596478462219 868.866218566895 826.673107147217 865.440784454346 840.762603759766 816.885322570801 791.238218307495 698.853666305542 631.330810546875 673.179672241211 702.269096374512 666.884887695312 835.453765869141 850.712089538574 716.076183319092 962.023849487305 771.576805114746
1032.74382781982 779.500305175781 658.060707092285 799.065803527832 687.762489318848 861.124046325684 850.476100921631 1353.64166641235 542.505401611328 724.008548736572 751.375610351562 842.026828765869 1074.09169006348 887.696773529053 996.112655639648 1009.18322753906 828.781772613525 836.668365478516 982.95336151123 984.13939666748 1307.12245178223 1044.74312973022 1023.06119132042 830.093597412109 1038.30559158325 1587.88265991211 1074.76176452637 892.489501953125 944.65548324585 975.64860534668 1011.93891906738 951.025802612305 904.754299163818 749.429080963135 952.61323928833 850.033107757568 1070.51447582245 837.603130340576 800.515045166016 972.884063720703 756.566802978516 729.377994537354 737.048500061035 745.008520126343 808.066009521484 716.307382583618 915.475379943848 749.318466186523 763.903564453125 751.073341369629
1003.30960083008 1096.86812591553 1063.45873260498 880.372978210449 1124.482006073 852.464225769043 831.99920463562 979.294605255127 966.352111816406 887.262763977051 640.772087097168 773.480171203613 1052.21115112305 1044.37086963654 1330.61121749878 1046.24564361572 774.590438842773 821.474510192871 790.003997802734 899.902755260468 774.650230407715 856.648092746735 1142.82916259766 1158.51402282715 1094.38583135605 1021.78043794632 960.062065124512 1090.99031829834 946.498907089233 990.933120727539 907.982177734375 939.706176757812 994.307678222656 933.034545898438 839.719139099121 967.573480606079 1147.27757263184 870.382301330566 782.570106506348 877.478904724121 759.43872833252 782.164413452148 794.326175689697 849.099613189697 923.744842529297 764.596309661865 695.078113555908 801.497734069824 575.629776000977 787.049690246582
728.699710607529 1011.03917694092 677.602386474609 851.148975372314 802.221252441406 1106.45123291016 638.098480224609 678.569282531738 718.359985351562 783.796116828918 726.406764984131 655.250171661377 606.132476806641 700.480041503906 859.140079498291 878.806419372559 759.004375457764 799.762969970703 906.449584960938 823.843528747559 744.950782775879 856.610408782959 812.646003723145 845.896609224379 950.877571105957 1131.45278930664 1019.05834889412 943.763311386108 1397.79243087769 1317.85822200775 806.593841552734 949.5973777771 989.065650939941 889.90550994873 775.041999816895 981.213165283203 1127.27760314941 730.239700317383 726.686050415039 691.454902648926 704.880920410156 616.589286446571 698.525226593018 920.609146118164 714.851303100586 761.984878540039 714.932487487793 842.078662872314 769.024284362793 977.638458251953
821.436416625977 1282.6925201416 1252.66236877441 674.376861572266 614.85514831543 618.586639404297 1846.20899963379 668.4326171875 1275.08174133301 1121.41955566406 821.536979675293 720.092071533203 677.147483825684 692.281377792358 635.784286499023 914.113983154297 846.702602386475 692.346248626709 772.148500442505 814.119506835938 780.471910953522 843.300155639648 885.951560974121 834.477500915527 867.116279602051 862.547458648682 859.113563537598 983.53396987915 1355.39308166504 1241.67499542236 883.621398925781 915.749458312988 867.078285217285 766.372653961182 626.650051116943 592.530776977539 825.829238891602 924.46794128418 891.212203979492 830.48112487793 705.791944503784 634.403030395508 686.357414245605 677.003593444824 745.24479675293 810.482276916504 619.921484947205 797.935704231262 714.115676879883 900.327758789062
556.088104248047 917.74870300293 954.660224914551 724.407932281494 785.936595916748 1147.17093658447 562.620849609375 728.375747680664 783.714309692383 867.386116027832 722.097114562988 702.755920410156 734.464233398438 649.561346054077 807.248397827148 712.827213287354 715.457874298096 705.998970031738 654.552848815918 668.006427764893 723.441711425781 899.003042221069 1016.6761932373 933.763130187988 563.321151733398 789.412220001221 834.602097988129 918.761932373047 1168.76019668579 1750.36950683594 1136.44855880737 960.505348205566 775.405042171478 709.036743164062 700.686449050903 741.737537384033 714.034307956696 785.162940979004 990.500335693359 759.056537628174 763.885021209717 814.782218933105 693.838066101074 719.9919090271 847.809524536133 936.192245483398 761.775434494019 644.890106201172 638.932777404785 663.302635192871
787.984848022461 1325.55774688721 751.296310424805 892.838455200195 1333.29762268066 624.511947631836 679.67667388916 1174.47430419922 741.645076274872 974.080383300781 978.166259765625 626.974517822266 469.11051940918 644.761356830597 666.64376449585 652.421363830566 594.457244873047 631.32593536377 725.000580787659 699.157119750977 754.129947662354 750.189213395119 837.660000324249 846.833962917328 762.547031402588 775.47603559494 987.878944396973 989.319305419922 961.495655059814 913.711883544922 1065.74627685547 807.335624694824 782.601898193359 637.331336975098 755.310038566589 1191.85559868813 1319.44330978394 1821.60374450684 1816.67639160156 1087.88418579102 907.905319213867 906.470344543457 825.31372833252 740.244491577148 858.381462097168 812.467163085938 913.277954101562 815.561584472656 656.326824188232 744.952239990234
697.312707901001 1137.10643386841 775.310075759888 720.916687011719 912.269317626953 645.560302734375 882.162811279297 569.215637207031 726.978103637695 938.988883972168 724.609558105469 608.56755065918 608.544982910156 539.024887084961 466.180404663086 485.709289550781 705.433197021484 700.300075531006 693.54634475708 594.323791503906 594.023834228516 651.782287597656 915.814300537109 899.251998901367 814.150703430176 984.242485046387 1004.1700668335 1024.10396575928 866.864433288574 577.356658935547 593.365707397461 860.764572143555 798.92943572998 909.368671417236 1116.11316680908 942.036148071289 1138.02984619141 1311.00317382812 1583.58364868164 2204.36413574219 1277.28140258789 1125.2986907959 940.708999633789 791.705348968506 801.989242553711 804.732192993164 889.190902709961 734.51050567627 812.295669555664 896.510223388672
642.153686523438 901.585445404053 652.495315551758 821.727373123169 1006.45993804932 545.987396240234 1009.11709594727 609.102111816406 768.809356689453 654.08878326416 711.188766479492 723.344589233398 706.210845947266 622.11695098877 565.33235168457 781.815589904785 703.949703216553 786.041463851929 589.891418457031 746.704605102539 756.217304229736 727.817180633545 760.258388519287 820.890197753906 743.695053100586 785.85368347168 1102.11892700195 863.288963317871 768.81470489502 501.050018310547 1850.65106201172 2953.37232208252 946.208106994629 953.071933746338 1088.73759460449 1081.13492584229 1188.06059265137 1261.97146606445 1256.4457244873 1178.25430297852 1165.03480529785 1362.06100463867 1155.70398426056 1106.97624206543 1213.71026611328 985.689270019531 889.883369445801 851.964851379395 861.811683654785 898.674133300781
541.208503723145 521.883476257324 742.146427154541 754.512952804565 858.949371337891 1022.02360534668 804.804611206055 856.964134216309 1287.89682769775 771.019399642944 669.593414306641 735.397201538086 854.822166442871 645.354843139648 644.220827102661 640.098300933838 698.323528289795 593.708915710449 778.076122283936 826.413793563843 865.570648193359 815.067908287048 892.066909790039 517.281158447266 569.287002563477 795.2421875 943.763023376465 868.810912132263 631.848403930664 489.851425170898 678.533203125 2188.77950286865 620.215362548828 785.808433532715 1012.12657928467 1258.76717758179 1082.29371774197 1280.11847686768 1538.51812744141 1151.18695449829 1086.24654579163 1148.02754211426 1031.14501953125 1021.91168117523 1432.91979980469 1511.93079376221 1124.01821708679 1529.38594055176 1589.95013427734 1258.84234619141
522.207107543945 508.547973632812 649.608337402344 570.418685913086 811.257537841797 831.455665588379 759.562728881836 721.149169921875 829.651741027832 861.062026977539 881.941749572754 755.29704284668 628.539741516113 662.67720413208 626.925666809082 655.384868144989 553.202926635742 589.247779846191 627.505218505859 751.551490783691 919.285614013672 1031.31623840332 944.799163818359 784.220146179199 544.605926513672 884.681735992432 677.391403198242 887.094481945038 739.628921508789 771.265045166016 696.862174987793 730.238834381104 751.823139190674 798.955101013184 888.839647293091 1008.59130477905 1050.18692016602 838.754364013672 1300.75060653687 993.267639160156 1288.01104164124 1228.7017288208 1021.77505111694 976.681684494019 1292.33416557312 1243.9972858429 1117.54299926758 1066.96654891968 1302.53909301758 1881.00659179688
677.982026576996 511.769409179688 804.408401489258 610.192269444466 657.556686401367 485.459541320801 588.36540222168 602.370719909668 661.480484008789 753.21196937561 715.919446468353 673.693412780762 814.611770629883 592.944473266602 640.143600463867 539.37629699707 562.610740661621 586.957489013672 561.674758911133 678.316884994507 803.222455978394 1005.37718200684 945.560211181641 851.372589111328 710.451627731323 734.562725067139 765.429359436035 885.051300048828 838.644401550293 697.102447509766 628.022125244141 595.901718139648 821.957707881927 854.129253387451 867.164604187012 1026.31617736816 1089.86669921875 1013.13941383362 916.651435852051 937.397451400757 1254.0566649437 1486.83227539062 937.003364562988 815.698905944824 1242.33427429199 1211.53730773926 1060.33679389954 815.89421081543 1144.41872406006 1327.96249866486
634.661231994629 773.40665435791 793.502182006836 784.646644592285 840.053535461426 576.807393550873 553.896943092346 458.401351928711 687.720729827881 879.8909034729 865.667129516602 732.274856567383 679.008445739746 440.005844116211 664.762840270996 580.077911376953 638.086730957031 629.865371704102 593.060539245605 648.470550537109 688.827703475952 796.178421020508 740.89436340332 800.09149646759 780.621360778809 913.351715087891 822.917854309082 786.112391471863 783.241172790527 748.766983032227 635.069564819336 677.045257568359 686.292827606201 801.54890537262 821.845085144043 1259.51989746094 947.17992401123 928.494445800781 918.785667419434 968.5009765625 1052.68411254883 994.743129730225 958.600423812866 858.747066497803 802.386878967285 1115.76605606079 1086.91889190674 1014.01354980469 1074.23115539551 1113.11362457275
634.744293212891 645.353256225586 659.922401428223 802.834007263184 808.061325073242 633.818225860596 712.236724853516 513.443321228027 664.714986801147 759.113574981689 780.145844936371 713.523235321045 1072.56568717957 671.665702819824 1104.47799682617 818.113815307617 647.929916381836 671.86470413208 805.861923217773 644.931602478027 597.358558654785 716.482985913754 916.492240905762 703.297576904297 697.950637817383 648.997058868408 757.489669799805 786.437036514282 899.618175506592 813.018020629883 713.75749206543 640.277313232422 695.935127258301 694.573539733887 876.644844055176 1182.13125610352 900.76180267334 896.063888549805 755.767311096191 854.818939208984 856.530757904053 981.508193969727 800.362880706787 786.759216308594 785.125621795654 908.04497718811 941.636518478394 997.510719299316 763.273694992065 873.362445831299
766.052673339844 689.730466842651 701.094711303711 829.576248168945 733.126517295837 727.423512458801 846.552947998047 695.928344726562 743.729763031006 669.650104522705 664.79264831543 773.095724105835 784.253871917725 823.941794395447 1298.21356201172 552.362030029297 576.477737426758 710.742851257324 769.606678009033 534.454116821289 559.826538085938 741.339214324951 772.50984954834 730.199584960938 788.589302062988 620.090072631836 933.650848388672 953.227310180664 902.807125091553 891.864990234375 770.691848754883 753.610809326172 844.750595092773 695.816223144531 931.742683410645 940.892318725586 878.035362243652 829.035810470581 935.666290283203 794.687381744385 831.978977203369 796.701879501343 919.839767456055 705.08283996582 741.196640014648 830.311820983887 642.358985900879 853.410232543945 714.224327087402 757.160076141357
687.217433929443 558.948165893555 714.622669219971 816.563415527344 802.218845367432 813.913333892822 765.118263244629 796.302543640137 744.900482177734 482.251235961914 750.752974510193 651.409286499023 1264.69812011719 779.877601623535 721.133346557617 587.061187744141 671.568733215332 614.386581420898 683.38362121582 1229.00113677979 579.011299133301 504.698608398438 607.024230957031 667.812553405762 718.237314224243 800.441390991211 773.562973022461 890.281295776367 822.245624542236 750.926766991615 763.415487289429 741.710914611816 881.272583007812 796.922267913818 934.13973236084 764.194564819336 744.862133026123 777.641642034054 787.787452697754 681.295761108398 785.189126968384 744.965314865112 813.986679077148 730.803855895996 686.500671386719 740.79541015625 757.121002197266 747.471874237061 776.635540008545 841.861396789551
786.25389289856 731.45702457428 722.423692703247 968.877716064453 791.442888259888 803.130645751953 681.727130889893 697.648481369019 729.389526367188 689.96272277832 667.510227203369 1241.11301422119 781.380741119385 810.58687210083 996.739778518677 681.752388000488 653.452079772949 601.571640014648 1183.28957366943 641.008041381836 655.163093566895 523.784683227539 605.455406188965 712.732997894287 809.376579284668 760.196697235107 830.317123413086 792.440505981445 765.433324813843 909.081848144531 845.195648193359 827.913635253906 793.359853744507 770.619956970215 760.882675170898 798.91971206665 777.058248519897 828.660737991333 850.483985900879 617.520095825195 685.866680145264 621.663040161133 693.156192779541 756.787977218628 528.925903320312 681.718566894531 728.960479736328 769.163619995117 736.543601989746 781.961915016174
797.2431640625 831.617462158203 760.358838796616 711.842403411865 816.05207824707 709.370491027832 649.490432739258 628.17618560791 623.089153289795 602.978094100952 457.157821655273 515.938423156738 535.756439208984 1101.9571685791 790.022180557251 746.995721817017 727.006683349609 815.519996643066 636.730941772461 787.673980712891 719.576400995255 699.321964263916 767.661361694336 786.706649780273 723.852056503296 737.009731292725 808.225578308105 722.818981170654 859.513809204102 804.491561889648 829.529159545898 731.62793970108 836.442068099976 918.262573242188 707.848419189453 734.338764190674 944.06852722168 785.251270294189 864.337669372559 738.489204406738 580.572814941406 627.812561035156 698.981231689453 632.617568969727 647.49885559082 587.25227355957 658.671142578125 915.354940861464 838.795176506042 824.829067230225
741.434120178223 836.901542663574 866.78067779541 867.160461425781 634.858642578125 744.102737426758 800.797766685486 644.262802124023 540.459415435791 489.027877807617 550.561859130859 583.41862487793 536.888259887695 728.377023696899 690.037554502487 672.198196411133 547.703456878662 772.163108825684 746.725440979004 644.71068572998 767.961093902588 685.124003410339 717.437028884888 808.089317321777 838.019035339355 779.917686462402 811.818939208984 725.567867279053 652.261384308338 949.406005859375 823.185035705566 825.482849121094 758.95133972168 765.184588909149 879.560924530029 708.911026000977 766.707420349121 659.184196472168 850.987384796143 1058.37521362305 610.201324462891 416.712799072266 596.305053710938 821.739822387695 856.717432022095 639.778465270996 705.113899230957 836.881031036377 1182.11544799805 930.381404876709
793.17854309082 781.107643127441 966.958557128906 752.934219360352 887.20092010498 792.697535991669 583.58073425293 584.462711334229 567.245918273926 534.121086120605 722.066917419434 546.039993286133 609.922988891602 808.120170593262 780.632411956787 803.810890197754 822.045394897461 665.237564086914 835.317100524902 623.949913024902 673.609039306641 666.705841064453 789.779266357422 796.045051574707 788.914672851562 760.987686157227 914.275695800781 606.937629699707 666.620763778687 783.806144714355 597.114776611328 851.191871643066 843.098510742188 634.612380981445 880.16748046875 930.127410888672 873.309628009796 856.167858123779 834.295837402344 896.789207458496 802.083160400391 854.03101348877 631.957489013672 887.925430297852 861.830223083496 908.270168304443 828.880043029785 787.475921630859 912.238327026367 958.401481151581
866.351272583008 916.99836730957 924.487503051758 666.0602684021 657.187545776367 807.180870056152 611.279640197754 596.231019973755 669.819789886475 618.021007537842 683.243783950806 692.72741317749 792.470901489258 866.209312438965 708.840942382812 698.430686950684 671.799934387207 721.637241363525 753.327987670898 835.244415283203 623.250030517578 759.289901733398 710.260856628418 752.966724395752 646.791412353516 764.610244274139 809.394924163818 751.824607849121 641.56568145752 580.690780639648 631.982192993164 769.954032897949 670.426853179932 801.312545776367 798.560028076172 877.814880371094 925.067001342773 843.505279541016 1054.91455078125 917.426544189453 959.774398803711 1191.81484603882 803.588653564453 674.735397338867 864.912582397461 910.330820083618 847.068531036377 850.76424407959 772.1745262146 954.643440246582
842.667106628418 976.177719116211 892.078323364258 609.65412902832 632.585418701172 603.543846130371 587.000270843506 527.578433990479 728.60306930542 825.179763793945 730.281841278076 794.263069152832 863.594528198242 827.752769470215 769.432597637177 783.117713928223 619.836273193359 636.195358276367 712.421215057373 887.097290039062 761.655956268311 778.330093383789 770.428367614746 853.920425415039 580.782936096191 646.764881134033 581.848541259766 691.174224615097 651.668212890625 696.728446960449 700.652214050293 655.32300567627 743.36888885498 629.297950744629 629.091777801514 530.182540893555 630.440940856934 1002.88417053223 896.857246398926 1131.38412475586 1088.17276573181 1166.75355529785 923.335235595703 926.301834106445 769.449028015137 793.472938537598 1001.62438201904 804.245330810547 884.25582742691 1006.88543796539
