simdem/realisation72.asc
NCOLS 350 
NROWS 171 
XLLCORNER 152620 
YLLCORNER 418050 
CELLSIZE 100 
NODATA_value -9999 
[rows 44 to 65 of 171, columns 50 to 99 of 350]
804.55033493042 835.24845123291 716.210525512695 717.109481811523 370.053825378418 308.998062133789 465.875228881836 474.171020507812 583.23755645752 532.563822746277 876.304023742676 420.044128417969 405.647857666016 327.245422363281 338.441986083984 271.729293823242 472.423321902752 373.31575012207 337.836791992188 306.484092712402 372.364276885986 362.531005859375 319.089454650879 170.265762329102 373.112808227539 431.933892250061 516.337104797363 438.225419998169 403.310308456421 565.633445739746 351.723789215088 401.852577209473 323.945922851562 553.65941619873 580.092666625977 563.262908935547 433.56826877594 287.731506347656 230.202819824219 201.585723876953 482.836563110352 511.757465854287 551.302825927734 519.930267333984 464.551403045654 378.189525604248 523.196754455566 429.669540166855 455.476837158203 402.714023590088
679.244941711426 673.376754760742 602.742073059082 640.536575317383 436.71492767334 533.0735912323 609.58056306839 589.837997436523 294.569915771484 629.316268920898 400.915351867676 319.798965454102 380.916656494141 358.250564575195 381.281837463379 229.295104980469 522.834022521973 355.864532470703 429.708801269531 351.821823120117 401.379428863525 370.501239776611 336.177749633789 346.90258026123 382.937313079834 385.212319374084 399.99743270874 381.70133972168 488.965263366699 568.223236083984 365.650108337402 349.826759338379 297.870376586914 424.915004730225 385.368835449219 497.836273193359 402.970363616943 455.259615898132 199.604370117188 331.347610473633 393.612674713135 549.965576171875 598.332275390625 638.467041015625 397.7497215271 513.851215362549 377.675285339355 440.928380012512 382.726818084717 489.929145812988
571.06128692627 486.592414855957 588.366840362549 401.652210235596 445.276393890381 639.845603942871 644.266052246094 478.71696472168 561.682472229004 561.495820999146 395.839698791504 360.424118041992 424.107940673828 358.937705993652 469.422875285149 374.88525390625 471.347320556641 428.273101806641 462.302394866943 586.357864379883 406.964029312134 256.921508789062 409.64032459259 383.264919281006 355.473823547363 358.317096710205 296.7744140625 331.260269165039 476.223720550537 411.45175755024 405.118112564087 276.470428466797 353.472373962402 360.382442474365 496.621078491211 559.289726257324 515.926254272461 395.599155426025 325.760887145996 351.344749450684 521.924892425537 467.617256164551 555.654174804688 486.475700378418 406.627028465271 401.342197418213 376.990013122559 372.631484985352 329.613235473633 514.716163635254
674.132141113281 617.446235656738 407.856826782227 322.766296386719 385.362477302551 528.191631317139 1015.79001998901 686.615840911865 500.274606704712 455.904541015625 484.338718414307 368.75080871582 456.238296508789 484.599208831787 586.827835083008 428.119493484497 425.977380752563 454.38196182251 411.256515741348 409.245615959167 436.761337280273 356.33374786377 484.162734985352 411.209424972534 199.056991577148 222.954818725586 433.004684448242 404.979458808899 624.148803710938 433.85143995285 421.330578804016 483.667012214661 546.911491394043 431.335163593292 444.258518218994 323.007331848145 319.332084655762 380.201477050781 411.372666358948 481.701683044434 428.940595626831 410.103664398193 477.405567169189 423.524616241455 497.714477539062 391.354194641113 418.345533370972 279.29248046875 233.776184082031 382.191600799561
567.29793548584 598.419799804688 479.027030944824 523.553216934204 368.339179992676 471.016571044922 480.435661315918 486.473529815674 413.765937805176 469.20894241333 566.840812683105 579.969882965088 411.833984375 545.641456604004 405.619674682617 414.501457214355 441.691288709641 361.297355651855 482.998889923096 467.395790100098 554.892150878906 474.657241821289 448.566135406494 467.29615020752 350.330894470215 340.227462768555 401.583272457123 556.233612060547 475.690853118896 376.162017822266 414.511861801147 458.031499862671 496.680187225342 470.922515869141 545.465995788574 429.149617195129 427.050517559052 306.347610473633 348.259292602539 419.716312408447 479.568237304688 502.503467559814 333.309204101562 289.541442871094 295.80924987793 379.561706542969 456.670857429504 439.969102859497 184.289489746094 336.674003601074
818.256744384766 399.402763366699 574.052047729492 463.721465110779 488.993339538574 392.573776245117 422.70637512207 513.591156005859 498.219886779785 468.873245239258 527.212348937988 588.496501922607 591.108253479004 493.504852294922 551.989234924316 421.134204864502 506.747215270996 484.985244750977 485.072357177734 454.175312042236 568.32878112793 401.803309440613 462.983619689941 351.659423828125 426.862776756287 465.409801483154 383.765047073364 430.773342132568 427.913961231709 568.086212158203 395.441474914551 311.286117553711 320.627670288086 335.317436218262 402.941764831543 461.646392822266 354.681785583496 522.650901794434 491.69108581543 450.710817337036 486.2585105896 467.333160400391 390.97737121582 419.115089416504 468.787796020508 441.74018573761 432.285680770874 442.260820269585 267.311462402344 295.5380859375
449.520721435547 639.10774230957 705.53303527832 1162.63859558105 434.880393981934 483.010990142822 452.445915222168 466.804312467575 636.743942260742 532.924133300781 517.591171264648 543.391532897949 562.936988830566 471.078838348389 366.32421875 356.450942993164 262.899612426758 438.023054122925 426.261896133423 458.852573394775 472.66674041748 339.299819946289 428.51114654541 400.081089019775 414.841814994812 430.416326522827 558.627899169922 471.206336975098 498.336013793945 488.079456329346 388.142650604248 542.765403747559 481.980991363525 460.680435180664 654.309768676758 561.885604858398 486.72819519043 426.922248840332 306.641479492188 422.684586286545 421.547445297241 474.943542480469 466.884334564209 537.831916809082 432.880889892578 479.537570953369 374.637104034424 501.975063323975 521.696571350098 413.028167724609
775.583850860596 437.509353637695 464.237825393677 593.299583435059 579.768825531006 496.747816085815 348.150054931641 354.826217651367 542.387763977051 470.039112091064 454.358350753784 532.058441162109 519.037185668945 388.519012451172 287.632034301758 397.515594482422 453.210344314575 572.505493164062 415.223834037781 547.853713989258 323.17505645752 304.692459106445 306.448448181152 491.61589050293 480.657909393311 349.042739868164 441.836351394653 373.850940704346 370.597412109375 462.768878936768 490.273727416992 498.055236816406 330.489963531494 423.214237451553 386.526779174805 575.805908203125 506.833717346191 443.190078735352 251.102264404297 309.587921142578 426.122764587402 464.592905044556 490.48819732666 482.937294006348 359.557189941406 414.15100479126 280.74308013916 456.976364135742 475.698356628418 495.572402954102
684.245544433594 343.477600097656 1031.79501342773 562.002590283519 599.089752197266 562.365657806396 495.216804504395 335.455139160156 485.305810928345 293.90754699707 406.969829559326 467.179676055908 351.291076660156 289.593879699707 374.806610107422 453.778963088989 413.854684829712 458.17013168335 431.802335977554 425.925457000732 467.508785247803 518.131912231445 482.870628356934 451.440166473389 458.579441070557 477.075592041016 449.645190238953 365.915607452393 417.498378753662 374.743961334229 472.999984741211 440.03674697876 451.742687225342 292.308815002441 442.528421401978 486.146873474121 367.12689781189 241.597885131836 311.186019897461 338.03987121582 432.20267868042 289.871109008789 447.557729721069 470.721542358398 523.932991027832 497.029357910156 553.114334106445 398.638026237488 458.340686798096 426.045667648315
567.172737121582 433.673873901367 556.203780174255 604.888584136963 639.258842468262 496.926233291626 454.621953964233 364.166679382324 471.633548736572 459.9208984375 446.0918841362 327.843841552734 347.130847930908 383.429676055908 423.057676315308 452.266284942627 286.147766113281 430.015754461288 544.27108001709 547.927276611328 488.495613098145 340.312927246094 436.513563632965 489.797584533691 422.308345794678 457.092880249023 446.188447952271 467.967193603516 410.690116882324 397.77745115757 290.342460632324 473.809448242188 453.870197296143 351.914707183838 577.717193603516 423.053155899048 356.611656188965 291.377708435059 404.079368591309 432.403028488159 375.078155517578 264.151489257812 385.441764831543 339.75715637207 300.339324951172 294.022758483887 456.26233291626 434.081769943237 544.513885498047 352.914054870605
795.038848876953 563.586120605469 582.169906616211 659.342378616333 578.437046051025 539.164396286011 377.979904174805 345.32462310791 369.869285583496 487.851900577545 439.598358035088 400.83341217041 388.846143722534 424.129692077637 437.429279327393 408.377434015274 447.000102996826 477.062004089355 454.720035552979 548.675765991211 487.291091918945 432.991445541382 476.244155883789 787.871475219727 532.240669250488 391.777444839478 361.403411865234 443.171161651611 377.691686630249 497.480621337891 451.092716217041 329.360076904297 442.160293579102 412.304147720337 403.114866256714 481.04475402832 395.980791091919 337.104614257812 436.306756973267 197.844024658203 337.585647583008 191.705154418945 421.409090042114 517.299926757812 273.917938232422 372.766334533691 442.359270095825 346.683395385742 533.108711242676 541.918266296387
783.967971801758 1161.32123565674 611.631637573242 705.38712310791 601.503566741943 571.887641906738 412.584121704102 342.022132873535 402.422729492188 400.018264770508 445.741008758545 478.273132324219 596.020812988281 368.393062591553 418.196141242981 459.447704315186 562.802047729492 520.644737243652 443.881254196167 580.930648803711 435.579762458801 418.528878211975 483.301456451416 604.136825561523 552.296264648438 486.72437286377 354.62767791748 358.256710886955 394.672256469727 448.549983978271 526.225540161133 341.413581848145 355.486461639404 332.334873199463 396.113120555878 400.238798141479 483.591636657715 352.158714294434 273.084335327148 457.308349609375 359.794574737549 438.446826934814 378.695275306702 448.270248413086 297.514739990234 258.711212158203 469.59135055542 455.797534942627 414.270189285278 417.699520111084
562.941886901855 531.050453186035 752.153121948242 784.354049682617 629.239723205566 606.446960449219 575.868537902832 388.135627746582 390.972003936768 411.055513381958 306.133239746094 361.447593688965 375.417188644409 366.106536865234 470.972236633301 482.492179870605 443.69874382019 423.8101978302 378.744884490967 500.915679931641 527.324462890625 504.246841430664 393.562151253223 453.558692932129 573.315719604492 400.985963821411 255.281242370605 359.37082862854 383.135982513428 503.832595825195 472.234001159668 355.623403549194 219.717185974121 329.287143707275 415.060537815094 402.902923107147 312.100883483887 412.709179878235 318.615791320801 499.24186706543 494.033103942871 361.06481552124 254.787612915039 355.298221588135 304.312789916992 277.687591552734 283.562744140625 413.360929489136 377.542491912842 293.429412841797
640.113619804382 395.200180053711 596.75133895874 507.384834289551 606.692001342773 630.214332580566 590.037971496582 459.909820556641 286.784866333008 398.663463592529 493.265438079834 310.400955200195 451.799026489258 435.396633148193 318.092323303223 342.746128082275 358.86067199707 367.512588500977 306.525276184082 437.339601516724 422.659976959229 290.175903320312 172.570663452148 361.523740768433 382.545906066895 253.759887695312 295.811092376709 333.861734390259 298.956903457642 396.581008911133 435.691612243652 183.730926513672 272.656280517578 329.42781829834 198.474838256836 366.033133268356 379.545604705811 355.129625320435 473.716102600098 551.790267944336 379.819478988647 296.438903808594 327.193138122559 330.538108825684 365.961757659912 394.996086120605 283.225814819336 371.142551422119 225.628189086914 371.333530426025
406.533012390137 537.306718826294 668.349056243896 652.867225646973 536.94055557251 693.769889831543 482.377656579018 454.499271869659 377.346385955811 398.831132888794 376.514385223389 387.703749656677 302.348266601562 438.921085357666 391.354616165161 262.991622924805 465.853843942285 423.077416419983 376.538887023926 433.139316558838 358.632807731628 450.020584106445 413.058715820312 380.227737426758 329.458132743835 285.961074829102 267.424774169922 332.283462524414 361.849367141724 465.582702636719 463.398010253906 436.68074798584 393.707650184631 216.865768432617 404.541639328003 352.381275177002 481.345825195312 537.286437988281 437.634365081787 389.735421180725 449.906322479248 359.864910125732 394.533908843994 454.964817047119 443.982490539551 417.542428016663 529.711967468262 424.401233673096 458.035638689995 483.168977737427
507.655158996582 467.479263305664 565.360420227051 699.193542480469 550.303428649902 608.80432510376 570.695236206055 546.768196105957 525.171241760254 473.08540725708 300.766067504883 273.538414001465 467.057800292969 334.215253829956 406.097256183624 459.457683563232 498.121849060059 433.744279384613 267.11833190918 333.22770690918 330.943761825562 377.063980102539 428.735466003418 445.629943847656 438.482368469238 374.200350761414 236.856018066406 346.949741363525 220.372817993164 370.084496200085 393.54679107666 405.139915466309 400.427965164185 290.455230712891 332.890659332275 511.024803161621 329.1583070755 331.843635559082 380.832654953003 330.650192260742 404.737757205963 511.965065002441 376.008995056152 467.402084350586 349.443965911865 404.918003082275 494.73006439209 297.557220458984 464.380847930908 254.84553527832
364.465927124023 526.692489624023 599.265630722046 494.722625732422 621.47465133667 733.595474243164 680.926048278809 606.730941772461 484.928455352783 361.439239501953 212.201812744141 385.879067957401 423.335874557495 560.830795288086 562.443893432617 463.080558776855 365.504947662354 448.471012115479 416.153758049011 386.504146575928 320.380516052246 283.312202453613 477.47029876709 547.702499389648 460.137138366699 338.646327972412 303.528545379639 205.784591674805 271.562271118164 328.030548095703 385.529806613922 329.412422180176 401.5687084198 440.914649963379 296.252307891846 189.253463745117 349.359540939331 329.88549041748 409.02538895607 448.366237640381 551.452438354492 609.181793212891 478.145401000977 241.195281982422 495.870460510254 525.119094848633 427.23753452301 366.056381225586 404.96928024292 548.686706542969
504.736322402954 625.089027404785 619.648696899414 774.178726196289 762.476898193359 649.791780471802 571.192848205566 612.632667541504 501.525526046753 532.388198852539 450.419593811035 381.871477127075 364.542621612549 564.227737426758 504.498313903809 435.914352416992 352.382354736328 302.270874023438 396.214891791344 505.509269714355 467.386074066162 395.557604789734 431.303924560547 575.655014038086 458.955184936523 284.342155456543 176.005950927734 115.979431152344 283.547332763672 332.144184112549 378.424491882324 283.909622192383 405.954196929932 352.5279712677 467.555603027344 246.01220703125 398.98329782486 405.029077529907 382.557104110718 397.532936096191 376.38179397583 330.904174804688 346.441551208496 400.732484817505 317.312042236328 305.947463989258 390.622310638428 459.38214302063 454.517490386963 470.652305603027
507.46459197998 429.446533203125 561.395000457764 763.079574584961 784.441177368164 575.415298461914 505.641052246094 489.949182510376 563.29948425293 511.217575073242 598.411773681641 515.057113647461 402.256834030151 377.927218437195 382.941697597504 342.848625183105 448.481338500977 428.451499938965 421.846485137939 373.069599151611 409.245174407959 222.599491119385 451.213424682617 477.76586151123 562.461196899414 258.116882324219 255.974792480469 190.509872436523 399.472979068756 319.167259216309 424.613540649414 454.496635437012 472.145225524902 305.500465393066 350.756378173828 392.473670959473 285.40754699707 437.054203033447 400.943857192993 397.49893951416 413.821318626404 373.712177276611 256.281539916992 443.82058429718 362.218788146973 326.161483764648 367.298278808594 318.98193359375 309.456573486328 398.513381958008
576.212362289429 606.183746337891 670.088081359863 660.798873901367 648.257362365723 384.379722595215 380.258232116699 566.835006713867 541.17862701416 573.485321044922 516.000328063965 447.210111618042 432.406829833984 439.834747314453 360.682438850403 397.553695678711 360.131969451904 281.636840820312 398.085334777832 619.425064086914 496.650466918945 348.474521636963 471.654220581055 451.056259155273 474.857872009277 479.036918640137 371.024696350098 274.488342285156 397.89778137207 347.182361602783 280.352699279785 396.208245754242 380.871446609497 364.293570041656 549.871444702148 386.096178531647 528.325408935547 480.245979309082 365.673908233643 266.878555297852 487.537971496582 423.931926250458 440.672074317932 407.497159957886 502.688323974609 407.362596511841 410.900457382202 408.540077209473 304.008850097656 393.868125915527
442.970611572266 472.3610496521 626.48575592041 763.323333740234 648.718955993652 453.525318145752 525.223720550537 468.525459289551 531.155235290527 413.413876533508 493.634433746338 461.001110076904 346.467792510986 431.198463439941 264.068283081055 324.202835083008 276.132431030273 327.909839630127 325.523063659668 395.904979705811 417.752983093262 517.497467041016 548.036560058594 516.550354003906 433.936103820801 353.738626480103 459.133834838867 426.70902633667 480.832374572754 376.097868442535 362.887752532959 455.357662200928 313.404220581055 439.680934906006 317.719390869141 381.8037109375 516.589538574219 390.617679595947 410.144252538681 415.00737953186 534.911041259766 549.477996826172 243.814895629883 420.813579559326 650.281127929688 376.16402053833 428.309066772461 545.871292114258 556.94539642334 408.606948852539
527.7659034729 462.153007507324 490.61378121376 580.168430328369 391.31266784668 383.907569885254 484.188980102539 530.707008361816 341.125682830811 403.06117733568 415.207669615746 337.6667137146 414.640384674072 394.527080535889 210.977462768555 431.217895507812 349.139485359192 367.679480552673 404.540309906006 321.800426483154 428.7219581604 529.286651611328 657.683837890625 420.615783691406 523.580017089844 468.905220031738 492.833534240723 571.606948852539 338.512504577637 294.254608154297 314.131973266602 236.521408081055 340.832214355469 391.083137512207 383.689903259277 382.104473114014 400.696287155151 424.358022689819 410.877700805664 451.509656429291 505.718902587891 567.360092163086 370.664817810059 505.035705566406 482.383148193359 448.143520355225 523.937408447266 408.266971588135 260.592086791992 408.25008392334
