simdem/realisation91.asc
NCOLS 350 
NROWS 171 
XLLCORNER 152620 
YLLCORNER 418050 
CELLSIZE 100 
NODATA_value -9999 
[rows 22 to 43 of 171, columns 50 to 99 of 350]
-9999 -9999 -9999 -9999 -9999 -9999 -9999 -9999 -9999 504.385375976562 471.768539428711 555.377258300781 665.954951286316 785.240943908691 541.452247619629 365.388389587402 475.043111085892 494.068176269531 644.229511260986 632.491102218628 677.70813369751 628.748641967773 718.96842956543 609.351669311523 707.927871704102 550.92813873291 726.470458984375 630.541706085205 598.273693084717 609.057484149933 602.130803346634 611.29091835022 603.594757080078 561.218883514404 658.05277633667 647.809901237488 570.188738822937 397.385360717773 453.64771270752 493.208690643311 415.850524902344 484.790519714355 1094.22672939301 552.411956787109 538.979316711426 468.218383789062 428.970123291016 561.74284362793 451.161918640137 1373.51747131348
-9999 -9999 -9999 -9999 -9999 -9999 -9999 -9999 786.217498779297 472.630126953125 616.443771362305 584.030921936035 709.569175720215 472.903221130371 373.442123413086 529.970874786377 583.751570701599 635.286519765854 476.977355957031 478.299713134766 594.683460235596 696.282562255859 751.763259887695 704.839827463031 662.412792205811 575.958930969238 465.192031860352 504.451194763184 594.633708953857 565.537056088448 500.242890357971 459.969367980957 633.877151489258 766.644638061523 611.85990524292 637.433883666992 523.441066741943 856.137619018555 707.48893737793 1019.3896484375 753.808204650879 615.303009033203 504.929504394531 474.650947570801 463.478561401367 486.961006164551 524.609199523926 655.08617401123 589.699109077454 1182.19183349609
-9999 -9999 -9999 -9999 -9999 -9999 -9999 875.892227172852 784.297210693359 690.619903564453 489.741714477539 448.140594482422 348.035064697266 396.351301193237 491.164577484131 496.815063476562 517.007308959961 569.705863952637 599.972198486328 587.248077392578 749.734577178955 640.172871589661 539.366046905518 657.497231960297 544.273048400879 614.320348739624 540.793151855469 548.668678671122 653.99739074707 1178.48022079468 538.215454101562 588.889617919922 591.202369689941 620.755897521973 692.149040222168 624.55989074707 535.701156616211 669.97649634257 612.709183216095 516.53360748291 540.453498840332 593.522708892822 660.814430236816 485.739730834961 467.016220092773 558.400131225586 572.352231264114 401.800079345703 302.45295715332 1005.60321426392
-9999 -9999 -9999 -9999 -9999 -9999 657.585357666016 540.438049316406 770.408401489258 865.327941894531 424.030120849609 447.523788452148 368.413642883301 557.016176223755 221.284484863281 604.990791320801 692.73868560791 772.964080810547 573.882833480835 759.889823913574 741.230239868164 678.316033363342 457.889785766602 653.884868621826 556.900501251221 498.764488220215 585.084356307983 1194.83099746704 920.933135986328 636.538223266602 589.428421020508 670.575490951538 714.349517822266 771.125091552734 554.960922241211 632.760444641113 447.000457763672 601.896802902222 487.284469604492 637.911293029785 676.668060302734 666.273620605469 691.659805297852 414.012130737305 479.927947998047 398.659545898438 544.953056335449 594.277547836304 489.198608398438 806.604768753052
-9999 -9999 -9999 -9999 -9999 633.363372802734 441.119491577148 253.222152709961 375.326553344727 624.502910614014 645.079148292542 451.401275634766 643.481338500977 480.618469238281 630.067890167236 644.439556121826 560.855815887451 661.351608276367 708.992965698242 564.824343681335 654.697021484375 617.568634033203 543.336227416992 514.107849121094 446.820587158203 809.08189201355 696.750694274902 881.427864074707 1013.08866882324 703.699802398682 569.59587097168 623.170677185059 667.484464645386 694.627922058105 662.180397033691 775.418594360352 558.837518692017 566.759860038757 505.325057983398 662.608024597168 615.471206665039 671.129730224609 594.579284667969 566.46014213562 334.359558105469 466.287231445312 378.169052124023 526.63692855835 610.056143760681 808.320808410645
-9999 -9999 -9999 -9999 408.082153320312 577.535926818848 462.410526275635 277.669021606445 365.251693725586 624.967170715332 545.523139953613 654.56859588623 590.551040649414 616.537076950073 594.220206260681 713.102853775024 596.328247070312 525.67095375061 659.647598266602 617.878925323486 554.651430130005 475.235404968262 513.086353302002 896.598266601562 827.045776367188 761.97582244873 608.056533813477 697.013233184814 752.719392776489 636.31470489502 528.288696289062 644.968117237091 592.686109542847 571.132537841797 620.408908843994 769.99641418457 776.038375854492 587.209541320801 484.861656188965 515.292625427246 522.368705749512 567.808702468872 626.855102539062 607.914394378662 506.174003601074 552.563776016235 479.084098815918 534.350894927979 596.04287815094 527.420303344727
-9999 -9999 -9999 1112.92892456055 592.697082519531 475.580543518066 551.338645935059 363.682174682617 588.240924835205 678.283241271973 733.71942949295 731.612998962402 524.799827575684 504.674560546875 661.324806213379 409.669052124023 660.589645385742 632.380687713623 551.598761558533 594.451599121094 535.404294729233 446.156841278076 806.517360687256 562.310886383057 532.082527160645 459.032867431641 706.185897827148 676.071388244629 580.644592285156 441.86198425293 502.532386779785 575.807430267334 550.440414428711 463.976119995117 515.86349105835 683.998336791992 763.852737426758 674.60791015625 519.479385375977 595.902744293213 550.843576431274 538.714583873749 484.952236175537 599.578811645508 460.189811706543 553.011022567749 431.463073730469 511.118091583252 557.637848496437 664.810839653015
-9999 -9999 752.824806213379 1152.86752891541 467.240800857544 398.848087310791 599.439040660858 333.14924621582 549.80046081543 793.982070922852 707.1546459198 543.132354736328 491.601684570312 614.134979248047 580.606842041016 486.535011291504 771.330718994141 584.841991424561 922.388240814209 474.985809326172 1199.78812980652 607.952016949654 453.892280578613 482.305564880371 306.600372314453 298.166687011719 301.422348022461 546.930170059204 496.158226788044 523.668418884277 566.509410858154 665.17134475708 438.802642822266 420.827156066895 523.87210559845 497.288799285889 637.752960205078 552.879927635193 396.356101989746 470.128715515137 560.39429473877 471.011077880859 525.314975738525 408.05322265625 359.855590820312 592.649291992188 574.563137054443 456.061225891113 496.519309997559 884.549005508423
-9999 -9999 605.515342712402 957.70475769043 1083.88962292671 437.133092880249 498.317390441895 475.491256713867 693.637275695801 886.261734008789 699.203460693359 436.601303100586 773.381992340088 538.856185913086 587.852516174316 558.944297790527 546.4853515625 500.428279876709 819.647924423218 525.083282470703 367.083236694336 428.533798217773 437.483688354492 440.616920471191 450.719741821289 435.568700790405 372.21012878418 327.139343261719 524.268486022949 484.958681106567 491.844230651855 655.934417724609 462.446637153625 367.425994873047 434.375015258789 473.596551895142 560.427040100098 521.176486968994 389.933303833008 507.10785484314 487.802691936493 583.331901550293 465.070404052734 480.591930389404 404.275733947754 520.883204460144 641.443084716797 367.435791015625 551.567848205566 666.907592773438
-9999 633.610221862793 821.768280029297 453.979537963867 561.412971496582 493.237098693848 518.087120056152 801.997680664062 866.111251831055 819.051193237305 706.318786621094 705.134620666504 767.367736816406 585.924003601074 559.858908653259 646.857867717743 511.64192199707 561.118190765381 530.591498374939 407.924385070801 304.297210693359 365.196197509766 387.931564331055 463.920430183411 532.37865447998 469.716650009155 429.23868560791 307.778305053711 546.925628662109 556.314353942871 586.783264160156 436.828758239746 513.165405273438 500.99556350708 357.007591247559 413.633060455322 502.028888702393 405.101448059082 391.657028198242 521.297878265381 549.134380340576 620.419982910156 555.507469177246 449.05005645752 489.595216274261 540.587730407715 472.457408905029 556.215774536133 613.302398681641 634.731994628906
734.387107849121 724.629722595215 602.625015258789 459.487319946289 502.373443603516 578.65709733963 648.381664276123 730.957538604736 770.339637756348 830.971740722656 640.527963161469 817.135429382324 826.219467163086 524.014305114746 600.961660385132 622.467771530151 414.294479370117 562.412418365479 455.993297576904 460.153728485107 472.826194763184 493.000785827637 531.965309143066 533.859565734863 547.897483825684 566.156677246094 530.81717300415 551.52685546875 603.987670898438 662.925582885742 567.891731262207 466.170015335083 499.896560668945 524.318778991699 405.311225891113 495.995639801025 401.611053466797 389.820816040039 349.313064575195 477.924835205078 366.215225219727 483.996475219727 426.812019348145 293.976257324219 326.170959472656 536.515145301819 472.423080444336 448.622772216797 633.791885375977 584.433448791504
593.153221130371 611.0149269104 546.473180770874 448.720108032227 439.655014038086 565.966386795044 572.00129699707 591.504434585571 733.285491943359 799.832946777344 730.476348876953 571.570648193359 576.767976760864 469.145727157593 640.488470077515 416.395236968994 463.514938354492 599.579299926758 585.407707214355 542.170707702637 471.203985214233 491.520841598511 627.932830810547 645.012191772461 523.05770111084 511.806442260742 606.540054321289 540.032432556152 534.665878295898 653.221481323242 534.503524780273 563.222030639648 524.179782867432 541.38794708252 503.148323059082 514.174205780029 542.909233093262 616.462066650391 530.344413757324 391.964298248291 482.203943252563 552.404348373413 415.805355072021 406.146797180176 415.051605224609 454.037128448486 412.202011108398 477.455666065216 509.716526031494 335.210266113281
562.251770019531 513.852077484131 559.850116729736 607.144306182861 499.003570556641 765.495765686035 541.982162475586 371.274406433105 774.508178710938 725.806079864502 711.564414978027 501.218269348145 460.910285949707 622.127521514893 538.994829177856 667.933731079102 343.91145324707 555.511322021484 556.226306915283 551.021015167236 522.688194274902 472.73978805542 595.111267089844 420.95768737793 444.859238624573 426.477535247803 540.577308654785 480.958220481873 519.757709503174 445.897031784058 497.935024261475 465.720313072205 451.120950222015 462.005865097046 488.276983261108 543.230735778809 476.954590797424 593.934188842773 542.375434875488 512.374439239502 550.506675720215 422.42552947998 563.834030151367 350.649261474609 462.516585230827 454.603555679321 436.047565460205 509.019145965576 542.125274658203 443.59992980957
319.562316894531 509.460003376007 512.011395931244 402.065589904785 477.374265670776 583.187480926514 516.871492385864 844.682275772095 702.531661987305 736.643379211426 562.291176319122 315.600891113281 442.662536621094 418.251167297363 606.923736572266 512.432601928711 435.767211914062 466.73473739624 563.485626220703 469.881910324097 587.856025695801 545.074440002441 488.629188537598 317.680313110352 485.95299911499 518.30249786377 433.688594818115 432.54317855835 457.638088226318 423.065454483032 399.570686340332 442.757503986359 499.395656585693 384.166500091553 372.883102416992 440.071028709412 466.933377623558 453.731438159943 568.499267578125 575.169372558594 431.458604812622 505.099474906921 469.033390261233 426.546249389648 512.395503997803 410.174018859863 520.033180236816 619.930023193359 534.049205780029 432.527313232422
592.600696563721 580.455284118652 527.570819854736 546.705123901367 598.103484153748 581.321529388428 691.714775085449 793.597839355469 697.506323814392 814.778607368469 397.6530418396 590.174556732178 373.354431152344 551.963924407959 452.463623046875 435.264083862305 454.254383087158 427.342460632324 386.143653869629 391.082695007324 440.290172576904 386.59436416626 415.300601959229 346.681427001953 301.112503051758 356.96208190918 403.195203781128 390.538242340088 386.314331054688 398.452289581299 449.995683670044 451.258184432983 404.607833862305 400.886238098145 498.139366149902 490.234420776367 372.903747558594 464.251741409302 515.702007293701 521.856163024902 352.976356506348 581.326507568359 517.092338562012 552.789649963379 448.688127994537 430.475698471069 548.818572998047 474.673597335815 529.450126647949 439.260032653809
536.018829345703 400.538681030273 590.347320556641 628.963773727417 660.292308092117 604.799247741699 677.851943969727 347.056091308594 589.264671325684 603.556175231934 364.752777099609 648.607299804688 499.125911712646 591.654418945312 465.248378753662 592.628456115723 606.665870666504 519.184915542603 223.094573974609 279.463882446289 452.529390335083 439.769400119781 441.665197372437 374.868682861328 239.913375854492 385.047332763672 318.847244262695 280.855239868164 413.023954391479 432.247682332993 441.410027503967 463.745059967041 335.001029968262 452.282169342041 474.943176269531 393.227924346924 408.661994934082 417.021663665771 306.685668945312 562.01668548584 393.476001739502 493.7385597229 463.124099731445 538.885055541992 451.729792386293 365.214466094971 498.194557189941 460.150277137756 354.102661132812 568.29305267334
545.594085693359 418.624416351318 544.508066177368 637.093638420105 471.799564361572 581.954452514648 589.058601379395 1053.56421375275 1027.84224224091 1065.39387512207 522.260307312012 438.650527954102 537.915435791016 668.712524414062 509.151637792587 599.114814758301 526.363357543945 540.081977844238 391.227884292603 328.472183227539 498.458690643311 420.263706207275 410.178049087524 449.944841384888 379.572052001953 472.113201141357 375.830474853516 537.849945068359 359.067153930664 404.221832275391 467.991188049316 386.322135925293 335.100639343262 361.672554016113 293.139862060547 499.940231323242 494.136631011963 304.284194946289 346.016227722168 439.493236541748 515.099575042725 425.714518547058 569.23127746582 512.805755615234 430.866254806519 261.540283203125 369.025825500488 349.987922668457 350.797080993652 403.83020401001
410.309692382812 434.130176544189 477.359886169434 746.082023620605 274.070724487305 421.848936080933 266.206192016602 559.5426902771 473.88427734375 650.627014160156 473.359386444092 608.705783843994 404.081802368164 398.449081420898 665.474609375 611.698860168457 516.703304290771 452.319095849991 456.213693618774 492.605382919312 406.773319244385 417.137788772583 429.796629428864 517.958267211914 463.511905670166 458.699588775635 470.854316711426 524.347732543945 514.598373413086 402.10262298584 330.701370239258 345.686462402344 309.892578125 308.421661376953 490.75426864624 354.603103637695 447.495785951614 356.512245178223 295.337524414062 362.456214904785 373.611709594727 600.558158874512 523.736106872559 531.592887878418 417.369655609131 393.936420440674 295.556106567383 416.879249572754 460.766977310181 488.391944885254
544.902765274048 536.768760681152 656.118995666504 711.383654594421 642.437175750732 441.436248779297 525.181583404541 554.946304321289 443.758056640625 736.007545471191 560.400379419327 471.856239318848 428.503814697266 553.910537719727 471.731023788452 416.659355163574 486.180053710938 394.370056152344 389.234077453613 379.526168823242 399.770835876465 430.577098846436 344.465713500977 354.909000396729 488.505065917969 375.293460845947 451.205911636353 431.810415506363 475.765405654907 519.42236328125 412.081904411316 310.469596862793 417.751411437988 422.389315605164 589.054977416992 521.435897827148 449.494334220886 500.188850402832 253.749145507812 486.09740447998 377.13606262207 294.756301879883 359.152725219727 390.952041625977 570.749038696289 392.232242584229 259.367004394531 380.225784301758 378.876731872559 439.188856124878
440.623016357422 493.595886230469 461.883331298828 530.875671386719 616.789909362793 433.965511322021 372.519348144531 580.08080291748 731.63353729248 1146.3358039856 568.549249649048 663.711761474609 588.066326141357 733.345581054688 641.081733703613 538.638488769531 550.69108581543 509.333389282227 468.664207458496 468.17244052887 427.842624664307 373.079788208008 464.115917205811 348.42643737793 421.92657661438 401.76770401001 452.561382293701 400.261127471924 574.014251708984 359.401679992676 306.835105895996 411.946438789368 344.887939453125 245.824157714844 558.054580688477 508.225692749023 503.779335021973 373.615440368652 346.213676452637 309.115814208984 331.661361694336 481.826628684998 277.511978149414 341.80004119873 394.345031738281 352.603256225586 366.710388183594 315.938865661621 289.114776611328 302.120475769043
769.454885482788 933.095085144043 770.31481552124 759.925434112549 411.945274353027 464.228132247925 562.05509185791 560.519163131714 509.657180786133 280.616287231445 607.889203310013 579.784671783447 532.756992816925 687.90071105957 568.78791809082 568.051956176758 428.672958374023 406.169551849365 540.912086486816 570.031280517578 491.216812133789 415.111028671265 558.307571411133 456.565822601318 349.003898620605 454.050117492676 593.45588684082 455.683765411377 447.383550643921 411.765823364258 440.721084594727 405.647758483887 354.079193115234 439.714179992676 344.005195617676 424.339221000671 472.583507537842 460.70726776123 344.502952575684 391.367034912109 440.603812217712 464.883613586426 348.626754760742 442.816693305969 494.049251556396 416.930025577545 367.383010864258 513.159847259521 209.275054931641 199.800354003906
554.352199554443 804.133567810059 648.426635742188 781.29976940155 385.341203689575 458.420314788818 497.619849205017 468.639602661133 469.048393249512 409.423370361328 572.845153808594 522.025315284729 540.846084594727 588.604232788086 483.622952461243 348.624008178711 353.812973022461 477.920379638672 308.194343566895 378.190742492676 437.706105709076 388.356910705566 502.81241607666 404.832009792328 406.079319953918 510.749145507812 459.002178192139 477.630100250244 513.645919799805 573.921127319336 511.380363464355 462.176740169525 401.546566009521 618.582504272461 367.143829345703 436.574890136719 455.477684020996 422.487177848816 357.257392883301 406.407287597656 386.122817993164 407.315696716309 423.791366577148 428.886168479919 495.115715026855 578.572647094727 460.426498413086 398.899314880371 400.959690093994 367.281539916992
