simdem/realisation32.asc
NCOLS 350 
NROWS 171 
XLLCORNER 152620 
YLLCORNER 418050 
CELLSIZE 100 
NODATA_value -9999 
[rows 22 to 43 of 171, columns 100 to 149 of 350]
577.563118934631 610.394397735596 666.676849365234 658.219505310059 656.963500976562 629.501330375671 625.938117980957 710.872366905212 783.603359222412 719.109726428986 929.650265693665 688.507625579834 656.462535858154 966.490672111511 582.235488891602 453.411956787109 663.875701904297 613.926361083984 580.018714904785 555.032272338867 1143.7245798111 825.469345092773 507.582504272461 442.574630737305 462.177963256836 367.668060302734 388.171249389648 539.772852182388 655.851070404053 602.434972763062 708.458099365234 687.95352935791 559.677635192871 682.119396209717 611.726899147034 594.844223022461 521.258926391602 473.621597290039 746.005142211914 677.735204696655 637.359385967255 670.20884513855 705.10181427002 527.488975524902 594.645195007324 655.412940979004 573.590892791748 461.97590637207 631.514528274536 697.126865386963
601.012325286865 615.313976287842 588.527429878712 599.64760017395 489.218811035156 838.071166992188 627.184562683105 599.098037719727 746.239214897156 622.50804901123 1584.721534729 745.517158508301 689.253986358643 1169.12194061279 486.211502075195 519.087188720703 904.522270202637 681.641023635864 839.714454650879 486.428985595703 828.929441213608 496.389831542969 1039.81471252441 987.981170654297 628.663059234619 727.123575687408 579.229867458344 593.503171920776 493.795501708984 508.705413818359 587.645555496216 613.221920013428 646.742481231689 741.595443725586 655.227439880371 569.507217407227 588.36051940918 630.969290494919 686.851444244385 690.688503265381 620.160169422626 544.25691986084 490.06184387207 662.475513458252 623.473106384277 566.827789306641 567.532947540283 553.232875823975 646.291309356689 602.332185268402
703.580451965332 498.564979553223 525.884948730469 471.323226928711 394.253936767578 737.893463134766 449.518997192383 759.19652557373 732.853233337402 513.380088806152 636.49974822998 1067.37568283081 821.367206573486 738.164749145508 539.234558105469 651.808776855469 729.718744277954 607.114488601685 703.99239730835 853.49831199646 753.891578674316 407.165786743164 425.676834106445 515.274810791016 796.010365009308 598.278268814087 545.351768493652 435.041847229004 525.528823852539 505.683723449707 673.629585266113 642.770233154297 559.0602684021 751.784093856812 655.68558883667 634.916551589966 495.751197814941 492.316146850586 618.574521064758 625.723403930664 518.484069824219 660.248203277588 678.751811981201 612.825336456299 540.663209915161 629.741188049316 662.326736450195 493.650924682617 620.943363189697 788.944976806641
578.867257833481 512.888664245605 753.76847076416 782.472427368164 468.5302734375 504.683944702148 783.996978759766 1138.89560699463 692.081707000732 987.824599266052 881.207023620605 935.038751125336 850.106140136719 796.361938476562 785.8955078125 1251.88159179688 703.306922912598 599.84676361084 454.21997833252 817.282720565796 1437.0952835083 498.109497070312 568.954051971436 392.578765869141 541.64518737793 507.334537506104 522.489074707031 524.163070678711 530.340465545654 716.937187194824 682.439468383789 523.318309783936 530.324615478516 588.196502685547 804.676361083984 712.088390350342 661.904449462891 684.820686340332 562.032131195068 545.676780700684 612.709396362305 591.046210765839 611.657398223877 597.543572425842 744.361267089844 791.662506103516 704.289947509766 596.462532043457 613.789989471436 641.016677856445
274.245300292969 465.934448242188 874.118034362793 583.276290893555 572.445098876953 485.234535217285 441.296752929688 771.175953388214 1157.80017828941 726.33410358429 573.502227783203 852.940963745117 810.971298217773 558.165786743164 1065.70308303833 964.970077514648 542.058120727539 638.607833862305 744.175033569336 506.901313781738 1187.36614227295 634.155822753906 614.604843139648 447.623428344727 488.508827209473 577.518993377686 614.538330078125 438.711807250977 553.004432678223 609.566110610962 604.55997467041 576.560373306274 519.99641418457 485.942642211914 530.204772949219 704.584632873535 571.996385574341 598.41446685791 597.679475784302 713.807762145996 523.925651550293 353.573471069336 453.565849304199 496.25399017334 576.227541923523 525.384552001953 538.823017120361 607.871650695801 493.958099365234 516.030666351318
280.896301269531 559.450422286987 516.733734130859 511.108749389648 958.935684204102 1238.7396697998 763.66870880127 678.705856323242 721.449013710022 948.666561126709 592.702087402344 794.867832183838 673.821334838867 523.194290161133 595.133430480957 1086.47732543945 1362.19186782837 322.587097167969 545.86848449707 700.650238037109 549.666633605957 468.169082641602 542.813415527344 632.214219689369 697.819984436035 703.384941101074 549.698367118835 478.239807128906 524.237331390381 527.719409942627 453.699836730957 587.832897186279 489.798835754395 526.361440658569 603.53751373291 588.695222854614 635.740833282471 624.499481201172 563.867652893066 712.790840148926 481.59937286377 513.524398803711 344.959823608398 447.230262756348 429.223831176758 595.43420791626 566.004081726074 712.145233154297 501.486995697021 539.836252212524
493.288166046143 903.20809173584 502.359886169434 469.53108215332 476.579116821289 594.824554443359 512.546844482422 488.060394287109 617.401916503906 532.803314208984 712.938522338867 556.904022216797 551.909854888916 711.786544799805 866.58472442627 546.88395690918 559.385536193848 880.243515014648 981.474884033203 491.032943725586 551.531444549561 445.992080688477 560.284091234207 470.777336120605 496.637256622314 549.417663574219 423.258087158203 520.008331298828 498.228187561035 447.752540588379 520.13500213623 556.600860595703 573.022008489817 695.638168334961 643.143119812012 689.566467285156 563.979737460613 578.179489135742 581.819798469543 628.910541534424 537.577829360962 390.85368347168 455.651847839355 460.069984436035 538.814735591412 559.216660499573 586.022171020508 602.772132873535 519.979061126709 513.567958831787
462.994010925293 482.580055236816 538.206579208374 511.641983032227 510.063934326172 712.931640625 641.238357543945 547.940971374512 620.471061706543 437.052795410156 982.74723815918 593.001022338867 743.707511901855 979.236381530762 776.538688659668 595.700236797333 459.974075317383 428.796676635742 419.788803100586 520.55734539032 458.167594909668 558.96082675457 469.636169433594 561.729154586792 586.008674621582 647.305002212524 472.874576568604 559.545104980469 428.558197021484 520.544150114059 550.89192199707 530.860088348389 588.264583587646 722.445907592773 722.739715576172 588.667942047119 631.254974365234 485.288516998291 402.645874023438 444.159645080566 426.796081542969 532.02472114563 446.913558959961 552.124008655548 507.373456954956 569.826553344727 504.225578308105 556.199756622314 603.911033630371 746.713165283203
776.02660369873 577.561294555664 412.443626403809 856.639144897461 703.043563842773 582.666899681091 593.274629592896 627.143860816956 549.646774291992 686.589569091797 719.440874576569 444.162353515625 469.162033081055 808.457457542419 345.625091552734 938.525562286377 572.351793289185 538.678150177002 492.08239364624 470.561882019043 541.781216621399 521.681457519531 620.632822036743 638.608818054199 689.912243843079 1722.05875110626 452.183456420898 547.760499954224 505.7068567276 460.579616546631 545.372425079346 519.518482208252 415.705856323242 418.002365112305 617.859046936035 641.857810974121 662.893508911133 699.104591369629 322.718521118164 590.459434509277 592.565444946289 569.267795562744 545.682426452637 516.612453460693 480.068836212158 584.682014465332 641.699432373047 590.577247619629 541.177099272609 595.14444732666
593.643672943115 606.150550842285 539.661243438721 535.129844665527 1308.71189117432 589.611259460449 682.957595825195 530.263717651367 699.127893447876 484.230911254883 468.443099975586 789.360355377197 622.490432739258 535.033555984497 581.471198320389 605.432914733887 501.416839599609 449.267547607422 546.824833393097 544.192279815674 674.566795349121 565.005827903748 552.935474395752 581.12952041626 552.118809700012 563.281129360199 584.994407653809 533.90110206604 619.493858337402 516.544581592083 502.131765365601 550.794536590576 447.917610168457 407.339485168457 530.158864498138 614.079063415527 563.777616500854 482.257392883301 589.283203125 478.095970153809 551.041572570801 517.71478843689 468.052963256836 600.717875480652 494.044322967529 565.83159828186 563.47674369812 635.058486938477 621.933704376221 467.980674743652
517.365182876587 534.817804336548 458.018074035645 487.465675354004 590.978981971741 554.314492225647 509.597911834717 1046.47288608551 1227.26252365112 700.936096191406 680.374420166016 683.135332107544 806.045463562012 726.834457397461 668.90726852417 449.859191894531 566.170059204102 604.845321655273 531.462453365326 462.77433013916 496.693271636963 451.581085205078 402.308486938477 574.869659423828 495.884076118469 531.591381072998 523.85174369812 382.944259643555 576.79517364502 508.776718974113 507.891600608826 584.886619567871 435.358139038086 537.490467071533 421.501586914062 423.121147155762 550.978523254395 528.707036018372 539.780559539795 441.358982086182 604.54638671875 563.077503204346 552.680507659912 519.678359985352 562.810886383057 623.703674316406 544.351048469543 675.274398803711 714.003814697266 587.889492034912
562.807136535645 585.709671020508 470.872007369995 527.259302139282 424.862934112549 391.688743591309 327.878021240234 612.309272766113 720.614444732666 716.429382324219 778.322380065918 679.906616210938 666.487419128418 935.795816421509 515.160332679749 533.143543243408 492.430595397949 657.510604858398 692.436294555664 478.172733306885 466.878540039062 532.984723091125 462.646659851074 456.309356689453 445.883964538574 524.510040283203 512.75280380249 492.918748855591 627.778915405273 580.379219055176 527.13257598877 537.456844329834 476.621948242188 491.504201889038 519.284005641937 481.51477432251 471.651676177979 429.041984558105 615.035171508789 532.4378490448 447.449375152588 615.606773376465 513.028549194336 638.437522888184 544.575355529785 490.097442626953 619.252410888672 738.239471435547 689.918807983398 600.123012542725
564.146713256836 664.415588378906 520.829870223999 559.087242126465 581.808883666992 638.38493347168 555.252319335938 536.23716545105 449.820259094238 504.318051338196 557.293437480927 536.978860855103 435.623558044434 466.201164245605 648.57356262207 544.999759674072 490.153886795044 469.027050018311 606.12865447998 605.869369506836 368.301513671875 543.645483016968 475.430564880371 508.225654304028 538.657736301422 487.226728439331 480.021021127701 534.739055633545 605.609909057617 404.95783996582 506.678845405579 390.207809448242 337.461151123047 395.023612976074 432.207321166992 421.178993225098 474.027503967285 462.384937286377 443.260437011719 530.403118133545 580.900291442871 436.002731323242 396.428001403809 564.689624786377 507.318819999695 508.703227996826 531.892093300819 551.084932804108 584.743537902832 517.909797668457
346.87769317627 520.347816467285 525.678897857666 508.196195602417 483.369022369385 476.943906784058 549.159240722656 573.472175598145 347.998748779297 478.313049316406 461.87744140625 359.637176513672 413.060157775879 423.380676269531 505.019331455231 473.542746543884 502.063119888306 520.236116409302 634.34196472168 555.152267456055 617.721908569336 534.556987762451 577.853302001953 489.116457939148 420.757385253906 480.099508047104 518.694019317627 363.077346801758 626.468170166016 429.866790771484 377.439453125 416.42497253418 413.397575378418 416.747058868408 415.297225952148 416.694900512695 614.603042602539 530.835866928101 501.634078979492 553.451354980469 505.183771133423 510.630444049835 454.618431091309 505.695488929749 529.759890556335 653.624870300293 432.634742736816 593.21097946167 507.039249420166 572.026852607727
487.872490882874 460.520324707031 550.616958618164 512.188766479492 369.537612915039 404.685852050781 398.212547302246 516.868260860443 528.097363471985 523.800838470459 541.131153106689 407.106285095215 488.751810073853 346.96076965332 494.269389152527 519.707019805908 503.635883331299 663.33088684082 667.655334472656 614.815185546875 425.335298538208 527.148593902588 577.790184020996 502.239432811737 553.261238098145 557.26586151123 396.557220458984 381.568328857422 461.174272537231 498.19093132019 375.368087768555 411.836894989014 511.867887496948 451.922964096069 528.609573364258 463.066699981689 528.121128082275 485.523672103882 456.489616394043 634.36580657959 505.261320114136 468.813579559326 585.281044006348 738.949111938477 547.602983474731 554.961957931519 483.322814941406 684.086486816406 505.661148071289 541.451848983765
499.453971862793 418.505805969238 487.125692367554 497.494739532471 380.516189575195 464.733600616455 407.178817749023 311.691116333008 478.04860496521 588.940795898438 425.648052215576 517.993698120117 562.533851623535 458.166707992554 499.994109153748 595.758628845215 565.586753845215 560.45711517334 572.835456848145 503.691837310791 418.614568710327 539.537818908691 448.277012825012 423.597957611084 400.022483825684 418.841632843018 461.831186771393 470.708974838257 509.059219360352 561.888534545898 446.550945281982 507.62516784668 497.352758407593 503.675231933594 638.621002197266 421.263305664062 518.094127655029 387.392265319824 528.465496063232 483.211178779602 438.469993591309 482.097770690918 472.464733123779 697.158096313477 579.657165527344 483.169052124023 646.669876098633 500.715461730957 638.52702331543 576.185943603516
422.580703735352 397.332000732422 539.639717102051 384.727897644043 504.123165130615 518.04935836792 475.715057373047 401.02140045166 520.170364379883 519.86780166626 498.32590675354 480.434713840485 570.021453857422 599.612724304199 442.122036933899 473.160287857056 567.481559753418 606.399291992188 560.312370300293 402.975975036621 246.614959716797 393.844909667969 435.873207092285 350.228591918945 460.296253025532 556.88695526123 518.878410339355 531.386085510254 479.822620868683 434.509490966797 372.178718566895 406.937675476074 440.097106933594 517.899784088135 529.665912628174 510.11344909668 629.001937866211 471.479243278503 400.312561035156 416.805458068848 473.464876174927 483.542922973633 490.320434570312 515.657632261515 527.027435779572 486.411333084106 489.733661651611 520.829446792603 539.204057693481 503.418964385986
354.64005279541 398.805828094482 282.409042358398 469.80562210083 576.82878112793 439.887989163399 402.491207122803 516.655277252197 553.950942993164 553.600692749023 580.467964172363 564.309371948242 495.078020095825 464.170278519392 461.158961772919 331.708267211914 612.443420410156 538.267547607422 664.235763549805 487.120803833008 481.867757797241 449.312944412231 364.177856445312 383.627296447754 404.640689849854 548.815399169922 522.33024597168 561.85962677002 568.132102966309 473.528457641602 359.72208404541 529.544166564941 477.715497732162 468.741240501404 550.751754760742 462.234630584717 505.09743976593 544.41268157959 539.290016174316 490.821434020996 404.706932067871 489.044002532959 458.922714233398 550.634824752808 411.305313110352 647.28515625 512.887096405029 535.445241928101 631.770385742188 668.286293029785
370.450210571289 359.978302001953 369.302459716797 451.469877839088 457.487081050873 384.229042053223 450.318157196045 346.812034606934 409.699226379395 735.394287109375 487.315462112427 540.681888580322 526.020809173584 352.636322021484 404.868194580078 452.67661857605 554.398170471191 434.12438583374 690.188766479492 397.866394042969 512.113079071045 484.870795249939 452.182460784912 386.547798156738 493.2827501297 569.213050842285 437.840698242188 467.125325202942 420.172016143799 495.172729492188 451.400067329407 643.50732421875 523.868347167969 512.255859375 498.300304412842 532.602737426758 634.89176940918 520.526998519897 500.716320991516 466.226787567139 437.853462219238 503.82998085022 486.449366569519 504.12343788147 521.360938549042 543.315035820007 501.899278640747 621.848472595215 509.755113601685 507.049198150635
573.247253417969 467.220367431641 429.88112449646 232.160491943359 363.372016906738 397.925392150879 404.44507598877 471.462700366974 464.187190830708 472.726254463196 458.773642301559 472.791216850281 391.84790802002 440.717575073242 466.200116157532 454.25847530365 479.120787620544 427.555168151855 483.59343624115 510.170072555542 495.525093078613 565.16478729248 517.716892242432 474.652808189392 469.693180084229 547.130485534668 565.957611083984 299.556198120117 334.953262329102 513.52067565918 407.271728515625 592.101509094238 605.768730163574 518.193504333496 415.158390045166 499.783714294434 475.391864597797 516.952692985535 535.722881317139 467.554573059082 477.075038909912 500.940040588379 526.206071853638 539.745464324951 429.340431213379 637.741737365723 686.325469970703 569.556453704834 572.289985656738 628.027145385742
470.380451202393 504.343856811523 380.721771240234 419.238317489624 306.095138549805 447.996868133545 466.888920783997 461.636098861694 537.824615478516 428.662883758545 537.64200592041 389.834442138672 440.54704284668 642.676696777344 566.796768188477 474.942567825317 656.690078735352 520.373523712158 459.738392829895 468.222884178162 477.661978721619 505.715362548828 446.38020324707 467.790531158447 522.956687927246 400.715347290039 535.736282348633 489.50827229023 403.500495910645 571.687995910645 460.25294303894 640.236419677734 476.418645858765 555.845344543457 473.566430807114 407.510917663574 319.930053710938 459.955837249756 543.141250610352 472.737051010132 491.796438217163 433.95044708252 456.315990447998 601.164863586426 519.999601364136 609.821441650391 515.576981544495 510.43185710907 576.415287017822 556.190742492676
691.280303955078 501.849529266357 429.370683670044 400.253429412842 351.693428039551 405.769050598145 496.715099334717 693.489395141602 465.545248031616 338.504333496094 384.47615814209 431.784553050995 391.282936096191 572.026588439941 511.316467285156 584.988288879395 535.63062286377 557.458648681641 425.97713470459 522.271770477295 570.033638000488 463.492305755615 557.492774963379 528.863285064697 520.61724281311 467.948799133301 497.629602432251 552.66455078125 432.041114807129 482.993514060974 607.245048522949 557.741630554199 540.951736450195 473.644567966461 548.396911621094 427.702518463135 545.775386810303 570.428680419922 558.576110839844 625.651977539062 593.18896484375 364.603988647461 525.267569303513 467.560009002686 618.41584777832 654.132965087891 620.630706787109 479.200841903687 331.265747070312 404.39404296875
