simdem/realisation63.asc
NCOLS 350 
NROWS 171 
XLLCORNER 152620 
YLLCORNER 418050 
CELLSIZE 100 
NODATA_value -9999 
[rows 66 to 87 of 171, columns 100 to 149 of 350]
413.080303192139 394.772167205811 507.242588043213 412.014156341553 410.931125640869 459.244921684265 470.218569755554 413.869815826416 554.489280700684 424.094085693359 407.674346923828 436.020883560181 510.4196434021 442.559336662292 496.294816970825 425.335250854492 565.106086730957 601.443023681641 546.289421081543 485.924759864807 535.028968811035 504.126069903374 503.318622589111 571.246551513672 522.758687973022 517.881126403809 622.506637573242 561.533542633057 558.463890075684 449.119606018066 420.215888977051 584.84309387207 433.00170135498 606.808849334717 569.544864654541 419.724349975586 526.255146026611 670.360870361328 642.820472717285 559.632490158081 604.991048812866 632.562835693359 603.005439758301 616.01245880127 529.399972438812 518.65846824646 556.784167289734 458.362442016602 503.389343261719 639.318504333496
344.731025695801 416.260478973389 534.869964599609 551.360572814941 648.766632080078 686.512008666992 649.894470214844 517.523651123047 632.145874023438 564.494239807129 409.087406158447 527.945499420166 294.159652709961 464.6259765625 505.860958099365 411.08084487915 450.773406028748 571.008163452148 491.893850326538 442.796524047852 510.155126571655 573.755310058594 410.239784240723 507.782486915588 525.414699554443 566.579833984375 514.294078350067 561.195579528809 508.115876197815 444.747611999512 507.687202453613 585.140773773193 473.4599609375 451.122863769531 454.735366821289 540.698104858398 614.155666351318 813.613433837891 757.437515258789 558.975910186768 600.850967407227 615.826923370361 596.408630371094 635.570686340332 546.418306350708 560.139970779419 463.577735900879 467.302284240723 649.339981079102 677.474533081055
482.610763549805 429.729175567627 400.342922210693 370.110145568848 600.241096496582 463.928187847137 516.54944229126 389.636650085449 572.409248352051 422.76606464386 463.746044635773 510.178171157837 368.443237304688 564.579124450684 289.487274169922 319.037094116211 389.312828063965 577.910293579102 513.898365020752 517.815544128418 510.091312408447 520.858283996582 553.082649230957 529.962215423584 522.834768295288 422.862014770508 425.514213562012 560.392765045166 666.750534057617 615.440189361572 576.891712188721 600.259727478027 580.934028625488 459.936088562012 600.886884689331 570.767618179321 612.627868652344 704.274345397949 810.057022094727 624.903245925903 603.44536781311 525.770021438599 569.647155761719 610.022159576416 620.899394989014 678.077651977539 532.63077545166 686.407485961914 679.352951049805 626.707336425781
490.172241210938 398.537082672119 407.493160247803 563.090637207031 471.137627601624 432.597431182861 397.203323364258 401.212211608887 433.439838409424 350.339996337891 529.855751037598 496.511320114136 375.596038818359 483.676696777344 573.836036682129 520.76086807251 340.7421875 367.08235168457 468.494222462177 602.134994506836 617.860458374023 457.603425979614 640.266632080078 609.242095947266 439.357120513916 518.212902069092 610.234069824219 471.688034057617 786.011520385742 584.361850738525 526.816946029663 630.462182998657 603.424011230469 531.415992736816 634.620018005371 493.001182556152 569.152529001236 695.995216369629 686.365570068359 673.453178405762 472.41724395752 504.293502807617 518.754638671875 578.414625167847 744.430969238281 688.661895751953 645.353843688965 519.446730136871 592.802907943726 708.555236816406
516.308715820312 466.109208583832 370.931930541992 538.14567565918 515.122703552246 404.681392669678 481.83696937561 434.558532714844 463.057890504599 489.496921539307 463.290139198303 538.583477020264 452.687808990479 472.554790496826 430.584461212158 349.76538848877 455.613410949707 459.300987243652 315.410934448242 550.435440063477 563.437324523926 653.453659057617 557.952621459961 507.245029330254 511.564045906067 530.656951904297 356.216033935547 556.147720336914 584.95565032959 491.424797058105 520.053606510162 491.65913772583 466.798286437988 616.131225585938 574.187245368958 562.980907440186 535.679280281067 484.593399047852 590.643844604492 475.496734619141 584.86612701416 489.123329162598 437.266632080078 524.44344329834 634.235027313232 450.889518737793 527.217212677002 470.828052520752 546.014617919922 677.28929901123
626.4020652771 589.19874382019 469.337085723877 495.161800384521 484.707726478577 487.911291122437 517.970531463623 481.461944580078 341.462310791016 371.844047546387 390.783027648926 262.695541381836 440.67085647583 459.586925506592 424.926422119141 517.040454864502 418.051212310791 367.365386962891 338.58723449707 548.490112304688 445.84147644043 342.562713623047 373.937637329102 341.94970703125 372.469955444336 489.363126754761 428.527244567871 389.991821289062 453.617004394531 489.671310424805 566.967986345291 452.120651245117 504.83186340332 583.989959716797 581.189891815186 560.856859207153 679.724876403809 769.430503845215 633.039375305176 591.18119096756 568.850936889648 471.579147338867 530.637783050537 526.054272651672 583.208667755127 636.748432159424 427.027679443359 369.64241027832 406.406555175781 589.928888320923
635.518615722656 666.471206665039 399.247116088867 394.814270019531 588.249221801758 313.520477294922 515.840230941772 349.148025512695 442.688267707825 360.431297302246 296.468124389648 399.486671447754 344.469604492188 358.055953979492 330.758026123047 532.719715118408 463.269836425781 370.311004638672 447.040241241455 392.640525817871 489.098459243774 288.743225097656 397.716522216797 402.25927734375 436.957962036133 613.137626647949 532.611891746521 600.749404907227 485.100170135498 591.726409912109 619.945747375488 614.835391998291 468.452606201172 480.950813293457 658.457717895508 1041.47029876709 591.049167633057 750.114501953125 904.577518463135 772.289337158203 733.133274078369 432.970542907715 584.52157497406 525.299703598022 625.832359313965 745.297744750977 362.311294555664 395.419448852539 548.225082397461 489.519485473633
597.984153747559 598.416076660156 376.177124023438 296.337387084961 384.917259216309 292.396224975586 488.929634094238 351.748069763184 400.011344909668 401.856101989746 418.202091217041 409.958656311035 386.304008483887 423.440437316895 459.215515136719 379.389259338379 391.013305664062 538.080774307251 445.793701171875 449.648078918457 351.515655517578 337.076736450195 372.174468994141 480.338447570801 495.10958480835 598.051620483398 587.835884094238 581.274440765381 583.602996826172 616.16032409668 714.841018676758 546.69123840332 577.269651412964 881.449165344238 893.557159423828 895.068420410156 521.545851707458 788.293636322021 764.45383477211 687.41056060791 606.24983215332 333.652816772461 472.571887493134 592.929504394531 514.007030487061 444.294128417969 562.749176025391 332.751739501953 482.779426574707 574.265736848116
557.936847686768 544.743404388428 543.119361877441 497.919425964355 372.966857910156 384.375396728516 482.380858421326 310.656524658203 334.213005065918 382.416427612305 320.171249389648 444.811218261719 328.577713012695 280.456451416016 491.802815675735 335.837600708008 547.013771295547 457.681056976318 491.371130406857 469.354475021362 552.444519042969 478.679263114929 475.937379837036 496.801272392273 351.073455810547 491.932020187378 519.230400562286 333.330062866211 577.399550437927 594.005369186401 512.308183670044 621.488624572754 714.620907306671 911.688827514648 784.834854125977 793.233825683594 588.215667724609 763.877235412598 780.454719543457 708.712387084961 518.063064575195 365.048587799072 390.962272644043 474.005153656006 323.817481994629 262.469436645508 487.785263061523 421.032432556152 1014.42214012146 543.252437591553
569.891227722168 449.276962280273 401.99397277832 350.539413452148 528.602603912354 599.401206970215 517.649444580078 313.613861083984 396.674270629883 363.596458435059 362.564323425293 530.044448852539 449.132438659668 265.88623046875 359.893730163574 210.855926513672 390.432899475098 453.868743896484 526.978813171387 474.805128097534 649.668258666992 599.134567260742 464.138181686401 510.821039795876 500.101333618164 458.283485412598 582.948137283325 609.176933288574 517.064060211182 537.408244520426 482.381484985352 605.54906463623 565.578151702881 708.926246643066 789.447570800781 877.815948486328 466.606761932373 689.907972812653 673.467130661011 782.002311706543 594.35884475708 366.142726898193 515.439449310303 410.818096160889 464.791351318359 197.027618408203 437.171653747559 462.185874938965 459.399917602539 514.847007751465
654.284980773926 497.750396728516 283.05517578125 417.891296386719 591.115455627441 422.552715301514 539.318672180176 431.581478118896 359.990661621094 433.791904449463 584.506935119629 409.983554840088 366.567802429199 381.269638061523 419.48120880127 411.877769470215 244.269927978516 331.798156738281 584.796401977539 423.532417297363 570.136867523193 585.064186096191 565.867340087891 491.232328414917 563.853336334229 493.248230457306 450.178253173828 383.534851074219 396.163024902344 420.716949462891 432.191551208496 345.027458190918 322.641204833984 602.399075508118 894.571624755859 809.042022705078 470.165580749512 660.209171295166 750.452743530273 615.456695556641 693.378284454346 486.966735839844 483.09739112854 401.334484100342 460.922348737717 553.400894165039 692.912284851074 510.259841918945 507.953224182129 608.559120178223
672.461418151855 486.29175567627 521.431694030762 899.261699676514 427.926582336426 418.543724060059 400.126998901367 432.495716094971 451.513347625732 509.379343986511 628.746940612793 535.96501159668 477.283747196198 506.209095001221 579.269584655762 492.810772895813 341.899307250977 404.212677001953 491.925682544708 576.945793151855 602.842224121094 560.102893829346 512.842579603195 469.021709442139 644.1474609375 446.467475891113 401.980270385742 374.86833190918 625.773782730103 633.38366317749 600.312484741211 558.058929443359 484.786949157715 473.579170227051 735.627868652344 786.156845092773 632.038818359375 813.025749206543 699.403977870941 686.407905578613 514.723136901855 515.97891998291 589.3310546875 418.543006896973 474.527967453003 468.894973754883 582.746597290039 394.280437469482 417.202281951904 628.440155029297
551.206726074219 469.481918334961 448.540435791016 524.72989654541 665.29647064209 666.799453735352 407.017127990723 454.71997833252 445.985454559326 343.390716552734 418.795471191406 786.502143859863 432.620529174805 422.66263961792 408.766265869141 395.154304504395 497.800706028938 551.264074325562 536.226764678955 545.705081939697 531.44612121582 562.994407653809 554.032543182373 510.360221862793 506.867593765259 483.532611846924 446.709281921387 478.698783874512 645.058692932129 604.75658416748 461.426864624023 515.691130638123 449.468976974487 385.524524688721 566.475769042969 702.797668457031 630.761871337891 781.922744750977 727.881088256836 548.8310546875 476.655373096466 419.295463562012 599.597709655762 386.049674987793 409.242771148682 320.883270263672 449.139013290405 418.326530456543 513.276512145996 603.572566986084
468.821311950684 521.767767995596 528.099614143372 393.475830078125 524.433891296387 530.835426330566 859.053224563599 352.000595092773 399.727951049805 360.681869506836 469.509609222412 579.754669189453 479.885383605957 558.390727996826 514.397373199463 495.834703445435 457.520336151123 432.909126281738 471.473122119904 560.247932434082 539.418682098389 579.528244018555 580.655578613281 613.514869689941 635.289985656738 510.59862279892 333.589614868164 446.295166015625 369.025543212891 342.986450195312 441.708522796631 420.949813842773 519.930181503296 540.808418273926 354.705924987793 596.675668001175 624.316558837891 569.833662033081 750.862075805664 573.960384368896 556.806297302246 590.006050109863 583.902145385742 565.327754974365 502.090309143066 339.062225341797 388.120361328125 344.398307800293 331.753471374512 638.043235778809
680.795654296875 597.621489524841 596.499618768692 445.1279296875 645.44250869751 559.287788391113 404.95573425293 595.148651123047 415.759727478027 615.664646148682 406.539497375488 473.636703491211 526.328377723694 464.067359924316 476.603221893311 642.201240539551 554.20779800415 558.402512073517 370.052627563477 490.399338722229 530.257553100586 624.800849914551 528.815403461456 633.254516601562 616.784084320068 556.238104939461 557.158997535706 520.292427062988 424.137674331665 490.667720794678 387.25414276123 642.178497314453 428.843284606934 603.499923706055 478.040664672852 648.739151000977 637.675609588623 717.902938842773 677.159408569336 592.026262760162 560.966865539551 591.638702392578 598.997261047363 651.688362121582 576.690731048584 526.426246643066 438.086097717285 457.264479398727 348.306053161621 502.840385437012
617.194452404976 553.729640960693 495.960578918457 555.433868408203 685.186189651489 666.464149475098 527.365381240845 481.988723754883 491.151062011719 570.735431671143 444.872100830078 500.289829730988 532.556053161621 446.81481552124 416.524215698242 496.308246612549 515.432424545288 554.225929260254 422.716606140137 384.578247070312 536.632184028625 565.430282592773 516.855298995972 525.325298309326 553.570486187935 635.16463470459 570.518805027008 477.272206306458 649.15771484375 488.345653533936 498.356239318848 425.958173274994 376.16047668457 595.197919845581 627.757392883301 732.219879150391 686.592292785645 502.660377502441 509.336814880371 695.126068115234 449.644004821777 575.292098999023 634.802387237549 791.512084960938 622.033973693848 601.023126602173 579.024459838867 490.619976043701 536.724285125732 532.745422363281
490.489671707153 638.421054840088 572.539319038391 478.658088684082 567.643989562988 576.067636489868 723.3349609375 604.5631980896 595.024452209473 520.429613113403 560.524566650391 582.290481567383 368.64331817627 531.373573303223 444.723918914795 425.129058837891 536.183113098145 553.062488555908 532.527256965637 360.572280883789 488.824100494385 530.271862983704 595.379447937012 585.053733825684 499.870185852051 627.122367858887 687.256057739258 502.836387634277 766.436752319336 785.967330932617 822.137603759766 640.402751922607 452.956390380859 576.14706993103 643.331039428711 575.956022262573 670.513786315918 695.359466552734 603.249907493591 753.876804351807 623.663077950478 654.111198425293 601.305500030518 645.03866481781 546.127449035645 456.050018310547 603.062704563141 957.078842163086 820.94352722168 673.302299499512
327.329833984375 448.698379516602 415.224548339844 496.455978393555 491.311195373535 573.694215774536 533.561672210693 651.476783752441 631.740707397461 634.293077468872 486.357025146484 543.8938331604 494.635274887085 443.721496582031 427.863739013672 502.61545419693 594.453601837158 556.645484924316 495.228447914124 523.298244476318 523.735399246216 483.339544296265 477.498008728027 638.115165710449 678.825462341309 558.784236431122 521.823312759399 631.603851318359 760.285995483398 816.199951171875 729.651901245117 749.749847412109 639.649318695068 499.324615478516 530.917900085449 620.292655944824 588.815551757812 616.63761138916 734.32682800293 488.479934692383 520.332824707031 662.936382293701 604.687301635742 431.225532531738 494.976173400879 539.024208068848 562.227504730225 725.253597259521 880.887100219727 848.148788452148
648.756273269653 717.084499359131 602.877880096436 450.701480865479 293.776702880859 592.60675239563 573.4596824646 645.527088165283 578.984680175781 849.417449951172 540.797508239746 572.413719177246 508.104063987732 442.447235107422 466.931465148926 397.932456970215 435.09330368042 482.459827423096 331.616683959961 630.256118774414 625.947463989258 621.535011291504 746.091857910156 544.93522644043 574.764015197754 608.783271789551 520.441761016846 509.213180541992 572.028648376465 605.825988769531 705.276039123535 726.852951049805 707.109390258789 543.258358001709 400.142036437988 451.391151428223 522.446842193604 522.330147504807 669.167022705078 520.311820030212 403.615211486816 540.119621276855 414.03352355957 488.867153167725 472.887371063232 568.307289123535 596.976184844971 659.701774597168 719.489166259766 576.388332366943
644.978744506836 551.398826599121 542.26335144043 592.687927246094 413.542678833008 423.840843200684 478.700157165527 681.515892028809 521.219573974609 481.998809814453 275.534790039062 507.10290145874 480.451641082764 473.927585601807 419.470901489258 369.286666870117 519.306655883789 520.268850326538 453.73278427124 605.512626647949 591.219161987305 641.223693847656 614.526397705078 482.919701576233 325.936004638672 442.761688232422 649.680000305176 415.071510314941 447.509822845459 507.006889343262 535.662082672119 547.464420318604 532.126914978027 431.336413383484 362.965251922607 432.386904716492 547.981603622437 702.241241455078 518.492049694061 543.880493164062 582.863124847412 474.186637878418 647.834548950195 972.749712467194 803.846544265747 467.504806518555 380.794052124023 515.360816955566 568.284411430359 521.014541625977
490.249366760254 665.785133361816 461.795806884766 568.105827331543 561.235198974609 615.93455696106 416.34203338623 677.797309875488 617.256288528442 614.511920928955 649.86883687973 595.683517456055 553.031627655029 574.304584503174 335.208236694336 391.953086853027 328.323440551758 598.209503173828 566.144477844238 307.921752929688 584.706665039062 555.812282562256 420.860534667969 439.215515136719 479.021224975586 462.599750518799 577.931217193604 442.111045837402 428.043121337891 391.590591430664 502.726470947266 782.581497192383 610.793338775635 257.128936767578 433.931373596191 349.49739074707 507.708827972412 584.388582229614 796.008743286133 667.783149719238 556.780300140381 651.88737487793 835.959632873535 1087.10501861572 950.687705993652 601.925270080566 493.393661499023 619.253488063812 418.141860961914 466.763710021973
-9999 -9999 640.528887748718 818.147369384766 427.591522216797 475.428192138672 514.969139099121 410.529640197754 683.834655761719 595.774080753326 602.450736999512 609.20044708252 546.034702301025 535.041800498962 488.249366760254 503.636764526367 611.718444824219 537.476371765137 613.678291320801 431.350425720215 548.260917663574 562.699474334717 455.533447265625 544.658929824829 512.54257106781 434.055099487305 518.303400039673 579.117168426514 595.810646057129 585.66951751709 331.869873046875 591.72760283947 745.732410430908 510.270487308502 431.936936378479 290.670928955078 416.147918701172 615.844417572021 599.212718963623 676.325477600098 718.360710144043 690.215620040894 955.545471191406 1210.88612365723 953.514896392822 834.880500793457 740.523801803589 -9999 -9999 -9999
