simdem/realisation25.asc
NCOLS 350 
NROWS 171 
XLLCORNER 152620 
YLLCORNER 418050 
CELLSIZE 100 
NODATA_value -9999 
[rows 66 to 87 of 171, columns 250 to 299 of 350]
651.104962825775 668.529838562012 539.496826171875 421.86262512207 623.364185333252 726.472770690918 716.509246826172 638.079611778259 706.639343261719 662.627109527588 750.754196166992 763.469200134277 764.154808044434 638.729156494141 564.109802246094 593.87975692749 618.201942443848 645.228061676025 520.697601318359 570.756721496582 736.363487243652 703.316207647324 813.763885498047 736.776264190674 727.143812656403 617.429847717285 747.935905456543 738.163459777832 563.007720947266 679.143676757812 598.54044342041 675.060272216797 756.048093795776 730.16916847229 623.586853027344 690.846076965332 720.433445930481 885.47477722168 911.467014312744 723.083953857422 722.216049194336 772.188158035278 828.670324325562 851.122680664062 893.527236938477 726.611856460571 766.49126625061 922.521560668945 846.569145202637 835.714530944824
606.342250823975 806.414169311523 638.426097869873 699.809856414795 679.616558074951 682.207315444946 893.641036987305 742.702705383301 620.789573669434 680.449111938477 690.723888397217 719.255249023438 712.599922180176 740.633560180664 535.772415161133 653.753844261169 679.789135456085 546.990859985352 625.349613189697 672.383115768433 769.784820556641 623.16748046875 700.174994707108 844.357818603516 792.199737548828 772.304328918457 668.848180770874 730.55118560791 659.50577545166 613.876251220703 535.286102294922 659.112796783447 623.544174194336 765.30530166626 802.343551635742 841.884620666504 749.964168548584 748.995903015137 688.587436676025 724.259307861328 1002.51863098145 963.31330871582 824.82848739624 781.285013198853 784.802671432495 861.761947631836 789.992107391357 712.499309539795 861.503021240234 781.577896118164
652.617585420609 688.74446105957 675.834075927734 727.835868835449 726.09058380127 661.221490859985 785.267868041992 601.34778213501 427.825668334961 655.491804122925 624.810861587524 645.721883773804 672.71217250824 677.108591079712 656.587960243225 612.769756317139 516.925811767578 661.772523880005 731.031845092773 785.769039154053 613.41162109375 684.379263877869 689.136061668396 743.52615737915 718.170974731445 699.34389257431 790.592826843262 638.187839508057 706.200549125671 637.923648834229 722.126928329468 712.826772689819 712.373498916626 785.631355285645 756.440238952637 722.302540302277 773.019424438477 815.643104553223 886.082916259766 768.539222717285 615.441596984863 637.914878845215 1087.34957504272 1424.96973232739 730.35498046875 594.747436523438 762.512706756592 828.255523681641 844.635704040527 876.921363830566
647.433902740479 658.462041854858 631.593830108643 612.389709472656 797.731185913086 777.978759765625 629.043260574341 644.279197454453 708.626335144043 678.88422203064 604.360908508301 519.493148803711 738.457412719727 720.746391296387 729.265434265137 695.491315841675 629.541969299316 632.727436065674 607.846801757812 577.526000976562 661.034358978271 636.73099899292 757.966682434082 839.263473510742 643.676319122314 581.875518798828 692.528571367264 611.26741027832 641.679008483887 643.880428314209 618.665603637695 631.063972473145 665.853054046631 744.562505722046 798.819206237793 718.803917884827 650.859359741211 871.931579589844 728.653380870819 671.465774536133 710.979957580566 742.49227142334 594.598457336426 730.204940795898 557.096160888672 1308.41648864746 778.859566688538 611.291351318359 714.393846511841 803.218971252441
724.989891052246 619.958800554276 614.405591011047 690.452327728271 717.829200744629 595.194814682007 653.198813438416 670.436492919922 814.383836746216 638.629999160767 633.191947937012 662.901255607605 523.366386413574 684.30965423584 620.967707633972 663.070503234863 589.008209228516 647.804002761841 500.954620361328 654.603715896606 644.863826751709 705.576833724976 670.692345619202 720.812713623047 699.669502258301 704.226778030396 705.795557022095 661.642574310303 643.287815093994 578.363227844238 560.701370239258 606.303199768066 774.359748840332 746.902088165283 666.709415435791 714.764237165451 693.368911743164 624.174949645996 744.943912506104 743.52064704895 802.987495422363 859.989677429199 816.521781921387 650.971221923828 642.173873901367 730.059692382812 698.478973388672 1080.82283782959 802.509756088257 805.50008392334
719.532203674316 545.634628295898 554.836227416992 761.308235168457 661.781618118286 725.179908752441 528.893188476562 685.621723175049 731.437042236328 567.251571655273 518.295684814453 568.287925720215 570.381439208984 585.052799224854 551.206062316895 529.554107666016 654.084819793701 644.537379264832 644.828616142273 701.377709388733 656.466585159302 621.128402709961 712.202163696289 583.874984741211 706.318629741669 920.156448364258 699.072775006294 683.967885971069 563.585189819336 745.139511108398 709.333080291748 759.787071228027 643.754688262939 705.909216880798 757.631526947021 729.715419769287 806.02237701416 796.167518615723 712.281686782837 642.652244567871 773.627002716064 708.86131477356 677.833518981934 809.087238311768 624.216697692871 1031.41714477539 622.443222045898 920.76676940918 875.108856201172 707.042261123657
611.9514503479 566.951110839844 575.482475280762 749.658218383789 759.792015075684 702.981740951538 770.69478225708 788.096481323242 590.721893310547 620.228814125061 589.104934692383 508.433578491211 597.529884338379 540.475799560547 574.134162902832 663.31547832489 584.873077392578 654.995763063431 595.908393859863 644.812139511108 841.306442260742 802.9013671875 708.645444869995 722.92862701416 793.729446411133 716.709781646729 617.598747253418 526.246536254883 526.012771606445 548.612533569336 679.723178863525 716.492467880249 851.535552978516 941.397857666016 906.116424560547 830.930442810059 737.431243896484 809.815158843994 631.407272338867 803.842819213867 704.395803451538 1352.87594223022 783.309785842896 766.415819168091 682.595439910889 785.67822265625 805.769420623779 849.048408508301 902.377258300781 739.223460197449
637.805004119873 611.57407951355 730.412425994873 612.420104980469 620.727127075195 750.159729003906 778.466960906982 818.822563171387 634.397113800049 561.616432189941 542.623168945312 598.359214782715 562.946495056152 647.527445793152 776.028251647949 672.72704410553 519.959060668945 530.700637817383 587.909568786621 726.078453063965 739.88948059082 645.577146530151 726.197154998779 772.810279846191 769.204963684082 818.565856933594 636.168144226074 612.169708251953 666.649682044983 697.457061350346 629.842334747314 638.357624053955 747.246383666992 844.959815979004 747.272171020508 751.478973388672 752.602016448975 729.999733805656 759.831184387207 674.814323425293 642.514961242676 721.695365905762 912.015827178955 1111.3242149353 848.734642028809 853.773197174072 737.308601379395 802.514457702637 1053.01731491089 769.632385253906
570.50745010376 602.31418132782 644.602401733398 565.833572387695 658.512683868408 731.886493682861 811.779556274414 795.517383575439 595.707801818848 599.006492614746 771.69116973877 662.274243474007 763.946868896484 713.517097473145 636.420459747314 678.880687713623 667.206058502197 722.90047454834 700.055736541748 648.016777038574 802.999320983887 658.718915939331 726.717746734619 681.850590705872 786.086097717285 701.034006118774 768.819969177246 714.729452133179 707.077680587769 812.297843933105 712.410308837891 571.616714477539 600.305191040039 734.370616912842 676.68544960022 653.455205917358 739.952813148499 696.070255279541 778.775997161865 561.648727416992 412.414627075195 736.499252319336 725.990080426447 1137.84070014954 913.017837524414 648.764419555664 753.46915435791 628.099304199219 679.043182373047 1045.9008140564
712.110736846924 515.046630859375 532.850475311279 499.740531921387 741.295860290527 615.711537361145 776.392757415771 631.608856201172 699.245708465576 728.078672409058 691.309516906738 750.975852966309 697.742000579834 681.434642791748 760.844985961914 689.162086486816 714.941818237305 640.520281761885 707.754859924316 706.876739501953 534.34716796875 711.756820678711 753.566844940186 596.202369689941 602.377876281738 620.596618652344 656.158424377441 691.589052200317 733.346580505371 749.731121063232 644.210248947144 599.773971557617 603.126678466797 578.465866088867 709.91971540451 741.755068302155 615.49080657959 591.971176147461 799.264537811279 620.688011169434 638.266296386719 824.611557006836 795.962715148926 909.069492340088 797.314270019531 901.76399230957 866.873386383057 681.88249206543 728.696838378906 1017.09408569336
620.610488891602 364.432525634766 458.509414672852 671.251430511475 746.180652618408 583.633197784424 482.949241638184 722.391592979431 745.82984161377 764.208728790283 745.982320785522 701.178848266602 683.985303878784 733.503898620605 690.514404296875 639.981073379517 656.860412597656 581.672927856445 567.857933044434 496.267364501953 631.901870727539 670.905073165894 619.448516845703 640.68293762207 680.742621660233 866.453872680664 689.454957962036 798.908111572266 755.777019500732 751.64917755127 645.607199192047 552.81623840332 628.342586517334 612.26611328125 583.251274108887 639.894454956055 812.552467346191 711.558818817139 802.326110839844 739.701461791992 690.100250244141 706.896987915039 795.057514190674 796.246613502502 759.385955810547 574.810104370117 656.34001159668 561.566192626953 821.006534576416 732.937133789062
606.818668365479 590.906719207764 722.18286895752 616.099857330322 631.585960388184 652.077590942383 574.453705787659 566.239603042603 753.40304851532 563.801498413086 706.17112159729 658.786743164062 672.892082214355 696.475263595581 745.330657958984 735.791381835938 686.655956268311 710.523593902588 698.303009033203 658.530662536621 727.780342102051 765.141525268555 616.125900268555 676.62194442749 717.552658081055 655.780214309692 637.274536132812 711.86505317688 670.907699584961 646.111686706543 680.408957004547 569.700180053711 535.308197021484 625.784736633301 552.222625732422 780.44645690918 534.785934448242 535.883422851562 520.597457885742 645.173164367676 832.242202758789 632.057327270508 648.153045654297 1095.41708636284 735.153839111328 723.768836975098 778.080810546875 731.366981506348 932.990337371826 1187.27964943647
593.06729888916 575.10387802124 570.189434051514 587.387683868408 597.603130340576 610.470123291016 592.880673527718 549.786682128906 708.831966400146 611.326461791992 568.249534606934 557.573593139648 665.894381567836 846.912506103516 730.060562133789 635.492483139038 747.489471435547 797.603912353516 774.482200622559 818.33097076416 802.636661529541 691.055213928223 823.398956298828 784.482704162598 666.466144561768 623.123260498047 446.878997802734 573.474332809448 622.106094360352 602.225116729736 646.824701309204 456.621185302734 545.812309265137 813.330039978027 790.748840332031 679.066253662109 732.293627738953 472.558090209961 526.959442138672 594.890029907227 620.139984130859 1053.86276245117 840.38850402832 590.808395385742 733.387985229492 738.456127166748 785.361961364746 764.565399169922 1194.67918395996 832.557914733887
622.925708293915 605.939975738525 672.441802978516 580.790786743164 516.858917236328 588.189720153809 595.300277709961 626.718856811523 587.817207336426 627.558040618896 804.600700378418 696.889907836914 630.882735729218 597.005058288574 568.552795410156 688.796197891235 609.732391357422 775.966896057129 667.717198371887 682.180215835571 680.689502716064 800.082138061523 793.652626037598 756.464729309082 748.42181968689 629.446662902832 621.135807037354 558.311477661133 675.67472410202 621.717315673828 621.154151916504 558.174293518066 759.734756469727 760.925605773926 687.193901777267 694.326516628265 692.351854324341 463.21647644043 505.58283996582 754.573356628418 540.640121459961 658.644866943359 984.768684387207 893.234523773193 1062.55946350098 765.924676895142 1041.20740509033 674.083633422852 681.69743347168 719.933967590332
621.950031280518 626.881172180176 710.555130004883 707.146270751953 697.105522155762 615.468280792236 669.446151256561 628.852241516113 559.169654846191 641.558616638184 730.640958786011 690.123483657837 616.439521789551 625.904346466064 517.070495605469 638.971439361572 718.146110534668 669.797210693359 707.545539855957 609.466148376465 675.47721862793 650.233114719391 599.46488571167 666.959226608276 664.390796661377 668.333400726318 478.88508605957 556.00269317627 626.303863525391 557.525447845459 697.633807897568 682.054214477539 686.396018981934 686.547336578369 711.233556747437 698.284982681274 701.914131164551 603.53101348877 508.931915283203 733.639183044434 518.425415039062 698.853332519531 684.173126220703 866.941024780273 627.056823730469 766.439346313477 1203.87065124512 673.79320526123 574.968673706055 738.50203704834
738.209114074707 768.466766357422 761.50032043457 777.135055541992 627.431604385376 693.125492095947 614.090545654297 583.471321105957 549.00260925293 561.244750976562 648.765106916428 611.242946624756 658.944595336914 642.682356834412 512.959686279297 686.903675079346 711.199710845947 630.094333648682 571.812103271484 567.724365234375 817.401206970215 674.650115966797 502.938781738281 585.472045898438 592.512870788574 603.463066101074 684.412583827972 645.363952636719 658.534252166748 572.219074249268 759.16902923584 722.685094833374 700.208190917969 818.076171875 1013.99383544922 882.675155639648 657.871473073959 561.858268737793 566.237686157227 781.442310333252 597.988586425781 846.33856010437 657.267364501953 570.205139160156 748.925277709961 484.447357177734 1070.58058166504 693.190383911133 660.008255004883 749.368591308594
798.459381103516 656.343421936035 638.931751251221 618.539615631104 617.69630241394 617.099738121033 585.640975952148 505.686141967773 561.644332885742 685.474983215332 695.076210021973 585.059509277344 681.812641143799 640.210392475128 520.340682983398 656.448155164719 560.51830291748 608.51061630249 585.910713195801 821.655548095703 663.451724052429 656.993698120117 689.673651695251 702.562411308289 659.274343490601 593.331809997559 744.811256408691 596.817184448242 630.091369628906 643.628295898438 715.659191131592 837.254730224609 763.068351745605 814.287902832031 777.418167114258 777.519920349121 654.913209915161 627.540237426758 736.21794128418 725.387016296387 711.567794799805 759.76252746582 576.422897338867 638.202758789062 814.08708190918 513.669921875 570.788909912109 699.241249084473 882.288101196289 1117.5577507019
670.117267608643 637.013526916504 620.971340179443 550.605377197266 623.595512390137 703.130073547363 713.868061065674 629.253192901611 683.721845626831 590.791240692139 651.710429191589 446.574203491211 514.923187255859 681.528198242188 438.276275634766 588.420108795166 567.347721099854 672.962844848633 687.058876037598 694.471225738525 748.763954162598 592.579032897949 593.468158721924 614.757537841797 553.844749450684 610.480377197266 458.552841186523 765.391456604004 741.79217338562 575.400077819824 755.819076538086 591.936874389648 751.372459411621 758.477703094482 775.968925476074 764.932518005371 848.412628173828 754.543174743652 740.376148223877 670.048767089844 470.511749267578 1038.27590942383 539.249816894531 592.380493164062 1137.48927214742 645.524673461914 953.69563293457 741.293678283691 958.67539024353 629.960327148438
695.781223297119 738.16845703125 603.926006317139 539.081008911133 563.618110656738 541.020118713379 611.708078384399 618.169768333435 647.453796386719 575.119226455688 616.219505310059 564.743232727051 726.457443237305 1240.1805267334 1164.13981628418 686.374805450439 689.760726928711 632.009281158447 602.156631469727 675.289260864258 751.171188354492 720.418659210205 748.550720214844 824.845573425293 452.666152954102 679.040586471558 617.859891891479 705.197774410248 742.371234893799 606.648002624512 626.279258728027 574.449401855469 732.047903060913 712.003252029419 761.967292785645 651.382493972778 824.936477661133 731.175329208374 716.046586990356 857.843696594238 634.185287475586 663.983581542969 777.339225769043 606.769912719727 551.913024902344 839.273506164551 864.939947128296 801.305019378662 740.696563720703 647.161560058594
582.987617492676 760.86742401123 579.538822174072 733.860191345215 532.447387695312 603.902019500732 513.569519042969 672.539096832275 619.961307525635 713.468837738037 728.279586791992 634.358950614929 608.803869724274 981.491287231445 659.363502174616 713.405326843262 689.561798095703 645.342160224915 679.320768356323 729.574172973633 561.804321289062 774.623329162598 881.815277099609 664.828289031982 788.367584228516 770.613334655762 744.869394302368 732.126518249512 709.585716247559 646.421768188477 715.606246948242 650.705253601074 681.342681884766 654.091979980469 680.472093582153 661.249431610107 735.961715698242 513.798301696777 595.359214782715 907.932647705078 1296.15339660645 598.608505249023 978.327484130859 557.287322998047 399.383911132812 661.672401428223 852.695423126221 873.192150115967 735.183475494385 1154.30446243286
782.817016601562 719.860916137695 741.020050048828 660.151849746704 694.268985748291 670.744422912598 609.990531921387 683.184127807617 697.612937927246 554.190498352051 632.095703125 781.411849975586 642.718955993652 556.134309768677 536.72599029541 614.169036865234 586.083618164062 746.808715820312 659.074959516525 834.557327270508 799.3327293396 690.925270080566 1261.56651306152 684.552463531494 729.395919799805 639.061177480966 676.985553741455 804.194496154785 760.939666748047 827.497077941895 794.738784790039 730.520835876465 800.047676086426 663.550163269043 730.183490753174 840.379341125488 761.510482788086 593.752708435059 637.17626953125 1101.48311805725 619.389099121094 531.46208190918 501.086578369141 1433.36473083496 520.188323974609 1703.36730957031 768.152011871338 742.486309051514 1008.69093322754 809.679725646973
1241.17614746094 901.479694366455 773.013072967529 753.770416259766 747.496997833252 731.960693359375 646.563681125641 597.153736114502 602.68830871582 662.099067687988 651.485258102417 866.783271789551 843.116207122803 686.184440612793 683.786903381348 1180.41264343262 884.434265136719 690.71110534668 631.326096653938 697.762950897217 591.56649017334 584.925415039062 581.164710998535 856.667045593262 728.423366546631 700.776842355728 687.186264038086 721.06563949585 712.847045898438 883.875091552734 734.074996471405 855.695823669434 708.509031295776 748.249499559402 710.6655626297 624.687385559082 766.912517547607 672.922288894653 712.562215805054 834.4420337677 576.606491088867 487.040298461914 474.370178222656 650.575729370117 879.693695068359 898.784515380859 641.158767700195 714.576286315918 733.023635864258 705.105308532715
