simdem/realisation31.asc
NCOLS 350 
NROWS 171 
XLLCORNER 152620 
YLLCORNER 418050 
CELLSIZE 100 
NODATA_value -9999 
[rows 66 to 87 of 171, columns 50 to 99 of 350]
452.058616638184 446.059192657471 394.449836730957 413.54407119751 465.052211761475 440.838875770569 535.770774841309 357.50216293335 420.16922044754 311.622787475586 388.838247299194 355.036326885223 386.547737121582 288.990463256836 390.011455535889 454.99324798584 329.610107421875 380.663307189941 332.483592987061 580.876937866211 456.403961181641 414.605567932129 369.689994812012 290.937850952148 272.858093261719 272.877975463867 420.602161407471 340.761871337891 295.281608581543 242.153427124023 363.336231231689 411.200358390808 365.780742645264 391.826425552368 469.715274810791 446.080450057983 385.41029548645 368.478939056396 432.612909317017 517.075576782227 466.416315078735 544.811096191406 465.563158035278 423.981459617615 347.107215881348 335.643730163574 498.135234832764 547.845863342285 402.771125793457 473.657218933105
607.110824584961 355.860076904297 486.247749328613 412.763740539551 395.17115020752 325.722526550293 450.808135598898 342.464395523071 331.599346160889 386.101890563965 289.004497528076 271.486274719238 310.042610168457 380.209692239761 434.574165344238 325.857146382332 415.917381286621 518.236053466797 374.593427658081 326.153648376465 393.857639312744 451.206443786621 397.986006736755 309.457359313965 408.258234024048 403.90167427063 265.21467590332 324.824867248535 207.108764648438 341.688861846924 314.329376220703 424.434671401978 313.379829406738 402.018443584442 508.72053527832 426.177516937256 406.504879951477 412.660718917847 412.242475509644 552.725158691406 516.259063720703 618.546356201172 533.175521850586 463.266185760498 440.214774131775 352.834144592285 593.645370483398 524.955177307129 424.260823249817 430.357646942139
468.850692749023 454.752494812012 493.318691253662 378.862930297852 383.170402526855 426.256282806396 481.732643127441 375.432456970215 355.836796760559 283.987506866455 301.336433410645 332.203657150269 470.179100036621 506.983276367188 357.963285446167 354.669707775116 351.930345535278 394.385822296143 448.485641479492 323.426574707031 299.74284362793 347.629486083984 490.734970092773 340.07592010498 313.937675476074 425.477230072021 404.155515670776 353.335220336914 288.39086151123 298.812622070312 436.547988891602 516.612716674805 454.90799331665 408.043521404266 338.434539794922 343.132972717285 400.539798736572 273.842315673828 353.317687988281 529.823951721191 607.960159301758 557.933044433594 547.532348632812 415.465505599976 477.594287872314 392.195777893066 507.084186553955 493.089420318604 563.95760345459 481.073614120483
584.751159667969 578.838119506836 381.080879211426 445.220836639404 450.625087738037 492.060905456543 356.576761245728 357.255362510681 332.382239580154 291.567001342773 419.859119415283 320.069616317749 454.991233825684 575.245941162109 318.620769500732 351.17467880249 283.627410888672 492.492572784424 400.964485168457 355.655710220337 312.504524230957 488.682945251465 351.187530517578 345.527462005615 347.472938537598 511.707794189453 361.016180038452 395.903738021851 181.379867553711 328.27653503418 342.214664459229 398.115447998047 324.568817138672 559.954772949219 397.360228538513 449.495681762695 521.412803649902 426.516523361206 376.287521362305 409.278630256653 563.463623046875 505.454467773438 448.089059591293 364.855392456055 371.156463623047 408.874931335449 466.001708030701 490.617567062378 611.470718383789 571.374443054199
489.660203933716 450.718985080719 304.228080749512 401.298114776611 434.20662689209 401.602338790894 441.983879089355 300.905212402344 282.703880310059 423.419227600098 394.589111328125 363.007510185242 520.791275024414 394.124889373779 406.432849884033 394.123039245605 425.784423828125 485.541519165039 564.635513305664 468.573287963867 419.186096191406 297.072311401367 357.416706085205 409.494777679443 378.350723266602 434.842060089111 454.106075286865 394.477426052094 165.451736450195 405.515020370483 332.237411499023 384.480830192566 315.192428588867 474.055191040039 525.467948913574 442.493240356445 439.550724029541 388.71644115448 460.947975158691 517.094192504883 563.81965637207 369.140743255615 331.325439453125 392.516044616699 349.886528015137 458.342083930969 609.381774902344 563.893539428711 537.289764404297 600.071533203125
559.731491088867 415.632965087891 415.265457868576 546.848815917969 392.363378286362 450.182739257812 372.603409767151 369.485954284668 256.59415435791 346.123359441757 350.621141433716 435.145126342773 301.106704711914 471.371711730957 592.975112915039 502.84016418457 421.816612243652 446.750465393066 442.524276733398 377.371321439743 379.304969787598 412.968023300171 392.409372806549 375.879218578339 472.139602661133 496.358276367188 620.934280395508 220.841735839844 302.143531799316 451.359298706055 362.357440948486 419.482364654541 399.705368995667 215.5126953125 310.08568572998 427.004590988159 411.422592639923 322.305221557617 510.839691162109 518.671043395996 557.6748046875 452.553141593933 366.807579040527 443.596172332764 387.947174072266 307.588088989258 476.482097625732 467.845943450928 452.0626745224 522.305858612061
437.7008228302 387.559288024902 454.485752105713 336.080780029297 496.959396362305 456.37321472168 314.613761901855 235.888687133789 347.967061877251 260.571228027344 311.547859191895 330.956831812859 371.980531692505 524.847961425781 485.803375244141 491.599449157715 400.148801803589 435.30403137207 329.854339599609 428.487731933594 353.220344543457 383.945413589478 314.981826782227 328.629070281982 366.589363098145 398.406032562256 451.000904083252 332.340528011322 347.48299407959 404.220330715179 416.265338897705 352.788640975952 320.469306945801 326.267097473145 460.180419921875 508.462013244629 502.246910095215 485.012763977051 501.447746276855 505.495544433594 568.555511474609 605.961685180664 520.02583694458 472.906183242798 500.917140960693 581.723976135254 512.03685760498 395.966415405273 497.032360076904 510.61528968811
393.64688873291 325.703269958496 518.708992004395 374.135013222694 436.83683013916 512.148696899414 494.562973022461 322.273502349854 208.044281005859 420.287124633789 299.288066864014 296.964656829834 384.851528167725 526.280914306641 400.798221588135 305.980728149414 272.636505126953 320.156955718994 435.760059356689 462.914047241211 448.386360168457 487.179672241211 364.222111821175 344.302888870239 485.209609985352 340.607414245605 299.385620117188 441.908081054688 297.622581481934 332.275245666504 260.056327819824 295.461196899414 403.702809333801 370.502722740173 390.784045934677 402.365916728973 282.00439453125 400.765113830566 347.05403137207 384.278198242188 390.665645599365 551.669410705566 409.96960067749 489.405809402466 388.40535736084 353.263542175293 530.776536941528 562.305290222168 486.312017917633 500.43811917305
359.474105834961 391.762474060059 501.964889526367 402.922433853149 385.525272369385 394.233009338379 402.739818572998 445.114303588867 354.239100933075 323.648960113525 335.057085037231 264.639358520508 365.968271255493 377.696268081665 424.617515563965 460.239273071289 490.660682678223 561.495803833008 476.761642456055 437.805686950684 460.448860168457 511.565536499023 598.218612670898 319.604076385498 244.855316162109 378.773151397705 358.124500274658 334.245189666748 476.691841125488 395.960538864136 327.241882324219 354.130559921265 386.20482635498 437.240995407104 386.526056289673 417.626155853271 269.067581176758 264.863571166992 430.834465026855 520.624839782715 486.349563598633 518.610321044922 452.949787139893 349.025352478027 370.229072570801 400.908531188965 449.711910247803 583.188270568848 496.209314823151 537.488178253174
460.53889465332 285.34895324707 397.725799560547 360.363151550293 223.486633300781 178.875686645508 252.615203857422 274.518486022949 368.62628364563 357.276660323143 323.524360656738 430.279846191406 299.847206115723 322.88433265686 263.616195678711 305.71439743042 331.657928466797 428.20100402832 391.438220977783 323.711906433105 326.563152313232 424.593482971191 393.016222000122 236.389747619629 184.930541992188 270.418029785156 386.814743995667 293.629058837891 273.833023071289 349.282039642334 253.725112915039 394.651144504547 394.440421104431 317.414558410645 460.006351470947 283.591552734375 273.543579101562 401.152038574219 445.149011611938 576.194679260254 639.000717163086 614.683502197266 456.750673294067 492.178791046143 523.290580749512 396.469062805176 526.1594581604 403.833305358887 382.137641906738 721.960494995117
545.682815551758 302.239410400391 333.440994262695 480.888801574707 475.895408630371 328.051136016846 305.875381469727 280.448860168457 289.657913208008 321.16849899292 381.346487045288 450.237319946289 377.429542541504 485.236831665039 320.438785552979 337.595607757568 382.901695013046 343.542888641357 273.091659545898 245.441482543945 355.361162185669 390.465747833252 452.489059448242 308.061500549316 330.419522285461 224.433517456055 465.772079467773 508.466613769531 418.539665222168 406.735503196716 329.07154083252 347.746917724609 287.442527770996 330.479415893555 498.271919250488 425.153650283813 385.866024017334 353.084411621094 534.702571868896 633.82878112793 658.540573120117 513.01741027832 521.130165100098 563.809013366699 503.665390014648 356.67073059082 410.894378662109 873.249777793884 427.543640136719 402.092025756836
384.150012969971 421.667190551758 334.458877563477 492.903800964355 462.369108200073 379.94193649292 367.520551681519 343.927555084229 317.827644348145 383.567017555237 477.478145599365 339.795314788818 498.910720825195 383.340606689453 360.654751777649 320.417846679688 363.5027564466 416.724338531494 324.831775665283 231.111480712891 401.446479797363 381.292972564697 321.631866455078 246.129516601562 225.681655883789 340.140933990479 432.508556365967 382.657626628876 330.067695617676 389.891053199768 513.102188110352 516.303184509277 379.795032501221 396.318114280701 516.79109954834 524.079689025879 244.086334228516 482.734344482422 577.555763244629 630.193405151367 545.32593536377 675.809539794922 481.21989440918 533.174957275391 604.830139160156 571.608657836914 467.077934265137 747.452293395996 368.872749328613 620.125377655029
425.733951568604 252.45743560791 231.00764465332 528.647033691406 545.323043823242 510.483741760254 244.53108215332 311.82502746582 436.514129638672 313.287956237793 281.077331542969 235.289459228516 304.150260925293 314.645748138428 410.68603515625 315.642650604248 318.535514831543 389.436603546143 433.152397155762 395.271217346191 357.175621032715 342.960338592529 320.924217224121 421.366302490234 345.1750831604 428.450099945068 370.551549911499 472.472633361816 423.160411834717 368.377128601074 524.234169006348 554.620498657227 411.426696777344 575.578338623047 638.599517822266 464.581199645996 286.686599731445 416.986129760742 535.545391082764 439.879333496094 569.998805999756 581.913196563721 416.208351135254 711.07689666748 617.99764919281 737.87865447998 505.625595092773 502.829923629761 588.175121307373 569.841659545898
320.82189655304 306.968347549438 270.549255371094 361.944744110107 336.823593139648 376.058795928955 374.404629230499 283.72078704834 306.8229637146 293.278125762939 366.886783599854 291.090072631836 301.687465667725 354.68637752533 312.845645904541 400.806270599365 374.513876199722 277.885566711426 422.075580596924 404.71236038208 268.243995666504 241.105239868164 294.887825012207 310.783081054688 338.543083190918 505.99974822998 538.016220092773 407.204497337341 462.328269958496 404.201658725739 461.940780639648 567.338439941406 445.531202316284 684.983291625977 545.076049804688 524.504890441895 576.268539428711 555.733741760254 488.785332679749 534.240493774414 602.859153747559 585.467041015625 754.11255645752 556.369413375854 659.432971954346 722.33797454834 796.377304077148 616.862678527832 573.530101776123 644.149703025818
388.29842376709 310.253898620605 316.652709960938 413.583854198456 286.872230529785 242.519409179688 372.251902580261 188.581985473633 242.441719055176 347.662805080414 522.162155151367 410.591957092285 286.395416259766 364.742638111115 527.095458984375 303.432525634766 239.350341796875 291.917182922363 196.301284790039 164.222625732422 296.363487243652 311.01976776123 281.839614868164 351.891702651978 374.689517021179 411.23165512085 425.24454498291 373.587247848511 387.981818199158 432.845764160156 356.296417236328 325.445869445801 426.137113928795 371.846618652344 564.580585479736 600.513214111328 692.620956420898 540.337699890137 420.040649414062 488.707069396973 490.506439208984 595.687335968018 964.880630493164 540.387977600098 519.765749931335 563.372493743896 819.238876342773 625.688980102539 519.8821144104 551.20002913475
225.54483795166 281.641380310059 343.069831848145 333.78150177002 269.035850524902 358.526103973389 330.812026977539 299.551181793213 317.260856628418 403.672286987305 552.25927734375 468.845275878906 327.381458282471 452.224746704102 412.861843109131 276.524894714355 205.694473266602 275.446411132812 281.533737182617 346.345060348511 329.203639984131 362.108652591705 341.032012939453 418.605710983276 526.999206542969 455.010166168213 393.527428627014 413.686496973038 288.270034790039 452.339923858643 509.453102111816 374.419372081757 394.480899810791 419.580944061279 407.057792663574 485.506875038147 488.251732110977 467.372970581055 394.760238647461 450.026504516602 763.769645690918 593.86279296875 758.162149429321 653.80908203125 473.812301635742 586.401077270508 585.381256103516 544.038101196289 487.877973556519 528.861839294434
307.009857177734 374.03409576416 305.610090255737 230.241081237793 529.025650024414 367.227746963501 489.349090576172 413.085666656494 404.325004577637 380.436239242554 389.782646179199 308.656730651855 483.304237365723 295.541679382324 467.565895080566 316.68900680542 195.087783813477 172.175765991211 341.218658447266 295.32300567627 436.688201904297 273.997093200684 509.26628112793 521.358642578125 269.166603088379 401.593370437622 529.73575592041 279.226348876953 461.851417541504 424.399885177612 404.958609342575 488.569366455078 419.596151351929 345.469696044922 290.423629760742 490.082288742065 406.183898925781 598.396951675415 745.366529464722 570.207893371582 478.444290161133 380.979873657227 423.263763427734 402.002006530762 436.96365737915 444.181186676025 472.054840087891 520.779633522034 478.144828796387 439.375694274902
393.774684906006 370.705720424652 240.887054443359 257.703430175781 406.392906188965 447.734848022461 443.556747436523 306.115657806396 377.465065002441 506.159164428711 354.094417572021 368.721821308136 295.123691558838 265.070701599121 335.6507396698 367.161767959595 307.615604400635 287.050895690918 347.464130401611 353.566560745239 424.211839675903 400.537944793701 330.112274169922 445.987339019775 482.46630859375 464.760360717773 527.169677734375 296.898857116699 331.801452636719 284.410598754883 331.637325286865 403.96997833252 389.628559112549 356.578140258789 355.808380126953 445.414073944092 468.247020721436 664.669322967529 652.637207984924 481.96671295166 391.399795532227 483.054561138153 440.821670532227 426.915504455566 588.725102424622 592.875806808472 741.122680664062 687.793045043945 745.560188293457 438.525604248047
551.580596923828 301.552825927734 245.039375305176 227.910636901855 226.285568237305 297.232345581055 336.822626113892 402.135192871094 341.505680084229 323.968189239502 353.333988189697 430.757286071777 289.886421203613 281.199180603027 432.67993927002 543.002548217773 411.20193862915 395.013618469238 382.176828384399 467.228050231934 375.874532341957 363.856647491455 304.814987182617 343.510845184326 459.071907043457 449.467960357666 409.636681318283 493.101081848145 431.748910903931 316.006240844727 261.44807434082 483.098815917969 428.25309753418 370.203926086426 331.000946044922 400.807334899902 654.680912017822 651.840942382812 569.445324897766 503.996501922607 319.111892700195 419.395095825195 555.336418151855 583.746961593628 457.778793334961 781.558288574219 791.598358154297 641.916896820068 716.632774353027 639.171907424927
365.148393630981 303.499732971191 386.514543056488 429.270137786865 224.134536743164 314.81498336792 250.672080993652 258.881946563721 240.714385986328 423.665691375732 316.774682998657 416.378349304199 436.697090148926 395.057136535645 382.795387268066 458.014274597168 499.275993347168 391.681818962097 467.895782470703 492.89111328125 441.374267578125 282.64412689209 158.301467895508 395.930274009705 609.351547241211 443.902423858643 405.300939798355 445.440994262695 385.333177566528 414.51859664917 338.068305969238 449.167491912842 434.274245262146 372.111114501953 397.647598266602 338.822219848633 488.958106994629 583.710161209106 604.540817260742 390.049369812012 486.010589599609 542.780094146729 547.848731994629 597.545734405518 695.058670043945 -9999 -9999 865.090312957764 628.592506408691 846.40552520752
368.390741348267 428.101097106934 444.671356201172 446.461200714111 278.778671264648 372.615051269531 393.216453552246 267.730186462402 226.317626953125 297.791912078857 321.932624816895 367.432836532593 397.884986877441 309.898246765137 385.856395721436 448.892379760742 322.822298049927 319.5830078125 505.604446411133 482.683601379395 329.787136077881 345.606307983398 368.016942977905 396.196136951447 373.976106643677 384.407014846802 342.665328979492 405.438333511353 418.655920028687 446.318799972534 492.7770652771 438.086807250977 345.577926635742 435.385635375977 482.014589071274 839.900436401367 543.810863494873 433.432266235352 371.497817993164 452.990505218506 452.01171875 464.063201904297 -9999 -9999 -9999 -9999 -9999 -9999 -9999 -9999
452.592018127441 333.627967834473 541.145980834961 573.190795898438 471.566505432129 610.521453857422 474.857971191406 218.344627380371 298.480125427246 337.976158976555 237.780647277832 319.78732252121 356.305589675903 335.548974990845 316.458730697632 378.281625747681 345.377233505249 310.735904693604 326.434555053711 508.313514709473 389.401762008667 478.765632629395 430.889432907104 375.066892623901 462.264278411865 427.513248443604 408.210965156555 436.934042930603 518.24201965332 406.997829437256 444.255837917328 393.826850891113 482.12313079834 415.994441986084 393.217979431152 533.748966217041 471.52416229248 470.521408081055 363.240219116211 759.341796875 535.219421386719 -9999 -9999 -9999 -9999 -9999 -9999 -9999 -9999 -9999
