simdem/realisation95.asc
NCOLS 350 
NROWS 171 
XLLCORNER 152620 
YLLCORNER 418050 
CELLSIZE 100 
NODATA_value -9999 
[rows 110 to 131 of 171, columns 300 to 349 of 350]
873.133033752441 842.28987121582 807.914840698242 832.191215515137 783.331237792969 903.400459289551 731.683601379395 855.41325378418 817.99153137207 717.540565490723 1024.85043334961 692.788131713867 1672.61962890625 894.931900024414 812.030338287354 865.684959411621 1360.22985839844 680.070907592773 833.163787841797 -9999 -9999 -9999 -9999 -9999 -9999 -9999 -9999 -9999 -9999 -9999 -9999 -9999 -9999 -9999 -9999 -9999 -9999 -9999 -9999 -9999 -9999 -9999 -9999 -9999 -9999 -9999 -9999 -9999 -9999 -9999
756.187652587891 568.750762939453 592.330753326416 798.051630020142 661.11360168457 791.401767253876 1191.47807312012 1354.12803649902 731.854949951172 944.178207397461 1509.99724197388 769.957565307617 865.705688476562 859.695417404175 847.542552947998 654.373168945312 846.897872924805 1211.99548339844 997.53874206543 -9999 -9999 -9999 -9999 -9999 -9999 -9999 -9999 -9999 -9999 -9999 -9999 -9999 -9999 -9999 -9999 -9999 -9999 -9999 -9999 -9999 -9999 -9999 -9999 -9999 -9999 -9999 -9999 -9999 -9999 -9999
747.946960449219 821.903705596924 1036.66160678864 694.613815307617 706.655662536621 831.730241775513 589.198471069336 879.047515869141 833.073153495789 1700.8614654541 1120.21893310547 945.757598876953 741.093078613281 973.101938247681 849.890909194946 1075.25088500977 627.045867919922 923.310348510742 1690.07252502441 686.277008056641 -9999 -9999 -9999 -9999 -9999 -9999 -9999 -9999 -9999 -9999 -9999 -9999 -9999 -9999 -9999 -9999 -9999 -9999 -9999 -9999 -9999 -9999 -9999 -9999 -9999 -9999 -9999 -9999 -9999 -9999
808.723205566406 717.790573120117 850.626179933548 812.56233215332 706.618385314941 762.654171466827 866.570697784424 879.790202140808 796.724342346191 2199.69407653809 796.879196166992 866.253875732422 937.709827423096 1122.73875427246 1177.46995544434 1022.95397949219 937.046798706055 709.390426635742 1037.8130645752 1282.66030883789 1141.9806060791 -9999 -9999 -9999 -9999 -9999 -9999 -9999 -9999 -9999 -9999 -9999 -9999 -9999 -9999 -9999 -9999 -9999 -9999 -9999 -9999 -9999 -9999 -9999 -9999 -9999 -9999 -9999 -9999 -9999
817.945241928101 748.658226013184 906.002489089966 844.797645568848 654.257244110107 806.698549151421 784.245733261108 688.902679443359 742.602661132812 1342.19857597351 916.174125671387 1133.81320762634 921.973274230957 963.534194946289 705.913604736328 703.747680664062 786.448844909668 978.659645080566 1073.76578140259 949.917823791504 947.084266662598 -9999 -9999 -9999 -9999 -9999 -9999 -9999 -9999 -9999 -9999 -9999 -9999 -9999 -9999 -9999 -9999 -9999 -9999 -9999 -9999 -9999 -9999 -9999 -9999 -9999 -9999 -9999 -9999 -9999
849.402736663818 888.239112854004 838.485421717167 906.436517715454 939.934833526611 879.389137268066 870.605491638184 820.154899597168 806.563087463379 998.611663818359 1371.86640167236 718.086349487305 896.466126918793 1209.9771194458 865.404223203659 857.830467224121 1208.92225265503 978.392925262451 1106.52487182617 764.619083404541 953.043441772461 877.291572570801 -9999 -9999 -9999 -9999 -9999 -9999 -9999 -9999 -9999 -9999 -9999 -9999 -9999 -9999 -9999 -9999 -9999 -9999 -9999 -9999 -9999 -9999 -9999 -9999 -9999 -9999 -9999 -9999
852.224334716797 770.671171188354 1018.76640319824 1205.79721069336 712.513069152832 782.280906677246 1300.57365226746 879.438697814941 666.661514282227 1096.34658813477 1065.08483886719 1342.25863647461 1081.49143218994 1159.64022660255 910.323801994324 851.138767242432 1394.20301437378 1306.60504150391 800.348079681396 786.07145690918 973.789184570312 963.23722076416 1107.66654968262 -9999 -9999 -9999 -9999 -9999 -9999 -9999 -9999 -9999 -9999 -9999 -9999 -9999 -9999 -9999 -9999 -9999 -9999 -9999 -9999 -9999 -9999 -9999 -9999 -9999 -9999 -9999
615.721862792969 467.482528686523 756.617645263672 811.758041381836 1324.34194755554 1400.87508201599 838.065902709961 905.998565673828 675.513038635254 743.34838104248 962.375148773193 880.436531066895 1272.20991897583 1426.24217224121 928.261455535889 989.90283203125 1168.74122238159 1011.38569641113 803.561708450317 878.017459869385 799.543067932129 952.81819152832 999.352294921875 -9999 -9999 -9999 -9999 -9999 -9999 -9999 -9999 -9999 -9999 -9999 -9999 -9999 -9999 -9999 -9999 -9999 -9999 -9999 -9999 -9999 -9999 -9999 -9999 -9999 -9999 -9999
711.93239402771 673.094982147217 765.944244384766 959.08158493042 861.663146972656 759.022834777832 928.607666015625 1174.17332458496 875.496887207031 966.707885742188 933.625829696655 801.067451477051 787.870208740234 991.614860534668 979.382846832275 1039.96615409851 710.491344451904 849.476775169373 820.422824859619 882.085586547852 814.833475112915 957.44987487793 998.870002746582 976.190460205078 -9999 -9999 -9999 -9999 -9999 -9999 -9999 -9999 -9999 -9999 -9999 -9999 -9999 -9999 -9999 -9999 -9999 -9999 -9999 -9999 -9999 -9999 -9999 -9999 -9999 -9999
809.444046020508 847.950197219849 716.052261352539 727.738380432129 1048.47769165039 811.487802505493 754.065063476562 806.349618911743 751.782259941101 855.103763580322 1065.12487792969 956.860137939453 836.530736923218 1155.74345397949 1285.43890762329 1007.49934387207 774.00989151001 838.199342727661 860.959669113159 814.689380645752 766.626834869385 876.040422439575 914.784132003784 1038.48362731934 975.016159057617 -9999 -9999 -9999 -9999 -9999 -9999 -9999 -9999 -9999 -9999 -9999 -9999 -9999 -9999 -9999 -9999 -9999 -9999 -9999 -9999 -9999 -9999 -9999 -9999 -9999
1286.00979995728 1753.87586021423 1034.65705871582 1168.21510696411 1265.49532318115 939.152252197266 744.777851104736 767.131065368652 701.766845703125 1331.23726654053 916.63516998291 833.085777282715 752.31665802002 1018.25955200195 774.368133544922 1475.86837339401 701.931900024414 818.051033973694 844.757123947144 854.510845184326 837.026106834412 861.078981399536 948.773193359375 1035.50625610352 880.79505443573 1080.61462402344 -9999 -9999 -9999 -9999 -9999 -9999 -9999 -9999 -9999 -9999 -9999 -9999 -9999 -9999 -9999 -9999 -9999 -9999 -9999 -9999 -9999 -9999 -9999 -9999
954.820666074753 1024.89852905273 1418.81481170654 1094.87496948242 1285.28663635254 1541.37698364258 1055.01831817627 739.923767089844 864.676349639893 964.883283615112 753.642158508301 860.089527130127 734.755813598633 731.072830200195 957.34725189209 848.734796524048 740.560478210449 902.28564453125 707.983108520508 842.50576210022 739.900329589844 951.267852783203 917.477424621582 847.795999526978 911.307529449463 984.20516204834 -9999 -9999 -9999 -9999 -9999 -9999 -9999 -9999 -9999 -9999 -9999 -9999 -9999 -9999 -9999 -9999 -9999 -9999 -9999 -9999 -9999 -9999 -9999 -9999
1146.69749450684 1096.77538299561 1364.87657165527 1075.03131103516 1170.64780807495 1314.22765350342 1471.31584835052 1045.677734375 1020.80472564697 1211.68793487549 1087.52596664429 747.918670654297 570.673431396484 858.276058912277 932.012470245361 753.354272842407 719.110645294189 714.971794128418 762.055725097656 740.939468383789 912.721027374268 840.101345300674 806.025283575058 861.371490478516 742.503479003906 796.744415283203 876.642578125 -9999 -9999 -9999 -9999 -9999 -9999 -9999 -9999 -9999 -9999 -9999 -9999 -9999 -9999 -9999 -9999 -9999 -9999 -9999 -9999 -9999 -9999 -9999
1377.73454284668 1182.66979980469 1205.81713867188 1088.16276550293 1013.37943267822 1280.02832794189 1450.85482406616 1192.00811386108 1014.29616165161 1053.06091880798 734.442764282227 667.830276489258 648.307159423828 725.467643737793 821.532276153564 747.886260986328 933.225860595703 824.684804916382 733.903507232666 840.39510345459 742.367378234863 790.468751907349 746.845699310303 797.8391456604 689.162902832031 794.363204956055 930.125621795654 920.882413864136 -9999 -9999 -9999 -9999 -9999 -9999 -9999 -9999 -9999 -9999 -9999 -9999 -9999 -9999 -9999 -9999 -9999 -9999 -9999 -9999 -9999 -9999
958.060516357422 1008.80620193481 1086.26847839355 962.107398986816 1009.15908956528 979.993835449219 1475.68950653076 1049.0620803833 1084.67823982239 771.067260742188 752.549674987793 726.440826416016 738.978485107422 808.179301261902 720.623714447021 850.225271224976 949.780281066895 843.116710662842 908.136833190918 817.159519195557 637.985977172852 723.846138000488 783.87020111084 831.951286315918 785.763153076172 877.565811157227 826.931114196777 807.596313476562 849.199626922607 -9999 -9999 -9999 -9999 -9999 -9999 -9999 -9999 -9999 -9999 -9999 -9999 -9999 -9999 -9999 -9999 -9999 -9999 -9999 -9999 -9999
1026.14191436768 666.317184448242 749.551727294922 1007.55964660645 1503.30598831177 1123.72095108032 1065.71669006348 1131.49311065674 913.416942596436 798.563034057617 863.437683105469 955.991302490234 886.027351379395 861.707374572754 869.032135009766 808.014793395996 762.353940963745 811.742130279541 871.406650543213 862.455947875977 710.558769226074 789.074138641357 810.392221450806 923.935768127441 698.499465942383 850.147275924683 809.552040100098 797.970336914062 832.134506225586 -9999 -9999 -9999 -9999 -9999 -9999 -9999 -9999 -9999 -9999 -9999 -9999 -9999 -9999 -9999 -9999 -9999 -9999 -9999 -9999 -9999
863.645706176758 653.331939697266 1404.06901931763 1346.11686134338 1183.40612030029 1044.72927093506 1240.02168273926 1022.92053222656 1363.44886779785 911.428314208984 958.196472167969 894.949432373047 878.191143035889 714.173526763916 772.776248931885 837.846326828003 756.005813598633 767.433158874512 832.943782806396 902.253509521484 855.624719619751 782.172590732574 801.146366119385 874.391494750977 759.8932762146 860.278030395508 850.493863105774 878.056062698364 845.020811080933 801.206172943115 -9999 -9999 -9999 -9999 -9999 -9999 -9999 -9999 -9999 -9999 -9999 -9999 -9999 -9999 -9999 -9999 -9999 -9999 -9999 -9999
797.35124206543 739.021591186523 1152.32481765747 1520.12519073486 2093.39700317383 1308.61944580078 1155.37833786011 1115.78377532959 1277.63069152832 897.507507324219 873.331996917725 860.498252868652 811.124449729919 659.704132080078 739.460758209229 767.974086761475 886.841159820557 646.065780639648 758.936386108398 740.57080078125 742.58145904541 753.46501159668 684.469512939453 788.164722442627 944.88452911377 928.050598144531 752.743583679199 850.30924987793 862.729011535645 746.486740112305 843.711171627045 -9999 -9999 -9999 -9999 -9999 -9999 -9999 -9999 -9999 -9999 -9999 -9999 -9999 -9999 -9999 -9999 -9999 -9999 -9999
987.810539245605 1004.49265289307 774.012344360352 1359.42707443237 1563.98965454102 1655.82342529297 1508.14109802246 1090.61465835571 1031.09443187714 943.650156021118 1094.87856292725 1121.72201538086 977.324920654297 900.535247802734 879.148788452148 735.735816955566 832.546772956848 861.88801574707 610.284866333008 815.416469573975 803.902100563049 830.231719970703 705.714950561523 766.352386474609 812.357769012451 904.143981933594 770.256660461426 920.430484771729 859.514709472656 834.483672142029 923.89892578125 -9999 -9999 -9999 -9999 -9999 -9999 -9999 -9999 -9999 -9999 -9999 -9999 -9999 -9999 -9999 -9999 -9999 -9999 -9999
1093.03251647949 836.376937866211 746.923736572266 1312.07741546631 1169.3126373291 1472.33953094482 1408.65451812744 1239.63882446289 1669.76428985596 1384.80461883545 1261.25761413574 1354.18000793457 1142.82289886475 1761.2287902832 1168.5500087738 827.522197723389 816.163017272949 917.445529937744 729.817947387695 618.456115722656 853.031980514526 993.747932434082 781.660163879395 810.95697593689 870.575992584229 861.541812896729 876.421710968018 872.156534194946 840.005012512207 623.941421508789 860.622902870178 978.886413574219 -9999 -9999 -9999 -9999 -9999 -9999 -9999 -9999 -9999 -9999 -9999 -9999 -9999 -9999 -9999 -9999 -9999 -9999
1011.7250289917 894.41064453125 746.601196289062 963.035804748535 893.414845466614 1371.59837341309 1597.00819969177 1210.45836639404 1219.09668540955 1288.69125366211 1239.23160934448 1252.82672119141 1076.66627883911 1488.81055450439 966.913756370544 1121.53210449219 1112.84590148926 851.136562347412 822.146010875702 940.978073120117 1033.97706604004 918.14965057373 840.321830749512 820.933325052261 816.439565658569 794.233768463135 886.112804412842 822.316329956055 790.189025878906 549.36767578125 853.478734970093 930.576431274414 1077.25843811035 -9999 -9999 -9999 -9999 -9999 -9999 -9999 -9999 -9999 -9999 -9999 -9999 -9999 -9999 -9999 -9999 -9999
793.134620666504 1095.31074523926 1231.3115234375 837.25065612793 742.085258483887 1148.52722930908 1312.23735046387 1153.20706939697 1374.30783843994 1372.22075748444 1354.29141235352 1327.90946960449 1097.66815567017 1079.98394393921 951.202795505524 1046.66752624512 1076.51766204834 853.35807800293 914.037155151367 991.30387878418 865.30871963501 946.273597717285 897.900455474854 831.063774108887 813.329223632812 738.598541259766 780.383815765381 775.616119384766 788.268157958984 659.849685668945 722.339157104492 910.832049846649 879.747802734375 -9999 -9999 -9999 -9999 -9999 -9999 -9999 -9999 -9999 -9999 -9999 -9999 -9999 -9999 -9999 -9999 -9999
