simdem/realisation96.asc
NCOLS 350 
NROWS 171 
XLLCORNER 152620 
YLLCORNER 418050 
CELLSIZE 100 
NODATA_value -9999 
[rows 44 to 65 of 171, columns 100 to 149 of 350]
565.10733795166 498.014450073242 412.502073287964 427.083676815033 478.770214080811 366.459999084473 573.181304931641 538.358016967773 404.903722763062 390.004020690918 380.525211334229 421.777632236481 389.784107208252 442.345564842224 421.305097579956 500.222305297852 443.263454437256 442.001491546631 551.325119018555 515.416809082031 572.972023010254 464.52349281311 496.500809669495 593.235649108887 513.367652893066 526.492349624634 457.696220397949 490.61665725708 575.747604370117 563.911842346191 575.449806213379 505.621437072754 637.058197021484 522.070728302002 554.87381362915 384.73804473877 446.813247680664 468.356992721558 499.666041851044 475.477146148682 554.46329498291 606.703353881836 379.419013977051 353.982467651367 424.612670898438 524.721559524536 556.594806671143 506.886278152466 570.40336227417 573.38916015625
490.087646484375 487.323793411255 540.170188903809 678.776489257812 597.06526184082 478.900024414062 508.490783691406 473.787073135376 496.909976959229 492.881549835205 446.761387437582 413.934093475342 328.889755249023 528.357727050781 559.889503479004 470.162582397461 600.051284790039 487.420401573181 488.956253051758 488.607223510742 546.45809173584 600.65877532959 448.161071777344 506.156143188477 517.413846969604 550.937744140625 519.136966705322 561.447723388672 567.703296661377 438.577529907227 513.060377120972 419.448570251465 532.685966491699 418.024253845215 356.952735900879 579.973289489746 392.240936279297 516.03346824646 476.632266998291 532.478519439697 588.848197937012 427.25643157959 375.534912109375 350.269073486328 575.581237792969 531.485824584961 535.100639343262 446.781471252441 448.420078277588 514.433870315552
446.330284118652 438.083711147308 600.454864501953 558.626205444336 618.753723144531 509.910938262939 356.826271057129 456.744075119495 471.373920440674 484.326282501221 425.753021240234 417.340680122375 453.551246643066 360.894874572754 570.643974304199 391.633934020996 554.358406066895 393.69287109375 390.821151733398 470.123971655965 450.669719696045 527.584175109863 493.613832473755 515.545421600342 360.923736572266 558.364677429199 552.945365905762 676.155776977539 550.253761291504 599.935401916504 484.71729850769 543.547016143799 520.114147186279 535.175354003906 413.160865783691 406.674224853516 390.750770568848 570.957824707031 602.820358276367 434.084602355957 516.659488677979 470.041456222534 366.524322509766 300.416915893555 416.158447265625 416.835975646973 459.51766204834 530.069232940674 549.254936218262 666.000411987305
394.780563354492 645.269744873047 510.29370880127 480.451906204224 485.195495605469 478.644618988037 464.184873580933 466.02730178833 443.82412147522 386.390838623047 421.89421081543 438.251009464264 528.829837799072 412.548782348633 563.195724487305 450.880692720413 397.420341491699 489.184307098389 374.739250183105 511.338893890381 564.610900878906 510.78791809082 463.900450706482 533.946397781372 572.236865997314 423.448860168457 495.849201202393 557.856216430664 504.261581420898 517.439836025238 676.095031738281 525.260955810547 545.917831420898 488.091432571411 567.158027648926 373.451591491699 466.977939605713 525.975114822388 538.028419494629 566.62829208374 427.538093566895 429.902114868164 435.69709777832 451.837333679199 342.802597045898 546.592010498047 408.69987487793 557.421073913574 538.31623840332 760.577667236328
431.006749153137 484.898551940918 426.208003044128 471.442779541016 449.102957725525 463.286756515503 607.277633666992 581.999839782715 482.232730865479 443.205655097961 422.26148223877 445.019128799438 661.899810791016 577.636734008789 495.58740234375 442.207260131836 417.059860229492 480.791695356369 556.890098571777 507.420349121094 524.85124206543 589.825866699219 424.336959838867 416.670394897461 395.643218994141 437.52806854248 450.792942047119 499.110568523407 511.36890411377 656.031616210938 676.241607666016 635.393089294434 533.299015045166 623.603576660156 605.753997802734 541.181385040283 563.844223022461 469.078243255615 558.324081420898 567.089073181152 464.432350158691 487.772576332092 535.955234527588 377.375213623047 547.126125335693 420.190040588379 533.665607452393 469.490388870239 387.6201171875 632.057678222656
534.134887695312 481.580629348755 408.61429977417 314.525360107422 443.469038963318 505.697359085083 539.037895202637 551.369346618652 464.809085845947 490.289505004883 492.436782836914 498.049434661865 594.777900695801 378.594543457031 465.6842918396 519.520259857178 473.673624038696 506.752129554749 514.80887055397 492.911247730255 379.093635559082 523.651653289795 449.620594024658 399.973045349121 487.981168746948 280.120559692383 447.00804901123 474.005035400391 475.910350799561 608.383110046387 543.280359268188 562.032299041748 533.441360473633 524.497484207153 469.306930541992 422.048149108887 510.389814376831 483.863567829132 433.292175292969 287.816452026367 442.248527526855 421.092224121094 511.350850582123 599.558403015137 390.297401428223 452.752319335938 521.275136947632 598.240242004395 587.913711547852 620.74494934082
420.718151092529 469.986152648926 478.987901687622 581.572540283203 609.669174194336 594.559219360352 572.873435974121 624.162002563477 574.989059448242 357.119682312012 310.701065063477 409.809272766113 435.082670211792 464.278708219528 508.820503234863 520.301795959473 408.38916015625 447.403465270996 364.017356872559 478.967189788818 424.169662475586 467.165142059326 502.359485626221 403.634853363037 528.503686875105 499.513607025146 460.264602661133 515.692321300507 476.112592697144 472.086807250977 483.637939453125 532.024983882904 472.901954650879 483.010132789612 574.586849212646 566.955516815186 642.436447143555 465.008882522583 453.739147186279 507.234234809875 438.720024108887 392.473022460938 440.111721038818 618.225784301758 683.884201049805 616.331184387207 668.626922607422 661.829559326172 663.094833374023 531.253269195557
452.548282623291 469.171478271484 347.868301391602 472.247930526733 580.913757324219 515.024658203125 517.591888427734 592.951446533203 399.46076965332 404.73999786377 376.285873413086 502.908098220825 636.173599243164 404.77271270752 383.257736206055 517.982349395752 362.698715209961 481.46573972702 435.516082763672 372.166702270508 488.356165885925 395.461807250977 526.204797744751 407.273399353027 518.091552317142 502.449837684631 507.095256328583 463.36600112915 392.294715881348 547.388813018799 484.613855361938 551.648105621338 522.991374969482 590.47875213623 630.886505126953 556.034423828125 568.075260162354 690.676971435547 516.109289169312 518.073811292648 602.132354736328 462.383949279785 434.436668395996 467.778549194336 458.269836425781 614.662887573242 481.73388671875 580.949119567871 615.619804382324 491.673419952393
518.974090576172 418.58466053009 417.845115661621 522.126014709473 498.89049911499 374.145683288574 561.585227966309 616.308380126953 490.900032043457 440.795631408691 331.315017700195 410.165302276611 553.65991973877 473.726110458374 492.58308172226 536.884395599365 576.476516723633 491.044979691505 436.67569732666 502.270704269409 608.928421020508 404.67301940918 390.934310913086 482.268011808395 476.65315246582 397.923759460449 593.131607055664 486.291544914246 436.566440582275 573.930068969727 569.784233093262 560.133377075195 548.937870025635 462.851535797119 539.38858294487 422.173301696777 524.366189002991 502.9938621521 556.709716796875 460.240600585938 640.412643432617 468.133716583252 417.992942810059 515.276955366135 416.692276000977 517.924873352051 506.792583465576 543.961156845093 541.098419189453 457.109470367432
444.544637680054 493.98514175415 506.53734588623 465.391174316406 473.724716186523 362.837074279785 681.952056884766 475.982322692871 461.154690742493 503.035345077515 420.513744354248 553.01131439209 583.291938781738 581.615051269531 552.747163772583 537.533317565918 654.981903076172 601.759048461914 449.37149810791 459.181003570557 427.201202392578 493.17956829071 633.626892089844 512.324784755707 582.634872436523 485.671352624893 436.96021270752 349.372985839844 474.312341690063 511.741755008698 647.241485595703 456.895915985107 444.443130493164 424.484420776367 560.446269989014 399.922355651855 417.791091918945 558.99168586731 582.584415435791 627.276947021484 575.776180267334 487.729785919189 477.038898468018 458.251113891602 411.110305786133 460.156944274902 644.454025268555 519.118925094604 509.553352355957 488.373260498047
438.566822528839 538.096801757812 475.509651184082 631.018142700195 550.324935913086 478.458999633789 595.59073638916 471.529304504395 507.962892532349 436.817832946777 411.457000732422 510.878816604614 415.456741333008 595.421028137207 598.017250061035 592.977073669434 541.889083862305 427.220031738281 451.694664001465 403.901329040527 452.89510345459 403.385284423828 591.184646606445 553.726367950439 404.271995544434 407.641677856445 447.446220397949 425.433860778809 513.83021068573 417.724998474121 560.715404510498 495.270133972168 424.103813171387 367.472396850586 583.870300292969 564.847713470459 566.081283569336 565.984851837158 606.74674987793 598.791023254395 649.194030761719 633.187103271484 511.020132064819 535.36266374588 467.828899383545 412.037185668945 394.163848876953 492.142143249512 370.471542358398 582.657871246338
503.418525695801 478.278606414795 467.333339691162 475.131572723389 567.765113830566 380.589569091797 497.962181091309 537.710563659668 587.410369873047 402.048164367676 461.389495849609 488.833050251007 556.017906188965 621.672302246094 433.40816116333 509.7724609375 502.484616279602 346.761611938477 584.908950805664 529.630504608154 489.662411689758 474.27409362793 539.092802047729 468.232528686523 509.747731208801 533.404656410217 555.049350738525 315.948272705078 473.519432067871 651.637702941895 516.936458587646 446.385124206543 302.114990234375 470.810924530029 619.142303466797 456.249488830566 570.054634094238 596.501449584961 730.031677246094 636.270172119141 604.985458374023 551.99853181839 633.285934448242 531.460987091064 512.490720748901 455.546524047852 448.26050567627 470.379608154297 464.288200378418 556.227700710297
497.358467102051 349.929039001465 470.358543395996 561.404434204102 406.555896759033 318.830207824707 539.928268432617 693.467269897461 587.654960632324 402.204154968262 355.58349609375 419.822227478027 614.092147827148 525.007701873779 383.360466003418 398.139953613281 283.364501953125 321.391342163086 458.444686889648 576.939987182617 443.256118774414 540.584720611572 465.097751617432 477.106128692627 509.139312744141 474.346843719482 534.370292663574 561.209571838379 754.996395111084 549.431156158447 615.057132720947 527.849540710449 393.62060546875 441.146675109863 578.992542266846 533.121627807617 415.882568359375 484.727184295654 743.587516784668 629.767593383789 416.032875061035 606.679668426514 589.893436431885 411.627212524414 491.791889190674 612.68953704834 471.462066650391 504.561443328857 606.513732910156 442.718528747559
389.385765075684 456.665169715881 517.874618530273 431.853244781494 262.317581176758 518.703330993652 583.845474243164 680.526428222656 496.281131744385 485.611618041992 273.07243347168 399.432155609131 522.645374298096 491.633495330811 424.088737487793 519.210494995117 338.811477661133 329.699859619141 467.025639533997 527.786699295044 493.2379322052 480.170257568359 369.718185424805 433.504676818848 537.671798706055 443.100730895996 461.934516906738 337.698181152344 494.889152526855 626.669555664062 727.328395843506 547.196647644043 500.011520385742 436.602989196777 473.403045654297 568.118980407715 440.182006835938 504.714508056641 548.703674316406 558.401562690735 665.194679260254 627.905334472656 578.088638305664 512.393489837646 454.714797973633 417.112167358398 620.045227050781 687.310668945312 535.805089950562 624.995994567871
446.300634384155 433.560921669006 388.984874725342 256.591552734375 420.132610321045 504.680027008057 452.585868477821 524.937919616699 557.164588928223 459.933280229568 446.121795654297 469.643283843994 467.770506858826 527.683235168457 536.345932006836 459.217213630676 387.136283874512 431.675670623779 542.96911239624 598.820129394531 427.876960754395 476.162975311279 457.153358459473 444.244289398193 471.754209518433 508.635273933411 441.589797973633 433.993816375732 457.965717315674 528.662436008453 576.873683452606 663.061553478241 613.476820468903 653.014038085938 570.249297052622 535.878511428833 535.722234725952 542.57625579834 705.567775726318 475.764007568359 382.962112426758 542.715394973755 579.28275680542 554.759791851044 507.627689361572 400.007431030273 677.585201263428 532.297288894653 551.340510368347 499.50724029541
414.83203125 358.972305297852 285.739395141602 435.154319763184 476.655714035034 513.711006164551 412.138614654541 471.203364849091 390.966983795166 397.104537963867 473.894124031067 551.331604003906 438.65389251709 380.503723144531 447.215999603271 460.148214817047 416.86213684082 555.892333984375 534.940044403076 558.806411743164 481.599116325378 454.911833763123 532.059455871582 475.343993663788 565.794792175293 464.524225234985 408.743072509766 534.443742752075 395.95166015625 551.33793258667 510.993336319923 551.49093914032 516.640892028809 559.572040557861 549.290592193604 679.76545715332 709.221822738647 655.488693237305 747.386978149414 571.699464797974 485.054656982422 526.22922706604 636.439033508301 415.202041625977 511.303478240967 612.279846191406 610.571849822998 463.634727478027 613.929954528809 457.692100524902
459.079542160034 421.706005096436 392.118103027344 560.790435791016 518.13383102417 523.579956054688 315.428512573242 342.318031311035 384.17781829834 556.722915649414 597.057998657227 488.654504776001 402.134811401367 425.012649536133 469.937597990036 451.822504043579 627.67936706543 509.233564376831 503.609658241272 505.355297088623 513.727180480957 623.234756469727 564.158836364746 673.132827758789 559.840866088867 642.294876098633 529.239353179932 487.606414794922 427.819480895996 456.812747955322 572.390712738037 683.125045776367 589.558753967285 534.274422168732 758.718994140625 588.180583953857 680.543670654297 617.001319885254 574.130908966064 480.633453369141 585.731056213379 568.028991699219 561.133522033691 473.902450561523 453.516120910645 733.8681640625 628.542030334473 619.629759788513 824.821578979492 623.148445129395
391.181819915771 465.369575500488 509.523464202881 559.914947509766 459.045678138733 499.472431182861 338.464866638184 414.701057434082 381.51229095459 525.030372619629 439.206872224808 455.134539604187 289.244903564453 452.604892730713 378.676483154297 322.52507019043 436.004985809326 591.069831848145 476.666757583618 540.617523193359 560.523620605469 534.419506072998 500.696983337402 476.604166030884 502.828796386719 482.639365673065 411.954734802246 481.496841430664 530.016798019409 569.613693237305 446.201507568359 612.94807434082 630.499397277832 553.216569900513 545.570163726807 561.232788085938 521.128163337708 569.761491894722 571.571868896484 618.879920959473 385.761138916016 472.230712890625 506.92472076416 601.271800994873 550.649623394012 664.412254333496 872.91344833374 775.386947631836 673.48233795166 603.214134216309
538.170364379883 526.32612991333 353.120948791504 423.908409118652 455.82036447525 431.867149353027 453.475296020508 326.466613769531 453.215843200684 438.360092163086 448.049104332924 463.688860714436 496.770881652832 484.843204498291 582.43424987793 375.744552612305 368.342308044434 402.792465209961 428.365661621094 443.191497802734 503.671569824219 436.987121582031 577.815742492676 545.295063018799 603.673759460449 363.917984008789 576.15087890625 616.727500915527 605.475898742676 576.932289123535 646.468841552734 742.827972412109 580.847473144531 467.530586242676 462.415191650391 543.426057815552 455.477363586426 414.036544799805 604.534019470215 490.646373748779 523.333024978638 591.670974731445 541.598861694336 463.357627868652 546.508491516113 593.530075073242 805.862125396729 488.125583648682 688.888336181641 643.61548614502
393.135948181152 437.079963684082 463.100169181824 429.490365982056 486.095392227173 442.279905319214 512.28088760376 347.938652038574 377.490364074707 382.03443145752 462.433262825012 469.850034713745 330.349159240723 567.103820800781 621.973449707031 421.789009094238 502.529249191284 383.933563232422 510.405437469482 562.338798522949 618.173263549805 443.099334716797 423.823192596436 529.61958694458 556.574615478516 576.011627197266 534.674415588379 569.169120788574 478.338153839111 483.379758834839 499.550690174103 447.051277160645 436.02180480957 557.956298828125 448.395622253418 507.016407012939 477.855506896973 439.884803771973 477.739013671875 546.328576087952 529.28071975708 594.86474609375 639.283065795898 397.844146728516 452.095855712891 522.396049499512 450.641242980957 390.200622558594 613.291702270508 600.591041564941
488.089057922363 468.502393245697 309.873626708984 499.071086883545 553.044342041016 427.686218261719 459.884366035461 490.758550643921 563.552680969238 620.284103393555 510.199081420898 536.043014526367 509.221195220947 527.744400024414 447.301713943481 517.132541656494 408.924884796143 334.499237060547 475.171420097351 443.349769592285 550.825660705566 485.447727203369 424.762283325195 485.925078392029 591.02823638916 413.910636901855 481.368251800537 593.881271362305 586.880531311035 358.442016601562 347.718231201172 501.574503898621 367.084579467773 505.648281097412 430.625007629395 481.663112640381 563.976715087891 522.089424133301 522.672505378723 629.19962310791 580.929759979248 546.046730041504 645.282241821289 489.626918792725 543.088675022125 571.933013916016 551.185291290283 442.701202392578 553.0056848526 458.863250732422
520.895164489746 438.102653503418 440.861480712891 400.546642303467 558.000213623047 463.775116920471 488.395211696625 579.569244384766 557.588722229004 734.387802124023 544.598648071289 427.877365112305 435.495998382568 547.557388305664 527.215732574463 487.014432907104 519.585609436035 428.574928283691 295.167953491211 249.030487060547 464.239351272583 422.211135864258 483.065324783325 581.160301208496 550.360038757324 574.671836853027 443.89128112793 551.728427886963 492.464186668396 618.301063537598 456.84984588623 459.667755126953 492.065872192383 506.50074005127 537.849318504333 491.447597503662 520.570555686951 556.320920228958 506.182460784912 449.051574707031 554.731783866882 573.326559066772 537.35698223114 515.891935348511 431.554244995117 505.119956970215 412.080467224121 564.239018917084 516.814310073853 526.973566055298
