simdem/realisation47.asc
NCOLS 350 
NROWS 171 
XLLCORNER 152620 
YLLCORNER 418050 
CELLSIZE 100 
NODATA_value -9999 
[rows 66 to 87 of 171, columns 250 to 299 of 350]
598.829231262207 591.952610015869 598.945091247559 565.353805541992 509.49951171875 595.696033477783 566.053565979004 629.351333618164 613.635440826416 686.075122833252 784.40291595459 677.985605239868 691.229166984558 705.443653106689 675.604617118835 646.776593208313 732.146377563477 793.227386474609 699.570523738861 674.57087802887 640.043739318848 671.488681793213 733.306209564209 680.682857513428 667.856739044189 869.028961181641 667.713947296143 662.750646591187 703.891313552856 685.146144866943 732.523748397827 703.051770210266 751.753354072571 755.913654327393 692.684158325195 731.411209106445 605.458755493164 593.047775268555 1009.91777038574 931.513664245605 865.725925445557 717.153038024902 828.589796066284 829.467220306396 555.093826293945 818.733226776123 650.811309814453 678.121826171875 858.969940185547 780.215179443359
629.082195281982 488.433319091797 641.21239566803 537.533180236816 696.314853668213 566.423599243164 703.172210693359 699.114776611328 673.187477111816 723.390327453613 647.768301010132 543.398170471191 538.339317321777 588.253318786621 717.849807739258 667.248588562012 740.823402404785 796.571411132812 667.833126068115 719.975875854492 729.574565887451 774.119941711426 711.180228233337 690.783326148987 624.352279663086 575.899215698242 693.01890707016 687.406118392944 780.573249816895 634.19522857666 625.979766845703 673.524635314941 712.063772797585 505.492324829102 642.19686126709 677.429203033447 759.013519287109 712.661094665527 728.71808052063 719.792279243469 1108.84997177124 840.354751586914 838.087905883789 747.231206893921 894.41227722168 716.83634185791 694.777359008789 909.536804199219 860.978675842285 673.883247375488
604.54216003418 671.591205596924 660.610321044922 640.7096118927 630.189603328705 777.895446777344 740.497200012207 693.100780487061 633.218611717224 566.39037322998 561.508178710938 676.001097283443 616.937171936035 632.106924057007 807.092712402344 880.981231689453 741.784019470215 699.127553939819 729.743770599365 795.592231750488 636.089645385742 727.820358276367 585.201782226562 592.52855682373 543.229751586914 691.297728538513 753.224864959717 674.222431182861 645.326583862305 714.582584381104 785.926425933838 700.778079986572 661.66427230835 608.247993469238 758.307769775391 714.763712406158 681.994125366211 804.353302001953 720.029673576355 710.507724761963 728.484424710274 694.386623382568 1020.00833129883 1380.41330718994 992.104461669922 846.84496307373 625.596885681152 699.240383148193 720.771060943604 820.589149475098
579.924839019775 571.825798034668 607.801704406738 538.890190124512 676.738170623779 693.176570892334 693.217620849609 749.042015075684 656.197088241577 562.945579528809 636.771014213562 487.364440917969 523.829452514648 575.736572265625 729.783870697021 847.728088378906 837.492416381836 700.254264831543 728.767669677734 645.067534923553 592.028266906738 597.168838500977 636.519493103027 696.952026367188 706.079723358154 648.476398468018 733.302761077881 705.968711853027 603.286155700684 799.618667602539 748.759284973145 604.219352722168 581.171257019043 566.49836730957 744.919315338135 875.062438964844 784.723335266113 731.210356712341 584.518508911133 611.437576293945 724.775512695312 749.945125579834 735.741088867188 879.557861328125 817.871070861816 1470.05802154541 734.857181549072 663.816102981567 646.79793548584 626.766189575195
703.605331420898 636.697701454163 641.087228775024 530.452194213867 607.652656555176 615.41087436676 656.460661888123 700.523768901825 790.143646717072 518.023147583008 636.255630493164 651.841689109802 583.842323303223 550.388572692871 618.179255485535 662.72318649292 690.113012313843 827.322738647461 739.745239257812 735.975536346436 661.265380859375 508.449371337891 525.912612915039 492.732528686523 713.711284637451 696.971126556396 665.974592208862 683.875226020813 620.142059326172 721.050552368164 706.227207183838 554.994781494141 547.843627929688 702.755818367004 635.162055969238 727.909454345703 759.84716796875 730.669090032578 642.343864440918 751.708938121796 759.76324224472 707.120086669922 681.373588562012 715.613036155701 771.731338500977 763.875991821289 847.021324157715 1082.94276046753 836.56928730011 705.214347839355
592.821794509888 747.117828369141 791.452255249023 614.025596618652 665.575441360474 588.226825714111 603.890800476074 625.720026016235 589.736099243164 684.463165283203 737.933395385742 613.961928844452 642.770868301392 547.384376525879 530.183769226074 590.631042480469 658.633674621582 715.193790435791 763.147689819336 806.919486999512 782.202812194824 618.124420166016 594.472282409668 637.997257232666 640.364948272705 613.870391845703 652.445777893066 761.383575439453 783.380180358887 852.013534545898 689.580026626587 696.425245285034 641.684196472168 640.170043945312 766.506015777588 653.388355255127 714.720773220062 746.287921905518 766.586139678955 773.842895507812 659.910087585449 622.932090759277 747.96900177002 840.125983715057 760.896236419678 1092.58368682861 717.049266815186 640.157211303711 779.01752781868 710.94012260437
770.313468933105 728.098983764648 735.919502258301 744.017738342285 801.314300537109 737.682511329651 715.77442741394 610.063282012939 542.024017333984 632.287725448608 846.608596801758 633.913554191589 598.934118270874 657.855423629284 714.684226989746 699.355854034424 628.548418045044 610.371082305908 704.664295196533 684.579189300537 733.631675720215 603.214050292969 665.835191726685 619.860626220703 673.950011253357 588.497894287109 633.698139190674 685.568808555603 590.770202636719 717.005096435547 668.74196267128 735.275848388672 734.133138656616 739.252746582031 778.74097442627 844.831825256348 752.050453186035 737.318354606628 708.472881317139 523.988189697266 544.521926879883 1146.98031616211 772.927415847778 816.656597137451 784.070648193359 805.099781036377 727.22093963623 845.302879333496 665.561424255371 755.94068813324
749.501976013184 802.682479858398 756.608915328979 750.621906280518 734.722595214844 639.984676361084 718.873795986176 808.566236495972 662.081837654114 612.429668426514 731.677200317383 682.833862304688 636.028715133667 610.53218460083 799.494049072266 672.096208572388 596.342987060547 645.084501266479 710.430282592773 610.298831939697 706.102600097656 697.650932312012 740.382690429688 650.190004348755 718.236213684082 518.953262329102 651.697086334229 740.261024475098 718.408267974854 612.282386779785 645.21376991272 739.18204498291 840.717239379883 700.753511428833 815.901718139648 845.109710693359 711.865345478058 765.912014007568 709.651955604553 712.035575866699 589.736724853516 698.559280395508 898.771692276001 1131.60551309586 834.073173522949 907.44976568222 599.142181396484 751.503273010254 1142.08111190796 694.674266815186
703.821990966797 807.437789916992 610.981763839722 592.014129161835 618.107020378113 773.946243286133 671.561256408691 720.97314453125 799.299911499023 673.179175376892 818.13387298584 676.218632698059 689.701263427734 672.832429885864 887.897048950195 496.216835021973 565.216243743896 751.877746582031 603.159839630127 679.675229072571 743.216300964355 594.18567276001 556.023498535156 562.28719329834 609.37525177002 664.386716842651 534.588241577148 647.469257354736 664.344878196716 734.657609939575 800.7412109375 775.629219055176 782.997657775879 657.287662506104 719.218286514282 619.779972076416 773.521188735962 663.553321838379 698.738708496094 722.810932159424 599.207359313965 907.682548522949 819.165542602539 1169.43203735352 990.513885498047 808.036327362061 690.854583740234 622.553085327148 830.404890418053 1017.56067848206
728.208938598633 817.508316040039 664.542221069336 668.672668457031 699.132667541504 644.147769927979 738.128757953644 651.698616027832 717.633905410767 831.905151367188 680.450233459473 859.689353942871 640.29248046875 640.875198364258 733.334815979004 761.618873596191 791.314987182617 614.904672622681 607.230640411377 594.727363586426 661.059389591217 644.985569000244 702.345272064209 685.212225914001 676.056586265564 619.383911132812 637.832748413086 615.345764160156 560.634780883789 645.24649810791 738.16024017334 676.073537826538 778.823554992676 556.96257019043 635.785011291504 706.202753067017 516.165283203125 644.425827026367 748.008662700653 745.294189453125 784.169822692871 947.705997467041 882.253781318665 912.195484161377 785.254333496094 850.76594543457 823.954864501953 777.683650970459 798.121078491211 1156.12902069092
705.321662902832 765.274765014648 664.783559799194 748.616306304932 696.920506477356 622.911763191223 608.351440429688 676.515037536621 707.692737579346 687.925037384033 681.064975738525 699.988178253174 729.716987609863 629.774061203003 605.569732189178 730.815544128418 597.145252227783 594.662609100342 553.70866394043 493.599594116211 688.649896621704 515.200973510742 486.219268798828 590.313194274902 700.87917137146 547.723892211914 692.166449546814 671.829330444336 729.203868865967 712.634996294975 779.468757629395 729.572738647461 698.464131355286 609.27222442627 639.404487609863 703.14356470108 645.196136474609 705.766506195068 693.306336641312 792.581703186035 822.805522918701 790.200519561768 802.51176071167 860.042190551758 633.509323120117 544.295822143555 704.409973144531 688.037933349609 762.487060546875 765.070135116577
720.192348480225 663.397403717041 670.206809997559 692.279788970947 755.099626541138 819.597351074219 633.574977874756 435.489883422852 805.587894439697 683.370407104492 626.337059020996 668.07822227478 599.24143409729 735.735374450684 778.289436340332 804.92024230957 712.990280151367 633.850921630859 550.590522766113 578.041381835938 502.968521118164 714.033759117126 642.242176055908 759.454002380371 699.640707015991 762.639862060547 668.998174667358 619.86262512207 584.306159973145 659.460662841797 809.875610351562 593.600730895996 620.582824707031 728.707626342773 679.437644958496 719.247253417969 753.438494682312 660.861419677734 533.334167480469 613.534568786621 955.415321350098 698.44896697998 729.979049682617 955.527465820312 767.10888671875 557.417327880859 699.778945922852 638.297119140625 947.674900054932 1065.37955474854
553.49821472168 615.059032093734 624.409733772278 522.365051269531 667.234202384949 693.990039825439 570.934852600098 522.564117431641 613.878044128418 587.978546142578 581.310325622559 769.307434082031 676.430879592896 622.442207336426 737.936241149902 757.328201293945 696.671159744263 756.970664978027 706.279727935791 743.194118499756 721.467426300049 608.143417358398 814.557266235352 728.539302825928 697.594387054443 682.484596729279 614.463661193848 421.682342529297 555.698501586914 637.285552978516 727.704895019531 686.754634857178 496.179656982422 766.306579589844 578.956871032715 748.014426469803 718.184015274048 691.604258537292 694.043758392334 848.194793701172 667.154438018799 1232.63276863098 1072.76988601685 679.438980102539 716.312568664551 528.140411376953 718.83952331543 887.341217041016 1161.03034210205 908.445632278919
614.120096445084 662.734928131104 621.754527568817 688.2682762146 763.530281066895 786.152648925781 721.47509765625 595.522346496582 574.576454162598 726.977958679199 743.01796913147 777.822265625 563.547622680664 620.385238647461 744.214874267578 741.961128234863 741.209548950195 733.715789794922 920.604507446289 695.540181159973 674.428993225098 631.710182189941 708.708760261536 542.005889892578 653.229167938232 713.041742801666 596.560348510742 528.341064453125 649.748933792114 650.59831237793 582.382476806641 682.251220703125 662.777820587158 494.969192504883 664.790668487549 739.719528198242 672.917717799544 706.168006896973 847.409622192383 939.473419189453 540.236015319824 881.077793121338 1107.36548233032 805.773895263672 935.596984863281 578.882339477539 817.020843505859 751.841339111328 771.438289642334 689.347854614258
669.127645492554 663.551254272461 737.654556274414 823.100067138672 706.621849060059 596.192596435547 696.236282348633 790.739440917969 692.298206329346 659.99967956543 677.942848205566 749.522777557373 736.839080810547 639.397747993469 706.444690704346 624.788431167603 731.436836242676 714.928497314453 806.8056640625 699.047547340393 624.182601928711 457.827560424805 617.759033203125 673.51646232605 705.149455070496 630.525339126587 656.891090393066 647.477519989014 697.022781133652 583.350902557373 718.703058242798 727.751047134399 617.387022018433 599.746295928955 763.087867736816 757.694961547852 673.009281158447 572.584075927734 799.564468383789 1007.02018737793 757.619361877441 803.713241577148 884.089447021484 1133.79330062866 756.28213262558 693.874908447266 1239.86814880371 697.957527160645 565.573379516602 698.111785888672
770.358047485352 637.818037986755 780.233749389648 697.61254119873 716.599319458008 646.873308181763 798.040084838867 754.696403503418 749.778804779053 666.13222694397 641.741347551346 641.5758228302 708.907749176025 544.777687072754 675.755089059472 598.870105743408 585.576950073242 641.530157089233 816.296455383301 651.758895874023 617.307891845703 473.271835327148 574.984741210938 762.397083282471 666.696561813354 619.01789855957 559.400177001953 703.074921607971 587.180908203125 594.716365814209 636.656196594238 642.568115234375 726.955289840698 798.992141723633 886.086700439453 794.014617919922 785.043640136719 751.240676879883 673.604465484619 674.164680480957 572.036064147949 807.236839294434 738.732801437378 799.774068832397 936.910313606262 610.245315551758 1012.45726013184 634.684417724609 699.855476379395 883.223617076874
714.404945373535 650.452602386475 671.915760040283 717.83154296875 722.904823303223 521.647247314453 601.52396774292 707.39323425293 601.856498718262 594.324043273926 555.161018371582 595.846115112305 564.436683654785 640.254341602325 630.161262452602 654.879075527191 652.381753921509 602.574901580811 654.336534500122 732.459072113037 654.843439102173 598.994979858398 650.794105529785 754.294654846191 530.310516357422 504.989730834961 570.246978759766 685.149674415588 575.249137878418 620.356658935547 630.900253295898 690.569076538086 777.149993896484 905.198501586914 879.89274597168 887.055084228516 778.105606079102 659.77188873291 622.120727539062 673.566696166992 584.043060302734 872.9128074646 558.922462463379 948.715530395508 951.840229988098 637.228881835938 609.829383850098 849.985511779785 933.472184181213 1029.86915588379
648.428791046143 625.40225982666 683.067306518555 563.638137817383 573.832153320312 466.175765991211 561.553581237793 733.813804626465 635.515811920166 785.670486450195 653.770916461945 585.371299743652 570.215034484863 750.050170898438 636.345866203308 539.472244262695 546.509925842285 757.618148803711 715.776809692383 761.675121307373 677.088182449341 645.482980728149 657.304748535156 775.59398651123 635.585456848145 600.655639648438 517.093643188477 633.857521057129 583.470947265625 490.757217407227 616.304893493652 707.553977966309 772.814590454102 857.128471374512 753.541984558105 891.864273071289 838.025421142578 572.185852050781 533.18000793457 764.129570007324 630.311630249023 1130.07849502563 627.206092834473 783.010437011719 994.277801513672 789.219137191772 981.318946838379 789.288379669189 889.67219543457 855.575084686279
618.028024673462 535.581092834473 648.169677734375 746.93140411377 642.021731376648 589.985916137695 605.561489105225 576.268268585205 613.235040187836 660.155776977539 654.212245151401 655.041486978531 558.725296020508 1115.36937713623 972.67907333374 623.116752624512 679.475082397461 661.430722475052 718.535778045654 720.367456436157 747.677265167236 647.719795227051 592.119827270508 914.770992279053 569.38606262207 785.337059020996 578.772506713867 529.343597412109 546.664443969727 684.336210250854 603.194923400879 685.539415359497 670.456279754639 733.066494941711 662.140647888184 672.990030288696 791.296897888184 808.85375213623 702.600883483887 640.134704589844 591.107864379883 777.262943267822 746.726066589355 601.860336303711 846.522289276123 1005.16576766968 876.204977035522 838.470859527588 751.046421051025 677.484909057617
610.558559417725 564.528816223145 580.969913482666 506.385940551758 508.125427246094 611.686656951904 636.861810088158 577.715850830078 580.152015686035 623.190376281738 631.211658477783 722.703369140625 652.928447723389 868.056411743164 590.161003112793 574.783554077148 697.415420532227 709.697174072266 586.666969299316 770.710292816162 709.540765762329 657.32511138916 639.308464050293 749.073600769043 740.445955276489 736.98571395874 708.545750617981 631.147323608398 731.415745735168 606.35514831543 673.816251277924 752.606090545654 713.20206451416 600.876525878906 702.698637962341 736.165460586548 677.416060447693 513.819648742676 699.233871459961 868.380996704102 1138.0513458252 590.636840820312 885.339965820312 694.400169372559 575.226749420166 891.283515930176 699.700889587402 728.691650390625 874.557876586914 1152.90089225769
709.124710083008 694.124256134033 495.709106445312 492.219207763672 606.367713928223 530.409149169922 450.900009155273 662.50271987915 606.692264556885 592.599426269531 741.91951751709 855.68529510498 727.953347444534 452.722274780273 557.787757873535 697.049516677856 780.231750488281 703.924896240234 511.601760864258 596.96475982666 819.798934936523 548.903228759766 1221.65467071533 577.985794067383 672.482446670532 622.119152069092 668.874250411987 753.394920349121 736.526683807373 816.493606567383 814.156318664551 837.589065551758 778.607292175293 699.551490783691 714.899997711182 840.787376403809 728.556327819824 756.507545471191 636.42603302002 982.77165222168 646.352783203125 561.538482666016 511.684814453125 1227.52496337891 632.045715332031 1717.27778625488 683.06462097168 604.942901611328 1048.4350605011 689.390060424805
1232.20025634766 936.938522338867 774.218981742859 701.926651000977 634.954246520996 469.313827514648 715.644149780273 511.146057128906 613.127098083496 727.769217014313 763.678688049316 968.811870574951 898.689393997192 630.316581726074 685.022567749023 1046.80362701416 943.088073730469 605.394165039062 577.397434234619 615.111434936523 656.146056175232 638.348289489746 695.291315078735 691.710922241211 858.96085357666 776.670906066895 678.797748565674 674.240037441254 694.108916282654 776.271034240723 793.657661437988 772.752861022949 866.338500976562 803.00422668457 725.427108794451 845.697547912598 726.122690021992 674.097539901733 626.631454467773 827.86399936676 555.970199584961 502.482391357422 528.077331542969 470.289672851562 937.933624267578 980.125961303711 842.101737976074 711.209625244141 782.240446090698 730.611274719238
