simdem/realisation70.asc
NCOLS 350 
NROWS 171 
XLLCORNER 152620 
YLLCORNER 418050 
CELLSIZE 100 
NODATA_value -9999 
[rows 0 to 21 of 171, columns 200 to 249 of 350]
-9999 -9999 -9999 -9999 -9999 -9999 -9999 -9999 -9999 -9999 -9999 -9999 -9999 -9999 -9999 -9999 -9999 -9999 -9999 -9999 -9999 -9999 -9999 -9999 -9999 -9999 -9999 -9999 -9999 -9999 -9999 -9999 -9999 -9999 -9999 -9999 -9999 -9999 -9999 -9999 -9999 -9999 -9999 -9999 -9999 -9999 -9999 -9999 -9999 -9999
-9999 -9999 -9999 -9999 -9999 -9999 -9999 -9999 -9999 -9999 -9999 -9999 -9999 -9999 -9999 -9999 -9999 -9999 -9999 -9999 -9999 -9999 -9999 -9999 -9999 -9999 -9999 -9999 -9999 -9999 -9999 -9999 -9999 -9999 -9999 -9999 -9999 -9999 -9999 -9999 -9999 -9999 -9999 -9999 -9999 -9999 -9999 -9999 -9999 -9999
-9999 -9999 -9999 -9999 -9999 -9999 -9999 -9999 -9999 -9999 -9999 -9999 -9999 -9999 -9999 -9999 -9999 -9999 -9999 -9999 -9999 -9999 -9999 -9999 -9999 -9999 -9999 -9999 -9999 -9999 -9999 -9999 -9999 -9999 -9999 -9999 -9999 -9999 -9999 -9999 -9999 -9999 -9999 -9999 -9999 -9999 -9999 -9999 -9999 -9999
-9999 -9999 -9999 -9999 -9999 -9999 -9999 -9999 -9999 -9999 -9999 -9999 -9999 -9999 -9999 -9999 -9999 -9999 -9999 -9999 -9999 -9999 -9999 -9999 -9999 -9999 -9999 -9999 -9999 -9999 -9999 -9999 -9999 -9999 -9999 -9999 -9999 -9999 -9999 -9999 -9999 -9999 -9999 -9999 -9999 -9999 -9999 -9999 -9999 -9999
-9999 -9999 -9999 -9999 -9999 -9999 -9999 -9999 -9999 -9999 -9999 -9999 -9999 -9999 -9999 -9999 -9999 -9999 -9999 -9999 -9999 -9999 -9999 -9999 -9999 -9999 -9999 -9999 -9999 -9999 -9999 -9999 -9999 -9999 -9999 -9999 -9999 -9999 -9999 -9999 -9999 -9999 -9999 -9999 -9999 -9999 -9999 -9999 -9999 -9999
439.674175262451 469.374328613281 539.618137359619 532.440525054932 832.500679016113 -9999 -9999 -9999 -9999 -9999 -9999 -9999 -9999 -9999 -9999 -9999 -9999 -9999 -9999 -9999 -9999 -9999 -9999 -9999 -9999 -9999 -9999 -9999 -9999 -9999 -9999 -9999 -9999 -9999 -9999 -9999 -9999 -9999 -9999 -9999 -9999 -9999 -9999 -9999 -9999 -9999 -9999 -9999 -9999 -9999
344.50611114502 392.946655273438 373.606895446777 419.757888793945 574.448890686035 700.605567932129 424.681125640869 806.117126464844 634.231384277344 549.511449337006 -9999 -9999 -9999 -9999 -9999 -9999 -9999 -9999 -9999 -9999 -9999 -9999 -9999 -9999 -9999 -9999 -9999 -9999 -9999 -9999 -9999 -9999 -9999 -9999 -9999 -9999 -9999 -9999 -9999 -9999 -9999 -9999 -9999 -9999 -9999 -9999 -9999 -9999 -9999 -9999
866.795914649963 329.250396728516 379.770263671875 477.141570091248 599.35977935791 710.842010498047 441.272270202637 468.986123085022 383.085258483887 324.300155639648 324.585098266602 375.218452453613 479.043594360352 490.456184387207 590.733050346375 860.163299560547 760.856033325195 649.30908203125 861.331436157227 858.960830688477 818.712173461914 798.77579498291 750.845443725586 846.221843719482 792.638076782227 862.87247467041 904.135732650757 750.632461547852 856.178421020508 844.1318359375 877.683792114258 983.760299682617 741.135608673096 962.701904296875 851.916689090431 783.664764404297 968.472412109375 981.399658203125 782.337310791016 -9999 -9999 -9999 -9999 -9999 -9999 -9999 -9999 -9999 -9999 -9999
778.32689666748 775.935791015625 510.295928955078 679.264743804932 1002.12134337425 1132.11081695557 1060.48305511475 267.630722045898 451.796566009521 322.254058837891 343.123191833496 360.528457641602 323.189270019531 374.6064453125 536.780414581299 454.305328845978 689.08918762207 615.894287109375 854.865118980408 838.666040420532 764.07572555542 687.724555969238 678.898262023926 820.997806549072 809.140756621957 740.575645446777 863.538898468018 754.783950805664 746.277305603027 808.988994598389 844.888820648193 899.808029174805 654.92024564743 691.182609558105 829.170051574707 661.275352478027 980.761154174805 1077.13801574707 716.109069824219 637.984382629395 703.770904541016 1174.15672683716 1349.00078201294 1022.60215759277 807.913917541504 -9999 -9999 -9999 -9999 -9999
940.912532806396 916.253211975098 679.678634643555 639.056030273438 960.499031066895 1149.58773803711 1164.47862243652 952.616394042969 810.958587646484 649.540138244629 700.611814498901 615.169395446777 418.961166381836 554.213829040527 556.001117706299 480.376979827881 735.412414550781 754.724884033203 783.918041229248 744.7841796875 737.549186706543 732.528427124023 654.645141601562 737.86750793457 911.949340820312 755.952751159668 871.894924163818 800.729026794434 924.543758392334 830.934234619141 758.27995300293 844.292127609253 711.40510559082 751.638078689575 937.060104370117 743.207481384277 1154.93241119385 964.499008178711 431.316009521484 536.324493408203 739.904445827007 1054.00452041626 816.27808380127 887.12580871582 807.572498321533 1201.41996765137 638.017471313477 -9999 -9999 -9999
854.269077301025 750.185598373413 994.931930541992 1118.26277923584 1172.85873413086 1276.3238067627 1354.88850402832 1213.52561950684 980.135482788086 785.517265319824 654.095909118652 812.993270874023 585.442037582397 528.885025024414 476.590171813965 694.334184646606 868.552299499512 937.049423217773 814.246877193451 978.36937713623 891.0612449646 1029.799949646 642.911434173584 659.072521209717 667.549346923828 792.825107574463 774.738990783691 679.052764892578 705.369064331055 785.023933410645 827.655532836914 742.497663497925 705.853336334229 657.767869472504 840.334091186523 680.872329711914 591.101446151733 994.451797485352 895.119464874268 596.952253818512 835.368370056152 852.361824035645 801.442966461182 749.726299285889 656.87085723877 1157.30048370361 814.28800201416 1267.18748474121 590.574203491211 -9999
953.367866516113 867.252593994141 811.925537109375 946.020805358887 1167.37976074219 1155.24932861328 1276.33575439453 1185.82807159424 1060.20880889893 973.862998962402 984.85319519043 912.601524353027 738.521507263184 738.97679901123 469.155609130859 583.591979980469 853.175895690918 830.581857681274 872.717155456543 939.539652824402 806.29541015625 1088.51707267761 631.124145507812 740.077522277832 725.936851501465 719.409881591797 848.410762786865 737.124069213867 785.909672737122 904.385105133057 951.130065917969 858.965789794922 821.737289428711 555.345176696777 759.895179748535 618.667655467987 597.79043006897 979.423206329346 1065.28409576416 965.852124214172 703.468852996826 765.714668273926 749.082040786743 830.470472335815 673.593132019043 792.775581359863 734.73030090332 1191.0025177002 714.790298461914 804.217010498047
908.588901519775 810.079383850098 910.224208116531 804.239963531494 855.008010864258 948.54012298584 735.350910186768 595.691886901855 957.026557922363 930.488754272461 976.426162719727 893.617225646973 851.985786437988 688.945911407471 751.491748809814 888.346389770508 939.824550628662 1019.76484680176 1070.8159942627 961.579475402832 951.897476196289 1170.07000827789 738.436874389648 724.027732849121 812.0712890625 886.662805557251 973.323631286621 953.352146148682 801.960090637207 820.386520385742 963.368793487549 900.851287841797 870.865844726562 792.372341156006 805.97388458252 742.923334121704 721.168155670166 1221.12275695801 1062.21126651764 961.072128295898 709.415279388428 721.285301208496 648.115694999695 1022.09591674805 992.297359466553 703.014129638672 835.214139938354 929.406021118164 805.363059997559 745.800331115723
660.77475643158 676.363955497742 599.838729858398 763.579193115234 819.130874633789 800.642974853516 794.555541992188 765.441317558289 980.756988525391 848.681738376617 927.559219360352 1201.52532958984 1006.49224853516 976.069389343262 801.951385498047 1258.95709228516 838.689437866211 849.095203399658 1080.01905822754 1173.23707580566 762.122756958008 1177.21836853027 700.542984008789 618.035430908203 689.745536804199 854.82829284668 791.581146240234 822.511661529541 926.274898529053 908.429027557373 977.223258972168 1120.57218933105 1065.49385070801 968.124715805054 952.320934295654 865.644050598145 1062.63354492188 978.866516113281 1017.59577941895 827.044746398926 764.021094322205 702.376789093018 599.904838562012 961.714341163635 832.335487365723 904.922821044922 973.134174346924 853.73860168457 765.938438653946 904.171722412109
508.475463867188 650.167417526245 804.598007202148 724.378803253174 781.211540222168 796.566421508789 659.972560882568 752.908132553101 742.218225479126 806.966888427734 1031.76432800293 1224.14764404297 1382.75862884521 765.855723381042 818.768306732178 849.406414031982 673.920417785645 923.018966674805 766.709446907043 1116.74810791016 662.171371459961 604.745834350586 547.458572387695 988.226486206055 573.515914916992 728.739902496338 765.221698760986 821.690116882324 777.174201965332 784.641944885254 944.585315704346 1064.53810119629 888.198848724365 1002.93035888672 934.591449737549 854.965408325195 910.558212280273 898.946394920349 873.686111450195 751.906341552734 928.026943206787 1016.88622522354 1061.57146072388 1095.46075820923 927.66236114502 932.221298217773 905.672676086426 956.074807465076 787.483478546143 938.297973632812
711.897584915161 773.718063354492 790.868934631348 867.597381591797 851.916103363037 763.617729187012 759.243957519531 783.464160919189 654.283580780029 531.888854980469 674.213903427124 789.339012145996 713.101081848145 759.464466094971 700.205299377441 945.441986083984 801.784019470215 640.757888793945 690.946754455566 571.359970092773 578.89306640625 663.577644348145 610.728897094727 585.329879760742 808.002141952515 756.804851531982 896.603662490845 942.968372344971 694.987983703613 844.890836715698 673.90104675293 912.108985900879 779.294010162354 940.218856811523 908.268463134766 914.950485229492 816.8125 938.934053421021 701.035095214844 859.504318237305 960.030426025391 871.122047424316 967.011421203613 917.339317321777 1058.37109184265 1075.09372520447 858.080139160156 902.346862792969 721.266120910645 798.366382598877
782.322196960449 840.486457824707 882.857345581055 772.977603435516 899.012969970703 722.204860687256 734.262058258057 828.586540222168 664.181507110596 724.290677070618 1016.40498733521 944.572776794434 702.091361999512 945.400665283203 855.566101074219 813.559707641602 719.040282249451 629.195281982422 536.809951782227 653.534675598145 650.635101318359 705.569053649902 744.813659667969 670.592475891113 783.195865631104 901.243957519531 717.460960388184 1241.37328338623 879.76064491272 906.361847400665 874.511993408203 934.90062713623 790.435949325562 770.325622558594 801.750373840332 819.602333068848 810.013618469238 907.958902359009 880.357554912567 880.581374168396 998.008819580078 939.24324798584 959.206904411316 867.579971313477 908.499229431152 952.703422546387 1018.67219924927 979.012893676758 845.957977294922 853.78197479248
440.984451293945 614.408973693848 1325.78140735626 720.146283149719 828.39079284668 810.145738601685 723.114465713501 678.925155639648 747.000495910645 748.296503067017 723.368743896484 795.236396789551 647.175304412842 771.224327087402 872.697341918945 806.578723907471 869.506225585938 701.725212097168 690.898485183716 570.467346191406 711.434960126877 745.171646118164 654.006286621094 644.288921356201 574.11009979248 778.631935119629 789.637351989746 770.916770935059 773.490888595581 734.281448364258 1065.46700382233 870.307716369629 639.080497741699 1227.1746673584 715.704460144043 615.73112487793 803.704948425293 979.678192138672 923.832733154297 852.579093933105 757.441410064697 818.022336959839 898.77725982666 779.010677337646 835.649996757507 903.200326442719 953.933368682861 916.543998718262 1051.54481506348 898.878643035889
904.072387695312 455.786285400391 1377.77331924438 1109.10301589966 828.92488861084 892.454223632812 748.294803619385 696.229937553406 1171.70645141602 757.188339233398 737.545539855957 601.729068756104 655.453590393066 760.48518371582 809.691604614258 917.099411010742 794.77836227417 721.277752876282 676.035129547119 698.059904098511 809.840866088867 845.131727218628 802.265193939209 693.919332504272 653.769498825073 675.640819549561 745.392149448395 812.85572052002 672.133186340332 621.23551940918 747.132752418518 643.111679077148 666.448051452637 610.403244018555 742.730689048767 1143.03684997559 606.142364501953 645.229721069336 801.08667755127 764.200496673584 891.844421386719 917.581413269043 845.19217300415 797.250183105469 665.674346923828 735.924125671387 895.769665241241 868.275455474854 870.738159179688 1097.00779342651
567.957565307617 738.043455839157 856.730442047119 894.727127075195 1295.07615661621 1604.25923156738 1075.05804443359 636.059158325195 650.521585464478 712.46350479126 650.682270050049 628.16817855835 570.721008300781 726.882574081421 827.977752685547 742.273934364319 688.163640975952 722.848207473755 619.843837738037 766.805549621582 730.643152236938 640.214422225952 743.170421600342 630.317367553711 635.998027801514 746.898965835571 800.173774719238 721.83685874939 700.047248840332 615.60107421875 731.548500061035 745.995569229126 785.207094192505 736.538677215576 801.39860534668 714.194681167603 585.835021972656 1039.64445495605 720.43726348877 854.5205078125 870.368453979492 763.880788803101 856.599376678467 814.065223693848 778.980102539062 814.270220279694 886.789333343506 795.204784393311 861.305370330811 937.46232509613
515.789794921875 650.385005950928 729.558511734009 648.839508056641 665.65922164917 727.408435821533 792.578407287598 536.021423339844 703.085535049438 627.046241760254 680.639120340347 600.336090087891 581.390686035156 735.206226348877 889.334854125977 716.583023071289 669.839031219482 905.062316894531 667.609984397888 627.525897979736 688.953922271729 608.887630462646 657.966163635254 653.979774475098 623.149707794189 662.892852783203 687.711307525635 633.22029876709 749.621574401855 535.417327880859 673.824935913086 746.595027923584 879.953948974609 846.169044494629 701.254577636719 775.824282646179 740.959030151367 653.039962768555 748.367980957031 1193.06204223633 1315.47721481323 875.300117492676 644.635047912598 612.432350158691 704.125953674316 740.796913146973 767.602760314941 901.870964050293 1221.38425445557 821.689067840576
713.523575782776 647.952285766602 695.994203567505 665.702850341797 620.183296203613 706.559943675995 620.580749511719 710.297588348389 567.911209106445 598.960739135742 640.602657318115 759.337104797363 814.501617431641 798.474533081055 699.553283691406 919.678451538086 757.454158782959 693.363258361816 829.428146362305 693.897706985474 701.278102874756 768.749229431152 845.918716430664 662.685089111328 524.488403320312 664.590026855469 700.388597488403 905.035263061523 744.478018522263 573.208984375 712.828874588013 803.848449707031 738.512105226517 773.55339050293 721.720144271851 859.184127807617 875.070213317871 707.740634918213 782.871899604797 894.926826477051 831.559532165527 782.821880340576 766.759582519531 757.989593505859 708.16089630127 699.638217926025 793.413593292236 995.024589538574 953.057514190674 858.357889175415
