simdem/realisation42.asc
NCOLS 350 
NROWS 171 
XLLCORNER 152620 
YLLCORNER 418050 
CELLSIZE 100 
NODATA_value -9999 
[rows 22 to 43 of 171, columns 150 to 199 of 350]
622.695634365082 623.834815979004 598.43775177002 651.632817268372 659.670470237732 659.810073852539 489.245796203613 577.276384353638 562.620468139648 458.167007446289 504.086944580078 664.908065795898 949.421425819397 582.676773071289 776.062786102295 582.066101074219 812.776962280273 644.182792663574 496.550399780273 533.680679321289 686.057823181152 644.288877487183 716.859848022461 831.69490814209 691.946624755859 654.198059082031 815.844451904297 534.321441650391 807.020866394043 624.584501266479 430.718338012695 485.998550415039 636.440422058105 589.786687850952 567.990631103516 681.518753051758 714.55823135376 727.707580566406 688.539311408997 625.968551635742 680.338629722595 691.140456199646 674.914945602417 759.178215026855 666.958461761475 701.941905975342 786.246040344238 652.080009460449 636.581192016602 759.768749237061
600.123731613159 578.05052947998 590.289276123047 670.893627166748 545.060966491699 573.562824249268 626.384466171265 655.753978729248 581.662963867188 490.304641723633 522.219757080078 628.295829772949 734.565288543701 639.790473937988 619.988822937012 605.999404907227 566.877792358398 829.243347167969 698.533767700195 666.562364578247 702.288856506348 781.877433776855 677.338096618652 770.937452316284 630.202209472656 583.626174926758 913.742095947266 613.316650390625 659.49747633934 510.392181396484 469.242530822754 620.335489273071 594.960783004761 662.10781288147 626.005401611328 599.089649200439 751.060615539551 669.695161819458 690.887371063232 651.675220489502 698.378697395325 706.080509185791 752.676116943359 826.532073974609 805.767692565918 523.720245361328 639.797855377197 777.415718078613 830.348876953125 786.214096069336
577.680015563965 470.931106567383 508.562225341797 721.421859741211 545.261077880859 670.949066162109 609.455050468445 650.79178237915 738.883689880371 662.039621353149 635.721984863281 517.538024902344 791.805358886719 902.089786529541 494.124496459961 1337.44425964355 584.208648681641 419.497528076172 623.061971664429 660.830688476562 608.711486816406 636.967987060547 652.234844207764 662.738384246826 595.766906738281 660.594184875488 581.669609069824 566.623512268066 662.006172180176 710.324989318848 741.461631774902 803.167739868164 681.202808380127 750.201972961426 667.265207290649 750.764083862305 819.430633544922 661.729791641235 651.037279129028 694.362768650055 617.8408203125 695.951597213745 752.555038452148 739.608009338379 666.567607879639 717.84024810791 687.175132751465 746.537212371826 803.17497253418 783.145057678223
545.741504669189 553.563777923584 565.859231948853 700.177581787109 646.856433868408 647.983238220215 679.394584655762 668.823554992676 598.780906677246 640.452798843384 581.048892974854 585.227695465088 1072.33867645264 656.9681224823 889.770240783691 846.274124145508 705.975154876709 1009.98937988281 558.374221801758 615.81428527832 938.863265991211 974.988063812256 706.03872013092 695.629817962646 556.276062011719 461.998275756836 571.569152832031 740.11693572998 594.580688476562 586.033208847046 735.216293334961 723.289813995361 668.001424789429 608.864917755127 697.70873260498 783.115432739258 763.505432128906 638.454167842865 631.962356567383 760.873741149902 559.382568359375 701.985641953535 778.451614379883 679.466906547546 733.404455184937 811.62784576416 607.379333496094 645.111225128174 764.958549499512 723.386249542236
495.651573181152 473.296585083008 499.023368835449 561.571884155273 468.787979125977 612.457286834717 522.265495300293 610.760060310364 618.41904604435 666.349258422852 678.487831115723 608.035550117493 695.53564453125 763.397277832031 553.43334197998 649.124618530273 647.40470123291 733.862968444824 537.667739868164 606.580368041992 585.015312194824 458.911865234375 564.562026977539 684.073384284973 606.14387512207 502.315338134766 754.020278930664 549.219680786133 503.171173095703 593.081539154053 666.86251449585 780.201583862305 750.815773010254 641.875650405884 585.204292297363 689.542182922363 692.969017028809 529.323753356934 754.014305114746 734.714286804199 556.08521270752 613.733810424805 691.683362960815 622.277042388916 665.721757888794 724.279586791992 760.974739074707 771.776878356934 721.81799697876 724.689559936523
557.770725250244 457.322044372559 527.834671020508 532.511688232422 515.613830566406 499.275863647461 389.294876098633 603.947938919067 600.992508299183 535.540542602539 555.783645629883 513.133743286133 657.689498901367 692.922542572021 618.981307983398 502.652908325195 688.633766174316 659.381868362427 412.495483398438 732.776077270508 721.49640750885 666.77717590332 461.146331787109 551.212997436523 617.039478302002 721.457168579102 484.492858886719 680.89518737793 571.468002319336 492.682632446289 647.937057971954 681.7822265625 628.069337844849 778.246383666992 749.509914398193 756.568878173828 694.354347229004 726.572662353516 552.179824829102 634.461631774902 716.923503875732 664.108590126038 624.839820861816 701.685085296631 689.266664505005 670.532855987549 694.991138458252 605.380279541016 687.066032409668 763.470893859863
521.013236999512 648.335136413574 660.560104370117 637.864376068115 552.519112348557 642.349197387695 689.25756072998 570.494073867798 511.97331237793 679.250770568848 648.733779907227 1102.07047271729 686.029220581055 840.271780014038 770.894897460938 1146.46726989746 491.742660522461 1097.14539337158 503.930419921875 793.797943115234 828.568584442139 773.788801193237 491.247375488281 670.867073059082 678.753537535667 652.495315551758 587.315292358398 716.670166015625 641.048742294312 684.929019927979 671.624382019043 610.634750366211 672.038101196289 735.292465209961 755.802108764648 667.3459815979 645.233787536621 711.458488464355 516.04271697998 666.30037689209 714.878067016602 1106.69999694824 689.079849243164 727.675666809082 646.007259368896 578.393867492676 621.33429145813 674.405117034912 573.993424415588 638.087459564209
495.502418518066 622.268840789795 596.178220748901 541.62299156189 451.22607421875 570.618852615356 634.461196899414 506.903762817383 667.005340576172 659.375175476074 718.120666503906 1005.03080201149 902.84020614624 1102.30041503906 842.326250076294 758.30827331543 527.361923217773 536.366729736328 627.086854934692 442.184066772461 1018.15033340454 672.000189781189 587.240013122559 916.775684356689 597.256563186646 620.1628074646 581.174961090088 658.487445831299 493.627418518066 638.476461410522 587.673732757568 495.890647888184 627.883296966553 594.787189483643 744.422119140625 531.122016906738 597.500898361206 483.363403320312 436.662338256836 623.158290863037 608.055088043213 854.048797607422 626.06356883049 605.410364151001 590.141094207764 584.145439147949 691.715236663818 863.144058227539 459.263381958008 631.27677154541
533.183420181274 649.720413208008 608.113460540771 502.197902679443 587.444738388062 637.752456665039 636.582664489746 653.439002990723 567.567333221436 744.470947265625 836.004167556763 961.603629112244 1092.37163543701 916.290908813477 721.865188598633 516.205261230469 407.465286254883 547.068954467773 567.114574432373 677.735046386719 874.256973266602 766.178192138672 657.499847412109 796.55143737793 752.396598815918 805.395034790039 742.514053344727 682.549114227295 588.166009902954 589.341390132904 518.396308898926 436.232894897461 519.178733825684 501.750183105469 662.868324279785 589.26182949543 434.636001586914 586.680784225464 553.940120697021 571.295071125031 823.256553649902 709.675800323486 465.997406005859 683.034118652344 549.216583251953 661.356845855713 564.521839141846 816.987426757812 664.345397949219 691.99488067627
570.27675819397 607.157989501953 642.88697052002 595.898044586182 580.125423431396 679.308372497559 717.672866821289 582.408380508423 749.215728759766 633.749290466309 761.458425521851 721.93269777298 943.461868286133 584.676296234131 652.011276245117 630.504305839539 642.039131164551 615.468831062317 643.923793792725 640.071296691895 659.672378540039 619.582571029663 641.497703552246 860.554794311523 716.076721191406 772.07389831543 731.671920776367 637.701505661011 646.515922546387 575.041913986206 590.981081008911 578.05720281601 504.265045166016 530.562427520752 605.369501113892 493.34008026123 643.61873626709 576.955928325653 589.572377681732 620.48924446106 920.590133666992 714.427341133356 607.859803378582 528.588031768799 558.200531005859 482.151054382324 569.144612073898 664.875633239746 613.533081054688 619.779769897461
436.981155395508 527.546489715576 572.281658172607 535.206562042236 598.545734405518 566.110906600952 644.739376068115 734.240234375 937.821708679199 694.736122131348 691.551301002502 706.339431762695 589.834962844849 554.819965362549 614.420852661133 598.297562599182 621.989976882935 697.205276489258 559.387431144714 611.013862609863 593.818758010864 506.786346435547 715.941101074219 816.32438659668 628.109512329102 622.244640350342 628.214023590088 638.652645111084 551.834232330322 518.183559417725 552.037805557251 638.622703552246 539.866897583008 568.369125843048 598.263704299927 662.141242980957 555.755948066711 631.95064163208 613.766693115234 755.356491088867 776.350433349609 707.839860916138 704.508674621582 482.507797241211 473.136871337891 536.706130981445 573.435270190239 615.510105133057 562.802596315742 623.897342681885
533.030793190002 440.33088684082 369.677688598633 369.683990478516 561.306797981262 632.763652801514 656.26537322998 628.724361419678 740.983062744141 634.918313026428 639.193740844727 609.69323348999 508.880035400391 442.985382080078 606.134469985962 420.134170532227 513.92945098877 661.813430786133 516.49556350708 633.838539123535 533.537925720215 623.172191619873 740.11882019043 590.997743606567 556.395131111145 658.004196166992 509.583866119385 681.890926361084 470.810264587402 587.14642906189 698.533920288086 619.43282699585 510.470157623291 501.195552825928 535.545267105103 615.401515960693 569.821830779314 596.641845703125 640.363552093506 666.570938110352 701.728538513184 663.493865966797 589.61647605896 475.47435760498 453.100410461426 388.158798217773 450.042610168457 595.909578323364 621.737270355225 490.818267822266
580.027318716049 486.558391571045 511.573713302612 468.422744750977 557.891547441483 643.032928466797 623.336376190186 657.793251037598 623.709941864014 611.606868743896 612.272937774658 598.688714981079 591.540267944336 548.914617538452 611.879283905029 519.318328857422 582.018459320068 395.283630371094 530.192653656006 548.004734992981 548.13111114502 640.507095336914 647.185760498047 476.144660949707 524.440235137939 460.323051452637 469.98908996582 604.001003265381 563.252868175507 600.281818389893 503.898765563965 454.649467468262 400.876815795898 655.256301879883 683.516052246094 563.182848930359 621.459213256836 683.182731628418 685.983390808105 606.035579681396 602.543430328369 645.649993896484 652.181266784668 545.860912173986 639.724178314209 406.095840454102 395.071701049805 607.877086639404 676.310953140259 638.028926849365
510.561569213867 520.486240386963 536.954011917114 608.50020980835 432.649200439453 546.708911895752 641.042313575745 641.111070632935 521.948257446289 619.908176422119 609.767545700073 528.343040466309 587.51824760437 650.975982666016 546.039364337921 587.016304016113 470.694808959961 496.178077697754 403.382553100586 470.212547302246 453.86824798584 483.418586730957 577.058514595032 544.131492614746 578.078293800354 525.116618156433 498.827415466309 707.348106384277 660.384353637695 558.23549079895 554.237813949585 555.984582901001 390.610061645508 634.996948242188 676.992126464844 581.780908107758 634.326210021973 610.670219421387 632.814659118652 583.547513961792 666.205520629883 596.073810577393 726.841674804688 546.956428527832 1156.70735549927 494.174285888672 540.096687316895 506.18529510498 540.1315574646 661.995964050293
571.07995223999 530.141492843628 562.461588978767 684.938179016113 573.910976409912 461.105751037598 448.014213562012 419.335647583008 419.166763305664 556.739692687988 633.233409881592 592.738989830017 505.693542480469 572.664421081543 618.043426513672 598.513515472412 531.244915008545 529.396421432495 606.182289123535 597.166240692139 501.017360687256 442.282867431641 480.430763244629 499.328037261963 575.716789245605 702.675994873047 527.61318397522 719.363676548004 474.635444641113 619.072662353516 480.464378356934 696.031356811523 608.347978591919 607.203685760498 562.501499176025 604.788909912109 568.130474090576 668.563165664673 758.114654541016 584.484802246094 580.254223823547 554.321995735168 442.798667907715 406.02766418457 1011.82976722717 656.695465087891 557.208360284567 536.621049880981 727.511978149414 609.307758331299
496.227096557617 603.461494445801 591.192565917969 590.263158798218 563.879118919373 488.07145690918 455.987899780273 433.328628540039 412.602737426758 521.697662353516 663.761184692383 730.035232543945 514.102081298828 531.646221160889 555.692562103271 512.963668823242 645.711387634277 649.363998413086 512.600442886353 469.964790344238 413.867263793945 455.516464233398 440.755104064941 513.196296691895 587.945655822754 556.924201965332 624.400621414185 713.302749633789 1026.18003082275 491.678997039795 490.831550598145 551.43058013916 605.440567016602 682.505546569824 606.805061340332 608.610286712646 587.32438659668 603.892818450928 498.367141723633 513.265899658203 497.82975769043 448.165710449219 636.944519042969 612.928863525391 570.929565429688 537.309356689453 519.023026373237 595.913318634033 527.826532363892 609.41527557373
508.675479888916 618.701198577881 599.680171251297 602.250482559204 749.279647827148 883.884368896484 608.119457244873 507.609016418457 492.338424682617 498.766647338867 573.608351171017 573.694737434387 522.025062561035 514.312080383301 454.844680786133 457.628883361816 596.665794372559 565.112937927246 557.572120666504 463.264007568359 469.518867492676 555.63790845871 522.568283081055 610.882217407227 592.43529510498 517.00234413147 467.228374481201 619.761610031128 841.029453277588 544.56587600708 547.14381980896 539.658617019653 630.640098571777 528.334959387779 595.013603210449 583.994171142578 546.392040252686 632.595848083496 652.468467712402 480.647026062012 564.921775817871 557.680010139942 477.941558837891 623.035552978516 411.485565185547 406.596389770508 519.900463104248 510.253017425537 578.459247589111 476.764877319336
695.262985229492 620.568748474121 513.586414337158 615.201354980469 577.162059783936 610.628517150879 583.915649414062 574.686280727386 480.973960876465 494.773864746094 624.533561706543 584.598746299744 585.112581253052 495.102310180664 414.152557373047 447.675407409668 522.825244903564 522.222125053406 432.302764892578 475.517211914062 539.064827919006 536.121915102005 714.662033081055 434.356330871582 419.545099258423 678.015769958496 607.614601135254 449.3896484375 794.533760070801 1026.65064239502 497.53441619873 661.287460327148 576.52074432373 536.624509811401 558.280393600464 547.77855604887 498.048900604248 661.169982910156 614.432731628418 540.373825073242 588.739471435547 561.820778846741 614.445533752441 562.835678100586 526.435379505157 615.85848236084 633.638565063477 577.942160606384 423.44507598877 585.260829925537
610.156147003174 470.554527282715 631.113670349121 609.129570007324 700.267044067383 600.145629882812 599.213623046875 479.382598876953 392.09407043457 572.080104827881 326.837310791016 403.716720581055 499.528575897217 466.467926025391 523.44558429718 433.291069030762 473.235420227051 508.301940917969 510.833923339844 465.935103416443 492.320816040039 650.109199523926 518.176204681396 486.600914001465 635.236083984375 578.416689872742 638.52933883667 680.208179473877 624.089858055115 438.939308166504 532.035436630249 571.295068740845 487.161078453064 616.774124145508 505.162384033203 520.211982727051 527.113345146179 520.492433547974 535.899306297302 611.026031494141 606.936000823975 641.119216918945 578.382911682129 387.714935302734 549.433254599571 603.188892364502 591.225284576416 570.745691299438 636.099975585938 496.935569763184
460.342468261719 436.688758850098 498.940505981445 655.43578338623 494.549377441406 472.709098815918 553.113204956055 456.594024658203 400.708038330078 373.225601196289 393.317169189453 447.430679321289 437.806045532227 425.222557067871 536.616405487061 518.842617034912 485.204292297363 551.487232685089 473.296165466309 493.19849395752 627.521919250488 563.325675964355 479.682991027832 350.273361206055 553.452962875366 453.405563354492 524.409061431885 649.138736724854 886.223983764648 495.275497436523 487.957286834717 372.472106933594 441.825477600098 457.971351623535 575.127532958984 561.144512176514 602.244814395905 673.751251220703 539.006671905518 641.207206726074 625.807006835938 608.34557723999 512.190052032471 573.874282836914 412.921913146973 628.863655090332 569.136383056641 551.318865776062 526.100566864014 431.750419616699
411.289016723633 511.519361495972 471.119770050049 485.982685089111 525.571391105652 497.12720489502 415.538131713867 625.822227478027 506.609443664551 459.545501708984 486.766166687012 360.214088439941 437.982917785645 407.049354553223 371.299865722656 674.001983642578 634.236686706543 634.703186035156 678.780197143555 533.556875228882 543.147191047668 627.435234069824 552.543185710907 476.171913146973 488.92936706543 562.955697059631 564.49543762207 727.05818939209 840.029571533203 683.419479370117 587.840034484863 615.586239337921 424.100685119629 398.179359436035 480.918422698975 432.818977355957 586.975723266602 662.973373413086 643.407531738281 503.244049102068 499.858667373657 468.812492370605 622.801200866699 483.368682861328 501.903293609619 494.889404296875 378.826858520508 399.167892456055 500.461364746094 541.517917633057
435.230506896973 456.878784179688 519.839160919189 526.543315887451 556.894280910492 506.139705657959 524.095632553101 567.512629508972 585.048812866211 531.402648925781 473.48657989502 624.873542785645 381.186737060547 425.141967773438 411.160980224609 596.053783416748 557.325345039368 512.788349151611 575.701005935669 505.320432662964 522.605519294739 507.283548355103 514.564214706421 542.916414260864 333.662155151367 438.21467590332 658.264190673828 786.362030029297 568.633113861084 545.046180725098 777.14529800415 739.923431396484 764.722320556641 520.652273178101 544.581069946289 483.032764434814 485.653594970703 505.293319702148 586.996983528137 537.150054931641 768.59391784668 504.184684753418 785.135585784912 560.338516235352 622.731422424316 641.906265258789 590.912939071655 639.730047941208 578.943301677704 497.995079040527
