simdem/realisation90.asc
NCOLS 350 
NROWS 171 
XLLCORNER 152620 
YLLCORNER 418050 
CELLSIZE 100 
NODATA_value -9999 
[rows 132 to 153 of 171, columns 250 to 299 of 350]
876.057579040527 818.489868164062 746.236194610596 649.756622314453 699.548393249512 666.498136520386 740.360107421875 720.015075683594 663.547358512878 897.338302612305 725.57970905304 684.780410766602 643.141036987305 595.685394287109 862.991882324219 874.719276428223 827.234039306641 822.94261932373 858.250381469727 538.017150878906 726.544042825699 691.435005187988 725.518026351929 655.441244125366 719.067190170288 542.353332519531 721.360763549805 745.094150543213 698.973754882812 589.714805603027 517.910675048828 399.273834228516 640.907065391541 686.378700256348 802.506088256836 680.655132293701 649.549945354462 676.867546081543 660.839935302734 843.623746871948 1009.44514083862 1118.53277850151 861.835556030273 1007.32714080811 1086.84621429443 968.134155273438 1032.19100189209 918.313720703125 835.051445007324 928.353755950928
709.114082336426 742.06672668457 729.872314453125 809.160267353058 863.730392456055 698.669425964355 652.146347045898 673.730745315552 732.803831100464 779.176424980164 780.420608520508 707.479053497314 838.697975158691 635.470718383789 730.057948112488 689.386417388916 656.626697540283 896.406320571899 871.986808776855 661.423133850098 720.776184082031 749.345979690552 810.000328063965 566.877479553223 599.33854675293 697.644728660583 709.727096557617 649.615807533264 644.770973682404 563.056129455566 615.655418395996 727.18187713623 752.512817382812 717.24254989624 754.219848632812 747.499786376953 705.557769775391 604.144889831543 738.097999572754 636.016454696655 585.926277160645 814.547836303711 1030.17493438721 1179.20723724365 1103.30212783813 1152.06704711914 1209.7498550415 761.64529800415 954.675079345703 792.948043823242
834.452648162842 844.225690841675 707.62931060791 640.519111633301 712.705574035645 739.863815307617 769.705078125 786.926769256592 693.373626708984 798.903299331665 756.391891479492 740.640331268311 832.582130432129 763.276929855347 720.336475372314 777.303024291992 641.630546569824 650.862258911133 796.386901855469 510.238464355469 565.275695800781 898.358795166016 776.347587585449 710.758230209351 675.157859802246 650.779804229736 749.96866607666 651.520053386688 601.891914367676 648.662309169769 616.20873260498 674.411279678345 862.08935546875 740.247985839844 771.306205749512 865.859146118164 720.602836608887 682.372828483582 612.867881774902 656.216419219971 759.708869934082 644.964973449707 590.576553344727 751.590141296387 782.75146484375 936.855373382568 835.912673950195 751.779041290283 904.926778793335 903.742917060852
774.293356895447 825.836120605469 600.900062561035 517.759796142578 566.894393920898 685.993110656738 796.256952285767 768.579200744629 865.209571838379 650.669128417969 770.306760787964 889.163982391357 781.999862670898 703.169803619385 715.85857629776 810.639938354492 577.264419555664 605.288925170898 673.147125244141 651.796112060547 626.591262817383 687.517791748047 654.087226867676 779.295387268066 674.216201782227 625.484471172094 647.126669883728 628.850328445435 719.652137756348 664.760715484619 649.598930835724 741.895332336426 712.315292358398 789.337905883789 788.058837890625 748.693626403809 657.970672607422 760.761608123779 685.294859886169 775.535697937012 748.978454589844 561.187309265137 624.513820648193 519.960510253906 610.232963562012 805.526168823242 845.383752822876 922.014366149902 865.140378952026 983.835227966309
646.483688354492 655.678119659424 689.848170280457 622.635658740997 460.186614990234 694.688926696777 789.531143188477 767.8125 807.102177143097 770.104448318481 670.73754119873 776.321979522705 598.062465667725 652.803642272949 680.413841247559 669.010688781738 654.095657348633 773.14981842041 660.990882873535 750.769315719604 784.136898040771 688.958045959473 633.751441955566 692.653966903687 711.075416564941 551.391128540039 640.225105285645 614.739316940308 680.811818122864 713.009582519531 642.914686203003 670.512355804443 625.788171768188 628.928737640381 782.993774414062 691.387752532959 770.248268127441 775.196136474609 739.114295959473 669.15252494812 734.809829711914 608.24422454834 656.803062438965 541.673934936523 529.945709228516 657.665863037109 712.996002197266 832.275512695312 868.541130065918 975.912841796875
689.96907043457 564.611389160156 600.737968444824 708.825735092163 582.87434387207 715.317192077637 634.363143920898 799.380704879761 768.37353515625 766.394338607788 704.361324310303 716.331356048584 744.928592205048 623.079231262207 779.706836700439 640.382682800293 748.438083648682 987.695281982422 668.835466384888 752.089241027832 665.804392814636 887.886245727539 655.436912536621 564.328163146973 597.41845703125 535.165664672852 686.421180725098 617.657152175903 687.305179595947 716.955207824707 715.462066650391 775.296714782715 662.998653411865 682.35777759552 682.98203086853 795.466827392578 828.985565185547 795.782501220703 736.604766845703 706.770929336548 611.67423248291 467.63850402832 616.525421142578 663.545234680176 679.136474609375 558.277381896973 798.952560424805 896.882583618164 889.047485351562 844.404346466064
662.104125976562 599.588455200195 772.997727394104 629.511032104492 613.323486328125 800.147020339966 872.803985595703 716.055389404297 814.207859039307 783.917007446289 705.551856994629 698.587562561035 752.684497833252 855.151641845703 728.596973419189 528.129104614258 692.672060012817 701.085826873779 662.44490814209 636.683143615723 609.880699157715 708.314147949219 755.651273727417 697.348870366812 663.119464874268 704.787605285645 639.870084762573 597.260757446289 789.650062561035 685.901908874512 790.325790405273 726.210548400879 466.074981689453 737.908271789551 646.431041717529 783.581825256348 554.02271270752 611.441192626953 700.463034629822 675.626651763916 654.203762054443 628.430953979492 591.556587219238 669.926372528076 627.098587036133 668.819976806641 608.47924041748 653.859985351562 776.197010040283 626.27970123291
713.915616989136 649.178039550781 638.05485534668 800.853197097778 846.699932098389 905.747535705566 794.137724161148 789.277219295502 799.013469696045 712.751907348633 786.84117770195 755.67519569397 744.31653213501 637.176208496094 784.042144775391 686.413757324219 709.920356750488 870.000401496887 719.429683685303 716.864679336548 712.259003639221 812.447540283203 820.348648071289 748.097953796387 823.017272949219 783.491119384766 633.427389144897 652.717681884766 727.544247627258 713.621681213379 679.130958557129 724.4089012146 637.145198822021 732.676151275635 613.905044555664 568.318382263184 513.727233886719 579.743103027344 453.551879882812 733.35666847229 575.46736907959 682.550216674805 626.203742980957 701.993147850037 710.877201080322 626.510986328125 794.652923583984 833.760375976562 944.896926879883 915.890632629395
879.936729431152 763.66152381897 737.426429748535 831.820263579488 728.521072387695 754.407257080078 736.218761444092 757.832405090332 725.189331054688 824.887531280518 917.919662475586 725.607238769531 583.885864257812 830.356239318848 846.346115112305 844.399124145508 778.001979827881 725.300643920898 831.485733032227 717.842674732208 688.664287567139 852.464492797852 785.930377960205 884.658599853516 808.226699829102 689.525604248047 770.982292175293 850.810222625732 607.042858123779 710.709009170532 573.255966186523 748.108722686768 743.395312309265 722.686351776123 593.446731567383 506.460784912109 665.771721363068 727.266372680664 769.74063873291 704.60711812973 691.223127841949 730.392835617065 645.784893035889 643.854675292969 745.325664520264 709.599807739258 779.303817749023 696.099595308304 772.854904174805 803.53931427002
817.744911193848 800.032623291016 787.477560043335 689.822128295898 674.923812866211 783.186334609985 890.635787963867 904.283180236816 814.1034116745 978.167633056641 851.342945098877 733.049285888672 642.298370361328 718.313804626465 815.540794372559 844.241227149963 887.828163146973 614.604949951172 874.71711730957 737.21852684021 814.496551513672 631.615207672119 691.714183807373 777.906661987305 777.149219512939 715.46216583252 795.386779785156 805.267555236816 751.633651733398 696.31526184082 635.02318572998 749.643844604492 741.343341827393 655.793575286865 728.223531723022 599.70972442627 673.062229633331 546.974822998047 725.451324462891 612.609382629395 801.652000427246 770.459621429443 638.680839538574 603.558807373047 714.589366912842 728.820609092712 733.702674925327 744.042030334473 687.285846710205 703.860893249512
878.604705810547 853.045387268066 1201.81074523926 845.062057495117 774.165000915527 823.143783569336 819.931849479675 731.05744934082 865.932205200195 877.321411132812 874.165500640869 782.229562759399 692.419303894043 826.510518074036 840.903945922852 781.133823394775 836.599201202393 787.840442657471 767.975219726562 833.148574829102 775.80859375 739.952003479004 773.680694580078 686.606002807617 664.802936553955 814.363887786865 738.504444122314 855.427783966064 629.561111450195 630.789642333984 555.919937133789 756.284065246582 657.543975830078 722.370437383652 792.317874908447 775.664566040039 716.707527160645 712.107864379883 619.831954956055 829.719802856445 703.560241699219 692.61160993576 620.604042053223 691.59835100174 792.790237426758 705.343358039856 709.164939880371 604.116973876953 784.149314880371 739.323471069336
628.818416595459 693.678071975708 990.590316772461 708.328363418579 813.595996856689 773.769180297852 816.247291564941 1089.38269805908 757.173709869385 713.04508972168 788.764520645142 658.987663269043 878.049827575684 873.828239440918 815.880655288696 782.934898376465 826.459134101868 671.216674804688 655.050018310547 721.862579345703 713.915716171265 698.300477027893 721.433505058289 675.867961883545 699.776268005371 660.475770950317 707.499351501465 661.694702148438 827.986988067627 820.635639190674 844.392391204834 741.192066192627 765.209465026855 733.21736907959 753.05818939209 789.186706542969 756.83226776123 725.129800796509 783.031562805176 761.041343688965 613.312072753906 684.774739265442 799.134773254395 690.198705673218 800.634262084961 926.890045166016 744.634929656982 813.887031555176 651.24609375 731.045845031738
727.639553070068 581.738586425781 637.625442504883 734.245960235596 858.98811340332 708.132423400879 682.796391487122 855.185333251953 680.444544792175 758.298782348633 953.633142471313 814.961799621582 883.506828308105 871.096614837646 675.818939208984 776.144584655762 751.665054321289 730.788711547852 647.743835449219 814.786311149597 648.411346435547 703.165191650391 788.72437286377 819.83366394043 759.625350952148 597.27254486084 667.729629516602 778.32083272934 672.527923583984 962.473846435547 754.872241973877 821.295024871826 757.773338317871 670.417064666748 760.284980773926 755.135807037354 629.572677612305 653.480842590332 831.61792755127 828.92561340332 678.402324676514 690.97548866272 715.080953598022 716.790013313293 774.609546661377 801.054725646973 957.473785400391 696.504501342773 634.344131469727 855.192359924316
-9999 -9999 -9999 776.96565246582 774.218536376953 975.76390838623 746.742378234863 704.58283996582 551.768859863281 834.176010131836 970.980041503906 785.814252853394 925.108253479004 1007.59916687012 756.959114074707 651.424133300781 816.92786026001 821.017261505127 750.491271972656 844.961144089699 853.846508026123 895.19868850708 905.085357666016 809.99547958374 863.659130096436 749.162891387939 732.561528921127 778.615341186523 676.974945068359 747.602733612061 806.866815567017 710.058738708496 790.030284881592 711.849445343018 761.751884460449 778.715892791748 707.721252441406 700.054656982422 770.132316589355 858.759574890137 982.482055664062 818.868793487549 703.966995239258 801.96110534668 798.340789794922 672.48344039917 786.427726745605 711.37188911438 706.434909820557 746.444343566895
-9999 -9999 -9999 -9999 -9999 -9999 938.508140563965 833.612705230713 707.024147033691 808.33137512207 848.484527587891 738.690567016602 831.775196075439 1007.09328460693 1009.27876281738 828.196054458618 785.580812454224 794.058780670166 759.166320800781 832.891326904297 890.441287994385 892.481801986694 1000.80505371094 924.652050018311 826.648124694824 760.854560852051 1026.0030670166 818.071357727051 836.207641601562 788.390781402588 844.009989976883 933.979015350342 766.467729568481 752.101552963257 621.606407165527 822.413703918457 915.16722869873 796.307032227516 862.338338851929 1087.21786499023 972.068237304688 821.283580780029 882.560470581055 775.644687652588 610.302604675293 667.732475280762 715.47124671936 884.35221862793 757.105110883713 731.417224884033
-9999 -9999 -9999 -9999 -9999 -9999 -9999 -9999 -9999 824.459701538086 839.073951721191 745.540222167969 787.353507995605 735.079284667969 780.650866508484 887.227478027344 1084.99668264389 753.88166809082 882.176330566406 779.986679077148 966.08016204834 869.69638633728 917.983489990234 1008.68797302246 895.307960510254 742.420425415039 827.212730407715 848.499099731445 811.976707458496 852.30240213871 698.237197875977 779.375469207764 679.566848754883 661.795341491699 539.087066650391 619.78849029541 738.383586883545 735.203010559082 769.25016784668 835.075332641602 845.321868896484 786.958068847656 693.940259933472 854.952362060547 772.812076568604 695.114402770996 589.646331787109 657.074020385742 732.062448501587 738.666715621948
-9999 -9999 -9999 -9999 -9999 -9999 -9999 -9999 -9999 -9999 -9999 664.797775268555 688.574531555176 719.147537231445 755.728515625 756.617691040039 835.781742095947 1224.24769592285 734.207664489746 742.238265991211 1001.31894493103 1076.18173217773 890.105702400208 893.700594902039 834.029003143311 844.446548461914 826.751274108887 796.514379501343 808.725727081299 889.642578125 795.769439697266 871.639072418213 725.279807090759 700.315679550171 806.951231002808 832.574493408203 808.605041503906 598.598190307617 825.401634216309 813.687355041504 723.262482643127 710.409355163574 740.464979171753 728.29768371582 788.484661102295 714.890494585037 699.35816192627 773.285333633423 742.31286907196 753.623544692993
-9999 -9999 -9999 -9999 -9999 -9999 -9999 -9999 -9999 -9999 -9999 -9999 866.263343811035 664.094749450684 808.974403381348 661.484058380127 694.401542663574 1349.78256988525 1262.72950744629 1143.57581710815 1218.82913208008 1244.51784515381 1034.90501785278 1004.98302841187 823.912950992584 827.593330383301 836.706161499023 625.996215820312 650.491973876953 863.415756225586 724.397315979004 852.426475524902 921.843246459961 757.446308612823 832.947387695312 764.87423324585 633.284141540527 678.97883605957 767.902500152588 724.546522498131 726.651487350464 816.54549407959 838.850730895996 731.289085388184 854.233924865723 713.802267074585 850.487823486328 795.237361907959 763.978731632233 852.14461517334
-9999 -9999 -9999 -9999 -9999 -9999 -9999 -9999 -9999 -9999 -9999 -9999 794.471965789795 719.794227600098 896.98193359375 806.636215209961 649.852054595947 735.460968017578 840.069004058838 816.329794406891 811.705238342285 1036.22766113281 907.15747833252 883.645393371582 746.605209350586 827.291168212891 1408.13485717773 746.169372558594 758.666793823242 954.810272216797 887.407222747803 930.596120834351 748.33869934082 782.710378646851 729.878425598145 946.653656005859 804.239622116089 713.324661254883 769.672927856445 699.649463653564 854.789375305176 894.353240966797 934.718719482422 863.907852172852 976.728622436523 657.41374206543 703.10718536377 729.812419891357 743.479419708252 780.92512512207
-9999 -9999 -9999 -9999 -9999 -9999 -9999 -9999 -9999 -9999 -9999 -9999 -9999 916.873058319092 840.187942504883 803.360076904297 548.731323242188 631.197540283203 862.957580566406 833.807823181152 823.989364624023 858.343488693237 677.885200500488 759.044960021973 732.823745727539 647.02392578125 778.969755172729 785.041065216064 611.437225341797 749.663330078125 1142.61598205566 728.117460250854 825.392664432526 824.921611785889 788.000858306885 840.179299354553 683.287307739258 768.911529541016 720.582542419434 826.482765197754 798.208115577698 800.082778930664 750.856506347656 838.977661132812 740.387487411499 704.432598114014 669.088737487793 567.45036315918 549.743255615234 688.660453796387
-9999 -9999 -9999 -9999 -9999 -9999 -9999 -9999 -9999 -9999 -9999 -9999 -9999 -9999 820.373714447021 879.451728820801 851.035007476807 844.686944961548 1040.26663970947 835.846961975098 906.058906555176 937.52091217041 929.590198516846 841.896026730537 856.257553100586 734.331146240234 685.035667419434 865.347606658936 648.76530456543 761.400096893311 802.10994052887 764.357231140137 869.83097076416 827.456527709961 720.518291473389 826.01921081543 910.116439819336 502.144317626953 637.72541809082 713.908027648926 792.970399856567 817.37159538269 836.836006641388 824.950777053833 771.925170898438 769.964382171631 678.800895690918 654.534713745117 607.808547973633 739.081470489502
-9999 -9999 -9999 -9999 -9999 -9999 -9999 -9999 -9999 -9999 -9999 -9999 -9999 -9999 881.80792427063 779.81565952301 893.785186767578 826.026749193668 890.960071563721 892.518510818481 848.721668243408 943.628349304199 880.668350219727 858.713182449341 806.605419158936 898.654491424561 980.662673950195 870.270709991455 774.302757263184 786.794191360474 759.945457458496 746.250831604004 1133.63626480103 811.238933563232 774.858384132385 878.92610168457 922.138198852539 576.27180480957 648.194366455078 697.554306030273 810.3966588974 794.513458251953 754.078994750977 784.17399597168 825.127947807312 712.557250976562 615.638916015625 822.32949256897 700.029449462891 775.506313323975
