simdem/realisation33.asc
NCOLS 350 
NROWS 171 
XLLCORNER 152620 
YLLCORNER 418050 
CELLSIZE 100 
NODATA_value -9999 
[rows 132 to 153 of 171, columns 300 to 349 of 350]
859.503551483154 839.179504394531 1391.05633544922 1234.66646575928 993.897674560547 1221.81652832031 1515.8042755127 1593.01931762695 1263.69911193848 1341.95894622803 1297.32754516602 1469.17938232422 1157.3053817749 1424.21991920471 1400.01641082764 817.356994628906 1106.0032119751 1200.76745605469 1090.95726013184 1112.9521484375 945.118103027344 908.892547607422 826.94340133667 848.2940325737 992.09538269043 935.71044921875 748.257690429688 733.700225830078 884.21923828125 982.194801330566 797.47131729126 859.398483276367 958.844226837158 1049.69060516357 -9999 -9999 -9999 -9999 -9999 -9999 -9999 -9999 -9999 -9999 -9999 -9999 -9999 -9999 -9999 -9999
810.715934753418 846.18240737915 931.732845306396 1453.77949523926 1134.65603637695 1099.62442016602 1658.00830078125 1919.302734375 1236.61196136475 1208.26582336426 1131.70844650269 1366.90417480469 1238.01644897461 1273.44749450684 1550.27855682373 1784.90323829651 1789.99081420898 2373.25552368164 2044.98504638672 1473.79557800293 1617.88670349121 857.728126525879 730.97730255127 840.682224273682 838.88698720932 840.632133960724 898.807609558105 916.425013065338 776.623596191406 851.710403442383 803.855960845947 880.933738708496 769.840576171875 806.589874267578 -9999 -9999 -9999 -9999 -9999 -9999 -9999 -9999 -9999 -9999 -9999 -9999 -9999 -9999 -9999 -9999
801.329914093018 846.695327758789 789.166627883911 1047.77138519287 1212.05340576172 1092.8451461792 1454.10131835938 1431.71751403809 1373.18644714355 1376.53479003906 1364.58917236328 1485.63192749023 1317.65147399902 1173.53657531738 1300.65832138062 1463.20523834229 1355.67474365234 1613.84298706055 1340.30337524414 1042.72983551025 1235.43029785156 1232.02391052246 833.415878295898 807.785629272461 875.216756820679 999.9052734375 1075.37831115723 940.913665771484 947.67586517334 736.137832641602 756.549751281738 771.707481384277 831.816940307617 761.551284790039 818.286823272705 -9999 -9999 -9999 -9999 -9999 -9999 -9999 -9999 -9999 -9999 -9999 -9999 -9999 -9999 -9999
726.922996520996 843.223503112793 1028.88714694977 1270.0993347168 1243.89602661133 1181.55729675293 1184.6067199707 1600.03645324707 1721.33410644531 1627.99920654297 1439.76821899414 1633.23086547852 1150.21683502197 1121.31229782104 1386.10442352295 1904.07342529297 1419.06575012207 1199.77613830566 1061.40479278564 991.060234069824 1086.85813140869 1045.59017181396 1197.86605834961 940.408493041992 836.793170928955 801.750381469727 858.993120193481 823.347259521484 985.627250671387 927.50658416748 849.82349395752 894.09428024292 1131.36247825623 816.993918418884 931.247580528259 797.917778015137 -9999 -9999 -9999 -9999 -9999 -9999 -9999 -9999 -9999 -9999 -9999 -9999 -9999 -9999
703.809936523438 874.418797492981 810.725513458252 1093.8779296875 1165.39050292969 1459.84671020508 1197.62948608398 1002.45782470703 1037.06348800659 1301.44271850586 1146.40579986572 1132.40029907227 1391.97598266602 1707.37352752686 1231.13399505615 1117.30540466309 1015.74649429321 1078.47811889648 1055.62219238281 1057.51531982422 907.986108779907 959.62815284729 977.487952947617 1196.66223907471 1004.29507106543 874.394889831543 865.371898174286 824.755546092987 929.094696044922 958.540626525879 870.08073425293 1504.86032748222 900.021602630615 800.350749969482 886.595642089844 1000.27286529541 -9999 -9999 -9999 -9999 -9999 -9999 -9999 -9999 -9999 -9999 -9999 -9999 -9999 -9999
935.834747314453 1030.81882476807 854.002094268799 909.198984146118 948.647438049316 1218.75254821777 1199.44868469238 1189.82847595215 1093.08898925781 1127.01133728027 925.13028717041 891.538719177246 1234.36759185791 1411.57619953156 1360.39881896973 1067.6466588974 1109.89834594727 906.404367446899 1001.11376190186 961.178289413452 922.619083404541 964.407768249512 1064.35632324219 1046.71286773682 1204.6974029541 1040.75691986084 1519.34303283691 941.113555908203 840.996077537537 859.992210388184 1173.65121459961 1055.11756134033 1076.1410369873 826.564399719238 757.508918762207 781.994010925293 853.593826293945 -9999 -9999 -9999 -9999 -9999 -9999 -9999 -9999 -9999 -9999 -9999 -9999 -9999
969.70735168457 977.013984680176 1068.58782958984 980.77619934082 806.43279671669 1021.95755004883 1301.25161743164 1038.82988739014 1090.76028442383 1154.96416473389 945.96167755127 838.136520385742 1129.78054285049 1519.86112213135 1444.64743804932 1392.79550170898 1053.62948226929 1136.93721008301 1184.61253356934 1042.08505630493 888.872550964355 863.817855834961 1058.86920166016 1055.95684432983 1023.45598983765 992.27726483345 866.34733581543 957.445917129517 948.076095581055 1077.22378540039 859.043869018555 845.171997070312 762.344635009766 878.208556175232 878.524912327528 847.641405105591 631.805206298828 -9999 -9999 -9999 -9999 -9999 -9999 -9999 -9999 -9999 -9999 -9999 -9999 -9999
869.285232543945 913.362926483154 986.472854614258 848.887643814087 899.584754943848 1101.0853843689 1085.76701164246 948.888214111328 1017.53546524048 998.537721633911 874.646835327148 1018.91002082825 946.142631530762 995.639896392822 1673.39224243164 1765.36775970459 949.706595897675 1352.24508666992 1273.67971801758 1227.8542175293 1036.70538330078 845.809371948242 931.934257507324 1050.93883514404 769.863510131836 974.602657318115 1005.25098991394 950.532295227051 981.372982025146 1060.25714111328 802.225494384766 885.35782623291 929.887268066406 762.817176818848 867.484436035156 842.585403442383 879.683857440948 798.567848205566 -9999 -9999 -9999 -9999 -9999 -9999 -9999 -9999 -9999 -9999 -9999 -9999
854.09974861145 773.801445007324 828.868440628052 790.566642999649 876.211462020874 1108.45922088623 1050.84774780273 1053.96105957031 1193.4595489502 1063.53287124634 980.042434692383 979.485130310059 1079.59208679199 871.879974365234 1317.84496688843 1696.35610961914 1012.1416015625 1179.03071594238 1242.00186157227 1203.47239685059 1093.92632102966 982.449752807617 920.375421524048 887.850292205811 871.501636505127 967.807909965515 1023.25712013245 1053.95474243164 1007.42621231079 1008.26832580566 1416.54862976074 1049.40162944794 999.035508155823 995.050079345703 886.972882270813 906.932876586914 947.864484786987 757.423942565918 -9999 -9999 -9999 -9999 -9999 -9999 -9999 -9999 -9999 -9999 -9999 -9999
830.288963317871 725.080600738525 881.357214927673 999.950561523438 835.34451675415 981.147285461426 969.568344116211 728.705230712891 1090.89682769775 877.758616685867 941.486047744751 1066.34526824951 988.235828399658 1022.49473571777 1187.36473655701 1580.33074951172 1079.54370498657 1190.00461578369 1244.84767150879 1135.79476165771 1138.59140777588 895.464733123779 940.501976013184 920.784736633301 761.188629150391 826.957061767578 727.000793457031 1115.56884765625 906.205942630768 1156.83987426758 1267.8732919693 952.770965576172 1106.60229492188 1207.45695495605 1078.49464416504 890.757621765137 798.78165435791 830.667846679688 979.574066162109 -9999 -9999 -9999 -9999 -9999 -9999 -9999 -9999 -9999 -9999 -9999
779.133012771606 739.939456939697 729.632164001465 861.73720741272 995.18024790287 1107.65766906738 1275.17945098877 1239.01600646973 1100.01737976074 1202.2661895752 989.358207702637 1132.34048706293 944.324058532715 1081.74250793457 1313.84531021118 1112.22581481934 1138.72747802734 1050.92483901978 1179.64761352539 1359.0962677002 1390.33309173584 994.495254516602 1249.28044128418 1029.19296264648 840.133270263672 881.72541809082 717.07096862793 961.062004089355 1067.62285995483 1149.97987365723 1176.92192554474 1117.40579605103 997.406623840332 1126.18074798584 1101.19818878174 890.213144302368 955.510473251343 873.945823669434 875.206558227539 -9999 -9999 -9999 -9999 -9999 -9999 -9999 -9999 -9999 -9999 -9999
652.274868011475 678.793273925781 721.349136352539 742.307098388672 869.269503593445 955.392925262451 1016.18207550049 1059.83911132812 996.519653320312 851.613159179688 829.119270324707 958.570901870728 1092.29669189453 1099.70749664307 1091.86095619202 1454.70745849609 1116.60531616211 1051.5062828064 1058.09591674805 1095.53128051758 1060.02926063538 1090.00667572021 1114.8931787014 1178.02347946167 963.352241516113 755.935729980469 855.52961730957 848.798095703125 1010.63190460205 1037.8820605278 1083.11366653442 1177.41444778442 916.065200805664 742.465057373047 984.189118385315 926.731239318848 1057.5140914917 938.283001899719 846.111087799072 -9999 -9999 -9999 -9999 -9999 -9999 -9999 -9999 -9999 -9999 -9999
688.335489273071 705.714152336121 761.864154815674 630.18529510498 922.433151245117 877.826309204102 860.986991882324 723.24770116806 886.249664306641 862.542068481445 776.9252409935 810.697330474854 1086.94149780273 972.184452056885 1016.60743331909 1121.95479106903 1563.70553207397 1261.34320068359 1136.39583587646 1095.63872528076 1135.82073974609 948.875995635986 999.692449569702 1335.03333091736 1136.15711975098 1011.0693397522 1583.0040140152 928.319068908691 1016.16527938843 998.48931312561 1167.15266418457 1070.78059959412 693.001220703125 689.523193359375 882.51823425293 842.713241577148 871.154663085938 1005.21458053589 858.336650848389 1002.78161621094 -9999 -9999 -9999 -9999 -9999 -9999 -9999 -9999 -9999 -9999
656.893035888672 658.219402313232 696.524593353271 775.940887451172 718.341865539551 724.814037322998 762.198535680771 739.66908454895 948.08381652832 866.25061416626 856.827045440674 865.045257568359 824.765918731689 795.874755859375 860.55436706543 1005.14944458008 1124.89332580566 1197.6750869751 1629.80746269226 1105.49987792969 1095.04960632324 944.289825439453 892.697570800781 987.909948348999 1518.28667449951 1525.48880767822 1006.20374846458 1241.63745880127 957.870742797852 957.777317047119 1143.8621172905 878.20085144043 779.099594116211 703.248611450195 972.221115112305 924.187610626221 846.774200439453 848.825592041016 1025.63856506348 1024.17455291748 -9999 -9999 -9999 -9999 -9999 -9999 -9999 -9999 -9999 -9999
693.802658081055 739.346490859985 648.489540100098 738.863320112228 696.972443580627 663.480438232422 804.682289123535 786.12882065773 972.345952033997 678.909545898438 826.834206938744 927.61483001709 792.900955200195 732.222873687744 927.909147262573 1032.80376434326 938.364669799805 1096.54229736328 1090.05550765991 956.805252075195 1037.42987060547 996.364559173584 1018.16519927979 1023.80404233932 912.41187286377 1138.69750976562 858.174346923828 924.099166870117 1215.49186706543 946.974578857422 968.10018157959 777.596038818359 822.612243652344 1045.92570495605 851.478378295898 712.700042724609 781.062423706055 883.617858886719 948.783931732178 1067.96574401855 -9999 -9999 -9999 -9999 -9999 -9999 -9999 -9999 -9999 -9999
892.146636962891 693.520446777344 826.691795349121 730.0483045578 562.892150878906 740.481773376465 684.46183013916 823.588775634766 665.938781738281 889.133880615234 1070.11088562012 823.651485443115 720.257995605469 774.469355583191 802.561183452606 929.352355957031 983.103538513184 1034.42233276367 1041.11818695068 1044.41807174683 939.787719726562 959.299560546875 901.690948486328 1215.151222229 988.971611022949 872.279006958008 1015.03210115433 1356.00896453857 953.879711151123 1027.67583465576 924.976043701172 735.10807800293 712.635589599609 1083.50732421875 840.586837768555 894.564033508301 985.052533626556 982.905663490295 931.691286087036 923.96987247467 873.17541885376 -9999 -9999 -9999 -9999 -9999 -9999 -9999 -9999 -9999
803.160339355469 750.05073928833 764.94643497467 689.202800750732 534.454635620117 738.513437271118 548.251770019531 709.867057800293 861.085670471191 722.132606506348 895.379046916962 888.744941711426 871.16382598877 915.400737762451 815.373794555664 851.537178039551 989.929733276367 937.18627166748 993.085388183594 952.249087333679 928.484176635742 1031.34593582153 1087.62583732605 971.860221862793 938.291679382324 1021.48198699951 1033.48132896423 1091.83376312256 979.958183288574 844.7034034729 841.213996887207 855.531074523926 1049.25761413574 1098.53329467773 1009.72805404663 941.537929534912 1012.15936088562 1005.43102836609 936.140396118164 1087.08590698242 907.595279693604 -9999 -9999 -9999 -9999 -9999 -9999 -9999 -9999 -9999
672.555946350098 707.550636291504 801.979490280151 726.70821762085 731.718099594116 678.303230285645 720.001129150391 748.788162231445 932.630813598633 766.701057434082 613.531433105469 968.582633972168 833.277717590332 1064.46741485596 754.930557250977 696.347732543945 881.973022460938 1004.62417602539 892.898328781128 770.228958129883 880.986763000488 997.634813308716 1194.33490753174 1171.84330558777 951.247093200684 977.963350296021 1055.50740814209 969.561225891113 1002.62275695801 997.095687866211 915.155788421631 923.365880966187 826.774810791016 1035.74096679688 1102.4942779541 1033.94692230225 904.680892944336 1042.41803741455 933.785862445831 976.261833190918 1034.73226547241 1005.34159851074 -9999 -9999 -9999 -9999 -9999 -9999 -9999 -9999
779.778715133667 584.784332275391 735.777839660645 658.992721557617 696.539367675781 630.876434326172 808.755477905273 838.540126800537 904.571220397949 896.911731719971 836.115753173828 1051.13581848145 769.939491271973 896.51771736145 924.618510723114 800.978805541992 811.569913864136 745.99836730957 818.739057064056 733.821334838867 813.076858520508 940.44263458252 903.268627166748 990.507709503174 1014.32424545288 1004.3518447876 1033.80726909637 1050.99877929688 960.220256328583 924.573738098145 939.679290771484 853.658744812012 953.013986587524 863.305126190186 933.585874557495 957.7694439888 945.787258148193 907.829811096191 900.140665054321 996.725215911865 1048.813331604 944.570476531982 -9999 -9999 -9999 -9999 -9999 -9999 -9999 -9999
641.952987670898 635.515762329102 715.469497680664 747.723976135254 712.229110717773 595.108520507812 643.094696044922 800.499270439148 754.964218139648 636.639556884766 814.759399414062 737.652435302734 921.044008255005 893.458468198776 1133.66748046875 1005.38964080811 982.726974487305 924.41446685791 783.447620391846 815.586896896362 759.543350219727 872.479484558105 877.771190643311 890.865097045898 819.172048568726 749.758033752441 865.137770652771 857.810699462891 1001.08315372467 947.37032699585 1002.22328948975 903.468494415283 901.701585769653 860.85676574707 1320.70142364502 849.052207946777 922.627446174622 1021.53736686707 1098.19932556152 1082.51248168945 1003.75613021851 964.604793548584 976.44647026062 -9999 -9999 -9999 -9999 -9999 -9999 -9999
840.921859741211 633.924758911133 699.411071777344 749.151329040527 614.987579345703 753.553966522217 751.270179748535 737.437509536743 823.360216140747 594.457824707031 745.521911621094 872.477355957031 961.513591766357 812.062377929688 968.922973632812 1077.80241012573 1099.5814666748 936.895252227783 832.399566650391 885.277725219727 974.420085906982 860.983665466309 916.341655731201 743.54175567627 890.288512229919 776.053680419922 731.785186767578 840.102195739746 826.378288269043 1002.87676048279 971.421941757202 967.067937850952 785.327102661133 850.023788452148 1223.6173210144 876.423324584961 983.018634796143 993.43257522583 1096.98648071289 1084.34736633301 1041.07628834248 859.496856689453 1076.78784179688 -9999 -9999 -9999 -9999 -9999 -9999 -9999
860.684543609619 690.334480285645 652.619400024414 821.155080795288 696.303375244141 823.685276031494 880.46134185791 815.690980911255 721.341819763184 662.259017944336 878.501754760742 729.715194702148 953.466667175293 729.870178222656 643.869873046875 818.055132865906 808.342720031738 820.619644165039 788.687622070312 937.007526397705 1025.5064239502 996.788642883301 979.202487945557 925.888475418091 852.634346008301 876.246368408203 903.029853105545 737.192092895508 833.758409500122 893.462841033936 939.878856658936 974.956712722778 1070.50444793701 830.141418457031 1061.51876831055 842.699821472168 946.658125638962 1215.72987365723 1165.86155700684 1073.31676864624 854.340805053711 916.69563293457 1050.74889373779 884.512725830078 -9999 -9999 -9999 -9999 -9999 -9999
