simdem/realisation100.asc
NCOLS 350 
NROWS 171 
XLLCORNER 152620 
YLLCORNER 418050 
CELLSIZE 100 
NODATA_value -9999 
[rows 22 to 43 of 171, columns 50 to 99 of 350]
-9999 -9999 -9999 -9999 -9999 -9999 -9999 -9999 -9999 564.086326599121 685.733081817627 743.038642883301 562.599479675293 676.205960273743 380.050468444824 497.522920608521 339.757690429688 558.11253452301 643.235342025757 698.592807769775 785.622894287109 626.878232955933 583.830959320068 577.818626403809 846.373538970947 467.681396484375 452.873504638672 545.584930419922 626.461446762085 607.384764194489 642.189144134521 628.910980224609 607.615953326225 551.116542816162 648.33508682251 547.520286560059 511.750148773193 509.261589050293 515.669654846191 541.868329524994 496.828777313232 528.364433288574 1023.71646118164 668.304000854492 661.471050262451 443.914276123047 341.182540893555 564.368545532227 383.145004272461 1416.74977684021
-9999 -9999 -9999 -9999 -9999 -9999 -9999 -9999 770.293212890625 703.478260040283 679.424493789673 755.052925109863 648.45263671875 409.269592285156 360.247108459473 496.49333190918 355.217712402344 594.412654876709 576.861930847168 682.914043426514 635.641708374023 736.291366577148 594.905642986298 753.982551574707 645.688186645508 654.765697479248 679.266578674316 580.027102470398 507.019149780273 629.573188781738 497.065994262695 520.921102046967 526.969005584717 598.553689956665 587.466062545776 606.370681762695 459.720481872559 814.925735473633 679.184097290039 1119.13800811768 762.085391998291 546.955833435059 608.231292724609 521.008316040039 525.869682312012 466.84684753418 406.165344238281 563.781799316406 542.026523590088 1076.43856811523
-9999 -9999 -9999 -9999 -9999 -9999 -9999 851.607299804688 743.684280395508 795.865783691406 654.224219322205 602.084083557129 395.348930358887 474.567676544189 397.723770141602 502.467971801758 514.470733642578 407.456771850586 551.3623046875 664.885251045227 786.540924072266 661.771282196045 559.443916320801 729.276420593262 672.485229492188 584.333490312099 619.149718761444 450.715621948242 610.582004547119 1215.37609100342 680.112482070923 522.337699890137 622.606018066406 573.489009320736 794.346120834351 636.965160369873 497.766723632812 548.922943115234 667.614269256592 639.921945571899 613.479219913483 571.164078235626 494.743988037109 569.946447968483 524.539154052734 593.65620803833 456.372589111328 505.737720489502 536.784073829651 1017.84385299683
-9999 -9999 -9999 -9999 -9999 -9999 657.414215087891 627.531219482422 745.003646850586 802.893264770508 683.544918060303 626.171934127808 377.615234375 574.37162566185 478.394602775574 634.51509809494 554.199081420898 586.371086120605 524.46688079834 795.469718933105 715.653469085693 846.705993652344 633.506477355957 523.598937988281 542.919857025146 491.283210754395 474.41975402832 1096.52009963989 883.79931640625 888.72509765625 731.66689491272 546.903259277344 637.753395080566 803.044563293457 613.318153381348 636.865520477295 525.801948547363 503.526245117188 541.96549987793 657.468170166016 562.307588577271 569.415382385254 443.70726776123 557.953243970871 605.748626708984 555.237064361572 592.732934951782 611.485771179199 652.919036865234 896.505752563477
-9999 -9999 -9999 -9999 -9999 593.91716003418 453.792068481445 343.911666870117 399.037895202637 652.051082611084 564.39769744873 645.131190419197 729.605920791626 656.586676597595 759.673492431641 606.092716217041 643.03063583374 631.672386169434 491.428100585938 574.490905284882 814.728843688965 606.539012908936 600.600311279297 434.797927856445 637.647953033447 885.012763977051 695.8583984375 830.439916610718 899.259990692139 739.925863265991 774.008892059326 768.538208007812 729.881141662598 707.659008026123 748.575386047363 674.486681461334 448.129043579102 516.163822174072 470.199836730957 537.211322784424 577.348962783813 607.156936645508 679.086715698242 538.364646911621 477.228042602539 518.783016204834 509.078258514404 586.236408933997 544.41170501709 568.718490600586
-9999 -9999 -9999 -9999 546.516773223877 545.208465576172 438.457054138184 426.610954284668 400.241561889648 567.930725097656 480.395004272461 776.969860076904 639.995306968689 563.113464355469 687.832588195801 879.098098754883 626.568969726562 658.371932983398 595.912017822266 593.128007888794 457.315155029297 425.43115234375 571.497535705566 970.921970367432 1106.38299560547 804.41533946991 591.037628173828 756.514312744141 791.793785095215 754.893682479858 698.808944702148 594.756366729736 593.658269882202 608.082130432129 640.048167943954 630.725568294525 622.167821884155 593.276250362396 477.850616455078 515.40599822998 523.212734222412 676.106689453125 508.187755584717 532.235290527344 507.722045898438 572.138503074646 471.350044250488 406.764572143555 528.82674407959 515.086273193359
-9999 -9999 -9999 1208.30767059326 536.898544311523 521.612411499023 601.463501155376 466.071941375732 635.175549507141 553.173248291016 652.674797058105 694.345239639282 468.079254150391 518.435768127441 625.400062561035 585.819435596466 661.705163955688 647.659420013428 629.913787841797 643.737747192383 593.779758453369 333.770629882812 749.003425598145 534.143211364746 698.056602478027 566.620788574219 570.664070129395 527.563385009766 465.09595489502 483.830451965332 524.80648881197 611.028953552246 497.988586425781 574.158990859985 522.960758209229 614.570887565613 424.464965820312 531.308151245117 669.761856079102 431.19995880127 558.168617248535 547.086708068848 484.413753509521 371.621719360352 512.344059467316 531.268240451813 466.254585266113 443.441520690918 510.921463012695 568.115600585938
-9999 -9999 743.000465393066 1233.70246887207 506.159770965576 454.539169073105 463.562225341797 427.258407592773 514.741577148438 680.219581604004 697.003520965576 552.193687438965 558.383438110352 669.275062561035 624.13355255127 446.362487792969 625.249118804932 670.675415039062 984.970844268799 689.737098693848 1187.3628692627 526.425659179688 399.062545776367 388.016296386719 464.42297744751 391.381019592285 409.928108215332 377.203262329102 411.191459655762 439.063365936279 505.825677871704 615.648037314415 508.67790222168 518.095464229584 421.333862304688 620.81893157959 587.330116271973 692.591079711914 660.102233886719 556.06819152832 416.592674255371 474.847660064697 485.186332702637 437.319896697998 456.117233276367 431.144691467285 390.58464050293 340.092422485352 423.91276550293 785.040725708008
-9999 -9999 668.252124786377 1128.64782333374 1002.34544372559 335.030387878418 469.15592956543 362.691192626953 551.233966827393 677.332778930664 545.524879455566 373.085159301758 671.112808227539 692.179679393768 566.614471435547 465.392700195312 683.450778961182 525.585800170898 799.08918762207 727.950340270996 493.47296333313 282.837768554688 401.567520141602 366.052551269531 235.069213867188 320.835144042969 224.799545288086 246.536682128906 392.691543579102 406.226631164551 415.480091094971 424.988716125488 458.792214393616 410.127571105957 521.26294708252 579.073959350586 484.195369720459 526.040481567383 572.137683868408 650.065704345703 522.162158966064 574.8922996521 652.640960693359 365.551742553711 308.825057983398 518.895226478577 519.563432693481 502.264265060425 451.184921264648 574.369354248047
-9999 613.680591583252 700.176509857178 579.286060333252 518.235847473145 478.71257019043 544.536598205566 619.558143615723 760.658802032471 571.223182678223 474.434066772461 583.798706054688 637.625888824463 658.62134552002 563.597166061401 591.738822937012 509.658660888672 609.717475891113 481.984298706055 627.382476806641 577.028316497803 356.700698852539 302.352066040039 389.513900756836 320.207176208496 504.032985687256 265.014892578125 276.657501220703 376.526733398438 379.588668823242 322.058609008789 433.65796661377 487.932849884033 419.719696044922 532.354911804199 353.814582824707 542.049606323242 472.924999237061 604.336624145508 652.374526977539 703.713424682617 720.414443969727 499.803894042969 453.082134246826 411.921379089355 456.007301330566 483.024629592896 556.449462890625 553.522239685059 671.533554077148
638.054637908936 560.96272277832 585.271755218506 661.921661376953 605.149333953857 674.037666320801 625.042671203613 722.271453857422 676.6480884552 613.345031738281 727.330459594727 797.962959289551 632.386768341064 555.062732696533 687.255260467529 610.715632081032 622.992729187012 608.979736328125 500.604810714722 550.129947662354 561.137046813965 432.777126312256 364.658981323242 456.214299201965 289.654403686523 490.038330078125 397.520408630371 470.009751081467 495.631387710571 399.823333740234 356.220756530762 386.557273864746 531.068939208984 538.350448608398 518.820316314697 418.179145812988 401.900867462158 453.17848110199 407.726972579956 440.380418777466 454.538159370422 691.661804199219 485.520655632019 520.082710266113 389.378303527832 516.332857131958 626.980041503906 615.583938598633 575.001678466797 491.346618652344
671.643005371094 446.502159118652 560.632305145264 584.759540557861 580.59511089325 703.368263244629 657.779935836792 525.731758117676 595.07950592041 692.886642456055 758.026531219482 662.152793884277 690.87947845459 511.178405761719 656.547296524048 400.785495758057 657.77661895752 542.566257476807 667.732269287109 614.167922973633 461.285154342651 521.86442565918 329.547180175781 456.639347553253 354.40055847168 415.068979263306 454.873470306396 483.126882553101 370.691421508789 311.014221191406 295.810455322266 413.111679077148 528.694931030273 551.228477478027 619.67805480957 455.669279098511 473.147539138794 459.743844985962 507.288761138916 386.54914855957 362.063674926758 547.717716217041 410.412559509277 441.450309753418 427.705612182617 476.685103654861 575.978469848633 462.933876037598 486.677185058594 487.445130765438
621.024104118347 454.354900360107 498.029136657715 605.26594543457 587.869108200073 829.428161621094 651.357668399811 372.364128112793 725.94383430481 799.189521789551 716.342590332031 700.807571411133 581.481414794922 602.617589950562 487.403676986694 693.464031219482 644.383407592773 512.000234603882 632.035385131836 566.123497009277 463.838653564453 438.701652526855 430.99561882019 536.25138092041 271.800018310547 388.899787902832 389.912757873535 366.300331115723 464.940880894661 371.931076049805 404.39900970459 393.123901367188 665.308670043945 699.569702148438 658.049987792969 564.383209228516 341.411636352539 296.512145996094 375.835952758789 338.659362792969 450.342935562134 521.104082107544 443.101076126099 479.570539474487 443.559677124023 332.136901855469 625.660278320312 608.409790039062 481.837055206299 605.178314208984
548.974494934082 535.590297698975 408.690864562988 558.612907409668 675.583587646484 683.043182373047 490.213760375977 882.302087783813 620.869198799133 852.148071289062 784.185653686523 643.917518615723 565.056005954742 626.068565368652 530.709316819906 525.361808776855 471.639709472656 440.849235534668 571.207176208496 538.517147064209 502.788791656494 430.251689910889 590.040832519531 569.062469482422 462.33727645874 473.038864135742 483.078671455383 427.691761016846 418.209663391113 368.696876525879 464.048067092896 472.219314575195 595.460845947266 565.438140869141 547.081680297852 463.154458999634 316.491485595703 324.843978881836 453.951579332352 507.881649017334 451.870619058609 505.897974967957 440.862504959106 404.339763641357 493.745922088623 542.92748260498 503.790218353271 567.665382385254 563.67098236084 541.172260284424
743.977508544922 511.51513671875 609.351600646973 550.367916107178 846.308364868164 637.965393066406 492.063095092773 757.45143032074 760.924621582031 908.076667785645 509.394584655762 589.290088653564 514.148529052734 666.902648925781 600.176979064941 490.729873657227 474.986888885498 517.386781692505 544.312477111816 468.040636062622 298.50227355957 432.014730453491 526.209663391113 417.078990936279 391.663185119629 425.79247713089 397.970371246338 503.139778137207 355.847473144531 306.773223876953 405.593601226807 506.102874755859 473.96378326416 518.123802185059 508.860614776611 311.870666503906 263.574569702148 264.707733154297 406.429004669189 376.485984802246 398.963726043701 493.570861816406 392.376106262207 306.389266967773 420.85245513916 544.966415405273 571.455406188965 565.606254577637 504.893502235413 537.452747344971
658.10717010498 488.993143081665 547.988174438477 679.026268005371 713.37557220459 479.454582214355 428.822578430176 533.789109230042 701.592038035393 701.886178731918 387.453323364258 619.231781005859 511.997343063354 480.723693847656 521.279523849487 445.04048538208 561.558164596558 507.288112640381 395.535920619965 307.201019287109 370.357513427734 359.121826171875 343.023498535156 429.918911933899 467.534732818604 493.691303253174 522.965705871582 517.349617004395 477.507648468018 418.522012710571 353.006973266602 393.634237289429 416.966865301132 499.65941619873 389.81396484375 394.398483276367 399.296047210693 326.695434570312 339.474029541016 292.239639282227 309.024200439453 314.139984130859 410.808032989502 371.405555725098 386.658615112305 448.411945343018 638.149673461914 530.647575378418 559.05948638916 371.926345825195
681.790145874023 455.333524703979 364.296295166016 639.073883056641 471.801223754883 473.623779296875 573.630023956299 997.633625030518 1015.78938865662 1101.94355773926 720.376800537109 490.066604614258 531.766979217529 511.269827842712 388.984161376953 409.509292602539 454.945070743561 467.26263999939 535.429000854492 442.855903625488 410.929550170898 320.24951171875 442.709006309509 376.166309356689 439.18208694458 485.533744812012 439.180980682373 419.19634437561 449.771745681763 378.564979553223 461.897041320801 462.773736953735 259.864715576172 448.450983047485 359.611633300781 492.664169311523 429.984355926514 398.912643432617 480.662538528442 390.896965026855 474.445943832397 436.704944849014 338.236145019531 289.160354614258 440.846097946167 469.161533355713 536.385475158691 510.089336395264 447.407651901245 433.699484348297
582.691139221191 430.288963317871 663.538208007812 719.368347167969 539.353248596191 484.792308807373 471.881114959717 465.022171020508 442.56201171875 697.918348200619 561.992275238037 527.617139816284 415.748413085938 585.80184173584 480.788553237915 523.306964874268 606.345687866211 451.165203332901 483.954475402832 529.427864074707 504.10657119751 378.869430541992 278.824844360352 403.427799224854 647.375595092773 497.82120513916 421.337047576904 434.63111114502 426.480411529541 391.123947143555 386.588817596436 383.456233978271 364.038032531738 369.986907958984 419.483047485352 380.364780426025 363.040313720703 403.017246246338 370.295013427734 380.110443115234 450.793138504028 491.753124237061 315.679359436035 381.778545379639 444.000537872314 528.671203613281 520.638877868652 396.46346282959 385.292198181152 400.281379699707
670.154174804688 709.4697265625 765.252857208252 680.419275283813 832.417358398438 452.766464233398 477.76268196106 759.887496948242 584.596358776093 622.081550598145 568.043284416199 459.315589904785 510.659830093384 536.309206008911 496.70042681694 582.200401306152 541.10799407959 459.031331583858 364.312637329102 499.423877716064 363.229225158691 353.975952148438 367.847652435303 364.314594268799 495.326000213623 438.190984725952 338.662178039551 371.957534790039 424.185312271118 376.545768737793 320.468978881836 387.055130004883 413.901876449585 490.647045135498 367.533638000488 455.230052947998 461.311708450317 374.593658447266 428.482782363892 499.222473144531 452.213878631592 516.91646194458 351.360855102539 384.285980224609 316.067840576172 354.166664123535 379.317138671875 362.04719543457 448.298241853714 391.997188568115
654.396957397461 687.738052368164 601.591342926025 716.684425354004 765.983276367188 569.635093688965 459.620006561279 710.76358795166 763.198101758957 1005.66627502441 545.186038970947 661.243385314941 475.302627563477 312.942672729492 425.698013305664 531.27473449707 393.541015625 413.100479125977 569.226005554199 571.418731689453 487.250144958496 447.666337966919 379.160850524902 384.18664932251 395.546039581299 447.262120246887 423.129594802856 406.190463066101 449.774419784546 335.820640563965 434.379019618034 429.251438140869 460.938512802124 528.318092346191 418.994830131531 406.420570373535 417.790273666382 421.831172943115 418.662487030029 404.808681488037 372.926139831543 512.236585617065 275.864669799805 305.295959472656 417.649030685425 343.731956481934 278.358032226562 355.571792602539 278.494155883789 360.008186340332
814.154150009155 950.5419921875 847.565551757812 888.39680480957 541.836894989014 454.068380355835 636.238803863525 591.531674385071 640.405002593994 356.455749511719 481.736534118652 342.394866943359 514.472700119019 484.302703857422 479.823307037354 668.484024047852 394.892303466797 496.945938110352 529.166931152344 606.562271118164 459.415830612183 380.205261230469 512.493347167969 426.692777633667 448.254230499268 354.749271392822 549.327194213867 500.649124145508 357.151695251465 435.314908981323 372.931655883789 546.914688110352 483.495174407959 553.601913452148 544.432510375977 484.589904785156 370.679000854492 291.405654907227 367.287742614746 453.218916893005 392.381904602051 374.414245605469 193.514038085938 263.629211425781 191.849029541016 307.308700561523 353.1474609375 380.490814208984 286.669982910156 524.610855102539
633.390300750732 943.719783782959 756.59139251709 650.962905883789 399.216428756714 477.880859375 444.454669952393 645.302536010742 716.355781555176 549.654064178467 534.435882568359 299.447372436523 293.222946166992 453.85440826416 591.328819274902 418.92733001709 307.104248046875 378.659515380859 455.073757171631 517.873146057129 381.022769927979 346.528549194336 579.286849975586 417.957118988037 494.964157104492 436.512392997742 464.318187713623 399.119532585144 401.786762237549 326.401779174805 615.958450317383 524.552871704102 522.565711975098 550.136184692383 490.48983001709 350.281349182129 230.24967956543 201.864044189453 375.40731048584 348.008430480957 389.356269836426 535.777637243271 403.907703399658 400.234279632568 254.065994262695 252.47395324707 314.363342285156 445.009064870887 508.546745300293 558.56965637207
