simdem/realisation90.asc
NCOLS 350 
NROWS 171 
XLLCORNER 152620 
YLLCORNER 418050 
CELLSIZE 100 
NODATA_value -9999 
[rows 44 to 65 of 171, columns 150 to 199 of 350]
467.58828163147 468.389560699463 654.769813537598 700.966247558594 451.948020935059 478.812362670898 477.241027832031 487.680370330811 662.39567565918 643.634773254395 604.008888244629 596.588005065918 491.920448303223 623.706993103027 637.198163986206 544.519834518433 529.308115005493 445.615196228027 580.317443847656 575.404300689697 617.297836303711 508.211036682129 495.404205322266 458.093208312988 364.466659545898 499.028938293457 565.952751636505 576.480035305023 493.69017791748 718.836303710938 565.935539245605 529.420684814453 562.006370544434 752.613712310791 781.500877380371 702.61311340332 746.415939331055 832.54167175293 727.484853744507 587.247522354126 553.131708145142 568.419910669327 547.014654159546 849.080768585205 788.111015319824 633.22664642334 577.018920898438 570.298042297363 1053.95785522461 1068.24964904785
455.501369476318 488.424167633057 510.930562973022 540.220161437988 565.963966369629 474.256607055664 441.175643920898 439.908821105957 531.451997756958 520.290296554565 615.152683258057 546.595779418945 519.82328414917 475.666633605957 560.639484405518 522.401424407959 524.164587020874 545.568031311035 633.220821380615 750.01171875 460.555351257324 437.797271728516 400.161605834961 509.660396575928 466.622398376465 493.376045227051 665.885398864746 551.693656921387 424.509826660156 530.201995849609 579.03885269165 559.039430618286 546.841297149658 754.826801538467 804.203109741211 742.746162414551 702.036911010742 598.413503646851 668.176792144775 660.3723487854 651.45133972168 649.604507446289 576.393691539764 648.48127746582 729.714828491211 628.484832763672 614.733577728271 584.169732570648 567.612739562988 710.185089111328
354.67658996582 363.343627929688 368.957946777344 437.685695648193 428.446231842041 485.509944915771 418.905548095703 434.395431518555 315.919342041016 512.258800506592 587.755865097046 654.717567443848 502.075531005859 635.921615600586 667.975242614746 635.951690673828 581.862049102783 463.000164031982 641.79222869873 525.419741630554 461.864860534668 345.065582275391 324.898742675781 567.266424179077 534.987524986267 563.026954650879 628.729118347168 491.227401733398 521.761268615723 541.324551820755 475.146179199219 611.57300567627 501.78532409668 583.636781692505 514.039909362793 663.128570556641 676.220863342285 692.43278503418 661.051406860352 563.81050491333 642.115196228027 668.442192077637 652.701633453369 639.860744476318 597.806520462036 715.040962219238 706.39330291748 616.619255065918 649.192108154297 578.691665649414
417.084075927734 402.083839416504 368.53173828125 520.038070678711 577.785835266113 497.933418273926 410.896362304688 472.946060180664 567.276407241821 622.299743652344 467.816833496094 640.798049926758 562.151381492615 471.306251525879 661.405281066895 508.412620544434 449.909332275391 585.818370819092 478.841213226318 611.185104370117 385.243362426758 329.822052001953 368.381607055664 582.085412979126 466.410438537598 630.869468688965 589.495895385742 549.596688270569 611.894134521484 648.794471740723 396.87727355957 557.711535394192 481.98420715332 571.825077056885 539.954960823059 534.762848854065 680.819595336914 600.549058914185 563.413482666016 558.069858849049 558.37867641449 551.100439071655 679.43359375 621.70093536377 661.260391235352 625.853750228882 628.95454788208 662.815452575684 609.377511978149 673.948448181152
509.617814064026 618.736228942871 456.304355621338 475.399799346924 563.568677902222 484.553726196289 523.97668170929 515.625665664673 551.060431480408 585.605412483215 654.142570495605 607.63395690918 572.742558479309 628.091543197632 605.26184463501 562.292175292969 513.890357971191 633.043922424316 540.242341041565 546.412572860718 457.596878051758 261.081787109375 563.909762382507 660.591781616211 516.503326416016 567.535548210144 569.189063072205 743.190063476562 631.650177001953 606.188171386719 488.33374786377 577.782028198242 524.945391654968 580.994771957397 377.073333740234 430.597709655762 490.721206665039 557.291998445988 453.78311920166 587.399394035339 505.711181640625 661.59008026123 589.212501525879 607.974361419678 687.626129150391 740.118041992188 678.582901000977 557.073997497559 588.321980535984 565.035157203674
516.137815475464 629.677841186523 492.208827972412 523.274563789368 536.348256587982 408.856719970703 496.692352294922 472.608684539795 501.008583068848 560.241665363312 670.478897094727 599.689933776855 569.28468132019 589.835982322693 579.877937316895 692.11349105835 586.550407409668 653.795272827148 574.843444824219 607.215016365051 463.35676574707 536.00072479248 653.544692993164 665.146377563477 692.269493103027 740.231536865234 622.960651397705 728.30192565918 659.762016296387 648.309295654297 523.841966807842 494.155387878418 518.384809494019 380.715179443359 486.194496154785 455.129623413086 485.793201446533 672.286102294922 520.878185272217 489.209484100342 388.546188354492 507.885192871094 587.718276977539 736.793731689453 721.746154785156 620.965522766113 590.633842468262 655.676750183105 566.737102508545 581.291463971138
562.494037628174 665.760070800781 561.043537139893 552.406837463379 541.063508868217 518.820543289185 439.737075805664 586.496433258057 516.047248840332 535.790216445923 553.965993881226 535.665313720703 559.735206604004 511.544300079346 486.864753723145 619.553400039673 739.809753417969 581.046625137329 738.709146499634 659.332969665527 489.534606933594 542.376010894775 711.172336578369 742.68501663208 581.631004333496 535.800426483154 617.993717193604 622.539371490479 661.018394470215 534.216720581055 542.045218467712 475.204345703125 488.491859436035 408.858062744141 579.415103912354 620.88990020752 565.087591171265 510.71919631958 544.216176629066 618.252109527588 635.613609313965 577.28781080246 615.160186767578 587.532474517822 662.43879699707 516.897001266479 736.875183105469 566.636407732964 668.266290664673 531.530586242676
627.781394958496 723.427749633789 579.824481964111 556.84135055542 566.188524246216 413.871368408203 479.826965332031 470.03971862793 567.667562484741 498.87557220459 595.731119155884 505.41748046875 555.900774002075 516.265235900879 496.230377197266 655.997222900391 602.097412109375 567.377959251404 616.576293945312 530.668731689453 505.744911193848 715.717346191406 537.899909973145 611.469444274902 690.132766723633 665.261638641357 640.133140563965 523.473777770996 646.194473266602 597.087184906006 472.539985656738 483.236743927002 500.838108062744 509.896392822266 538.260865211487 375.221649169922 428.525749206543 545.152979850769 505.025184631348 309.180267333984 540.909832000732 593.384747505188 745.523696899414 665.487716674805 742.01318359375 722.406555175781 726.879852294922 633.884759902954 519.292686462402 497.722846984863
590.695602416992 635.023765563965 707.750183105469 543.145741939545 474.296131134033 521.747243881226 435.381576538086 454.559928894043 661.695770263672 657.602226257324 570.427152633667 574.011345863342 622.892963409424 537.626174926758 546.679363250732 752.125205993652 545.342704772949 525.237510681152 308.934005737305 454.570541381836 638.372673034668 585.303604125977 493.143486022949 558.337524414062 535.996753692627 666.324436187744 781.461433410645 667.259145736694 791.175262451172 700.516700744629 491.721527099609 511.426403045654 484.446788787842 511.211025238037 339.532516479492 344.240493774414 433.140823364258 456.923553466797 464.457008361816 349.637908935547 566.626569747925 693.395217895508 719.340301513672 620.852390289307 761.565032958984 715.124237060547 605.113154411316 552.307147979736 605.840671539307 424.240081787109
619.741363525391 594.454032897949 644.012603759766 585.123271942139 463.204193115234 336.280258178711 497.63703918457 487.996612548828 445.678497314453 544.036233901978 753.750991821289 647.292060852051 519.821823120117 475.040504455566 518.068592071533 559.06579208374 500.167289733887 560.389808654785 557.044250488281 549.857192993164 821.404846191406 631.746864318848 606.467365264893 510.25675201416 670.313596725464 858.641586303711 676.549055099487 667.487524032593 631.379043579102 628.608829498291 441.377105712891 345.010528564453 631.664398193359 626.931594848633 407.221923828125 363.965393066406 394.590286254883 569.451644897461 357.504592895508 308.201293945312 485.81233215332 659.758972167969 736.901611328125 703.877510070801 658.71460723877 670.818069458008 521.787628173828 584.925948143005 541.125873565674 465.269241333008
666.287796020508 511.628612518311 524.713758468628 559.463163375854 383.507171630859 543.988567352295 602.780323028564 503.678558349609 508.912559509277 517.962665557861 665.06356048584 522.345897674561 601.147448539734 505.178382873535 628.882164001465 600.973117828369 659.470321655273 679.917900085449 601.54097366333 608.131988525391 651.482929229736 567.924041748047 648.774467468262 789.680969238281 701.036598205566 716.546348571777 691.019107818604 752.803993225098 559.446357727051 599.757060527802 489.650871276855 443.683044433594 458.704200744629 368.038345336914 570.929121494293 562.536306142807 433.868728637695 502.666534423828 487.766418457031 499.200378417969 502.664924621582 672.673294067383 776.547180175781 584.790339231491 604.608021020889 655.225379943848 594.670632362366 532.434540748596 621.091071128845 542.057559967041
712.262802124023 648.405990600586 598.194580078125 641.684860229492 548.332116127014 592.218563079834 685.129959106445 800.971084594727 703.845199584961 608.158416748047 603.403841018677 767.789428710938 616.632263183594 627.994132995605 588.684854507446 545.272464752197 669.826400756836 669.907363891602 658.062515258789 628.904434204102 572.452877044678 626.243064880371 522.922904968262 747.441040039062 577.667184829712 637.833690643311 724.690517425537 508.086875915527 578.378093719482 640.080007553101 586.360774040222 461.12769317627 450.760101318359 551.666708946228 579.973713874817 537.56721496582 562.264499664307 591.677470207214 497.78630065918 532.265193939209 606.962102890015 536.99454498291 660.710327148438 743.705947875977 645.587020874023 650.355129241943 500.88013458252 599.144079208374 651.352443695068 796.523193359375
636.468971252441 536.942101478577 578.212049484253 622.686038970947 522.157810211182 560.246167182922 567.885508589447 763.809417724609 799.682418823242 678.089981079102 749.910781860352 737.546844482422 708.331527709961 722.919250488281 519.107612609863 529.755683898926 616.274688720703 619.332778930664 700.988067626953 560.885026931763 567.877281188965 542.419696807861 525.54069519043 510.289688110352 658.217041015625 607.709716796875 653.96223449707 557.294578552246 597.660671234131 566.856582641602 690.139282226562 656.139930725098 525.231502532959 526.56308555603 429.51887512207 474.507064819336 703.433006286621 656.884883880615 612.463153839111 458.219314575195 459.519813537598 597.944794654846 757.414825439453 676.10177230835 555.642387390137 627.297466278076 602.109936714172 664.219783782959 727.622856140137 703.711296081543
521.210456848145 508.501873016357 502.304973602295 645.367668151855 639.964027404785 421.395393371582 643.98726272583 623.186511993408 716.639572143555 640.898323059082 603.381282806396 631.284553527832 570.707711935043 625.21032333374 577.145431518555 497.668998718262 538.005874633789 662.354362487793 558.556159973145 551.23025894165 554.094926834106 586.783638715744 586.929391622543 488.494583129883 636.179851531982 612.739543676376 467.141998291016 577.377487182617 677.791300773621 683.997346878052 699.767707824707 633.676116943359 499.295707702637 600.378684997559 480.958274841309 502.213050842285 561.772548675537 671.785469055176 642.335006713867 696.830307006836 668.104713439941 756.965148925781 715.829147338867 648.678596496582 553.334201812744 600.507328033447 576.2580909729 645.581314086914 671.83984375 695.905776977539
634.648803710938 633.417518496513 686.002319335938 795.851699829102 593.330814361572 589.053092956543 531.940435409546 554.999219894409 558.831623077393 549.688270568848 567.525660991669 627.934135437012 629.943111419678 506.267433166504 502.459854125977 508.29780960083 431.508041381836 600.713569641113 726.697311401367 498.616775512695 420.963241577148 637.652076721191 623.256340026855 690.600318908691 597.333128929138 666.99291229248 653.399837493896 636.824153900146 667.428028106689 830.331245422363 608.821479797363 595.530830383301 606.628959655762 732.261344909668 790.224800109863 588.938446044922 642.047325134277 582.190489768982 724.416564941406 720.546028137207 681.643753051758 557.484756469727 648.046085357666 674.416316986084 645.083618164062 542.235679626465 668.955219268799 635.865026473999 568.309284210205 533.104400634766
568.044199466705 644.919166564941 607.770812988281 593.168657302856 632.125007629395 663.950775146484 500.138648986816 477.101066589355 482.362838745117 621.487270355225 568.826572418213 561.167675971985 572.957635879517 550.656139373779 636.868927001953 513.224002838135 589.926330566406 482.322616577148 523.196720123291 521.822807312012 627.486532211304 594.690902709961 662.659881591797 627.005094528198 538.16438293457 561.999183654785 555.555160522461 659.03125 788.773696899414 681.788181304932 891.241714477539 682.982246398926 548.854652404785 648.509870529175 725.19934463501 747.491249084473 505.402786254883 561.514163970947 686.359909057617 619.478999435902 584.765342712402 606.290741026402 643.165679931641 621.59454536438 654.05348777771 502.370018005371 675.166019439697 639.132965087891 645.697273254395 767.995651245117
614.349430084229 598.205299377441 491.782363891602 534.365259647369 617.523620605469 537.565073013306 537.338024139404 591.34108543396 498.256591796875 565.276040554047 595.385780334473 664.650276184082 492.172019958496 536.826835632324 590.218746185303 489.021438598633 487.524269104004 593.230602264404 558.018708229065 656.040824890137 619.443389892578 658.551872253418 629.161781311035 523.088813781738 586.722054004669 709.327865600586 557.237964630127 691.41820526123 696.51114654541 732.586990356445 665.986040115356 729.427375793457 632.609655380249 649.236209869385 665.700399398804 725.269157409668 521.454040527344 437.281311035156 657.759685516357 579.716468811035 627.518379211426 664.213836669922 558.511848449707 664.858319282532 695.471504211426 615.121242523193 634.298253536224 723.093162536621 509.155502319336 718.393886566162
610.383514404297 467.777557373047 594.431297302246 559.650583267212 593.581371307373 535.850799977779 461.030754089355 711.16577911377 737.623413085938 638.26171875 667.400489807129 685.94255065918 597.575643539429 599.318677902222 533.016754150391 549.602913856506 520.935161590576 596.111965179443 605.58699798584 585.915267944336 525.730808258057 468.345581054688 601.066791534424 655.985551834106 650.22620010376 635.487504959106 762.870880126953 637.13304901123 746.859329223633 625.58528137207 629.17497253418 554.07177734375 603.798435211182 714.184532165527 530.07364654541 450.631301879883 638.456253051758 641.740130722523 594.88102722168 721.673797607422 597.872097015381 514.950080871582 582.988220214844 878.441455841064 697.48169708252 687.882205963135 611.66123008728 541.334037780762 586.051681518555 574.269775390625
635.640029907227 469.078735351562 529.076128005981 540.263411521912 608.72594833374 621.977233886719 607.992973327637 551.213224411011 674.468757629395 616.415302276611 649.31022644043 811.695587158203 638.399635314941 649.276298522949 550.348401069641 506.603771209717 402.939147949219 608.643577575684 631.392181396484 562.132015705109 537.469676971436 533.244373321533 615.113922119141 748.902847290039 632.112668991089 690.767463684082 701.414276123047 610.850751876831 649.342516422272 512.042572021484 723.021537780762 623.171319961548 581.955135345459 711.875267028809 604.728595733643 723.71809387207 687.039947509766 745.502792358398 664.803852081299 585.191757202148 419.007827758789 374.720306396484 621.929608345032 689.700256347656 678.977615356445 545.670951843262 687.344287872314 543.402969360352 589.553657531738 764.603340148926
603.218399047852 634.702659606934 400.506622314453 502.625854492188 547.832122087479 435.541091918945 449.962982177734 510.899940490723 611.49439239502 769.240341186523 730.13102722168 643.72599029541 583.807260513306 711.703643798828 580.72908782959 535.366193771362 576.412696838379 601.586006164551 506.514575958252 598.663509368896 599.230596542358 562.152383804321 503.181518554688 553.65758895874 542.577964782715 697.154525756836 659.252346038818 595.300335884094 650.103031158447 540.007877349854 652.968704223633 640.867412567139 575.622611999512 564.231056213379 406.961547851562 665.964839935303 725.470962524414 596.048755645752 609.103078842163 659.505516052246 457.446426391602 541.72827911377 531.39372253418 577.184581756592 595.071753025055 730.414558410645 622.00773859024 601.174297332764 732.36629486084 657.536605834961
584.342380523682 576.833574771881 536.035784721375 513.330623626709 526.036933898926 495.036262512207 497.730220794678 568.397727966309 599.054576873779 558.77294921875 513.460773468018 609.883150100708 593.661564826965 617.861452102661 599.708620071411 558.723238945007 607.971385955811 530.198528289795 406.954345703125 593.891971588135 572.272748410702 507.979431152344 387.907028198242 499.438758850098 579.807158470154 568.106313705444 507.578155517578 543.785705566406 675.133171081543 746.001815795898 613.353187561035 521.21590423584 654.066833496094 603.142003759742 650.143032073975 637.446979522705 594.481189727783 714.550315856934 587.453926086426 672.535701751709 574.191013336182 623.020105361938 626.674158096313 592.549877166748 656.508776664734 668.920192718506 686.794952392578 585.49662399292 646.999103546143 726.668502807617
496.964042663574 595.781478881836 514.118091583252 618.275360107422 767.849090576172 702.096969604492 593.127956390381 612.570846557617 454.218521118164 533.813165664673 616.423141479492 483.480712890625 509.085613250732 652.667289733887 557.965014457703 576.23671913147 436.312507629395 601.688217163086 425.845840454102 538.237075805664 512.382030487061 587.74938583374 470.014923095703 453.481582641602 554.0703125 601.113896489143 621.715644836426 589.25318145752 636.599987030029 640.35986328125 677.25235748291 419.364517211914 597.189380407333 607.956479072571 526.539131164551 696.21565246582 573.161127090454 586.530986785889 546.454887390137 568.066848754883 545.069595336914 663.333251953125 554.441379547119 635.847713470459 649.230560302734 618.447163581848 653.320180892944 627.969968795776 562.664978027344 584.870254516602
