simdem/realisation72.asc
NCOLS 350 
NROWS 171 
XLLCORNER 152620 
YLLCORNER 418050 
CELLSIZE 100 
NODATA_value -9999 
[rows 132 to 153 of 171, columns 300 to 349 of 350]
889.668201446533 838.112937927246 1645.78490447998 1215.4564743042 1101.49565124512 1075.40771484375 1540.16468811035 1516.25540161133 1461.97091674805 1435.65676879883 1297.87573242188 1247.25358963013 1028.39515686035 1293.55368041992 1309.27460479736 1019.09502983093 1242.01222229004 1202.26675415039 1192.11706542969 1040.66897583008 1011.60469055176 928.447067260742 958.019493103027 987.878936767578 923.3818359375 954.024908065796 822.17578125 837.920993804932 1000.6859588623 1079.33111572266 1111.32052612305 957.848251342773 844.908805847168 759.44123840332 -9999 -9999 -9999 -9999 -9999 -9999 -9999 -9999 -9999 -9999 -9999 -9999 -9999 -9999 -9999 -9999
779.852737426758 682.940521240234 912.305484771729 1141.69519805908 1133.54632568359 1316.05178833008 1717.04986572266 1974.55645751953 1280.78932189941 1352.84838867188 1238.88482666016 1270.20288085938 1206.20729827881 1166.23558044434 1587.00672149658 1892.38261413574 1819.14291381836 2465.9912109375 2120.81329345703 1573.68560791016 1770.81672668457 881.316769123077 933.335121154785 846.208623886108 752.532424926758 834.153219938278 881.482963562012 853.362564086914 925.097569465637 951.005001068115 852.923527240753 822.148544311523 841.702095031738 965.62361907959 -9999 -9999 -9999 -9999 -9999 -9999 -9999 -9999 -9999 -9999 -9999 -9999 -9999 -9999 -9999 -9999
743.965217590332 800.251977920532 797.116453170776 1021.77480316162 1166.81632995605 1126.69046020508 1372.71656799316 1428.53723144531 1227.10450744629 1360.22930908203 1280.81727600098 1333.79818725586 1301.00843048096 1111.94443130493 1308.99353599548 1393.64129638672 1367.87646484375 1718.95336914062 1390.59146118164 1236.10797119141 1164.53096389771 1022.82090759277 820.671607971191 836.646190643311 805.496341705322 950.148651123047 1010.59945678711 778.553009033203 844.626998901367 907.805377006531 882.224890708923 738.777130126953 920.528888702393 1019.18209075928 1068.28323364258 -9999 -9999 -9999 -9999 -9999 -9999 -9999 -9999 -9999 -9999 -9999 -9999 -9999 -9999 -9999
794.066915988922 809.520812988281 1162.50105285645 1367.71493530273 1232.95516967773 1057.84677124023 1045.53692626953 1578.85345458984 1664.71798706055 1583.97964477539 1327.25677490234 1480.66790771484 1125.49401855469 1099.01874542236 1240.92375564575 1878.91414642334 1471.88607788086 1102.98738861084 1053.97547149658 1099.32757568359 931.11319732666 995.228832960129 1228.82495927811 993.21067237854 800.220100402832 911.607204437256 758.864448547363 908.576187133789 824.828357696533 744.073913574219 938.584667205811 720.292114257812 897.314010620117 783.962551116943 922.680702209473 1094.09104919434 -9999 -9999 -9999 -9999 -9999 -9999 -9999 -9999 -9999 -9999 -9999 -9999 -9999 -9999
931.803802490234 937.678039550781 853.725378036499 916.718399047852 1103.35766601562 1227.69972229004 1149.43846893311 1136.5339050293 1170.23513793945 1290.15151977539 1234.00843811035 1085.83493041992 1294.20287322998 1521.27326202393 1082.08432769775 1013.86414337158 974.730327606201 1031.15413331985 927.428184509277 1166.54281616211 879.260417938232 1014.99980163574 1008.77209854126 1000.95895385742 1188.73844909668 986.007236003876 838.599071502686 752.930549621582 899.486705780029 1000.17730712891 947.041660308838 1469.45435714722 724.940689086914 974.826354980469 1027.94702148438 1102.91093444824 -9999 -9999 -9999 -9999 -9999 -9999 -9999 -9999 -9999 -9999 -9999 -9999 -9999 -9999
896.695278167725 958.806529998779 863.696857452393 949.01880645752 928.458770751953 1308.15562438965 1011.96155929565 1129.9755859375 1031.18682861328 1238.1695098877 899.952812194824 955.403200149536 1177.76275634766 1345.39391326904 1129.71281433105 932.458724975586 976.455543518066 997.773704528809 1020.01516723633 1041.75860595703 965.835095405579 885.229829788208 974.589290618896 1120.42852783203 1045.2451877594 1139.84016036987 1731.67542266846 858.828784942627 773.573513031006 921.806142807007 1360.24967193604 936.586154937744 825.036071777344 816.666763305664 988.323654174805 1022.66078186035 886.318615913391 -9999 -9999 -9999 -9999 -9999 -9999 -9999 -9999 -9999 -9999 -9999 -9999 -9999
881.505911827087 878.045902252197 885.762882232666 825.76114821434 897.357162475586 1065.64691162109 1229.95856761932 961.329399108887 1062.28648757935 1155.02236938477 1112.15218353271 881.766571044922 1203.13859558105 1643.03522491455 1364.50304317474 1195.76511383057 1008.32569694519 1043.70957183838 1011.0591506958 1139.56097412109 954.957405090332 789.360977172852 911.880744934082 1041.55800819397 1087.71961975098 970.374435424805 918.197631835938 881.398696899414 1024.29918670654 1098.2380065918 912.829696655273 963.271508216858 867.055410385132 803.209686279297 804.692893981934 950.036285400391 842.808116912842 -9999 -9999 -9999 -9999 -9999 -9999 -9999 -9999 -9999 -9999 -9999 -9999 -9999
697.566955566406 701.962432861328 799.607795715332 781.726608276367 839.226806640625 955.706832885742 1184.91732025146 1182.97242736816 941.616798400879 1088.10531616211 1107.77519989014 1034.62554931641 986.019802093506 1109.35206604004 1732.74624633789 1887.9864654541 901.156452178955 1194.69653320312 1181.4967956543 1142.22093963623 957.074033737183 864.60221862793 994.857434272766 890.333671569824 1003.63937759399 959.243129730225 932.224304199219 815.011032104492 1111.2735824585 1106.95542907715 972.992958068848 967.689500808716 939.144601821899 1038.75001525879 886.454504013062 825.108757019043 815.440032958984 801.770011901855 -9999 -9999 -9999 -9999 -9999 -9999 -9999 -9999 -9999 -9999 -9999 -9999
720.376388549805 750.580749511719 874.257720947266 689.478248596191 880.86193561554 1002.25188350677 1096.27210235596 1026.22011184692 1050.16372299194 991.608226776123 1075.99524688721 977.691352844238 864.747573852539 1000.61864471436 1334.23056411743 1746.24136352539 1210.60101318359 1170.05500793457 1135.91484069824 989.330291748047 931.029174804688 924.954407691956 914.667945861816 918.355207443237 927.73771572113 979.333402633667 951.899829864502 950.222858428955 951.040856838226 841.313613891602 1259.57905578613 995.888229370117 905.632133483887 1073.04644775391 870.826026916504 803.446426391602 855.028205871582 858.605713844299 -9999 -9999 -9999 -9999 -9999 -9999 -9999 -9999 -9999 -9999 -9999 -9999
707.011199951172 777.930824279785 809.395248413086 721.643280029297 763.297500610352 851.08113861084 860.238243103027 829.075151443481 1042.70623397827 952.806510925293 1001.41791915894 1127.02416610718 899.811325073242 1081.11615610123 1205.74052000046 1626.70425415039 1135.89504241943 1261.27433776855 1179.42363739014 1077.02597045898 900.011779785156 863.091087341309 932.471809387207 966.563671112061 862.197967529297 769.301467895508 837.490943908691 1108.53378295898 819.406692504883 992.1923828125 1183.8462677002 975.189476013184 1046.7317276001 1097.7751083374 919.368743419647 917.464968681335 839.464660644531 902.754331111908 800.538036346436 -9999 -9999 -9999 -9999 -9999 -9999 -9999 -9999 -9999 -9999 -9999
823.863864898682 779.394155502319 676.612808227539 803.019203186035 992.755167961121 993.349132537842 1250.94879150391 1136.74551391602 1011.41230010986 1021.21798706055 1040.9366607666 1057.46059417725 974.432722091675 1024.87042617798 1337.56578922272 1138.30355834961 1221.49952697754 1129.44866943359 1057.90682983398 1175.98311233521 1283.10710716248 1102.74135780334 1289.14350175858 1041.97143936157 965.139107704163 838.945983886719 805.016098022461 1002.03532028198 1018.10179901123 986.010269165039 1203.89373779297 1172.20823717117 1010.35793876648 1097.58603668213 984.883871078491 935.7096118927 912.993907928467 943.322053432465 816.825534820557 -9999 -9999 -9999 -9999 -9999 -9999 -9999 -9999 -9999 -9999 -9999
760.738651275635 830.031967163086 654.45768737793 700.053457260132 940.956844329834 1069.12445068359 1021.41735076904 969.020257949829 854.470500946045 729.80802154541 864.462329864502 1029.96194458008 1137.36308288574 1106.85564804077 1086.60349082947 1310.83896636963 982.9030418396 988.592618942261 974.5277364254 1046.5772819519 985.643054962158 961.565815925598 944.976028442383 1103.51317596436 1004.34354400635 919.033524513245 1050.45703125 934.102474212646 997.137634277344 906.104179382324 1056.58030700684 1245.06790924072 879.700645446777 792.140525817871 837.820388793945 1036.54007339478 830.80362701416 1013.72185516357 991.032936096191 -9999 -9999 -9999 -9999 -9999 -9999 -9999 -9999 -9999 -9999 -9999
755.162414550781 705.252033233643 636.904113769531 609.546630859375 818.979080200195 732.193897247314 752.796637535095 670.214302062988 859.535102844238 765.558753967285 804.474403381348 707.175266265869 906.624008178711 874.558654785156 1081.74836540222 1093.41844272614 1445.28244018555 968.043869018555 869.092727661133 945.784774780273 897.247657775879 819.96452331543 897.025489807129 1403.97563171387 1172.93091678619 1042.30891990662 1431.14343261719 936.517669677734 944.457260131836 882.148910522461 1192.41962432861 1200.27243041992 812.480491638184 781.306915283203 939.111801147461 1198.06762695312 1059.61611175537 1043.55907440186 831.797901153564 863.96032333374 -9999 -9999 -9999 -9999 -9999 -9999 -9999 -9999 -9999 -9999
758.098785400391 596.206840515137 615.855506896973 720.349802017212 749.374822854996 630.42887878418 827.938137054443 640.606788635254 886.877914428711 843.956294059753 761.953819274902 676.865982055664 695.968849182129 859.444969177246 1025.10941696167 1128.36041259766 1116.38245010376 1024.13145828247 1582.74479866028 861.154159545898 841.932052612305 956.106397628784 1109.74224853516 1098.24554443359 1449.08037376404 1468.27203369141 966.81307220459 1169.2900378406 981.658729553223 1058.87378692627 1085.28028869629 988.448808670044 795.354393005371 948.405235290527 932.691436767578 985.20287322998 847.323608398438 853.027030944824 868.906543731689 768.694946289062 -9999 -9999 -9999 -9999 -9999 -9999 -9999 -9999 -9999 -9999
704.654502868652 651.937454223633 677.201091766357 780.992305755615 572.955703735352 607.569732666016 858.809982299805 749.801197052002 829.043212890625 792.526901245117 592.422134399414 622.20622253418 697.610145568848 550.814956665039 785.44132232666 881.366954803467 950.49630689621 906.314514160156 915.710060119629 974.186859130859 919.595687866211 983.520198822021 959.093635559082 1006.361951828 881.060668945312 1214.93617248535 1113.09437847137 975.105535507202 983.660247802734 979.306369781494 1064.57216262817 1054.5036239624 819.986907958984 1166.5405163765 959.250434875488 785.190475463867 752.532516479492 868.954284667969 847.392761230469 847.562339782715 -9999 -9999 -9999 -9999 -9999 -9999 -9999 -9999 -9999 -9999
551.167984008789 680.482086181641 680.391799926758 606.635986328125 699.194458007812 829.250678539276 711.431060791016 704.681999206543 743.521289825439 988.283345222473 803.266632080078 775.620376586914 696.855850219727 662.925987243652 880.369590759277 810.203783035278 969.866585731506 829.19750213623 860.821884155273 935.293518066406 916.783843994141 939.986946105957 930.752532958984 1118.00400447845 1043.10089015961 1081.01166915894 1197.01724243164 1248.07353019714 934.86056137085 1060.58257007599 973.014945983887 900.746173858643 902.18700504303 898.198133468628 906.310173034668 883.085113525391 820.621200561523 795.9326171875 895.331839561462 952.657127380371 861.400382995605 -9999 -9999 -9999 -9999 -9999 -9999 -9999 -9999 -9999
743.097889900208 860.579250335693 687.285972595215 642.215721130371 641.654113769531 643.982902526855 728.932746887207 826.667157053947 836.664276123047 850.883853912354 883.753595352173 870.99715423584 902.31201171875 819.22013092041 799.0209608078 690.232009887695 926.735778808594 801.231086730957 767.106048583984 754.884811401367 887.569244384766 1049.35709381104 1047.95553588867 1203.17070770264 1002.5591917038 1021.11735534668 1102.24013900757 1069.35440826416 875.614303588867 819.688491821289 930.053335189819 1192.26336669922 910.963962554932 775.581466674805 806.828399658203 796.339942932129 846.923385620117 820.056457519531 887.417063713074 907.177225112915 979.38805770874 -9999 -9999 -9999 -9999 -9999 -9999 -9999 -9999 -9999
752.152432918549 704.853096008301 679.171279907227 599.102905273438 635.338233947754 670.762153625488 649.344207763672 781.713333129883 861.411571502686 838.064455799758 718.397735595703 855.525615692139 732.825698852539 994.889419555664 694.696380615234 645.492004394531 804.013851165771 757.973846435547 829.364463806152 849.334842979908 991.541091918945 912.281620025635 1081.16873931885 1160.53406333923 964.982711791992 1067.69147109985 929.728981018066 1055.64939880371 850.784915924072 866.093837738037 888.963112831116 1000.32996368408 708.802963256836 852.140926361084 852.362365722656 855.287521362305 861.105079650879 880.132209777832 901.297466278076 929.860893249512 1031.53667831421 918.911071777344 -9999 -9999 -9999 -9999 -9999 -9999 -9999 -9999
761.843747854233 765.115632772446 761.053108215332 565.473846435547 727.750511169434 694.604751586914 645.401390075684 768.394630432129 740.29801940918 885.960535049438 796.596328735352 946.639026641846 782.25651550293 859.314392089844 839.974418640137 872.27850818634 649.964416503906 748.820602416992 650.96142578125 795.85612487793 804.85523223877 855.091445922852 930.012325286865 922.360275268555 1013.5027654171 934.797292709351 1077.97861099243 1151.70713806152 1040.40204620361 936.72905921936 887.961998939514 1055.49081420898 960.285556793213 881.686580657959 842.515403747559 931.302265167236 969.283235788345 988.560420036316 901.238801002502 854.960838317871 933.438682556152 969.440721511841 -9999 -9999 -9999 -9999 -9999 -9999 -9999 -9999
687.566329956055 718.270599365234 751.616886138916 680.892707824707 763.92942237854 545.569747924805 663.419975280762 801.990224838257 784.48783493042 743.659027099609 818.886032104492 858.429504394531 810.307609558105 764.076019287109 994.617857933044 875.659191131592 958.386016845703 899.678791046143 638.363906860352 641.148223876953 760.341163635254 750.258102416992 681.743209838867 724.96427154541 840.411722183228 899.754943847656 856.809108734131 1046.3415145874 990.853788137436 1145.47297668457 979.774349212646 927.374250411987 901.413473129272 813.840591430664 1346.00157165527 849.258010864258 933.302364349365 992.106426239014 1021.93594741821 986.456083059311 1040.69649505615 971.711091041565 910.729553222656 -9999 -9999 -9999 -9999 -9999 -9999 -9999
756.738906860352 702.075355529785 661.979110717773 698.494361877441 802.950136184692 708.362049102783 592.948379516602 716.200546264648 697.464279174805 656.940414428711 712.560317993164 858.052612304688 720.791015625 813.647819519043 901.36910200119 1082.88017654419 1084.45915603638 1079.47723388672 965.603226661682 880.257873535156 783.954772949219 711.317749023438 735.883880615234 786.894752502441 912.535011291504 898.663383483887 838.200881958008 845.067290306091 963.912078857422 1083.78377532959 943.647792816162 675.898071289062 737.085845947266 788.070327758789 1120.28950500488 859.012031555176 893.234977722168 919.203025817871 971.229591369629 1042.91418838501 977.269973754883 946.445205688477 909.356575012207 -9999 -9999 -9999 -9999 -9999 -9999 -9999
720.647262573242 752.459987640381 844.408256530762 709.649635314941 972.250473022461 829.985569000244 787.301888644695 719.244682312012 647.760696411133 632.266738891602 779.047538757324 764.620361328125 917.308135986328 776.970443725586 805.683721542358 744.463287353516 845.860778808594 990.412223815918 856.591804504395 893.459907531738 931.242309570312 939.766266822815 932.391024112701 843.934234619141 855.56268119812 935.947330474854 1015.95470428467 957.946853637695 975.502380371094 895.513050079346 950.766738891602 809.946166992188 873.667457580566 784.493682861328 1069.4651184082 773.005569458008 698.307342529297 913.348289489746 1127.93305969238 921.688148498535 810.53532409668 795.157653808594 813.779708862305 832.073379516602 -9999 -9999 -9999 -9999 -9999 -9999
