simdem/realisation80.asc
NCOLS 350 
NROWS 171 
XLLCORNER 152620 
YLLCORNER 418050 
CELLSIZE 100 
NODATA_value -9999 
[rows 22 to 43 of 171, columns 250 to 299 of 350]
681.581512451172 793.363078594208 826.326990604401 841.983341217041 961.17306137085 947.920204162598 1247.12266540527 1127.19319152832 851.018604278564 771.277677536011 761.80367565155 783.104682922363 835.853393554688 784.595863342285 676.550193786621 896.664703369141 841.385017037392 842.621253967285 893.45068359375 871.330589294434 815.976776123047 788.931785583496 754.072158813477 765.749633789062 664.914596557617 647.64714050293 937.339691162109 930.825210571289 765.49688911438 1025.38632202148 799.248512268066 -9999 -9999 -9999 -9999 -9999 -9999 -9999 -9999 -9999 -9999 -9999 -9999 -9999 -9999 -9999 -9999 -9999 -9999 -9999
645.9736328125 619.428024291992 616.714645385742 795.582109451294 829.908725738525 968.601234436035 1005.78065872192 1242.12693786621 1114.0503616333 894.939876556396 1073.66834449768 696.929458618164 1009.1847076416 939.67259979248 818.218379974365 827.942337036133 921.812385559082 834.153215408325 731.452357292175 1017.99909973145 897.011901855469 989.995635986328 845.624099731445 667.291656494141 656.313291072845 587.049530029297 888.342010498047 911.188835144043 695.225303649902 771.854598999023 761.110595703125 1047.08846282959 786.192317962646 895.152687072754 -9999 -9999 -9999 -9999 -9999 -9999 -9999 -9999 -9999 -9999 -9999 -9999 -9999 -9999 -9999 -9999
839.344619750977 1157.16371917725 1086.27779388428 719.227554321289 800.444027900696 772.29035949707 862.051664352417 1013.77809906006 896.305012702942 829.621505737305 706.834701538086 759.561447143555 853.846252441406 793.338848114014 739.589645385742 830.195407867432 856.016090393066 743.044746398926 753.576309204102 963.639366149902 913.267868041992 1012.35791015625 872.214385986328 632.927061080933 714.047508239746 681.222278594971 814.049369812012 907.029914855957 860.733907222748 841.806686401367 1014.8373260498 942.313577651978 945.438171386719 752.631233215332 951.378894805908 1094.33008575439 928.903999328613 -9999 -9999 -9999 -9999 -9999 -9999 -9999 -9999 -9999 -9999 -9999 -9999 -9999
689.020858764648 812.195466995239 720.705078125 690.087230682373 648.805953979492 916.640670776367 977.246997833252 922.152480125427 866.316555023193 994.57772064209 815.509948730469 712.204223632812 968.309158325195 858.973937988281 967.618378639221 709.390335083008 924.906221389771 821.131198883057 708.276916503906 792.128242492676 1047.27223205566 1104.69114685059 1037.39653015137 929.770196914673 807.475582122803 774.353640556335 858.234001159668 875.28148651123 968.898948669434 794.494827270508 660.724841117859 910.201756000519 764.166481018066 760.532028198242 921.418096542358 900.6585739851 780.438663244247 845.760108947754 750.488919258118 776.605169296265 763.399765014648 -9999 -9999 -9999 -9999 -9999 -9999 -9999 -9999 -9999
814.784214019775 835.23278427124 954.056587219238 813.82533454895 924.891456604004 927.537261962891 926.861221313477 788.032537460327 851.277084350586 695.617378234863 864.786134719849 948.456161499023 1035.87438964844 1202.69662475586 990.642604589462 818.335494995117 1003.16826248169 843.42179107666 812.455139160156 797.914474487305 941.336166381836 1049.63471984863 1129.60459518433 1027.63243103027 993.833755493164 1037.97886276245 894.896450042725 979.396183013916 823.363891601562 778.994911193848 655.653513908386 857.561363220215 790.110836029053 477.564071655273 592.656629562378 928.930690765381 724.015724182129 861.236999511719 788.28816986084 833.534851074219 711.541500091553 818.023529052734 1061.0983581543 947.597269058228 903.53288269043 -9999 -9999 -9999 -9999 -9999
755.961853027344 719.358032226562 837.503839492798 883.090457677841 942.80638885498 883.171718597412 1107.40110397339 689.692398071289 943.578899383545 865.728645324707 848.236099243164 676.393417358398 620.98356628418 2025.33108520508 1001.52990150452 970.409214019775 760.93182182312 908.174265861511 880.806926727295 828.978404998779 849.875459671021 939.940235137939 856.87357711792 1027.23151016235 1002.55080413818 1074.13168287277 924.414947509766 1118.86727905273 1172.92864990234 799.700498580933 771.46615922451 934.537990570068 741.158203125 595.789953708649 662.159404754639 708.497535705566 919.501834869385 986.381767272949 779.634414672852 813.778697967529 737.349563598633 862.991203308105 970.407861709595 808.754058837891 803.68359375 860.956726074219 915.817897796631 814.687107086182 706.322105407715 801.381614685059
835.877592086792 851.35933303833 850.098379611969 1022.30781555176 863.870987415314 813.36946105957 878.398963928223 606.648147583008 793.264130592346 843.861017227173 759.407402038574 565.046630859375 614.590270996094 1864.93560791016 748.508712768555 819.900026321411 903.048988342285 871.923313140869 815.325216293335 908.948657989502 888.24235534668 792.940238952637 932.174229085445 983.665588378906 1067.29250526428 883.14723944664 926.7216796875 956.486680984497 1099.20413208008 989.967697143555 978.113708496094 931.572776794434 1185.92457580566 639.30392074585 691.341920852661 528.657829284668 818.610145568848 979.69694519043 967.463165283203 883.638439178467 607.539276123047 625.939163208008 776.142412945628 777.705123901367 716.073699951172 885.240043640137 944.650729179382 749.57848739624 808.803005218506 768.4010887146
890.103416442871 931.319694519043 916.032066345215 930.873573303223 747.668296813965 1011.77851867676 832.61833190918 863.063407897949 770.97092461586 661.798202514648 558.238739013672 319.559326171875 912.677429199219 467.741546630859 624.597503662109 767.908706665039 762.013702392578 794.41325378418 878.87349319458 818.976044178009 884.876636505127 871.476661682129 1090.12686538696 1017.33367156982 996.41056060791 1356.04780578613 1004.92395019531 1095.36484336853 1055.33648681641 1023.55407714844 872.044753551483 829.25936126709 1064.46255922318 809.551429748535 991.091644287109 986.491349577904 998.020760536194 988.280682295561 951.413816601038 920.292350769043 686.25016784668 681.989120483398 681.143539428711 902.513973236084 707.952545166016 856.350631713867 795.103988647461 577.629711151123 634.482276916504 728.960559844971
891.998695373535 954.523956298828 836.668674468994 897.46312713623 726.979167938232 703.343864440918 864.150703430176 844.943641662598 850.475738525391 699.506736755371 596.250946044922 416.530487060547 1412.79266357422 476.629028320312 574.374710083008 728.537910461426 852.697494506836 729.859848022461 845.556176185608 806.253040313721 806.519287109375 837.018214225769 844.721574783325 897.039360046387 876.327453613281 844.08948135376 811.466742992401 863.501401901245 865.200082778931 1003.84268188477 800.144058227539 1135.3542137146 959.80092048645 995.755495071411 956.912551879883 929.753242492676 883.913192749023 941.962337493896 883.171714782715 983.546424865723 955.710395812988 802.203323364258 873.929543733597 926.660705566406 919.913286209106 899.328147888184 696.094627380371 666.349990844727 648.367408752441 799.202919006348
881.644416809082 863.880767822266 769.081657409668 800.506580352783 710.305953979492 650.829956054688 754.080467224121 859.654006958008 863.617671966553 706.874443054199 465.598907470703 1034.28396606445 650.994812011719 635.796249389648 743.622680664062 819.277161598206 809.447101593018 728.667762756348 843.062081336975 836.741497993469 803.435210227966 837.743049621582 821.915493011475 884.681762695312 811.183553218842 832.671632766724 923.762359619141 804.802220821381 958.577209472656 1021.18399047852 916.24333190918 831.913570404053 740.081001281738 869.481262207031 1055.09689712524 910.021924972534 848.335235595703 964.706726074219 872.716571807861 1361.55732917786 1019.30987930298 1062.21070480347 1093.62799072266 1108.33294677734 1030.49221801758 689.61882019043 646.651473999023 633.739939212799 615.802181243896 941.852722167969
692.644691467285 773.934952735901 818.992237262893 719.439609527588 517.247451782227 711.454105377197 864.198143005371 803.130586624146 783.940524339676 765.435544967651 607.941909790039 1445.37124252319 749.231746673584 767.107303380966 754.184917449951 702.576148986816 612.272079467773 783.470096588135 871.008712768555 743.168312072754 972.013153076172 776.185842514038 660.346496582031 686.69881439209 766.139358520508 827.497241973877 923.664962768555 803.486805915833 907.947914123535 783.947050094604 902.841461181641 718.307022094727 774.010040283203 793.581390380859 859.915811538696 850.890840530396 911.685127258301 788.601039886475 660.480346679688 792.395698547363 837.784683227539 1033.66340637207 1030.52458953857 1511.82076263428 955.651039123535 789.380086898804 1102.44163513184 971.261177062988 1007.29676055908 959.745838165283
745.170581817627 803.309684753418 798.831241607666 746.233293533325 795.110927581787 751.057809829712 808.138212442398 745.724563598633 902.773124694824 936.13500213623 1023.90278244019 814.065728187561 819.640747070312 785.125643730164 898.887062072754 840.517364501953 782.501750946045 775.341636657715 860.032539367676 899.038497924805 975.161849975586 901.543655395508 701.206588745117 768.027889251709 900.578582763672 887.195938110352 875.419898986816 920.087326049805 786.667269706726 688.708786010742 750.588901519775 850.808114647865 703.870162963867 820.622252702713 791.985954284668 790.569667816162 693.754463195801 721.004066467285 742.735023498535 747.401695251465 772.359004974365 760.565567016602 898.135484695435 1031.04551696777 1472.13430786133 902.751617431641 919.403228759766 774.991067886353 1082.73751831055 922.713905334473
729.622924804688 689.481231689453 706.220634460449 754.077774047852 767.475750923157 765.712297439575 818.39574432373 774.02446937561 804.348680496216 989.273162841797 709.221544265747 797.765548706055 775.603102207184 830.201072692871 759.091236114502 1167.86903381348 1085.36408424377 809.226030349731 950.334167480469 814.083436965942 953.51643371582 1012.3703918457 885.693237304688 744.03881072998 786.504758834839 665.291557312012 670.205612182617 746.728668212891 847.454113006592 875.380058288574 873.253589630127 985.346984863281 717.850654602051 874.463527679443 712.548713684082 886.645595550537 738.463043212891 677.877220153809 844.434032440186 840.627872467041 723.68807220459 902.411243438721 898.13903427124 947.528381347656 803.561653137207 1379.26459598541 1069.30920410156 1104.35242080688 1021.98458862305 1095.21794509888
841.885147094727 745.11412525177 769.592916965485 785.153842926025 827.862548828125 729.970031738281 815.06335067749 662.786796569824 719.562934875488 643.515548706055 776.159502983093 851.797813415527 748.037366867065 723.273738861084 652.060966491699 815.902477264404 897.530227661133 788.962554931641 839.385269165039 894.379592895508 977.821807861328 925.420455932617 659.207160949707 691.438522338867 850.125875473022 615.232040405273 726.320518493652 720.144668579102 696.167655944824 789.747346878052 820.286899089813 807.968389987946 767.693796157837 931.773559570312 825.99291229248 731.395889282227 786.885299682617 725.948501586914 899.796073913574 701.653549194336 641.468948364258 729.427024841309 861.309677124023 889.748252868652 712.096832275391 810.936164855957 925.511138916016 1385.68173408508 985.649627685547 903.627977371216
730.818134307861 732.341897010803 778.81626188755 892.567321777344 750.206936597824 777.144066810608 724.299648284912 790.808572769165 888.976547241211 740.565851211548 736.162424087524 678.216804504395 739.917430877686 730.242446899414 1217.89682769775 805.515274047852 779.289367675781 918.663627624512 1029.09747314453 822.274528503418 731.010818481445 1011.33618164062 838.125190734863 713.913070678711 794.238973021507 796.814430236816 863.4655418396 816.124919891357 867.939834594727 817.038508415222 882.339027404785 844.050819396973 926.041374206543 542.89680480957 683.810043334961 714.156196594238 833.053667783737 747.253280639648 873.748191833496 908.626541137695 802.285715103149 833.287840247154 819.000260829926 846.091691017151 842.86510848999 738.90943145752 833.142570495605 837.521656036377 865.079925537109 1085.40468239784
525.342971801758 684.574279785156 761.178617477417 689.336505889893 792.288837432861 751.948243618011 735.779620170593 919.058520317078 804.926307678223 679.584846496582 732.986097335815 757.790382385254 639.940948486328 916.620384216309 1109.84245681763 790.660346984863 595.575439453125 627.345306396484 1137.33926391602 582.364654541016 704.858329772949 716.595176696777 743.039192199707 760.281227111816 835.159469604492 770.854818344116 896.694007873535 964.667236328125 794.845857620239 821.422658145428 809.783487081528 687.303840637207 670.645370483398 650.020896911621 772.555370330811 718.814506530762 742.526306152344 832.758996963501 873.116767883301 800.393825531006 879.59220123291 902.612289428711 839.471452116966 747.920753479004 747.147163391113 761.276519775391 786.520645141602 870.865744590759 901.275693893433 790.090774536133
661.609786987305 678.301918029785 699.533180236816 747.481408596039 797.254615783691 847.536987304688 829.893604278564 600.681488037109 664.616851806641 694.07014465332 1242.98694992065 893.686389923096 1205.28615379333 1082.34498214722 819.052520751953 718.220703125 722.900939941406 1343.87612915039 536.865417480469 1122.5008392334 1229.01038360596 951.030731201172 771.994058609009 781.562049865723 887.54296875 933.09928894043 934.72631072998 858.030265808105 916.164924621582 816.591339111328 834.394924163818 789.136806488037 897.581153869629 876.491569519043 758.926498413086 758.745040893555 784.436580657959 799.259570121765 971.304992675781 875.559206008911 716.294479370117 669.736465454102 609.839401245117 757.114433288574 859.817257881165 869.878406524658 828.443199157715 790.213966369629 862.383888244629 888.768201828003
687.371366500854 565.737747192383 726.710781097412 789.747119903564 733.16478729248 705.805280685425 848.718742370605 695.828750610352 716.537194252014 765.003019332886 782.875412464142 810.152099609375 718.319107055664 1217.43984222412 1029.82112121582 876.159782409668 554.944229125977 633.273193359375 647.078186035156 726.728332519531 1042.84057044983 740.261640548706 649.796966552734 702.011734008789 754.802133560181 799.671160072088 834.939723968506 804.841121673584 832.674228668213 989.087059020996 923.466785430908 837.493453025818 792.897563934326 687.710624694824 779.018119812012 728.126083374023 828.825521945953 852.807788848877 909.271034240723 819.944751739502 850.698722839355 880.896675109863 667.62060546875 813.379423141479 746.744522094727 800.999778747559 896.719192504883 766.473846435547 1026.72370910645 974.973602294922
691.114528656006 646.621475219727 601.47102355957 653.337989807129 610.122192382812 754.957237243652 767.141620635986 769.090366363525 845.371513366699 908.875366210938 881.755790710449 937.048580169678 867.673520207405 885.412178039551 768.898750305176 946.370819091797 445.569519042969 974.113624572754 701.757720947266 555.59992980957 690.353866577148 839.951061248779 760.266547203064 663.922241210938 813.762897491455 724.262168884277 945.177154541016 900.23380279541 774.220001220703 893.781463623047 773.313133239746 762.881046295166 1050.5015411377 858.509841918945 809.248326301575 778.664091110229 666.611373901367 848.161402702332 798.618623733521 672.008941650391 1056.29679870605 606.494033813477 620.001754760742 679.501068115234 792.185306549072 771.075790405273 1015.89158630371 750.47233581543 712.291427612305 898.89928817749
654.440361022949 725.985595703125 896.13353729248 716.750503540039 784.893661499023 688.748001098633 736.017282485962 766.15274810791 788.882610321045 890.501586914062 908.256675720215 1009.28691101074 596.639022827148 763.150548934937 621.99919128418 862.882881164551 653.497940063477 702.271240234375 822.042709350586 687.123680114746 679.483932495117 827.69779586792 823.504241943359 723.124534606934 855.872528076172 875.542869567871 855.086517333984 781.527589797974 1100.90086364746 927.188884735107 1322.54681396484 911.364074707031 873.781924247742 921.754287719727 853.094718933105 816.43830871582 1118.17471694946 714.67032623291 643.689575195312 831.878488540649 1123.65505599976 703.545761108398 728.232139587402 814.427291870117 817.265171766281 954.747192382812 899.488521575928 875.002489089966 839.001447677612 893.884115219116
881.860000610352 822.100227355957 831.528457641602 896.359008789062 866.457167565823 663.144821166992 733.303227424622 793.291233062744 700.212482452393 863.241340637207 1124.62060546875 1446.87107086182 694.074287414551 687.496459960938 808.932861328125 806.227588653564 675.010509490967 824.698356628418 802.198818206787 771.589479446411 719.274345397949 888.098335266113 874.196212768555 788.178739547729 776.974026679993 697.513847351074 916.551551818848 827.479719161987 740.32852935791 897.973989486694 728.250640869141 694.852264404297 779.349884033203 686.780746459961 768.26335144043 833.567340373993 648.682754516602 1018.77836608887 951.576248168945 1219.13943481445 799.482383728027 961.801147460938 875.841876983643 897.969543457031 769.153533935547 867.557697057724 851.459219932556 913.93204498291 839.100452423096 927.588180541992
800.90901184082 804.128608703613 850.588859558105 725.344167709351 673.624069213867 631.55558013916 813.06421661377 699.202333450317 809.4189453125 994.221603393555 852.624185562134 688.704458236694 721.431503295898 719.330230712891 771.433689117432 892.069290161133 825.659839630127 728.216367721558 826.422241210938 697.573638916016 719.644199371338 841.212051391602 884.466804504395 934.275695800781 897.230545043945 639.510559082031 985.886623382568 932.236968994141 819.189948886633 1091.47427368164 721.89933013916 633.83324432373 911.663200378418 713.025108337402 777.641555786133 893.724592208862 905.564640045166 914.265600442886 849.645071029663 756.127044677734 825.903522491455 687.883743286133 833.416082382202 797.796556472778 754.373840332031 688.702194213867 966.368591308594 894.057834625244 949.005073547363 895.018947601318
