simdem/realisation65.asc
NCOLS 350 
NROWS 171 
XLLCORNER 152620 
YLLCORNER 418050 
CELLSIZE 100 
NODATA_value -9999 
[rows 44 to 65 of 171, columns 250 to 299 of 350]
600.81494140625 627.462181091309 716.93962097168 842.847221374512 769.83470916748 822.577484130859 782.66703414917 815.653305053711 853.617553710938 715.32950592041 774.669137954712 778.723640441895 744.378358840942 656.029251098633 712.146308898926 735.59250831604 794.606563568115 685.55192565918 722.087207794189 744.811058044434 720.392730712891 756.786024093628 688.02286529541 741.671794891357 807.260818481445 725.714462280273 807.879653930664 917.184118270874 789.116497039795 870.626945495605 751.781639099121 810.646976470947 827.502094268799 716.544189453125 765.603164672852 772.14949798584 733.881053924561 964.91485786438 814.953773498535 738.401901245117 559.368682861328 654.660614013672 707.115432739258 827.411787033081 946.858749389648 859.063018798828 891.255435943604 773.756973266602 796.029041290283 797.112377166748
797.087585449219 887.178527832031 754.965293884277 706.332600593567 743.302503585815 774.380180358887 815.639213562012 797.358997344971 660.07933807373 643.035049438477 681.913558959961 800.650398254395 663.641490936279 732.817402839661 806.226211547852 884.446830749512 768.986812591553 641.48469543457 719.070381164551 796.837391853333 685.493675231934 807.286529541016 742.295028686523 648.840110778809 703.134063720703 795.589392662048 760.541152954102 656.03141784668 793.688595294952 930.977668762207 935.716060638428 854.563335418701 959.118341445923 825.636974334717 785.550454139709 888.965961456299 984.766933441162 797.074117660522 1513.60968780518 986.468566894531 778.221431732178 1118.23675966263 818.323776245117 802.898231506348 914.631977081299 910.805881500244 971.36075592041 835.02476978302 856.775833129883 810.260311126709
880.355560302734 751.508850097656 618.902069091797 759.605644226074 746.65852355957 669.155330657959 665.71614074707 661.372581481934 594.06103515625 727.629881799221 692.974010467529 678.835494995117 753.885154724121 709.817733764648 788.842891693115 785.464845657349 905.545883178711 740.865909576416 846.148120164871 874.234336853027 759.271014213562 774.760517120361 591.636749267578 488.594741821289 545.392959594727 1210.73049926758 664.30436706543 1152.25225257874 1346.51150512695 870.542984008789 920.418954849243 646.297088623047 749.41569519043 695.571304321289 1258.90061569214 1710.16496276855 1297.93031311035 820.867530822754 1391.34488487244 1307.82690048218 826.777233123779 722.502578735352 977.045238494873 838.679927825928 1046.99095916748 1036.5602645874 1418.15343093872 850.187343597412 684.643188476562 801.106544494629
709.542806625366 805.751907348633 712.240570068359 699.961575508118 625.867599487305 628.738998413086 640.544296264648 588.142593383789 652.486450195312 658.558967590332 664.842231750488 655.080215454102 580.403396606445 613.564071655273 728.383302688599 721.200393676758 782.919920921326 823.975208282471 744.873678207397 738.048898696899 755.325084686279 731.723522186279 574.56022644043 568.384719848633 486.049285888672 845.254486083984 619.281768798828 1138.95345687866 1069.71678161621 1420.00690460205 943.464862823486 779.851608276367 801.176681518555 948.666458129883 821.731018066406 1157.10918426514 1313.6737537384 819.424857378006 1142.66189193726 1100.09244918823 782.935661315918 703.708648681641 1307.42345809937 1030.22331619263 922.344009399414 974.298313140869 859.311889648438 817.299560546875 900.119310379028 821.840423583984
850.017211914062 781.578536987305 810.053611755371 723.880392074585 729.954784393311 604.586639404297 572.218521118164 780.316848754883 669.533241271973 581.177825927734 923.972213745117 770.247123718262 663.714431762695 668.962821960449 697.499202728271 872.43098449707 726.698003768921 803.253616333008 691.691074371338 740.915794372559 801.442413330078 768.648498535156 551.956680297852 691.715118408203 467.986968994141 464.111633300781 511.332870483398 923.25032043457 792.958417892456 1114.81383037567 1245.92356109619 612.410766601562 715.478042602539 754.293594360352 673.943878173828 826.142640113831 1131.82168960571 717.462669372559 1710.29216003418 1024.75031280518 864.032565116882 783.599319458008 1124.22500610352 814.775062561035 802.518566131592 932.608367919922 972.363025665283 2014.69680786133 807.612869262695 804.513706207275
681.063291549683 732.612279891968 698.371515274048 661.210571289062 533.07373046875 613.437942504883 786.094764709473 817.783470153809 728.718426704407 816.36922454834 793.851661682129 774.524282455444 595.900009155273 676.918144226074 709.276435852051 965.006378173828 754.977922439575 862.833938598633 742.11872959137 693.682594299316 794.128707885742 829.70320892334 628.087196350098 632.743957519531 717.782958984375 1032.26605987549 635.155944824219 621.018173217773 820.704010009766 776.614326477051 862.019931793213 745.086456298828 742.359100341797 541.522277832031 1211.15692138672 885.851207733154 780.131298065186 640.473022460938 841.524269104004 766.595317840576 916.908364295959 862.064826965332 970.308074951172 868.203460693359 729.125953674316 841.417459487915 1011.70370483398 1087.87539672852 950.806533813477 885.143783569336
662.699520111084 680.229259490967 657.018003463745 745.679260253906 574.61799621582 772.856597900391 763.690486907959 714.727486610413 667.737373352051 599.891807556152 733.185384750366 841.422607421875 755.993724822998 656.431173324585 696.959728240967 803.159828186035 872.29508972168 918.930877685547 796.72940826416 753.425481796265 805.914520263672 768.651978254318 703.156387329102 669.864059448242 618.580490112305 541.400924682617 653.181854248047 773.266220092773 738.321390151978 805.667533874512 1089.0654258728 921.96208190918 560.567672729492 646.982437133789 882.444786071777 797.616008758545 709.462677001953 1210.09774017334 869.023452758789 837.181900024414 1197.91061782837 973.577461242676 918.974197387695 855.198768615723 747.040390014648 864.101932525635 910.605794668198 1311.77732849121 1066.78852653503 775.196731567383
535.927383422852 709.149005889893 735.115797042847 717.551552772522 697.228248596191 774.909454345703 665.039253234863 714.929533004761 667.458503723145 658.424701690674 846.837249755859 972.377319335938 624.391567230225 757.008495330811 712.666646957397 796.399085998535 656.10929107666 762.854759216309 905.250671386719 868.254745483398 930.940536499023 861.906280517578 851.375099182129 674.340476989746 784.702261328697 833.743110656738 962.968399047852 812.442993164062 707.607887268066 860.094688415527 1128.64712524414 874.982437133789 769.351470947266 1127.43603515625 1125.74119949341 895.989028930664 746.060981750488 825.039421081543 890.041051864624 881.340213775635 905.989666938782 770.933410644531 943.56844329834 843.861123085022 945.070941925049 884.273040771484 1141.56497192383 758.577457427979 771.23034286499 746.620758056641
866.960693359375 636.179096221924 705.459108352661 513.111907958984 700.983223438263 833.69743347168 652.489074707031 820.652168273926 730.203665733337 647.680564880371 622.667839050293 696.842247962952 776.754821777344 801.37353515625 621.53723526001 817.071388244629 674.887313842773 695.133640289307 859.872207641602 753.028189659119 921.898544311523 810.685359954834 798.981292724609 718.396560668945 692.510284423828 928.720426559448 963.959209442139 752.430408477783 722.117195129395 774.810123443604 668.39058303833 741.507431030273 891.886825561523 1096.95562744141 731.699844360352 529.938507080078 949.814102172852 655.723907470703 784.69921875 835.798400878906 669.249420166016 778.202442169189 764.987754821777 796.642104148865 829.710590362549 917.972633361816 1365.18063354492 824.499897003174 769.036109924316 827.03279876709
460.940536499023 743.844497680664 738.772216796875 598.14673614502 741.583209991455 714.563779830933 703.749041080475 646.485641479492 736.515773773193 674.167449951172 1208.78718566895 741.796885490417 818.946552276611 731.349802494049 1032.87480163574 1092.48400878906 719.990642547607 694.308044433594 773.282180786133 1711.06604194641 980.750556945801 638.109649658203 668.975044250488 1344.05858612061 957.949607849121 782.347916603088 794.604961395264 954.721435546875 724.060146331787 791.768190920353 862.834358215332 1009.16230392456 657.786880493164 730.690780639648 657.402740478516 1109.98141479492 756.691131591797 826.539794921875 809.493618011475 715.889717102051 1259.7613735199 687.585517883301 667.005981445312 706.211112976074 734.479187011719 761.957523345947 744.573890686035 761.222526550293 885.399879455566 839.712253093719
639.961139678955 589.206405639648 650.335498809814 648.921473741531 658.313438415527 905.427825927734 711.290348052979 537.672218322754 668.27490234375 816.443355560303 861.704788208008 1650.07612609863 977.216079711914 1210.29298400879 1102.53822994232 1639.81739807129 677.447158813477 809.125015258789 878.817295074463 646.987266540527 511.192520141602 403.037445068359 560.330474853516 757.669952392578 750.583568572998 753.08487701416 841.712490081787 1031.93533325195 924.414806365967 708.497100830078 845.390068054199 730.078372955322 905.629760742188 777.548400878906 793.682769775391 757.45719909668 1083.2292175293 779.647422790527 833.067852020264 860.192720413208 923.077314376831 758.680633544922 879.491928100586 937.776172637939 766.823173522949 922.322547912598 976.036468505859 902.399003982544 794.027606964111 672.150360107422
720.519393920898 649.380926132202 650.458688735962 731.000122070312 720.39298248291 728.368007659912 661.785188898444 1179.98251342773 817.550392150879 934.906036376953 904.634643554688 790.627410888672 746.536827087402 921.133819580078 690.85791015625 1474.45175933838 585.22705078125 1212.73608398438 739.6103515625 640.26335144043 1218.52194213867 1082.3857421875 1568.52587890625 734.792419433594 1099.2304353714 1247.85001373291 878.256546020508 882.246459960938 802.147506952286 793.613519668579 1032.01215362549 732.261337280273 729.51978302002 740.419853210449 992.973609924316 776.64518737793 1065.96556854248 1047.64442443848 752.662994384766 1095.83335876465 1301.17739868164 860.914154052734 1543.61871147156 744.15128326416 802.344969749451 730.31781989336 769.986484527588 812.373502731323 700.21452331543 578.384155273438
680.628635406494 590.756187438965 595.603088378906 605.529571533203 673.396539211273 684.104586482048 574.76448059082 648.809413909912 706.805639266968 707.719079494476 635.140274047852 674.3196144104 799.536666154861 767.23592376709 815.57470703125 761.160794734955 964.107833862305 741.901763916016 703.905563354492 686.19450378418 574.250335693359 498.292236328125 1716.68869018555 1903.26110839844 679.665222167969 683.551818847656 866.820031166077 744.619766235352 844.216049194336 910.759330749512 839.506462097168 759.983336448669 724.481163024902 1019.73645019531 747.279815673828 686.19376373291 707.965999364853 973.962631225586 927.89094543457 1174.18619537354 779.086944580078 951.326026916504 825.222400665283 884.894897460938 760.017715454102 886.006706237793 803.809183120728 625.307388305664 616.017395019531 681.151000976562
705.130952835083 747.078994750977 740.492385864258 696.669973373413 637.785522460938 694.580543398857 639.886627197266 585.734603881836 587.076637268066 691.058250427246 593.434623718262 619.325386047363 643.571119308472 708.237087249756 760.944633483887 692.840055465698 810.10767364502 607.602188110352 731.777359008789 715.849843978882 715.673950195312 643.490936279297 1101.97198486328 577.891799926758 717.213806152344 594.304351806641 650.939193725586 789.84984588623 897.38166809082 847.635585784912 848.796966552734 777.032733917236 558.494140625 831.734733581543 911.245376586914 1245.39574432373 760.044013977051 766.442941665649 717.581924438477 640.697746276855 624.990814208984 828.589424133301 745.827861785889 859.843200683594 866.555362701416 739.059997558594 835.510263442993 669.043273925781 426.010345458984 714.669311523438
601.652004241943 689.336965560913 737.624839782715 702.29670715332 758.471969604492 631.353523254395 890.104141235352 839.708145141602 694.106567382812 757.564338684082 717.06849861145 763.776145935059 650.345733642578 818.514434814453 616.406356811523 622.548763275146 845.551086425781 626.854843139648 697.374647140503 788.269702911377 830.700963973999 662.620155334473 1083.27939987183 543.212203979492 1070.37600135803 667.510040283203 639.804718017578 712.939872741699 787.236420631409 938.98300743103 804.670259475708 623.036270141602 661.033401489258 919.151672363281 825.325862884521 717.925994873047 837.393622040749 726.104881286621 802.865396499634 801.210956573486 861.663055419922 725.758247375488 823.850800514221 846.10196685791 835.918792724609 643.521606445312 750.192150115967 788.934921264648 836.813690185547 1961.77862548828
715.030174255371 695.072338104248 668.975036621094 707.110305786133 743.921842575073 735.802307128906 729.065780639648 847.671997070312 730.843486785889 711.473751068115 692.710008382797 898.232315063477 810.852416992188 914.019821166992 793.880348205566 691.181531906128 760.499534606934 654.42293548584 713.435950398445 974.931903839111 663.215148925781 826.373489379883 720.123184204102 622.89338684082 867.10506439209 728.144729614258 727.302278518677 998.804153442383 851.307518005371 835.805561065674 831.787631988525 598.161376953125 670.445419311523 693.880424499512 850.270668029785 711.715139389038 695.609910964966 827.258351325989 714.070281982422 821.737861633301 734.448295593262 874.954521179199 822.340152740479 859.179389953613 798.884647369385 789.361398696899 743.85546875 668.530708312988 1267.49830627441 1464.71282958984
544.044990539551 618.582851409912 740.539638519287 676.695798873901 679.496294975281 628.390037536621 763.553230285645 704.884729385376 667.569932937622 687.182576879859 693.309338092804 753.43399810791 809.917137145996 742.354034423828 769.093139648438 620.257385253906 641.656646728516 666.80850982666 648.377864837646 557.869857788086 1085.2399597168 1143.42712402344 687.362644195557 651.526336669922 666.963207244873 767.371570587158 936.033205986023 877.153398513794 1028.1282043457 932.269561767578 851.90705871582 714.143245697021 639.313598632812 671.93350982666 747.384349346161 727.982082366943 719.78662109375 837.535453796387 1085.55953216553 662.339004516602 686.802940368652 750.426193237305 1008.74444580078 877.13996887207 771.843239784241 768.227022171021 847.445602416992 730.374862670898 670.10188293457 1117.19842529297
641.091449737549 616.752891540527 557.054557800293 587.187538146973 694.071699142456 572.772987365723 778.6630859375 594.389190673828 670.858512878418 759.422012329102 768.17601776123 678.320503234863 720.934083938599 868.018005371094 756.949295043945 808.77783203125 676.926200866699 703.060722827911 706.860686779022 523.194580078125 613.395301818848 717.154750823975 643.149353027344 667.883251190186 746.965497970581 712.101837158203 650.81014251709 842.222747802734 765.362407684326 1308.10420227051 826.296852111816 737.765491962433 764.081230163574 723.014075756073 656.68928527832 606.569931030273 635.004837036133 872.811004638672 628.980102539062 660.632080078125 529.585952758789 798.24686050415 1018.28672790527 861.808311462402 671.24528503418 603.890548706055 768.560659408569 868.519897460938 775.791108608246 736.049621582031
563.285575866699 618.967601776123 738.684242248535 697.466804504395 716.160087585449 710.885265350342 773.016860961914 684.626642227173 651.735635757446 740.982192993164 767.407279968262 689.275630474091 783.210090637207 774.734008789062 753.226760864258 702.074575424194 675.606502532959 786.147941589355 681.340595245361 544.497375488281 639.685211181641 667.060523986816 647.921997070312 797.429550170898 593.366592407227 621.364326477051 717.835033416748 740.172634124756 800.895114898682 842.137172698975 796.120277404785 876.328186035156 840.949409484863 813.524360656738 648.405506134033 600.89094543457 709.758228302002 766.522064208984 808.592418670654 576.785049438477 649.662490844727 764.221311569214 865.062431335449 816.909362792969 738.564418792725 724.290149688721 594.470977783203 657.775108337402 710.270446777344 798.26623916626
665.796616494656 539.11629486084 643.361833095551 685.783693313599 829.29719543457 747.605346679688 708.291507720947 601.036987304688 704.83092212677 648.844928741455 578.95679473877 674.578534126282 616.12996673584 738.313129425049 846.739547729492 808.74568939209 698.715558052063 607.516048431396 644.817203521729 520.044403076172 632.52628326416 667.612075805664 770.869270324707 629.307525634766 661.351238250732 598.928642272949 672.424289703369 720.438877105713 705.604995727539 672.671096801758 661.557563781738 867.083702087402 850.763214111328 700.395067214966 689.068229675293 585.158798217773 545.354705810547 685.287220001221 667.321983337402 676.30916595459 658.684020996094 726.655443191528 835.075416564941 746.589128494263 820.643718719482 850.855331420898 782.406184196472 803.980653762817 744.689659118652 669.524993896484
597.030670166016 608.590328216553 620.004650115967 641.455467224121 578.121505737305 694.450956344604 611.569885253906 511.519348144531 628.255111694336 659.34801864624 692.533592224121 629.028129577637 734.534317016602 730.328708648682 846.948806762695 754.106391906738 774.651977539062 689.983357429504 686.118217468262 662.671646118164 677.404445648193 562.052307128906 648.014770507812 685.830610275269 664.392181396484 667.032279968262 628.452049255371 628.174575805664 581.705230712891 769.912517547607 785.639320373535 731.519936084747 680.832981109619 709.386953353882 759.283538818359 659.443832397461 737.160405158997 638.55534362793 573.337051391602 720.729791641235 792.545333862305 588.507446289062 592.990173339844 670.232872009277 705.680004119873 773.062561035156 799.987426757812 890.336730957031 753.395990371704 808.511848449707
556.904487609863 708.367858886719 731.744438171387 766.436088562012 756.224235534668 636.846014022827 622.218852996826 646.896131515503 635.231300354004 655.068857192993 676.553009986877 646.993240356445 707.337184906006 633.936988830566 742.208404541016 718.874332427979 619.500122070312 618.781257629395 698.652717590332 757.627082824707 612.91442489624 618.201370239258 716.918497085571 768.195461273193 740.453687667847 674.71565246582 730.927644729614 665.625694274902 720.139919281006 690.898708343506 741.073459625244 722.836924552917 693.223346710205 768.291038513184 798.73802947998 754.773517608643 880.499160766602 750.96085357666 630.571769714355 853.680221557617 773.939643859863 692.333320617676 770.804153442383 657.318199157715 744.238771438599 800.922438621521 781.349956512451 781.570692062378 730.134618759155 901.796768188477
