simdem/realisation41.asc
NCOLS 350 
NROWS 171 
XLLCORNER 152620 
YLLCORNER 418050 
CELLSIZE 100 
NODATA_value -9999 
[rows 22 to 43 of 171, columns 200 to 249 of 350]
811.89624786377 621.068870544434 675.1416015625 628.00399017334 518.30549621582 616.676284790039 595.946487426758 754.241470336914 715.046586990356 816.333801269531 682.562704086304 692.767589569092 782.1044921875 551.891525268555 751.90389251709 452.972778320312 596.831581115723 699.99254989624 582.60929107666 799.116760253906 792.538375854492 712.498386383057 669.089340209961 671.594483852386 594.967216491699 723.786813735962 676.605930328369 593.760864257812 614.22469329834 737.37069940567 646.005561828613 590.56713104248 698.224431991577 635.631286621094 828.302993774414 764.899612426758 736.154388427734 696.871208190918 632.416290283203 834.564613342285 882.659080505371 770.833524703979 793.009418487549 819.79349899292 842.330257415771 1263.15323638916 781.916709661484 641.821670532227 792.332324981689 805.889324188232
690.691639900208 712.001197814941 563.008979797363 737.834014892578 671.698209762573 642.561995506287 611.342472076416 620.486793518066 673.297122001648 688.681692123413 593.918804168701 554.280403137207 743.917097091675 560.545669555664 577.47631072998 574.570785522461 614.858642578125 621.785987854004 719.554748535156 604.41735458374 769.854820251465 734.333038330078 746.76912689209 768.829849243164 711.117555618286 775.277889251709 717.482765197754 756.130477905273 767.801826477051 700.944803237915 744.168884277344 629.814056396484 767.720386505127 787.212898254395 746.549776077271 824.736473083496 783.346015930176 830.844425201416 714.040386199951 750.69833946228 835.675045013428 777.216567993164 714.24923324585 704.894706726074 843.500913619995 725.862907409668 845.76639175415 839.889801025391 660.771881103516 1240.58567047119
670.740705490112 580.643455505371 545.043243408203 659.924346923828 648.955984115601 725.056861877441 536.241165161133 640.040075302124 668.647359371185 635.675514221191 660.934989929199 560.076965332031 674.26362991333 748.760215759277 516.894493103027 525.665588378906 632.830596923828 692.84899520874 874.080795288086 798.43115234375 785.779747009277 748.495948791504 730.655174255371 777.491348266602 695.532341003418 676.198631286621 776.718307495117 1005.93297576904 587.127601623535 625.95858001709 708.132600784302 737.772232294083 559.353012084961 786.583290100098 789.877712249756 806.45592880249 822.079231262207 917.295013427734 988.721862792969 881.04736328125 853.360931396484 835.695537567139 762.914878845215 731.536392211914 736.654777526855 731.713802337646 842.975746154785 784.484596252441 686.311294555664 669.654499053955
616.360103607178 638.586986541748 578.771461486816 507.519927978516 531.108924865723 675.638584136963 632.15144443512 553.137786865234 622.180673599243 697.39656829834 689.107177853584 587.483829498291 622.848602294922 411.497146606445 561.294897079468 424.842086791992 611.521217346191 688.073146820068 716.18985748291 815.772338867188 702.381044387817 768.315422058105 837.023391723633 639.137098312378 614.524646759033 634.668128967285 740.972751617432 784.091423988342 750.371044158936 766.304557800293 737.564358711243 636.481864929199 532.322570800781 817.197280883789 669.829540252686 869.361465454102 746.171808242798 849.431274414062 908.146789550781 676.473030090332 703.869972229004 884.146171569824 845.094841003418 710.016952514648 727.90193939209 800.489540100098 813.885040283203 705.403091430664 890.425403594971 823.573454856873
615.148427963257 665.549415588379 671.320816040039 638.480053901672 485.110893249512 636.042819976807 603.000932693481 610.815549850464 670.798587799072 596.532096862793 619.657596588135 485.451042175293 473.4462890625 573.353950500488 651.382270812988 628.634607791901 410.705993652344 394.762115478516 497.876865386963 726.941131591797 783.779815673828 674.541774898767 704.875156402588 730.197834014893 568.231727600098 626.140975952148 760.637132167816 701.997713088989 680.700794219971 809.219276428223 620.459983825684 686.07638168335 666.783176422119 698.152513504028 736.983157634735 756.410873413086 769.15549659729 850.991828918457 835.196441650391 681.103317260742 635.123428344727 787.62532043457 730.642127990723 755.646366119385 766.405616760254 858.702083587646 948.48119354248 845.882583618164 889.678327560425 921.191535949707
607.515622138977 745.329650878906 711.674041748047 581.170472145081 605.30770778656 687.91552734375 642.750570297241 537.014389038086 528.304916381836 440.567474365234 633.023248672485 658.749855041504 772.766738891602 604.116752624512 665.524475097656 571.557941436768 668.176536560059 535.305564880371 588.189105987549 733.719604492188 729.696926116943 844.844604492188 740.621463775635 622.617988586426 684.85892868042 644.314960479736 726.67662525177 622.89315032959 726.836620330811 720.976177215576 657.187423706055 687.792087554932 628.423774719238 586.33430480957 788.834278106689 831.920318603516 818.082599639893 732.955557756126 815.987747192383 769.86111831665 792.671768188477 814.042507171631 813.736854553223 739.767963409424 714.51197052002 906.583980560303 876.890159606934 864.861068725586 912.495834350586 836.861292362213
764.387237548828 661.770683288574 595.585258483887 632.996490478516 616.830244064331 695.680725097656 664.483222961426 662.760429382324 641.66930770874 664.56294631958 603.207743644714 634.73518371582 796.502532958984 766.464462280273 741.576416015625 535.308478116989 580.250816345215 579.988368988037 725.752822875977 623.005958557129 702.162261962891 804.870071411133 614.831092834473 535.549850463867 667.578614234924 554.430084228516 613.975452423096 673.006758213043 700.661775588989 682.490669250488 687.08907353878 729.942283630371 646.628196716309 652.867847442627 610.626449584961 713.812362670898 797.179191589355 757.193806648254 702.808486938477 700.737503051758 732.935741424561 871.532196044922 722.107412338257 847.513153076172 854.589275360107 790.116180419922 831.460330963135 898.734817504883 673.802505493164 723.997955322266
607.186725616455 735.05012512207 726.537612915039 738.623107910156 694.008895874023 606.292366027832 659.678970336914 511.950202941895 557.496370315552 597.657915234566 507.798500061035 564.175834655762 626.768056869507 501.800277709961 751.346572875977 472.973386764526 401.606605529785 525.068798065186 582.402420043945 615.331611633301 640.304071605206 718.105453491211 627.420736312866 610.983184814453 714.940971374512 715.744270324707 666.367126464844 625.166507720947 683.735782623291 732.337184906006 728.770347595215 604.415092468262 747.899467468262 810.368453979492 692.180337905884 707.741344451904 530.80419921875 560.085113525391 694.187683105469 730.387934207916 662.069366455078 793.088859558105 688.317916870117 755.42125415802 559.998718261719 798.200172424316 951.312339782715 830.187557220459 666.615341186523 782.205261707306
544.149230957031 572.5868704319 639.753528594971 698.658576965332 496.406883239746 508.534446716309 549.474998444319 648.588054656982 535.335868835449 462.015625 529.537132263184 513.053726196289 513.911003112793 349.728622436523 426.267692565918 477.350172042847 583.611320495605 595.970623016357 639.980850219727 666.583648681641 656.203437805176 630.656836032867 666.882955551147 610.660930633545 589.193069458008 596.11937713623 710.038146972656 681.399618148804 740.020233154297 640.088214874268 717.054862976074 678.936121463776 725.442794799805 716.853075027466 725.120378494263 645.521530151367 626.865493774414 682.379577636719 633.790962219238 728.843088150024 639.458168029785 703.838958740234 740.380447387695 723.427536010742 601.778625488281 797.027986526489 908.078460693359 817.160591125488 897.166412353516 774.685218811035
576.684516906738 661.403160095215 519.831165313721 664.716552734375 489.104286193848 524.532325744629 511.9755859375 583.860280036926 504.51774597168 526.341758728027 593.795836448669 446.673187255859 455.154006958008 505.135307312012 427.341239929199 516.118316650391 611.109451293945 600.819803237915 566.30241394043 652.169738769531 693.166191101074 746.996574401855 664.973747253418 619.731006622314 517.48095703125 593.809257507324 796.291465759277 716.675792694092 625.579521179199 663.619274616241 519.332595825195 579.060050964355 540.668495178223 724.932344436646 771.355026245117 726.179656982422 622.924339294434 603.984001159668 716.099792718887 714.965141296387 681.733095169067 774.792196273804 821.408882141113 736.155897140503 608.647064208984 851.058792114258 846.398582458496 835.419776916504 790.248606681824 776.800033569336
395.381774902344 472.77734375 461.970878601074 622.264719009399 725.430145263672 759.805068969727 705.829177856445 510.409133911133 407.148315429688 470.100173950195 601.452663421631 557.821556091309 523.14363861084 496.176872253418 495.131660461426 381.771919250488 405.107666015625 655.016586303711 637.565982818604 536.662363678217 651.6741771698 688.073463439941 678.137596130371 723.544540405273 630.24409866333 607.218452453613 718.433631896973 670.96327495575 559.991035461426 408.924438476562 402.072937011719 456.59700012207 646.676811933517 698.154445648193 807.249206542969 785.29443359375 757.659378051758 708.206532478333 684.715229034424 728.736173152924 721.993935585022 722.2900390625 653.507591247559 633.091339111328 846.629592895508 878.31177520752 680.798583984375 785.673573732376 590.917152404785 707.775327682495
368.900115966797 478.611145019531 636.700229644775 725.189605712891 622.353969573975 739.667495727539 600.671644210815 495.19758605957 565.989471435547 509.597862243652 667.410251617432 619.156480789185 405.908126831055 555.099197387695 525.297187805176 449.466842651367 425.474189758301 659.361763000488 812.661148071289 634.769709587097 731.468048095703 525.526710510254 566.833656311035 698.058128356934 651.567867994308 630.488885879517 592.639358520508 667.088708877563 653.246618270874 436.59733581543 379.240814208984 342.202453613281 472.302597045898 684.763544797897 780.265487670898 696.992149353027 757.158443450928 607.986335754395 660.05940246582 691.950035095215 702.932744979858 719.598787069321 537.994125366211 649.738098144531 792.555990219116 795.749929428101 664.190719604492 838.322044372559 780.670527935028 802.153169631958
539.017431259155 715.689392089844 537.393245697021 574.755709648132 486.086395263672 597.426044464111 669.684180259705 820.117492675781 632.999656677246 685.769012451172 587.817089080811 554.700242996216 688.257541656494 641.304069519043 571.712623596191 316.312118530273 438.354713439941 601.87134552002 711.063270568848 735.774673461914 697.354309082031 636.754986763 586.916732788086 646.876130104065 631.574752807617 653.490401506424 712.514877319336 704.385192871094 676.499765396118 474.281539916992 282.941589355469 474.892440795898 610.14196395874 681.729316711426 682.47105550766 693.775022268295 559.187576293945 656.176082611084 834.684059143066 757.160995483398 775.677837371826 843.438987731934 593.422088623047 608.778778076172 773.087351799011 740.393177032471 727.925528526306 792.006969451904 792.724781036377 822.492942810059
711.428726196289 486.931129455566 536.653818130493 579.450548171997 522.213008880615 376.205261230469 483.763450622559 700.034744262695 626.007652282715 594.426164329052 605.12833404541 719.51308631897 851.262344360352 829.348556518555 538.572021484375 584.88826751709 631.353626251221 506.142364501953 560.695281982422 540.522285461426 684.858555555344 645.153890609741 462.788299560547 448.832489013672 647.753229141235 665.182514190674 708.650287628174 608.984531402588 620.900970458984 538.033172607422 619.404945373535 545.608276367188 661.805030345917 609.803001403809 721.967872619629 552.970428466797 655.053440093994 727.085983276367 811.535057067871 679.024044036865 708.939707696438 749.378360748291 709.840301513672 727.692311286926 877.798034667969 758.411820411682 850.801773071289 807.244186401367 761.859990119934 643.846488952637
507.962604522705 537.770862579346 509.13793182373 667.336776733398 470.236633300781 331.552139282227 577.653221130371 572.167146682739 634.228668212891 514.921524047852 569.996431350708 1084.13050842285 725.663902282715 752.146575927734 693.92253112793 680.826866149902 611.487159729004 486.981285095215 434.01904296875 532.743110656738 458.256393432617 535.405570983887 560.892387390137 509.914154052734 618.471299648285 631.596477657557 656.1811876297 664.511119842529 650.645959854126 768.864524841309 840.767990112305 713.652362823486 690.815998077393 647.537420272827 706.889293670654 589.305881500244 671.47208404541 697.797235488892 845.135543823242 727.693817615509 664.254493713379 785.49010848999 793.440399169922 842.064987182617 888.643264770508 820.874656677246 687.578277587891 890.082809448242 706.276058197021 632.057708740234
599.445907592773 508.937305450439 627.122257232666 590.937675476074 415.866958618164 557.814242362976 535.897483825684 635.104801177979 681.582969665527 556.593887329102 483.018310546875 894.498291015625 783.021934509277 750.740669250488 427.575790405273 497.688110351562 616.349964290857 657.065575122833 762.26375579834 470.138687133789 566.241569519043 563.220108032227 455.815353393555 453.076766967773 519.006690979004 588.384620666504 568.534553527832 602.566020965576 645.209205627441 789.970016479492 624.11919593811 711.10924911499 649.943090438843 694.517196655273 671.491124719381 641.821983337402 700.132377386093 618.644012451172 716.976468741894 870.40592956543 813.693382263184 726.664283752441 777.619659423828 734.206463336945 788.345502853394 717.953472137451 694.308361053467 717.48274230957 717.716592788696 751.375428199768
612.414657592773 455.338859558105 645.15567779541 582.584843635559 550.257895469666 646.123170852661 571.261589050293 566.478118896484 516.094230651855 491.893424987793 496.706413269043 605.765774250031 485.07266998291 450.307281494141 563.243408203125 537.970951080322 710.493835449219 636.913726806641 638.19554901123 797.116271972656 609.200424194336 600.320701599121 659.987129211426 559.951156616211 575.431119918823 586.521553039551 711.907722473145 692.552627563477 831.397232055664 779.150726318359 752.158576965332 703.041034698486 608.490242004395 676.578543663025 732.543151855469 835.947769165039 761.973770141602 662.605951309204 652.670791625977 760.772994995117 790.27156829834 818.26252746582 814.938385009766 717.571969985962 751.704978942871 703.123588562012 701.104858398438 739.865183830261 745.699773788452 792.13264465332
545.211782455444 608.804096221924 721.72639465332 787.803421020508 610.836723327637 630.319618225098 500.117351531982 571.52134513855 608.724004983902 544.643783569336 573.076805114746 632.896331787109 537.010604858398 602.425149917603 506.284149169922 538.49080657959 585.729965209961 601.246999740601 527.985565185547 685.91056060791 559.375961303711 543.386054992676 578.693859100342 605.653987646103 622.126358866692 710.931497573853 628.015161514282 732.799629211426 733.739097595215 717.203178405762 685.947221755981 629.41272354126 786.849365234375 578.565315246582 712.621231079102 801.538024902344 762.779815673828 583.675453186035 515.569183349609 641.567543029785 731.504776000977 785.852432250977 846.613586425781 741.915824890137 653.067741394043 636.599510192871 775.510871887207 796.006383895874 811.108001708984 611.726852416992
538.406692504883 640.801040649414 662.129516601562 650.87474822998 530.115821838379 643.285316467285 552.128540039062 521.531951904297 539.152843475342 370.523986816406 499.692459106445 668.766204833984 595.009346008301 566.440853118896 568.725578308105 604.206763267517 594.872605323792 606.037510745227 670.965389251709 727.491226196289 586.876163959503 427.421768188477 687.586673736572 694.439086914062 773.909454345703 635.532711982727 685.646835327148 828.743560791016 664.958755493164 479.410903930664 703.411136627197 677.800741195679 555.467674255371 427.62744140625 443.732192993164 692.092658996582 708.364994049072 632.374717712402 782.47282409668 718.347827911377 761.479236602783 759.225532531738 697.350564956665 661.028079986572 753.959754228592 728.931449890137 677.047874450684 717.358529090881 540.395645141602 642.972595214844
587.393465042114 549.383335113525 617.535449981689 637.920417785645 579.172136306763 614.377807617188 462.798759460449 538.547813415527 570.611892700195 525.203201293945 538.11926651001 681.538177490234 693.881744384766 442.563247680664 559.745113372803 653.515918731689 580.656255722046 494.101867675781 584.627758026123 502.050682067871 567.616470336914 629.403985023499 572.537971496582 670.437328338623 704.70751953125 705.650367736816 568.824592590332 710.809791564941 686.017139434814 632.991208076477 737.344612121582 588.142372131348 611.197957992554 579.255187988281 760.707611083984 657.222639083862 502.921478271484 530.330947875977 679.183094263077 708.356035232544 670.942335128784 715.397727966309 724.551329612732 716.456665992737 852.679351806641 770.318504333496 606.944892883301 588.130065917969 582.742141723633 522.064071655273
573.24503326416 510.888130187988 574.554832458496 576.733835220337 611.673564910889 501.531288146973 579.279128074646 664.348915100098 581.300084590912 560.400903701782 462.088859558105 558.27857208252 711.8408203125 663.949850082397 637.079574584961 669.214584350586 625.000114440918 502.036689758301 502.341026306152 425.011642456055 599.924065113068 466.918243408203 656.33500289917 601.119161844254 566.730670928955 585.100576400757 540.61897277832 621.893646240234 720.576866149902 660.085500717163 739.932487487793 618.637096405029 515.351119995117 578.864448547363 709.647598266602 643.210910797119 422.309677124023 631.183849334717 669.304140090942 606.774505615234 641.777099609375 671.012632369995 687.198116779327 704.721025466919 657.007614135742 724.612255096436 778.602844238281 637.392780303955 515.76985168457 516.863174438477
636.035789489746 654.205459594727 539.550573348999 555.504211425781 512.344009399414 581.922461509705 646.909812927246 584.632680892944 457.231163024902 690.250633239746 682.865463256836 562.905101776123 599.298392295837 600.920112609863 593.278412342072 543.035980224609 606.409026622772 660.095684051514 474.054931640625 473.932800292969 628.660194396973 651.312732696533 580.420415878296 683.512924194336 665.421249389648 538.54500579834 522.650993347168 572.934234619141 661.418242454529 691.760612487793 681.328523635864 583.428527832031 731.176335334778 721.316530227661 631.303007125854 682.590925216675 632.902130126953 793.638931274414 742.576622009277 653.773885726929 646.782421112061 595.528846740723 568.93701171875 585.873466491699 686.388246774673 718.681751251221 720.884071350098 714.652702331543 669.839269638062 603.934356689453
