simdem/realisation84.asc
NCOLS 350 
NROWS 171 
XLLCORNER 152620 
YLLCORNER 418050 
CELLSIZE 100 
NODATA_value -9999 
[rows 66 to 87 of 171, columns 100 to 149 of 350]
533.154502868652 408.468139648438 470.362567901611 461.653748035431 408.389366149902 393.759857177734 345.9365234375 446.834928512573 569.474151611328 504.303449630737 489.547105789185 320.013198852539 421.948833465576 445.299194812775 499.729106903076 599.316795349121 484.231984138489 438.057273864746 420.345943450928 383.363838195801 237.777008056641 444.913288116455 483.242034569383 591.789932250977 491.978765547276 464.981693267822 315.620803833008 361.794616699219 570.975952148438 459.458930969238 590.933773040771 609.435722351074 374.471588134766 588.746555328369 516.106910705566 445.96745300293 622.260787963867 569.680303096771 621.872737884521 535.359437942505 520.463684082031 473.290031433105 628.257392883301 652.028602600098 605.038024902344 610.567344665527 681.633575439453 596.49341583252 465.321311950684 579.45481300354
561.547821044922 577.870979309082 593.600303649902 366.173881530762 351.578681945801 394.052200317383 400.440902709961 411.70711517334 408.306129455566 424.750946044922 475.100074768066 411.856742858887 383.795478820801 386.38264465332 624.733306884766 556.291175842285 484.754905700684 562.873374938965 589.498947143555 426.921409606934 395.087684631348 459.638349533081 429.848823547363 608.487701416016 474.345003128052 397.349586486816 340.649200439453 494.03341960907 496.081827163696 449.400863647461 564.115127563477 520.461387634277 459.442840576172 510.285243988037 575.340686798096 549.682102203369 394.098922729492 472.985748291016 490.330810546875 526.474479675293 562.685227394104 561.86200094223 515.647727966309 716.756958007812 494.326625823975 613.034231185913 554.072594642639 611.50463104248 582.154554367065 465.185180664062
556.531768798828 554.938293457031 464.183000564575 501.304920196533 424.026977539062 452.910968780518 459.019437789917 394.1015625 464.803246498108 367.122924804688 477.63316822052 495.89552116394 432.443599700928 498.985400676727 545.43675994873 587.051246643066 510.891834259033 471.187877655029 511.732430458069 586.596168518066 395.977195739746 424.042636871338 419.16455078125 577.535400390625 401.626121520996 402.595581054688 333.566635131836 486.747615814209 553.05154800415 658.487411499023 626.129386901855 535.568607807159 593.970428466797 369.149887084961 673.123878479004 505.140571594238 459.233406066895 340.084564208984 479.473747253418 425.093399047852 492.057777404785 500.665901184082 461.764999389648 623.912582397461 631.335884094238 491.999794006348 701.574401855469 656.613098144531 592.377080917358 555.209024429321
469.039992332458 557.087181091309 492.405460357666 563.658332824707 365.666053771973 376.535659790039 500.212467193604 418.141822814941 525.399894714355 447.971483230591 510.1960105896 445.421258926392 480.817394256592 511.861621856689 585.777145385742 558.896842956543 481.901834487915 409.373023986816 323.953536987305 480.21866941452 344.607086181641 491.70866394043 363.121482849121 351.026000976562 452.134086608887 482.452909469604 377.195831298828 490.294731140137 566.974409103394 526.128263473511 591.999458312988 642.583410263062 503.036987304688 561.665058135986 576.645774841309 319.1357421875 320.188568115234 376.193115234375 442.810508728027 458.613220214844 666.761940002441 550.10298538208 583.900068938732 694.340118408203 612.510801315308 556.043377876282 592.504070281982 635.75651550293 589.592092514038 423.076629638672
549.347213745117 534.544376373291 584.409446716309 472.765310287476 445.27809715271 421.190017700195 383.375793457031 407.088790893555 427.493259429932 523.004772186279 445.761215209961 474.791149139404 550.450294494629 544.764472961426 503.282350540161 436.431243896484 522.686069488525 404.875389099121 393.982971191406 490.914052009583 511.287786483765 402.665710449219 469.107345581055 339.472381591797 554.948043823242 394.490371704102 705.571304321289 671.714126586914 596.527072906494 565.595977783203 579.126609802246 458.469215393066 550.474869966507 517.241928100586 516.35026550293 472.977386474609 355.75764465332 494.57498550415 468.198577880859 514.012001037598 533.575862884521 584.565343856812 498.215797424316 561.20620059967 447.344650268555 638.21215057373 604.835775375366 472.084312438965 524.673324584961 526.519916534424
579.240235328674 668.297813415527 493.622268676758 558.328971862793 411.692016601562 513.742431640625 410.128829956055 438.624801635742 331.727447509766 276.710220336914 349.783767700195 399.415908813477 405.795989990234 494.726656556129 452.965724945068 571.052062988281 539.374847412109 408.898162841797 314.07893371582 609.985473632812 483.785186290741 419.097087860107 444.532455444336 535.476455688477 580.771133422852 430.399116516113 567.468120574951 573.601043701172 544.67073059082 554.262744903564 596.74006652832 546.705360412598 408.250991821289 476.397186279297 548.518441200256 613.548980712891 570.518902301788 704.051654398441 528.325271606445 646.401348114014 560.200086593628 553.604690551758 402.139907836914 400.16520690918 527.808288574219 727.0322265625 525.682289123535 368.835998535156 484.256576538086 536.946855545044
436.531452178955 484.36581325531 504.856590270996 576.458198547363 520.560034751892 431.091648101807 548.859523773193 490.143020629883 347.266761779785 426.325359344482 476.08948802948 558.568412780762 560.918144226074 498.570067942142 302.914306640625 406.618095397949 532.626770019531 448.408935546875 344.779327392578 434.005741119385 665.644317626953 553.216896057129 486.555692672729 587.053810119629 508.384319603443 527.459327697754 516.058843374252 522.770162582397 479.56600189209 531.705495834351 636.513687133789 469.907005310059 601.445392608643 393.783737182617 620.233257293701 1060.66133117676 544.291679382324 864.685417175293 854.526037216187 758.31372833252 687.170288085938 438.882629394531 467.629821777344 358.368789672852 398.307601928711 794.949012756348 430.639450073242 491.010635375977 549.405590057373 451.297950744629
437.832305908203 449.147094726562 626.120010375977 517.987369537354 504.080762863159 543.749328613281 519.592643737793 485.296894073486 478.785678863525 471.572019100189 537.064842224121 508.815481185913 399.308937072754 503.633472442627 470.707091331482 381.95329284668 429.021438598633 449.580924987793 365.952835083008 378.991622924805 479.20892906189 564.068698883057 525.87805557251 514.776941418648 449.892280578613 410.724044799805 456.421607971191 585.044219970703 514.666867256165 512.124396324158 589.9987449646 634.314102172852 588.052280426025 840.407133817673 675.869384765625 758.607311248779 570.227809906006 898.495185852051 781.405982971191 423.283813476562 584.574005126953 420.88774445653 486.47061920166 484.234752655029 486.025129318237 422.635368347168 734.971801757812 551.682113647461 614.582122802734 530.541027069092
627.661445617676 520.104446411133 472.705863952637 523.09493637085 530.570571899414 599.517471313477 493.495082855225 465.754408836365 355.62035369873 378.943824768066 442.890142440796 330.043357849121 489.35203742981 434.009304046631 477.48579120636 404.687088012695 410.83186340332 467.133905410767 391.574119567871 448.238670349121 578.097190856934 574.825202941895 489.295261859894 545.010871887207 432.141136169434 549.464447021484 555.40943145752 536.517837524414 589.530082702637 625.044467926025 601.492607116699 599.49486541748 834.660614013672 758.969207763672 632.799271583557 643.215518951416 398.532337188721 714.691884994507 671.304948806763 532.512390136719 595.423492431641 289.541381835938 548.083717346191 494.036209106445 502.391201019287 266.363815307617 451.170608520508 517.690950393677 1073.42406845093 596.035737991333
683.989120483398 611.871551513672 581.191650390625 614.490203857422 569.65518951416 526.729724884033 528.900131225586 540.570610046387 392.026672363281 378.701499938965 419.622821807861 435.487895965576 508.297077178955 520.540874481201 577.576248168945 431.447792053223 329.291763305664 476.469169616699 523.989507675171 522.873157501221 443.817195892334 508.858469724655 468.968654632568 361.683212280273 478.301734924316 667.124633789062 693.695175170898 610.884391784668 599.7958984375 602.004890441895 545.207378387451 703.197174072266 671.729389190674 774.837646484375 678.130573272705 651.152395248413 463.307033538818 586.043731689453 689.07109951973 700.007209300995 716.944953918457 442.532760620117 439.31485748291 332.184326171875 408.955532073975 328.324592590332 412.02033996582 521.108150482178 465.25732421875 454.774703979492
893.508880615234 670.79536819458 578.176010131836 623.490585327148 545.678413391113 466.331956863403 294.630523681641 531.868053436279 508.255447387695 489.53591966629 383.854133605957 390.706787109375 537.053695678711 596.136177062988 523.938491821289 458.408309936523 462.187427520752 504.073227405548 599.863883972168 503.96875 436.402084350586 556.273830413818 447.871063232422 563.576057434082 495.280834197998 668.46809387207 644.720039367676 509.680556297302 395.348342895508 482.387107849121 378.342979431152 318.380882263184 527.020805358887 699.977569580078 654.323318481445 605.890283584595 372.03589630127 609.147743225098 663.400922775269 635.722339630127 632.476848602295 411.619633674622 400.316299438477 406.939796447754 379.117431640625 477.291625976562 566.617736816406 453.609909057617 506.108463287354 584.22501373291
573.101902008057 492.307502746582 578.348123550415 762.484214782715 468.621795654297 563.640724182129 462.792510032654 564.71443939209 447.017688751221 482.672994613647 535.817798614502 416.315567016602 462.159108161926 654.609664916992 528.364545822144 570.302116394043 486.965049624443 519.250410079956 494.849922657013 680.637268066406 587.819076538086 567.597076416016 525.560884475708 521.534508705139 640.452186584473 622.645240783691 529.066916465759 516.733835220337 595.735252380371 420.358657836914 471.205827713013 363.59880065918 363.756675720215 535.436065673828 604.099523544312 552.08129119873 483.552261352539 661.784330368042 595.357429504395 728.502334594727 481.016411781311 471.937006950378 307.234756469727 350.028450012207 387.250457763672 540.708137512207 605.615165710449 370.755523681641 468.348684310913 532.115047454834
519.359085083008 440.783966064453 534.44384765625 457.750785827637 457.354782104492 651.920101165771 533.227279663086 527.514450073242 455.347747802734 433.823944091797 465.383232116699 748.271827697754 464.404720306396 471.366701126099 465.066692352295 493.841311231256 554.931045532227 607.510528564453 716.135437011719 653.020568847656 589.468955993652 519.877126693726 514.478559494019 580.483772277832 472.285491943359 617.110572814941 584.449106216431 531.867249488831 516.662895202637 479.517869949341 358.576675415039 392.426544189453 294.944290161133 369.909194946289 345.520385742188 648.6328125 477.393238067627 608.919645309448 616.683513641357 544.903957366943 448.459579467773 474.642457962036 407.841827392578 293.769256591797 442.850383758545 506.153842926025 454.413119316101 295.626190185547 359.115615844727 425.155502319336
528.917945861816 552.88451385498 479.681018829346 545.732866287231 615.479137897491 633.771049499512 839.932960510254 491.791860580444 418.765815734863 434.404174804688 402.035331726074 541.53405380249 456.708393096924 398.152030944824 469.428686141968 491.661759376526 485.226107597351 507.9817237854 430.801513671875 538.869552612305 489.082473754883 541.940410614014 635.573638916016 590.386978149414 446.672798156738 485.151685714722 562.632862091064 549.003483772278 531.98900604248 454.359035491943 333.853820800781 432.784805297852 383.882827758789 322.721488952637 349.611610412598 612.933954238892 632.667755126953 586.686161994934 716.539535522461 645.087249755859 392.408226013184 564.866325378418 365.354621887207 639.223558425903 639.648790359497 382.303764343262 538.911308288574 355.262092590332 249.049926757812 451.746894836426
708.158340454102 675.434692382812 580.422950744629 565.480461120605 752.814376831055 692.617744445801 736.760650634766 832.398735046387 403.20002746582 546.176830291748 392.06664276123 517.984834671021 563.058715820312 521.641340255737 414.425300598145 618.901840209961 513.778370857239 582.408483505249 424.899795532227 520.351306915283 595.960380554199 660.886840820312 544.676160812378 537.06939125061 476.924713134766 551.461125850677 654.449043273926 552.861061096191 431.919248580933 566.81965637207 438.440983772278 437.235996246338 472.044986724854 465.87854385376 439.695892333984 570.272018432617 575.234170913696 664.519546508789 656.909595489502 713.414672851562 484.007762908936 428.9274559021 547.162166595459 594.584526062012 624.493020057678 609.980523943901 507.442331075668 372.012031555176 381.11026763916 440.459465026855
765.209686279297 800.164779663086 537.270133972168 611.026611328125 592.764343261719 607.133930206299 556.239967823029 698.397087097168 489.65389251709 409.865135192871 490.841051101685 444.401378631592 680.809371948242 537.169052124023 540.569259643555 659.777206420898 547.077209472656 598.173454284668 452.308685302734 470.182632446289 565.677890777588 595.589225769043 569.464679718018 403.369667053223 413.540283203125 564.715113639832 579.056752204895 740.43212890625 649.720108032227 570.931625366211 390.843456268311 433.592627167702 477.872470855713 486.933326721191 603.559563159943 511.914749145508 465.086441040039 668.457138061523 506.921783447266 704.424903869629 609.749252319336 487.94181060791 494.03734588623 687.977186203003 661.410423278809 544.430839538574 442.149089813232 478.031482696533 483.747337341309 650.158769607544
560.057834625244 687.095489501953 559.298093795776 469.14136505127 430.691497802734 464.925964355469 649.70140838623 700.176605224609 576.413246154785 540.905651092529 478.966369628906 502.325241327286 594.663589477539 476.817213952541 533.239196777344 412.660537719727 486.677228927612 536.006183624268 513.599529266357 361.188385009766 477.325042724609 546.864343643188 551.639598846436 663.010559082031 593.863777160645 616.816455841064 513.01132106781 414.522196769714 727.378936767578 631.824398040771 589.723734855652 653.334480285645 645.447769165039 483.663696289062 593.320607185364 518.191757202148 471.778411865234 560.385040283203 578.842058181763 612.417137145996 623.462494015694 648.095359802246 574.257652282715 701.034538269043 606.294880867004 629.025745391846 673.726905822754 877.228088378906 750.093208312988 698.445167541504
323.463363647461 391.755668640137 396.415855407715 580.867755889893 515.940444946289 456.76545715332 467.391586303711 755.744400024414 569.030040740967 556.922157287598 573.106548309326 486.575870513916 471.195735931396 456.970176696777 634.330856323242 515.337791442871 426.280303955078 304.783584594727 325.20198059082 386.2548828125 325.466323852539 445.28731918335 567.671398162842 616.779541015625 612.502819061279 658.451164245605 575.579526901245 703.0099568367 515.484931945801 620.074443817139 659.404598236084 636.531753540039 639.700855255127 551.765968322754 354.546775817871 496.134601593018 584.963180541992 507.220977783203 506.864908218384 412.929168701172 675.023529052734 652.504386901855 604.727241516113 707.597793579102 761.924362182617 741.009094238281 626.530349731445 808.402816772461 923.42854309082 817.747817993164
595.222702026367 625.08638381958 647.436725616455 552.632946014404 407.577156066895 452.49641418457 472.813079833984 547.970050811768 583.475811004639 860.846206665039 561.195201873779 376.378707885742 400.915794372559 385.13151550293 588.521926879883 512.672277450562 413.794174194336 320.587966918945 475.198439598083 502.37084197998 340.253875732422 429.31364440918 526.855584144592 529.053115844727 474.359836578369 682.734024047852 693.815490722656 762.520370483398 400.740211486816 366.108139038086 554.604215621948 763.796081542969 664.161895751953 705.217269897461 374.73998260498 409.404253005981 403.600555419922 413.597152709961 318.519821166992 514.870459079742 399.782196044922 508.220092773438 620.26940536499 716.278915405273 686.416549682617 758.825149536133 687.18240737915 853.670860290527 678.918082714081 589.611240386963
350.02685546875 573.866958618164 662.540630936623 661.363772362471 538.154689788818 406.060371398926 492.629211425781 483.539169311523 619.710863113403 587.772621154785 545.274866104126 459.359375 338.631866455078 436.334922790527 511.728536605835 438.946029663086 513.009473800659 454.161987304688 571.186931610107 458.755210876465 422.019973754883 500.896905899048 590.048683166504 521.703884124756 507.216562747955 526.564987182617 623.696273803711 398.519096374512 256.953247070312 400.616588592529 545.687450408936 695.883659362793 678.375312805176 551.597610473633 438.545692443848 321.519416809082 424.71321105957 404.202209472656 373.466094970703 478.356159210205 436.060287475586 478.520904541016 810.643566131592 920.307685852051 928.556175231934 573.801425933838 654.756576538086 727.188423156738 664.27522277832 494.616629600525
430.235305786133 681.550003051758 655.495313644409 620.29797744751 316.000427246094 486.584014892578 408.147354125977 580.513397216797 662.857753753662 584.846387863159 675.33931350708 502.310829162598 499.438161849976 340.605834960938 408.457511901855 581.251998901367 463.210105895996 505.141843318939 520.804218292236 466.409286499023 552.990406036377 550.17883682251 521.553607940674 479.901256561279 528.996656894684 435.487663269043 352.894760131836 440.051338195801 399.677124023438 348.687599182129 494.74210357666 705.407434463501 609.325565338135 470.285724639893 380.019367218018 301.127990722656 533.487916946411 490.251892089844 623.025756835938 628.849475860596 633.22216796875 453.275146484375 657.732727050781 935.681072235107 904.340553283691 642.337144851685 635.359489440918 706.51725769043 535.62032699585 534.898427963257
-9999 -9999 521.892189025879 670.499313354492 520.767539978027 441.844680786133 417.485748291016 460.662147521973 522.257942199707 665.354110717773 587.054642677307 617.209457397461 520.180679321289 472.56116104126 561.65916633606 587.592792510986 510.912233829498 558.637035369873 612.41520690918 564.135936737061 476.692770004272 522.4976978302 379.252914428711 618.834922790527 447.068462371826 476.71263885498 476.016651153564 506.59846496582 706.120425224304 585.859453201294 423.675979614258 580.562214851379 680.063986301422 609.111206054688 260.126159667969 369.441116333008 489.638954162598 528.069061279297 634.978363037109 596.459730148315 602.856781005859 682.864630505443 914.545593261719 1215.94264221191 985.156276702881 630.149040222168 679.241123199463 -9999 -9999 -9999
