simdem/realisation15.asc
NCOLS 350 
NROWS 171 
XLLCORNER 152620 
YLLCORNER 418050 
CELLSIZE 100 
NODATA_value -9999 
[rows 88 to 109 of 171, columns 50 to 99 of 350]
437.28844833374 474.688179016113 396.888563156128 581.689331054688 496.996002197266 317.958080291748 396.919027328491 342.766054153442 281.951885223389 230.256553649902 149.048110961914 206.125434875488 206.440582275391 242.618698120117 399.063982009888 433.221527099609 389.259004592896 381.681336522102 353.708316802979 376.867784217 392.137058019638 403.084634780884 496.838531494141 449.175382614136 479.720134735107 356.000267028809 469.724487304688 344.452606201172 361.875076293945 354.216552734375 407.54549407959 520.046035766602 574.42253112793 544.290954589844 412.375801086426 577.272991776466 361.098663330078 415.262241363525 450.641090393066 554.841270446777 717.166061401367 -9999 -9999 -9999 -9999 -9999 -9999 -9999 -9999 -9999
307.329193115234 555.676895141602 532.906021118164 612.229476928711 644.280914306641 625.116744995117 477.695495605469 386.245107650757 363.472999095917 347.824890136719 185.507080078125 108.346878051758 213.969940185547 286.458908081055 222.42317199707 339.874614715576 296.188835144043 330.17049407959 427.83166885376 335.845317840576 374.40703868866 417.36420249939 523.035354614258 422.115081787109 379.121002197266 434.181837081909 407.643717765808 408.232933044434 269.193176269531 409.648132324219 438.751842498779 516.10803604126 403.114011764526 451.517770290375 475.969757080078 572.626878738403 490.803565979004 657.913284301758 788.696273803711 611.697061538696 -9999 -9999 -9999 -9999 -9999 -9999 -9999 -9999 -9999 -9999
970.77872467041 538.927177429199 487.788749694824 478.377682685852 630.826293945312 543.727127075195 248.287322998047 457.931022644043 355.185796737671 270.422325134277 343.264585494995 242.018371582031 298.390701293945 287.443954467773 320.125877380371 287.933685302734 366.31368637085 436.255146026611 419.575660705566 295.988174438477 424.476268768311 454.893760681152 383.926845550537 488.00366973877 411.069825649261 404.161832809448 494.620666503906 393.494781494141 352.000633239746 365.725303649902 403.086639404297 487.393644332886 495.069793701172 460.019104957581 816.319549560547 483.356224060059 524.420997619629 610.269119262695 717.888107299805 643.893836975098 -9999 -9999 -9999 -9999 -9999 -9999 -9999 -9999 -9999 -9999
527.96614074707 825.319766998291 422.216022491455 503.384483337402 496.306579589844 350.760166168213 279.683090209961 484.905773162842 548.439376831055 492.841735839844 362.770497322083 269.545349121094 402.855848312378 441.152183532715 364.740919113159 470.437438964844 288.394744873047 415.438840866089 447.033615112305 449.936687469482 413.948165893555 567.930587768555 545.333038330078 476.989414215088 467.499927520752 490.270088195801 342.452362060547 325.97972869873 433.377717018127 470.080404281616 445.149072647095 502.229507446289 383.129234313965 414.214736938477 790.293700218201 633.672622680664 498.298265457153 595.59595489502 607.153063774109 -9999 -9999 -9999 -9999 -9999 -9999 -9999 -9999 -9999 -9999 -9999
304.437955856323 398.388505935669 779.906753540039 358.545125961304 321.968536376953 420.653339385986 293.623550415039 387.8994140625 380.390853881836 364.255935668945 506.795143127441 469.817672729492 347.947742462158 241.173614501953 326.47779083252 470.940361022949 452.996509552002 428.573024749756 304.672561645508 433.202524185181 382.353584289551 348.982879638672 381.665351867676 337.431823730469 422.813719272614 416.684572219849 351.434860229492 284.396392822266 273.514007568359 277.519668579102 500.043319702148 393.046913146973 524.339240550995 727.861724853516 560.160018920898 528.518177032471 545.859802246094 562.980922698975 533.962684631348 -9999 -9999 -9999 -9999 -9999 -9999 -9999 -9999 -9999 -9999 -9999
191.641822814941 200.755844116211 357.352024078369 939.493881225586 343.714668273926 470.04305267334 436.838920593262 520.309913635254 501.87361907959 470.932067871094 359.813581466675 398.305486679077 369.875570297241 315.041709899902 205.061614990234 360.583280563354 512.588722229004 406.227126121521 260.960952758789 411.733291625977 280.307357788086 310.164344787598 286.327934265137 298.19002532959 459.195175170898 379.334766387939 444.171568870544 323.928718566895 396.653366088867 411.107986450195 410.270721435547 407.860725402832 687.051383972168 738.13881111145 477.177215576172 496.1591796875 495.703624725342 568.937194824219 661.658779144287 -9999 -9999 -9999 -9999 -9999 -9999 -9999 -9999 -9999 -9999 -9999
170.482864379883 179.955490112305 471.110321044922 379.594346046448 536.047416687012 492.929487228394 405.575569152832 468.8391456604 490.167976379395 430.01871752739 476.069854736328 326.625549316406 384.405044078827 222.65754699707 400.768019676208 449.586719512939 331.493606567383 345.556060791016 400.17706155777 370.320739746094 339.188003540039 426.452526092529 454.77151966095 391.600393295288 395.562553405762 374.340370178223 507.200904846191 392.856864929199 506.002649307251 338.395431518555 343.093872070312 588.781951904297 455.629325866699 623.85205078125 597.276494026184 597.172021865845 505.920310974121 588.586145401001 -9999 -9999 -9999 -9999 -9999 -9999 -9999 -9999 -9999 -9999 -9999 -9999
326.182762145996 193.37964630127 233.638282775879 439.995874404907 447.719177246094 421.998998641968 500.641305923462 405.343227386475 452.621223449707 538.516738891602 406.115299224854 397.801243782043 384.877090454102 445.334461212158 483.366004943848 479.466361999512 282.70450592041 330.858863830566 399.634452819824 338.795837402344 437.012191772461 376.478927612305 495.964374542236 272.137954711914 450.732715606689 572.148536682129 418.801563262939 419.021041870117 537.521862030029 491.713843345642 375.023384094238 427.982955932617 539.181758880615 547.937198638916 540.8438372612 620.383289337158 497.705695152283 575.753746032715 -9999 -9999 -9999 -9999 -9999 -9999 -9999 -9999 -9999 -9999 -9999 -9999
202.486679077148 240.11040687561 232.95471572876 237.335258483887 677.19221496582 561.485769271851 585.817276000977 476.261789321899 443.066712379456 525.91268157959 322.223907470703 468.805547714233 458.460264205933 331.617542266846 429.109481811523 398.038509368896 395.054130554199 556.884201049805 483.025817871094 477.885251998901 242.097427368164 382.845430374146 483.987534999847 331.695953369141 462.267723083496 544.016578674316 389.421730041504 414.969982147217 628.18701171875 493.104381561279 412.028285980225 294.606002807617 458.008368492126 490.07085609436 443.123291015625 449.951469421387 524.473661422729 577.442346572876 -9999 -9999 -9999 -9999 -9999 -9999 -9999 -9999 -9999 -9999 -9999 -9999
299.726749420166 365.061553955078 249.234250068665 515.110301971436 478.970634460449 385.370391845703 548.822055697441 434.696823120117 391.735570907593 476.878931045532 588.120483398438 412.65093421936 476.620399475098 337.965202331543 395.217111587524 429.694264411926 438.84799861908 577.059265136719 526.347057342529 308.683891296387 303.993759155273 778.750389099121 418.060592651367 350.990036010742 449.395889282227 309.663368225098 543.983627319336 564.90323638916 707.321472167969 544.691459655762 511.765296936035 481.77862071991 804.028945922852 687.846542358398 428.240432739258 374.907974243164 603.545227050781 -9999 -9999 -9999 -9999 -9999 -9999 -9999 -9999 -9999 -9999 -9999 -9999 -9999
486.704498291016 304.734325408936 675.982780456543 700.130760192871 620.844478607178 481.784080505371 452.507362365723 435.095993041992 560.922136306763 307.806198120117 500.94064617157 417.982725143433 415.228390693665 391.928951263428 484.505352020264 458.85585975647 331.733100891113 478.318603515625 361.785145759583 391.13830947876 461.40079498291 612.354751586914 680.659301757812 583.310447692871 364.717628479004 680.793251037598 464.645077705383 447.316457748413 583.656585693359 787.590644836426 581.449487686157 645.525281906128 590.315340042114 603.539758682251 364.994964599609 375.911605834961 515.711944580078 -9999 -9999 -9999 -9999 -9999 -9999 -9999 -9999 -9999 -9999 -9999 -9999 -9999
571.610766410828 589.229999542236 488.302600860596 592.713205337524 727.226867675781 678.756050109863 635.987976074219 720.941207885742 596.256544113159 443.951148986816 574.630199432373 379.394165039062 463.996976852417 425.367191314697 412.475389480591 377.687755584717 307.418670654297 404.519487380981 488.924476623535 436.668083190918 682.694320678711 642.819839477539 628.15518951416 504.335632324219 456.006362915039 580.716690063477 939.602233886719 643.410543441772 782.277313232422 634.245246887207 542.101142883301 640.528991699219 766.910507202148 441.259006500244 504.799917221069 449.423389434814 684.119430541992 -9999 -9999 -9999 -9999 -9999 -9999 -9999 -9999 -9999 -9999 -9999 -9999 -9999
674.93155670166 547.678905487061 560.590141296387 566.234000682831 714.862670898438 700.61107635498 707.56713104248 627.15718460083 626.671598434448 459.219375610352 493.432540893555 547.54706120491 636.571098327637 506.819770812988 223.941268920898 387.408683776855 419.589569091797 510.836318969727 479.475051879883 431.314109802246 593.619304656982 654.422569274902 585.797828674316 667.381561279297 508.095523834229 612.191341400146 574.500226974487 581.17565536499 610.651416778564 679.808807373047 649.564771652222 623.823657989502 595.817831039429 540.423374176025 387.09260559082 598.900268554688 757.174499511719 -9999 -9999 -9999 -9999 -9999 -9999 -9999 -9999 -9999 -9999 -9999 -9999 -9999
447.191902160645 535.255897521973 502.134857177734 593.468196868896 543.036989796907 648.721565246582 763.451431274414 580.492935180664 582.024745941162 538.868103027344 524.296211242676 600.028745651245 765.508369445801 455.523924827576 386.776519775391 605.217422485352 531.445961952209 516.279747009277 609.596878051758 630.928654670715 438.805305480957 521.129669189453 490.076812744141 609.088464736938 621.916160583496 550.460215568542 494.280071258545 415.445709228516 580.594696044922 676.25740814209 676.214540481567 588.722628593445 502.805767059326 544.817615509033 705.286605834961 544.248439788818 -9999 -9999 -9999 -9999 -9999 -9999 -9999 -9999 -9999 -9999 -9999 -9999 -9999 -9999
274.394488334656 416.623699188232 647.06303024292 545.973388671875 685.881364822388 716.672271728516 667.451919555664 640.105968475342 521.578712463379 545.420082092285 639.453154563904 606.985462188721 617.484397888184 399.542465209961 346.593971252441 474.43879699707 489.427501678467 449.493259429932 452.595016479492 304.389312744141 388.288330078125 355.700378417969 519.627437591553 605.49987411499 565.39137840271 628.200626373291 610.078025817871 624.377460479736 614.793109893799 514.699750900269 447.88542175293 476.487045764923 543.449741363525 583.148093223572 678.987945556641 -9999 -9999 -9999 -9999 -9999 -9999 -9999 -9999 -9999 -9999 -9999 -9999 -9999 -9999 -9999
442.128082275391 410.83219909668 505.703056335449 550.410224914551 554.756233215332 641.422180175781 554.896580696106 622.166624069214 509.081558227539 665.491332054138 623.828338623047 449.523147583008 398.170996665955 379.995834350586 374.850173950195 308.469345092773 382.859954833984 351.041717529297 439.609436035156 420.586624145508 428.517852783203 274.088409423828 506.364398956299 569.636204719543 648.259006500244 573.393562316895 568.878310203552 379.422912597656 385.464210510254 383.943313598633 388.271598815918 522.460830688477 500.11100769043 585.456712722778 -9999 -9999 -9999 -9999 -9999 -9999 -9999 -9999 -9999 -9999 -9999 -9999 -9999 -9999 -9999 -9999
951.190246582031 495.326766967773 401.934265136719 332.194478988647 404.85781288147 486.858688354492 440.823354721069 614.844390869141 437.030693054199 452.44947052002 592.137336730957 598.643463134766 501.929191589355 370.09130859375 425.841705322266 451.201713562012 571.594913482666 443.14666557312 559.441394805908 447.767974853516 425.539367675781 515.33304977417 472.80859375 496.580368041992 476.944632530212 428.49967956543 261.245376586914 369.612548828125 322.584045410156 505.276166915894 614.13272857666 580.654488563538 586.651348114014 -9999 -9999 -9999 -9999 -9999 -9999 -9999 -9999 -9999 -9999 -9999 -9999 -9999 -9999 -9999 -9999 -9999
-9999 579.989519119263 1051.23135375977 529.18497467041 478.923324584961 786.127653121948 485.105926513672 420.324722290039 371.68651008606 340.797380447388 443.755542755127 448.432964324951 441.011938095093 439.344005584717 324.9736328125 574.89421081543 471.905950546265 285.250640869141 483.013965606689 309.463607788086 448.083526611328 493.010585784912 419.081974029541 324.749282836914 346.560348510742 492.632109880447 361.229339599609 507.156614303589 479.743197441101 669.887969970703 737.688812255859 718.617866516113 -9999 -9999 -9999 -9999 -9999 -9999 -9999 -9999 -9999 -9999 -9999 -9999 -9999 -9999 -9999 -9999 -9999 -9999
-9999 -9999 -9999 -9999 785.137575149536 871.641816973686 512.978068828583 367.363800048828 789.689125061035 721.591690063477 517.133903503418 673.145111083984 468.654870986938 428.241157144308 476.939865112305 263.912200927734 392.898044586182 -82.5990295410156 60.3020172119141 414.342132568359 536.071377754211 639.789733886719 527.483458995819 367.743133544922 382.440032958984 542.843185424805 539.74475479126 684.200813293457 524.785682678223 489.425819396973 -9999 -9999 -9999 -9999 -9999 -9999 -9999 -9999 -9999 -9999 -9999 -9999 -9999 -9999 -9999 -9999 -9999 -9999 -9999 -9999
-9999 -9999 -9999 -9999 -9999 -9999 -9999 -9999 -9999 889.064033508301 628.827312469482 649.354537963867 597.853322982788 477.200904846191 359.522254943848 281.810943603516 378.613052368164 -108.794906616211 44.2604293823242 554.376907348633 574.744102478027 609.161407113075 592.827482223511 576.849761962891 642.4293384552 555.466636657715 600.256904602051 655.146129608154 -9999 -9999 -9999 -9999 -9999 -9999 -9999 -9999 -9999 -9999 -9999 -9999 -9999 -9999 -9999 -9999 -9999 -9999 -9999 -9999 -9999 -9999
-9999 -9999 -9999 -9999 -9999 -9999 -9999 -9999 -9999 -9999 -9999 -9999 -9999 -9999 -9999 -9999 398.421630859375 814.69535446167 746.975479125977 695.019332885742 872.713947296143 902.549793243408 1045.4273147583 947.544262886047 873.348628997803 -9999 -9999 -9999 -9999 -9999 -9999 -9999 -9999 -9999 -9999 -9999 -9999 -9999 -9999 -9999 -9999 -9999 -9999 -9999 -9999 -9999 -9999 -9999 -9999 -9999
-9999 -9999 -9999 -9999 -9999 -9999 -9999 -9999 -9999 -9999 -9999 -9999 -9999 -9999 -9999 -9999 -9999 -9999 -9999 -9999 -9999 -9999 -9999 -9999 -9999 -9999 -9999 -9999 -9999 -9999 -9999 -9999 -9999 -9999 -9999 -9999 -9999 -9999 -9999 -9999 -9999 -9999 -9999 -9999 -9999 -9999 -9999 -9999 -9999 -9999
