simdem/realisation3.asc
NCOLS 350 
NROWS 171 
XLLCORNER 152620 
YLLCORNER 418050 
CELLSIZE 100 
NODATA_value -9999 
[rows 88 to 109 of 171, columns 250 to 299 of 350]
896.729824721813 986.647317886353 990.220951080322 905.604341506958 766.688453674316 800.084804534912 651.221237659454 607.123779296875 768.746459960938 858.252380371094 812.553828716278 643.596557617188 609.130554199219 873.569778442383 804.125577926636 952.546195983887 644.688041687012 707.282806396484 632.694351196289 498.857009887695 603.958312988281 738.446090698242 352.662963867188 568.78443145752 706.35115814209 742.083694458008 677.806704521179 700.093414306641 516.019432067871 830.730270385742 766.818717956543 748.778644561768 809.251617431641 657.438091278076 633.124176025391 783.906829833984 745.236587524414 744.05011177063 691.281016349792 732.682090759277 774.071521759033 751.514358520508 809.767372131348 943.446929931641 534.75358581543 690.765884399414 693.487777709961 787.935617446899 809.996563911438 643.476226806641
831.826707839966 803.06037902832 1103.43202209473 1112.73342895508 784.789184570312 672.86865234375 639.222358703613 624.27375793457 643.998960494995 758.066802978516 698.599166870117 718.051849365234 853.577392578125 818.835971832275 938.788497924805 977.185699462891 649.46787071228 565.786865234375 769.459907531738 619.904808044434 580.109409332275 657.276556015015 589.709003448486 632.63302230835 694.790219306946 644.996543884277 797.788787841797 845.346694946289 666.711874008179 747.536161661148 741.195482254028 791.000242927723 763.090679645538 637.903518676758 596.421234130859 473.562942504883 589.265289306641 535.232757568359 616.978141784668 588.879043579102 1292.83959960938 672.703307151794 711.502238273621 734.236236572266 707.277359008789 689.263885498047 798.861276626587 781.428169250488 659.696197509766 791.962715148926
779.964683532715 860.920789718628 960.26789855957 1095.2528553009 892.456954956055 618.153831481934 832.647430419922 522.6416015625 597.833526611328 665.313961029053 785.146781921387 881.422637939453 698.204242706299 810.013362884521 789.24710726738 943.939788818359 592.046630859375 571.091903686523 700.759614467621 703.899167060852 852.511161804199 670.930278778076 630.60019493103 682.111717224121 732.677185058594 660.158111572266 882.08667755127 786.556957244873 797.846834182739 805.85538482666 750.561906814575 844.366678237915 747.705687522888 685.831310272217 563.622924804688 690.21159362793 489.783996582031 647.20760345459 690.989273071289 593.051410675049 757.80712890625 397.470977783203 551.06623840332 612.62028503418 674.30793762207 612.003158569336 943.176834106445 564.462219238281 672.954010009766 952.48664855957
756.046840548515 805.833213806152 872.635292053223 979.929298400879 1200.03295469284 1392.07695770264 723.806503295898 708.24792098999 656.602165222168 802.131379127502 723.595848083496 807.377838134766 610.576965332031 651.422134399414 569.119689941406 686.858053207397 791.184867858887 801.66609954834 912.47435760498 812.712892532349 705.345764160156 741.400806427002 773.692832946777 741.274238586426 696.834278106689 822.567574501038 883.901138782501 820.636516571045 869.099708557129 1309.0316619873 721.37622833252 737.052274703979 760.737607955933 810.307716369629 705.795507907867 654.553314208984 675.430795431137 659.478129386902 652.325671195984 577.540306091309 964.536529541016 891.974212646484 556.261093139648 616.272296905518 437.342544555664 572.12629699707 781.729148864746 572.198028564453 901.098861694336 1185.21397399902
945.311721801758 832.368179321289 853.94010925293 923.855606079102 1044.78723335266 1098.73858642578 1000.0348815918 685.34729385376 794.436128616333 690.63916015625 787.367614746094 848.501861572266 708.403442382812 595.869567871094 576.394561767578 1112.47150421143 700.363431930542 813.215587615967 739.81356048584 767.07790851593 661.320358276367 755.652462005615 671.250335693359 714.090126037598 702.775234222412 817.086994171143 921.047983169556 828.33325958252 849.122650146484 962.358261108398 755.058067321777 784.668975830078 817.115062713623 888.501686096191 741.467952728271 615.335090637207 746.600082397461 651.949480056763 841.740753173828 564.68928527832 314.095428466797 986.541015625 513.347549438477 511.522201538086 633.510543823242 651.751899719238 722.165565490723 608.913269042969 720.534156799316 802.357711791992
819.908245801926 827.993507385254 940.981964111328 1040.39197158813 947.256374359131 896.516265869141 664.120178222656 796.38857460022 856.354225158691 1048.84489059448 929.351871490479 583.784149169922 704.458648681641 1013.1957244873 1086.71333312988 724.705555438995 699.749479293823 786.177093505859 758.352725028992 720.670642852783 741.319672584534 758.892999649048 767.714616775513 833.82869720459 573.099349975586 759.608125686646 1010.79325866699 1239.53030395508 739.363014221191 816.268859863281 720.623580932617 839.047035217285 797.205303192139 819.481925964355 945.707023620605 899.353515625 811.931008577347 731.517271995544 701.10321521759 684.522254943848 637.943725585938 1340.37763214111 521.036972045898 528.930328369141 660.934715270996 748.008541107178 817.953758239746 793.467275619507 897.591742694378 1027.45927429199
806.442646026611 826.039735913277 1040.8159866333 938.528884887695 992.456802368164 799.900726318359 684.889511108398 899.995216369629 676.839897155762 620.30339050293 949.291751861572 861.90584564209 707.389007568359 1063.0366897583 1103.92678833008 711.017177581787 646.46849822998 783.04076385498 751.288126945496 589.133758544922 630.996978759766 672.486320495605 737.99960899353 802.36353302002 704.829307556152 1062.38970947266 613.830307006836 829.487289428711 662.698776245117 851.094131469727 1030.52789497375 827.725688934326 922.619438171387 929.669765472412 894.814605712891 806.654891967773 850.511848449707 755.839420318604 722.316362380981 672.364627838135 634.526187896729 693.258674621582 650.132720947266 594.853012084961 746.589908599854 676.409767150879 739.621028900146 770.293834209442 842.87326335907 895.478172302246
802.10897731781 793.384922027588 805.91234588623 1012.16632461548 924.821189880371 950.517333984375 1027.58786010742 943.505283355713 823.358232498169 837.364395141602 770.671174049377 1200.7386932373 894.662086486816 810.279273509979 681.675399780273 1002.54521369934 853.3577709198 744.41702914238 806.341468811035 613.520523071289 595.367446899414 744.083831787109 828.516460418701 889.576751708984 901.77995300293 1065.72151184082 861.167770385742 683.413284301758 612.484146118164 767.421798706055 1610.3608853817 905.859031677246 835.106895446777 890.521064758301 846.022901415825 999.127994537354 901.445617675781 932.29038476944 879.506693840027 853.302909851074 732.403677463531 785.868278503418 1247.43035888672 643.160118103027 658.758697509766 599.891929626465 1262.08281230927 865.463584899902 623.769019126892 1108.78762197495
861.206407546997 1067.85641479492 747.676605224609 814.421789169312 1066.60082244873 1042.19327545166 822.462816238403 852.864271640778 1301.58339881897 935.269344329834 591.388870239258 610.531913757324 619.731582641602 669.886672973633 492.208160400391 774.11540222168 615.581985473633 854.913528442383 790.547410011292 924.035903930664 980.939491271973 1492.88025665283 1144.42874145508 694.870971679688 775.925415039062 545.447631835938 487.7783203125 370.143096923828 660.324234008789 1415.50859069824 835.389417648315 888.520742177963 613.156463623047 928.462280273438 1270.392162323 962.038593292236 929.065853118896 720.61706161499 778.202423095703 659.966064453125 712.989616394043 696.469329833984 1171.71044158936 648.708312988281 934.846584320068 664.01155090332 808.653297424316 792.696670532227 776.070693969727 1150.57844543457
687.67414855957 735.722175598145 712.3896484375 792.421669006348 770.806488990784 957.224731445312 867.022190093994 901.244480133057 1395.76184463501 1280.68608093262 819.79203414917 809.524150848389 1229.02719116211 839.865585327148 626.879745483398 601.312026977539 657.501129150391 613.326751708984 715.124217987061 870.269638061523 741.508804321289 859.667755126953 713.444381713867 580.526611328125 503.6376953125 907.943649291992 753.203765869141 567.396240234375 684.238922119141 957.743896484375 718.41943359375 1432.43840026855 1244.11672973633 688.448638916016 691.655197143555 720.89567565918 802.722890853882 721.158780410886 874.698280334473 811.223106384277 785.01630115509 740.210731506348 1013.07341003418 1490.45422363281 736.635604858398 975.893653869629 872.234382629395 904.8330078125 856.378520965576 837.742240905762
638.077728271484 1495.05760955811 1203.13540649414 710.33256149292 835.842037200928 921.696281433105 1059.29123687744 1416.5110168457 975.263397216797 902.919448852539 794.39274597168 816.931083679199 537.899185180664 666.106521606445 445.344146728516 782.955223083496 799.8115234375 659.859573364258 786.985439300537 737.80757522583 964.668472290039 629.89404296875 804.063842773438 754.645263671875 442.759735107422 1031.34312438965 1675.18557739258 938.903839111328 1279.59878540039 765.369634628296 946.595626831055 767.222633361816 652.220336914062 858.397491455078 756.121734619141 840.67558658123 794.249637842178 722.873252868652 639.976837158203 737.46550488472 831.519748687744 568.494674682617 921.73828125 686.747497558594 496.030776977539 677.994482040405 798.343406677246 774.619186401367 734.278354644775 1165.96991825104
723.85612487793 709.199863433838 1340.18422698975 617.686141967773 881.921714782715 1072.51081848145 1789.52032470703 1417.07490539551 1001.10009765625 929.365943908691 773.84268951416 1105.87093353271 1094.07273864746 1034.99159240723 875.422424316406 935.225921630859 920.942794799805 642.527671813965 779.057628035545 789.413457393646 1174.34134864807 694.378974914551 795.485275268555 680.643676757812 1404.52679443359 1082.75231170654 755.847351074219 1139.49127197266 1066.71636962891 763.614601135254 895.655349731445 899.413955688477 803.031562805176 1010.7502746582 850.024806022644 935.267028808594 1060.41830444336 897.550872802734 764.924432754517 555.137031555176 687.768061637878 580.659400939941 658.692283630371 1083.4688873291 1598.12798309326 529.888244628906 733.040716171265 714.940361022949 722.606437683105 907.852638244629
1280.40747261047 668.601219177246 766.141887187958 666.907409667969 770.871072769165 1162.87857675552 1058.62489318848 1171.98868560791 799.645435333252 869.101139068604 922.150253295898 812.291673660278 942.212665557861 1108.3123588562 915.597805023193 727.951568603516 605.730834960938 687.47925567627 590.599273681641 781.969879150391 1242.34262084961 1415.69173431396 819.172180175781 1005.0560836792 864.960018634796 1400.60961437225 771.577087402344 614.419525146484 1391.06498718262 813.347431182861 1238.76892471313 805.455177307129 993.057228088379 963.371417999268 778.21692276001 878.499504089355 1018.6121673584 953.133728027344 809.608505249023 687.738319396973 666.134187698364 697.569173812866 827.075977325439 803.318500518799 766.109489440918 657.561267852783 741.515797615051 722.416069030762 813.726686239243 784.944843292236
867.795051574707 760.651765823364 814.531555175781 717.157905578613 742.247467041016 1077.03233146667 994.620447158813 880.442329406738 778.506469726562 993.404666900635 766.834943771362 925.92546081543 744.908599853516 930.327476501465 1072.3147892952 677.874656677246 715.981689453125 924.746429443359 633.534240722656 738.103126525879 1142.73001098633 697.219100952148 1275.54747009277 844.10873734951 931.178417205811 1086.3570022583 1203.87691497803 1801.60464859009 787.024040222168 1194.63417053223 1072.74020004272 813.822196960449 954.325169563293 805.843688964844 835.539631843567 898.956836700439 771.83815574646 958.924163818359 854.76473236084 688.885818481445 458.603302001953 597.989807128906 600.909965515137 761.687377929688 966.509140014648 742.704860687256 759.159324645996 742.027679443359 869.669792175293 824.738857269287
882.066429138184 894.987976074219 772.505966186523 694.301162719727 819.743240356445 771.782346725464 729.457847595215 971.442932128906 772.646614074707 1473.02993011475 718.791961669922 1192.74143218994 965.129463195801 809.217739105225 800.978668212891 943.394111633301 591.861053466797 508.507781982422 1377.46881103516 794.521411895752 756.396896362305 675.038452148438 699.827621459961 1207.94816589355 1034.20655441284 908.205028533936 794.075370788574 1705.6932220459 1093.18797302246 688.135345458984 912.373374938965 1405.37783050537 998.735359191895 766.288566589355 787.93994140625 897.903610229492 906.307731628418 854.507118225098 613.225849151611 602.93824005127 590.206314086914 569.441513061523 570.06856918335 525.998886108398 689.608776092529 795.818181037903 788.978555679321 693.006362915039 609.164443969727 808.719091892242
883.729034423828 1170.67036437988 949.629943847656 758.436910629272 1423.8500213623 1023.14686393738 960.098388671875 727.370452880859 906.318176269531 855.418281555176 1001.71897888184 871.540803909302 918.164118289948 1025.19181251526 832.322750091553 778.865760803223 1072.90145111084 618.490081787109 745.387214660645 1008.63663005829 615.736450195312 702.135391235352 768.950103759766 1069.10922241211 839.162422180176 904.740798950195 861.939834594727 690.609420776367 494.444976806641 572.119781494141 1077.05255126953 1126.53642272949 809.588439941406 929.800403594971 915.470123291016 898.787725448608 914.363969802856 843.369672775269 703.372295379639 605.590358734131 605.501762390137 592.131646156311 597.292232513428 793.24666595459 700.780456542969 637.467292785645 840.667503356934 621.887557983398 681.071311950684 854.460472106934
1143.06329917908 757.487103223801 836.419540405273 796.434107780457 702.484451293945 827.192947387695 657.368362426758 792.005886077881 997.362808227539 923.78475189209 1002.55194091797 928.271423339844 925.534143447876 1365.41947937012 980.898036956787 1016.37075805664 881.635272979736 984.633495330811 850.329891204834 975.418346405029 703.238861083984 1128.03186035156 893.134168148041 774.48356294632 817.319259643555 818.387794494629 1029.52141571045 831.740234375 1526.22882080078 1473.22760009766 1295.00805664062 840.15877532959 1013.83879089355 908.793983459473 960.912239074707 1061.6280670166 849.709823608398 850.596405029297 817.261165618896 764.144258499146 752.369247436523 579.854372024536 416.121963500977 538.262313842773 514.559783935547 1127.09909820557 761.571823120117 630.72061920166 671.706260681152 955.185508728027
773.9680519104 697.106624603271 688.207374572754 716.509201049805 804.26477432251 1053.29492950439 681.657135009766 879.55309677124 1013.18529510498 1114.79608917236 1127.47290039062 1288.83685302734 1591.67924499512 916.549110412598 1017.75964355469 851.141765594482 843.637168884277 929.959818840027 1135.75401115417 1294.46282958984 803.943065643311 863.522109985352 1238.11922454834 1357.23983383179 1028.21068572998 923.971134185791 1023.63688659668 830.252516746521 949.193733215332 835.5514087677 806.096839904785 1081.0691986084 913.13452911377 963.191886901855 963.451881408691 861.418123245239 757.103439331055 929.409767150879 1048.29911804199 903.940502166748 970.896999359131 786.25553894043 647.939004421234 496.431137084961 643.077194213867 901.445083618164 633.542739868164 826.007480621338 876.754577636719 944.739242553711
881.569851875305 970.383464813232 1393.13424301147 949.041637420654 1037.15173625946 882.680557250977 836.529037475586 1317.62351989746 2107.09559631348 700.860576629639 1472.22388458252 676.443000793457 1152.91307830811 1048.75779724121 951.23334312439 1179.75373840332 872.943222999573 913.40357208252 897.00749206543 958.545829772949 878.056816101074 910.477569580078 947.228485107422 913.030632019043 854.177356719971 790.508832931519 833.183349609375 825.588525772095 914.40213394165 812.09716796875 796.118843078613 894.74787902832 795.472398757935 771.152698516846 770.576721191406 713.061767578125 856.549438476562 675.129013061523 794.280164241791 811.510360717773 792.400756835938 743.165580749512 731.721500396729 648.930023193359 845.747249603271 863.545394897461 777.313484191895 846.44536781311 874.641609191895 707.090637207031
886.207653045654 1095.34210205078 830.190837860107 676.803909301758 906.916687011719 1210.22105407715 1634.58169746399 1171.55456209183 944.428550720215 822.937900543213 1223.95309829712 599.298492431641 675.175369262695 939.356801986694 1042.77069091797 1152.33897590637 852.288375854492 1044.67292404175 774.912776947021 798.984009742737 993.648849487305 784.541801452637 808.149923324585 876.363422393799 777.9889793396 913.383781433105 778.524738311768 708.97723865509 892.219197273254 888.081988334656 905.922555923462 789.922952651978 912.136924743652 678.098907470703 712.752075195312 685.926635742188 778.454605102539 773.228515625 720.955078125 758.806663513184 713.716918945312 631.730560302734 654.762031555176 660.415138244629 783.263023376465 623.985071182251 831.777757644653 671.587356567383 789.965026140213 722.208913803101
867.77857208252 1302.76900482178 1211.90115010738 744.439468383789 958.228355407715 798.749450683594 795.120056152344 1430.88305664062 1363.35401916504 588.872512817383 619.998046875 990.746826171875 846.322456359863 1069.70587921143 1245.01008605957 1094.12842559814 1131.98503875732 1069.53358459473 1709.58594727516 1311.87034225464 871.321548461914 691.353042602539 784.438404083252 732.370239257812 786.462776184082 807.753715515137 773.839935302734 677.850433349609 823.911491394043 990.472618103027 968.148731231689 896.228609085083 939.918342590332 769.521877288818 838.017570495605 763.152046203613 836.157241821289 597.096694946289 584.961334228516 653.704238891602 792.965427398682 889.429946839809 893.12963104248 886.728240966797 573.023374557495 469.80290222168 628.949188232422 650.547988891602 818.46203994751 930.546264648438
882.482162475586 827.53882598877 810.195916891098 822.447021484375 1126.24324035645 962.195190429688 583.151916503906 1040.05464172363 1606.87777709961 674.125442504883 939.4931640625 642.374557495117 914.524383544922 860.084637641907 975.689532279968 1190.07070541382 1052.4352722168 963.998128890991 1251.08216094971 937.187850952148 992.103149414062 845.41007232666 918.292556762695 793.857040405273 760.899841308594 823.893005371094 778.785919189453 807.669395446777 775.863883972168 1009.32894134521 905.553926467896 746.816753387451 832.353701591492 744.554656982422 702.242607116699 669.170913696289 746.31657409668 843.497631072998 908.166831970215 779.504430770874 867.217254638672 859.616443634033 787.86042547226 819.562194824219 650.565554380417 532.834213256836 625.714462280273 811.963287353516 878.571743011475 791.671436309814
