simdem/realisation18.asc
NCOLS 350 
NROWS 171 
XLLCORNER 152620 
YLLCORNER 418050 
CELLSIZE 100 
NODATA_value -9999 
[rows 66 to 87 of 171, columns 200 to 249 of 350]
632.049354553223 623.25080871582 644.995176486205 720.803810119629 686.106435775757 709.055255889893 637.586866378784 644.049831390381 660.052581310272 516.582611083984 577.258983612061 502.311790466309 497.961708068848 492.339340209961 464.890182495117 631.364054679871 481.114349365234 653.421842575073 472.449172973633 582.560722351074 525.600463867188 570.541483879089 580.526962280273 593.43758392334 595.878559112549 810.962936401367 637.597587585449 551.155212402344 602.518829345703 484.777339935303 475.716827392578 668.871307373047 580.313591003418 619.186738014221 718.749076843262 640.568264007568 846.616653442383 592.768905639648 534.547950744629 545.296867370605 701.951171875 730.943969726562 627.616541862488 542.081169128418 616.697380065918 697.290648460388 643.203200340271 645.274612426758 695.411228179932 695.735534667969
726.869979858398 797.936660766602 695.530498504639 666.518655776978 701.662796020508 580.171447753906 591.551425933838 648.987314728089 570.742431640625 631.570036888123 654.55543422699 650.875984191895 669.583829879761 689.716342926025 560.722312927246 591.599084854126 382.952087402344 685.235260009766 613.574661254883 847.194135665894 610.014381408691 715.405242919922 612.751879647374 581.229990005493 626.796296596527 646.035747528076 702.196899414062 598.841603279114 540.351482391357 663.226276397705 427.801513671875 510.424301147461 615.456634521484 575.319480895996 654.315422058105 748.15775680542 689.389361858368 612.671974182129 694.030826568604 691.579132080078 670.940742492676 645.627742767334 618.56128692627 601.678134918213 702.624450683594 556.278953552246 736.440170288086 661.65625 803.982406616211 716.682548522949
661.022277832031 778.492637634277 786.786544799805 660.956546783447 602.030769348145 651.874939918518 421.869323730469 505.193405151367 675.362335205078 682.374725341797 526.290962219238 614.529163360596 730.45198059082 670.60188177228 660.453455924988 413.720169067383 512.333599090576 616.724898338318 726.811645507812 651.953338623047 563.495216369629 706.789375305176 562.629331588745 570.833587646484 529.551948547363 582.23992729187 737.794692993164 693.460115432739 730.182647705078 668.924121856689 643.283208847046 706.240531921387 629.050674438477 660.006559371948 640.822189807892 731.507076263428 717.371847391129 780.642204284668 733.183517456055 779.804252624512 718.195960998535 555.896766662598 649.294995307922 716.835586547852 730.692886352539 653.069705963135 673.519855499268 635.906373977661 650.760167121887 614.122932434082
756.458976745605 610.07918548584 654.011442184448 609.478353500366 686.282482147217 670.047355651855 619.451455116272 527.376472473145 720.416122436523 614.040092468262 607.954498291016 556.680625915527 701.943634033203 741.435188293457 557.371688842773 532.507431030273 640.912202835083 592.858795166016 701.991706848145 690.47807598114 641.472185134888 698.30237197876 571.847816467285 404.855438232422 465.051170349121 585.105815887451 584.131427764893 681.882376670837 539.496669769287 715.026718139648 882.787200927734 805.102569580078 627.39214515686 713.067329406738 644.875312805176 718.281238555908 602.644992828369 641.382437944412 634.429262161255 481.690353393555 675.341766357422 689.723854064941 609.021032333374 540.715019226074 670.001594543457 633.567237854004 615.109545707703 575.503639221191 574.053817749023 487.386688232422
601.844745635986 664.586484909058 634.933909893036 513.987312316895 770.756332397461 650.254108428955 591.283752441406 682.312536239624 639.134233474731 676.849033355713 686.335535049438 583.169212341309 615.959239959717 652.975412368774 584.418434143066 505.09944152832 674.49585723877 632.367084503174 702.920658111572 573.513122558594 691.478004455566 677.386013031006 524.239044189453 590.308403015137 601.165315389633 428.624572753906 595.501802444458 568.498027801514 539.799049377441 478.715446472168 529.512702941895 678.887969970703 632.005581378937 574.810260772705 775.06364440918 698.064922332764 629.934784173965 808.941986083984 772.426513671875 643.756484985352 633.839250564575 645.919919967651 689.85542678833 701.543167114258 648.742956161499 664.412971496582 553.490661621094 620.915321350098 476.395156860352 592.103958129883
722.429473876953 748.050247192383 591.484157562256 521.987838745117 615.619436264038 759.281425476074 660.934133529663 586.074317932129 672.722577571869 529.025756835938 603.708012580872 463.964111328125 581.893112182617 686.552059173584 682.275333404541 539.343883514404 581.057872772217 692.13645362854 705.889276504517 794.089176177979 650.44021987915 700.803503766656 598.9264087677 560.030776977539 484.795440673828 367.377746582031 482.724029541016 544.813461303711 565.482498168945 445.97053527832 580.642604827881 766.924942016602 543.33918762207 709.114124298096 696.751621246338 732.130828857422 657.464511871338 724.26390838623 667.663663864136 687.47554397583 581.546962738037 680.196792602539 556.241668701172 621.970825195312 607.849998354912 615.542859882116 571.438133239746 709.682828903198 606.244827270508 672.560153961182
591.612529277802 622.168156027794 573.282558441162 613.832538604736 614.139491081238 553.288421630859 546.257305145264 548.181488037109 584.572166442871 665.035621643066 409.991287231445 692.642459869385 708.292224884033 768.597183227539 688.211669921875 623.232803821564 594.228538513184 604.179946899414 901.955581665039 880.069053649902 829.726629257202 723.906646728516 779.752304077148 607.330892562866 623.822447776794 512.424812316895 562.174770355225 605.631298065186 620.043395876884 655.242906570435 522.560104370117 835.735153198242 593.355771541595 675.170097351074 653.819965362549 667.501106262207 606.019692420959 525.633918762207 574.044719696045 577.98868560791 632.984882354736 720.926246643066 751.210037231445 699.842952728271 540.887420654297 529.669464111328 592.700370788574 793.536407470703 568.025321960449 643.21234703064
622.005276679993 601.259216308594 695.297576904297 702.08430480957 579.1497631073 606.301380157471 597.623340606689 656.106258392334 618.964500427246 648.908948898315 601.105010032654 604.474662780762 687.482509613037 738.426765441895 742.167289733887 612.44065952301 689.361915588379 807.41487121582 792.920528411865 988.772979736328 906.41332244873 863.350112915039 650.086471557617 542.800148010254 631.363245248795 617.763845443726 563.275638580322 688.736000061035 641.759056091309 660.427062988281 822.504608154297 645.335409164429 818.999621391296 642.992557525635 496.364463806152 499.362609863281 525.328536987305 594.356631278992 713.240261077881 800.574310302734 728.165718078613 715.315391540527 726.581581115723 719.553283691406 676.796577453613 622.264731884003 662.300327301025 651.990026473999 644.576985836029 565.709159851074
658.197895050049 602.223459243774 580.767574310303 639.870279312134 664.021766662598 635.713731765747 580.964935302734 649.143356323242 563.478302001953 646.774826049805 582.102508544922 572.33895111084 595.559898376465 595.624053955078 757.467811584473 648.693918228149 732.93985748291 724.625823974609 787.456153869629 959.687744140625 913.114395141602 918.987419128418 1124.9796257019 824.72623705864 685.084993362427 691.172885894775 493.924392700195 477.038482666016 642.313105344772 658.783531188965 577.98717880249 879.864971160889 688.4885597229 697.529724121094 637.627808570862 708.310676574707 619.547291636467 737.817138671875 755.189163208008 644.132802963257 552.206485748291 712.70544052124 695.925415039062 499.302368164062 560.642017364502 665.692478179932 725.562126159668 664.800045013428 612.248096466064 740.800735473633
763.248947143555 717.667869567871 699.192337036133 606.78973531723 592.763565063477 615.743841290474 615.208528518677 706.034865140915 855.053375244141 610.856853485107 756.526885986328 620.056915283203 663.158962249756 702.47308921814 663.325128555298 619.654875278473 622.371294021606 674.812469482422 784.43864440918 853.088760375977 647.464818716049 871.881156921387 789.728658676147 667.17094039917 714.629165649414 881.287210464478 1003.76390838623 701.052845001221 513.087333679199 644.368431448936 526.533416748047 747.049861907959 684.98217010498 621.758932113647 676.046646118164 658.125066757202 664.490222930908 682.749416351318 621.745487213135 590.021484375 620.478515863419 663.743732452393 635.291730880737 689.236419677734 645.936437606812 582.866895675659 535.826301574707 668.385494232178 511.759468078613 461.355331420898
683.395927429199 575.551803588867 658.906578063965 599.263603210449 575.869789123535 657.452735900879 634.299110889435 660.161673545837 723.35990524292 754.742168426514 785.264343261719 728.709289550781 686.281307220459 738.85428237915 823.565780639648 597.087375640869 589.265555858612 656.394710540771 700.859237670898 573.209297180176 716.924785971642 773.154323577881 759.998931884766 618.654663085938 755.999423980713 757.373494148254 745.903617858887 762.959213256836 790.145328521729 668.701652526855 1286.67082977295 592.417102813721 460.795700073242 521.779693603516 702.876274108887 626.345550537109 556.824409484863 556.892295837402 592.497451782227 646.136723518372 788.214965820312 757.184844970703 639.635591506958 606.40624332428 639.43616104126 483.805953979492 560.296981811523 642.762786865234 606.144675254822 519.873191833496
639.61145401001 553.284519195557 634.74905872345 724.412376403809 668.282646179199 568.366622924805 542.110382080078 468.852142333984 704.094818115234 849.922775268555 732.820426940918 681.329639434814 642.759438037872 645.667989730835 672.065837860107 692.144916534424 485.407455444336 630.474842071533 885.450800657272 728.346168518066 588.201263427734 808.766726493835 697.096138954163 683.620986938477 614.80249786377 680.440612792969 726.991147518158 960.758375167847 1117.93241882324 884.938316345215 801.173950195312 745.182132720947 682.52233505249 635.836845397949 644.508170127869 765.98063659668 650.671204805374 698.868469238281 650.364334106445 596.018810272217 660.861486434937 712.807579040527 703.247993469238 726.163940429688 585.333101272583 486.726440429688 539.930694580078 598.568868637085 709.09122467041 588.91934967041
520.324684143066 545.503479003906 625.89604306221 622.593773841858 536.864555358887 624.857133865356 563.182472229004 473.7451171875 748.252281188965 784.71208190918 728.962493896484 725.623649597168 598.183010101318 598.021266937256 720.734199523926 712.155693054199 495.172645568848 629.220529556274 651.092367172241 733.047386169434 808.297355651855 801.4482421875 753.939081668854 732.493131637573 715.739039421082 726.370807170868 683.646282196045 1039.82263183594 1294.06049346924 1183.7151260376 870.560623168945 782.443321228027 893.845657348633 798.412715911865 590.808055877686 778.230316162109 678.55443572998 647.679004669189 623.404123306274 636.75360584259 682.347068786621 738.995132446289 737.980018615723 729.931709289551 544.38729095459 608.164711952209 574.539657592773 651.593852996826 592.354902267456 690.005405426025
496.048774719238 625.216636657715 497.262504577637 638.509744644165 645.473037719727 734.60472869873 551.075092315674 589.820922851562 632.70901966095 672.024562835693 777.020561218262 607.900497436523 658.73743057251 655.742816179991 655.770686149597 615.281463623047 599.828708648682 595.590057373047 660.238697052002 734.976337432861 688.546545982361 823.330982208252 899.008834838867 853.92155456543 820.121662139893 830.753028869629 696.440208435059 717.997276306152 1170.32661247253 1165.29839324951 1138.03044128418 1025.12936401367 848.324107170105 1038.88710021973 813.358215332031 724.220890045166 826.161499023438 724.595294952393 735.926376342773 887.632339477539 736.717876434326 675.982643127441 596.362796783447 605.493343353271 648.034595489502 764.077049255371 661.50376701355 575.972793579102 591.033672332764 723.530982971191
444.406494140625 610.942696083337 593.412269592285 574.652088165283 781.751647949219 583.417945861816 596.166975021362 737.691177368164 676.602233886719 750.348167419434 708.265434265137 683.29150390625 676.139717102051 697.288536071777 654.208278656006 596.750480651855 672.035724639893 696.113964557648 728.285404205322 786.182624816895 532.980125427246 597.44066619873 725.921073913574 681.445489883423 729.49242401123 589.831665039062 641.611511230469 638.810348510742 624.855606079102 840.037690419704 1043.18264770508 1436.51254272461 1151.75745391846 1085.23965454102 1283.11575317383 923.043121337891 810.242080688477 741.506614685059 672.47500038147 758.352828979492 551.108367919922 690.360304832458 580.204635620117 668.216999053955 690.767442703247 602.079330444336 672.849491119385 595.043872833252 609.252366065979 690.030742645264
673.251180648804 693.019592285156 600.965419769287 544.668327331543 613.98716545105 600.215816497803 612.636924743652 696.769508361816 664.413707733154 705.241046905518 724.88179397583 695.897676706314 563.716369628906 725.37971496582 687.133617401123 729.192506790161 684.521987915039 703.673629760742 595.880638122559 645.814128875732 599.911714553833 707.043800354004 745.374099731445 650.309434890747 614.53547847271 491.039566040039 628.236740112305 677.744438171387 733.205200195312 692.156173706055 654.911304473877 1105.50422668457 986.113021850586 1156.31871032715 1213.39385986328 1109.46336364746 694.761240959167 656.445446968079 754.978786468506 635.251682281494 457.849517822266 680.461957156658 668.76545715332 638.342830181122 674.108484268188 669.683985710144 526.312309265137 522.892166137695 518.348670959473 505.37548828125
641.158388137817 644.511916160583 713.933097839355 653.679426193237 637.870542526245 726.168891906738 570.326065063477 595.509725570679 625.059069871902 608.233264923096 530.364440917969 640.112152099609 571.979820251465 587.127319335938 693.871181488037 746.148277282715 715.046558380127 766.693336486816 712.586685180664 631.172410964966 653.320830345154 758.649200439453 657.923411369324 663.959831237793 776.447296142578 683.054599761963 679.473850250244 540.312759399414 814.671311378479 605.574493408203 789.789735794067 772.41348361969 941.295959472656 1347.63975524902 1084.53540039062 1296.79431724548 569.934432983398 635.527324676514 704.052433013916 719.868279457092 514.864524841309 628.405103683472 770.269329071045 616.219520568848 560.196292877197 774.239593505859 654.405080795288 570.185459136963 638.135475158691 655.429864883423
659.835879325867 629.985832214355 684.165602207184 845.890747070312 570.945983886719 583.612009048462 467.560119628906 459.0068359375 440.27571105957 566.58519744873 701.652153015137 498.496994018555 506.118911743164 538.342956542969 672.291395187378 742.638969421387 609.484603881836 590.505870819092 698.068737030029 657.888171195984 660.704237937927 659.240821838379 646.097735643387 695.446308135986 735.697273254395 792.134590148926 542.040168762207 485.339492797852 652.857137680054 708.781826019287 684.673961639404 839.047775268555 960.387054443359 1254.41289520264 1024.54355812073 905.56982421875 1095.8556060791 862.334665298462 710.927805900574 556.452546358109 703.6513671875 640.902004241943 770.594341278076 853.758277893066 792.910781860352 663.126461029053 634.306268692017 696.127555847168 668.240079879761 724.939575195312
572.982734680176 611.77693939209 685.51872253418 630.778643608093 576.454154968262 658.47092628479 521.87580871582 540.166984558105 649.951740264893 701.067852020264 731.291229248047 643.965139389038 670.358966827393 636.596309661865 609.498176574707 733.891487121582 689.78816986084 588.699451446533 627.357950210571 665.727733612061 718.727348327637 698.413806915283 714.99089050293 677.279891967773 666.314437866211 722.792934417725 510.259658813477 347.763427734375 618.102783203125 716.699773102999 671.198854923248 729.677854537964 1025.09574127197 813.300262451172 925.385780334473 1010.52683591843 897.858360290527 797.477693557739 739.851079940796 709.378966808319 788.82350063324 813.841949462891 930.125289916992 839.269878387451 691.019485473633 980.265956878662 1054.64707565308 832.466339111328 504.796905517578 603.195510864258
578.770927429199 623.405208587646 709.1256980896 737.692428588867 623.932819843292 602.941665649414 721.602500915527 580.509014129639 651.707122802734 643.358291149139 649.619336128235 824.145370483398 759.71981048584 617.771139144897 696.275325775146 641.988231658936 509.89966583252 513.871879577637 655.56826210022 708.334171295166 665.519361495972 646.249484062195 675.318926811218 639.163507461548 706.470615386963 619.180492401123 707.598651885986 571.276885986328 562.78995513916 624.697132110596 692.300239801407 791.86400604248 879.649044036865 829.743827819824 777.732041358948 750.267646551132 674.988653182983 813.818465232849 642.367618560791 617.511306762695 690.134673833847 791.75373840332 714.992122650146 709.874266624451 779.396312713623 915.328285217285 917.535648345947 1010.45876073837 779.351989746094 595.666835784912
600.538391113281 669.497006416321 717.617980957031 653.751433908939 502.877075195312 605.15638923645 703.49112701416 670.255897521973 642.137353897095 657.90669631958 677.965713500977 781.420059204102 739.411014556885 735.134262084961 680.978664398193 697.427715301514 537.150291442871 495.625152587891 663.50394821167 599.199272155762 727.628089904785 692.222202301025 628.27080488205 642.499329566956 601.845565795898 759.853012084961 773.352561950684 738.653974533081 632.069591522217 598.332534790039 751.54907989502 810.588439941406 574.366020202637 570.302398681641 757.949569702148 723.408451080322 784.544105529785 726.015002250671 575.707595825195 625.434631347656 893.099571228027 872.378967285156 754.547096252441 888.761344909668 758.975635528564 947.4948387146 1000.10741424561 972.810245513916 895.720111846924 639.137363433838
610.283393859863 601.423858642578 663.966702461243 640.601598739624 720.60710144043 644.487060546875 665.120094299316 538.990417480469 519.677932739258 456.256698608398 603.941268920898 674.576313018799 785.246719360352 601.515090942383 731.479194641113 749.869537353516 616.787879943848 689.353145360947 640.920198440552 597.349652290344 565.911766052246 700.532238006592 601.298267364502 500.295043945312 660.156597137451 745.523628234863 759.964263916016 824.69605255127 1229.54468917847 787.332695007324 728.25057220459 432.853729248047 522.686798095703 525.155227661133 592.738052368164 640.612850189209 663.918697357178 719.022270202637 722.834185600281 824.850189208984 755.846374511719 854.067817687988 808.15531539917 674.60977935791 594.591812133789 832.888475418091 896.575439453125 1054.37642669678 954.516565322876 1063.41464233398
