simdem/realisation41.asc
NCOLS 350 
NROWS 171 
XLLCORNER 152620 
YLLCORNER 418050 
CELLSIZE 100 
NODATA_value -9999 
[rows 44 to 65 of 171, columns 50 to 99 of 350]
773.898990631104 833.591644287109 763.481973648071 745.544216156006 508.919525146484 586.607757568359 600.45405960083 497.499992370605 579.76026725769 662.549194335938 1031.76210021973 329.267715454102 471.692447662354 382.978408813477 606.091445922852 483.375179290771 577.805183410645 345.19376373291 208.780776977539 323.538879394531 348.935089111328 382.877235412598 352.179710388184 326.731109619141 435.504959106445 341.989768981934 274.297554016113 388.253114700317 364.276447296143 465.28751373291 389.604923248291 370.877304077148 545.469268798828 610.961166381836 525.238090515137 507.531257629395 542.51155090332 554.562149047852 503.47705078125 442.055631637573 474.135139465332 557.963516235352 546.257148742676 554.684730529785 317.561683654785 519.418258666992 315.09228515625 405.666969299316 405.442025184631 364.504592895508
873.723190307617 724.419441223145 681.038963317871 853.832054138184 684.806427001953 594.492218017578 660.657501220703 398.728652954102 511.202768802643 689.181202888489 627.93522644043 426.332675933838 416.083404541016 432.764183044434 400.127647399902 369.024139404297 443.889908790588 283.727996826172 250.014801025391 351.341758728027 392.46403503418 236.302963256836 285.973159790039 403.514419555664 376.456092834473 378.177032470703 365.662605285645 466.160110473633 498.504150390625 437.448397636414 346.846366882324 371.486358642578 321.624092102051 460.074701309204 405.182941436768 536.001426696777 413.813529968262 359.942901611328 366.228851318359 277.651336669922 441.805963516235 423.58962059021 317.09008026123 469.588027954102 436.402812480927 639.548645019531 451.603361129761 256.571426391602 484.396389007568 387.546459197998
738.683395385742 683.995513916016 592.971733093262 432.747730255127 374.771703720093 443.056900024414 622.100115299225 458.413600921631 584.243988037109 629.591110229492 426.03588104248 430.906967163086 380.76008605957 474.03186750412 391.851844787598 448.500432014465 367.380477905273 510.891258239746 423.989168643951 381.84256362915 403.821645736694 406.314122319221 418.89981842041 321.422325134277 280.482475280762 406.007950782776 425.391998767853 329.639171600342 355.254211425781 398.579180717468 229.314361572266 400.257503509521 328.258460998535 402.30837059021 376.53324508667 278.642608642578 282.012283325195 392.153095245361 459.705780029297 522.013916015625 454.06499671936 382.113357543945 398.699417114258 451.499843597412 376.486923217773 464.810775756836 455.244174957275 311.731048583984 334.457618713379 326.46923828125
517.167594909668 549.561611175537 451.409034013748 482.951484680176 297.133224487305 471.919151306152 1126.39586639404 702.194644927979 625.498100280762 611.885871887207 529.686411857605 596.673278808594 537.532611846924 561.126091003418 601.32306098938 627.24787902832 556.021850585938 429.291121482849 294.224304199219 282.498046875 441.623691558838 312.858924865723 301.036651611328 397.205493211746 396.453114032745 461.774940490723 472.397944450378 497.585899353027 507.145713806152 336.058044433594 275.406356811523 429.648410797119 349.245574951172 391.597034454346 277.766296386719 325.569068908691 366.11888885498 361.424331665039 515.101173400879 479.703754425049 503.198387145996 436.693280220032 461.237565994263 365.13501739502 374.966644287109 472.148872375488 547.869758605957 377.050670623779 493.292327880859 390.397296905518
447.301597595215 440.196063995361 516.856750488281 538.493626594543 389.451568603516 632.276210784912 520.053216934204 458.446563720703 499.203850746155 538.682773590088 576.894626617432 580.90030670166 528.025825500488 596.76579284668 563.105262756348 528.25740814209 437.411253452301 430.219546556473 391.102466583252 289.665161132812 376.842971801758 355.159896850586 358.017684936523 416.309202551842 359.496967315674 381.018922805786 519.264297485352 383.476669311523 329.724876403809 294.430099487305 374.533893585205 423.806608200073 407.113838195801 352.213005065918 371.395729064941 273.881927490234 372.551570892334 406.893459320068 474.39962387085 566.982940673828 596.833938598633 482.161504745483 517.504806518555 468.651336669922 393.291803359985 430.643831253052 546.904609680176 325.876693725586 541.990295410156 466.409118652344
546.807758331299 320.563007354736 606.157531738281 474.883055925369 647.997917175293 449.718463897705 446.168182373047 497.169092178345 558.262588500977 505.306358337402 524.104187011719 508.924732208252 486.891733169556 698.094802856445 486.675954818726 423.997200012207 377.014526367188 370.33016204834 537.160163879395 385.387634277344 410.029391765594 333.338043212891 558.946914672852 464.314323425293 475.098281860352 442.726514816284 502.002197265625 467.197910308838 407.717748641968 467.536041259766 572.314117431641 511.317230224609 382.37536239624 298.025703430176 290.219650268555 215.403762817383 385.108791351318 292.251373291016 451.154688835144 431.173972129822 460.236934661865 343.392028808594 357.654373168945 507.835502624512 401.075286865234 403.062702178955 459.150382995605 465.438579559326 427.527318954468 370.807052612305
431.328330993652 612.91552734375 575.966377258301 1011.02659606934 641.284133911133 652.288909912109 504.646667480469 520.625690460205 699.465530395508 419.935752868652 329.018699645996 340.070617675781 457.887198805809 485.024557113647 479.953119277954 399.54821395874 352.403541564941 217.510345458984 367.886138916016 580.957458496094 523.441032409668 449.815147399902 458.96021270752 393.579925537109 445.210510253906 568.082748413086 541.192626953125 347.75691986084 333.559661865234 276.556976318359 375.305572509766 507.501308441162 403.073234558105 360.649841308594 387.459873199463 284.561149597168 368.434154510498 485.734901428223 453.200311660767 329.665489196777 359.625499725342 457.98738861084 429.504224777222 534.766296386719 512.46594619751 462.37434387207 506.863502502441 418.978986740112 403.543090820312 458.57545208931
791.802154541016 589.873687744141 641.378356933594 616.324188232422 648.433753967285 561.477729797363 374.976890563965 436.022894859314 487.68740272522 369.079387664795 452.970292568207 395.321769714355 389.009895324707 463.50646686554 548.009254455566 473.698379516602 507.27156829834 410.253007888794 378.123600006104 360.959285736084 453.369407653809 366.975238800049 321.542472839355 365.632892608643 481.60054397583 429.793440818787 451.995325088501 501.391044616699 497.432098388672 328.724403381348 242.781494140625 404.46230173111 344.230493545532 582.38835144043 629.654693603516 432.815916538239 364.695976257324 466.137607574463 451.13306427002 432.593410491943 393.160766601562 486.981217384338 532.581008911133 450.546291351318 390.476390838623 370.934150695801 423.98832321167 396.084589004517 375.095184326172 349.26065826416
704.232872009277 529.335563659668 1337.27139282227 813.10905456543 592.718341827393 483.43251991272 527.500221252441 532.941875457764 461.152077436447 445.548377990723 369.920532226562 408.286186218262 360.494300842285 407.411584854126 529.093475341797 437.386397838593 470.730690002441 415.859765529633 369.177001953125 324.544502258301 352.200523376465 495.513931274414 420.957310676575 539.592414855957 454.919284820557 497.490364074707 513.628448486328 371.460208892822 423.369449615479 264.961776733398 374.868253707886 317.307075500488 463.086067199707 487.573173522949 584.966598510742 381.282997131348 290.875343322754 450.591491699219 309.429321289062 520.28881072998 459.932465493679 386.066215515137 457.567012786865 412.701124191284 455.842844009399 354.100814819336 480.774559020996 474.707050323486 406.877014495432 480.856315612793
632.327346801758 628.265785217285 778.969604492188 780.781631469727 589.560646057129 485.832479476929 466.064322471619 585.844078063965 533.556793212891 480.78953742981 421.001861572266 256.041961669922 367.376457214355 457.855613708496 510.591239929199 427.069721221924 392.241920471191 393.332717895508 381.586921691895 314.362457275391 429.353552818298 418.198862075806 606.316497802734 616.297027587891 524.254154205322 423.173923492432 390.691673278809 388.433305263519 367.975784301758 464.879219055176 448.303707122803 521.481407165527 493.249565124512 475.034378051758 590.699111938477 489.463935852051 452.057594299316 506.969345092773 413.116350650787 479.669387817383 362.849868774414 345.690814971924 399.144546508789 367.63387298584 368.133193969727 520.168617248535 458.594680786133 372.942611694336 319.494163513184 490.52579498291
554.332328796387 569.010063171387 762.186309814453 818.339157104492 623.303169250488 629.486053466797 441.875915527344 438.936807632446 543.857604980469 482.858654975891 495.499622344971 590.016258239746 394.118103027344 310.112785339355 466.805694580078 412.263144493103 461.857494354248 337.017185211182 388.966926574707 273.302139282227 376.380416870117 530.386444091797 578.599304199219 915.989501953125 883.140106201172 425.478099822998 328.61434173584 336.296936035156 360.326027393341 438.507621765137 465.246711730957 412.598575592041 391.737572669983 467.961860656738 458.788360595703 448.799629211426 525.694107055664 381.676202774048 500.827415466309 493.479011535645 402.578094482422 320.854759216309 428.995624542236 351.186702728271 380.955018997192 428.660839080811 398.895355224609 370.501762390137 291.805084228516 493.224472045898
733.447280883789 1408.09204101562 751.584762573242 797.378372192383 754.402252197266 627.652893066406 477.891218423843 344.001724243164 377.348777770996 336.905181884766 357.452278137207 548.878463745117 437.176961898804 375.530639648438 443.087814331055 460.799453735352 451.553773880005 402.417451858521 424.69108569622 200.15364074707 465.473373413086 606.177017211914 576.586242675781 621.555053710938 347.752861022949 380.898645401001 280.846496582031 291.508422851562 371.292675971985 371.014642715454 369.459962844849 352.9577293396 438.14405632019 448.225051879883 436.4612159729 438.807593345642 469.154006958008 482.129196166992 545.221862792969 533.519500732422 516.770797729492 436.946737289429 331.742309570312 479.171241760254 389.890712738037 532.906448364258 439.421733856201 438.096987962723 524.315483093262 539.776840209961
529.129173278809 622.299434661865 686.572235107422 776.300910949707 599.870872497559 569.961601257324 412.751411437988 367.942413330078 435.82409954071 357.914245605469 302.95548248291 490.205108642578 348.102088928223 430.014448881149 405.687162399292 545.245399475098 473.508522033691 432.569555282593 200.277191162109 292.279754638672 382.575378417969 565.230804443359 411.330492019653 294.71605682373 246.132820129395 250.236518859863 241.574676513672 411.785469055176 431.412933349609 330.319999694824 224.024002075195 360.227396011353 311.790216445923 391.867385864258 383.422765731812 409.24992275238 318.676651000977 473.006172180176 383.894669055939 412.074416443706 466.440498352051 503.080009460449 313.017875671387 356.582748413086 443.768943786621 351.293113708496 342.290161132812 449.927807807922 558.950378417969 605.328536987305
686.271152496338 494.168254852295 573.105682373047 524.63646030426 672.977127075195 524.946907043457 584.929702758789 361.906608581543 436.237312197685 360.307594299316 478.848834991455 425.548839569092 442.198139190674 572.999633789062 551.970108032227 451.805614471436 342.410011291504 277.240615844727 414.27815747261 461.528198242188 427.325262069702 360.635498046875 112.062042236328 305.929077148438 232.711318969727 271.606895446777 334.92525100708 344.073348999023 323.957727909088 313.162933349609 297.119739532471 356.95906829834 385.867476224899 427.562366485596 381.609111785889 448.294471740723 273.613052368164 340.177543640137 337.695728302002 458.023204803467 357.227149963379 317.070449829102 361.390579223633 369.853038787842 493.939544677734 275.667282104492 338.469665527344 253.4755859375 368.65306854248 658.669036865234
575.750534057617 566.619480133057 719.572425842285 638.116653442383 745.762115478516 558.88529586792 445.757358551025 565.704231262207 451.153915405273 323.120452880859 407.503461837769 410.504373550415 555.809555053711 417.992301940918 626.340744018555 466.608772277832 391.058959960938 361.587398529053 438.512636184692 646.779067993164 440.45369720459 322.075634002686 332.600049972534 284.369709014893 443.436813354492 370.933776855469 327.885518550873 440.282241821289 252.444641113281 315.436279296875 398.840526580811 297.064712524414 314.992691040039 455.04955291748 503.130462646484 577.109176635742 407.45884513855 328.167945861816 307.225067138672 448.282501220703 426.31566619873 255.112319946289 328.385276794434 377.162853240967 361.126441955566 353.273498535156 266.098159790039 288.1748046875 340.134017944336 382.485740661621
605.659317016602 523.249906539917 572.812519073486 640.430923461914 622.726480484009 482.37646484375 653.363235473633 528.179534912109 540.018424987793 437.671383857727 446.587970733643 337.869066238403 377.628348827362 202.08837890625 415.81466293335 509.464057922363 443.332107543945 393.843372344971 350.086692810059 422.671504974365 302.041236877441 273.924942016602 453.86238861084 288.101142883301 449.179725646973 391.042274475098 359.901471138 339.646148681641 145.793060302734 250.89102935791 275.758651733398 366.43159866333 394.440841674805 502.533721923828 566.797454833984 536.061889648438 191.799987792969 167.237686157227 303.841331481934 387.679986953735 448.072441101074 538.569458007812 436.692893981934 417.230922698975 384.5435962677 322.225288391113 290.667205810547 359.068923950195 371.242988586426 316.947143554688
405.786354064941 439.758255004883 469.208847045898 650.877403259277 670.438905715942 663.779856681824 663.485977172852 525.627147674561 415.045570373535 542.813323974609 387.063780784607 384.387540876865 378.323991775513 254.256973266602 263.560729980469 457.145729064941 364.687816619873 476.196662902832 382.452381134033 354.399154663086 337.303060054779 483.693580627441 466.142700195312 358.979866027832 467.825965881348 351.51371383667 201.898818969727 434.094078063965 144.178100585938 228.928497314453 272.397407531738 354.750297546387 556.369964599609 476.79776763916 362.631313323975 425.671298980713 243.629653930664 180.003997802734 296.830986022949 337.714622497559 444.669937133789 364.587387084961 305.269401550293 378.446395874023 440.214324951172 283.984817504883 297.40811920166 487.690753936768 370.786003112793 451.647791862488
540.306867599487 458.154647827148 600.08659362793 539.788330078125 589.13102722168 628.179681241512 677.078067779541 574.671005249023 498.589538574219 400.983510971069 360.449760437012 430.795574188232 394.526365280151 358.246398925781 288.321578979492 472.546703338623 388.357917785645 404.518608093262 441.356960296631 418.986339569092 453.957237243652 487.04118347168 576.570602416992 393.213748931885 354.978351593018 393.99945640564 279.666656494141 286.123222351074 74.1701965332031 142.070419311523 230.553970336914 351.928237915039 424.837421417236 435.347599029541 473.549957275391 316.497299194336 468.509227752686 357.888290405273 314.598350524902 369.155006408691 378.095397949219 320.291427612305 308.29663848877 474.381755828857 570.107833862305 262.476257324219 266.081161499023 426.024464845657 582.697227478027 539.434936523438
639.41817855835 567.543397367001 599.613443374634 636.355684280396 695.103134155273 655.809854507446 428.67414855957 537.014982223511 586.452491760254 459.931934356689 499.128364562988 451.189250946045 335.582443237305 327.881675720215 236.633880615234 222.737152099609 248.600784301758 397.785917282104 297.731964111328 385.868391513824 355.62779045105 257.540224075317 467.659912109375 366.060534477234 535.936553955078 340.846534729004 366.640909582376 291.727767944336 239.785598754883 196.17431640625 426.328094482422 393.195874214172 476.264266967773 502.039093017578 449.128036499023 412.757503509521 382.203746795654 327.143424987793 354.508697509766 312.780723571777 456.273578643799 437.333191394806 415.807171583176 377.777679443359 384.40189743042 327.684410095215 337.697898864746 534.866714477539 635.028228759766 437.279693126678
544.423712253571 457.367218017578 557.6147800982 682.229644775391 556.70599091053 421.189388275146 420.768629074097 416.65592956543 426.547821044922 413.302646636963 421.753395318985 379.88761138916 189.238922119141 332.334213256836 359.940603256226 250.170608520508 324.877193450928 319.467407226562 401.723964691162 448.792282104492 380.925639390945 480.416275024414 370.757480621338 301.745704650879 288.636222839355 306.48412322998 239.355865478516 339.064933776855 282.74893951416 256.50537109375 428.572124481201 402.028621196747 516.267639160156 466.059577941895 344.893989562988 478.188743591309 416.544031143188 446.013212203979 450.9889793396 387.995094299316 462.024152755737 375.845336914062 454.887685775757 411.782125473022 378.658405303955 360.1194190979 340.238990783691 461.642681121826 508.379852294922 359.512794494629
479.475536346436 491.114925384521 568.497093200684 720.260986328125 662.559722900391 522.057649612427 501.021137237549 429.737835168839 522.217002868652 364.458141326904 404.672756195068 256.403366088867 252.086196899414 248.962181091309 528.712356567383 368.186141967773 236.886489868164 237.263946533203 355.747980117798 326.387987136841 304.385227203369 425.156055450439 262.151657104492 261.055198669434 235.782348632812 211.436386108398 304.641540527344 431.677440643311 313.30354309082 338.657390594482 354.549739837646 365.091844558716 282.240219116211 418.583158493042 259.171630859375 537.34130859375 358.959686279297 521.168830871582 485.927749633789 464.652526855469 376.272876739502 351.132843017578 385.61056137085 432.496181488037 390.745712280273 459.236427307129 293.768432617188 373.065715789795 378.373260498047 358.868301391602
571.372060775757 583.129470825195 413.896469116211 574.040710449219 405.197792053223 491.337762832642 363.160842895508 452.99880027771 391.318101882935 482.74015045166 259.976226806641 281.743362426758 160.591506958008 327.39920425415 323.95581817627 458.627471923828 388.471395492554 261.25325012207 363.85077381134 277.130187988281 361.261703491211 348.470268249512 262.420593261719 323.56196308136 383.506319522858 267.565475463867 390.888943195343 427.834529876709 391.92582321167 286.626014709473 414.91802406311 402.661149978638 384.831300735474 487.320777893066 361.423667907715 516.205772399902 502.468849182129 469.681762695312 387.582397460938 462.064964294434 469.450908660889 404.30318069458 416.290760040283 379.510360717773 290.088226318359 464.254861831665 432.950267791748 510.740211486816 526.436538696289 335.53052520752
