simdem/realisation56.asc
NCOLS 350 
NROWS 171 
XLLCORNER 152620 
YLLCORNER 418050 
CELLSIZE 100 
NODATA_value -9999 
[rows 0 to 21 of 171, columns 150 to 199 of 350]
516.771934509277 486.032073974609 693.67951965332 -9999 -9999 -9999 -9999 -9999 -9999 -9999 -9999 -9999 -9999 -9999 -9999 -9999 -9999 -9999 -9999 -9999 -9999 -9999 -9999 -9999 -9999 -9999 -9999 -9999 -9999 -9999 -9999 -9999 -9999 -9999 -9999 -9999 -9999 -9999 -9999 -9999 -9999 -9999 -9999 -9999 -9999 -9999 -9999 -9999 -9999 -9999
468.594909667969 622.313243865967 695.484092712402 824.422622680664 678.11833190918 613.113784790039 535.580612182617 -9999 -9999 -9999 -9999 -9999 -9999 -9999 -9999 -9999 -9999 -9999 -9999 -9999 -9999 -9999 -9999 -9999 -9999 -9999 -9999 -9999 -9999 -9999 -9999 -9999 -9999 -9999 -9999 -9999 -9999 -9999 -9999 -9999 -9999 -9999 -9999 -9999 -9999 -9999 -9999 -9999 -9999 -9999
436.828834533691 534.417560577393 607.183940887451 695.238882064819 774.823890686035 610.594345092773 583.415817260742 527.217544555664 686.339965820312 681.434150695801 736.493984222412 713.870483398438 941.936431884766 1015.22732543945 -9999 -9999 -9999 -9999 -9999 -9999 -9999 -9999 -9999 -9999 -9999 -9999 -9999 -9999 -9999 -9999 -9999 -9999 -9999 -9999 -9999 -9999 -9999 -9999 -9999 -9999 -9999 -9999 -9999 -9999 -9999 -9999 -9999 -9999 -9999 -9999
480.226226806641 579.764784812927 685.471158981323 700.438901901245 668.712692737579 574.203910827637 604.870079040527 930.016670227051 861.568069458008 1025.36897468567 720.442558288574 774.872954368591 807.817790985107 767.673059284687 642.784889221191 622.003227233887 716.353240966797 789.760749816895 870.486486434937 808.537696838379 976.440780639648 838.538915157318 977.267784118652 989.684020996094 885.60945892334 1038.31942749023 985.993743896484 812.041702270508 698.828678607941 790.20509147644 869.21390914917 892.574317932129 697.269546508789 697.197402954102 778.953107833862 -9999 -9999 -9999 -9999 -9999 -9999 -9999 -9999 -9999 -9999 -9999 -9999 -9999 -9999 -9999
1009.90935516357 685.104410171509 696.650621414185 952.319068908691 1054.76453971863 1108.44327163696 947.915678024292 1134.56747436523 994.273166656494 1061.54441452026 1029.82721138 755.416046142578 778.623725891113 819.454364776611 643.146553039551 567.875945091248 784.074607849121 790.414772987366 681.910926818848 661.522934913635 948.015609741211 931.083160400391 960.085151672363 868.632911682129 846.838756561279 1034.03944396973 933.185409545898 751.424750328064 787.036376953125 752.405040740967 720.437393188477 899.616641998291 762.442718505859 729.618648529053 737.971160888672 723.973917007446 813.240615844727 726.203084945679 818.657608032227 949.185943603516 656.246113777161 642.957489013672 632.40821647644 622.139209747314 749.894725799561 639.513534545898 699.723983764648 894.956802368164 780.136812210083 869.880615830421
1019.69264221191 621.123519897461 765.282554626465 997.065464019775 1120.85419845581 1160.45175933838 945.832304000854 930.889886856079 984.971857070923 1035.04113769531 935.754463195801 636.981182098389 719.052856445312 564.493083953857 702.920375823975 550.231865644455 655.525402069092 789.356481552124 715.557712554932 636.179183959961 757.847721099854 791.226818084717 670.394134521484 709.347425460815 790.749000549316 692.561246871948 687.10032081604 572.126892089844 552.60493850708 622.904006958008 590.309051513672 780.966739654541 965.67692565918 724.540210723877 739.382484436035 753.385635375977 673.198308944702 875.726884841919 800.208709716797 889.002851486206 799.717609405518 705.966678619385 711.06763458252 724.002899169922 785.516914367676 675.809869766235 616.626316070557 649.095620155334 795.647254943848 858.94799041748
1348.89695739746 1258.48255157471 812.113330841064 792.070831298828 931.496437072754 925.94075012207 967.346748352051 989.108467102051 1124.53365707397 1091.81784343719 971.789169311523 596.469879150391 698.076894760132 443.778923034668 768.092205047607 765.682319641113 753.358570098877 601.556709289551 656.34440612793 624.044509887695 649.699928283691 656.606964111328 773.051588058472 764.586502075195 604.528495788574 686.317014783621 784.360725402832 609.286266326904 371.136306762695 729.744235992432 702.030302047729 826.455490112305 707.350322723389 658.739212036133 651.318145751953 797.702003479004 821.807178497314 908.216873168945 702.398376464844 739.427291870117 657.365203857422 848.410385131836 602.528038024902 587.846237182617 608.618701934814 590.980056762695 545.979331970215 691.591466903687 795.570991516113 858.85612487793
1148.48305416107 856.537906646729 747.270618438721 722.83472442627 898.323883056641 836.953659057617 898.027481079102 887.954212188721 958.289604187012 918.259948730469 900.997131347656 660.267250061035 616.367691040039 586.093299865723 815.981558322906 828.321614265442 608.93864440918 490.994140625 555.55908203125 755.02475643158 931.381301879883 1006.20846176147 780.986085534096 749.738006591797 647.302174091339 705.867687225342 866.631210327148 747.241645812988 778.533332824707 674.031295776367 786.183612823486 816.557151794434 780.681732177734 783.685623168945 811.14387512207 694.152076721191 895.009658813477 886.476367950439 724.863388061523 757.015014648438 691.09114074707 825.182981491089 960.850807189941 807.245136260986 884.894424438477 905.613557815552 934.053619384766 684.324920654297 822.882209777832 799.676025390625
786.366111755371 873.18620300293 486.915557861328 584.852188110352 720.848999023438 539.196411132812 834.527770996094 960.559524536133 842.465179443359 963.804908752441 766.648181915283 695.612617492676 682.917523741722 757.429576873779 768.143913269043 674.398462295532 826.75505065918 715.766799926758 814.938987731934 880.809196472168 962.441688537598 1046.54442596436 885.075115203857 922.57710647583 851.055419921875 958.310791015625 922.069671630859 862.902976989746 891.240867614746 904.99648475647 998.164749145508 945.677642822266 904.438720703125 821.732551574707 820.557321548462 970.440628051758 961.856046676636 934.272068023682 896.437431335449 802.940551757812 774.239624023438 792.305988311768 848.558505058289 864.929132461548 710.27220916748 816.201122283936 829.830520629883 657.056999206543 787.799968719482 902.822647094727
655.411854743958 725.40793132782 813.614974975586 597.359733581543 514.738357543945 729.251434326172 557.578628540039 537.911376953125 487.575592041016 696.695907592773 574.790481567383 605.52668762207 604.202747344971 629.351493835449 913.94739818573 1127.79109954834 1158.93616485596 777.517887115479 928.22582244873 823.942630767822 1070.46166133881 1147.04416847229 1341.86887359619 1370.21199798584 814.852989196777 911.90803527832 717.123874664307 741.606718063354 856.783477783203 812.14306640625 957.386070251465 1039.2638092041 889.282775878906 720.833557128906 698.6682472229 1018.51321411133 921.351963043213 1017.22711181641 952.214603424072 788.144638061523 818.562910079956 952.03458404541 815.675743103027 832.216233253479 871.556221008301 945.266052246094 879.885704040527 777.098609924316 980.796493530273 954.636520385742
643.598331451416 712.386138439178 770.440448760986 660.973064422607 640.777160644531 576.92504119873 712.04207611084 548.601482391357 599.158325195312 606.176866531372 689.568434715271 707.840454101562 518.429908752441 700.126083374023 692.825341463089 1188.64356994629 1141.41458892822 785.787672996521 1187.12945556641 713.253532409668 1039.1192779541 1011.46651077271 897.656227111816 1202.74987792969 999.043190002441 1202.30047607422 777.40495300293 700.454933166504 671.88204574585 636.668235778809 750.639792919159 910.901748657227 725.68611907959 598.854305267334 634.929195404053 872.01392364502 843.087131977081 877.761226654053 793.166244506836 752.274536132812 635.866119384766 907.445816040039 988.096908569336 1020.92687988281 821.279830932617 1123.28715515137 882.473289489746 1132.25183105469 1328.57578277588 1015.71283721924
668.775782585144 573.118965148926 736.156589508057 526.154678344727 589.321189880371 489.337631225586 601.476103067398 521.044696807861 733.406833648682 564.442306518555 566.386835098267 581.11986541748 690.647567749023 964.345565795898 816.659381866455 559.151107788086 733.353988647461 735.363906860352 776.193008422852 661.166137695312 655.308349609375 1070.48149871826 817.864428758621 801.894004821777 889.736309051514 821.015995025635 1349.88187408447 1317.20334625244 1349.28146362305 1396.47959899902 1264.38423156738 865.892127990723 761.006294250488 376.968292236328 630.62406539917 716.769189834595 592.355438232422 517.716690063477 522.796562194824 529.248794555664 714.731964111328 953.902236938477 893.409351348877 754.78596496582 690.210433959961 638.145904541016 781.306987762451 827.037239074707 1120.37448120117 765.198329925537
612.114210128784 722.250091552734 728.765228271484 599.852363586426 671.527143478394 730.232706069946 488.709129333496 508.719612121582 709.67614364624 695.851461410522 883.285362243652 426.038803100586 1287.68488103151 887.631874084473 913.20890712738 492.864791870117 495.101608276367 779.890399932861 969.938331604004 726.34614944458 554.721588134766 1108.48586606979 642.051811218262 938.774696350098 781.099521636963 832.082593917847 1074.33208274841 1435.16505813599 907.278923034668 1086.48771476746 1221.30229949951 859.883827209473 838.886772155762 653.251270294189 669.198078632355 874.378257751465 932.249969482422 672.497268676758 491.490875244141 658.622749328613 703.413284301758 828.551445007324 812.694141387939 725.237836837769 752.188301086426 697.941848754883 707.686267852783 828.682409286499 740.567982673645 747.876441955566
669.774871826172 669.65502166748 702.611450195312 1264.20304107666 845.474685668945 1158.41439437866 944.0422706604 587.020568847656 717.359931945801 861.950012207031 796.552185058594 769.830024719238 617.376556396484 679.087647438049 836.458969116211 403.742401123047 640.818817138672 507.290954589844 639.893493652344 692.000183105469 715.733856201172 706.525245666504 982.328247070312 833.938064575195 772.480781555176 880.882839202881 840.049522399902 866.176903963089 910.429676055908 734.530014038086 977.401763916016 631.123641967773 574.49532699585 695.1936378479 588.93839263916 756.444580078125 939.43603515625 701.858940124512 588.926864624023 502.619232177734 828.456771850586 902.482772827148 795.842834472656 729.029682457447 844.399658203125 608.792411804199 544.560089111328 917.331121444702 958.604111194611 1007.35871124268
1055.16849136353 610.045148849487 558.31079864502 682.406093597412 627.698984146118 621.498006820679 605.474494934082 501.605697631836 676.543144226074 803.17024230957 697.476232528687 646.055080413818 623.578765869141 757.631561279297 1099.57736206055 590.763610839844 621.28295135498 520.689956665039 732.542831420898 710.922500610352 762.784692764282 867.361175537109 773.685913085938 582.569915771484 646.802764892578 899.668884277344 1044.20425033569 932.551633119583 819.869506835938 533.658218383789 495.399719238281 934.563461303711 1159.69271850586 767.907215118408 802.062477111816 689.451553344727 839.371662139893 922.837707519531 642.726318359375 736.613319396973 758.388023376465 914.858489990234 826.756237030029 691.052478790283 710.657360076904 574.664337158203 583.524948120117 686.229923248291 1016.48830795288 764.336288452148
558.603288650513 593.435950279236 635.626914978027 457.245025634766 728.522842407227 517.966346740723 625.911769866943 687.463182449341 673.99298286438 703.867393493652 730.227626800537 493.491920471191 639.097114562988 1231.87849903107 680.656799316406 893.208385467529 806.411102294922 917.420822143555 808.853038787842 1259.57883071899 1062.93322753906 1003.93364715576 1161.25521850586 635.40599822998 845.587871551514 841.777061462402 1173.55970001221 1014.80961799622 735.655181884766 843.916209220886 673.313125610352 721.019835472107 777.23713684082 718.848432540894 544.002304077148 792.303375244141 655.032735347748 858.876831054688 900.772186279297 790.502258300781 619.82706451416 737.690376281738 827.891906738281 675.148290634155 560.254180908203 611.724700927734 619.975173950195 637.280490875244 762.62621307373 799.556106567383
554.032806396484 494.917640686035 574.983293533325 654.64107131958 691.466659545898 593.025146484375 554.978973388672 555.600639343262 757.603107452393 649.331733703613 545.740814208984 400.425720214844 1493.72480010986 1513.21140551567 632.677230834961 752.610336303711 571.52815246582 810.085933685303 816.923667907715 673.810768127441 1036.39860534668 606.682762145996 718.266494750977 607.260459899902 641.582626342773 702.618957519531 1872.00842285156 1102.33056354523 910.292629241943 851.463150024414 978.445232391357 698.274145126343 715.206233024597 1129.18814849854 702.217361450195 688.445831298828 782.88862991333 1037.80888748169 1367.53995513916 798.620140075684 797.821281433105 857.989334106445 710.962107550353 794.429096221924 1094.5456237793 816.385097503662 873.816369533539 595.136962890625 753.93222618103 596.365081787109
648.65128326416 573.051240921021 623.475323677063 727.993949890137 847.098190307617 639.791818022728 622.72184753418 542.354095458984 638.698677062988 646.544039726257 607.555187225342 520.167205810547 630.490333557129 566.531768798828 516.891998291016 816.356384277344 596.441970825195 617.730361938477 732.366371154785 681.969981193542 681.482301712036 610.89820098877 673.623420715332 675.94548034668 855.452624440193 1041.57006835938 688.030349731445 815.041023254395 702.416687011719 908.485740661621 904.107749938965 975.91136932373 956.325635910034 583.625663757324 1028.49815750122 712.4783411026 599.774757385254 834.271575927734 665.656716346741 679.077991485596 652.951559066772 896.497955322266 863.029396057129 820.731590270996 727.337917327881 678.028421878815 721.176817595959 719.919648170471 1208.43180847168 753.78409576416
688.222831726074 540.938133239746 502.298622131348 596.63716506958 618.538131326437 604.581706285477 1066.99862861633 750.084999084473 630.067425727844 703.070882797241 726.669548034668 504.435104370117 540.522857666016 735.903915405273 439.340118408203 1037.77383422852 1070.31009674072 1118.48804473877 962.418495178223 762.619857788086 546.226684570312 625.531372070312 1054.18535232544 625.236808776855 949.784164428711 462.348861694336 771.282642364502 717.157913208008 776.161422729492 810.867637634277 723.578147888184 673.667282104492 747.261871337891 699.420606613159 701.457523345947 1353.32028770447 687.83173084259 757.994842529297 651.484073638916 1056.15490722656 674.722317695618 918.367031097412 929.828485488892 1084.38140106201 1178.5531539917 1059.38998413086 767.376815795898 550.028869628906 561.845802307129 526.33056640625
703.554290771484 678.129322052002 628.676113128662 674.430572509766 484.929122924805 632.462954521179 776.644149780273 700.305740356445 623.192638397217 575.356063842773 903.414252281189 640.892868995667 569.648490905762 799.709167480469 559.753646850586 578.430549621582 622.730349063873 712.075186729431 764.212738037109 680.018563508987 776.971038818359 768.717929840088 754.757656097412 845.782508850098 864.674621582031 647.290298461914 737.745162963867 968.05220413208 1026.5959854126 768.981283187866 782.387693405151 671.621536254883 888.710350036621 615.262397766113 804.695116043091 857.870613098145 664.817912101746 780.16674041748 706.998617172241 795.059410095215 815.533058166504 648.369060516357 957.634967803955 739.371841430664 555.340545654297 554.80046081543 817.014400482178 757.365226745605 740.635208129883 585.159538269043
559.435668945312 535.185768127441 532.517738342285 460.351371765137 531.118751525879 679.743301391602 773.569129943848 679.647531509399 1229.80927276611 580.476623535156 682.678318023682 762.14035987854 621.875615119934 555.2294921875 567.497512817383 614.05712890625 683.276954650879 690.471424102783 786.911209106445 799.81810760498 769.934158325195 541.185684204102 771.387028694153 835.857917785645 836.592010498047 830.895416259766 820.931535720825 840.601013183594 718.855159759521 886.098709106445 758.33618927002 754.758417129517 683.259199142456 721.42488861084 618.450553894043 575.746452331543 650.482772827148 612.96907043457 662.679901123047 760.761779785156 726.650978088379 991.281494140625 1303.96802902222 649.321409225464 623.132499694824 1313.33102416992 832.925186157227 827.808853149414 694.194217681885 949.40478515625
607.222430229187 601.516265869141 665.005722045898 596.975360870361 648.608742237091 705.031887054443 1112.3522644043 606.700826644897 614.017070770264 707.663513183594 653.370812416077 847.025283813477 652.932096481323 1065.06586456299 709.862016201019 706.801199436188 967.199520111084 660.745904922485 1074.62910842896 673.626754760742 828.693984985352 1333.0947265625 1060.00700378418 731.046016693115 631.631561279297 991.092379570007 832.991161346436 630.414833068848 1712.36789703369 684.582180023193 749.35230255127 838.43603515625 522.51256942749 720.920822143555 667.128436088562 683.147892951965 812.821655273438 723.016220092773 715.448606491089 758.378074645996 827.485000610352 744.119384765625 694.313884735107 638.992600917816 683.805240631104 1354.65158081055 690.994590759277 686.386402130127 765.077545166016 716.822206497192
