simdem/realisation12.asc
NCOLS 350 
NROWS 171 
XLLCORNER 152620 
YLLCORNER 418050 
CELLSIZE 100 
NODATA_value -9999 
[rows 44 to 65 of 171, columns 150 to 199 of 350]
454.916915893555 424.326820373535 567.202068328857 596.368354797363 486.511489868164 584.760768890381 540.422498703003 547.654981613159 555.474158287048 452.091682434082 489.374313354492 489.027618408203 417.080307006836 545.240401744843 486.311332702637 539.684743881226 604.18501663208 537.951845169067 575.515054702759 555.014247894287 602.344551086426 601.459987640381 518.002391815186 517.745552062988 503.6354637146 514.867233276367 596.748109817505 575.142944335938 602.17219543457 660.07137298584 639.825332641602 662.269226789474 733.96374130249 771.875293731689 817.435287475586 779.790969848633 725.695419311523 1020.14352416992 830.175010681152 617.195122718811 610.267427444458 508.618885040283 597.678789138794 848.088954925537 818.535536289215 698.384872436523 627.259717702866 626.659797668457 1103.73567962646 1068.37339782715
403.223930358887 582.268508911133 622.418273925781 639.407836914062 552.326385498047 615.110160827637 443.978073120117 656.87833404541 562.923303604126 634.513885498047 561.83402633667 579.569879055023 557.675604820251 466.132942199707 473.330917358398 553.943777084351 589.907295227051 471.561500549316 683.822700500488 633.08544921875 634.181015014648 509.835405349731 670.018768310547 493.508838653564 462.914077758789 529.704412460327 537.489358901978 468.755874633789 586.914381027222 520.289703369141 540.319709777832 594.552858829498 599.716279983521 536.567474365234 714.35798740387 603.793674468994 706.241584777832 718.210487365723 671.884395599365 582.515371322632 514.254100799561 671.214691162109 597.596038818359 499.054954528809 631.925651550293 617.171107292175 623.910928726196 487.6982421875 571.564155578613 668.629791259766
536.826156616211 530.623725891113 556.388124465942 520.769359588623 503.484149932861 549.333835601807 591.202339172363 696.31640625 592.529724121094 459.495971679688 569.68598151207 641.65845489502 566.692036867142 530.523286819458 501.855278015137 508.709022521973 516.177171707153 389.297302246094 438.287269592285 507.866399765015 485.038215637207 434.580299377441 618.818237304688 601.173885345459 599.409175872803 389.650863647461 477.669746398926 552.6138920784 506.155658721924 471.46216583252 516.575950622559 428.470649719238 538.981197357178 525.828521728516 532.236148834229 606.142017364502 698.170623779297 536.655242919922 576.938648223877 412.55241394043 546.712020874023 403.003067016602 467.670043945312 552.700778961182 599.40941619873 550.537727355957 669.895301818848 710.672706604004 445.401840209961 589.177723884583
521.131416320801 549.318260192871 375.070205688477 427.394603729248 508.478628158569 515.156547546387 594.59610748291 526.033393859863 630.987121582031 402.067886352539 548.50963973999 681.910675048828 561.002792358398 639.656639099121 687.183174133301 624.894866943359 650.329078674316 666.96346282959 465.429374694824 440.23119354248 660.166481018066 547.452825069427 587.855949401855 617.714065551758 580.699878692627 587.333511352539 542.654606819153 451.475685119629 450.172401428223 478.393524169922 385.086669921875 412.001419067383 490.020858764648 521.21870803833 523.553333282471 531.484202384949 537.279872894287 560.18355178833 545.132316589355 490.089782714844 453.889366149902 378.636520385742 445.05549621582 527.077049255371 534.603664398193 546.281238555908 525.445663452148 609.725730895996 495.040863037109 600.13133430481
543.298299789429 572.017944335938 567.661212921143 456.338569641113 664.143211364746 484.293869018555 377.48893737793 411.183448791504 467.509033203125 603.002601623535 589.716745376587 639.144813537598 631.159427642822 724.532371520996 738.349891662598 735.582656860352 614.573210716248 667.948928833008 593.13410949707 494.770309448242 526.813871383667 593.403659820557 555.775838851929 681.93416595459 593.287328720093 536.121688842773 567.594223976135 558.415145874023 502.669555664062 390.063751220703 616.540405273438 597.2412109375 661.841087341309 529.693468093872 537.762029886246 485.502368927002 367.117202758789 565.099627494812 439.2744140625 495.588233947754 424.126449584961 382.21728515625 585.12756729126 504.848304748535 576.862863540649 576.050493240356 603.204135894775 595.529004335403 681.933181762695 641.668174743652
605.424522399902 570.091339111328 602.568481445312 719.76904296875 507.931461334229 423.34513092041 503.894138336182 364.175506591797 499.665267944336 529.656616210938 648.527534484863 700.743865966797 625.897090911865 666.552940368652 592.154262065887 828.145980834961 628.716938018799 675.790864467621 721.63867688179 669.230213165283 664.760452270508 537.519454956055 674.2421875 603.06954574585 601.352960586548 548.085330963135 624.462879180908 571.938761711121 465.201652526855 477.624404907227 528.941786766052 463.644989013672 655.384170532227 523.595037460327 579.000589370728 540.68220281601 598.854423522949 512.147621154785 614.856899261475 621.884292602539 672.553298950195 491.990295410156 469.825866699219 450.660423278809 722.406478881836 623.940742492676 618.260762214661 666.679420471191 785.708358764648 659.025375366211
556.915054321289 565.792297363281 580.541812896729 529.280630111694 633.131813049316 588.913837432861 576.185842514038 439.950202941895 591.144332885742 634.860427856445 576.132551908493 541.764209747314 629.752536773682 666.26781463623 542.20182800293 605.250680446625 536.632164001465 684.798408508301 732.319124221802 543.929161071777 657.357181549072 556.392833709717 677.517593383789 611.077301025391 723.609397888184 430.81330871582 591.233374118805 462.052230834961 380.488327026367 448.990463256836 589.50008392334 608.638240814209 627.298309326172 521.836812973022 597.707489013672 512.555904388428 692.304916381836 521.812479019165 490.01912689209 595.876707077026 523.160491943359 524.398624420166 401.819442749023 462.37580871582 705.082931518555 550.464849472046 677.719833374023 607.834400177002 605.054382324219 509.429313659668
468.865871429443 610.246208190918 520.93852186203 573.941631317139 583.585475921631 512.992248535156 479.909141540527 466.60424041748 599.014923095703 657.303047180176 635.689979553223 564.31401348114 604.2041015625 638.856426239014 457.092895507812 532.889530181885 559.575050354004 593.177414894104 720.938903808594 628.144660949707 656.46760559082 611.980320930481 527.558692932129 602.890327453613 654.025970458984 614.77271270752 578.905685424805 562.924045562744 451.8779296875 443.682029724121 424.838470458984 686.972930908203 669.250900268555 707.882202148438 555.587729454041 420.414398193359 480.080501556396 557.704942464828 610.828342437744 598.715763092041 655.283798217773 603.343538284302 435.885238647461 549.424459457397 519.571746826172 647.603454589844 719.333206176758 611.78505897522 591.883072853088 612.305297851562
511.655044555664 478.812126159668 560.066331863403 511.876918792725 393.273895263672 578.044750213623 537.523723840714 506.863899230957 594.651222229004 568.540237426758 658.147811889648 556.612494945526 629.332668304443 650.30309677124 525.654781341553 588.487609863281 630.160876452923 680.743118286133 455.44783782959 650.788078308105 667.104093551636 654.883401870728 525.878753662109 546.871597290039 533.168700218201 586.168434143066 676.050643920898 702.502456665039 555.925161361694 521.635753631592 445.47380065918 677.023948669434 430.297637939453 644.643768310547 648.01261138916 545.896718978882 584.765884399414 593.623729705811 706.019355773926 655.241798400879 645.179035186768 464.936790466309 502.01713180542 506.510398864746 482.369606018066 582.939289331436 521.600509643555 613.938378334045 556.020858764648 676.050132751465
603.090393066406 631.716613769531 553.939546585083 528.702362060547 564.910894393921 574.489109039307 460.142585754395 484.458480834961 512.270713806152 640.737594604492 597.27942276001 599.571128845215 644.556419372559 581.967309474945 655.624031066895 647.694671630859 615.24142074585 392.319381713867 546.187950134277 721.088981628418 513.783798217773 546.267524719238 515.767459869385 589.648903906345 569.183250427246 684.384353637695 647.055742263794 664.136587142944 534.114917755127 586.945338249207 596.48020362854 582.710250854492 548.36329627037 629.825611114502 606.589214324951 564.372641086578 610.276012420654 731.512603759766 662.259155273438 614.907943725586 685.14965057373 532.187919616699 425.581420898438 605.581782341003 628.204692840576 657.412738800049 516.734916687012 575.278270721436 508.257522583008 512.139282226562
648.170768737793 671.612075805664 540.571549713612 495.596542358398 629.035461425781 602.757232666016 695.811737060547 460.640365600586 656.88419342041 596.462966918945 654.082374572754 542.61496925354 596.573967695236 631.895320892334 528.2294921875 590.85594367981 556.858106613159 639.444591522217 629.566143035889 566.227676391602 619.172805786133 596.607696533203 605.854955673218 573.555123329163 618.78262758255 655.599116325378 667.159635066986 542.49072265625 648.57195854187 437.096710205078 635.753913879395 586.40082359314 534.732877731323 541.082609176636 489.473754882812 513.963394165039 703.241638183594 695.660102844238 642.464992523193 584.45864212513 547.95395565033 553.577461242676 747.030456542969 639.014305114746 669.681659698486 644.054460525513 471.556732177734 384.517471313477 480.587860107422 527.135688781738
512.74330329895 541.48436498642 494.622714996338 489.88916015625 480.204883575439 506.979351043701 517.051742553711 637.786972045898 525.287574768066 559.862190246582 621.643978118896 511.801811218262 521.39631652832 582.23039150238 507.860092163086 591.929816246033 601.994863510132 610.05500793457 550.741394042969 556.152587890625 634.615516662598 642.992477416992 604.98627948761 671.561063766479 525.871131896973 673.510852813721 793.32511138916 547.257850646973 558.680328369141 536.201316833496 609.51541519165 655.935874938965 646.899635314941 617.362411499023 609.259845733643 689.986305236816 598.21661567688 621.519111633301 633.087120056152 553.623905181885 590.730668067932 542.89485168457 705.380714416504 657.538730621338 677.440551757812 621.219981431961 483.546333312988 437.929611206055 612.289521217346 493.544204711914
669.014137268066 630.185455322266 531.503091812134 598.857719421387 575.732513427734 495.444805145264 513.529682159424 542.6448097229 499.782089233398 447.465980529785 587.249727249146 572.487144470215 653.246253967285 620.737167358398 537.430370330811 635.116687774658 606.130388259888 544.329975128174 588.909391008317 596.382416725159 654.42261505127 559.326196670532 474.737091064453 692.207679748535 578.730644226074 640.014846801758 854.379486083984 583.104370117188 638.633728027344 576.506313323975 666.140243530273 699.460334777832 681.490341186523 536.645589828491 583.021136283875 570.65535068512 537.056884765625 659.621086120605 622.817728042603 504.357986450195 597.418277740479 629.572689056396 674.513153076172 567.807304382324 597.384967803955 466.430465698242 573.44747543335 565.817451477051 746.780204772949 647.102989196777
505.510318756104 550.560484886169 559.619884490967 531.022676467896 585.831129074097 417.689025878906 429.239318847656 412.137969970703 394.555923461914 485.251663208008 543.505374908447 679.622093200684 665.980987548828 597.805639266968 656.950126647949 586.33543586731 520.520629882812 567.78769493103 475.994964599609 556.302707672119 646.392242431641 478.135124206543 547.238876342773 582.841883480549 589.784272193909 752.009231567383 674.621292114258 743.948440074921 684.734477519989 633.845275878906 630.094310760498 688.787829637527 637.953393936157 511.501564025879 584.833135604858 636.469173431396 620.533496856689 704.794921875 666.275604248047 644.21577835083 603.266286849976 481.994163513184 353.682754516602 422.665557861328 393.910385131836 445.031784057617 614.65829539299 647.542877197266 715.709686279297 660.843971252441
481.674018859863 540.387504577637 587.695953845978 484.48371887207 554.642158746719 497.324249267578 451.392684936523 440.182418823242 559.60763168335 560.6887550354 552.053174972534 531.689270019531 528.919811248779 568.096580505371 550.84324836731 521.099975585938 540.890445709229 672.564613342285 559.004589080811 655.559371948242 720.686386108398 449.109710693359 679.998558044434 792.002487182617 616.029300689697 635.440410614014 575.196743011475 609.934575557709 629.077224731445 681.598121643066 566.639343261719 742.240493774414 753.023590087891 759.611480712891 817.948272705078 660.60883140564 574.088916778564 587.382280349731 701.063148498535 721.099334716797 598.29003238678 517.929168701172 501.327934265137 480.200714111328 521.427108764648 519.085372924805 689.265335083008 651.093856811523 656.775512695312 663.269145965576
576.989719390869 643.287185668945 574.676219701767 467.628196716309 491.087677001953 607.095817565918 454.112365722656 421.533027648926 433.629501342773 513.32884979248 654.787101745605 526.867401123047 383.746765136719 362.390426635742 307.054397583008 544.142387390137 656.967124938965 643.417182922363 505.86206817627 638.571384429932 644.80005645752 572.825353622437 522.392776489258 724.514389038086 646.906648635864 526.423706054688 592.390933990479 589.026323795319 580.644752502441 584.189979553223 640.809604644775 695.828552246094 722.273872375488 676.623465776443 859.988632202148 677.108449935913 610.583980560303 611.317544937134 725.251152038574 704.173812866211 670.974524497986 539.014739990234 515.956581115723 463.888229370117 553.492431640625 615.476682186127 729.514122009277 734.538612365723 461.973037719727 614.022702693939
483.58959197998 533.280342102051 689.937309265137 656.140899658203 530.120861053467 545.2643866539 599.399314880371 508.488746643066 490.477828979492 537.554853439331 640.69702911377 552.45023727417 346.305389404297 426.457061767578 567.403694868088 498.620948791504 473.558715820312 626.79772567749 665.989135742188 670.079635620117 640.225028991699 654.939418792725 516.438892364502 663.769149780273 567.800891876221 655.272207260132 576.112766265869 626.326961517334 531.543083190918 468.442840576172 572.644706726074 619.221565008163 656.651720196009 581.233949661255 717.10620880127 747.846542358398 571.954917907715 630.830765485764 664.082981109619 764.585266113281 791.514007568359 653.09521484375 555.911567687988 814.495666503906 648.676870346069 624.222785949707 696.998420715332 739.389999389648 718.82438659668 582.97274017334
498.512279510498 490.455806732178 587.228355407715 533.143609523773 464.826484680176 475.334800720215 569.057514190674 577.748678207397 581.471119880676 635.233200073242 715.965179443359 623.459533691406 522.835090637207 496.602447509766 456.144355773926 451.556312561035 495.793678283691 422.207550048828 715.614501953125 692.438468933105 697.733528137207 718.821258544922 612.249546051025 762.656890869141 743.076751708984 730.582786560059 546.262531280518 554.072021484375 642.089904785156 502.591407775879 655.838587760925 635.076736688614 574.112350463867 567.793914794922 658.11506652832 603.303153991699 639.899822235107 636.698567867279 504.686454772949 623.740888595581 609.443943023682 521.026214599609 677.19087600708 785.618560791016 662.567161560059 684.681858062744 615.833187103271 688.460136413574 643.672355651855 482.256057739258
522.396045684814 661.609344482422 745.126983642578 653.55345916748 572.08483505249 458.109405517578 509.258899688721 415.473052978516 492.358222961426 579.547737121582 502.381362915039 395.731460571289 354.00944519043 385.170455932617 535.309467315674 538.934015274048 570.178558349609 522.222120285034 486.296684265137 586.384656906128 683.180503845215 513.947666168213 622.595165252686 657.065364837646 627.11399269104 656.49195098877 617.406209945679 581.707310676575 792.4833984375 648.765899658203 633.960250854492 502.915657043457 565.127685427666 549.463882446289 578.25993347168 602.29029083252 567.135864019394 485.340835571289 545.464683532715 549.035751342773 621.967380523682 674.881782531738 771.954010009766 833.354820251465 830.148010253906 619.009880065918 614.698499679565 675.34114074707 617.023894309998 562.074234008789
496.711090087891 468.419792175293 585.738128662109 507.237777709961 554.385324001312 453.935356140137 352.879470825195 458.003448486328 581.07186126709 456.294464111328 507.868659973145 525.31262588501 467.405029296875 441.628532409668 516.221450805664 589.143402099609 549.911234855652 629.046714782715 706.949005126953 557.625990867615 639.367385864258 521.550727844238 535.176164627075 604.117886543274 770.420059204102 786.67741394043 733.639907836914 586.191069602966 620.36812210083 675.777793884277 617.001361846924 655.346260070801 619.502656936646 583.090448379517 595.228490829468 565.201885223389 685.044334411621 590.653736114502 682.081398010254 695.918518066406 569.268196105957 619.052104949951 713.121589660645 716.43327331543 606.975593090057 705.790199279785 709.31778717041 628.828997612 605.284378051758 652.479518890381
440.532089233398 448.54891204834 622.746200561523 587.542852401733 479.693344116211 444.601181030273 469.150039672852 630.587898254395 712.275856018066 607.147037506104 636.63606262207 683.706451416016 674.756744384766 745.786163330078 617.586235046387 434.005264282227 563.878330230713 507.199100494385 542.974081039429 484.542594909668 581.123203277588 562.660842895508 499.178466796875 594.926200866699 660.978141784668 711.501396179199 711.816070556641 757.694747924805 659.891189575195 700.658462524414 611.377529144287 832.838928222656 659.906593322754 573.315967559814 637.626752853394 503.764739990234 445.489593505859 608.569835662842 669.619537353516 659.096113204956 711.07950592041 618.489334106445 865.680236816406 642.744171142578 633.696323394775 768.279174804688 771.061508178711 550.941869735718 643.173851013184 796.741409301758
483.840892791748 569.381256103516 658.668739318848 541.723179578781 423.559478759766 403.421783447266 480.85668182373 563.030424118042 589.564701080322 699.795684814453 554.859965324402 619.233097076416 720.800735473633 670.752044677734 603.977756500244 488.745697021484 506.963436126709 493.693969726562 520.806930541992 572.64909362793 575.45555305481 485.463989257812 539.591247558594 555.465040206909 576.339419603348 699.641220092773 607.846393585205 670.849197387695 631.213134765625 673.575553894043 705.20100402832 581.958744645119 676.210525512695 675.526161193848 655.733661651611 498.356651306152 491.899185180664 620.560724616051 672.731010437012 658.778839111328 727.277626037598 572.884296417236 644.859046936035 662.354782104492 650.604851722717 630.20406627655 777.940780639648 686.642677307129 449.051498413086 744.384460449219
