simdem/realisation76.asc
NCOLS 350 
NROWS 171 
XLLCORNER 152620 
YLLCORNER 418050 
CELLSIZE 100 
NODATA_value -9999 
[rows 44 to 65 of 171, columns 150 to 199 of 350]
487.438420295715 582.244895935059 675.143409729004 470.378929138184 472.385322570801 484.264999389648 393.715179443359 456.010276794434 619.883460998535 541.422799438238 551.298985958099 536.32137298584 550.202281951904 573.573307037354 517.218421936035 332.059509277344 547.322759270668 476.408493041992 403.92741394043 481.359951019287 504.149801254272 493.106452941895 679.451232910156 546.104499816895 504.159606933594 623.259998321533 501.786224365234 571.904136657715 762.630233764648 592.011604309082 804.732666015625 704.63415145874 698.462995529175 659.323959350586 718.53401184082 626.916673660278 592.098022460938 734.385310173035 737.804851531982 539.383010864258 530.114810943604 602.716297149658 509.86604309082 888.209033966064 913.90242767334 579.000478744507 619.174515724182 631.593368530273 1027.59031677246 1100.0724105835
483.541416168213 639.563385009766 698.343765258789 453.369941711426 544.03588104248 537.093808174133 515.973894119263 495.984867095947 493.61109161377 502.731758117676 566.690987586975 550.504205703735 507.075241088867 564.697730064392 507.516757965088 464.937149047852 483.286750793457 545.191976070404 581.068179130554 638.143867492676 479.472797393799 324.719985961914 472.385536193848 565.762756347656 706.722961425781 560.489077329636 628.151412963867 617.084541320801 724.126770019531 759.537826538086 680.702606201172 692.332466125488 451.429809570312 722.254413604736 758.262268066406 567.645492553711 617.921598434448 819.609558105469 692.455158233643 469.29133605957 559.982566595078 376.053100585938 502.342025756836 520.096298217773 668.956047058105 657.20626449585 500.243591308594 587.483251571655 534.10782623291 854.633346557617
611.136077880859 689.003082275391 634.610458374023 617.771827697754 544.963790893555 425.32299041748 500.324430465698 440.992828369141 441.505035400391 455.555633544922 526.213943481445 430.671264648438 450.215728759766 567.817217826843 686.173347473145 497.229339599609 533.341096878052 530.426285743713 559.10986328125 518.104082107544 529.371055275202 583.156158447266 677.807739257812 599.010089874268 583.63166809082 670.86799621582 652.722061157227 599.886463165283 628.014255523682 517.744665145874 402.668746948242 498.483966827393 428.776992797852 621.387782096863 629.26110458374 561.640567779541 527.224761962891 561.198818206787 662.183326721191 631.031938552856 461.409896850586 423.451690673828 518.913604736328 662.237350463867 541.881816864014 753.714057922363 591.023860927671 596.285672187805 574.73653793335 559.222145080566
469.343593597412 672.917114257812 608.775238037109 505.824947357178 549.371163368225 542.871091365814 654.83415222168 563.959554672241 533.597954750061 487.27108001709 601.676361083984 467.440223693848 392.510116577148 490.273284912109 519.65283203125 365.984085083008 503.098564147949 661.445266723633 721.044982910156 554.024006843567 665.432113647461 796.386474609375 660.32349395752 578.120779037476 452.775039672852 579.733066558838 543.028349876404 563.985521316528 521.049915313721 665.086380004883 481.181907653809 558.889284789562 570.603739738464 631.807075500488 602.826774597168 672.36368560791 590.502433776855 501.11841583252 669.751159667969 487.159812927246 566.249368488789 509.086647033691 440.30924987793 656.228218078613 611.19086265564 741.782470703125 667.424324035645 592.269016265869 693.708122253418 585.757416248322
449.768051147461 579.655372619629 428.023788452148 372.178817749023 461.104888916016 612.306465148926 552.33159160614 575.513729095459 420.251388549805 525.750633239746 631.077911376953 599.126483917236 457.517349243164 653.693408966064 551.635467529297 622.02071762085 610.169679641724 577.506793022156 528.530818939209 463.682243347168 491.459800720215 765.004211425781 624.379280090332 574.014346599579 438.11011505127 552.846115112305 654.139770507812 684.478271484375 610.838363647461 467.990882873535 440.675971984863 534.531692504883 612.419128417969 569.022441864014 413.928451538086 541.618343353271 566.411876678467 501.175258636475 626.403038024902 648.925201416016 421.570587158203 506.862045288086 537.911018371582 528.992366790771 649.620674133301 617.557750701904 680.821025848389 649.206996917725 584.476844072342 520.451114654541
433.25919342041 557.17333984375 596.457466125488 503.409818649292 565.678302764893 515.6337890625 687.648162841797 669.08659362793 510.650581359863 583.12979888916 536.173398971558 533.674259185791 503.683143615723 574.771656513214 460.003158569336 680.880380630493 570.865997314453 772.552192687988 803.444984436035 605.463682174683 540.852922439575 657.937641143799 612.471347808838 688.729309082031 570.862382888794 533.002403259277 593.573492050171 586.989366531372 497.023357391357 548.239065170288 422.749397277832 437.636795043945 614.220321655273 654.894844055176 623.522880554199 510.635280609131 474.237636566162 578.422054290771 695.174499511719 536.672323226929 559.546351909637 562.386952519417 435.529449462891 532.286758422852 365.169097900391 509.673099517822 546.766052246094 546.895858764648 526.13419342041 471.322608947754
418.997528076172 589.716529846191 578.925914764404 469.13943862915 391.670135498047 503.276763916016 671.937477111816 586.990249633789 630.073188781738 585.217283248901 427.620834350586 587.124334335327 663.700592041016 648.17399597168 543.436061859131 519.032531738281 598.19128370285 585.695382118225 659.276336669922 693.722480773926 662.264537811279 569.673072814941 577.722030639648 730.377464294434 656.66289305687 480.137680053711 504.763031005859 460.653831481934 618.511505126953 621.339466094971 428.855659484863 436.777717590332 510.742584228516 689.179534912109 612.620338439941 515.130523681641 516.066780090332 557.802139282227 548.662564277649 518.065464019775 467.930839538574 430.992584228516 504.21129989624 540.667984962463 542.321727752686 452.450660705566 409.842987060547 462.202209472656 503.114166259766 506.565551757812
512.059974193573 604.026649475098 519.180512428284 442.197113037109 560.867263793945 520.113349914551 494.505725860596 517.304504394531 580.595132827759 472.007827758789 564.71347618103 497.981010437012 716.577056884766 621.063007354736 644.314556121826 520.992706298828 520.943593978882 528.977066040039 507.147232055664 802.051544189453 640.245822906494 471.493743896484 549.965827941895 729.815422058105 606.368125915527 528.419204711914 636.805969238281 617.352538228035 485.549026489258 620.302856445312 627.677345275879 540.440738022327 629.075828552246 782.001770019531 596.169380187988 683.22607421875 484.409000396729 662.835296630859 667.560478210449 606.848365783691 570.419355392456 438.810241699219 524.251083374023 499.46068572998 430.598373413086 521.342720031738 584.405423313379 707.715713500977 448.208572387695 506.484992980957
431.436676025391 402.484031677246 510.000789642334 275.585632324219 397.652252197266 584.035808563232 555.067356109619 417.835968017578 446.566078186035 479.568183898926 477.797668457031 466.018539428711 669.802551269531 761.857009887695 504.194000244141 566.796607971191 496.664520263672 615.097833156586 531.45848274231 694.898740768433 703.969537734985 530.944671630859 532.184646606445 423.142425537109 466.380348205566 576.15380859375 635.006843566895 661.509750366211 566.266500473022 645.847709655762 626.720108032227 429.258850097656 640.560134887695 558.541500091553 557.961704730988 619.497978210449 563.453642070293 516.95288848877 596.835340499878 636.426122665405 610.749879837036 455.782005310059 539.390878677368 540.955986022949 481.057571411133 582.0137155056 514.142395019531 615.525851249695 569.784187316895 486.598793029785
476.652484893799 531.980912685394 500.198204040527 555.331521272659 519.707021713257 540.942688465118 521.442802429199 382.936157226562 597.734561920166 342.250045776367 451.910591125488 567.17248916626 751.434692382812 744.041244506836 634.891372680664 599.755981445312 541.333927154541 509.027496337891 737.47346496582 549.123847961426 610.793979644775 583.401050567627 576.265863895416 550.748458862305 701.038970947266 705.622779846191 705.14379119873 650.07216835022 621.423923492432 602.098718643188 511.473617553711 508.34188079834 631.416618347168 669.974418640137 544.461513519287 514.578464508057 501.754920959473 555.905277252197 413.777191162109 492.074905395508 681.057281494141 685.724662780762 713.616088867188 657.361747741699 653.290962219238 706.393455505371 494.955131530762 502.064277648926 508.041404724121 470.109550476074
580.776050567627 462.102020263672 586.306640625 534.905552387238 657.597915649414 596.008415222168 540.171228408813 476.434394836426 413.39045715332 469.95352935791 503.229053497314 653.05534362793 707.697044372559 683.581802368164 706.475036621094 682.16153717041 558.607803344727 738.287017822266 578.36239695549 388.437393188477 534.211784362793 656.611396789551 595.577538490295 501.39372253418 619.953744888306 706.427146911621 791.443878173828 653.51199889183 592.314270019531 574.327236175537 593.88313293457 614.444103240967 638.409461975098 609.725059509277 586.93992805481 556.092421531677 514.027490615845 526.757553100586 443.490798950195 479.471343994141 664.780647277832 669.1396484375 822.098541259766 617.762144088745 598.404718399048 675.250282287598 590.669466018677 500.783843994141 605.567388534546 622.196315765381
536.660113334656 473.326774597168 550.825941562653 592.234973907471 398.261993408203 528.954334259033 490.827556610107 544.088510513306 414.943908691406 425.279266357422 590.999624252319 677.455696105957 479.87718963623 679.033340454102 492.097320556641 622.010467529297 604.37446308136 647.50825881958 441.555023193359 461.653678894043 522.299766540527 439.41845703125 524.812232971191 634.311569213867 648.74702835083 805.11669921875 947.331069946289 742.736175537109 611.432056427002 786.809631347656 810.342788696289 512.386081695557 619.623554229736 531.744018554688 677.534088134766 453.978202819824 371.787414550781 447.963806152344 436.800262451172 597.602684736252 596.147415161133 671.546722412109 658.796363830566 545.675979614258 390.653503417969 589.985736846924 653.357246398926 552.170232772827 599.964849472046 503.794342041016
578.171258926392 633.358978271484 552.433965206146 505.021217346191 421.610168457031 475.906257629395 555.588109016418 569.738503456116 399.02815246582 425.025093078613 564.101885914803 525.141904830933 538.112461090088 537.573432922363 547.012727737427 621.700428009033 728.313217163086 577.771490097046 440.271560668945 514.216781616211 530.422119140625 679.699401855469 472.541236877441 572.188316345215 565.378765106201 625.427627563477 945.909713745117 699.759243011475 717.300559997559 506.132621765137 574.164608001709 696.329429626465 624.956508636475 506.45715713501 468.068580627441 542.479061126709 516.291156768799 488.231910705566 464.943008422852 495.36531829834 552.901796340942 576.747809410095 585.877243041992 654.224870681763 490.395980834961 497.153167724609 534.370010375977 431.143112182617 600.738651275635 469.765411376953
544.469922065735 467.815292358398 465.714714050293 673.252136230469 641.793838500977 566.904731750488 742.588088989258 577.864926099777 506.086345672607 557.148390769958 556.148895263672 469.102844238281 551.469072341919 451.195365905762 648.412284851074 601.148754119873 614.992193222046 653.330387115479 587.173686444759 458.439300537109 508.814056396484 440.962799072266 630.419219970703 579.032754898071 623.911491394043 733.302597045898 718.712471008301 864.435203552246 787.696411132812 700.462707519531 601.240474700928 624.702236175537 578.782222747803 560.008308410645 589.665433883667 502.193237304688 515.13330078125 559.715564727783 545.20153427124 575.835241317749 561.954814910889 535.298889160156 484.672958374023 753.460540771484 690.476371765137 499.386604309082 609.423074007034 504.963226318359 642.98296546936 612.051856517792
464.041114807129 692.023178100586 603.216227531433 747.63005065918 689.327102661133 663.3486328125 615.363754272461 455.348945617676 613.804390907288 687.935546875 567.265649557114 525.144443511963 591.785416603088 673.965026855469 513.223831176758 491.028358459473 480.626884460449 548.550189971924 622.100655078888 625.960990905762 539.605113983154 567.463941574097 480.169143676758 536.447978973389 570.540922164917 662.153053283691 793.00602722168 686.394660949707 667.792835235596 812.885032653809 554.756675720215 541.299667358398 698.105922698975 585.295043945312 808.176498413086 658.937848091125 648.160793304443 472.247016906738 590.49301815033 649.055229187012 575.33869934082 536.539360046387 567.35131072998 737.275314331055 659.682601928711 607.243070602417 548.263530731201 475.265014648438 457.093521118164 684.928009033203
449.330345153809 592.322635650635 574.381758451462 656.053604125977 694.473907470703 570.500320672989 694.435607910156 626.015357971191 449.298332214355 522.577526092529 416.409912109375 561.765976905823 652.547187805176 724.633331298828 601.848815917969 655.0712890625 469.725028991699 570.227519989014 502.196281433105 574.52733039856 543.465919494629 455.320465087891 567.880336761475 592.499455451965 548.221038818359 628.645526885986 681.120559692383 689.877265930176 670.403769493103 705.763633728027 591.46989440918 729.117515563965 600.88391494751 597.089286804199 749.243022918701 670.565454483032 708.07438659668 684.699768066406 773.941009521484 820.464172363281 676.165082931519 585.12424659729 625.394137382507 541.822456359863 469.12825012207 612.506515026093 682.885833740234 600.041816711426 566.420789718628 676.069061279297
590.624262809753 510.361701965332 562.694652557373 495.330371856689 606.381576538086 487.98592376709 668.943977355957 468.318534851074 564.702178001404 620.354431152344 490.917419433594 497.901969909668 690.659568786621 719.638458251953 580.483045578003 500.63920211792 528.055711746216 598.24852180481 473.229713439941 528.577278137207 608.646795272827 667.290451049805 436.542205810547 514.697944641113 541.261547088623 707.451637268066 616.711585044861 722.35066986084 619.646663665771 754.251846313477 617.12536239624 508.359130859375 713.538528442383 644.685024261475 641.741918563843 740.319885253906 758.832061767578 610.665670394897 723.708786010742 708.993354797363 791.201736450195 725.186460018158 628.797409057617 651.195858001709 616.0595703125 662.804691314697 761.59880065918 599.229032516479 576.98494720459 630.577598571777
494.456836700439 562.283089637756 629.379776000977 590.925304412842 411.195434570312 550.858316421509 465.439529418945 698.942321777344 596.878374099731 591.040325164795 506.266090393066 621.776607513428 509.226173400879 764.827621459961 757.343612670898 596.582439422607 543.349534988403 647.187805175781 486.792839050293 505.573928833008 538.064701080322 735.048828125 621.328105926514 710.399566650391 574.261302947998 730.993591308594 530.645107269287 599.844906330109 603.740320205688 538.618678092957 535.020469665527 704.180290222168 686.048736572266 687.453624725342 707.082084655762 653.103630065918 658.328758239746 730.832527160645 608.968742370605 549.46849822998 649.375726222992 585.916728973389 665.736362457275 934.143478393555 827.307205200195 582.030254364014 777.273834228516 621.021266460419 683.397348403931 636.238793373108
619.237869262695 468.87833404541 603.190402984619 428.391777038574 493.458393096924 489.231182098389 374.758316040039 521.522943496704 465.842597961426 574.82147026062 578.458717346191 579.221215248108 487.467445373535 683.734466552734 668.341812133789 597.772258758545 564.801857948303 566.875946044922 436.461471557617 510.921745300293 558.132837295532 594.167398452759 481.641235351562 637.762256622314 688.803298950195 598.052509307861 570.581951141357 517.269966125488 690.044784545898 577.91163444519 705.621078491211 701.275802612305 625.424755096436 637.283851623535 686.777254104614 620.092475891113 632.808708190918 702.440200805664 514.696876525879 621.505767822266 552.921234130859 596.154151916504 630.909669876099 821.583503723145 954.937286376953 635.446053504944 769.282241821289 602.959140777588 588.426429748535 612.180896759033
478.244018554688 545.283002853394 583.678817749023 693.844207763672 686.948394775391 524.659090042114 612.641002655029 697.218505859375 579.164304256439 680.80290222168 691.559692382812 521.189636230469 605.019142150879 715.864959716797 610.319145202637 528.686201095581 564.341534614563 472.626831054688 591.650104522705 470.712738037109 513.649375915527 691.735488891602 598.422676086426 537.111408233643 690.365425109863 579.404960632324 697.955200195312 633.910980224609 596.576214313507 697.38663482666 638.565441131592 742.877960205078 583.267421722412 627.71430015564 617.552923679352 609.776776313782 585.463714599609 529.916313171387 573.817852020264 641.703840255737 702.122230529785 760.196632385254 538.231140136719 672.314956665039 618.502317428589 639.878018379211 592.227550506592 668.084842681885 506.774337768555 374.305847167969
631.034530639648 748.716888427734 665.181594848633 644.427284240723 593.638362884521 634.160179138184 615.582973480225 680.610260009766 741.599723815918 724.667709350586 548.978807449341 669.999984741211 470.120483398438 532.534156799316 690.574783325195 597.625534057617 510.733684539795 589.009033203125 586.247997283936 501.340465545654 530.643699645996 783.328430175781 735.60725402832 563.056539535522 646.746368408203 676.883110046387 629.044466018677 467.535537719727 511.167762756348 536.322422027588 593.958764076233 697.575553894043 570.029579162598 590.825071334839 564.010173797607 574.013069152832 678.690216064453 486.203681945801 502.475883483887 584.951133728027 592.182582855225 792.651748657227 740.108413696289 702.938545227051 695.11759185791 729.258728027344 638.200817108154 430.836929321289 510.392059326172 567.472061157227
492.19149017334 503.855068206787 554.099484443665 464.193878173828 459.418663024902 469.758346557617 610.332176208496 573.341440200806 587.343647003174 574.910673141479 663.833862304688 764.950576782227 553.048201560974 462.801536560059 627.956050872803 561.822035551071 494.436904907227 547.819957733154 474.489349365234 525.441123962402 479.790672302246 634.241859436035 714.792236328125 583.060287833214 515.251224517822 638.866939544678 487.46817779541 541.768356323242 544.246601104736 481.591453552246 630.926996231079 467.264587402344 473.995269775391 554.683868408203 621.679252624512 545.950691223145 535.18293762207 571.174243927002 580.458072662354 464.811248779297 658.933513641357 584.484397888184 781.689712524414 711.435897827148 625.419797897339 663.937225341797 751.276016235352 680.911891937256 496.625099182129 565.360664367676
