simdem/realisation81.asc
NCOLS 350 
NROWS 171 
XLLCORNER 152620 
YLLCORNER 418050 
CELLSIZE 100 
NODATA_value -9999 
[rows 66 to 87 of 171, columns 150 to 199 of 350]
584.974716186523 717.534042358398 516.471717834473 553.440704673529 557.095530867577 575.719946861267 507.78751373291 543.921024799347 546.184604644775 644.488506317139 593.184282302856 546.58288192749 618.967361450195 668.08617401123 694.170761108398 461.619445800781 517.08549118042 513.805351257324 566.635062217712 626.56502532959 581.485515713692 445.982208251953 667.130821228027 529.343460083008 372.003402709961 571.364367961884 540.721633911133 469.54956817627 565.575170516968 602.551884651184 656.112018585205 575.471502304077 625.182735443115 668.061004638672 744.440338134766 749.833915710449 726.477241516113 523.627563476562 647.843044281006 572.391288757324 478.130981445312 574.153919219971 657.295562744141 641.71941947937 715.03914642334 562.690673828125 647.602151870728 735.564613342285 679.785202026367 641.013458251953
665.693786621094 680.453018188477 686.687286376953 481.20703125 478.636196136475 500.463455200195 557.490118980408 616.486976623535 496.617744445801 488.723442077637 662.58211517334 482.975189208984 583.305095672607 617.882797241211 435.102722167969 568.524049758911 653.401382446289 616.909435272217 386.370513916016 578.800659179688 540.450595855713 563.135908603668 640.397903442383 624.301368713379 481.492210388184 625.809963226318 558.213408470154 572.09579372406 554.428194046021 590.324998855591 694.799728393555 609.78634262085 702.571319580078 668.563941955566 703.516868591309 571.540603637695 583.87216758728 514.709892272949 662.228496551514 622.931467056274 573.558950424194 622.755704879761 608.651634216309 693.003349304199 747.518402099609 684.991157531738 693.058078765869 658.468609333038 709.618934631348 665.309202194214
661.548042297363 595.79080581665 470.259475708008 462.565269470215 543.511098384857 448.16968536377 542.686179161072 418.241928100586 535.857553005219 666.447063446045 604.820289611816 391.522842407227 414.895782470703 487.033638000488 524.409908294678 485.711265563965 571.092968940735 609.503902435303 500.912372589111 407.55126953125 517.154483795166 618.571443557739 615.868087768555 518.7082862854 584.099571228027 564.637331008911 468.699737548828 521.965957641602 497.367637634277 574.181415557861 748.036239624023 782.144897460938 582.185245513916 565.516227722168 634.501407623291 698.869773864746 648.791038513184 413.037124633789 569.348966598511 547.55500793457 556.729820251465 737.15251159668 779.348892211914 705.289745330811 627.008640289307 689.248603820801 779.406204223633 626.0767993927 602.234733581543 561.573986053467
532.866914749146 562.593010425568 507.792827606201 560.194000244141 463.461944580078 604.059177398682 576.336584091187 537.298265457153 548.973335266113 565.691795349121 529.541511535645 470.879280090332 527.838159561157 562.652174115181 646.097648620605 511.304306030273 548.361124277115 612.140644073486 627.436603546143 510.386001586914 582.245166778564 534.602069854736 673.318511962891 547.356019973755 551.491064071655 505.751403808594 448.114784240723 562.885348320007 577.913291454315 494.656967163086 598.52276802063 637.639894485474 606.542253494263 576.243562698364 514.437286376953 669.143424987793 523.597732543945 533.192443847656 588.836458683014 669.536354064941 542.994537353516 662.440769195557 719.232574462891 622.127338409424 675.013746261597 674.145195007324 691.302185058594 616.38312625885 543.997901916504 517.326377868652
551.590793609619 571.651880264282 463.651580810547 431.089065551758 428.938781738281 509.727416992188 498.876270294189 419.595695495605 484.839328765869 499.208415985107 645.60612487793 498.889312744141 564.865758895874 481.874923706055 498.905323028564 472.681838989258 550.740577697754 617.540431976318 565.649337768555 620.339038848877 559.420320510864 687.443199157715 576.191850543022 606.592345237732 633.637731552124 570.35120010376 547.737371444702 520.774948120117 539.733486175537 605.711175918579 565.277430534363 704.182899475098 636.933784484863 543.155883789062 465.261444091797 520.175117492676 552.612686157227 612.912685394287 505.63663482666 642.141918182373 580.183855056763 631.237495422363 648.055587768555 662.273284912109 640.19792509079 605.666603088379 717.506397247314 714.914043426514 504.305374145508 530.396415710449
572.96968460083 510.521114349365 472.020729064941 456.002128601074 565.683963775635 597.173881530762 610.240036010742 518.902591705322 352.142944335938 668.468994140625 616.371185302734 618.649696350098 581.177703857422 462.901611328125 550.217104911804 466.969123840332 564.215410232544 597.65717124939 556.533720016479 559.844488143921 642.099830627441 790.094573974609 535.072494506836 538.442337036133 586.657987594604 449.690124511719 562.430149078369 623.670936584473 716.681930541992 706.55493927002 740.680969238281 594.855511188507 695.558555603027 533.028091430664 651.422054290771 604.727228164673 850.834991455078 679.929656982422 591.757665634155 550.318199157715 492.96216583252 707.375045776367 701.691627502441 719.052696228027 646.770370483398 655.358261108398 644.487071037292 648.059051513672 643.206020355225 637.97452545166
534.788926124573 603.006401062012 582.843578338623 624.632919311523 625.314765930176 688.397064208984 648.439392089844 546.269994735718 602.548011779785 563.60346031189 624.363410949707 604.360221862793 500.451084136963 436.452926635742 545.195810317993 525.731842041016 521.340633392334 694.73445892334 517.740970611572 626.678329467773 766.410751342773 600.284930706024 520.577392578125 550.361503601074 762.874420166016 363.160202026367 642.241134643555 761.498474121094 661.043518066406 620.742153167725 784.080596923828 764.158966064453 657.369140625 669.557907104492 550.47932434082 579.274223327637 553.932548522949 485.726959228516 515.188049316406 554.577100753784 635.486707687378 525.186462402344 537.597229003906 613.04390335083 701.80126953125 739.249298095703 739.70125579834 605.914443969727 606.441219806671 606.996921539307
512.881759643555 597.692863464355 488.580013275146 398.917861938477 509.358829498291 559.043115139008 623.751777648926 613.216850280762 637.336013793945 701.099090576172 492.28581237793 567.506191253662 442.203964233398 426.329635620117 589.516479492188 525.548454284668 562.990545272827 496.198837280273 529.640991210938 641.651748657227 643.337108612061 584.199451446533 534.970542907715 531.701820373535 669.129745483398 469.812149047852 492.264091491699 582.744678497314 756.229125976562 710.344177246094 708.363990783691 659.891918182373 841.76628112793 689.703918457031 544.219535827637 548.600852966309 522.308891296387 466.146499633789 538.542766571045 558.074041366577 507.288452148438 532.355564117432 540.431499481201 642.391532897949 640.537616729736 710.643142700195 683.919418334961 684.367774963379 608.193461418152 701.263324737549
537.356103897095 552.21785736084 365.229721069336 386.268417358398 450.654876708984 426.465789794922 452.455123901367 537.09560585022 633.695205688477 637.009654998779 518.103610992432 471.659851074219 537.632734298706 614.543018341064 514.482662200928 584.785373210907 473.403335571289 534.166442871094 614.175010681152 671.797897338867 538.277305603027 566.849082946777 522.643455505371 584.119338989258 553.394187927246 400.991271972656 522.125854492188 688.672660827637 747.088439941406 730.550827026367 829.368408203125 784.156127929688 654.910606384277 629.542423248291 711.962242126465 538.236438751221 656.488006591797 451.000366210938 496.896102905273 530.504959106445 485.378837585449 456.078125 650.586711883545 630.761699676514 699.190780639648 687.333641052246 738.803527832031 564.332740783691 642.926322937012 633.900518417358
838.937864303589 543.44083404541 505.407524108887 418.869613647461 426.899871826172 529.564296722412 554.87668967247 615.381324768066 637.869636535645 716.56819152832 600.884582519531 659.014091491699 617.296699523926 588.785293102264 581.777720451355 528.031448364258 571.421981811523 517.354522705078 627.995046138763 543.924942016602 559.360214233398 532.82006072998 690.58501625061 730.57292175293 505.050140380859 391.470520019531 532.365119934082 599.488201379776 553.724998474121 690.221565246582 676.319915771484 608.829702377319 591.66047000885 837.618560791016 696.726089477539 548.854270935059 584.932469367981 559.170558929443 574.95907497406 498.536247253418 621.223426818848 439.051254272461 545.316539764404 777.618270874023 776.412826538086 727.514808654785 632.984958648682 588.769298136234 723.663215637207 574.144840240479
784.036323547363 593.067749023438 701.019729614258 850.652847290039 458.664291381836 576.876000404358 700.583122253418 615.019973754883 570.651817321777 561.170259475708 449.318145751953 593.399354934692 571.209746837616 595.785650014877 588.087580680847 552.430309295654 592.547920227051 590.78392791748 589.898229598999 643.457851409912 645.676198959351 541.089393615723 568.448616027832 641.862016677856 700.434860229492 474.88362121582 372.804244995117 614.443127632141 753.985504150391 602.068085260689 625.511995315552 584.771633625031 571.215467453003 592.469153404236 510.29337310791 687.953025817871 721.294319152832 655.743637084961 627.430194854736 652.812370300293 796.722541809082 724.286026000977 636.223667144775 630.900482177734 634.023673534393 596.894092082977 651.986629486084 493.522590637207 701.033065795898 558.992977142334
720.774673461914 459.883796691895 675.282203674316 575.181262969971 511.254203796387 689.819030761719 455.31379699707 439.753570556641 538.846908569336 531.787395477295 659.856620788574 658.95043182373 504.073417663574 485.651260375977 626.912197113037 564.208679199219 524.843467712402 589.872764587402 582.919479370117 641.079864501953 758.539688110352 702.5876121521 676.00461769104 785.356964111328 840.959972381592 696.57878112793 481.544174194336 640.544711112976 594.972906112671 516.67024230957 586.319223403931 593.890665054321 571.570030212402 531.746112823486 514.725570678711 628.301116943359 656.750862121582 672.541858673096 672.688854217529 793.30729675293 529.191680908203 565.760572433472 722.268089294434 622.101139068604 532.13053894043 583.618704319 421.877426147461 485.471969604492 628.671491622925 488.768974304199
582.397651672363 549.75500869751 482.338982582092 673.12931060791 678.231558322906 525.778999328613 499.54761505127 591.429953098297 707.14347076416 577.436847686768 449.417266845703 634.751529693604 500.548728942871 561.681602478027 672.868408203125 546.344215393066 502.041717529297 595.598770141602 607.423099517822 706.414988517761 647.941232681274 613.40018415451 741.23583984375 733.978500366211 604.771812438965 622.079944610596 533.024703979492 577.071718215942 606.676710128784 739.648239135742 631.771114349365 706.276962280273 641.891201019287 608.320565223694 619.264667153358 614.23844909668 637.292007446289 666.623062133789 774.869003295898 601.83055305481 628.879303693771 496.846527099609 601.326843261719 598.60791015625 672.78784942627 454.869094848633 651.668983459473 568.005428314209 610.873254776001 565.529392242432
749.645172119141 427.25640296936 541.213008880615 626.641025543213 687.971008300781 555.24800491333 572.576202392578 528.219741821289 600.954856872559 596.306491851807 551.412551879883 524.51148223877 400.265350341797 455.942932128906 781.530586242676 626.352529525757 602.33850479126 701.014024079777 666.669068336487 588.45715713501 701.164661407471 663.616279602051 654.570541381836 683.507781982422 601.216452598572 677.529281616211 614.250556945801 625.257246017456 619.229629516602 645.460832834244 597.164264678955 689.901136398315 759.966453552246 578.358901977539 595.76381111145 595.631272315979 621.615921020508 700.135810852051 643.019599914551 580.443739891052 635.654773712158 647.644758224487 584.980932235718 686.902446746826 611.072017669678 567.065822601318 617.042351305485 611.478574752808 509.61368560791 596.337795257568
684.066741943359 483.2900390625 502.548528671265 787.911756515503 613.248081207275 503.900802612305 586.842509746552 430.891387939453 721.923057556152 696.155368804932 559.379783630371 612.929477214813 585.346157073975 753.037353515625 846.837608337402 560.018974304199 616.506214141846 688.378929138184 511.232788085938 624.093166351318 676.381976604462 591.233966827393 597.127183914185 592.189281463623 484.17212677002 590.415180206299 774.546569824219 771.406890869141 856.011795043945 638.59251832962 604.259963989258 503.69953918457 578.608562469482 664.661884307861 583.591144561768 590.846715927124 615.129836082458 703.835762023926 674.070671081543 611.224639892578 569.208517074585 628.106889724731 551.161548614502 610.999705314636 452.015518188477 676.782348632812 520.111114501953 517.325828552246 421.450256347656 532.038124084473
780.050666809082 790.355392456055 679.276382446289 1025.69666290283 600.492828369141 737.129734039307 591.856653213501 430.892974853516 626.944848060608 661.973872184753 738.501773834229 980.388888239861 584.369812011719 762.057327270508 648.13493347168 609.047943115234 692.82140827179 897.478202819824 735.73299407959 581.377128601074 792.106918334961 618.517195701599 516.732887268066 523.467782974243 653.108102798462 649.828418731689 650.236630916595 686.996598243713 686.42977142334 589.92130279541 597.579700469971 674.076843261719 683.147525787354 533.26171875 586.818851470947 785.441108703613 524.824317932129 658.096271514893 657.37797164917 533.680656433105 621.25775718689 604.999981880188 492.715202331543 686.918815612793 427.126968383789 545.434242248535 533.413543701172 560.736305236816 489.486480712891 578.724533081055
626.227094650269 575.667926728725 733.875030517578 863.608108520508 834.433380126953 708.123935699463 654.350105285645 785.906017303467 647.288871765137 1033.6712436676 552.819179534912 469.718528747559 595.664055585861 368.991149902344 451.144058227539 522.279979705811 719.441780090332 782.666946411133 971.239227294922 684.999405860901 797.550399780273 742.370666503906 530.53092956543 721.150245666504 628.960055828094 670.958736419678 672.936937332153 762.798843383789 694.627948760986 536.432197570801 505.025238037109 475.274490356445 479.066101074219 533.696487426758 598.507820129395 582.571231842041 581.266384124756 727.220760345459 635.078197479248 657.150959014893 680.762496948242 615.718807697296 628.947946548462 589.658390045166 570.423858642578 608.066520690918 576.334815979004 586.11060333252 554.120330810547 753.12523651123
659.777488708496 555.412441253662 588.388324737549 479.680786132812 749.303436279297 775.078559875488 667.472930908203 863.059906005859 551.079093933105 916.930601119995 411.292617797852 405.870956420898 482.210604667664 532.067516326904 398.583953857422 518.05863571167 683.066162109375 809.437088012695 849.23161315918 979.225381851196 666.750022888184 618.431007385254 511.243995666504 471.894149780273 708.599689483643 586.890090942383 590.987686157227 610.059158325195 684.163125991821 473.521286010742 497.637260437012 580.507335662842 535.931015014648 758.670043945312 697.817092895508 624.719554185867 548.220191955566 668.483589172363 677.131019592285 656.577255249023 643.407783508301 657.779861450195 546.413726806641 448.648452758789 690.176574707031 662.149412631989 502.697937011719 512.718811035156 660.595681190491 648.386131286621
610.506459474564 561.927326202393 420.48006439209 392.08708190918 536.0078125 729.607666015625 511.750881195068 723.36828994751 697.169715881348 641.151092529297 570.898143768311 368.418746948242 615.721630096436 590.6930809021 516.600318908691 599.942443847656 613.902503967285 611.890342712402 628.299999237061 954.683335781097 805.416389465332 642.984558105469 843.850637435913 711.240989685059 622.080783843994 533.945526123047 539.714859008789 597.159194946289 653.173583984375 566.26000213623 415.370681762695 515.217811584473 598.824645996094 729.648986816406 737.621597290039 585.82067489624 619.128885030746 720.228141784668 676.443813323975 583.070093154907 666.921380996704 546.834838867188 567.157775878906 607.724967956543 561.127670288086 573.813766479492 640.518039703369 681.660207867622 564.079597473145 658.801740646362
478.069934844971 712.103820800781 653.95813369751 686.023208618164 706.407577514648 746.018524169922 494.956930160522 706.321830749512 939.610290527344 776.767959594727 586.33283996582 599.955627441406 617.500564575195 656.214233398438 494.071762084961 676.048274993896 630.855486392975 478.536331176758 678.393844604492 1002.73115539551 681.863357543945 532.656337738037 764.412841796875 595.941034317017 920.608177185059 548.687286376953 663.030102074146 598.155364990234 526.576293945312 382.60075378418 540.629021644592 585.911594390869 659.310939788818 738.918182373047 760.253814697266 696.290622711182 660.460750579834 627.692016601562 646.260150909424 617.47324681282 683.135070800781 628.884218215942 647.766291618347 570.99382019043 544.86735534668 561.478538513184 825.043212890625 662.961245536804 747.173690795898 748.882591247559
474.419506072998 741.342498779297 782.3869972229 841.153121948242 -9999 -9999 -9999 -9999 -9999 -9999 -9999 -9999 -9999 -9999 -9999 621.62043762207 542.862991333008 687.902477264404 673.149047851562 707.541961669922 702.342323303223 629.597997665405 540.898658752441 531.687705993652 701.568337440491 566.308288574219 862.93620300293 682.875992774963 517.560279846191 879.918838500977 465.890846252441 679.634208679199 759.103172302246 639.348239898682 593.619800567627 664.350727081299 669.651405334473 590.934665679932 597.072948455811 570.270790100098 674.362802505493 521.088684082031 677.094463348389 719.100315093994 686.792413711548 793.2216796875 691.055808067322 653.830762863159 890.37174987793 731.543830871582
-9999 -9999 -9999 -9999 -9999 -9999 -9999 -9999 -9999 -9999 -9999 -9999 -9999 -9999 -9999 -9999 -9999 -9999 620.962913513184 824.843338012695 959.233276367188 705.486957550049 581.240219116211 631.327024459839 502.747764587402 505.290609359741 704.644081115723 720.858779907227 586.297973632812 548.756778717041 526.872493743896 1183.48181152344 716.130226135254 746.522666931152 716.42692565918 705.283294677734 708.811721801758 588.886741638184 536.337951660156 591.308486938477 577.208366394043 645.385383605957 670.578943252563 569.949485778809 657.943061828613 657.8044257164 748.558073043823 665.642285346985 724.367527008057 592.337821960449
