simdem/realisation63.asc
NCOLS 350 
NROWS 171 
XLLCORNER 152620 
YLLCORNER 418050 
CELLSIZE 100 
NODATA_value -9999 
[rows 0 to 21 of 171, columns 200 to 249 of 350]
-9999 -9999 -9999 -9999 -9999 -9999 -9999 -9999 -9999 -9999 -9999 -9999 -9999 -9999 -9999 -9999 -9999 -9999 -9999 -9999 -9999 -9999 -9999 -9999 -9999 -9999 -9999 -9999 -9999 -9999 -9999 -9999 -9999 -9999 -9999 -9999 -9999 -9999 -9999 -9999 -9999 -9999 -9999 -9999 -9999 -9999 -9999 -9999 -9999 -9999
-9999 -9999 -9999 -9999 -9999 -9999 -9999 -9999 -9999 -9999 -9999 -9999 -9999 -9999 -9999 -9999 -9999 -9999 -9999 -9999 -9999 -9999 -9999 -9999 -9999 -9999 -9999 -9999 -9999 -9999 -9999 -9999 -9999 -9999 -9999 -9999 -9999 -9999 -9999 -9999 -9999 -9999 -9999 -9999 -9999 -9999 -9999 -9999 -9999 -9999
-9999 -9999 -9999 -9999 -9999 -9999 -9999 -9999 -9999 -9999 -9999 -9999 -9999 -9999 -9999 -9999 -9999 -9999 -9999 -9999 -9999 -9999 -9999 -9999 -9999 -9999 -9999 -9999 -9999 -9999 -9999 -9999 -9999 -9999 -9999 -9999 -9999 -9999 -9999 -9999 -9999 -9999 -9999 -9999 -9999 -9999 -9999 -9999 -9999 -9999
-9999 -9999 -9999 -9999 -9999 -9999 -9999 -9999 -9999 -9999 -9999 -9999 -9999 -9999 -9999 -9999 -9999 -9999 -9999 -9999 -9999 -9999 -9999 -9999 -9999 -9999 -9999 -9999 -9999 -9999 -9999 -9999 -9999 -9999 -9999 -9999 -9999 -9999 -9999 -9999 -9999 -9999 -9999 -9999 -9999 -9999 -9999 -9999 -9999 -9999
-9999 -9999 -9999 -9999 -9999 -9999 -9999 -9999 -9999 -9999 -9999 -9999 -9999 -9999 -9999 -9999 -9999 -9999 -9999 -9999 -9999 -9999 -9999 -9999 -9999 -9999 -9999 -9999 -9999 -9999 -9999 -9999 -9999 -9999 -9999 -9999 -9999 -9999 -9999 -9999 -9999 -9999 -9999 -9999 -9999 -9999 -9999 -9999 -9999 -9999
340.518325805664 464.590759277344 521.748096466064 651.923408508301 875.494506835938 -9999 -9999 -9999 -9999 -9999 -9999 -9999 -9999 -9999 -9999 -9999 -9999 -9999 -9999 -9999 -9999 -9999 -9999 -9999 -9999 -9999 -9999 -9999 -9999 -9999 -9999 -9999 -9999 -9999 -9999 -9999 -9999 -9999 -9999 -9999 -9999 -9999 -9999 -9999 -9999 -9999 -9999 -9999 -9999 -9999
388.775764465332 347.634460449219 344.938415527344 416.46622467041 726.285293579102 683.753265380859 529.859016418457 753.064468383789 824.507507324219 453.02840423584 -9999 -9999 -9999 -9999 -9999 -9999 -9999 -9999 -9999 -9999 -9999 -9999 -9999 -9999 -9999 -9999 -9999 -9999 -9999 -9999 -9999 -9999 -9999 -9999 -9999 -9999 -9999 -9999 -9999 -9999 -9999 -9999 -9999 -9999 -9999 -9999 -9999 -9999 -9999 -9999
731.086700439453 322.528106689453 426.435611724854 255.289581298828 605.59090423584 674.961837768555 493.61279296875 552.788352966309 615.639572143555 491.377910614014 391.171951293945 478.665151596069 450.018539428711 573.067836761475 705.04515838623 866.643829345703 741.603134155273 461.979713439941 729.005035400391 829.669509887695 998.865661621094 999.29647064209 882.738136291504 964.372367858887 964.271823883057 934.428081035614 923.479088664055 994.561889648438 966.23450422287 883.051811218262 878.547443389893 1002.02558898926 834.436965942383 819.549198150635 948.213592529297 741.45938873291 1001.91926574707 1017.69073486328 853.609413146973 -9999 -9999 -9999 -9999 -9999 -9999 -9999 -9999 -9999 -9999 -9999
808.486618041992 928.663871765137 685.268196105957 553.11067199707 862.736450195312 830.026596069336 1005.79703521729 580.725784301758 393.651470184326 444.69673538208 295.158493041992 407.652862548828 381.89771270752 422.863983154297 598.882247924805 611.323822021484 520.658653259277 451.230147361755 780.041507720947 884.39404296875 841.104429244995 870.548862457275 819.699836730957 811.576327323914 865.872406005859 777.88196182251 754.901657104492 687.917556762695 753.329895019531 861.252387523651 857.341213226318 835.374885559082 721.165988922119 781.311798095703 809.058418273926 800.439910888672 1053.74132537842 1134.87997817993 836.961856842041 709.020044326782 631.589401245117 1063.32298278809 1224.78343200684 1040.43778991699 776.513219833374 -9999 -9999 -9999 -9999 -9999
894.721534729004 997.535489082336 877.40145111084 701.276462554932 889.054626464844 883.579513549805 954.648956298828 980.510719299316 792.418235778809 647.930244445801 561.652450561523 653.563705444336 430.641803741455 476.219073295593 449.979385375977 459.657056093216 468.205560207367 497.929809570312 936.616600036621 1003.73550415039 959.921432495117 887.556526184082 854.445140838623 782.983735084534 805.141297101974 718.314758300781 608.687164306641 779.26770401001 826.704235076904 831.790214538574 785.922962188721 905.586006164551 675.371961593628 877.6982421875 854.60319519043 856.06086730957 1159.19524383545 1062.41828918457 413.649139404297 672.973457336426 722.710311889648 983.171592712402 940.784736633301 892.964761734009 849.914779663086 1345.8097114563 782.300951957703 -9999 -9999 -9999
899.755111694336 765.545930862427 965.501190185547 1120.89674758911 1092.7826051712 1079.79206848145 1190.14161300659 1205.32929992676 877.545692443848 824.668907165527 677.733123779297 671.024219512939 675.991012573242 309.853454589844 420.895919799805 590.352600097656 723.983661651611 904.470123291016 935.757957458496 1051.43961334229 975.189083099365 1280.97227478027 760.325527191162 726.055633544922 703.392822265625 739.300270080566 620.600067138672 713.541397094727 713.112525939941 840.24684047699 820.042991638184 760.791015684605 680.811542034149 939.304168701172 840.456848144531 591.076780319214 624.262517929077 900.786567687988 809.569625854492 638.611316680908 716.052049636841 858.88166809082 790.78514289856 844.024211883545 708.128688812256 1148.55558013916 815.356071472168 1219.84336853027 720.190780639648 -9999
890.950608730316 918.868942260742 839.32341003418 1034.92087364197 1033.84475874901 1136.00387477875 1284.67430114746 1153.8059425354 959.29566192627 839.838677406311 842.240728378296 821.872707843781 658.863012313843 633.199190139771 408.859161376953 581.966033935547 798.360592842102 867.335430145264 932.959632873535 1054.19257354736 1019.58541870117 1036.20721435547 612.369583129883 560.510650634766 807.179958343506 783.069265365601 697.830772399902 714.444313049316 681.36190032959 730.936111450195 595.994277954102 628.68896484375 681.769401550293 740.222175598145 608.296653747559 581.384721755981 694.132545471191 864.514274597168 779.714935302734 974.974052429199 565.602005004883 694.049388885498 685.430755615234 942.514373779297 712.795822143555 789.821668624878 792.359754562378 1231.76449584961 700.196365356445 777.410888671875
908.503898620605 897.409501552582 957.870208740234 846.93074709177 692.998027324677 839.926181793213 822.239212036133 594.567687988281 979.383052825928 740.857055664062 766.372074127197 827.793600082397 750.293087005615 723.166751861572 754.638694763184 878.943511962891 936.803188323975 988.509788513184 856.180763244629 1104.89628601074 1216.47369384766 1253.02572631836 706.874816894531 679.046264648438 783.625099182129 836.941436767578 837.947700500488 844.671073913574 734.853652954102 758.267349243164 806.749710083008 611.735397338867 767.261972427368 719.129753112793 864.522323608398 887.635589599609 664.465557098389 1070.76387786865 981.041061401367 936.580975532532 656.021056652069 540.878646850586 626.167301177979 1054.59766387939 971.285181045532 903.488594055176 995.677185058594 862.723175048828 721.57825088501 671.656585693359
643.255609512329 822.302307128906 699.554986953735 658.453370094299 653.4117603302 505.01887512207 625.998653411865 695.512413024902 983.493522644043 618.682022094727 695.194595336914 828.795837402344 758.678142547607 884.000108718872 833.963769435883 1334.0517578125 955.37671661377 857.606016159058 945.53731918335 1308.5763156414 1105.89616394043 1518.1340637207 909.834160804749 521.320999145508 589.474700927734 660.934371948242 722.293266296387 705.020111083984 876.517776489258 789.986938476562 738.760635375977 851.21216583252 783.485397338867 929.282051086426 885.408203125 870.5009765625 1102.40348815918 1081.81580352783 946.621688842773 874.606224060059 646.520751953125 714.082263946533 546.078018188477 983.179237365723 994.230995178223 1047.85542297363 1125.09147644043 851.486167907715 719.439273834229 959.75146484375
755.382270812988 662.83207988739 652.88484954834 642.790191650391 689.367515563965 723.746490478516 620.453601837158 814.39395904541 516.239959716797 553.153457641602 857.50074005127 807.516860961914 1289.24497413635 621.997894287109 748.401992797852 764.513505935669 772.177722930908 898.790191650391 810.251085281372 1338.34785461426 863.303207397461 861.438903808594 786.113750457764 1058.95111846924 663.440299987793 658.11580657959 738.143188476562 813.98828125 668.90022277832 744.311820983887 855.308670043945 1025.98271942139 975.098854064941 918.987998962402 942.379402160645 952.115097045898 1066.5901184082 906.625417709351 992.749422073364 921.218662261963 810.790878295898 891.930130004883 1079.40007019043 1097.03726196289 921.269371032715 949.07738494873 1137.14720153809 1082.31055450439 852.580619812012 1048.26029205322
608.972946166992 579.703353881836 628.270782470703 820.44359588623 883.010887145996 830.176300048828 808.686988830566 600.963912963867 416.476104736328 493.938812255859 619.972206115723 510.262344360352 754.341651916504 763.713752746582 739.477809906006 693.048683166504 745.088455200195 764.639928817749 766.382667541504 799.587956428528 844.025955200195 856.607315063477 894.132263183594 775.590486526489 737.387901306152 799.097368240356 810.324058532715 857.016904830933 747.074779510498 834.094844818115 906.177066802979 1071.65590667725 859.239631652832 768.78157043457 808.775661468506 862.459336280823 979.138065338135 947.306119918823 841.175807952881 996.147281646729 831.209274291992 805.606971740723 1108.59906005859 1015.58416366577 1072.9986371994 1227.26582336426 1112.22644805908 925.242122650146 1033.84196472168 1069.96519470215
775.240867614746 641.103096008301 553.545669555664 750.477081298828 884.48014831543 723.67741394043 634.45890045166 696.211421966553 528.810989379883 733.21492767334 1022.4487953186 979.560595035553 701.017707824707 632.012969970703 737.225551605225 629.880760192871 704.473892211914 784.095994949341 653.758781433105 835.175079345703 912.595306396484 847.127655029297 773.047804355621 635.786506652832 663.411338806152 673.832382202148 761.638484954834 1352.37887191772 899.070392608643 1054.25532531738 913.771564483643 992.324394226074 792.933486938477 718.816223144531 840.835224151611 979.744384765625 736.39453125 778.380363464355 772.163528442383 847.500022888184 819.740951538086 866.053005218506 1013.0361289978 802.888809204102 1023.32350921631 1050.16968154907 1200.25131225586 1094.705078125 1141.38465881348 1030.90048217773
535.816337585449 570.4853515625 1238.77591705322 710.340870857239 661.244310379028 747.231258392334 700.858624458313 753.569046020508 819.435104370117 777.174480438232 846.056834220886 661.623046875 611.83275604248 750.634918212891 757.110825538635 768.283143997192 836.455894470215 804.56697845459 704.772833824158 817.135192871094 928.019515991211 820.224140644073 671.688697814941 659.992420196533 555.411720275879 556.312171936035 625.19295501709 767.178974151611 682.034339904785 832.246486186981 898.569488525391 748.444610595703 587.814270019531 1114.33792114258 684.390426635742 728.415588378906 601.052215576172 583.796081542969 785.070976257324 740.981971740723 868.923034667969 824.596282958984 812.587846755981 784.979625701904 901.524669647217 1150.92755126953 925.619430541992 1082.57118225098 1004.69511413574 1010.14986419678
860.251525878906 579.59188079834 1447.37059783936 1169.71534216404 629.944923400879 973.812454223633 627.696266174316 600.582092285156 1183.97657775879 827.133590698242 719.753894805908 550.570762634277 591.152961730957 622.676292419434 766.517642974854 725.849437713623 873.78466796875 781.709259033203 674.260391235352 715.740268707275 858.395614624023 755.19116973877 648.32691192627 841.9912109375 637.620006561279 565.800048828125 665.124504089355 856.709274291992 754.747039794922 737.690880775452 663.185882568359 706.855514526367 676.695919036865 657.642631530762 639.332366943359 1170.47500610352 491.928344726562 670.620742797852 724.558731079102 856.997745513916 930.639991760254 856.497749328613 856.035308837891 760.67244720459 829.330951690674 843.937240600586 985.53800201416 926.370858103037 909.005641937256 1059.56538295746
656.658718109131 722.226568222046 728.540596008301 619.956420898438 1083.09213256836 1484.51086425781 907.381338357925 637.499778747559 714.734432220459 612.09326171875 623.178688049316 606.508995056152 491.547012329102 639.181480407715 724.558442115784 711.983516693115 568.375930786133 649.859489440918 637.376514434814 752.82861328125 868.064910888672 648.02187538147 814.764083862305 679.30086517334 712.654891967773 669.430252075195 610.159362792969 646.117240905762 773.102115631104 573.518585205078 687.116859436035 778.913805007935 679.661880493164 609.709922790527 520.350158691406 543.697387695312 635.028785705566 1044.79731750488 678.466590881348 770.510492324829 854.465606689453 742.81251335144 756.05005645752 813.587493896484 816.836736679077 809.817840218544 932.64333820343 756.329818725586 849.040107727051 910.458553314209
802.971603393555 777.373428344727 714.195217132568 675.346771240234 603.292823791504 688.40467351675 876.07389831543 623.401077270508 719.672143936157 676.901336193085 654.341123580933 715.493785858154 644.281704902649 882.383850097656 816.421424865723 880.753601074219 662.225364685059 648.861068725586 590.11644744873 739.473793029785 709.623580932617 595.147331237793 714.573442459106 723.666481018066 741.935348510742 647.481391906738 585.687713623047 689.173562049866 692.302421569824 622.804237365723 662.548904418945 601.624404907227 821.881629943848 729.961708068848 799.403011322021 746.187942504883 778.332272529602 701.134124755859 662.695030212402 1067.24431610107 1293.49321842194 718.823528289795 703.685432434082 635.363906860352 813.202220916748 1045.93626403809 866.651809692383 1069.65096664429 1168.24868392944 970.443283081055
691.602931976318 796.187477111816 719.201668739319 565.659965515137 747.898132324219 771.041374206543 756.873134613037 756.79899597168 765.242534637451 780.139251708984 757.995429992676 780.921394348145 633.305549621582 702.340766906738 781.619186401367 683.618297576904 676.316061019897 573.601768493652 662.124382019043 752.380935668945 748.874586105347 557.672668457031 585.093017578125 622.5686378479 684.272822380066 654.91259765625 717.932628631592 716.049858093262 700.080936431885 504.896697998047 693.393695831299 618.495101928711 697.582439422607 770.132266998291 687.095691680908 737.607739448547 692.499732971191 829.519721984863 755.306577682495 677.896659851074 691.793258666992 735.672885894775 726.124904632568 899.546970367432 943.920471191406 922.110153198242 977.749328613281 986.358085632324 1017.04023742676 880.77586555481
