simdem/realisation50.asc
NCOLS 350 
NROWS 171 
XLLCORNER 152620 
YLLCORNER 418050 
CELLSIZE 100 
NODATA_value -9999 
[rows 44 to 65 of 171, columns 150 to 199 of 350]
503.979458808899 560.835721969604 567.98655128479 627.699584960938 478.388732910156 377.918121337891 458.141014099121 387.403686523438 682.59415435791 732.500274658203 507.127342224121 493.803756713867 627.697616577148 647.879951477051 684.749130249023 587.462478637695 656.58570098877 546.362724304199 460.45987701416 609.371780395508 517.230410456657 597.92183303833 591.598640441895 620.456707000732 516.190084457397 652.615203857422 507.753635406494 477.075622558594 576.904985427856 631.330032348633 677.521635055542 683.385065078735 863.015151977539 805.002090454102 618.942779541016 593.425727844238 803.408706665039 649.817169189453 522.74528503418 424.843017578125 624.158531188965 674.970565795898 619.484714508057 811.170463562012 903.525436401367 654.898124694824 591.573303222656 753.183513641357 1122.06051635742 1097.28845214844
507.557331085205 421.250343322754 501.035003662109 633.660690307617 540.49861907959 303.630554199219 531.394316673279 560.534111499786 493.613822937012 558.253469467163 616.377998352051 642.987411499023 707.613739013672 702.329025268555 704.497116088867 625.665077209473 526.310201644897 527.200878143311 537.361431121826 458.502975463867 525.725828647614 452.393989562988 428.228042602539 427.850219726562 408.436264038086 651.360221862793 540.898868560791 506.079666137695 555.493898391724 608.264651298523 693.206886291504 677.065307617188 659.366584777832 835.607231140137 638.913017272949 548.101593017578 574.084915161133 489.13996887207 495.865859985352 629.885829925537 672.13508605957 705.691711425781 714.57551574707 612.214149475098 693.699150085449 443.944641113281 666.196868896484 577.858036756516 593.644309997559 867.602394104004
592.44409942627 578.772323608398 586.36820602417 418.51399230957 390.447059631348 524.170447349548 546.601482391357 462.118789672852 377.069778442383 490.658576965332 552.676574707031 645.468048095703 712.870361328125 682.940841674805 852.130218505859 721.97492980957 531.016486167908 675.954864501953 514.944894790649 560.191446304321 609.730361938477 504.421482086182 475.985092163086 438.902061462402 548.926796317101 545.264321327209 581.336582183838 641.159957885742 597.28210067749 560.186964035034 452.057800292969 576.933368682861 711.303314208984 676.63321685791 600.972509384155 616.429481506348 556.164112091064 599.593336105347 634.388404846191 592.100227355957 678.824981689453 609.305774688721 627.784523010254 579.550073623657 594.898147583008 630.908212661743 604.127682685852 585.030026681721 664.937461853027 661.93896484375
612.159744262695 436.502861022949 561.290496826172 455.072683334351 510.488748550415 466.369720458984 487.054918289185 610.818687438965 520.212812423706 545.440594553947 523.676620483398 652.69953918457 588.28870010376 655.070182800293 798.381561279297 618.648681640625 649.699897766113 766.736770629883 519.329732894897 654.765716552734 523.944076538086 556.222418785095 563.479285240173 448.238754272461 484.646171569824 435.216758728027 644.96947479248 551.147079467773 638.939025878906 422.093551635742 373.084915161133 495.89794921875 532.582695007324 659.966400146484 525.774585723877 410.946151733398 557.205568313599 634.568766593933 622.007402420044 697.127716064453 665.429481506348 650.647933959961 662.530471801758 746.219055175781 539.399520874023 504.879867553711 526.296928405762 595.307018280029 574.002386569977 613.023262023926
537.064608573914 507.476135253906 558.167186737061 605.455596923828 562.999248504639 577.002681732178 600.44144821167 428.491333007812 523.962324142456 570.9037733078 651.204582214355 484.341194152832 586.836719989777 649.211124420166 815.343185424805 771.824714660645 702.133674621582 688.761589050293 563.708860397339 631.662071228027 505.038986206055 478.374969482422 558.790871620178 498.622413635254 532.631412506104 617.314163208008 474.103096008301 537.283983230591 656.084831237793 626.167816162109 477.970134735107 525.012935876846 467.078453063965 612.745769500732 598.951930999756 485.72066116333 523.505695343018 619.632232666016 565.384283065796 670.17463684082 705.110870361328 526.117656707764 660.591773986816 641.188159942627 561.540190458298 661.999046325684 575.964012145996 686.10865020752 659.323516845703 628.45531463623
588.713283538818 611.873069763184 655.265899658203 412.231285095215 558.682247161865 585.230751037598 595.921203613281 604.982414245605 643.10173034668 688.550384521484 662.09489440918 614.435104370117 538.926376342773 586.409311294556 604.319948196411 713.343927383423 670.970136642456 667.068933010101 656.175109863281 530.071220397949 528.525245666504 499.509391784668 607.98090171814 547.181297302246 694.568801879883 508.531806945801 574.836805820465 654.709541320801 655.204490661621 589.114767074585 686.317199707031 454.280914306641 568.333326339722 564.535526275635 630.40185546875 528.537791252136 498.202200889587 516.557880401611 599.148628234863 588.649681091309 502.176342010498 540.340515136719 630.784530639648 647.642715454102 651.392372131348 739.231811523438 667.208057403564 730.049346923828 645.614189147949 528.1428565979
556.416210174561 660.545059204102 655.217506408691 553.105255126953 450.053527832031 516.977373123169 652.949073791504 675.95263671875 606.269054412842 676.573356628418 600.851837158203 572.818474769592 443.59016418457 564.938181877136 562.886976242065 651.308464050293 739.972183227539 658.921569824219 640.157638549805 558.49271774292 638.082609176636 584.604163169861 619.374893188477 637.5813331604 733.455139160156 488.305923461914 707.442138671875 633.788932800293 639.637054443359 493.754943847656 461.892311096191 538.619339942932 607.081817626953 529.685348510742 606.176216125488 417.892990112305 581.068147659302 576.626327514648 538.510775089264 530.819072723389 506.66096496582 665.918266296387 561.787621498108 615.856880187988 553.986738204956 599.827728271484 696.718933105469 614.663005828857 564.824081420898 403.713973999023
596.877548217773 802.443878173828 732.891235351562 515.774614334106 491.932094573975 607.894107818604 659.128326416016 735.724517822266 610.116020202637 710.788467407227 609.019912719727 657.227668762207 600.467840194702 623.60612487793 662.39818572998 636.855663299561 547.291316390038 605.900730133057 674.042957305908 790.771507263184 495.278526306152 508.346641540527 585.293575286865 758.111068725586 532.511291503906 689.373836517334 778.911819458008 615.965579912066 609.089702606201 562.038613319397 541.88459777832 605.829986572266 625.860450744629 526.858451843262 544.326339960098 599.824405670166 606.15616607666 612.330322265625 577.928875923157 535.461540222168 661.492622375488 565.819463729858 488.234794616699 557.912511825562 602.761804580688 584.37696647644 552.583984375 521.605415344238 480.620452880859 664.465972900391
456.740428924561 511.960332632065 597.36852645874 630.32536315918 570.714862823486 484.18790435791 529.94799041748 594.528053283691 433.859733581543 590.290130615234 682.618698120117 603.379936218262 618.044708251953 628.025119781494 595.545392990112 724.268867492676 598.959968566895 614.036474227905 568.261631011963 660.708377838135 745.034080505371 516.840202331543 619.153881072998 480.092041015625 378.188949584961 606.597076416016 707.175804138184 670.074841499329 650.330383300781 663.54630279541 581.597896575928 524.551477432251 549.870031356812 672.463958740234 455.557739257812 612.631267547607 619.132110595703 540.334491729736 502.70329284668 599.54887008667 720.673553466797 710.760192871094 537.288465499878 498.376388549805 466.239456176758 491.099395751953 579.389277458191 568.086450576782 616.023250579834 579.998851299286
469.53343963623 514.900663375854 581.096305847168 644.72322845459 663.846618652344 481.436656951904 622.421600341797 752.908065795898 671.312698364258 695.428863525391 668.126251220703 577.805276870728 507.741371154785 607.231670379639 611.467880249023 575.438779830933 623.956119537354 579.297803401947 543.072494506836 556.119346618652 619.881536483765 550.094657897949 523.820137023926 571.737125396729 627.317306518555 595.967750549316 707.713249206543 536.861885070801 597.869128227234 687.614135742188 509.2451171875 399.326644897461 631.260116577148 638.589958190918 556.599078178406 462.002655029297 630.752368927002 615.932956695557 542.273773193359 508.649654388428 645.131561279297 717.588714599609 553.159582138062 584.646461009979 497.469062805176 593.085302352905 618.571727752686 560.425495147705 570.86004447937 462.146751403809
486.775871276855 588.466865539551 653.003875732422 511.366621017456 700.358383178711 541.453622817993 588.385898590088 655.914199829102 668.886497497559 572.317113876343 551.060549736023 506.273532867432 543.911399841309 515.481552124023 577.069684028625 705.208366394043 642.461059570312 616.765895843506 577.282042503357 641.312393188477 598.13952717185 598.459703445435 513.247444152832 519.289367675781 585.4030418396 578.797550201416 794.43310546875 624.164554595947 634.7243309021 560.573936462402 550.389325141907 605.590908050537 565.87553024292 625.782649993896 575.407064437866 529.567115783691 546.665142536163 500.619407653809 653.482192993164 592.529493331909 600.780326843262 537.488983154297 629.116539001465 606.977533340454 580.448337554932 607.253263473511 540.82137298584 512.230930328369 640.835910797119 575.807113647461
444.100654602051 556.453771591187 426.630744934082 566.866218566895 584.472644805908 592.99273109436 736.793807983398 663.226577758789 553.016075134277 556.154068470001 518.335037231445 499.881172180176 602.629688262939 600.416614532471 550.669456481934 729.439849853516 588.597156822681 613.027273178101 525.158458709717 654.237098693848 662.651039123535 536.732883453369 522.525688171387 577.088878631592 498.434783935547 846.496871948242 762.853948354721 528.967628479004 635.002300673397 632.523181796074 545.299625396729 566.231729507446 589.020305633545 641.06721496582 515.011840820312 538.656307220459 552.052555084229 517.893142700195 582.168556213379 622.944658279419 547.062305450439 522.048324584961 569.347633361816 626.951639175415 683.46556854248 617.430303275585 494.966339111328 579.398377537727 545.019748687744 590.007089614868
448.864646911621 420.58570098877 536.454852104187 604.30850982666 529.933727264404 640.692741394043 762.516616821289 614.759815216064 460.448623657227 556.605675697327 449.771514892578 445.189743041992 600.558256149292 640.84546661377 826.292022705078 710.463043212891 748.981201171875 587.668972969055 794.648147583008 617.265205383301 670.673179626465 638.88920211792 640.258674621582 735.966575622559 664.8717918396 560.27067565918 723.527626037598 579.192100524902 520.735214233398 657.659015655518 529.292747497559 611.62561160326 471.752258300781 529.237047195435 520.785999298096 511.165702819824 467.489952087402 398.34114074707 458.545425415039 611.015493392944 594.537645339966 527.362236022949 548.168029785156 706.392311096191 690.58634185791 653.848011016846 603.440643310547 638.485082626343 584.0964012146 719.374839782715
497.954536437988 568.769996643066 576.796983718872 573.868396759033 563.664585113525 591.072456359863 713.690361022949 532.052486419678 395.134658813477 468.582099914551 619.687831878662 424.927459716797 402.702590942383 507.18350982666 598.682470321655 454.160270690918 691.786994934082 552.744850158691 729.703765869141 632.962562561035 554.250091552734 653.456604003906 593.520565986633 510.214225769043 546.429870605469 475.190002441406 523.472755432129 669.650619506836 535.327545166016 539.768531799316 667.009656667709 663.114925384521 664.22713470459 616.53279876709 533.632926940918 591.515276402235 487.97533416748 556.757862091064 585.243094444275 667.776779174805 672.985542297363 441.748809814453 497.030380249023 681.152976989746 612.882411956787 659.525344848633 614.59764456749 675.13782119751 737.6494140625 667.977764129639
528.309532165527 595.662979125977 610.746015548706 635.893054962158 568.008616447449 675.758758544922 728.355453491211 566.033331871033 542.860748291016 556.268379211426 618.634273529053 488.082557678223 606.098169326782 572.574359893799 598.016189575195 692.857307434082 683.329627990723 614.764610290527 463.188430786133 686.986465454102 659.766021728516 687.567985534668 559.497364044189 345.999588012695 372.970260620117 529.730499267578 489.639724731445 542.198318481445 602.231582641602 804.710556030273 597.966384887695 576.01496887207 541.611511230469 677.211597442627 699.068599700928 569.774024963379 597.239362716675 616.059116363525 701.833694458008 701.188064575195 632.048360824585 545.911590576172 659.413021087646 698.123359680176 571.788951873779 604.759325027466 651.310173034668 642.983654022217 674.08674621582 598.082317352295
590.417459487915 610.409366607666 491.216911315918 575.76245880127 481.564788818359 618.192775726318 630.119415283203 566.956962585449 509.959884643555 519.176536560059 488.206958770752 505.182075500488 596.049966812134 698.594955444336 657.972427368164 609.639598846436 670.925170898438 629.049217224121 561.447343826294 594.94402551651 665.914493560791 631.087154388428 500.30216217041 575.852056503296 635.993885993958 575.289793014526 615.740491867065 572.449433326721 576.435035705566 656.135353088379 601.738960266113 508.910942077637 653.473111152649 716.360385894775 779.242050170898 673.114649772644 718.525367736816 559.783378601074 677.572662353516 502.287002563477 634.946918487549 698.550468444824 512.767158508301 626.971571207047 591.584991455078 619.063817560673 583.710773468018 486.728393554688 557.035840988159 638.624940872192
643.853340148926 535.99817276001 523.369033813477 547.206434249878 446.073677062988 740.393646240234 556.422167778015 472.369781494141 430.391189575195 395.639221191406 425.043151855469 515.872333526611 587.821703910828 567.362981796265 675.401748657227 647.529731750488 584.714155197144 576.770403385162 444.024795532227 505.224800109863 601.55486869812 573.023574829102 598.403184890747 717.99040222168 641.533008575439 727.010330200195 547.715065002441 434.04020690918 442.622650146484 625.775409698486 642.300072908401 507.119216918945 775.542793273926 634.797927856445 753.504386901855 684.216003417969 638.134656906128 626.273516178131 625.638054847717 596.911918640137 624.004295349121 594.288887023926 662.437028884888 880.46223449707 660.191451072693 618.206951141357 610.918914794922 669.358089447021 539.341613769531 815.7919921875
575.358219146729 581.118881225586 583.697578430176 482.953937530518 438.78638458252 570.460052490234 521.297039031982 506.331680297852 553.47979259491 334.215927124023 415.370727539062 529.271404266357 566.245488166809 715.162078857422 671.642501831055 611.89432144165 627.044609069824 546.431631088257 416.419784545898 523.059993743896 513.531242370605 671.035903930664 593.660652756691 633.849971294403 497.142395019531 530.446304321289 492.334663391113 406.308609008789 483.980361938477 560.374388694763 594.539207458496 617.476601600647 822.585830688477 774.490219116211 559.065361022949 443.385375976562 550.613677978516 613.377073287964 673.732078552246 692.678188323975 537.457496643066 488.191902160645 691.456657409668 957.885681152344 730.943284988403 636.392846107483 689.726104736328 675.689254760742 629.898878097534 779.618225097656
635.077697753906 664.536819458008 663.217407226562 581.805606842041 557.157692909241 569.610660552979 460.965156555176 372.379928588867 508.737789154053 537.194202423096 445.547386169434 447.52604675293 522.629554748535 593.684719085693 683.283905029297 437.38402557373 550.645580053329 569.038558959961 507.843841552734 643.645668029785 628.884857177734 665.796058654785 561.801336288452 661.356349945068 396.680145263672 430.971984863281 425.080947875977 534.72399520874 606.829139709473 619.152503967285 590.683585166931 674.282348632812 620.293449401855 693.56665802002 602.409172058105 517.211585998535 626.398315429688 580.955464363098 581.282131195068 615.442039489746 482.193557739258 441.776992797852 483.712013244629 736.748262405396 748.762557983398 731.362602233887 666.400566101074 758.795570373535 724.386474609375 745.092796325684
521.601322174072 700.117172241211 592.262092590332 597.872798919678 459.496963500977 484.504066467285 399.098052978516 400.594909667969 520.917125701904 509.664901733398 447.594848632812 460.273017883301 433.661758422852 513.493469238281 540.738651275635 538.771625518799 541.410037994385 626.482688903809 589.865051269531 606.465103149414 717.361114501953 529.385971069336 606.446678161621 627.409881591797 612.855808258057 532.94654083252 458.447143554688 467.9306640625 608.084028244019 738.339736938477 607.178272247314 637.080135345459 617.11724281311 613.325133323669 556.285835266113 641.551918029785 731.735168457031 626.309309005737 602.825468063354 568.888187408447 563.780555725098 465.906158447266 568.519649505615 613.061586380005 578.211130142212 696.258659362793 637.760591506958 606.369041442871 607.42227935791 619.735057830811
607.660312652588 551.492250442505 538.760776519775 470.575386047363 410.233917236328 534.276998519897 495.145011901855 490.549613952637 436.457595825195 284.831695556641 326.783538818359 589.840552330017 471.288650512695 510.077835083008 482.749122619629 384.633941650391 527.877786636353 500.563938140869 575.209342002869 557.76810503006 651.146347045898 664.232789993286 683.482597351074 685.485534667969 580.547866463661 515.85090637207 514.903625488281 521.305000305176 523.711170196533 611.872980117798 659.635803222656 738.409851074219 778.865615844727 670.172393798828 609.09765380621 722.339851379395 632.865226745605 719.384742736816 550.825569152832 618.297326087952 527.01212310791 591.659046173096 710.629039764404 757.119400024414 704.094581604004 793.475967407227 708.671905517578 749.691299438477 700.281249046326 820.494522094727
601.360908508301 469.83650970459 536.56689453125 481.537261962891 496.342491149902 429.642059326172 512.329929351807 452.884422302246 450.25106048584 635.934967041016 613.634414672852 534.4033203125 509.912761688232 483.386245727539 547.067541122437 553.770809650421 553.904020428658 580.36775970459 602.717651367188 620.600685119629 602.925415039062 567.871170505881 607.85173034668 638.423114776611 613.939849853516 466.780395507812 547.645933151245 477.846343994141 615.332446098328 685.582763671875 653.913452148438 726.229858398438 528.091384887695 587.01340007782 649.4313621521 612.635833263397 603.768636628985 643.184146881104 620.48580467701 633.266691207886 650.849197387695 751.947647094727 612.058615870774 632.383571624756 648.578911781311 603.244752883911 652.882932662964 574.992515563965 584.753913879395 826.868209838867
