simdem/realisation58.asc
NCOLS 350 
NROWS 171 
XLLCORNER 152620 
YLLCORNER 418050 
CELLSIZE 100 
NODATA_value -9999 
[rows 22 to 43 of 171, columns 50 to 99 of 350]
-9999 -9999 -9999 -9999 -9999 -9999 -9999 -9999 -9999 637.254271507263 655.683437108994 642.825988769531 733.446071624756 594.835395812988 234.310958862305 256.565826416016 341.988159179688 485.693389892578 589.234748840332 645.286946296692 482.437194824219 592.416488647461 764.835845947266 688.186897277832 876.96727848053 702.661079406738 670.46524143219 532.874153137207 642.299180984497 449.283767700195 624.307497024536 756.370025634766 660.336711883545 529.611503601074 571.774843215942 629.924059867859 559.71271944046 430.518936157227 522.698398590088 403.469863891602 421.495742797852 424.078048706055 1065.17284011841 731.608829498291 634.451459884644 587.006273269653 547.213920593262 678.765760421753 595.324161529541 1599.58863830566
-9999 -9999 -9999 -9999 -9999 -9999 -9999 -9999 889.415382385254 620.256568908691 719.405319213867 567.683738708496 591.07780456543 346.672470092773 333.055969238281 377.726577758789 362.804824829102 401.970291137695 599.627771377563 670.84956741333 573.343231201172 725.138641357422 627.336622238159 828.765434265137 765.501552581787 627.617208003998 538.051784515381 674.038269042969 512.061040878296 424.093322753906 453.788429260254 537.329676628113 507.295978546143 507.020843505859 488.708099365234 673.347763061523 530.406002044678 776.247344970703 609.787582397461 1060.98916625977 651.606719970703 517.458015441895 615.315135955811 735.785064697266 728.439437866211 642.110931396484 479.74658203125 569.973129272461 623.128635406494 1282.69701766968
-9999 -9999 -9999 -9999 -9999 -9999 -9999 744.298645019531 742.28759765625 787.553863525391 702.330371856689 517.813232421875 448.483905792236 347.743927001953 438.162231445312 529.402565002441 422.365966796875 566.841220855713 564.266159057617 602.115783691406 776.154670715332 675.548509597778 650.630508422852 765.280456542969 776.070755004883 575.992176055908 516.32292175293 496.834838867188 533.13650894165 1025.58099365234 598.152793884277 564.154590606689 557.829620361328 415.642456054688 823.799664497375 617.790344238281 689.904403686523 576.293678283691 619.586841583252 590.07311630249 535.858390808105 546.160184860229 633.250244140625 620.99959564209 643.397018432617 591.682674407959 553.510353088379 503.10124206543 488.198707580566 1112.70590591431
-9999 -9999 -9999 -9999 -9999 -9999 467.595947265625 587.633575439453 764.886688232422 904.237190246582 657.497692108154 700.141925811768 356.485160827637 514.059314727783 464.905061721802 468.463851928711 346.0693359375 564.103073120117 377.437774658203 665.778408050537 700.546858787537 734.424850463867 569.870765686035 516.966377258301 535.382690429688 517.586532592773 375.872314453125 996.259475708008 823.907962799072 668.355201721191 564.992279052734 572.700119018555 626.735725402832 891.922901630402 693.066897392273 770.796661376953 582.603603363037 664.354232788086 616.690216064453 593.996088981628 555.462558746338 612.000896453857 695.234603881836 599.506782531738 618.466678619385 590.485233306885 450.186531066895 618.600959777832 451.663368225098 833.570197105408
-9999 -9999 -9999 -9999 -9999 606.7666015625 470.741546630859 393.18675994873 357.290893554688 662.210599899292 679.50341796875 606.460048675537 775.248132705688 669.822118759155 594.477233886719 707.158451080322 631.557109832764 565.172251820564 498.151100158691 545.756153106689 609.548828125 673.91527557373 608.147888183594 456.572937011719 403.848983764648 697.923522949219 519.013366699219 812.460033416748 1051.49722290039 661.104759216309 630.466674804688 684.714733123779 690.921850204468 591.62467956543 671.125528335571 742.321380615234 524.678482055664 467.617889404297 593.017381668091 466.613174438477 521.365100860596 564.671579360962 644.172798156738 527.937564849854 599.990039825439 504.137237548828 511.296527862549 500.384674072266 518.8994140625 564.158752441406
-9999 -9999 -9999 -9999 627.031021118164 753.133602142334 298.502243041992 365.928985595703 493.574647903442 669.607616424561 610.069913864136 694.785526275635 668.08910369873 613.806359291077 591.122524261475 804.76700592041 463.674673080444 560.227652549744 597.491792678833 490.05362701416 584.397799491882 522.325382232666 463.870834350586 863.612731933594 749.710052490234 746.039199829102 564.197113037109 632.394355773926 712.381525039673 683.286987304688 620.245551586151 585.430648803711 685.905395507812 732.764175415039 632.02729511261 673.725605010986 702.707824707031 510.044128417969 518.031478881836 528.61531829834 422.49853515625 587.457950592041 413.809661865234 549.778982162476 570.661882400513 464.33521270752 453.178070068359 535.175006866455 566.87110710144 557.849945068359
-9999 -9999 -9999 1361.51571655273 539.905616760254 596.569720745087 506.915786743164 263.463363647461 676.772087097168 694.932239532471 617.718246459961 629.009757995605 495.207595825195 539.864776611328 797.474018096924 598.73028087616 711.13703918457 551.304515838623 584.100828170776 494.014850616455 500.773635864258 505.839884757996 872.896239280701 471.601150512695 533.595268249512 546.386901855469 487.386734008789 435.889175415039 531.862542152405 522.548299789429 485.784423828125 538.929360866547 618.779788970947 589.291811943054 490.053451538086 651.706077575684 620.877534866333 499.822280883789 611.292321205139 468.782135009766 512.296104431152 596.342582702637 484.994010925293 482.492300033569 623.214622497559 383.805679321289 414.864295959473 507.482078552246 441.882850646973 568.405364990234
-9999 -9999 777.574432373047 1181.31343990564 477.410383224487 498.401138305664 539.389427185059 240.876800537109 433.936965942383 681.270084381104 643.71236038208 483.787780761719 406.987503051758 702.645126342773 609.923599243164 482.07063293457 639.575977325439 649.594511032104 1041.44862365723 596.579429626465 1169.79663848877 428.286209106445 444.931709289551 491.543098449707 421.25422668457 520.67101764679 514.293407440186 488.736701965332 427.388961791992 577.906379699707 545.941259384155 474.62434387207 496.293716430664 540.051726341248 494.215724945068 581.198040008545 544.084513664246 547.019145965576 449.067176818848 486.388924598694 418.001762390137 473.520629882812 506.051974773407 379.558403015137 561.324729919434 501.350076675415 400.464096069336 452.060722351074 393.50244140625 939.365001678467
-9999 -9999 689.904930114746 1200.3127746582 1234.12815856934 373.651062011719 617.448665648699 400.981246948242 473.884201049805 619.339859008789 580.37508392334 384.744621276855 598.206344604492 523.62760925293 596.362602233887 686.03226852417 575.14868927002 589.680490493774 911.04035949707 671.634468078613 545.977512359619 493.980987548828 355.69482421875 563.506614685059 473.077662467957 326.824859619141 498.54594039917 577.325927734375 505.760089874268 439.664785385132 468.597984313965 306.984313964844 457.55472278595 329.681625366211 503.220317840576 584.433403015137 525.87166595459 699.169784545898 572.61226272583 523.228050231934 372.975395202637 419.142158508301 382.255676269531 314.585083007812 289.067672729492 450.448135375977 351.218338012695 421.34822845459 421.400787353516 688.448276519775
-9999 668.644771575928 702.907201766968 633.632781982422 745.584144592285 485.373352050781 548.643714904785 541.926742553711 722.310508728027 685.295177459717 575.955741882324 701.244686126709 605.131942749023 584.719078063965 502.862339019775 660.192947387695 623.804145812988 588.009727478027 576.779502868652 600.768966674805 614.902328491211 542.023284912109 368.78458404541 501.442077636719 569.205169677734 545.731067657471 508.965698242188 478.476736068726 463.786217570305 425.515975952148 393.341896057129 235.346710205078 255.795547485352 298.860687255859 471.337490081787 553.895217895508 491.564468383789 360.188705444336 389.420303344727 401.898738861084 276.275161743164 466.486114501953 400.913345336914 292.416870117188 207.3935546875 453.463989257812 322.180847167969 448.604881286621 496.703044891357 405.527130126953
530.613166809082 684.830551147461 648.326602935791 501.303855895996 516.817367553711 488.573356628418 521.085472106934 641.519725799561 724.417663574219 690.234745025635 655.532266616821 740.812133789062 675.061878919601 478.682434082031 590.310413360596 589.709171295166 580.850467681885 636.900039672852 490.557507991791 608.26392364502 471.171905517578 461.695803642273 239.75813293457 196.072387695312 373.752708435059 356.447021484375 468.683538198471 484.832622528076 554.359573364258 583.511764526367 304.55908203125 371.292488098145 253.222137451172 400.553840637207 466.186264038086 378.350288391113 398.178497314453 315.631134033203 473.515296936035 366.313430786133 391.784873962402 498.70178604126 431.658855438232 388.041969299316 317.144836425781 485.333465576172 478.373268127441 662.324264526367 467.255485534668 403.726936340332
554.171127319336 574.883502960205 510.76880645752 769.040557861328 703.562057495117 528.917617797852 560.282997131348 514.740074157715 591.920623779297 595.82829284668 673.06852722168 538.413604736328 577.434566497803 532.544387817383 593.980842590332 487.503744125366 683.282348632812 568.96802520752 520.156923294067 487.358114242554 378.895080566406 366.868461608887 274.508911132812 361.752265930176 403.95276260376 194.478881835938 290.728851318359 502.184976577759 485.212669372559 370.74560546875 467.207670211792 471.847413063049 449.961413383484 422.269653320312 493.55394744873 341.461090087891 431.364187240601 405.004333496094 506.720699310303 622.76496887207 563.954177856445 511.293176651001 427.614498138428 392.173316955566 389.316917419434 569.555671691895 485.229162827134 487.112515926361 562.485710144043 461.573305130005
593.331836700439 472.000373840332 569.787261962891 695.649154663086 748.609924316406 635.150783538818 491.754791259766 351.061416625977 607.089225769043 653.056531906128 520.18620300293 420.995529174805 459.166240692139 605.314244806767 460.423946380615 508.825576782227 541.422397613525 448.238510131836 617.967491149902 575.830772399902 445.938589096069 416.332992553711 495.104064941406 485.260894775391 496.274963378906 394.891422271729 409.142623901367 358.283668518066 381.817436218262 475.722480773926 483.24987411499 404.303760528564 499.441650390625 497.366664886475 484.750818252563 407.798210144043 486.814944267273 487.405609130859 445.138541221619 609.690979003906 425.972240447998 494.575092315674 411.962623596191 468.59884262085 547.930892944336 531.470378875732 506.732715606689 545.7141456604 474.46954536438 483.145211219788
418.87483215332 607.505813598633 669.46858215332 565.94669342041 531.748014450073 472.47102355957 551.021768093109 717.410827636719 481.185005187988 542.68879699707 415.256851196289 449.904846191406 498.088272094727 576.790153503418 530.295852303505 548.333602905273 349.280685424805 329.018280029297 443.459407806396 430.326007843018 443.837949752808 355.286544799805 571.734748840332 526.639358520508 454.488786697388 419.25098991394 526.685424804688 380.233245849609 462.498195648193 518.213218688965 497.843111991882 277.671585083008 451.028896331787 462.621269226074 394.144905090332 325.851089477539 293.329818725586 260.887619018555 435.821716308594 432.407304763794 448.539684295654 501.966948986053 509.429164886475 566.796005249023 358.858680725098 432.60285949707 447.820432662964 497.742830276489 531.562534332275 420.228294372559
561.684921264648 671.973094940186 531.606557846069 675.147888183594 611.588263034821 636.796478271484 730.455429077148 769.259790897369 587.258865356445 668.077911376953 306.100463867188 536.394569396973 514.59352016449 635.012023925781 521.363346576691 472.845092773438 562.377014160156 397.475692749023 459.78150177002 318.55989074707 516.825065612793 404.413604736328 584.996170043945 592.194519042969 457.854934692383 398.048303604126 570.238555908203 602.528244018555 584.280899047852 463.653482437134 479.436790466309 470.016056060791 550.750511169434 398.167022705078 450.188574120402 372.310981750488 329.37915802002 336.391883850098 512.520305633545 592.951690673828 581.058212280273 571.423400878906 420.125848770142 419.509548187256 446.876051425934 549.733123779297 591.774566650391 427.787979125977 412.31965637207 380.496437072754
559.149307250977 610.750633239746 468.947509765625 733.132934570312 709.892684936523 579.122192382812 647.258293151855 469.31120300293 610.746253967285 664.420139312744 445.846280097961 748.176956176758 464.232284545898 574.305379867554 467.100482940674 572.7646484375 507.456092834473 450.593635559082 395.919414520264 421.626567840576 343.493896484375 465.33430480957 481.492401123047 421.977880477905 405.043670654297 521.621681213379 651.076431274414 541.963981628418 484.13888168335 558.833923339844 481.909801483154 502.661437988281 624.509719848633 529.684837341309 481.865726470947 355.412574768066 462.536190032959 500.533618927002 573.566871643066 619.7998046875 537.201324462891 604.154830932617 364.881855010986 312.100692749023 512.917556762695 551.465972900391 652.824554443359 470.259306430817 394.321910858154 586.784202575684
702.531616210938 445.557289123535 553.393182754517 571.594657897949 499.711240768433 330.257064819336 459.415588378906 899.276550292969 958.67985534668 1153.17305183411 541.022888183594 560.92162322998 410.000076293945 626.093444824219 446.892204284668 476.117120742798 430.511915206909 531.962032318115 307.868949890137 463.71110022068 404.44055557251 453.678650856018 438.069813013077 466.439075469971 366.093818664551 418.697056531906 513.480354309082 488.047546386719 391.315773010254 555.804618835449 499.59400177002 529.025947570801 524.742568969727 616.661468505859 420.446210861206 398.612659454346 324.966293334961 603.007110595703 615.406509399414 500.417404174805 621.11247253418 557.117652893066 443.835975646973 431.794729232788 458.767967224121 425.53387928009 532.311233520508 469.37476348877 432.098232269287 582.318222045898
489.220441818237 321.083480834961 408.245651245117 760.225860595703 312.411315917969 302.040550231934 273.637161254883 446.229888916016 562.34774017334 633.377021789551 462.08179473877 515.581695556641 564.997535705566 493.874797344208 619.409736633301 621.319595336914 389.926597595215 425.46753692627 379.060081481934 461.782861709595 374.093276977539 433.394989967346 402.620552062988 378.963447570801 469.893199920654 297.120269775391 411.060517311096 450.844779968262 372.258106231689 472.665351867676 419.736692428589 377.865833282471 420.378467559814 514.665397644043 456.072631835938 363.128032684326 458.144716262817 604.727005004883 496.668785095215 505.486499786377 379.527160644531 466.493324279785 332.46475982666 391.383834838867 433.98024559021 454.391469180584 415.712158203125 434.678915977478 514.179119110107 467.713340759277
496.841495513916 517.186462402344 555.399795532227 648.582691192627 527.304290771484 208.051498413086 449.163173675537 632.941007614136 632.573936462402 582.824363708496 426.449981689453 585.894477844238 637.708183288574 652.099563598633 604.490188598633 579.008201599121 424.306190490723 372.058395385742 481.277431488037 463.775442123413 333.082786560059 492.429122924805 418.586651563644 402.376574516296 559.815101623535 426.480318069458 312.47013092041 355.870155334473 504.944805145264 481.789077758789 451.111629486084 453.018560409546 467.377597808838 551.747291564941 426.192713737488 356.065654754639 449.027593612671 556.068656921387 457.773722648621 394.954746246338 424.433586120605 483.336338043213 355.893852233887 352.655082702637 385.919288635254 419.636672973633 421.45044708252 429.487117767334 394.955806732178 312.242965698242
551.155426025391 560.256706237793 518.595367431641 656.925805568695 762.423728942871 420.474517822266 553.092079162598 841.788543701172 900.639694213867 1153.52009057999 497.615692138672 546.073390960693 523.194497108459 507.518814086914 686.842590332031 514.428768157959 384.665771484375 347.79411315918 377.209602355957 466.193264007568 401.223335266113 415.258288383484 466.639039993286 489.791053771973 388.561367034912 385.74588394165 460.216693878174 455.726833343506 441.94319152832 347.125465393066 490.942321777344 468.261089324951 373.186717987061 449.558750152588 429.303287506104 343.14395904541 488.020385742188 426.227989196777 383.235214233398 382.733062744141 466.172710418701 470.076036453247 556.486679077148 408.587379455566 416.630460739136 429.222715377808 363.168846130371 460.400932312012 317.008972167969 425.830945968628
924.845092773438 871.708919525146 660.21369934082 647.912506103516 425.800659179688 616.29475402832 642.206195831299 675.090446472168 567.208364486694 562.769805908203 648.983787536621 437.247901916504 474.885097503662 575.366439819336 472.008739471436 399.437141418457 361.643013000488 351.165733337402 444.966655135155 650.673492431641 481.836700439453 396.523414611816 385.413436889648 505.502738952637 432.020652770996 404.004543542862 292.335113525391 399.749271392822 443.372055053711 454.753890991211 541.550994873047 349.155853271484 367.761581420898 444.11408996582 405.205605506897 395.586658477783 465.437919616699 409.905599594116 352.585403442383 433.788779258728 403.949851989746 580.748960494995 465.928628921509 446.056927442551 485.922744750977 376.740985870361 349.3779296875 302.988861083984 309.525459289551 349.71826171875
542.689102172852 842.210216522217 624.906997680664 766.798070907593 280.574676513672 431.338022232056 608.837112426758 498.142901420593 684.955932617188 572.715072631836 569.31810760498 511.66593554616 410.763748168945 441.76229095459 372.203758239746 451.919460296631 502.643726348877 476.343252182007 400.582656860352 387.533382415771 385.892955780029 331.763656616211 399.274984359741 340.747055053711 422.995396137238 374.137191772461 318.511993408203 487.281257629395 466.455085754395 451.914930343628 446.968951940536 550.239097595215 448.349633216858 588.159545898438 517.122344970703 531.378700256348 531.405799865723 564.021759033203 493.150295257568 456.521055936813 347.09912109375 548.802827835083 531.365264892578 258.95442199707 336.750999450684 221.991958618164 254.171661376953 223.109069824219 406.66219329834 474.738542556763
