simdem/realisation98.asc
NCOLS 350 
NROWS 171 
XLLCORNER 152620 
YLLCORNER 418050 
CELLSIZE 100 
NODATA_value -9999 
[rows 110 to 131 of 171, columns 300 to 349 of 350]
744.412309646606 749.336715698242 801.607460021973 720.654903411865 702.997665405273 995.591926574707 769.938690185547 867.357559204102 775.689208984375 773.56840133667 896.441083431244 901.534744262695 1734.17355728149 1015.24901580811 829.665405273438 803.160751342773 1324.6626739502 805.613845825195 1086.1333656311 -9999 -9999 -9999 -9999 -9999 -9999 -9999 -9999 -9999 -9999 -9999 -9999 -9999 -9999 -9999 -9999 -9999 -9999 -9999 -9999 -9999 -9999 -9999 -9999 -9999 -9999 -9999 -9999 -9999 -9999 -9999
834.55361366272 727.835720062256 730.657241821289 925.434356689453 736.115532875061 771.400844573975 1136.56346130371 1424.77642440796 627.022979736328 785.872207641602 1361.37421417236 468.498168945312 795.179992675781 711.28923034668 919.716442108154 483.595001220703 533.355651855469 1023.2341003418 1188.00574970245 -9999 -9999 -9999 -9999 -9999 -9999 -9999 -9999 -9999 -9999 -9999 -9999 -9999 -9999 -9999 -9999 -9999 -9999 -9999 -9999 -9999 -9999 -9999 -9999 -9999 -9999 -9999 -9999 -9999 -9999 -9999
975.20516204834 868.97615480423 1136.53387451172 974.623550415039 1037.75428771973 847.463314056396 721.85489654541 1121.96466827393 833.63575553894 1698.15948295593 1112.29378056526 751.911178588867 684.167633056641 841.731216430664 860.097988128662 1038.66519165039 571.277191162109 983.064987182617 1745.45346069336 745.290405273438 -9999 -9999 -9999 -9999 -9999 -9999 -9999 -9999 -9999 -9999 -9999 -9999 -9999 -9999 -9999 -9999 -9999 -9999 -9999 -9999 -9999 -9999 -9999 -9999 -9999 -9999 -9999 -9999 -9999 -9999
1025.95594787598 917.619319915771 878.174095153809 1107.97137451172 1061.25900268555 794.37300491333 892.071784973145 773.371124267578 655.910278320312 2323.74763298035 979.873588562012 825.809898376465 708.416900634766 1112.57780456543 1008.87622070312 938.591064453125 734.777130126953 665.020690917969 973.125854492188 1285.68254089355 1142.57609558105 -9999 -9999 -9999 -9999 -9999 -9999 -9999 -9999 -9999 -9999 -9999 -9999 -9999 -9999 -9999 -9999 -9999 -9999 -9999 -9999 -9999 -9999 -9999 -9999 -9999 -9999 -9999 -9999 -9999
968.927383422852 974.872360229492 840.607234954834 792.448822021484 626.673446655273 744.345390319824 822.448455810547 764.69905090332 840.363681793213 1293.56119537354 1058.37392425537 1184.5564956665 967.861026763916 985.267517089844 655.946929931641 739.479309082031 596.429092407227 776.110946655273 928.865829467773 816.591110229492 933.798469543457 -9999 -9999 -9999 -9999 -9999 -9999 -9999 -9999 -9999 -9999 -9999 -9999 -9999 -9999 -9999 -9999 -9999 -9999 -9999 -9999 -9999 -9999 -9999 -9999 -9999 -9999 -9999 -9999 -9999
897.995090484619 724.585342407227 747.930381774902 875.900997638702 898.883926391602 791.701975822449 754.044511795044 880.393535614014 648.570518493652 1037.95489501953 1355.19996643066 775.411552429199 823.279830932617 1278.50025939941 858.361434936523 836.192337989807 1113.18466186523 876.139144897461 797.125228881836 599.110977172852 672.566055297852 637.797790527344 -9999 -9999 -9999 -9999 -9999 -9999 -9999 -9999 -9999 -9999 -9999 -9999 -9999 -9999 -9999 -9999 -9999 -9999 -9999 -9999 -9999 -9999 -9999 -9999 -9999 -9999 -9999 -9999
773.757781982422 689.719940185547 945.062465667725 1185.22769165039 696.008724212646 775.574333190918 1145.89547729492 809.036092758179 532.079254150391 989.933685302734 1096.29730224609 1455.11949920654 756.251037597656 950.929306030273 871.761547088623 960.719627380371 1436.9420337677 1213.51159667969 902.927536010742 867.784871101379 840.802600860596 804.311721801758 1075.10649871826 -9999 -9999 -9999 -9999 -9999 -9999 -9999 -9999 -9999 -9999 -9999 -9999 -9999 -9999 -9999 -9999 -9999 -9999 -9999 -9999 -9999 -9999 -9999 -9999 -9999 -9999 -9999
766.849685668945 662.150253295898 908.831413269043 900.887439250946 1340.62934994698 1430.78393936157 625.351516723633 589.653617858887 623.474838256836 690.11750793457 846.967803955078 835.117294311523 1051.83660888672 1338.40793800354 886.16987991333 989.822189331055 1019.21271514893 796.967002868652 756.918621063232 1142.58178710938 952.667064666748 911.323970794678 872.35665512085 -9999 -9999 -9999 -9999 -9999 -9999 -9999 -9999 -9999 -9999 -9999 -9999 -9999 -9999 -9999 -9999 -9999 -9999 -9999 -9999 -9999 -9999 -9999 -9999 -9999 -9999 -9999
697.259937286377 724.966800689697 756.248630523682 756.259918212891 992.388960838318 813.222813844681 570.729614257812 972.167053222656 703.812957763672 752.790119171143 999.205368041992 783.65079498291 969.937370300293 1037.00610351562 1014.45714569092 957.224708557129 745.241901397705 985.53052520752 907.158586502075 807.545540809631 933.741554260254 907.771678924561 755.373657226562 925.775165557861 -9999 -9999 -9999 -9999 -9999 -9999 -9999 -9999 -9999 -9999 -9999 -9999 -9999 -9999 -9999 -9999 -9999 -9999 -9999 -9999 -9999 -9999 -9999 -9999 -9999 -9999
744.000114440918 824.282047271729 631.744050979614 631.502899169922 926.035217285156 721.386619567871 610.151626586914 673.631484985352 714.457517623901 726.17399597168 982.460441589355 990.20777130127 952.286972045898 1211.7516784668 1301.96067047119 894.330534934998 829.414573669434 874.259223937988 840.026481628418 933.008659362793 770.756103515625 904.440498352051 770.889053344727 751.986236572266 975.18482208252 -9999 -9999 -9999 -9999 -9999 -9999 -9999 -9999 -9999 -9999 -9999 -9999 -9999 -9999 -9999 -9999 -9999 -9999 -9999 -9999 -9999 -9999 -9999 -9999 -9999
1355.62075805664 1790.89286804199 981.583038330078 1110.73997116089 1256.21014404297 753.625213623047 611.906143188477 679.101615905762 867.761138916016 1264.21064758301 789.695630550385 822.005584716797 834.458565711975 1058.35232543945 952.231496810913 1662.47465515137 806.636077880859 746.998580932617 933.415687561035 894.220100402832 956.791305541992 844.996433258057 906.172462463379 688.010345458984 786.98046875 948.613510131836 -9999 -9999 -9999 -9999 -9999 -9999 -9999 -9999 -9999 -9999 -9999 -9999 -9999 -9999 -9999 -9999 -9999 -9999 -9999 -9999 -9999 -9999 -9999 -9999
1083.22622680664 865.488658905029 1265.03728485107 931.825719833374 1280.75452423096 1520.27574920654 997.847839355469 923.353075504303 890.069694519043 966.022048950195 850.94486791268 763.043952941895 970.621566772461 878.37858581543 1004.97561264038 1032.14683532715 952.466567993164 811.232496261597 923.834968566895 861.890456199646 830.41933631897 872.768733501434 867.885145187378 806.219038009644 901.10150718689 1099.56930541992 -9999 -9999 -9999 -9999 -9999 -9999 -9999 -9999 -9999 -9999 -9999 -9999 -9999 -9999 -9999 -9999 -9999 -9999 -9999 -9999 -9999 -9999 -9999 -9999
1098.05900192261 1066.46981048584 1370.57440185547 1111.8716583252 986.058486938477 1390.17237472534 1441.79509735107 1129.25548744202 1163.21790313721 1299.50342178345 1165.82710266113 814.494941711426 758.402442932129 761.267135620117 785.760833740234 772.241528511047 831.324226379395 737.143814086914 813.859794616699 760.448677062988 836.996948242188 840.714075088501 936.259170532227 873.546222686768 834.088623046875 950.663463592529 796.107864379883 -9999 -9999 -9999 -9999 -9999 -9999 -9999 -9999 -9999 -9999 -9999 -9999 -9999 -9999 -9999 -9999 -9999 -9999 -9999 -9999 -9999 -9999 -9999
1227.05644226074 1197.41015625 1131.47116088867 993.595485687256 844.718841552734 1490.45909118652 1505.86995124817 1190.86709594727 1145.4165725708 1031.98803710938 883.06120300293 756.544677734375 856.116313934326 772.549472808838 788.396553039551 927.018310546875 843.0207862854 795.818640947342 653.330062866211 859.52735376358 817.956029891968 846.611351013184 895.183891296387 897.163993835449 781.162010192871 813.264163970947 919.534839630127 777.837814331055 -9999 -9999 -9999 -9999 -9999 -9999 -9999 -9999 -9999 -9999 -9999 -9999 -9999 -9999 -9999 -9999 -9999 -9999 -9999 -9999 -9999 -9999
1101.46598052979 1157.13917541504 1019.23188781738 1048.5321559906 1002.05558204651 1226.54976654053 1544.2170791626 1029.25300598145 1011.2759552002 870.886579036713 866.858455657959 832.479555130005 849.718376159668 905.72705078125 751.617674827576 955.381889343262 1036.8591003418 855.57479095459 841.163589477539 772.259384155273 780.173112869263 1023.67364501953 872.406074523926 881.207168579102 741.51774597168 762.330657958984 811.16756439209 875.949248313904 862.151477813721 -9999 -9999 -9999 -9999 -9999 -9999 -9999 -9999 -9999 -9999 -9999 -9999 -9999 -9999 -9999 -9999 -9999 -9999 -9999 -9999 -9999
966.583889007568 863.852598190308 853.954723358154 1016.27159881592 1407.66013717651 915.930191040039 1105.76328277588 1110.48246002197 806.620414733887 758.207389831543 673.623138427734 727.090202331543 674.538269042969 812.064363479614 716.644523620605 904.68465423584 760.442445755005 899.850208282471 936.489349365234 804.849416732788 871.306144714355 934.924034118652 796.483617782593 848.283214569092 817.465878486633 689.282943725586 796.77465057373 902.013986587524 931.278430938721 -9999 -9999 -9999 -9999 -9999 -9999 -9999 -9999 -9999 -9999 -9999 -9999 -9999 -9999 -9999 -9999 -9999 -9999 -9999 -9999 -9999
916.530355453491 835.131862640381 1370.90868377686 1221.65245056152 894.370178222656 1049.3900604248 1166.52383422852 916.925140380859 1364.60515594482 1127.96048736572 844.507312774658 735.649421691895 693.254623413086 697.820022583008 784.391231536865 801.556182861328 918.861120223999 934.530372619629 893.191694259644 869.241794586182 754.653518676758 583.997039794922 678.64323425293 883.743801116943 898.306915283203 729.272102355957 791.366302490234 929.954668045044 873.910412788391 770.196426391602 -9999 -9999 -9999 -9999 -9999 -9999 -9999 -9999 -9999 -9999 -9999 -9999 -9999 -9999 -9999 -9999 -9999 -9999 -9999 -9999
1004.30516815186 1001.58440256119 1070.73491668701 1605.94264411926 2036.65070343018 1228.787109375 1059.88395690918 886.229614257812 1227.0931854248 1048.2900390625 707.080085754395 772.178642272949 858.34846496582 901.994384765625 826.053955078125 820.114517688751 822.699569702148 838.067096710205 927.998464584351 933.975860595703 852.853309631348 725.372840881348 749.509853363037 816.471519947052 905.826164245605 767.512771606445 854.500676870346 875.537536621094 812.970832824707 828.310572862625 792.385654449463 -9999 -9999 -9999 -9999 -9999 -9999 -9999 -9999 -9999 -9999 -9999 -9999 -9999 -9999 -9999 -9999 -9999 -9999 -9999
1085.51225185394 1046.90170371532 948.668025970459 1352.50918006897 1509.94778442383 1627.54916381836 1468.53612518311 1111.87047195435 1031.11958837509 932.649509429932 1038.96148872375 997.487545013428 976.17395401001 1018.90816307068 811.981492996216 811.007992744446 952.547729492188 870.333065032959 830.029443740845 839.408306121826 801.64527797699 888.787731170654 807.424137115479 898.0690574646 955.860122680664 782.828418731689 700.099975585938 887.071582794189 892.545412063599 818.448766708374 769.059478759766 -9999 -9999 -9999 -9999 -9999 -9999 -9999 -9999 -9999 -9999 -9999 -9999 -9999 -9999 -9999 -9999 -9999 -9999 -9999
1331.63774108887 840.892730712891 906.554666519165 1476.6713104248 1164.9457244873 1591.8956451416 1343.21186923981 1042.35823059082 1607.25437927246 1234.4870300293 1112.25798034668 1221.21504974365 1078.59210586548 1826.70628356934 1246.37252044678 995.963317871094 975.591751098633 901.249153137207 845.712871551514 805.64496421814 862.361196517944 927.642897605896 772.277778625488 769.303298950195 906.923522949219 789.351970672607 763.706405639648 796.722518920898 982.798812866211 790.911750793457 888.118541717529 826.354202270508 -9999 -9999 -9999 -9999 -9999 -9999 -9999 -9999 -9999 -9999 -9999 -9999 -9999 -9999 -9999 -9999 -9999 -9999
1039.65123748779 936.95975112915 892.275688171387 1179.69999694824 974.155487060547 1283.55739974976 1717.52142333984 1357.20351028442 1174.3805847168 1286.04651641846 1295.98049592972 1140.5811920166 1282.28607177734 1512.19677734375 1029.22777557373 1134.30960083008 1055.66443634033 815.457283973694 879.810039520264 850.889498710632 846.872026860714 802.148792266846 767.238466262817 765.882167816162 782.230583190918 803.36190032959 774.040184020996 742.574935913086 830.607604980469 721.195610046387 792.989049911499 897.402561187744 885.593656539917 -9999 -9999 -9999 -9999 -9999 -9999 -9999 -9999 -9999 -9999 -9999 -9999 -9999 -9999 -9999 -9999 -9999
776.160972595215 873.857696533203 1284.50476074219 989.488819122314 943.893569946289 1183.65312957764 1280.36699676514 1208.67722320557 1186.32014083862 1252.62006378174 1130.21741485596 1309.20700073242 1270.24061584473 1256.78909301758 1046.7088394165 1111.66254425049 1084.92153167725 982.07844543457 938.990074157715 909.865768432617 886.387855529785 833.512023568153 812.055252075195 875.769271850586 935.625065803528 700.31559753418 804.86315536499 912.234241485596 979.450401306152 826.023586273193 927.966743469238 930.133178710938 985.513061523438 -9999 -9999 -9999 -9999 -9999 -9999 -9999 -9999 -9999 -9999 -9999 -9999 -9999 -9999 -9999 -9999 -9999
