simdem/realisation89.asc
NCOLS 350 
NROWS 171 
XLLCORNER 152620 
YLLCORNER 418050 
CELLSIZE 100 
NODATA_value -9999 
[rows 44 to 65 of 171, columns 200 to 249 of 350]
867.185745239258 805.454544067383 676.794250488281 662.462020874023 457.249328613281 418.553207397461 695.399532318115 751.803106307983 470.400054931641 546.139236450195 690.368919372559 591.26774597168 688.3293197155 898.54061126709 681.139938354492 721.544990539551 636.763301849365 662.187267303467 652.342391967773 666.746482849121 575.543347358704 561.44250869751 576.020147323608 581.783313751221 534.940887451172 694.84644317627 733.197570800781 759.991405487061 751.37671661377 642.350092172623 613.61612033844 532.75749206543 1265.87699127197 695.288993835449 683.106750488281 547.786018371582 593.92162322998 585.537712097168 597.874153137207 664.357902526855 632.488574981689 678.71129989624 620.24267578125 542.209167480469 655.140674591064 669.310777664185 834.576522827148 761.833877563477 718.845026016235 646.420291900635
1139.26012420654 1574.82118225098 1171.73598480225 817.386474609375 741.036396026611 858.099670410156 755.707458496094 828.797985076904 635.863388061523 669.580425262451 816.927164077759 698.937970161438 767.591682434082 1092.67885971069 727.506338119507 1042.08915710449 869.185768127441 710.126808166504 622.228065490723 696.017875671387 586.221852302551 662.010246276855 585.135131835938 611.59947681427 633.105823516846 685.186256408691 659.746578216553 563.992038726807 664.654644012451 694.853660583496 649.744051218033 785.746612548828 719.655296325684 702.974617004395 772.376861572266 586.819984436035 850.054809570312 654.208280563354 597.243850708008 711.75808429718 779.130195617676 678.067535340786 650.47904586792 708.480440139771 677.261029243469 682.428216934204 767.867942810059 733.941341400146 667.604625701904 726.09744644165
442.525039672852 873.041862487793 1535.71524214745 1197.05674743652 695.975395441055 734.563491821289 752.63076210022 732.002702713013 522.38830947876 680.973545074463 631.078216552734 591.260844230652 832.653656005859 906.853393554688 865.886009216309 859.961151123047 1408.25105857849 743.028517216444 646.432861328125 544.455696105957 519.596412658691 633.361387252808 699.887847900391 579.524681091309 571.306552886963 597.613740921021 602.231786727905 661.958534240723 774.438354492188 665.346063613892 596.312824249268 756.245964050293 674.099658966064 789.628036499023 814.973098754883 758.847778320312 767.633338928223 680.410519599915 717.434867858887 578.56867980957 712.648818969727 733.581378936768 707.612815856934 780.569778442383 585.169883728027 763.456809997559 667.815719604492 556.297393798828 656.292289733887 718.323543071747
442.530120849609 479.07740020752 862.785853147507 1293.63613128662 837.691181182861 617.703369140625 669.407997131348 597.126487731934 522.302421569824 513.570808410645 640.38158416748 664.99560546875 673.098518371582 691.525726318359 737.810995578766 1056.68368530273 1095.77783203125 1875.67149353027 1341.08258056641 700.176639556885 417.982925415039 632.028628349304 727.439521789551 718.13159942627 584.536271095276 709.315307617188 597.006072998047 626.935103416443 687.88215637207 605.39094543457 613.273231506348 740.539672851562 810.492202758789 649.377288818359 619.565742492676 634.351537704468 737.257247924805 604.801746368408 647.351039886475 601.641662597656 694.348272323608 638.609832763672 599.863151550293 656.692461013794 549.371887207031 617.675491333008 666.018049240112 604.763496398926 612.415298461914 684.268798828125
485.492156982422 493.25235748291 606.892883300781 548.846580505371 553.332748413086 674.462080955505 569.654930114746 694.204988479614 475.812118530273 509.649463653564 600.916875839233 502.045963287354 574.536025524139 600.07385635376 630.296837806702 754.005746245384 1071.49951553345 1388.19486618042 1098.06579589844 931.69864654541 674.029586791992 540.540519714355 642.714561462402 743.561531066895 799.296905517578 620.579696416855 702.293899536133 636.294887542725 644.33584985137 580.656925201416 582.012115478516 627.030281066895 604.63508605957 583.095008850098 614.970195770264 441.981719970703 638.231014251709 602.534973144531 727.30061340332 726.670837402344 720.074409484863 865.25951385498 552.53059387207 677.977375864983 562.864395141602 644.46590423584 679.189223766327 612.381271362305 591.556442260742 739.563461303711
531.264032363892 569.237499237061 491.201759338379 683.398979187012 666.918769836426 612.552534103394 625.482040405273 570.811866760254 705.987888336182 465.857940673828 652.111129760742 579.234224319458 544.418060302734 595.097728729248 551.513496398926 598.672492980957 853.614500522614 1278.72560501099 1673.74566650391 1409.42347717285 593.659591674805 769.438148498535 716.063293457031 623.301582336426 621.361015319824 599.427806377411 648.278461456299 612.351692199707 760.447151184082 624.019626617432 551.744338989258 634.413962364197 656.965639591217 507.51725769043 476.539459228516 556.646446228027 537.752182006836 671.042185783386 761.520294189453 685.448240280151 664.622148513794 682.418990135193 637.067710876465 1130.38206863403 975.076038360596 919.396903991699 777.630554199219 692.75640296936 773.519708633423 732.025948524475
525.766616821289 528.550632476807 444.806564331055 623.177848815918 722.563018798828 583.823865890503 536.362480163574 599.22744846344 789.356178283691 753.162223815918 642.993942260742 539.955614089966 501.05318069458 551.797047615051 379.423828125 688.361831665039 817.897701263428 1110.30308151245 1323.44941711426 1576.80697631836 723.954193115234 707.441989898682 705.109394073486 677.884422302246 730.175628662109 559.782123565674 635.67453956604 751.74494934082 703.396373748779 637.890493392944 704.115123748779 642.035470802337 571.923095703125 489.587539672852 675.593830108643 632.910598754883 591.428672790527 751.566284179688 769.298767089844 785.63988494873 712.769638061523 663.267582416534 661.255739212036 677.99179148674 1042.33598327637 1312.34143733978 800.82544708252 696.872398376465 520.434600830078 689.077224731445
407.968048095703 574.521667480469 583.771083831787 770.912857055664 738.615867614746 789.350997924805 792.999710083008 635.849922180176 660.732154846191 808.622131347656 708.760101318359 642.306915283203 530.530288696289 442.287559509277 534.467065811157 532.43603515625 688.706116676331 935.925771713257 1225.03030395508 1188.76899719238 1394.43821835518 845.517967224121 619.9855260849 680.42399597168 672.273986816406 562.696113586426 704.468330383301 581.71305847168 469.947952270508 682.310882568359 767.676559448242 638.059345722198 635.700270652771 708.108840942383 697.023475646973 644.843315124512 684.960618019104 787.696350097656 886.467498779297 816.802963256836 731.855758666992 814.324310302734 700.977853775024 645.01368522644 924.512077331543 608.745719909668 895.405097961426 1166.04684448242 553.069061279297 783.192932128906
561.538566589355 532.079273223877 837.230728149414 800.858421325684 787.974365234375 644.718687057495 819.273460388184 709.960144042969 623.376262664795 940.29167175293 781.820007324219 666.191993713379 749.081085205078 700.238784790039 463.43465423584 458.614852905273 612.466179847717 757.139312744141 1008.07865333557 1714.00927734375 2058.74239349365 1164.10201263428 676.5810546875 722.197883605957 732.721328735352 533.655235290527 528.06763458252 618.596933364868 467.48876953125 610.153822898865 712.183715820312 645.091084480286 730.710754394531 724.518699645996 554.97257232666 627.422288894653 667.531011581421 739.761680603027 764.815071105957 892.189559936523 780.895050048828 646.858373641968 604.38924407959 627.829502105713 536.388854980469 646.909851074219 666.837226867676 530.282196044922 1114.82598114014 911.033325195312
450.344985961914 616.549896240234 667.952113628387 629.52278137207 751.501647949219 766.567199707031 746.073455810547 693.781879425049 580.595953464508 605.800094604492 755.738739013672 676.285285949707 708.832458496094 659.838432312012 564.079732894897 512.129776000977 530.641872406006 709.133907318115 917.598218917847 1029.28028202057 1359.17433547974 1396.64485168457 1583.94948005676 943.23265838623 826.773582458496 632.717594146729 578.853406906128 494.148124694824 517.055366516113 651.091865539551 690.351615905762 714.356376647949 740.329254150391 706.499465942383 721.974742889404 513.154525756836 732.690689086914 680.070911407471 642.158729553223 780.679656982422 720.24845123291 629.277703285217 619.309635162354 677.850425720215 545.823738098145 737.668476104736 673.153854846954 874.848941802979 961.095672607422 431.64973449707
573.304559707642 642.558860778809 570.602298736572 632.542854070663 690.748344421387 563.790283203125 517.699649810791 649.147563934326 675.723736763 822.455764770508 615.63395690918 713.213394165039 798.532775878906 652.275119781494 636.242328643799 721.573944091797 598.463020324707 596.987148284912 650.357795715332 808.891925811768 955.461479187012 1313.48191833496 1793.71165466309 934.075283050537 953.289901733398 645.144542694092 602.369874954224 444.023422241211 610.351899772882 569.53547668457 489.055717468262 516.944267272949 667.455322265625 565.636138916016 699.152709960938 655.190937042236 668.494651794434 657.136352539062 587.924285888672 650.50954246521 638.831121444702 678.569185256958 741.021003723145 664.260963439941 658.841278076172 632.120384216309 593.36767578125 649.618627548218 734.270065307617 614.76537322998
724.191764831543 593.143100738525 671.681732177734 658.450793623924 659.197914123535 526.227073669434 459.617248535156 632.203032493591 625.080825805664 815.612113952637 721.186511993408 764.149063110352 664.773147583008 606.426385760307 605.570406079292 587.067105770111 698.172584533691 586.493629455566 521.852767944336 614.089626312256 826.178173065186 1003.69264602661 1115.96049308777 1270.81886291504 842.718448638916 714.635932922363 578.101173400879 534.971153259277 607.789124965668 629.152299880981 568.694512367249 490.631088256836 485.140716552734 372.6474609375 491.192245483398 506.799743652344 599.187866210938 691.158401489258 650.311104774475 655.42405128479 783.628265380859 676.619525909424 684.261815547943 665.265827178955 692.022388458252 645.782739162445 645.60090637207 680.367126464844 689.309726715088 694.263630867004
741.951873779297 779.836318969727 660.804096221924 744.826065063477 741.83056640625 596.866313934326 728.842132568359 584.777786254883 631.868705749512 745.561908721924 857.076324462891 807.008796691895 570.026573181152 433.490524291992 568.815490722656 809.008323669434 784.217116355896 718.712074279785 798.434047698975 1047.92628479004 880.425025463104 1005.18508148193 1104.78145599365 951.740943908691 903.565277099609 774.795486450195 654.421009063721 668.251670837402 586.661651611328 562.084766387939 500.520683288574 588.746194839478 540.10009765625 616.702880859375 555.373809814453 607.010721206665 569.210926055908 607.912410736084 711.151466369629 729.087898254395 790.040176391602 631.818920135498 409.142318725586 652.612205505371 579.586891174316 584.542190551758 586.722694396973 716.137817382812 682.831254959106 600.098129272461
705.466697692871 729.722869873047 689.545917510986 557.692291259766 629.158067703247 613.105916976929 551.205276489258 714.616493225098 771.626098632812 767.28288269043 824.809921264648 763.238432884216 625.364227294922 686.373907089233 693.841735839844 607.587757110596 938.79362487793 885.677528381348 836.153646469116 776.939502716064 727.31982421875 905.502731323242 966.048278808594 990.566093444824 911.330108642578 723.560249328613 607.884383201599 570.681041717529 537.385787963867 582.085340499878 446.004241943359 611.112525939941 595.400016784668 626.148298025131 663.448188781738 608.394006729126 641.439096450806 607.101044654846 627.44116795063 791.664901733398 672.892539978027 762.461486816406 662.256618499756 488.010925292969 683.226396560669 661.083002090454 516.479034423828 650.148231506348 590.05651473999 582.88249206543
784.064926147461 705.72095489502 631.653167724609 599.789772033691 671.393914222717 646.262917041779 659.541494369507 618.582252502441 619.388805389404 692.323707580566 672.956451416016 637.318534851074 849.90015411377 555.457397460938 693.589160919189 683.232875823975 872.826293945312 972.18342590332 773.425457000732 736.02368927002 730.262855529785 872.99239730835 995.10913848877 827.040935993195 583.296188354492 516.721351623535 584.887533187866 564.568740844727 487.089881896973 525.751739501953 363.1376953125 901.732309341431 756.369361877441 689.789236068726 610.988986968994 481.825576782227 681.92956161499 643.884935379028 634.702974319458 707.021987915039 777.508728027344 619.905425071716 713.322164297104 781.308151245117 666.121592760086 637.83783428371 637.068420410156 598.471549987793 568.160362243652 777.676681518555
817.649353027344 807.390228271484 640.079170227051 604.808641433716 633.609909534454 747.962692260742 646.795786142349 584.85612487793 656.449358463287 695.806865692139 769.814910888672 728.591581821442 677.212408065796 623.006816864014 498.254119873047 571.91187286377 932.511703491211 772.126781463623 696.726654052734 783.522483825684 804.533950805664 800.4044008255 934.936985015869 710.057052612305 647.444734573364 619.145057678223 619.289393424988 535.164283752441 569.503707885742 499.558166503906 995.367958068848 805.502646297216 703.144676208496 721.505508422852 713.53235244751 661.375248193741 825.271179199219 508.577964782715 636.002153396606 636.07462310791 680.41722869873 722.8241147995 589.686866760254 760.192337036133 687.48494720459 608.975982666016 601.999099731445 699.333498001099 605.171806335449 678.466578483582
668.981685638428 828.143142700195 767.845886230469 666.961994171143 695.204254150391 650.551876395941 726.050682067871 678.211686134338 616.258171081543 792.498184204102 641.908905029297 722.748001098633 513.27751159668 690.307069063187 543.834609985352 643.344688415527 763.694473266602 652.411449432373 757.225538253784 817.334274291992 784.752288818359 734.43395614624 601.906569696963 674.990520477295 598.031663894653 600.571183204651 584.28026676178 482.484535217285 480.809112548828 799.975708007812 876.460433959961 613.429974555969 593.866403579712 464.819732666016 563.597129821777 862.226871490479 645.888343811035 504.84765625 387.443695068359 605.457084655762 672.052913665771 680.229848861694 604.021705627441 715.484649658203 759.261672973633 686.830726623535 607.301574707031 584.299835205078 706.583755493164 691.162677764893
651.662467956543 757.326599121094 722.410102844238 714.957448005676 734.999000549316 668.310606002808 542.651565551758 659.32873249054 604.109722137451 648.85954284668 771.636932373047 636.037732124329 510.385757446289 619.204948425293 648.556476593018 816.691438674927 721.587419509888 798.477027893066 842.984008789062 891.343189239502 837.675258636475 443.522674560547 671.004894256592 577.220726013184 762.051452636719 699.908912658691 647.183959960938 547.544609069824 418.831832885742 732.507690429688 546.171493530273 570.799556732178 521.612854003906 564.906150817871 599.398384094238 700.767391204834 657.189575195312 703.139579772949 685.03003692627 603.380456924438 717.233142852783 762.871322631836 725.285446166992 669.075332641602 727.108062744141 711.368019104004 635.657744407654 658.289817810059 721.641510009766 708.487075805664
703.513031005859 726.977203369141 786.111892700195 649.848323822021 675.503643035889 650.646349906921 568.223979949951 726.268325805664 724.402381896973 598.372817993164 674.244525909424 671.965030670166 685.562049865723 708.109748840332 731.769826889038 795.094812393188 808.007274627686 544.849967956543 529.201469421387 582.718008041382 605.214508056641 572.716110229492 609.333585739136 586.151077270508 571.82820892334 815.598358154297 674.075527191162 602.625179290771 398.030899047852 599.243865966797 414.929229736328 399.539123535156 427.734878540039 557.830551147461 581.12963104248 639.397314071655 811.601005554199 1021.26428985596 1015.70581865311 791.629150390625 590.960956573486 789.929214477539 790.328231811523 818.700912475586 626.733371734619 713.906105041504 811.735794067383 738.655570983887 662.338506698608 757.375419616699
729.580543518066 655.118091583252 663.273681640625 693.322635650635 601.411643981934 719.331916809082 600.986515045166 707.397415161133 675.42232131958 615.497737884521 743.701545715332 768.536026000977 694.04944229126 729.246025085449 627.989273071289 662.348937988281 614.446119308472 657.569278717041 605.957014083862 673.513061523438 669.694828033447 626.377164840698 616.064361572266 487.130920410156 541.161724090576 498.606559753418 699.484439849854 538.318695068359 470.289688110352 394.712295532227 497.154495239258 503.415451049805 575.226341247559 680.609607696533 645.117883682251 679.932443618774 555.465347290039 878.824855804443 575.176193237305 582.453922271729 521.599052429199 556.553333282471 594.689300537109 663.235122680664 639.499260902405 630.896952152252 659.56978225708 701.212890625 642.805455207825 602.786193847656
780.878005981445 634.947044372559 545.029731750488 643.918671131134 677.195774078369 626.491731643677 717.66431427002 607.478202819824 550.693176269531 712.902488708496 701.555572509766 692.309608459473 643.524397134781 651.519630432129 644.11975479126 653.292169570923 675.81795501709 727.86690568924 510.306411743164 489.298179626465 536.826034545898 679.068746566772 640.083015441895 589.686067581177 668.963645935059 629.83455657959 645.750671386719 583.233680725098 555.686309814453 503.956146240234 644.417728424072 584.158096313477 625.219307661057 574.271850585938 636.74516582489 665.272466659546 555.814155578613 910.606647491455 661.78334236145 556.948593139648 579.806262969971 609.97191619873 794.343673706055 738.930732727051 605.921029090881 633.17663526535 532.466751098633 625.202899932861 614.049884796143 580.730926513672
485.560897827148 454.869812011719 678.18458366394 601.38045501709 760.865859985352 739.333641052246 650.224754333496 549.347137451172 513.97452545166 579.352100372314 676.718757629395 672.550472259521 586.043045043945 567.567153930664 590.413925170898 511.803848266602 672.677707672119 626.068224906921 624.116607666016 613.95058631897 661.489894866943 693.725025177002 541.72834777832 570.88196182251 616.672992706299 675.415142059326 562.599983215332 435.76741027832 539.120223999023 623.844081878662 625.621852874756 676.339807510376 561.817070007324 583.434967041016 645.91495513916 950.755096435547 987.561485290527 625.629989624023 597.076953887939 490.865905761719 656.82857131958 707.653297424316 710.53352355957 599.557125091553 503.240257263184 553.853477478027 586.669761657715 558.063697814941 607.913209915161 637.902045249939
