simdem/realisation34.asc
NCOLS 350 
NROWS 171 
XLLCORNER 152620 
YLLCORNER 418050 
CELLSIZE 100 
NODATA_value -9999 
[rows 88 to 109 of 171, columns 250 to 299 of 350]
960.706924438477 905.190601348877 996.97652053833 1029.64004516602 786.434425354004 668.468902587891 425.69645690918 626.772968292236 724.970603942871 813.011308670044 810.37850856781 664.355247497559 614.71492767334 978.391960144043 734.395217895508 917.010459899902 661.46745300293 800.821342468262 638.633949279785 766.826431274414 564.584007263184 848.85277557373 566.966598510742 592.811855316162 598.125049591064 593.241424560547 739.162010192871 905.533683776855 833.725677490234 863.410041809082 877.434677124023 729.637634277344 745.785203933716 597.195251464844 747.486169815063 776.223968505859 724.448813438416 727.592379570007 617.584915161133 544.566696166992 773.146339416504 792.431457519531 668.120216369629 758.571350097656 543.431312561035 716.633331298828 699.44603729248 718.230400085449 771.865793228149 776.96656036377
688.752571105957 817.15807723999 1109.80265808105 1026.72594833374 848.19705581665 927.640678405762 637.466598510742 737.172771453857 673.742804288864 821.677555084229 663.187210083008 698.567184448242 861.213333129883 664.449645996094 827.481182098389 841.242765426636 711.313941955566 700.567969322205 832.870979309082 677.05369758606 632.411028862 587.838165283203 566.041259765625 573.551170349121 656.380809783936 546.202392578125 734.854919433594 826.444061279297 812.856430053711 969.528106689453 814.852638244629 707.964286804199 547.326400756836 561.255027770996 785.879650115967 698.761196136475 813.066589355469 666.895058110356 620.05931854248 735.313354492188 1286.31472015381 551.330551147461 631.653541564941 794.917642593384 665.006088256836 677.958206176758 732.82852935791 800.57926940918 716.376708984375 799.321662902832
731.888778686523 784.434661865234 910.260597229004 1135.52110290527 984.092090606689 609.115539550781 885.197299957275 623.754253387451 684.228709697723 718.351062774658 790.555770874023 936.454330444336 779.643432617188 795.209522247314 687.937492370605 781.745359420776 633.657211303711 784.85033416748 613.145042419434 640.881942749023 690.519958496094 672.252901077271 725.863342285156 840.85188293457 698.247894287109 887.949348449707 881.101654052734 913.984649658203 809.849021911621 794.141632080078 898.824676513672 836.173826217651 693.599201202393 660.183269500732 624.160957336426 589.616401672363 602.435848236084 676.347084999084 680.747398376465 649.582259178162 836.02912902832 546.452667236328 579.500823974609 583.128761291504 834.723585128784 655.839370727539 861.349563598633 795.633302688599 776.710689544678 947.724960327148
547.727661132812 731.659774780273 902.931007385254 950.124656677246 1242.17376327515 1236.90702819824 670.509986877441 658.926971435547 859.277168273926 900.80403137207 628.900100708008 671.251159667969 642.731872558594 677.719131469727 644.870994567871 584.667526245117 770.72907781601 742.341777801514 891.96826171875 778.908819198608 798.296733856201 906.088989257812 789.890500068665 954.221725463867 704.609920501709 768.641689300537 859.577854156494 915.912410736084 896.913486480713 1375.7924041748 773.049101829529 680.128517150879 776.206861495972 752.271729469299 691.722736358643 549.685745239258 538.024566650391 743.016914367676 709.798831939697 619.639957427979 1029.09661865234 929.94287109375 507.763153076172 516.749069213867 560.039596557617 674.889171600342 741.297088623047 695.89688873291 1116.24724197388 1198.45590209961
735.695220947266 676.769477844238 757.253113627434 974.90535736084 1031.39425849915 769.232513427734 963.258834838867 600.494583129883 718.268447875977 891.590316772461 792.995407104492 732.054428100586 741.681716918945 575.968795776367 624.045806884766 1148.37075424194 679.135448455811 783.028944015503 674.303314685822 643.945465087891 632.709510803223 776.99461555481 636.702728271484 742.66658782959 817.053558349609 787.610430717468 950.654834747314 818.983291625977 925.886715888977 1013.88950157166 804.254272460938 720.224342346191 893.347450256348 833.01195526123 749.652568817139 698.995035171509 607.972427368164 617.010330200195 685.921009063721 585.757133483887 298.930908203125 954.594299316406 530.170028686523 498.762664794922 590.531616210938 660.740482330322 740.872024536133 780.589340209961 744.241111755371 585.783843994141
852.171337127686 854.103858947754 934.093215942383 1027.94649887085 938.674835205078 935.792269393802 724.201019287109 861.230579376221 907.274139404297 980.57470703125 793.747451782227 728.563705444336 732.010696411133 997.486328125 959.407867431641 759.41554069519 705.331420898438 759.117351531982 709.874057769775 883.838256835938 742.455863952637 709.281574249268 728.521049499512 746.000476837158 882.764663696289 860.177955627441 1006.63040161133 1071.10186767578 688.494613647461 902.836410522461 811.049327850342 837.642200469971 911.978713989258 745.547889709473 820.72388458252 838.869922637939 846.179100036621 747.806545257568 534.133422851562 522.26057434082 481.398071289062 1218.08238220215 533.100555419922 596.24267578125 548.149032592773 599.433959960938 636.778228759766 745.269683837891 829.23802947998 950.801330566406
805.770980834961 877.670841217041 977.319795131683 1004.02986526489 979.420043945312 887.169078826904 836.399448394775 799.051860809326 679.770324707031 712.029930114746 952.042404174805 972.924777030945 668.911804199219 757.722900390625 939.96915435791 692.731449127197 696.863718032837 761.743431568146 708.502552032471 795.479999542236 715.807304382324 680.409189224243 728.203569412231 830.071049690247 738.341011047363 1131.5926399231 729.051170349121 757.119476318359 639.286712646484 982.147590637207 846.556777954102 881.693731069565 957.743598937988 969.89555311203 692.265701293945 928.568363189697 1059.64671325684 833.575572967529 567.824264526367 517.145858764648 547.019393920898 522.720291137695 645.404205322266 573.173065185547 502.673004150391 554.442932128906 603.93098449707 704.112331390381 793.514957427979 782.936218261719
849.994934082031 863.353393554688 912.682288169861 998.474071502686 952.497711181641 886.806182861328 1279.14430236816 896.633094787598 802.456447601318 780.015274047852 701.234031677246 1261.18758392334 936.540199279785 753.362701416016 789.105346679688 810.822448730469 841.515041351318 723.809801101685 1023.62365722656 714.696975708008 781.739126205444 707.387237548828 826.747505187988 811.557968139648 936.328872680664 1235.36176300049 810.127075195312 743.633972167969 475.749786376953 681.245986938477 1551.21491622925 879.622091293335 854.740158081055 854.288778305054 814.753707885742 872.466125488281 955.538276672363 948.747930526733 724.512817382812 675.84065246582 636.670837402344 486.63493347168 1156.07696533203 639.751319885254 630.673782348633 530.133819580078 1300.91362380981 674.375946044922 571.333145141602 1151.82183837891
931.939262390137 946.576126098633 926.031423568726 874.297317504883 1099.41366577148 953.983516693115 980.164627075195 750.104515075684 1268.86820149422 819.49934387207 588.922790527344 683.530206203461 731.485376358032 760.465007781982 852.566116333008 910.115492105484 768.586483001709 874.592706680298 731.42943572998 956.91024017334 891.221923828125 1212.44613647461 1091.75677490234 556.337921142578 725.705627441406 729.903602600098 539.225494384766 532.821105957031 625.831604003906 1311.16142272949 715.980339050293 789.756355285645 757.150939941406 937.487442016602 1182.60046386719 953.279407501221 924.141635894775 834.009925842285 748.454040527344 547.472854614258 527.184295654297 589.513656616211 907.235473632812 630.327621459961 917.83065032959 740.872142791748 637.38134765625 707.517223358154 529.733421325684 1013.95174407959
703.732353210449 699.09455871582 757.282962799072 1046.32978820801 951.743423461914 1020.8263168335 878.838203430176 852.973867297173 1284.74675750732 1346.93868255615 757.656372070312 659.291625976562 1217.11114501953 986.99186706543 836.4098072052 649.342636108398 670.958267211914 718.053318023682 748.16286277771 759.758487701416 706.07958984375 875.381286621094 649.98942565918 458.527709960938 487.076232910156 1011.8837890625 707.715209960938 550.147918701172 469.200805664062 781.725280761719 684.795791625977 1580.68959838152 1429.73374176025 768.059646606445 836.359546661377 722.796356201172 899.328048706055 643.46654510498 605.710220336914 705.858741760254 665.494018554688 402.598480224609 676.200042724609 1438.89520263672 728.468688964844 815.25074005127 693.76704788208 663.26587677002 914.537986755371 817.440849304199
693.832855224609 1240.0965423584 1103.83347511292 708.598682403564 748.340118408203 1012.24903869629 995.165920257568 1173.18971252441 808.204879760742 903.491661071777 737.476722717285 907.253338813782 720.415210723877 751.779579162598 530.485153198242 827.57999420166 881.199977874756 928.339691162109 758.196907043457 752.649694442749 851.369952201843 784.481905937195 868.951171875 740.761169433594 291.567596435547 986.406829833984 1562.40795898438 1010.72793579102 1236.82406616211 429.782379150391 841.296951293945 723.723373413086 770.460304260254 1024.38610076904 767.243591308594 780.169170379639 734.133266448975 915.560836791992 627.053291320801 598.391754150391 732.406703948975 572.3857421875 884.847564697266 749.792144775391 652.645328521729 649.001384735107 668.626853942871 675.734447479248 745.996536254883 1239.31675338745
821.573425292969 825.266883850098 1220.84504699707 656.241645812988 752.285579681396 962.645130157471 1410.96445465088 1250.71236228943 738.483451843262 926.087417602539 660.423309326172 987.046508789062 1190.01815795898 1015.25801086426 943.193908691406 965.119598388672 974.443374633789 759.980560302734 772.069308280945 801.218887329102 1080.287109375 822.562672615051 880.009399414062 456.381713867188 1240.15951538086 920.553329467773 798.809692382812 1118.09228515625 981.442718505859 619.044281005859 847.813873291016 864.706512451172 857.788612365723 1085.20466041565 893.469264984131 780.245124816895 804.443670272827 673.390510559082 627.884826660156 494.80827331543 566.20922088623 649.495454788208 920.152587890625 1361.46240997314 1521.44997930527 611.446319580078 623.758666992188 783.769936561584 771.300498962402 805.791554689407
1229.58985710144 698.597175598145 608.384201049805 681.390174865723 730.37491607666 1054.47367095947 714.187133789062 1199.70899963379 824.483409881592 878.031196594238 949.683578491211 795.786849975586 845.488311767578 975.762741088867 730.467437744141 712.409042358398 703.789733886719 475.033294677734 593.40510559082 669.393173217773 1106.05406188965 1350.84015655518 766.936233520508 751.236755371094 558.903442382812 1158.01815795898 677.964736938477 603.504272460938 1267.12045288086 755.869018554688 1001.14120483398 716.195770263672 973.464961469173 927.731733322144 769.592811584473 864.917633652687 589.581954956055 624.304306030273 594.752990722656 353.473648071289 497.80534362793 647.446260452271 812.491477966309 825.184539794922 793.827339172363 518.331115722656 683.889560699463 780.870323181152 880.167030334473 765.099052429199
665.867958068848 664.699928283691 890.439056396484 743.492332458496 761.049279212952 1027.30052185059 804.595764160156 1058.34980773926 879.247013092041 839.526672363281 719.056800842285 1096.60052490234 889.929607391357 770.628608703613 914.366561889648 560.757202148438 648.068588256836 958.950927734375 618.241958618164 605.628829956055 1299.87626266479 774.264839172363 1228.67345428467 691.315902709961 695.71044921875 995.979469299316 1086.66383361816 1581.83682250977 676.835815429688 1213.98954772949 879.82795715332 638.285430908203 1025.99416351318 853.421655654907 943.051742553711 780.407875061035 674.02751159668 778.403770446777 624.789398193359 418.476516723633 394.594039916992 430.492736816406 548.540512084961 763.324447631836 1064.99295282364 714.437187194824 677.117645263672 715.416969299316 813.610569000244 811.09183883667
866.212799072266 1165.42569255829 845.284713745117 744.90864944458 807.971366882324 845.257663726807 866.526041030884 924.219772338867 863.021945953369 1586.39324188232 714.505340576172 1310.98640632629 1092.11168670654 785.915008544922 893.436702728271 897.740188598633 529.488708496094 542.294082641602 1327.2574005127 628.333953857422 886.136577606201 833.974021911621 915.138717651367 1319.47164344788 1134.25971984863 882.18748664856 801.55590057373 1602.05178833008 1017.95098876953 577.915374755859 746.102264404297 1431.79411125183 1030.12056207657 932.117248535156 860.808434486389 888.388147354126 755.849060058594 773.743927001953 695.292552947998 473.496055603027 506.625564575195 466.456176757812 428.878929138184 599.271614074707 662.605247497559 759.085098266602 787.699388504028 735.015907287598 679.421997070312 767.774780273438
833.145967483521 1362.84890341759 1129.36737632751 916.666259765625 1388.05449676514 1059.17711639404 1229.15040588379 774.314254760742 825.705875396729 898.408500671387 926.371909141541 839.836978912354 897.460836410522 935.956077575684 920.158498764038 822.547748565674 1147.69708633423 740.994232177734 568.727447509766 851.593338012695 768.150367736816 738.299407958984 875.994468688965 1338.01574707031 838.21928024292 935.061943054199 904.372100830078 796.815326690674 585.017944335938 581.358947753906 1107.20736694336 1248.84757661819 904.990627288818 937.633178710938 918.347183227539 887.175363540649 1000.80966186523 777.149482727051 605.737182617188 591.166858673096 548.86657333374 609.824071884155 791.689117431641 679.833290100098 770.203514099121 706.257465362549 664.824684143066 762.660108566284 750.351890563965 776.243881225586
1035.84196472168 807.20288848877 1095.6936340332 866.435958862305 770.100273728371 1081.68406677246 915.948997497559 887.378490447998 915.010818481445 1073.48741149902 1019.64482879639 801.162452697754 930.767000198364 1226.24454689026 908.911483764648 1065.02636909485 917.950200080872 1002.51352500916 885.027193069458 1078.76163482666 838.2941198349 1105.30296325684 797.549987792969 678.459190368652 921.29591178894 813.202621459961 893.561553955078 790.08154296875 1456.29937744141 1390.52670288086 1242.81619262695 845.93567276001 799.788681030273 905.489868164062 934.622211456299 902.154693126678 847.945888519287 887.737983703613 804.180171966553 770.707000732422 681.700830459595 630.965469360352 829.836471557617 757.291725158691 900.497924804688 1200.83259677887 859.015716552734 689.338600158691 705.040528297424 936.809616088867
742.026184082031 892.158752441406 794.334729671478 890.888034820557 897.260601043701 1101.37539291382 855.457908630371 963.415163040161 819.418869018555 901.231842041016 1078.16374206543 1216.60050201416 1564.79695892334 1025.8550567627 884.646553039551 838.371757507324 1030.00254058838 1007.66555023193 1146.8128631115 1135.93263244629 601.403274536133 817.096633911133 1162.53582763672 1245.39934539795 1126.86312294006 938.241472482681 934.660623550415 790.354789733887 807.83122253418 846.071876049042 781.674049377441 886.45979309082 737.473419189453 825.832321166992 908.299453735352 808.863868713379 805.002098083496 918.816135406494 911.903172016144 968.563537597656 805.999290466309 840.406318664551 722.186836242676 696.801280021667 836.91051864624 1047.76383399963 770.502073764801 769.44669342041 793.080673217773 929.920621871948
820.716373443604 969.10733127594 1456.93072855473 976.100940704346 1050.54835224152 1049.53197383881 855.014808654785 1151.78787994385 2065.45050239563 819.614700317383 1474.94928741455 745.08345413208 1232.59622383118 1018.95785903931 910.827438354492 1018.08090401441 1003.6065826416 902.632328033447 963.404346466064 836.148731231689 790.223236083984 868.615692138672 691.42805480957 612.025039672852 825.139116287231 724.698303222656 842.678630828857 951.222206115723 910.31774520874 737.169372558594 840.85319519043 733.766654968262 802.234210968018 723.960300445557 845.548891067505 886.260338783264 973.674606323242 730.676101446152 854.471225738525 868.049081087112 788.143157958984 795.01717042923 679.240833282471 722.046531677246 860.085597991943 897.498222351074 749.850540161133 806.012027740479 882.793930053711 775.419239044189
668.030853271484 900.335266113281 818.509300231934 759.764629364014 1012.74442481995 1347.68256425858 1527.31589508057 1139.03269386292 1043.58676147461 1024.18434143066 1306.8368396759 671.230621337891 801.035102844238 814.686889648438 864.181041717529 1137.03650760651 893.539892196655 1024.89386415482 647.184661865234 760.986284255981 1139.18589496613 834.961334228516 731.348983764648 635.857391357422 608.792434692383 774.067840576172 738.138496398926 586.698738098145 842.52112197876 869.562937736511 928.736591339111 1002.55447387695 899.346366882324 741.98131942749 706.101676940918 702.615425109863 871.851760864258 914.031063079834 986.068862915039 916.231353759766 873.975589752197 634.469882965088 772.0712890625 702.116851806641 666.358921051025 670.24320602417 843.042894363403 725.416526794434 908.201705932617 740.718088150024
564.355422973633 1152.30837631226 1138.11251068115 773.145370483398 1087.62567138672 1084.71216583252 1000.1772236824 1506.68550109863 1688.27513122559 839.621810913086 799.115539550781 1153.74905776978 733.744720458984 975.698440551758 996.093330383301 1017.39260101318 999.029651641846 932.329076290131 1707.99563598633 1356.35925769806 931.25439453125 869.352485656738 795.104068756104 845.755605697632 799.874660491943 827.618309020996 847.918991088867 751.469944000244 840.28014755249 934.456858873367 918.700916290283 1010.28854370117 888.792938232422 791.961795806885 637.561981201172 710.541961669922 676.877182006836 866.472434997559 675.22275352478 791.731338500977 899.883308410645 864.90242767334 805.517203330994 768.209953308105 654.891098022461 624.713851928711 776.244495391846 726.150978088379 807.726085662842 1027.94174194336
680.380317687988 617.812484741211 613.686309814453 932.431579589844 1198.61219787598 889.230270385742 928.919303894043 1219.993309021 1616.38868713379 853.035121917725 1151.89762878418 805.252540588379 814.585876464844 672.803192138672 678.467498779297 1031.66674041748 1058.7657699585 1033.61364746094 1263.11417770386 1062.37504577637 1258.00277709961 890.362358093262 1075.49573612213 909.327724456787 812.550716400146 897.565572738647 859.697010040283 1005.39535522461 890.94596862793 1065.60664367676 1013.7682723999 733.735996246338 838.410435676575 816.143711090088 653.233367919922 790.1467628479 883.06022644043 734.034698486328 1051.44200134277 958.887176513672 769.574465751648 961.193878173828 901.444595336914 647.065593719482 673.003976821899 752.260650634766 875.397720336914 993.024761199951 1098.21527099609 1029.26190185547
