simdem/realisation97.asc
NCOLS 350 
NROWS 171 
XLLCORNER 152620 
YLLCORNER 418050 
CELLSIZE 100 
NODATA_value -9999 
[rows 44 to 65 of 171, columns 250 to 299 of 350]
798.648765563965 745.120203018188 649.576309204102 750.186227798462 649.59684753418 734.579254150391 736.150714874268 700.675514101982 851.691757202148 826.73705291748 730.102558135986 709.87678527832 744.505918502808 829.00798034668 724.526062011719 751.786063909531 818.129707336426 730.45795249939 903.942428588867 1015.16000366211 780.112855911255 641.526847839355 639.933517456055 747.126165390015 709.633651733398 699.954948425293 931.640338897705 948.317935943604 881.910491943359 664.418182373047 831.932970046997 977.845985412598 902.598384857178 896.475101470947 806.10172533989 889.623161315918 675.70573425293 656.490509033203 840.004928588867 867.222511291504 681.748809814453 844.28769493103 682.57918548584 825.35626411438 826.196518421173 822.21989440918 830.727814674377 837.974966526031 859.518772125244 741.53604888916
672.487102508545 813.569706201553 544.447814941406 668.055908203125 928.486526489258 839.948135375977 849.410606384277 716.020877838135 749.575611114502 725.715045034885 736.092044830322 674.949569702148 895.1640625 713.188938140869 676.688453674316 704.486110687256 700.842012405396 760.394358634949 813.108242034912 908.940803527832 774.956081390381 722.503414154053 664.274658203125 727.209943771362 716.789306640625 718.870590209961 788.635356903076 770.56906414032 807.709633350372 944.564735412598 882.150367736816 931.849506378174 1077.74473571777 898.536605834961 779.92301940918 856.406824111938 952.991698265076 712.004432678223 1343.18801116943 912.45361328125 816.513760566711 1169.4068145752 782.248176574707 963.349670410156 948.663375854492 993.797470092773 1125.63513183594 831.960229873657 827.419120788574 721.310653686523
748.313101768494 701.178841710091 760.664863586426 769.722694396973 787.324890136719 734.539710998535 706.194374084473 768.089614868164 742.352478027344 729.545159339905 836.897941589355 631.199928283691 832.204200744629 755.337947845459 754.775428771973 719.147689819336 765.852805137634 748.162590026855 794.328735351562 862.698661804199 878.213439941406 800.578468322754 675.54207611084 661.164016723633 668.478942871094 1201.21853637695 724.559425354004 1166.69573640823 1235.20635795593 611.011833190918 846.203033447266 712.495635986328 874.473148345947 1037.5445098877 1128.26622009277 1568.38849359751 1137.08392333984 778.346473693848 1466.0846786499 1360.4634513855 911.591480255127 855.404643058777 936.359157562256 966.498069763184 1114.74150085449 1116.5802154541 1531.48251342773 895.749762535095 906.167583465576 974.084774017334
621.530838012695 567.013900756836 724.40606212616 723.744806289673 763.283630371094 819.982284545898 696.952306747437 743.76261138916 676.25422668457 735.899468421936 807.857330322266 709.934349060059 741.547894477844 754.948490142822 856.628952026367 887.893142700195 670.433586120605 718.007968902588 710.161613464355 902.712112426758 770.486148834229 716.959337234497 786.883567810059 785.086085319519 617.748458862305 1077.67736816406 723.595802307129 1138.55407333374 1030.77147865295 1355.95026683807 914.520304679871 768.297424316406 941.356777191162 1287.39812469482 783.11157989502 814.263305664062 1257.59875869751 668.533065795898 1172.65312767029 1068.79709625244 780.735370635986 771.347465515137 1186.17384338379 1013.6958065033 990.840009689331 946.260444641113 886.995324134827 843.533939361572 996.603996276855 959.333717346191
785.608390808105 691.766876220703 686.459468841553 678.619327545166 748.354278564453 739.935260772705 709.583317756653 724.691568851471 774.124652862549 707.01363658905 742.451829433441 858.060516357422 726.563983917236 851.184608459473 703.20352935791 753.767056465149 805.260654449463 821.547698974609 664.498794555664 758.699492454529 747.776808738708 693.269264221191 727.395771026611 786.419057846069 778.543478488922 735.498924255371 732.007102966309 845.724601745605 788.347023010254 1169.60636138916 1324.33723068237 608.908081054688 888.612073898315 821.323181152344 690.357177734375 689.968170166016 1158.85085868835 620.989730834961 1472.17176818848 958.721832275391 784.853630065918 741.381511688232 1119.62077903748 738.570335388184 852.506004333496 943.371490478516 929.930027008057 2003.9705581665 878.718811035156 910.240242004395
746.030872344971 764.646705627441 758.078201293945 819.77042388916 830.311973571777 623.674263000488 900.330764770508 893.260772705078 686.542407989502 691.702905654907 834.794204711914 907.793472290039 884.228408813477 792.228424072266 734.544917106628 667.837291717529 648.992050170898 687.261478424072 731.727250218391 712.883470535278 829.762329101562 772.908359527588 719.19136428833 811.676410675049 821.728477478027 1136.59734916687 843.833786010742 881.299247741699 861.773284912109 734.246109008789 840.611587524414 673.10807800293 768.737762451172 660.059616088867 1182.8849029541 675.376998901367 814.786672592163 733.603202819824 797.963668823242 571.930633544922 845.370590209961 774.676467895508 864.320327758789 977.726348876953 708.12085723877 862.329122066498 1016.33717346191 873.478923797607 990.541534423828 747.198791503906
661.032802581787 749.597011566162 742.518054962158 730.896331787109 680.746353149414 685.117046356201 767.533760070801 763.626415252686 818.616119384766 734.342029571533 729.590347766876 712.085048675537 778.448333740234 704.613512039185 743.752576828003 679.988788604736 654.662540435791 689.763977050781 728.282894134521 751.89105796814 733.869868993759 730.65894317627 775.907078742981 564.589233398438 688.743461608887 633.534149169922 782.204284667969 818.31591796875 756.065329872072 735.196739196777 928.384048461914 783.512512207031 647.450317382812 643.804321289062 962.300598144531 858.511077880859 742.741516113281 1137.61952209473 927.706708908081 950.745323181152 1195.86252593994 818.963279724121 754.848705291748 867.925956726074 779.420532226562 881.014032363892 925.67232131958 1302.14588928223 1021.93973350525 856.273246765137
619.709327697754 653.144752502441 554.374893188477 557.361953735352 824.38614654541 847.210174560547 844.610427856445 782.019088745117 792.595504760742 899.435546875 701.987945556641 758.919277191162 680.681891918182 727.405483603477 749.873237609863 743.824960708618 733.673594474792 783.821723937988 735.04345703125 632.270599365234 699.955963134766 636.812515258789 510.462249755859 387.465667724609 542.896469116211 712.658966064453 972.88639831543 781.373603820801 686.620597839355 735.166130065918 918.328369140625 842.064453125 712.223388671875 1086.75366210938 1028.35614013672 951.237747192383 881.282245635986 823.352527618408 779.300430297852 685.196762084961 743.204406738281 727.129364013672 826.394260406494 748.721054077148 856.796264648438 789.398250579834 917.083106994629 756.814010620117 638.592712402344 734.98966217041
845.864151000977 548.001327514648 594.954223632812 557.552124023438 531.468521118164 746.070610046387 722.672079086304 810.977909088135 701.767525672913 674.319072723389 663.18138885498 697.426430702209 766.82341003418 712.022123813629 725.130043029785 796.065582275391 732.57674407959 865.609680175781 845.157562255859 861.806381225586 681.233116149902 609.572418212891 680.578788757324 584.248153686523 653.725830078125 829.126106262207 856.870235443115 840.537456512451 771.915210723877 940.727897644043 666.726360321045 744.467239379883 829.025451660156 1129.35557556152 702.332702636719 749.192100524902 1093.3846321106 617.643569946289 837.903610229492 895.544151306152 857.564128875732 684.434684753418 718.569679260254 680.976768493652 680.989486694336 787.853141784668 1215.98826217651 771.567489624023 706.030258178711 748.671333312988
667.682430267334 925.006273269653 867.463026762009 574.13826751709 600.266891479492 659.837642669678 672.391494750977 745.725219726562 644.726062774658 687.051345825195 1195.83072304726 645.434555053711 804.015211105347 857.061538696289 959.291069030762 1058.92915058136 678.373435974121 623.558258056641 581.691253662109 1699.66390800476 859.415260314941 550.923095703125 653.457077026367 1406.35356616974 798.357772827148 767.924728393555 851.314254760742 876.805847167969 671.736320495605 842.450801849365 770.249709606171 1061.48338460922 687.696548461914 864.816635131836 598.084701538086 1004.52508544922 788.853912353516 831.872268676758 781.622947692871 719.242210388184 1347.82286834717 714.145141601562 863.077091217041 791.82501411438 725.036239624023 839.238851547241 897.868263244629 815.517362594604 842.642167806625 895.374172210693
624.887321472168 711.237962722778 651.275043487549 597.185287475586 680.792686462402 763.671447753906 576.088180541992 507.603454589844 633.666305541992 660.828483581543 658.759841918945 1424.07467651367 876.99684715271 1195.12079143524 1219.02795410156 1817.86992645264 635.720123291016 767.026885986328 733.366821289062 564.536758422852 507.68701171875 386.5908203125 364.333526611328 683.628494262695 772.436254501343 702.410598754883 817.257881164551 808.311645507812 728.783935546875 713.028282165527 775.760396957397 754.84924697876 942.801513671875 729.22802734375 810.882232666016 735.73583984375 1130.61936950684 912.725246429443 807.886539459229 882.463125705719 950.996999740601 835.02290725708 751.159139633179 930.861394882202 674.883911132812 918.483268737793 888.83715057373 839.109268188477 870.372587203979 692.744987487793
715.503364562988 828.388931274414 699.795782089233 613.183074951172 722.242391586304 745.585102081299 575.010543823242 1204.14126586914 674.708854675293 682.795402526855 815.488952636719 761.36273765564 801.595397949219 806.114046096802 832.84937286377 1552.83165740967 527.400848388672 1276.55574035645 572.958267211914 603.685989379883 1132.08013916016 1020.91680908203 1612.74575805664 830.849082946777 954.91584777832 1250.21517944336 734.960380554199 589.431121826172 668.606964111328 686.836540222168 815.949691772461 663.385848999023 606.609512329102 688.31982421875 963.988708496094 725.392913818359 1065.669921875 1152.72141265869 803.849533081055 1271.99604556011 1444.56184387207 921.941120147705 1497.39313316345 676.137481689453 866.426425933838 786.372219085693 717.10945892334 660.547897338867 715.126281738281 500.438507080078
772.097305297852 751.704605102539 783.684364318848 689.038725376129 704.587394714355 728.722816467285 647.379261016846 698.098962306976 660.578826904297 657.41291809082 722.221044540405 798.332672119141 814.77890586853 836.193206787109 816.004371643066 811.689502716064 744.061859130859 759.618606567383 544.708679199219 751.18151473999 619.801284790039 611.553359985352 1609.45971679688 1651.29513549805 713.042655944824 776.286262512207 746.08016204834 669.369873046875 716.913707733154 856.009721755981 683.156677246094 722.627662658691 682.042282104492 968.176475480199 672.093826293945 853.848522186279 631.777702331543 1021.1536693573 1011.70943450928 1343.19109725952 968.873336791992 1005.74587249756 756.118572235107 828.991960525513 829.608706474304 839.316803455353 807.225803375244 638.703277587891 487.162506103516 595.815185546875
750.05638885498 691.677600860596 658.676077842712 674.386520147324 688.568687438965 747.119049072266 623.69095993042 636.740865707397 661.286283493042 678.17840218544 524.255187988281 546.050262451172 577.469932556152 736.544101715088 727.104766845703 679.313279867172 757.989288330078 731.296474456787 614.311508178711 686.523632049561 729.842618942261 795.24881362915 1133.33120727539 683.983818054199 810.786628723145 730.8974609375 726.436935424805 631.999130249023 608.250579833984 752.073734283447 823.36336517334 829.234047412872 636.70287322998 773.201751708984 947.836036682129 1432.8981628418 828.041015625 726.313285827637 857.495265960693 783.175685882568 903.526977539062 1005.09617614746 680.249839782715 715.250869750977 708.494743347168 788.995355606079 819.081015586853 817.783971786499 350.822265625 712.333984375
662.232999324799 646.060263633728 629.334564208984 759.026138305664 686.231567382812 807.837677001953 718.805824279785 591.223686218262 597.905265808105 679.798515796661 647.396656036377 608.412986755371 778.729827880859 806.579833984375 734.054500579834 789.243286132812 807.42268371582 809.473686218262 509.053787231445 607.118179321289 775.795133590698 720.949512481689 1143.89305782318 535.101959228516 842.104934692383 763.95369720459 570.315963745117 619.583190917969 748.297229766846 692.198593139648 775.689521789551 662.576766967773 791.983211517334 822.383239746094 743.920078277588 701.570518493652 706.387435913086 805.762794494629 772.289947509766 747.811233520508 1007.13111877441 760.93106842041 720.575416564941 721.770202636719 662.667617797852 668.635818481445 736.60404586792 742.72843170166 790.149749755859 1814.69409179688
692.648073196411 613.316093444824 652.370157241821 610.682907104492 732.937361717224 627.749340057373 660.801658630371 608.469673156738 557.871704101562 655.94303894043 507.324157714844 589.045860290527 772.162948608398 774.628402709961 768.040603637695 820.626106262207 693.187210083008 763.653686523438 624.500335693359 979.56404876709 785.135597229004 808.871898651123 749.480228424072 679.241058349609 771.881332397461 802.082780838013 553.405151367188 739.970092773438 772.510637581348 719.788200378418 866.472438812256 670.372875213623 648.428611755371 758.390659332275 542.772933959961 695.005443572998 644.253616333008 903.755184173584 782.952144622803 724.436813354492 631.315734863281 703.812606811523 646.3251953125 697.624702453613 701.141609191895 642.101257324219 768.819746017456 646.457092285156 1218.25076293945 1498.12164306641
811.736846923828 714.10135269165 692.764855384827 612.366306304932 552.807479858398 539.739501953125 764.451431274414 646.120868682861 749.833969116211 750.739818572998 606.116363525391 574.793952941895 653.918964385986 815.873916625977 801.92276763916 605.451751708984 726.798734664917 729.458686828613 709.861200332642 598.338272094727 1045.07640838623 1060.36218261719 493.555236816406 587.476852416992 677.35669708252 764.963428497314 913.330251693726 861.615159034729 844.835510253906 874.700065612793 793.622825622559 719.732606887817 741.384126663208 779.657508850098 703.855491638184 622.680557250977 766.220775604248 675.997169494629 1218.04425811768 689.922958374023 633.739059448242 713.187049865723 780.555863380432 714.990737915039 813.133449554443 645.34228515625 625.936935424805 719.291641235352 549.180969238281 1135.09521484375
623.865898132324 610.647571563721 616.651885986328 628.924034118652 547.157577514648 623.456195831299 647.987699508667 792.805982589722 667.675300598145 698.656028747559 658.218330383301 440.809936523438 671.273351669312 829.094177246094 767.180801391602 650.49295425415 695.405889689922 640.50952911377 662.801597595215 777.195846557617 735.505481719971 611.672393798828 630.64608001709 705.54540014267 514.484603881836 629.120185852051 680.021636962891 862.668567657471 852.198150634766 1219.08448028564 824.017791748047 767.79984664917 779.169090270996 863.034164428711 722.633219718933 707.459009170532 633.071662902832 690.698348999023 772.018465042114 804.315181732178 711.615474700928 734.958414077759 612.71565246582 738.061866760254 844.632019042969 843.039218902588 662.594299316406 771.294635772705 825.571647644043 693.611740112305
628.332229614258 623.739807128906 653.724272727966 575.343406677246 466.76611328125 545.934753417969 587.810981750488 581.524078369141 656.073593139648 607.091163635254 738.614517211914 770.080047607422 639.38423538208 709.559804916382 601.049011230469 594.905006408691 565.395080566406 657.709804534912 604.648124694824 689.003995895386 825.497970581055 757.994396209717 617.287933349609 696.488983154297 696.489345550537 635.515083312988 684.627784729004 785.296203613281 739.530433654785 796.40843963623 770.327003479004 785.306838989258 834.649520874023 757.922288894653 749.853691101074 819.29557800293 719.536315917969 556.847839355469 699.657043457031 666.208213806152 888.974822998047 758.582981109619 647.211059570312 737.268932342529 758.955850601196 847.624885559082 846.753562927246 689.64111328125 870.485939025879 726.996742248535
721.367393493652 771.893463134766 778.209938049316 615.012237548828 502.59651184082 450.717315673828 673.972230911255 564.466018676758 717.253406524658 640.242488861084 611.41381072998 720.301067352295 750.042465209961 588.028587341309 665.798971176147 452.224960327148 478.576919555664 537.346260070801 767.518081665039 733.669229507446 896.405853271484 883.100402832031 797.091995239258 692.413755893707 587.117233276367 538.518905639648 647.80786895752 685.021091461182 773.699345707893 699.058038711548 782.152122497559 801.407360076904 795.173622131348 744.083795547485 689.854827880859 820.128852844238 686.580154418945 709.87890625 691.308822631836 689.846706390381 833.549896240234 778.449054718018 797.944011688232 654.512817382812 692.974746704102 741.355737686157 820.66219329834 688.240562438965 886.644515991211 717.82381439209
651.095602989197 785.323928833008 726.392742156982 624.30025100708 554.155708312988 515.96142578125 600.834571838379 569.082962036133 728.258876800537 739.604953765869 665.113826751709 758.904899597168 680.916288375854 644.247592926025 694.783428192139 594.426086425781 519.067489624023 651.639141082764 618.46817779541 695.783416748047 660.108589172363 776.084976196289 827.445388793945 869.021133422852 634.477645874023 634.084465026855 595.093910217285 614.737144470215 645.601928710938 739.029272079468 705.587440490723 810.725570678711 639.562835693359 713.465450286865 625.16227722168 680.404445648193 633.650489807129 811.262794494629 737.486161231995 751.64235496521 676.800415039062 739.442277908325 771.32683467865 740.84995174408 746.754950523376 719.349983215332 728.437084197998 763.655670166016 701.160118103027 839.691818237305
647.663293242455 794.043395996094 665.816102385521 666.426634788513 656.759651184082 550.309684753418 656.843435287476 724.135208129883 779.335807800293 711.686454772949 767.691413879395 606.647171020508 556.637268066406 662.495407104492 658.744784355164 701.889654159546 577.015609741211 633.665077209473 662.972049713135 620.347534179688 710.151386260986 678.258975982666 711.145851135254 801.474426269531 674.808410644531 733.309410631657 577.717147827148 727.19891166687 647.947128295898 784.24681854248 798.601776123047 840.90299987793 745.767297744751 680.0390625 690.871067047119 660.134868621826 776.505197525024 781.011367797852 764.116771697998 714.439998626709 625.143905639648 693.74015045166 811.598449707031 928.943450927734 782.905376434326 820.849578857422 823.372169494629 824.371185302734 684.024528503418 720.860328674316
