simdem/realisation25.asc
NCOLS 350 
NROWS 171 
XLLCORNER 152620 
YLLCORNER 418050 
CELLSIZE 100 
NODATA_value -9999 
[rows 0 to 21 of 171, columns 100 to 149 of 350]
-9999 -9999 -9999 -9999 -9999 -9999 -9999 -9999 -9999 -9999 -9999 -9999 -9999 -9999 -9999 -9999 -9999 -9999 -9999 -9999 -9999 -9999 -9999 -9999 -9999 -9999 -9999 -9999 -9999 -9999 -9999 -9999 -9999 -9999 -9999 -9999 -9999 -9999 -9999 -9999 -9999 -9999 -9999 -9999 -9999 -9999 734.469097137451 908.534683227539 820.843780517578 605.826292037964
-9999 -9999 -9999 -9999 -9999 -9999 -9999 -9999 -9999 -9999 -9999 -9999 -9999 -9999 -9999 -9999 -9999 -9999 -9999 -9999 -9999 -9999 -9999 -9999 -9999 -9999 -9999 -9999 -9999 -9999 -9999 -9999 -9999 -9999 -9999 -9999 -9999 -9999 -9999 -9999 699.343494415283 606.910614013672 673.461380004883 847.527969360352 725.488624572754 855.886276245117 828.30541229248 660.172216415405 600.772396087646 524.749898552895
-9999 -9999 -9999 -9999 -9999 -9999 -9999 -9999 -9999 -9999 -9999 -9999 -9999 -9999 -9999 -9999 -9999 -9999 -9999 -9999 -9999 -9999 -9999 -9999 -9999 -9999 -9999 -9999 -9999 -9999 -9999 -9999 -9999 -9999 -9999 -9999 -9999 850.646095275879 693.034652709961 539.741622924805 616.705589294434 703.689002990723 792.946496963501 760.487525939941 805.904724121094 645.445997238159 568.983066558838 422.2275390625 410.443374633789 402.62109375
-9999 -9999 -9999 -9999 -9999 -9999 -9999 -9999 -9999 -9999 -9999 -9999 -9999 -9999 -9999 -9999 -9999 -9999 -9999 -9999 -9999 -9999 -9999 -9999 -9999 -9999 -9999 -9999 -9999 -9999 -9999 -9999 -9999 -9999 814.186058044434 879.614669799805 788.909906387329 687.325960159302 571.165092468262 422.945007324219 509.149555206299 593.936218261719 701.933605194092 720.00891494751 796.480461120605 734.587593078613 450.473434448242 743.100255489349 647.803749084473 417.249397277832
-9999 -9999 -9999 -9999 -9999 -9999 -9999 -9999 -9999 -9999 -9999 -9999 -9999 -9999 -9999 -9999 -9999 -9999 -9999 -9999 -9999 -9999 -9999 -9999 -9999 -9999 -9999 -9999 -9999 -9999 -9999 -9999 712.244604110718 760.588104248047 765.209663391113 707.343755424023 633.603729248047 732.851106643677 646.159029006958 645.774909973145 522.57137298584 552.085319519043 615.038993835449 728.375095367432 772.665260314941 692.838619232178 692.389099121094 576.081436157227 636.858848571777 622.746315002441
-9999 -9999 -9999 -9999 -9999 -9999 -9999 -9999 -9999 -9999 -9999 -9999 -9999 -9999 -9999 -9999 -9999 -9999 -9999 -9999 -9999 -9999 -9999 -9999 -9999 -9999 -9999 -9999 -9999 -9999 578.247039794922 502.254623413086 503.458267211914 711.617134094238 644.406749725342 780.959259033203 684.977499008179 628.782272338867 596.031669616699 545.496292114258 533.53776550293 601.726852416992 615.692268371582 821.601360321045 940.724380493164 850.753692626953 805.031785964966 821.361740112305 680.275512695312 651.820068359375
-9999 -9999 -9999 -9999 -9999 -9999 -9999 -9999 -9999 -9999 -9999 -9999 -9999 -9999 -9999 -9999 -9999 -9999 -9999 -9999 -9999 -9999 -9999 -9999 -9999 -9999 -9999 550.617374420166 797.663764953613 639.871536254883 531.082580566406 598.461421966553 578.222623825073 568.864883422852 774.725173950195 620.292566299438 668.451156616211 626.655010223389 635.934101104736 635.217086791992 701.467613220215 618.816390991211 692.713920593262 776.577959060669 666.868438720703 727.527544021606 1035.87206840515 991.200462341309 835.045524597168 915.706428527832
-9999 -9999 -9999 -9999 -9999 -9999 -9999 -9999 -9999 -9999 -9999 -9999 -9999 -9999 -9999 -9999 -9999 -9999 -9999 -9999 -9999 -9999 -9999 -9999 621.762367248535 721.028323173523 689.975173950195 631.770038604736 620.619937896729 727.014190673828 598.449962615967 596.335535049438 643.545417785645 575.456960678101 638.565246582031 541.838405609131 640.234977722168 574.315536499023 454.945755004883 660.97045135498 829.610619544983 754.86067199707 892.270740509033 911.743062019348 943.989791870117 888.619842529297 894.847877502441 1047.29101371765 877.193305969238 1136.38093566895
-9999 -9999 -9999 -9999 -9999 -9999 -9999 -9999 -9999 -9999 -9999 -9999 -9999 -9999 -9999 -9999 -9999 -9999 -9999 -9999 -9999 -9999 694.205904006958 672.920486450195 708.864151000977 622.293185949326 621.71521282196 572.208713531494 540.49893951416 611.228290557861 654.360389709473 670.39453125 703.691879272461 616.221130371094 615.497037887573 495.222854614258 583.237013354897 598.330184936523 546.790481567383 793.158905982971 1009.5193901062 560.160263061523 696.161496162415 706.940612792969 626.697509765625 1019.17512130737 671.336040496826 808.95630645752 790.530731201172 726.513137817383
-9999 -9999 -9999 -9999 -9999 -9999 -9999 -9999 -9999 -9999 -9999 -9999 -9999 -9999 -9999 -9999 -9999 -9999 -9999 955.994491577148 598.592498779297 605.856033325195 655.247177124023 696.481781005859 598.288711547852 554.401634216309 555.173408508301 471.387619018555 512.324424743652 527.21558380127 743.69221496582 609.494400024414 533.705318450928 617.494335174561 682.086219787598 510.164588928223 502.651237487793 545.421550750732 533.274070739746 818.704765319824 749.11096572876 522.257247924805 610.98120880127 654.649154663086 641.970096588135 660.988098144531 732.434074401855 720.668617248535 758.34916305542 673.507808685303
-9999 -9999 -9999 -9999 -9999 -9999 -9999 -9999 -9999 -9999 -9999 -9999 -9999 -9999 -9999 -9999 -9999 1107.23161315918 1143.35977935791 1057.11896896362 551.290260314941 440.164993286133 480.005325317383 675.724662780762 457.913642883301 616.83166885376 495.396942138672 589.23397064209 662.800701141357 499.877319335938 647.866310119629 511.971519470215 392.493881225586 562.257035255432 648.126449584961 625.181221008301 497.578689575195 590.952678203583 774.782264709473 762.791786193848 775.33332824707 649.966255187988 662.21665763855 704.704593658447 659.70337677002 739.600891113281 697.847024917603 706.756568908691 687.443092346191 583.522201538086
-9999 -9999 -9999 -9999 -9999 -9999 -9999 -9999 -9999 -9999 -9999 -9999 -9999 -9999 556.189842224121 766.074989318848 800.276779174805 1048.84688949585 980.117060184479 928.336265563965 813.013442993164 514.801162719727 577.313517838717 587.643840789795 653.337503433228 603.76091003418 619.233112335205 659.916021347046 650.869064331055 593.982574462891 519.338272094727 452.04167175293 568.626490592957 575.185956478119 467.992073059082 691.820693969727 665.224075317383 562.234472751617 653.97550034523 554.530853271484 648.079917907715 614.045051574707 732.051128387451 619.639850616455 566.88126373291 580.063354492188 623.754829406738 667.773892402649 764.865997314453 647.026072978973
-9999 -9999 -9999 -9999 -9999 -9999 -9999 -9999 -9999 -9999 -9999 -9999 820.53483581543 618.190010070801 532.522621154785 752.619815826416 666.60680770874 668.908279418945 995.719533920288 1009.97327804565 817.119323730469 417.9443359375 606.207552909851 592.059337615967 657.282884597778 780.545395851135 645.362289428711 657.148778915405 620.164440155029 627.072662353516 459.124336242676 490.069999694824 297.786987304688 516.689498901367 501.676750183105 503.710243225098 506.731777191162 606.316997528076 594.049896240234 600.800270080566 754.45426940918 731.69263458252 558.604721069336 510.512023925781 446.259796142578 583.629306793213 567.859275817871 650.637575149536 727.474403381348 661.927253723145
-9999 -9999 -9999 -9999 -9999 -9999 -9999 -9999 -9999 -9999 1037.78018188477 841.641761779785 788.037490844727 629.368034362793 584.275260925293 454.446929931641 652.814750671387 599.974943161011 524.613822937012 617.83349609375 512.159400939941 474.866737365723 531.441101074219 774.689846038818 737.080707550049 837.655288696289 576.177001953125 786.737483501434 696.483346939087 560.941360473633 578.109107017517 440.895072937012 402.614749908447 541.820892333984 492.052101135254 555.416181564331 596.255756378174 606.591739654541 609.424068450928 589.346751213074 705.557697296143 657.811608552933 622.15495300293 581.945838928223 545.971298217773 640.469565391541 653.843574523926 622.221496582031 566.77857208252 725.326751708984
764.921792030334 708.877799987793 706.488384246826 757.063747406006 718.337242126465 551.758414268494 528.138973236084 574.466238021851 669.12922668457 587.512176513672 968.334564208984 785.948181152344 499.294860839844 535.468040466309 590.734100341797 580.566360473633 576.825359344482 544.081268310547 638.015621185303 528.50316619873 579.553818702698 617.505195617676 620.558174133301 714.479080677032 730.077707290649 886.246917724609 887.732086181641 882.938430786133 786.733757019043 506.705657958984 549.66951751709 523.399551391602 616.453704833984 540.619995117188 539.820304870605 522.103057861328 664.292862892151 555.22416305542 543.970565795898 686.873436927795 703.766445159912 700.383285522461 568.075379371643 580.984382629395 559.723831176758 594.029530525208 609.039449453354 658.328231811523 649.866554260254 690.416367530823
744.227920532227 816.053649902344 756.408765077591 639.85241317749 651.356743812561 462.996988296509 558.530052185059 509.882617950439 495.575225830078 477.302612304688 769.007690429688 674.413510322571 653.133111953735 629.039330005646 741.250595092773 661.407482147217 474.551818847656 460.442443847656 747.087066650391 618.468101501465 679.624628067017 661.25977897644 469.398910522461 750.909592628479 721.316482543945 612.675403594971 856.908447265625 634.263092041016 837.201782226562 632.348365783691 482.56109046936 546.978225708008 524.915875434875 316.481185913086 445.936943054199 719.660673141479 711.271110534668 649.120630264282 516.489555358887 613.277933120728 743.978080749512 673.085172653198 524.810832977295 461.692581176758 501.957244873047 1181.03345489502 931.872805595398 795.983501434326 609.727968931198 547.197225570679
581.915319442749 691.704788208008 598.777225494385 628.430421829224 667.024810791016 386.893733978271 370.842956542969 395.211177825928 301.358627319336 576.129051208496 395.129501342773 433.415088653564 402.342803955078 652.638335227966 728.454666137695 593.431442260742 552.622161865234 752.415660619736 772.527987480164 740.410734176636 639.424171447754 1048.46518707275 718.96996307373 730.836978912354 705.658569335938 744.271919250488 605.007179260254 817.002555847168 495.221912384033 629.5556640625 811.63005065918 781.173400878906 504.89323425293 783.969038009644 587.328014373779 738.943250060081 600.180458068848 389.416229248047 479.512435913086 610.610610961914 697.061321258545 638.832641601562 847.803312301636 766.302001953125 716.995203971863 592.412338256836 605.716758728027 679.781785964966 578.96106338501 655.931018829346
698.421165466309 659.746095657349 635.556060791016 590.089742660522 794.098552703857 704.989055633545 771.621208190918 1020.16963195801 431.156951904297 424.87223815918 550.484809875488 475.844836473465 673.160614013672 671.333267211914 686.783294677734 578.339050292969 709.561176300049 868.738265991211 540.295648574829 764.777263641357 683.218425750732 541.182876586914 629.17724609375 848.936874389648 715.989044189453 721.300735473633 704.88501739502 787.280799865723 654.024082183838 679.632453918457 612.259170532227 798.84342956543 558.561943054199 612.662153244019 508.311126708984 1007.28424072266 402.353668212891 256.131072998047 520.507637023926 473.818222045898 1288.51912879944 749.087430477142 691.576438903809 566.353607177734 683.550241470337 690.012172698975 772.781400680542 712.170768737793 573.285736083984 622.042720794678
678.985575675964 506.633270263672 990.625289916992 622.121927261353 674.830383300781 680.543089866638 755.131423950195 1037.82350158691 564.003192901611 580.672332763672 693.996212005615 823.759590148926 643.184852600098 832.033020019531 556.696136474609 734.683349609375 822.642639160156 666.016361236572 563.817994117737 744.164505004883 557.359710693359 575.710815429688 612.677764892578 671.012806415558 580.586799621582 589.041404724121 684.835540771484 605.821029663086 1054.71893310547 772.254638671875 632.795017242432 786.693063735962 1086.18468952179 1079.72715759277 700.82666015625 904.515441894531 775.765411376953 717.987869262695 521.004905700684 607.328342437744 604.032957077026 581.86208152771 339.713562011719 425.885437011719 715.01830291748 631.202085912228 624.171127319336 638.474641799927 669.443359375 567.230648040771
591.786849975586 796.380867004395 1147.90945053101 721.659557342529 777.957992553711 709.812606811523 1003.46756362915 1241.87743759155 811.63069152832 612.843856811523 902.869220733643 998.557552814484 909.343399047852 1114.48933410645 499.091598510742 1342.66960144043 705.058849334717 683.306085586548 375.677307128906 797.22265625 679.587753295898 641.383506774902 533.34049987793 499.119140625 1140.32287597656 1072.36623382568 813.664753437042 659.335370063782 636.047264099121 586.799852371216 520.389949798584 682.524291992188 616.424041748047 605.67972278595 720.483039855957 1099.86079406738 382.924285888672 542.427780151367 586.420051574707 655.440636873245 576.059158325195 558.250455856323 625.958106994629 667.996295928955 636.433985710144 784.225814819336 621.348173379898 600.988988876343 583.850593566895 593.00319480896
520.310989379883 598.110126495361 538.099182128906 573.05916595459 374.109603881836 636.504455566406 783.713050842285 591.104522705078 936.977489471436 557.763381958008 568.225059509277 906.564514160156 682.601722717285 989.491577148438 1042.64057922363 1168.06188774109 1293.01065444946 1260.32067489624 463.259185791016 469.666900634766 693.805801391602 472.46223449707 961.457504272461 375.707382202148 443.865463256836 1194.20258712769 510.301872253418 681.447196960449 570.159009933472 499.561290740967 544.159259796143 700.529609680176 590.496761322021 711.972724914551 648.761218070984 741.589904785156 666.813191413879 581.972785949707 648.22728729248 572.461921691895 667.174112558365 868.631713867188 676.163209915161 574.862552642822 584.310392379761 662.150779724121 633.28217458725 712.107467651367 531.303825378418 651.124717712402
489.283821105957 606.14703130722 622.90934753418 569.850518941879 605.655709266663 740.414764404297 658.263241767883 883.271066665649 617.643173217773 656.489589691162 735.924173355103 799.742141723633 610.677322387695 798.340562820435 564.896778106689 2151.51383972168 1019.97616577148 581.898406982422 440.78239440918 1071.60631561279 899.715581893921 533.524024963379 345.175079345703 717.247283935547 992.583267211914 1431.40522766113 901.905364990234 841.675757169724 554.690977096558 579.829465389252 631.313159942627 837.515518188477 667.421604156494 756.744857788086 628.834271550179 704.613098144531 704.787391662598 732.068740844727 705.691930770874 630.089920043945 630.057464599609 628.986336827278 634.877767801285 579.281356811523 571.558277130127 673.622592926025 609.179615020752 589.809543609619 664.590068817139 539.920745849609
