simdem/realisation14.asc
NCOLS 350 
NROWS 171 
XLLCORNER 152620 
YLLCORNER 418050 
CELLSIZE 100 
NODATA_value -9999 
[rows 22 to 43 of 171, columns 150 to 199 of 350]
629.929262161255 697.540885925293 767.446899414062 645.449469566345 577.011291503906 591.691635131836 588.662326812744 582.682912826538 617.737945556641 439.144836425781 504.907302856445 639.146629333496 693.611206054688 603.345443725586 666.093124389648 629.801734924316 1029.33869934082 671.696533203125 618.696132659912 674.490928649902 773.597130775452 622.792785644531 986.905776977539 776.840908050537 812.004421234131 590.105926513672 770.858871459961 535.112380981445 608.282508850098 499.892028808594 559.542999267578 541.029140472412 547.586128234863 575.461141586304 512.761856079102 661.210207700729 560.113311767578 784.129920959473 607.299926757812 477.430969238281 647.477794647217 725.280860900879 669.968532800674 523.45817565918 534.064949035645 556.243576049805 625.282634735107 562.007453918457 746.945739746094 891.536911010742
633.856254577637 643.326208591461 717.183052062988 721.784324645996 649.983905792236 536.297142028809 560.712257385254 501.806381225586 445.55859375 432.190124511719 459.30647277832 585.623245239258 525.605255126953 641.888397216797 704.608657836914 663.461006164551 553.948425292969 963.260971069336 839.564094543457 741.163688659668 883.824028015137 573.370666503906 842.400657653809 831.320823669434 776.025344848633 639.684280395508 838.541839599609 766.799713134766 464.983016967773 527.823303222656 611.146854400635 602.233394622803 623.747054100037 645.610915660858 576.828338623047 630.566226959229 530.236434936523 716.536239624023 560.185424804688 536.005310058594 686.072919845581 609.71061706543 525.566986083984 663.696446657181 744.819568634033 563.999412536621 714.041254043579 689.486198425293 834.593063354492 813.607528686523
612.722883224487 561.996814250946 729.684852600098 598.222639083862 684.608268737793 602.417384147644 545.933143615723 512.454383850098 410.660491943359 567.397537231445 603.220832824707 651.34049987793 927.39835357666 756.566543579102 543.627555847168 1240.9708404541 707.563552856445 736.09056854248 751.865547180176 769.779716491699 738.282417297363 623.454833984375 698.825498998165 789.720268249512 887.317413330078 609.103408813477 598.482460021973 674.008337020874 684.10514831543 576.392078399658 673.366186141968 593.408538818359 636.612075567245 595.456909179688 560.691207885742 706.477111816406 602.664100646973 689.55309677124 586.122734069824 704.807584762573 684.155181884766 677.628708362579 558.317016601562 618.776302337646 629.881469726562 530.044815063477 614.007461547852 590.168601989746 810.068809509277 754.648460388184
562.145193099976 487.129913330078 583.938296318054 545.143241882324 627.545339584351 537.774471282959 541.22843170166 519.568511962891 539.639625549316 573.622344970703 608.933929443359 620.827083587646 1096.85069656372 520.669631958008 782.843353271484 589.00163269043 513.674102783203 1013.40908050537 668.016227722168 630.244201660156 869.31184387207 941.567779541016 754.28422164917 758.371467590332 638.957183837891 575.141380310059 603.390396118164 568.925445556641 560.10701751709 549.674007415771 599.238426208496 639.410377502441 598.131595611572 558.499824523926 665.490217208862 741.855979919434 748.836082458496 771.741714477539 670.69601726532 647.498802185059 710.895314455032 645.311187744141 697.102282524109 729.608673095703 771.299682617188 796.887092590332 650.157676696777 645.54704284668 659.199054718018 696.428579330444
567.885992050171 578.206848144531 685.64387512207 747.947006225586 575.17407989502 483.322158813477 477.172470092773 560.34939956665 721.899948120117 691.371757507324 690.005752563477 546.834503173828 612.409484863281 619.579582214355 546.175224304199 748.962825775146 687.631519317627 781.137693405151 574.710342407227 717.308536529541 560.328399658203 738.500450134277 806.250350952148 681.750085830688 818.268035888672 691.849179267883 768.944229125977 444.828308105469 453.275756835938 547.293159484863 814.747543334961 670.151445388794 567.260070800781 528.063316345215 625.876793861389 670.0495262146 729.202125549316 631.958752632141 783.485801696777 674.793760299683 678.802883148193 721.968955993652 742.961883544922 694.876450538635 608.739356994629 814.001449584961 734.37815284729 724.48014831543 755.521461486816 664.787239074707
634.717449188232 597.659893035889 642.035419464111 647.993171691895 563.572048187256 500.648513793945 538.249855041504 580.221870422363 567.09419631958 510.064254760742 469.033485412598 539.740303039551 574.07795715332 434.140045166016 620.162338256836 854.110420227051 760.778591156006 668.219139099121 533.876152038574 645.784423828125 754.395503997803 839.551042556763 602.269622802734 526.786437988281 666.62152671814 869.478496551514 730.967418670654 592.539474487305 539.961921691895 623.252216696739 737.187683105469 671.224533081055 480.291168212891 573.708961486816 721.190828323364 737.256317138672 622.336614608765 656.014988183975 621.948192596436 741.432891845703 777.829971313477 706.06517791748 601.842884063721 703.733810424805 620.068378448486 620.955076217651 657.625767230988 805.90104675293 642.666679859161 702.585960388184
657.614929199219 575.394287765026 622.55086517334 661.297569274902 548.830462813377 502.728538513184 388.74348449707 497.089172363281 408.537063598633 455.17512512207 568.744155883789 1098.02389526367 584.686187744141 730.313766479492 668.355911254883 1265.14385223389 625.784358978271 1094.35874938965 430.318634033203 906.85250377655 900.678993225098 971.046325683594 513.323593139648 550.461380004883 609.553596496582 659.260246276855 622.158008575439 787.01293182373 623.418797373772 752.596954345703 799.380035400391 693.150604248047 644.154598236084 510.949668884277 646.004636764526 670.841606140137 624.950435638428 557.272186279297 695.736328125 659.525840759277 803.643489837646 1132.49377441406 753.84944152832 651.515396118164 511.584777832031 517.727569580078 503.472702026367 602.709011077881 646.383209228516 541.264350891113
648.519500732422 591.605823516846 590.493785858154 554.610779762268 425.324523925781 407.616073608398 477.64143371582 570.228115081787 400.039016723633 458.219985961914 501.79035949707 929.330619812012 851.176487445831 881.237945556641 823.144794464111 809.656726837158 539.181976318359 352.614715576172 459.707443237305 662.916812896729 1114.86756896973 783.869178771973 690.34677696228 732.419219970703 634.576352596283 569.828163146973 503.928375244141 739.033145904541 763.387130737305 636.147769927979 700.525505065918 617.511573791504 609.748737335205 612.067623138428 687.27562713623 595.539827346802 624.847529411316 667.755645751953 569.211460113525 599.368419647217 542.028938293457 807.160957336426 731.613914489746 530.724090576172 619.452578544617 609.981369972229 501.454071044922 571.243686676025 597.419439315796 619.856464385986
604.363960266113 617.328071594238 649.650032043457 574.40318107605 429.352874755859 522.034423828125 576.451910018921 535.501136779785 625.442108154297 531.210388183594 806.208891868591 961.483366966248 1013.30369186401 736.659446716309 668.155166625977 512.401252746582 367.407684326172 445.859634399414 587.26541352272 755.832515716553 800.534355163574 854.481964111328 722.747718811035 665.387098312378 630.369253993034 802.613037109375 834.694137573242 633.442534446716 678.254905700684 687.260360717773 683.926002502441 655.132705688477 547.756889343262 489.903022766113 649.959129333496 575.393087387085 668.875400543213 635.92359161377 505.580123901367 507.86206817627 701.729141235352 563.088020324707 510.415565490723 633.962993621826 559.771339416504 407.970855712891 525.640480041504 509.180618286133 523.226661682129 617.422729492188
496.229515075684 740.69953918457 726.983856201172 556.974223136902 523.409955024719 443.162322998047 513.43395614624 331.945022583008 582.417307376862 739.640907287598 643.727554321289 709.547896385193 955.559135437012 628.827759742737 460.375183105469 562.680572509766 457.580200195312 569.064708709717 708.570152282715 524.893104553223 575.213805913925 506.710784912109 565.187285900116 680.622447967529 702.184104919434 761.233764648438 724.469318389893 584.702159881592 578.127058029175 558.846685409546 523.206272125244 607.811576843262 608.433494567871 522.907234191895 581.724650740623 461.398460388184 469.480186462402 565.870586395264 658.43807220459 564.078769683838 656.277282714844 574.436645507812 683.345664978027 517.606063842773 472.292404174805 618.085178375244 513.023578643799 398.098007202148 434.995620727539 626.19104385376
440.629051208496 535.75146484375 644.888000488281 692.17204284668 572.281997680664 560.248747065663 410.766799926758 404.964416503906 810.318187713623 648.711189508438 803.129219055176 697.732414245605 627.360418319702 660.535858154297 518.490272521973 464.948883056641 607.409708976746 686.304206848145 658.011749267578 565.710835456848 582.880420684814 463.433151245117 582.543261528015 648.194602966309 603.904266357422 502.260585784912 659.503387451172 490.11637878418 502.35205078125 575.648864746094 556.536172866821 621.604091644287 665.285438537598 624.918193817139 445.801292419434 508.399688720703 407.325820922852 529.271530151367 620.893501281738 603.305295705795 737.881393432617 665.106439590454 536.968288421631 608.819255828857 522.544124603271 627.083190917969 447.080406188965 391.727874755859 332.195434570312 427.792114257812
302.819869995117 332.38981628418 527.151432037354 673.297897338867 679.412261962891 594.433959960938 543.036371231079 520.287097930908 630.902256011963 460.942611694336 496.609848022461 555.12007522583 646.023998260498 424.133331298828 648.301292419434 499.267013549805 543.671920776367 675.510437011719 524.253566741943 592.233051300049 671.512428283691 535.519802093506 508.83646774292 518.592464447021 733.789077758789 614.639217376709 450.404708862305 636.592056274414 435.369651794434 567.514966964722 584.240787625313 631.130027770996 647.191696166992 586.332685470581 606.303665161133 570.820772096515 627.190341949463 606.944412231445 649.448699951172 522.510292053223 663.671279907227 550.02579498291 479.70304107666 543.776727676392 394.960037231445 575.411308288574 508.393199920654 365.44612121582 432.872375488281 489.847068786621
369.616058349609 306.826309204102 598.913627624512 757.666061401367 746.610763549805 510.610069274902 387.811828613281 594.665563583374 634.876983642578 619.186962127686 607.166652679443 569.585433959961 500.650177001953 574.406631469727 471.108520507812 635.948425292969 528.113777160645 610.515506744385 573.354474425316 559.213737905025 515.367069244385 489.997123718262 492.902950286865 583.971605300903 556.851272106171 707.780433654785 538.963024139404 528.810977935791 536.829008102417 610.698745727539 733.346420288086 599.47834777832 620.108619689941 549.73228263855 584.177192211151 473.309158325195 586.051956176758 695.836441040039 649.718971252441 664.693672180176 630.502891540527 572.986262321472 505.967315673828 487.554618835449 600.630752563477 545.632015228271 386.09846496582 576.523078918457 651.998331069946 506.744911193848
499.269237518311 415.169998168945 443.9169921875 601.126407623291 611.669868469238 509.813835144043 504.616851806641 569.888572692871 718.17431640625 666.105995178223 608.430089950562 653.353546142578 479.565940856934 566.777353286743 579.134082794189 502.430774688721 431.994972229004 446.45866394043 521.843595504761 524.422033786774 572.029518127441 572.694468021393 548.366310119629 668.081085205078 689.245697021484 542.786110877991 505.402359008789 700.595935821533 568.609117507935 547.725805282593 615.557540893555 607.296169281006 516.539367675781 579.269701957703 693.50821685791 524.837409973145 612.067253112793 647.590660095215 576.676177978516 500.159507751465 635.085395812988 641.114181518555 716.610488891602 469.835525512695 1018.89147949219 421.740982055664 454.234565734863 481.98974609375 509.29691696167 586.57865524292
500.737506866455 504.129680633545 528.435207366943 647.40406036377 533.068088769913 466.987632751465 504.159225463867 602.194471359253 505.573379516602 569.031475067139 625.38879776001 524.462856292725 567.178095817566 474.377731323242 501.1213722229 575.820812225342 451.812622070312 370.794204711914 437.469253540039 494.219486236572 567.856981277466 561.817407608032 614.410633087158 594.440467834473 624.913223266602 659.877182006836 709.455581665039 756.009990692139 677.846206665039 645.768333435059 697.139312744141 551.162242889404 570.188942909241 619.95435333252 646.394954681396 562.902603149414 654.829666137695 627.727291107178 654.767490386963 540.858630180359 669.710327148438 590.107444763184 556.087832212448 495.896697998047 816.20246887207 377.125778198242 474.70622253418 540.781913757324 603.601585388184 537.215866088867
557.37683391571 557.545746326447 566.307085990906 742.645050048828 555.00630068779 586.733598709106 556.769965171814 522.640361785889 512.577739715576 660.320960998535 545.942361831665 570.386362075806 615.429565429688 497.604984283447 459.918533325195 382.964141845703 419.000778198242 460.259258270264 435.333465576172 433.793083190918 551.389156341553 586.469661712646 540.636674880981 525.203719139099 575.621437072754 690.431732177734 690.155868530273 639.484363555908 859.457344055176 618.694442749023 624.828147888184 588.452621459961 602.086303710938 517.489486694336 542.834814071655 682.066482543945 578.02759552002 468.459136962891 477.549201965332 552.548195362091 641.131652832031 619.304664611816 447.661842346191 378.07453918457 441.768005371094 575.524700164795 624.20320892334 568.220649719238 681.172752380371 526.841930389404
650.80394744873 571.802619159222 666.77872467041 685.446182250977 707.748184204102 679.061892986298 564.518074035645 556.597019195557 520.23811340332 666.516578674316 557.549041748047 548.327606201172 616.525321960449 583.459506034851 567.353673458099 435.754989624023 474.531768798828 441.87483215332 466.518321990967 458.245544433594 514.756633758545 499.532695770264 603.872119903564 544.602046966553 663.14673614502 610.072052001953 584.380001068115 688.127723693848 876.338233947754 603.268935322762 639.386177062988 450.057243347168 387.463104248047 447.38232421875 592.313976287842 502.75909614563 476.85013961792 470.253395080566 598.543907165527 494.4352684021 622.605781555176 570.623776435852 500.401966094971 514.485492706299 570.60474395752 529.721015930176 522.545211791992 644.638633728027 547.676355361938 535.521469116211
614.999462127686 551.354430198669 705.302124023438 613.673950195312 590.080558776855 651.453323364258 675.382904052734 482.281517028809 417.78303527832 604.503871917725 686.284934997559 591.130010128021 519.759365081787 520.179538726807 482.086143493652 474.463218688965 554.580604076385 605.753189086914 568.65040397644 604.304500579834 579.228614807129 588.939933776855 662.883934020996 544.992640733719 427.507028579712 638.931007385254 631.771690368652 604.104671478271 949.046966552734 1180.52473449707 655.669418334961 487.976936340332 508.053778648376 479.227149963379 539.114047050476 556.559106826782 576.791599273682 486.561290740967 595.393627166748 484.957160949707 543.292015075684 462.282577514648 420.304084777832 386.100830078125 579.420734405518 447.142204284668 542.232795238495 632.654685974121 501.136447906494 535.713371276855
565.371101379395 684.51301574707 566.105376243591 635.300315856934 614.197654724121 473.461179733276 600.226341247559 525.51668548584 643.852249145508 724.363357543945 536.207956314087 531.564064025879 517.485702514648 516.750648498535 521.321494102478 487.940464019775 594.976099491119 633.022647857666 648.90779876709 429.821804046631 442.691352844238 522.307279586792 569.285778045654 578.163402557373 602.469383239746 671.474021911621 611.223003387451 762.438302993774 727.767944335938 713.075485229492 714.860916137695 651.046951293945 632.761016845703 475.748191833496 560.33455657959 511.854570388794 566.181169509888 422.190544128418 510.969295501709 543.050303883851 418.791954040527 509.880123138428 522.837250709534 512.209480285645 251.585876464844 487.575527191162 462.230445861816 616.266708374023 377.364334106445 455.226600646973
552.473599433899 441.115997314453 336.096145629883 487.961338043213 445.657585144043 577.496776580811 599.534030914307 586.897220611572 660.318740844727 671.59281539917 570.852474212646 611.347534179688 612.209411621094 625.884742736816 411.883293151855 492.902652740479 526.067821502686 467.255935668945 595.405265808105 544.017169952393 581.97842502594 519.067317962646 571.025234222412 481.258037567139 459.484001159668 613.608917236328 545.740962028503 569.645812988281 741.632034301758 606.125467300415 642.316078186035 626.694892883301 576.367012023926 555.165451049805 389.40104675293 445.55101776123 513.652862548828 577.681091308594 536.002869129181 507.883766174316 436.144485473633 470.617385864258 619.614936828613 552.583194732666 442.401565551758 446.075820922852 598.462181091309 577.612255096436 507.01538848877 516.45446395874
497.103672027588 526.673621177673 458.250297546387 322.405349731445 295.931640625 610.525123596191 570.991788864136 593.452545166016 695.966598510742 731.800003051758 561.786701202393 439.392837524414 542.00008392334 500.521985054016 546.304042339325 547.997066020966 580.828125 538.913635253906 512.432809829712 608.573883056641 586.368072509766 602.132732391357 595.846767425537 533.250315666199 669.811157226562 790.908721923828 529.055513381958 495.155288696289 681.907287597656 802.572799682617 590.316177368164 632.665852546692 528.962158203125 571.520530700684 586.144348144531 528.103638961911 443.270790100098 467.971588134766 563.283527374268 583.77613067627 508.903854370117 525.096088409424 579.112941741943 434.356872558594 403.990188598633 429.760475158691 513.881298065186 554.136135101318 476.54874420166 478.040252685547
406.365028381348 401.694869995117 402.423629760742 241.491455078125 302.626373291016 469.62931060791 581.46542930603 684.936264038086 674.198135375977 605.688117980957 627.896705627441 575.570722579956 691.572875976562 600.252014160156 588.094844818115 480.15193939209 630.756156921387 638.261993408203 523.152669906616 550.558427810669 563.81950378418 620.350540161133 488.861293792725 530.48118019104 722.376159667969 820.783538818359 664.123191833496 548.258682250977 537.128368377686 679.766410827637 788.189937591553 796.806030273438 731.954887390137 572.045188903809 569.676246643066 621.606910705566 553.471917152405 620.053104400635 785.590637207031 851.683303833008 644.100849151611 547.776933670044 851.045349121094 613.860084533691 652.103118896484 518.836326599121 540.122917175293 481.710906982422 553.578022003174 530.779949188232
