simdem/realisation45.asc
NCOLS 350 
NROWS 171 
XLLCORNER 152620 
YLLCORNER 418050 
CELLSIZE 100 
NODATA_value -9999 
[rows 44 to 65 of 171, columns 100 to 149 of 350]
360.027397155762 415.424716949463 330.073852539062 573.782852172852 546.794418334961 476.55623626709 509.291122436523 560.467193603516 438.468921661377 297.111373901367 293.707397460938 388.35466003418 521.594360351562 497.010242462158 637.485565185547 608.057281494141 598.785331726074 574.35147857666 483.653120040894 435.212720870972 359.332778930664 524.214550018311 456.551176071167 524.845867156982 582.131141662598 521.765069961548 620.792999267578 702.242889404297 571.31103515625 529.813019275665 382.170783996582 477.321299552917 370.669738769531 410.727409362793 519.472038269043 635.415237426758 448.57905960083 420.968399047852 469.393146514893 416.965812683105 426.54963684082 518.382796287537 438.676654815674 505.383907794952 567.526805877686 339.066497802734 431.804557800293 451.805397033691 528.581750869751 601.66104888916
284.09977722168 423.68648147583 419.43297958374 395.515956878662 394.408042907715 326.704208374023 383.840591430664 501.363006591797 467.225336074829 459.270643234253 409.743366241455 469.409355163574 453.495748519897 500.537487030029 548.887939453125 559.545875549316 601.633209228516 619.368881225586 634.858375549316 312.329208374023 299.739852905273 402.840637207031 569.984848022461 494.494616985321 576.178586959839 506.538173675537 602.23509979248 519.340404510498 575.285457611084 591.876792907715 550.062208175659 489.435504198074 438.266731262207 430.346504211426 454.199632644653 475.554262161255 391.768402099609 466.182542800903 455.972072601318 438.045356750488 396.407356262207 474.541841506958 585.202629089355 582.04402923584 443.419677734375 371.774574279785 406.912147521973 322.209899902344 380.878448486328 574.256294250488
349.78101348877 409.295553207397 369.774627685547 260.178771972656 323.390640258789 235.318603515625 466.776388168335 436.823596954346 517.535659790039 456.045579433441 629.253173828125 606.569671630859 581.479949951172 518.383110046387 517.690433502197 684.989685058594 547.852012634277 284.267166137695 313.418228149414 150.328216552734 235.682098388672 360.154586791992 447.311073303223 501.942428588867 469.503346443176 415.674797058105 423.66242980957 391.22770690918 503.56543636322 352.586441040039 449.90552520752 475.052257537842 343.900665283203 463.61304473877 466.292103767395 450.239192962646 399.859771728516 452.722820281982 515.929937362671 405.125480651855 416.93106842041 417.852844238281 416.510215759277 456.071197509766 381.524879455566 459.68346786499 393.163223266602 398.838478088379 531.795122146606 547.608352661133
196.732299804688 353.965827941895 364.831199645996 397.660591125488 324.354354858398 316.034042358398 416.570178985596 455.067251205444 604.455673217773 482.494457244873 620.609466552734 581.345443725586 564.602828979492 624.309051513672 526.23934173584 524.420989990234 512.657405853271 271.859741210938 301.037216186523 384.051696777344 493.418148040771 391.65185546875 461.573914527893 369.403198242188 463.920986175537 417.261383056641 563.059722900391 520.657493591309 488.344232559204 491.683807373047 568.646934509277 443.523048400879 504.304704666138 503.81116938591 481.145792722702 421.459991455078 483.750720024109 583.824745178223 424.124076843262 339.195068359375 342.62483215332 351.031860351562 360.736297607422 509.889461517334 326.118225097656 412.971031188965 400.51619720459 494.129987716675 553.916919708252 470.402355194092
230.831405639648 378.509407043457 440.973524093628 491.809959411621 369.610359191895 451.366411209106 376.762756347656 588.838272094727 613.524108886719 481.620178222656 517.658206939697 537.32795715332 556.50798034668 565.328750610352 445.475467681885 450.360256195068 402.1845703125 367.979347229004 303.70539855957 574.470878601074 485.23264169693 569.316970825195 521.144466400146 389.289184570312 461.903289794922 472.847988128662 369.076278686523 435.013931274414 440.101219177246 433.52360534668 608.428825378418 612.009422302246 490.315883636475 667.131591796875 510.840276241302 593.65113067627 431.485530853271 536.686901092529 467.592227935791 345.342483520508 405.050804138184 475.041774749756 422.808639526367 507.976811408997 422.987701416016 373.52473449707 445.090126037598 283.750503540039 395.526222229004 394.554946899414
221.449752807617 224.208206176758 329.699363708496 460.412981033325 465.988649368286 447.205829620361 423.389469146729 502.371492385864 392.705520629883 406.875816345215 505.261306762695 611.720230102539 619.493515014648 520.930038452148 605.456604003906 512.943801879883 544.519302368164 560.919357299805 525.016322135925 690.533599853516 673.306213378906 678.20361328125 418.891967773438 563.210235595703 569.141395568848 579.133544921875 437.459381103516 573.362323760986 545.525690078735 501.589290618896 579.504245758057 542.494789123535 473.845481872559 459.392486572266 561.301738739014 626.204376220703 447.260158538818 428.810169219971 378.478172302246 434.521705627441 422.047508239746 513.788534939289 481.673736572266 466.021598815918 546.414436340332 322.678482055664 539.835762023926 522.551870346069 533.361381530762 637.607612609863
328.179786682129 375.851348876953 433.437450408936 512.905822753906 431.317352294922 414.933706283569 427.93461227417 439.404712677002 447.271487236023 456.156507492065 522.293312072754 600.30322265625 420.006092071533 614.511138916016 460.291905403137 469.638739585876 470.172929763794 559.558708190918 634.196701049805 540.436601638794 542.928466796875 598.594886779785 516.7985496521 340.129211425781 389.566986083984 489.543516159058 456.043918609619 556.490413665771 499.5237865448 449.618339538574 466.485000610352 517.817596435547 546.431003570557 382.677680969238 527.563125252724 472.088729858398 631.621246337891 456.678495407104 408.225402832031 535.358781814575 509.624283313751 534.382917404175 333.990844726562 323.858795166016 403.269195556641 496.25897026062 584.620449066162 516.647508621216 607.116722106934 551.255668640137
370.523044586182 337.788993835449 514.496925354004 456.501818656921 407.283256530762 428.394411087036 397.969841003418 389.160415649414 382.385177612305 510.498058319092 545.319053649902 604.492858886719 460.762168884277 556.569351196289 552.21004486084 408.297637939453 471.346382141113 631.431167602539 591.183151245117 516.152122497559 559.121391296387 601.273406982422 645.389205932617 476.300449371338 538.758127212524 414.641212463379 506.329352378845 542.345277786255 354.749862670898 428.235916137695 495.219542503357 559.811080932617 558.375377655029 641.035858154297 549.115665435791 497.36865234375 486.723430633545 468.537738800049 311.366958618164 563.636264801025 587.330078125 580.775329589844 492.552066802979 365.028427124023 357.219329833984 711.703109741211 535.962515354156 472.913425445557 432.907466888428 549.023818969727
369.748802185059 370.574184417725 419.292224407196 416.628273010254 353.595840454102 488.294540405273 580.036926269531 535.057495117188 405.954872131348 505.354403495789 539.311103820801 551.294807434082 393.494125366211 488.898758411407 430.667232513428 416.207714080811 462.538192749023 566.841857910156 488.33078289032 546.147815704346 477.967685699463 565.384353637695 652.034042358398 512.190580368042 403.56672668457 419.56436920166 604.443801879883 450.796203613281 318.190139770508 477.452743530273 608.929496765137 554.481483459473 621.452369689941 660.657577514648 639.897644042969 624.370719909668 535.374427437782 535.611964643002 553.586469650269 458.310997009277 456.759719848633 416.559616088867 433.663589477539 409.460121154785 423.799369812012 564.785947799683 569.515815734863 465.331874847412 491.847620010376 502.143075942993
435.262806892395 381.530799865723 278.06217956543 454.978960037231 385.47078704834 368.158546447754 489.369770050049 475.73384475708 424.895439147949 452.042304992676 412.798690795898 454.03247833252 439.720317840576 449.473823547363 528.510025024414 392.929893493652 442.19458770752 554.369140625 611.933502197266 600.333282470703 488.451711654663 615.227264404297 567.536178588867 578.714714050293 495.487222671509 574.331703186035 568.234451293945 480.255802154541 379.826652526855 608.809379577637 458.66157913208 366.581970214844 586.597915649414 755.895843505859 629.186187744141 572.287872314453 502.050067901611 582.680271148682 465.782646179199 433.541664123535 579.627178192139 445.555313110352 454.182319641113 507.785257339478 673.880035400391 572.893371582031 566.17990398407 518.962264060974 492.251472473145 547.464822769165
402.765794754028 443.019416809082 319.912773132324 351.855125427246 351.267677307129 327.080703735352 403.530792236328 389.92497253418 384.839286804199 347.042358398438 384.353775024414 456.644945144653 506.185157775879 515.121055603027 549.033760070801 532.427310943604 588.441665649414 605.308731079102 763.372802734375 632.871658325195 565.248191833496 486.849174499512 594.783271789551 537.943765640259 525.469585418701 448.716655731201 431.951553344727 501.944462299347 401.793006896973 430.285018920898 533.51541519165 630.530204772949 403.834465026855 532.575505256653 617.329528808594 502.937990188599 519.638679504395 497.504583358765 479.007228851318 399.351249694824 503.895324707031 444.787124633789 541.834361076355 593.350917816162 473.541820526123 422.186965942383 575.349802017212 649.296165466309 635.781936645508 591.511337280273
311.533042907715 391.214542388916 453.029462814331 376.639492034912 448.192123413086 355.828636169434 514.657823562622 471.515997886658 466.014496326447 410.404174804688 472.332339763641 543.323417663574 561.543281555176 631.559463500977 541.176040649414 629.304634094238 539.568958282471 599.954170227051 464.21236038208 527.465824127197 604.67463684082 500.119507312775 507.91371846199 528.451898574829 527.602676391602 522.158615112305 365.887847900391 426.963874816895 589.57442855835 684.642501831055 648.370727539062 675.117309570312 451.075439453125 655.247444152832 403.903121948242 495.88402557373 486.194927215576 549.64155960083 473.224891662598 386.114814758301 389.81608581543 483.376354217529 429.533493041992 554.685014724731 488.017883300781 545.80779838562 642.556709289551 635.676170349121 661.021949768066 780.116271972656
430.346670150757 301.397613525391 367.239852905273 387.911460876465 292.350524902344 368.903007507324 499.649349212646 649.155609130859 572.774345397949 477.888122558594 476.01308631897 417.978679656982 417.651206970215 464.516933441162 494.191506385803 537.557636260986 418.303176879883 502.954750061035 358.782501220703 521.272639274597 441.290260314941 554.417863845825 488.940202713013 476.180919647217 522.648506164551 391.268157958984 453.769393920898 430.66609954834 800.756683349609 750.923049926758 660.354553222656 637.287397384644 655.403854370117 654.104614257812 748.516860961914 580.82405090332 531.934519767761 428.863929748535 709.387573242188 689.294403076172 558.605846405029 575.204071044922 479.259506225586 427.896415710449 537.316648483276 522.69386100769 564.759583473206 617.359146118164 655.098976135254 663.01806640625
433.034796714783 472.933250427246 383.630439758301 306.308486938477 214.86296081543 371.214408874512 474.713106870651 366.479949951172 326.489570617676 496.52349281311 357.972625732422 477.502437591553 483.152347564697 431.678943634033 418.492084503174 595.020317077637 437.568450927734 298.179153442383 463.978783607483 487.983294487 539.222938537598 454.893478393555 496.744857788086 454.271214485168 521.890129089355 382.393463134766 454.09619140625 440.004558563232 662.488647460938 669.396499633789 719.043914794922 729.98779296875 720.989379882812 726.783538818359 617.834091186523 511.537460327148 513.465518951416 459.349456787109 630.407956600189 573.700427174568 642.708782196045 598.346744537354 438.69229888916 582.986282348633 570.511156082153 509.728965759277 528.714693069458 527.643020629883 567.611818790436 554.072924174368
393.411205291748 429.30823558569 405.50271987915 579.512138366699 423.647087097168 332.714164733887 199.871612548828 415.350475311279 232.703323364258 326.929183959961 374.354995727539 522.69556427002 495.491737365723 449.253074645996 368.451301574707 474.806222915649 396.004432678223 564.500511169434 432.677783966064 523.459255218506 485.500614285469 540.146018981934 537.683769226074 409.393356323242 515.763872146606 465.332946777344 578.595550537109 398.817344665527 547.479700088501 448.402763366699 573.374943256378 762.498077392578 557.486633300781 653.309638977051 579.46759223938 568.852069854736 636.036102294922 553.742965698242 662.909658432007 725.752479553223 724.585250854492 536.100431442261 492.486549377441 495.075000762939 464.151741027832 510.456567764282 726.813766479492 604.562084197998 509.774452209473 451.941780090332
509.179077148438 345.416275024414 529.482391357422 487.535219192505 408.301403045654 359.76789855957 292.815734863281 294.04084777832 439.727149486542 105.993255615234 310.619857788086 361.919807434082 496.062705993652 462.995182037354 442.391412734985 503.451644897461 512.983489990234 426.162811279297 574.574409484863 472.904067993164 501.690829277039 533.960403442383 455.009630203247 290.75358581543 459.441957473755 433.141414642334 455.565616607666 417.699172973633 565.668270111084 507.841890335083 571.623725891113 532.927864074707 575.865566253662 511.975769042969 621.988502502441 532.055882453918 698.0868268013 674.985656738281 733.201179504395 742.524154663086 644.365745544434 591.703231811523 568.253377914429 430.102928161621 583.248008728027 561.656736373901 485.159851074219 560.022832870483 538.684967041016 506.51501083374
408.354694366455 295.733139038086 546.514587402344 569.41471862793 377.487785339355 407.209899902344 249.85090637207 302.706619262695 356.46549987793 250.721893310547 356.429000854492 366.29475402832 477.895587921143 500.899328231812 521.495067596436 410.13729095459 450.039552688599 495.328465461731 520.56964302063 579.865852355957 545.247707366943 435.629787445068 636.004928588867 538.322067260742 570.690139770508 429.775009155273 502.603635311127 482.461017608643 503.495695114136 578.170265197754 504.686529159546 403.073654174805 408.085060119629 429.815269470215 548.868003845215 504.615539550781 537.110140919685 606.137069702148 577.966850280762 633.038757324219 604.695655822754 596.509464263916 712.011962890625 635.585639953613 542.686122894287 560.302978515625 580.532577514648 529.174034118652 748.888702392578 696.23762512207
473.158226013184 397.35998916626 363.336624145508 390.957229614258 335.087905883789 421.679794311523 369.674087524414 397.766998291016 258.134902954102 243.234497070312 328.846923828125 325.338882446289 342.329032897949 491.581723213196 423.236938476562 504.203800201416 417.832908630371 524.038125991821 353.347106933594 500.822400063276 439.005798339844 494.437336921692 522.914646148682 428.48192024231 469.48313331604 472.902042865753 392.753913879395 504.278521537781 477.293079376221 536.524375915527 500.801290512085 385.39087677002 348.947387695312 432.196685791016 480.623622894287 406.013717651367 405.050399780273 598.341962814331 498.358417510986 480.943912506104 572.553531646729 513.522918701172 644.652114868164 685.210136413574 526.780530929565 600.21046257019 797.160453796387 687.210388183594 860.505340576172 616.134162902832
505.378116607666 384.910537719727 417.030094146729 545.246780395508 392.277805328369 443.943519592285 377.038902282715 329.571990966797 538.829898834229 330.834167480469 346.264846801758 533.225563049316 619.229537963867 584.037544250488 573.256614685059 489.756403923035 488.927123308182 353.216369628906 279.138107299805 431.848236083984 441.915113449097 434.915065765381 470.658338546753 544.926174163818 463.874374389648 617.951797485352 491.921314001083 507.654926300049 552.034214019775 436.895233154297 448.511436462402 329.826263427734 516.740613073111 469.222526550293 542.821092605591 304.211013793945 400.263488769531 375.253692626953 360.179275512695 490.816757202148 464.782997131348 453.843193054199 500.803905487061 628.116806030273 488.36515045166 330.103713989258 660.730697631836 465.459243774414 632.81468963623 452.05591583252
483.095283508301 373.814727783203 412.532554626465 578.258636474609 467.630706191063 404.663291931152 498.084705352783 382.043548583984 500.228340148926 462.431946754456 466.738282680511 532.594741821289 607.186477661133 589.024063110352 557.76838684082 437.768028259277 503.661758422852 576.19263458252 254.866775512695 353.452728271484 603.182884216309 500.984268188477 418.683433532715 544.85355758667 481.965677261353 554.493263244629 500.1712474823 447.953605651855 501.279720306396 486.72034072876 372.010787963867 248.056884765625 505.358808279037 617.76692199707 515.058274149895 481.644180297852 438.745445251465 557.252101898193 489.170192718506 616.739151000977 590.252090454102 537.13134765625 482.493974685669 453.338409423828 549.554770946503 528.246898651123 452.319984436035 535.634496688843 542.47155380249 534.588897228241
472.558905601501 573.723403930664 528.910972595215 467.001184463501 519.865432739258 425.44718170166 393.995506286621 359.918930053711 428.859745025635 387.314613342285 510.080471038818 492.57643699646 489.863090515137 521.192047119141 405.225158691406 535.93461227417 346.171585083008 404.718048095703 356.027389526367 205.455902099609 358.255195617676 414.732276916504 454.311595916748 474.89524269104 438.739608764648 409.631065368652 454.967483520508 549.979312896729 569.264587402344 559.032600402832 427.240600585938 412.150466918945 468.585880279541 572.810962677002 601.44051361084 576.745235443115 534.753143310547 490.311328887939 564.345701217651 643.957489013672 629.575386047363 648.728591918945 705.329620361328 521.705736160278 585.890079498291 391.866500854492 348.03825378418 364.200378417969 462.679672241211 578.041076660156
425.096778869629 514.461933135986 555.206047058105 452.834939479828 614.676010131836 552.09790802002 487.602158546448 439.070999145508 445.254529953003 531.950801849365 456.630863189697 508.557907104492 287.470962524414 364.070915222168 534.969898223877 553.445945739746 387.28653717041 357.989402770996 400.899131774902 304.687255859375 500.212146759033 386.523666381836 332.003494262695 328.456970214844 487.098987340927 529.097797393799 437.198875427246 468.594867706299 414.3486328125 464.293891906738 482.379467010498 549.111371994019 388.953231811523 570.213706970215 511.692790985107 702.283004760742 601.595596313477 501.016864776611 516.425897598267 724.531280517578 627.411422729492 698.303512573242 615.16968536377 599.684761047363 502.911666870117 363.057907104492 416.243499755859 451.649375915527 636.72745513916 558.779180526733
