simdem/realisation24.asc
NCOLS 350 
NROWS 171 
XLLCORNER 152620 
YLLCORNER 418050 
CELLSIZE 100 
NODATA_value -9999 
[rows 110 to 131 of 171, columns 300 to 349 of 350]
771.973098278046 802.611443519592 725.808494567871 752.503077983856 789.793124198914 992.90523147583 844.309659957886 934.984596252441 856.527694702148 767.5559425354 815.61450958252 595.683013916016 1740.5326499939 940.135540008545 931.019950866699 923.669752120972 1503.49836987257 812.619029998779 1162.26979637146 -9999 -9999 -9999 -9999 -9999 -9999 -9999 -9999 -9999 -9999 -9999 -9999 -9999 -9999 -9999 -9999 -9999 -9999 -9999 -9999 -9999 -9999 -9999 -9999 -9999 -9999 -9999 -9999 -9999 -9999 -9999
825.723361968994 669.409690856934 581.267425537109 801.328084945679 707.895332336426 855.931739807129 1259.58396339417 1366.03045654297 809.595811843872 900.240184783936 1375.00937652588 508.295150756836 951.859443664551 715.156097412109 900.273409843445 764.033554077148 913.090522766113 1249.36260223389 1128.87510681152 -9999 -9999 -9999 -9999 -9999 -9999 -9999 -9999 -9999 -9999 -9999 -9999 -9999 -9999 -9999 -9999 -9999 -9999 -9999 -9999 -9999 -9999 -9999 -9999 -9999 -9999 -9999 -9999 -9999 -9999 -9999
941.338958740234 833.139686584473 918.458099365234 704.423820495605 824.186674118042 875.431091308594 638.064109802246 842.460311889648 678.96305847168 1619.23174285889 926.432006835938 699.666931152344 728.710227966309 844.522354125977 724.418075561523 1063.70254516602 725.874725341797 814.677337646484 1617.53244018555 704.304351806641 -9999 -9999 -9999 -9999 -9999 -9999 -9999 -9999 -9999 -9999 -9999 -9999 -9999 -9999 -9999 -9999 -9999 -9999 -9999 -9999 -9999 -9999 -9999 -9999 -9999 -9999 -9999 -9999 -9999 -9999
831.3395652771 747.87735748291 817.607954025269 987.884853363037 769.414150238037 863.220199584961 954.962753295898 763.354797363281 616.708282470703 2187.43327331543 825.07698059082 802.147010803223 679.818420410156 1040.37466430664 1107.70690917969 998.284652709961 1004.55619812012 718.430160522461 902.411117553711 1401.81621551514 1213.21519088745 -9999 -9999 -9999 -9999 -9999 -9999 -9999 -9999 -9999 -9999 -9999 -9999 -9999 -9999 -9999 -9999 -9999 -9999 -9999 -9999 -9999 -9999 -9999 -9999 -9999 -9999 -9999 -9999 -9999
652.586166381836 751.71085357666 957.295639038086 817.772650957108 617.992401123047 760.493759155273 869.412826538086 897.420799255371 663.831665039062 1147.82241821289 816.714004516602 1133.39945888519 944.020446777344 987.347953796387 825.182426452637 816.438064575195 681.749786376953 853.565963745117 1057.85874176025 974.975566864014 1080.16862487793 -9999 -9999 -9999 -9999 -9999 -9999 -9999 -9999 -9999 -9999 -9999 -9999 -9999 -9999 -9999 -9999 -9999 -9999 -9999 -9999 -9999 -9999 -9999 -9999 -9999 -9999 -9999 -9999 -9999
773.313430786133 743.505310058594 837.63894367218 905.907648086548 998.843001365662 845.985710144043 692.907073974609 964.09236907959 517.92041015625 949.192077636719 1418.00382232666 877.545232772827 906.563684463501 1287.2248840332 909.869064331055 765.027114868164 1206.28944015503 965.094623565674 1063.60692596436 778.141342163086 915.380279541016 871.785552978516 -9999 -9999 -9999 -9999 -9999 -9999 -9999 -9999 -9999 -9999 -9999 -9999 -9999 -9999 -9999 -9999 -9999 -9999 -9999 -9999 -9999 -9999 -9999 -9999 -9999 -9999 -9999 -9999
848.853633880615 749.385821968317 951.450849533081 1195.89756011963 780.266119003296 586.48844909668 1107.6643371582 774.942967414856 734.513771057129 1013.89575195312 928.572723388672 1444.09464263916 903.85481262207 1074.81248474121 857.060371398926 859.493562698364 1370.92288970947 1270.49522018433 816.596157073975 760.734169006348 797.482421875 842.852430343628 970.043365478516 -9999 -9999 -9999 -9999 -9999 -9999 -9999 -9999 -9999 -9999 -9999 -9999 -9999 -9999 -9999 -9999 -9999 -9999 -9999 -9999 -9999 -9999 -9999 -9999 -9999 -9999 -9999
739.134418487549 696.300842285156 821.358293533325 910.084654808044 1338.8083319664 1354.25429534912 653.079223632812 629.95384979248 708.458030700684 637.648803710938 825.248550415039 822.311050415039 1145.20092010498 1310.21113586426 951.34882235527 872.236755371094 861.398651123047 625.133987426758 580.882720947266 779.815155029297 879.921772003174 829.209033966064 788.568557739258 -9999 -9999 -9999 -9999 -9999 -9999 -9999 -9999 -9999 -9999 -9999 -9999 -9999 -9999 -9999 -9999 -9999 -9999 -9999 -9999 -9999 -9999 -9999 -9999 -9999 -9999 -9999
839.540405273438 777.480056762695 809.788460731506 963.856231689453 1029.15950584412 717.004051208496 743.58065032959 1050.35344696045 896.90576171875 777.646865844727 996.010818481445 734.672946929932 920.624008178711 1014.56491088867 956.890918731689 945.061683654785 550.417510986328 580.227783203125 888.709691047668 770.940448760986 730.911811828613 873.80194568634 804.381164550781 904.686130523682 -9999 -9999 -9999 -9999 -9999 -9999 -9999 -9999 -9999 -9999 -9999 -9999 -9999 -9999 -9999 -9999 -9999 -9999 -9999 -9999 -9999 -9999 -9999 -9999 -9999 -9999
840.75152015686 890.025726318359 651.396891832352 699.969734191895 942.012847900391 828.449544906616 745.610855102539 903.436706542969 762.649080276489 762.987030029297 994.217971801758 959.241554260254 1045.1872253418 1350.51385498047 1272.54780769348 882.338705062866 697.563247680664 566.607238769531 731.250579833984 771.348346710205 886.81616973877 768.882499694824 787.277702331543 920.3834400177 918.238372802734 -9999 -9999 -9999 -9999 -9999 -9999 -9999 -9999 -9999 -9999 -9999 -9999 -9999 -9999 -9999 -9999 -9999 -9999 -9999 -9999 -9999 -9999 -9999 -9999 -9999
1163.05976104736 1762.63433933258 951.433817863464 1102.8357257843 1190.28453063965 1000.55347490311 834.845592498779 884.501487731934 906.28955078125 1455.72554779053 815.349519729614 855.049034118652 902.680313110352 1120.31032180786 932.336536884308 1347.94970703125 786.999568939209 798.464796066284 800.869232177734 854.803829193115 880.491516113281 838.815872192383 851.390098571777 965.791969299316 1018.25019836426 1108.25437927246 -9999 -9999 -9999 -9999 -9999 -9999 -9999 -9999 -9999 -9999 -9999 -9999 -9999 -9999 -9999 -9999 -9999 -9999 -9999 -9999 -9999 -9999 -9999 -9999
989.620674133301 917.939342498779 1265.7985458374 864.981060028076 1404.3745765686 1487.4754486084 1083.45203399658 973.52668762207 991.008750915527 933.481344223022 750.677726745605 746.016571044922 805.697654724121 762.366691589355 964.537452697754 786.765899658203 825.590402603149 760.019142150879 694.929306030273 769.547416687012 902.53002166748 761.399787902832 1001.15676879883 968.256561279297 828.982612609863 920.200268983841 -9999 -9999 -9999 -9999 -9999 -9999 -9999 -9999 -9999 -9999 -9999 -9999 -9999 -9999 -9999 -9999 -9999 -9999 -9999 -9999 -9999 -9999 -9999 -9999
934.587127685547 921.849632263184 1160.55751419067 951.181807518005 1218.19888305664 1355.33837890625 1410.24440765381 1197.96810531616 1137.18714141846 1277.72535800934 924.795608520508 775.054992675781 752.378326416016 858.485471487045 832.404716491699 765.002826690674 665.775230407715 781.906777836382 760.254257202148 793.861633300781 832.128143310547 800.788661956787 801.08859205246 948.834365844727 832.743608474731 801.638092041016 947.449851989746 -9999 -9999 -9999 -9999 -9999 -9999 -9999 -9999 -9999 -9999 -9999 -9999 -9999 -9999 -9999 -9999 -9999 -9999 -9999 -9999 -9999 -9999 -9999
1128.31172180176 1044.69773864746 1211.08374023438 1074.87802124023 1016.02589416504 1351.11398506165 1584.70333862305 1185.74929428101 1105.41219711304 1073.34626185894 619.22998046875 661.602203369141 852.52725982666 838.409275054932 840.989258766174 906.51488494873 730.717987060547 707.690559387207 846.993991851807 860.485500574112 634.170822143555 852.226131439209 742.136878967285 900.61799621582 731.742248535156 784.338474273682 881.75480556488 880.32133102417 -9999 -9999 -9999 -9999 -9999 -9999 -9999 -9999 -9999 -9999 -9999 -9999 -9999 -9999 -9999 -9999 -9999 -9999 -9999 -9999 -9999 -9999
963.554782867432 1084.86186218262 1188.90966796875 998.081966400146 1014.21659469604 1028.41404724121 1532.56265068054 1125.39489817619 1013.50635910034 767.526924133301 868.181251525879 758.962547302246 755.81262588501 850.044431686401 791.847171783447 802.242317199707 812.479042053223 753.62832069397 806.749198913574 667.227478027344 736.590930938721 924.609115600586 881.363632202148 811.040885925293 825.091097742319 875.236759185791 883.416212081909 809.285194396973 834.099395751953 -9999 -9999 -9999 -9999 -9999 -9999 -9999 -9999 -9999 -9999 -9999 -9999 -9999 -9999 -9999 -9999 -9999 -9999 -9999 -9999 -9999
987.977317810059 777.670059204102 861.817852020264 1090.37459373474 1502.03880310059 1006.46774291992 1126.85780334473 1103.80264282227 651.448638916016 760.524917602539 775.67006111145 716.515930175781 674.248580932617 778.367075920105 859.404541015625 778.688766479492 768.40557384491 870.675609588623 864.082649707794 817.367837905884 804.492841720581 897.805961608887 796.0062084198 912.575759887695 902.837211608887 847.111474990845 852.85586643219 806.88875579834 837.859134674072 -9999 -9999 -9999 -9999 -9999 -9999 -9999 -9999 -9999 -9999 -9999 -9999 -9999 -9999 -9999 -9999 -9999 -9999 -9999 -9999 -9999
1008.14908981323 894.892028331757 1469.54176521301 1314.03516387939 1102.93447685242 1028.84155654907 1149.86486816406 920.59912109375 1143.36715698242 1002.49037075043 718.791458129883 745.300102233887 887.976039886475 761.542392730713 808.108082175255 729.351043701172 857.105930328369 871.546741485596 916.62092590332 920.055244445801 878.720142364502 784.529268980026 932.620330810547 922.16136932373 766.050037384033 775.985557556152 854.526655197144 931.355604171753 843.171880722046 627.651748657227 -9999 -9999 -9999 -9999 -9999 -9999 -9999 -9999 -9999 -9999 -9999 -9999 -9999 -9999 -9999 -9999 -9999 -9999 -9999 -9999
939.514455795288 961.645957946777 1156.11120033264 1524.79634475708 2002.23833465576 1279.88301849365 1208.16344070435 917.857727050781 1164.99853515625 949.7357006073 744.833457946777 748.762680053711 796.714895248413 936.890907287598 741.274520874023 717.460647583008 801.485378265381 706.16690826416 734.319000244141 753.196662902832 842.483112335205 992.578033447266 897.356300354004 812.250522017479 894.150024414062 867.302940368652 857.525780916214 929.870562836528 912.288749933243 712.539909362793 819.642253875732 -9999 -9999 -9999 -9999 -9999 -9999 -9999 -9999 -9999 -9999 -9999 -9999 -9999 -9999 -9999 -9999 -9999 -9999 -9999
915.331558227539 920.360336303711 842.223358154297 1268.79681396484 1518.10898590088 1550.18124389648 1524.70407104492 1106.97414016724 984.249053955078 818.339004516602 1035.41344261169 827.810668945312 1145.41444396973 1013.02458000183 776.074165344238 742.941268920898 847.729047894478 790.625595092773 648.92073059082 722.931762695312 844.484191894531 818.489189147949 859.147174358368 879.018924713135 762.076606750488 770.344711303711 864.725746154785 880.103101730347 908.47708272934 945.030136108398 654.091934204102 -9999 -9999 -9999 -9999 -9999 -9999 -9999 -9999 -9999 -9999 -9999 -9999 -9999 -9999 -9999 -9999 -9999 -9999 -9999
1200.1081161499 887.439449310303 891.561168670654 1307.51106262207 1132.87700271606 1558.23373413086 1374.66917800903 1265.82877731323 1748.8169593811 1291.95168304443 1201.14295768738 1042.20503997803 1081.59559249878 1710.63311004639 1268.66381072998 837.186943054199 863.450193405151 821.153938293457 695.558143615723 708.521903991699 745.137008666992 859.318241119385 897.324337005615 857.098125457764 810.861539840698 937.217987060547 827.305618286133 712.403121948242 785.611885070801 880.385990142822 936.538604736328 919.808868408203 -9999 -9999 -9999 -9999 -9999 -9999 -9999 -9999 -9999 -9999 -9999 -9999 -9999 -9999 -9999 -9999 -9999 -9999
1082.43787765503 939.251819610596 864.701759338379 944.213287353516 983.039505004883 1208.01225090027 1717.39428710938 1440.30686187744 1324.45761871338 1389.17794799805 1378.9829864502 1074.23274993896 1118.50388145447 1446.22407531738 1076.55925750732 1065.69630241394 918.885010719299 697.035636901855 654.729934692383 645.071624755859 800.82592010498 815.223429679871 661.438278198242 781.129104614258 833.85608291626 854.351722717285 749.371376037598 702.792373657227 811.369857788086 605.836730957031 741.533264160156 802.356452941895 755.35302734375 -9999 -9999 -9999 -9999 -9999 -9999 -9999 -9999 -9999 -9999 -9999 -9999 -9999 -9999 -9999 -9999 -9999
857.214864253998 902.387771606445 1279.05390167236 851.003173828125 929.579807281494 1111.3750705719 1340.46310424805 1114.1431722641 1362.24732208252 1290.69455718994 1214.7179889679 1133.49892997742 1260.22723388672 1081.97027206421 977.102079391479 952.388389587402 1022.84734344482 837.536043167114 912.414825439453 858.269239425659 846.192653656006 854.124080657959 704.77067565918 888.29573059082 941.055225372314 688.776275634766 621.219192504883 620.471282958984 732.371475219727 727.988761901855 674.1328125 835.870208740234 790.230529785156 -9999 -9999 -9999 -9999 -9999 -9999 -9999 -9999 -9999 -9999 -9999 -9999 -9999 -9999 -9999 -9999 -9999
