simdem/realisation13.asc
NCOLS 350 
NROWS 171 
XLLCORNER 152620 
YLLCORNER 418050 
CELLSIZE 100 
NODATA_value -9999 
[rows 22 to 43 of 171, columns 200 to 249 of 350]
775.728614807129 702.573787689209 630.854679107666 581.93172454834 561.193229675293 673.667410850525 630.626163482666 598.756256103516 694.329306602478 626.203330993652 742.387596130371 632.753368377686 642.850540161133 632.105735778809 554.014862060547 693.023756980896 554.199447631836 743.27099609375 699.970714569092 479.099655151367 682.652210235596 767.868186950684 728.217384338379 688.631917953491 705.492088317871 678.967794418335 720.861785888672 666.996934890747 708.034960746765 766.777931213379 729.237501144409 797.233222961426 592.404693603516 672.305671691895 882.874145507812 858.642288208008 881.727699279785 773.55418920517 946.619766235352 860.650337219238 751.889390945435 667.789390563965 684.21061706543 754.368171691895 685.775291442871 1469.0764465332 822.769863128662 700.756256103516 820.72211265564 843.408508300781
736.549476623535 702.690145492554 614.850982666016 595.490478515625 682.308193206787 616.218894958496 599.730209350586 633.924365997314 693.368446350098 682.334856033325 522.555252075195 552.230758666992 593.940582275391 597.061027526855 707.582468032837 707.39944601059 611.633399963379 538.834846496582 538.511459350586 574.971031188965 636.945182800293 697.989612579346 705.085346221924 882.334732055664 745.286441802979 657.801933288574 818.329685211182 709.7087059021 624.933456420898 687.385925292969 754.431968688965 771.761665344238 676.092617034912 690.215114593506 807.293628692627 760.243547916412 793.175872802734 857.266578674316 751.665410995483 697.996513366699 814.26750087738 814.957225799561 787.789012908936 794.533511161804 874.871273040771 842.568737030029 1010.38768005371 1030.92087173462 711.500511169434 1317.69425010681
655.389119148254 723.480751037598 803.22607421875 760.952108383179 776.713737487793 646.661568641663 698.926498413086 603.134220123291 623.392803192139 595.355346679688 558.460235595703 495.493270874023 615.258731842041 778.944915771484 567.969345092773 610.583724975586 721.926559448242 634.243213653564 591.550777435303 595.18620300293 900.4091796875 762.184310913086 599.552200317383 634.058288574219 640.834880828857 686.52840423584 883.24097442627 945.965549468994 687.577070236206 689.616790771484 691.649845123291 739.747999191284 713.171776771545 749.569307327271 736.78289604187 761.267517089844 690.828205108643 658.07006072998 705.233879089355 710.050586700439 779.037302017212 858.178958892822 849.239814758301 857.655960083008 897.638206481934 826.657829284668 910.755657196045 771.566680908203 611.746231079102 566.864334106445
597.954395294189 687.140491485596 536.515495300293 558.283142089844 599.647773742676 662.05489730835 547.69506072998 714.051593780518 586.078811645508 635.83415222168 641.78893661499 471.495315551758 569.140731811523 696.996841430664 643.145919799805 460.777793884277 688.5461769104 639.994415283203 647.765509605408 471.211212158203 717.240306854248 801.625869750977 693.356834411621 541.544036865234 640.926074981689 761.743389129639 875.109771728516 664.467384338379 664.374116897583 647.199363708496 777.227600097656 724.461233615875 717.991567611694 677.642757415771 773.87398147583 683.10538482666 745.605852127075 655.647071838379 692.807075500488 738.496049880981 746.71627497673 753.17427444458 765.274993896484 877.061851501465 814.216816902161 957.881469726562 896.67945098877 763.594718933105 701.191864013672 613.395950317383
613.590358734131 656.58678817749 621.1214594841 447.229965209961 577.013153076172 627.769335031509 517.333930969238 635.796654045582 597.742715835571 552.244079589844 521.697284698486 502.867134094238 653.255790710449 645.10792350769 526.593054771423 559.611755371094 544.936935424805 550.561317443848 604.596450805664 490.764144897461 539.620376586914 527.085113525391 674.737312316895 629.679153442383 831.959579467773 680.720962524414 741.062156677246 668.066307067871 752.226470947266 690.410926818848 642.112964630127 704.64210319519 665.830673217773 776.798671722412 781.972469329834 845.045906066895 768.024984359741 643.127548217773 834.354454040527 724.312622070312 869.671897888184 713.612819671631 678.220359802246 808.685390472412 894.36852645874 869.268867492676 881.224029541016 921.104354858398 882.569700241089 733.203628540039
528.164184570312 505.885643005371 563.151790618896 597.081429481506 595.51428899169 575.719030380249 571.212455749512 597.794816970825 748.363052368164 619.03959274292 607.772540688515 526.834617614746 608.39444732666 661.121505737305 547.072814941406 463.496856689453 598.037609100342 536.748580932617 553.517102241516 537.196868896484 654.722808837891 547.215995788574 756.407073974609 612.102516174316 733.344655990601 743.27855682373 678.831069946289 792.074668884277 791.497596740723 697.375919699669 750.130508422852 722.804258346558 660.865001678467 765.485286712646 893.615676879883 782.507144927979 875.516502380371 766.407737731934 708.761589050293 786.173805236816 789.746021270752 713.980640411377 802.940771579742 837.12565612793 847.356546401978 851.190778136253 903.539875030518 816.044691085815 691.107971191406 809.92421913147
511.349021911621 507.81876373291 600.442890167236 627.364242553711 636.428699493408 499.918930053711 571.038642883301 611.431396484375 648.43151473999 673.156669616699 570.888708114624 634.771881103516 733.767780303955 568.474557876587 648.874076843262 450.348091125488 585.068874359131 579.473857879639 569.174581050873 411.709045410156 542.273948669434 690.341228485107 643.465172767639 627.498168945312 610.24430847168 618.234722137451 474.474670410156 774.953147888184 737.382289886475 744.516820907593 650.062469482422 718.355253219604 727.704727172852 744.709804534912 813.299789428711 877.839019775391 745.335437774658 708.958126068115 724.753722190857 684.393447875977 726.952096939087 753.986251831055 832.311569213867 734.518119812012 750.675018310547 744.874187469482 806.871772766113 850.289793014526 723.496086120605 841.394790649414
669.230033874512 547.247568130493 519.725868225098 584.603899002075 520.029273986816 590.656274795532 610.15899848938 653.855129241943 639.185401916504 741.949142456055 648.02815246582 735.233222961426 682.07071685791 583.340385437012 529.937412261963 449.201309204102 472.599573135376 571.552772521973 571.338390350342 474.095268249512 420.80793762207 602.255802154541 597.233757019043 777.945899963379 605.363311767578 469.364959716797 584.651191711426 641.305345535278 770.970611572266 652.700611114502 698.435697555542 665.360059738159 620.670845031738 658.45435333252 731.80247592926 876.550102233887 762.666061401367 746.441917419434 599.539016723633 547.653869628906 784.44962310791 743.066177368164 786.104338645935 811.244033813477 715.576732635498 775.142097473145 879.979267120361 874.962310791016 864.315040588379 808.27904510498
586.42268371582 566.938841581345 504.28678894043 523.719161987305 407.931991577148 531.751708984375 782.514282226562 578.350207328796 692.685844421387 734.242080688477 535.816593170166 549.310199737549 654.678726196289 485.936847686768 460.561431884766 342.986145019531 411.59162902832 491.30004119873 509.341300964355 464.650016784668 668.787981033325 693.594444274902 579.085861206055 569.911224365234 413.22151184082 363.685089111328 610.639793395996 617.441528320312 712.841053009033 733.765693664551 622.552169799805 660.394235610962 641.987911224365 796.111885070801 673.711212158203 707.358684539795 679.298173904419 707.7864818573 592.806350708008 711.591966629028 718.476985931396 729.872699737549 835.375650405884 817.94552230835 782.287318229675 752.965503692627 885.940505981445 795.398445129395 860.934259414673 793.574447631836
578.611728668213 459.227966308594 421.553939819336 650.59610748291 475.78662109375 579.155785739422 574.313426971436 701.111190795898 517.437370300293 671.078735351562 539.998203277588 632.592594146729 617.967164993286 534.385406494141 446.62854385376 388.678436279297 424.694702148438 518.465087890625 447.610160827637 478.790859222412 475.187118530273 578.622337341309 669.190460205078 600.639251708984 526.948295593262 490.738586425781 704.346260070801 653.8061876297 637.386681079865 667.766940116882 603.550197601318 776.46418762207 811.566009521484 769.746685028076 709.078065872192 748.860042572021 732.817768096924 659.418594360352 684.203870773315 698.814464569092 602.192512512207 797.917713165283 728.312963485718 782.458627700806 720.768226623535 741.929534912109 942.377899169922 980.19140625 859.832500457764 812.52876663208
597.382026672363 373.125823974609 501.733940124512 485.936408996582 511.355949401855 589.344387054443 563.078708648682 524.943260192871 425.032562255859 411.81477355957 609.327629089355 693.026847839355 566.450897216797 612.689048290253 489.045124053955 451.977275848389 424.279991149902 490.877807617188 502.408020019531 533.158621549606 584.139099121094 627.856119155884 718.434127807617 585.746368408203 556.570434570312 567.184600830078 523.767700195312 691.312101364136 655.773059844971 634.972148895264 711.897247314453 804.925804138184 742.313682556152 768.700859069824 661.205431938171 851.831268310547 679.44162940979 748.915548324585 760.44432258606 763.677309036255 762.033975601196 708.128347396851 740.996228218079 798.107707977295 783.108764648438 780.248947143555 791.381355285645 769.794473648071 699.944398880005 770.878791809082
479.933387756348 504.180095672607 513.506790161133 560.911977052689 507.207168579102 625.720176696777 589.205938339233 568.852725982666 424.540344238281 565.569658279419 651.244873046875 572.031873703003 596.693667411804 666.316608428955 563.68546295166 625.618053436279 481.497520446777 623.692157745361 736.238689422607 583.689601898193 540.549186706543 678.068996429443 807.445938110352 689.67981338501 722.698059082031 648.618742704391 676.412097930908 541.10474395752 692.630588531494 650.716923713684 630.042320251465 579.569793701172 689.769071102142 675.586122512817 729.573593139648 776.323989868164 867.069778442383 766.796184539795 772.222312927246 765.885629653931 836.89185333252 719.404301643372 784.244853973389 712.185525894165 716.689937591553 723.428234100342 754.726480484009 834.001705169678 793.539400100708 921.416244506836
573.213975906372 527.386594772339 660.090591430664 652.597038269043 622.680850982666 563.287774085999 580.788917541504 687.698484420776 597.562206268311 633.358757019043 578.098024368286 499.919654846191 618.135971069336 628.632453918457 614.881605148315 501.581840991974 406.937316894531 767.573989868164 730.794593811035 606.310508728027 635.269951105118 768.823806762695 743.144950866699 743.288467407227 645.941465377808 585.551048278809 658.200326919556 743.268310546875 781.250648498535 686.995801925659 716.809711456299 598.076515197754 638.210182189941 694.35161781311 731.394412994385 720.691093444824 600.498908996582 796.280586242676 652.610649108887 711.519124984741 721.832646846771 734.516191959381 652.332878112793 586.940673828125 577.906295776367 670.110687255859 668.159721374512 734.00830078125 741.401807785034 749.687135696411
530.468661308289 606.114990234375 566.567500114441 512.062561035156 710.996520996094 630.279861450195 543.80778503418 535.301264762878 540.375534057617 587.289487361908 652.357950210571 721.4921875 551.246047973633 558.608695983887 618.040542602539 525.420017242432 531.427833557129 653.328663825989 663.917142868042 655.146778106689 836.517211914062 668.679827213287 663.99097442627 653.600011825562 690.27360534668 626.214014530182 562.571502685547 709.871520996094 784.414276123047 650.806812286377 708.89358830452 693.961353302002 561.028312683105 458.174057006836 731.995960235596 731.42142868042 658.647274017334 683.251586914062 746.085954666138 715.904094696045 740.389408111572 812.421829223633 802.906093597412 677.564018249512 794.769912719727 734.183763504028 790.213396072388 727.109645843506 672.921829223633 815.249626159668
436.804473876953 615.076927185059 625.710620880127 657.374298095703 670.519065856934 793.619995117188 543.776039123535 565.169387221336 600.398072957993 528.184715270996 561.040618896484 1126.56684875488 533.692756652832 434.200988769531 650.897998809814 599.093544006348 570.013397216797 518.961875915527 436.708679199219 626.721906661987 642.52086904645 603.621502876282 655.280426025391 675.309345245361 598.869575500488 636.070002555847 652.054030895233 596.194412231445 563.072639465332 572.532165527344 803.709884643555 655.129630088806 668.803195655346 765.27059173584 683.935477733612 628.513938903809 877.38410949707 831.184501647949 642.386672973633 676.13826751709 808.163780212402 866.997695922852 831.242408752441 765.367092132568 801.383979797363 593.285491943359 788.35164642334 659.776039123535 806.657760620117 835.783409118652
483.667205810547 630.142292022705 670.556793212891 600.354824066162 592.620538711548 751.598251342773 603.376903533936 602.749425888062 697.581825256348 596.414511680603 663.365745544434 1070.40975570679 660.284729003906 571.218734741211 436.325347900391 697.01488494873 649.859256744385 630.682445526123 534.731704711914 623.611059188843 527.766494750977 536.243774414062 607.745869636536 614.833606719971 764.272537231445 632.582047462463 603.534841537476 590.438358306885 576.266242980957 568.717300415039 667.655995368958 583.421676635742 811.559555053711 707.565631866455 805.882476806641 723.388610839844 683.260345458984 696.452476501465 695.555868148804 620.657203674316 732.62794303894 796.547592163086 767.888740539551 697.691417694092 764.297092437744 722.214210510254 735.909023761749 750.328542709351 702.474933624268 675.768180847168
651.526950836182 504.788562774658 554.829054832458 560.823702812195 540.539745330811 599.041881561279 679.417221069336 499.287773132324 478.3369140625 622.709703445435 527.464519500732 556.815059661865 449.255310058594 391.243377685547 471.501831054688 617.244129180908 550.420276641846 582.109830856323 588.044664382935 672.097366333008 600.033061981201 746.470588684082 666.017017364502 661.217441558838 744.334991455078 730.924751281738 568.731330871582 691.145469665527 664.651245117188 727.464302062988 670.136577606201 632.340335845947 788.78092956543 686.708543777466 594.111366271973 750.729480743408 759.191307067871 573.733764648438 611.826995849609 581.40869140625 673.841213226318 798.271026611328 797.941314697266 673.884014129639 562.310638427734 714.160049915314 783.93212890625 672.269195556641 738.00205039978 756.380332946777
547.246660232544 541.398550033569 576.327095985413 513.350563049316 467.686126708984 518.042282104492 500.10973739624 579.557281494141 587.036926269531 628.674411773682 598.994939804077 562.493194580078 441.36637878418 594.329322814941 664.370376586914 631.136697292328 612.657369613647 609.985948324203 650.474754333496 685.345275878906 658.360418319702 603.128238677979 488.086639404297 667.370147705078 713.895355224609 587.314765930176 561.608043670654 606.177345275879 589.979125976562 727.138687133789 883.466094970703 792.781143188477 655.999889373779 630.864837646484 500.075973510742 702.384199142456 589.76904296875 685.730020046234 647.116893768311 827.229995727539 752.536602020264 669.397750854492 687.956653594971 704.131105422974 668.19677734375 699.970685958862 737.774332046509 755.597999572754 845.238357543945 714.264455407858
519.070365905762 584.558513641357 634.102687835693 492.573310852051 506.88818359375 439.096755981445 545.77513885498 591.044093608856 516.99649810791 662.691329956055 654.565853118896 536.310943603516 532.749938964844 577.981094360352 710.246368408203 617.52250289917 572.461528778076 692.610565185547 692.207328796387 513.476661682129 541.991821289062 493.779083251953 498.602691650391 580.796817779541 647.046165466309 540.531280517578 489.284866333008 631.592636108398 540.266189575195 621.370794296265 619.530086517334 620.652032852173 533.1318359375 539.702339172363 691.459022521973 652.770843505859 639.634422302246 738.667331695557 756.762771606445 624.731422424316 763.563232421875 650.65763092041 717.484812736511 715.269948959351 754.078171491623 682.178207397461 696.251336097717 764.663082122803 855.492034912109 867.239196777344
540.616174697876 630.672451019287 618.466159820557 533.565155029297 532.890602111816 436.0537109375 521.153182983398 452.871284484863 511.837753295898 456.882308959961 592.227003574371 577.746936798096 592.279434204102 657.794067382812 691.332374572754 608.401991844177 554.141052246094 520.351486206055 640.916599273682 573.545043945312 505.832328796387 398.284149169922 405.509689331055 700.521072387695 758.324645996094 628.824968338013 630.138899803162 601.331834793091 710.719375610352 662.260097503662 676.857418060303 641.476160049438 683.377082824707 555.877578735352 876.740226745605 630.896976470947 609.535701751709 649.658638000488 614.763347625732 653.045036315918 710.939345359802 656.930648803711 713.744633436203 734.570606231689 672.750953674316 509.786331176758 558.508865356445 822.237762451172 833.554977416992 794.55443572998
527.676134109497 496.30143737793 604.731407165527 586.042432785034 533.193656921387 418.823928833008 608.480796813965 391.362426757812 535.04048538208 532.009887695312 453.473526000977 485.961799621582 647.411972045898 819.593338012695 552.321409225464 689.072204589844 592.368524551392 621.798219680786 600.973788261414 415.438949584961 513.864761352539 490.433898925781 634.174100875854 672.966926574707 699.174896240234 634.655527114868 656.479684829712 739.841194152832 782.542388916016 731.095306396484 699.034485816956 544.87279510498 635.044828414917 718.911964416504 596.279922485352 583.373229980469 596.769477844238 662.607983589172 599.280647277832 610.353958129883 612.523796081543 569.223068237305 672.699054718018 671.22114276886 704.810949325562 635.653247833252 613.820457458496 746.013526916504 771.728103637695 720.749232292175
679.594940185547 632.472400665283 568.464707612991 474.515663146973 501.166473388672 487.895500183105 520.433132171631 421.24430847168 405.819000244141 590.167196273804 688.434085845947 656.587345123291 690.133354187012 593.796408653259 436.25439453125 561.54783821106 727.552536010742 593.278377532959 663.718528747559 556.903070449829 546.650386810303 598.263608932495 538.930610656738 562.586517333984 606.608959555626 695.423950195312 589.564128875732 570.704006195068 725.156478881836 696.248413085938 703.249073028564 661.537547588348 647.459251403809 580.166275024414 560.99951171875 630.71654510498 655.303844451904 813.804550170898 727.356338500977 612.950553894043 550.585594177246 580.619194030762 624.727657318115 694.57377910614 778.427909851074 791.475708007812 741.82666015625 684.849208593369 761.659889221191 774.912582397461
