simdem/realisation68.asc
NCOLS 350 
NROWS 171 
XLLCORNER 152620 
YLLCORNER 418050 
CELLSIZE 100 
NODATA_value -9999 
[rows 132 to 153 of 171, columns 300 to 349 of 350]
885.47193145752 852.245567321777 1573.29893732071 1276.17832183838 957.386562347412 1040.23950195312 1704.1462097168 1537.58660888672 1303.28897094727 1378.29290008545 1282.00738525391 1395.9587097168 1127.21028900146 1500.67444610596 1181.35401916504 906.18531036377 1120.63707733154 1001.5391998291 1177.69207763672 1086.87994384766 826.216609954834 869.761697769165 896.386737823486 868.398675918579 797.74182510376 923.221823737025 771.490493774414 880.95067101717 1030.65843963623 958.001651763916 849.14098739624 811.512294769287 808.917060852051 855.339195251465 -9999 -9999 -9999 -9999 -9999 -9999 -9999 -9999 -9999 -9999 -9999 -9999 -9999 -9999 -9999 -9999
702.522857666016 856.540854454041 865.45565032959 1307.97727203369 1139.26484680176 1124.34915161133 1633.43545532227 1910.14352416992 1300.8697052002 1212.16752624512 1131.31149673462 1416.23680114746 1159.49243927002 1097.47061538696 1402.99430847168 1928.34098815918 1739.02490234375 2303.1979675293 2073.6220703125 1507.1653137207 1407.63948059082 870.057932376862 734.324554443359 928.598087310791 890.407089233398 908.251091003418 809.366471767426 895.447240829468 1083.99209594727 1045.68229675293 916.265411376953 984.397518157959 778.788719177246 936.756271362305 -9999 -9999 -9999 -9999 -9999 -9999 -9999 -9999 -9999 -9999 -9999 -9999 -9999 -9999 -9999 -9999
730.29020690918 802.775037288666 871.12996673584 1106.88191223145 1279.28512573242 1087.4945526123 1217.34349060059 1430.29057312012 1270.90699768066 1278.95581054688 1223.58685302734 1246.36676979065 1318.0241394043 1256.3581237793 1332.21565246582 1491.85227966309 1352.28309631348 1538.12683105469 1322.60165405273 1176.89497375488 1132.52239990234 1087.38412857056 807.59098815918 847.524250030518 1039.4030456543 943.604362487793 1063.02691650391 913.961420059204 1083.88938140869 948.979000091553 793.798400878906 862.973460197449 992.374912261963 1111.49781799316 879.001392483711 -9999 -9999 -9999 -9999 -9999 -9999 -9999 -9999 -9999 -9999 -9999 -9999 -9999 -9999 -9999
828.738704681396 897.883651733398 1194.15887451172 1307.90259552002 1162.59733581543 1120.73342895508 925.424856185913 1501.56189727783 1657.92820739746 1508.02474975586 1252.31996154785 1446.17630004883 1156.77346801758 1197.86549377441 1530.49327087402 1770.38743782043 1235.16721343994 1271.07965087891 1027.66437530518 1160.93212890625 989.831209182739 1098.02532958984 1262.01731109619 1095.07878112793 940.05611038208 853.910879611969 779.005237579346 978.409103393555 967.028747558594 1016.42901611328 821.28498840332 798.275203704834 1147.36874008179 707.698211669922 862.245910644531 957.597229003906 -9999 -9999 -9999 -9999 -9999 -9999 -9999 -9999 -9999 -9999 -9999 -9999 -9999 -9999
908.296936035156 988.284309387207 895.125717163086 1062.27238464355 1005.87370300293 1369.95999145508 1168.62096405029 943.518867492676 1118.48907470703 1181.96481323242 1105.1704826355 991.558027744293 1316.17765426636 1732.97315216064 1303.42491912842 1178.66302490234 1185.72187805176 1118.48133850098 1115.87254333496 1009.76819992065 871.708408355713 975.794737815857 985.161626815796 1181.15424728394 969.449638366699 987.664053916931 896.754573822021 876.103626251221 955.681259155273 866.482490539551 796.080337524414 1415.37899017334 872.223341941833 896.605262756348 806.869693756104 850.452972412109 -9999 -9999 -9999 -9999 -9999 -9999 -9999 -9999 -9999 -9999 -9999 -9999 -9999 -9999
878.133647918701 944.463339805603 875.626192092896 755.298355102539 973.187545776367 1441.63180541992 1166.1974105835 1053.95540618896 906.981184005737 970.827659606934 858.032272338867 815.677291870117 1187.61914825439 1430.70008325577 1276.33518218994 996.410850524902 1224.32557678223 1037.24760437012 1020.88388061523 949.342947006226 1071.85446166992 999.274475097656 1049.23567199707 1027.61023902893 1110.19064331055 1131.9772605896 1737.64236450195 855.361673355103 839.18957233429 909.777627944946 1190.19827270508 1035.6361618042 893.034731488675 861.266998291016 740.513206481934 684.876708984375 722.400436401367 -9999 -9999 -9999 -9999 -9999 -9999 -9999 -9999 -9999 -9999 -9999 -9999 -9999
822.715896606445 792.031372070312 879.425422668457 788.954780578613 924.82048034668 1298.52822875977 1251.79013824463 981.993121862411 1099.24435424805 1071.44941616058 1031.27862548828 1024.06143951416 1133.49135413766 1485.02631378174 1448.26990509033 1299.37205886841 1120.41320800781 1091.28173065186 967.218555450439 1009.57306480408 858.548637390137 1005.97491455078 1115.58653259277 1093.32579040527 1083.66750335693 1017.63601112366 1018.81727218628 984.260859966278 1147.64643096924 1258.80916595459 957.996994018555 913.672435760498 945.797264099121 881.583554267883 753.987808227539 875.898675918579 839.737056732178 -9999 -9999 -9999 -9999 -9999 -9999 -9999 -9999 -9999 -9999 -9999 -9999 -9999
676.854141235352 648.235549926758 918.054790496826 868.580207824707 760.593589782715 1123.60027885437 1022.8208694458 927.821319580078 1008.44065666199 1024.27518081665 1005.9851706028 955.422286987305 903.438423156738 1003.36140060425 1781.88687133789 1693.60194206238 940.754006385803 1165.51954650879 1264.25382995605 879.764251708984 880.302951812744 1015.50619888306 1065.42622375488 929.965061187744 1006.87540054321 967.66823387146 874.2294921875 919.983354568481 1101.10149765015 1236.14212036133 953.626808166504 916.616020202637 980.691292762756 902.169506072998 855.082489013672 835.730499267578 988.32039642334 917.063957214355 -9999 -9999 -9999 -9999 -9999 -9999 -9999 -9999 -9999 -9999 -9999 -9999
811.131383895874 722.651840209961 807.639457702637 732.565528869629 857.747291564941 1199.13122558594 985.768546104431 940.590621948242 1021.83499908447 1097.20377349854 1002.42461681366 1035.41981506348 934.612644195557 895.311447143555 1358.55588531494 1619.57699584961 1106.20268249512 1075.737159729 905.476570129395 846.052947998047 1001.66959381104 866.312076568604 942.359072685242 870.867855072021 938.597665786743 988.996524810791 999.42607831955 973.760223388672 895.987148284912 1063.00239181519 1422.90643310547 1146.57875823975 879.612701416016 900.024073600769 996.394714355469 1006.62958526611 823.585479736328 825.529525756836 -9999 -9999 -9999 -9999 -9999 -9999 -9999 -9999 -9999 -9999 -9999 -9999
634.403984069824 632.381118774414 707.011428833008 728.603622436523 884.606767833233 916.381675720215 902.640356063843 797.147619724274 1035.95401191711 867.616971969604 922.09250831604 973.008247375488 904.289939880371 825.450531005859 1057.57270812988 1484.03232574463 978.006977081299 1110.60501289368 1032.84918212891 962.77409362793 931.222801208496 895.853572845459 1011.01306152344 941.308237791061 960.833980560303 924.827217102051 985.014713287354 980.877658843994 775.25862121582 987.488914489746 1437.16230773926 1125.98028564453 858.734649658203 923.059219360352 939.43305015564 1035.83173370361 963.234966278076 894.93586730957 942.447174072266 -9999 -9999 -9999 -9999 -9999 -9999 -9999 -9999 -9999 -9999 -9999
604.451248168945 804.946501255035 651.388046264648 778.421669006348 1022.096616745 1006.2202835083 1178.50439453125 1049.14095020294 1014.53190994263 1111.20434951782 1013.06555938721 1046.90213012695 938.366622924805 904.100082397461 1253.11808776855 1062.37681555748 1002.77946472168 1019.76808929443 1111.87281036377 1085.41553497314 1239.33960723877 1122.75821685791 1260.78274154663 1132.99193572998 987.36353302002 912.817092895508 832.727210998535 1030.19971382618 867.04313659668 929.731338500977 1103.41165924072 1063.35195922852 845.835540771484 907.172798156738 1060.21346282959 902.257145881653 1078.5054397583 942.260774612427 872.312805175781 -9999 -9999 -9999 -9999 -9999 -9999 -9999 -9999 -9999 -9999 -9999
773.445533752441 708.479194641113 704.894107818604 633.073081970215 813.875503540039 969.899841308594 899.237926483154 1073.11290740967 922.674346923828 844.868064880371 1038.33868408203 1023.40634155273 923.605224609375 763.108184814453 1047.52087783813 1435.5140953064 1026.55338668823 984.511280059814 968.113160133362 980.445477485657 1082.65576553345 1074.24099731445 1127.38464641571 1281.36219787598 1093.70035934448 812.274978637695 1066.68956375122 868.41325378418 967.155220031738 976.48754119873 943.595054626465 955.680206298828 876.50456237793 868.584087371826 933.166255950928 919.085479736328 870.845405578613 967.368990898132 910.062343597412 -9999 -9999 -9999 -9999 -9999 -9999 -9999 -9999 -9999 -9999 -9999
756.264289855957 747.529426574707 763.320059776306 782.746788024902 697.238204956055 672.6181640625 792.436145782471 718.233611941338 900.717445373535 936.199920654297 770.741251170635 705.973251342773 811.716613769531 817.17317199707 879.266479492188 1087.9522895813 1370.78646850586 1080.13214540482 1015.13548660278 1050.11117553711 1154.53594970703 1095.35604858398 1008.65588140488 1438.70510864258 1201.11626052856 1106.19598388672 1660.93098449707 846.398727416992 1041.55825710297 1054.65458679199 1130.23115158081 878.141677856445 891.037796020508 850.498275756836 883.108741760254 854.331642150879 910.838195800781 965.715082168579 906.99450302124 890.522052764893 -9999 -9999 -9999 -9999 -9999 -9999 -9999 -9999 -9999 -9999
659.078971862793 782.300704956055 691.382034301758 756.942927360535 727.826326370239 750.078815460205 836.822410583496 729.455308914185 653.799560546875 853.11173915863 797.075327634811 683.580947875977 577.457565307617 800.25439453125 777.560562133789 977.377614974976 1031.53244781494 967.639366149902 1760.86212158203 1025.36954307556 1194.9542388916 1168.02813720703 1043.21139526367 1004.45125961304 1511.59701538086 1515.25144195557 887.509986877441 1100.51331329346 973.553161621094 1093.54769897461 1281.86779785156 818.084686279297 891.204421043396 873.240257263184 1107.60681915283 1049.8412399292 1160.13082885742 913.272511005402 955.90385055542 916.805461883545 -9999 -9999 -9999 -9999 -9999 -9999 -9999 -9999 -9999 -9999
727.599254608154 677.287292480469 614.50952911377 685.262077331543 726.265121459961 734.919734954834 688.98543548584 799.741792678833 911.155281066895 740.331497192383 667.335601806641 717.953788757324 602.718353271484 578.048034667969 656.079513549805 978.751194000244 926.707078933716 858.184150695801 1193.05032348633 1204.0831451416 1001.67747306824 1160.66900634766 1129.99434661865 1037.99840736389 872.090774536133 1211.0923538208 1071.68335342407 903.203994750977 1070.79979515076 1016.41369628906 937.519905090332 974.212554931641 724.253784179688 1065.82906341553 949.492805480957 971.281173706055 1022.06948852539 955.010053634644 970.335689544678 860.473411560059 -9999 -9999 -9999 -9999 -9999 -9999 -9999 -9999 -9999 -9999
672.355484008789 729.778839111328 662.314521789551 735.681838989258 790.629234313965 821.32400226593 913.856369018555 724.709316253662 716.680145263672 741.295822143555 767.428909301758 725.401748657227 666.748992919922 655.493789672852 755.776012420654 931.357978820801 1000.78089141846 911.175643920898 1047.7017993927 1205.7361907959 1035.54112243652 1057.16224586964 991.488460540771 1133.35215234756 1054.43619048595 964.266883850098 1017.20548629761 1470.34777832031 939.988624572754 903.530853271484 964.714933395386 863.506198883057 747.879211425781 778.328643798828 875.758369445801 1020.53017807007 1033.89609527588 1012.18535614014 944.054962158203 867.604572296143 754.101531982422 -9999 -9999 -9999 -9999 -9999 -9999 -9999 -9999 -9999
651.495658874512 668.072708129883 648.534164428711 708.432800292969 880.774795532227 768.726674079895 862.963665008545 877.07935333252 789.313436508179 700.822944641113 799.881477355957 859.311706542969 892.510890960693 848.914932250977 746.932838439941 850.262992858887 841.023274421692 750.848167419434 908.805302619934 904.89680480957 1050.5434088707 1111.7592086792 1162.92808532715 1046.65798187256 1072.92141723633 1124.21311950684 1115.98148345947 989.248752832413 909.389602661133 757.072494506836 774.489822387695 921.421449661255 841.780670166016 804.576515197754 939.036792755127 767.658508300781 939.138633728027 961.669008255005 966.292961120605 963.667411804199 931.443298101425 -9999 -9999 -9999 -9999 -9999 -9999 -9999 -9999 -9999
646.674049377441 734.007034301758 727.544395446777 686.265258789062 681.248779296875 816.14444732666 768.609094619751 837.917817950249 703.653839111328 823.835742950439 744.997325897217 852.13990020752 751.22412109375 1096.47152709961 829.357852935791 966.282897949219 779.215412348509 812.153434753418 879.575290679932 907.134231567383 837.009857177734 924.509033203125 1046.85832214355 1148.33835983276 1046.98873710632 977.324615478516 965.642576217651 865.018058776855 896.062388420105 889.459568023682 864.299571990967 982.065139770508 846.596561431885 862.048078536987 926.424045562744 979.166603088379 1025.18586349487 1011.82255172729 964.693428039551 955.488731384277 1104.51001739502 875.233573913574 -9999 -9999 -9999 -9999 -9999 -9999 -9999 -9999
731.654870986938 664.041442871094 749.970458984375 654.056030273438 803.641860961914 775.078698158264 679.764366149902 928.955791473389 778.357257843018 721.759292602539 731.657196044922 906.054725646973 814.442687988281 880.886749267578 960.049114227295 882.426401138306 762.122627258301 808.242593765259 661.569473266602 916.971923828125 825.552898406982 957.505882263184 825.546058654785 954.625686645508 957.275856018066 862.230590820312 998.166362762451 908.047828674316 822.28581237793 904.552795410156 790.631645202637 913.604824066162 896.590799331665 808.197044372559 902.447074890137 947.92133808136 999.081518173218 908.39289855957 835.991695404053 960.100375652313 1129.65196228027 954.35534286499 -9999 -9999 -9999 -9999 -9999 -9999 -9999 -9999
681.21605682373 802.385051727295 813.97935962677 750.176153182983 775.085441112518 747.817506790161 657.4951171875 737.480728149414 791.723892211914 805.899806976318 1001.77987670898 923.665899753571 913.847412228584 914.071397781372 956.207920074463 908.05307674408 897.41700553894 826.726684570312 841.921722412109 891.10627746582 874.5325050354 984.355056762695 668.442977905273 671.319381713867 711.457359313965 672.026641845703 878.673374056816 1037.7303237915 1008.44783973694 1043.51197433472 966.359697341919 742.74089050293 785.668182373047 804.667495727539 1205.68825531006 921.379341125488 798.367485046387 959.673824310303 718.676544189453 884.506904602051 1054.30501556396 850.847198486328 958.244888305664 -9999 -9999 -9999 -9999 -9999 -9999 -9999
810.812776565552 714.444885253906 873.467849731445 810.072727203369 637.366409301758 675.066482543945 702.119613647461 715.394466400146 983.768493652344 757.479881286621 901.316429138184 861.396987915039 1009.90310716629 856.919723510742 785.885215759277 866.379776000977 1015.06338977814 922.342796325684 1099.40727233887 1083.2590637207 889.744590759277 684.169006347656 704.069671630859 649.815124511719 774.67261505127 933.675300598145 782.347198486328 874.039884567261 773.132537841797 907.210250854492 937.208080291748 852.01717376709 872.723190307617 1023.36539840698 1143.27049255371 806.380462646484 953.904845237732 963.48787689209 838.995315551758 919.214332580566 1101.75665283203 941.819030761719 947.73836517334 -9999 -9999 -9999 -9999 -9999 -9999 -9999
743.888038635254 761.185424804688 633.835479736328 788.243406295776 755.738735198975 653.553558349609 816.773292541504 728.140930175781 804.944804191589 863.408744812012 889.959239959717 759.051147460938 932.913047790527 823.943283081055 700.168060302734 930.957023620605 945.918849945068 970.744065284729 1166.20135498047 1114.75752258301 879.10080909729 796.393157958984 776.577438354492 786.660865783691 767.784545898438 994.20922088623 1013.66487884521 982.831817626953 857.632214069366 905.4035987854 887.358558654785 845.481384277344 947.809902191162 690.457763671875 1149.97108459473 909.863662719727 884.023277282715 983.209312438965 887.509368896484 955.000064849854 1043.87828636169 968.58171081543 993.22233581543 928.392868041992 -9999 -9999 -9999 -9999 -9999 -9999
