simdem/realisation45.asc
NCOLS 350 
NROWS 171 
XLLCORNER 152620 
YLLCORNER 418050 
CELLSIZE 100 
NODATA_value -9999 
[rows 66 to 87 of 171, columns 200 to 249 of 350]
714.021286010742 693.385982513428 746.438781738281 783.795120239258 635.515409469604 603.30835723877 674.76833152771 703.38395690918 657.257325947285 672.987323760986 562.842052459717 613.165000915527 610.109313011169 567.760822296143 641.05419921875 543.591918945312 681.932880401611 598.946313858032 731.222282409668 605.329776763916 611.502330780029 631.827930450439 653.45571231842 654.321964263916 576.514991760254 711.536724090576 658.906799316406 599.706226348877 537.946617126465 542.893667459488 605.385762572289 795.733413696289 645.261518478394 568.103073120117 646.818901062012 496.171295166016 652.976722717285 764.081268310547 823.632919311523 771.301498413086 675.672393798828 662.343214035034 443.121109008789 453.591400146484 443.422515869141 587.66276550293 598.726097106934 504.526077270508 571.154243469238 455.763153076172
735.515968322754 880.889404296875 738.390411376953 582.014030456543 637.418097496033 589.99552154541 807.413345336914 720.753028869629 673.223155975342 604.000549316406 620.669399261475 651.836544036865 661.635116577148 528.611351013184 667.158966064453 549.643753051758 500.567085266113 527.051345825195 646.294681549072 903.952560424805 620.229766845703 639.638319015503 613.748267233372 763.798873901367 615.256675004959 655.073767662048 628.37255859375 694.596298217773 492.873497009277 576.383804321289 509.921875 772.383003234863 597.281684875488 578.432289123535 562.109268188477 673.734886169434 642.784271240234 749.736999511719 776.626220703125 642.267244100571 612.270239830017 566.152183532715 465.363342285156 561.874855041504 573.573207855225 587.25581741333 640.518369674683 580.884510040283 645.424764633179 656.766519546509
782.08544921875 660.94451546669 661.683836936951 661.066432952881 675.220703125 768.700820922852 658.604843139648 754.281448364258 658.027150154114 576.827938079834 702.43119430542 581.642913818359 606.523963928223 666.965870857239 749.26692199707 505.208183288574 351.510360717773 493.877365112305 705.917457580566 736.779670715332 625.766177177429 709.728141784668 698.227996826172 721.554748535156 595.822359085083 488.66813659668 596.12283039093 634.388547897339 556.9397315979 679.99836730957 621.028007507324 764.037868499756 650.26914024353 604.443862915039 507.174087524414 715.753008842468 774.920497894287 761.292953491211 609.333264350891 588.487579345703 568.39782333374 620.397629737854 590.85173034668 634.671012878418 647.121513366699 594.389583587646 709.171039581299 769.545951843262 597.673370361328 562.46949005127
750.725860595703 698.447479248047 539.248878479004 527.448974609375 471.696212768555 795.612976074219 736.415260314941 789.382904052734 647.378135204315 546.081489562988 587.358070373535 697.677085876465 648.417572021484 663.727580070496 700.698884010315 607.642223358154 544.045867919922 485.265472412109 723.272903442383 589.179916381836 583.099227905273 711.832286834717 763.363372802734 626.895233154297 637.856525421143 410.891906738281 520.395942687988 612.18391418457 510.645172119141 636.110572814941 654.846927642822 621.765369415283 674.979270935059 650.570199966431 703.285996437073 616.400566101074 620.70308303833 671.549638748169 706.469818115234 707.193298339844 666.982032775879 737.571899414062 638.946019649506 725.568145751953 686.925437927246 602.27465057373 674.693630218506 609.589239120483 583.859718322754 617.266536712646
659.768518447876 691.870628356934 747.424377441406 635.323575973511 629.55331325531 618.638293743134 685.009433746338 740.224281311035 778.955955505371 636.082469463348 678.755188941956 888.051193237305 728.165908813477 634.35903263092 617.232879638672 741.682456970215 569.666198730469 506.822158813477 547.771438598633 757.532318115234 762.056415557861 758.560213088989 614.921226501465 659.113771915436 569.494960784912 545.787284851074 530.558647155762 600.216957092285 684.491374969482 750.976654052734 669.265018463135 613.889450311661 630.232248663902 518.568099975586 650.502990722656 556.843933105469 627.014183521271 671.125568389893 669.92081451416 548.214584350586 536.3671875 682.81538772583 621.542777061462 686.570213317871 752.617233276367 616.957570314407 669.767448425293 493.236404418945 509.957527160645 673.940292358398
657.902084350586 612.524199962616 723.180931091309 713.085319519043 670.535423278809 727.296981811523 713.281860351562 851.550857543945 792.239067077637 694.342603683472 686.678215026855 678.919921875 648.710752010345 748.728614807129 615.544509887695 564.91609954834 579.903099060059 601.357246398926 646.414089202881 645.879531860352 642.149341583252 541.501281738281 601.93367099762 712.828559875488 626.315767288208 611.351184844971 662.193130493164 520.322731018066 688.682640075684 578.397028923035 739.695251464844 565.311332702637 572.878841400146 714.320627212524 576.756546020508 695.286869049072 641.090855121613 633.848478317261 554.373733520508 577.668327331543 491.86701965332 724.41943359375 695.786575317383 703.77318572998 625.760019302368 739.861320495605 694.296497344971 643.757888793945 745.049625396729 547.488960266113
596.24475312233 654.551586151123 633.60320597887 654.87101995945 702.680778503418 694.369033813477 708.621894836426 730.245903015137 646.949630737305 722.472717285156 687.035957336426 722.485317230225 771.981452941895 501.198257446289 520.589408874512 592.574388504028 552.252380371094 599.626586914062 674.517608642578 770.825485229492 788.334583282471 654.108535766602 561.732582092285 533.018249511719 578.986083984375 547.663558959961 498.143249511719 530.261978149414 639.346405029297 741.563163757324 705.521926879883 697.199821472168 604.616729736328 691.623565673828 604.5685505867 628.410460472107 639.191444396973 668.641544342041 609.569388866425 642.894451141357 579.202239990234 774.907241821289 596.981004714966 577.86555480957 664.326183319092 647.281253814697 612.597730636597 690.653039932251 630.016996383667 620.587215423584
689.700214385986 623.510453462601 569.851150512695 593.52876663208 607.250905334949 589.290538787842 776.089782714844 627.728038787842 555.326698303223 734.260650634766 600.484010696411 600.330986022949 669.332630157471 518.493721008301 607.600012779236 598.76495552063 580.745380401611 629.158615112305 712.407318115234 835.589477539062 823.698701143265 703.560081481934 675.879093170166 629.354985237122 715.615447998047 655.482219696045 614.59906578064 673.169689178467 408.816757202148 606.265044212341 600.384120941162 480.452072143555 795.065244674683 693.228187561035 503.82080078125 586.837557792664 690.856758117676 670.138397216797 544.566940307617 689.742866516113 646.776926040649 658.586324691772 583.8876953125 540.068519592285 624.739318847656 622.564639568329 525.569160461426 688.373611450195 579.953918457031 672.150262832642
686.219215393066 634.377326965332 512.185699462891 585.40637588501 611.64662361145 515.061431884766 650.369161605835 722.983427524567 708.823388576508 808.772567749023 719.105728149414 603.817071914673 606.83765411377 559.845222473145 594.298152923584 647.269685745239 693.690380096436 662.627326488495 741.946208953857 774.865634918213 924.221366882324 832.938276290894 1140.1622467041 874.186904907227 758.815235137939 783.68677520752 737.929222106934 538.067428588867 616.947540283203 517.060012817383 543.265335083008 899.13158416748 593.641609191895 564.520004272461 549.201675415039 530.187385559082 660.636333465576 633.317802429199 615.332931041718 715.755470275879 712.199188232422 775.234939575195 625.587024688721 483.681411743164 552.386428833008 551.061195373535 688.518089294434 674.106315612793 622.705693721771 616.971750259399
662.439678192139 689.541847229004 531.129447937012 608.746354579926 601.718208312988 664.081588745117 575.491359710693 708.724799871445 759.155204772949 709.191551208496 605.351524353027 720.225494384766 657.15843307972 703.840814590454 647.76707649231 559.859161376953 572.060762405396 637.963764667511 720.344610214233 810.984939575195 586.263206481934 719.547145843506 934.002807617188 819.397514343262 808.462925195694 849.546399712563 1098.04171657562 736.028851270676 609.340600967407 639.761381626129 600.393823623657 727.296096801758 523.447227478027 637.963966369629 697.170272827148 596.586612701416 674.489231109619 650.639427185059 529.085311889648 629.823024749756 726.644096374512 542.249450683594 568.728622436523 537.831176757812 471.13249206543 575.644161224365 535.328094482422 692.230461120605 722.834289550781 548.610443115234
737.654006958008 773.60710144043 703.11629486084 647.059509277344 517.886222839355 599.310989379883 648.288554191589 569.055809020996 632.887607574463 752.388832092285 581.581962585449 665.611373901367 634.085388183594 838.636123657227 700.647636413574 727.026336669922 591.494043111801 720.274875640869 659.674827575684 654.237894058228 622.964996337891 754.642724990845 717.462888717651 901.410552978516 818.011945843697 801.466842651367 785.017158508301 808.597715377808 850.070121765137 568.781276702881 1168.26630020142 541.934562683105 626.887408256531 657.888673782349 628.713201999664 609.198062896729 710.667083740234 630.782227829099 628.999576568604 709.592292785645 613.320583343506 615.701765060425 763.504196166992 592.170686721802 649.332906723022 613.293170928955 582.165336608887 578.18705368042 679.14559173584 636.041198730469
623.147480010986 735.522888183594 726.708366394043 696.582061767578 522.928848266602 476.370498657227 603.004180908203 616.54686164856 705.321266174316 699.366063445807 742.151374816895 686.07377243042 735.494171142578 754.210968017578 555.180938720703 708.357559204102 651.202159881592 657.711650848389 826.167896270752 729.245971679688 719.748474121094 820.304574966431 728.267627716064 802.278547286987 728.456887245178 796.04786491394 788.653255462646 993.028213500977 1112.48015403748 765.302749633789 625.67359161377 669.923080444336 589.712097167969 688.310527801514 616.948547363281 686.178249359131 557.194511413574 534.896713256836 659.98007440567 663.125016212463 550.814239501953 610.535919189453 730.231651306152 740.042266845703 594.998262405396 649.236248016357 623.266548156738 599.750919342041 606.583235740662 775.540924072266
581.462024688721 586.62850189209 676.476951599121 544.675788879395 447.178985595703 642.858190536499 683.312557220459 650.57452583313 737.29069519043 783.672885894775 672.129521369934 682.64879989624 608.64208984375 604.528484344482 709.541870117188 486.339447021484 495.808227539062 651.743234634399 650.190010070801 689.806739807129 961.415107727051 920.014053344727 696.564838409424 768.139495849609 624.356132507324 637.05534362793 788.153823852539 823.080772399902 1183.23368644714 1230.32485389709 856.262634277344 698.702773094177 694.251617431641 841.02889251709 548.913055419922 642.589609146118 750.654891967773 702.980644226074 560.374015808105 623.494344711304 844.55224609375 704.605262756348 754.052108764648 766.420066833496 713.987327575684 621.712204694748 706.438209533691 652.605529785156 589.911842346191 698.561412811279
525.27571105957 629.697853088379 595.958019256592 566.270816802979 589.39270401001 643.590532302856 616.101897239685 590.111114501953 666.703746795654 609.575523376465 673.141436100006 677.652898788452 642.326149940491 644.729362487793 655.026622772217 646.496128320694 663.523916244507 705.520500183105 643.627362251282 902.16822052002 753.783813476562 797.085878372192 776.924411773682 821.397406578064 786.473295211792 786.34564447403 598.832389831543 794.556418299675 1188.32585072517 1075.07364082336 1045.82234191895 1066.27210998535 917.038505554199 827.84760093689 795.870300292969 729.260383605957 647.146524176002 741.945465087891 649.225604057312 619.875064849854 786.17845916748 751.480644226074 634.260286867619 679.338996887207 747.847541809082 700.585643768311 566.273971557617 614.175486564636 596.493221282959 621.621827363968
576.679843902588 692.204200744629 618.123805046082 599.643125534058 668.185131072998 680.7116355896 583.427227020264 548.697547912598 557.908088684082 572.925079345703 725.767311096191 548.604797363281 605.499422073364 728.958122253418 714.3642578125 693.724868774414 770.013854980469 608.956390380859 691.311435818672 667.315949440002 553.234703063965 528.41535949707 531.688720703125 637.77473449707 686.332502365112 697.111133575439 742.448017120361 570.541687011719 734.043212890625 828.616185188293 860.76481628418 1338.55390167236 1127.92070007324 937.44717502594 1296.9907989502 943.126312255859 728.329437255859 775.172729492188 689.85884475708 444.442367553711 639.259044647217 720.414421081543 743.820411682129 589.542789459229 587.133079528809 589.381465911865 631.017404556274 564.721740722656 618.245124340057 644.280776977539
590.401206970215 591.048267364502 548.239463806152 638.798850059509 627.463520050049 636.500760555267 556.195739746094 547.441062927246 666.898860931396 665.810062527657 606.09009552002 723.004276275635 638.712105512619 597.832401275635 735.813499450684 768.068153381348 712.401851654053 603.903812408447 705.931968688965 413.435836791992 559.669044494629 574.471221923828 515.940452575684 623.934224367142 604.346590995789 769.745834350586 681.403137207031 592.422760009766 744.839141845703 693.651176452637 726.280300140381 1053.85353851318 991.236907958984 1258.80987548828 928.091659545898 1070.79711914062 810.739143371582 676.015042304993 620.199073791504 701.10728263855 666.845428466797 657.096584320068 688.574432373047 682.87085723877 606.825248718262 497.509384155273 572.33666229248 523.001312255859 633.623251914978 590.681831359863
563.532836914062 492.800277709961 589.19034576416 665.309616088867 700.806282043457 671.155857086182 632.00875711441 742.891983032227 704.184509277344 663.229810237885 667.828898429871 802.315460205078 674.950412750244 709.663269042969 644.211399078369 536.984062194824 626.302299499512 649.38454580307 691.07670211792 626.959712028503 441.250152587891 505.141082763672 690.875064849854 742.307136535645 757.267791748047 766.521667480469 607.479637145996 606.732429504395 652.477233886719 613.415245056152 899.211143493652 892.731384277344 935.924942016602 1395.32543945312 993.978925704956 1350.33535766602 720.844232559204 636.796581268311 727.370101928711 686.215501785278 619.705473661423 679.468585968018 734.140766143799 767.547103881836 574.95295715332 532.90559387207 577.9469871521 601.611999511719 510.585235595703 597.033473968506
768.642440795898 676.857139587402 721.688514709473 779.758026123047 647.653018951416 547.01929473877 771.716110229492 676.842868804932 649.791760444641 684.044807434082 614.433032989502 674.362086296082 689.416774749756 743.809173583984 558.402557373047 499.474609375 551.039962768555 574.540142059326 712.676704406738 795.375549316406 653.202403306961 624.775221824646 672.00757598877 643.994042932987 818.659225463867 642.150833129883 538.770248413086 567.391693115234 593.322875976562 601.880462646484 665.247088432312 882.757919311523 972.180625915527 1287.70825195312 1108.50880432129 1227.49537658691 1095.88074493408 876.57447052002 720.582646131516 535.230909347534 496.450439453125 672.537101745605 782.516342163086 678.8095703125 664.089736938477 515.96849822998 574.528465270996 571.324443817139 635.60323381424 629.081113815308
769.816352844238 574.994834899902 607.381309509277 593.144786834717 371.489807128906 573.689414978027 710.750526428223 641.148385047913 607.88202381134 577.743621826172 592.317581176758 649.029756546021 705.06534576416 593.456657409668 545.874954223633 652.533281087875 749.214454650879 600.260604858398 633.160032272339 700.406044006348 697.419952392578 576.112380981445 644.861436367035 586.051483154297 690.836534261703 705.521984100342 605.731468200684 594.542428970337 646.960868835449 583.959503173828 637.67262840271 768.725481033325 944.150184631348 832.897911071777 990.869792938232 991.035312652588 924.098777770996 750.62434387207 739.162143707275 688.126314163208 863.732200622559 788.417255401611 832.959213256836 789.576050758362 812.431816101074 921.990165710449 1075.47520256042 955.906930923462 725.194370269775 663.777417182922
669.825268745422 614.409881591797 643.339921951294 664.91956281662 580.903606414795 597.067556381226 620.081963777542 685.614471435547 639.119888305664 540.530784606934 639.628419876099 779.51692199707 715.211494445801 616.037586212158 601.516124725342 600.101243972778 707.533195495605 568.19038772583 632.683916091919 666.886184692383 721.32160949707 697.391483306885 717.308650970459 605.089176177979 591.533569335938 648.769165992737 733.187587082386 641.624263763428 582.429088592529 612.771614074707 631.140895843506 820.59496307373 765.680854797363 771.814924240112 836.750152587891 795.982841491699 750.470977783203 838.917401313782 788.713706970215 728.535707473755 716.890733718872 627.040155410767 732.83666229248 853.229446411133 761.894756317139 673.226531982422 824.300018310547 1017.88544559479 1020.38981628418 693.564613342285
614.927925109863 629.814292907715 600.357368469238 623.732135772705 610.404299259186 569.333652496338 575.846176147461 681.255176544189 599.245930671692 612.744483947754 518.016754150391 590.643013000488 776.936828613281 702.87956237793 642.921216011047 663.782725095749 733.660499572754 524.37028503418 601.994106292725 668.502006530762 694.84156036377 726.333480834961 663.464881896973 655.397708177567 607.358459472656 721.326114654541 759.570724487305 785.689182281494 721.050262451172 617.961708068848 766.757354736328 675.313982009888 753.619369506836 674.86967086792 795.91276550293 855.52059173584 669.217015028 686.178859710693 776.599250793457 788.772701740265 777.89917755127 723.661075592041 788.857177734375 839.495346069336 777.571104049683 896.819462299347 719.258026123047 939.404544830322 892.686038970947 708.126482009888
586.658203125 788.668502807617 699.814491271973 647.252002716064 606.08016204834 636.31679725647 619.955326080322 533.205879211426 539.820465087891 534.308807373047 515.532127380371 649.871800899506 557.17170715332 802.003311157227 623.498588562012 602.832569122314 770.311836242676 584.579170227051 685.202754974365 610.419828534126 575.425441741943 607.012954711914 642.706939697266 676.730304718018 814.028198242188 622.708126068115 611.435390472412 800.185073852539 1326.24052429199 681.482227325439 661.533693313599 590.209014892578 691.71195602417 631.03959941864 904.96614074707 901.892166137695 659.368350982666 496.784576416016 850.758712768555 770.434005737305 533.713897705078 884.712539672852 941.885177612305 806.521293640137 766.380460739136 796.770645141602 941.804944038391 1090.75647449493 914.639686584473 1112.08699035645
