simdem/realisation55.asc
NCOLS 350 
NROWS 171 
XLLCORNER 152620 
YLLCORNER 418050 
CELLSIZE 100 
NODATA_value -9999 
[rows 22 to 43 of 171, columns 100 to 149 of 350]
657.111053466797 703.881683349609 673.201179504395 503.516059875488 684.588775634766 620.629013061523 634.97248840332 699.31468513608 684.163856506348 727.409266293049 1132.9239654541 636.342234611511 527.027801513672 850.575622558594 699.909198760986 427.492080688477 669.920288085938 687.832214355469 538.338241577148 706.73051071167 1139.63286185265 911.173847198486 360.810791015625 328.645324707031 437.898513793945 535.343048095703 478.380851745605 474.917617797852 406.244323730469 605.970067977905 539.436771392822 565.329204559326 528.686866760254 721.852531433105 703.892715454102 639.824171066284 530.010124206543 522.561706542969 658.387077331543 564.073883056641 675.786479949951 802.136138916016 708.720542907715 680.921020507812 643.577034473419 621.234013557434 592.708057403564 591.918354034424 710.361740112305 743.296859741211
640.294540405273 566.094593286514 554.622486114502 397.154983520508 508.348052978516 774.838088989258 616.469261169434 586.717140197754 708.927495956421 741.76554107666 1777.08702087402 526.347259521484 531.828521728516 1006.32339477539 518.096321105957 552.455581665039 733.422943115234 464.034423828125 480.945571899414 446.121475219727 741.943183898926 471.101119995117 1075.88201904297 1045.2361946106 584.323516845703 639.787033081055 469.350570678711 399.990783691406 466.353378295898 361.902816772461 506.445854187012 583.288294434547 538.496585845947 632.190690994263 530.712203979492 607.00945854187 620.424988985062 549.527030944824 618.66356754303 531.083938598633 675.612510681152 664.771968841553 643.871894836426 533.576881408691 500.022079467773 527.553672790527 471.877044677734 521.875129699707 601.734561920166 476.364044189453
570.754667282104 476.666038513184 366.190277099609 486.906768798828 399.590423583984 721.554504394531 558.617057800293 629.184814453125 375.457305908203 498.235893249512 861.154678344727 968.952705383301 583.032974243164 650.979461669922 589.016284942627 626.921661376953 369.249633789062 436.431350708008 371.904327392578 717.960235595703 762.34610748291 507.19962310791 611.956060409546 602.609136581421 745.105281829834 403.119812011719 549.960327148438 425.306137084961 455.193115234375 559.523601531982 457.650901794434 489.780166625977 535.940902709961 709.080757141113 787.819580078125 663.433681964874 707.602668762207 642.40221786499 673.199821472168 709.25301361084 788.559417724609 538.521659851074 601.168544769287 603.582906603813 408.081069946289 463.814399719238 500.697540283203 397.482757568359 499.110305786133 608.527850389481
440.332260131836 495.540382385254 711.039342880249 628.539245605469 475.40007019043 544.743179321289 873.875457763672 946.885818481445 473.505569458008 856.499549865723 1017.9846572876 814.314682006836 973.092361450195 922.607053756714 726.649932861328 1073.48575592041 421.761260986328 410.88525390625 334.56071472168 753.515403747559 1529.45051240921 575.5094871521 518.939353942871 545.406700134277 636.045104980469 470.549461364746 556.250721216202 558.479163169861 486.359687805176 586.254886627197 508.717823028564 499.273162841797 678.53532409668 761.042737960815 711.458431243896 798.586410522461 663.619171142578 701.699783325195 650.620838165283 775.250579833984 618.153349876404 505.337181091309 433.15657043457 428.311477661133 527.959915161133 505.705955505371 465.799797058105 301.899307250977 557.020114898682 625.219779968262
575.631149291992 498.248947143555 869.718849182129 520.341705322266 431.150360107422 343.675018310547 461.427154541016 648.129745483398 883.542877197266 569.956329345703 637.512748718262 864.98148727417 896.877246856689 567.040283203125 793.531265258789 894.707153320312 516.410217285156 667.265762329102 704.78978729248 463.627578735352 1103.88964080811 686.464916229248 663.284534454346 465.405982971191 560.311599731445 510.785987854004 575.594430923462 443.540969848633 420.392166137695 531.322067260742 590.245784759521 613.254390716553 709.219421386719 569.097289085388 560.831165313721 733.362091064453 564.104042053223 632.911540985107 651.722290039062 601.433067321777 625.164630889893 636.101535797119 539.769989013672 517.284492492676 480.959030151367 539.338573455811 643.640533447266 551.255790710449 633.52710723877 597.709062576294
471.011665344238 453.834594726562 514.505905151367 357.245788574219 855.851501464844 1109.92687988281 754.894420623779 540.346446990967 566.965942382812 809.792526245117 563.697418212891 754.222105026245 778.301277160645 598.902935028076 613.89151763916 876.684906005859 1222.98652648926 487.017219543457 597.37963104248 692.160858154297 524.244537353516 585.325729370117 522.870445251465 463.836532592773 694.002532958984 588.633594632149 557.746010780334 535.903352975845 440.964805603027 596.47159576416 496.715496063232 613.950485229492 463.113052368164 537.448818206787 574.133783340454 605.797534942627 581.061954498291 688.703269958496 665.970611572266 643.797813415527 647.795120239258 600.780790328979 596.577346801758 554.498716831207 542.373670578003 558.968372344971 553.706080436707 642.693046569824 598.54211807251 556.249667048454
518.142589569092 845.422904968262 444.050537109375 596.317493438721 443.726806640625 527.131439208984 540.363227844238 559.334583282471 755.988506317139 604.890104293823 861.100540161133 739.621025085449 560.11693572998 708.261291503906 728.240768432617 455.850936889648 625.195463180542 1048.92682647705 983.536117553711 431.347076416016 516.630432128906 658.544593811035 543.959077835083 531.463317871094 447.399475097656 616.307973861694 506.988191604614 585.724655151367 588.556095123291 604.943115234375 530.62682723999 599.91907119751 645.213821411133 654.145233154297 715.234436035156 640.099365234375 488.648666381836 572.129685401917 746.625198364258 816.401504516602 696.357772827148 637.639770507812 574.501014709473 513.906047821045 579.89164352417 568.765197753906 588.045255661011 587.808166503906 570.393871307373 583.192963123322
429.943725585938 461.63907623291 487.32186126709 462.54524230957 501.124473571777 539.899784088135 681.130569458008 612.495880126953 659.43480682373 572.083988189697 939.603527069092 566.250770568848 788.255774497986 990.638166427612 760.32763671875 548.442359924316 631.925582885742 510.256172180176 518.452293395996 400.187103271484 592.852119445801 576.505117416382 425.362312316895 550.467636108398 517.516439437866 800.975311279297 650.518402099609 536.959596157074 580.22770690918 523.129943966866 447.957801818848 522.691736221313 656.509773254395 600.995300292969 665.635955810547 582.733184814453 688.655731201172 629.503540039062 716.865783691406 719.48893737793 708.89485168457 655.27214050293 642.845657348633 596.007659912109 526.131994009018 637.276298522949 545.931976318359 641.989845275879 601.520023345947 624.961570739746
730.133560180664 464.709857940674 327.627655029297 743.219492912292 804.755661010742 521.550388336182 472.202079772949 647.853801727295 685.299705505371 932.024089813232 780.300521850586 498.880340576172 597.571306228638 865.258094787598 681.249305725098 965.782676696777 575.72417640686 602.729621887207 433.245376586914 437.9521484375 517.611133575439 589.045227050781 643.130096435547 630.83304977417 803.813232421875 1893.93472290039 677.850845336914 556.500328063965 564.879035949707 455.380081176758 592.181289672852 481.214672088623 326.838470458984 410.605842590332 476.689754486084 465.665176391602 547.036571502686 621.138019561768 562.013606071472 544.816041052341 561.477249145508 551.584891319275 607.890590667725 585.029022216797 535.177667617798 512.251165390015 359.388519287109 652.519599914551 588.787490844727 682.280029296875
557.446310043335 536.599877357483 512.754137039185 482.030570983887 1239.10385894775 447.925285339355 592.56604385376 521.266365855932 750.678253173828 707.522994995117 603.440404891968 792.705600738525 613.244876861572 562.735470294952 568.8916015625 678.161212921143 690.81721496582 470.655235290527 632.669082641602 511.209041595459 594.36424446106 580.651372909546 531.159690141678 623.865501403809 635.117012023926 641.477813720703 479.851871490479 557.684448242188 484.838735580444 405.414283752441 477.839435577393 646.590560913086 455.168388366699 461.177688598633 425.065856933594 461.750503540039 421.949150085449 480.074775695801 470.632999420166 486.660369873047 500.97875213623 536.891030430794 541.776866912842 582.464102268219 512.031887054443 424.23860168457 472.160316467285 442.934158325195 569.572681903839 474.285339355469
475.947662353516 488.57438659668 387.53337097168 557.726450622082 627.410026550293 496.832473754883 409.723320007324 914.506759643555 1202.31435394287 606.625164031982 588.052726745605 656.779357910156 638.65763092041 526.836132049561 584.428678512573 434.077262878418 508.279215812683 538.762135982513 518.298656463623 383.864318847656 488.330871582031 443.38809967041 515.106866836548 622.928382873535 558.321166992188 558.891647338867 528.923515319824 504.677612304688 418.89820098877 346.618728637695 486.431613922119 336.461273193359 374.364318847656 523.406661987305 528.222780704498 376.976943969727 428.242179870605 563.261600494385 562.611656188965 400.157730102539 433.629981994629 508.997747421265 486.999740600586 493.549468994141 599.316101074219 457.984344482422 358.224884033203 492.779083251953 506.541492462158 460.50447845459
410.809989929199 578.634452819824 433.014373779297 519.794368743896 418.022216796875 415.229217529297 288.608612060547 361.855560302734 567.372520446777 623.307479858398 678.084659576416 491.573217391968 536.224318504333 956.644649505615 423.928855895996 494.231273174286 571.849979400635 557.48823928833 570.923633575439 596.461967468262 605.79524230957 465.840942382812 368.92658996582 515.686023712158 561.041080474854 524.11079788208 421.456680297852 473.284969329834 625.740005493164 499.540953636169 501.373942375183 436.343612670898 466.259502410889 497.221792221069 403.524887084961 385.895080566406 477.500606536865 605.088371276855 632.550491333008 535.105657577515 479.584342002869 456.872489929199 593.030303955078 525.316012382507 676.928985595703 459.104789733887 466.933090209961 440.817749023438 532.079407691956 422.673141479492
525.9059715271 608.023498535156 593.420227050781 407.94841003418 418.587665557861 350.992294311523 322.685653686523 485.349201202393 482.230542182922 484.762657165527 595.727275848389 534.156426429749 461.470237731934 532.047702789307 424.335586547852 460.925796508789 727.021697998047 542.501173019409 530.43837928772 520.153403282166 500.649980545044 462.631755828857 448.547676086426 476.249580383301 520.740516662598 435.957214355469 545.252784729004 362.647674560547 469.521253585815 529.475357055664 521.871160507202 332.756256103516 459.230697631836 311.057846069336 461.214904785156 348.417510986328 376.454315185547 502.162970542908 479.995052337646 529.938827514648 598.999252319336 624.565422058105 506.075552225113 571.677352905273 609.043045043945 610.829254150391 448.115371704102 519.630472183228 550.905336380005 466.122924804688
372.754898071289 466.073692321777 488.162066459656 455.893890380859 330.65380859375 406.244136810303 464.358173370361 430.399936676025 549.894435882568 404.061477661133 576.493234634399 457.977920532227 488.257862299681 504.705669403076 498.812948226929 493.81178188324 393.55054473877 468.104125976562 650.814880371094 542.38053894043 547.695938110352 497.65407204628 508.873916387558 453.016338348389 530.590034484863 543.424579620361 464.530321598053 458.862278938293 412.606376647949 392.832855224609 579.770172119141 494.102578163147 540.607276916504 563.624084472656 464.73023223877 387.647506713867 373.970947265625 573.436222076416 464.61993598938 515.705798149109 655.563705444336 589.863380432129 575.702117919922 607.51969909668 690.763916015625 580.464401245117 468.761451721191 565.387722015381 466.944213867188 516.049083709717
361.768424987793 489.79125213623 543.825347900391 399.029747009277 360.439117431641 570.98950958252 475.179806470871 606.464920043945 514.398250579834 445.584354400635 529.395427703857 464.212949752808 605.587631225586 536.573356628418 516.781782150269 428.501304626465 464.432094573975 442.108669281006 464.370830535889 538.120067596436 492.195468902588 293.695571899414 414.036720275879 478.640823364258 406.652404785156 359.139129638672 485.15015411377 622.419937133789 539.088535308838 490.265900611877 575.750061035156 486.972847938538 557.03897857666 378.578018188477 448.034931182861 450.766258239746 594.731323242188 333.900016784668 464.251121520996 491.106790542603 479.008120536804 438.652847290039 639.893493652344 491.805204391479 555.7165184021 426.371864318848 395.638259887695 486.795341491699 665.252555847168 570.772972106934
338.841690063477 536.388854980469 566.209426879883 472.521478176117 397.44068145752 406.886795043945 637.868103027344 599.63924407959 536.402210235596 549.46004486084 443.322059631348 395.546836853027 456.91227722168 421.674377441406 264.870590209961 217.973724365234 382.726249694824 382.149925231934 380.639755249023 442.118907928467 507.181118011475 576.214263916016 501.058532714844 560.073532104492 379.867080688477 397.94401550293 466.782181367278 397.068969726562 536.657737731934 520.88094329834 491.048410415649 458.470233917236 449.095205307007 426.953773498535 440.111808776855 536.991809844971 581.695648193359 492.518635749817 540.18346786499 596.224433898926 552.963516235352 652.985809326172 623.732467651367 458.054122924805 476.015771865845 499.782768249512 540.522895812988 594.27904510498 662.485382080078 794.785064697266
526.404289245605 381.491401672363 453.263721942902 341.568023681641 290.500732421875 454.881114959717 592.239032745361 487.340377807617 480.998648166656 407.785224914551 550.805709838867 559.434646606445 420.527515411377 486.405603408813 383.260032653809 360.269096374512 486.710609436035 357.298004150391 535.60791015625 442.238870620728 328.468475341797 631.923690795898 535.306613922119 463.951950073242 493.294738769531 426.626438140869 495.489521026611 374.155387878418 443.874883651733 473.860888004303 393.542610168457 479.295543909073 399.984359741211 432.959613800049 549.529312133789 440.727542877197 531.438720703125 540.127197265625 579.505573272705 432.113296508789 424.155563354492 507.956878185272 566.066730499268 497.847221374512 410.853309631348 575.460998535156 676.558166503906 664.236557006836 781.53239440918 669.288558959961
520.434600830078 381.171714782715 465.941356658936 418.236301422119 403.236377716064 468.259033203125 337.097534179688 502.604949951172 641.754165649414 422.878536224365 450.894836425781 493.686212539673 508.316940307617 461.377265453339 469.517570972443 435.522077560425 436.293455123901 448.562726020813 444.052927017212 558.122337341309 381.838600158691 496.99100112915 491.302448272705 470.9586353302 522.671348571777 344.980087280273 470.147034645081 450.770485043526 492.330574512482 487.153893470764 511.763023376465 534.938377380371 425.757369995117 446.183954238892 525.677940368652 406.826774597168 421.716819763184 609.681983947754 494.678219079971 417.940124511719 385.096626281738 465.640869140625 413.931327819824 456.819923400879 543.664636611938 501.450468063354 670.757461547852 547.929203033447 601.417526245117 644.461902618408
499.664501190186 399.043071746826 422.680110931396 445.739021778107 545.604393005371 426.421245574951 434.396286010742 496.992626190186 506.669731140137 490.261575698853 559.779609680176 425.087936401367 473.768282771111 493.258651733398 438.782155990601 435.349092483521 375.896820068359 387.818511962891 442.157211303711 472.2884349823 478.066696166992 524.70873260498 429.138484954834 539.947441101074 503.367588043213 463.016819000244 383.12427520752 318.136108398438 349.350120544434 625.680541992188 668.577713012695 515.147415161133 596.286819458008 527.353607177734 514.867305755615 534.871482849121 697.071090698242 611.260047912598 487.889566421509 272.937881469727 358.167724609375 573.786285400391 486.921117782593 443.024017333984 674.263046264648 570.254581451416 502.752094268799 525.665992736816 665.576538085938 521.154198646545
330.400382995605 216.089660644531 454.19157409668 505.382232666016 468.178625106812 360.100364685059 368.196464538574 487.557813644409 499.356727600098 566.667907714844 339.96435546875 535.299587249756 543.767234802246 501.660799026489 446.373977661133 382.086906433105 362.986778259277 379.051086425781 367.542182922363 419.583755493164 521.95454788208 552.540962219238 603.381080627441 506.530494689941 571.580078125 377.254447937012 486.27197265625 546.060398101807 464.855051040649 606.366271972656 630.526260375977 611.137420654297 600.831787109375 593.05753326416 537.806900024414 493.693660736084 549.756950378418 477.286149978638 455.672567367554 374.067260742188 428.593605041504 451.238647460938 467.305461883545 490.040272712708 762.197372436523 600.677890777588 570.942770004272 387.025833129883 528.332075119019 594.277568817139
405.228044509888 626.08967590332 459.561592102051 375.115085601807 484.154685974121 411.742130279541 406.983425140381 461.301202774048 531.235687255859 541.374969482422 506.603759765625 453.287448883057 364.253463745117 407.399978637695 450.713012695312 403.736190795898 392.096260070801 586.917259216309 390.535667419434 450.480886459351 446.227191925049 546.226852416992 540.819980621338 588.76766204834 661.530059814453 545.694244384766 492.115936279297 470.469524383545 645.089614868164 550.032276153564 486.678603172302 632.722351074219 550.370697021484 523.862922668457 455.767358779907 499.201905250549 412.78458404541 424.125045776367 472.211475372314 413.844367980957 420.127639770508 537.026657104492 457.592308044434 364.728622436523 475.531436920166 499.280915260315 542.64896774292 547.740303039551 610.531463623047 425.219223022461
429.43000793457 557.358291625977 572.947280883789 496.158378601074 578.108627319336 410.072265625 360.942428588867 487.044254302979 555.021759033203 624.194152832031 348.855407714844 339.910339355469 433.723621368408 355.424865722656 296.701095581055 510.900535583496 627.534729003906 540.503261566162 481.699491500854 444.834964752197 507.717920303345 507.634590148926 508.061040878296 477.581121444702 522.342454910278 428.269298553467 521.199750900269 499.889581121504 568.040061950684 526.360908508301 418.947547912598 648.942016601562 508.105982780457 546.00732421875 467.187797546387 298.722183227539 321.799407958984 449.317493438721 551.56326675415 570.43830871582 468.119621276855 644.102294921875 476.073013305664 409.70531463623 503.985187530518 596.833824157715 521.058811664581 558.910205841064 511.791440963745 390.882080078125
