simdem/realisation99.asc
NCOLS 350 
NROWS 171 
XLLCORNER 152620 
YLLCORNER 418050 
CELLSIZE 100 
NODATA_value -9999 
[rows 44 to 65 of 171, columns 50 to 99 of 350]
723.860404968262 701.624031066895 568.354400634766 746.908740997314 398.358280181885 514.931167602539 596.765686035156 655.630836486816 651.710494995117 425.052879333496 812.431411743164 376.705474853516 340.319519042969 452.060340881348 515.655828475952 566.449195861816 674.431640625 532.564834594727 454.954578399658 433.304299354553 405.512350082397 454.611433029175 436.949743509293 412.555369377136 432.286893844604 252.039627075195 369.495260238647 330.787658691406 393.124286651611 458.192756652832 354.158237457275 513.855567932129 444.599069625139 381.298210144043 308.057800292969 383.148979187012 432.312614440918 543.917518615723 334.740234375 458.544864654541 500.382919311523 566.306324005127 573.010650634766 577.024932861328 447.274265289307 367.425228118896 446.198476791382 399.451713562012 361.943351745605 370.443897247314
662.951103210449 560.336959838867 498.360076904297 860.36402130127 553.136447906494 498.573751449585 678.549644470215 673.910011291504 299.627944946289 589.599182128906 351.095611572266 373.304672241211 360.247840881348 401.025650024414 376.958938598633 526.960838317871 575.090629577637 520.76570892334 381.580951690674 307.940788269043 327.523399353027 455.000007629395 403.019247055054 434.378612518311 416.614077091217 419.559839248657 442.854013442993 367.210739135742 443.287616729736 455.856460571289 507.039726257324 517.565116882324 408.269954681396 274.122207641602 393.257423400879 454.964805603027 377.15408706665 403.6083984375 367.822959899902 345.77530670166 431.355911254883 520.644546508789 399.487407684326 477.03441619873 541.603363037109 490.433742046356 400.200168609619 328.943138122559 362.814785003662 249.337249755859
662.565181732178 482.929042816162 719.804138183594 457.504046916962 382.697257041931 470.489261627197 594.814779281616 358.433212280273 694.151487350464 496.563430786133 484.319206237793 380.688812255859 484.153622627258 478.114874839783 396.421859741211 441.602806091309 416.116234779358 535.272048950195 414.082087516785 313.041801452637 278.890342712402 384.576789855957 277.494506835938 382.544384002686 392.585945129395 580.492797851562 517.499359130859 411.125576019287 411.154232025146 427.934218406677 430.531951904297 403.806955337524 366.629089355469 397.094175338745 329.264038085938 403.565368652344 420.496916770935 314.919227600098 404.49222612381 315.005409240723 321.544174194336 418.75704574585 367.049446105957 393.478433609009 547.100540161133 428.928170196712 367.645259857178 383.863037109375 361.55842590332 485.470085144043
542.561641693115 618.487998962402 617.643096923828 365.096572875977 356.300045013428 381.528564453125 969.071983337402 683.426195144653 569.672271728516 557.04610824585 592.894302368164 576.068561553955 483.212465763092 486.362976074219 547.884153366089 281.236282348633 318.668632507324 421.002134561539 402.338814735413 310.729751586914 393.105167388916 480.935760498047 418.496215820312 483.442321777344 346.71480178833 349.407238006592 462.95307302475 511.060821533203 505.133834838867 379.595180511475 345.104652404785 428.008934020996 335.82381439209 354.164627075195 419.877292156219 342.833679199219 344.036209106445 409.880039215088 388.248767852783 410.423048019409 564.735816955566 511.560203552246 522.886474609375 617.842346191406 434.387696266174 546.559356689453 373.034400939941 357.000789642334 498.880603790283 339.639961242676
480.593811988831 533.005676269531 378.831123352051 493.686798095703 368.389358520508 495.262832641602 478.782325744629 448.243263244629 439.08536529541 539.153825759888 349.055892944336 408.996383666992 430.678649902344 536.971488952637 388.325492858887 471.838023453951 383.660087585449 485.691181182861 364.281539916992 391.047766685486 420.348280549049 411.65456199646 344.883102416992 338.681663513184 366.456880569458 460.731472015381 395.157112121582 421.272175073624 399.552560806274 487.722434997559 394.704437255859 358.457992553711 496.901519775391 508.762077331543 420.103437423706 366.567234039307 350.84814453125 379.970443725586 532.514350891113 416.578539848328 398.725254058838 509.538059234619 616.554916381836 454.091584205627 357.937454223633 401.937015533447 452.795383214951 404.424179077148 390.433204650879 343.302841186523
575.190114974976 371.014455318451 376.992202758789 441.584037780762 593.721773147583 432.65518951416 448.984321594238 266.169784545898 380.712196350098 589.432434082031 377.899223327637 416.575386047363 418.292556762695 475.89491122961 443.35650062561 400.809013366699 429.182632446289 379.204475402832 425.913686804473 409.441696166992 512.285659790039 385.12903213501 462.95011138916 421.186157226562 358.068748474121 426.124925374985 437.35262298584 513.397750854492 438.923184394836 338.089973449707 487.438514709473 417.851400375366 486.956520080566 373.798847198486 437.312110424042 401.82749080658 438.746459007263 475.88224029541 584.954238891602 531.724731445312 437.599423885345 429.199885979295 534.332878112793 465.546102046967 321.831298828125 406.623027801514 327.857437133789 314.766555786133 419.261165142059 387.482315063477
396.618719100952 552.568740844727 542.62756729126 1037.95915985107 579.130012512207 710.712219238281 502.16982460022 476.686334609985 443.454029083252 551.33438873291 502.365661621094 445.752290248871 579.99976348877 472.453983306885 362.438186645508 406.744960784912 357.0651512146 499.782325744629 410.274527549744 529.308753967285 604.993469238281 345.159633636475 507.266906738281 415.949018478394 435.72526550293 588.122772216797 423.107617378235 482.025939941406 502.393692016602 418.273367404938 423.42193365097 376.011528015137 430.939651727676 429.152232050896 294.855697631836 259.710327148438 503.406181335449 418.177953720093 451.899387359619 479.20512008667 430.551862716675 365.047443389893 241.458236694336 350.312538146973 356.238037109375 268.194030761719 278.180709838867 429.060678482056 419.846885681152 422.097309112549
776.572563171387 575.764095306396 569.927383422852 623.87784576416 565.381235122681 599.792121887207 491.560536623001 464.16068649292 534.946632385254 494.265884399414 492.225929260254 584.492477416992 489.782104492188 375.73722076416 430.950527191162 346.237831115723 486.872741699219 425.078801870346 338.999435424805 391.600254058838 446.925704956055 385.508102416992 608.508605957031 462.789524078369 397.756296157837 342.33521270752 394.937522888184 582.222686767578 437.642009735107 448.167459487915 342.099769592285 409.519738197327 391.37618637085 523.957717895508 431.32244682312 479.638050079346 342.54271697998 507.341651916504 567.03727722168 377.211929321289 484.60631942749 496.506419658661 475.564300537109 345.171745300293 400.982947349548 403.386053323746 278.341812133789 401.507537841797 452.538284301758 308.71768951416
706.207473754883 511.556221008301 1046.40866088867 619.64799118042 588.097099304199 524.55171585083 540.800277709961 579.04256439209 582.239852905273 609.692245483398 519.412147521973 440.826344490051 475.09644317627 256.281921386719 244.166351318359 471.434051513672 552.997924804688 445.879198074341 378.760520935059 340.245887756348 394.16340637207 452.632299423218 449.951387405396 500.438568115234 481.239479064941 387.772464752197 454.816352844238 513.229461669922 502.444122314453 445.931545257568 383.054709434509 391.092422962189 395.481440544128 362.88159942627 458.536151885986 456.643497467041 400.285592079163 500.878623962402 457.992652893066 386.819030761719 512.848445892334 393.495632171631 365.163154602051 346.472747802734 381.714595794678 451.253650665283 464.868938446045 426.490609169006 414.15350818634 309.209083557129
796.218643188477 507.871339797974 576.612939834595 637.461326599121 485.082305908203 516.028654552996 486.542330265045 528.606246948242 603.142883300781 573.567718505859 362.535568237305 440.922706604004 485.475242614746 279.095230102539 242.185150146484 407.082038879395 462.168239593506 360.373184204102 348.280197143555 353.664031982422 384.865566253662 376.086307525635 421.942760467529 479.328559875488 609.788856506348 494.243244171143 346.243675231934 353.989181518555 429.366756439209 413.147836685181 383.575356006622 357.177043914795 452.178871154785 229.214477539062 327.08504486084 307.330642700195 386.512510299683 396.056381702423 207.052124023438 257.123321533203 222.174179077148 332.786582946777 455.65775680542 422.692943572998 431.264590442181 507.553451538086 345.373481750488 444.725156784058 366.087701797485 222.125701904297
726.496826171875 576.55428314209 704.089813232422 655.563653945923 486.022594451904 469.440353393555 447.750629425049 378.361625671387 413.875354766846 377.07234954834 422.098550796509 389.688186645508 371.011734008789 374.868637084961 359.117267608643 456.746597290039 337.105285644531 348.148548126221 465.813610076904 354.860015869141 483.382217407227 542.410690307617 421.194544792175 738.410972595215 674.267395019531 398.862632751465 480.561134338379 271.272567749023 259.979583740234 410.857885360718 295.291000366211 385.013504981995 343.103782653809 222.953964233398 340.681213378906 294.604095458984 294.523262023926 178.165252685547 187.219009399414 155.982177734375 230.562530517578 462.639171600342 360.807052612305 495.074882507324 287.478210449219 305.649307250977 363.405288696289 395.262577056885 337.057350158691 332.257194519043
667.973510742188 1251.72565460205 657.140167236328 574.547361373901 467.27375793457 365.354614257812 342.255096435547 403.471324920654 508.668258666992 333.897857666016 448.915502548218 339.751152038574 424.752859592438 420.695736408234 396.539964675903 359.670364379883 367.549774169922 345.536804199219 455.63996887207 332.664810180664 474.190998077393 496.170318603516 601.215087890625 541.274147033691 388.395299911499 340.572509765625 475.976371765137 389.524755477905 346.755811691284 334.802383422852 282.999130249023 344.230236053467 407.903146862984 269.544013977051 319.042991638184 328.31519317627 264.60814666748 408.366547107697 371.879299163818 283.919380187988 312.629508972168 455.910884857178 294.134384155273 260.256271362305 370.549297332764 310.655151367188 372.512958526611 428.839541435242 381.295104980469 321.68953704834
497.744617462158 670.532875061035 693.075576782227 737.222339630127 570.787647247314 466.982559204102 275.6845703125 419.279232025146 510.847587585449 506.260971069336 295.329772949219 256.53303527832 472.626853942871 359.767799377441 272.888092041016 289.623001098633 291.935470581055 342.516815185547 322.623039245605 329.664695739746 521.037910461426 488.583026885986 476.696571350098 367.147254943848 414.456295013428 366.535855770111 338.272706031799 401.21183013916 277.275413513184 331.19206237793 409.132312774658 460.686576843262 284.951404571533 289.735385894775 447.67073059082 383.81099319458 325.724586486816 423.993650436401 511.926643371582 467.230281829834 436.393516540527 388.19101524353 324.577972412109 268.32536315918 197.605880737305 230.564041137695 406.184514045715 334.553756713867 453.063175201416 343.978317260742
804.806625366211 584.038612365723 539.682464599609 540.58051109314 576.623127937317 545.181242465973 456.029876708984 355.996368408203 410.348508834839 451.907447814941 474.499027252197 383.153787612915 485.60506439209 455.990203857422 209.270401000977 299.978660583496 395.799724578857 347.917697906494 498.036956787109 333.49723815918 353.800937652588 391.177932739258 234.570106506348 226.474334716797 424.899719238281 389.9787940979 410.931022644043 294.473163604736 304.773696899414 260.645057678223 225.578155517578 434.850456237793 312.595191955566 329.297100067139 421.524072647095 304.812915802002 350.287457942963 464.839965820312 333.677391052246 352.426761627197 335.318511962891 264.363372802734 318.083213806152 367.244724273682 251.257186889648 155.145263671875 240.80029296875 436.098575592041 502.177032470703 355.023735046387
540.400211334229 579.133855819702 547.577331542969 583.369184494019 567.030319213867 614.054685592651 358.514709472656 527.424758911133 480.121150970459 494.788482666016 435.203201770782 360.540603637695 277.801567077637 368.434651374817 410.808937072754 311.040542602539 373.951095581055 518.428047180176 436.761498451233 373.684635162354 282.595832824707 319.938327789307 263.282260894775 154.667282104492 267.716621398926 380.289691925049 401.536270141602 392.531677246094 400.870040893555 375.275337219238 317.926712036133 338.926742553711 433.330657958984 399.425933837891 594.561721801758 380.112868785858 349.027507781982 467.384010314941 436.930034637451 369.032358169556 400.35104817152 257.129302978516 481.34529876709 494.017074584961 410.819221585989 356.319938659668 498.70532989502 458.562654495239 428.745571136475 426.140991210938
581.874858856201 413.964324951172 583.577419281006 664.996643066406 646.301605224609 607.154090881348 543.304798126221 462.272872924805 505.524101257324 412.107419967651 479.365829467773 305.846515655518 339.016361236572 401.557140350342 416.924596786499 380.389673233032 524.352096557617 475.811363220215 534.489791870117 371.046726226807 399.593338012695 454.508338928223 236.183662414551 341.030786514282 425.301513671875 465.841781616211 457.246284484863 318.783660888672 437.473903656006 444.546981811523 227.153350830078 340.231293678284 347.224872589111 459.559745788574 448.354454040527 346.544406890869 304.559219360352 500.929618835449 451.547451019287 384.90657043457 568.164001464844 465.729614257812 525.856735229492 478.502288818359 530.046371459961 435.678544521332 470.849193572998 449.996719360352 435.746203422546 324.369972229004
484.543481826782 478.539924621582 504.436401367188 607.192749977112 678.782480239868 724.640159606934 520.659931182861 420.007476806641 357.224014282227 264.854049682617 365.658805847168 408.409502029419 352.176109313965 286.906272888184 355.749886512756 515.091453552246 353.503009796143 379.349605560303 391.346935272217 408.009851455688 402.871997833252 343.065746307373 236.239166259766 357.346433639526 388.750593185425 439.733421325684 369.457330703735 430.478225708008 387.064175844193 449.522956848145 326.246925354004 273.813453674316 267.764717102051 421.679153442383 384.561201095581 317.60591506958 471.113220214844 487.541313171387 444.962329864502 266.175872802734 288.759796142578 422.407768249512 498.246047973633 379.592002868652 392.061683654785 356.40926361084 473.747779846191 371.703178405762 298.292022705078 418.014030456543
470.531803131104 540.1550989151 507.484935760498 660.63614654541 842.227432250977 653.039775848389 680.415073394775 416.617736816406 341.552917480469 288.783233642578 287.530494689941 391.718011856079 553.038314819336 435.063270568848 400.731032371521 488.001689910889 364.192893981934 532.642364501953 398.541516065598 426.279109954834 334.339813232422 414.864722728729 429.596603393555 275.091461181641 284.089637756348 220.310531616211 438.236740112305 458.064987182617 418.881610870361 401.920631408691 495.617485046387 217.572509765625 480.975631713867 398.638631820679 295.178955078125 425.245300292969 543.377044677734 469.960884094238 470.451652526855 319.293930053711 386.783876419067 407.772130966187 384.635480880737 379.428371429443 250.308959960938 309.499923706055 337.357429504395 292.271728515625 495.242228984833 531.554100036621
579.084081172943 567.586769640446 592.411329269409 625.804044723511 597.444222688675 643.266153335571 521.691703796387 430.022300720215 327.134857177734 243.127624511719 302.192825317383 342.450542449951 390.048365592957 470.237373352051 514.51985168457 527.188354492188 470.666061401367 346.521772384644 370.031616210938 425.846839904785 413.188587188721 265.719481468201 388.692272186279 351.595769882202 371.786022186279 342.099912643433 426.729969024658 313.789077758789 522.055725097656 485.632278442383 432.860004425049 478.767158508301 376.406252861023 348.014081954956 257.787826538086 386.839120864868 322.429977416992 486.086563110352 484.817966461182 391.579120635986 395.225553512573 477.385753631592 373.19942855835 405.2415599823 539.7802734375 513.249610900879 411.838245391846 399.778930664062 466.938617706299 523.822151184082
511.904216766357 480.245933532715 466.907424926758 555.463650226593 591.580490112305 491.809564590454 463.806896209717 388.328887939453 443.033639907837 308.521453857422 250.490341186523 379.600311279297 360.048707962036 415.384727478027 406.760677337646 318.375999450684 401.022319793701 408.504459381104 268.145599365234 418.100284576416 262.917984008789 254.742370605469 378.914192199707 394.276429176331 542.899185180664 389.960812091827 440.176071166992 441.612182617188 494.185958862305 411.029912948608 391.706634521484 377.682916641235 239.109825134277 268.334953308105 335.33411026001 411.543291091919 478.251403808594 577.621826171875 311.786895751953 405.417943000793 323.696998596191 355.123497009277 328.98225402832 464.206979751587 452.035041809082 450.188385009766 467.466762542725 512.534790039062 521.863555908203 517.425338745117
399.202880859375 439.825698852539 619.689811706543 675.670861244202 514.411323547363 533.65478515625 461.280311107635 351.860626220703 398.095319747925 394.75387096405 350.758689880371 310.510887145996 332.956520080566 262.546928405762 408.007759094238 323.907833099365 341.502479553223 499.34196472168 295.851737976074 387.569141387939 261.977180480957 394.282055854797 459.136558532715 463.672439575195 538.275085449219 382.156726837158 418.269187927246 473.47225189209 495.391571044922 338.859649658203 428.776924133301 277.612426757812 320.831504821777 346.322978973389 475.302154541016 377.276222229004 319.084457397461 323.126998901367 329.651924133301 356.546123504639 378.518112182617 230.688629150391 299.10717010498 435.742910385132 401.825443267822 370.366706848145 473.504039764404 492.673892974854 499.867622375488 522.321922302246
557.691500484943 554.562442779541 418.426322937012 583.901481628418 249.887664794922 221.388641357422 371.845153808594 379.694095611572 367.032934188843 281.907890319824 374.429607391357 392.670852661133 310.817718505859 248.769927978516 267.207458496094 348.001842498779 268.717323303223 315.01778793335 356.405471801758 444.168037414551 410.259557723999 302.13695526123 428.300228118896 363.252769470215 430.731742858887 362.156532287598 312.763877868652 532.769805908203 438.23176574707 378.069302558899 324.280807495117 225.837280273438 331.062812805176 305.94287109375 470.47047996521 304.1494140625 414.582694530487 263.677719116211 351.025115966797 448.664553642273 308.748893737793 159.402557373047 259.579681396484 395.094905853271 434.18607711792 359.942932128906 374.128921508789 450.649674654007 478.12574005127 362.769996643066
