simdem/realisation79.asc
NCOLS 350 
NROWS 171 
XLLCORNER 152620 
YLLCORNER 418050 
CELLSIZE 100 
NODATA_value -9999 
[rows 0 to 21 of 171, columns 150 to 199 of 350]
583.747692108154 577.470481872559 794.251459121704 -9999 -9999 -9999 -9999 -9999 -9999 -9999 -9999 -9999 -9999 -9999 -9999 -9999 -9999 -9999 -9999 -9999 -9999 -9999 -9999 -9999 -9999 -9999 -9999 -9999 -9999 -9999 -9999 -9999 -9999 -9999 -9999 -9999 -9999 -9999 -9999 -9999 -9999 -9999 -9999 -9999 -9999 -9999 -9999 -9999 -9999 -9999
693.273490905762 751.468330383301 894.83292388916 680.94645690918 772.398620247841 786.965087890625 710.477127075195 -9999 -9999 -9999 -9999 -9999 -9999 -9999 -9999 -9999 -9999 -9999 -9999 -9999 -9999 -9999 -9999 -9999 -9999 -9999 -9999 -9999 -9999 -9999 -9999 -9999 -9999 -9999 -9999 -9999 -9999 -9999 -9999 -9999 -9999 -9999 -9999 -9999 -9999 -9999 -9999 -9999 -9999 -9999
539.469365119934 690.465766906738 705.528263092041 561.262504577637 608.292011260986 759.770072937012 686.043716430664 594.511131286621 605.182327270508 662.453132629395 842.208061218262 764.507675170898 792.364784240723 842.918201446533 -9999 -9999 -9999 -9999 -9999 -9999 -9999 -9999 -9999 -9999 -9999 -9999 -9999 -9999 -9999 -9999 -9999 -9999 -9999 -9999 -9999 -9999 -9999 -9999 -9999 -9999 -9999 -9999 -9999 -9999 -9999 -9999 -9999 -9999 -9999 -9999
521.691824674606 611.71911239624 630.484428405762 698.204999923706 518.597778320312 735.842514038086 721.263317108154 937.877374649048 920.097503662109 882.11946105957 760.053831100464 718.142883300781 708.731376647949 600.91716003418 551.08744430542 772.952499389648 830.502805709839 820.829536437988 817.628723144531 772.754055738449 986.411682128906 973.194732666016 922.694343566895 833.352378845215 980.915924072266 755.533441066742 849.577087402344 607.04337310791 731.152189254761 894.919219970703 852.054040908813 884.059371948242 914.958061218262 894.324226379395 970.984191894531 -9999 -9999 -9999 -9999 -9999 -9999 -9999 -9999 -9999 -9999 -9999 -9999 -9999 -9999 -9999
994.983509063721 748.293907165527 663.569072723389 877.648677825928 867.099334716797 991.660263061523 935.572780132294 948.734773159027 888.929389953613 838.378067016602 989.439337730408 759.640487670898 755.173957824707 576.373519897461 515.926040649414 593.07799911499 642.342826843262 696.64070892334 739.394844055176 644.65767288208 947.871696472168 874.175956726074 926.039031982422 733.731201171875 778.024164676666 743.188537597656 721.115283966064 762.422995090485 532.786270141602 837.447402954102 859.151285171509 931.538749694824 729.675537109375 695.463298797607 694.91089630127 680.736429214478 753.335876464844 624.183120727539 655.397811889648 788.67162322998 553.90022277832 695.270572662354 745.654640197754 647.892901420593 731.561859130859 732.896499633789 768.593169212341 810.849006652832 821.450127601624 874.953790664673
971.511520385742 777.395309448242 767.121906280518 1009.61891651154 1023.44075012207 1020.71334838867 884.621391296387 857.486595153809 939.880561828613 1002.33318039775 975.081203460693 589.910133361816 687.044679641724 556.692607879639 779.848323822021 684.856216430664 659.596675872803 845.456943511963 867.243141174316 704.165237426758 554.792068481445 667.852066040039 826.04817199707 719.569957733154 686.615988850594 687.982605099678 604.382511138916 633.983728408813 579.443023681641 754.528301239014 719.750616073608 601.736450195312 704.13353729248 673.112998962402 810.911338806152 811.729202270508 733.942193984985 741.885025024414 662.275466918945 726.387878417969 720.935363769531 714.252578735352 610.719593048096 512.061798095703 531.098449707031 665.907847881317 688.375997543335 708.941135406494 766.576541900635 817.132049560547
1106.30108642578 1217.16854476929 956.293312072754 764.884063720703 925.020668029785 901.865753173828 916.613166809082 1051.44880700111 988.722389221191 1018.30814361572 978.095481872559 561.675140380859 631.662014007568 637.08374786377 773.42317199707 779.689517974854 810.854553222656 740.184745788574 755.627514839172 725.51526260376 686.051555633545 574.22868347168 714.82320022583 821.520858764648 724.338996887207 688.978422403336 570.860595703125 507.006683349609 650.708446502686 725.964902877808 693.410732269287 758.048992156982 621.915042877197 718.014944076538 653.357246398926 907.745384216309 837.796821594238 741.751831054688 788.619789123535 883.044636487961 844.446959495544 816.142353057861 610.714462280273 570.70915222168 534.724334716797 797.585830688477 597.395751953125 665.365453720093 674.151000976562 760.01975440979
1185.69953918457 738.287467956543 893.690612792969 739.421129226685 942.118873596191 838.031723022461 921.566207885742 848.023017883301 1021.63315200806 828.117401123047 914.958023071289 590.553817749023 803.51718044281 544.729820251465 788.393516540527 894.576683044434 860.325057983398 801.460609436035 870.548080444336 620.975799560547 994.870546340942 884.811935424805 768.325226783752 854.793212890625 566.241966247559 675.512383460999 615.62336730957 580.101715087891 623.346202850342 733.397457122803 731.838181495667 789.984062194824 658.455280303955 788.347579956055 714.518972396851 841.126190185547 783.849014282227 702.523193359375 745.490234375 908.659158706665 766.946556091309 822.908023834229 891.562362670898 989.014144897461 876.045818328857 941.832313537598 860.725303649902 880.275550842285 686.51216506958 819.0569190979
786.602737426758 728.903736114502 786.436782836914 795.765544891357 987.214630126953 735.564430236816 784.925598144531 766.841949462891 1009.8812713623 942.653732299805 715.908744812012 689.334999084473 564.597106933594 710.962600708008 824.631642341614 741.248565673828 769.447473526001 744.06095123291 856.393483161926 862.923121929169 1055.6632604599 1087.47571182251 1131.81170654297 848.152750015259 740.119863033295 815.248146057129 890.224670410156 821.31148147583 842.90242767334 855.821601867676 850.762699604034 799.56714630127 855.266624450684 827.371379852295 796.062972545624 913.605461120605 921.606042861938 927.838382720947 1025.91160202026 1114.60400390625 978.653244018555 772.746482849121 860.984169006348 874.716102600098 920.102005004883 837.770259857178 920.513366699219 831.47533416748 763.842300415039 709.060009002686
741.428398132324 706.608374118805 614.798233032227 707.669036865234 657.89554309845 790.128726959229 459.105987548828 392.642333984375 553.747528076172 638.712242126465 661.784954071045 811.337562561035 559.920555114746 601.385795593262 873.559741973877 1085.95170974731 1156.78924560547 681.139419555664 928.000038146973 800.974544525146 995.695274353027 1118.50650787354 1276.56029129028 1128.62442016602 756.81861782074 938.961669921875 733.196950912476 738.437749862671 789.911163330078 685.885263442993 874.599531173706 925.539962768555 748.233714580536 878.420692443848 787.175636291504 815.194282531738 817.565773010254 900.973754882812 1029.81977462769 965.170473098755 952.537223815918 878.335762023926 822.740097045898 818.765893936157 892.850322723389 950.057744979858 984.457675933838 827.38147354126 858.806818008423 940.663749694824
664.053104400635 678.540508270264 782.698034286499 584.574745178223 712.833223342896 574.729644775391 452.720565795898 360.757507324219 814.379890441895 645.73609161377 732.583877563477 759.090133666992 592.026691436768 637.526123046875 525.93408203125 1109.27340698242 1215.59825134277 814.478349685669 1080.61619567871 681.38069152832 1035.55527496338 991.590950012207 700.726837158203 956.153175354004 870.747100830078 1104.74264335632 652.709517240524 670.735492706299 709.623626708984 650.372657775879 861.101676940918 757.895093917847 775.068252563477 592.016065597534 705.694442749023 718.976486206055 730.072776794434 937.033622741699 885.408938407898 883.665555953979 723.60693359375 740.70751953125 844.346950054169 982.354246139526 866.571628570557 1255.4903755188 992.119110107422 1117.7776184082 1272.89984703064 1074.23104858398
792.411415100098 831.847274780273 703.144750490785 486.61865234375 553.511405944824 449.136108398438 524.034523010254 441.676635742188 647.964111328125 611.366459846497 626.51789855957 636.816349029541 621.585147857666 965.922142028809 771.891689300537 730.204655647278 886.076568603516 840.096695899963 890.874353408813 581.347015380859 608.802185058594 1193.49846661091 746.128776550293 789.101570129395 854.730202436447 703.563430786133 1251.53078937531 1231.63710927963 1068.33083152771 1305.36050796509 1219.78090667725 839.420082092285 737.489765167236 467.706453323364 689.771820068359 636.423782348633 813.663341522217 610.201083183289 524.914222717285 733.810073852539 707.426139831543 770.153802871704 930.742067337036 657.095165252686 663.142348438501 852.571578979492 731.651706695557 720.965065002441 1046.98631286621 1031.21286010742
662.146545410156 711.164070129395 768.217910766602 488.400024414062 598.614864349365 792.429225921631 434.99885559082 481.142120361328 548.238433837891 587.258605957031 759.139194488525 515.536514282227 1255.57175636292 879.146068572998 967.89669418335 723.504920959473 843.749984741211 842.725491523743 1053.42742919922 623.131439208984 640.883361816406 1040.79429626465 685.319984436035 711.048690795898 778.472185134888 689.611656188965 1017.79946136475 1345.31748580933 662.582176208496 1034.64145278931 1047.7467956543 754.222640991211 635.357345581055 562.000968933105 645.12686920166 800.145830869675 1002.90089416504 815.59130859375 842.453079223633 668.075817108154 716.771839141846 696.274085998535 658.606254577637 614.068702697754 684.938930511475 844.547096252441 837.559921264648 708.916358947754 731.170558929443 840.449411392212
743.021484375 543.463047027588 573.334926605225 1180.50775051117 921.001264572144 995.054824829102 858.446105957031 707.525978088379 589.21183013916 569.490280151367 641.430480957031 566.665519714355 683.492431640625 653.754289627075 913.982496261597 735.706619262695 818.264739990234 572.300926208496 765.499359130859 557.344360351562 593.810852050781 513.797576904297 965.460662841797 748.755393981934 728.229469299316 1066.58153533936 689.667526245117 845.741931915283 802.575584411621 661.346374511719 983.901000976562 673.089248657227 372.80598449707 617.862319946289 740.194160461426 842.81055688858 995.222732543945 823.119506835938 767.821975708008 808.900405883789 726.392642974854 836.409568786621 683.828018188477 634.806793212891 784.644565582275 685.186946868896 823.713230133057 830.607711791992 836.699562072754 919.076341629028
1027.01761627197 617.072597503662 715.574890136719 534.809310913086 739.928359985352 534.751052856445 695.183295965195 758.661926269531 662.875364951789 851.777526855469 662.328926086426 655.800960540771 710.204607248306 686.62091255188 1103.39624786377 581.415336608887 661.848104476929 541.729873657227 695.782867431641 724.163898468018 688.17163848877 652.269348144531 744.130493164062 714.843299865723 520.164993286133 818.846479415894 992.957515716553 893.666347503662 952.247346878052 834.556541442871 646.446304321289 986.530044555664 1289.6625919342 687.258270263672 977.881645202637 760.818439483643 850.375625610352 783.76428604126 787.340896606445 757.088798522949 671.494955062866 670.382171630859 744.858547210693 854.491226196289 716.666313171387 673.718566894531 694.694465637207 605.520927429199 854.798149108887 661.26570892334
563.513488769531 661.457618713379 606.81692647934 589.748376846313 581.365303039551 578.167591094971 648.022518157959 800.078735351562 644.290021419525 739.968711853027 730.167001724243 618.972873687744 744.475215911865 1271.10747909546 596.536651611328 750.960922241211 590.708633422852 885.924633026123 647.249038696289 991.35498046875 1019.72561645508 1031.19667053223 1303.34832763672 745.524175167084 846.681373596191 765.779895782471 1087.35590934753 908.478324890137 792.561569213867 840.249448776245 590.038192749023 547.922500610352 774.561241149902 660.961822509766 526.488952636719 706.11727142334 598.2702293396 855.015777587891 947.833404541016 729.675937652588 648.815225601196 723.993221282959 828.18049621582 803.160903930664 858.625350952148 707.165088653564 646.376129150391 668.550767421722 791.611156463623 668.020990371704
623.153175115585 576.33869934082 483.388214111328 590.977167129517 582.587211608887 579.988773345947 619.80920791626 652.386529922485 678.461681365967 843.529556274414 623.399841308594 487.284797668457 1356.26968383789 1371.99664306641 649.602996826172 773.023849487305 704.37096786499 634.604278564453 522.275543212891 606.998672485352 1040.73728942871 673.146934509277 833.838556289673 707.368844985962 678.149070739746 707.540214538574 1804.2120513916 966.114959716797 784.353744506836 619.914710998535 845.562767028809 691.905187606812 557.258941650391 1143.01498413086 824.802180767059 627.414756774902 844.584854125977 1076.94294643402 1477.41394042969 688.52979183197 604.517936706543 729.898090362549 824.249130249023 922.960479736328 1282.07534790039 830.614559173584 826.37183380127 714.407726287842 520.738250732422 665.527877807617
700.778732299805 612.276723861694 760.674057006836 518.912483215332 644.162414550781 590.383274078369 609.914697647095 659.700716972351 717.100765228271 686.202104568481 682.612903594971 564.873491287231 503.492721557617 699.793464660645 536.354965209961 809.42626953125 647.370582580566 508.503723144531 605.783905029297 469.591781616211 616.303375244141 688.92956161499 709.012428283691 720.523124694824 875.145833969116 1124.64120292664 738.647972106934 796.409721374512 708.624656677246 825.400672912598 681.685859680176 994.972568511963 971.645584106445 622.684036254883 971.195333480835 607.400947570801 631.248867034912 669.280572891235 629.575695037842 704.944852828979 612.188655853271 644.826225280762 835.497215270996 896.499816894531 838.308265686035 821.422088623047 626.056663513184 610.595405578613 924.176208496094 740.92455291748
629.841609954834 569.300724029541 688.7734375 676.076011657715 638.830104827881 497.316360473633 979.914794921875 850.406829833984 633.13222694397 701.656766891479 646.447959065437 620.402858734131 541.656509399414 753.88695526123 578.06201171875 1077.72102355957 1088.69593048096 1192.98018574715 746.50651550293 639.013275146484 519.344863891602 672.532501220703 1021.90883636475 593.838531494141 1023.92000579834 683.307014465332 655.733940124512 643.204147338867 680.810104370117 880.705584526062 966.832107543945 837.481506347656 689.881484985352 675.365736246109 552.621124267578 1329.32036590576 672.950741767883 683.106268882751 757.598968505859 1111.71602249146 608.848503112793 886.837839126587 1059.03193664551 1156.97179412842 1135.98098468781 1092.97463989258 668.035186767578 581.791244506836 706.00072479248 605.550769805908
596.092946767807 583.10034942627 631.323572158813 594.382237434387 655.961708068848 614.019643306732 811.319854736328 594.295379638672 550.486679077148 568.390251159668 769.48323059082 588.697849273682 588.625392913818 699.77059173584 770.320442199707 538.037017822266 557.281196594238 691.035528182983 529.23860168457 526.735595703125 580.86083984375 659.564575195312 777.130977630615 841.626731872559 977.670234680176 842.607936859131 679.628959655762 849.196716308594 775.801544189453 760.286762237549 812.655467987061 868.563583374023 930.661936759949 708.565355300903 774.358228325844 803.134563446045 612.993743896484 606.76237487793 656.114681243896 655.786617279053 674.464975357056 628.496955871582 879.333961486816 465.76123046875 662.12166595459 637.792617797852 716.328063964844 742.01831817627 710.845283508301 751.942199707031
464.123107910156 494.756370544434 557.373901367188 492.068840026855 668.155364990234 578.807970046997 660.551076889038 646.530269622803 1319.18217086792 575.486122131348 618.975425720215 658.82137298584 601.206384658813 647.024620056152 540.728454589844 630.864691972733 572.212310791016 579.774749755859 609.401916503906 610.138885498047 757.629364013672 508.461395263672 641.083160400391 856.169250488281 935.387835025787 963.674999952316 847.884708404541 662.633611679077 638.972862243652 798.647010803223 666.531488418579 718.009028434753 639.996276855469 629.902141571045 651.684316635132 592.019172668457 774.471836090088 565.332855224609 652.291719436646 832.656555175781 678.202823638916 918.392274856567 1290.92574691772 659.714939117432 691.956070423126 1280.02475738525 588.772361755371 682.789142608643 784.41284942627 938.842967987061
431.767105102539 523.960884094238 510.968139648438 568.61003112793 650.745144844055 514.220123291016 920.811149597168 680.403553009033 661.086619377136 535.056831359863 465.330017089844 627.366226196289 547.791847229004 1107.559425354 672.104827880859 805.148849487305 732.980575561523 503.421905517578 954.416488647461 618.714599609375 748.833343505859 1310.73204040527 856.057098388672 708.716526031494 750.103019714355 1017.28978729248 776.885299682617 729.481371879578 1807.63562011719 655.993104457855 647.665117263794 695.35070514679 405.171325683594 532.498649597168 619.211940765381 697.681367874146 671.613009631634 570.378356933594 748.652618408203 697.710146903992 763.756458282471 713.282588481903 687.780813217163 595.257633209229 642.2340939641 1251.46482467651 725.663749694824 718.38973236084 572.993118286133 555.900650024414
