simdem/realisation74.asc
NCOLS 350 
NROWS 171 
XLLCORNER 152620 
YLLCORNER 418050 
CELLSIZE 100 
NODATA_value -9999 
[rows 44 to 65 of 171, columns 50 to 99 of 350]
764.330425262451 873.456840515137 878.278678894043 856.110637664795 467.671390533447 488.365207672119 598.853034973145 492.470096588135 628.358303070068 588.103614807129 1025.10443878174 447.504570007324 488.035655975342 389.504386901855 486.148357391357 398.63973236084 459.958963394165 356.613487243652 339.066787719727 307.972007751465 366.438060760498 326.276458740234 353.225601196289 244.474517822266 360.256759643555 349.195678710938 384.181911468506 554.170272827148 701.385009765625 582.225402832031 521.625152587891 388.60355758667 409.418437957764 491.116134643555 424.436220169067 335.95979309082 391.725730895996 249.803771972656 162.601333618164 259.166320800781 374.733047485352 531.964427947998 462.38076210022 428.057560920715 476.144260406494 381.914695739746 346.146278381348 459.596500396729 376.443542480469 383.128036499023
743.142220020294 764.413475036621 786.421524047852 834.492015838623 565.540817260742 419.73323059082 771.608505249023 691.868011474609 697.081298828125 841.479202270508 598.758224487305 549.24369430542 449.09428024292 320.289916992188 524.039096832275 470.485313415527 361.369537353516 409.727087020874 320.93327331543 135.053833007812 321.051681518555 367.016307830811 403.732707023621 400.721778869629 386.710987091064 447.944496154785 374.111949920654 453.110481262207 539.186904907227 434.956114768982 408.150756835938 404.39098739624 373.678867340088 279.656387329102 454.725790023804 379.147483825684 420.560520172119 513.740364074707 346.348579406738 393.2633934021 290.252304077148 313.293441772461 471.036602020264 574.297882080078 432.306930184364 597.866081237793 374.952320098877 387.465595245361 550.408462524414 444.017259597778
561.251693725586 481.821899414062 548.506649494171 471.545642852783 463.227653503418 576.907531738281 682.720184326172 671.028915405273 763.389717102051 748.585494995117 416.681579589844 339.018508911133 457.809635162354 294.430389404297 386.437202453613 494.687202453613 435.739371299744 408.24213552475 396.929800033569 300.282836914062 198.692398071289 334.91641998291 455.118144989014 356.943782806396 419.799116134644 252.815185546875 356.902347564697 442.543807983398 335.929061889648 259.643127441406 314.31192779541 407.338167190552 311.395690917969 237.967224121094 418.911173820496 459.60348033905 541.412002563477 470.904624938965 489.268295288086 394.24341583252 359.26668548584 356.900146484375 353.247856140137 451.813282012939 317.953109741211 308.405082702637 289.233352661133 268.699981689453 501.072418212891 460.787704467773
563.827983856201 380.477546691895 413.993309020996 417.126987457275 450.453170776367 551.103076934814 1191.20147705078 744.245716094971 588.13484954834 442.034156799316 501.011262893677 380.929870605469 446.711643218994 415.603805541992 477.119384765625 454.928521633148 268.337249755859 346.614921569824 423.594526290894 296.985122680664 243.462051391602 260.888656616211 375.828470230103 357.885955810547 575.461883544922 359.805015563965 497.218227386475 390.852573394775 441.56064593792 351.42259979248 394.328968048096 503.287324905396 400.981407165527 335.156539916992 491.474784851074 434.252698659897 468.304698944092 434.600335597992 314.300636291504 473.778137207031 341.916130065918 381.127407073975 507.730194091797 332.29167175293 219.0595703125 344.754592895508 409.057556152344 375.184597015381 445.149627447128 488.539085388184
586.809150695801 424.508041381836 285.915725708008 537.887968063354 440.634212493896 448.991775512695 452.793914794922 541.319450378418 594.328170776367 540.497295379639 404.736640930176 384.397415161133 366.956573486328 559.716876983643 371.640609741211 515.849662780762 216.538177490234 444.597383499146 472.578193664551 463.38516998291 443.65472984314 293.349586486816 315.23104095459 416.327429533005 559.069885253906 462.479999542236 336.712467193604 284.16081237793 343.130950927734 461.256759643555 473.032146453857 449.235181331635 522.074932098389 362.306083679199 443.39094209671 520.733840942383 444.910120010376 418.752142906189 390.77060508728 437.647711277008 450.668201446533 359.674446105957 432.682515144348 234.732040405273 359.012481689453 506.840278625488 503.739486694336 444.285200119019 432.974388122559 433.440662384033
557.911437988281 314.860446929932 471.404897689819 332.356842041016 439.939590454102 296.121688842773 357.09489440918 446.668308258057 402.579574584961 486.726268053055 421.150016784668 406.932342529297 478.41069316864 439.377864837646 489.24100112915 478.060262680054 451.033531188965 271.901092529297 268.693878173828 379.24497795105 429.933048248291 433.551170349121 406.015597879887 530.481597900391 370.486106872559 395.103214263916 423.094951629639 398.317155838013 330.163879394531 378.498176574707 411.080738067627 384.651245117188 441.856737971306 548.350769042969 425.961103916168 457.05033493042 306.160369873047 428.75959444046 465.859346389771 350.488403320312 315.857154846191 306.489028930664 398.13606262207 321.440231323242 458.255380630493 458.176912307739 468.84107208252 445.389833688736 403.67046546936 497.408069610596
280.36888885498 432.413497924805 406.621849060059 972.885066986084 375.311630249023 323.316024780273 235.034759521484 361.893661499023 558.515853881836 474.515780448914 524.211814880371 407.599040985107 422.614532470703 489.221904277802 515.878204345703 606.078506469727 437.615123748779 256.597290039062 376.166831970215 527.938117980957 338.007301330566 429.196166992188 430.810819625854 399.346151351929 439.379661560059 434.406991004944 364.994400024414 508.441390991211 270.866729736328 421.550099849701 413.903743743896 394.929611206055 445.589643478394 409.345052719116 474.329544067383 213.432464599609 379.695417404175 397.396919250488 449.889656066895 390.885746002197 367.317287445068 355.171501159668 466.085868835449 346.17357635498 483.587430953979 506.228637695312 544.469017028809 379.335090637207 443.170265972614 475.759645462036
705.121269226074 475.24849319458 307.982131958008 434.063568115234 489.635120391846 396.808944702148 329.619155883789 380.658271789551 527.791694641113 375.079700469971 385.24153137207 394.409343719482 203.164627075195 394.941631317139 452.715356826782 489.437839508057 369.227252960205 383.841396331787 416.739597320557 459.865760803223 512.765472412109 466.769161224365 464.372951507568 351.165657043457 409.281686782837 423.802641630173 467.658325195312 401.741072654724 358.772201538086 360.195117950439 287.66153717041 520.185272216797 427.64669418335 354.028823852539 504.436996459961 423.247179269791 263.077346801758 431.875379562378 368.373924255371 327.04906463623 522.062614440918 658.692047119141 544.09130859375 527.460411071777 302.412132263184 478.564239501953 522.544143676758 451.817371368408 358.192470550537 464.423210144043
606.806859970093 429.105025291443 875.228820800781 656.445899963379 713.482315063477 529.34786605835 504.962467908859 470.899034023285 554.079666137695 356.768547058105 353.891456604004 320.367744445801 448.515003204346 428.671531677246 442.199548721313 407.728553771973 543.616966247559 347.076042175293 386.492305755615 523.376998901367 407.897016525269 397.750518798828 454.34734916687 516.663909912109 410.093307495117 415.046692848206 347.38427734375 411.356410980225 412.251154899597 417.899858474731 283.29419708252 441.615016937256 454.991153717041 443.061447143555 616.804214477539 267.499847412109 427.216854095459 384.50802230835 419.143159866333 435.627125740051 441.775651931763 441.561515808105 394.982093811035 458.52170753479 337.116592407227 482.678291320801 439.749492645264 493.572769165039 540.700180053711 501.166320800781
676.840034484863 492.741569519043 490.043445587158 566.14905166626 600.653526306152 566.918079376221 543.508769989014 451.02134513855 392.150115966797 380.771408081055 263.647048950195 377.554679870605 287.20051574707 307.404205322266 405.280298471451 444.641830444336 330.818115234375 309.138687133789 440.962274551392 416.91319590807 409.908055305481 467.394805908203 479.937923431396 515.675880432129 625.693649291992 359.471183776855 258.956207275391 386.10390663147 274.199829101562 362.375988006592 380.212177276611 305.01741027832 333.35124206543 276.664779663086 576.955413818359 456.203231811523 356.932250976562 346.377983093262 381.530097961426 401.073042392731 488.608421325684 348.569469451904 305.210830688477 468.818496704102 326.795707702637 213.379440307617 471.793968200684 314.424865722656 389.803877592087 387.777366638184
714.808479309082 508.268051147461 501.269710540771 697.068210601807 490.939262390137 575.933392524719 404.462203979492 472.896732330322 309.046844482422 409.601203918457 541.998039245605 473.131859779358 504.696975708008 474.785125732422 405.653020858765 433.216695785522 423.373032093048 448.834075927734 479.22940826416 441.523857116699 390.347417831421 568.008033752441 530.539154052734 903.923919677734 697.012283325195 361.028594970703 198.552627563477 257.238693237305 414.718162536621 290.078521728516 403.762402534485 373.589790344238 384.41298532486 372.711473464966 337.051063537598 418.141518592834 250.37580871582 401.537662506104 362.666877746582 387.795359253883 361.133697509766 391.451282501221 286.181480407715 348.063213348389 348.968814849854 405.151420593262 303.870903015137 343.975631713867 453.193489074707 299.232940673828
767.940719604492 1226.52008056641 673.424194335938 703.797561645508 453.432411193848 457.969795227051 454.711755752563 375.643363952637 575.521461486816 503.94034576416 433.035141825676 476.58865737915 561.102096557617 358.06201171875 582.582443237305 435.100312232971 399.037927627563 473.084548950195 451.224138259888 424.069387435913 486.423439025879 526.963638305664 545.678115844727 497.772552490234 361.196662902832 338.570472717285 280.714813232422 447.114807128906 417.797473907471 514.039939880371 446.137756347656 386.21467153728 438.630197525024 323.19030380249 286.138687133789 457.728988647461 365.240087509155 507.903549194336 356.853458404541 399.10868319124 395.88478076458 421.528016090393 273.044853210449 378.915825843811 373.815254211426 420.297633171082 309.967620849609 252.750701904297 415.219659805298 325.889518737793
505.130798339844 679.776847839355 576.980627059937 725.667713165283 666.434921264648 495.825317382812 452.081035614014 567.09156036377 519.466247558594 410.949982643127 489.675247192383 448.236881256104 452.952995300293 586.212280273438 400.620544433594 251.822570800781 472.384414672852 410.192720413208 311.949096679688 430.041809082031 446.773063659668 509.451385498047 352.746410369873 373.827026367188 258.244651794434 274.037544250488 320.189500808716 271.959045410156 430.456275939941 388.311981201172 236.710205078125 373.652846455574 275.236820220947 363.792953491211 516.002571105957 447.875713348389 395.724986076355 357.783344268799 453.260498046875 345.621002197266 444.090175628662 410.630585551262 342.752914428711 393.952117919922 281.035736083984 321.930290222168 349.288528442383 437.043675899506 474.182445526123 406.987873077393
565.814575195312 533.141017913818 496.95764541626 418.642028808594 618.725849151611 573.190349578857 504.73042678833 449.938117392361 408.355770111084 368.367874145508 411.670280456543 407.225969791412 436.769992828369 490.91332244873 434.778442382812 445.495006561279 406.371607780457 541.596450805664 377.690338134766 456.099720001221 474.943908691406 349.065650939941 256.951652526855 186.643478393555 159.078521728516 259.803337097168 375.348201751709 309.819190979004 222.759628295898 409.834186553955 415.061447143555 368.119232177734 403.500417709351 433.240501403809 462.066356658936 303.09578704834 331.974100112915 527.099822998047 483.317733764648 294.415603637695 250.924682617188 352.374008178711 407.627572059631 276.701248168945 352.250694274902 401.536591529846 239.24821472168 471.305961608887 449.067008972168 467.547744750977
491.975615739822 614.581848144531 605.551338195801 537.166175842285 656.966995239258 577.406791687012 363.180793762207 359.096702575684 357.025680541992 237.592330932617 423.346433162689 274.656143188477 539.870971679688 400.661306381226 462.693016052246 623.044662475586 501.111820220947 411.210134148598 279.535018920898 338.276027679443 324.135879516602 242.998023986816 228.613151550293 261.66667175293 337.734809875488 410.782539367676 371.425579071045 441.513580322266 497.767913818359 353.379592895508 415.196773529053 404.866012573242 286.296333312988 395.734860420227 403.796113967896 334.834121704102 382.644090652466 530.247039794922 379.875787734985 392.807453632355 380.272163391113 442.049598693848 545.833129882812 311.269142150879 212.799713134766 364.596416473389 444.044177055359 418.654552459717 436.605052947998 331.612319946289
425.702781677246 443.46883392334 610.795181274414 666.001327514648 668.442977905273 626.234394073486 510.107543490827 463.262759208679 384.459072113037 242.443435668945 509.939025878906 382.351041793823 409.020860671997 429.361305236816 467.435165405273 480.975738525391 441.338153362274 368.334529876709 324.859935760498 351.889553070068 254.959938049316 220.941833496094 306.837795257568 252.890968322754 429.930328369141 310.173851013184 355.352281570435 414.687725067139 325.606842041016 422.044086456299 443.892234802246 353.125216960907 333.689193725586 294.906616210938 227.912475585938 384.276141166687 288.182281494141 316.068229675293 437.485687255859 431.097946166992 436.64349937439 331.557189941406 418.82007598877 335.447326660156 371.312400817871 430.285912513733 432.843034267426 533.660858154297 407.627300262451 404.803701400757
404.861915588379 517.903148651123 480.059814453125 754.704788208008 753.562866210938 721.126091003418 592.450157165527 343.495101928711 245.9326171875 321.17366027832 357.673919677734 526.141586303711 465.842842102051 588.603881835938 498.027404785156 394.017796754837 398.495250463486 444.652061462402 313.584281921387 360.550094604492 276.374961853027 377.433681488037 326.619541168213 399.619987487793 516.639343261719 288.10302734375 366.447818756104 405.623408317566 344.674907684326 431.476398468018 298.060073852539 197.682418823242 284.511665344238 193.331161499023 241.183471679688 352.03404045105 236.280242919922 282.580978393555 396.382614135742 322.318359375 306.763847351074 253.461563110352 279.764129638672 257.95149230957 453.716920852661 476.142330169678 343.468063354492 417.149814605713 286.887756347656 409.865592956543
554.474533081055 476.079116821289 514.725513458252 608.119209289551 704.279022216797 534.960517883301 604.376491546631 350.833587646484 252.256820678711 448.817516326904 431.801176071167 313.316909790039 269.805786132812 447.926006317139 525.631927490234 507.042701721191 437.700994491577 469.385757446289 320.893211364746 396.55740404129 357.348258972168 368.427890777588 431.112010955811 401.056818008423 408.821804046631 214.618270874023 260.002998352051 287.721153259277 298.382553100586 319.899425506592 231.06575012207 165.075714111328 26.4132080078125 193.647079467773 313.426887512207 283.791145324707 442.460849761963 369.26261138916 380.318605422974 452.321269035339 350.427268981934 393.139528274536 314.544441223145 310.716812133789 474.715091705322 633.031845092773 471.051490783691 428.417919337749 503.100582122803 502.285129547119
580.52567243576 502.289726257324 511.451282501221 616.037455558777 547.044609069824 661.182651519775 517.588256835938 423.218452453613 491.726842880249 349.707420349121 450.684741020203 480.757873535156 358.21017074585 478.004264831543 367.873854637146 450.68098449707 511.80876159668 413.005840301514 479.042152404785 449.784759521484 380.555513381958 191.299591064453 383.731513500214 222.159118652344 347.215120315552 333.212474822998 226.365539550781 304.368286132812 336.660717010498 281.571220397949 286.196731567383 305.09236907959 228.096466064453 346.436084747314 364.153301239014 427.694053649902 427.675239562988 495.020278930664 486.235618591309 398.219402313232 366.476863861084 374.915946960449 333.000938415527 408.082950592041 320.63459777832 467.766719818115 481.298917770386 492.749362945557 440.783706665039 396.23384475708
582.20299911499 576.46794128418 694.058181762695 389.759826660156 420.807586669922 425.029403686523 371.96720123291 338.953956604004 509.937595367432 479.225769042969 570.017181396484 552.39469909668 385.605958938599 329.463468551636 251.671760559082 226.915512084961 409.017486572266 451.687278747559 419.53784942627 581.562118530273 434.438549041748 279.425018310547 253.385391235352 260.910125732422 259.1474609375 241.012145996094 191.214569091797 281.920707702637 219.577194213867 336.405975341797 224.138000488281 334.896522521973 277.115493774414 396.332223892212 488.629653930664 459.285011291504 409.11802482605 387.24259185791 249.87028503418 325.384582519531 398.007205963135 404.133094787598 430.467786312103 522.912940979004 380.387588500977 406.615037918091 400.063213348389 433.957967758179 367.884613037109 365.529609680176
342.851333618164 475.800117492676 557.071624755859 554.944129943848 280.884460449219 441.74585723877 530.777519226074 255.707427978516 290.935501098633 400.01815199852 452.207685470581 544.341201782227 530.609375 328.578269958496 213.187545776367 326.50089263916 415.684986114502 359.478740215302 353.638253211975 414.605476379395 427.669292449951 372.727592468262 262.498260498047 313.694152832031 300.538291931152 265.164543151855 123.381652832031 252.803497314453 310.825889587402 335.068340301514 322.456829071045 350.560543060303 413.047874450684 461.01244354248 309.69055557251 421.189631462097 388.955459356308 369.882484436035 219.898834228516 231.634811401367 374.509536743164 303.75244140625 378.487701416016 459.356792449951 301.841888427734 511.297973632812 368.48685836792 411.353216171265 537.352745056152 391.910926818848
482.972053527832 426.564872741699 502.1207447052 485.290679931641 353.916160583496 369.997421264648 371.571563720703 362.042579650879 339.399898529053 289.316833496094 466.842300415039 545.734924316406 499.341827392578 365.749080657959 279.888290405273 363.10329914093 347.052241325378 451.568916320801 380.838679909706 383.545738220215 400.700691223145 445.19998550415 399.32346534729 294.494472503662 341.871067047119 327.757316589355 236.34700012207 363.578414916992 292.542831420898 347.654392242432 389.880334377289 360.326669692993 424.184658050537 366.584754943848 357.760025024414 335.520690917969 408.938468456268 410.969124186784 349.864440917969 466.192394256592 523.69603729248 329.152603149414 350.433090209961 338.941932678223 245.785491943359 436.930528640747 428.700883865356 543.00602722168 575.951606750488 300.421264648438
