simdem/realisation39.asc
NCOLS 350 
NROWS 171 
XLLCORNER 152620 
YLLCORNER 418050 
CELLSIZE 100 
NODATA_value -9999 
[rows 66 to 87 of 171, columns 50 to 99 of 350]
434.851486206055 250.015701293945 272.342468261719 257.063613891602 394.144134521484 398.613840103149 471.793388366699 371.400144577026 513.62361907959 457.222503662109 410.756404876709 285.48575592041 319.566184997559 232.42951965332 303.643043518066 309.320411682129 364.551097869873 268.583221435547 311.830024719238 471.38941192627 450.073249816895 300.728988647461 364.892776489258 358.254264831543 509.475341796875 414.143793106079 293.144065856934 387.704496383667 377.567597389221 336.883815765381 465.217224121094 299.126129150391 377.116243124008 467.661575317383 462.519874572754 341.694313049316 388.734419226646 483.319988250732 378.102890014648 485.058815002441 543.029594421387 431.186118602753 470.829162597656 562.251365661621 409.468204498291 361.811462402344 455.240588665009 589.38883972168 603.273147583008 515.996452331543
491.23233795166 539.43514251709 407.357398986816 402.597225189209 400.770374298096 448.959938049316 392.583114624023 460.52188873291 398.012683868408 415.406663894653 303.607780456543 317.714893341064 321.494974136353 248.348281860352 194.7080078125 263.618232727051 317.734655380249 293.042350769043 394.324398040771 478.754653930664 454.367057800293 385.716620862484 319.190795898438 358.635890960693 317.034172058105 383.173806667328 289.431823730469 326.097591400146 259.144760131836 229.042831420898 393.191249847412 336.085868835449 412.900716781616 423.495895385742 373.752212524414 389.977920532227 284.467193603516 308.344398498535 318.810455322266 461.779209136963 540.957565307617 336.596290588379 506.003997802734 410.145610809326 406.047512054443 371.006378173828 353.198791503906 406.917148590088 459.726482391357 346.368423461914
467.931694030762 628.386154174805 500.89612197876 400.435148239136 456.253078460693 334.010383605957 293.319801330566 367.750932097435 367.588104009628 454.981941223145 572.05110168457 353.507082939148 328.150213241577 381.690200805664 218.051254272461 317.842227935791 303.409309387207 418.666831970215 342.083667755127 356.644708156586 471.614097595215 382.612404823303 434.839588165283 378.359045028687 447.54141998291 361.571895599365 315.746879577637 205.632171630859 263.802947998047 230.643630981445 322.819427490234 408.252973794937 412.461253166199 494.248764038086 418.037630081177 426.740648269653 384.204055309296 184.283172607422 407.510034561157 524.07381439209 494.395042419434 578.610580444336 503.433155059814 255.361511230469 225.77392578125 268.693618774414 351.825050354004 449.744904518127 441.528617858887 553.302200317383
502.648307800293 477.793077468872 448.579740524292 497.120140075684 517.762245178223 375.977874755859 97.7260437011719 206.870758056641 323.347561836243 362.252649307251 426.200141906738 357.533938407898 215.309066772461 213.327987670898 146.024490356445 214.253936767578 332.888896942139 408.295078277588 338.169897079468 355.885694503784 436.322242736816 349.382385253906 421.470233917236 446.160976409912 447.374332427979 391.265223741531 434.702571868896 339.481792449951 289.846458435059 317.512100219727 364.016536712646 315.901786804199 369.613616943359 441.882444381714 468.940788269043 606.432144165039 364.289291381836 281.315307617188 328.589645385742 402.920703887939 426.882745742798 448.761629104614 359.840278625488 432.623490333557 328.41967010498 469.872926712036 429.52491569519 250.399215698242 514.08052444458 453.036540031433
453.807420730591 611.641311645508 479.434761047363 483.868873596191 430.487171173096 367.964012145996 289.296882629395 331.77520275116 361.637393474579 284.018753051758 255.794303894043 218.785583496094 323.121650695801 302.232822418213 189.5087890625 242.162322998047 465.699584960938 389.662916660309 411.655044555664 454.559585571289 381.281168460846 392.723268508911 379.515835762024 375.882360458374 397.717567443848 388.03210568428 386.129720211029 381.709013462067 334.206695556641 437.52645111084 338.495460510254 366.896057128906 371.553272247314 391.921291351318 393.617782115936 424.990991592407 312.648628234863 283.13890838623 318.163360595703 477.1692237854 349.450691223145 419.285660743713 435.03883010149 363.531669616699 480.23911857605 475.494455337524 348.856750488281 468.516780734062 535.302154541016 347.470794677734
402.884601593018 474.598735809326 357.683685302734 470.799987792969 597.131195068359 418.72730255127 398.104860305786 320.328464508057 527.930191040039 490.605117797852 451.076583862305 328.80877494812 306.501388549805 282.289543151855 245.608779907227 329.77318572998 387.229515552521 306.853832244873 322.339977264404 506.744560241699 427.684537887573 520.012542724609 407.398504257202 270.269706726074 433.577026367188 381.754958629608 288.86686706543 336.066318511963 383.325977325439 475.423461914062 467.411720275879 569.643798828125 356.085262298584 260.808898925781 370.110328674316 456.774044036865 493.972618103027 407.298099517822 384.845264434814 398.57315826416 398.262577056885 471.531177520752 335.868606567383 481.566667556763 467.499020576477 426.455209732056 393.624961853027 397.817344665527 540.221092224121 554.303497314453
385.567909240723 325.876358032227 438.668550491333 556.473648071289 637.805603027344 404.921611785889 362.399236679077 437.107322692871 536.913543701172 457.732482910156 435.13835144043 339.654383659363 345.168531417847 362.208568096161 233.342811584473 232.925048828125 218.995788574219 311.236316680908 323.421882629395 351.089115142822 327.198432922363 372.715644598007 386.6146068573 299.59578704834 366.341250658035 322.33996963501 315.047271728516 378.067272186279 333.099170684814 351.259872436523 427.022636413574 351.285135269165 294.336006164551 379.520349979401 340.85525894165 459.231113433838 356.241859436035 489.314239501953 305.366485595703 484.213645935059 461.985551834106 389.472339630127 358.488708496094 371.758346557617 364.926956176758 408.016380310059 571.858596801758 378.036254882812 453.81805229187 446.945098876953
368.279491424561 357.700546264648 461.242248535156 434.519859313965 448.757385253906 644.750274658203 423.470531463623 441.692886352539 396.790687561035 474.050239562988 225.168716430664 317.152275085449 264.960266113281 398.989624023438 399.510353088379 302.870025634766 350.193328857422 390.269868850708 239.628372192383 303.286087036133 161.122009277344 223.834457397461 434.278045654297 423.836421966553 451.264991760254 325.982322692871 445.692092895508 369.497759521008 305.768112182617 263.286880493164 364.148549079895 259.322288513184 316.055442810059 480.426239013672 450.44856262207 215.471099853516 260.178619384766 438.201637268066 387.471340179443 343.879463195801 465.658363342285 532.296440124512 487.858177185059 451.189768791199 231.029434204102 402.736991882324 483.491348266602 554.014106750488 486.72430896759 417.017562866211
323.994468688965 394.658416748047 408.93257522583 430.256195068359 381.558532714844 375.638578414917 512.9677734375 450.782447814941 360.279651641846 191.22802734375 183.366424560547 274.416809082031 325.173761367798 343.150644302368 419.188415527344 417.971790313721 329.857364654541 263.062194824219 326.490188598633 384.848310470581 249.013320922852 374.137376308441 274.388107299805 268.120864868164 380.630866527557 403.36612701416 332.051509857178 424.257331848145 189.318984985352 268.368598937988 391.143280982971 308.244979858398 387.546987533569 299.808242797852 339.672607421875 158.865020751953 291.194328308105 301.033950805664 445.760732412338 375.866584777832 631.616409301758 598.077362060547 540.824928283691 544.14525604248 565.303039550781 486.510124206543 549.716461181641 679.942291259766 655.1630859375 605.032913208008
474.107982635498 347.824546813965 284.325576782227 496.018997192383 397.915628433228 508.963638305664 492.734130859375 426.62406539917 386.667697906494 335.059167861938 292.557174682617 308.427257537842 521.333068847656 457.083457946777 419.914737701416 287.664176940918 390.114174842834 362.54501247406 272.169464111328 254.407279968262 405.325309753418 215.704437255859 259.102546691895 345.059472084045 378.661398887634 324.020282745361 389.406766891479 350.205711364746 345.249364852905 282.327713012695 393.246599674225 340.765369415283 421.910619735718 362.408020019531 415.400647163391 328.907936096191 298.079833984375 263.345367431641 414.843729019165 482.002481460571 363.407791137695 656.496810913086 489.484091281891 435.49397277832 429.75760269165 447.422943115234 618.932350158691 632.852691650391 582.375274658203 937.516716003418
436.877059936523 251.796295166016 464.532554626465 449.616954803467 461.755813598633 430.496463775635 381.253544807434 452.512001037598 386.903644561768 383.24137878418 272.586082458496 511.896469116211 334.309442520142 369.3078956604 346.474191665649 413.16918182373 399.490832328796 369.783247947693 375.498811006546 405.149030685425 334.937732696533 268.035041809082 351.781640052795 387.539786338806 355.902268409729 238.268936157227 270.859085083008 247.933364868164 452.716152191162 391.295146942139 293.307243347168 387.903537750244 317.575660705566 439.097105026245 257.702575683594 326.495872497559 431.080905914307 459.687757492065 500.997694015503 468.835491657257 475.821976661682 483.16854095459 478.389355659485 384.435024261475 342.498809814453 521.259819030762 782.541549682617 975.588081359863 678.265510559082 580.317523956299
341.837249755859 401.657585144043 443.335823059082 465.45792388916 670.978958129883 599.184005737305 350.498439788818 320.288028717041 428.763275146484 366.205324172974 386.38932800293 415.261287689209 380.141117095947 402.594841003418 344.084043502808 366.368117332458 199.22477722168 290.068878173828 393.117761611938 385.99942779541 336.995012283325 311.617118835449 276.110549926758 366.521379470825 409.054004669189 315.912593841553 355.658849716187 264.909278869629 326.13215637207 335.448722839355 369.142337799072 431.706966400146 458.287178039551 325.983200073242 332.166702270508 376.786323547363 561.327011108398 389.840797424316 421.321517944336 562.86515045166 485.836400985718 512.516647338867 481.204246520996 413.808574676514 368.58642578125 705.459016799927 705.967315673828 879.569770812988 548.260551452637 687.672925949097
417.014980316162 363.679363250732 543.146255493164 567.907241821289 430.765377283096 458.368705749512 325.405742645264 330.40604019165 355.885656356812 373.490950107574 411.904033660889 448.689826965332 407.016021728516 429.5061378479 427.807327270508 286.648971557617 196.583053588867 175.05744934082 306.694961547852 373.399145126343 364.712646484375 549.784088134766 473.310791015625 389.035718917847 475.830390930176 326.301979064941 206.805740356445 234.334228515625 359.333934783936 478.374046325684 422.352787017822 466.334770202637 549.874847412109 553.181480407715 434.812808036804 419.00121307373 347.288726806641 502.221113204956 496.927178382874 398.825309753418 470.089981079102 510.453769683838 440.903043270111 831.739959716797 682.778289794922 732.34604549408 397.257629394531 442.931322097778 504.104713439941 660.949586391449
312.230138778687 430.558082580566 473.365097045898 529.475067138672 485.097213745117 424.42725944519 372.452988147736 260.952239990234 300.268592834473 391.486358642578 352.581378936768 451.41423034668 313.774627685547 276.892768859863 399.678779602051 155.877944946289 273.979881286621 234.948669433594 432.421970367432 332.850852966309 335.185276031494 468.42643737793 291.783729553223 357.286678314209 439.601978302002 315.757026672363 277.538299560547 377.230381011963 438.207805633545 571.968139648438 424.38840675354 417.95006275177 392.160026550293 385.235523223877 444.440198421478 358.1162109375 385.607284545898 435.942649841309 551.966972351074 410.577964782715 552.925441741943 496.578163146973 875.239017486572 595.97034072876 542.734855651855 671.959854125977 587.467819213867 599.831165313721 411.500961303711 601.188777923584
513.529237985611 347.28458404541 324.965591430664 561.962631225586 421.381076812744 324.12459564209 277.840126037598 140.052597045898 237.187072753906 351.470702618361 307.07702255249 333.440891265869 547.26057434082 369.38943195343 345.982051849365 282.214172363281 292.797073364258 352.986305236816 344.665205001831 408.066551208496 408.500499725342 484.984817504883 340.772655487061 386.870293617249 431.076454162598 244.469024658203 363.013683319092 299.455879211426 401.720892190933 344.735988616943 400.902865886688 278.817390441895 424.450449466705 408.818820953369 404.554389953613 402.854434967041 413.47660446167 398.246192932129 376.704078674316 498.526543140411 564.415035247803 479.947204589844 904.227394104004 524.193668365479 477.000162124634 377.426788330078 635.403374671936 480.356399536133 365.081939697266 418.173812866211
236.365020751953 261.369682312012 259.741271972656 315.253944396973 308.121467590332 384.170904159546 197.596603393555 258.710098266602 402.619739532471 373.877128601074 320.27059173584 237.284118652344 534.743240356445 414.184539794922 434.387664794922 440.571807861328 414.14856338501 490.567169189453 372.381108283997 369.051614761353 252.291870117188 440.600028991699 258.996910095215 403.60373878479 360.492990493774 319.696983337402 247.279281616211 236.019729614258 240.498336791992 390.43122625351 312.26676940918 208.728988647461 377.904239654541 418.133796691895 466.16641664505 441.511199951172 527.405639648438 483.173988342285 500.605671882629 615.581521987915 818.626140594482 620.712085723877 755.844892501831 887.128860473633 600.78604888916 610.827812194824 470.446041107178 384.589569091797 406.374069213867 449.574783325195
279.188667297363 147.813110351562 250.838119506836 249.36385345459 230.177642822266 267.099731445312 221.950332641602 132.541793823242 406.660278320312 397.763832092285 373.284355163574 399.408458709717 374.681984424591 381.109828948975 406.575794219971 377.02179145813 482.429313659668 439.260345458984 483.783332824707 415.919849395752 363.750573158264 261.350433349609 249.979293823242 455.983352661133 301.985092163086 354.838153839111 377.238475799561 414.730890274048 253.010589599609 436.731498718262 382.661628723145 444.374521255493 418.070343017578 483.216581344604 415.522857666016 425.167240142822 407.132080078125 633.922962188721 825.932312011719 871.174331665039 608.18497467041 466.259562492371 523.351608276367 683.597534179688 777.148223876953 554.325122833252 584.171401977539 548.755878448486 443.489265441895 414.710876464844
442.300231933594 345.810512542725 363.519861221313 205.902191162109 310.623947143555 314.025218963623 255.808769226074 257.715980529785 322.879112243652 473.404731750488 447.139984130859 378.521546363831 341.033878326416 467.883666992188 533.869659423828 367.177768707275 353.084778308868 265.210243225098 399.457481384277 432.494758605957 444.329677581787 325.194519042969 371.432457685471 420.706058502197 457.258941650391 359.34338760376 422.197151184082 379.974197387695 332.162666320801 226.570190429688 361.329103469849 267.097579956055 366.371669769287 496.604655504227 378.137191772461 538.118324279785 525.662547707558 683.149264812469 714.642967224121 623.008918762207 514.01545715332 493.03539276123 586.144889831543 495.52862405777 512.813896179199 576.510398864746 588.070796012878 594.911466598511 545.465599060059 566.497940063477
348.371229171753 372.290836334229 327.203100204468 249.289077758789 305.633975982666 296.712844848633 314.891921758652 311.049934387207 422.016876220703 376.784340858459 441.180488586426 371.196937561035 366.942752838135 265.78231048584 363.817361831665 335.557662963867 342.656438827515 197.712615966797 329.803001403809 461.247802734375 440.886978149414 515.98486328125 422.236785888672 456.194938659668 400.445016860962 409.775412201881 364.15007019043 418.091176986694 353.688388824463 294.427581787109 205.52326965332 362.74165725708 362.787162780762 325.586303710938 381.92504119873 454.356430053711 654.164806365967 603.691928863525 598.204572677612 630.136749267578 580.02303314209 489.310466766357 622.538805007935 653.218627929688 759.626403808594 551.490818023682 528.521026611328 430.374435424805 625.59467792511 439.698547363281
405.873754501343 313.694641113281 356.532867431641 332.535816192627 245.958023071289 252.918357849121 296.169124603271 261.559204101562 327.745246887207 345.699989318848 326.439898490906 355.923240661621 426.462982177734 386.98032951355 435.296424865723 299.661224365234 278.53231048584 457.534614562988 316.9626121521 464.227081298828 518.954742431641 373.877150774002 542.478302001953 521.014862060547 469.296325683594 402.441529870033 491.411254882812 513.492454528809 318.952270507812 334.83032989502 278.668121337891 458.913812637329 468.919101715088 444.503684997559 383.325874328613 407.331317901611 575.920946121216 603.418022155762 591.391313552856 488.913833618164 543.921890258789 658.366027832031 537.922164916992 485.498016357422 705.869834899902 -9999 -9999 943.152561187744 577.256950378418 796.036422729492
548.527450561523 470.613304138184 321.962959289551 441.468635559082 378.727454185486 374.30708694458 326.621513366699 330.717723369598 402.670274734497 391.181632995605 344.150530576706 382.712852478027 394.185836791992 494.349197387695 488.867706298828 438.287940979004 294.175304412842 310.170307159424 319.247570037842 426.801097869873 360.030656814575 398.947610855103 426.223720550537 404.320417404175 427.176229476929 310.028144836426 336.78638458252 415.3938331604 426.559947788715 304.79093170166 470.084468841553 284.99201965332 392.762985229492 423.329032897949 455.886167526245 830.544170379639 639.196144104004 374.677474975586 271.045669555664 529.061668395996 590.368650436401 666.345600128174 -9999 -9999 -9999 -9999 -9999 -9999 -9999 -9999
520.708656311035 488.130821228027 406.297710418701 378.53588104248 387.057827949524 258.587730407715 379.857273101807 170.570365905762 450.451873779297 359.029186248779 302.774990081787 457.505783081055 462.567611694336 477.599151611328 360.327140808105 409.442932128906 210.904510498047 284.515327453613 530.592864990234 494.309478759766 404.921686172485 386.461883306503 526.909385681152 354.384246826172 372.237079620361 496.281005859375 375.923236846924 280.463195800781 380.220878601074 361.498397827148 340.915832519531 291.004501342773 539.786348342896 388.176063537598 298.172088623047 487.107559204102 609.364086151123 552.325901031494 520.083686828613 600.1086769104 588.900025367737 -9999 -9999 -9999 -9999 -9999 -9999 -9999 -9999 -9999
