simdem/realisation7.asc
NCOLS 350 
NROWS 171 
XLLCORNER 152620 
YLLCORNER 418050 
CELLSIZE 100 
NODATA_value -9999 
[rows 0 to 21 of 171, columns 200 to 249 of 350]
-9999 -9999 -9999 -9999 -9999 -9999 -9999 -9999 -9999 -9999 -9999 -9999 -9999 -9999 -9999 -9999 -9999 -9999 -9999 -9999 -9999 -9999 -9999 -9999 -9999 -9999 -9999 -9999 -9999 -9999 -9999 -9999 -9999 -9999 -9999 -9999 -9999 -9999 -9999 -9999 -9999 -9999 -9999 -9999 -9999 -9999 -9999 -9999 -9999 -9999
-9999 -9999 -9999 -9999 -9999 -9999 -9999 -9999 -9999 -9999 -9999 -9999 -9999 -9999 -9999 -9999 -9999 -9999 -9999 -9999 -9999 -9999 -9999 -9999 -9999 -9999 -9999 -9999 -9999 -9999 -9999 -9999 -9999 -9999 -9999 -9999 -9999 -9999 -9999 -9999 -9999 -9999 -9999 -9999 -9999 -9999 -9999 -9999 -9999 -9999
-9999 -9999 -9999 -9999 -9999 -9999 -9999 -9999 -9999 -9999 -9999 -9999 -9999 -9999 -9999 -9999 -9999 -9999 -9999 -9999 -9999 -9999 -9999 -9999 -9999 -9999 -9999 -9999 -9999 -9999 -9999 -9999 -9999 -9999 -9999 -9999 -9999 -9999 -9999 -9999 -9999 -9999 -9999 -9999 -9999 -9999 -9999 -9999 -9999 -9999
-9999 -9999 -9999 -9999 -9999 -9999 -9999 -9999 -9999 -9999 -9999 -9999 -9999 -9999 -9999 -9999 -9999 -9999 -9999 -9999 -9999 -9999 -9999 -9999 -9999 -9999 -9999 -9999 -9999 -9999 -9999 -9999 -9999 -9999 -9999 -9999 -9999 -9999 -9999 -9999 -9999 -9999 -9999 -9999 -9999 -9999 -9999 -9999 -9999 -9999
-9999 -9999 -9999 -9999 -9999 -9999 -9999 -9999 -9999 -9999 -9999 -9999 -9999 -9999 -9999 -9999 -9999 -9999 -9999 -9999 -9999 -9999 -9999 -9999 -9999 -9999 -9999 -9999 -9999 -9999 -9999 -9999 -9999 -9999 -9999 -9999 -9999 -9999 -9999 -9999 -9999 -9999 -9999 -9999 -9999 -9999 -9999 -9999 -9999 -9999
458.876449584961 487.252517700195 459.346725463867 603.765575408936 820.564613342285 -9999 -9999 -9999 -9999 -9999 -9999 -9999 -9999 -9999 -9999 -9999 -9999 -9999 -9999 -9999 -9999 -9999 -9999 -9999 -9999 -9999 -9999 -9999 -9999 -9999 -9999 -9999 -9999 -9999 -9999 -9999 -9999 -9999 -9999 -9999 -9999 -9999 -9999 -9999 -9999 -9999 -9999 -9999 -9999 -9999
368.051605224609 364.58032989502 423.7883644104 556.976432800293 689.491031646729 674.619651794434 646.030227661133 749.319839477539 697.697021484375 691.586807250977 -9999 -9999 -9999 -9999 -9999 -9999 -9999 -9999 -9999 -9999 -9999 -9999 -9999 -9999 -9999 -9999 -9999 -9999 -9999 -9999 -9999 -9999 -9999 -9999 -9999 -9999 -9999 -9999 -9999 -9999 -9999 -9999 -9999 -9999 -9999 -9999 -9999 -9999 -9999 -9999
982.106330871582 510.249031066895 435.232963562012 478.313335418701 808.49333190918 639.173718333244 478.424253106117 411.164756774902 467.484643936157 534.551918029785 441.1515417099 314.884582519531 456.764762878418 510.70947265625 446.028656005859 773.279373168945 902.196014404297 759.266647338867 868.876800537109 978.302669525146 918.813645839691 927.819118499756 939.89221572876 944.257743835449 1075.57931518555 1000.37965774536 732.341400146484 918.386800765991 1077.66500854492 1021.0107421875 1074.75877380371 924.126232624054 763.832884788513 781.14518737793 806.959938049316 842.304269790649 1071.33040618896 894.370330810547 929.594390869141 -9999 -9999 -9999 -9999 -9999 -9999 -9999 -9999 -9999 -9999 -9999
794.457107543945 768.999984741211 729.890674591064 704.474905967712 987.746656417847 1027.34570169449 1108.31392526627 509.537376403809 388.812683105469 333.466377258301 437.14803314209 392.194686889648 310.687377929688 310.115829467773 539.269725799561 473.507481575012 639.450668334961 624.370651245117 832.857778549194 790.220729827881 916.279174804688 918.875480651855 858.585582733154 790.466137886047 850.133228302002 789.120716094971 837.180827140808 956.440933227539 840.281368255615 842.619659423828 975.396255493164 763.372337341309 604.143951416016 820.566497802734 761.004954338074 731.969249725342 910.98583984375 964.60563659668 746.324508666992 730.02808380127 884.455589294434 1163.79186630249 1352.08840370178 959.318350791931 717.022315979004 -9999 -9999 -9999 -9999 -9999
881.070701599121 1055.05852508545 824.434701442719 684.743343353271 902.457450866699 954.044418334961 1077.60147094727 1055.17637252808 837.418983459473 753.251852989197 597.034576416016 597.782501220703 359.487976074219 398.716773986816 583.436164855957 379.943862915039 412.10572052002 505.192893981934 944.946640014648 900.897327423096 814.368072509766 930.348289489746 868.621681213379 817.347434997559 898.757850646973 900.804992675781 970.292205810547 935.789749145508 1024.24340820312 1033.20817565918 938.223251342773 813.712684869766 748.036293029785 777.814461708069 699.389881134033 744.825679779053 1017.1805267334 986.190093994141 469.488906860352 591.509678840637 714.211723327637 1082.06339359283 902.203428268433 892.529279708862 990.811080932617 1257.40686798096 563.716293334961 -9999 -9999 -9999
903.906330108643 760.866177558899 1066.12289810181 1195.21384811401 1164.2142791748 1114.31337833405 1264.54476165771 1163.44736862183 912.872978687286 732.207057952881 745.551940917969 614.886444091797 594.818607330322 721.986526489258 467.751502990723 493.691146850586 723.194511413574 778.292793273926 997.671142578125 1108.10778808594 817.517234802246 1170.39727783203 721.894723892212 802.994400024414 760.413754105568 980.342315673828 817.348739624023 1045.82257080078 870.919052124023 964.955665588379 868.538146972656 899.362380981445 719.968822479248 626.150447845459 601.175590515137 524.876533508301 523.665725708008 861.439971923828 937.12135887146 708.242500305176 701.960914611816 743.482219696045 771.128390595317 628.166427612305 675.393775939941 1133.64309692383 985.500869750977 1405.56546020508 733.075832366943 -9999
855.236253738403 958.819223403931 918.345282077789 1171.38879394531 1139.95098114014 1213.31298828125 1288.32171630859 1328.04933166504 1046.81372451782 916.007507324219 914.158592224121 724.505165100098 759.49577331543 600.191173553467 475.073425292969 506.366012573242 617.064590454102 842.494773864746 809.244113922119 1022.56678009033 942.02495765686 1025.71411132812 640.109592437744 706.314588546753 802.487144470215 900.011108398438 713.911689758301 929.835075378418 835.264015197754 803.197944641113 944.787322998047 854.677276611328 731.366744995117 830.603561401367 622.468479156494 693.511268615723 620.180922031403 983.966220855713 909.345375061035 898.632266998291 555.610549926758 471.515045166016 831.666351318359 719.61678314209 733.143478393555 569.494735717773 774.598430633545 1279.04603767395 886.369241714478 868.139343261719
875.048522949219 870.267259597778 844.98176574707 874.880323410034 822.781135559082 965.924987792969 842.265579223633 738.155735015869 1164.57778930664 934.725959777832 900.065757751465 836.920673370361 830.63493347168 509.815383911133 729.681488037109 713.082656860352 827.679294586182 927.269691467285 867.013431549072 1103.87434768677 943.913444519043 1214.289478302 745.55823135376 767.539630889893 901.287872314453 1057.63934326172 809.532096862793 817.538757324219 887.769960403442 803.954208374023 894.977945804596 955.882621765137 876.73021697998 940.254837036133 846.862586975098 833.268379211426 738.742895126343 975.212287902832 1094.91655731201 983.137401580811 676.367115020752 556.197463989258 670.279636383057 854.333717346191 883.20735168457 580.993316650391 795.47597694397 592.056198120117 754.190538406372 763.641284942627
769.413162231445 611.648910522461 621.072505950928 677.88157081604 776.596092224121 893.506423950195 669.214046478271 931.815277099609 1086.93201446533 852.462034702301 874.507884979248 932.469509124756 868.844299316406 924.318836212158 841.615088582039 1254.53201293945 806.314506530762 901.14338684082 971.672189712524 1330.72368049622 957.755905151367 1363.21393966675 912.083811052144 735.780290603638 714.794166564941 787.617115020752 826.198955729604 730.769828796387 1049.09646606445 946.629055976868 936.59433555603 904.244076192379 1000.76330947876 1042.38203430176 956.252147674561 1106.50392913818 990.396144866943 1044.17018699646 957.516754150391 831.085304260254 754.853657603264 779.755258560181 711.194511413574 848.301979064941 899.383560180664 1023.10024261475 883.541519165039 671.98853302002 567.337387084961 1042.74817276001
705.966398239136 605.063343048096 631.406681060791 770.201477050781 705.315700531006 666.120636940002 766.663307189941 943.211608886719 779.219158172607 529.005737304688 856.466804504395 975.945150565356 1269.09596252441 804.541454315186 793.828882694244 823.305143356323 788.224918365479 829.728010177612 753.987295150757 1336.33113288879 804.876316070557 725.19721698761 759.466389656067 1201.77586364746 734.26416015625 751.971918106079 738.912605285645 798.708778381348 971.666847229004 840.087371826172 960.314998626709 1071.8641204834 865.394742012024 841.395694732666 821.722885131836 855.514831542969 1020.91820526123 755.621536254883 886.006675720215 883.172901153564 886.993011474609 859.447174072266 977.058486938477 961.164100646973 899.747833251953 931.614688873291 986.074109792709 903.614696502686 619.82649230957 1012.64405822754
573.351722717285 453.648529052734 603.385749816895 728.741048812866 766.80460357666 764.792388916016 896.571670532227 764.417760848999 663.004665374756 544.884490966797 664.441108703613 713.29257774353 844.497085571289 769.328186035156 871.502853393555 977.223236083984 835.010749816895 613.948028564453 716.295433044434 820.840232849121 651.581512451172 645.393478393555 784.902626037598 827.846366882324 881.254913330078 747.044120788574 799.720314025879 877.166360259056 812.630046844482 830.523413658142 731.40234375 880.98851776123 695.153213500977 816.9296875 813.963779449463 793.560157775879 927.743997573853 825.372253417969 782.00431060791 899.603328704834 994.136611938477 909.46043586731 989.541400909424 872.247467041016 920.063873291016 1066.70142936707 998.575167655945 1123.66189575195 926.476707458496 736.856323242188
833.791549682617 546.876892089844 667.194305419922 817.537925720215 841.319264411926 678.591281890869 822.346160888672 756.727579116821 700.297096252441 738.59819984436 914.387382507324 942.657562255859 864.08869934082 724.947750091553 834.61792755127 773.363880157471 597.797760009766 592.785278320312 727.647360801697 674.666069030762 763.88871383667 754.299251437187 812.330379486084 704.920547485352 837.089302062988 737.449729919434 862.608825683594 1259.52930450439 863.161158978939 820.336700439453 839.458908081055 904.468696594238 674.953094482422 861.979472637177 843.903827667236 888.054550051689 878.92658829689 918.670293807983 905.964881896973 835.942203521729 968.861213684082 917.082800865173 970.19390296936 860.21411895752 936.787990570068 848.424835205078 1030.09455108643 1211.05850219727 1039.32392883301 819.192436218262
443.550476074219 398.917083740234 1222.63547515869 695.628623962402 644.124034881592 687.27522277832 634.482158660889 653.566123962402 666.97420501709 672.584693908691 831.879842758179 693.912052154541 661.441955566406 683.663120269775 644.239906311035 736.958171844482 694.388725280762 652.189346313477 596.648910522461 727.948165893555 697.590131759644 850.078037261963 720.33695602417 587.228202819824 653.606798171997 617.699661254883 677.721154212952 682.788219451904 784.285556793213 843.315860748291 989.575748443604 745.780197143555 681.676700592041 1194.1530456543 645.622207641602 763.330917358398 553.684112548828 775.612766265869 813.296136856079 715.86247253418 725.62712097168 849.289443969727 916.230529785156 925.792045593262 860.338669776917 944.221927642822 1072.21868133545 1037.14492543042 1121.09162902832 938.996260643005
988.275650024414 565.566246032715 1205.68661499023 1310.63597106934 667.500843048096 742.165914535522 729.559727668762 646.615661621094 1103.3761548996 756.979617118835 660.385772705078 627.80298614502 571.742889404297 515.527770996094 519.780090332031 853.211158752441 730.560432672501 812.91934967041 756.698341369629 728.888668060303 728.919351577759 767.833473205566 767.602558135986 625.222053527832 713.302722930908 582.751495361328 786.380348205566 627.139228820801 704.500240325928 698.94144821167 632.83024597168 700.441467285156 720.501733779907 650.906372070312 721.14115524292 1110.58111572266 516.604080200195 759.397662878036 778.448364257812 817.490303635597 906.709316253662 827.250849723816 1013.62995147705 848.461038589478 776.423458099365 962.906051635742 926.345401763916 937.806356430054 868.20955657959 958.787933349609
582.721115112305 784.692909240723 705.21427154541 718.259902954102 1234.89682006836 1387.42641568184 1035.80070495605 704.798376083374 682.630140304565 691.715198516846 717.657684326172 632.378078460693 587.269004821777 622.455085754395 738.982789039612 785.315837860107 860.957641601562 876.814956665039 656.504804611206 779.94994354248 661.226100921631 599.673515319824 574.337615966797 514.664688110352 644.372077941895 775.571237564087 795.817626953125 754.098989486694 685.567176818848 736.487662315369 629.89574432373 678.372100830078 725.181303024292 718.766732215881 594.84114074707 566.474098205566 697.682975769043 1100.22533416748 717.001459121704 725.411479949951 723.837802886963 786.522292137146 710.886154174805 931.611179351807 889.597267150879 891.571151733398 910.359288215637 947.625076293945 960.146354675293 881.955993652344
598.0341796875 616.083435058594 705.127466201782 757.873474121094 708.383014440536 737.99462890625 650.68892288208 657.618011474609 653.597660064697 742.643184661865 716.410552978516 557.384613037109 575.010314941406 717.244630813599 717.228626728058 727.428437590599 916.492889404297 745.727771759033 733.717018127441 757.072334289551 644.443981170654 621.855091094971 634.095527648926 844.212829589844 787.080924987793 750.326969146729 718.10308265686 827.624938964844 513.76676940918 402.206085205078 718.162187576294 767.878555297852 778.363595962524 673.578468322754 711.214973449707 838.991790771484 829.953617095947 848.504318237305 604.14826965332 1089.59571075439 1335.78572845459 655.658767700195 670.003898620605 756.3723487854 859.009075164795 879.598468780518 762.486068725586 1109.5453338623 1263.87355041504 838.611650466919
728.923875808716 702.662747383118 725.048952102661 706.266984939575 700.489946603775 806.64559173584 687.931529998779 725.563283920288 791.244895935059 604.608032226562 648.810270309448 761.430839538574 763.722831726074 692.965356826782 699.114471435547 816.156684875488 801.225959777832 752.501808166504 795.646865844727 800.29948425293 750.687647819519 703.439083099365 755.911457061768 900.64616394043 810.01114654541 797.678466796875 722.949523925781 720.15661907196 599.320892333984 533.343551635742 828.165580749512 745.896741867065 689.681941986084 689.833786010742 727.555221557617 892.00325012207 956.528610229492 879.942596435547 815.447399139404 692.68856048584 735.38187789917 730.139553546906 717.586433410645 822.828193664551 654.770698547363 805.905227661133 814.053611755371 1018.56759643555 1003.0426940918 865.786813735962
