simdem/realisation42.asc
NCOLS 350 
NROWS 171 
XLLCORNER 152620 
YLLCORNER 418050 
CELLSIZE 100 
NODATA_value -9999 
[rows 66 to 87 of 171, columns 250 to 299 of 350]
639.570385932922 422.95703125 612.607006072998 672.283206939697 649.988780975342 572.33763885498 618.395236968994 611.062236785889 719.908962249756 626.325898170471 593.807022094727 752.540245056152 713.924156188965 791.493980407715 896.966323852539 616.614032745361 617.766860961914 838.251068115234 650.818981170654 634.238216400146 741.224464416504 731.969909667969 701.358597755432 714.832932472229 765.231719970703 751.615167617798 841.639221191406 713.515214920044 679.488327026367 620.004035949707 779.259521484375 643.294219970703 756.965974807739 680.078548431396 705.044794082642 708.738084793091 688.185111999512 698.303199291229 973.511505126953 865.406026601791 627.010223388672 594.556259155273 737.424362182617 846.076103210449 822.947334289551 699.800552368164 739.686013698578 768.73272895813 676.00749206543 680.258102416992
748.560470581055 614.969366073608 717.818462371826 557.442657470703 626.190050125122 517.574890136719 559.284729003906 512.623428344727 489.334579467773 650.315059661865 594.238395690918 634.326224327087 673.020337104797 820.252960205078 725.964073181152 723.439750671387 798.547058105469 784.015537261963 755.51538848877 619.557731628418 661.176120758057 638.442359924316 674.175256729126 709.787034988403 677.299114227295 497.898880004883 575.23509979248 693.842568874359 623.922752380371 727.452726364136 717.967456817627 712.628894031048 777.028244018555 736.895534515381 731.7017993927 817.950317382812 747.269721984863 879.109832763672 889.178466796875 732.327872157097 971.034278869629 951.972560882568 742.779052734375 766.693692207336 732.633506774902 654.791351318359 709.559453964233 742.501979827881 737.619964599609 617.926391601562
690.176902770996 751.908985137939 695.872840881348 581.490535736084 617.590559005737 541.905464172363 593.500495910645 487.407363891602 574.716716766357 599.035976409912 571.506958007812 600.50178527832 593.504043579102 757.191390991211 745.174613952637 766.948272705078 773.179420471191 840.333770751953 666.610702991486 846.044227600098 545.711654663086 656.090660095215 625.154747009277 597.955947875977 759.864223480225 515.465530395508 708.63559961319 669.521324157715 663.040597915649 692.324165344238 749.274861097336 610.618827819824 546.0986328125 556.893417358398 649.101177215576 756.730739593506 766.054397583008 827.61962890625 756.095788955688 677.750991821289 531.433578491211 654.998359680176 1077.19310379028 1254.61308288574 770.698234558105 747.616453170776 631.814170837402 701.238903045654 584.066543579102 642.540878295898
713.762031555176 763.954750061035 656.45609664917 532.402114868164 625.392444610596 639.877281665802 614.469583511353 510.43603515625 662.87361907959 688.96907043457 603.03099822998 613.807155609131 593.095962524414 642.041656732559 681.690226554871 683.506628036499 764.418769836426 685.472383499146 686.125352859497 721.712280273438 502.022521972656 688.818026542664 651.11386680603 698.062406539917 809.196617126465 709.775176048279 761.258697509766 666.615600585938 662.312744140625 775.804786682129 678.098335266113 638.786437988281 447.755355834961 584.619491577148 664.4772605896 615.219413757324 667.753879547119 825.384880065918 1005.62438964844 927.971984863281 799.394245147705 792.177753448486 670.147239685059 865.787845611572 816.008003234863 1482.39332580566 756.518514633179 665.615642547607 681.815326690674 800.237028121948
586.385005950928 645.154684066772 680.808895111084 616.993987083435 665.791362762451 570.191776275635 632.289999008179 659.02624130249 821.91415977478 490.593338012695 720.728439331055 625.400218963623 482.732391357422 629.230688095093 636.407525539398 785.54362487793 685.150918960571 723.233734130859 771.11644744873 782.464782714844 607.157180786133 631.03547668457 759.004592895508 801.023216247559 779.530715942383 668.688099861145 787.508895874023 691.812610626221 735.497863769531 602.220336914062 671.022889137268 603.153297424316 521.336166381836 591.368675231934 631.975967407227 735.717788696289 806.255027770996 727.25999546051 847.123657226562 782.481201171875 782.342147827148 832.833335876465 783.607940673828 688.19482421875 691.327987670898 739.231132507324 862.945014953613 977.325103759766 708.623710632324 609.680816650391
568.214603424072 679.85457611084 705.153366088867 429.538604736328 524.387428283691 683.466857910156 634.82884144783 638.660123825073 697.673529475927 589.846790313721 670.800132751465 643.37553024292 452.394149780273 632.650576591492 709.166404724121 800.553855895996 696.104855537415 710.272010803223 750.329139709473 738.034797668457 685.007026672363 732.301063537598 756.406410217285 789.312492370605 752.725894927979 791.918209075928 753.412895202637 858.754531860352 785.623199462891 599.480895996094 663.6630859375 735.04282951355 690.490703582764 677.499942779541 787.059432983398 606.282768249512 713.627156257629 640.14705657959 744.510774731636 687.293556213379 977.896026611328 738.363353729248 753.180969238281 814.639791488647 595.753753662109 1039.55792236328 744.547981262207 623.108200073242 671.937866210938 531.006256103516
655.656305789948 643.403722763062 722.261070251465 675.356767654419 627.30542755127 630.191520690918 687.206275939941 570.046005249023 637.151947021484 525.975257873535 636.400337219238 634.244518280029 595.939134597778 595.025100708008 675.605762004852 716.924324035645 651.547512769699 611.908702850342 502.650161743164 613.962650299072 633.530075073242 853.87760925293 652.430862426758 661.411967277527 739.525524139404 648.552471160889 637.147323608398 737.385185241699 744.252124786377 691.382367134094 803.642684936523 620.688056945801 560.828369140625 664.636344909668 893.341766357422 796.46403503418 778.460384368896 720.421974182129 788.487117767334 773.28991317749 835.403007507324 1287.19867706299 743.715450286865 811.218318939209 559.63606262207 680.160858154297 620.983734130859 727.347234725952 589.175308227539 623.052230834961
574.500007629395 504.294769287109 808.96008682251 787.063949584961 595.11466217041 610.731307983398 750.096771240234 835.83988571167 685.666362762451 614.686405181885 604.341163635254 573.776885986328 506.138359069824 724.002456665039 848.598930358887 750.01611328125 807.967056274414 696.908042907715 670.164770722389 646.817720413208 550.631622314453 667.34643638134 652.626304626465 697.269622802734 839.911758422852 678.901354312897 629.465637207031 642.420917510986 562.958763122559 694.751468420029 686.73769569397 681.774870872498 719.031766891479 543.974136352539 579.587272644043 735.363390922546 783.023040771484 842.619750976562 705.078065872192 825.977958679199 601.340538024902 719.298866271973 708.545715332031 1026.57509613037 827.123908996582 731.375762939453 746.328582763672 716.305450439453 1087.12995624542 719.885186195374
654.715690612793 628.757756233215 520.494514465332 595.804187893867 485.584533691406 545.314682006836 720.558914780617 664.291442871094 666.200119018555 688.425731658936 816.574562072754 703.364311218262 502.226867675781 559.999961853027 595.544990539551 808.964050292969 750.009941101074 673.57592010498 731.736831665039 577.442527770996 519.098022460938 646.215389490128 565.603637695312 571.048439025879 793.201988220215 785.178359985352 688.893505573273 673.415620803833 591.278053283691 656.330558776855 670.476646900177 689.4818816185 596.084121704102 586.897987365723 707.2595911026 806.885452270508 820.598411560059 663.176513671875 600.416259765625 654.155300140381 638.49228477478 771.393249511719 511.199737548828 972.980621337891 905.259826660156 652.191612243652 753.197402954102 724.29418182373 791.897533416748 1025.26090240479
572.324119567871 531.793815612793 425.0283203125 362.750839233398 536.074142456055 502.999420166016 710.168714523315 672.943344116211 757.288908004761 713.038932800293 765.900333404541 816.408186912537 697.948272705078 606.414289474487 646.122087478638 544.729064941406 508.022415161133 581.824352264404 841.802474975586 648.159899711609 550.749137878418 653.708650588989 510.948974609375 585.588569641113 748.326248168945 760.65625 665.960819244385 666.741975784302 682.719877243042 734.56223487854 709.025459289551 644.248107910156 728.040056228638 682.425712585449 808.676918029785 652.042861938477 742.015924453735 746.362698554993 762.318070411682 714.468997955322 916.804656982422 891.715599060059 689.098999023438 758.207977294922 809.439109802246 947.39192199707 769.556289672852 701.431579589844 922.667749404907 998.493141174316
736.681213378906 604.974096298218 416.510955810547 560.600799560547 662.416736602783 641.412828445435 574.184562683105 681.487419128418 609.949981689453 619.932235717773 669.4987449646 745.336353778839 640.49250793457 698.989524841309 575.716533660889 594.063972473145 587.335292816162 642.97486615181 720.711532592773 810.303833007812 585.701049804688 425.789932250977 530.790466308594 792.380844116211 828.913909912109 830.403594970703 759.02912902832 733.259124755859 718.823930740356 718.785456180573 727.66300201416 675.428398132324 698.191119194031 651.396064758301 621.761894226074 568.446563720703 812.513740539551 674.70724105835 775.477905273438 709.951459884644 724.296897888184 753.94206237793 816.382696151733 752.346477508545 626.185653686523 608.757202148438 775.290668487549 832.564274787903 769.924674987793 820.552719116211
672.6393866539 597.746858596802 606.044589996338 632.522463798523 773.086055755615 702.372917175293 590.313530921936 529.187896728516 684.597450256348 564.557556152344 694.11687374115 677.722813606262 595.728645324707 746.293830871582 639.51354598999 649.639562606812 497.324142456055 607.817523956299 587.498279571533 709.327024459839 811.642272949219 722.461839914322 725.885665893555 734.599197387695 744.284797668457 732.447509765625 662.685586929321 713.354452133179 570.541969299316 516.809509277344 674.37611579895 595.184593200684 647.986820220947 653.136070251465 613.690818786621 798.989379882812 703.384777069092 707.354120254517 647.700353622437 629.118335723877 884.818344116211 810.609481811523 914.411247253418 1131.81893157959 723.852798461914 748.243438720703 758.619934082031 765.946285247803 954.089092254639 1059.71120452881
690.483787536621 684.924034118652 591.161499023438 619.659648418427 633.175399780273 515.329513549805 561.932567596436 445.569412231445 655.524532318115 642.288345336914 607.011116027832 724.45677947998 782.871154785156 816.424438476562 801.984191894531 738.343170166016 681.22230052948 735.743850708008 606.547801971436 673.541046142578 700.490921020508 637.305358886719 609.868041992188 691.051002502441 640.395488739014 624.558406829834 588.370307922363 534.255073547363 711.950103759766 527.258239746094 545.410667419434 626.453742980957 537.369453430176 522.090698242188 650.845878601074 750.203747272491 633.39933013916 603.693511962891 582.634170532227 705.238628387451 636.942481994629 1369.85894012451 1089.95969009399 766.228614807129 653.67985534668 603.085098266602 792.893486022949 1010.02812576294 1335.15817260742 865.146160125732
716.533012390137 719.360862731934 659.845680236816 586.899635314941 648.644933193922 702.794548034668 673.113756202161 691.783458709717 711.941398620605 649.687519073486 679.642692565918 741.686092376709 650.596649169922 734.255313873291 699.64172244072 822.727874755859 708.513229370117 615.779415130615 670.615726470947 738.978984832764 809.016395568848 738.145240783691 738.767972946167 676.653922408819 732.257500648499 664.904518127441 584.889060974121 593.101936340332 563.889945983887 719.189125061035 611.453063964844 640.867467880249 484.690139770508 532.34464263916 623.088043212891 766.172187805176 755.708374023438 815.167037963867 733.848850250244 884.089015960693 556.979515075684 839.467909812927 1008.25700378418 867.518455505371 925.533889770508 597.360427856445 1062.9914932251 840.510076999664 738.638069152832 617.752777099609
649.728102207184 651.907585144043 618.655782818794 707.115882873535 553.97025680542 672.118774414062 883.802505493164 723.296262741089 635.721460342407 654.04990196228 624.721130371094 683.482345581055 656.250007629395 584.285568237305 777.780387878418 717.268543243408 645.919372558594 674.069969654083 608.568397521973 651.845943450928 643.057735443115 634.285442352295 601.818042755127 586.776176452637 722.828528881073 616.598762512207 512.765617370605 670.195067405701 598.261642456055 486.704483032227 750.997001647949 910.13298034668 714.85474395752 643.993283987045 662.538047790527 801.51643371582 805.537414550781 845.086883544922 703.077606201172 806.675271034241 662.172771453857 866.830929756165 715.183242797852 1004.05078125 540.150741577148 557.210021972656 1205.80624389648 821.951972961426 737.462509155273 640.322326660156
627.698146820068 589.419731140137 450.750625610352 542.609214782715 569.783248901367 527.241302490234 696.37544631958 749.95246887207 664.30443572998 591.241767883301 543.567451477051 629.475570678711 617.871295928955 735.064826965332 651.774879455566 705.755718231201 727.450508117676 489.077713012695 687.378412246704 694.758457183838 699.787066459656 629.363949775696 606.809059143066 705.200565338135 734.793930053711 704.855602264404 553.03059387207 735.377422332764 524.687194824219 618.562321394682 598.697113037109 736.119968414307 612.294967651367 811.906867980957 753.483019828796 659.60844039917 695.777912139893 645.516067504883 750.550392150879 814.107925415039 701.172373771667 851.093116760254 686.928243637085 739.600929260254 768.481964111328 495.480621337891 948.030181884766 638.044494628906 657.680946350098 627.877563476562
674.61803817749 697.37442779541 586.488300323486 655.425682067871 712.14183807373 778.76823425293 638.158990859985 638.750544905663 525.579399108887 599.197063446045 667.443103790283 638.452006578445 596.302629470825 640.343205928802 514.197952270508 552.581687927246 528.378379821777 621.184989929199 634.680221557617 638.686851501465 770.667419433594 782.803993225098 751.053089141846 841.29899597168 667.432485103607 626.751686096191 594.184989929199 670.886686325073 623.914405822754 768.802360534668 714.851768493652 656.027980804443 633.967086791992 703.568015098572 792.860260009766 751.055061340332 796.02025604248 676.0646443367 551.904678344727 753.849361419678 724.326820373535 749.572082519531 681.877138137817 879.4368724823 716.909057617188 444.607543945312 571.384857177734 629.447708129883 872.828956604004 1004.60612487793
724.73885345459 632.829895019531 561.855930805206 527.308067321777 865.420852661133 548.764808654785 607.788333892822 574.63077545166 627.532131195068 749.816177368164 697.058616638184 598.244037628174 527.304595947266 647.50422000885 683.345008850098 779.82551574707 622.345781326294 686.713760375977 560.353164672852 675.508560180664 701.808914661407 699.472484588623 726.538467407227 877.926742553711 638.237438201904 701.277603387833 699.347428321838 676.112685680389 595.07154083252 573.766273498535 635.023513793945 563.027374267578 671.450866699219 751.998012542725 664.356285095215 706.739675521851 730.698757171631 575.882064819336 482.728118896484 650.879669189453 582.792144775391 1086.06052398682 699.799911499023 762.419738769531 1093.63469314575 738.654846191406 978.777404785156 638.421203613281 912.598970413208 884.289375305176
673.250152587891 741.278671264648 604.337810516357 710.323219299316 716.207054138184 607.669914245605 644.876442909241 590.355308532715 644.855323791504 611.501291275024 735.401878356934 679.623685836792 655.880928993225 995.428863525391 971.500317573547 690.99418926239 848.464681625366 635.658813476562 612.1637840271 708.148942947388 674.381290435791 606.604530334473 687.415409088135 958.906478881836 787.731460571289 791.783981323242 683.188243865967 637.957992553711 641.48779296875 603.294715881348 596.655181884766 616.130378723145 622.459327697754 688.963535308838 666.98620223999 658.383111000061 690.395009994507 594.220726013184 546.407333374023 686.84211730957 534.110748291016 716.606674194336 832.736406326294 664.170177459717 752.786361694336 944.587366580963 720.446853637695 704.426780700684 621.362747192383 592.619049072266
638.189594268799 609.867027282715 665.854412078857 654.826915740967 725.598854064941 676.909336090088 672.562194824219 655.346799850464 654.236900806427 654.917850017548 733.2744140625 741.75170135498 613.527093470097 794.155770778656 681.738883972168 648.007569313049 744.822616577148 602.99017906189 624.73278427124 706.298222541809 720.856239318848 620.466156005859 608.622833251953 688.281418323517 680.383350372314 732.278148651123 650.81371307373 740.114486694336 707.889966964722 633.270370483398 632.638332366943 671.300178527832 703.46012878418 802.10916519165 808.317604064941 626.921417236328 594.299919128418 590.129866600037 634.000938415527 861.710723876953 1118.97825622559 640.475986480713 1081.2322845459 708.947494506836 612.158716201782 608.371459960938 656.078231811523 759.94864654541 597.240310668945 995.041534423828
801.654144287109 788.845886230469 702.265895843506 604.673336029053 603.533065795898 626.155639648438 646.311707496643 716.949275970459 680.980894088745 666.207968235016 739.435981750488 800.528263092041 783.813278198242 510.748596191406 574.193012237549 673.282440185547 753.107776641846 923.548919677734 651.026180267334 610.357215881348 792.675930023193 658.629975199699 1264.12762451172 655.404691696167 678.535995483398 487.995971679688 710.769195556641 777.463138580322 706.756927490234 702.03035736084 696.457668304443 551.977279663086 620.276008605957 799.271095275879 821.393402099609 943.532485961914 760.440223693848 657.903705596924 674.821140289307 1101.19861602783 663.100835800171 611.504447937012 658.730026245117 1476.76808166504 633.507476806641 1803.06978607178 769.261287689209 798.932905197144 950.220603942871 673.837387084961
1258.96905517578 1046.09831237793 914.423004150391 710.120748519897 657.73511505127 644.640802383423 629.849878311157 697.387474060059 670.11901807785 691.123268127441 638.616024017334 969.963417053223 906.863578796387 710.886085510254 667.348327636719 1038.55653381348 1072.81402397156 824.241485595703 880.589782714844 657.066339492798 684.964978218079 574.208740234375 696.951539993286 721.932033538818 689.017395019531 677.190793991089 635.685389518738 660.850330352783 665.460401535034 644.501846313477 686.665725708008 579.528182983398 705.760425567627 648.35725402832 753.884368896484 896.751831054688 835.523612976074 692.162291526794 745.573947906494 624.382965087891 545.763366699219 715.354265213013 658.749580383301 757.759544372559 977.72053527832 1100.96499633789 742.973457336426 667.457504272461 689.383857727051 750.66353225708
