simdem/realisation55.asc
NCOLS 350 
NROWS 171 
XLLCORNER 152620 
YLLCORNER 418050 
CELLSIZE 100 
NODATA_value -9999 
[rows 110 to 131 of 171, columns 250 to 299 of 350]
989.032743453979 721.940816879272 818.069885253906 667.338607788086 1186.22356414795 974.437377929688 789.701667785645 1199.77903747559 772.129272460938 757.728988647461 704.304397583008 774.200912475586 953.274291992188 975.81957244873 1009.2019982338 951.236972808838 1061.71477508545 1152.98405575752 894.888793945312 919.791404724121 658.504302978516 721.866226196289 932.781600952148 947.631729125977 1123.80001831055 895.261924743652 793.262700080872 758.221794128418 854.252059936523 803.578685760498 744.309906005859 890.045028686523 908.210594177246 864.107093811035 1115.53765869141 840.785053253174 920.514389514923 1054.17240905762 900.513055801392 741.562705993652 764.485198974609 686.033806800842 782.562501907349 793.889320373535 729.891578674316 861.534561157227 887.957397460938 872.938568115234 888.172988891602 719.677103042603
857.853485107422 741.205711364746 541.244285583496 946.70153427124 779.203593611717 682.308208465576 781.212825775146 1135.5505065918 387.0703125 644.011627197266 642.834114074707 777.31330871582 952.781784057617 707.202972412109 892.180372238159 730.020736694336 758.537776947021 750.573318481445 796.962524414062 873.605155944824 1242.45462608337 929.764724731445 1048.79585647583 794.991790771484 918.435974121094 1290.77200317383 836.238677978516 945.904823303223 857.750816345215 866.11280632019 868.920013070107 771.911575317383 857.092437744141 726.263442993164 1026.01705169678 1005.78801727295 1031.98461341858 976.954559326172 851.045874834061 909.959894180298 834.371124267578 759.884873390198 741.77555847168 763.199424743652 762.055027008057 886.060440063477 968.668853759766 863.995452880859 868.831642150879 813.303142547607
806.133422851562 978.261448383331 979.188035964966 829.743078231812 1089.12532806396 588.510757446289 641.478637695312 769.37451171875 617.598815917969 823.93879699707 603.05696105957 560.589599609375 1026.53709411621 1001.9323348999 1275.2562046051 989.578125 656.964416503906 613.607528686523 702.036880493164 735.785247802734 826.459423065186 879.669958114624 1090.85661315918 970.64892578125 1043.38107299805 1095.04452514648 968.652103424072 1033.88321495056 853.327568054199 866.822292327881 924.767791748047 923.365993499756 928.050811767578 968.662353515625 977.080032348633 970.197259426117 1056.39125061035 1009.03259277344 800.876564025879 789.115723252296 740.650726318359 698.39414024353 723.98461151123 792.627868652344 878.775133132935 899.19750213623 721.246799468994 710.646987915039 663.469230651855 734.61865234375
571.972778320312 765.807479858398 656.607574462891 813.787780761719 933.049386978149 1172.85119628906 764.671531677246 661.996948242188 536.920989990234 624.261016845703 558.029373168945 611.32691192627 699.364543914795 590.013557434082 816.288449287415 788.463102340698 690.36336517334 444.460784912109 555.816589355469 864.35636138916 745.636917114258 918.758520126343 708.385299682617 611.867065429688 852.289817810059 1154.87944030762 1057.91414260864 951.935334205627 1264.88280487061 1407.23798370361 1026.95343780518 950.40502166748 971.113777160645 914.09105682373 813.162528991699 732.57389831543 838.350917816162 574.22834777832 746.993148803711 639.014991760254 614.962739944458 521.448448181152 628.970273971558 708.658935546875 806.988105773926 796.836402893066 549.854873657227 736.360763549805 885.183170318604 855.623779296875
816.648162841797 1085.67066955566 1310.87205505371 757.94701385498 700.831256866455 607.976867675781 2028.29623413086 504.828765869141 1216.2361907959 1068.92247009277 686.247039794922 544.629364013672 596.168395996094 679.598543167114 812.277542114258 953.011978149414 942.393486022949 645.580879211426 664.492942810059 694.992565155029 627.076934814453 766.705139160156 555.273834228516 545.635711669922 826.33930015564 741.160320281982 752.08952331543 987.01383972168 1349.82266998291 1385.63335418701 884.022365570068 1085.26417541504 902.227912902832 700.510206222534 516.088340759277 395.754486083984 455.701034545898 667.370819091797 756.400772094727 786.497268676758 709.596075057983 555.505187988281 734.280868530273 645.829872131348 689.531932830811 775.431343078613 524.961692810059 660.440017700195 723.625225067139 895.661891937256
559.201812744141 852.491241455078 851.280502796173 796.88627243042 805.511644363403 1021.31672668457 565.067977905273 612.176040649414 686.355560302734 791.744995117188 684.261291503906 558.27352142334 635.483085632324 676.290962696075 684.667885780334 765.515416145325 769.904024124146 693.171348571777 760.908626556396 681.360069274902 774.89086151123 931.041692733765 739.197906494141 752.50072479248 690.763902664185 673.632369995117 744.709976196289 852.801126480103 1161.19500350952 1884.4084777832 1095.50479316711 975.129890441895 687.712852478027 637.830017089844 668.581829071045 595.367851257324 634.979507446289 697.773998260498 797.48885345459 572.503799438477 617.924697875977 654.140602111816 702.757827758789 638.25984954834 713.090810775757 741.729825019836 537.776519775391 584.052856445312 567.728942871094 834.289649963379
855.012222290039 1328.71697998047 722.10311126709 849.964735984802 1312.08895874023 617.692749023438 563.851745605469 1106.7381439209 596.788970947266 954.300346374512 1033.48938751221 551.505767822266 536.954940795898 619.990922927856 769.277030944824 780.752510070801 770.525691986084 658.048408508301 738.124349355698 729.468711853027 707.318725585938 704.091636657715 731.805969238281 708.433059692383 747.880851745605 785.425368785858 1055.65271759033 919.650779724121 990.86026763916 878.096229553223 1078.52185821533 741.616775512695 905.713943481445 550.186386108398 640.138038635254 1041.4149017334 1239.73612213135 1687.50107192993 1699.03587341309 882.723434448242 858.286582946777 921.437225341797 735.157927513123 672.150329589844 794.512300491333 750.340843200684 788.599285125732 679.536542892456 630.44034576416 668.497581481934
580.097839355469 997.282409667969 872.52758026123 710.38663482666 1047.82672595978 649.321441650391 830.432922363281 544.275314331055 771.251312255859 916.426261901855 908.700088500977 726.768798828125 550.097930908203 694.958946228027 779.194160461426 632.725677490234 689.339796066284 709.500436782837 548.392082214355 741.068992614746 620.071532487869 704.601825714111 695.488395690918 699.494476318359 781.188785552979 883.690292358398 1047.99188995361 1028.74645996094 886.901149749756 642.722473144531 653.97770690918 848.023574829102 827.837631225586 805.617065429688 940.243927001953 706.179489135742 889.344673156738 1133.99243927002 1514.90592956543 2237.75445556641 1197.15998840332 1036.00524902344 880.77624130249 785.72785949707 672.757656097412 654.411895751953 689.833293914795 846.594993591309 839.45524597168 790.611877441406
506.366653442383 900.195465087891 888.262176513672 854.406820774078 1068.8067817688 671.179153442383 1016.19831848145 760.712036132812 809.300788879395 775.977434158325 639.046768188477 736.9775390625 704.088012695312 735.280456542969 748.97102355957 744.653182983398 638.658723831177 668.197082519531 648.733062744141 699.038848876953 759.522945404053 780.081588745117 705.540261268616 640.11100769043 781.222686767578 803.832885742188 953.152002334595 801.075775146484 743.169090270996 527.537322998047 1802.78790283203 2833.71599578857 756.959762573242 970.436094284058 1220.14400482178 1033.61312484741 1136.19242095947 1126.21553039551 1375.96188354492 1296.14175415039 1145.16627502441 1322.26549530029 1111.57410430908 1341.42991638184 1143.83728027344 844.889862060547 1006.55669403076 1060.27731323242 912.792999267578 793.903087615967
510.486682891846 762.093032836914 841.361373901367 730.922809123993 824.839691162109 1100.57842254639 804.432052612305 851.358150482178 1225.8473443985 639.594245910645 673.646606445312 624.668975830078 729.999401092529 798.551879882812 571.460411071777 767.746696472168 811.051399230957 645.771659851074 658.306732177734 772.489707946777 782.101139068604 673.305191040039 627.865005493164 655.097816467285 753.668315887451 914.188545227051 783.410713195801 726.680450439453 738.810092926025 462.747283935547 608.154296875 2136.21130371094 738.144638061523 869.370140075684 1119.80879974365 1345.5937461853 1077.86580896378 1143.62710857391 1691.86978149414 1347.67422485352 1287.32150268555 1178.52549743652 1046.80480194092 1004.514503479 1463.94031143188 1484.4114112854 1221.8494720459 1619.88275146484 1514.81024169922 1202.22424316406
561.211505413055 629.883689880371 631.523719787598 550.445878982544 840.641670227051 777.219955444336 711.777450561523 918.849834442139 819.548494338989 579.059799194336 774.487648010254 627.610412597656 607.029632568359 654.914199829102 572.220336914062 747.47193145752 623.667533874512 662.853132247925 688.161390304565 795.693967819214 784.220455169678 696.167869567871 705.80933380127 770.96049118042 540.874526977539 858.283885955811 601.983596801758 811.048530578613 832.009819030762 665.353912353516 428.505004882812 564.219161987305 741.570289611816 874.656618118286 949.092803955078 1042.30098724365 983.545341491699 1014.74625396729 1361.98133087158 1237.03004455566 1312.86071014404 1262.34964752197 1167.68082427979 972.255928039551 1209.44700241089 1117.88226318359 1255.95208358765 1226.72091674805 1490.06649780273 1751.83958435059
752.648147583008 817.575561523438 675.035675048828 587.32271194458 527.0569190979 646.44873046875 593.67981338501 591.496536254883 816.142471313477 591.383850097656 685.116096496582 611.235748291016 715.732574462891 798.491352081299 597.809600830078 709.64111328125 528.682113647461 634.095039367676 644.832344055176 801.200546264648 831.567638397217 871.73397064209 822.249441146851 848.627410888672 704.254722595215 782.124889373779 728.065727233887 704.927055358887 925.106576919556 646.228927612305 566.613540649414 699.971351623535 794.673566818237 879.263549804688 885.236354827881 1117.19245910645 1287.12094116211 1155.26052856445 1114.31629943848 996.482913970947 1280.15308570862 1349.76259231567 1003.8791885376 826.077960968018 1281.1004486084 1213.93787765503 1054.22789764404 1026.29754638672 1265.6654510498 1463.19930267334
758.165405273438 862.698684692383 671.408443450928 666.712808609009 783.862716674805 555.684019088745 456.130226135254 593.539978027344 764.265665054321 693.507888793945 576.344131469727 554.309280395508 732.177627563477 550.984397888184 708.442657470703 695.156530380249 771.983335494995 740.759544372559 668.029941558838 587.664031982422 816.802993774414 979.414520263672 758.231052398682 853.214176177979 712.738140106201 792.989112854004 650.982246398926 783.02011013031 810.052680969238 722.738067626953 906.644660949707 1005.47272491455 779.449142456055 849.015747070312 988.871139526367 1214.32424926758 1029.18692016602 1012.9322052002 1051.87528991699 915.52490234375 853.231643676758 879.569831848145 849.013526916504 709.752380371094 831.148315429688 993.67308807373 997.781831741333 904.571743011475 1022.97172546387 1004.81823730469
866.101501464844 864.03254699707 750.421509742737 746.975940704346 727.107822418213 644.079216003418 611.255653381348 491.048271179199 683.534248352051 607.751312255859 647.625198364258 716.349235534668 912.689743041992 663.818199157715 1145.06467437744 640.733337402344 714.70246887207 683.095920562744 769.700130462646 716.115301132202 660.759510040283 822.973770141602 832.175840377808 878.177272796631 813.95251083374 685.381340026855 623.525848388672 766.210731506348 861.881080627441 778.778747558594 943.719818115234 1023.3684387207 876.782234191895 784.978519916534 969.100234985352 1165.58526611328 798.601263999939 1022.31349182129 918.875885009766 842.888716042042 863.414894104004 611.631454467773 652.521018981934 672.82389831543 860.919015884399 719.441879272461 854.354476928711 929.609672546387 821.42879486084 845.320688247681
816.189346313477 733.894668579102 721.682586669922 905.861511230469 829.723037719727 723.163349151611 731.017518997192 607.969203948975 753.533908843994 643.532669067383 684.030685424805 764.125835418701 690.291893005371 754.701221466064 1355.51372909546 571.725036621094 541.966644287109 754.519159317017 896.91471862793 797.313568115234 898.268508911133 833.175399780273 651.218719482422 786.704954147339 751.789848327637 543.805480957031 673.790428161621 769.128509521484 767.43238067627 853.328598022461 830.17822265625 1154.59248352051 1104.37641906738 816.515216827393 843.989489555359 954.812561035156 955.613159179688 897.511116027832 979.450454711914 917.12809753418 810.452117919922 659.751258850098 640.373596191406 592.090484619141 646.070083618164 653.981857299805 789.61798286438 915.580905914307 818.482172012329 821.530151367188
750.752653121948 722.094316005707 721.119709014893 664.49853515625 695.871360778809 716.705005645752 676.614273071289 569.734634399414 532.417436599731 465.045913696289 742.864116668701 803.465599060059 1006.45767211914 744.093101501465 786.164629459381 794.908214569092 736.209419250488 919.75910949707 883.880760192871 1387.66436767578 792.798149108887 696.229972839355 699.807362556458 856.041229248047 638.442008972168 600.113388061523 553.220222473145 629.581672668457 742.833415985107 735.018371582031 806.542892456055 838.395486831665 899.757707595825 710.091087341309 701.450973510742 807.588188171387 852.725563049316 789.752109527588 763.428560256958 929.954727172852 855.132217407227 676.150299072266 611.514572143555 572.812957763672 576.170623779297 691.987411499023 784.461971282959 789.164126873016 735.454570770264 781.986707687378
829.443912506104 699.350881576538 643.539245605469 438.682434082031 684.692947387695 880.608108520508 757.487010955811 744.547210693359 685.307327270508 758.894866943359 563.423595428467 1256.98308467865 797.23454284668 830.579891204834 943.869819641113 826.893196105957 914.098098754883 896.464111328125 1192.71829986572 786.718185424805 830.234092712402 703.379537582397 535.061492919922 807.437545776367 680.919940948486 550.449752807617 640.062240600586 680.46027135849 642.551559448242 762.915565490723 656.775756835938 896.138938903809 703.225158691406 696.641571044922 853.266952514648 795.040924072266 774.124112129211 820.862887382507 719.703395843506 815.930988311768 967.48876953125 792.784099578857 642.053588867188 731.354732513428 647.688293457031 615.45133972168 668.437911987305 682.518081665039 692.703811645508 707.441261291504
810.171356201172 673.127101898193 584.381576538086 558.688049316406 724.093414306641 913.78205871582 716.460543632507 839.562088012695 766.390380859375 799.426727294922 835.157485961914 753.980926513672 713.102142333984 1234.6220703125 849.693416595459 758.860802650452 834.578422546387 1084.02925109863 722.040183067322 731.78611946106 782.475273132324 752.185722351074 693.952761173248 722.776205062866 701.961838126183 512.482498168945 617.23804473877 651.588773727417 889.361526489258 656.643856048584 513.531829833984 689.64241027832 772.000804901123 720.290031433105 923.076873779297 904.433288574219 770.868598937988 758.358180999756 824.579252123833 830.811088562012 911.128318786621 795.369179725647 765.029964447021 771.085922241211 648.120414733887 584.392272949219 649.078369140625 929.241042137146 795.198219299316 835.654167175293
650.085067749023 609.677932739258 608.678436279297 423.516662597656 645.677719116211 680.300956726074 753.357894897461 775.253662109375 704.571235656738 676.115104675293 865.849853515625 827.851493835449 697.803813934326 652.994285583496 617.713180541992 727.935981750488 609.994186401367 791.899610519409 723.435501098633 811.258277893066 825.137832641602 751.958229064941 674.832884788513 591.570335388184 685.424282073975 644.398445129395 679.925716400146 721.99501991272 810.499633789062 768.977065086365 605.475151062012 689.285385131836 762.909606933594 755.748064994812 884.396450042725 796.673206329346 838.16730594635 869.653991699219 911.616637378931 1121.59751605988 925.607391357422 797.871514320374 774.189979553223 832.746765136719 722.509269714355 577.245483398438 666.212448120117 836.779083251953 1042.2347445488 1016.22025299072
780.013200759888 636.933815002441 695.232978820801 462.464309692383 693.163482666016 792.902641773224 697.672863006592 701.254566192627 599.347284317017 639.012287259102 814.337589263916 707.1096534729 671.982265472412 487.631256103516 751.561845302582 674.687705993652 842.72908782959 764.778318405151 743.230053901672 863.739379882812 802.500198364258 768.897590637207 745.130405426025 721.892419815063 696.47305727005 816.671524047852 709.344562530518 728.11642074585 630.316673278809 696.670608520508 688.919384002686 820.212291717529 825.03006362915 671.365119934082 800.772283554077 958.821823120117 905.75891494751 1046.32855224609 964.674971580505 937.814678192139 1037.89310073853 913.709655761719 591.363662719727 887.534042358398 823.996772766113 871.250305175781 744.950067520142 817.903812408447 849.350799560547 1011.32685470581
757.459671378136 785.281620025635 792.524467468262 703.528848648071 709.824981689453 702.81950378418 725.316045761108 668.099647521973 612.817226409912 652.226287841797 823.746894836426 880.701110839844 782.817779541016 730.523574829102 656.78685760498 800.661289215088 812.503509521484 744.239238262177 697.235317230225 761.929244995117 709.74517250061 691.166244506836 614.213111877441 633.578990936279 701.010370254517 802.551284790039 719.545639038086 725.832313537598 665.035861968994 569.955383300781 816.422882080078 689.59068107605 744.090034484863 989.652908325195 945.642416447401 747.652465820312 846.043853759766 796.654830932617 1139.7438325882 935.11149597168 936.606216430664 1186.42850875854 929.386444091797 602.168960571289 780.736587524414 877.990726470947 935.404518127441 795.706466674805 714.818031311035 957.523601531982
771.059099197388 809.363834381104 641.320083618164 513.993347167969 714.356605529785 682.576793670654 611.809711456299 652.160980224609 783.28148651123 729.645427703857 734.069639205933 762.46643447876 769.042335510254 728.306728363037 840.084350585938 727.249265670776 916.497085571289 689.526847839355 788.710651397705 844.962604522705 754.338584899902 703.098244309425 712.412183761597 625.045959472656 619.720947265625 739.506706237793 670.037042617798 605.416946411133 549.447052001953 633.186138153076 739.478492736816 663.033400535583 676.66007232666 619.107484817505 596.196201324463 523.93839263916 501.195175170898 727.471069335938 841.912620544434 1043.69491958618 1042.0744934082 1021.34342193604 1049.73312187195 982.092910766602 809.457595825195 784.65259552002 988.923698425293 728.848339080811 950.491661071777 1082.13520050049
