simdem/realisation71.asc
NCOLS 350 
NROWS 171 
XLLCORNER 152620 
YLLCORNER 418050 
CELLSIZE 100 
NODATA_value -9999 
[rows 22 to 43 of 171, columns 100 to 149 of 350]
551.91837310791 635.01114654541 361.133697509766 580.095869541168 533.464950561523 562.418312072754 637.275779724121 678.886310577393 734.854882121086 803.956954956055 1081.22406005859 647.947029829025 512.479011535645 901.143993377686 579.092102050781 396.519195556641 709.526062011719 654.29670715332 667.735673904419 740.655660629272 1067.20290374756 773.771911621094 455.478210449219 386.782562255859 519.076225280762 654.030807495117 609.976099014282 567.266416549683 643.82133102417 561.554738998413 588.508030295372 637.710441589355 538.495262145996 569.849807739258 343.093597412109 489.978668212891 660.419368743896 718.41423034668 627.40221953392 626.826120376587 702.631507873535 690.215320587158 503.029251098633 602.915048420429 692.55647277832 644.492481231689 464.93083190918 479.739837646484 463.895736694336 634.643650770187
477.296455383301 495.423072814941 566.254825592041 515.053695678711 457.782623291016 841.26513671875 599.445381164551 660.384124755859 813.253784179688 708.212551116943 1714.71282196045 638.016178131104 625.805171966553 1039.87992858887 459.262252807617 573.361152648926 757.532897949219 470.260040283203 672.683715820312 542.475807189941 720.163642883301 445.810745239258 1018.63768005371 901.806518554688 617.490173339844 665.246212005615 499.786201477051 599.12814617157 464.303359985352 464.204368591309 591.238745689392 489.64518737793 502.596740722656 656.618417739868 530.988616943359 445.30632019043 593.410028457642 696.680870056152 663.608123779297 617.696624755859 645.05694770813 699.063972473145 611.992376327515 550.351917266846 492.531997680664 568.024005889893 569.656764984131 529.691627502441 509.611038208008 520.865447998047
712.235046386719 414.556594848633 484.017211914062 503.459808349609 523.401840209961 685.705810546875 517.917739868164 758.449747085571 708.716041564941 660.339042663574 656.580089569092 1056.88811159134 704.90705871582 745.142883300781 447.332824707031 537.584945678711 660.521354675293 415.299819946289 646.454650878906 696.421936035156 879.703051060438 467.762100219727 392.595657348633 581.736904144287 702.34156036377 627.135143756866 476.332824707031 556.980107188225 584.767850518227 600.301908493042 452.576324462891 532.862567901611 564.632213592529 767.13582611084 690.215089321136 613.284286499023 740.477012634277 655.559913635254 525.083160400391 717.003692626953 648.567378044128 778.487106323242 653.475040435791 478.297805786133 434.583053588867 495.589706420898 484.967025756836 669.724700927734 567.299633026123 767.011672973633
529.15495300293 546.16259098053 613.165077209473 584.251220703125 597.635925292969 487.396896362305 976.453964233398 998.613433837891 697.803146362305 1067.20018768311 991.918712615967 966.690858840942 913.514991760254 947.148026943207 865.368999481201 1156.19007706642 530.133422851562 552.301330566406 571.90372467041 654.231918334961 1521.73888590932 625.900227546692 633.509365081787 539.824306488037 732.600002288818 537.21632194519 409.097885131836 591.157838821411 503.283687591553 722.14949798584 639.548522949219 707.785140991211 573.239936828613 901.596992492676 755.844543457031 656.480249881744 736.703155517578 761.402648925781 611.599701166153 680.938789367676 585.96283531189 739.875671386719 718.422241210938 687.299797058105 480.533630371094 574.966774940491 608.985721588135 532.962734222412 608.401399612427 689.363075256348
435.051559448242 403.994247436523 626.00749206543 571.128959655762 640.865478515625 445.010787963867 610.614665985107 589.856674194336 1080.09382629395 646.49137878418 715.526458740234 845.810596466064 811.564849853516 570.357604980469 1060.19715881348 908.432456970215 599.887992858887 676.332626342773 810.125460147858 462.592224121094 1176.59275436401 732.617195129395 613.093688964844 698.046974182129 611.918276786804 522.335487365723 620.886001586914 526.042608261108 476.960754394531 594.849727630615 585.468326568604 664.072250366211 572.327970504761 578.482227325439 577.145307540894 667.756645202637 666.417579650879 654.34073638916 744.483825683594 722.958366394043 490.322448730469 600.413520812988 644.181968688965 718.380996704102 576.332281589508 639.196422576904 588.851324081421 489.231452941895 701.333160400391 622.795955657959
388.969940185547 409.745468139648 453.655563354492 449.336776733398 1011.46313476562 1136.58782958984 631.81233215332 534.947509765625 703.781764507294 862.256587982178 670.242454528809 734.653942108154 791.742256164551 611.208871841431 632.080657958984 1147.28473711014 1350.69418334961 431.883003234863 572.434219360352 669.251388549805 515.607208251953 797.303359985352 651.990911483765 614.878423690796 746.212631225586 559.287855148315 696.706771850586 493.308143615723 466.778625488281 414.504547119141 464.930778503418 531.214497566223 515.261360168457 433.910499572754 490.245185852051 509.729831695557 612.964143753052 610.410572052002 597.225312232971 566.225284576416 479.961601257324 575.479690670967 758.311599731445 587.260711669922 563.478763580322 596.470872879028 573.507768630981 499.075263977051 611.38920211792 544.831316947937
331.941757202148 794.960983276367 581.015374183655 535.416305541992 367.73503112793 529.104766845703 438.271759033203 584.714810609818 786.463436126709 589.388999938965 907.052492141724 702.725547909737 390.348709106445 619.631805419922 774.585418701172 580.193119049072 477.916549682617 862.53776550293 893.942932128906 415.87223815918 503.856521606445 658.578018188477 507.073444366455 608.244592666626 494.765975952148 446.731063842773 505.246387481689 461.485702514648 501.860473632812 541.309836387634 488.38069152832 561.847105026245 615.081077575684 554.793498039246 537.530153274536 644.790390014648 668.77490234375 574.272475719452 545.586030960083 596.833117008209 531.611438751221 535.285251617432 557.576358795166 422.306579589844 663.789054870605 591.517570495605 354.351272583008 455.268981933594 683.315269470215 553.02307510376
326.024108886719 472.912071228027 470.846641540527 509.714580535889 489.113510131836 490.191696166992 561.653697490692 652.547721862793 636.068283081055 601.28857421875 1067.23522186279 628.747653007507 723.956619262695 869.800155639648 786.875381469727 629.029756546021 437.916549682617 393.811492919922 424.556533813477 402.162437438965 528.034380435944 575.126424789429 514.184238433838 561.976408004761 650.180686950684 491.970657348633 416.06095123291 405.792411804199 482.688282012939 543.104454040527 604.213104248047 549.67634677887 643.893112182617 617.084426879883 599.057228088379 521.915487289429 538.977144241333 453.211036682129 500.410194396973 619.002773284912 549.330719470978 570.215599060059 466.938636779785 532.306726455688 580.003318786621 636.190414428711 479.239860534668 472.104118347168 600.58837890625 565.911622524261
919.577049255371 495.954042434692 516.949199676514 474.870971679688 575.73796081543 450.102058410645 616.621753692627 500.223892211914 468.247741699219 621.662109375 614.735328674316 513.456130981445 646.72590637207 880.32942199707 565.257625579834 952.879615783691 538.044044494629 490.846633911133 519.750905990601 622.925636291504 567.398668289185 506.284374237061 447.440902709961 767.609313964844 793.29810333252 1656.60153198242 475.752429962158 470.32735824585 452.855964660645 529.055423736572 471.124477386475 539.585788726807 578.876495361328 497.933010101318 436.413047790527 584.269287109375 369.216796875 500.356582641602 512.479732513428 512.35111618042 525.145248413086 601.934154510498 612.004398345947 535.053625583649 491.606349945068 523.880858421326 583.463756561279 578.277183532715 575.215713500977 384.699172973633
600.723937988281 456.457168579102 541.160652160645 489.073883056641 1274.34796714783 540.137039422989 823.458282470703 441.283836364746 489.867446899414 458.206367492676 619.898037433624 838.631406784058 674.973323822021 500.243213653564 626.922698974609 800.255477905273 681.241455078125 475.931354522705 507.214057922363 588.785724639893 532.538841247559 515.78385925293 469.313262939453 564.59806060791 676.059295654297 547.110197067261 511.017924308777 592.828315734863 566.564601898193 541.193294525146 493.071952819824 426.826995849609 547.548908233643 348.838150024414 465.946849822998 669.971755981445 509.679565429688 518.324081420898 547.631313323975 488.374633789062 583.684110641479 446.466026306152 508.627038955688 602.882235527039 546.321191310883 484.031845092773 426.063446044922 661.609184265137 747.16145324707 521.524085998535
609.446067810059 477.303970336914 483.943658828735 622.820602416992 672.379417419434 600.506893157959 576.382038116455 959.33512878418 1065.53845977783 485.881034851074 383.026473999023 541.67594909668 656.557464599609 564.182867884636 632.907752990723 510.850339889526 522.413082122803 387.311416625977 730.545318603516 538.673205852509 611.273002624512 566.047443270683 475.650978088379 616.236892700195 543.250190734863 407.035705566406 388.04012298584 577.878894805908 457.808952331543 415.833457946777 441.698371887207 514.817043304443 496.765233039856 295.625457763672 424.070785522461 556.175945281982 480.176246643066 533.167029380798 574.343711853027 504.474260687828 493.292211532593 539.992115497589 653.085556030273 609.808837890625 535.358557701111 303.644897460938 456.329078674316 629.293388366699 595.541751861572 489.371562957764
618.344390869141 589.063346862793 528.13570022583 500.936826229095 554.130012512207 439.408977508545 410.489822387695 437.248886108398 712.290309906006 346.055709838867 434.194290161133 459.340488433838 299.337112426758 815.56950378418 543.336246490479 492.058241844177 461.147560119629 521.536437988281 593.807304382324 599.973014831543 443.762504577637 302.037704467773 476.576038360596 513.596401333809 512.358130455017 575.511413574219 490.105642318726 464.196216583252 604.572486877441 605.091156005859 541.899646759033 551.865741729736 533.754413604736 420.073654174805 363.557998657227 491.651378631592 532.485478401184 603.658264160156 620.478294372559 601.735710144043 536.2024269104 550.408458709717 552.15341758728 480.598335266113 462.586242675781 433.55394744873 531.137984111905 712.050567626953 569.33060836792 476.782554626465
483.991068840027 449.361110687256 520.091846466064 442.613994598389 489.846765518188 616.635589599609 495.824417114258 542.335041046143 513.961629867554 447.445289611816 541.577472686768 475.020751953125 400.994499206543 392.342262268066 549.165607452393 439.167613983154 455.318214416504 470.676208496094 672.35676574707 598.218032836914 725.135726928711 399.306709289551 303.420349121094 386.286254882812 568.756818771362 459.772679328918 606.230209350586 568.253955841064 550.253555297852 630.451187133789 507.557334899902 547.508014678955 557.069190979004 476.297280311584 409.456573486328 597.46004486084 474.387508392334 480.923051834106 590.931449890137 614.535034179688 541.282497406006 550.720222473145 449.371681213379 445.833160400391 445.627899169922 506.275727272034 648.423484802246 632.39347076416 662.102203369141 509.864810943604
474.665333271027 458.08203125 475.294279575348 640.139556884766 481.792263031006 624.364410400391 635.346252441406 623.753890991211 440.704284667969 464.287685394287 562.765771389008 431.886024475098 341.184555053711 409.626396179199 372.713394165039 514.70552444458 447.799962997437 648.662857055664 542.056095123291 575.652565002441 592.923179626465 524.301694869995 435.487602233887 474.558971405029 494.318546950817 571.877342224121 476.739406585693 447.709390640259 451.731796264648 551.805583953857 454.825000762939 482.22599864006 554.839721679688 423.353656768799 331.149642944336 548.625560760498 510.482872009277 593.639381408691 403.148300170898 442.681064605713 609.989456176758 460.644386291504 470.7707862854 519.706796884537 455.17654800415 636.732192993164 625.008178710938 581.682479858398 643.510673522949 635.81258392334
440.431301116943 532.434379577637 523.930534362793 554.469467163086 685.105682373047 571.160034179688 452.169620513916 569.714508056641 610.838607788086 532.857791900635 553.41724395752 486.275971889496 529.874237060547 539.047821044922 442.749786376953 524.059928894043 501.31781578064 587.086738586426 395.756324768066 191.877868652344 417.282447814941 477.440713405609 471.278639793396 486.797668457031 533.290390014648 621.40673828125 402.095779418945 439.842134475708 454.932647705078 506.15669631958 335.854202270508 459.465800285339 628.633514404297 460.485248565674 449.750537872314 438.24976348877 617.458709716797 479.655237197876 406.828201293945 478.476119995117 486.786675930023 419.377792358398 438.959434509277 373.617706298828 438.54662322998 537.493556976318 591.579727172852 606.010940551758 617.541324615479 644.969734191895
381.468383789062 459.917263269424 442.900873184204 544.125450134277 653.112457275391 606.046882629395 584.198371887207 553.497413635254 525.010215759277 504.186668395996 420.853385925293 515.246033668518 403.069648742676 534.227592468262 556.997360229492 425.785678863525 532.60364151001 479.856321334839 729.341033935547 710.751312255859 515.091567993164 481.929100036621 430.935569763184 561.023002624512 553.551193237305 477.020351409912 467.171002671123 490.395141601562 482.196764469147 418.687995910645 515.020072937012 462.932573318481 411.774795532227 434.034999847412 540.722011566162 472.932238578796 687.783905029297 528.933662414551 426.160415649414 531.713069915771 511.13764667511 362.46940612793 467.12587928772 471.425201416016 490.442743301392 597.243606567383 751.301559448242 653.265975952148 553.315235137939 624.250617980957
393.602634429932 407.78751373291 479.449993133545 458.369332283735 480.017973899841 659.869705200195 561.930084228516 393.297050476074 506.427606582642 543.553176879883 377.158142089844 446.578279495239 554.373725891113 616.409698486328 538.760879516602 560.364395141602 480.55326461792 465.55287361145 549.153541564941 679.877059936523 655.472503662109 488.627738952637 438.372318267822 479.861648589373 439.955509185791 625.424758911133 499.10929107666 460.603372812271 311.986770629883 445.547401428223 562.107757568359 371.859405517578 569.660003662109 476.946156024933 360.544540405273 521.405849456787 656.225234985352 571.219131469727 505.08940410614 460.038118362427 456.449270248413 407.44384765625 385.773597717285 419.453605651855 466.009696960449 597.416854858398 612.655212402344 614.028602600098 500.416812896729 551.23569393158
472.712408065796 422.766845703125 501.531791687012 463.904808998108 584.606010437012 498.620044708252 543.402191162109 383.930870056152 449.9792137146 550.704147338867 459.13180065155 502.001216888428 472.817183732986 634.934265136719 555.067436218262 585.798545837402 444.923818588257 501.115116119385 556.166854858398 525.356998443604 476.764865875244 303.488967895508 315.860626220703 366.478385925293 402.399391174316 561.87580871582 511.759204864502 631.88752746582 521.269756317139 370.089363098145 289.443664550781 482.351234912872 591.093780517578 539.827613830566 439.496496200562 555.566192626953 678.894592285156 503.230646133423 648.566604614258 422.754680633545 516.165870666504 491.424650192261 382.843032836914 489.556570053101 466.985706329346 479.937610626221 532.707092285156 490.427143096924 492.642166137695 544.674716949463
444.004395008087 346.452941894531 446.590839385986 507.589008331299 516.26343536377 525.785514831543 565.158241271973 396.951171875 423.008201599121 523.435947418213 625.087875366211 533.645881652832 495.196462631226 489.241765975952 502.885391235352 452.690985679626 444.342124938965 442.064759254456 469.172394752502 566.590476989746 531.777420043945 396.623970031738 406.801551818848 419.279415130615 501.229864120483 417.434959411621 385.89714050293 460.660192489624 433.372936248779 447.220420837402 272.758361816406 509.35124206543 515.881587982178 541.08614730835 494.118171691895 635.030944824219 654.471221923828 545.588489532471 558.929389953613 667.422714233398 491.747466087341 545.860194206238 514.449829101562 581.044387817383 345.708221435547 442.722221374512 547.01865196228 494.638710021973 412.434295654297 459.053817749023
410.175268173218 384.897422790527 402.605350494385 521.967636108398 499.574886322021 454.893604278564 409.531814575195 277.529281616211 405.347152709961 507.802398681641 577.497680664062 456.438163757324 516.274173736572 451.171686172485 464.70484161377 382.385131835938 503.101388931274 428.43091583252 478.282320022583 607.379913330078 540.95320892334 410.325115203857 299.768142700195 422.206474304199 403.51261138916 378.046859741211 339.883972167969 543.430450439453 385.761917114258 321.718734741211 304.052642822266 441.013654708862 534.599914550781 466.718591690063 514.870197296143 548.989906311035 634.168334960938 578.705513000488 615.764846801758 621.149627685547 541.997563838959 609.884948730469 668.717361450195 521.661008834839 506.693350791931 334.854339599609 467.035987854004 538.814573287964 639.780639648438 606.545028686523
397.095771789551 367.446266174316 466.525751113892 586.06282043457 472.020109176636 637.261901855469 500.580760955811 528.978233337402 403.65881729126 563.816429138184 568.949363708496 472.322971343994 465.145683288574 470.534155368805 573.274940490723 619.424957275391 587.341133117676 500.518285751343 532.350296020508 439.239944458008 498.246776580811 434.246295928955 297.818313598633 324.165374755859 401.750617980957 427.155006408691 377.798652648926 468.563631057739 482.330983638763 411.666648864746 493.551400184631 479.478954792023 516.115749359131 446.166137695312 605.624359130859 392.127967834473 503.903499603271 676.875045776367 548.263265609741 511.659095287323 430.46475982666 607.341201782227 639.741287231445 651.476669311523 564.798904418945 430.118324279785 512.189571857452 536.232816696167 581.205932617188 622.984840393066
458.152669548988 388.130893707275 367.560913085938 332.911445617676 510.070686340332 484.550060272217 580.944244384766 509.858642578125 488.053714752197 519.298706054688 568.6669921875 452.595127105713 651.763229370117 557.937438964844 557.134239196777 624.776260375977 483.235073566437 549.385353088379 447.801982879639 581.641571044922 525.084983825684 565.757041931152 516.925706863403 431.82625579834 410.586532592773 521.873466491699 466.825263977051 479.045951843262 716.832153320312 575.801895141602 447.543529510498 618.294006347656 632.365127563477 463.053188323975 360.980133056641 417.525005340576 381.927993774414 542.563255310059 665.477645874023 374.946960449219 572.277347564697 584.304084777832 642.536651611328 590.815589904785 573.520225524902 372.407043457031 477.294647216797 518.000406265259 546.020961761475 674.28450012207
