simdem/realisation35.asc
NCOLS 350 
NROWS 171 
XLLCORNER 152620 
YLLCORNER 418050 
CELLSIZE 100 
NODATA_value -9999 
[rows 22 to 43 of 171, columns 200 to 249 of 350]
801.184700012207 729.3544921875 727.760810852051 726.058506011963 707.832246780396 698.330574035645 663.498064041138 812.606353759766 664.176124572754 653.737209320068 651.172121524811 703.176704406738 701.833500862122 648.289451599121 587.884635925293 684.401403903961 691.773090362549 774.25952911377 771.655532836914 673.610021114349 753.080310821533 640.512004852295 656.63553237915 541.511322021484 700.733018875122 845.013610839844 807.95068359375 713.125642776489 713.634250640869 786.685852050781 727.221737861633 825.581436157227 787.317687988281 618.664093017578 740.963585853577 532.656539916992 672.856063842773 848.607398986816 683.51953125 794.289833068848 734.336460113525 721.154876708984 706.099708557129 866.729831695557 829.866451263428 1411.89377593994 679.923400878906 766.732921600342 861.633996009827 835.318420410156
539.306915283203 613.744995117188 629.254100799561 700.05334854126 800.977279663086 795.262008666992 630.536102294922 725.480377197266 725.656787872314 735.33576965332 634.680044174194 644.963358879089 795.520240783691 771.044815063477 527.472534179688 519.81005859375 714.438842773438 637.84373664856 663.573103904724 656.427334547043 670.255441665649 710.383125305176 724.225463867188 582.989364624023 720.128164291382 718.130826950073 834.762470245361 696.758983612061 776.271492004395 698.965265274048 784.062608718872 688.773933410645 708.778114318848 677.462020874023 791.033367156982 747.104693412781 724.400478363037 814.663967132568 633.074203491211 663.805755615234 649.872589111328 788.453580856323 852.77742767334 924.288024902344 1022.44000244141 901.725845336914 1046.5464630127 960.950231552124 745.235193252563 1351.70732879639
567.216819763184 571.252883911133 636.383018493652 777.655364990234 773.576782226562 714.296028137207 683.481615066528 735.366989135742 770.340705871582 799.641799926758 660.377893447876 597.39192199707 689.18932723999 740.419158935547 526.611450195312 587.937080383301 614.697257995605 738.572814941406 631.055242538452 758.820274353027 659.011699676514 666.556837558746 739.55233001709 757.019760131836 653.166805267334 747.438116073608 816.971622467041 1143.4626159668 734.353610992432 723.171695709229 759.134330749512 719.983316421509 626.23267364502 653.308921813965 676.92887878418 673.89616394043 706.016048431396 709.860610961914 535.397735595703 750.975399017334 762.57586479187 744.237331390381 753.835720062256 855.278575897217 863.717796325684 716.30383682251 827.876518249512 677.3955078125 769.992874145508 779.650283813477
556.025856018066 725.723194122314 657.882654666901 761.224617004395 791.558563232422 673.612628936768 677.915031433105 824.721099853516 680.751356124878 688.402328491211 598.271644592285 476.476837158203 612.792144775391 522.17147064209 371.792083740234 469.279968261719 669.904945373535 621.576625823975 664.287220001221 628.800769805908 760.075378417969 673.425438404083 734.220909118652 605.548133850098 734.839012145996 831.330009460449 868.42414855957 651.644760131836 801.788764953613 826.723220825195 792.228004455566 739.078058242798 634.640644073486 700.804824829102 802.277366638184 651.303115844727 779.708998203278 516.919418334961 697.344505310059 725.084213256836 744.532156467438 860.267070770264 796.559930801392 659.237808227539 834.074632644653 868.150500297546 753.543930053711 689.556488037109 795.123218536377 877.653717041016
597.63374710083 588.947326660156 700.636459350586 770.167678833008 561.953987121582 586.020198822021 622.954155683517 533.660125732422 549.092948913574 585.482635498047 604.338920593262 525.000179290771 514.593620300293 553.52596282959 384.016403198242 640.257451057434 524.360481262207 429.087387084961 430.772972106934 587.726421356201 859.668273925781 724.598522186279 658.060371518135 586.138626098633 680.365982055664 753.647491455078 739.646612167358 744.592418670654 727.820486068726 684.521596908569 746.556911468506 758.711696624756 752.012439727783 654.779792785645 752.092433929443 677.422679901123 738.565453350544 766.579975128174 786.367870330811 757.627613306046 776.480199813843 860.028549194336 818.452266693115 671.345367431641 829.733774662018 888.409549713135 768.17325592041 789.301086425781 821.171199798584 780.966743469238
617.160207748413 570.160625457764 517.19344329834 613.599569320679 580.567498207092 648.750919342041 679.988067626953 559.580089569092 425.666061401367 467.398635864258 482.179794311523 544.453338623047 722.718971252441 516.333223342896 559.164907455444 446.106887817383 546.147941589355 664.396347045898 586.076072692871 636.242240905762 725.925201416016 740.841682434082 777.27921295166 696.20844078064 696.287180900574 676.789484024048 809.416870117188 757.946403503418 654.23486328125 655.595642089844 713.692094326019 708.90502166748 603.102691650391 552.784820556641 627.645843505859 755.942108154297 816.780502319336 673.792072296143 806.619995117188 769.008190155029 663.79141998291 732.760158538818 823.852823257446 767.595832824707 747.352996826172 923.27067565918 742.323150634766 733.245452880859 731.408477783203 731.150405883789
608.061309814453 574.267052650452 556.355304718018 600.198257446289 608.922903060913 695.592643737793 645.217433929443 734.803451538086 505.321342468262 710.109176635742 637.574970245361 680.806625366211 679.630064725876 607.800657272339 655.605194091797 497.084465026855 477.883087158203 512.617191314697 443.030860900879 511.4560546875 647.69059753418 778.564834594727 692.760509490967 655.268191337585 670.674158573151 686.052513122559 732.188976287842 712.526861190796 709.350360870361 685.077331542969 705.067371368408 618.397605895996 707.301984786987 829.582565307617 723.95584821701 753.363655090332 701.433811187744 717.312635421753 724.630464553833 764.035827636719 782.590579986572 816.292785644531 796.389419555664 871.896339416504 864.137687683105 844.77335357666 907.035377502441 760.251762390137 638.255859375 575.717864990234
554.071193695068 616.975032806396 516.135192871094 621.941123962402 621.963275909424 739.800994873047 753.070785522461 586.524832725525 670.143493652344 621.967708587646 734.270904541016 694.089445114136 679.398429870605 546.643327474594 634.020889282227 621.982650756836 529.674621582031 432.263031005859 525.647135734558 542.887499094009 759.408966064453 657.006677865982 686.871814727783 690.819027900696 719.800678253174 863.177383422852 822.059387207031 670.625532031059 797.902412414551 737.34008026123 666.231508255005 630.219715118408 713.252214431763 786.978378295898 803.547012329102 822.056865692139 701.237199783325 607.920127868652 734.015214681625 733.814284563065 743.118362426758 639.36116027832 594.514526367188 792.166522979736 692.330078125 775.910892486572 823.164749145508 799.769295692444 725.51335144043 726.0100440979
535.577751159668 575.256836891174 490.155128479004 621.612358093262 689.680328369141 659.029357910156 618.128173828125 625.081665039062 636.821601867676 536.836540222168 597.545934796333 771.956802368164 673.681816101074 598.825714111328 625.50244140625 551.811965942383 592.061981201172 638.308616638184 705.497817993164 600.995998382568 773.568412780762 787.731414794922 642.865622520447 662.801040649414 709.860054016113 748.593963623047 762.128723144531 672.472738265991 736.203834533691 762.349227905273 765.385566711426 709.226734161377 775.205749511719 905.471038818359 640.656227111816 638.274810791016 550.775428771973 493.446136474609 631.824562072754 832.33812713623 764.630613327026 697.040893554688 730.921997070312 714.286926269531 598.819412231445 835.892730712891 756.390899658203 782.883735656738 851.631896495819 869.081932067871
558.993785858154 484.411178588867 574.800346374512 648.350734710693 612.539497375488 703.193550109863 589.492649078369 654.063095092773 552.824287414551 537.388603210449 601.382729768753 643.232635498047 681.203178405762 671.111404418945 592.745544433594 611.648048400879 737.621307373047 738.422882080078 627.404075622559 518.712815761566 684.812812805176 697.688491821289 652.164897918701 729.033981323242 705.344097137451 739.958419799805 695.581401824951 684.176467895508 794.086380004883 752.058784484863 773.62092590332 801.599754333496 655.848953723907 755.348838806152 708.369274139404 733.377145767212 648.325740814209 723.764610290527 732.895603179932 779.204563140869 746.92720413208 737.24053478241 685.931564331055 781.719783782959 785.628021240234 711.972969055176 860.154502868652 805.465041160583 952.099349975586 929.010055541992
589.075252532959 513.496269226074 513.559852600098 556.023284912109 649.359275817871 745.556549072266 660.197929382324 587.673336982727 602.344382286072 665.133605957031 646.764659881592 654.572425842285 653.644523620605 606.284038066864 511.991997480392 534.294454574585 640.380378723145 630.463356018066 677.363845825195 508.104768753052 625.399225234985 725.802917480469 758.177841186523 693.677379608154 697.38497543335 717.426231384277 602.284233093262 509.639343261719 461.099731445312 664.216339349747 735.398654937744 727.881805419922 642.137865841389 556.194763183594 637.395355224609 748.705253601074 722.572313308716 978.051315307617 704.217475891113 754.863082885742 822.919372558594 848.205017089844 559.150207519531 702.703533172607 642.270851135254 788.608184814453 763.057032585144 890.565048217773 944.745910644531 863.144393920898
492.939888000488 603.198135375977 613.762851715088 544.214250564575 676.068351745605 547.622373580933 560.624599456787 669.712242126465 659.756744384766 723.894439697266 665.535648345947 683.208488464355 594.539244651794 702.696077346802 567.676750183105 545.620231628418 409.11107635498 515.572647094727 507.681945800781 499.309814453125 544.150238037109 520.78800201416 870.651077270508 762.303726196289 729.289321899414 516.455657958984 659.932209253311 783.852104187012 649.409358978271 575.715957641602 617.600814819336 762.591865539551 609.408004760742 759.76294708252 644.953833580017 653.73458480835 792.800422668457 797.996635437012 729.041278839111 755.391733795404 751.858757019043 720.20664870739 681.905555725098 734.059909820557 824.986427307129 732.545013427734 730.234382629395 849.740413665771 788.916063308716 921.73974609375
440.710083007812 562.251044988632 499.379737854004 329.42008972168 632.435108184814 559.198046684265 760.146362304688 563.739372253418 639.643566131592 575.866006851196 563.330589294434 512.896495819092 819.335250854492 735.945749282837 518.725593566895 353.370834350586 263.445495605469 483.998199462891 557.854972839355 589.595901489258 597.989543914795 685.130596160889 766.177345275879 721.245994567871 632.016799926758 707.547336578369 630.309452056885 695.48038482666 719.847991943359 684.767585754395 712.246505737305 632.033485412598 707.21817779541 668.452667951584 745.55248260498 648.710964202881 580.303283691406 677.603851318359 760.877216339111 708.325336456299 725.03223991394 706.349025726318 627.74048614502 774.549434661865 831.269729614258 680.46656036377 689.485702514648 781.78152179718 752.344668388367 780.82416343689
588.288917541504 539.909728050232 534.301128387451 488.990928649902 545.695114135742 528.361137390137 651.025131225586 623.377372741699 640.329345703125 654.156669616699 509.572463989258 483.804718017578 623.635314941406 591.114402770996 541.312873840332 505.794919967651 521.248168945312 575.519256591797 629.734370231628 645.152570724487 633.720756530762 737.913230895996 666.006048202515 649.13475227356 605.416843414307 615.864805936813 622.485763549805 586.646202087402 575.907440185547 718.315326690674 679.451398849487 481.370162963867 626.927150726318 725.127281188965 670.317931175232 737.979316711426 579.77091217041 724.078956604004 801.152084350586 693.697969436646 588.28589630127 743.847808837891 670.189788818359 594.983581542969 770.06501865387 744.495146274567 873.094581604004 730.677093982697 785.813390731812 754.869889259338
518.22346496582 629.22631072998 534.795055389404 562.499605178833 601.445077896118 559.277412414551 610.886194229126 546.873947143555 591.958097457886 565.775437355042 515.541717529297 1113.09423065186 449.675643920898 451.827514648438 565.783615112305 599.41263961792 557.025726318359 516.177612304688 600.012282013893 749.165084838867 707.413917541504 751.365936279297 709.698547363281 663.818950653076 530.363052368164 666.208694458008 709.24881362915 665.083568572998 619.329948425293 498.749282836914 551.291137695312 523.599334716797 683.488543510437 756.565254211426 742.386650085449 727.135696411133 676.734142303467 771.760570526123 820.288948059082 626.613578796387 680.891479492188 689.557796478271 527.8056640625 555.499649047852 697.503532409668 713.849918365479 820.786071777344 746.621235847473 830.163291931152 873.678375244141
512.921783447266 640.922554016113 553.501472473145 477.899482727051 577.585178136826 571.541570544243 524.198104858398 361.016647338867 582.81689453125 587.306418657303 543.560844421387 959.91340637207 562.660247802734 652.145446777344 498.97779083252 680.723167419434 682.92204284668 577.108108520508 686.074518203735 610.814087867737 745.533248901367 797.027359008789 688.611289978027 584.981496810913 691.414081573486 677.547760009766 451.357406616211 517.588912963867 625.160057067871 649.049827575684 600.542903900146 720.60266494751 756.062118530273 671.774761199951 693.675054550171 665.758361816406 580.477005004883 694.35572052002 824.89574432373 750.445693969727 739.509786367416 634.891212463379 554.931915283203 558.206451416016 733.780639648438 874.672744750977 632.113670349121 613.718437194824 745.228724479675 861.964866638184
623.619639873505 754.003662109375 551.568189620972 684.667892456055 574.659244537354 620.852102994919 578.887257575989 519.671920776367 577.929479598999 611.661603927612 480.379051208496 484.353912353516 439.93977355957 479.564392089844 446.143753051758 557.532344818115 682.429382324219 599.807292461395 646.967601776123 597.963359832764 579.25740814209 707.114421844482 828.125366210938 669.184200286865 675.844039916992 736.466232299805 667.627014160156 657.092531204224 562.256057739258 596.263877868652 722.683921813965 730.29362487793 697.762145996094 603.52038192749 835.330581665039 611.452949523926 698.197626113892 752.255020141602 703.913235664368 767.324157714844 720.221562385559 658.580158233643 613.970375061035 725.449200153351 749.76700592041 692.484825134277 701.815021514893 663.710716247559 728.563016891479 692.929679870605
593.827522277832 618.973785400391 569.64665222168 556.637266159058 539.058631896973 485.67374420166 596.131690979004 615.69676399231 674.445671081543 686.224281311035 582.651839494705 601.25044631958 516.054977416992 601.441505432129 555.005096435547 699.624092102051 638.170417785645 632.293291091919 595.271614074707 637.102236747742 590.413009643555 576.8430519104 709.068199157715 598.731674194336 630.776188373566 717.747289180756 601.274158596992 584.487529754639 684.738430023193 665.771960258484 714.047508239746 586.949592590332 636.671955108643 719.897331237793 599.972118377686 590.599494934082 672.663864135742 784.083724975586 651.723693847656 730.071853637695 735.739585876465 746.769765853882 818.090438842773 644.996238708496 679.874412536621 690.962322235107 647.732082366943 749.974851608276 566.581497192383 686.946231842041
553.174296379089 607.733947753906 493.703796386719 428.529144287109 437.136245727539 509.114372253418 564.885501265526 504.189231872559 542.553333282471 676.635688781738 569.101964950562 661.357902526855 544.514114379883 651.271213531494 645.205070495605 655.11376953125 525.124534606934 390.060302734375 529.527534484863 588.08670425415 467.990913391113 681.18514251709 709.831665039062 681.431739807129 583.352695465088 566.986885070801 516.407684326172 646.469203948975 707.753116607666 704.374591827393 559.956840515137 777.739562988281 582.460216522217 556.967231750488 598.030754089355 696.60848236084 807.416854858398 629.55785369873 728.175046920776 726.375091552734 714.226380348206 724.625631332397 726.968771934509 674.313859939575 666.390907287598 738.984521865845 714.577215194702 728.223560333252 765.684940338135 724.746830940247
579.857225418091 566.913782738149 648.152465820312 617.578044891357 561.773246526718 516.643592834473 527.527744293213 451.580055236816 573.17383480072 644.506145477295 529.291168212891 511.524154663086 644.84009552002 717.158958435059 627.931692123413 540.11315536499 595.473830223083 510.176300048828 470.421585083008 482.157028198242 485.031753540039 622.598431110382 666.536769866943 609.501739501953 666.341087341309 661.053897857666 608.508239746094 593.668586730957 584.842929840088 607.110143661499 577.86971282959 699.078033447266 598.188640594482 584.93921661377 642.014709472656 551.644264221191 670.345554977655 687.212908267975 716.910984039307 775.687644958496 817.344398498535 797.339202880859 680.358810424805 613.795051574707 634.846969604492 664.436367034912 627.425403594971 674.46830368042 750.225326538086 665.871864318848
598.727928161621 569.910513162613 537.479511588812 565.696412295103 633.265056610107 602.755964279175 501.514404296875 528.366832733154 474.220443725586 609.767799377441 492.846221923828 666.999732971191 660.197494506836 562.947486877441 564.528687000275 614.711511611938 649.485939025879 652.445671081543 513.508804321289 434.009262084961 519.640960693359 552.387523651123 578.974353790283 676.554809570312 701.111747741699 714.411285400391 625.369269609451 778.247360229492 730.360000610352 750.84838104248 678.372095108032 694.93981552124 556.584098815918 740.454605102539 677.158357620239 598.294845581055 572.250465393066 605.796127319336 578.850593566895 605.484115600586 711.245227813721 678.0027551651 542.157073974609 635.396286010742 637.395557403564 627.801208496094 582.030387878418 562.79386138916 562.078964233398 760.587341308594
601.447216033936 698.558563232422 635.443809509277 523.944249153137 593.235208511353 526.70858001709 634.087886810303 513.643379211426 631.636138916016 597.877271652222 578.274234771729 627.393703460693 789.012359619141 590.859203338623 478.878257751465 581.679552078247 532.314231872559 575.723289489746 628.985931396484 484.306182861328 449.616104125977 604.217355728149 672.12720489502 575.190910339355 572.531932830811 652.251113891602 642.555974006653 700.564926147461 692.758594512939 669.438840866089 688.430192947388 652.849121928215 658.99585723877 673.700654983521 485.24787902832 698.268476486206 563.387840270996 529.686614990234 668.233076572418 602.148254394531 690.215059280396 608.286689758301 602.019218444824 657.017965316772 746.749633789062 635.547546386719 664.455860137939 552.49853515625 748.517936706543 691.292600035667
