simdem/realisation10.asc
NCOLS 350 
NROWS 171 
XLLCORNER 152620 
YLLCORNER 418050 
CELLSIZE 100 
NODATA_value -9999 
[rows 44 to 65 of 171, columns 150 to 199 of 350]
581.916519165039 652.728935241699 654.229614257812 506.862155914307 451.008262634277 527.233070373535 439.224052429199 484.032138824463 618.855697631836 472.628601074219 605.553844451904 589.75545501709 548.222528457642 582.817123413086 518.283248901367 410.089614868164 479.499526977539 493.624824523926 542.492355585098 390.427635192871 397.982635498047 570.587772369385 552.84888458252 554.698539733887 590.903690338135 426.897323608398 533.768482208252 461.421272277832 563.399835169315 608.234836578369 765.69075012207 722.846626281738 594.77326965332 789.473274230957 712.652051568031 650.804611608386 720.537956237793 680.00191116333 770.951850891113 566.070110321045 537.275352478027 486.930648803711 298.029327392578 479.684814453125 579.169906616211 486.153709411621 550.96768951416 486.624908447266 1103.73760223389 1155.15814971924
413.615501403809 506.757792472839 477.936943054199 452.89236831665 554.878471374512 612.400421142578 587.041034698486 549.795662879944 634.102516174316 592.425598144531 486.646003723145 564.017645835876 660.846641540527 592.052490234375 531.205986022949 533.607831954956 563.590598106384 510.521240234375 470.474670410156 390.168273925781 521.667332649231 654.466033935547 575.810604095459 461.994911193848 554.094706296921 480.370025634766 414.867813110352 376.190399169922 560.610743522644 687.113983154297 671.773471832275 541.438789367676 572.497343063354 793.625583648682 665.580772399902 678.365352630615 676.85725402832 622.666223406792 681.635871887207 666.315567016602 467.245018005371 452.950744628906 400.568435668945 381.175598144531 402.116287231445 643.889068603516 566.918703079224 432.28987121582 547.025230407715 860.94758605957
527.46808719635 416.861183166504 430.190467834473 498.940072059631 602.351470947266 543.505666732788 450.20824432373 487.011562347412 500.648132324219 550.086067199707 580.535809516907 467.968200683594 475.073165893555 495.585262298584 467.179321289062 535.670372009277 607.476692199707 535.058282852173 608.002685546875 366.206069946289 520.233526229858 634.549255371094 629.849220275879 465.799652099609 496.04288482666 529.999745845795 514.591991424561 419.238914489746 514.987098693848 577.453426361084 507.200050354004 600.078067779541 584.668952941895 766.423721313477 699.019653320312 629.724094390869 705.034111022949 719.653121948242 556.662475585938 681.522125244141 599.214900970459 481.878868103027 578.623316764832 425.440826416016 547.298109054565 577.551750183105 464.72932434082 477.688896179199 445.15983581543 432.058166503906
547.835590362549 477.147399902344 410.378105163574 481.381380796432 541.325693130493 516.485492706299 398.559104919434 404.828430175781 461.501937866211 437.393898010254 666.465057373047 496.679100036621 594.420623779297 654.789886474609 592.898650884628 527.171611785889 501.851959228516 548.402889966965 480.087390899658 478.373794555664 744.053482055664 435.953269958496 469.419311523438 504.665073394775 750.06315612793 671.396789550781 579.201530456543 431.303062438965 418.996551513672 425.792655944824 372.28076171875 602.562595367432 604.029407501221 765.165252685547 738.735458374023 647.837615966797 604.077154159546 693.937896728516 555.228855133057 565.501346588135 612.051021575928 663.273208618164 588.143672466278 560.634887695312 498.361831665039 589.247379302979 594.2197265625 625.290718078613 608.872152328491 416.689834594727
526.778711795807 513.2239818573 457.260147094727 441.219665527344 512.457550048828 581.192825317383 585.998153686523 471.457107543945 469.093559265137 528.422946929932 616.17261505127 600.370895385742 601.323513031006 599.409205555916 698.569641113281 631.114891052246 517.795913696289 519.224914550781 383.515060424805 441.505264282227 656.97233581543 511.770645141602 424.825317382812 399.386764526367 538.651067733765 761.899795532227 594.551246643066 478.574272155762 480.356964111328 444.034080505371 396.948791503906 579.470169067383 526.10196018219 616.273918151855 644.311248779297 629.217041015625 561.179869651794 591.13383102417 506.13761138916 411.462356567383 594.272596359253 595.412658691406 566.901113510132 608.096639633179 427.614868164062 565.002468109131 654.990125656128 731.279006958008 423.32014465332 460.892929077148
496.762966156006 475.385080337524 519.500478744507 480.292610168457 530.17599105835 585.039600372314 491.989009857178 512.810110092163 513.891258239746 530.246875762939 565.921733856201 574.046409077942 526.10232925415 670.688659667969 543.300308227539 588.044013977051 613.503265380859 598.156120300293 616.612411499023 556.77808380127 483.130912780762 709.422225952148 602.976696014404 501.561027526855 568.963793754578 574.944230079651 697.574813842773 553.544990539551 441.642623901367 590.667156219482 407.000991821289 675.660354614258 534.663618564606 663.308792114258 595.861351013184 466.418647766113 421.763381958008 433.832946777344 457.406410217285 591.904888153076 596.886283874512 566.288274288177 532.65482711792 455.333786010742 540.034379959106 519.840770721436 660.186878204346 415.809143066406 519.943504333496 348.588745117188
640.521148681641 545.363048553467 567.274257659912 582.997547149658 610.507583618164 690.84521484375 577.885852813721 600.560779571533 555.705681562424 595.610160827637 563.77440738678 493.573936462402 513.360691070557 524.385604858398 542.860214233398 479.474960327148 614.2755651474 558.940914154053 664.802268981934 629.565086364746 642.937536239624 654.586711883545 725.758254528046 559.274078369141 662.354221343994 508.672149658203 598.421432495117 641.131286621094 560.81624341011 613.417407989502 577.880823135376 536.594612121582 644.520324707031 551.405681967735 433.21842956543 333.829803466797 433.901519775391 558.530243873596 508.129955291748 586.471834182739 642.523323059082 520.178283691406 551.935587406158 481.506202697754 548.036315917969 577.126857757568 539.8581199646 512.662120819092 597.785774230957 426.005599975586
436.359870910645 488.893142700195 352.409606933594 527.966035842896 473.202560424805 574.947639465332 484.010475158691 561.909686565399 562.619007110596 476.917388916016 522.766525268555 465.998741149902 576.027081489563 447.684799194336 589.064706802368 495.332748413086 571.756916046143 611.275592803955 680.719879150391 592.237075805664 592.802568435669 659.993755340576 592.73917388916 664.181400299072 614.046829223633 777.3825340271 716.260149359703 728.514625549316 571.955206871033 632.518081665039 517.162105560303 541.773580491543 620.332801818848 526.081226348877 508.222412109375 537.280245780945 533.601242780685 588.483692169189 510.035495758057 457.689010620117 606.079685211182 546.121162414551 631.568199157715 414.047134399414 417.634323120117 639.946830749512 573.855141639709 520.139251708984 428.784301757812 555.775817871094
435.553504943848 559.495086669922 558.903763771057 588.801837921143 494.449853897095 369.730072021484 385.207824707031 387.375701904297 532.352468967438 484.25569152832 479.095977783203 600.732936859131 558.389476776123 563.125608444214 441.557586669922 648.157194137573 789.887680053711 812.209182739258 570.495651245117 634.322769165039 717.516464233398 698.918159484863 597.608846187592 578.580625534058 460.421699523926 581.619018554688 826.966171264648 821.633575439453 705.052505493164 568.100475311279 629.587203979492 448.444976806641 516.898712158203 514.2399559021 538.708282470703 525.698802947998 558.606449604034 524.727737426758 564.294209480286 455.238327026367 538.365257263184 702.509254455566 486.882286071777 368.072479248047 446.504516601562 514.954574584961 630.63790512085 575.54076385498 719.781585693359 523.188865661621
408.776412963867 659.06037902832 533.815991520882 551.33559513092 541.70227098465 417.76025390625 448.920936584473 394.037582397461 323.705780029297 483.143890380859 655.668830871582 495.702980041504 650.40796661377 622.262153625488 558.347774028778 652.254081726074 670.720008850098 689.336273193359 775.15007019043 802.070159912109 561.127799987793 631.888507843018 579.802712500095 454.559295654297 603.824256896973 684.595104217529 588.951419830322 670.292869567871 609.591058731079 604.736738204956 662.298675537109 522.927857398987 413.534317016602 553.078496932983 487.734519958496 592.47660446167 565.864491939545 561.621488571167 482.244247436523 583.071660041809 570.988679409027 480.968032836914 641.248001098633 531.6203956604 491.733917236328 420.791778564453 539.968818664551 567.640819549561 605.269451141357 517.19303894043
476.173881530762 382.778732299805 608.436302185059 495.740726470947 446.327026367188 459.746101379395 494.086418151855 469.786026000977 412.380645751953 495.156085968018 608.34578704834 489.709991455078 514.325401306152 606.367221832275 567.920463681221 458.490821838379 664.219299316406 587.39288187027 516.484283447266 613.657476425171 504.060836791992 566.248372077942 579.575059860945 500.122741699219 575.594219207764 701.517646789551 677.615517616272 646.996099710464 633.876240730286 642.217990875244 532.031951904297 504.21919631958 550.601556777954 647.50560760498 607.893714904785 580.196071624756 601.02526473999 592.242941856384 713.29566192627 602.514181137085 629.14323425293 570.002109527588 456.210647583008 586.285449385643 490.663368225098 429.381881713867 667.469089508057 693.574645996094 830.356018066406 726.520416259766
540.906071662903 426.103691101074 491.87572479248 657.885932922363 479.610988616943 496.833160400391 496.338130950928 657.643295288086 341.25813293457 462.934837341309 707.041244506836 523.83472442627 468.340049743652 511.610168457031 558.811169147491 620.702186584473 653.500823974609 558.407432556152 486.151405334473 405.285797119141 530.335117340088 492.35424041748 545.941997528076 617.498092651367 552.709487915039 642.632645606995 780.904915809631 626.664953231812 696.97855758667 534.484535217285 653.559883117676 469.621871948242 560.607577323914 601.094860076904 598.672517776489 555.247644424438 588.410598754883 504.261695861816 566.526588439941 664.016845703125 488.105445861816 616.506813049316 445.114212036133 620.576501846313 521.31713104248 625.813030719757 625.929653167725 770.967834472656 720.196464538574 935.119262695312
612.342617034912 446.866775512695 518.288051605225 668.69474029541 559.219514846802 601.814624786377 644.085945129395 641.653385162354 366.631225585938 540.552450180054 659.641792297363 526.015075683594 538.262237548828 555.636332511902 709.815032958984 610.89234161377 488.86882019043 448.014190673828 543.266815185547 466.484710693359 545.305644989014 533.453701019287 489.178344726562 701.018901824951 603.246282577515 557.501388549805 806.784620285034 644.489347457886 554.170722961426 539.9372215271 550.304935455322 565.166126251221 552.789752960205 644.933853149414 422.273147583008 556.817459106445 556.388517379761 568.029750823975 491.558059692383 569.797866821289 657.163757324219 659.889656066895 617.720244169235 695.325084686279 636.55643081665 575.8483543396 655.99885559082 692.727294921875 776.392684936523 630.182589530945
650.635620117188 478.050270080566 502.387676239014 498.22838973999 610.9111328125 485.002429962158 523.112831115723 419.50700378418 529.25846862793 618.17395401001 551.359840393066 541.104354858398 504.281448364258 494.902702331543 661.799621582031 632.220905303955 560.501663208008 525.433784484863 546.5625 425.264175415039 606.785388946533 430.733520507812 607.297130584717 556.352039337158 533.731372833252 632.523342132568 638.124492645264 673.57014465332 581.332046508789 466.101898193359 584.478034973145 826.400451660156 743.141860961914 610.589139938354 645.63200378418 591.409381508827 608.756223678589 542.850734710693 518.382278442383 572.855123519897 666.254570007324 630.036121368408 564.103636264801 617.479353427887 564.725914001465 571.722878456116 682.337997436523 592.075918197632 602.605672836304 705.473243713379
585.429489135742 655.738656997681 563.36400604248 518.482948303223 645.480331420898 480.407783508301 540.647226333618 542.815330505371 485.12622833252 497.599418640137 463.010093688965 667.520652770996 653.918846130371 505.885047912598 556.593914031982 473.201683044434 402.115570068359 430.165802001953 679.221843719482 456.330688476562 639.183219909668 552.104923248291 648.351596832275 530.430046081543 669.103363037109 665.066055297852 553.368881225586 486.600387573242 579.097671508789 675.202308654785 626.495326042175 844.90788269043 667.499381065369 725.726272583008 783.925827026367 579.46257019043 589.451705932617 549.154035568237 664.235855102539 456.644332885742 624.356090545654 546.974960327148 758.920486450195 709.90283203125 551.305763244629 584.303936004639 489.410568237305 547.293613433838 752.529266357422 618.247910380363
613.078468322754 577.285285949707 712.407958984375 553.893044471741 592.734636306763 595.549758911133 508.234596252441 501.355113983154 519.766891479492 500.907676696777 558.057378768921 488.545433044434 445.114151000977 523.043216705322 414.249618530273 410.564315795898 392.203460693359 321.764068603516 469.298332214355 561.69469833374 586.800945281982 546.818572998047 485.869430541992 546.061538696289 633.037483215332 755.745529174805 601.793724060059 414.498428344727 543.499092102051 553.422233581543 613.373977661133 668.718235015869 766.776779174805 627.587596893311 809.001991271973 801.637130737305 628.571134567261 559.436937332153 529.666046142578 559.465839385986 680.129283905029 629.679412841797 810.636871337891 793.511856079102 714.112869262695 690.08145904541 656.854385375977 741.115127563477 743.426712036133 637.093788146973
497.502250671387 553.924378395081 695.64852142334 673.158569335938 547.935738563538 651.340240478516 702.855819702148 605.250228881836 551.392286300659 407.175354003906 443.379447937012 535.009811401367 420.849990844727 483.781433105469 482.990577697754 490.622253417969 497.718799591064 471.54483795166 578.266896247864 500.488670349121 598.134666442871 540.77893447876 756.842102050781 509.680274963379 611.561840057373 576.494510650635 468.125335693359 579.522703170776 517.50634765625 707.987434387207 617.366373062134 547.684600830078 705.052261352539 661.57283782959 569.860572814941 707.223476409912 645.012916564941 704.295364379883 670.367244720459 570.769454956055 703.270998001099 755.797912597656 635.283143997192 687.393239974976 687.692287445068 638.574948310852 499.478942871094 739.367622375488 653.936624526978 609.586486816406
630.783996582031 613.972785949707 683.854598999023 597.353065490723 429.471565246582 450.058982849121 636.326293945312 632.484760284424 650.688896179199 470.777015686035 504.677856445312 468.39616394043 450.969436645508 586.267802238464 616.43338394165 546.874025344849 590.356906890869 474.270217895508 627.038589477539 565.140868067741 618.47437286377 639.434761047363 669.71272277832 694.708137512207 600.432880401611 485.488418579102 458.683441162109 298.935943603516 617.55401802063 485.727527618408 608.383014678955 625.146096229553 704.708446502686 684.735683441162 589.259656906128 400.108856201172 772.286331176758 671.741937637329 658.280807495117 604.96781539917 598.856819152832 579.855220794678 625.658737182617 818.821984291077 721.128454208374 590.540214538574 748.949562072754 635.068870544434 887.242935180664 733.935668945312
519.60961151123 571.734568595886 545.259746193886 567.066316604614 695.313598632812 524.647678375244 562.233068466187 582.4460105896 688.212089538574 540.65566444397 554.354667663574 444.97583770752 577.999774932861 567.040287971497 656.652900695801 642.341865539551 612.134246826172 543.377914905548 578.646663665771 530.462291717529 518.056350708008 543.050436019897 510.231887817383 655.309928894043 899.664459228516 716.037307739258 480.984100341797 352.333450317383 474.927459716797 539.81413269043 443.454666137695 579.714078903198 553.479688644409 673.166436195374 565.082969665527 636.861771583557 622.75276184082 555.370079040527 710.710205078125 620.180149078369 608.316295623779 701.950202941895 698.496459960938 808.804527282715 633.299179077148 641.390410900116 575.140727996826 937.192932128906 777.746398925781 690.568515777588
460.734939575195 505.153402328491 440.984161376953 527.534044265747 486.666694641113 429.920150756836 622.671314239502 553.643763542175 616.938571929932 564.519233703613 485.412712097168 507.098308563232 606.75016784668 609.842163085938 670.602233886719 624.947647094727 552.361769199371 532.499959945679 398.006866455078 557.332857131958 599.273834228516 568.539133071899 611.1315574646 632.469394683838 754.662338256836 822.057968139648 433.175003051758 365.078369140625 466.217163085938 466.732040405273 604.32808303833 613.861654281616 624.173013687134 598.379220962524 605.972295761108 628.028440475464 858.562652587891 611.78863286972 730.871658325195 597.833127975464 556.32438659668 612.276519775391 710.612403869629 710.361061096191 510.612426757812 659.739381790161 679.510093688965 784.800201416016 710.805946350098 560.417890548706
367.744491577148 475.165328979492 515.903396606445 661.158988952637 620.91967010498 592.385635375977 585.56138420105 508.994400024414 514.586296081543 510.483390808105 573.483538150787 521.086334228516 492.434562683105 603.229315519333 567.95395565033 471.221466064453 566.476766586304 536.850965499878 461.704277038574 592.655904769897 484.029373168945 566.514289855957 664.037330627441 609.032970428467 598.880651473999 659.669960021973 510.878242492676 430.891815185547 489.310981750488 531.42993927002 594.759485244751 564.157821655273 610.7478120327 596.058475971222 577.55738067627 631.81322479248 619.705513954163 490.603080749512 514.479766845703 533.853355407715 591.314357757568 610.189702987671 665.163662910461 776.772201538086 811.378692626953 674.674419403076 756.689514160156 744.944580078125 668.596588134766 660.893796920776
491.667057037354 488.477989196777 409.061065673828 527.544551849365 619.373245239258 727.173034667969 656.592323303223 573.385040283203 487.834159851074 642.024909973145 620.645393371582 571.81355381012 430.051971435547 417.739379882812 457.383766174316 475.874351501465 600.200004577637 613.068279266357 441.625091552734 469.017097473145 461.264854431152 430.336883544922 527.210720062256 554.350761413574 587.119490623474 533.346099853516 538.918016433716 536.506153106689 526.29833984375 605.431318283081 563.315120697021 563.146642684937 686.533515930176 581.890644073486 491.847213745117 583.61395072937 557.572498321533 545.560562133789 563.17174911499 536.49405670166 419.396530151367 566.038913726807 608.132667303085 681.450500488281 775.16584777832 753.455528259277 616.033960342407 596.023447036743 580.017929077148 596.540939331055
