simdem/realisation62.asc
NCOLS 350 
NROWS 171 
XLLCORNER 152620 
YLLCORNER 418050 
CELLSIZE 100 
NODATA_value -9999 
[rows 22 to 43 of 171, columns 100 to 149 of 350]
530.700763702393 460.997039794922 476.170127868652 474.011299133301 718.844277143478 604.538131713867 702.951549530029 640.706733703613 668.54273223877 602.546737670898 916.42466545105 691.939308166504 457.287475585938 895.22146987915 716.380706787109 569.520441055298 592.542907714844 611.996780395508 574.777465820312 708.689476013184 1026.76108551025 841.163818359375 508.775299072266 383.848190307617 334.376129150391 545.060977935791 394.918518066406 423.266105651855 576.383947372437 611.629711151123 585.582092285156 777.699615478516 636.42039680481 638.002305269241 508.836868286133 580.826831817627 587.141120910645 611.840158462524 699.390800476074 656.657921850681 488.238174438477 649.388073444366 468.139465332031 510.609367370605 661.596683502197 630.063676953316 503.718536376953 532.457672119141 591.431257247925 629.075147628784
454.133819580078 615.568386077881 648.369445800781 507.177207946777 560.248329162598 852.123199462891 514.623825073242 603.879203796387 690.754390716553 712.085273742676 1522.753074646 527.869705200195 501.392776489258 1017.05152893066 434.80224609375 535.228286743164 773.180145263672 447.304306030273 563.871124267578 653.070350646973 758.91870880127 516.208061218262 1027.85620117188 855.314041137695 474.96533203125 669.396419525146 532.437908172607 522.476005554199 632.029750823975 528.900894165039 524.168327331543 549.059989929199 668.56819152832 658.787029266357 623.456048965454 805.256927490234 774.028366088867 721.647804260254 708.401252746582 545.255004882812 588.216087341309 659.659786224365 557.216316223145 545.291091918945 563.840616226196 502.810905456543 486.08154296875 575.948551177979 642.009605407715 602.243214130402
556.361854553223 583.911228179932 557.863723754883 622.421607971191 512.906677246094 751.074432373047 495.014511108398 681.298149108887 570.634788513184 488.038208007812 559.390472412109 853.436553955078 593.96452331543 647.894180297852 473.376953125 699.828880310059 418.264404296875 477.947402954102 624.682067871094 854.301864624023 880.056342087686 608.140804290771 488.358009338379 592.978507995605 711.49681854248 589.730316162109 465.904022216797 438.630035400391 538.623615264893 602.126989364624 464.251396179199 531.966979980469 612.890622861683 731.586556613445 758.685737609863 876.146209716797 809.952362060547 578.670658111572 634.155146598816 602.739929199219 616.603063583374 695.664154052734 490.316215515137 632.37445640564 428.801544189453 522.671096801758 601.995473861694 685.143814086914 601.751987457275 553.359771728516
533.064483642578 663.246185302734 670.092987060547 686.197608947754 398.886840820312 421.152893066406 852.113693237305 1073.49217414856 528.008018493652 847.009368896484 752.147354125977 835.22004699707 887.442687988281 926.562136650085 804.60636138916 1086.27615356445 492.879989624023 589.319831848145 581.37802696228 716.802024841309 1656.02105712891 763.025756835938 595.791345596313 537.170967102051 648.070756912231 454.368537902832 430.72770690918 409.101181030273 508.342216491699 636.165618896484 547.269933700562 663.36287689209 576.941368103027 840.563381195068 788.206878662109 901.768157958984 591.540102005005 689.844131469727 634.231990814209 607.339904785156 573.191986083984 600.247035622597 413.31217956543 497.201515197754 647.687049865723 735.297744750977 615.637886047363 548.826779127121 669.95645904541 618.859691619873
577.204954147339 576.440738677979 931.706871032715 534.11109161377 599.191848754883 491.529373168945 452.410125732422 608.245697021484 1184.20920181274 757.262428283691 676.968391418457 671.675231933594 763.462310791016 643.48747253418 940.346698760986 748.281402587891 557.872611999512 697.783279418945 852.671314239502 615.019992828369 1269.79883575439 716.663206577301 654.236099243164 464.636558532715 601.953009229153 673.722198486328 542.004463195801 474.737609863281 597.474006652832 649.42113494873 544.509751319885 466.378967285156 570.817903518677 566.681615352631 715.19066619873 690.525436401367 680.352638244629 723.696105957031 578.106626033783 629.627624511719 584.796707391739 462.129737854004 530.018966674805 594.174034118652 516.975486755371 626.247131347656 584.458990097046 646.186561584473 770.673217773438 574.214944601059
362.374359130859 579.534475564957 714.629959106445 581.933026313782 1006.28694152832 1106.6877746582 607.861465454102 496.115966796875 683.02939414978 905.001498222351 624.751335144043 754.627363204956 500.657775878906 469.696578979492 547.042686462402 984.954833984375 1375.29727935791 546.409167289734 656.142955780029 619.356307983398 453.975997924805 640.915042877197 526.744468688965 470.724060058594 698.35498046875 374.299362182617 491.577499389648 512.282258987427 494.990497589111 644.325378417969 477.972869873047 467.443534851074 445.231903076172 491.724063873291 635.926536560059 596.423976898193 637.278392791748 517.023422241211 634.276885986328 540.449722290039 511.811546325684 658.082740783691 575.371908187866 443.051940917969 650.780632019043 611.226203918457 595.771953582764 635.488655090332 688.123306274414 484.522331237793
489.039836883545 876.607128143311 363.574905395508 605.052188873291 417.123184204102 588.977516174316 565.83256816864 394.766616821289 688.031410217285 543.907234191895 758.638900756836 650.7497215271 454.576736450195 674.822494506836 860.08374786377 459.452255249023 461.054229736328 975.574920654297 1127.24098205566 495.124298095703 539.067630767822 551.901821136475 507.084484100342 465.167083740234 494.157249450684 529.503395080566 601.91902923584 497.41919708252 452.212799072266 488.457187652588 479.516410827637 560.757272720337 525.472846984863 486.184295654297 544.442170143127 559.500456809998 627.703338623047 675.671974182129 521.057556152344 553.609954833984 462.249740600586 496.950042724609 456.984977722168 525.366647720337 509.581447601318 605.730239868164 473.910919189453 522.553200721741 638.05126953125 434.080093383789
439.582633972168 468.768867492676 544.819629669189 517.032829284668 597.362945556641 544.555355072021 540.068153381348 352.687255859375 565.487106323242 492.25936126709 925.070125579834 699.153312683105 831.144451141357 952.23653793335 641.690536499023 382.604049682617 470.15113067627 458.267990112305 469.092697143555 469.367580413818 453.868392944336 569.272483825684 639.398384094238 540.568996429443 634.084770202637 646.733869552612 579.235450744629 570.687088012695 502.13941192627 435.019248962402 401.042831420898 563.04701423645 528.733208656311 576.269317626953 565.870895385742 577.275421142578 488.943466186523 582.450534820557 632.968002319336 472.995239257812 449.465545654297 586.335502624512 410.038452148438 587.383584976196 552.418661117554 645.580467224121 484.097190856934 388.640441894531 554.968996286392 491.407928466797
795.213260650635 537.342628479004 418.147445678711 690.566635131836 680.781517028809 472.228500366211 524.182579040527 572.945346832275 469.364822387695 775.363037109375 521.207550048828 482.980133056641 561.135828018188 689.630256652832 573.568647384644 832.652709960938 422.644744873047 475.030502319336 490.821105957031 513.141151428223 522.388427734375 528.833156585693 760.277252197266 648.002616882324 743.769058227539 1698.40077018738 530.904852867126 605.58731842041 494.62452507019 477.277130126953 559.601139068604 461.292518615723 470.788246154785 607.060050964355 497.798820495605 665.16340637207 508.033890008926 625.74303817749 534.233390808105 537.724982738495 464.608276367188 598.1594581604 641.068382263184 580.447105407715 581.441150665283 514.775470733643 644.947128295898 489.519214630127 521.207286834717 481.664833068848
478.587947845459 454.413047790527 495.011436462402 588.367007374763 1197.13732147217 561.046894073486 483.522850036621 361.264495849609 558.23176574707 571.679032325745 570.089206695557 807.016044616699 617.815032958984 559.44290214777 584.476535618305 716.331185340881 542.358253479004 454.219383239746 522.733396530151 503.824180603027 486.925636291504 515.37459564209 516.324331283569 494.174808502197 539.17242026329 533.254638671875 290.589447021484 409.803558349609 462.241683959961 410.119400024414 564.775844573975 484.095977783203 394.561874389648 500.203399658203 482.285648345947 629.01050567627 664.548751831055 564.225629806519 494.692077636719 523.83936214447 492.111175537109 522.807057380676 520.799613952637 690.912536621094 442.617401123047 483.498165130615 478.837295532227 628.731559753418 619.58589553833 623.294784545898
440.680511474609 309.817596435547 441.462944030762 547.6916847229 558.247161865234 496.389640808105 391.806427001953 1001.51235580444 1140.00341796875 485.104797363281 567.459674835205 676.018754959106 770.677684783936 523.681453704834 598.871299743652 489.918243408203 487.610294342041 590.304515838623 506.644790649414 547.995753288269 451.931602478027 458.767097473145 527.635508775711 479.013204574585 409.543678283691 416.330200195312 337.656631469727 552.420787811279 372.450172424316 460.783538818359 597.285682678223 484.052656173706 430.156318664551 477.799144744873 379.130996704102 469.619983673096 520.38682281971 660.385543823242 446.232189178467 324.337539672852 376.613647460938 449.991973876953 445.289215087891 552.555311799049 472.897262573242 440.429725646973 377.800933837891 647.158233642578 582.273963928223 567.903137207031
505.107979297638 474.027687072754 436.098258972168 394.890899658203 424.354930877686 383.983505249023 332.929214477539 363.504089355469 661.582214355469 417.042541503906 600.113849639893 544.535358428955 537.366022109985 873.459747314453 535.51336479187 358.790664672852 486.839904785156 498.511598587036 669.819793701172 475.542392730713 429.968017578125 548.941034317017 468.214538574219 591.903587341309 526.137773513794 622.311080932617 517.694086074829 483.965629577637 469.101121902466 470.435503005981 462.275442123413 361.992233276367 473.107688903809 538.119262695312 579.358737945557 497.492568969727 509.797087669373 658.679428100586 440.859252929688 514.720263004303 528.703300476074 505.002247810364 693.433807373047 507.851661205292 498.962776184082 485.042976379395 539.512342453003 618.35737991333 532.277801513672 443.873237609863
448.254028320312 569.849182128906 453.951873779297 510.53448677063 523.391590118408 473.683261871338 437.073280334473 466.503753662109 453.008255004883 383.455871582031 530.31063079834 384.518371582031 433.694496154785 412.377182006836 448.446952819824 406.834182739258 448.294555664062 648.332214355469 475.65601348877 511.102577924728 507.234083175659 507.174632072449 533.483028411865 421.198081970215 499.473606109619 584.325508117676 490.149141311646 521.99810218811 504.282733917236 352.552001953125 471.380369186401 340.922378540039 445.525707244873 493.530683040619 414.242866516113 336.99348449707 445.426860809326 448.284767150879 480.895196914673 503.521775245667 631.425842285156 586.978691101074 528.667736053467 544.777765274048 428.814552307129 391.599380493164 505.981962203979 535.572226524353 485.026947021484 568.373804569244
496.676019668579 509.750141143799 416.709278106689 505.144207000732 609.769912719727 537.013595581055 524.798641204834 582.978218078613 598.009231567383 538.877048492432 582.136919021606 527.444496154785 510.678560256958 511.694385528564 446.896427154541 487.024530410767 490.91003704071 482.443428039551 494.445175170898 517.440221786499 536.92370223999 481.64919090271 511.54475069046 526.62974357605 587.819557189941 327.235366821289 307.301818847656 603.150024414062 510.965400695801 391.341484069824 374.178230285645 510.439435958862 448.187114715576 545.050750732422 510.725484371185 384.479217529297 440.798461914062 509.714993000031 452.351165771484 520.433948516846 602.40404510498 365.533248901367 556.563957214355 577.268207550049 470.224189758301 541.284006118774 483.12585067749 562.527181625366 518.786819458008 371.605987548828
479.656063854694 579.615837097168 622.81135559082 567.408157348633 612.770156860352 660.863388061523 597.710334777832 630.903686523438 528.105314254761 512.335388183594 572.420372009277 588.338928222656 638.671096801758 594.708480834961 537.49267578125 515.96409034729 498.559817314148 339.177490234375 551.363014221191 518.172576904297 554.870452880859 578.05330657959 546.13159942627 471.634582519531 442.236492156982 400.023719787598 507.962173461914 442.505054473877 571.675636291504 439.09130859375 450.007518768311 378.858711242676 371.628517150879 440.163307189941 582.011894226074 456.176212310791 514.107887268066 402.26390838623 576.998588562012 506.82866859436 572.839721679688 468.6125831604 489.641979217529 538.645122528076 424.296455383301 579.10717010498 497.970491409302 606.985877990723 542.674976348877 509.963321685791
417.213062286377 572.198928833008 472.380376815796 317.315368652344 473.193578720093 443.993545532227 597.034782409668 621.260986328125 550.112106323242 596.498764038086 533.985980987549 590.534957885742 551.027053833008 449.818355560303 505.279941558838 458.113359451294 647.811126708984 451.558425664902 368.233276367188 651.022933959961 524.948509216309 577.854904174805 413.61815071106 464.040102481842 576.307243347168 638.384796142578 540.42488861084 424.137229919434 444.744915008545 480.327762842178 422.430477142334 486.130508422852 540.556747436523 559.683547973633 615.450973510742 395.060592651367 417.971809387207 509.515975952148 514.715288162231 539.831527709961 540.614414215088 428.160018920898 585.065956115723 574.869995117188 543.0234375 545.52716255188 593.969879150391 657.209548950195 568.425586700439 559.987293243408
414.200061798096 539.661590576172 383.07884979248 464.763129234314 485.459218502045 388.98299407959 685.744338989258 662.651504516602 600.564414978027 571.604431152344 603.552337646484 542.255081176758 513.08044052124 595.478485107422 436.458749771118 479.57221031189 447.66711807251 445.89284992218 372.936309814453 427.666458129883 522.137176513672 501.593385696411 485.486454963684 558.074043273926 600.618591308594 536.235664367676 508.453090667725 399.093963623047 471.712594509125 550.338577270508 503.754899978638 470.406687259674 433.826183319092 499.585746765137 504.836608886719 398.543998718262 345.025497436523 393.972663879395 412.682258605957 356.090881347656 315.095993041992 422.904541015625 558.095924377441 499.315294265747 399.040061950684 545.307317733765 582.777290344238 498.059017181396 554.298609256744 602.53031539917
398.252349853516 475.4368019104 393.95637512207 500.445434570312 372.251251220703 347.15926361084 524.456497192383 628.485168457031 712.935180664062 617.466018676758 472.006133556366 498.968364715576 497.660045623779 651.998397827148 549.14867401123 465.713334560394 387.589767456055 433.719749927521 435.206916809082 469.074866771698 548.356964111328 494.469493865967 517.00689125061 518.759273529053 544.141693115234 350.67765045166 420.064842224121 444.472745895386 493.616780281067 436.890117645264 504.898326873779 467.214387893677 400.362434387207 469.628244400024 465.084304332733 319.24430847168 444.55880355835 482.861435890198 470.847671508789 406.05224609375 302.950759887695 515.374891281128 505.199652671814 558.855884552002 447.309814453125 432.451301574707 577.224773406982 399.693740844727 553.345906257629 521.289192199707
378.683494567871 424.133531570435 447.075912475586 512.978179931641 499.088703155518 420.861629486084 516.375640869141 691.619003295898 687.507461547852 565.830902099609 382.109489440918 416.913619995117 391.845275878906 527.01148223877 566.737442016602 468.925141811371 572.179153442383 453.741398572922 523.660057067871 472.277888298035 499.991821289062 583.72437286377 467.674723625183 548.927574157715 531.477169036865 451.134960174561 352.925491333008 317.035934448242 432.790874481201 642.647720336914 434.474702835083 394.48112487793 404.298038482666 449.697204589844 570.016723632812 358.093460083008 475.28533744812 547.577697753906 448.695350646973 433.943183898926 446.368465423584 485.071300506592 479.339483261108 621.69962310791 570.449966430664 509.644412994385 504.262912750244 457.291366577148 538.150954246521 581.26912689209
422.112410545349 511.553207397461 623.475479125977 509.601745605469 509.41593170166 503.824224472046 570.891937255859 546.757110595703 494.120891571045 507.780815124512 561.204650878906 587.118133544922 409.098770141602 472.396908044815 455.767143249512 367.455459594727 521.637664794922 385.304832458496 415.803855895996 452.311185836792 278.200225830078 434.849029541016 469.009910583496 469.505266189575 466.575798034668 417.39916229248 251.002944946289 301.672470092773 366.134910583496 548.844100952148 612.67399597168 425.920948028564 444.171710968018 323.39225769043 334.807739257812 422.0393409729 571.843124389648 549.368270874023 482.262674093246 436.300346374512 512.512084960938 531.955921173096 618.464363098145 675.155471801758 581.185668945312 515.338691711426 387.502655029297 597.58447265625 613.934783935547 606.670902252197
486.144237518311 480.911697387695 572.693496704102 417.984146595001 474.23451423645 629.229125976562 536.126983642578 421.853034973145 585.250991821289 585.131927490234 506.704265594482 480.896495819092 474.592675924301 393.890335083008 429.373527526855 350.841300964355 464.761917114258 394.523490905762 327.530776977539 531.047115325928 526.429752349854 436.394317626953 438.109363555908 404.841445922852 470.086905956268 443.505260467529 295.434188842773 188.177795410156 366.719009399414 530.132678985596 673.400772094727 278.91242980957 398.361228942871 466.655937194824 428.882995605469 371.49927520752 510.650506019592 564.167991638184 573.179347991943 483.213584899902 426.2763671875 597.13404083252 594.270393371582 572.896003723145 544.005554199219 540.254283905029 466.901626586914 576.597621917725 523.439664840698 734.595428466797
403.231990814209 438.891445159912 456.310030937195 415.822794914246 496.568405151367 645.646026611328 541.088371276855 654.960311889648 494.827651977539 464.758476257324 487.054500579834 305.96403503418 355.103561401367 365.268615722656 300.164352416992 370.453674316406 507.21079826355 486.816598534584 513.878650665283 614.434219360352 590.095100402832 483.432807683945 444.242362976074 519.061697006226 599.313858032227 469.649696350098 280.720794677734 270.231811523438 409.961410522461 422.018867492676 673.911026000977 473.277066230774 505.395348548889 474.696605682373 495.527264118195 503.46382522583 440.379547119141 567.795631408691 512.042734146118 433.032539367676 437.134559631348 433.192199707031 546.560487747192 593.580299377441 586.389335632324 465.061416625977 500.710662841797 521.254215240479 499.751092910767 496.853176116943
