simdem/realisation27.asc
NCOLS 350 
NROWS 171 
XLLCORNER 152620 
YLLCORNER 418050 
CELLSIZE 100 
NODATA_value -9999 
[rows 44 to 65 of 171, columns 250 to 299 of 350]
683.951932907104 718.837187290192 879.391067504883 685.081283569336 775.261135101318 816.592491149902 786.052429199219 658.02897644043 655.739067077637 695.97204208374 677.055671691895 649.401153564453 655.051643371582 740.628330230713 796.507579803467 664.533012390137 922.103485107422 723.833698272705 555.791320800781 763.219095230103 849.082221984863 732.267435073853 824.927619934082 769.852532029152 704.481628417969 722.487037658691 897.57587453723 886.516602516174 878.029155731201 758.101818084717 776.637306213379 1030.14392089844 960.501708984375 772.01188659668 658.786697387695 802.859790802002 694.740539550781 956.401449203491 947.816335678101 995.296977996826 638.256744384766 803.455963134766 985.663619995117 956.759063720703 829.493097305298 693.835739135742 766.274360656738 835.714206695557 907.90763092041 930.260925292969
886.638076782227 872.165786743164 766.216133117676 682.739475250244 644.254585266113 799.145133972168 691.848846435547 653.203720092773 637.322105407715 757.614660263062 770.358550071716 873.808197021484 724.023866653442 646.201606750488 717.589305877686 758.230875730515 629.377334594727 743.752041339874 667.406051635742 717.606601715088 828.97087097168 744.094016075134 737.92018032074 677.716346740723 705.944274902344 778.747386932373 765.57999420166 649.27075958252 627.204284667969 887.955955505371 982.699243545532 878.904993891716 1061.07176971436 793.405239105225 786.790283203125 761.463195800781 815.871292114258 727.826324462891 1456.59646987915 999.74250972271 687.939529418945 994.733062744141 791.203567504883 817.640552520752 852.62389755249 719.420913696289 822.748970031738 800.652687072754 837.21409034729 860.51122379303
793.099063873291 709.255976676941 668.817775726318 648.538242340088 610.697105407715 588.0693359375 716.874647140503 886.142822265625 758.457809448242 826.69075012207 822.677680969238 718.737585067749 818.976970672607 673.990459442139 664.243041992188 739.396348953247 750.582637220621 810.904376983643 907.824039459229 731.523611068726 784.93684387207 848.684814453125 816.324722290039 709.235845565796 533.094940185547 1264.33810424805 704.298652648926 1058.64667510986 1069.11614990234 580.593124389648 912.077019691467 929.561721801758 727.330413818359 773.444892883301 1208.98584395647 1452.09139251709 1290.01797485352 768.749870300293 1322.13418579102 1310.16351699829 762.552909851074 718.135192871094 906.393005371094 817.986186981201 894.308059692383 927.820125579834 1382.63232421875 791.433792114258 885.710865557194 949.315670013428
852.234092712402 789.384437561035 698.580013275146 607.253791809082 596.461494445801 556.192077636719 676.440921783447 720.894813299179 670.905342102051 769.980476379395 771.080059051514 737.65863609314 741.909075737 697.101926803589 769.994951248169 728.491756439209 841.906936645508 846.152473449707 882.569717407227 773.92088508606 657.930183410645 770.996881484985 640.029525756836 656.64722442627 667.966728210449 913.098327636719 495.123809814453 1065.14797973633 918.444389343262 1282.56260681152 838.863525390625 824.736427307129 738.576171875 1001.96829223633 889.018595695496 1107.54023170471 1320.03100776672 870.725700378418 1092.95404052734 967.313430786133 628.701126098633 668.410919189453 1208.84011077881 880.354637145996 941.263635635376 891.505897521973 772.149307250977 911.050428390503 898.765832901001 909.446990966797
738.198393344879 724.452485084534 646.857341766357 587.436111450195 653.246994018555 746.519474029541 587.635177612305 741.484622955322 620.87328338623 795.764015197754 737.10618019104 691.759605407715 759.878399372101 805.423534393311 761.772042751312 654.160491943359 751.512379050255 697.235000610352 628.86888885498 686.482345581055 553.488265991211 679.731376647949 625.414016723633 808.537220001221 669.446922302246 443.361999511719 628.390434265137 801.121421813965 656.120506286621 1109.2125415802 1292.72808837891 556.187530517578 735.716156005859 754.484191894531 798.055534362793 824.547679901123 1198.57526016235 877.168884277344 1642.14921569824 967.648452758789 765.861824035645 713.181175231934 961.668472290039 760.046020507812 863.135759353638 906.391998291016 757.589736938477 1766.0283203125 768.753444671631 899.368431091309
675.92822265625 696.862470626831 710.372449874878 604.805885314941 578.700393676758 641.213851928711 646.694583892822 612.489212036133 626.940643310547 755.011734008789 670.854602813721 691.730262756348 798.733417510986 838.865432739258 740.154275894165 846.606239318848 770.414588928223 622.083274841309 876.051895141602 715.831343650818 719.394336700439 788.407337188721 733.495801925659 907.041259765625 729.14164352417 937.077194213867 814.891128540039 770.61051940918 655.417976379395 651.597579956055 813.003700256348 844.483581542969 779.563568115234 473.520935058594 1282.92356872559 780.536418914795 799.259605407715 793.007440567017 972.851615905762 761.981025695801 746.235794067383 773.212677001953 957.035919189453 1123.98414230347 712.446067810059 979.734191894531 954.994482040405 911.147607803345 943.413040161133 865.268173217773
707.367269515991 755.283138275146 567.004539489746 652.299842834473 779.49144744873 738.864423751831 588.106758117676 713.92412853241 607.523796081543 703.241771697998 690.924308776855 665.202266693115 807.708267211914 826.828491210938 776.594535827637 800.601417541504 759.941143035889 798.753860473633 670.4807472229 648.549644470215 698.612411499023 734.276817321777 853.878234863281 808.81823348999 978.461273193359 719.551406860352 809.280654907227 932.377328872681 815.88903427124 833.6809425354 997.705261230469 899.348014831543 593.199096679688 678.504241943359 879.415863037109 735.149345397949 835.142404556274 1339.06455230713 1003.43916702271 989.350584030151 1153.83423614502 798.447082519531 586.140762329102 828.674743652344 931.209004402161 821.824165344238 917.627336502075 1257.82499313354 1081.63720703125 881.627265930176
588.712539672852 679.332427978516 723.308364868164 724.89670753479 826.809867858887 792.945594787598 588.474617004395 813.478439331055 694.994592666626 649.749114990234 726.327027320862 750.631973743439 781.733291625977 876.675674438477 670.024635314941 626.745277404785 751.393573760986 908.183456420898 647.527366638184 720.021255493164 665.948760986328 676.409477233887 883.312110900879 906.191848754883 926.119644165039 884.491008758545 917.142501831055 699.872909545898 789.733478546143 757.236907958984 932.514144897461 982.090934753418 798.041778564453 1004.5237121582 930.683013916016 849.031692504883 883.325029373169 987.702911376953 917.815771102905 864.534126281738 921.064972162247 783.991283416748 759.54541015625 884.782945632935 1058.3413772583 826.39520072937 913.171310424805 761.410739898682 762.84400177002 845.499010562897
734.878997802734 597.575126647949 823.168113708496 656.744220733643 653.455833435059 781.685241699219 628.51390838623 594.294784545898 792.530906677246 814.585556030273 766.445865631104 618.80899810791 696.80673789978 677.682138442993 694.066151618958 567.304168701172 735.458721160889 874.171859741211 705.055286407471 643.421646118164 656.928688049316 715.838886260986 666.234588623047 707.137966156006 823.806350231171 988.736240386963 780.42845916748 779.426103591919 763.466342926025 611.508361816406 568.810592651367 619.72314453125 855.450531005859 1338.71547317505 882.517647743225 750.093467712402 1060.95571136475 630.499710083008 811.958221435547 839.75186920166 831.262785375118 647.39860534668 742.343978881836 792.882411003113 858.460807800293 862.41185760498 1354.87559509277 841.787313461304 722.68327331543 772.918060302734
490.53547668457 947.2969622612 911.269035339355 582.02555847168 580.219757080078 581.8232421875 694.047120094299 698.508550643921 771.084266662598 704.087478637695 1292.55908966064 729.508326649666 673.360633850098 701.814870834351 818.73526763916 1047.94633615017 813.067539215088 719.574550628662 718.490943849087 1682.45566940308 827.734024047852 425.025390625 687.690803527832 1522.78936767578 954.780410766602 633.480514526367 609.666610717773 706.800186157227 801.693189620972 769.901584625244 754.199239730835 920.989944458008 826.947639465332 805.202453613281 634.460479736328 1156.38235473633 705.968688964844 876.810394287109 692.626647949219 699.196784973145 1130.58142089844 648.012817382812 603.665252685547 646.396774291992 854.429576873779 926.633995056152 848.326488494873 787.279001235962 840.231113433838 657.082794189453
686.711668968201 754.179618835449 730.601745605469 662.21938419342 646.807792663574 705.337547302246 701.76139831543 638.202803611755 727.17160987854 750.18906545639 703.456790924072 1533.33153533936 802.105461120605 1099.25289916992 868.919921875 1549.34555053711 669.152824401855 759.713928222656 771.420043945312 505.625946044922 567.272033691406 251.726654052734 398.078094482422 892.974212646484 865.778217315674 828.419463157654 759.859130859375 827.764289855957 869.584220051765 693.561645507812 769.50271987915 626.52099609375 1026.53344726562 807.05591583252 849.922012329102 833.748672485352 1125.84655761719 738.81559753418 685.772445678711 706.010696411133 776.057647705078 774.727645874023 705.924530029297 910.766723632812 896.675994873047 966.594528198242 773.629009246826 809.864135742188 809.067905426025 679.161010742188
678.534601211548 705.014717102051 568.521026611328 712.10627746582 665.602550506592 629.206535339355 499.580261230469 1343.99794721603 737.431608200073 760.501964569092 692.494873046875 823.932327270508 605.112991333008 562.882904052734 557.074264526367 1428.64817810059 475.581756591797 1236.10791015625 684.047424316406 582.711791992188 1294.65716552734 1011.08239746094 1573.66586303711 766.954956054688 1135.81003952026 1389.97848129272 663.739364624023 707.018123626709 872.801948547363 707.706573486328 898.490997314453 633.099670410156 687.65845489502 678.815063476562 1055.75127410889 717.452301025391 1201.9816608429 1088.58810806274 846.129117488861 1125.27145385742 1346.57107162476 810.573654174805 1469.06804275513 774.848747253418 783.093614578247 812.681449890137 764.900833129883 748.185035705566 891.171522140503 373.619384765625
697.285734176636 682.176871299744 691.070600032806 695.016822814941 767.654251098633 638.19775390625 629.823501586914 660.802358627319 611.61393737793 723.938436508179 681.809453010559 680.936841964722 811.605997085571 716.49243927002 392.842010498047 577.287643432617 822.917205810547 662.630096435547 790.274738311768 655.81729888916 618.711349487305 549.826202392578 1692.13568115234 1838.72648620605 684.242935180664 714.203384399414 645.75080871582 679.666656494141 693.678131103516 786.105422973633 731.319633483887 773.933118343353 842.66615486145 940.374664306641 861.430751800537 761.472518920898 700.439551591873 1178.35334777832 995.669799804688 1182.58365631104 634.835556030273 695.865356445312 689.357353210449 796.876335144043 651.920059204102 824.575129508972 753.567771911621 639.964508056641 467.704498291016 558.460083007812
827.251541137695 657.001110076904 676.664890289307 641.319828033447 708.638963699341 629.54207611084 677.647362947464 773.597183227539 774.380874633789 687.737705230713 639.993892669678 698.899129867554 780.283699035645 667.174516677856 577.437812805176 599.399536132812 715.285675048828 596.492767333984 811.366927146912 709.889371871948 703.365684509277 653.518753051758 1200.26784133911 593.966827392578 723.388946533203 841.732654571533 793.885261535645 864.865531921387 745.383378982544 899.244209289551 951.020130157471 963.592224121094 1013.99188232422 967.310119628906 1071.47110748291 1415.70006942749 785.783687591553 747.007061004639 786.576038360596 889.891510009766 657.850082397461 807.70817565918 768.80189704895 726.767890930176 683.224113464355 739.908866882324 675.334289550781 646.382308959961 294.442138671875 790.778869628906
784.155433654785 684.319171905518 713.867645263672 627.682632446289 651.778533935547 548.77587890625 578.463882446289 657.851131439209 732.510929107666 646.857501983643 793.543746948242 706.23525428772 603.756729125977 592.634925842285 575.244384765625 663.690388679504 565.61181640625 667.434478759766 679.847319602966 760.471454620361 723.162635803223 657.095474243164 1035.4903717041 545.55436706543 995.401779174805 752.63444519043 634.295974731445 855.240280151367 783.284509658813 881.004669189453 736.251373291016 682.788208007812 716.30598449707 855.516082763672 801.545637130737 743.872692108154 747.685707092285 893.525959014893 868.023609161377 922.687217712402 919.081171989441 788.321296691895 742.431594848633 797.006464004517 647.033905029297 841.126331329346 741.644412994385 807.244268417358 814.802886962891 1868.88067626953
677.054495811462 667.01323890686 650.557111740112 698.430665969849 711.700028419495 671.398148059845 613.792831420898 739.278495788574 819.590774536133 649.423145294189 836.358001708984 623.824531555176 681.212536334991 489.4130859375 594.835121154785 596.723793029785 628.483528137207 689.012163162231 801.552574157715 1005.37545585632 598.936431884766 700.472885131836 819.537811279297 671.273109436035 759.663642883301 709.477355957031 641.692848205566 948.984893798828 743.664646148682 671.645370483398 819.378736495972 623.837982177734 688.034454345703 812.864730834961 894.442474365234 799.453205108643 729.748377084732 906.72827911377 986.300399780273 953.068359375 794.856075286865 691.272811889648 704.060066223145 796.306478500366 727.943641662598 710.150215148926 817.518667221069 778.719046592712 1321.35862731934 1513.69802856445
585.909141540527 817.558685302734 676.970560073853 701.957569122314 790.513008117676 713.966197967529 525.412994384766 652.679630279541 720.66162109375 652.975379943848 705.285409927368 563.52197265625 652.409755706787 644.140419006348 655.613731384277 686.316596031189 751.767230987549 795.57495880127 661.346733093262 651.639366149902 1035.5107421875 1099.37617492676 607.359970092773 653.648429870605 530.267593383789 834.27758026123 787.326293945312 788.54810333252 781.532631874084 934.816535949707 728.50274848938 626.432662963867 696.673044204712 790.986785888672 864.45735168457 750.428873062134 684.072196960449 781.363380432129 1140.25971031189 864.044532775879 848.695457458496 802.20219039917 733.136428833008 827.156318664551 796.861980438232 754.405172348022 838.95970916748 807.49209022522 611.118835449219 1318.75163269043
731.497985839844 762.34342956543 759.775321960449 816.478691101074 738.642776489258 638.309944152832 641.45408821106 717.747585296631 724.401035308838 716.736259460449 676.370423316956 586.159454345703 543.999969482422 647.60631942749 723.705930709839 618.177383422852 726.463262557983 702.64434838295 696.433904647827 542.063507080078 597.699279785156 619.990631103516 689.350482940674 643.43155670166 717.167731285095 670.261257171631 700.278205871582 782.58204460144 722.883352279663 1179.795337677 842.446090698242 733.666696071625 820.803657531738 826.686859130859 787.984680175781 775.895568847656 708.02185344696 884.871253967285 734.307764530182 793.689149856567 744.183674812317 751.330884933472 741.941692352295 816.354295730591 737.600101470947 783.653853416443 761.407238006592 677.56909942627 698.964210510254 711.873680114746
665.931403458118 639.586919784546 619.983654022217 700.093330383301 656.321607112885 569.395545959473 726.294116973877 718.06164932251 748.248016357422 775.240020751953 649.979785919189 616.219955444336 563.170501708984 652.940027236938 716.496612548828 658.480951309204 709.611184120178 571.15958404541 597.677597045898 602.583145141602 818.74761390686 726.745960235596 697.30912399292 830.359497070312 687.055725097656 623.574974060059 826.619361877441 717.605026245117 844.113815307617 747.722259521484 584.519424438477 782.064197540283 786.471027374268 837.340179443359 757.247997283936 630.365386962891 667.679233551025 823.409797668457 905.237411499023 738.064552307129 745.815153479576 704.942710876465 882.601600646973 969.051879882812 746.161245346069 809.911758422852 765.272927284241 708.888938903809 697.69458770752 688.141456604004
692.642362594604 687.390438079834 582.855033874512 610.618209838867 704.217140197754 557.439125061035 672.826230049133 623.88200378418 706.172542572021 604.734512329102 715.6233959198 538.654983520508 676.744714736938 730.586101531982 818.146415710449 704.574223518372 541.332809448242 617.491046905518 530.290740966797 752.853355407715 721.710941791534 751.740257263184 819.304634094238 760.774841308594 539.598892211914 607.143295288086 705.472298622131 735.844106674194 702.29158782959 696.266551017761 624.451705932617 646.572090148926 797.151218414307 885.238891601562 891.251846313477 784.921516418457 730.57705116272 872.507125854492 776.971167087555 658.86336517334 660.342613220215 677.023323059082 740.224388122559 840.868103027344 702.441925048828 773.155899047852 794.684162139893 768.21932888031 778.301211357117 758.36524105072
886.006240844727 716.997852325439 663.293573379517 721.660289764404 576.757171630859 805.587341308594 656.452712059021 495.201950073242 671.620782136917 699.345197677612 646.626274108887 734.638847351074 672.464646339417 823.189636230469 815.91276550293 654.766231536865 557.776229858398 659.048919677734 668.395437240601 794.104507446289 709.815460681915 791.296241760254 837.543586730957 725.043901443481 650.605701446533 586.940048217773 776.190696716309 832.265281677246 799.675186157227 725.119191169739 620.220069885254 644.600929260254 807.601058959961 823.136390686035 836.721454620361 787.690647125244 629.740814208984 707.180695533752 611.431671142578 660.887413024902 742.965067386627 721.427146911621 703.012882232666 739.270627975464 777.285924911499 800.803016662598 785.704355239868 779.821763411164 741.086181640625 625.075881958008
660.769344329834 620.787899017334 755.670806884766 603.241069793701 728.142190933228 610.504287719727 782.015747070312 586.482574462891 636.966873168945 554.428153991699 592.135879516602 666.054386138916 638.658824920654 782.514450073242 786.906921386719 582.849479675293 686.61346244812 530.760665893555 669.131826400757 691.384467124939 683.284603118896 585.157745361328 705.318813323975 704.997369766235 730.08440027386 835.997230529785 668.857048034668 685.75016784668 715.625593185425 784.714424133301 688.566818237305 709.717922210693 685.994613647461 610.726989746094 782.721298217773 827.161659240723 857.33056640625 720.694513320923 662.937843322754 718.527044296265 841.729469299316 731.050817489624 696.369018554688 870.381149291992 824.095623016357 783.248318195343 708.367511749268 664.251968383789 804.170425415039 842.586261749268
