simdem/realisation11.asc
NCOLS 350 
NROWS 171 
XLLCORNER 152620 
YLLCORNER 418050 
CELLSIZE 100 
NODATA_value -9999 
[rows 88 to 109 of 171, columns 50 to 99 of 350]
267.975967407227 380.868703842163 466.951099395752 466.974304199219 502.113143920898 448.170021057129 426.412631988525 289.327461242676 165.757446289062 253.057556152344 386.722030639648 284.15637588501 356.255682587624 370.788744926453 360.268505096436 384.661336898804 416.369216918945 357.660398483276 375.322024345398 365.570886611938 429.246681213379 407.12498664856 411.701694488525 407.725996017456 427.671514511108 250.663604736328 497.605125427246 563.986679077148 198.972732543945 432.616150856018 550.624824523926 503.815509796143 438.659072875977 508.720392227173 444.760570526123 545.163333892822 555.947200775146 572.403472900391 496.058567523956 515.490280151367 614.711422920227 -9999 -9999 -9999 -9999 -9999 -9999 -9999 -9999 -9999
327.230834960938 461.301740646362 550.207565307617 469.581665039062 505.71467590332 523.601844787598 462.045051574707 283.816032409668 298.253582000732 334.178772747517 312.794538497925 373.57300567627 407.074047088623 335.68701171875 259.036643981934 294.478309631348 458.190803527832 346.620538711548 372.672092437744 492.824890136719 426.463466644287 460.524543762207 444.866245269775 493.26944732666 444.516063690186 456.067241668701 506.017906188965 509.336669921875 404.908496856689 530.894630432129 434.822406768799 518.108711242676 402.988644599915 491.547973632812 613.562078714371 537.297912597656 497.701736450195 487.150133132935 565.887401580811 603.461582899094 -9999 -9999 -9999 -9999 -9999 -9999 -9999 -9999 -9999 -9999
895.228019714355 379.02197265625 506.288101196289 430.416912078857 426.810815811157 365.499950408936 287.135135650635 495.391098022461 357.219125747681 399.700332641602 261.933555603027 379.645154953003 454.691833496094 484.729591369629 417.461795806885 413.034267425537 405.558156967163 444.183826446533 439.611660003662 408.489246368408 437.69930267334 347.595397949219 382.817222595215 393.464731216431 439.997129440308 384.228061676025 386.69331741333 200.078521728516 278.927291870117 364.339683532715 444.044094085693 368.218299865723 290.499649047852 456.206496953964 807.271495819092 587.592741966248 554.750602722168 456.613018035889 615.91437625885 611.037216186523 -9999 -9999 -9999 -9999 -9999 -9999 -9999 -9999 -9999 -9999
462.624595820904 850.622032165527 430.089601516724 448.168815612793 444.534868240356 373.028224945068 400.355579376221 554.149375915527 594.610336303711 371.568972587585 238.125366210938 295.033485412598 404.170347213745 484.088829040527 413.275457382202 361.746620178223 449.696571350098 457.629573822021 319.858367919922 249.621109008789 428.453670501709 413.321962356567 474.853569030762 341.857688903809 448.836723327637 451.053340911865 412.062364578247 222.467300415039 321.625373840332 355.554458618164 432.34553527832 389.1809425354 381.018997192383 506.806701660156 856.488456726074 642.379058837891 519.726791381836 596.464378356934 456.869171142578 -9999 -9999 -9999 -9999 -9999 -9999 -9999 -9999 -9999 -9999 -9999
321.420936584473 469.107780456543 797.338195800781 351.174518585205 429.414873123169 371.412391662598 486.432121276855 417.859181880951 381.669452667236 391.776658535004 364.519762039185 422.461391448975 319.849472045898 346.049392700195 311.902885437012 395.807852387428 441.913135528564 401.135612487793 432.205670416355 465.63716506958 502.544139862061 401.995362281799 445.488544464111 443.747951507568 480.283393859863 368.162574768066 255.724029541016 314.963272094727 468.591896414757 393.683494567871 419.47830581665 468.398817062378 532.5671043396 671.650749206543 690.96607208252 587.515626907349 421.086517333984 628.997866630554 558.783676147461 -9999 -9999 -9999 -9999 -9999 -9999 -9999 -9999 -9999 -9999 -9999
334.692377090454 336.081357955933 400.618560791016 656.220275878906 216.068851470947 521.531591415405 352.122352600098 326.746192932129 333.217720031738 254.40478515625 283.663780212402 365.97013092041 386.532074928284 290.6357421875 361.581401824951 421.843933105469 365.733249664307 482.923271179199 473.573596954346 439.742043495178 358.629035949707 428.165587425232 453.341083526611 486.345024108887 376.061191558838 375.927261352539 380.781440734863 367.922210693359 458.938167572021 348.300758361816 267.304733276367 335.988922119141 487.053970336914 583.077484130859 643.594348907471 618.566082000732 510.996825695038 558.06876373291 571.016826629639 -9999 -9999 -9999 -9999 -9999 -9999 -9999 -9999 -9999 -9999 -9999
302.186646938324 433.289009094238 429.321802139282 454.43546295166 700.602481842041 480.609501838684 414.863031387329 313.48250579834 258.418365478516 369.77885055542 150.79704284668 251.049621582031 269.183280944824 270.534820556641 374.299510955811 405.906941413879 538.90323638916 550.696548461914 440.689502716064 428.048402309418 459.318309783936 435.667342185974 457.864958286285 363.315830230713 298.579818725586 444.096028327942 447.766234397888 519.157501220703 445.483592987061 373.804336547852 300.934494018555 415.19140625 433.559867858887 397.253067016602 549.496952056885 540.510782241821 416.142318725586 527.772750854492 -9999 -9999 -9999 -9999 -9999 -9999 -9999 -9999 -9999 -9999 -9999 -9999
375.949256896973 214.810852050781 306.089202880859 330.214294433594 387.146812438965 392.767295122147 549.481575012207 424.218957901001 460.245582580566 151.200622558594 231.442352294922 334.967544555664 342.923599243164 257.557075500488 289.237838745117 393.666971206665 349.769355773926 461.461879730225 654.560897827148 549.349250793457 554.763130187988 356.815963745117 330.196884155273 373.147087097168 304.894195556641 404.29810333252 443.057113647461 416.132289886475 553.33028793335 407.23388671875 485.514418125153 430.697479248047 437.505962371826 581.642025947571 491.176979064941 486.019981384277 402.511169433594 503.077095031738 -9999 -9999 -9999 -9999 -9999 -9999 -9999 -9999 -9999 -9999 -9999 -9999
298.560457229614 128.348999023438 242.89807510376 255.061317443848 555.94091796875 589.548515319824 668.062637329102 552.120155334473 377.28035736084 306.965660095215 367.225650787354 433.536277770996 299.140426635742 355.835060119629 339.923439025879 419.525221824646 355.807956695557 450.870346069336 498.390289306641 363.361358642578 412.68039894104 378.097808837891 415.997657775879 408.137069702148 266.359100341797 343.75212097168 440.301376342773 493.30560874939 458.399612426758 400.095951080322 398.485206604004 494.292278289795 415.374618530273 470.319595336914 591.421885490417 531.102725982666 491.292573928833 462.270050048828 -9999 -9999 -9999 -9999 -9999 -9999 -9999 -9999 -9999 -9999 -9999 -9999
212.670604705811 164.050430297852 176.507614135742 514.157958984375 448.837532043457 600.046115875244 626.388496398926 563.911788463593 340.460960388184 419.339977264404 345.771469116211 360.023239135742 544.371635437012 306.990997314453 371.201679229736 351.345558166504 355.051788330078 390.04243850708 459.406365871429 329.354064941406 425.608698368073 708.273040771484 294.436447143555 348.28483581543 448.870803833008 418.522939682007 446.093673706055 411.311027526855 402.378715515137 385.777736663818 388.917827606201 512.261085510254 872.68127155304 651.86474609375 506.170223236084 388.12474822998 552.767305374146 -9999 -9999 -9999 -9999 -9999 -9999 -9999 -9999 -9999 -9999 -9999 -9999 -9999
638.729019165039 303.088314056396 638.714138031006 505.853088378906 603.902282714844 558.023400068283 603.165729522705 635.31031036377 549.597515106201 466.642930984497 348.138290405273 422.739515304565 307.382888793945 329.42847442627 380.421546936035 482.034038543701 427.018975257874 354.157272338867 256.794593811035 323.474014282227 523.707979202271 489.96524810791 571.500780105591 388.559417724609 277.689025878906 679.167266845703 451.731813430786 339.511726379395 365.518928527832 723.770750045776 661.66096496582 529.67692565918 699.994049072266 507.870254516602 487.749240875244 483.476155459881 628.994049072266 -9999 -9999 -9999 -9999 -9999 -9999 -9999 -9999 -9999 -9999 -9999 -9999 -9999
699.958984375 657.924987792969 676.012023925781 637.911666870117 662.933235168457 593.96328830719 528.931198120117 581.686910271645 584.07253742218 506.488868713379 529.78121471405 477.183433532715 523.203220367432 425.315587997437 411.209075927734 348.167106628418 282.136566162109 341.940582275391 515.750877380371 374.707260131836 489.964614868164 528.753338336945 494.756408691406 438.181083679199 333.754318237305 564.086585998535 797.214897155762 564.016105651855 594.154079437256 666.64356803894 587.580539703369 635.729957580566 685.463116645813 553.68334197998 492.166287004948 548.429714202881 629.289512634277 -9999 -9999 -9999 -9999 -9999 -9999 -9999 -9999 -9999 -9999 -9999 -9999 -9999
661.703945159912 534.648323059082 582.480136871338 368.297653198242 538.702144622803 651.94548034668 566.606052398682 606.368851661682 547.422779083252 722.146392822266 585.959465026855 554.589823722839 605.065479278564 292.843231201172 283.986915588379 248.745719909668 305.842254638672 426.042419433594 529.122547864914 475.583648681641 491.783958435059 444.72981262207 484.70983505249 483.405494689941 519.843723297119 556.774522781372 549.290507793427 800.597183227539 792.085296630859 856.151885986328 830.516555786133 571.033882141113 540.387523651123 659.554634094238 590.152435302734 512.472724914551 580.970146179199 -9999 -9999 -9999 -9999 -9999 -9999 -9999 -9999 -9999 -9999 -9999 -9999 -9999
422.024608612061 394.059783935547 631.798256874084 624.537833690643 488.47607421875 536.39811706543 672.830474853516 657.641393661499 731.290191650391 650.51965713501 648.57981300354 569.769794464111 854.133646011353 394.625991821289 483.058668136597 671.651920318604 311.038284301758 436.518455505371 599.429092407227 737.435165405273 575.227642059326 381.404922485352 295.863861083984 571.184589385986 606.450351715088 514.840362548828 597.694847106934 546.924136161804 826.571990966797 791.805114746094 766.674339294434 573.683349817991 480.029955029488 462.255729675293 615.30048084259 533.583824157715 -9999 -9999 -9999 -9999 -9999 -9999 -9999 -9999 -9999 -9999 -9999 -9999 -9999 -9999
347.395412445068 366.796112060547 565.452125549316 620.89905166626 644.89755821228 692.84631729126 662.529152870178 560.920944213867 682.473983764648 542.181861877441 552.682167053223 652.072835922241 528.313385009766 546.580642700195 397.085227966309 316.635833740234 337.46452331543 251.051528930664 578.629541397095 525.251996159554 527.235347747803 370.813293457031 387.703506469727 622.957992553711 713.884208679199 533.199722290039 526.663372039795 581.778658866882 805.114105224609 648.398292541504 650.274185180664 538.954906463623 552.373239517212 595.535290718079 565.863296508789 -9999 -9999 -9999 -9999 -9999 -9999 -9999 -9999 -9999 -9999 -9999 -9999 -9999 -9999 -9999
404.418426513672 498.971481323242 559.296951293945 513.367130279541 615.395797729492 601.72225189209 573.830324649811 648.40588760376 782.561683654785 681.328010559082 537.049835205078 304.254913330078 397.094052314758 237.531372070312 398.557189941406 475.661952972412 282.490676879883 272.260040283203 421.169860839844 582.978771209717 586.958343505859 452.331840515137 539.511011123657 621.538280487061 634.25492477417 574.196823120117 413.98747253418 480.379755020142 537.223369598389 504.849617004395 442.065826416016 566.429905891418 596.000333786011 568.383358001709 -9999 -9999 -9999 -9999 -9999 -9999 -9999 -9999 -9999 -9999 -9999 -9999 -9999 -9999 -9999 -9999
767.688346862793 452.049066543579 310.655632019043 346.772338867188 385.96681022644 482.115844726562 480.245984077454 572.486351013184 521.017265319824 520.111217498779 554.133167266846 474.696636199951 474.563278198242 469.064868927002 469.560390472412 582.89094543457 627.772346496582 234.239929199219 524.269260406494 546.592236995697 717.05924987793 455.038040161133 489.41862487793 678.355949401855 491.827373981476 526.034801602364 460.578495979309 497.433292388916 570.353126525879 571.078910827637 680.078308105469 683.899948120117 570.092449188232 -9999 -9999 -9999 -9999 -9999 -9999 -9999 -9999 -9999 -9999 -9999 -9999 -9999 -9999 -9999 -9999 -9999
-9999 494.57084274292 909.495780944824 568.970405578613 373.675357818604 922.468154907227 386.048675537109 452.70272064209 454.688789367676 467.772430419922 468.915573120117 533.131591796875 384.098594665527 199.3505859375 361.582149505615 438.613655090332 385.254249572754 403.177743911743 461.988027572632 547.379112243652 664.374176025391 433.388440132141 441.556917190552 446.306079864502 590.144371032715 356.192535400391 530.423355102539 560.954811096191 606.108596801758 591.076148986816 645.288307189941 666.74243927002 -9999 -9999 -9999 -9999 -9999 -9999 -9999 -9999 -9999 -9999 -9999 -9999 -9999 -9999 -9999 -9999 -9999 -9999
-9999 -9999 -9999 -9999 865.721366882324 941.651268005371 484.756912231445 464.632743835449 885.648498535156 945.08194732666 682.99528503418 529.366355895996 434.864490509033 421.024401187897 334.568305969238 381.926750183105 503.226699829102 124.1881980896 120.970050811768 730.922897338867 628.969390869141 395.911766052246 476.427280426025 522.38790512085 421.515724182129 346.537521362305 541.960639953613 628.535362243652 457.171683311462 508.890762329102 -9999 -9999 -9999 -9999 -9999 -9999 -9999 -9999 -9999 -9999 -9999 -9999 -9999 -9999 -9999 -9999 -9999 -9999 -9999 -9999
-9999 -9999 -9999 -9999 -9999 -9999 -9999 -9999 -9999 938.764278411865 783.19221496582 726.369964599609 505.333290100098 301.05517578125 382.010860443115 531.044925689697 572.857706069946 34.1564025878906 261.864028930664 693.543487548828 670.797004699707 715.243873596191 669.486667633057 648.584133148193 614.889887809753 576.415351867676 621.528961181641 510.319244384766 -9999 -9999 -9999 -9999 -9999 -9999 -9999 -9999 -9999 -9999 -9999 -9999 -9999 -9999 -9999 -9999 -9999 -9999 -9999 -9999 -9999 -9999
-9999 -9999 -9999 -9999 -9999 -9999 -9999 -9999 -9999 -9999 -9999 -9999 -9999 -9999 -9999 -9999 482.925659179688 794.103302001953 1091.41044616699 985.934417724609 994.440322875977 824.473243713379 884.666332244873 837.160537719727 897.376815795898 -9999 -9999 -9999 -9999 -9999 -9999 -9999 -9999 -9999 -9999 -9999 -9999 -9999 -9999 -9999 -9999 -9999 -9999 -9999 -9999 -9999 -9999 -9999 -9999 -9999
-9999 -9999 -9999 -9999 -9999 -9999 -9999 -9999 -9999 -9999 -9999 -9999 -9999 -9999 -9999 -9999 -9999 -9999 -9999 -9999 -9999 -9999 -9999 -9999 -9999 -9999 -9999 -9999 -9999 -9999 -9999 -9999 -9999 -9999 -9999 -9999 -9999 -9999 -9999 -9999 -9999 -9999 -9999 -9999 -9999 -9999 -9999 -9999 -9999 -9999
