simdem/realisation78.asc
NCOLS 350 
NROWS 171 
XLLCORNER 152620 
YLLCORNER 418050 
CELLSIZE 100 
NODATA_value -9999 
[rows 66 to 87 of 171, columns 50 to 99 of 350]
550.440868377686 421.866714477539 436.220323562622 469.857546806335 432.476845741272 403.58581161499 399.65816116333 353.215255737305 441.614226341248 414.61608505249 430.292346954346 409.244258880615 391.111751556396 100.968139648438 528.185592651367 358.469758927822 429.585906982422 401.792572021484 403.712303161621 288.715232849121 294.377670288086 237.080200195312 307.963447570801 285.587203979492 487.764839172363 493.226058959961 249.898529052734 343.565082550049 294.821685791016 274.101600646973 317.528564453125 356.739219665527 294.348014831543 356.616241455078 449.952030181885 479.463829040527 367.282762527466 326.147689819336 430.881359100342 548.421005249023 499.090442657471 474.354835510254 343.905914306641 392.461261749268 428.8470287323 441.289920330048 489.876609802246 459.192871570587 419.151718139648 355.553703308105
493.768080711365 402.418144226074 437.22745347023 393.317707061768 299.064361572266 381.766666412354 456.448607444763 447.901596069336 429.636425018311 574.564575195312 262.044700622559 285.556999206543 314.281131744385 484.87760925293 464.591850280762 278.632583618164 312.685390472412 324.670879364014 386.473129272461 519.008255004883 432.591686248779 274.923637390137 318.511962890625 292.858825683594 506.880416870117 486.312553405762 489.652191162109 438.690113067627 491.049346923828 422.240432739258 414.319328308105 328.175277709961 441.384948730469 405.15957903862 497.706420898438 475.294914245605 322.484825134277 378.345128059387 454.957485198975 388.641967773438 545.821144104004 371.449638366699 432.251446723938 337.823196411133 550.437934875488 456.868985652924 537.873947143555 536.196403503418 255.008255004883 214.898345947266
557.102958679199 442.405281066895 444.782535552979 376.066543579102 260.014434814453 428.684345245361 430.205284118652 477.512504577637 422.490776062012 473.763427734375 383.062412261963 353.698061943054 313.789119720459 435.500961303711 310.004043579102 509.754745483398 316.897178649902 355.83052444458 404.473197937012 553.757537841797 399.471364974976 445.788047790527 427.19457244873 362.798059463501 368.865126132965 374.087326049805 427.680587768555 598.634216308594 631.078247070312 357.808759689331 327.894996643066 390.666230201721 350.249671936035 510.746772766113 506.697387695312 473.720001220703 344.825378417969 451.026256561279 497.675636291504 508.496459960938 505.809547424316 543.265663146973 404.935924530029 337.316627502441 478.197006225586 704.558059692383 566.957328796387 408.615859985352 373.825340270996 407.54700088501
427.446632385254 475.411504030228 444.970319747925 384.176399230957 400.292442023754 320.974174499512 501.219741821289 423.958850860596 247.259300231934 396.28076171875 326.614086151123 332.221843719482 295.436767578125 448.74781036377 374.782651901245 483.796043395996 325.679180145264 480.939533233643 395.822980880737 394.043897628784 303.776733398438 333.357387542725 309.651588439941 384.086342811584 393.813884735107 368.973733901978 414.045755386353 577.589477539062 601.854248046875 472.60799407959 340.025581359863 322.011131286621 317.439399719238 475.273284912109 426.566596984863 500.001091003418 486.924758911133 549.817016601562 521.824516296387 587.877395629883 435.811023712158 402.493896484375 448.610351800919 370.294624328613 455.508995056152 602.519943237305 488.03959274292 394.789924621582 422.662673950195 368.517883300781
365.530586242676 340.546394348145 383.76789855957 360.632057189941 464.000877380371 375.673557281494 376.079743385315 351.803985595703 267.977760314941 358.626204013824 395.695583343506 442.364051818848 366.75189781189 329.362727165222 373.832695007324 342.129658699036 419.738243103027 375.44340133667 472.993019104004 348.932727813721 399.182260513306 421.600332260132 263.894073486328 340.119426727295 391.845725536346 312.229270935059 462.903854370117 448.463905334473 481.206855773926 384.100629806519 264.047897338867 393.227870225906 398.369564056396 337.44246673584 525.101951599121 559.257751464844 472.487632751465 498.184700012207 588.096572875977 382.378147125244 451.68078994751 412.835565567017 467.066148757935 305.014770507812 385.287818908691 528.876121520996 335.076614379883 476.857231140137 492.641216278076 495.263233184814
411.250734329224 346.458808898926 231.663970947266 368.727863311768 321.10279083252 409.54821395874 361.659177780151 217.372604370117 218.736099243164 328.755952835083 501.009353637695 372.972990989685 345.547780036926 359.702730178833 393.622303009033 523.221954345703 586.885177612305 363.07320022583 437.655006408691 345.484600067139 403.822690486908 429.340744018555 521.911102294922 368.187359288335 363.80039024353 242.532623291016 449.832859039307 450.973083496094 463.58943939209 368.056697845459 234.644561767578 241.653533935547 434.008052825928 411.588500022888 407.013010501862 434.678525924683 419.208102583885 573.168350219727 496.598403930664 440.125194549561 439.065407752991 321.146018981934 284.364501953125 282.60107421875 488.811931610107 494.499404907227 375.65209197998 451.523461341858 449.78197479248 494.019151687622
502.973449707031 423.220405817032 415.9418810606 351.520526885986 383.673858642578 358.627871513367 291.114837646484 215.677734375 266.562767028809 223.273063659668 367.566934585571 309.800998687744 483.476303100586 349.326061248779 451.369262695312 370.881715536118 498.65364074707 353.262137889862 286.27685546875 206.821212768555 399.338535308838 323.500175476074 549.595855712891 401.176651000977 338.676988601685 235.736480712891 497.064750671387 325.646007537842 491.749580383301 498.250175476074 396.483654022217 415.626106262207 407.728477478027 371.845710754395 432.677837371826 476.439395904541 394.85209274292 304.251602172852 422.098547458649 311.105209350586 389.814514160156 266.735015869141 347.976570129395 272.870559692383 408.49435043335 461.518299639225 491.379453659058 498.02853012085 427.283504486084 549.470962524414
409.953151702881 253.864532470703 505.234352111816 515.926162719727 331.929702758789 317.49409866333 432.553451538086 224.173469543457 334.369401931763 324.693828582764 334.150375366211 364.964227676392 330.396432876587 360.225130915642 371.449226379395 340.358191490173 357.385007858276 200.709884643555 340.843437194824 395.005788803101 144.111480712891 342.722152709961 404.228828430176 364.425963401794 338.452785491943 325.274730682373 464.021797180176 385.134658813477 490.693946838379 321.400463104248 366.301072120667 448.221069335938 455.928520202637 450.734970092773 409.16331577301 498.471084594727 499.721870422363 373.26424407959 277.683334350586 389.239616394043 305.455856323242 290.655136108398 414.586444854736 400.525390625 382.561561584473 357.737564086914 431.117538452148 400.651779174805 412.597328186035 465.860759735107
208.428436279297 389.912631988525 417.658451080322 435.616428375244 392.325721740723 376.574695587158 381.450616836548 297.578109741211 311.633819580078 319.242553710938 423.141731262207 263.310234069824 448.938819885254 440.226776123047 378.998756408691 375.594136476517 443.054019927979 432.830144882202 300.588676452637 415.831939697266 485.470527648926 408.039558410645 401.994525909424 363.409663200378 351.064126968384 364.285880804062 415.768939971924 248.93733215332 389.029505729675 330.91104888916 430.026546478271 329.375713348389 386.873226165771 389.562124252319 475.190460205078 436.599395751953 283.674880981445 307.358123779297 419.32417678833 369.949020385742 469.956304550171 371.493782043457 463.439995765686 373.13362121582 331.612869262695 509.900336265564 424.781051635742 490.617956161499 517.934602737427 427.399070739746
325.804641723633 427.733871608973 485.411239624023 540.294311523438 419.586151123047 338.865071296692 331.592435836792 443.07698059082 343.220415115356 297.067249298096 265.074974060059 365.837684810162 520.629013061523 514.420288085938 265.553932189941 262.313957214355 443.858367919922 439.428703308105 392.944627761841 423.772422790527 363.004651546478 388.869840621948 397.846569061279 327.139921188354 377.295878410339 317.581836700439 334.953643798828 227.731246948242 339.16526222229 328.808654785156 444.214157104492 356.784339904785 281.198532104492 421.275743484497 431.529039382935 326.128234863281 442.625101089478 430.82196521759 521.187484741211 503.719020843506 534.615776062012 343.157913208008 470.31597328186 467.828604221344 449.738627433777 505.822345733643 543.725685119629 543.293594360352 509.738300919533 798.915046691895
573.232006072998 267.774398803711 423.621452331543 521.855651855469 649.838134765625 399.334655761719 399.840671539307 317.708736419678 471.205116271973 307.541648864746 283.635726928711 365.525261640549 259.946601867676 341.386108398438 317.854553222656 368.774310588837 454.835945129395 484.379425048828 419.086883544922 334.259281158447 261.794403076172 249.111022949219 439.271064758301 343.066022872925 258.946769714355 271.022483825684 271.980499267578 291.973571777344 348.702369689941 329.742691040039 339.353271484375 382.425743103027 322.142478942871 265.72021484375 357.838516235352 451.027076721191 532.418952941895 365.735290527344 439.416549682617 289.990112304688 459.504813194275 379.518089294434 583.764526367188 518.912666320801 467.270195007324 493.959352493286 693.010402679443 828.859081268311 529.792961120605 620.383401870728
420.456346511841 417.543933868408 288.216743469238 401.505165100098 564.802795410156 391.702989578247 461.212821960449 328.581512451172 345.976019382477 437.75700378418 436.611283183098 365.267798900604 248.806678771973 320.354190826416 389.867618560791 312.933624267578 308.07010269165 382.860921978951 382.421492576599 377.971130371094 345.476739883423 418.83638381958 500.271194458008 358.406873703003 299.011085510254 285.09236907959 311.340370178223 306.202911376953 287.941940307617 338.48348236084 299.221748352051 345.487274169922 315.46996307373 241.287582397461 427.431859970093 473.310064315796 428.025238990784 362.049980163574 335.502960205078 432.632404327393 460.160842895508 454.899490356445 437.789152145386 502.683937072754 550.76611328125 699.23583984375 660.536071777344 809.798910140991 458.697723388672 654.890764713287
477.34477686882 399.727661132812 375.397743225098 520.057792663574 438.401022911072 336.870468139648 336.552936553955 457.900604248047 446.417106628418 430.001861572266 371.856241703033 318.346649169922 304.491947174072 406.492008209229 509.863189697266 294.681934356689 382.148698806763 320.24097442627 300.382190704346 466.326354980469 506.991409301758 383.78034889698 524.718002319336 507.661727905273 294.343460083008 396.14077091217 535.156097412109 321.812309265137 413.559236526489 344.896823883057 437.273986816406 134.837524414062 318.299140930176 285.801834106445 408.751152038574 432.582313537598 514.319038391113 445.990180969238 490.38721036911 444.589538574219 517.082258224487 503.55845451355 444.704572677612 654.231117248535 648.933391571045 798.671295166016 524.598049163818 604.348342895508 569.787444114685 607.317852020264
380.077259063721 234.343490600586 248.485847473145 332.3376121521 498.403774261475 383.777389526367 282.237411499023 230.856628417969 389.216016769409 384.812427520752 449.26091003418 251.011375427246 339.28226184845 202.12483215332 471.744293212891 450.141708374023 364.719300746918 377.916358947754 337.530071258545 420.190341949463 379.577234268188 270.551139831543 315.863311767578 451.936279296875 352.244956970215 491.23233795166 457.929977416992 425.062421798706 371.356622695923 484.202568054199 375.326765060425 357.135753631592 423.512042045593 355.514022827148 481.230037689209 481.337938308716 517.309869766235 548.443946838379 404.686912536621 424.680931091309 536.431048870087 482.485759735107 917.766944885254 449.486946105957 542.764427185059 776.53678894043 622.418026924133 606.734981536865 506.864612579346 514.174728393555
432.88484954834 421.197853088379 386.872699737549 439.459011077881 310.975105285645 214.331893920898 301.11177444458 362.966159343719 340.474355816841 353.909299135208 421.782558441162 280.762557983398 408.13561630249 276.818290710449 260.672019958496 201.930816650391 406.927322387695 342.036550521851 345.653379440308 310.569267272949 304.209228515625 249.664047241211 378.773584365845 306.81071472168 283.969123840332 345.41951751709 326.708198547363 340.99507522583 337.039360046387 388.608021736145 391.330470085144 368.844123840332 531.570213317871 346.987335205078 463.405914306641 518.217674255371 380.65503692627 417.438293457031 529.32592010498 512.461454391479 488.410583496094 403.794616699219 770.236221313477 442.594844818115 523.096151351929 496.329740524292 712.095794677734 547.80376625061 528.47310256958 541.607542037964
277.974555969238 388.807048797607 416.395782470703 420.864780426025 439.59716796875 418.146129608154 412.945922851562 423.734359741211 349.583980798721 376.788318634033 425.967788696289 318.280139923096 399.096004486084 289.345760345459 222.797897338867 247.376083374023 290.041084289551 350.50109359622 278.168823242188 309.131465911865 323.994445800781 351.279679298401 416.900207519531 539.344413757324 395.208232402802 394.835653468966 376.855925559998 509.689743041992 280.657447814941 403.778542995453 436.454502105713 496.975624084473 440.333483695984 423.632144927979 381.067596435547 390.199462890625 455.086540222168 555.311058044434 630.403793334961 607.437557220459 791.158920288086 427.800369262695 629.425903320312 647.382949829102 475.764415740967 559.165119171143 608.665412902832 510.443471431732 490.061531066895 514.62217104435
323.92546081543 404.063552856445 454.284614562988 553.621566772461 333.253940582275 406.492420196533 390.156549930573 303.933334350586 381.472201347351 407.132171630859 334.169715881348 426.805763244629 479.621276855469 371.300965070724 247.392921447754 182.715621948242 305.849884033203 261.866851806641 319.363487243652 392.885120391846 407.449367523193 416.033687591553 444.901992797852 458.469615936279 348.013996124268 405.473234176636 408.352466583252 493.618659973145 459.915733337402 511.908706665039 400.257540464401 497.325119018555 317.434539794922 319.706024169922 368.660041809082 322.693817138672 493.205150350928 424.06201171875 647.958030700684 529.193878173828 508.769989013672 333.120712280273 410.636535644531 429.354370117188 474.73756980896 464.750583648682 527.516443252563 538.359474182129 493.468654632568 472.115203857422
414.571269273758 345.596467971802 305.729858398438 349.939842224121 292.954795837402 319.449947357178 345.230412960052 381.65336227417 199.617248535156 442.141181945801 369.776702880859 472.128349304199 336.29184627533 207.162780761719 307.000957489014 351.183337211609 269.948890686035 290.789054870605 334.287380218506 396.637435913086 502.666648864746 334.198722839355 366.678269386292 351.204231262207 441.953754425049 410.128925323486 466.697525024414 454.507461547852 497.62614440918 528.535789489746 498.716987609863 507.428298950195 284.863433837891 393.175598144531 405.927940368652 365.537185668945 373.393264770508 548.017074584961 547.371543884277 541.749738693237 531.33561706543 559.04141998291 487.278091430664 396.34952545166 577.835132598877 548.539688110352 524.197685241699 635.688547134399 623.813434123993 657.771945953369
414.381496429443 330.967834472656 272.631713867188 376.972778320312 330.670295715332 287.799808502197 277.778453826904 287.897506713867 256.485092163086 258.710601806641 404.754783630371 483.162368774414 419.350521087646 294.399044036865 371.205905914307 493.186462402344 380.460241317749 371.580456733704 398.291339874268 484.106674194336 470.594337463379 359.030969619751 357.738842010498 272.148635864258 396.262148618698 362.207580566406 416.075001716614 423.52388381958 511.641105651855 493.854011535645 404.95956993103 552.161506652832 441.025743961334 329.222351074219 402.883804321289 434.315849304199 515.215438842773 428.355804443359 351.754730224609 493.46569442749 492.125293731689 469.113620758057 685.320121765137 563.639484405518 725.811866760254 527.293762207031 581.733592987061 484.631652832031 603.198925018311 695.015026092529
491.169715881348 293.907516479492 442.135471343994 371.625194549561 305.23327255249 319.748931884766 339.565492630005 273.430465698242 239.950012207031 341.793308258057 535.15478515625 380.168724060059 382.338254928589 409.552547454834 558.432357788086 403.455490112305 287.799072265625 468.647796630859 305.946220397949 327.75958442688 413.08625793457 385.988430023193 397.429693222046 356.846237182617 374.780807495117 505.996246337891 398.684079170227 424.659070014954 431.481695175171 452.713445663452 481.970542907715 454.304643630981 473.926649093628 506.37624168396 583.909027099609 419.237197875977 430.51220703125 423.152679443359 337.120300292969 426.886425018311 520.140027999878 711.214210510254 755.275375366211 665.249767303467 607.56932258606 -9999 -9999 888.347276687622 737.810997009277 960.196365356445
351.250469207764 352.859775543213 465.815559387207 480.265983581543 482.238075256348 306.957420349121 330.413301467896 252.000953674316 355.758539199829 278.155342102051 258.833023071289 306.450263977051 379.064348220825 513.909271240234 351.230125188828 386.226041793823 348.977310180664 357.668246269226 373.803014755249 379.970746994019 298.369476318359 366.914434432983 378.332586288452 407.925065040588 464.874401092529 467.653762817383 476.364818572998 343.630477905273 340.109115600586 264.215133666992 216.273788452148 385.45414352417 442.473777770996 353.489318847656 424.598999023438 811.449275970459 564.298544883728 349.994552612305 458.381980895996 478.411520004272 580.383394241333 691.795547485352 -9999 -9999 -9999 -9999 -9999 -9999 -9999 -9999
268.814712524414 374.67561340332 466.613182067871 341.445976257324 368.606349945068 351.758003234863 239.501495361328 279.841673851013 290.617877960205 378.668956756592 396.211978912354 250.352672576904 415.452445983887 346.086256980896 356.99640083313 361.566762447357 370.973093867302 355.169211387634 486.378410339355 505.896156311035 398.972518920898 392.485915184021 412.760478973389 472.568557739258 602.728927612305 483.608428955078 527.398918151855 527.435897827148 332.478981018066 444.607582092285 359.682029724121 333.623825073242 543.826490402222 269.306518554688 309.226135253906 510.756034851074 501.663848876953 521.442337036133 461.469278335571 577.206399917603 559.766151428223 -9999 -9999 -9999 -9999 -9999 -9999 -9999 -9999 -9999
