simdem/realisation52.asc
NCOLS 350 
NROWS 171 
XLLCORNER 152620 
YLLCORNER 418050 
CELLSIZE 100 
NODATA_value -9999 
[rows 22 to 43 of 171, columns 50 to 99 of 350]
-9999 -9999 -9999 -9999 -9999 -9999 -9999 -9999 -9999 587.684211730957 527.988342285156 626.077590942383 751.582557678223 643.193477630615 407.779960632324 365.243728637695 514.153636932373 555.100008964539 676.212983608246 610.51309967041 608.587303161621 511.76416015625 679.910877227783 665.914150238037 893.620746612549 579.284530639648 515.403167724609 640.859080314636 631.260564804077 522.06177520752 598.205076575279 637.308795928955 549.321426391602 489.54035949707 494.355400085449 413.514312744141 457.27921295166 563.796911239624 500.396438598633 549.179504156113 524.823053359985 504.40380859375 1106.80525279045 628.543762207031 649.508853912354 729.157165527344 544.857788085938 515.119384765625 437.141410827637 1297.1085357666
-9999 -9999 -9999 -9999 -9999 -9999 -9999 -9999 767.25146484375 584.364120483398 574.129463195801 698.658794403076 762.533889770508 481.81517791748 342.13117980957 652.07950592041 707.187805175781 772.737411499023 606.566697120667 623.593880653381 493.319915771484 813.242897033691 704.411308288574 757.774307250977 695.734531402588 650.222822189331 481.410842895508 520.232479095459 498.574836730957 596.482250213623 533.611736297607 572.254867553711 442.713317871094 419.696807861328 543.165605545044 656.429557800293 489.235816955566 835.239433288574 683.697265625 1194.20350837708 828.181592941284 512.26668548584 382.599945068359 427.367294311523 547.827882766724 643.49783706665 590.459491252899 605.294143676758 463.598442077637 1162.23340606689
-9999 -9999 -9999 -9999 -9999 -9999 -9999 704.117553710938 695.521453857422 897.400959014893 590.600173950195 661.501838684082 483.862613677979 328.421417236328 342.907272338867 587.936092376709 768.042907714844 589.655872344971 556.435371398926 603.276557922363 515.913818359375 581.495292663574 574.808372497559 769.112007141113 686.882736206055 646.981342315674 633.933782577515 529.994104385376 628.802734375 1185.19474887848 545.449905395508 573.420631408691 555.2958984375 578.679161548615 798.323767662048 829.905776977539 603.586637496948 641.861825942993 645.770473480225 705.500213623047 640.668933868408 507.536064147949 398.090225219727 410.632629394531 364.636703491211 511.316314697266 606.419227600098 551.778735160828 503.868438720703 1036.16451072693
-9999 -9999 -9999 -9999 -9999 -9999 639.927825927734 551.692169189453 839.9404296875 861.357131958008 582.591655731201 562.730438232422 405.939476013184 528.979866027832 443.742000579834 722.36051940918 654.557548522949 559.296058654785 459.444290161133 660.376514434814 787.584426879883 719.261871337891 628.37434387207 634.512187957764 636.833484649658 391.923446655273 500.186100006104 1099.98742675781 612.171234130859 700.178203582764 608.78564453125 617.364654541016 571.811157226562 960.90896987915 710.880767822266 677.34020614624 563.365028381348 611.983992576599 629.931270599365 697.460014343262 584.981840675697 548.351162493229 500.302574157715 425.2587890625 619.390193939209 574.302485942841 472.037101745605 555.213899612427 697.796089172363 941.92854309082
-9999 -9999 -9999 -9999 -9999 551.914306640625 459.985763549805 205.975311279297 282.933410644531 604.277389526367 709.615783691406 626.533601760864 788.680507659912 666.250612258911 664.745183467865 678.827305793762 616.013053894043 456.744148254395 517.115905761719 666.31103515625 708.177555084229 654.352996826172 537.555980682373 469.070907592773 589.719646930695 752.819549560547 743.176937103271 878.641973495483 862.325973510742 730.153369903564 749.381341934204 550.071418762207 493.778778076172 537.987022399902 665.939514160156 663.238578796387 715.029159545898 513.969734191895 729.701721191406 553.564351081848 574.612058639526 579.921412467957 459.333168029785 571.736331939697 471.436241149902 382.186218261719 489.038536071777 656.856483459473 698.663284301758 802.390327453613
-9999 -9999 -9999 -9999 632.18669128418 622.218353271484 500.724445819855 513.575124740601 302.875259399414 619.290821075439 641.559586524963 698.575042724609 609.788496017456 618.959958910942 722.293525695801 837.285865783691 511.105854034424 444.578056335449 520.462116241455 489.224487304688 580.52675691247 544.210087299347 497.095569610596 868.024459838867 883.520805358887 781.560794830322 701.276947557926 780.543651580811 727.216342926025 727.049594044685 649.054977416992 527.894554138184 437.655639648438 477.569076538086 500.88020324707 587.88846206665 889.182235717773 519.148483276367 523.156856536865 704.04857635498 573.980483055115 485.775123596191 536.79393196106 497.888320922852 583.323246002197 581.694243431091 563.296610832214 608.759674072266 570.277227401733 528.248672485352
-9999 -9999 -9999 1245.58098602295 482.237808227539 492.902809143066 500.832633972168 484.5123462677 618.412548065186 669.229856491089 749.136227607727 588.481674194336 605.439451694489 540.645072937012 769.991319656372 669.28254699707 622.34761428833 662.480354309082 547.028528213501 429.867607116699 429.950805664062 331.661102294922 741.323394775391 641.838584899902 616.960606575012 614.943743824959 684.334007263184 614.314807415009 557.918809890747 539.6142578125 601.850524902344 613.750862121582 489.993942260742 484.247283935547 390.634429931641 484.805305480957 641.186500549316 562.314073562622 565.470815658569 413.480278015137 470.244018554688 441.192344665527 422.523445129395 478.279207229614 507.970064640045 443.922584533691 545.730676651001 584.548454284668 612.659160614014 712.50464630127
-9999 -9999 769.701637268066 1134.18968582153 286.12532043457 367.963531494141 687.857231140137 396.364921569824 623.68185043335 766.12287902832 662.738924026489 654.183805465698 598.314871788025 690.21647644043 663.455146789551 529.314960479736 746.52709197998 671.52897644043 997.807159423828 627.749114990234 1258.30878639221 544.063053131104 493.143886566162 650.200378417969 372.407379150391 433.755180358887 538.642265319824 479.326705932617 456.892475128174 489.842063426971 748.676605224609 716.135841369629 535.518762588501 506.258495330811 567.03409576416 499.767934799194 453.625518798828 528.409708976746 520.667183279991 437.465759277344 501.087279319763 376.50407409668 325.770462036133 535.451278686523 464.179893493652 449.700378417969 614.150360107422 591.969146728516 701.503768920898 817.524238586426
-9999 -9999 667.226169586182 1065.940284729 1012.81733703613 289.899337768555 521.360816955566 420.349670410156 680.652679443359 648.986854553223 458.139404296875 394.174278259277 806.328617095947 611.565925598145 836.115371704102 792.319290161133 655.989807128906 434.670387268066 1057.8078918457 714.69108581543 551.871845245361 534.095817565918 560.876224517822 609.70516204834 414.627265930176 485.647583007812 420.91570854187 429.83712387085 344.607330322266 402.427391052246 456.089157104492 370.342475891113 342.065612792969 383.966873168945 533.909507751465 454.496009349823 409.332492828369 500.793346405029 548.698093414307 443.287609100342 331.544540405273 359.844360351562 309.99137878418 410.116577148438 485.855373382568 492.576690673828 429.023429870605 509.071162223816 584.144596099854 850.858016967773
-9999 467.908233642578 656.265808105469 642.72486114502 604.106107711792 560.7119140625 475.622283935547 545.113983154297 585.435806274414 590.888809204102 605.841827392578 617.649196624756 588.66544342041 685.586139678955 654.176582336426 735.160011291504 604.601276397705 507.410364151001 554.255758285522 635.640022277832 617.292053222656 560.800488948822 537.739463806152 558.841186523438 355.537986755371 518.461280822754 439.743967056274 490.034133911133 315.094299316406 377.955009460449 504.916709899902 491.487089633942 480.320806503296 338.586524963379 344.103096008301 418.08288192749 372.069618225098 353.304565429688 486.823046684265 438.422399520874 454.553905487061 437.940940856934 317.566421508789 374.521141052246 394.033905029297 334.193801879883 473.25980758667 402.588500976562 512.569162368774 673.368377685547
594.072945594788 649.639548182487 627.551351547241 598.986623764038 732.908149719238 549.658683776855 538.436500549316 587.54239654541 526.921226501465 655.948547124863 635.204494476318 763.614711761475 633.407711029053 744.354431152344 686.606025695801 741.260177612305 513.016035079956 547.05846786499 528.293399810791 579.568222045898 609.557388305664 375.174545288086 350.567565917969 539.48217010498 365.649200439453 393.668212890625 474.772792100906 505.358097076416 366.929992675781 440.266361236572 465.175605773926 502.233329772949 439.05885887146 482.089668273926 392.919456481934 420.382129669189 375.799652099609 345.274353027344 547.604103088379 531.459167480469 562.179016113281 508.875452041626 370.070983886719 362.827941894531 259.056747436523 447.016616821289 484.837120056152 537.974514007568 468.245666503906 577.614078521729
608.771960377693 472.51554107666 431.60425567627 599.213609695435 630.02660369873 620.219890594482 604.425979614258 529.605857849121 676.14574432373 658.918488547206 629.364250183105 730.350326538086 603.931487321854 475.28243637085 716.33145904541 483.86724281311 474.415893554688 576.193977355957 536.940383911133 600.079513549805 438.782493591309 496.067729949951 462.116024971008 397.319450378418 264.525466918945 355.231048583984 427.378570556641 401.22770690918 381.887680053711 327.225830078125 447.181538105011 452.228188514709 536.934074401855 343.87769317627 481.034440994263 461.075813770294 411.337005615234 386.916320800781 482.956211090088 581.333190917969 675.427062988281 554.348958969116 448.879926681519 441.281692504883 465.924777984619 426.924411773682 421.585102081299 431.849864959717 473.764534950256 349.274978637695
551.94115447998 478.453596115112 409.000389099121 511.79496383667 554.486120223999 799.985458374023 639.141072750092 410.299583435059 733.482032775879 602.70866394043 638.944091796875 604.297313690186 572.291984558105 644.962524414062 505.429319143295 661.657576560974 429.069763183594 575.916801452637 448.186958312988 451.528644561768 494.136581420898 397.02027130127 321.716506958008 271.720520019531 433.022890090942 382.592239379883 334.923690795898 356.821678161621 436.189779281616 399.848609924316 348.205406188965 376.455955505371 378.476417541504 445.108818054199 474.932213842869 502.393330574036 400.096549987793 346.015441894531 404.949279785156 580.271125793457 568.154571533203 558.315435409546 447.973100662231 371.868026733398 530.828605651855 448.325750350952 453.130598068237 586.025566101074 525.139612197876 432.558502197266
481.505308151245 514.262326717377 560.066463470459 488.369644165039 407.776077270508 685.02857208252 492.254161834717 830.558135986328 608.275958776474 605.822277069092 447.575149536133 460.018772125244 574.948177337646 519.217522680759 542.232074737549 407.393447875977 519.709348678589 555.393432617188 461.833911895752 467.224988937378 439.933517456055 490.77956199646 425.599044799805 443.584682941437 462.718494415283 576.764923095703 448.075145721436 369.174407958984 357.928916931152 452.97565305233 503.662254333496 555.758834838867 371.514175415039 167.053558349609 409.813346862793 438.39744758606 453.035234451294 429.097986221313 311.371017456055 334.795860290527 485.903051376343 521.426036834717 378.862907409668 374.34969329834 329.039276123047 373.009384155273 561.904052734375 460.91361618042 423.245616912842 482.585201263428
633.970468997955 546.322250366211 459.509132385254 594.68635559082 631.273733139038 768.044860839844 723.437408447266 827.08166885376 748.893772125244 658.526458740234 287.568466186523 434.091651916504 295.800201416016 429.700775146484 439.556358337402 427.268913269043 555.963184356689 533.147607803345 627.808120727539 406.847427368164 538.700393676758 502.040924072266 439.104181289673 459.198728561401 380.690223693848 489.300228118896 443.562857627869 402.852027893066 279.211502075195 408.327793121338 483.370250701904 401.72953414917 487.259143829346 418.101711273193 280.381317138672 405.386268615723 311.430236816406 281.465621948242 327.023880004883 349.411750793457 354.142036437988 508.305854797363 539.35718536377 562.94889831543 413.857643127441 429.576580047607 376.551071166992 527.891597747803 428.405891418457 448.486927032471
569.94458770752 420.716484069824 502.041245937347 628.822240829468 768.706604003906 533.803260803223 612.139533996582 668.551361083984 751.085781097412 623.09529876709 309.599349975586 792.205032348633 489.496101379395 517.808769226074 559.251365661621 532.477602005005 591.333320617676 479.58447265625 462.314430236816 505.073253631592 508.733345031738 462.214974403381 339.918617248535 607.686767578125 488.064956665039 338.860244750977 280.61457824707 409.019817352295 418.476675033569 366.120761871338 466.296844482422 510.047538757324 519.641975402832 431.717818498611 387.575023651123 364.556533813477 293.738723754883 285.700775146484 425.09635925293 375.839973449707 448.758456945419 520.401435852051 658.362777709961 524.16788482666 530.887252807617 362.235668182373 456.272462368011 503.48755645752 404.1169090271 430.83177947998
492.076606750488 424.126247406006 506.348602294922 545.231803894043 582.502113342285 480.561870574951 614.071830749512 1175.84037780762 1081.98086166382 1075.60005950928 435.068450927734 424.704040527344 514.306677937508 517.79726600647 356.819107055664 507.756636619568 398.673149108887 410.121200561523 364.751049041748 456.311412811279 397.820373535156 471.902523040771 564.176361083984 475.272186279297 447.993698120117 279.583236694336 235.917404174805 249.216888427734 374.284358978271 439.146359920502 367.400108337402 483.149070739746 396.505551338196 368.465213775635 414.761281013489 407.020214080811 441.968932151794 359.193145751953 448.725746154785 391.244018554688 491.005813598633 372.263961791992 602.708053588867 439.891600608826 432.745946884155 489.598014831543 469.853289842606 413.111469268799 478.603332519531 410.9612159729
356.278450012207 380.677185058594 611.23427772522 730.822143554688 477.369567871094 482.528606414795 571.307983398438 680.250556945801 515.177558898926 666.770709991455 443.545722961426 541.831691741943 337.055694580078 516.666696548462 525.58477973938 470.230583190918 433.8337059021 480.039754867554 424.75313949585 519.982009887695 409.450740814209 466.375148773193 484.559757232666 387.831741333008 378.6640625 423.768129348755 325.172798156738 214.264602661133 378.752006530762 453.613395690918 570.784637451172 354.175483703613 284.374450683594 318.148864746094 321.159133911133 342.82364654541 442.898292541504 446.742454528809 496.33532333374 390.88497543335 440.382659912109 540.64114522934 417.714628219604 467.849184036255 471.789215087891 528.672462463379 556.876235961914 411.615726470947 497.618633270264 474.254192352295
357.688095092773 532.017059326172 616.471527099609 545.296722412109 629.839492797852 428.154736042023 505.151390075684 698.754837036133 399.593032836914 571.812156677246 466.079254150391 580.81787109375 496.952281951904 434.709396362305 491.820961475372 497.776033401489 419.479103088379 617.712142944336 549.207336425781 469.626592636108 539.486251831055 346.907135009766 283.641006469727 237.41813659668 407.053535461426 465.608913421631 290.23063659668 237.758026123047 349.085815429688 436.43275642395 414.299337387085 370.08264541626 350.469146728516 370.676528930664 281.754241943359 552.99658203125 454.067058563232 608.606369018555 485.051647186279 578.172660827637 586.578826904297 458.986391544342 380.866889953613 496.765787124634 346.513633728027 443.927654027939 462.666272640228 476.186470031738 430.89696598053 436.794894218445
567.026107788086 587.618984222412 486.909118652344 693.536796569824 784.777603149414 471.239573478699 468.621253967285 591.928367614746 537.209838867188 1034.43957519531 452.869834899902 546.171924591064 500.217300415039 604.992500305176 581.675025939941 435.215557098389 405.728248596191 522.011917114258 471.447757720947 370.491844177246 416.555105209351 412.353555679321 360.401023864746 398.639469146729 556.224060058594 515.690742492676 464.155155181885 431.896998405457 463.035522460938 412.6829611063 311.230621337891 427.266707897186 313.352905273438 326.43815612793 342.015312194824 545.347854614258 479.270141601562 482.881423950195 513.253616333008 581.240646362305 596.472045898438 408.949775695801 344.671760559082 506.452556610107 396.789852142334 335.525802612305 403.402725219727 353.531097412109 388.581809997559 269.828903198242
945.753555297852 1112.45320129395 744.282474517822 892.621238708496 625.240295410156 456.687028884888 432.438827514648 453.831878662109 405.067398071289 348.029556274414 527.435203552246 426.744178771973 449.548240661621 565.186254501343 615.743309020996 521.074617385864 460.65726184845 312.93473815918 461.330520629883 417.839588165283 346.342864990234 495.870819091797 508.059455871582 592.622467041016 432.298641204834 398.456068515778 562.252304077148 407.757001876831 414.299649238586 265.044342041016 487.20972442627 413.780904769897 360.05428314209 343.756340026855 450.350967407227 440.082836151123 527.661529541016 444.543734550476 540.390495300293 486.343097686768 490.90071105957 372.264419555664 261.204406738281 322.00456237793 336.367317199707 272.996459960938 282.806655883789 380.728294372559 439.093896150589 383.209354400635
681.812278747559 1048.8962097168 922.280410766602 911.346000671387 505.160362243652 410.234896421432 326.876800537109 335.745834350586 448.39192199707 543.705093383789 643.350331783295 393.419761657715 458.864070892334 485.451019287109 473.174243927002 411.609794616699 370.995483398438 561.287536621094 441.717173576355 457.015830993652 431.351864814758 393.198402404785 381.012199401855 227.805450439453 393.364963531494 415.07151889801 483.350883483887 313.027328491211 226.63346862793 283.603591918945 367.59935760498 479.00638961792 367.360145568848 459.890319824219 581.00471496582 421.165425300598 375.670738220215 441.966613769531 556.133506774902 449.961606740952 458.969032287598 398.987747192383 432.13402557373 283.039337158203 303.423843383789 260.808929443359 327.179344177246 337.435523986816 365.58715057373 406.020214080811
