simdem/realisation97.asc
NCOLS 350 
NROWS 171 
XLLCORNER 152620 
YLLCORNER 418050 
CELLSIZE 100 
NODATA_value -9999 
[rows 44 to 65 of 171, columns 50 to 99 of 350]
687.242099761963 760.667724609375 685.96085357666 954.980102539062 530.045555114746 602.268096923828 687.398010253906 582.512069702148 609.150527954102 586.861907958984 1079.93518066406 735.55876159668 651.13591003418 478.290432929993 457.67163848877 341.935775756836 324.070465087891 297.476699829102 416.789305686951 266.000244140625 332.858169555664 555.15486907959 449.882573127747 428.157685279846 416.405475616455 363.747367858887 389.423832893372 423.391753196716 355.206443786621 425.026925086975 314.886352539062 396.162883758545 481.444236755371 375.877342224121 332.03980255127 379.593883514404 329.745040893555 406.396793365479 278.019714355469 498.110076904297 462.888473510742 459.271289825439 274.240463256836 298.416290283203 249.482269287109 420.65227496624 559.936401367188 406.699132919312 381.044731140137 508.474998474121
673.58861541748 418.433044433594 606.565502166748 868.264709472656 660.161590576172 426.126159667969 686.568496704102 642.71240234375 658.13313293457 778.514999389648 655.358551025391 544.067741394043 504.801006317139 424.803359985352 345.957458496094 375.545509338379 415.969497680664 413.210634708405 297.165153503418 328.298439025879 306.637054443359 360.488616943359 460.486145019531 453.128700733185 450.861385345459 383.476711273193 421.954901695251 396.396675109863 362.52547454834 241.536743164062 313.55802154541 265.358489990234 223.296478271484 293.172119140625 323.484107971191 504.054012298584 443.610908269882 354.011421203613 337.228149414062 420.409872055054 546.98583984375 384.830284118652 358.765243530273 361.539684295654 338.129737854004 477.504968643188 423.531914710999 383.88525390625 384.388996124268 493.652481079102
476.072296142578 465.475257873535 467.203971862793 383.708755493164 364.516796112061 238.570617675781 710.445404052734 434.791573524475 676.269530296326 555.532106399536 623.829452514648 466.077865600586 412.19588470459 410.81169128418 408.446685791016 388.253730773926 506.977500915527 513.183052062988 494.245346069336 275.623031616211 300.860321044922 372.159961700439 405.415791511536 664.841567993164 678.822357177734 409.197604179382 333.587471008301 288.732872009277 376.108386993408 302.786125183105 274.302001953125 140.528259277344 187.984848022461 225.885772705078 341.184638977051 416.578834533691 431.222253799438 353.244720458984 392.326990127563 413.700404167175 291.996871948242 404.425849914551 436.181880950928 389.333242416382 355.571258544922 352.002838134766 424.607187986374 502.603591918945 450.312395095825 598.1796875
575.080966949463 456.519969940186 251.379730224609 179.742553710938 297.838012695312 415.907592773438 1082.44665145874 842.988235473633 504.142992019653 438.539611816406 433.041091918945 409.423629760742 476.920473098755 489.944067001343 491.611373901367 417.891216278076 502.849853515625 478.85217666626 482.152099609375 385.329867362976 448.450923919678 301.81615447998 396.3576618433 539.801879882812 689.221557617188 524.351547241211 376.193084716797 567.858795166016 553.266426086426 430.582921981812 379.7258644104 370.393455505371 259.59587097168 201.358474731445 320.23168182373 415.410551071167 371.322208404541 443.592208385468 383.58088684082 407.193759918213 526.66584777832 489.061065673828 366.043090820312 363.720153808594 338.867401123047 471.158660888672 407.116390228271 441.624628067017 406.455303192139 564.441596984863
264.583389282227 278.896469116211 253.223159790039 303.247787475586 290.938827514648 509.667358398438 349.154205322266 414.376121520996 480.367679595947 497.959321022034 588.529609680176 411.813987731934 456.618312835693 519.982380628586 467.558169364929 392.692237854004 328.529228210449 444.885551452637 384.571731567383 465.663688659668 375.651447296143 352.618324279785 447.312309265137 546.086151123047 450.30785369873 381.768856048584 484.343765258789 605.187271118164 399.293603897095 418.543922662735 471.804821014404 434.850801467896 504.819814682007 473.303028106689 366.967422485352 596.186172485352 419.089180231094 313.097640991211 223.377304077148 467.86111831665 503.189590454102 502.399742126465 474.456541061401 567.795188903809 466.496723175049 500.800426483154 499.960647583008 665.778656005859 565.267700195312 633.766799926758
395.425827026367 279.004234313965 441.816608428955 394.064598083496 428.005661010742 491.886575222015 499.802687644958 556.757598876953 503.433172225952 467.534639358521 552.805381774902 671.15168762207 405.190277099609 554.952796936035 459.648915290833 477.514049530029 318.683265686035 325.755798339844 399.770858764648 386.102090835571 439.877237319946 404.161040306091 467.549949645996 412.450326919556 390.084728240967 414.984600067139 400.947335243225 514.122077941895 422.349023342133 374.618522644043 382.227272033691 337.55493927002 469.010219573975 390.105667114258 329.018333435059 542.911056518555 437.842943191528 387.303844451904 280.665267944336 502.41845703125 646.19401550293 573.791397094727 442.107452869415 499.261795043945 579.038177490234 509.610675811768 490.560737609863 423.774639129639 418.847084999084 494.431831359863
385.261990070343 436.033176422119 459.307693481445 926.936317443848 418.544364929199 495.988475799561 689.361999511719 679.492172241211 552.202789306641 528.62459564209 390.765522003174 520.957641601562 412.128551483154 479.30410861969 385.568000793457 403.995380401611 384.432846069336 475.96399307251 445.269075393677 422.421670913696 495.307144165039 389.58438873291 393.121922492981 488.036083221436 441.915767669678 385.338310241699 442.555660247803 388.78089427948 525.707511901855 269.874450683594 398.698194503784 505.319839477539 532.462882995605 352.123893737793 448.182357788086 450.818832397461 550.514999389648 413.863981246948 419.142359256744 601.746032714844 391.830682754517 455.861526489258 507.146392822266 626.038757324219 582.476509094238 483.251026153564 484.801753997803 542.035339355469 490.668853759766 465.469651222229
609.645118713379 455.6474609375 333.519470214844 248.629455566406 331.396423339844 355.532852172852 526.003662109375 469.568168640137 464.455737829208 347.646583557129 462.627372741699 558.935134887695 506.604354858398 506.756130218506 382.661346435547 426.198933601379 359.578948974609 398.871225357056 293.402725219727 342.558380126953 452.105850219727 455.19401550293 414.820918083191 382.386241912842 297.819534301758 367.771392822266 432.253628730774 439.158884048462 368.429023742676 413.082099914551 380.045900344849 424.753002166748 369.740707933903 598.645614624023 557.561584472656 557.793609619141 487.460678100586 385.992670059204 481.721477508545 447.160839080811 445.933670043945 506.477235794067 532.228546142578 464.870409011841 375.277549743652 395.387823581696 297.258903503418 266.893341064453 422.908042907715 543.575225830078
536.119216918945 280.499588012695 846.190582275391 385.776504516602 299.890518188477 542.931652069092 397.277603149414 434.683444976807 501.87170791626 470.91610622406 474.47184753418 367.482177734375 436.802165985107 419.779505729675 352.361251831055 422.77827167511 299.816329956055 251.680877685547 357.445899963379 341.960800170898 345.511962890625 532.179344177246 477.612350463867 488.167724609375 348.789352416992 428.455602169037 350.498229980469 371.667617797852 477.855613708496 438.491321563721 318.14623260498 504.007202148438 542.119720458984 465.912445068359 507.692001342773 511.704437255859 485.884323120117 443.429527282715 429.226383209229 498.398796081543 368.339263916016 378.857040405273 439.577881813049 485.744396209717 543.737762451172 420.118051528931 281.101753234863 354.56481552124 445.401256561279 492.089019775391
498.7275390625 475.607521057129 500.106300354004 541.539657592773 382.47248840332 430.386985778809 334.927841186523 552.728950500488 476.51135635376 533.152770996094 450.165984630585 479.242691040039 554.016479492188 427.064924240112 444.737682342529 493.904640197754 369.259815216064 478.11181640625 462.786785125732 474.836910247803 264.306350708008 382.389959335327 446.794927597046 587.49690246582 530.510643005371 441.521112442017 346.207389831543 314.447494506836 374.871338605881 377.693023681641 330.581985473633 365.006065368652 408.668610930443 439.680477142334 367.417083740234 299.201522827148 320.330345153809 304.21607208252 406.133993148804 583.898056030273 485.953163146973 480.033599853516 499.744804382324 393.179971694946 324.511077880859 446.840177536011 403.946353912354 450.125373840332 356.455106735229 398.311698913574
626.018162250519 469.619022369385 534.546036720276 667.741112232208 471.185031890869 509.801277160645 543.367301940918 557.657958984375 527.071201324463 447.549236297607 507.40047454834 523.061870574951 427.999530792236 358.139427185059 453.277416229248 444.356460571289 492.052505493164 424.730979919434 400.715930938721 459.01965713501 456.808376312256 495.45059967041 480.617645263672 781.555160522461 721.712554931641 475.249015808105 430.171329498291 505.317672729492 398.942142486572 398.342971801758 517.050910949707 334.211387634277 424.823040008545 445.805358886719 376.320362091064 342.210678100586 338.37671661377 328.158378601074 550.630187988281 478.032272338867 418.688882350922 565.550399780273 528.218910217285 296.975280761719 360.334331512451 413.115831375122 382.585969924927 428.761178016663 438.742692947388 440.201795578003
634.311191558838 1259.14547729492 569.083309173584 556.591533660889 387.7578125 565.968734741211 522.507228851318 546.268981933594 473.696775436401 318.441139221191 313.97314453125 376.055141448975 358.700553894043 406.553889274597 447.563106536865 405.230967521667 393.919059753418 401.287128448486 400.409059524536 482.019134521484 560.745620727539 447.058650970459 554.125495910645 532.034568786621 623.872650146484 523.652191162109 496.701011657715 462.889099121094 406.558036804199 449.7438621521 321.11988067627 350.668354034424 367.869453430176 467.146514892578 397.071866989136 184.159683227539 202.194000244141 449.115200042725 273.635795593262 488.414306640625 510.083778381348 551.989120483398 313.039749145508 391.766894578934 450.653030395508 473.360370635986 248.776000976562 428.141374588013 606.450698852539 504.380599975586
513.594638824463 706.23828125 744.868927001953 678.867449045181 452.22590637207 503.214782714844 493.364233970642 539.253227233887 619.061645507812 398.310745239258 273.016677856445 353.358413696289 448.70206451416 241.500442504883 306.332191467285 397.306493759155 407.673602104187 417.769328117371 442.970310211182 453.04322052002 529.735473632812 465.303649902344 340.668266296387 340.450382232666 322.266498565674 385.212301254272 287.590614318848 273.207469940186 335.489888191223 449.449295043945 473.405715942383 271.769226074219 167.123291015625 360.338665008545 414.617389678955 376.571859359741 255.957580566406 358.616218566895 358.010108947754 440.767423629761 405.252339363098 528.53067779541 425.736522674561 454.568828582764 445.389547348022 508.066146850586 365.764575958252 516.237350463867 407.186115264893 535.93775177002
829.341171264648 673.117660522461 572.810267448425 387.053237915039 470.088150024414 605.641510009766 462.020988464355 720.322265625 452.271139144897 464.367462158203 449.752069473267 263.1328125 404.959871292114 373.906826019287 394.174732208252 379.48130607605 481.951244354248 450.524875640869 374.718585968018 350.401084899902 339.35018157959 311.512886047363 338.218419075012 281.623725891113 251.836845397949 333.947726249695 471.054138183594 306.840503692627 297.515127182007 354.115036964417 383.620147705078 294.482704162598 332.946006774902 425.082752227783 511.269592285156 270.665161132812 110.168930053711 272.9384765625 251.376983642578 410.277077674866 419.368005752563 380.184236526489 280.575012207031 392.804021835327 520.357620239258 471.588634490967 284.253173828125 336.949569702148 290.560562133789 385.270336151123
575.175628662109 587.522422790527 648.487840652466 470.61262512207 518.697360992432 648.466239929199 488.817830562592 497.95751953125 465.317302703857 546.700828552246 355.094734191895 324.268989562988 417.865707397461 415.373279571533 372.763517379761 365.798500061035 410.115779876709 411.99596292479 545.621505737305 401.038348197937 341.918643951416 333.522102355957 218.676277160645 300.726697921753 224.535354614258 387.383460998535 350.520370483398 379.376074790955 396.302270889282 442.126937866211 302.460891723633 382.392214775085 360.999462127686 535.360336303711 452.791915893555 370.045825004578 322.308967590332 292.039901733398 300.936614990234 505.325820922852 408.290992736816 415.952494621277 379.120567321777 356.515377044678 430.993421554565 464.949901580811 392.776767730713 350.857414245605 299.676544189453 360.590286254883
502.598598480225 467.601318359375 521.99796295166 577.387826919556 654.351413726807 507.658660888672 416.247093200684 486.916385650635 451.161371231079 493.037944793701 297.16104888916 250.688598632812 364.491430282593 314.813045501709 420.162029266357 355.83247756958 495.725639343262 416.635377883911 412.022754669189 499.301513671875 422.184509277344 298.029102325439 412.681518554688 387.94677734375 238.302085876465 271.299209594727 287.28540802002 328.306625366211 450.870086669922 386.706813812256 417.447452545166 315.258541107178 375.632321834564 532.271621704102 305.797340393066 366.130794525146 294.296993255615 386.335533022881 407.729179382324 452.463134765625 404.665532112122 403.312686443329 412.547986030579 283.486328125 321.412940979004 443.019802093506 394.398181915283 506.566276550293 424.438858985901 400.97385597229
388.098541259766 530.387474060059 535.502410888672 628.329010009766 689.804948806763 605.877048492432 600.925666809082 485.414698600769 456.137720838189 334.65950012207 416.559316635132 396.232258796692 392.062905848026 350.798408508301 559.350509643555 462.302017211914 429.469959259033 347.547302246094 602.822006225586 481.15157699585 347.76047873497 445.210693359375 519.147964477539 392.044427871704 305.812412261963 333.197765350342 388.50415802002 508.806983947754 391.903433799744 497.17992401123 434.687786102295 417.514089584351 221.564636230469 323.266059875488 274.971923828125 394.306949615479 248.283340454102 469.170715332031 461.821563720703 381.268018722534 460.701511383057 489.163307189941 425.264402389526 442.366659164429 534.9990234375 512.924362182617 651.157562255859 565.773941040039 353.849067687988 381.968933105469
540.91957950592 516.01798248291 563.575945854187 678.190734863281 643.531171321869 633.15701675415 665.3717212677 468.134773254395 409.785278320312 252.413925170898 417.420941352844 398.820537567139 372.1293592453 273.465591430664 446.458797454834 432.257726669312 342.223480224609 399.863246917725 549.994659423828 423.934881210327 314.336120605469 448.600624084473 405.274381637573 421.275314331055 342.667387008667 442.462799072266 365.781907081604 483.187202453613 470.484970092773 362.314407348633 254.08829498291 299.116519927979 381.617509841919 329.325832366943 290.838539123535 382.900566101074 330.588035583496 401.064069747925 371.749500274658 343.940383911133 442.077808380127 483.647361755371 430.063282012939 456.904516220093 379.870922088623 549.099388122559 548.708343505859 474.976722717285 400.590484619141 438.757593154907
446.079193115234 624.08324432373 524.057373046875 622.669637680054 660.005592346191 703.463640213013 744.506378173828 610.679824829102 326.959228515625 310.850738525391 404.158317565918 346.371898651123 402.232546806335 397.101734161377 455.091987609863 354.390121459961 356.068140029907 325.044841766357 431.076919555664 520.513473510742 246.183410644531 113.227951049805 377.422501564026 562.443267822266 440.148643493652 355.855730056763 310.335922241211 376.741708755493 400.267683982849 336.539861679077 316.735939025879 239.821655273438 268.608062744141 378.172765731812 229.663604736328 318.78874206543 375.837019920349 413.46190071106 420.961557388306 576.506469726562 479.177436828613 385.74552154541 493.735595703125 399.455263137817 410.840785980225 405.170978546143 495.137489318848 509.833122253418 378.14924621582 268.708541870117
490.921535491943 644.39453125 565.631680965424 551.797396659851 504.863327026367 613.21533203125 517.648422241211 401.310733795166 356.796188354492 390.798665761948 435.624997138977 415.138080596924 243.985717773438 310.40145111084 414.523921966553 448.812599182129 492.503540039062 305.814430236816 399.555683135986 235.338668823242 172.163848876953 325.549129486084 226.840927124023 361.656148910522 347.809726715088 402.482786178589 355.900541305542 283.391174316406 442.512031555176 480.819221496582 445.654602050781 438.434494018555 514.988296508789 473.093528747559 342.287410736084 352.140235900879 340.235988616943 394.612548828125 458.497207641602 569.780349731445 417.453817367554 272.470138549805 455.94499206543 391.604404449463 478.445602416992 455.956256866455 481.886348724365 505.711769104004 490.19966506958 291.327774047852
521.239940643311 530.448061347008 575.155160903931 599.985710144043 423.079437255859 580.291198730469 571.795280456543 348.448638916016 344.904106140137 341.586315155029 427.96205329895 322.19140625 386.350001096725 375.458792686462 399.728319168091 350.980628967285 333.70384979248 407.570659637451 488.032043457031 352.669816493988 337.933088302612 277.869163513184 326.293495178223 200.181503295898 361.689968109131 402.631355285645 231.387802124023 307.246620178223 370.974105834961 436.070320129395 477.320320129395 539.826889038086 534.637756347656 435.07251739502 314.207408905029 346.452713012695 269.551612854004 184.626556396484 290.14444732666 483.503761291504 475.174869537354 456.896339416504 428.015005111694 431.165409088135 349.971229553223 446.591734886169 370.07527923584 418.764121055603 393.186904907227 471.351036071777
483.222900390625 402.463005065918 483.681894302368 566.580299854279 371.109672546387 488.218265533447 414.636264801025 470.595893859863 360.624961853027 342.520027160645 373.438938140869 401.754191398621 330.68065071106 260.882110595703 309.624240875244 390.329593658447 359.125595569611 482.522247314453 536.884094238281 560.709899902344 375.393014907837 347.468162536621 259.844100952148 189.301208496094 475.509559631348 344.424518585205 429.153171539307 328.483894348145 399.855644226074 425.347919464111 227.274612426758 243.328308105469 351.730327606201 349.309379577637 358.484107971191 259.024887084961 335.152534484863 213.799926757812 407.03053855896 588.961715698242 536.985168457031 493.805335998535 413.846527099609 418.872177124023 529.64973449707 432.404870986938 406.112739562988 434.508089065552 397.811511993408 605.755859375
