simdem/realisation23.asc
NCOLS 350 
NROWS 171 
XLLCORNER 152620 
YLLCORNER 418050 
CELLSIZE 100 
NODATA_value -9999 
[rows 110 to 131 of 171, columns 200 to 249 of 350]
-9999 -9999 -9999 903.001419067383 610.530128479004 467.197357177734 636.354110717773 547.511764526367 662.871192932129 1050.84380722046 506.380935668945 475.981475830078 591.489105224609 726.873863220215 477.453506469727 416.623611450195 808.039440393448 637.366784095764 577.817405700684 612.2651014328 458.645065307617 523.981819152832 602.315765380859 604.243260383606 605.248302459717 488.294540405273 758.073684692383 635.648561477661 814.750579833984 746.982704162598 794.55126953125 726.398872375488 709.576341629028 568.929847717285 566.261909484863 477.249664306641 608.404945373535 634.642356872559 540.21395111084 478.025169372559 588.994659423828 527.204788208008 618.032440185547 815.904135704041 1219.43574523926 765.249542236328 953.748931884766 1333.3918838501 751.414867401123 906.198246002197
-9999 -9999 -9999 -9999 757.207092285156 580.450744628906 630.28568649292 635.668563842773 624.302825927734 843.945505142212 619.422763824463 597.364482879639 721.087013244629 766.299533843994 496.069778442383 519.80712890625 655.822069168091 691.160301208496 645.942693710327 647.629334449768 555.760467529297 679.343711853027 1312.52630615234 544.363933563232 534.053234100342 525.725555419922 585.504531860352 676.791770935059 770.393501281738 671.426834106445 725.136238098145 652.14635848999 595.540458679199 689.589902222157 589.705368041992 513.137588500977 678.095863342285 600.623428344727 536.912590026855 602.078220367432 780.457736968994 636.225894927979 753.540023803711 955.125778198242 684.983295440674 980.386116027832 998.481742858887 836.221115112305 697.697677612305 976.792869567871
-9999 -9999 -9999 -9999 857.396087646484 762.88257598877 785.109001159668 747.55855178833 822.165920257568 775.408851623535 588.243423461914 726.854150056839 708.379662513733 601.962020874023 567.812934875488 569.728157043457 485.874847412109 679.424991607666 680.995384216309 619.530115127563 687.49178314209 669.915000915527 554.624626159668 620.097919464111 623.861583709717 676.23669052124 667.387779712677 789.261016845703 666.301115036011 575.897270202637 602.424172878265 646.67578125 608.65510559082 739.496011734009 705.496942520142 734.184959411621 688.791600704193 656.447593688965 776.049518585205 841.584625244141 854.686372756958 712.841115951538 667.914995193481 992.86057472229 573.947345733643 863.080863952637 1024.42212295532 811.1591796875 652.567398071289 786.325992584229
-9999 -9999 -9999 -9999 -9999 807.366591453552 852.279724121094 755.550888061523 861.819961547852 767.745264053345 1315.3420715332 573.035079956055 693.094737052917 592.43798828125 589.387954711914 513.621307373047 592.697364807129 506.408630371094 683.081166267395 583.022430419922 551.43489074707 1029.03111839294 571.693687438965 612.432897567749 694.086250305176 578.083835601807 663.467094421387 761.488479614258 658.936931610107 634.665180206299 583.367261886597 708.067339740694 645.704982757568 605.918754577637 718.430634498596 650.225309371948 775.491516113281 676.814905166626 627.064468383789 674.168197631836 730.47297668457 755.847503662109 814.222576141357 711.360290527344 868.616500854492 795.659879684448 875.799205780029 1214.50503540039 683.457740783691 807.326736450195
-9999 -9999 -9999 -9999 -9999 777.385822296143 703.79828453064 648.362645626068 649.68027973175 717.555030822754 1228.15257263184 705.833724975586 781.519355773926 803.555778503418 825.271675109863 751.114940643311 773.145332336426 821.534439086914 514.478866577148 492.208221435547 1133.37254333496 697.203754425049 595.587242126465 499.916976928711 471.690246582031 608.731948852539 582.197746276855 758.62731552124 676.924671173096 652.755172729492 711.41868019104 723.72940826416 660.502735137939 546.563919067383 512.575119018555 607.000205993652 659.729780197144 636.578201293945 629.103904724121 550.770843505859 680.978187561035 862.138141393661 863.436878204346 640.97176361084 708.954635620117 758.123583316803 843.543231964111 881.80117893219 602.902923583984 676.983329772949
-9999 -9999 -9999 -9999 -9999 899.208067655563 703.666038513184 722.712509155273 562.842224121094 809.912986755371 845.012625694275 704.596508026123 649.263442993164 647.009923934937 678.1114320755 758.957160949707 839.3857421875 708.798927307129 498.935302734375 1082.2393951416 678.756649971008 685.376502990723 680.860628128052 704.679481506348 628.487827301025 686.17472076416 680.789054870605 764.225719451904 655.718814849854 719.286561965942 721.783699035645 623.362728118896 763.967247009277 453.580780029297 586.451095581055 665.711013793945 721.167869567871 632.912280082703 711.266843795776 727.584213256836 577.055953979492 752.699821472168 747.511981964111 986.470690250397 757.015247344971 711.381820678711 518.883483886719 700.454658508301 590.871719360352 774.295650482178
-9999 -9999 -9999 -9999 -9999 -9999 811.53670501709 913.588985443115 829.606498718262 540.935478210449 912.006103515625 959.159606933594 562.35863494873 528.261627197266 568.5732421875 610.840698242188 657.411056518555 620.309394836426 732.506652832031 531.479164123535 635.681324958801 664.075223445892 639.558664321899 648.680229187012 817.817375183105 899.581619262695 817.067344665527 722.300532341003 703.343406677246 676.633499145508 700.257195472717 679.734237670898 508.580017089844 552.881591796875 697.342655181885 751.113929748535 741.227058410645 743.426300048828 573.950485229492 601.820259094238 773.42546749115 778.797877311707 728.979030609131 667.566192626953 997.402404785156 976.979682922363 989.219436645508 939.508338928223 638.405166625977 901.155838012695
-9999 -9999 -9999 -9999 -9999 -9999 999.465560913086 1388.50496089458 1225.66946411133 567.016075134277 648.448098182678 737.883766174316 995.891021728516 617.147216796875 557.221420288086 518.125930786133 499.955337524414 616.173675537109 1231.9877243042 734.481204986572 760.797760009766 691.297846794128 777.840408325195 778.726066589355 678.123458862305 884.736907958984 681.592761993408 552.721832275391 797.251754760742 755.201923370361 933.511383056641 680.154205322266 658.511169433594 938.317768096924 1157.44453430176 960.180220127106 987.163835763931 875.772079467773 750.627937316895 859.788833618164 728.124680519104 653.439430236816 687.138069152832 660.005645751953 708.257419586182 718.438480377197 653.170639038086 789.703979492188 1127.59924697876 796.507579803467
-9999 -9999 -9999 -9999 -9999 -9999 -9999 964.952795624733 752.602661132812 729.185705184937 564.69743347168 681.299819946289 629.614486694336 747.122253417969 622.968139648438 481.062454223633 547.993255615234 1383.08288574219 584.47380065918 648.879554748535 701.859300613403 842.994033813477 644.303020477295 695.190994262695 743.405411720276 835.164436340332 708.432106018066 1057.69809341431 905.0807762146 695.252342224121 545.780448913574 746.055895805359 665.328151702881 884.620862960815 794.827262878418 954.112974643707 914.432838439941 979.587413787842 1205.99897766113 682.600271224976 696.411039710045 784.950778961182 816.962482452393 857.051109313965 752.394264221191 732.368283748627 822.91837310791 676.888870239258 710.093826293945 649.550003051758
-9999 -9999 -9999 -9999 -9999 -9999 -9999 -9999 712.824722290039 694.825653076172 589.595504760742 630.275131225586 637.110168457031 647.613426208496 586.750427246094 502.950744628906 1359.82528686523 623.583724975586 764.013065338135 612.847671508789 721.037992477417 783.265754699707 742.089742183685 708.051414489746 703.50016784668 661.993171691895 677.368339538574 627.050361633301 859.225897550583 610.761070251465 423.728820800781 585.795639038086 709.737255096436 1077.13905334473 835.555473327637 788.646446228027 796.715927124023 667.095489501953 962.842826843262 980.735193252563 772.012756347656 776.557147979736 743.167754888535 758.127746582031 711.370697021484 764.57612991333 730.023910522461 601.942946910858 756.855895996094 551.49721622467
-9999 -9999 -9999 -9999 -9999 -9999 -9999 -9999 -9999 1140.12727355957 1250.20650100708 1154.60414505005 617.018581390381 706.838485717773 587.550765991211 627.674743652344 984.592002868652 732.956207275391 611.337921142578 608.546188354492 629.22437286377 721.037742853165 672.961433410645 749.423599243164 649.385124206543 827.592946767807 659.778285980225 749.013137817383 910.922424316406 612.171747207642 620.257455825806 524.407468795776 660.301933288574 565.627605438232 708.66064453125 807.315315246582 800.541561126709 691.83317565918 924.269973754883 1042.01747131348 1232.8077545166 709.79577255249 685.537139892578 658.891662597656 628.491538047791 655.77970123291 607.09517288208 692.433288574219 623.465167999268 464.686882019043
-9999 -9999 -9999 -9999 -9999 -9999 -9999 -9999 -9999 -9999 920.436981201172 522.894866943359 623.238182067871 647.80274105072 653.743492126465 741.353515625 713.189865112305 730.457469940186 873.340255737305 716.010730743408 831.441307067871 774.30685043335 833.251907348633 689.707046508789 1001.23755645752 776.253002166748 556.092082977295 797.919891357422 857.508819580078 704.847326278687 694.288578033447 634.340563774109 519.407367706299 455.334533691406 917.865692138672 928.731155395508 831.421243667603 716.986602783203 798.999778747559 970.191660881042 990.970129013062 722.894216537476 641.375457763672 738.330749511719 576.185405731201 580.910583496094 582.615894317627 529.98616027832 566.244743347168 571.101982116699
-9999 -9999 -9999 -9999 -9999 -9999 -9999 -9999 -9999 -9999 -9999 1244.66836929321 1175.06435394287 857.204498291016 523.619457244873 435.291687011719 678.60945892334 623.046020507812 746.842597961426 701.003456115723 867.396057128906 775.612919330597 698.418144226074 573.000099182129 972.990482330322 705.681800842285 989.60375213623 925.342183589935 756.113706588745 710.791576385498 841.270092964172 789.544399261475 665.545043945312 826.527221679688 825.798645019531 932.107612609863 948.064476013184 831.75803565979 912.823234558105 705.615158081055 787.908264160156 727.058166503906 674.218147277832 514.312065124512 588.455558776855 622.806343078613 672.754215240479 766.571635246277 654.720302581787 681.201488494873
-9999 -9999 -9999 -9999 -9999 -9999 -9999 -9999 -9999 -9999 -9999 -9999 1092.8643951416 1148.11929321289 539.967895507812 581.510004520416 733.293647766113 642.738327026367 580.367584228516 730.718767166138 567.631156921387 491.964492797852 513.540000915527 555.879415988922 730.464378356934 892.033920288086 825.364273071289 824.823974609375 695.704216003418 620.093360900879 823.006193161011 857.186563014984 803.236022949219 834.478828430176 691.829685211182 599.004497528076 1034.189453125 874.826438903809 751.734413146973 846.324516773224 881.810260772705 930.23384475708 855.76774597168 625.30816078186 648.177940368652 662.017024993896 568.746994018555 656.853580474854 598.930274963379 635.286895751953
-9999 -9999 -9999 -9999 -9999 -9999 -9999 -9999 -9999 -9999 -9999 -9999 -9999 -9999 697.539852142334 726.549335479736 766.738342285156 1099.71877288818 477.402679443359 611.80158996582 505.34806060791 416.730545043945 512.714553833008 499.01392364502 593.038497924805 760.631122589111 767.546281814575 730.522038459778 935.932239532471 821.278121948242 829.801467895508 823.537517547607 850.980819702148 738.065359592438 634.306083679199 518.975059509277 919.066253662109 947.660242557526 774.992057800293 1168.29188537598 1091.37292098999 1169.66269278526 536.468208312988 565.305328369141 689.133422851562 624.566020965576 700.027379989624 727.872904062271 797.301826477051 629.7470703125
-9999 -9999 -9999 -9999 -9999 -9999 -9999 -9999 -9999 -9999 -9999 -9999 -9999 -9999 -9999 -9999 -9999 1039.27964019775 728.788703918457 720.840789794922 844.450344085693 817.394302368164 766.069266319275 829.555110931396 848.208896636963 742.215919494629 594.378063201904 572.782325744629 755.822311401367 793.504636764526 655.402275085449 751.395101666451 636.056228637695 792.51594543457 701.688812255859 530.757965087891 639.38858795166 922.782871246338 847.724819660187 604.765888214111 503.76770401001 1032.68667984009 586.709335327148 670.233551025391 673.35913848877 795.002883911133 735.479391098022 652.548425674438 585.369819641113 546.003555297852
-9999 -9999 -9999 -9999 -9999 -9999 -9999 -9999 -9999 -9999 -9999 -9999 -9999 -9999 -9999 -9999 -9999 -9999 -9999 -9999 896.686698913574 918.373100280762 917.15348815918 1027.18356323242 820.87565612793 854.411878585815 748.407135009766 634.301605224609 782.344509124756 785.945579528809 742.984649658203 657.29695892334 650.248016357422 661.180419921875 756.833749771118 595.19154548645 679.698963165283 724.040237426758 921.357793807983 543.158760070801 628.244953155518 815.662282943726 522.257591247559 759.013540744781 751.554426193237 815.176498413086 564.643104553223 617.707572937012 701.891201972961 776.102722167969
-9999 -9999 -9999 -9999 -9999 -9999 -9999 -9999 -9999 -9999 -9999 -9999 -9999 -9999 -9999 -9999 -9999 -9999 -9999 -9999 -9999 -9999 -9999 -9999 -9999 849.624305725098 960.415245056152 779.727432250977 811.401016235352 909.676488876343 963.087677001953 689.922317504883 548.838180541992 704.410650253296 722.64270401001 824.074410438538 859.217330932617 662.424057006836 689.202598571777 668.476631164551 583.534049987793 883.8046875 621.450038909912 732.963478088379 882.20149230957 822.167602539062 644.098861694336 623.424667358398 633.431480407715 682.335918426514
-9999 -9999 -9999 -9999 -9999 -9999 -9999 -9999 -9999 -9999 -9999 -9999 -9999 -9999 -9999 -9999 -9999 -9999 -9999 -9999 -9999 -9999 -9999 -9999 -9999 -9999 -9999 -9999 -9999 957.429374694824 958.898500442505 919.995277404785 756.830215454102 749.671304225922 763.761821746826 647.809120178223 770.31615447998 875.761867523193 698.725509643555 689.159679412842 598.81876373291 644.001693725586 654.657169342041 709.702980041504 712.537627220154 701.740997552872 714.790252685547 587.051826477051 730.102576255798 768.059467315674
-9999 -9999 -9999 -9999 -9999 -9999 -9999 -9999 -9999 -9999 -9999 -9999 -9999 -9999 -9999 -9999 -9999 -9999 -9999 -9999 -9999 -9999 -9999 -9999 -9999 -9999 -9999 -9999 -9999 -9999 -9999 1166.85011672974 948.078462600708 887.30318748951 922.439270019531 791.447998046875 566.251251220703 557.635177612305 796.814071655273 471.401611328125 576.551376342773 498.168167114258 710.195705831051 780.205474853516 714.471546173096 756.896049499512 533.686614990234 628.573486328125 744.457748413086 728.677938461304
-9999 -9999 -9999 -9999 -9999 -9999 -9999 -9999 -9999 -9999 -9999 -9999 -9999 -9999 -9999 -9999 -9999 -9999 -9999 -9999 -9999 -9999 -9999 -9999 -9999 -9999 -9999 -9999 -9999 -9999 -9999 -9999 794.796115875244 889.772887229919 890.151411056519 672.819313049316 686.117973327637 672.509033203125 748.352844238281 547.449096679688 709.6868019104 623.780700683594 666.822650909424 704.387155294418 658.998462677002 515.213302612305 578.322036743164 605.019859313965 750.08430480957 741.602629005909
-9999 -9999 -9999 -9999 -9999 -9999 -9999 -9999 -9999 -9999 -9999 -9999 -9999 -9999 -9999 -9999 -9999 -9999 -9999 -9999 -9999 -9999 -9999 -9999 -9999 -9999 -9999 -9999 -9999 -9999 -9999 -9999 -9999 905.936124801636 938.498882293701 767.893676757812 759.250381469727 771.92618560791 716.900100708008 719.04320526123 971.198104858398 747.985702514648 819.70516204834 727.644437789917 638.784622192383 696.584631443024 618.974586486816 600.185668945312 619.967987060547 695.155914306641
