simdem/realisation79.asc
NCOLS 350 
NROWS 171 
XLLCORNER 152620 
YLLCORNER 418050 
CELLSIZE 100 
NODATA_value -9999 
[rows 110 to 131 of 171, columns 200 to 249 of 350]
-9999 -9999 -9999 792.596618652344 655.160512924194 440.150772094727 632.24662399292 760.781532287598 936.317260742188 1096.32698249817 673.925186157227 494.145599365234 752.525726318359 774.219482421875 621.40162563324 686.21411895752 678.090866088867 490.511856079102 553.781295776367 515.245658874512 488.112091064453 548.261322021484 637.630676269531 505.502708435059 289.088989257812 487.902183532715 566.566261291504 641.720109939575 553.35188293457 684.326841831207 738.995399475098 638.654979705811 745.551750183105 792.393508911133 593.011497497559 620.510246276855 760.491966247559 677.785457611084 592.572128295898 567.241662740707 546.442832946777 524.140197753906 658.287178039551 603.337463378906 1157.64469909668 671.687973022461 926.317199707031 1146.65589141846 668.562614440918 913.00242805481
-9999 -9999 -9999 -9999 818.61662197113 603.194709777832 705.853937149048 757.261825561523 889.35718536377 861.905502319336 566.913681030273 639.753787994385 744.017986297607 753.870189666748 652.740955352783 763.949272155762 635.952646255493 560.592384338379 625.996748209 557.691604614258 635.629059791565 506.190246582031 1389.47744178772 479.556015014648 566.183004379272 565.685981750488 645.732543945312 812.20711517334 684.57808303833 636.798370361328 679.178409576416 653.855308532715 699.568159103394 629.47766494751 582.322410583496 632.158924102783 639.224220275879 648.447875976562 643.519309163094 671.50115776062 767.151884078979 625.791069030762 616.868911743164 717.977233886719 534.784927368164 816.346145629883 926.678253173828 905.998195648193 682.389171600342 824.495223999023
-9999 -9999 -9999 -9999 740.530563354492 585.865036010742 692.888079166412 795.696435928345 809.839191436768 664.458194732666 679.497764587402 834.821067810059 654.286315917969 731.464488983154 723.594562530518 697.212362289429 566.184028625488 682.625377655029 674.286689758301 611.903722763062 592.342163085938 595.216079711914 591.081893920898 588.046617507935 522.16389465332 623.6810131073 579.473640441895 830.552734375 833.995452880859 630.370399475098 538.789512634277 700.839240074158 616.932418823242 726.221301078796 539.785232543945 544.485595703125 730.401485443115 693.098297119141 695.495391845703 799.01490688324 887.257656097412 763.096790313721 608.258964538574 755.195831298828 509.069404602051 795.517730712891 992.099182128906 1009.6711730957 932.698204040527 966.522399902344
-9999 -9999 -9999 -9999 -9999 695.711151123047 678.144508361816 587.936172485352 798.059223175049 782.951503753662 1268.54228973389 696.537660598755 670.734865188599 548.128929138184 741.569618225098 750.435829162598 672.847705841064 708.061798095703 631.678695678711 624.936374664307 502.180953979492 922.795715332031 576.80655670166 448.311080932617 561.838375091553 638.176385402679 684.120101928711 619.93431854248 713.8791847229 674.629009246826 607.796721458435 719.875638008118 679.307432174683 664.012059688568 722.505735397339 653.154949188232 590.079902648926 668.378101348877 761.463090419769 652.538414001465 878.825227737427 673.683029174805 741.255027770996 673.357635498047 796.671607971191 848.299770355225 946.492372512817 1514.82835388184 748.858654022217 805.878372192383
-9999 -9999 -9999 -9999 -9999 893.300750732422 713.890631198883 656.27198600769 682.821723937988 752.079782009125 1241.92414093018 746.619103431702 681.302165985107 643.706680297852 764.758556365967 686.900349617004 573.775329589844 555.83056640625 503.849334716797 424.389282226562 1121.03582763672 529.951362609863 651.884735584259 478.553436279297 507.52978515625 621.548023223877 692.406789779663 691.833560943604 501.877883911133 629.299667358398 667.616855621338 697.774255752563 705.018442153931 627.311695098877 664.83637046814 787.158203125 560.132705688477 705.120759010315 728.610178947449 702.425319671631 949.556396484375 787.259948730469 808.677716851234 809.027557373047 976.359329223633 695.688270568848 847.548976898193 885.961310386658 771.992076873779 606.912521362305
-9999 -9999 -9999 -9999 -9999 933.832912445068 741.031402587891 757.631675720215 697.58927154541 824.810691833496 1008.52314758301 906.491287231445 774.207920074463 644.51197052002 660.760631561279 671.089778900146 784.126712799072 550.726150512695 473.188980102539 1006.74508666992 467.935806274414 707.742420196533 729.299194335938 783.58235168457 689.737937927246 661.988670349121 747.123504638672 777.86547088623 641.253112792969 660.43741607666 700.885715961456 751.304466247559 787.797485351562 680.785543441772 754.857650756836 837.897758483887 670.368329644203 517.0087890625 565.265693664551 760.856240272522 622.456447601318 778.142837524414 675.286613464355 959.196895599365 764.7317237854 664.671691894531 623.656410217285 699.841674804688 581.991256713867 627.593826293945
-9999 -9999 -9999 -9999 -9999 -9999 916.421375274658 864.527187347412 736.238237380981 730.596710205078 850.125648498535 805.780986785889 634.881481170654 636.980979919434 786.479579925537 745.215520858765 737.747017383575 609.50798034668 451.837280273438 490.614959716797 378.085083007812 591.744964599609 652.169219970703 663.288262367249 753.151126146317 750.692736506462 693.629560470581 861.920547485352 773.913780212402 715.384475111961 691.049402236938 716.062982559204 729.766426086426 780.243629455566 771.990953445435 738.523738861084 728.859527587891 751.871528625488 757.482856750488 652.767669677734 683.679214477539 851.734344482422 711.702354669571 796.089782714844 987.311710357666 872.831909179688 1006.95365905762 910.013496398926 661.174438476562 759.594879150391
-9999 -9999 -9999 -9999 -9999 -9999 967.140377044678 1596.81137084961 1349.31563949585 726.913341522217 741.485610961914 751.808534145355 1108.82812595367 732.274946212769 697.394908905029 871.898475646973 742.158718109131 713.344017028809 1262.63069534302 689.912277936935 547.663375854492 700.11039352417 631.901748657227 674.466453552246 774.198566436768 866.661758422852 628.311111450195 739.397703170776 836.413848876953 778.824420928955 800.124697685242 812.35982131958 706.919704437256 917.937118530273 952.979390144348 987.268165588379 1032.98194503784 797.022113800049 726.255500793457 786.636352539062 688.428363800049 813.454254150391 752.62362575531 793.512073516846 481.302139282227 695.95096206665 799.347206115723 886.712306976318 976.292098999023 768.858322381973
-9999 -9999 -9999 -9999 -9999 -9999 -9999 955.780630111694 949.692764282227 799.041072845459 553.866607666016 770.904899716377 647.568222045898 819.778411865234 649.737976074219 530.780914306641 592.189605712891 1314.73512268066 675.939628601074 694.116991043091 677.43860912323 683.741989135742 586.259613037109 709.110313415527 807.980899810791 741.732398033142 637.939895629883 1216.38645935059 1022.53921508789 891.726898193359 636.45289516449 742.90132522583 586.206958770752 799.931205749512 800.295188903809 883.585472106934 970.64008808136 1047.03565216064 1080.90228271484 547.871017456055 565.59049987793 629.286689758301 760.492467880249 700.198246002197 695.40013885498 635.938415527344 629.851318359375 704.11835193634 772.661842346191 781.284538269043
-9999 -9999 -9999 -9999 -9999 -9999 -9999 -9999 791.012390136719 787.688293457031 638.458862304688 604.33381652832 625.559371948242 607.995422363281 563.01838684082 597.095016479492 1253.83505249023 646.204261779785 647.091819763184 763.641010284424 823.606781005859 735.93642282486 724.73433303833 767.144664764404 856.259468078613 672.510761260986 715.707579612732 712.304527282715 959.231788635254 856.394577026367 624.360847473145 645.706025123596 712.186710357666 949.5231590271 809.356971740723 837.225120544434 1016.86782455444 944.259628295898 893.724960327148 882.322937011719 611.134544372559 674.946266174316 593.519515991211 532.767456054688 662.247142791748 633.110794067383 633.438719272614 607.212089538574 694.641315460205 549.965179443359
-9999 -9999 -9999 -9999 -9999 -9999 -9999 -9999 -9999 1280.22526550293 1277.31464767456 1217.98564767838 574.488689422607 743.872770309448 674.687629699707 608.068328857422 792.072250366211 685.409446716309 819.517807006836 1022.17004394531 747.976699113846 681.439746856689 714.274997711182 669.342018127441 703.081121444702 770.326732635498 645.203647613525 518.763988494873 673.871726989746 658.116695404053 638.036676883698 641.599082946777 558.799194335938 480.578170776367 796.762397766113 873.367609977722 1004.48988342285 859.433027744293 960.962783813477 911.869438171387 1093.30730056763 722.836139678955 683.170253753662 713.686416625977 542.242034912109 589.015892982483 569.791160583496 575.408920288086 483.703880310059 525.942176818848
-9999 -9999 -9999 -9999 -9999 -9999 -9999 -9999 -9999 -9999 1239.59577941895 748.772521972656 561.061583280563 582.263809204102 630.072437286377 732.666292965412 733.651802062988 586.000701904297 754.715087890625 735.667024612427 722.442014694214 633.709457397461 638.868812561035 715.140846252441 987.714859008789 651.025009155273 456.507934570312 601.39640045166 660.394371032715 665.811233520508 656.263198852539 634.019105911255 638.288925170898 577.536636352539 770.540245056152 785.315910339355 959.14714050293 1005.02319335938 919.141254425049 996.104930877686 936.527935028076 720.94197845459 744.888951301575 862.17437171936 481.083786010742 479.651901245117 669.409206390381 613.902591884136 609.968482971191 649.968651652336
-9999 -9999 -9999 -9999 -9999 -9999 -9999 -9999 -9999 -9999 -9999 1280.50293731689 1109.39811515808 979.174915075302 539.45922088623 689.921104431152 764.294173240662 641.825393676758 720.667442321777 806.50422668457 846.03178024292 693.133079528809 693.731266021729 564.684982299805 958.935409545898 635.10905456543 779.533416748047 943.396993637085 784.929691314697 674.01261138916 866.118036270142 949.404312133789 770.945434570312 740.177002906799 639.487335205078 767.068504333496 954.053764343262 904.125583648682 993.234710693359 1022.95927429199 941.797410815954 748.56411075592 877.274490356445 686.118293762207 624.542316436768 627.715915679932 531.389366149902 670.908042907715 714.402016639709 689.132751464844
-9999 -9999 -9999 -9999 -9999 -9999 -9999 -9999 -9999 -9999 -9999 -9999 1060.99606132507 1070.55030822754 642.890132904053 573.686036109924 540.973487854004 656.802081823349 800.670837402344 702.340883374214 704.779485702515 553.11060333252 603.873514175415 506.410926818848 805.387046813965 786.060955047607 739.89363861084 743.463279724121 696.924255371094 709.734155654907 911.471729278564 901.137832641602 710.156055450439 694.614837646484 698.566608428955 609.024491788819 887.556663513184 836.846179485321 907.124000549316 1025.21269226074 969.693977355957 903.305215835571 842.875449419022 721.605079650879 704.342091560364 642.916160583496 734.527927398682 697.203480124474 640.656768798828 815.413688659668
-9999 -9999 -9999 -9999 -9999 -9999 -9999 -9999 -9999 -9999 -9999 -9999 -9999 -9999 639.488609313965 615.245956420898 616.714933395386 934.020317077637 679.265884399414 739.393295288086 635.478504180908 714.775894165039 600.417865753174 416.018310546875 790.642303466797 662.618469238281 681.260620117188 888.518951416016 832.245532989502 859.393622398376 828.974775314331 926.506103515625 624.310234069824 743.111129045486 727.150365829468 520.678482055664 760.945259094238 894.52950668335 844.485099554062 1115.3914680481 987.754135131836 1148.69211959839 561.906242370605 542.430267333984 811.00080871582 724.664066314697 786.711948394775 934.368545532227 684.567436218262 755.335221767426
-9999 -9999 -9999 -9999 -9999 -9999 -9999 -9999 -9999 -9999 -9999 -9999 -9999 -9999 -9999 -9999 -9999 1039.30618286133 782.926919937134 726.502334594727 865.584602355957 886.018142700195 952.960403442383 764.03253364563 607.634552001953 657.404853820801 640.19026350975 689.664539337158 779.927903652191 720.201915740967 730.525392532349 732.344226837158 749.373779296875 868.554174423218 906.19206237793 577.294057846069 683.894422531128 904.671440124512 851.624729156494 527.268127441406 520.887012481689 994.981056213379 489.694641113281 535.301345825195 705.420297145844 784.953002929688 783.9326171875 671.009871959686 572.865196228027 646.185306549072
-9999 -9999 -9999 -9999 -9999 -9999 -9999 -9999 -9999 -9999 -9999 -9999 -9999 -9999 -9999 -9999 -9999 -9999 -9999 -9999 953.954963684082 959.192420959473 760.50422668457 843.962001800537 870.298374176025 842.099662780762 922.817779541016 904.871940612793 851.493713378906 837.812557220459 944.171508789062 840.472312927246 589.30403137207 649.385551452637 845.205474853516 502.171882629395 752.014877319336 883.142992019653 835.472999572754 481.565689086914 603.888256072998 822.090015411377 548.531555175781 675.128509521484 628.581016540527 671.957416534424 631.9626121521 643.466903686523 596.140403747559 838.481552124023
-9999 -9999 -9999 -9999 -9999 -9999 -9999 -9999 -9999 -9999 -9999 -9999 -9999 -9999 -9999 -9999 -9999 -9999 -9999 -9999 -9999 -9999 -9999 -9999 -9999 935.564422607422 993.71630859375 923.110967636108 932.141136169434 935.538444519043 997.573577880859 921.093223571777 798.03133392334 591.882743835449 653.989736557007 779.29764175415 1116.98254394531 812.163482666016 884.388259887695 708.263347625732 692.793668746948 1000.30505609512 703.292028427124 557.524597167969 581.687698364258 692.790076136589 625.884178161621 558.447418212891 567.907867431641 636.385223388672
-9999 -9999 -9999 -9999 -9999 -9999 -9999 -9999 -9999 -9999 -9999 -9999 -9999 -9999 -9999 -9999 -9999 -9999 -9999 -9999 -9999 -9999 -9999 -9999 -9999 -9999 -9999 -9999 -9999 899.616014480591 938.827468395233 841.894721984863 638.461349487305 700.821392059326 632.386878967285 719.052156448364 907.651878356934 919.083577156067 786.986156463623 609.358081817627 589.012199401855 569.935897827148 758.929042816162 577.989440917969 474.008193969727 557.330718994141 621.936595916748 694.918308258057 683.363578796387 696.613334655762
-9999 -9999 -9999 -9999 -9999 -9999 -9999 -9999 -9999 -9999 -9999 -9999 -9999 -9999 -9999 -9999 -9999 -9999 -9999 -9999 -9999 -9999 -9999 -9999 -9999 -9999 -9999 -9999 -9999 -9999 -9999 1156.27933502197 964.032730102539 783.626319885254 722.061965942383 767.963980674744 985.659317016602 664.066591262817 646.915809631348 526.685741424561 812.603645324707 722.54012298584 726.260995864868 642.96443939209 734.17947769165 672.005294799805 801.508445739746 698.584121704102 671.194446563721 869.551849365234
-9999 -9999 -9999 -9999 -9999 -9999 -9999 -9999 -9999 -9999 -9999 -9999 -9999 -9999 -9999 -9999 -9999 -9999 -9999 -9999 -9999 -9999 -9999 -9999 -9999 -9999 -9999 -9999 -9999 -9999 -9999 -9999 659.482490539551 850.498760223389 759.394424438477 685.987342834473 734.747779846191 809.226043701172 649.86030960083 581.487812042236 673.142387390137 832.771911621094 748.336120605469 575.485824584961 633.410514831543 714.545307159424 730.267555236816 666.610221862793 725.12255859375 828.603424072266
-9999 -9999 -9999 -9999 -9999 -9999 -9999 -9999 -9999 -9999 -9999 -9999 -9999 -9999 -9999 -9999 -9999 -9999 -9999 -9999 -9999 -9999 -9999 -9999 -9999 -9999 -9999 -9999 -9999 -9999 -9999 -9999 -9999 933.635116577148 851.938919067383 827.172828674316 679.424160480499 735.4541015625 733.257129669189 790.684955596924 984.918975830078 793.657745361328 705.237979888916 615.003913879395 630.850242614746 769.246711730957 791.463623046875 698.90702599287 899.638671875 827.672676086426
