simdem/realisation58.asc
NCOLS 350 
NROWS 171 
XLLCORNER 152620 
YLLCORNER 418050 
CELLSIZE 100 
NODATA_value -9999 
[rows 44 to 65 of 171, columns 250 to 299 of 350]
747.228225708008 654.264659881592 830.075176239014 691.860874176025 630.303688049316 817.386672973633 614.136436462402 716.323843002319 830.838203430176 736.183458328247 698.760059356689 714.725458145142 669.144012451172 710.156707763672 715.789085388184 802.703224182129 830.478881835938 717.65739440918 781.864431381226 770.154727935791 797.596363067627 746.677461624146 736.052032470703 743.786050796509 653.592315673828 903.556579589844 1067.13084411621 1032.23635864258 914.33228302002 754.199756622314 810.087909698486 839.085834503174 773.904235839844 769.511711120605 720.719215393066 802.474071502686 724.303939819336 913.262617111206 923.952897310257 1036.16864776611 712.188339233398 616.98762512207 737.506271362305 879.128063201904 754.742584228516 835.901867866516 893.780704498291 852.814096450806 772.791568756104 836.431650161743
618.988441467285 865.582569122314 771.207214355469 686.453193664551 638.666343688965 654.143329620361 610.571563720703 717.972063064575 633.553215026855 770.03186416626 709.581573486328 788.864986419678 806.313095092773 684.197589874268 788.093502044678 783.374370574951 702.263559341431 690.610374450684 667.286605834961 769.339867591858 864.182861328125 752.214880943298 806.550525665283 729.253896713257 833.716053009033 895.989547729492 997.311172485352 710.151191711426 559.250579833984 924.131393432617 794.104721069336 777.040679931641 827.495193481445 746.379600524902 710.479370117188 775.909046173096 892.439361572266 817.396542966366 1416.60325932503 952.15983581543 861.181144714355 1240.89916992188 819.845287322998 713.917541503906 828.680282592773 833.114636421204 929.314548492432 932.35546875 870.811687469482 673.268768310547
797.319416046143 749.012222290039 712.987915039062 730.291593551636 688.107400894165 703.571681022644 662.954387664795 710.367636084557 685.990589141846 610.253593444824 688.740997314453 757.718456268311 622.856521606445 680.069198608398 713.344766616821 733.29475402832 681.240112304688 717.46496963501 769.477729797363 744.366114616394 839.887252807617 799.616653442383 748.686980724335 687.034790039062 678.35631942749 1264.83706665039 585.499603271484 1024.93446350098 1179.34664154053 639.481979370117 879.426795959473 714.081024169922 672.155075073242 750.005378723145 1198.62561416626 1457.15831756592 1250.8152885437 878.369886398315 1467.8084487915 1512.37742614746 869.314552307129 837.273128509521 998.086743831635 738.629348754883 914.838943481445 871.960098266602 1473.40433168411 1002.80522155762 1036.63026428223 918.064907550812
760.67497253418 881.896179199219 573.084594726562 696.465251088142 751.925605773926 746.188953399658 610.342590332031 747.951511383057 756.378528594971 640.517608642578 654.485771179199 605.027389526367 684.622566223145 647.033409118652 676.842971801758 694.153003692627 678.385299682617 829.558227539062 718.888832092285 656.60848236084 720.996013641357 780.946865081787 803.259765625 641.551620483398 541.970703125 890.636657714844 669.375640869141 1170.37769889832 1000.84570217133 1325.08766937256 860.213470458984 750.224792480469 858.268913269043 1032.02113342285 813.127876281738 1075.44832801819 1094.90902709961 819.937228441238 1226.33043289185 1174.61744689941 1038.23287963867 878.019016265869 1237.3948135376 938.006717681885 837.97730255127 831.941360473633 758.520324707031 829.772205352783 942.068946838379 812.314682006836
617.566947937012 734.688369452953 639.548377990723 640.105415344238 737.90258026123 741.979297637939 779.948093414307 751.049171447754 783.276889801025 636.921760559082 691.028713226318 696.531711578369 732.809593200684 602.316268920898 719.021606445312 778.809925079346 626.773994445801 663.313461303711 635.654190063477 710.381267547607 567.293655395508 738.146986961365 810.252895355225 590.213577270508 545.843856811523 582.413558959961 535.112487792969 850.735530853271 810.548892974854 1148.17596244812 1235.2310333252 626.437255859375 721.435211181641 797.272964477539 634.506607055664 826.11466884613 1095.34295654297 877.525543212891 1877.0265045166 1245.92018127441 895.074592590332 756.926319122314 964.152160644531 863.714822769165 778.994262695312 892.002960205078 716.683471679688 1760.62335205078 683.095611572266 745.079971313477
603.91968536377 714.314554214478 628.355976104736 889.12109375 742.914846420288 703.718325614929 735.302181243896 758.550559997559 735.854074478149 565.001510620117 703.787090301514 632.652793884277 704.70059967041 807.392929077148 668.407424926758 593.849105834961 650.875411987305 602.369171142578 634.474327087402 698.074588775635 440.988128662109 581.255233764648 600.118286132812 725.426292419434 746.575881958008 1029.5301361084 840.446105957031 886.055194854736 805.17333984375 787.680713653564 971.799983978271 854.589866638184 792.099327087402 578.990753173828 1296.52630615234 759.01392364502 869.634353637695 845.277503967285 1061.45961761475 919.10432434082 977.895427703857 779.418853759766 851.490646362305 964.030448913574 783.967956542969 712.169418334961 806.609130859375 645.634872436523 838.139338970184 908.118148803711
625.961883544922 761.448841094971 694.608502864838 783.197303771973 744.679294586182 739.983688354492 789.009155273438 717.195405960083 763.553104400635 622.877979278564 702.899297714233 697.652811050415 831.576690673828 672.534417152405 638.406387329102 702.513740539551 643.869598388672 670.473369598389 704.532691001892 704.458185195923 459.569061279297 553.427444458008 713.665603637695 807.114204406738 649.455291748047 746.984153747559 866.574737548828 1065.78900909424 797.25838470459 735.840675354004 1045.35259246826 966.74760055542 582.403198242188 637.351898193359 854.584678649902 760.757266998291 698.791038513184 1313.56113433838 962.00053024292 1108.53882598877 1163.60977935791 863.820537567139 784.923477172852 805.753799438477 964.298675537109 825.773529052734 803.514175415039 1091.17476654053 1002.02812957764 806.066084861755
534.274002075195 600.558601379395 673.821685791016 737.589893341064 786.047039031982 747.796962738037 780.061698913574 761.755748748779 693.374244689941 611.930000305176 616.266166687012 924.779022216797 806.92618560791 835.558448791504 640.408515930176 775.636287689209 605.93531036377 662.971248626709 629.426376342773 573.130645751953 557.003387451172 601.558242797852 753.156101226807 696.906063079834 787.104149341583 881.463607788086 977.737808227539 878.441329956055 895.742805480957 737.244049072266 966.264457702637 967.629089355469 889.369262695312 1025.48004150391 978.53874206543 916.215668678284 789.8837890625 866.206272125244 932.576608657837 900.867107391357 901.131320953369 675.404647827148 671.077560424805 695.225189208984 834.613433837891 735.539192199707 951.836524963379 754.945232391357 683.326553344727 796.00267791748
863.420516967773 567.802955627441 825.366752624512 681.225824356079 655.602783203125 592.790016174316 659.03816986084 724.17936706543 691.294363021851 768.744663238525 749.530973434448 717.421333312988 532.420791625977 756.252155303955 565.056602478027 717.86842250824 535.476028442383 697.002239227295 699.368852615356 486.124633789062 525.715377807617 596.492095947266 631.988319396973 716.932361602783 723.256591796875 921.097143173218 1036.29942321777 797.37481880188 852.185802459717 724.274642944336 736.362190246582 734.474433898926 931.133712768555 1137.32455444336 509.871978759766 634.537963867188 1019.05380249023 673.125854492188 877.049896240234 734.647262573242 630.026519775391 757.140560150146 832.953210830688 561.823654174805 749.174858093262 806.614649236202 1302.35626220703 817.445457458496 880.403617858887 726.845474243164
493.815093994141 1011.85243225098 910.66822052002 641.647048950195 504.118545532227 574.077713012695 570.953186035156 578.908432006836 628.634376525879 773.283635139465 1197.63681268692 755.480564117432 696.510734558105 736.052614212036 930.246377944946 1080.46015167236 635.522369384766 576.926208496094 665.709655761719 1709.65992736816 719.240570068359 497.230255126953 625.201614379883 1264.7296295166 707.449401855469 680.058921813965 837.054840087891 765.763591766357 771.644866943359 692.345932006836 817.091487884521 1001.64170837402 700.524765014648 749.003036499023 608.045959472656 1055.22491455078 781.263031005859 837.795822143555 643.55224609375 793.96999168396 1224.2193069458 783.728290915489 782.913848876953 698.513023376465 649.049880981445 690.459564208984 787.252471923828 857.915386199951 812.041816711426 784.654262542725
600.703559875488 652.887214660645 739.318195343018 766.584609985352 785.602191925049 784.63817024231 463.557739257812 522.272850036621 550.526733398438 903.306137084961 680.321212768555 1407.01878356934 832.311534881592 1153.02633476257 1083.05622434616 1697.80778694153 526.362655639648 716.380828857422 799.932083129883 667.182270050049 522.990371704102 265.607299804688 534.989593505859 757.441360473633 634.938613891602 828.364337921143 757.624013900757 875.177742004395 805.051998138428 581.147659301758 794.693656921387 708.554054260254 1061.17219543457 802.862281799316 812.765213012695 819.292221069336 1213.46826171875 811.081748962402 759.181144714355 919.123523712158 882.766788482666 753.753402709961 621.489685058594 868.947555541992 782.054592132568 744.91389465332 938.171928405762 925.968460083008 767.85969543457 705.443885803223
630.948509216309 758.028999328613 563.499412536621 716.742656707764 569.704093933105 632.398078918457 486.800689697266 1252.81258392334 641.73127746582 759.368629455566 689.048805236816 663.754417419434 707.104440689087 722.018424987793 580.04280090332 1504.86065673828 475.954864501953 1191.14785766602 577.932800292969 674.792892456055 1318.91702270508 962.417541503906 1580.86645507812 757.439971923828 1005.00196838379 1377.45745658875 779.307563781738 766.104075394571 706.932083129883 752.312389373779 844.795150756836 792.303607940674 750.923484802246 829.240878105164 1022.26782989502 788.587265014648 1167.32834243774 1063.20059967041 797.894920349121 1341.92872619629 1400.22803401947 917.924217224121 1471.14184188843 720.185813903809 941.534271240234 766.235954284668 711.947708129883 659.953109741211 705.438323974609 529.351409912109
593.893127441406 626.061359405518 626.407211303711 686.143295288086 700.785457611084 663.330455780029 528.564605712891 647.258304595947 611.019607543945 658.914482116699 594.985015869141 717.260364532471 766.382177352905 632.129898071289 482.078079223633 609.184524536133 851.039138793945 658.925628662109 661.061828613281 718.771236419678 664.986259460449 641.589309692383 1880.28623962402 1929.4970703125 783.983833312988 927.729118347168 891.710645675659 827.317666053772 727.516014099121 761.244903564453 781.160429000854 763.662337303162 718.670570373535 878.958198547363 750.684307098389 763.080253601074 744.3994140625 1057.32046127319 1032.48203277588 1303.9856967926 1010.79432678223 977.99401473999 711.611434936523 769.265464782715 1003.04307556152 752.533905029297 793.710372924805 700.085327148438 523.868682861328 799.657531738281
699.735515594482 637.679828643799 631.547779083252 789.128143310547 674.378603458405 648.924362182617 494.912246704102 480.689804077148 650.181854248047 663.578419685364 724.404357910156 761.318435668945 640.890739440918 658.74397277832 642.920043945312 637.311794281006 799.138059616089 701.944412231445 755.95979309082 577.325790405273 729.543361663818 846.298309326172 1265.97243881226 583.171875 792.911727905273 770.711959838867 909.145778656006 897.245651245117 741.602062225342 721.285438537598 847.105018615723 707.965858459473 731.864304542542 997.957008361816 1036.48959732056 1435.38694763184 945.434814453125 1023.54620361328 856.090396881104 652.612350463867 696.127082824707 874.651660919189 801.458139419556 937.068283081055 883.702491760254 716.176902770996 611.418823242188 815.187094211578 395.820251464844 750.931640625
596.286422729492 537.21484375 733.031938552856 769.712463378906 781.829055786133 705.052364349365 621.556274414062 662.828355789185 620.102699279785 606.165191650391 704.386004447937 775.369926452637 817.602760314941 694.701742172241 573.388412475586 685.303849220276 842.158493041992 757.421333312988 635.253700256348 720.639791488647 795.050273895264 845.530349731445 1094.02973937988 394.982238769531 878.576187133789 681.18514251709 738.032272338867 704.915214538574 666.123725891113 842.295097351074 840.442561626434 609.901901245117 673.522369384766 912.632499694824 653.879417419434 727.368865966797 923.883407592773 869.19176864624 825.039949417114 711.178756713867 710.285781860352 711.041687011719 918.49161529541 911.854400634766 738.849067687988 608.088348388672 641.260665893555 685.986572265625 781.474029541016 2031.75775146484
668.547516465187 573.037086486816 660.126346588135 696.163486480713 706.133400917053 596.673355102539 659.114524841309 630.872676849365 616.196914672852 554.881439208984 654.35306930542 660.968252182007 618.408668518066 729.074464797974 726.901260375977 701.824593782425 819.902557373047 785.236526489258 749.304615020752 1038.26729011536 742.45613861084 894.166290283203 697.645980834961 677.113876342773 627.332672119141 618.1376953125 677.274284362793 884.118267059326 864.75560760498 821.088935852051 908.784492492676 787.540904998779 764.195482254028 769.016352176666 742.017138004303 726.500493049622 782.625663757324 793.38158416748 875.495357513428 639.052337646484 588.622802734375 793.190325737 752.216054916382 745.852012634277 721.916168212891 702.867599487305 603.446838378906 617.983459472656 1246.25129699707 1459.01812744141
653.165636062622 589.928253173828 659.284931182861 729.39136505127 627.365550994873 532.915786743164 616.141738891602 731.531608581543 654.312238693237 769.933784484863 695.282598495483 611.70125579834 673.384346008301 666.301790237427 778.085723876953 845.760452270508 750.40539932251 702.977890968323 777.880958557129 689.255533218384 990.293487548828 1265.83589839935 713.441542625427 577.461791992188 558.605499267578 738.393409729004 929.602499008179 925.947895050049 802.232349395752 932.462211608887 842.529434204102 790.272506713867 850.866714477539 771.942268371582 738.488220691681 679.037551879883 650.734161376953 623.6376953125 1145.58612251282 506.68327331543 622.590393066406 643.828109741211 845.486640930176 839.25170135498 922.960906982422 757.046318054199 762.396183013916 727.109405517578 641.575164794922 1203.32514953613
694.059030532837 645.899729251862 823.391128540039 807.21460723877 571.70140838623 584.170532226562 581.825996398926 757.646899223328 771.31135559082 660.409447669983 500.604934692383 510.310363769531 740.717472076416 742.675354003906 703.762656211853 785.880165100098 650.03870010376 625.986396789551 680.01887512207 796.733879089355 596.89860534668 419.652282714844 647.171966552734 575.730102539062 524.669845581055 597.264762878418 725.993291854858 970.676651000977 788.175392150879 1121.01791000366 747.494024276733 760.508651733398 706.841365814209 651.662841796875 628.62873840332 615.608787536621 630.18717956543 842.223464012146 653.107933044434 444.551483154297 634.887641906738 712.428447723389 801.866596221924 929.761169433594 828.323574066162 894.572982788086 846.382526397705 986.133544921875 822.356395721436 693.00724029541
743.302795410156 647.215900182724 808.98747253418 763.533782958984 611.61714553833 566.757720947266 610.689670562744 791.757827758789 706.306167602539 679.078964233398 629.719585418701 627.117202758789 593.77547454834 633.424633026123 626.579307556152 617.343696594238 718.19998550415 539.809219360352 612.539367675781 686.913227081299 845.757816314697 666.152877807617 612.036514282227 725.709996938705 637.223495483398 570.565780639648 712.278015136719 741.660394430161 742.555246353149 760.806997299194 786.611595153809 762.048446655273 693.85266494751 669.391765594482 565.807998657227 702.229675292969 773.591751098633 722.676690101624 702.597980499268 684.73365020752 659.946159362793 716.344581604004 697.627670288086 853.291358947754 939.450103759766 677.640029907227 793.941495895386 795.534034729004 780.898054599762 649.435623168945
663.954060792923 662.052874326706 785.061065673828 676.327917098999 719.650760650635 677.818407058716 643.87020778656 806.867874145508 727.418449401855 716.918838500977 763.491455078125 511.118713378906 668.557012557983 784.813819885254 562.796493530273 615.101211547852 704.98276424408 709.537712097168 675.790716171265 761.456699371338 677.09098815918 735.46710395813 747.576602935791 759.173915863037 721.524599075317 707.348175048828 675.754123687744 696.705806732178 803.837785720825 825.438041687012 773.250282287598 792.851406097412 680.553009033203 557.004302978516 686.068061828613 637.418403625488 534.744094848633 675.715789794922 746.458517074585 843.274963378906 698.060920715332 597.054336547852 800.665237426758 807.167869567871 800.144966125488 725.661190032959 822.074939727783 917.129791259766 781.86998462677 786.16937828064
762.66007232666 642.081925392151 715.557331085205 575.770011901855 726.585372924805 764.719177246094 751.188583374023 671.159809112549 589.995742797852 619.830707550049 681.362614154816 535.877029418945 572.130561828613 683.071937084198 674.791977882385 792.002685546875 691.561799526215 592.121299743652 622.311668395996 755.010349273682 635.032600402832 666.42741394043 735.544149875641 776.110054016113 730.409454345703 768.077175140381 720.957221984863 798.127285003662 804.33763885498 757.059188842773 811.888954162598 731.486470222473 736.951854705811 688.404609680176 856.344772338867 773.544624328613 655.802452087402 585.625183105469 794.91597366333 749.938494682312 743.538930416107 694.182033538818 808.560153961182 811.90406036377 878.643905639648 895.787124633789 696.513458251953 812.25728225708 644.248153686523 703.37767791748
622.295013427734 647.929479598999 660.831099510193 628.894565582275 657.737884521484 729.183876037598 749.922920227051 619.325618743896 588.800819396973 618.438747406006 505.996551513672 584.564025878906 770.703651428223 673.690592765808 623.960193634033 649.451560974121 759.456420898438 660.740207672119 692.73055267334 698.002527236938 655.558479309082 684.742148399353 691.42161989212 647.041488647461 600.914428710938 722.012901306152 676.305511474609 775.112014770508 751.8054022789 797.618232727051 672.334690093994 640.474632263184 680.213359832764 826.82511138916 709.971768379211 776.369194030762 900.097732543945 626.440887451172 642.562965393066 746.239161491394 694.333164215088 679.874267578125 832.329734802246 871.840179443359 868.102325439453 759.471347808838 710.460796356201 705.851196289062 703.591453552246 698.316093444824
