simdem/realisation93.asc
NCOLS 350 
NROWS 171 
XLLCORNER 152620 
YLLCORNER 418050 
CELLSIZE 100 
NODATA_value -9999 
[rows 132 to 153 of 171, columns 250 to 299 of 350]
904.256858825684 859.512908935547 750.248394012451 700.283142089844 724.106842041016 881.69091796875 725.546844482422 660.11107635498 555.052505493164 789.878170013428 758.345146179199 798.253761291504 584.881286621094 659.607475280762 691.277740478516 663.892761230469 821.816764831543 723.083095550537 902.080581665039 710.302276611328 670.078578948975 663.570213317871 695.251242637634 775.264801025391 690.27593421936 583.349655151367 584.073043823242 619.753868103027 537.907821655273 649.019441604614 729.558044433594 646.040679890662 632.819902420044 706.208423614502 658.025814056396 520.91739654541 458.217651367188 746.277570724487 615.749656677246 834.947534561157 791.837387084961 1186.74800872803 752.990249633789 917.439956665039 838.769180297852 1034.44640350342 1083.67015075684 898.366363525391 876.566291809082 867.781959533691
793.110504150391 872.05158996582 937.086097717285 759.727836608887 579.865921020508 642.865631103516 600.790328025818 694.157176971436 751.027808666229 694.772186279297 628.069648742676 855.740585327148 761.465205669403 615.65950012207 751.962842464447 714.189165115356 711.469834327698 964.142395019531 1018.89024543762 658.592811584473 671.109146118164 607.957649230957 645.009078979492 690.731308460236 627.891746520996 601.414237976074 499.789123535156 580.871292114258 527.48900604248 607.040939331055 786.374206542969 757.269927978516 727.090835571289 669.512470245361 643.711840629578 585.08332824707 498.731872558594 668.794960021973 645.552047729492 665.446360111237 524.213729858398 810.799404144287 866.343597412109 1115.95296192169 1068.01086235046 995.375785827637 1088.55501747131 892.599227905273 830.353565216064 848.008369445801
751.640167236328 770.59920501709 782.387756109238 743.332450866699 683.941078186035 700.284927368164 724.157897949219 825.760955810547 945.440567016602 797.544021606445 751.259983062744 808.23042678833 759.546219825745 759.746227264404 780.563777923584 839.707138061523 753.27495098114 831.367069244385 896.208549499512 685.040679931641 676.056800842285 673.267330169678 623.122188568115 704.649387359619 743.92236328125 772.268707275391 683.478565216064 584.872863769531 661.961152553558 663.978939056396 815.513549804688 734.708030700684 752.640090942383 650.051279067993 723.096267700195 655.99182510376 582.038925170898 748.636005401611 793.334983825684 642.274913787842 589.804321289062 656.743013381958 531.313293457031 612.408630371094 894.502412796021 807.626365661621 875.030925750732 672.73250579834 849.500499725342 976.111549377441
676.45531463623 542.997695922852 627.307182312012 737.083892822266 525.393249511719 663.905151367188 742.763271331787 880.520072937012 721.62279510498 825.639752388 815.949281692505 893.299816131592 864.228019714355 916.695129394531 638.673515319824 769.469185829163 713.909183502197 591.466537475586 622.30744934082 652.367904663086 759.101163864136 760.061965942383 669.822174072266 612.682151794434 626.692714691162 648.448513031006 710.786098480225 545.304145812988 599.207221984863 697.544612884521 562.368026733398 587.364692687988 624.626163482666 603.390514373779 629.893852233887 737.990425109863 713.983695983887 823.698188781738 800.318923950195 789.00065612793 645.795524597168 541.643173217773 694.363582611084 602.334831237793 646.141189575195 744.523880004883 859.583713531494 738.289749145508 778.630409240723 796.489395141602
570.437957763672 469.213989257812 695.332754135132 645.260504722595 655.465757369995 787.145788192749 730.275192260742 876.509475708008 748.425327301025 709.359901428223 854.788787841797 852.742942810059 744.770347595215 895.896835327148 680.21439743042 708.258125305176 671.023559570312 857.939601898193 734.552562713623 713.692527770996 881.000846862793 811.334144592285 747.255916595459 627.632068634033 536.08528137207 695.071426391602 599.720932006836 478.981582641602 583.563659667969 750.430526733398 554.883598327637 449.160125732422 595.279991149902 743.685897827148 722.660137176514 731.101463317871 757.856563568115 824.897354125977 737.351127624512 819.652000427246 742.831733703613 646.742736816406 583.165756225586 610.921127319336 600.599296569824 680.115539550781 813.495447158813 754.116165161133 799.614868164062 897.491481781006
641.435897827148 583.480545043945 537.298492431641 795.12003326416 829.257301330566 647.367340087891 668.774383544922 786.742332458496 781.092979431152 717.709051132202 739.461274147034 808.447555541992 804.496963500977 765.134616851807 687.403057098389 707.27716255188 644.607810974121 726.26978302002 715.690036773682 554.547943115234 764.467025756836 709.893974304199 598.447532653809 517.172485351562 560.735565185547 573.442398071289 575.676712036133 577.073051452637 706.458957672119 675.490566372871 679.821775436401 578.041275024414 594.508319854736 699.211534500122 661.434002876282 830.625732421875 781.421691894531 694.994035720825 661.890377044678 747.691665649414 762.152351379395 670.901777267456 765.828235626221 803.227828979492 601.470664978027 575.605155944824 882.570072174072 950.416931152344 856.591544151306 802.648007392883
696.10977935791 600.20100402832 673.830360412598 783.828547477722 784.205989837646 826.300617218018 790.590118408203 801.219440460205 804.972312927246 734.55362701416 712.988986968994 836.027839660645 732.213321685791 894.94654083252 704.302421569824 651.17223739624 643.239418029785 656.426551818848 707.752967834473 708.363033294678 714.391204833984 725.043483734131 644.920715332031 770.290641784668 739.275596618652 747.766380310059 673.278076171875 725.146881103516 646.866979598999 564.250701904297 745.115367889404 688.886514902115 645.018859863281 624.96114730835 572.364303588867 822.158782958984 642.064846038818 647.421447753906 628.684509277344 772.060729980469 736.143760681152 813.003746032715 699.360702514648 689.401285171509 655.883628845215 691.054510951042 732.483222961426 806.490875244141 848.423770904541 761.869554519653
630.059173583984 605.189971923828 704.877998352051 800.594645023346 838.835256576538 929.045333862305 881.193580627441 723.635768890381 726.866504669189 713.325592041016 738.217639923096 706.431358337402 745.495765686035 767.451346874237 810.241676330566 584.194580078125 780.241250991821 731.246475219727 709.410131454468 653.998756408691 594.870193481445 710.580486297607 630.348281860352 664.181816101074 814.750045776367 660.644027709961 666.464640855789 792.231636047363 649.408111572266 631.837226867676 686.51393699646 858.08967590332 650.597999572754 535.273208618164 709.854100227356 636.188285827637 653.77710723877 792.215492248535 648.349566459656 765.853866577148 739.361267089844 769.047210693359 791.934989929199 717.089555859566 553.802764892578 655.992523193359 743.972015380859 726.162176132202 812.184871673584 757.670509338379
743.742874145508 734.572364807129 782.492427825928 878.311664581299 814.773518562317 848.917667388916 1016.69721984863 812.011299133301 782.963139533997 675.328514099121 775.808465957642 836.203113555908 689.057159423828 744.228572845459 758.287902832031 581.572723388672 650.767990112305 787.165550231934 709.649677276611 634.798866271973 660.549640655518 679.881280899048 764.140327453613 584.586029052734 864.119735717773 682.874176025391 786.321287155151 775.825750350952 640.243663787842 912.05419921875 783.23868560791 827.737060546875 722.466375827789 577.252853393555 643.238178253174 679.84060382843 663.979739189148 616.936294555664 725.569227218628 638.687797546387 755.98152923584 726.24681186676 602.827896118164 645.817901611328 761.796977996826 771.815256118774 651.128017425537 762.070014953613 689.870143890381 693.061304092407
733.262868881226 763.68044090271 834.781341552734 937.055458068848 646.614776611328 851.54203414917 748.230895996094 752.07398223877 891.417098999023 833.299949645996 827.751079559326 729.297592163086 727.351577758789 743.603572845459 658.827026367188 730.967300415039 673.428863525391 717.414066314697 732.415588378906 718.219036102295 564.805633544922 579.836387634277 781.123844146729 726.856711387634 715.038879394531 833.720558166504 817.524865150452 918.182783126831 828.878650665283 797.784315109253 703.894149780273 653.032901763916 632.79956817627 776.202568054199 726.426203727722 668.890289306641 499.960113525391 710.335903167725 716.317752838135 627.849143981934 761.8723487854 832.645027160645 708.896221160889 785.49341583252 763.272113800049 740.840339541435 736.155161619186 585.628974914551 630.937118530273 594.901123046875
785.365907669067 681.207481384277 1116.69320297241 793.552118301392 713.789245605469 759.173767089844 669.332824707031 490.063705444336 845.870922088623 775.476133346558 923.526702880859 908.150665283203 825.333940505981 678.481857299805 767.910938262939 755.908630371094 706.226028442383 750.918968200684 794.243492126465 699.748146057129 615.114395141602 606.520896911621 703.729840278625 712.784374237061 659.54615020752 733.193439483643 760.572776794434 840.462520599365 896.153533935547 964.163269042969 870.004028320312 599.28694152832 774.587554931641 782.919589996338 724.743500709534 710.919679641724 556.474159240723 585.718940734863 673.981248855591 781.693557739258 756.297649383545 854.149765014648 739.3187084198 795.713813781738 756.505138397217 808.215827941895 782.607856750488 705.672698974609 647.854713439941 747.479042053223
630.171451568604 659.284111022949 920.283798217773 585.343551635742 732.706506729126 670.76167678833 743.467056274414 904.829223632812 762.577223777771 806.932155609131 855.335426330566 972.235992431641 765.585166931152 720.059448242188 795.190559387207 802.070404052734 797.602916717529 664.635772705078 779.685272216797 730.508354187012 715.988265991211 720.70717048645 723.896960258484 774.487594604492 747.74097442627 587.219467163086 678.091186523438 749.50297164917 794.808582305908 908.653472900391 968.277008056641 794.230613708496 757.278343200684 714.147552490234 742.227355957031 809.462684631348 643.595901489258 697.851894378662 562.571701049805 660.863719940186 724.503126144409 697.636688381433 667.795413970947 749.255332946777 874.805709838867 858.485275268555 635.691589355469 701.626487731934 759.512688159943 717.335538864136
686.765075206757 590.969383239746 665.310661315918 730.690668106079 880.194816589355 572.243267059326 718.534929275513 787.790924072266 649.308307647705 825.251968383789 933.152137756348 732.010356903076 752.26628112793 842.044867038727 889.89338684082 832.857127189636 784.067134857178 696.060424804688 666.742233276367 705.598731994629 801.437218666077 768.591550350189 887.183410644531 830.468105316162 770.022813796997 649.845180511475 733.285844802856 889.854904174805 721.838401794434 908.019821166992 874.045181274414 841.945205688477 732.334842681885 709.296343326569 755.088329315186 674.489101409912 766.904541015625 758.832221984863 735.154055595398 735.495304107666 747.398036956787 668.034442901611 678.235149383545 786.847541809082 841.79377746582 768.176910400391 745.166669845581 690.38277053833 748.741673111916 845.910331726074
-9999 -9999 -9999 880.05092048645 951.250480651855 1056.41299438477 834.40922164917 801.867586135864 661.640544891357 777.268356323242 934.151180267334 633.196334838867 767.198516845703 853.193489074707 813.883136749268 710.138732910156 792.295921325684 761.845878601074 832.129219055176 899.751499176025 761.819175720215 870.019264221191 879.175704956055 937.121528625488 745.775352478027 673.362205505371 743.683561325073 751.093379974365 798.635284423828 850.050609588623 790.013737678528 787.939702510834 768.558059215546 702.838882446289 633.019325256348 754.948261260986 774.192794799805 879.527099609375 813.176829338074 669.086235046387 887.113510131836 861.623580932617 812.834121704102 800.565010070801 701.305109024048 798.620994567871 762.855087280273 727.031537055969 844.704223632812 684.172645568848
-9999 -9999 -9999 -9999 -9999 -9999 1014.50912475586 893.715057373047 734.038581848145 749.39101600647 635.074062347412 769.6025390625 582.459915161133 842.826469421387 838.031656265259 724.622093200684 771.423530578613 952.564224243164 928.23030090332 864.47603225708 777.548904418945 824.240493774414 788.751724243164 797.974548339844 837.383374214172 771.616218566895 955.586608886719 973.156860351562 874.967506408691 736.901033401489 853.737386703491 1003.76822853088 816.053619384766 786.251024246216 700.810436248779 609.616874694824 704.91854095459 787.041349411011 861.05255317688 855.902694702148 822.94260597229 901.502014160156 738.202716827393 698.66911315918 697.478670120239 735.698923110962 852.87532043457 801.152168273926 789.778299331665 747.713457107544
-9999 -9999 -9999 -9999 -9999 -9999 -9999 -9999 -9999 982.803825378418 731.821056365967 718.689102172852 741.76717376709 774.846080780029 765.74820458889 628.488464355469 989.268730163574 806.710647583008 883.612770080566 736.362998962402 860.691482543945 882.790624141693 771.918754577637 753.802131652832 921.874546051025 1054.5916595459 926.353317260742 976.556457519531 952.521820068359 830.517486572266 813.789855957031 746.225082397461 779.882572174072 612.02587890625 686.739703178406 715.281656265259 806.512710571289 616.190231323242 680.109853744507 578.862335205078 699.036693572998 831.113479614258 707.263044953346 792.33570098877 798.100109100342 737.220182418823 636.995239257812 714.654630661011 783.946353912354 744.866086959839
-9999 -9999 -9999 -9999 -9999 -9999 -9999 -9999 -9999 -9999 -9999 775.13899230957 836.290374755859 719.889484405518 656.141519546509 658.686233520508 743.73218536377 1225.84677124023 733.97859954834 742.447841644287 1056.9634513855 828.318695068359 705.032852172852 853.144065856934 821.141735076904 863.668678283691 748.754957199097 961.365783691406 764.20304107666 793.964370727539 702.7001953125 851.32250213623 728.898303985596 697.646600723267 794.03636264801 730.463277578354 661.339298248291 578.747146606445 674.462335586548 446.605743408203 728.324168205261 816.218215942383 825.134521484375 822.093185424805 896.644454956055 706.635061740875 562.725982666016 679.157440185547 756.51235294342 616.611381530762
-9999 -9999 -9999 -9999 -9999 -9999 -9999 -9999 -9999 -9999 -9999 -9999 862.944657325745 800.492389678955 645.616237640381 573.867851257324 806.419816970825 1429.92184072733 1127.75442504883 1100.97798156738 1153.46814242005 1101.98513412476 1005.71876525879 963.50203704834 860.284622192383 812.706562042236 758.052258133888 882.07901763916 744.426490783691 776.319923400879 734.139114379883 705.586143493652 890.180561065674 691.276302337646 740.768770217896 545.128860473633 558.829986572266 679.913570404053 689.120109558105 525.553604125977 736.006084442139 813.688896179199 883.908020019531 855.747100830078 841.648979187012 798.658885955811 824.405448913574 855.868446350098 837.040977478027 756.233248710632
-9999 -9999 -9999 -9999 -9999 -9999 -9999 -9999 -9999 -9999 -9999 -9999 961.094703674316 588.192276000977 772.365178585052 755.253883361816 663.57731628418 808.402317523956 865.494019508362 970.494140625 907.636798858643 854.43510723114 848.598571777344 780.585479736328 760.871204376221 944.1298828125 1230.8214673996 785.171885490417 956.321939468384 1044.4585647583 810.582672119141 918.656011581421 791.010623931885 662.943992614746 645.785903930664 734.453674316406 728.821395874023 743.484079360962 664.829727172852 573.936080932617 780.216451957822 808.916931152344 880.929237365723 841.154067993164 940.587585449219 806.264755249023 854.30696105957 796.411560058594 722.217685699463 695.545799255371
-9999 -9999 -9999 -9999 -9999 -9999 -9999 -9999 -9999 -9999 -9999 -9999 -9999 824.614086151123 717.22728729248 814.578937530518 669.689830780029 589.723274230957 911.203905105591 995.688682556152 905.346607208252 925.256229400635 757.081022262573 721.0830078125 821.968710899353 836.667869567871 890.965919494629 806.767718315125 908.094696044922 879.158292770386 1118.16244029999 769.314389228821 865.408466339111 847.350532531738 759.96391582489 764.93677520752 846.560453414917 837.355752944946 741.042213439941 761.198001861572 786.078735351562 788.638843536377 674.490341186523 641.059646606445 865.223182678223 884.149398803711 924.201873779297 858.26634979248 641.945281982422 679.414398193359
-9999 -9999 -9999 -9999 -9999 -9999 -9999 -9999 -9999 -9999 -9999 -9999 -9999 -9999 696.558898925781 822.58434677124 749.414512634277 813.734723091125 1026.39659118652 1000.83945465088 975.623115539551 770.186294555664 886.457458496094 824.811509132385 829.214395523071 682.369619369507 773.105562210083 952.557624816895 886.350387573242 869.228309631348 834.144634246826 745.102053403854 678.715377807617 751.192185401917 664.12223815918 743.123529434204 815.760215759277 885.328273773193 970.193389892578 826.528967857361 799.703886032104 809.954891204834 785.493503570557 827.927848815918 871.512054443359 818.126232624054 798.76871919632 872.580429077148 741.985107421875 654.123977661133
-9999 -9999 -9999 -9999 -9999 -9999 -9999 -9999 -9999 -9999 -9999 -9999 -9999 -9999 642.684875488281 748.786827087402 696.181350708008 940.731422424316 857.514194488525 992.068992614746 949.759685516357 858.420003890991 869.990465641022 939.628631591797 889.268730163574 819.862754821777 770.619285583496 819.163818359375 829.5893907547 769.471790313721 807.877882957458 761.802612304688 1082.76458215714 890.06810760498 673.760520935059 791.053009033203 640.598838806152 736.931804656982 911.828987121582 939.02897644043 682.54460144043 709.981887817383 823.931132316589 824.88906288147 778.508274078369 958.324005126953 978.162246704102 890.44250869751 846.567234039307 906.464424133301
