simdem/realisation5.asc
NCOLS 350 
NROWS 171 
XLLCORNER 152620 
YLLCORNER 418050 
CELLSIZE 100 
NODATA_value -9999 
[rows 66 to 87 of 171, columns 150 to 199 of 350]
578.263942718506 494.255264282227 558.656384468079 624.352844238281 581.775058746338 591.201879501343 624.56901550293 549.686003684998 488.456024169922 591.164873123169 543.10791015625 513.297546386719 614.069549560547 593.02417755127 583.872802734375 549.110947132111 611.237678527832 657.186859130859 568.055623054504 562.134007453918 570.023567199707 662.516242980957 664.835487365723 687.622985839844 549.684331893921 716.477569580078 664.400131225586 533.486331939697 584.044093966484 612.982101678848 560.789276123047 618.225066184998 502.347717285156 525.56282043457 653.134300231934 467.577377319336 573.038105010986 650.592542648315 620.721653938293 566.825542449951 558.962436676025 540.912490844727 673.131217956543 691.345636367798 711.222969055176 486.31591796875 600.419990539551 627.495124816895 628.22619342804 866.186767578125
713.375137329102 569.978649139404 612.226734161377 549.735182762146 487.277374267578 458.091423034668 472.7158203125 502.151279449463 537.303305625916 466.900192260742 509.009029388428 581.857519626617 631.381492614746 572.687275528908 570.801538467407 590.014957427979 564.854051589966 455.320053100586 409.958801269531 487.593933105469 479.451553344727 614.88098526001 523.231300354004 588.044628143311 547.685852050781 610.172210693359 593.490407943726 561.273887634277 591.065690040588 590.969593048096 597.219531059265 528.231151580811 579.01570892334 571.877202749252 651.237609863281 483.710548400879 570.629180908203 574.979957580566 709.976875305176 658.885738372803 545.144119262695 689.418640136719 773.597229003906 708.831245422363 617.444328308105 566.893264770508 582.817596435547 587.731391906738 547.113578796387 612.765331268311
698.208435058594 636.36922454834 705.539321899414 578.074520111084 466.150451660156 537.778151988983 498.459037780762 596.914379119873 395.464431762695 559.000293731689 298.224243164062 471.734512329102 536.422538280487 621.373779296875 571.255463778973 488.882694244385 647.542388916016 499.674758911133 433.242042541504 547.950904846191 550.295602798462 584.516220569611 587.03999042511 552.876667976379 522.890487670898 499.905654907227 525.714538574219 646.097286224365 556.017848968506 544.685775756836 637.650196075439 592.591327667236 658.34928894043 768.86100769043 640.208866119385 704.95622253418 533.873107910156 715.753555297852 698.743095397949 648.359893798828 616.93924331665 656.089508056641 649.039889335632 801.502059936523 590.395978689194 674.513399124146 554.215805053711 554.223526000977 489.875595092773 484.299873352051
760.375 595.340084075928 532.030220031738 593.167680740356 444.530395507812 565.863731384277 575.179124832153 502.254409790039 695.611801147461 668.303192138672 572.397230148315 462.041679382324 572.581195831299 599.976749420166 560.276912868023 481.94393157959 572.50156211853 523.129035949707 423.950820922852 432.59748840332 474.080596923828 458.149116516113 490.953964233398 513.652359008789 584.869231700897 381.128463745117 441.807434082031 563.796052932739 708.114028930664 433.575836181641 584.263744950294 697.30029296875 578.835384368896 603.47794008255 625.714834213257 662.97106552124 678.773292541504 627.130325317383 650.802619934082 690.370674133301 578.420221328735 568.915752410889 659.619989395142 771.092391967773 664.757869720459 567.229480743408 471.728561401367 453.287857055664 522.267593383789 565.598011016846
533.804317474365 510.086338043213 362.050964355469 450.594192504883 610.539405822754 508.392807006836 585.366939544678 512.200923919678 535.014391344972 594.174621582031 518.811138153076 443.601066589355 377.290374755859 331.249282836914 372.878204345703 468.685760498047 505.144859313965 542.567951202393 548.478172302246 634.250827789307 392.811233520508 550.647012710571 674.63533782959 630.551216125488 596.096828460693 655.161289215088 482.597877502441 496.949676513672 470.819129943848 477.493614196777 478.85050201416 655.5217628479 660.168048858643 605.499448776245 572.276954650879 607.412282943726 710.783958435059 693.971450805664 622.211135864258 596.642405509949 650.968048095703 621.462558746338 711.694160461426 491.533813476562 509.317428588867 458.029434204102 610.14294052124 566.20881652832 598.258876800537 608.110265731812
472.180061340332 397.930480957031 393.533569335938 578.52477645874 538.483639717102 514.37215423584 608.483276367188 488.440147399902 442.584312438965 461.730201721191 524.718107223511 556.639201641083 448.715751647949 302.437713623047 368.154800415039 612.69665145874 626.151786804199 645.643867492676 676.934715270996 594.213283538818 467.579833984375 568.883806228638 484.232833862305 519.145301818848 452.047393798828 605.7760887146 646.648921966553 573.824854850769 509.445281982422 550.594135284424 597.791357755661 532.415542602539 496.076141357422 570.418258666992 585.865123748779 612.250368118286 744.063262939453 731.816116333008 683.138343811035 663.48233795166 672.338150024414 605.145723342896 639.879640579224 553.931972503662 524.998123168945 665.461360931396 741.00643157959 681.982044219971 587.246032714844 699.381607055664
433.439888000488 409.205184936523 546.537914276123 592.190551757812 581.076021194458 561.634355068207 672.373275756836 590.091907501221 532.682923316956 623.919631958008 527.787107467651 564.538340568542 541.234121322632 461.918159484863 474.05598449707 517.50399017334 429.779754638672 599.92326259613 501.56330871582 656.88525390625 687.461982727051 555.441459655762 671.18244934082 649.324779510498 629.19521522522 648.692184448242 606.806655406952 530.267578125 542.420555114746 537.005031585693 510.959831237793 619.276691436768 496.924980163574 451.568061828613 474.629440307617 736.361618041992 747.048240661621 711.289260864258 748.211334228516 567.9401679039 504.35710144043 579.766014099121 565.425109863281 607.852037906647 569.598342895508 620.665046930313 777.350067138672 720.464263916016 593.298099517822 610.863143920898
514.433319091797 617.722354888916 586.797328948975 640.78345489502 487.679992675781 593.059768676758 465.65210723877 541.771686553955 504.871379852295 578.565496444702 578.365201950073 604.370067596436 696.989379882812 555.777310848236 481.296539306641 503.602142333984 597.247468948364 591.884522438049 745.539779663086 772.362121582031 587.495584487915 732.006889343262 644.228589296341 514.493194580078 635.447265625 585.611711502075 548.474800109863 695.744606018066 652.625648498535 587.847459316254 488.969551086426 632.954933166504 647.78857421875 563.135423660278 547.328907012939 536.051864624023 622.131288528442 570.83055973053 723.16015625 783.968887329102 560.710767745972 426.115951538086 495.199356079102 566.624435424805 581.75251865387 735.145553588867 805.984588623047 765.728149414062 658.328758239746 685.144359588623
378.59001159668 656.625175476074 410.967514038086 570.332419395447 533.608818054199 537.960868835449 508.955539703369 577.218027114868 521.019287109375 661.609344482422 509.405437469482 479.14453125 681.565689086914 563.321329116821 573.120504379272 581.570683479309 503.689758300781 540.558055877686 512.419639587402 692.439628601074 618.281354546547 697.736148834229 722.023307800293 618.067947864532 616.983383178711 542.212322235107 589.180696487427 628.454889774323 591.053506851196 512.546157836914 523.216781616211 615.433309555054 605.337121963501 546.070434570312 546.019485473633 476.021774291992 543.746288299561 684.520561218262 757.090759277344 681.898635864258 615.149406433105 621.07751083374 534.718528747559 672.434944152832 625.778697967529 744.238159179688 753.783355712891 694.787315368652 593.43762588501 585.418647766113
887.283416748047 678.273124694824 442.764556884766 566.802689552307 637.886322021484 526.635681152344 549.201757907867 505.658561706543 585.390542984009 525.956922531128 562.283969402313 426.7578125 605.413257598877 597.793824195862 634.346366882324 634.021068096161 605.842525482178 556.859840393066 543.01921081543 755.552383422852 815.494018554688 655.445140838623 678.963352680206 498.70923614502 643.480903625488 594.619916915894 767.636260986328 689.858642578125 633.695343017578 440.591766357422 644.44038772583 708.014854431152 505.864517211914 537.5505027771 564.555882453918 479.166358947754 626.421421051025 675.566688537598 698.91529083252 714.071800231934 685.84899520874 546.940013885498 657.288372039795 807.569519042969 616.575860977173 761.249313354492 613.674001693726 617.301794052124 487.882774353027 509.856254577637
761.94457244873 651.673356056213 759.390296936035 832.387557983398 448.636199951172 623.990711212158 622.280618667603 641.897407531738 595.096185684204 519.111515045166 472.992073059082 494.238304138184 434.862106323242 532.622634887695 599.903312206268 597.645412445068 447.167037963867 607.578117370605 732.372772216797 667.937713623047 616.589561462402 651.130191802979 550.925224304199 605.698966503143 729.844944953918 562.151634216309 443.25505065918 683.935886383057 574.882987976074 587.060237884521 610.471802711487 597.744701862335 521.95482635498 559.493761062622 562.269502639771 639.590381622314 539.295959472656 593.441659927368 630.888816833496 563.685936450958 597.517196655273 461.251861572266 780.486877441406 656.194248199463 782.967681884766 561.204162597656 537.401355743408 619.022609710693 667.378814697266 513.214164733887
608.742637634277 455.804306030273 444.450454711914 573.137760162354 608.758940696716 644.476512908936 561.406455516815 417.640731811523 506.27180480957 470.310813903809 586.611767292023 613.763793945312 597.170960426331 498.842819213867 507.014671325684 616.353834152222 569.172267913818 672.400249481201 635.119644165039 657.385480880737 661.664348602295 695.810878753662 683.450996398926 601.964157104492 666.531776428223 753.495692253113 513.037353515625 555.754943847656 562.653015136719 590.520324707031 600.171450138092 650.692623138428 672.512245178223 586.329255104065 608.010364532471 623.381910324097 484.258697509766 624.875613689423 500.154769897461 474.187118530273 406.130981445312 515.250625610352 755.184341430664 826.320373535156 620.515830993652 693.852005004883 579.487080574036 552.194389343262 631.518630981445 723.379707336426
550.424422264099 587.657947540283 464.702613830566 592.485508441925 720.906051635742 607.89280128479 457.417686462402 422.079467773438 452.484497070312 611.531342029572 513.183120727539 491.956123352051 552.083631515503 597.993978500366 715.334312438965 629.940089225769 615.795652151108 639.184617042542 665.832357883453 623.296165466309 596.087490081787 678.981056213379 735.050506591797 664.187362670898 550.444597244263 472.197860717773 567.386173248291 583.147954940796 642.418507575989 515.91828918457 648.934116363525 586.811897277832 678.960952758789 587.307454109192 536.030876159668 586.110233306885 574.999536514282 489.064010620117 523.101264953613 513.037818908691 653.902648925781 762.625228881836 813.622344970703 729.001129150391 661.524429321289 595.181400299072 641.293186187744 474.423950195312 596.992210388184 521.401107788086
518.198566436768 344.579559326172 651.385192871094 684.33522605896 640.197704315186 555.983604431152 576.289361953735 364.631240844727 428.196640014648 609.159776687622 620.784576416016 682.459442138672 687.668869018555 681.63597869873 904.938896179199 639.06135892868 712.45223236084 758.913059234619 572.155097961426 611.024854660034 605.078842163086 678.00163269043 730.458938598633 503.682577133179 670.162414550781 460.336410522461 640.452756881714 714.911010742188 783.966186523438 689.278697967529 635.265717744827 719.31921005249 705.535903453827 729.313067436218 708.479347229004 638.334188461304 561.406558990479 511.207962036133 540.23560333252 588.280148029327 688.950698852539 761.10546875 611.567357063293 740.619094848633 546.386806488037 633.621156692505 651.22095489502 595.125640869141 509.976303100586 596.431156158447
528.61344909668 502.390670776367 681.403961181641 823.888946533203 555.97998046875 572.119830131531 551.227388381958 376.121994018555 319.686950683594 365.607116699219 564.717880249023 713.440002441406 644.637969970703 917.988476753235 976.216094970703 706.563575744629 757.200759887695 885.985504150391 597.197608947754 607.545736312866 624.346591949463 640.769577026367 737.38037109375 609.823528289795 625.985889434814 671.255859375 659.303190231323 686.411178588867 690.95792388916 618.028350830078 661.0250415802 746.418754577637 800.252777099609 793.18244934082 767.400360107422 657.435581207275 424.990264892578 617.386585235596 716.713989257812 610.862369537354 563.688762664795 638.208507537842 687.73119354248 497.887641906738 673.589851379395 588.328094482422 694.506362915039 617.290012359619 688.274429321289 642.778854370117
670.061225891113 661.446103572845 724.276611328125 1041.36924743652 610.355419158936 675.024048805237 629.580421447754 337.726287841797 287.026702880859 456.836791992188 548.74821472168 1115.09498596191 737.529029846191 1197.06016540527 963.562545776367 743.600799560547 784.877922058105 876.408912658691 723.130159378052 705.20528793335 628.19356918335 490.320678710938 664.659660339355 488.158500671387 512.705101013184 814.929534912109 723.047508239746 696.108654022217 561.925354003906 668.633962631226 691.201477050781 680.940616607666 910.115203857422 797.834060668945 742.038749694824 687.60697555542 543.777183532715 492.569480895996 537.057540893555 589.154908180237 558.988212585449 598.484159469604 674.620098114014 579.387950897217 629.694145441055 539.582794189453 619.849954605103 625.524322509766 705.824920654297 690.66247177124
778.579429626465 719.672332763672 564.49530506134 724.79377746582 814.023552894592 680.367080688477 680.21314239502 674.024658203125 488.10481262207 964.15580368042 540.416389465332 637.84937286377 614.874753952026 661.401718139648 667.867179870605 756.125457763672 728.133255004883 564.560707092285 813.331264972687 691.038117110729 654.607565164566 583.435863494873 583.635749816895 675.463111877441 648.544270515442 630.751129150391 523.028930664062 482.095581054688 538.813468933105 518.574890136719 650.671361923218 719.471420288086 752.234436035156 780.216491699219 651.593023300171 646.067207336426 508.854454040527 573.137916564941 666.166664123535 646.665100097656 710.64176940918 564.43563079834 701.426689147949 557.960311889648 590.036380767822 600.461368560791 631.79253578186 615.219924926758 622.652242660522 628.080062866211
624.873690605164 630.094909667969 582.02907705307 533.864671707153 660.053253173828 784.396766662598 613.860851287842 709.943893432617 502.57593536377 841.722312927246 587.905242919922 528.812969207764 619.251792907715 414.644309997559 529.527229309082 534.421924591064 450.402908325195 682.004886627197 666.514005661011 880.342811584473 539.473300933838 438.78524017334 485.758262634277 543.90672492981 650.107233047485 700.224433898926 669.362809181213 564.47533416748 657.330274581909 599.959358215332 700.764831542969 617.641132473946 624.493690490723 646.114797592163 553.364482879639 554.375755310059 495.938255310059 586.085800170898 665.61954498291 740.617088317871 658.3310546875 756.310546875 569.91520690918 616.748397827148 702.029033660889 699.471324920654 681.197793960571 640.077816009521 463.667938232422 605.495288848877
680.22331237793 581.736749649048 648.903076171875 465.68098449707 612.560882568359 651.216033935547 490.497550964355 660.010299682617 480.401657104492 603.35498046875 707.362663269043 668.960906982422 635.946784973145 566.762084960938 599.644439697266 670.61449432373 377.852401733398 520.738188266754 517.989444732666 933.993379592896 620.270317077637 465.002288818359 860.718573093414 769.935518264771 543.313301086426 656.880007743835 628.166549682617 649.50426864624 600.623920440674 551.262908935547 576.87571811676 610.087968707085 652.298998832703 663.038554668427 563.244827270508 583.255920410156 540.951705932617 694.538269042969 631.006760597229 509.731002807617 684.319278717041 696.927223205566 439.898361206055 554.246437072754 616.527153015137 764.359939575195 858.5703125 642.308116912842 595.008926391602 564.019905090332
593.456497192383 616.467445373535 701.423645019531 643.469648361206 792.579376220703 681.251342773438 690.024505615234 617.011940002441 650.087364196777 804.738960266113 829.09587097168 791.475128173828 743.057369232178 625.599105834961 589.58056640625 614.533081054688 577.848403930664 556.057395935059 648.035749435425 799.904327392578 615.897346496582 413.557113647461 598.928810119629 497.856689453125 768.25358581543 542.377227783203 541.910873413086 732.440887451172 568.304443359375 435.856491088867 627.55192565918 609.114750862122 789.861083984375 634.82453918457 503.90657043457 706.308750152588 685.624786376953 661.868255615234 679.640056610107 668.364971160889 686.113773345947 607.179126739502 453.323837280273 637.531114578247 535.446395874023 702.180233001709 718.36629486084 687.037767410278 762.707511901855 666.335519313812
608.780975341797 741.796318054199 897.299011230469 709.701256275177 -9999 -9999 -9999 -9999 -9999 -9999 -9999 -9999 -9999 -9999 -9999 657.815452575684 679.383525848389 822.10912322998 649.649612426758 572.836647033691 617.827306747437 580.599697113037 471.21842956543 368.437850952148 521.072189331055 549.288291931152 942.845367431641 516.279373168945 583.874931335449 851.57991027832 567.618425369263 590.647464752197 705.095043182373 842.254196166992 665.080021858215 598.197311401367 627.224155426025 664.232730865479 575.233993530273 591.794502258301 493.66764831543 570.804420471191 610.082153320312 540.508575439453 536.555252075195 624.972343444824 629.189064025879 574.211006164551 643.80632019043 729.252876281738
-9999 -9999 -9999 -9999 -9999 -9999 -9999 -9999 -9999 -9999 -9999 -9999 -9999 -9999 -9999 -9999 -9999 -9999 627.832656860352 616.293647766113 669.839904785156 708.317356109619 705.812267303467 520.912872314453 526.812026977539 521.417662620544 770.298515319824 633.535927772522 666.702077865601 549.644886016846 557.21915435791 986.344078063965 557.598533630371 574.602928161621 611.594593048096 673.435516357422 530.055549621582 605.125205993652 623.531789779663 687.526634216309 612.500518798828 595.558212280273 565.800605773926 567.301094055176 595.301826477051 689.884719848633 665.143810272217 782.67724609375 718.387664794922 709.878879547119
