simdem/realisation54.asc
NCOLS 350 
NROWS 171 
XLLCORNER 152620 
YLLCORNER 418050 
CELLSIZE 100 
NODATA_value -9999 
[rows 22 to 43 of 171, columns 50 to 99 of 350]
-9999 -9999 -9999 -9999 -9999 -9999 -9999 -9999 -9999 554.88257598877 578.175521850586 596.850212097168 669.257628440857 526.31867980957 302.714401245117 276.908172607422 332.77490234375 494.005729675293 594.886039733887 693.825233459473 558.088600158691 578.436592102051 693.104537963867 619.692470550537 780.436965942383 559.199920654297 630.498235702515 736.142211914062 725.256935119629 643.671043395996 708.813575744629 559.759544372559 478.660568237305 582.261283874512 555.180953979492 514.28987121582 639.743545532227 662.076263427734 565.650813102722 568.332990646362 466.468803405762 538.032117843628 1075.08671951294 702.422155857086 692.212265014648 673.45947265625 627.146648406982 645.175277709961 525.914455413818 1330.75595092773
-9999 -9999 -9999 -9999 -9999 -9999 -9999 -9999 819.836715698242 525.236625671387 516.460464477539 510.160690307617 449.374969482422 256.036926269531 403.30004119873 519.00651550293 495.271430969238 571.142570495605 685.436740875244 582.386280059814 668.256771087646 808.582206726074 691.231292724609 689.831219673157 750.160755157471 579.527656555176 557.845754623413 530.456489562988 615.062225341797 718.842254638672 577.9069480896 426.753051757812 473.507202148438 482.632522583008 431.211563110352 610.008697509766 576.099860191345 956.462987184525 690.25984954834 1025.91796875 817.150975704193 559.626987457275 645.326881408691 614.306076049805 532.136817932129 604.115728974342 551.817363739014 649.41125869751 429.970138549805 1037.83471679688
-9999 -9999 -9999 -9999 -9999 -9999 -9999 850.807586669922 788.110870361328 879.561408996582 537.236038208008 446.72688293457 355.193878173828 458.691999435425 497.199531555176 562.644714355469 659.647315979004 696.779525756836 630.192972183228 665.014896392822 554.241333007812 621.461006164551 481.88500213623 727.915000915527 708.938362121582 600.156737327576 525.585693359375 540.58980178833 656.884750366211 1152.24712371826 701.83470249176 548.347877502441 591.423286437988 397.763977050781 625.197967529297 517.716613769531 537.116989135742 686.543737411499 609.047976016998 606.012891769409 581.515058517456 542.149620056152 648.237144470215 534.390663146973 570.154583930969 656.533157348633 549.953758239746 443.87281036377 402.105865478516 869.091049194336
-9999 -9999 -9999 -9999 -9999 -9999 695.289489746094 478.270690917969 672.024749755859 904.673713684082 525.644973754883 685.701553344727 539.523315429688 685.987373352051 604.098686218262 655.351844787598 680.952457427979 658.318044662476 618.102066040039 664.673934936523 555.416320800781 703.905174255371 470.666694641113 554.484107971191 638.742435455322 518.758972167969 580.034515380859 1232.79684448242 714.404342651367 945.850051879883 790.71545791626 574.346572875977 676.534782409668 694.386795043945 546.424255371094 561.832977294922 562.29850769043 612.846814155579 616.909252166748 562.877153396606 704.877479553223 476.953872680664 430.412498474121 534.078365325928 604.699165344238 640.354187011719 531.268825531006 497.359954833984 587.085509300232 765.778079986572
-9999 -9999 -9999 -9999 -9999 663.402252197266 549.759586334229 423.732490539551 429.427093505859 522.699813842773 562.33275604248 599.341747283936 771.690444946289 775.116104125977 620.333404541016 683.235809326172 579.687536716461 603.12816619873 501.456031799316 508.76830291748 692.452996015549 472.035034179688 560.870680809021 488.331321716309 649.751358032227 649.861877441406 681.136352539062 759.845947265625 884.511180877686 724.903797149658 603.995513916016 739.537536621094 538.077880859375 620.545827865601 782.122207641602 746.38436126709 522.315982818604 465.517753601074 601.21039390564 500.445728302002 650.996070861816 592.003637313843 320.288818359375 581.932173013687 621.557418823242 561.954717636108 592.887393951416 702.000534057617 422.239181518555 680.969772338867
-9999 -9999 -9999 -9999 525.400058746338 666.747013092041 570.489757537842 498.772402763367 386.405166625977 570.092658996582 655.257886886597 744.720789909363 705.294418334961 603.144094467163 666.801124572754 788.975048065186 623.505477905273 591.827262878418 567.138270974159 515.20979309082 530.313480377197 569.162782669067 533.566202163696 852.614639282227 1004.55701065063 763.875671386719 702.323329031467 708.136535644531 622.919784545898 627.965576171875 564.232299804688 679.100879669189 643.867095947266 625.698345184326 687.256900787354 785.613967895508 680.988777160645 676.998626708984 598.903898239136 624.770742416382 571.777888059616 473.883666992188 445.007682800293 570.329515457153 639.638748168945 499.533950805664 485.634586334229 536.632526397705 495.681213378906 604.136474609375
-9999 -9999 -9999 1026.7608795166 538.160545349121 542.099117279053 507.959754943848 317.611129760742 608.450328826904 551.081298828125 672.189895629883 627.108379364014 513.963989257812 569.661285400391 706.786251068115 688.449272155762 742.166179656982 621.48508644104 437.753570556641 414.11164855957 515.102857589722 539.105461120605 851.082224845886 621.155607223511 677.839508056641 526.549438476562 567.2721824646 527.061264038086 559.956243515015 523.647254943848 424.427963256836 512.146314620972 451.200881958008 497.277565002441 543.014482498169 507.161956787109 652.010723114014 521.533615112305 715.688255310059 518.61176776886 423.422012329102 510.650588989258 467.094062805176 518.994378089905 609.192893981934 546.741689682007 606.765327453613 527.481256484985 512.486137390137 552.787796020508
-9999 -9999 784.347999572754 1130.91281890869 441.221395492554 441.089233398438 650.54275894165 509.814510583878 564.65901184082 710.438159942627 596.468536376953 587.318759918213 707.835235595703 741.824266433716 731.427001953125 608.397985458374 654.909971237183 602.35013961792 915.120555877686 573.166408538818 1250.09272956848 458.606307983398 523.41460609436 579.067897796631 508.009129047394 499.201765060425 532.795875549316 545.663820266724 388.828918457031 501.030596256256 518.230750620365 610.7408452034 419.346755981445 506.763071060181 578.73588180542 601.512382507324 605.715049743652 547.260420322418 533.155468940735 399.151168823242 478.911673545837 513.144193410873 411.486625671387 560.831581115723 425.145439147949 506.630094826221 475.275321960449 456.113639831543 500.809314727783 707.268142700195
-9999 -9999 662.31128692627 1099.46566390991 1138.24039077759 450.435266971588 698.132019042969 546.564647674561 460.564849853516 578.468597412109 543.476737976074 513.072114229202 835.842712402344 858.870132446289 965.222595214844 666.788244247437 569.495491027832 520.437908172607 896.91223526001 707.116889953613 569.950126647949 581.904950141907 502.152740478516 539.801808357239 408.532115936279 476.396638870239 563.886909484863 431.065689086914 420.719385147095 414.484748840332 439.576854705811 478.886852264404 430.808670043945 454.440307617188 377.086784362793 385.210624694824 513.26766204834 572.008417129517 542.315149307251 380.276306152344 337.462188720703 439.794464111328 417.494010925293 495.066692352295 529.742469787598 545.744869232178 485.862887382507 511.926084518433 536.698605537415 626.420341491699
-9999 706.794921875 667.699424743652 520.531326293945 589.805913925171 453.304412841797 588.696159362793 710.11403799057 671.549133300781 510.17325592041 581.618999481201 616.106792449951 708.056694030762 793.040802001953 708.479537963867 737.74910736084 614.698226928711 530.826805114746 608.844223022461 634.789451599121 704.26969909668 527.872285842896 549.508377075195 476.876516580582 381.004692077637 477.757681846619 444.541372299194 410.951644897461 298.174301147461 378.899955749512 234.605041503906 430.651885986328 412.852130889893 370.609977722168 524.795967102051 384.66854095459 459.469714403152 384.219329833984 514.093452453613 331.552337646484 414.933731079102 563.09423828125 532.777729034424 482.276443481445 717.894424438477 538.268805503845 378.827926635742 423.45149230957 579.716735839844 597.072010040283
530.772323608398 517.063262939453 571.770961761475 536.474136352539 502.343627929688 372.967742919922 484.673049926758 676.467166900635 646.410670280457 576.490737915039 587.670375823975 840.811332702637 667.923892021179 630.784320831299 601.162990570068 657.519691467285 564.786361694336 578.951881408691 632.504089355469 449.626892089844 678.533172607422 582.418495178223 450.127203941345 485.975292205811 396.647300720215 384.259155273438 454.584007263184 489.81004524231 371.321640014648 457.384883880615 411.087211608887 365.104377746582 390.921997070312 383.012069702148 534.520988464355 384.558219909668 470.229516983032 425.529891967773 394.763298034668 361.779769897461 408.855937957764 536.8022108078 395.262313842773 477.735612869263 671.536956787109 620.330696105957 678.22265625 610.271881103516 456.581741333008 687.138885498047
618.325713157654 513.476119995117 527.153406143188 564.349945068359 525.824451446533 449.504364013672 550.457565307617 548.04322052002 637.149919509888 819.596893310547 763.536136627197 674.700325012207 593.612766742706 506.437843322754 543.208084106445 374.252326965332 502.602764129639 413.321998596191 518.319801330566 462.495784759521 555.368988037109 439.222505569458 396.588096618652 537.530769348145 511.303192138672 501.654289245605 590.81559753418 496.60101890564 437.032381057739 411.677242279053 402.00902557373 420.02766418457 290.785415649414 391.727569580078 434.245470046997 424.373420715332 485.696327209473 455.463607788086 436.061485290527 454.770787596703 495.256362915039 571.236427307129 505.401174545288 505.922634124756 582.829643249512 541.819343566895 496.239275932312 290.835983276367 381.649154663086 592.530059814453
685.512748718262 536.224035263062 389.70556640625 607.739391326904 605.702342987061 475.666076660156 552.868026733398 435.498844146729 761.880931854248 595.260192871094 656.959331512451 664.917350769043 510.580932617188 563.212306976318 406.628295898438 533.295265197754 490.461920261383 517.108258247375 425.196968078613 541.530979156494 458.845024108887 420.665044784546 328.239410400391 445.809792518616 458.989722490311 600.00993347168 716.682876586914 553.896812438965 470.134610652924 457.588424682617 442.652984619141 384.515266418457 439.488832473755 335.109519958496 494.751396179199 492.776510715485 485.428057670593 428.229431152344 435.508573532104 412.740730285645 482.794858932495 505.226860046387 410.251346588135 429.759517669678 469.867017745972 424.660488128662 450.450387954712 374.906669616699 426.07942199707 531.760684967041
549.877471923828 611.708297729492 639.248794555664 641.566909790039 549.217365264893 648.600456237793 577.311626434326 837.06462097168 521.554191589355 683.959075927734 654.449417114258 481.475517272949 672.435920715332 480.614036560059 363.929870605469 331.673492431641 455.950843811035 453.430919647217 499.417953848839 591.751731872559 464.64223074913 412.303424835205 368.199348449707 475.675636291504 423.434496104717 420.765073776245 590.105110168457 644.880905151367 489.214416503906 544.887428283691 430.256870269775 436.080423355103 489.321796417236 405.854400634766 422.461887359619 431.116161346436 477.783304214478 409.955589294434 321.608581542969 348.06428527832 490.808471679688 450.43696975708 456.981800079346 429.660926818848 497.916194915771 474.814532279968 365.92798614502 340.84733581543 436.5168800354 566.063186645508
597.143627166748 666.219032287598 579.763374328613 528.080471038818 685.644821166992 501.214515686035 598.914291381836 889.580123901367 809.019302368164 839.989429473877 498.536529541016 541.378326416016 517.327095508575 533.808044433594 544.202165603638 450.155639648438 458.641235351562 638.583145141602 549.615539550781 488.140717983246 349.099723815918 364.215995788574 312.198348999023 354.174774169922 344.184860229492 382.445594787598 403.705450057983 423.373180389404 434.546582221985 434.845899105072 401.090103149414 422.015595197678 539.540176391602 437.607224464417 464.892443656921 468.517740249634 490.612201690674 449.033870458603 420.762378692627 353.360359191895 580.111633300781 390.281200408936 556.333122253418 484.589466094971 468.510425567627 434.611260414124 470.663223266602 562.938873291016 563.286582946777 509.820545196533
640.097175598145 486.649778366089 526.387775421143 596.179313659668 716.506622314453 546.108097076416 643.225448608398 517.721078872681 801.508499145508 803.778419494629 513.132068634033 661.371109008789 447.205841064453 448.350311279297 488.470993041992 499.053268909454 526.938028335571 565.455963134766 432.549108505249 476.854962825775 299.168380737305 291.443939208984 192.606384277344 360.079734802246 434.170210972428 362.84398651123 105.638458251953 360.017143249512 345.54239654541 464.216213226318 399.489612579346 414.492636203766 513.314765930176 447.827016830444 359.635231018066 362.890609741211 562.9931640625 645.782287597656 362.980247497559 404.927360534668 517.57657623291 355.14079284668 623.437408447266 553.88720703125 502.163188934326 348.343925476074 405.69612121582 476.69556427002 413.435550689697 487.77933883667
538.943214416504 439.377075195312 501.058164596558 530.868476867676 442.218070983887 447.857660293579 567.261505126953 1049.17672491074 1109.62727355957 1142.89420437813 465.815307617188 410.678565979004 458.886604309082 594.193885803223 562.28076171875 390.835319519043 279.941345214844 446.343441009521 433.274351119995 447.982332229614 388.313545227051 346.191520690918 324.132095336914 509.828140258789 315.918846130371 404.174346923828 369.490165710449 316.124122619629 352.311706542969 369.384483337402 430.148718357086 415.432594299316 468.700206756592 469.839351654053 347.299659729004 355.651031494141 428.972036361694 414.326122283936 307.104934692383 357.442169189453 482.556407928467 363.171943664551 481.652313232422 386.981548309326 437.737839698792 377.54524230957 366.530181884766 489.845094680786 453.297605514526 551.526695251465
516.11697769165 442.290691375732 496.130958557129 774.446914672852 345.173034667969 490.513198852539 606.288131713867 608.716334342957 554.144256591797 626.372535705566 451.686149597168 611.338397979736 436.758308410645 532.286651611328 394.31640625 334.012634277344 311.792633056641 345.858406066895 369.046142578125 372.96142578125 404.862678527832 429.218435287476 414.142768859863 409.345157623291 431.20761680603 363.22338104248 310.73706817627 369.181148529053 323.200523376465 323.595329284668 347.830787658691 445.546043395996 509.734504699707 478.510272979736 288.458709716797 257.020584106445 259.899291992188 436.553419113159 423.986507415771 452.13506603241 385.948310852051 564.979969024658 465.680025100708 409.048545837402 446.1259765625 468.336319923401 508.391147613525 621.937789916992 595.332107543945 484.57356262207
555.401222229004 587.685253143311 681.477020263672 602.33129119873 695.535573005676 454.733652114868 524.824359893799 584.566734313965 519.71263885498 671.012875556946 620.940380096436 501.239681243896 538.99555850029 476.572895050049 563.816482543945 488.390503644943 538.315994262695 538.233123779297 386.04736328125 308.728225708008 566.607360839844 551.910369873047 399.573938369751 470.863567352295 543.759712219238 407.187242865562 323.697715759277 464.688125610352 437.904975891113 369.738964080811 423.987981796265 638.462631225586 613.433700561523 435.993374347687 216.619430541992 381.458351135254 349.517601013184 448.935936450958 423.95517539978 501.528266906738 450.477987289429 397.026641845703 339.731826782227 435.835975646973 498.195369720459 455.411654472351 445.153816223145 618.705154418945 556.406852722168 574.021377563477
509.930780410767 587.473526000977 611.525707244873 749.760757446289 854.779174804688 499.813411712646 539.919799804688 652.06164264679 723.982009887695 1070.59225463867 527.735034942627 590.402222633362 456.742164611816 433.24454498291 539.95383644104 519.249214172363 473.282434463501 552.78889465332 481.873603820801 432.695095062256 476.66668510437 564.699600219727 320.232521057129 540.487976074219 367.806694030762 294.482528686523 378.928844451904 378.766910552979 467.114368438721 351.792274475098 483.685997009277 396.147874832153 564.330139160156 516.482536315918 352.129772186279 320.829414367676 378.926952362061 378.539421081543 417.322193145752 393.336044311523 337.096054077148 474.353868484497 520.520492553711 387.774345397949 452.671879768372 426.173637390137 429.572631835938 520.803550720215 386.234634399414 399.980360984802
714.696594238281 862.560729980469 663.013656616211 770.154439926147 550.210678100586 605.869476318359 601.408177375793 539.449161529541 564.341831207275 503.644037246704 518.363143920898 632.380561828613 471.111614227295 554.139131546021 491.143761634827 567.177318572998 448.403413295746 523.51488494873 547.235870361328 431.046718597412 405.255226135254 423.60320854187 401.065223693848 400.14796257019 451.151630401611 291.968063354492 248.810928344727 282.106918334961 366.236267089844 409.702481269836 476.122039794922 536.144187927246 526.152626037598 516.337074279785 568.808227539062 478.844821929932 448.121849060059 503.238540649414 585.985504150391 410.416667938232 472.811073303223 532.740158081055 473.623607635498 357.027381896973 562.310104370117 462.267951965332 543.933990478516 481.910840988159 472.838569641113 437.412408351898
462.007278442383 765.615447998047 843.637718200684 802.343212127686 366.286842346191 390.741355895996 467.587730407715 369.675888061523 569.634382247925 519.081444740295 724.471115112305 744.205383300781 583.018074035645 560.217693328857 503.338234901428 401.951889038086 547.748832702637 503.686573028564 554.615257263184 498.475875854492 459.554323196411 409.448614120483 274.256790161133 523.636436462402 520.411056518555 442.682671546936 301.207580566406 275.463653564453 472.890064239502 399.888067245483 500.217823028564 541.260665893555 531.429473876953 495.686695098877 594.173370361328 592.323150634766 523.341598510742 462.137985229492 481.218399047852 480.905784606934 413.831901550293 632.348571777344 570.494140625 436.65930557251 400.04553604126 428.852295875549 538.678520202637 540.381942749023 551.534637451172 444.14740562439
