simdem/realisation52.asc
NCOLS 350 
NROWS 171 
XLLCORNER 152620 
YLLCORNER 418050 
CELLSIZE 100 
NODATA_value -9999 
[rows 44 to 65 of 171, columns 200 to 249 of 350]
1030.41648864746 662.461639404297 594.319305419922 564.893540859222 545.544586181641 399.588272094727 671.798837184906 780.411506652832 531.990966796875 455.774444580078 595.51016998291 593.794158935547 700.418088912964 810.151073455811 486.903800964355 435.110153198242 359.104339599609 599.504038333893 593.477205276489 465.688438415527 580.860175132751 530.049201965332 549.722595214844 640.806346893311 545.386631011963 661.034706115723 573.736957550049 756.594036102295 625.631265640259 627.81241607666 647.60919380188 714.219127655029 1205.02709388733 667.847923278809 671.256149291992 691.293943405151 721.415515899658 595.970596313477 743.900005340576 574.700942993164 538.514190673828 668.138145446777 650.9453125 708.973066329956 763.836540222168 729.417713165283 823.940231323242 712.123557090759 818.811660766602 683.428545951843
1242.20152282715 1606.52754211426 1160.79942321777 952.754745483398 739.981899261475 1015.52014160156 829.069719314575 798.841688156128 729.221459388733 577.829154968262 717.671363830566 571.772872924805 629.53246307373 1029.28943252563 718.108396530151 983.32006072998 636.644691467285 455.13542175293 502.118476867676 625.690746307373 669.773345947266 651.580318450928 605.541393280029 730.200744628906 671.395988464355 633.611114501953 620.20760345459 664.531860351562 524.241905212402 560.274459838867 673.603498458862 580.915534973145 759.819786071777 689.254684448242 651.262066841125 709.529918670654 771.443408966064 631.112743377686 540.285583496094 484.038711547852 491.373565673828 687.515151977539 655.229030609131 720.992496490479 719.154388427734 711.734882354736 713.313057899475 665.005208969116 611.34139251709 669.902889251709
678.254280090332 912.835968971252 1523.8902015686 1133.41083145142 649.461353302002 809.393829345703 716.378111362457 877.868713378906 655.455352783203 612.813026428223 525.688854217529 561.652299880981 525.850997924805 751.805862426758 725.504749298096 788.078750610352 1286.66317749023 658.367279052734 470.621353149414 577.051431655884 681.374885559082 644.954479217529 739.664245605469 764.831329345703 591.065019607544 538.19677734375 675.267478942871 581.368301391602 622.419442176819 584.024105072021 609.490293502808 481.204971313477 582.672023773193 590.099685668945 764.519058227539 753.913505554199 762.879333496094 676.198532104492 663.509478569031 584.634773254395 472.718597412109 592.645195007324 586.933532714844 606.917839050293 628.681587219238 689.700563907623 669.329725265503 776.023559570312 805.149719238281 701.642363548279
496.300559997559 534.119033813477 781.290107727051 1170.79971313477 787.788314819336 668.503101825714 985.996307373047 856.662521362305 652.04061126709 453.07405090332 417.949600219727 517.801345825195 631.34659576416 706.963020324707 744.310375928879 971.538294792175 1207.2995223999 1905.30494689941 1355.27656555176 675.556175231934 565.227711677551 714.541809082031 650.183139801025 666.745185852051 611.059043884277 575.490478515625 624.361971855164 620.091182231903 700.980346679688 706.35758972168 608.757545471191 741.796020507812 646.520902633667 722.140365600586 734.025276184082 646.664747238159 819.444198608398 759.383506774902 626.099586486816 678.234077453613 647.554649353027 672.257591247559 722.596580505371 688.079364776611 755.810020446777 580.363273620605 632.182399749756 740.899921417236 809.105934143066 607.300155639648
435.393478393555 434.380798339844 648.815986633301 516.011947631836 493.033042907715 685.638380050659 706.263580322266 858.861602783203 713.349235534668 477.040504455566 648.616119384766 498.408065795898 608.411651611328 529.971801757812 614.765203475952 690.988471984863 1102.15802288055 1498.24597930908 1140.79614257812 874.223617553711 635.169723510742 576.522933959961 733.865730285645 726.843482971191 552.387420654297 598.533622741699 527.243255615234 757.476425170898 810.781890869141 810.540328979492 731.554054260254 677.202952384949 609.720924377441 696.782985687256 778.663909912109 747.274406433105 726.492599487305 713.961631774902 710.255523681641 734.709781646729 714.745838165283 848.646723508835 648.887630462646 618.816589355469 546.882400512695 647.889125823975 780.762138366699 738.289901733398 679.463798522949 639.642807006836
500.685111999512 499.060035705566 543.720241546631 709.112945556641 560.406569004059 564.685043334961 768.826175689697 721.652198791504 598.660095214844 621.384077072144 553.136775970459 513.085391998291 519.050312042236 567.792675018311 662.448699951172 794.04630279541 797.109039306641 1202.86130332947 1862.23943328857 1495.43112182617 791.384757995605 766.2106590271 621.807472229004 697.038909912109 550.379119873047 530.926063537598 579.895984649658 758.648529052734 781.257965087891 718.696434020996 585.701583862305 716.924446105957 690.072158813477 764.373847961426 707.085800170898 677.680166244507 695.273990631104 666.012922525406 536.899932861328 667.256456375122 873.441452026367 759.063034057617 569.056983947754 1024.2612953186 877.975784301758 929.430107116699 768.633964538574 668.169853210449 736.917755126953 713.340219497681
414.891342163086 418.483001708984 618.29296875 565.055282592773 501.289325714111 536.220897674561 529.418022155762 545.339431762695 811.710418701172 606.327144622803 457.561706542969 478.715614318848 505.923065185547 673.679611206055 541.939125299454 723.086372375488 743.801502227783 1093.97098946571 1468.59642028809 1719.21503257751 878.678363323212 719.366767883301 636.781215667725 421.901672363281 472.753936767578 691.133499145508 501.308517456055 597.955339431763 675.104833602905 524.024368286133 595.228969573975 801.107666015625 725.837562561035 642.017351150513 714.713340759277 655.727222442627 745.022239685059 636.427402496338 677.48088312149 605.771865844727 670.102052688599 689.039274215698 633.608795166016 605.50806427002 1049.05634689331 1104.67549133301 722.327392578125 594.774780273438 568.459373474121 683.057739257812
367.372329711914 544.130958557129 581.814094543457 514.609573364258 572.472805023193 480.800018310547 718.905178070068 666.699859619141 650.165096282959 478.536926269531 643.726007461548 577.136998176575 665.937660217285 641.262023925781 542.127387046814 552.74165725708 619.428688049316 988.637086868286 1351.9075756073 1263.58350372314 1330.91761016846 690.790840148926 519.157577514648 437.816024780273 545.892631530762 455.465972900391 609.337676048279 563.568683624268 442.223724365234 608.142414093018 586.087005615234 619.665063858032 648.412992477417 715.345901489258 609.303295135498 706.141315460205 652.010953903198 651.00048160553 652.399433135986 522.577331542969 588.272430419922 707.369113922119 638.669931411743 671.660003423691 879.491386413574 661.253246307373 880.320053100586 1303.42833709717 598.239959716797 737.865875244141
378.74397277832 479.09561920166 653.694953918457 601.648834228516 531.603561401367 673.48766708374 847.515743255615 660.174278259277 497.997100830078 770.225034713745 777.219589233398 748.861770629883 574.402750015259 609.593022942543 567.968436121941 533.321458816528 641.322648048401 832.069579124451 1004.61779689789 1648.76012802124 1976.22667694092 1302.6238822937 641.939651489258 626.086635351181 575.427127838135 578.672388076782 651.99068069458 622.103343009949 613.225338935852 726.516265869141 566.025924682617 639.280728816986 586.883220672607 657.939475059509 631.881574630737 728.348190307617 736.456695556641 644.294386863708 639.143211841583 578.941329956055 533.612976074219 625.641002655029 718.801132202148 740.698219299316 605.077857971191 742.756683349609 735.734678268433 454.125946044922 942.843139648438 800.057495117188
470.454971313477 478.459342956543 620.421249389648 626.774639129639 388.459335327148 695.960250854492 810.558128356934 744.920829772949 724.219879150391 732.625782489777 885.971908569336 790.681869506836 589.664670944214 612.766733467579 550.241079330444 521.197483062744 545.605964660645 800.670608520508 1031.13800811768 1048.75512695312 1227.26551055908 1404.60335159302 1664.96230316162 745.071495056152 686.49047088623 519.23779296875 553.59094619751 635.754821777344 677.416870117188 586.68968963623 648.893922805786 618.864968299866 679.647380828857 718.43376159668 677.894316673279 685.164451599121 614.278472900391 665.33790397644 640.002861022949 556.779930114746 577.24764251709 686.5002784729 662.567084312439 776.00757598877 717.54061126709 820.673229217529 679.44469833374 832.376937866211 878.292388916016 319.607147216797
555.954578399658 597.578532218933 570.376766204834 623.954916000366 460.360214233398 801.773727416992 499.642959594727 592.291078567505 659.351226806641 708.136468887329 737.112518310547 617.733861923218 786.767547607422 684.655319213867 593.185290336609 701.449188232422 558.012752849609 752.833099365234 632.482462763786 772.418163299561 868.700012207031 1330.99347686768 1662.43590354919 863.409725189209 774.237609863281 545.057388305664 629.737483024597 604.013083577156 542.881645202637 568.740840911865 534.448364257812 499.942184448242 563.426830291748 653.390851974487 611.510488510132 629.37712097168 798.283309936523 686.05891418457 644.183460235596 544.90941619873 592.171569824219 640.378192901611 570.262367248535 699.035232543945 733.872452735901 662.859672546387 705.342704772949 646.728340148926 583.167808532715 571.108047485352
441.707962036133 567.488735198975 531.067451477051 790.595031738281 508.125450134277 648.345531463623 526.889923095703 626.387435436249 621.877754211426 777.69193649292 644.163707733154 543.331184387207 575.566582679749 549.388885498047 601.213701486588 520.476684570312 649.44132232666 728.289596557617 546.897682189941 605.040229797363 715.584209442139 920.995918273926 1099.43853378296 1455.72497558594 758.087066650391 542.222213745117 595.460321426392 567.217653274536 748.277954101562 488.591407775879 589.849358558655 531.49015045166 501.976348876953 614.923614501953 498.546875 522.847137451172 705.080673217773 610.572216033936 642.278563976288 769.135620117188 587.838031768799 548.345016479492 697.134883880615 731.45866394043 812.4931640625 825.1533203125 697.00220489502 684.242237091064 618.004878997803 769.602058410645
520.453002929688 656.203435897827 591.788921356201 497.728729248047 528.104530334473 571.705947875977 618.078073501587 550.721893310547 691.700966835022 738.059366226196 776.364433377981 755.827697753906 632.854066848755 556.125606536865 652.586978912354 739.147266387939 889.883827209473 788.907337188721 812.344715118408 798.166101455688 833.534210205078 938.452558994293 1079.68749237061 1025.76339435577 858.120271682739 509.408973693848 660.807601928711 680.906463623047 621.14665222168 689.133911132812 598.446420669556 654.413105010986 574.634563446045 553.961799621582 532.442451477051 652.318783760071 648.805505752563 685.851741790771 643.68466758728 581.775173187256 700.003753662109 725.657302856445 737.68985748291 889.787338256836 780.522422790527 838.495193481445 850.792953491211 735.567039489746 670.077083587646 749.199310302734
583.435913085938 608.766220092773 574.933937072754 475.555084228516 645.359348297119 542.211791992188 414.108154296875 620.563766479492 776.311080932617 641.430389404297 696.803062438965 836.489479064941 649.311126708984 614.720092773438 620.143351554871 496.809478759766 744.736597061157 729.159622192383 845.267036437988 780.109683990479 789.488307952881 768.224281311035 828.817459106445 900.521204590797 689.160675048828 756.806930541992 598.669356167316 639.835416793823 704.067367553711 646.694133758545 624.278767585754 547.16251373291 613.892681121826 634.475150108337 527.290679931641 768.645629882812 835.26432800293 694.116676330566 747.643775939941 580.638317108154 554.127117156982 679.568387985229 728.403305053711 639.845825195312 807.049133300781 617.98363494873 562.740989685059 757.921272277832 565.764442443848 767.446823120117
665.813499450684 630.511028766632 633.906873703003 602.93811416626 484.75651550293 638.49847471714 688.738681793213 559.499404907227 600.320709228516 561.14281463623 684.331985473633 677.462368011475 617.56761932373 592.305656433105 615.23254776001 724.836812973022 733.024946391582 733.235015869141 751.858057022095 657.388397216797 820.487247467041 832.981994628906 872.720321655273 912.142608642578 652.286254882812 685.658531188965 664.937164306641 712.231018066406 619.601728439331 475.895446777344 483.754386901855 937.515151977539 657.832872390747 488.363830566406 611.322134017944 809.147216796875 766.259689331055 692.239356994629 590.425106048584 660.678287506104 498.384979248047 640.92643737793 668.3759765625 728.313491821289 667.471839189529 555.962074279785 624.875366210938 614.65079498291 669.005903244019 634.724207878113
538.05428314209 660.993217468262 774.882064819336 688.539794921875 545.097114562988 706.165565490723 767.21785736084 665.554832458496 586.968124389648 564.288368225098 540.319061279297 699.033601760864 577.325103759766 661.346286773682 658.985610961914 614.91487121582 670.097522735596 668.180347442627 841.625717163086 930.415672302246 841.478378295898 796.219030380249 856.320581436157 631.016212463379 531.81143951416 640.807632446289 509.359931945801 609.351156711578 567.265209197998 440.222137451172 796.494430541992 894.68238067627 796.517760753632 764.74104309082 739.384693145752 807.558181762695 651.163585662842 657.375267028809 615.227664902806 567.561496734619 654.950702667236 698.520069122314 674.927509307861 652.625442504883 713.902923583984 730.351295471191 531.766204833984 743.409034729004 716.694778442383 672.344195365906
694.835693359375 754.544616699219 676.440971374512 633.815007209778 618.584453582764 636.363605499268 684.381713867188 750.953231811523 614.882755279541 638.017925262451 542.244682312012 682.732204437256 721.87202167511 700.462003707886 672.129888534546 736.440488815308 732.007755756378 744.197032928467 670.261295318604 630.302886962891 808.988785743713 842.526634216309 521.531044006348 454.03498840332 498.946846008301 648.279838562012 677.15616607666 558.398948669434 577.273815155029 705.090545654297 562.450332641602 568.224712371826 567.498390197754 602.403413772583 667.813192367554 836.60463809967 781.063846588135 357.962738037109 473.622817993164 536.269805908203 646.148069381714 722.644256591797 558.107803344727 552.076488494873 662.456642150879 781.719268798828 694.958742141724 677.434911727905 746.644561767578 567.283515930176
654.719951629639 623.268837451935 652.133201599121 621.213371276855 641.619018554688 728.881126403809 674.705192565918 552.25301361084 563.352165222168 512.575073242188 608.775245666504 705.433074951172 609.768498241901 628.329483032227 716.466558456421 867.345329284668 761.814658164978 713.041126251221 718.74828338623 846.408774375916 820.131553649902 609.386402130127 583.898193359375 555.73210144043 618.73217010498 602.142610549927 707.436897277832 665.321336746216 659.877445220947 723.92529296875 633.717884063721 596.699228286743 545.985889434814 521.366104125977 574.496978759766 702.98614692688 846.210884094238 625.735122680664 552.103698730469 577.042819976807 590.436042785645 635.580146789551 708.673263549805 786.238922119141 644.601552963257 651.047170639038 714.12833404541 669.31506729126 607.877750396729 695.625751495361
539.472038269043 494.680778503418 589.073642730713 601.074956893921 546.174873352051 596.705127716064 533.99910736084 630.324743270874 672.519897460938 587.778953552246 698.191398620605 679.859115600586 608.494853496552 568.777069091797 862.996276855469 821.381846904755 771.845081329346 630.81995677948 521.697708129883 634.276744842529 661.860153198242 661.295341491699 441.901443481445 618.147525787354 458.222518920898 597.590082645416 673.942722320557 727.191596984863 620.80393409729 488.958404541016 459.189544677734 594.460718154907 626.9410572052 567.71174621582 397.419769287109 621.508449554443 714.378880500793 1083.03436756134 916.106628417969 609.874786376953 605.937952041626 587.725788116455 608.882476806641 750.919799804688 641.352512359619 635.308292865753 704.949169158936 659.200428009033 730.85530090332 653.083901405334
602.446222305298 587.260341644287 640.413705825806 644.959967553616 608.27105140686 703.945037841797 617.006130218506 679.862125396729 595.785011291504 725.122444152832 800.843826293945 609.56333732605 639.914069831371 579.908279418945 676.644952774048 819.100868225098 616.182641983032 677.098438262939 661.822536468506 492.399421691895 716.320617675781 638.407139897346 665.9762840271 549.789781570435 596.037970542908 547.227905273438 816.946853637695 754.530868530273 618.533169746399 551.20923614502 557.42204284668 624.618747711182 709.19268989563 560.728851318359 526.863891601562 500.448135375977 615.897037506104 988.817161560059 582.762844085693 665.507144927979 638.814478874207 578.610832214355 558.346237182617 657.958604812622 667.894023895264 611.424995422363 551.870849609375 772.985092163086 883.222763061523 658.860479354858
655.986349105835 735.42037987709 587.423065185547 681.746437072754 689.740386962891 790.155868530273 801.692413330078 647.209875583649 723.489234924316 669.869899749756 699.700408935547 803.534851074219 626.421702384949 580.856792449951 534.245300292969 675.528054237366 621.855003356934 688.864761352539 665.022266387939 577.481338500977 633.823279619217 722.484359741211 786.727691650391 614.718984603882 619.022861480713 605.636800765991 636.816772460938 675.258501052856 592.552616119385 591.181819915771 539.037734985352 772.080375671387 606.461334228516 494.33610534668 568.090393066406 546.489448547363 582.321319580078 970.770484924316 683.927101612091 702.083320617676 694.329063415527 726.999027252197 614.799186706543 621.715816497803 704.574951171875 717.168983459473 496.198303222656 621.940687179565 658.234467506409 663.440114974976
575.065254211426 518.688980102539 693.987937927246 609.020133972168 754.386611938477 760.908477783203 694.380393981934 681.100273132324 660.019086837769 517.640126228333 550.633964538574 715.899848937988 569.354187011719 797.861907958984 685.035507202148 577.253452301025 610.819696426392 786.248794555664 738.102935791016 617.851428031921 640.663642883301 596.49732208252 696.808044433594 720.516899108887 723.377349853516 759.928482055664 565.110624313354 569.961971282959 597.888830184937 680.804452136159 613.304206848145 701.341421723366 613.29513168335 593.917140960693 658.334865570068 847.629959106445 849.413505554199 842.329360961914 672.694496154785 814.668106079102 518.305992126465 617.469871520996 589.209785461426 599.729911804199 673.424510955811 805.25244140625 590.023097991943 657.485242843628 720.101348876953 774.378028869629
