simdem/realisation68.asc
NCOLS 350 
NROWS 171 
XLLCORNER 152620 
YLLCORNER 418050 
CELLSIZE 100 
NODATA_value -9999 
[rows 132 to 153 of 171, columns 250 to 299 of 350]
828.953708648682 823.27318572998 710.537391662598 677.803108215332 802.537779331207 600.421188354492 675.355857849121 516.62434387207 695.444030761719 730.358062744141 757.787176132202 743.971930503845 875.462997436523 876.160583496094 806.443758010864 918.388870239258 857.554527282715 881.270980834961 832.261225700378 582.223159790039 653.610763549805 526.919921875 440.120086669922 549.738342285156 677.389657974243 750.709777832031 624.702621459961 706.761640548706 589.19261932373 659.519994974136 704.932849884033 334.238677978516 636.874660491943 703.478515625 681.889728546143 659.050016403198 673.506147384644 715.606464862823 745.260246276855 850.806293487549 896.068313598633 1052.7388458252 699.162719726562 1107.58546447754 1015.55908596516 772.662521362305 958.804214954376 756.30884552002 875.749118804932 1031.33046722412
822.778366088867 830.4328956604 664.955078125 707.918014526367 693.053365945816 524.193588256836 584.6309902668 754.012435913086 734.381833076477 791.335412979126 767.814605712891 883.869621276855 835.027099609375 874.05574798584 831.092552185059 927.275085449219 807.506202697754 919.416382670403 1046.37722396851 728.75349521637 686.034656524658 662.465957641602 457.097747802734 676.172958850861 763.082359313965 607.058700561523 587.882190704346 651.749043464661 678.130912780762 763.007675170898 663.890380859375 671.07689666748 543.003204345703 740.074668884277 767.277931213379 761.625495910645 591.929187774658 640.695518493652 810.024681091309 687.775535583496 690.900001525879 778.946502685547 884.462158203125 1089.82548522949 1070.59079933167 853.388427734375 1077.59957122803 793.469416618347 872.727319717407 893.686113357544
773.422138214111 776.648807525635 561.897750854492 726.428833007812 657.748302459717 577.802289962769 731.352485656738 802.692565917969 831.569717407227 710.41365814209 679.766288757324 838.035293579102 832.788070678711 779.019250869751 784.831428527832 710.839141845703 774.410301208496 674.845741271973 808.920196533203 824.622261047363 645.841400146484 813.941093444824 716.881958007812 795.174491882324 647.216262817383 656.497494697571 581.822036743164 598.165702819824 653.488632202148 668.056951522827 666.075336456299 672.190586090088 516.904281616211 576.956100463867 501.053527832031 495.642059326172 639.911127090454 744.11251449585 686.870670318604 746.532043457031 605.893928527832 579.526031494141 514.37629699707 704.500938415527 816.289161682129 963.745567321777 1002.62267303467 750.105903625488 1054.15391540527 887.516381502151
809.092948913574 794.157794952393 599.05362701416 728.595184326172 545.3271484375 681.676921844482 760.198208332062 875.882522583008 776.406826019287 905.438835144043 758.933654785156 830.367413520813 882.287300109863 841.023559570312 642.082061767578 786.931125640869 714.115333557129 750.425036430359 807.310880661011 802.092247962952 801.526689529419 772.709604263306 670.346527099609 758.474781036377 594.634628295898 705.89176940918 594.504348754883 616.031055450439 587.769428253174 595.348541259766 625.502510070801 598.806827545166 604.59753036499 700.611743927002 538.508590698242 574.803253173828 562.657760620117 553.643707275391 534.285552978516 729.960327148438 578.823226928711 601.026935577393 723.614421844482 690.362977981567 656.728172302246 862.942398071289 1069.75077819824 1005.06221008301 867.045080184937 822.548332214355
731.124655246735 724.930891990662 667.02795791626 758.153457641602 747.937065124512 872.323188781738 812.93225479126 802.964379072189 715.971328735352 809.51838684082 773.273852348328 798.972621917725 709.905075073242 719.252668380737 593.076263427734 607.448745727539 778.285457611084 848.171794891357 716.596183776855 749.752569198608 734.165351867676 618.48656463623 655.684593200684 630.760189056396 649.781661987305 665.588356971741 579.151733398438 658.979668617249 550.329277038574 491.593612670898 610.631237030029 619.200831890106 583.146595001221 659.430090427399 544.008499145508 319.80712890625 540.603088378906 572.240852355957 544.950668334961 573.186103820801 537.979888916016 639.534008026123 668.803813934326 686.595684051514 645.575496673584 824.048141479492 966.00178527832 1063.38803100586 901.188903808594 887.584941864014
720.901622772217 725.598268032074 652.609725952148 830.310768127441 753.97191619873 881.82341003418 765.546541213989 718.42809677124 673.239959716797 757.912984848022 645.129791259766 787.77331161499 787.375289916992 705.976642608643 641.777946472168 753.12113571167 710.680784225464 750.478904724121 504.566452026367 615.64200592041 645.598211288452 530.308578491211 580.331085205078 624.940467834473 713.417667388916 713.466033935547 667.686755657196 576.540782928467 610.10107421875 631.213302612305 604.051597595215 696.331258773804 622.761058807373 654.959964752197 604.462802886963 610.840919494629 597.157905578613 578.839729309082 606.072822570801 877.68034362793 781.43091583252 700.950491905212 747.721364974976 738.027024269104 809.747123718262 647.666511535645 895.892330169678 1025.88304138184 857.232368469238 849.894123077393
788.539501190186 578.636756896973 737.573091506958 781.128909111023 821.629150390625 721.107288360596 768.597273826599 676.91918182373 637.98657989502 699.183937072754 828.553848266602 702.460113525391 832.276962280273 834.813287734985 788.396104812622 631.347343444824 704.463706016541 821.73851776123 744.267275810242 639.475402832031 661.415161132812 513.974594116211 630.2607421875 711.238485336304 659.185965538025 630.959278106689 591.209800720215 579.48755645752 718.497596740723 583.720092773438 529.545425415039 764.974632263184 770.997817993164 705.496768951416 640.749179840088 567.329643249512 537.335479736328 829.279800415039 668.964160919189 750.939861297607 815.700881958008 764.467052459717 773.075927734375 742.07498550415 863.478378295898 687.706207990646 710.412370681763 741.273709177971 860.272342681885 718.238332748413
672.157600402832 655.515365600586 575.592544555664 756.399410247803 844.148588180542 661.068695068359 772.184631347656 748.712600708008 722.953491210938 765.849678039551 655.218963623047 828.410327911377 824.89094543457 796.81880569458 657.637252807617 637.493682861328 734.254302978516 934.513988494873 728.652090072632 656.33406829834 660.430576324463 695.812120437622 734.890514373779 727.975205779076 739.949613571167 573.882629394531 533.125762939453 748.37239074707 630.366203308105 746.321102142334 588.698631286621 834.884227752686 755.587577819824 719.883972167969 690.493861198425 695.06157875061 676.112245321274 721.16054725647 707.372177124023 527.109115600586 615.791915893555 739.184299468994 689.733438968658 700.938302993774 824.663497924805 742.782379150391 637.139659881592 616.976951599121 752.3415184021 800.682544708252
771.473598957062 709.133438110352 789.360866546631 790.31343460083 791.908159255981 749.634197235107 576.451782226562 702.760246276855 824.649473190308 810.503702163696 813.760913848877 780.512483596802 765.566786766052 818.540035247803 698.53458404541 742.204303741455 832.443113327026 873.36220407486 648.92253112793 630.43431854248 686.624053955078 786.648162841797 723.138751983643 704.8909034729 744.218437194824 730.947380065918 699.666885375977 776.004720687866 618.437911987305 658.658958435059 647.511833190918 772.967247009277 643.364189147949 662.54838514328 619.510963439941 685.23596572876 688.089615821838 706.866852760315 588.811378479004 616.403213500977 555.445693969727 737.227291107178 664.635555267334 770.123531341553 809.893005371094 803.806858062744 634.931743621826 702.275973320007 711.649209022522 649.12361907959
669.754123687744 899.165428161621 804.124404907227 781.080604553223 803.643827438354 794.930134773254 676.044021606445 712.450477600098 777.980688095093 815.297264099121 859.439044952393 889.685890197754 961.555892944336 803.928961753845 737.207443237305 710.78589630127 696.847854614258 717.929100036621 682.447822570801 560.400436401367 733.730230331421 684.795001029968 634.778160095215 784.232807159424 722.866895675659 802.678663253784 838.456907272339 932.136436462402 776.245483398438 757.951951980591 794.75830078125 708.153099954128 710.695283204317 681.903304338455 692.306655883789 538.194717407227 546.033218383789 574.642059326172 765.785453796387 682.439056396484 604.373626708984 689.061321258545 757.767919540405 837.121063232422 779.321086883545 768.61927986145 711.1451587677 555.516235351562 538.815460205078 632.614715576172
705.046371459961 805.71203660965 1133.41307830811 628.10578918457 701.900375366211 790.367542266846 793.171793937683 448.155502319336 693.508369445801 868.439094543457 873.960670471191 755.38879776001 831.233964920044 794.285175323486 716.143287658691 681.67106628418 822.300579547882 835.488348960876 1033.73460388184 755.133143424988 711.480222702026 570.831008911133 670.631031036377 757.163271903992 812.274765014648 851.126434326172 772.696472167969 857.358688354492 889.414703369141 739.760579109192 708.964984893799 647.759883880615 654.260101318359 790.235282897949 602.246795654297 636.823299407959 526.230651855469 644.864223480225 604.336486816406 717.916108608246 633.939323425293 632.061889648438 766.610549926758 867.895111083984 816.169441223145 777.902374267578 831.383926391602 702.588222503662 787.657737731934 666.932193756104
587.132362365723 676.498142242432 921.009170532227 597.847068786621 662.918594360352 557.799026489258 642.365966796875 872.475456237793 801.019439697266 804.546794891357 887.552810668945 764.509887695312 777.03385925293 788.74010848999 718.035186767578 964.517456054688 779.304370880127 941.335250854492 947.086532592773 850.044128417969 861.724510192871 638.944107055664 765.229907989502 706.655223846436 826.562252044678 653.424903869629 856.688499450684 841.775825500488 894.812911987305 847.815269470215 844.20426940918 636.800537109375 675.999876022339 740.363510131836 612.714363098145 646.620796203613 734.344015598297 704.192632198334 606.010734558105 761.959384918213 743.264904022217 784.218841552734 653.140476226807 705.185843467712 864.966690063477 842.215270996094 879.146591186523 759.995054244995 768.154228210449 752.950218200684
534.402648925781 602.810340881348 770.784583091736 756.504518032074 633.930419921875 513.959022521973 454.502319335938 803.235458374023 801.463531494141 851.20238494873 1032.76903152466 679.770500183105 838.252679824829 791.075553894043 795.620483398438 799.473281860352 799.469463348389 784.995971679688 772.127235412598 775.460319519043 950.527938842773 857.67463684082 856.354400634766 764.234464645386 689.787292480469 653.970985412598 679.052974700928 731.366611480713 836.40758895874 826.811807632446 873.10765838623 819.654226303101 718.005522847176 751.16918182373 569.264755249023 618.663383483887 689.707138061523 775.498733520508 698.446342468262 754.215847015381 647.762306213379 729.90710735321 688.516075134277 722.934749901295 697.909328460693 754.149608612061 848.473571777344 658.242630004883 696.475486755371 759.356460571289
-9999 -9999 -9999 935.806327819824 750.915603637695 650.708786010742 534.884552001953 720.503318786621 687.421899795532 726.121183395386 801.013412475586 634.044281005859 951.611484527588 1013.20831298828 949.551315307617 772.465835571289 777.211166381836 910.839073181152 818.674850463867 901.807971954346 913.612503051758 945.138664245605 794.482376098633 887.064708709717 952.329627990723 663.835205078125 833.306770324707 580.950271606445 567.561706542969 693.033805847168 811.184722900391 838.235912322998 732.120727539062 742.632001876831 731.247833251953 736.394256591797 726.732539176941 833.27518081665 805.868886947632 835.751899719238 906.112510681152 934.206314086914 761.425354003906 646.377281188965 565.918228149414 779.802005767822 633.496520996094 828.560317993164 676.565620422363 718.126430511475
-9999 -9999 -9999 -9999 -9999 -9999 659.885131835938 830.181118011475 754.575895309448 811.573169708252 760.187858581543 846.678192138672 819.623893737793 1084.57151794434 823.163349151611 842.110911846161 828.648580551147 769.078681945801 857.770099639893 1006.20784759521 873.589484214783 809.195785522461 867.747417926788 803.807029724121 850.106910228729 798.664070129395 794.019058227539 565.573608398438 544.023300170898 617.122985839844 790.948638916016 980.600487709045 730.556415557861 600.038558959961 757.195650100708 723.650906324387 808.840586662292 740.254467010498 974.41438293457 882.898838043213 900.504772186279 887.981773376465 765.17427444458 651.018692016602 632.560722351074 724.249251842499 764.512756347656 782.205055236816 837.043090820312 661.761352539062
-9999 -9999 -9999 -9999 -9999 -9999 -9999 -9999 -9999 865.330806732178 888.274360656738 932.882476806641 862.032398223877 944.372505187988 756.355160713196 840.968826293945 1079.06061649323 805.059204101562 961.501453399658 683.350021362305 945.258209228516 935.232837677002 925.082778930664 821.764778137207 834.820514678955 787.814947128296 769.660221099854 561.922348022461 648.134185791016 595.904327392578 788.691093444824 665.562698364258 600.527229309082 701.181956291199 626.336112976074 636.636009216309 591.358253479004 687.528043746948 721.616889953613 630.813194274902 685.966112136841 719.412335395813 735.112987518311 608.816986083984 693.225807189941 684.271976470947 707.076513290405 638.000457763672 739.85697889328 769.419696569443
-9999 -9999 -9999 -9999 -9999 -9999 -9999 -9999 -9999 -9999 -9999 735.522308349609 770.574580430984 776.37980556488 700.669103622437 695.323360443115 799.68859910965 1320.45077204704 770.15991973877 703.584739685059 1111.90409088135 848.064910888672 909.34051322937 978.280250549316 707.238815307617 585.514099121094 844.737457275391 879.733909606934 676.068786621094 852.712600708008 756.996513366699 656.544052124023 744.08517074585 770.229885101318 785.250817537308 620.029273986816 608.056327819824 591.169708251953 601.354904174805 735.494319915771 750.590618133545 828.679702758789 764.937107086182 692.090557098389 750.177402496338 775.800437927246 655.822540283203 743.893601953983 748.941714048386 461.766662597656
-9999 -9999 -9999 -9999 -9999 -9999 -9999 -9999 -9999 -9999 -9999 -9999 765.989013671875 817.253967285156 712.771858215332 641.725353240967 556.196640014648 1492.83597946167 1021.92399597168 981.417129516602 1093.7253112793 1068.35540008545 1130.59962081909 1197.4761505127 935.882331848145 673.031829833984 785.095176696777 923.233444213867 929.55672454834 786.956382751465 732.316604614258 856.401935577393 928.275123596191 773.882642745972 655.016777038574 718.924253940582 681.016498565674 787.970897674561 551.923980712891 759.328937530518 720.227327346802 751.12780714035 735.947095870972 625.305816650391 631.359230041504 730.541918754578 828.446151733398 639.359313964844 773.035995483398 745.323287963867
-9999 -9999 -9999 -9999 -9999 -9999 -9999 -9999 -9999 -9999 -9999 -9999 884.584043502808 692.221061706543 742.203870773315 616.405960083008 706.695774078369 774.526165008545 818.629909515381 607.71760559082 867.359964370728 1005.29721069336 904.256364822388 767.465839385986 746.500579833984 731.492683410645 1091.01434326172 833.268451690674 917.062614440918 951.064695358276 859.290435314178 872.701446533203 724.734031677246 707.950813293457 838.350738525391 864.942368507385 777.65039730072 858.22811126709 744.182566642761 640.657997131348 785.107151508331 820.591949462891 751.913478851318 744.992757797241 744.301414489746 773.365343093872 737.799057483673 631.589828491211 783.758780479431 801.712707519531
-9999 -9999 -9999 -9999 -9999 -9999 -9999 -9999 -9999 -9999 -9999 -9999 -9999 893.298362731934 760.031898975372 777.418613433838 649.767864227295 466.344528198242 708.102127075195 876.816307783127 706.053207397461 861.139518499374 818.206676483154 863.505825042725 754.296981811523 797.083683013916 753.391868591309 835.402458190918 699.211311340332 736.256439208984 958.591461181641 512.336380004883 793.24291229248 711.425971984863 872.519592285156 872.185955047607 1008.88871765137 909.816589355469 834.797311782837 798.020419120789 797.300903320312 742.475288391113 698.641899108887 775.812303066254 782.130667686462 821.042541503906 741.986125946045 767.379114151001 944.657180786133 867.400703430176
-9999 -9999 -9999 -9999 -9999 -9999 -9999 -9999 -9999 -9999 -9999 -9999 -9999 -9999 667.616264343262 741.561344146729 706.17733001709 607.355865478516 831.372894287109 863.100450515747 755.980079650879 853.356107711792 1008.03686523438 968.262115478516 838.614490509033 661.157516479492 758.707417488098 827.589673995972 806.63613319397 776.458419799805 803.656818389893 762.002904891968 723.36385345459 759.934042334557 689.03759765625 861.993812561035 1018.25861358643 941.450050354004 795.796751022339 814.830500602722 762.613101959229 790.080539703369 729.050926208496 735.902275085449 880.232635498047 829.420095443726 801.066003799438 758.998767852783 780.782926559448 714.918922424316
-9999 -9999 -9999 -9999 -9999 -9999 -9999 -9999 -9999 -9999 -9999 -9999 -9999 -9999 727.926391601562 699.396842956543 651.176109313965 733.084121704102 713.430076599121 784.502868652344 896.654947042465 970.711875915527 812.765022277832 1030.70512390137 958.748794555664 847.461629390717 796.57738494873 916.857696533203 773.950859069824 817.312259674072 897.356773376465 909.80290222168 959.031684875488 862.721588134766 716.444927215576 861.726173400879 938.75390625 776.225616931915 828.445781707764 827.391520738602 844.886365890503 796.789207458496 761.597885131836 785.926410675049 805.958381652832 913.699228286743 888.140041351318 815.260047912598 846.280906677246 776.624519348145
