simdem/realisation6.asc
NCOLS 350 
NROWS 171 
XLLCORNER 152620 
YLLCORNER 418050 
CELLSIZE 100 
NODATA_value -9999 
[rows 44 to 65 of 171, columns 250 to 299 of 350]
803.315002441406 597.153038024902 736.973514556885 759.95662689209 635.675796508789 740.899026870728 826.326126098633 659.340232849121 786.75390625 754.277611732483 776.901807785034 726.487665176392 753.600452423096 781.11127281189 660.247413635254 695.475215911865 854.615379333496 712.859569549561 740.587963104248 680.447471618652 863.331703186035 762.941334486008 825.28800201416 711.802387237549 808.190242767334 644.104873657227 894.173063993454 831.7158203125 829.922173500061 873.522933959961 1048.78100585938 959.106422424316 952.27165222168 940.047294616699 899.276336669922 833.507710456848 701.827857971191 925.266502380371 848.536666870117 994.989612579346 903.432586669922 753.823577880859 891.390258789062 807.314865112305 781.409923553467 812.294164657593 849.236380577087 744.678680419922 924.574996948242 822.096927642822
695.900285720825 794.599870681763 682.242988586426 702.046211242676 751.213943481445 596.374740600586 706.576557159424 701.566333770752 702.645191192627 699.418838500977 779.797933578491 783.175743103027 669.931922912598 857.11434173584 805.67769241333 751.643940925598 716.907955169678 643.925437927246 816.948612213135 711.055198669434 556.418914794922 870.809768676758 812.445224761963 859.732810974121 868.19988822937 741.892677307129 593.269729614258 736.25464630127 716.188407897949 1101.06601715088 1067.68817138672 890.639532089233 1036.99352264404 901.131629943848 732.755535125732 854.875276565552 822.228530883789 722.553276062012 1381.84050941467 961.875442504883 820.495340824127 1183.51467132568 898.817710876465 758.38916015625 945.637451171875 779.041450500488 947.309493422508 821.684049606323 774.214012145996 782.330955505371
765.340649604797 628.401206970215 725.399465560913 680.824222564697 784.054817199707 579.349166870117 725.060462955385 712.534395933151 844.054565429688 781.237163543701 819.241630554199 687.304386138916 712.630416870117 624.626373291016 675.850028991699 880.944160461426 734.928440093994 769.646872520447 901.774974822998 778.799169540405 697.951072692871 862.615097045898 837.805046081543 887.662948608398 730.161112785339 1139.064453125 653.965408325195 936.523452758789 1090.74182128906 491.243255615234 855.916656494141 794.972845077515 895.589030742645 827.088878631592 1137.17436981201 1551.32166671753 1090.72841644287 655.140106201172 1355.46292114258 1302.62523651123 869.74445104599 998.848403930664 1049.79306793213 810.25666809082 1104.55932617188 1046.62132263184 1479.68670129776 892.623085975647 852.215137481689 896.217807769775
838.07152557373 872.335372924805 555.4931640625 670.817516326904 782.36897277832 790.362869262695 893.309799194336 953.271118164062 804.501045227051 672.089031219482 771.023319244385 623.918899536133 692.171291351318 726.117546081543 655.491333007812 745.870547294617 842.922309875488 910.282180786133 807.208166122437 872.147933959961 823.388610839844 781.270126342773 891.226470947266 835.635322570801 618.909088134766 950.620758056641 583.460418701172 1090.68230438232 909.064674377441 1218.54170227051 823.07202911377 872.518260955811 848.729667663574 1132.97974777222 847.476303100586 996.934906005859 1256.03424835205 734.57315826416 1066.22196960449 1027.91543388367 713.076156616211 919.11865234375 1410.078956604 861.303588867188 866.853698730469 949.955478668213 647.450180053711 893.349495887756 867.508697509766 799.377769470215
792.092319488525 723.262113571167 615.899490356445 633.113235473633 746.864681243896 851.85661315918 990.34716796875 875.353652954102 811.730766296387 831.506767272949 793.970664978027 753.784427642822 694.897758483887 788.712432861328 758.89369058609 735.764687538147 685.461029052734 792.10237121582 632.337615966797 909.293823242188 711.286474227905 595.447937011719 673.272827148438 832.985179901123 670.480278015137 522.086395263672 629.670631408691 778.316513061523 623.469345092773 1087.85675811768 1205.69409179688 692.397384643555 833.895965576172 907.522705078125 753.932952880859 795.132999420166 1165.65456390381 697.613098144531 1589.92284393311 1049.13349151611 778.291687011719 880.663200378418 976.531097412109 742.207420349121 805.918174743652 997.191986083984 669.664581298828 1957.06525421143 716.149314880371 905.239631652832
613.012489318848 740.579816818237 550.033676147461 749.646045684814 809.141021728516 775.44348526001 794.045433044434 735.251285552979 681.679523468018 788.096611022949 741.418434143066 736.802299499512 605.923263549805 801.208427429199 837.989540100098 634.343231201172 605.482376098633 570.88508605957 706.077417373657 778.09566116333 752.583710670471 731.88533449173 739.509651184082 772.30623626709 668.522094726562 941.393249511719 722.157913208008 901.727401733398 762.553813934326 829.120416641235 802.688598632812 708.551818847656 684.633377075195 564.801986694336 1147.64707946777 713.07918548584 825.517351150513 736.698146820068 862.449890136719 798.248161792755 875.216644287109 778.758361816406 931.29468536377 1070.8718585968 733.756698608398 822.933193206787 815.504295349121 886.49319934845 826.86518573761 758.875144958496
675.414571762085 643.585807800293 518.494705200195 719.053905487061 743.967849731445 703.734781265259 816.627174377441 626.538124084473 638.788787841797 749.000358581543 743.211154937744 813.586532592773 694.459108352661 648.058410644531 596.626235961914 755.892322540283 727.325117111206 660.440452575684 619.347557067871 772.436653137207 667.049453735352 751.336965560913 763.876153945923 815.997924804688 768.783948898315 613.795867919922 745.217971801758 930.689910888672 807.879661560059 708.049255371094 956.262847900391 791.3759765625 460.438690185547 545.372619628906 693.694488525391 803.062627792358 722.358070373535 1193.90547943115 1042.5318069458 1075.45896530151 1190.6939086318 919.953030407429 745.433250427246 869.637771606445 794.732803344727 802.957305908203 917.405319213867 1263.60865783691 1083.27439880371 947.949111938477
548.021453857422 649.473697662354 537.96647644043 561.441772460938 737.574324131012 557.855484008789 660.131910324097 672.241188049316 903.205825805664 836.106323242188 718.64305639267 803.104084014893 696.492065429688 737.117869377136 667.709632873535 685.0881690979 683.568958282471 826.970458984375 849.80110168457 742.954815864563 780.483832359314 809.060012817383 750.750366210938 779.007678985596 712.987861633301 928.995939254761 1014.15963673592 867.464553833008 824.20728302002 880.799503326416 948.627861022949 869.774612426758 919.009536743164 1111.22772216797 868.702819824219 732.704727172852 846.479044914246 844.015773773193 999.113311767578 986.483406066895 815.621826171875 697.99658203125 708.749031066895 785.938720703125 771.448608398438 758.281658172607 1016.35627055168 850.497489929199 708.885276794434 803.101486206055
795.937088012695 617.957778930664 635.587539672852 656.949802398682 637.985176086426 543.391021728516 624.371223449707 655.129035949707 786.881774902344 749.282424926758 725.978746294975 692.63484954834 758.321495056152 686.304796218872 692.586993217468 675.221826553345 794.705787658691 724.788709640503 745.011207580566 768.488080978394 878.614868164062 723.561847686768 798.670993804932 735.049834251404 677.228805541992 1021.70113372803 929.214447021484 913.68579864502 871.592994689941 898.062049865723 716.806314468384 616.529174804688 841.067459106445 1177.86524963379 735.405700683594 612.767669677734 964.722473144531 681.136093139648 908.678321838379 902.521690368652 778.764644622803 863.734050750732 744.613800048828 787.675161361694 734.807723999023 658.896240234375 1178.08394622803 781.976539611816 778.440856933594 719.67578125
479.491775512695 888.892623901367 768.307846069336 628.532829284668 547.043167114258 574.50910949707 599.769348144531 600.919624328613 744.190822601318 849.442810058594 1298.84517669678 804.479316711426 822.390480041504 738.324022293091 903.01727104187 1083.73272705078 647.79532623291 591.178604125977 706.279277801514 1686.20957565308 820.802261352539 645.194862365723 636.006866455078 1145.81758117676 714.380920410156 560.486663818359 750.395574569702 807.047236800194 789.366800308228 730.622203826904 698.309265136719 988.275329589844 659.300399780273 892.955497741699 795.805755615234 1245.33125305176 724.514984130859 988.457794189453 682.479110717773 756.656120300293 1276.56938552856 733.175132751465 774.393560409546 758.996597290039 679.528190612793 731.86701965332 796.879141926765 789.545133590698 911.33129119873 915.410507202148
675.022061824799 525.826309204102 649.899108886719 495.296157836914 702.504199981689 818.416944026947 572.824935913086 663.87472820282 523.760375976562 803.55880355835 788.946022033691 1572.1816444397 901.380886077881 1092.92071533203 1079.18617343903 1557.97549438477 620.027305603027 714.571655273438 859.335166931152 601.259490966797 513.394348144531 372.718811035156 633.409393310547 696.077285766602 579.965560913086 808.747533798218 668.97883605957 833.886695861816 729.277496337891 660.410430908203 701.083023071289 671.254760742188 991.859130859375 793.412948608398 840.825210571289 847.795669555664 1171.25401306152 740.704666137695 889.19079208374 959.224876403809 992.688388824463 868.141690254211 685.14070892334 827.985466003418 755.75267791748 744.057998657227 773.250968933105 700.447128295898 813.051902770996 769.40990447998
707.94836807251 690.019060134888 657.124528884888 706.99690246582 557.610443115234 694.689978599548 566.394485473633 1306.26477050781 718.450622558594 835.188962936401 766.549033164978 799.817680358887 863.331787109375 650.116668701172 580.229568481445 1368.85455322266 668.473609924316 1235.45172119141 782.028686523438 690.235778808594 1206.5954284668 1039.56042480469 1733.36930847168 615.086090087891 1024.55325317383 1283.67995452881 776.175594329834 644.597663879395 634.662216186523 813.718489170074 739.106475830078 730.447708129883 674.413970947266 661.639144897461 938.862762451172 711.792984008789 950.716354370117 1103.00441360474 783.362838745117 1432.92308044434 1422.35792160034 972.983200073242 1561.56803131104 911.439178466797 796.036469459534 718.47101688385 758.28175163269 763.557704925537 709.754348754883 600.973922729492
704.340950012207 593.540832519531 727.382167816162 699.763397216797 758.867111206055 716.395595550537 694.247627139091 718.00756072998 692.044183254242 745.268901824951 617.768280029297 679.490058898926 871.491500854492 888.125038146973 712.059766769409 617.891098022461 884.044143676758 585.523406982422 744.199272155762 677.622856140137 534.123840332031 524.285736083984 1791.95007324219 1812.95204162598 824.71055316925 777.38883972168 771.758926391602 746.40007019043 636.243850708008 707.669960021973 612.290191650391 776.405616760254 620.268142700195 799.879272460938 776.995653152466 703.72095489502 640.113529205322 1007.77980041504 951.621642827988 1314.02484512329 798.649363160133 874.042098999023 912.332702636719 872.1533203125 804.652807235718 863.992389678955 790.820472717285 701.130935668945 446.43017578125 788.175903320312
661.780820846558 816.431823730469 765.846099853516 646.233570098877 782.026100158691 750.325351715088 706.148683547974 604.946376800537 723.90234375 690.350342750549 580.50318145752 577.699600219727 690.648559570312 723.904418945312 696.275489211082 634.108402252197 834.566226959229 596.127883911133 844.385753631592 778.840019226074 706.114421844482 754.449966669083 1185.52113723755 532.152816772461 694.076858520508 698.474533081055 767.991355895996 761.211029052734 787.67910861969 796.357760429382 919.697092056274 872.369071960449 752.193532943726 913.564333558083 1025.62788772583 1422.81318283081 845.68159198761 822.326572418213 802.88227891922 693.471279144287 736.048803329468 987.561771392822 1003.50939941406 866.524795532227 857.436889648438 843.283988952637 836.000347137451 735.917442321777 335.131622314453 774.016967773438
726.195289611816 758.535781860352 706.446058273315 572.00318145752 730.31379699707 599.662647247314 623.048233032227 671.130662918091 656.151094436646 648.298599243164 675.134675979614 642.500339508057 687.107095718384 693.899299621582 773.147048950195 675.802745580673 741.81774520874 772.084850311279 673.129482269287 666.943023681641 778.326658248901 639.192733764648 1105.73964500427 603.850143432617 897.782287597656 826.729578018188 813.858337402344 721.30744934082 734.578994750977 985.49641418457 741.321434020996 681.555099487305 820.006741523743 1023.43869781494 756.614204406738 750.790386199951 810.067958831787 829.848027229309 808.179183959961 770.611526489258 869.38724899292 896.426422119141 920.626304626465 859.353103637695 824.598588943481 701.4921875 772.683847427368 843.9006690979 793.459777832031 1915.26654052734
878.310165405273 664.022487640381 630.60954284668 715.508056640625 534.524261474609 625.275356292725 701.670558929443 723.248287200928 689.535042285919 721.247024536133 664.686336517334 598.923736572266 582.176292419434 549.097686767578 654.742427825928 774.959548950195 688.767502784729 748.744411468506 818.494171142578 1100.13124465942 704.968170166016 852.709626197815 535.745910644531 629.907424926758 700.353462219238 715.573081970215 610.582931518555 866.013427734375 781.911428451538 725.356147766113 825.346216827631 711.715105056763 774.5119972229 786.072040557861 789.192436218262 732.85027885437 661.813636779785 736.985771179199 745.056327819824 712.931564331055 734.422256469727 852.102680206299 840.679107666016 765.799253463745 723.42684173584 701.936798095703 710.808547973633 741.340244293213 1293.52713012695 1544.04165649414
801.277374267578 513.82258605957 570.848075866699 595.012989044189 694.613786697388 550.422393798828 756.288383483887 781.345504760742 642.777954101562 703.82250213623 702.291531562805 532.120162963867 574.515754699707 567.419158935547 620.386329650879 712.36941242218 742.910987854004 797.83162689209 783.88939666748 655.843185424805 1129.36994934082 1012.94610595703 557.743896484375 630.281074523926 566.704528808594 705.456214904785 822.966461181641 1003.14079284668 690.670310974121 676.635498046875 656.247688293457 649.087371826172 676.69026184082 866.404693603516 889.197082519531 813.57381439209 791.639308929443 696.459495544434 983.281051635742 563.353088378906 891.901664733887 819.758365631104 771.109423175454 655.128074645996 760.542966842651 695.490119934082 627.122940063477 759.23060798645 744.039093017578 1257.99063110352
763.772048950195 648.18066239357 689.06763458252 757.662147521973 730.642723083496 676.533911705017 551.072776794434 701.882080078125 704.648196220398 732.938919067383 673.767269134521 504.561401367188 560.421737670898 580.430076599121 686.936367034912 651.547077178955 710.489504814148 810.121337890625 795.732093811035 689.484601974487 698.517703056335 667.930686950684 727.516340255737 733.801349639893 665.604698181152 585.384353637695 716.18984413147 753.928741455078 748.193305969238 1193.22784042358 766.508602142334 696.038982391357 792.850608825684 732.688395500183 821.835716247559 679.341812133789 749.429065704346 882.288650512695 682.930816650391 592.61100769043 818.998390197754 828.753067016602 670.276504516602 684.952766418457 862.682525634766 724.834403991699 790.759068965912 732.617553710938 676.160858154297 721.666172027588
639.680957794189 576.043281555176 571.773803710938 653.907997131348 744.169555664062 649.362211227417 761.323104858398 765.247467041016 685.838776111603 713.894323348999 760.084144592285 528.769546508789 623.422981262207 604.833610534668 597.282066345215 665.154305458069 614.478874206543 844.382858276367 737.356006622314 609.76252746582 768.001235961914 678.265369415283 553.369934082031 627.310485839844 612.567832946777 629.710098266602 782.639797210693 723.223676681519 923.214477539062 779.070906639099 721.770750045776 815.743370056152 865.426719665527 849.216400146484 774.485458374023 861.280624389648 680.939136505127 640.129974365234 651.431121826172 612.607360839844 632.127372741699 752.39430642128 747.305019378662 664.241203308105 832.929332733154 871.845146179199 740.5852394104 716.232357025146 745.176368713379 755.723497390747
438.882720947266 676.807958602905 667.823022842407 733.746482849121 668.597002506256 615.866756439209 629.782079696655 702.521062850952 598.269981384277 672.025278568268 591.242515563965 586.703987121582 679.998427391052 925.948837280273 809.256866455078 659.946666717529 720.574634552002 628.382164001465 736.467021942139 571.204681396484 746.864744186401 686.752191543579 538.459167480469 617.685371398926 608.893890380859 674.569808959961 746.322799682617 771.478275299072 867.451545715332 738.477661132812 735.516870975494 765.412515640259 679.801551818848 901.116073608398 822.264091491699 858.518585205078 783.813785552979 819.421188354492 747.058320999146 629.902435302734 774.472953796387 638.090576171875 686.437126159668 770.163393259048 923.937637329102 925.265243530273 851.114685058594 682.023162841797 794.119327545166 662.925453186035
497.384094238281 534.994514465332 681.942047119141 689.776700973511 689.936668395996 713.416446685791 726.020534515381 526.045776367188 575.549270629883 722.54317855835 617.989902496338 697.097658157349 865.089981079102 895.419555664062 827.371200561523 646.802127838135 613.53685760498 687.079793453217 755.05685043335 804.865852355957 740.879016876221 688.016406536102 724.784398078918 650.13013458252 723.072390556335 775.087394714355 914.210525512695 749.478515625 673.127140045166 694.789842605591 797.51921081543 717.299601554871 782.316352844238 716.437999725342 831.140327453613 746.696828842163 833.30152130127 787.462951660156 723.815182685852 782.015769958496 743.145813941956 747.570081502199 609.261413574219 624.487457275391 737.065944671631 779.576313972473 689.987945556641 699.82332611084 773.785362124443 684.061367034912
550.527908325195 598.613349914551 638.322980880737 641.255361557007 686.24388885498 676.221752166748 599.681228637695 725.584205627441 710.841915130615 548.380325317383 516.945129394531 608.737976074219 733.019039154053 796.378807067871 702.113296508789 734.582069396973 681.153769493103 638.367862701416 663.025723457336 690.663715362549 516.36311340332 684.605988502502 717.446157455444 709.001645088196 844.136840820312 907.851608276367 697.505086898804 737.526514053345 751.822165966034 711.926634788513 787.830757141113 729.390409469604 716.614572525024 671.456008911133 734.967233657837 675.654220581055 825.480562210083 733.440715789795 811.431732177734 767.116653442383 673.09757232666 663.18514251709 626.781921386719 793.802665710449 743.405548095703 764.960041046143 729.651020050049 750.946697235107 860.324882507324 849.045043945312
