simdem/realisation17.asc
NCOLS 350 
NROWS 171 
XLLCORNER 152620 
YLLCORNER 418050 
CELLSIZE 100 
NODATA_value -9999 
[rows 110 to 131 of 171, columns 300 to 349 of 350]
884.350402832031 788.329033374786 1021.33486938477 647.359153747559 789.381859779358 1042.67653465271 899.441398620605 765.612030029297 693.015411376953 562.536193847656 625.258941650391 591.382965087891 1639.46446228027 932.613945007324 905.71265411377 914.640573978424 1372.31051635742 842.658500671387 1203.6125869751 -9999 -9999 -9999 -9999 -9999 -9999 -9999 -9999 -9999 -9999 -9999 -9999 -9999 -9999 -9999 -9999 -9999 -9999 -9999 -9999 -9999 -9999 -9999 -9999 -9999 -9999 -9999 -9999 -9999 -9999 -9999
810.949242591858 650.60534954071 762.26065826416 606.421752929688 851.564262390137 765.99485206604 1259.91246795654 1422.1706161499 657.052734375 676.845413208008 1304.2977142334 490.793060302734 746.759033203125 983.035400390625 917.208131790161 637.053909301758 858.243469238281 1280.89354324341 1187.32550525665 -9999 -9999 -9999 -9999 -9999 -9999 -9999 -9999 -9999 -9999 -9999 -9999 -9999 -9999 -9999 -9999 -9999 -9999 -9999 -9999 -9999 -9999 -9999 -9999 -9999 -9999 -9999 -9999 -9999 -9999 -9999
886.413270950317 755.011932373047 919.280479431152 763.014060974121 707.827934265137 639.845184326172 594.894371032715 966.404930114746 694.80931854248 1568.8695526123 1063.23058319092 845.816740036011 751.652740478516 909.690952301025 873.96284615621 1015.13366699219 594.319976806641 1064.77841186523 1854.262134552 757.506988525391 -9999 -9999 -9999 -9999 -9999 -9999 -9999 -9999 -9999 -9999 -9999 -9999 -9999 -9999 -9999 -9999 -9999 -9999 -9999 -9999 -9999 -9999 -9999 -9999 -9999 -9999 -9999 -9999 -9999 -9999
769.042861938477 728.255462646484 833.303834915161 851.894088745117 727.456581115723 685.688133239746 676.179214477539 834.137268066406 812.016990661621 2289.64580535889 767.011688232422 895.306579589844 818.489135742188 1164.27392578125 1120.95669555664 938.085174560547 885.159591674805 740.10026550293 956.340026855469 1323.61979675293 1136.12216949463 -9999 -9999 -9999 -9999 -9999 -9999 -9999 -9999 -9999 -9999 -9999 -9999 -9999 -9999 -9999 -9999 -9999 -9999 -9999 -9999 -9999 -9999 -9999 -9999 -9999 -9999 -9999 -9999 -9999
557.142120361328 815.975166320801 847.746129989624 780.970367431641 602.524742126465 716.748573303223 829.076766967773 938.576675415039 776.809600830078 1244.62269592285 808.717666625977 1000.99435424805 1011.22896444798 1036.93753814697 786.273376464844 1069.651222229 645.504150390625 852.365188598633 978.417694091797 978.854099273682 928.828498840332 -9999 -9999 -9999 -9999 -9999 -9999 -9999 -9999 -9999 -9999 -9999 -9999 -9999 -9999 -9999 -9999 -9999 -9999 -9999 -9999 -9999 -9999 -9999 -9999 -9999 -9999 -9999 -9999 -9999
669.685470581055 970.601066589355 862.898950576782 818.055530548096 695.404327392578 571.433883666992 761.955701828003 820.765663146973 561.458221435547 973.10026550293 1265.85539245605 774.185043334961 747.373809814453 1311.58113861084 905.586795806885 841.173530578613 1250.25404644012 944.128517150879 785.899627685547 797.671236038208 733.360866546631 865.008201599121 -9999 -9999 -9999 -9999 -9999 -9999 -9999 -9999 -9999 -9999 -9999 -9999 -9999 -9999 -9999 -9999 -9999 -9999 -9999 -9999 -9999 -9999 -9999 -9999 -9999 -9999 -9999 -9999
879.786956787109 811.054378509521 916.455714225769 1054.77806854248 661.687469482422 502.102111816406 1192.38848876953 611.095932006836 615.371200561523 1034.23068237305 937.713775634766 1399.47190856934 958.3782081604 1186.31852912903 890.673108100891 1039.85105895996 1407.3622379303 1193.37729644775 762.360443115234 910.940093994141 923.572902679443 908.510288238525 1166.87100982666 -9999 -9999 -9999 -9999 -9999 -9999 -9999 -9999 -9999 -9999 -9999 -9999 -9999 -9999 -9999 -9999 -9999 -9999 -9999 -9999 -9999 -9999 -9999 -9999 -9999 -9999 -9999
650.313926696777 575.746440887451 735.847221374512 929.194835662842 1289.56384277344 1260.50342559814 560.91463470459 611.385398864746 544.312118530273 728.799514770508 978.140842437744 1037.36022186279 1172.53182220459 1402.56502151489 914.707035064697 1206.61793518066 1235.44824981689 700.03581237793 701.125640869141 850.368284702301 915.553027153015 918.366485595703 1019.67063903809 -9999 -9999 -9999 -9999 -9999 -9999 -9999 -9999 -9999 -9999 -9999 -9999 -9999 -9999 -9999 -9999 -9999 -9999 -9999 -9999 -9999 -9999 -9999 -9999 -9999 -9999 -9999
689.954200744629 596.009490966797 721.120178222656 823.791648864746 965.222137451172 745.045654296875 765.734127044678 1007.33084344864 716.347480773926 757.426124572754 933.741395950317 726.632709503174 685.643188476562 755.630599975586 814.239974975586 1019.1099281311 777.405546188354 774.189468383789 949.730728149414 941.29808807373 886.999691009521 884.855424880981 977.738265991211 930.912546157837 -9999 -9999 -9999 -9999 -9999 -9999 -9999 -9999 -9999 -9999 -9999 -9999 -9999 -9999 -9999 -9999 -9999 -9999 -9999 -9999 -9999 -9999 -9999 -9999 -9999 -9999
1067.92301940918 590.496246337891 602.563304901123 724.584747314453 961.746337890625 796.22643661499 717.110038757324 707.702331542969 568.21159362793 818.47857093811 930.794836044312 726.585037231445 761.628120422363 945.502410888672 1118.80989837646 981.774284362793 778.431846618652 752.334213256836 839.595233917236 782.527572631836 856.870494842529 1055.9769744873 847.322845458984 895.305956840515 772.542327880859 -9999 -9999 -9999 -9999 -9999 -9999 -9999 -9999 -9999 -9999 -9999 -9999 -9999 -9999 -9999 -9999 -9999 -9999 -9999 -9999 -9999 -9999 -9999 -9999 -9999
1277.9999961853 1705.68598937988 1026.81917953491 1242.97707366943 1299.50625705719 828.813858032227 568.087860107422 625.524139404297 699.129272460938 1366.61793518066 776.513084411621 938.486785888672 845.073246955872 1097.53559684753 971.249515533447 1454.53888511658 758.398387908936 753.646812438965 753.329727172852 737.155349731445 815.761936187744 824.593650817871 851.978416442871 1013.26012420654 930.632259368896 840.645195007324 -9999 -9999 -9999 -9999 -9999 -9999 -9999 -9999 -9999 -9999 -9999 -9999 -9999 -9999 -9999 -9999 -9999 -9999 -9999 -9999 -9999 -9999 -9999 -9999
949.556352376938 922.584743499756 1411.4351272583 1029.85502624512 1356.75794410706 1447.85673522949 954.003936767578 903.943128585815 854.922603607178 832.437393188477 779.649841308594 818.406543731689 907.782619476318 766.347370147705 1117.20055389404 995.228958129883 762.556655883789 797.274433135986 766.775310516357 743.577941894531 811.149541378021 685.632934570312 761.681930541992 681.915481567383 869.328912734985 891.004537582397 -9999 -9999 -9999 -9999 -9999 -9999 -9999 -9999 -9999 -9999 -9999 -9999 -9999 -9999 -9999 -9999 -9999 -9999 -9999 -9999 -9999 -9999 -9999 -9999
1197.53555297852 1051.94567871094 1476.08953857422 1156.5055847168 1162.60701751709 1295.02740478516 1368.56349945068 1019.16516113281 983.947380065918 1252.11738777161 1005.4739074707 924.548110961914 946.944023132324 902.239971160889 987.117332458496 890.41194152832 718.707515716553 641.920303344727 695.658782958984 800.376976013184 727.478515625 713.718215942383 626.642013549805 816.728091835976 901.122669219971 874.510482788086 864.091678619385 -9999 -9999 -9999 -9999 -9999 -9999 -9999 -9999 -9999 -9999 -9999 -9999 -9999 -9999 -9999 -9999 -9999 -9999 -9999 -9999 -9999 -9999 -9999
1316.58069610596 1234.28842163086 1138.37886047363 1094.927734375 1042.84797668457 1324.46855926514 1319.13204956055 869.422821044922 961.786041259766 884.556411743164 865.480155944824 751.977584838867 923.227993011475 827.145269393921 921.000335693359 817.921043395996 951.968139648438 714.869789123535 725.456401824951 833.929656982422 816.00178527832 916.347091674805 657.586288452148 983.011291503906 925.503288269043 919.515396118164 815.726036071777 891.839946746826 -9999 -9999 -9999 -9999 -9999 -9999 -9999 -9999 -9999 -9999 -9999 -9999 -9999 -9999 -9999 -9999 -9999 -9999 -9999 -9999 -9999 -9999
1000.44784164429 1150.6247253418 1056.20193481445 1045.16877937317 1108.93450927734 1083.80640411377 1505.41256976128 1049.510597229 1014.2815322876 886.452452659607 772.306838989258 796.888186454773 875.165824890137 921.340751647949 780.236270904541 881.450534820557 937.590995788574 742.029762268066 842.733612060547 804.884950637817 727.518005371094 770.695503234863 913.630805969238 902.159454345703 716.987380981445 859.788421630859 935.059906005859 839.097408294678 854.967378616333 -9999 -9999 -9999 -9999 -9999 -9999 -9999 -9999 -9999 -9999 -9999 -9999 -9999 -9999 -9999 -9999 -9999 -9999 -9999 -9999 -9999
1023.40161895752 987.207572937012 846.858283996582 978.690742492676 1331.62428283691 987.790153503418 1054.63581848145 1063.15286254883 884.433247327805 781.888870239258 773.450653076172 720.13240814209 881.87281036377 940.981307983398 834.845020294189 782.064765930176 695.378639221191 786.32447052002 867.973707199097 857.871622085571 854.496932983398 846.204677581787 859.115509033203 717.988258361816 803.829940795898 895.628364562988 884.612356185913 912.535663604736 854.504073143005 -9999 -9999 -9999 -9999 -9999 -9999 -9999 -9999 -9999 -9999 -9999 -9999 -9999 -9999 -9999 -9999 -9999 -9999 -9999 -9999 -9999
916.367712020874 908.317737579346 1261.27656555176 1386.21191883087 997.012435913086 954.051620483398 1222.16789245605 966.656234741211 1216.16371917725 1015.98730373383 858.088691711426 736.207206726074 845.130931854248 652.459480285645 767.667449951172 844.812072753906 892.988181471825 864.898746490479 783.585479736328 863.018909454346 901.792388916016 763.72241973877 882.363319396973 749.349411010742 749.919776916504 864.480350494385 811.518020629883 857.494384765625 918.607814788818 919.992248535156 -9999 -9999 -9999 -9999 -9999 -9999 -9999 -9999 -9999 -9999 -9999 -9999 -9999 -9999 -9999 -9999 -9999 -9999 -9999 -9999
897.598806381226 993.501692533493 1009.19370269775 1402.53755187988 1875.23295593262 1177.06231594086 1145.17436218262 1027.78105163574 1224.22281074524 930.52024269104 882.853008270264 917.303833007812 795.876596450806 732.862480163574 691.117294311523 805.488143444061 803.453231811523 800.237981796265 827.148406982422 753.113632202148 799.286135792732 655.651596069336 822.940849304199 813.115482568741 822.439065098763 781.336887359619 834.06361579895 834.180778503418 879.106460571289 828.99356508255 899.096130371094 -9999 -9999 -9999 -9999 -9999 -9999 -9999 -9999 -9999 -9999 -9999 -9999 -9999 -9999 -9999 -9999 -9999 -9999 -9999
1123.43084716797 1115.33159637451 880.242488861084 1301.90473175049 1575.04852294922 1471.21917724609 1571.77764129639 1073.86085510254 938.567306518555 885.703826904297 997.237640380859 1049.40084838867 1026.55498671532 824.864486694336 835.724230766296 895.742782592773 862.096977233887 932.545478820801 1006.9312286377 873.000949621201 824.168285369873 865.660804748535 783.922302246094 854.685493469238 804.446611404419 785.852590560913 799.766666412354 829.561805725098 943.201705932617 832.253856658936 813.757573843002 -9999 -9999 -9999 -9999 -9999 -9999 -9999 -9999 -9999 -9999 -9999 -9999 -9999 -9999 -9999 -9999 -9999 -9999 -9999
1205.49123764038 924.647016525269 827.785179138184 1377.73422431946 1144.463306427 1570.7993927002 1434.92021179199 1071.97984313965 1685.47707366943 1295.05285644531 1275.3388671875 1279.07396697998 1304.92758178711 1764.93375205994 1127.562915802 911.76197052002 839.578187704086 978.416557312012 982.449813842773 893.129356384277 1038.93704223633 940.72194480896 920.920932769775 923.073020935059 882.656867980957 805.257007598877 840.944576263428 923.382122039795 981.989395141602 990.999801635742 896.527080535889 852.899833679199 -9999 -9999 -9999 -9999 -9999 -9999 -9999 -9999 -9999 -9999 -9999 -9999 -9999 -9999 -9999 -9999 -9999 -9999
983.787673950195 1091.61909484863 909.867340087891 1186.38385009766 885.834254264832 1355.52094268799 1649.57844543457 1223.0085067749 1270.25357246399 1315.93900680542 1327.47369766235 1066.39229774475 1270.01077270508 1540.11073303223 991.916538238525 1063.15016365051 903.354677200317 917.513648986816 849.869462966919 852.705242156982 841.843167304993 875.366466522217 931.176162719727 931.742782592773 945.03458404541 861.68247795105 823.804336547852 958.989505767822 910.026968002319 796.638776779175 879.64778137207 895.593826293945 922.050036430359 -9999 -9999 -9999 -9999 -9999 -9999 -9999 -9999 -9999 -9999 -9999 -9999 -9999 -9999 -9999 -9999 -9999
889.672115325928 1053.63751602173 1272.49754333496 1094.92283630371 842.87159538269 1202.17090606689 1308.55534362793 1171.30512237549 1266.2197227478 1274.75338745117 1323.27680206299 1312.79112243652 1176.78711700439 1147.77575683594 1082.43315124512 1070.92867279053 1051.83015441895 948.216102600098 887.635887145996 976.56974029541 781.046806335449 762.953689575195 871.631093978882 1028.56791687012 944.642042160034 844.156095504761 897.274425506592 805.37996673584 998.734672546387 782.57302570343 800.897087097168 963.003414154053 1056.8812713623 -9999 -9999 -9999 -9999 -9999 -9999 -9999 -9999 -9999 -9999 -9999 -9999 -9999 -9999 -9999 -9999 -9999
