simdem/realisation91.asc
NCOLS 350 
NROWS 171 
XLLCORNER 152620 
YLLCORNER 418050 
CELLSIZE 100 
NODATA_value -9999 
[rows 66 to 87 of 171, columns 100 to 149 of 350]
448.889035224915 317.218193054199 351.982131958008 242.819885253906 280.961242675781 390.875991821289 375.888175964355 485.755473136902 522.127544403076 516.603656768799 460.223630905151 373.529808044434 428.539943695068 366.893363952637 550.414649963379 556.437606811523 436.281284332275 461.280193328857 425.160575866699 373.67024230957 444.213298797607 492.039799690247 732.261978149414 543.89705657959 565.879295349121 545.649768829346 507.036901473999 674.246398925781 485.847316265106 483.262665748596 491.886775970459 646.850318908691 514.29430770874 532.230991363525 567.841491699219 589.962860107422 677.89412689209 619.859920501709 738.604568481445 466.55623626709 543.383598327637 574.374475479126 653.908279418945 589.958911895752 662.809867858887 709.280395507812 528.679216384888 457.104911804199 501.158340454102 541.989031791687
447.692979335785 512.892520904541 481.172285079956 266.7958984375 369.409530639648 450.596866607666 325.329086303711 392.326431274414 582.940841674805 516.816501617432 522.432693481445 421.263774871826 520.799392700195 407.517440795898 448.57084274292 573.308898925781 407.659091949463 468.681123733521 407.13692855835 528.472305297852 396.058197021484 450.728984832764 559.483257293701 545.94412612915 453.942672729492 580.497383117676 478.127326965332 536.30718421936 558.066761016846 523.314598083496 642.279411315918 564.220218658447 661.605804443359 561.231580734253 494.375679016113 554.495624542236 601.231527328491 711.92700958252 607.626708984375 780.668884277344 676.811477661133 664.012634277344 587.342956542969 456.659591674805 592.645313262939 552.826370239258 438.718193054199 480.072395324707 519.283527374268 370.961303710938
379.60196685791 380.480361938477 309.444206237793 374.819595336914 332.885223388672 453.784727096558 501.334173202515 467.02342325449 480.750830173492 452.451826095581 635.411544799805 527.191187739372 418.546127319336 295.796615600586 404.349685668945 439.549266815186 429.864368438721 450.218158721924 575.364044189453 572.298889160156 521.347400665283 505.785251617432 472.862524032593 565.615364074707 454.176773071289 532.134860992432 460.971298217773 492.345327377319 364.224700927734 630.541877746582 462.80689239502 586.626388549805 617.589183807373 662.045082092285 689.212814331055 661.872413635254 660.523124694824 590.681902170181 590.695448875427 728.615097045898 634.477787017822 607.559066772461 637.298599243164 729.607574462891 676.489074707031 599.389362335205 576.331543922424 342.75227355957 395.848220825195 422.876861572266
399.834526062012 400.725757598877 331.278106689453 541.822113037109 369.640983581543 544.598892211914 371.086074829102 390.264305114746 406.948333740234 584.40763092041 555.669769287109 595.661979675293 532.560363769531 414.483535766602 390.597953796387 310.904037475586 469.275401711464 465.206159591675 409.810234069824 475.560098052025 382.625526428223 464.305399894714 530.747295379639 488.79047870636 454.226463317871 654.727615356445 502.262769699097 487.662338256836 442.15153503418 527.71333026886 434.658950805664 547.814994812012 459.604568481445 770.165908813477 671.380226135254 532.340805053711 496.734893798828 557.880474090576 404.489318847656 628.756248474121 500.433963775635 533.948234558105 477.891654968262 570.5580971241 592.759728431702 547.993052482605 515.52127456665 536.077754974365 567.413388252258 593.985542297363
571.620620727539 537.282707214355 359.82243347168 412.740051269531 407.869361877441 449.676362037659 367.692825317383 326.439056396484 344.994148254395 488.941253662109 473.030455470085 441.119468688965 461.98187828064 336.660446166992 326.89631652832 567.380683898926 538.670330047607 422.55802154541 376.918663024902 516.065227508545 470.379970550537 446.808197021484 390.748260498047 480.042686462402 553.390464782715 554.682106018066 624.908889770508 667.637817382812 769.934417724609 565.362972259521 598.105125427246 499.967964172363 514.127403259277 605.939575195312 718.916122436523 591.028757095337 427.593147277832 484.506851196289 537.432754516602 454.600440979004 476.445617675781 502.882713317871 602.598850250244 549.261837005615 396.431716918945 586.861426353455 595.305768966675 502.998825073242 516.110000610352 522.690078735352
518.878200531006 447.813514709473 336.549255371094 443.727838516235 533.266899108887 377.690292358398 325.317138671875 313.399322509766 383.166511535645 452.798984527588 495.545191764832 448.406532287598 469.380340576172 565.756317138672 502.352348327637 534.873271942139 511.785587310791 512.230495452881 415.892768859863 438.884853363037 368.204277038574 382.499122619629 482.67525100708 370.554321289062 526.202102661133 593.792152404785 613.147247314453 631.419647216797 674.500396728516 631.993721008301 602.399856567383 637.25798034668 638.309516906738 582.116157531738 640.47265625 642.911613464355 529.072128295898 717.415353775024 599.950675606728 421.189605712891 554.472431182861 513.522682189941 477.073570251465 417.407745361328 498.53385925293 732.132869720459 489.606300354004 531.302177429199 728.751922607422 681.538993835449
499.343745231628 414.314079284668 279.238433837891 368.13355255127 327.465087890625 328.262725830078 405.985595703125 429.973834991455 521.312034606934 480.911259651184 470.264090538025 443.773921966553 502.697725296021 558.72709274292 581.006141662598 629.211288452148 583.363151550293 508.772563934326 464.603191375732 527.728775024414 498.709864854813 457.392051696777 455.870494842529 366.472518920898 546.095458984375 635.787353515625 493.137733459473 497.82275390625 657.519958496094 536.227375984192 572.750972747803 602.148853302002 470.412101745605 454.722427368164 520.609886169434 979.51894569397 516.630048751831 947.788757324219 920.334033966064 641.744388580322 619.424880981445 480.928344726562 547.35263633728 403.762023925781 494.91381072998 870.539276599884 458.175086975098 402.346252441406 602.222316741943 587.12717628479
446.331985473633 506.318871974945 390.652053833008 444.870071411133 242.833801269531 440.525897979736 486.786835670471 395.658401489258 442.834720611572 426.501522064209 383.955535888672 458.828067779541 533.437305450439 513.392826080322 419.444122314453 646.346282958984 547.77615737915 578.473083496094 606.482383728027 605.096992492676 622.262008666992 460.874900817871 442.766723632812 532.734092712402 548.892135620117 530.842323303223 580.349895477295 568.769378662109 507.039068222046 421.561294555664 486.537113189697 581.469009399414 515.987590789795 786.187713623047 639.21125793457 601.898536682129 446.990020751953 775.969072341919 789.982757568359 560.304515838623 757.812454223633 498.684356689453 540.069564819336 453.216966629028 302.186676025391 465.125144958496 765.404739379883 316.971237182617 401.888931274414 627.975048065186
482.696792602539 494.344790458679 356.238403320312 496.314088821411 351.44637298584 501.979797363281 524.240333557129 350.705780029297 429.506929397583 472.217711567879 353.862854003906 380.176418304443 488.498222351074 485.814671039581 486.502459526062 601.006500244141 723.793441772461 580.979095458984 598.205093383789 581.520866394043 509.334232330322 541.655429840088 517.15138053894 592.61302947998 550.340599060059 483.061389923096 550.725231170654 625.737800598145 516.295349121094 469.627540588379 431.004425048828 447.104328155518 674.244010925293 758.498565673828 498.849716186523 486.224945068359 413.329280853271 602.819770812988 647.173389434814 619.896203994751 743.839935302734 539.103988647461 504.258277893066 553.739273071289 371.495506286621 269.504913330078 480.430473327637 351.688659667969 933.195907592773 551.512142181396
533.257360935211 414.333618164062 565.141170501709 589.97444152832 451.216588973999 542.423900604248 496.346617698669 392.965393066406 541.339374542236 531.835594177246 437.928630828857 534.771198272705 477.457502365112 435.571552276611 413.033279418945 514.684663772583 543.675735473633 637.27619934082 429.301624298096 544.253158569336 401.541954040527 532.899559020996 577.584129333496 490.016780853271 504.134870529175 491.509834289551 604.338455200195 507.389178276062 453.866996765137 417.066787719727 512.414024353027 361.054946899414 673.835674285889 523.563339233398 572.304466247559 585.205188751221 342.726547241211 819.783592224121 562.286758422852 723.93053817749 786.365997314453 536.369354248047 517.997650146484 426.557331085205 461.328502655029 490.895538330078 485.390487670898 541.685356140137 415.992919921875 438.335739135742
794.845054626465 583.516201019287 711.781326293945 594.70630645752 441.680416107178 482.091374032199 501.406946182251 413.543304443359 417.608558654785 402.48957824707 513.837791442871 589.963668823242 352.717796325684 419.118690490723 346.650253295898 501.674502372742 508.963489532471 643.12255859375 601.810600280762 539.671043395996 537.915643692017 610.632972717285 567.688041687012 553.549560546875 524.540923595428 450.810077667236 431.230369567871 473.43098449707 461.208671569824 474.907913208008 455.188995361328 450.447757720947 380.084449768066 599.063209533691 676.982612609863 647.151796340942 433.880087852478 865.867721557617 600.947860717773 718.632738113403 662.936635971069 486.208839416504 416.69522857666 578.644233703613 547.365440368652 661.664534568787 660.536346435547 577.567714691162 388.470809936523 657.61840057373
556.244928359985 647.114570617676 589.701419353485 688.54345703125 497.037015914917 477.229753494263 359.222846984863 268.661483764648 436.556587219238 390.535507202148 489.790496826172 498.462917327881 451.53316116333 482.620765686035 474.948013305664 430.385513305664 424.222240447998 537.381016731262 427.31974029541 491.666940689087 483.971039772034 588.806434631348 613.819625854492 538.481184005737 683.120788574219 523.1223487854 528.827018260956 507.127485275269 481.587753295898 653.786605834961 487.061517715454 446.296925544739 411.935512542725 532.11491394043 665.642780303955 681.736152648926 544.752487182617 752.142383575439 735.780586242676 814.96369934082 476.495257377625 443.244564056396 338.468826293945 441.434558868408 523.940002441406 496.251319885254 559.141555786133 490.154346466064 410.630935668945 563.120371818542
591.183871269226 503.820919036865 609.562570571899 547.898092269897 527.132522583008 565.864685058594 405.736549377441 470.131748199463 441.31734085083 551.826816558838 488.464493751526 798.44539642334 353.545867919922 487.072470664978 474.888595581055 580.185111999512 544.084022521973 340.755279541016 497.605214118958 500.781721115112 457.038990020752 540.480987548828 442.717208862305 513.352310180664 432.098739624023 529.165075302124 570.951004981995 489.163192749023 571.398452758789 503.223939657211 474.860866546631 389.820014953613 524.723587036133 499.564880371094 632.39892578125 715.282821655273 511.20580291748 591.591027259827 730.977035522461 718.150245666504 414.754272460938 475.463475227356 482.109789609909 329.867172241211 317.724578857422 372.689888000488 337.551086425781 421.733854293823 356.851829528809 582.699151992798
510.981880187988 548.925102233887 425.010406494141 485.064147949219 530.600242614746 538.834011077881 754.573776245117 468.963855743408 505.267714500427 533.612686157227 489.796562194824 532.865768432617 480.695379257202 305.545806884766 579.875175476074 529.26605796814 580.506721496582 373.75862121582 334.402679443359 366.084808349609 509.30326294899 658.723037719727 509.265756607056 457.630859375 483.934509277344 686.822875976562 627.86572265625 522.058996200562 219.8935546875 395.59419631958 452.839282989502 368.907104492188 585.674293518066 564.629638671875 490.223484039307 566.516151428223 636.264289855957 652.425163269043 720.429763793945 687.643142700195 436.596111297607 445.421802520752 463.720537185669 507.716339111328 409.155349731445 349.330795288086 458.8692445755 358.832191467285 361.352668762207 515.861665725708
498.567184448242 634.361034393311 669.46240234375 633.480579376221 697.897102355957 577.84033203125 485.884162902832 751.213198184967 465.517772674561 610.508453369141 510.259147644043 419.546569824219 458.730545043945 596.353694915771 433.308006286621 498.246353149414 532.631774902344 503.271583557129 505.716432571411 455.925331115723 507.867066562176 576.256786346436 593.406585693359 575.385112762451 524.854156494141 718.452087402344 576.634767055511 502.665134429932 335.815711975098 442.26239490509 462.833896636963 480.580108642578 495.713492393494 606.505432128906 534.423324584961 597.920640945435 686.335014343262 740.899444580078 678.059516906738 755.70654296875 554.961219787598 432.533393859863 463.160705566406 417.701812744141 359.026107788086 487.632965087891 516.804835319519 403.918998718262 499.397300720215 631.679649353027
365.245452880859 491.04801940918 694.375793457031 655.007015228271 660.780178785324 593.207271575928 638.921241760254 648.824352264404 493.085815429688 575.685791015625 592.511642456055 505.753579139709 445.241329193115 407.239532470703 473.657499313354 485.224433898926 503.712859630585 348.569564819336 345.293014526367 410.089019775391 405.357849121094 410.909637451172 498.845367431641 453.024250984192 472.487846374512 498.595260620117 584.436835289001 452.979629516602 417.421424865723 449.796789169312 509.38452911377 577.311218261719 432.055206298828 543.204906463623 634.53039932251 668.877708435059 591.470875740051 778.7216796875 868.941864013672 679.448654174805 519.354828119278 434.083602905273 472.222396850586 841.285263061523 667.352905273438 624.211866378784 517.629392623901 541.386558532715 601.434253692627 729.828071594238
516.016229081899 512.243576049805 608.608636856079 540.615077972412 666.628089904785 611.347521781921 630.547988891602 751.976608276367 495.608215332031 317.030731201172 549.336311340332 504.525927782059 490.055339813232 539.8232421875 541.046051025391 500.822355270386 477.75764465332 231.742950439453 341.386917114258 408.330169677734 460.890937805176 493.200073242188 527.668634414673 540.901964187622 581.406549453735 608.411666870117 479.505191802979 274.728179931641 579.851270675659 603.163661003113 643.788181304932 581.735499382019 554.182180404663 603.21208190918 589.801379203796 625.24877166748 498.202934265137 772.767471313477 754.525100708008 836.069076538086 722.832916259766 710.387907028198 482.265701293945 616.63893699646 691.018516540527 586.238683223724 675.62850189209 792.43537902832 548.784866333008 636.759947896004
601.550415039062 579.876800537109 376.456642150879 511.9755859375 646.091602325439 641.06995010376 696.295013427734 580.905033111572 611.084206581116 628.2896900177 528.788804531097 487.379981040955 503.001118659973 445.575717926025 519.97088432312 487.920657157898 540.659538269043 318.036514282227 272.879898071289 428.385955810547 447.199775695801 376.998168945312 345.165496826172 543.917833328247 708.566345214844 564.686962127686 411.113357543945 633.247268676758 684.613548278809 724.134773254395 644.780372619629 593.942796707153 553.28609085083 422.679016113281 373.94673538208 486.669345855713 454.533615112305 580.507572174072 692.943435668945 632.89293384552 584.8098487854 687.058753013611 509.576169967651 579.315326690674 519.980622768402 563.637245178223 532.634363174438 642.686130523682 879.43302154541 750.614498138428
817.552307128906 695.551956176758 627.209648132324 540.832176208496 399 529.234039306641 573.310649871826 528.545043945312 678.813575744629 1017.09602355957 560.641429901123 438.956031799316 457.94344329834 508.240859031677 561.06477355957 460.230186462402 560.933502197266 436.774269104004 506.884243011475 426.609512329102 456.495193481445 499.983564376831 420.820724487305 417.284042358398 403.196197509766 485.931823730469 525.800708770752 632.176284790039 499.644208908081 552.190216064453 642.297248840332 655.105476379395 625.360649108887 427.951690673828 326.404357910156 402.058033943176 358.251037597656 445.532295227051 555.508041381836 494.615776062012 424.907783508301 577.268044233322 417.445251464844 531.788271903992 541.740163803101 662.785263061523 791.148483276367 759.269411087036 813.772689819336 569.718055725098
639.342617034912 608.433517456055 617.709831237793 628.059101104736 599.546783447266 536.383123397827 744.31396484375 659.694206237793 675.114128112793 574.493457794189 493.6556224823 446.54903793335 420.092109680176 572.415954589844 664.704116821289 534.891023635864 527.539636611938 443.292987823486 569.900085449219 314.539154052734 309.254577636719 466.058959007263 471.151786804199 537.936973571777 518.570407867432 656.81901550293 577.373549461365 444.073711395264 543.371307373047 528.382049560547 578.521961212158 516.536849975586 623.258846282959 553.505569458008 485.845878601074 476.595302581787 505.54220199585 432.997093200684 433.163650512695 329.459762573242 586.050117492676 519.042594909668 710.53120803833 820.538818359375 884.134498596191 575.234817504883 681.006042480469 802.767959594727 524.441711425781 464.0774269104
714.099197387695 748.814701080322 573.188205718994 549.219146728516 562.827850341797 512.215286254883 537.311243057251 698.566749572754 665.753273010254 534.546863555908 658.367639064789 460.312660217285 546.42817401886 583.905258178711 707.599594116211 646.608932495117 303.907073974609 459.554794311523 478.952459335327 397.000686645508 447.71004486084 530.518136978149 421.414855957031 462.21314239502 541.684541702271 593.762672424316 585.12914276123 385.179489135742 594.571083068848 508.635955810547 455.746887207031 591.438629150391 517.665138244629 511.76097869873 580.766540527344 566.823989868164 752.629302978516 622.534397125244 591.719127655029 646.917831420898 676.853286743164 564.145027160645 664.47176361084 875.07804107666 759.785011291504 671.503730773926 592.429849624634 593.51203918457 583.276293754578 641.415832519531
-9999 -9999 582.201488494873 798.706527709961 634.061129808426 548.108184814453 594.830932617188 555.495468139648 670.830791473389 521.717582702637 419.163619995117 561.041120529175 466.372608184814 379.07975769043 555.424333572388 469.380409240723 491.928750991821 441.610168457031 472.384052276611 350.413497924805 487.552783966064 558.02033996582 497.123215675354 603.753540039062 428.843658447266 459.599761962891 483.293251037598 654.780807495117 708.726024150848 613.173476934433 450.418018341064 562.947345733643 743.295280456543 550.589309692383 493.719177246094 523.872337341309 639.509643554688 586.48236656189 634.098640441895 561.304715156555 632.963188171387 644.27770614624 896.198505401611 1035.31484222412 810.283012390137 633.374061584473 740.760543823242 -9999 -9999 -9999
