simdem/realisation98.asc
NCOLS 350 
NROWS 171 
XLLCORNER 152620 
YLLCORNER 418050 
CELLSIZE 100 
NODATA_value -9999 
[rows 22 to 43 of 171, columns 150 to 199 of 350]
559.83130645752 764.159912109375 718.767066955566 623.2872838974 819.865631103516 775.952621459961 616.013854026794 634.231496810913 543.97151184082 624.858966827393 708.682006835938 804.064979553223 899.244930267334 715.32430267334 732.467170715332 522.332595825195 932.280793190002 903.904342651367 630.582767486572 751.92908847332 706.41662979126 490.62109375 700.877700805664 710.052429199219 774.081827640533 588.892547607422 849.850082397461 556.011962890625 613.356857299805 545.512130737305 540.707336425781 641.644340515137 559.666767120361 502.928512573242 773.621025085449 632.956966400146 648.385007858276 760.282600402832 767.643379211426 734.302589416504 666.623868942261 691.287502288818 732.768661499023 651.189186096191 665.012769699097 718.015949249268 680.297798633575 600.449182510376 706.820403814316 678.414390563965
572.280944824219 691.592407226562 663.839029312134 607.628221511841 811.116439819336 662.205360412598 651.359264373779 593.151762008667 458.173858642578 541.99437713623 649.48939704895 692.307838439941 819.343376159668 744.828023791313 595.167709350586 693.88648223877 733.055757522583 964.034276008606 668.763648986816 648.798137664795 688.808631896973 513.06755065918 452.977569580078 657.691955566406 626.102149963379 599.553649902344 845.046325683594 619.556900024414 547.657249450684 597.569152832031 550.12414932251 738.757278442383 526.849334716797 572.196617126465 689.855945587158 636.409226417542 673.438495635986 727.21378326416 788.441635131836 801.191390991211 748.074829101562 628.255138397217 572.929405212402 611.461669921875 741.27615737915 563.871932983398 708.625408172607 797.163391113281 644.696975708008 702.215183258057
538.251399993896 504.49059677124 572.590908050537 752.099472045898 726.51097869873 583.641805648804 556.395225524902 585.227542877197 584.966915130615 638.993515014648 502.029373168945 665.63542175293 1006.30620598793 894.693511962891 533.012817382812 1409.72166061401 702.594657897949 567.220439910889 621.387062072754 645.377319335938 617.639144897461 581.724182128906 631.275566101074 720.108268737793 765.685939788818 704.45206451416 535.935989379883 596.936569213867 629.037344932556 672.623035430908 614.97301864624 561.086029052734 633.473791599274 653.209868431091 627.898220062256 796.542419433594 616.257362365723 739.544509887695 750.643882751465 882.933242797852 905.441513061523 717.534683227539 587.158714294434 654.230673789978 597.32495880127 583.924877166748 674.163303375244 744.02046585083 681.065496444702 577.220375061035
501.696434020996 480.707420349121 517.64427947998 660.531284332275 570.32604598999 636.22518157959 561.891498565674 518.819686889648 480.481338500977 444.497909545898 520.210296630859 611.558082580566 1035.58213806152 734.000846862793 894.910205841064 753.753326416016 680.552406311035 916.84440612793 706.965204238892 655.400588989258 922.169448852539 784.481811523438 636.278213500977 644.334215164185 765.921180725098 785.057525634766 713.124126434326 582.836288452148 480.28971862793 566.842468261719 654.328915596008 582.074043273926 580.72282409668 634.749934673309 696.209255218506 606.162990570068 610.22966003418 687.628559112549 679.107270002365 744.482891082764 778.198616027832 776.834083557129 616.388793945312 612.872783660889 671.378479003906 605.32494354248 656.224508285522 823.005813598633 565.535568237305 570.240898132324
556.126041412354 628.890132904053 454.038131713867 580.467441558838 602.921826124191 601.944797515869 546.376762390137 527.853569030762 673.439331054688 582.587512969971 639.829830169678 643.973121643066 726.306253433228 833.844909667969 540.44149017334 628.458618164062 574.785690307617 747.573165893555 542.269805908203 577.921768188477 430.465728759766 512.930725097656 628.709083557129 715.649068832397 576.894332885742 675.656510353088 806.47974395752 600.516448974609 366.918579101562 512.958740234375 505.832901000977 661.800155639648 701.536514282227 565.16915512085 628.810499191284 674.594566345215 664.647548675537 702.972415924072 750.915061950684 666.764966011047 624.928136825562 683.345109939575 694.992088317871 742.097434997559 894.651077270508 784.490421295166 669.397743225098 711.742237091064 612.373237609863 474.39323425293
608.697305679321 505.519916534424 425.209991455078 568.852107524872 563.861682891846 522.916213989258 589.509571075439 596.950220108032 677.986022949219 622.161472320557 532.587055206299 513.927307128906 813.598052978516 696.463689804077 597.348480224609 610.502471923828 695.494346618652 500.950820922852 356.863464355469 655.642623901367 648.392669677734 750.271667480469 519.772766113281 543.349014282227 650.83204460144 817.259803771973 661.991659164429 689.949264526367 493.459991455078 386.023147583008 695.661762237549 454.431762695312 528.79948425293 556.268730163574 690.025317192078 706.732437133789 660.300937652588 661.408059835434 639.545761108398 595.236282348633 550.855377197266 737.90234375 629.884216308594 659.460770606995 870.270294189453 754.059432983398 653.616482615471 647.007658004761 591.031192779541 463.450790405273
602.59591293335 436.696548461914 503.269332885742 597.729043006897 532.900062561035 581.990796625614 513.064598083496 661.555786132812 583.141041755676 683.563041687012 728.271516799927 1144.31280136108 762.982849121094 855.775770187378 668.008560180664 965.440475463867 464.034881591797 953.5712890625 349.346618652344 831.998222351074 793.773956298828 691.10994720459 457.124328613281 663.402503967285 662.881834030151 739.767364501953 655.399389266968 825.129817962646 619.110604524612 586.190715789795 610.448375701904 653.029289245605 667.958892822266 617.485408782959 621.889454841614 798.68635559082 604.395029067993 577.462818145752 515.335571289062 687.518753051758 682.843841552734 1008.62227630615 659.448241829872 616.275646209717 601.14485168457 656.830114364624 673.421581268311 485.147125244141 655.439086914062 554.132598876953
745.571670532227 696.512573242188 624.950286865234 602.692325592041 625.575908660889 781.470199584961 497.230319976807 726.231826782227 644.607803344727 685.095542907715 763.133323669434 1140.00605773926 922.36270904541 885.203674316406 877.678918123245 696.970703125 516.94548034668 551.198738098145 443.002380371094 559.12890625 871.453765869141 638.506248474121 692.863712310791 843.184368133545 543.624351501465 578.21040725708 578.431663513184 795.5703125 661.388381958008 547.969024658203 370.55827331543 571.607669830322 599.66388130188 712.827056884766 691.633182525635 555.032054901123 678.890075683594 711.599006652832 609.977003097534 690.683479309082 713.30525970459 831.585029602051 566.146598815918 659.661211013794 672.830562591553 589.658573150635 646.721249580383 619.223213672638 584.605979919434 722.306030273438
547.438052177429 456.043273925781 678.179672241211 602.979766845703 823.241302490234 677.301856994629 523.934761047363 611.988136291504 636.291557312012 763.050964355469 824.939626693726 1050.71304321289 1169.78375244141 814.7927942276 845.739227294922 604.553853988647 550.204689025879 508.455421447754 460.528099060059 756.876316070557 807.504600524902 559.912208557129 739.736526489258 721.195365905762 657.163644790649 718.721717834473 670.770492553711 692.464683532715 622.190504074097 596.468843460083 468.984970092773 488.917694091797 575.423588752747 671.883037567139 682.019954681396 629.28050994873 784.125885009766 747.52571105957 547.692839622498 667.024696350098 774.13966178894 820.398468017578 676.025169372559 620.864152908325 649.913283348083 519.351089477539 419.259887695312 435.474746704102 539.380352020264 669.491386413574
477.783264160156 539.30415725708 517.141765594482 537.263065338135 546.329393386841 601.89986038208 718.195709228516 534.24284362793 581.537976741791 641.463081359863 966.311553955078 734.917617797852 988.899200439453 536.326148986816 773.178863525391 689.551811218262 709.94994354248 687.896102905273 523.651721954346 531.107486724854 353.678848266602 483.109970092773 472.352645874023 640.173861503601 685.884857177734 815.787399291992 758.130584716797 762.657012939453 668.155570983887 528.299953460693 597.920553207397 608.650827407837 615.000556945801 608.928482055664 635.200302124023 644.549270629883 687.622131347656 569.959433555603 569.595642089844 669.238784790039 733.610375404358 820.67081451416 551.532260894775 570.598211288452 575.534446716309 484.934967041016 376.302627563477 395.464797973633 521.849643707275 580.547261238098
345.326919555664 436.832504272461 581.679208755493 518.909671783447 546.412190437317 618.8327293396 690.670433044434 618.379741668701 870.64785528183 589.994167327881 785.325004577637 819.745162963867 607.443024873734 679.062423706055 653.388130187988 607.982687950134 555.404312133789 597.082573413849 565.186116695404 581.748836994171 423.747100830078 505.912162780762 607.372783660889 662.964408874512 643.763549804688 605.371669769287 616.821731567383 604.522850036621 527.916641235352 590.016469955444 431.19856262207 487.321159362793 607.573394775391 564.474181890488 646.202995300293 634.874824523926 529.061758995056 604.185094833374 567.431882858276 595.023963928223 687.047569274902 696.285479545593 493.090911865234 649.576866149902 552.438848495483 679.191261291504 632.735149383545 477.756828308105 497.648818969727 585.410590171814
444.687690734863 618.34566116333 488.77326965332 444.746566772461 454.06095123291 628.992294311523 706.449981689453 669.962791442871 578.857688903809 575.678153991699 659.898639678955 524.003993988037 547.850189208984 568.830877304077 708.905647277832 640.722023010254 719.876693725586 727.505737304688 470.971466064453 498.061496734619 577.965271234512 528.326248168945 535.504055023193 646.360450744629 560.36061000824 546.73038482666 560.793928861618 601.27286529541 446.402397155762 496.460845947266 589.522616147995 440.896362304688 401.376174926758 615.483867645264 658.438812255859 486.95263671875 620.269416809082 484.228240966797 589.185961723328 568.394023895264 685.630783081055 622.810035705566 508.039054870605 594.373456954956 708.883422851562 652.232856750488 577.945672512054 613.866031646729 639.088729858398 576.574061393738
699.359672546387 662.73420715332 636.606468200684 528.538677215576 462.223625183105 627.13752746582 576.504519701004 615.789978027344 674.98323059082 430.887466430664 465.784362792969 783.182952880859 548.67964553833 581.055307388306 593.825290679932 510.005725860596 623.500946044922 664.141670227051 532.114353179932 498.144367218018 452.214561462402 666.879272460938 563.245290756226 489.932464599609 522.014419555664 493.238258361816 578.260404109955 689.398063659668 490.632171630859 462.794174194336 545.408727169037 564.265771865845 519.816040039062 562.964002609253 631.244972229004 531.952095031738 554.288904190063 512.227409362793 617.406814575195 580.744449138641 623.691772460938 454.170570373535 645.790264129639 724.21125793457 730.008361816406 552.531372785568 578.230224609375 607.221370697021 707.16939163208 627.624950408936
580.539350509644 586.90758895874 560.471239089966 608.99010848999 359.35334777832 599.58585357666 573.882858276367 636.575429916382 617.812971115112 452.35725402832 616.691390991211 633.445537567139 644.515808105469 513.272281646729 555.47297334671 588.948740005493 538.929287865758 580.232707977295 523.041757583618 531.402990698814 566.046073913574 564.587084293365 534.631298065186 613.995526313782 601.753622055054 565.025676727295 548.507141113281 645.438226699829 523.082815170288 425.468902587891 406.96598815918 591.477111816406 375.1123046875 681.443542480469 608.382976531982 546.443912506104 591.467727661133 549.59578704834 499.747844696045 566.451088905334 575.04571723938 646.451881408691 657.658772468567 581.326564788818 968.206253051758 511.836734771729 513.816551208496 545.4586353302 621.452995300293 514.082206726074
458.405632019043 578.978046417236 543.025791168213 502.487251281738 584.087406158447 588.671909332275 602.109798431396 603.291412353516 687.887100219727 583.665790557861 471.451332092285 565.902900695801 613.793014526367 462.741806030273 501.332004547119 609.775482177734 504.107528686523 594.177101135254 614.914352416992 469.95011138916 463.019821166992 622.214996337891 419.137130737305 605.541633605957 595.46763420105 484.411994934082 561.045928001404 661.071334838867 444.265029907227 520.977851867676 618.097576141357 565.684581756592 432.926742553711 588.711091041565 681.383697509766 530.624534606934 545.585025787354 536.891067504883 736.947334289551 512.398445129395 623.474731445312 583.957670211792 607.401092529297 508.145133972168 977.704402923584 524.625494003296 578.131160736084 474.15544128418 608.496547698975 573.361026763916
545.584600448608 502.237911224365 570.568347930908 596.495151519775 598.915733337402 568.619309425354 647.364875793457 612.518768310547 702.19841003418 638.637447357178 557.504364013672 442.707427978516 545.794723510742 489.875442504883 374.504776000977 564.932523727417 469.213226318359 460.688453674316 678.741119384766 590.53466796875 573.870488166809 630.748313903809 505.756669044495 563.281448364258 517.666246414185 512.557724952698 619.083135604858 681.019517421722 863.59806060791 472.393814086914 663.691665649414 708.243026733398 602.888671875 633.755859375 607.834953308105 612.004402160645 592.706211090088 543.036711215973 584.980066299438 628.546997070312 656.62043762207 543.040884971619 613.915622711182 673.232864379883 657.671661376953 515.537300109863 522.425141572952 558.621858596802 608.281978607178 536.075038909912
593.725791931152 507.798721313477 609.113179206848 547.703460693359 627.185787200928 780.97745513916 650.099805831909 573.807924687862 551.317489624023 753.273483276367 611.75378036499 485.96150970459 534.121259689331 665.807571411133 509.418003082275 528.714691162109 602.303123474121 508.866250991821 551.395151138306 662.35701751709 644.608413696289 623.188697814941 540.086971282959 559.133274078369 499.10445022583 625.836891174316 630.612014770508 572.648063659668 589.309997558594 609.448890209198 573.545037269592 494.658317565918 523.477155685425 547.868721008301 582.264041900635 557.454866409302 615.256454467773 630.423278808594 625.85343170166 558.129981994629 587.15291595459 583.509771347046 543.283554077148 547.137768656015 457.951873779297 546.104303121567 544.665609359741 681.785552978516 536.632132053375 517.088405847549
618.07103729248 577.917737960815 608.396266937256 454.753723144531 423.597206115723 484.51682472229 630.558670043945 372.042098999023 417.450759887695 528.277201652527 574.268393516541 561.965673446655 550.526788711548 512.681041717529 462.696174621582 545.966893196106 571.076374053955 524.177337646484 628.968132019043 541.451990962029 530.630072146654 503.239273071289 676.131996154785 559.517557144165 393.537441253662 606.610675811768 631.203475952148 602.412944793701 838.021464645863 964.454493522644 602.684875488281 646.737663269043 529.72361946106 516.081545829773 541.174775123596 685.582901000977 555.004318237305 647.840774536133 582.509708404541 497.385536193848 455.960220336914 505.573303222656 439.415863037109 480.910289764404 509.39701461792 386.050415039062 453.500183105469 707.437408447266 525.117795944214 510.254970550537
587.320370674133 470.47917175293 621.1494140625 591.468185424805 509.908916473389 496.411991119385 555.426513671875 393.919631958008 386.590362548828 576.187530517578 610.174007415771 562.779676437378 485.139038085938 490.410781860352 496.919731140137 562.143039703369 558.734405517578 556.767486572266 582.969898700714 498.001518249512 540.403035640717 505.442207336426 504.146133422852 620.249313354492 611.103179931641 667.73779296875 679.187576293945 712.07049369812 759.039428710938 696.782409667969 552.682594299316 535.627365112305 529.348098754883 535.111995995045 643.708381652832 472.162208557129 502.998516082764 447.981811523438 563.416080474854 513.065355300903 470.327903747559 481.22713470459 366.318283081055 455.77904510498 454.840591430664 465.626419067383 522.420750617981 553.363620758057 505.797691345215 638.065757751465
428.691032409668 657.250373840332 653.91773223877 637.405235290527 557.562994003296 433.137062072754 375.986282348633 412.620590209961 443.29256439209 578.933650970459 532.56521987915 383.756225585938 376.095611572266 470.508293151855 429.89298248291 510.714557647705 417.698837280273 525.683206558228 615.353870391846 566.372846126556 472.794975280762 532.513739585876 636.747749328613 622.391464233398 602.805206298828 545.94958782196 556.232177019119 751.131698608398 876.187511444092 642.082870483398 525.70379447937 446.759353637695 438.482513427734 453.839385986328 321.469131469727 428.219383239746 638.735231399536 647.72492980957 423.055557250977 326.439376831055 465.756309509277 439.355178833008 497.430721282959 371.740020751953 331.730834960938 450.686576843262 389.053558349609 614.357433319092 530.321195602417 511.770683288574
568.21072769165 491.376426696777 535.054374694824 481.716594696045 444.714691162109 352.258697509766 457.051498413086 442.319244384766 423.32154083252 563.316219329834 673.822021484375 252.546356201172 454.716213226318 542.231273651123 559.140264511108 410.356002807617 401.465545654297 564.702167510986 556.783638954163 489.791084289551 425.601287841797 510.583999633789 542.68318605423 540.980204701424 567.304401397705 550.402229309082 504.763843536377 656.921173095703 853.388893127441 778.983150482178 649.17234992981 583.219860076904 404.988731384277 406.503120422363 450.844520568848 330.813293457031 514.024831771851 509.007917404175 458.452995300293 395.158668518066 418.715110778809 334.660430908203 462.859481811523 517.364793777466 453.885757446289 317.624069213867 515.995761871338 522.944431304932 422.740455627441 509.634147644043
480.779657363892 526.755415439606 423.411895751953 461.199241638184 339.150405883789 328.181381225586 459.688430786133 520.989414215088 526.039947509766 476.535556793213 602.570613861084 507.994953155518 509.271789550781 539.666107177734 490.893642425537 411.869369506836 484.603507995605 452.418159484863 495.79190826416 618.017990112305 537.148247718811 594.836406707764 489.75647354126 500.830722808838 398.850997924805 437.692901611328 490.914047241211 555.484909057617 604.806575775146 570.335098266602 792.830085754395 742.275932312012 683.34928894043 526.796758651733 595.649583816528 521.247106552124 581.361228942871 521.796340942383 629.468975067139 675.061126708984 621.250233650208 499.1064453125 721.04451751709 626.96070098877 530.123291015625 331.023498535156 542.392654418945 607.533756256104 395.186477661133 464.574272155762
