simdem/realisation29.asc
NCOLS 350 
NROWS 171 
XLLCORNER 152620 
YLLCORNER 418050 
CELLSIZE 100 
NODATA_value -9999 
[rows 0 to 21 of 171, columns 150 to 199 of 350]
577.410129547119 683.43989276886 750.626831054688 -9999 -9999 -9999 -9999 -9999 -9999 -9999 -9999 -9999 -9999 -9999 -9999 -9999 -9999 -9999 -9999 -9999 -9999 -9999 -9999 -9999 -9999 -9999 -9999 -9999 -9999 -9999 -9999 -9999 -9999 -9999 -9999 -9999 -9999 -9999 -9999 -9999 -9999 -9999 -9999 -9999 -9999 -9999 -9999 -9999 -9999 -9999
652.17554473877 565.425430297852 795.060958862305 821.944583892822 794.780771255493 515.862640380859 569.703765869141 -9999 -9999 -9999 -9999 -9999 -9999 -9999 -9999 -9999 -9999 -9999 -9999 -9999 -9999 -9999 -9999 -9999 -9999 -9999 -9999 -9999 -9999 -9999 -9999 -9999 -9999 -9999 -9999 -9999 -9999 -9999 -9999 -9999 -9999 -9999 -9999 -9999 -9999 -9999 -9999 -9999 -9999 -9999
476.271560668945 616.398059844971 730.640369415283 820.832321166992 614.743759155273 580.439743041992 572.688255310059 733.426532745361 824.258804321289 839.129940032959 808.327604293823 792.333573818207 837.782676696777 997.222808837891 -9999 -9999 -9999 -9999 -9999 -9999 -9999 -9999 -9999 -9999 -9999 -9999 -9999 -9999 -9999 -9999 -9999 -9999 -9999 -9999 -9999 -9999 -9999 -9999 -9999 -9999 -9999 -9999 -9999 -9999 -9999 -9999 -9999 -9999 -9999 -9999
515.245507240295 706.057189941406 755.189163208008 796.979423522949 537.283538818359 485.320953369141 675.026697158813 1006.00326538086 974.039916932583 1015.47801685333 910.646835327148 800.249110221863 833.181449890137 803.829383850098 623.307907104492 753.221000671387 883.803970336914 916.208707809448 839.673637390137 610.876556396484 778.996982574463 698.314270019531 770.22038269043 846.768535614014 880.224990844727 697.278102874756 734.566646575928 747.937633514404 737.325630187988 711.306228637695 772.9580078125 827.092872619629 827.673732757568 770.646484375 780.904420852661 -9999 -9999 -9999 -9999 -9999 -9999 -9999 -9999 -9999 -9999 -9999 -9999 -9999 -9999 -9999
1178.7882232666 880.137741088867 762.300193786621 950.814521789551 881.987091064453 849.487655639648 793.587112426758 842.761947631836 862.263893127441 966.155902862549 1013.35936260223 720.572620391846 833.385963439941 729.281955718994 467.58366394043 567.694763183594 648.559677124023 796.638986349106 884.998870849609 621.091300964355 745.974983215332 776.237972259521 714.955123901367 755.266368865967 813.66357421875 813.757928848267 674.15217590332 784.45788192749 694.50049495697 737.51847076416 861.084545135498 876.450379371643 780.554427146912 758.408591210842 619.234313964844 665.737030029297 561.961944580078 738.573020935059 872.496929526329 866.734014511108 588.68041229248 691.093965530396 744.171524047852 667.989995002747 610.51904296875 703.359931945801 792.279804229736 774.729265213013 887.635307312012 812.100070953369
1066.88585662842 789.874633789062 738.892372131348 1067.20280456543 1103.16448974609 957.327514648438 765.161392211914 823.725662231445 935.11457824707 980.742874145508 981.012657165527 747.192245483398 608.604518890381 419.061088562012 733.991414070129 462.745742797852 810.537879943848 889.346649169922 846.569046020508 754.271076202393 585.219970703125 701.53343963623 803.674072265625 669.523950576782 617.841682434082 646.044174194336 614.102279663086 594.681182861328 620.340744018555 731.568950653076 611.997116088867 754.159094810486 750.002330780029 688.542999267578 728.683124542236 656.412033081055 645.268489837646 851.616760730743 762.517051696777 861.699281692505 704.812652587891 605.221866607666 636.472234725952 685.941831588745 590.370613098145 505.651901245117 751.235916137695 717.958686828613 774.291435241699 771.349607467651
1156.21593856812 1202.01306533813 845.098910570145 779.471446990967 1084.54899597168 850.02653503418 958.448135375977 956.692459106445 1137.40591812134 1044.36893844604 1116.88178157806 898.03108215332 603.69172668457 471.898097991943 685.337146759033 641.542610168457 746.735805511475 847.11393737793 891.375686645508 790.724405288696 644.838813781738 565.448837280273 665.476989746094 608.293037414551 754.969680786133 714.932306289673 680.176712036133 708.571781158447 509.374404907227 677.816265106201 677.907321929932 711.3840675354 769.556716918945 686.424670219421 808.102012634277 925.103294372559 942.069358825684 879.797821044922 941.082885742188 856.416515350342 729.986961364746 781.211734771729 669.954902648926 746.188323974609 684.058084487915 634.790418624878 585.668502807617 734.005645751953 778.437149047852 677.882888793945
1088.12803649902 763.246746063232 864.450912475586 850.24479675293 966.161331176758 885.317138671875 803.570602416992 765.437118530273 965.380241394043 862.290100097656 1007.95694732666 687.165199279785 750.27379989624 443.178451538086 629.049789428711 656.041519165039 687.333740234375 639.919288635254 893.87370300293 734.924488067627 852.043983459473 954.660583496094 593.351501464844 660.904388427734 600.613796234131 610.548839569092 723.658344268799 679.632216453552 803.730667114258 797.72695350647 883.321640014648 656.368911743164 737.339149475098 780.221527099609 834.476196289062 841.304861068726 913.308441162109 916.581157684326 856.865648269653 821.635524749756 712.46622467041 795.877960205078 780.42488861084 896.926467895508 760.976257324219 842.674758911133 912.042371749878 723.486747741699 703.202480316162 778.825680732727
783.486785888672 840.106582641602 764.147960662842 718.752269744873 973.782943725586 789.905311584473 824.195587158203 749.149841308594 975.580345153809 924.918212890625 734.786193847656 836.779426574707 718.738605499268 778.972484588623 621.876953125 510.937576293945 655.760650634766 674.810317993164 840.818067550659 913.679718017578 1027.39055252075 1069.06594848633 815.468662261963 906.678194046021 746.784329175949 918.543853759766 797.097625732422 789.456328392029 828.091423034668 944.673538208008 887.701686859131 889.87366104126 826.491264343262 765.406690597534 764.27498626709 945.308654785156 977.436637878418 935.925287246704 1038.71896362305 1006.27235031128 879.908004760742 759.585327148438 674.208847045898 743.453636169434 788.022647857666 815.717498779297 823.904937744141 760.394255638123 719.856921195984 898.161346435547
654.671003341675 724.81893825531 781.064346313477 668.471228837967 683.829802513123 748.066009521484 502.52082824707 384.154510498047 418.788192749023 517.548355102539 555.29150390625 680.308563232422 721.339347839355 587.874084472656 761.223999023438 946.716209411621 991.491539001465 705.988079071045 1020.23604679108 734.568946838379 862.535995483398 1055.14768218994 1156.22020721436 1117.87780761719 675.882995605469 773.519631385803 804.764251708984 751.320476531982 746.011951446533 614.015098571777 761.410400390625 837.833826541901 738.442754745483 662.286613464355 763.895245552063 945.235256195068 1095.52006530762 1076.83840179443 1172.66564941406 984.651639461517 816.914970397949 823.446412086487 805.904449462891 754.96410369873 881.051193237305 791.874298095703 962.152507781982 831.446811676025 859.730010986328 868.297705292702
801.878242492676 748.318325042725 791.200466156006 649.668260574341 767.524848937988 718.862632751465 494.13542175293 393.901290893555 556.32145690918 433.949905395508 773.618949890137 636.480560302734 617.515587806702 683.467147827148 416.876068115234 989.432746887207 1133.60353088379 733.473712921143 1045.62594604492 839.456332206726 920.507369995117 928.98747253418 652.097427368164 1124.2398223877 973.143589019775 1130.38203477859 691.473026275635 641.821985244751 650.349990844727 504.935192108154 799.132293701172 750.354405403137 684.099723815918 624.17854309082 611.893295288086 875.829071044922 848.103100776672 894.265941619873 860.239592552185 866.658246040344 737.854351043701 605.02579498291 746.905647277832 811.075622558594 815.468094825745 1235.27984571457 872.660858154297 1364.13117218018 1390.22220611572 861.175270080566
621.442539215088 739.10856628418 778.911056518555 503.578033447266 589.220584869385 650.027212142944 635.703277587891 497.026458740234 636.838500976562 481.793029785156 412.908935546875 527.9326171875 630.482574462891 1009.1441116333 683.609024047852 654.396354675293 818.719707965851 806.853609085083 854.150550842285 535.992294311523 626.516609191895 1054.64761352539 707.489814758301 755.191345214844 863.948757171631 870.570671081543 1289.08823394775 1203.3537940979 1081.89022922516 1245.2945895195 1175.3491973877 860.895172119141 699.166314601898 466.765131950378 576.426565229893 799.425239562988 767.103759646416 503.466529846191 562.532329559326 652.21422958374 789.26527261734 804.606934547424 763.504821777344 741.240810394287 598.75333404541 781.152732849121 797.115245819092 907.030792236328 1156.5041885376 851.856342315674
575.908576965332 607.803631782532 749.98462677002 652.578813552856 672.456220626831 762.000823497772 542.13419342041 636.986396789551 599.962928771973 483.605102539062 713.576873779297 771.523376464844 1281.07053041458 871.186347961426 723.224731445312 618.34853553772 441.238632202148 828.237881168723 1072.99448776245 780.416454315186 650.834693908691 965.418197631836 625.529235839844 721.257904052734 805.688123643398 856.32836151123 1116.6498374939 1316.42189025879 686.350051879883 835.737808227539 964.784240722656 751.904418945312 697.20809173584 633.079669952393 672.906307220459 822.863067626953 857.410033226013 667.995944976807 675.985107421875 625.742515563965 620.443069458008 647.297897338867 661.568496704102 576.520805358887 640.069942474365 816.770050048828 813.436332702637 914.453536987305 698.527374267578 826.132100299001
531.603851318359 576.704040527344 648.947792053223 1035.28352355957 936.651950836182 1226.06736755371 979.097322940826 699.53267288208 673.812000274658 732.270929336548 630.65306854248 753.75855255127 618.59992980957 645.251358032227 969.493759155273 541.68359375 693.358694076538 742.320281982422 846.218715667725 593.363418579102 853.454778671265 558.294296264648 997.297431945801 637.230590820312 672.762390136719 930.658402442932 882.812205314636 772.744636535645 666.388580322266 513.139129638672 1039.50338745117 656.023864746094 495.556312561035 611.48233795166 568.422927856445 802.736400604248 861.328251838684 667.440628051758 619.373951435089 559.821762084961 591.323104858398 672.470863342285 681.136077880859 773.695327758789 676.800090789795 680.022327423096 811.979833364487 905.583641052246 816.307846069336 797.297584533691
1069.68396759033 605.775632858276 542.429328918457 589.037784576416 645.320504665375 556.196174621582 616.248222351074 584.531112670898 727.151985168457 666.879020690918 606.700096130371 532.949356079102 573.183380126953 642.607971191406 1190.22651290894 647.53181552887 602.222526550293 516.734580993652 696.966186523438 694.408126831055 692.579528808594 791.168827056885 924.552272796631 466.488220214844 598.178817749023 632.729293823242 1015.44884490967 887.199878692627 766.670913696289 611.630783081055 607.262466430664 921.486259460449 1194.2194442749 717.734916687012 830.337455749512 708.475440979004 724.145778656006 820.831497192383 619.526319026947 673.029839634895 601.282829284668 615.307220458984 678.375579833984 640.572891235352 751.334762573242 668.920182704926 756.583136886358 527.081604003906 997.63667678833 654.876678466797
604.162378311157 630.465869903564 584.585105895996 570.004711151123 580.985179901123 444.317718505859 658.765753135085 809.957885742188 654.335573196411 593.23120880127 693.803013801575 626.798419952393 612.387825012207 1103.09071350098 607.112785339355 906.561590194702 712.833444595337 835.602897644043 769.034873962402 1174.68792724609 1153.0976524353 1105.96727561951 1231.68492126465 551.305923461914 709.86653137207 611.76350402832 811.702941894531 811.203277587891 819.392021179199 838.018214225769 680.882972717285 649.350456237793 790.59476852417 617.024971008301 821.141426086426 936.862869262695 694.419567108154 888.341606140137 914.478576660156 818.583419799805 689.939565658569 687.824334144592 714.005695343018 645.055732727051 678.371772766113 614.779514312744 632.497711181641 641.466794967651 799.115478515625 764.062324523926
665.464820861816 594.824790477753 532.579391479492 406.929870605469 597.628114700317 606.446654319763 639.929695129395 611.29797744751 685.762706756592 568.197830200195 607.799301147461 573.477439880371 1426.44709014893 1373.22198486328 652.035339355469 616.890625 659.101913452148 768.768771320581 745.256990432739 696.834373474121 1187.98016357422 721.895451545715 814.404388427734 480.434188842773 660.000946044922 528.393463134766 1718.8914642334 972.905136108398 896.347507476807 736.606742322445 838.709274291992 606.024215698242 660.84260559082 1298.35079193115 838.060594558716 825.120391845703 782.371835708618 1117.22867584229 1409.88996887207 796.778533935547 707.087285995483 686.249664306641 724.485321044922 824.40450668335 1132.16588592529 720.287803649902 727.417175292969 667.279345482588 732.398114681244 752.425371170044
556.82133102417 577.792970657349 519.258422851562 642.944976806641 589.78129196167 598.643138885498 467.559982299805 658.574467658997 760.618934631348 584.554931640625 570.116592407227 489.909698486328 469.003677368164 459.592636108398 336.015472412109 755.748199462891 492.603820800781 607.897895812988 691.078945159912 708.238140106201 682.166778564453 772.511672973633 699.273368835449 822.81512928009 835.356853485107 906.716522216797 816.006004333496 817.756233215332 801.734935760498 966.309265136719 742.208480834961 972.297222137451 918.994131088257 737.058036804199 1006.6707649231 775.592361450195 807.175827026367 839.306976318359 654.491117477417 675.678234100342 622.417479515076 724.189874649048 861.975105285645 737.627142906189 685.498062133789 628.67618560791 732.967638015747 745.449028015137 1048.66705322266 754.309371948242
641.136009216309 656.077827453613 575.960140228271 566.201675415039 610.979679107666 512.317474365234 952.933441162109 975.519149780273 673.272136688232 601.098670959473 661.18377494812 610.383003234863 623.29175567627 515.001373291016 469.045837402344 993.19263458252 1138.81232070923 1183.5471162796 834.079250335693 863.115673065186 764.128410339355 816.773849487305 984.579528808594 562.500457763672 948.739685058594 403.596374511719 578.867568969727 688.74885559082 720.275646209717 879.192275047302 799.328929901123 623.414581298828 674.623090744019 670.501913070679 623.919189453125 1421.0104675293 726.763446807861 852.509994506836 585.595512390137 920.52995300293 580.687355041504 902.561626315117 1065.11781311035 1085.2619972229 995.799118041992 1152.36116027832 609.910293579102 612.027965545654 511.798362731934 636.84050655365
592.142345070839 708.550903320312 432.508010864258 576.835460662842 579.288249969482 502.492622375488 770.923080444336 639.902837753296 686.500973701477 738.484878540039 869.117584228516 557.895767211914 526.178024291992 588.314109802246 603.360092163086 672.664951324463 626.534076064825 718.551415920258 711.601411819458 694.909303665161 691.122406005859 655.287857055664 700.507476806641 818.164608001709 731.388931274414 713.627731323242 695.437843322754 940.321182250977 875.198722839355 734.248066902161 719.597080230713 599.037780761719 834.307968139648 694.190612792969 703.725959777832 825.21411895752 773.870269775391 783.999603271484 665.66796875 625.717144012451 722.152488708496 494.483276367188 806.318801879883 595.816375732422 656.280525684357 680.778982162476 787.949440002441 642.743495941162 730.935447692871 650.693599700928
501.52165222168 538.594955444336 548.481781005859 435.660110473633 501.946975708008 611.045185804367 555.649368286133 696.885137557983 1407.66165924072 681.856562376022 625.823593139648 766.407082557678 570.151744842529 673.708904266357 629.640678405762 710.338523864746 685.611671447754 894.858993530273 837.889036178589 866.877243041992 848.939758300781 485.272766113281 689.88159942627 895.311116218567 939.403526544571 706.197265625 676.783905029297 533.448883056641 718.415985107422 773.670475006104 573.250823974609 663.538497924805 616.953956604004 689.498470306396 694.041137695312 748.087387084961 922.723709106445 824.248870849609 602.793144226074 641.659820556641 576.415985107422 745.456954956055 1128.23213195801 672.160846710205 780.223251342773 1240.91009140015 655.247180938721 608.681343078613 834.648765563965 1010.2492609024
420.203918457031 624.242663621902 638.236581802368 540.490440368652 681.353197097778 606.488430023193 1058.12998008728 632.691899299622 645.107168197632 569.018661499023 527.123039245605 703.298324584961 404.73388671875 969.510604858398 684.524744033813 705.991406917572 941.972454071045 767.40690612793 1070.90120315552 756.063537597656 791.618576049805 1122.16198730469 1047.6079750061 687.782203674316 724.227190971375 950.249454498291 729.420516967773 574.08625793457 1568.89892578125 638.339713096619 551.529136657715 734.08980178833 629.691650390625 497.607849121094 556.592231750488 522.331527709961 602.773040771484 636.433191299438 745.885175704956 745.029525756836 641.158218383789 665.304744720459 801.572334289551 577.632446289062 781.449111938477 1298.78592681885 641.24896812439 608.349138259888 681.064067840576 694.497995376587
