simdem/realisation46.asc
NCOLS 350 
NROWS 171 
XLLCORNER 152620 
YLLCORNER 418050 
CELLSIZE 100 
NODATA_value -9999 
[rows 66 to 87 of 171, columns 50 to 99 of 350]
658.358642578125 580.346580505371 551.832809448242 516.472629547119 517.134353637695 472.535499572754 421.579497158527 386.205262184143 333.864555358887 396.73762512207 316.286624908447 371.920919418335 254.157699584961 121.035278320312 389.951147079468 329.49013710022 394.940776824951 504.873611450195 458.524909973145 478.195594787598 376.934135913849 386.710010528564 311.601287841797 320.602516174316 333.96146774292 210.86799621582 268.77938079834 370.206673622131 439.183258056641 288.82154083252 467.021446228027 444.223442077637 303.125305175781 397.973507881165 337.612884521484 501.121383666992 345.748600006104 308.532752990723 569.018882751465 479.638690948486 427.093722343445 447.058875083923 455.330808639526 380.889102935791 370.717620849609 584.289566040039 406.563022613525 386.43367767334 509.374897003174 505.203819274902
671.228607177734 616.393669128418 567.317771911621 455.197190284729 531.790237426758 401.7177734375 472.562540054321 520.469467163086 458.208290100098 424.760863304138 258.062370300293 251.298027038574 308.570026397705 270.602310180664 423.079067230225 337.456377983093 358.626333236694 363.042889595032 372.041430473328 354.220550537109 423.878898620605 378.806885719299 370.93109703064 352.32112121582 131.094268798828 122.440856933594 241.579330444336 352.203998565674 444.92350769043 378.208283424377 377.733313322067 453.935241699219 427.300277709961 331.21809387207 489.839935302734 325.898162841797 378.829418182373 375.238376617432 395.222940444946 453.504220962524 402.140766143799 449.220408439636 451.091798782349 420.187910079956 497.702381134033 546.125099182129 529.406364440918 431.566602706909 501.546062469482 555.254814147949
623.517234802246 545.578315734863 519.580413818359 338.491455078125 303.623115539551 352.359325408936 373.409700393677 400.96103477478 367.827318191528 343.433404445648 329.837675094604 348.004344940186 245.919967651367 173.360809326172 272.64427947998 356.64502954483 330.877029418945 244.059089660645 313.997291564941 389.333042144775 275.618110656738 271.703308105469 453.18578338623 396.89128279686 350.15957069397 287.766159057617 193.757675170898 436.417791366577 232.302719116211 310.292125701904 363.056705474854 354.854747772217 500.791488647461 510.627685546875 531.888244628906 346.494213104248 495.53052520752 390.774796485901 445.271030426025 478.242805480957 445.134927749634 455.606783866882 451.596294879913 413.859872817993 392.982757568359 435.644834518433 612.659164428711 531.503547668457 430.085479736328 454.482255458832
474.150841712952 331.096893310547 486.635290145874 379.209300994873 409.165486335754 330.642196655273 358.443906784058 290.22289276123 263.123199462891 426.280578613281 303.800033569336 245.973487854004 376.442802429199 154.042831420898 368.225147247314 186.667602539062 326.110725402832 438.908175468445 487.439575195312 373.98092963919 374.58856010437 289.421295166016 409.517665863037 448.139373779297 375.456930160522 408.587066650391 429.760696411133 389.036822319031 337.537246704102 249.136093139648 459.034957885742 459.8583984375 413.194555282593 515.801460266113 494.124717712402 376.721464157104 586.086044311523 471.784923553467 331.779769897461 357.006736755371 299.925857543945 370.216018676758 282.680191040039 511.058296203613 433.226841926575 459.970702171326 452.756491661072 660.864196777344 531.740112304688 391.80534362793
512.855323791504 435.231197357178 438.598779678345 555.481491088867 418.161458969116 413.555776596069 472.749382019043 389.250728607178 377.071193695068 362.459994316101 370.931891441345 373.027075052261 346.177192687988 284.497882843018 174.386489868164 217.531387329102 263.923812866211 371.466947555542 383.028087615967 516.356582641602 301.345611572266 242.359436035156 259.624420166016 380.430109798908 468.798484802246 394.284506797791 345.890781402588 395.862162590027 407.349813461304 485.618713378906 411.70530128479 415.898345947266 434.041381835938 386.369047164917 352.751289367676 506.670433044434 410.615180969238 373.952932357788 391.424518585205 386.527187347412 465.933742523193 457.600681304932 432.70921587944 565.004264831543 555.318374633789 508.824462890625 442.290022850037 661.382125854492 612.459365844727 426.813411712646
317.267799377441 341.589637756348 407.628034591675 510.36043548584 405.723160743713 334.390808105469 392.330438613892 374.125696182251 381.794887542725 388.960826873779 382.587320327759 369.590114593506 266.957305908203 304.166725158691 427.046696901321 166.369598388672 470.652183532715 393.311061859131 340.217334747314 455.372314453125 449.721824645996 475.625473022461 377.47509098053 437.21263885498 424.074745178223 449.801002502441 381.314051628113 404.030481338501 497.255928039551 477.854034423828 466.626426696777 394.673697471619 443.655323028564 404.271590232849 485.140289306641 395.104147434235 340.623275756836 342.762329101562 505.765419006348 429.972541809082 402.218036651611 539.806938171387 366.095664978027 385.301177978516 367.91455078125 532.890350341797 498.261127471924 657.46516418457 468.164685726166 459.067212343216
411.389762878418 582.16064453125 503.622734069824 431.307487487793 262.870315551758 274.824241638184 353.910732269287 290.499946594238 383.420303344727 362.454051971436 423.994209289551 192.494079589844 381.024490356445 394.603357315063 288.141906738281 312.777683258057 399.304029464722 404.653167724609 339.972267150879 409.721764564514 385.627912521362 444.467948913574 359.281467437744 244.929191589355 368.627441167831 373.192429184914 411.87197303772 291.594715118408 379.613492012024 328.752899169922 263.597068786621 328.49129486084 399.387646943331 370.723998069763 439.364528656006 512.787254333496 282.648345947266 353.565811157227 482.932273864746 492.385318756104 528.861030578613 431.58562374115 496.460372924805 332.685485839844 380.240524291992 469.617590427399 466.768398761749 412.646987915039 383.298561096191 637.188568115234
413.352041244507 506.006935119629 287.616119384766 336.036613464355 290.714942932129 247.523765563965 389.197902679443 335.116168022156 355.266844749451 297.587413787842 368.791066646576 217.817260742188 281.839782714844 265.444526672363 390.580070495605 490.952499389648 449.834579467773 487.173179626465 438.376197814941 280.429023742676 373.478977203369 374.058897018433 339.558952331543 350.043792724609 306.64306640625 585.053298950195 451.404762268066 325.007118225098 515.107406616211 402.234882354736 346.322681427002 242.120452880859 326.211242675781 277.469985961914 491.787658691406 553.338409423828 469.961845397949 418.690152168274 259.947463989258 483.973602294922 381.897659301758 496.571071624756 410.92981338501 370.605979919434 514.728210449219 441.858562469482 562.633113861084 502.102424621582 577.150115966797 612.687629699707
248.802581787109 472.183631896973 416.437356948853 344.455543518066 412.768894195557 243.671951293945 347.173868179321 335.372114181519 336.707382202148 235.101837158203 203.371444702148 339.089707374573 347.536070108414 278.243492126465 335.311952590942 338.429874420166 433.43140411377 446.817707061768 423.811580657959 418.038021087646 392.820705413818 365.420383453369 483.516311645508 469.502059936523 470.681167602539 500.391250610352 516.353591918945 501.228462219238 409.103769302368 418.842811584473 400.723157405853 402.114231109619 405.035621643066 456.411140441895 525.703125 425.906394958496 547.563568115234 484.201557159424 388.864879608154 454.220170021057 536.59423828125 458.236732006073 491.8639793396 436.190776824951 434.557586669922 667.028396606445 565.913581848145 550.865524291992 569.27392578125 673.151138305664
467.582630157471 376.118915557861 432.712068885565 412.611505508423 385.541144371033 296.480506896973 313.325328826904 479.613258361816 558.990661621094 305.2214012146 385.755805969238 369.037961483002 427.313667297363 351.73933506012 239.359344482422 298.855354309082 367.989744186401 264.085342407227 446.030197143555 425.936454772949 322.605876922607 224.897964477539 530.603073120117 474.112617492676 445.438903808594 326.478397369385 321.829742431641 375.202240943909 314.461269378662 433.820457458496 333.595726013184 484.046157836914 514.056121826172 534.856155395508 421.766342163086 446.67472076416 581.988006591797 460.460760116577 456.065631866455 562.747505187988 573.05150604248 518.627944946289 522.194965362549 600.883140563965 472.040396690369 621.832168579102 619.318153381348 479.725115776062 604.13606262207 863.253708839417
571.803623199463 418.161987304688 515.874504089355 483.281242370605 568.851455688477 447.973213195801 456.765411376953 418.07958984375 418.324363708496 262.65389251709 419.786136627197 299.937057495117 377.818475723267 362.090110778809 364.21762752533 285.28377532959 366.443483352661 487.430183410645 507.476135253906 352.97240447998 383.521839141846 209.140426635742 274.515296936035 385.374746322632 409.756061553955 339.42720413208 225.941558837891 211.626922607422 219.767791748047 379.078706741333 458.971748352051 573.006225585938 498.481452941895 471.583545684814 328.745140075684 486.202537536621 596.536010742188 408.950626373291 496.764980316162 360.8193359375 383.291130065918 385.492881774902 361.474678039551 506.261474609375 404.641674041748 518.505531311035 794.819641113281 955.54216003418 532.0998878479 608.062423706055
397.653301239014 500.132215499878 317.956798553467 442.752277374268 621.477096557617 428.891092300415 542.310363769531 328.171772003174 261.282752990723 320.471015930176 350.525169372559 260.842056274414 357.725338935852 466.009506225586 334.441270828247 239.868270874023 349.642687797546 418.164703369141 313.960910797119 490.106170654297 421.852233886719 340.919616699219 266.429634094238 349.740579605103 485.213600158691 477.405670166016 370.237411499023 337.264247894287 384.021879434586 384.192753791809 442.948989868164 486.032562255859 368.016609191895 431.626724243164 275.52392578125 403.506355285645 474.695594787598 479.349966049194 312.853530883789 450.753498077393 369.029922485352 412.768173217773 424.055665254593 325.017158508301 483.375225067139 642.734725952148 538.322788238525 858.729843139648 527.060375213623 626.634292602539
418.772319793701 468.980583190918 427.011619567871 492.604278564453 439.889575004578 394.780001163483 439.954860687256 401.762079238892 363.278247833252 159.299285888672 292.461402893066 407.448036193848 546.816940307617 576.051666259766 501.863357543945 305.878795623779 363.513998985291 395.225681304932 377.31231880188 317.955551147461 394.380748748779 447.85619354248 431.908191680908 404.139278411865 422.156383514404 387.412407159805 344.478240966797 351.15567779541 543.697845458984 401.619717597961 452.714817047119 365.378955841064 195.652038574219 317.860702514648 331.247840881348 529.711578369141 410.350021362305 386.170356750488 456.325954437256 480.958196640015 493.107229232788 430.640213012695 463.14727973938 763.378757476807 739.698013305664 760.579216003418 490.683717727661 544.81950378418 648.237457275391 661.485592365265
240.907173156738 402.495094299316 353.131072998047 278.352584838867 381.109580993652 434.438892126083 413.365322113037 247.298927307129 328.944622039795 227.98673248291 378.17303943634 406.017807006836 324.577482223511 427.789657592773 477.215232849121 481.45581817627 443.120079040527 373.44669342041 391.701779842377 200.768661499023 255.916877746582 416.168258666992 458.107543945312 528.915115356445 431.519205093384 360.15834236145 353.555551528931 462.826972961426 417.004362106323 373.016424179077 429.538595199585 414.131261825562 506.51929473877 425.823839187622 407.331409454346 339.954948425293 413.123443603516 469.426421165466 571.89575958252 595.816719055176 615.543884277344 529.358282089233 746.483695983887 736.972137451172 742.445251464844 614.46679019928 538.960182189941 578.207847595215 576.452407836914 677.26210975647
483.039470672607 397.001515388489 342.484088897705 298.019790649414 229.946899414062 285.59245300293 252.76286315918 256.375061035156 249.86678314209 276.141471862793 498.898132324219 483.112548828125 440.060005187988 317.720909118652 399.80841255188 533.447891235352 351.579521179199 379.365303516388 343.183034896851 318.596302032471 354.881168365479 183.00798034668 201.944244384766 426.699142456055 348.742889404297 352.066368103027 329.352554321289 293.148323059082 241.066482543945 252.803939819336 221.642486572266 418.908890724182 332.826156616211 486.6598777771 545.287521362305 563.522163391113 436.74412727356 565.116859436035 518.040901184082 568.079574584961 578.783626556396 635.264038085938 848.448883056641 624.201690673828 648.062774658203 450.1579246521 627.15495967865 531.765619277954 459.677391052246 571.109897613525
304.942707061768 471.587371826172 286.46167755127 220.369293212891 488.160011291504 274.363754272461 316.468479156494 288.020412445068 304.886211395264 301.782859802246 508.568786621094 426.06364440918 334.855152130127 319.746820449829 428.884468078613 279.598537445068 446.189086914062 363.719528198242 307.493545532227 363.34371471405 279.749488830566 352.111572265625 341.539264678955 370.652542114258 335.99690246582 351.033576965332 310.710105895996 246.325073242188 143.786758422852 199.023559570312 336.646591186523 385.550751686096 359.250701904297 434.502288818359 520.821472167969 535.09105682373 546.740451812744 513.291035652161 643.261169433594 566.822895050049 837.604773819447 508.103462219238 771.673900604248 754.010578155518 584.734962463379 455.332557678223 351.719451904297 446.962181091309 404.073310852051 464.991989135742
341.422504425049 367.83599281311 211.60376739502 202.47575378418 322.191059112549 417.526248931885 467.171920776367 389.610960006714 262.226013183594 331.707685470581 437.888244628906 313.539043426514 311.026996612549 366.59453868866 251.200424194336 220.256164550781 404.676870346069 297.515922546387 361.039078235626 236.586410522461 316.533920288086 224.167175292969 350.055717468262 357.706039428711 439.698627471924 377.789106369019 377.629081726074 390.96030330658 395.800803363323 342.750537872314 511.451232910156 472.955986022949 422.754878997803 549.385475158691 461.894714355469 463.355935096741 463.29280090332 573.12647485733 742.942276954651 571.366271972656 580.029494762421 520.046806335449 539.00220489502 445.463737487793 408.765350341797 443.6315574646 432.998863220215 496.287761688232 576.483623504639 607.216506958008
373.706169128418 407.684772491455 359.279972076416 385.842483520508 285.575210571289 294.891670227051 366.853565216064 375.294902801514 381.897186279297 472.140190124512 412.676055908203 342.919628143311 249.69881439209 302.323291778564 215.757736206055 249.565376281738 319.811027526855 199.575317382812 317.589107513428 246.161415100098 312.610488891602 283.737983703613 191.130035400391 427.284708023071 361.529853820801 248.583282470703 371.230091094971 396.774951934814 413.324840545654 441.563610076904 430.292316436768 370.067050933838 369.277652740479 389.506271362305 441.171998977661 500.121383666992 576.689426422119 834.708724975586 688.07341003418 497.454372406006 442.851272583008 543.47741317749 472.850135803223 420.597663879395 497.204536437988 507.697731018066 499.994789123535 577.226490020752 600.187076568604 632.661128997803
435.22359085083 434.181900024414 228.109817504883 428.01383972168 482.630462646484 318.423524856567 216.35912322998 420.198394775391 371.305847167969 434.323143005371 328.51319360733 399.788509368896 383.663314819336 360.561183929443 358.587306976318 424.654037475586 287.923805236816 148.090774536133 171.260528564453 256.247985839844 205.117645263672 369.080832004547 296.004760742188 395.668191432953 418.383848190308 209.198959350586 412.117006398737 356.93416595459 354.507675170898 391.73388671875 421.744031906128 522.146644592285 481.973171234131 425.908107757568 390.000793457031 424.838146209717 729.196475982666 552.87181854248 707.539764404297 681.057273864746 473.065547943115 564.933422088623 672.094360351562 618.410250663757 481.791610717773 526.147956848145 502.691200256348 452.413772583008 665.28645324707 731.912200927734
430.649333953857 493.314529418945 365.951890945435 375.859963417053 405.28044128418 273.907752990723 355.636093139648 351.449352264404 335.893371582031 457.447494506836 403.40599822998 333.156450271606 371.687307357788 379.731023788452 388.135238647461 313.954624176025 329.881366729736 159.493957519531 185.665725708008 275.601699829102 400.956270217896 261.789276123047 373.596930980682 316.332389831543 404.521100997925 312.921562194824 312.88151550293 402.30782699585 489.544296264648 534.814697265625 364.2258644104 432.814816474915 441.826580524445 414.728321075439 347.44945526123 570.54891204834 595.157203674316 717.430145263672 687.492683410645 510.272296905518 505.567338228226 573.59916305542 482.81755065918 555.382038116455 513.614624023438 -9999 -9999 748.686492919922 625.967517852783 844.634231567383
436.727310180664 462.023868560791 359.646427154541 431.837440490723 529.977981567383 360.415309906006 540.289932250977 334.003012657166 302.057708740234 336.841901779175 338.308341503143 277.175090789795 187.088302612305 414.065086364746 385.346675872803 364.000224113464 287.533599853516 259.91374206543 264.174438476562 339.49750328064 363.390922546387 319.969551086426 298.197456359863 302.98063659668 302.508491516113 311.182487487793 467.211009979248 457.925411224365 441.011673927307 362.764808654785 439.632215499878 531.224014282227 529.420146942139 430.940296173096 365.796493530273 767.618194580078 646.691833496094 599.61199760437 525.216163635254 531.67498588562 592.219403266907 558.494361877441 -9999 -9999 -9999 -9999 -9999 -9999 -9999 -9999
396.059313774109 466.617561340332 482.719177246094 486.157661437988 427.030452728271 453.68465423584 469.29891204834 279.133051872253 403.913581848145 374.03190612793 441.200332641602 184.669914245605 225.089836120605 210.196502685547 240.190277099609 318.202701568604 370.134593963623 371.356730222702 228.741317749023 259.409027099609 245.656173706055 262.403968811035 261.565780639648 312.789276123047 403.42947435379 392.030206203461 342.601173400879 516.509078979492 437.138527393341 603.020324707031 428.871176719666 449.241008758545 620.370544433594 426.15189743042 572.515480041504 614.925659179688 528.549449920654 655.251197814941 537.476787567139 553.192928314209 580.070747375488 -9999 -9999 -9999 -9999 -9999 -9999 -9999 -9999 -9999
