simdem/realisation29.asc
NCOLS 350 
NROWS 171 
XLLCORNER 152620 
YLLCORNER 418050 
CELLSIZE 100 
NODATA_value -9999 
[rows 88 to 109 of 171, columns 200 to 249 of 350]
683.146925926208 587.243545532227 621.797966003418 551.326362609863 794.261016845703 752.685935974121 837.032623291016 837.680038452148 768.679214477539 669.560592651367 538.60871887207 549.561248779297 569.127372741699 638.240287780762 624.645553588867 706.613273620605 629.592330932617 645.414993286133 712.00420665741 831.694625854492 731.332046508789 606.49084854126 536.717712402344 711.923389434814 626.769775390625 705.680860519409 685.998106002808 694.318227767944 647.609983444214 580.435127258301 686.473188400269 637.38662815094 625.429634094238 685.650978088379 649.021078586578 641.089037895203 681.092800140381 632.872116088867 784.004554748535 719.824753761292 669.081882476807 772.911046981812 838.500456809998 904.12671661377 772.719898223877 746.544849395752 700.647247314453 1017.28603744507 921.013885498047 880.498376846313
531.547836303711 571.555465698242 478.889526367188 569.41618347168 735.274032592773 661.514346122742 686.220739364624 764.858551025391 669.730289459229 657.56974029541 633.092043399811 617.577334880829 391.245681762695 562.589889526367 595.410396575928 574.661281585693 663.814075469971 739.211723327637 738.863807678223 727.26891708374 742.63493347168 724.492183685303 827.218399047852 659.941944122314 634.500293731689 641.963581085205 684.648878097534 581.023101806641 665.985257148743 606.118259429932 616.983005523682 641.039038181305 596.76490020752 570.208419799805 607.868700027466 568.981369018555 596.490130901337 666.913738250732 843.133666992188 769.054067611694 736.968276023865 712.194000244141 785.857280731201 934.544639587402 836.874309539795 701.084552764893 864.298110961914 884.627655029297 1115.12161254883 820.25203704834
600.832683563232 906.705993652344 625.7373046875 665.367013931274 718.133674621582 712.700839996338 631.708305358887 701.59118270874 666.791360855103 614.239288330078 505.892425537109 610.932823181152 637.397429466248 685.962886810303 642.725881576538 626.915465831757 478.155456542969 594.918201446533 754.069892883301 628.337348937988 642.635799407959 910.815414428711 754.835540771484 775.564758300781 577.288032531738 630.169898986816 785.806663513184 730.64249420166 687.979712486267 681.387819290161 711.348430633545 666.517791748047 528.237998962402 542.328483581543 581.471905708313 535.790962219238 571.70679473877 830.405899047852 890.263885498047 704.347984313965 758.517292022705 613.00260925293 565.074783325195 909.552001953125 748.837056443095 741.856197357178 693.593160629272 898.714292526245 863.062976837158 879.126426696777
504.014560699463 531.742012023926 543.35661315918 734.279434204102 757.503601074219 589.617149353027 631.463188171387 744.233093261719 773.518600463867 586.128086090088 594.529899597168 668.655696868896 607.797201156616 606.471353530884 592.958847045898 421.062622070312 549.507675170898 550.311218261719 512.168670654297 650.904089450836 560.255920410156 630.055236816406 614.819976806641 667.775673866272 731.989925384521 456.156173706055 583.933120727539 655.403643131256 636.063850402832 587.380592346191 701.940753936768 722.344673156738 592.046058654785 666.508390426636 614.101570129395 636.68742275238 546.941925048828 631.074850082397 580.080215454102 702.723594665527 736.960704803467 728.364806413651 736.879577636719 852.869318008423 662.078483581543 548.614433288574 717.704624176025 670.959434509277 1009.47834777832 861.257643699646
600.060752868652 614.940359115601 656.393089294434 667.002578735352 629.504867553711 582.635551452637 615.602199554443 703.806018829346 579.474136352539 606.61364364624 575.568840026855 630.190402030945 535.160942077637 555.240810394287 609.61058807373 491.480117797852 605.317659378052 606.805969238281 646.487622261047 642.961711883545 612.67493057251 671.825658798218 618.669708251953 626.711372375488 662.76828956604 561.436935424805 736.527229309082 719.508575439453 669.499343395233 730.718574523926 635.352180480957 676.37809753418 675.777648925781 665.334036827087 674.972546577454 682.290987014771 594.96004486084 502.990432739258 547.125648498535 540.773590087891 763.985458374023 660.370635986328 577.447891235352 703.306245803833 685.029365539551 636.163391113281 791.295013427734 735.410281181335 852.629409790039 871.832480430603
529.292984008789 629.548538208008 760.208114624023 791.045928955078 663.428466796875 937.048690795898 514.800956726074 578.766521453857 557.39070892334 565.255699157715 696.914360046387 632.805294156075 485.614898681641 591.021524429321 578.851028442383 706.449890136719 643.552020072937 550.739547729492 562.592178344727 789.614845275879 703.284072875977 595.127416610718 660.42032623291 819.408729553223 786.436965942383 746.826404571533 619.298126220703 749.517082214355 633.329381942749 653.176485538483 714.648944854736 768.674964904785 705.514579772949 673.095119476318 802.648445129395 760.874551773071 723.488723754883 658.7737159729 639.684001922607 775.320541381836 701.571887969971 703.773834228516 656.322868347168 567.996627807617 622.030529022217 441.690032958984 541.976165771484 860.866394042969 951.019302368164 890.224136352539
620.54252243042 773.666007995605 849.100021362305 884.761123657227 810.232513427734 625.145416259766 718.810417175293 570.839836120605 609.35436630249 544.842575073242 536.906242370605 585.837203979492 610.486045837402 545.15047454834 554.530082702637 541.306755065918 673.111305236816 537.271675109863 568.091720581055 696.108598709106 786.237197875977 646.335471153259 520.329956054688 893.466690063477 701.625282287598 759.917565107346 670.901924133301 609.440040588379 683.364799499512 556.300491333008 726.924839019775 802.046043395996 710.60116648674 701.381422042847 656.919631958008 776.326057434082 601.15055847168 614.519187927246 611.82788848877 754.997362136841 743.978603363037 714.167505264282 729.882987976074 735.676780700684 734.065853118896 622.325607299805 482.339752197266 569.115417480469 752.238206863403 747.708076477051
657.729316711426 681.371517181396 836.902030944824 836.372760772705 831.406845092773 680.596416473389 680.934959411621 502.525924682617 655.90244102478 599.3740234375 476.533462524414 509.243591308594 648.208883285522 569.201686859131 514.32731628418 468.766937255859 446.812393188477 645.877565860748 596.886554718018 566.984901428223 694.391616821289 604.729270935059 645.857147216797 690.973571777344 624.681243896484 708.288303375244 775.85669708252 715.229461669922 588.538185119629 610.906364440918 666.628741264343 675.707569122314 637.347103118896 651.105880737305 696.295314788818 747.34534072876 678.367309570312 667.272727966309 578.120018005371 739.544788360596 721.789573669434 756.585830688477 742.0577917099 746.864219665527 903.595977783203 753.424003601074 776.421783447266 814.634536743164 812.749942779541 722.675701141357
609.537117004395 527.8671875 686.682281494141 673.327697753906 738.220813751221 732.386638641357 772.585006713867 679.416706085205 607.072799682617 701.805828094482 838.608444213867 577.749603271484 545.650100708008 516.482269287109 537.100898742676 590.946231842041 621.601149082184 613.855749130249 576.504524230957 572.436096191406 640.675520896912 557.31226348877 706.09981918335 716.440580368042 539.409660339355 510.335807800293 738.013134002686 628.444725036621 660.315189361572 617.107002258301 759.49649810791 696.054773330688 564.528717041016 625.50309753418 621.608375549316 717.670227050781 841.692947387695 644.896614074707 732.510967254639 547.770004272461 719.215976476669 767.666744232178 587.169967651367 695.0994348526 781.540225982666 732.556739807129 725.703960418701 598.974075317383 746.258150100708 672.158008575439
485.733642578125 685.332113265991 783.517059326172 689.319938659668 791.857276916504 710.644435882568 693.439865112305 1005.94312953949 684.470184326172 747.001846313477 721.389823913574 569.222930908203 564.302574157715 581.348030090332 604.220750808716 674.296867370605 656.767974853516 541.973823547363 699.240745544434 613.831539154053 780.282516479492 699.631162643433 614.648551940918 665.275839805603 575.578262329102 676.004421234131 711.796501159668 711.550430297852 560.421989440918 536.105583190918 556.806732177734 504.713455200195 571.235374450684 718.010009765625 769.695068359375 795.263824462891 834.588249206543 735.042819976807 675.271911621094 761.005054473877 684.705902099609 749.454376220703 630.37841796875 589.898162841797 764.712162017822 744.397191047668 715.418495178223 676.853897094727 846.484062194824 646.095314025879
623.988059997559 547.825786590576 623.397994995117 750.357339382172 737.344511508942 806.448833465576 695.608625411987 732.444591522217 738.459197998047 718.921924591064 686.959306716919 662.166255950928 621.206521987915 733.609931945801 590.933032989502 527.224807739258 544.129280090332 696.291114807129 677.039009094238 607.393384933472 520.707443237305 607.996074676514 546.475761413574 545.182487487793 658.083213806152 788.954399108887 761.80256652832 714.946203231812 747.911518096924 730.598678588867 727.998641967773 612.629474639893 738.893112182617 648.110808372498 621.738466262817 754.389514923096 823.125228881836 671.562785148621 782.269943237305 814.292572021484 748.83521270752 540.873390197754 619.71724319458 578.984748840332 645.050559997559 826.463150024414 858.536376953125 912.939008712769 573.377624511719 660.25422668457
794.400241851807 639.100639343262 791.806617736816 774.300130844116 811.141830444336 827.58012008667 831.592414855957 944.028854370117 944.405487060547 715.136566162109 562.489082336426 576.848197937012 539.277763366699 695.544471740723 725.826267242432 608.550983428955 562.192718505859 640.282014846802 671.464256286621 651.173352956772 659.015597939491 766.179634094238 641.007559299469 666.131874084473 628.98860168457 754.409752726555 1039.00707054138 888.005947113037 610.92960357666 609.72583770752 682.192476272583 863.408432006836 625.389083862305 662.90109539032 505.677993774414 657.913108825684 740.3000831604 628.496143341064 725.565612792969 779.877548217773 614.229591369629 729.074737548828 713.377778053284 589.482028961182 546.163757324219 719.677445888519 784.877025604248 1107.57291793823 1035.65544891357 981.530429840088
890.793731689453 814.850853919983 711.658210754395 754.623994827271 795.181114196777 741.111860275269 845.433456420898 915.183685302734 720.578510284424 738.481307983398 698.965274810791 512.427734375 682.328056335449 764.198867797852 943.969970703125 771.093296051025 834.253067016602 648.513525247574 681.2004737854 439.90803527832 571.031242370605 766.382705688477 697.037948608398 921.301931381226 743.233600616455 655.906181335449 991.569816589355 751.999271392822 853.354202270508 1240.30220031738 1425.00370788574 981.644409179688 724.327989578247 560.919708251953 628.980056762695 603.315811157227 830.476089477539 675.812997817993 766.220581054688 844.107559204102 714.574741840363 617.932739257812 799.3024725914 508.667861938477 720.276351928711 952.182945251465 1066.03157424927 907.002727508545 1004.92133140564 837.539165496826
775.647033691406 667.411724090576 666.783187866211 742.142087936401 729.389347076416 828.843444824219 777.885334014893 789.851967811584 755.901706457138 877.818511962891 706.926361083984 612.96422958374 555.186004638672 647.951206207275 927.477645874023 872.470520019531 617.828071594238 683.551176071167 606.675535202026 522.912696838379 540.66194152832 695.634708404541 591.88402557373 750.928009033203 532.071174621582 683.216514587402 685.636673927307 661.670171737671 674.769845962524 857.311004638672 836.983139038086 798.993919372559 521.341552734375 969.782989501953 535.942810058594 835.032928466797 1181.05310058594 1057.11779403687 800.658809661865 963.512191772461 936.415283679962 635.131168365479 752.661905288696 680.411315917969 663.586692810059 858.93766784668 801.441165924072 1102.99658823013 1331.26379394531 779.437278747559
993.089279174805 818.410625457764 860.890029907227 762.697624206543 885.848731994629 752.812677502632 797.282522201538 829.46004486084 680.769546508789 688.060050964355 1136.52437591553 678.24898147583 357.654571533203 575.862365722656 681.091272354126 706.016324996948 669.391678571701 475.76139831543 558.170875549316 541.263641357422 618.893461227417 501.709808349609 471.555709838867 594.914421081543 655.008243560791 662.357106208801 681.546014785767 748.305709838867 675.799680709839 637.247272491455 627.809791564941 764.392044067383 564.060577392578 470.300216674805 481.692962646484 546.378616333008 564.350044250488 1102.50170516968 754.077964782715 654.06058883667 685.706101417542 603.534927368164 1088.40686798096 633.345123291016 1068.03833007812 681.216598510742 761.435035705566 942.91028213501 981.063000261784 623.913009643555
717.581745147705 639.240737915039 791.919803619385 783.264633178711 806.628753662109 758.693963289261 748.180040359497 755.912822723389 884.77954864502 852.388917922974 742.893482208252 930.832693099976 576.710639953613 632.545963287354 718.330059051514 684.583776473999 581.336959838867 693.158394813538 670.048862457275 427.640060424805 426.196228027344 512.264839172363 416.818756103516 617.9183177948 784.275218963623 546.240791320801 625.508724212646 688.958908081055 693.002279281616 650.423561096191 596.946632385254 696.666337966919 677.042538404465 599.969078063965 684.421142578125 615.122535705566 864.972755432129 1173.71571350098 892.339564800262 662.446311950684 535.161712646484 639.159492492676 950.810180664062 522.366943359375 886.000122070312 1030.31643295288 716.613059997559 1146.46389198303 822.590425491333 1357.75282669067
-9999 633.633018493652 641.422508239746 669.43631362915 448.46061706543 705.739265441895 662.984748840332 711.151710510254 774.789131164551 771.156227111816 711.543479919434 1047.59713363647 780.639106750488 650.845545053482 568.10124206543 893.899627685547 711.398338317871 547.527786254883 579.692593574524 497.006652832031 588.972236633301 557.315765380859 487.320266723633 1015.77902603149 937.967002868652 483.895706176758 605.010330200195 709.558387756348 823.963439941406 663.182786226273 604.764873504639 479.986923217773 666.622330665588 480.866394042969 1047.9298286438 623.882652282715 600.035682678223 648.44248008728 778.992988586426 626.943641662598 641.52571105957 682.697414398193 703.090286254883 600.279113769531 691.994682312012 1121.66339111328 669.908592224121 591.87353515625 629.485740661621 874.35961151123
-9999 564.729232788086 589.538719177246 477.822052001953 547.615928649902 654.754890441895 748.140042304993 714.735515594482 634.151229858398 629.519393920898 535.694671630859 741.586534500122 688.00731086731 813.432250976562 698.780200958252 876.676376342773 566.329217433929 602.304969787598 712.344482421875 689.704208374023 611.494384765625 733.60998916626 854.721282958984 604.393848419189 956.010009765625 489.669387817383 549.048881530762 635.841700553894 662.83629989624 723.444793701172 585.946723937988 535.105545043945 657.974981307983 500.525390625 1117.62545013428 554.901321411133 654.721374988556 733.578247070312 706.763019561768 689.660559654236 814.911361694336 803.210983276367 736.545207977295 785.529088973999 623.466384887695 703.438575744629 937.837295532227 706.784015655518 656.156784057617 486.892395019531
-9999 -9999 766.444761276245 620.508358001709 678.741787910461 826.439987182617 823.969085693359 723.715000152588 732.516792297363 717.151420593262 601.908203125 695.0505027771 755.038444519043 652.854650497437 653.439170211554 627.833053588867 459.09992980957 558.089587211609 671.547958374023 747.429618835449 567.800132751465 656.462760925293 678.272891521454 696.857002258301 793.452583312988 693.335941314697 601.008106231689 580.305244445801 695.596122741699 761.291648864746 762.495819091797 639.306327819824 655.303853750229 418.972778320312 736.270347595215 490.694274902344 658.614008903503 674.117257118225 598.628143310547 638.322463989258 890.653121948242 909.250442504883 852.622100830078 1021.11633300781 725.399116516113 742.855321884155 752.985414505005 654.006324768066 788.774429321289 685.788497924805
-9999 -9999 1085.08198165894 1008.15366363525 605.949714660645 732.693588256836 934.454177856445 789.27027130127 665.972190856934 706.903270721436 881.675354003906 621.59578704834 583.806900024414 757.379806518555 689.726860046387 592.062692642212 560.56020450592 618.221492767334 628.530994415283 490.898345947266 516.598741531372 432.531158447266 590.510913848877 611.752326965332 596.043692111969 717.951459884644 579.045318603516 563.869102478027 587.287002563477 720.412490844727 721.067287445068 720.044441223145 648.784910202026 623.324356079102 767.224159240723 669.74570941925 820.55290222168 804.846896648407 738.206519126892 777.706405639648 974.919395446777 1004.10289764404 828.79835319519 1071.55834960938 1006.17469787598 941.139327049255 796.92040348053 803.250991821289 1035.66104316711 724.351974487305
-9999 -9999 -9999 777.289800643921 689.758571624756 693.223133087158 794.866353988647 755.104919433594 696.317184448242 742.226951599121 691.884258270264 558.466957092285 715.672431945801 654.33718585968 665.520881652832 521.428863525391 504.526954650879 504.141067504883 700.052551269531 564.723620891571 481.0749168396 493.411209106445 417.640289306641 1337.68649291992 536.548187255859 601.620346069336 702.425777435303 546.988922119141 570.759284973145 700.982758045197 917.290985107422 831.793640136719 672.432948112488 725.28776550293 674.527445971966 685.997894287109 562.06600189209 852.337600708008 700.913285255432 805.830520629883 796.867561340332 676.158630371094 638.027198791504 743.339752197266 591.60302734375 781.530807495117 766.935516357422 759.057306289673 798.129245758057 1097.30799102783
-9999 -9999 -9999 774.641418457031 745.346572875977 783.589981079102 849.280220031738 742.569931030273 596.624740600586 1107.44776535034 741.049701690674 609.538757324219 633.768716812134 768.947814941406 634.683280944824 421.0625 449.139572143555 726.37516784668 657.645660400391 612.37056350708 703.11003112793 657.963069915771 488.219161987305 681.44694519043 372.941070556641 593.36882019043 591.014091491699 712.64213180542 710.762950897217 811.517471313477 672.168281316757 586.591285705566 571.725540161133 615.532207489014 601.52339553833 1012.24327850342 750.12035369873 852.778755187988 814.631538391113 755.177391052246 809.535980224609 604.210388183594 709.358688354492 917.59065246582 629.235229492188 1313.58006286621 935.771236419678 794.58177947998 1113.65193271637 938.940738677979
