simdem/realisation72.asc
NCOLS 350 
NROWS 171 
XLLCORNER 152620 
YLLCORNER 418050 
CELLSIZE 100 
NODATA_value -9999 
[rows 66 to 87 of 171, columns 100 to 149 of 350]
460.891615867615 385.162586212158 425.592241287231 357.134071350098 529.091461181641 529.799663543701 413.098747253418 579.409698486328 572.521934509277 532.184532165527 614.990051269531 526.996444702148 409.87718963623 361.130645751953 528.267108917236 521.42858505249 480.372453689575 545.646797180176 558.260452270508 486.307144165039 523.36449432373 428.916709899902 323.789627075195 221.438659667969 455.747619628906 459.705532073975 379.088317871094 384.73063659668 580.821754455566 582.345779418945 501.141736984253 414.219413757324 416.186157226562 618.734588623047 687.142791748047 578.38452911377 623.821334838867 660.459648132324 549.83377456665 553.390093803406 747.528366088867 537.949621200562 674.58625793457 449.221641540527 620.187049865723 517.492740631104 474.935264587402 415.297760009766 438.285339355469 626.64306640625
419.316825866699 527.36153793335 454.972133636475 456.053009986877 568.442779541016 523.518798828125 614.946441650391 470.057519435883 487.417359352112 437.973262786865 356.011863708496 506.066703796387 453.212846755981 364.238304138184 500.689405441284 474.545075953007 345.691680908203 432.126647949219 518.601932525635 445.209098815918 465.549003601074 470.417852401733 450.62378692627 421.148002624512 544.852108001709 474.822156906128 492.367420196533 536.063701629639 615.677925109863 527.79660987854 476.994213104248 499.217823028564 407.785614013672 640.649078369141 589.422735214233 581.571371078491 697.956817626953 753.341178894043 603.494756698608 644.260879516602 603.2353515625 617.564208984375 447.10961151123 557.002226352692 439.076751708984 659.070793151855 547.049738883972 464.706680297852 429.003128051758 625.774200439453
395.412380218506 535.246299743652 511.766716003418 591.579696655273 509.135576248169 583.399154663086 503.591867446899 320.142593383789 491.801406860352 416.611125946045 352.389511108398 510.374930381775 528.787727355957 538.828056335449 451.049566268921 332.641784667969 454.922290802002 470.518056869507 436.487377166748 474.872974395752 471.982031822205 378.473251342773 477.030823707581 526.942560195923 489.316414833069 371.160095214844 551.64575958252 645.141494750977 573.980243682861 552.827432155609 521.365027427673 516.131175994873 584.430837631226 568.75311756134 485.710403442383 521.103569030762 657.480224609375 569.152135848999 708.792556762695 640.984283447266 614.361358642578 431.81372833252 630.497634887695 522.974281311035 563.35750412941 665.571731567383 690.104187011719 568.035835266113 571.504996776581 642.05883026123
276.767364501953 375.430076599121 561.499069213867 557.74144744873 411.715667724609 485.900531768799 478.799115180969 413.407760620117 430.614929199219 467.122003555298 469.028399467468 353.440292358398 294.861297607422 478.225284576416 524.874885559082 500.964296340942 433.312965393066 440.980801105499 366.780784606934 480.743426799774 408.92289352417 459.857387542725 548.979377746582 555.930553436279 583.924560546875 571.524719238281 502.638753890991 573.078582763672 559.85290145874 569.001537322998 543.834020614624 597.517573356628 588.867555618286 638.627807617188 649.762348175049 538.184993743896 601.368093490601 484.292915344238 456.209815979004 581.969067573547 410.897216796875 438.794692993164 497.73828125 531.417346954346 551.788959503174 567.456161975861 597.487516403198 527.802286624908 696.405776977539 582.938948631287
360.237884521484 576.819488525391 616.57746887207 577.322731018066 463.340802669525 319.337371826172 431.041048049927 492.339670181274 436.277248382568 465.731752872467 574.166221618652 470.937294960022 402.612014770508 514.117630004883 499.417940139771 458.374521255493 498.702981948853 538.995788574219 434.080184936523 457.621137619019 464.393983840942 403.015037536621 585.3994140625 396.402183532715 519.68274307251 409.427230834961 560.60969543457 582.570419311523 492.969032287598 630.749053955078 615.33332824707 558.30926322937 567.422658920288 651.631050109863 615.247915267944 561.169765472412 489.653282165527 345.430145263672 402.107894897461 358.987503051758 450.785179138184 520.140003204346 475.444847106934 479.489418029785 515.053421020508 587.64183139801 603.518312454224 595.754302978516 563.169389724731 696.13745880127
632.034156799316 559.335446357727 423.380786895752 424.689746856689 418.343780517578 552.143058776855 436.514959335327 372.576354980469 399.811019897461 430.455322265625 604.387008666992 470.495051383972 316.726089477539 426.705680847168 335.452346801758 336.659194946289 462.641697883606 472.435828208923 517.484069824219 505.88002872467 357.264892578125 478.039695262909 530.65343952179 562.614582061768 628.198356628418 544.043243408203 521.466247797012 580.976921081543 592.729499816895 607.305686950684 633.157325744629 534.590999603271 653.484298706055 554.671064376831 601.133060455322 625.98314666748 530.079616546631 686.823957443237 493.319541931152 448.236755371094 494.804336547852 494.36686706543 616.592105865479 584.484764099121 580.169950485229 623.714851379395 670.317970275879 490.466850280762 491.340522766113 509.131301879883
488.081479549408 404.841979980469 562.89330291748 428.577884674072 406.299751281738 579.42781829834 521.662170410156 472.141942024231 356.569725036621 454.780014038086 495.541385650635 456.268184661865 455.276985168457 596.415496826172 377.886642456055 437.842761993408 498.185220927 414.996547698975 695.40803527832 484.32834148407 445.664279937744 525.049877166748 410.654151916504 513.317413330078 502.745716571808 487.456491470337 467.332889556885 506.209178924561 494.319446563721 476.073154449463 399.90104675293 447.136039733887 514.464466094971 433.187049865723 408.108596801758 922.179149627686 511.489395141602 814.384248733521 824.715614318848 702.719395637512 691.588203430176 446.054321289062 646.078910827637 694.774871826172 578.833708763123 714.427780151367 541.292659759521 583.514362335205 544.266256332397 603.22424697876
337.548095703125 457.377132415771 566.423645019531 409.261180877686 551.157333374023 469.443345069885 570.410873413086 414.14094543457 318.822952270508 334.447402954102 401.59676361084 462.946620941162 429.74063873291 365.782165527344 435.192462921143 399.348106384277 489.591815948486 582.417030334473 535.73473739624 448.615303039551 473.627639055252 593.544479370117 540.774295806885 519.516912937164 549.328029632568 393.978797912598 551.245754241943 493.880352020264 394.52619934082 427.294662475586 550.734613418579 390.240661621094 618.583862304688 879.865497589111 644.082397460938 680.746742248535 525.613123893738 853.975868225098 871.038688659668 694.921928405762 552.414009094238 551.693817138672 532.359474182129 493.575492858887 448.586351394653 484.382030487061 730.820327758789 420.062995910645 551.79249382019 653.703010559082
416.152336120605 405.854782104492 447.338356018066 376.47972869873 415.467613220215 477.894909858704 512.867824554443 392.903717041016 475.240287780762 404.846313476562 405.987281799316 369.446388244629 377.376991271973 431.687522888184 522.259986877441 426.908519744873 581.554592132568 409.231880187988 573.83048248291 424.636558532715 330.806686401367 447.502132415771 591.201873779297 485.021451950073 455.328079223633 520.136750221252 536.968463897705 526.642044067383 509.45858001709 517.855438232422 381.193359375 436.340980529785 678.947650909424 909.985000610352 639.941246986389 575.435577392578 376.740577697754 704.619662284851 799.276802062988 609.007224082947 529.820495605469 326.656944274902 494.401151657104 424.201379776001 340.673522949219 263.236724853516 470.957405090332 338.829376220703 1033.54503548145 600.591363430023
410.088706970215 403.299758911133 545.948194503784 432.726139068604 436.783744812012 360.875518798828 433.522686004639 490.946823120117 500.258008956909 411.82405090332 522.825397491455 467.74671459198 486.514655590057 324.056518554688 357.492637634277 482.433690071106 368.664413452148 504.089760422707 508.179916381836 403.221031188965 489.910594105721 357.438766479492 372.010131835938 551.778076171875 570.355651855469 599.113609313965 547.291198730469 531.669992446899 505.010648727417 435.935859680176 520.004440307617 500.742771148682 673.350166320801 623.313278198242 727.795532226562 661.267910003662 444.184197425842 642.900543212891 659.108039855957 646.670902252197 596.459384918213 270.670700073242 429.827537536621 408.037942886353 356.427558898926 261.064331054688 397.23567199707 486.365570068359 417.583251953125 416.445922851562
734.084280014038 486.914047241211 467.419815063477 411.495109558105 521.821662902832 461.067886352539 538.984497070312 586.104461669922 393.580017089844 533.544048309326 388.207321166992 500.495742797852 509.91325378418 304.602340698242 419.291515350342 279.77522277832 429.7004737854 524.509996414185 489.804801940918 353.380271911621 417.88395690918 398.578483581543 389.65404510498 475.950729370117 551.281568527222 559.242763519287 361.438369750977 510.918513298035 529.297919273376 558.147954463959 474.901145935059 483.05615234375 476.727645874023 715.165313720703 685.714988708496 623.355897128582 311.940361022949 604.313926696777 738.607837677002 804.29736328125 607.464179992676 404.468053817749 367.49308013916 374.083724975586 339.622436523438 631.000606536865 667.024124145508 475.564674377441 420.401741027832 564.070381164551
612.843349456787 472.274047851562 457.022262573242 800.212619781494 469.21854019165 399.258865356445 450.421585083008 419.597160339355 398.302665710449 431.537376403809 574.154227256775 494.492113113403 448.270769119263 514.6178855896 412.53540802002 363.420394897461 394.867706298828 569.616836547852 434.68282699585 400.861198425293 344.407363891602 524.091901779175 439.134086608887 374.664260864258 368.48876953125 380.943176269531 442.054061889648 457.756240844727 667.047273635864 562.367923736572 449.228214263916 549.116455078125 513.265960693359 546.423934936523 592.073085784912 635.965759277344 539.857536315918 761.52806854248 647.933208465576 771.292991638184 287.438491821289 340.457466125488 413.265037536621 471.814870834351 339.276100158691 515.504859924316 640.252216339111 418.206336975098 367.851623535156 545.172498703003
643.910682678223 466.7897605896 550.741241455078 430.928436279297 503.993751525879 733.983852386475 417.112861633301 201.435638427734 403.427223205566 606.684638977051 475.200639724731 879.784353256226 472.525339126587 464.242129325867 392.95955657959 328.745819091797 545.997993469238 591.862213134766 495.699893474579 498.660520553589 475.337917327881 425.24063873291 330.951995849609 418.368057250977 546.652070999146 588.013557434082 511.893741607666 546.638059854507 540.856858253479 439.193183898926 461.386035919189 498.269756555557 540.383331298828 532.060523986816 320.100723266602 642.99725151062 541.513900756836 636.489059448242 633.771739959717 586.622756958008 519.37926864624 380.24959564209 528.106117248535 423.251598358154 410.795921325684 397.850654602051 341.277862548828 533.360717773438 323.936813354492 608.710227966309
555.181087493896 553.742095947266 421.726760864258 402.392120361328 607.060326576233 558.394950866699 769.389179229736 383.38606262207 456.274303436279 505.318387031555 596.51734161377 531.061882019043 368.299835205078 458.379909515381 447.735721588135 383.207939147949 496.305972933769 516.743253707886 494.201223373413 511.138734340668 462.678451538086 387.025398254395 308.397109985352 412.747009277344 643.22989654541 723.347457885742 620.624229431152 494.612079620361 355.94596862793 300.31591796875 432.525283813477 531.45428276062 427.386962890625 296.943511962891 284.205474853516 425.973114013672 574.496955871582 740.389236450195 501.224960327148 732.034088134766 611.446166992188 481.95756149292 477.102423191071 582.124708175659 642.493251800537 588.529747009277 490.500600814819 396.181732177734 491.566791534424 500.396709442139
540.844680786133 515.80647277832 656.12565612793 734.980651855469 664.18563079834 618.692451477051 491.786087036133 609.889434814453 470.104553222656 538.352609634399 461.406967163086 359.141387939453 286.133285522461 353.100143432617 401.208648681641 488.344985961914 591.736343383789 636.79460144043 523.611368179321 594.26481628418 510.248331785202 529.144037485123 464.552917480469 548.49640083313 587.604133605957 582.014797210693 491.369552612305 498.027420043945 303.867950439453 301.035232543945 455.760820388794 569.856307983398 482.311592102051 571.265113830566 520.954048156738 717.346649169922 607.525222301483 613.63711643219 593.162446498871 635.034191131592 602.125480651855 544.390571594238 481.82147026062 614.171857595444 803.185729980469 724.017196655273 531.346035003662 495.839241027832 408.393924713135 606.806060791016
639.445219039917 605.131713867188 749.888320922852 776.114761352539 652.650362491608 482.42155456543 508.17854309082 564.712791442871 597.012287139893 564.365859985352 606.831672668457 456.466594696045 411.382919311523 363.119506835938 416.149482727051 510.596390485764 401.772514343262 558.322944641113 492.863883972168 519.878636203706 410.320152282715 379.467788696289 568.77978515625 601.950149536133 575.267379760742 457.425666809082 466.160171508789 375.845222473145 485.041501998901 404.871841430664 375.743709564209 588.487380981445 758.652709960938 718.312637329102 617.006546020508 632.365558624268 703.727226257324 679.823997497559 577.519412994385 669.505554199219 569.958415985107 466.72511100769 596.591074943542 693.999954223633 805.654708862305 547.706001281738 505.931763157248 572.382827758789 676.726593017578 603.138244628906
584.450996398926 538.076217651367 605.831348419189 740.62109375 669.331771850586 557.184215545654 632.446395874023 696.689956665039 586.485054016113 640.899108886719 553.378387451172 457.3212890625 453.044792175293 459.035251617432 477.77538061142 521.734039306641 466.633541107178 490.162152767181 509.348026275635 453.43070602417 500.582803487778 352.364852905273 495.579544067383 602.598220825195 607.084770202637 415.502639770508 462.026023864746 362.016399383545 526.063468933105 558.393463134766 475.70531463623 598.943328857422 606.330766677856 626.363430023193 661.954982757568 783.252578735352 668.396675109863 712.320823669434 767.712677001953 723.052738189697 618.730896711349 683.34427189827 692.07022857666 730.803260803223 756.590377807617 633.78918838501 688.721267700195 915.718170166016 749.752944946289 708.568664550781
412.115310668945 363.471878051758 535.216411590576 598.994480371475 565.893310546875 643.302421569824 602.68211555481 875.103637695312 675.777465820312 825.3623046875 545.898777961731 514.5002784729 441.930335998535 494.247618556023 548.485977172852 532.981773376465 632.442520141602 684.899124145508 513.916567802429 512.844909667969 612.212959289551 486.355186462402 475.603801727295 429.459632873535 560.716445922852 528.797922134399 422.875007629395 630.218505859375 602.838894367218 621.678737640381 606.687135696411 641.033626556396 524.190864562988 535.632457733154 474.638603210449 645.77481842041 610.148582458496 521.157816886902 658.247085571289 523.054817199707 550.955520629883 695.464617729187 678.986923217773 564.62050819397 646.831695556641 740.63264465332 667.751052856445 814.783081054688 882.412948608398 813.106567382812
616.730651855469 735.783447265625 748.04052734375 451.860900878906 471.791793823242 499.051795959473 643.045032501221 638.220630645752 618.088558197021 1031.34400939941 442.484024047852 303.786575317383 425.072166442871 557.285003662109 608.801284790039 456.643394470215 516.663536071777 590.147178649902 412.838233947754 455.072578430176 454.137046813965 513.008458137512 568.331272125244 497.012592315674 697.022247314453 623.336658477783 626.680534362793 636.09260559082 593.026084899902 547.764320373535 630.001457214355 636.740558624268 575.842214584351 487.194892883301 383.96768951416 550.229293823242 656.122589111328 593.64128112793 564.919662475586 477.482776641846 499.607944488525 524.444080352783 602.563497543335 580.515811920166 595.705429077148 739.964660644531 762.087173461914 599.809921264648 863.970626831055 672.206207275391
544.008316040039 714.098964691162 662.704515337944 670.833750724792 651.021385192871 499.682589530945 597.903092384338 572.085277557373 526.577392578125 648.802879333496 623.234436035156 434.094646453857 562.541599273682 518.388150215149 568.104347229004 427.424293518066 594.035743713379 479.118350982666 493.570344924927 517.420446395874 495.113031387329 498.326751708984 655.370269775391 602.235107421875 451.635459899902 470.121185302734 509.901885986328 381.152893066406 337.962882995605 453.239814758301 685.062660217285 445.76399230957 387.426315307617 451.141548156738 411.406177997589 478.166347503662 542.460702896118 610.467239379883 575.311241149902 560.968894958496 634.79035949707 631.640533447266 728.342380523682 1017.8219833374 977.581558227539 566.799564361572 622.459968566895 730.663101196289 655.130226135254 539.238828659058
439.341156005859 682.56383895874 624.862881660461 617.647819519043 532.008407592773 531.424026489258 558.180759429932 485.933807373047 588.58091545105 663.484436035156 637.279026985168 536.465707778931 670.011627197266 584.95804977417 550.816566467285 363.540771484375 579.429359436035 555.30842590332 515.563344955444 476.832139968872 505.778265953064 516.387614250183 488.157099723816 515.282106906176 542.623883247375 425.908729553223 541.497644424438 471.740497589111 385.962799072266 349.848083496094 569.963129997253 546.311218261719 496.643272399902 430.46561050415 463.137744903564 402.628397941589 638.696739196777 656.51220703125 610.565002441406 605.723636627197 664.774688720703 489.62931060791 799.794723510742 1077.95796203613 856.002351760864 765.346054077148 744.750564575195 654.689750671387 706.726791381836 673.882186889648
-9999 -9999 525.813362121582 924.909122467041 563.054244995117 575.051334381104 656.473293304443 399.253890991211 567.095470428467 641.154239654541 605.329290390015 519.329998970032 468.268348693848 554.996974945068 506.772083282471 478.853450775146 344.909317016602 557.182025909424 567.904682159424 505.598977804184 483.567205429077 465.960063934326 357.867401123047 536.169191360474 422.394599914551 470.321426391602 508.893175125122 539.058525085449 629.436531066895 633.086048126221 480.245376586914 615.578125 530.860473632812 450.467124938965 370.045963287354 354.303775787354 631.647354125977 634.595169067383 684.077583312988 548.130744934082 703.501430511475 627.921112060547 891.709579467773 1085.30945587158 940.62242603302 786.089382171631 791.069602966309 -9999 -9999 -9999
