simdem/realisation75.asc
NCOLS 350 
NROWS 171 
XLLCORNER 152620 
YLLCORNER 418050 
CELLSIZE 100 
NODATA_value -9999 
[rows 0 to 21 of 171, columns 200 to 249 of 350]
-9999 -9999 -9999 -9999 -9999 -9999 -9999 -9999 -9999 -9999 -9999 -9999 -9999 -9999 -9999 -9999 -9999 -9999 -9999 -9999 -9999 -9999 -9999 -9999 -9999 -9999 -9999 -9999 -9999 -9999 -9999 -9999 -9999 -9999 -9999 -9999 -9999 -9999 -9999 -9999 -9999 -9999 -9999 -9999 -9999 -9999 -9999 -9999 -9999 -9999
-9999 -9999 -9999 -9999 -9999 -9999 -9999 -9999 -9999 -9999 -9999 -9999 -9999 -9999 -9999 -9999 -9999 -9999 -9999 -9999 -9999 -9999 -9999 -9999 -9999 -9999 -9999 -9999 -9999 -9999 -9999 -9999 -9999 -9999 -9999 -9999 -9999 -9999 -9999 -9999 -9999 -9999 -9999 -9999 -9999 -9999 -9999 -9999 -9999 -9999
-9999 -9999 -9999 -9999 -9999 -9999 -9999 -9999 -9999 -9999 -9999 -9999 -9999 -9999 -9999 -9999 -9999 -9999 -9999 -9999 -9999 -9999 -9999 -9999 -9999 -9999 -9999 -9999 -9999 -9999 -9999 -9999 -9999 -9999 -9999 -9999 -9999 -9999 -9999 -9999 -9999 -9999 -9999 -9999 -9999 -9999 -9999 -9999 -9999 -9999
-9999 -9999 -9999 -9999 -9999 -9999 -9999 -9999 -9999 -9999 -9999 -9999 -9999 -9999 -9999 -9999 -9999 -9999 -9999 -9999 -9999 -9999 -9999 -9999 -9999 -9999 -9999 -9999 -9999 -9999 -9999 -9999 -9999 -9999 -9999 -9999 -9999 -9999 -9999 -9999 -9999 -9999 -9999 -9999 -9999 -9999 -9999 -9999 -9999 -9999
-9999 -9999 -9999 -9999 -9999 -9999 -9999 -9999 -9999 -9999 -9999 -9999 -9999 -9999 -9999 -9999 -9999 -9999 -9999 -9999 -9999 -9999 -9999 -9999 -9999 -9999 -9999 -9999 -9999 -9999 -9999 -9999 -9999 -9999 -9999 -9999 -9999 -9999 -9999 -9999 -9999 -9999 -9999 -9999 -9999 -9999 -9999 -9999 -9999 -9999
570.847984313965 713.864028930664 669.379623413086 644.681732177734 866.840507507324 -9999 -9999 -9999 -9999 -9999 -9999 -9999 -9999 -9999 -9999 -9999 -9999 -9999 -9999 -9999 -9999 -9999 -9999 -9999 -9999 -9999 -9999 -9999 -9999 -9999 -9999 -9999 -9999 -9999 -9999 -9999 -9999 -9999 -9999 -9999 -9999 -9999 -9999 -9999 -9999 -9999 -9999 -9999 -9999 -9999
393.935012817383 679.736221313477 601.937225341797 560.572113037109 564.171226501465 713.517837524414 527.777069091797 798.557113647461 635.083961486816 565.194701194763 -9999 -9999 -9999 -9999 -9999 -9999 -9999 -9999 -9999 -9999 -9999 -9999 -9999 -9999 -9999 -9999 -9999 -9999 -9999 -9999 -9999 -9999 -9999 -9999 -9999 -9999 -9999 -9999 -9999 -9999 -9999 -9999 -9999 -9999 -9999 -9999 -9999 -9999 -9999 -9999
981.762557983398 581.550354003906 633.257659912109 538.779144287109 634.31876039505 621.36668586731 560.390312194824 633.317794799805 503.862495422363 473.169103622437 445.696270942688 286.279022216797 571.084874391556 701.71061706543 738.300537109375 848.197570800781 793.703842163086 661.618461608887 818.607551574707 809.276138305664 788.669296264648 877.213558197021 912.852933883667 881.460005760193 930.988740921021 1002.93600463867 834.234786987305 887.218578338623 940.634351730347 1065.85823822021 947.824787139893 1025.01787567139 801.181297302246 844.306940078735 605.663681030273 737.490547180176 971.797821044922 905.969207763672 826.271057128906 -9999 -9999 -9999 -9999 -9999 -9999 -9999 -9999 -9999 -9999 -9999
930.387054443359 874.321117401123 731.432370185852 789.557731628418 977.627233505249 1009.18936061859 1202.24800872803 605.704299926758 401.168613433838 436.314304351807 439.851125717163 293.980407714844 422.055030822754 357.483329772949 528.153257369995 486.886392593384 424.932460784912 521.963047027588 888.156597137451 876.524044036865 694.685440063477 735.075347900391 708.503997802734 795.240532636642 763.087913513184 783.206363677979 727.424827575684 794.880994796753 919.570007324219 1087.03741455078 896.301616668701 850.044292449951 609.388473510742 722.821586608887 692.102767944336 664.809181213379 944.932052612305 1017.80989074707 775.534881591797 687.107113838196 926.013885498047 1156.20526123047 1320.3962726593 943.110645294189 767.187385559082 -9999 -9999 -9999 -9999 -9999
1105.74382019043 1050.15505981445 793.580904006958 665.882629394531 971.260276794434 858.162261962891 1009.82245635986 1072.81775665283 1011.38929748535 672.040557861328 741.778938293457 547.394241333008 263.412902832031 438.147890090942 384.141128540039 442.529800415039 464.959406137466 574.426330566406 879.744979858398 945.386535644531 757.805328369141 721.11767578125 799.19723212719 827.513223648071 743.574073791504 855.630046844482 692.128982543945 628.518463134766 974.709533691406 901.08194732666 813.556341171265 791.517335891724 651.550533771515 634.540054321289 830.635917663574 746.869072914124 1168.06044769287 1111.7477645874 565.204360961914 672.423477172852 676.959354400635 972.723037719727 964.257469177246 903.209299087524 825.624774932861 1446.89705657959 793.07306098938 -9999 -9999 -9999
796.126277923584 784.788711547852 1093.45741271973 1054.92514038086 1059.78569412231 1179.91003036499 1125.59777832031 1023.14571380615 865.988842010498 709.346164703369 792.733001708984 667.394596099854 500.649894714355 564.56302523613 515.750782012939 724.414710998535 807.443548202515 959.509628295898 849.685234069824 1101.77270507812 1042.52217102051 1059.1977263689 650.656204223633 649.563877105713 703.829051971436 712.65119934082 624.852188110352 842.132469177246 916.678527832031 786.293731689453 700.02424621582 634.096580505371 675.0159907341 644.466750144958 701.532144546509 626.811491966248 556.349090576172 884.92272567749 1028.72492218018 612.286076545715 782.33056640625 888.804679870605 813.790466308594 750.731914520264 859.238143920898 1317.37162780762 1013.82852172852 1428.04282569885 779.361100196838 -9999
900.103607177734 893.669799804688 849.11058807373 1048.3358631134 1038.40874099731 1054.9966506958 1103.08815002441 1157.1031332016 1036.23268890381 759.184768676758 954.774810791016 882.282608032227 629.479263305664 694.151657104492 605.721897125244 577.614883422852 762.278659820557 627.587265014648 743.880195617676 1035.14457702637 984.301292419434 1151.67428588867 733.156299591064 576.830718994141 746.175786018372 903.934371948242 917.486015319824 700.610656738281 718.304256439209 811.175968170166 842.255638122559 828.45629119873 746.584594726562 683.39640045166 618.878547668457 649.972663879395 623.630589485168 966.109889984131 1025.56315612793 972.586793899536 505.202682495117 657.396228075027 772.131371378899 832.434818267822 782.451812744141 975.065872192383 941.899780273438 1468.1968536377 980.808959960938 883.286554336548
993.122146606445 812.678489685059 911.103495359421 839.35741853714 783.017333984375 976.429443359375 795.282814025879 683.745978355408 1154.4034576416 857.068781375885 727.420532226562 774.592706680298 797.893796384335 676.248473167419 764.728579163551 841.316162109375 946.876071929932 788.397247314453 863.627220153809 1054.77149009705 1075.29439163208 1330.36988830566 669.498199462891 714.201057434082 801.748138427734 1004.81540679932 964.513885498047 917.95768737793 802.929397583008 799.761627197266 907.58614397049 877.491344451904 732.228759765625 598.153961181641 699.789291381836 592.973915100098 657.295974731445 1040.53760695457 1040.07942485809 1005.05225372314 430.412826538086 597.942447662354 538.191436767578 823.015289306641 1061.31764984131 825.84534740448 930.461906433105 773.056970596313 839.387031555176 714.487213134766
615.476806640625 534.365615844727 581.613792419434 841.148849487305 862.774475097656 727.491283416748 684.07664513588 699.650356292725 1008.89609193802 830.224388122559 761.996719360352 968.890799045563 841.326656341553 882.205549240112 862.11141204834 1484.19733428955 1013.89363098145 827.86979675293 1011.85056304932 1268.18159866333 882.306613922119 1322.08039617538 872.925037384033 733.061954498291 682.864891052246 832.262369155884 881.326984405518 789.366930961609 942.420143127441 853.18391418457 787.386222839355 915.447934150696 1006.45917129517 944.656269073486 944.431882858276 896.780937194824 1068.19948577881 995.897151947021 994.430191040039 934.794544219971 653.581192016602 688.133453369141 403.007064819336 730.291107177734 1040.92958068848 1080.83937835693 948.623020172119 863.648658752441 837.123245239258 1093.89287376404
518.511520385742 629.7080078125 638.908660888672 793.930694580078 754.148895263672 779.149276733398 702.01432800293 696.24080657959 722.782820224762 816.679458618164 1078.94282531738 1081.98693084717 1364.56209945679 639.871284484863 739.965385437012 844.073444366455 723.925753593445 972.78727722168 765.359954833984 1373.21880722046 723.78363609314 706.165941238403 529.88916015625 974.705368041992 589.038116455078 699.623863220215 721.429580688477 843.045288085938 766.961952209473 789.992370605469 903.808542251587 895.532039642334 814.137874603271 817.804107666016 857.273065567017 952.847608566284 797.328231811523 666.799942016602 890.23957824707 649.281188964844 903.954711914062 978.0315284729 916.54670715332 853.571746826172 997.101684570312 1093.38188171387 902.66918182373 1062.68392944336 938.360427856445 954.977478027344
590.313636779785 612.813125610352 772.622512817383 692.770324230194 872.833854675293 793.072982788086 787.430370330811 753.331092834473 615.790351867676 750.254554748535 711.923042297363 817.967384338379 934.211349487305 706.731376647949 745.932125091553 801.647784233093 879.973892211914 748.249056458473 806.015361785889 717.427200317383 644.35001373291 832.598594665527 699.205017089844 570.222045898438 724.932621002197 608.033721923828 715.738693237305 827.204292297363 728.538902282715 880.517196655273 871.563774108887 819.849822998047 640.716949462891 763.037963867188 810.372106552124 765.773529052734 704.48454284668 775.696578979492 901.549140512943 946.199832439423 962.550846099854 872.400447845459 891.584766387939 991.748313903809 980.334373474121 1037.09307098389 910.836296081543 1034.38172912598 813.184766769409 813.473485946655
731.908096313477 688.978652954102 699.521003723145 754.994781494141 847.452297210693 804.927932739258 766.912136077881 682.792808532715 757.565734863281 794.025703430176 913.092872619629 897.675064086914 645.654991149902 664.123886108398 700.642127990723 822.83895111084 705.953716278076 684.693901062012 783.196453094482 826.52677154541 817.631301879883 683.386856079102 700.166313171387 659.341369628906 689.682155609131 813.791114807129 599.828842163086 1340.7223777771 882.931837081909 788.511322021484 773.238555908203 884.907409667969 731.090827941895 743.749954223633 795.753890991211 863.706478118896 802.920707702637 789.017868041992 860.889024734497 882.861621856689 991.80313873291 973.424076080322 933.505136489868 869.041389465332 888.31201171875 831.236877441406 981.470207214355 1078.06262969971 924.277453422546 893.276931762695
369.186279296875 426.330718994141 1199.63813781738 611.471786499023 600.49104309082 730.025947570801 699.087180137634 735.03062915802 806.174270629883 865.208969116211 781.706100463867 661.248428344727 558.89469909668 670.249786376953 681.114463806152 766.651844024658 664.95735168457 657.98583984375 630.9560546875 759.869834899902 663.857009887695 837.243522644043 750.966820240021 671.683727264404 618.912059783936 715.311744689941 658.562005996704 864.097534179688 726.54345703125 650.732452392578 1068.02810668945 858.394920349121 629.488883972168 1246.05374908447 632.073211669922 637.896667480469 661.167541503906 736.741333007812 957.40168762207 876.718200683594 846.01448059082 872.660423278809 873.594682693481 833.963203430176 926.181015014648 950.018733978271 958.40225982666 1071.65765762329 1020.70806121826 916.821562767029
922.174194335938 577.86922454834 1211.99806213379 1028.19549560547 473.01789855957 672.19815826416 688.058813095093 680.123406410217 1156.39101409912 805.861282348633 750.682300567627 678.036214828491 695.769020080566 584.157608032227 518.85417175293 898.345603942871 676.89884185791 619.875389099121 613.035133361816 570.44686126709 730.877166748047 771.553512573242 824.276428222656 602.361923217773 576.790107727051 603.953491210938 685.601963043213 774.194858551025 773.956665039062 638.166053771973 741.918867111206 842.085670471191 695.460338592529 710.512050628662 706.547294616699 1095.30416870117 687.147106170654 865.65202331543 754.665813446045 819.306600540876 906.41540145874 734.621810913086 764.107551574707 722.146835327148 887.413909912109 885.613090515137 1025.67198181152 1077.48614501953 882.226318359375 943.502555847168
630.754028320312 773.328235626221 768.244319915771 711.946090698242 977.273315429688 1367.52604293823 784.219184875488 618.755462646484 643.643383026123 583.139465332031 629.825218200684 576.191291809082 531.795989990234 576.287857055664 666.678833007812 706.555557250977 619.916748046875 580.931579589844 731.159248352051 712.57679772377 708.988400176167 506.885040283203 710.91286945343 629.860057830811 583.13794708252 597.006469726562 665.55061340332 718.756804466248 695.341510772705 720.226949214935 697.298713684082 764.026902835816 725.101573944092 916.213409423828 672.951736450195 593.720840454102 765.376335144043 1298.67894744873 838.503761291504 854.079696655273 851.227951049805 862.47785949707 768.486679077148 799.977874755859 805.246862888336 841.416179656982 1055.50622558594 1046.63003540039 883.210963249207 900.097608566284
637.151565551758 684.996455192566 792.994773864746 717.915624380112 646.702758789062 674.989907264709 510.972518920898 492.328384399414 653.681056976318 660.489938735962 691.59937286377 551.85285949707 614.230346679688 635.179874420166 528.320999145508 666.969848632812 532.144226074219 577.643569946289 639.229248046875 669.839486122131 504.305114746094 604.134124755859 540.352264404297 705.670333862305 617.047443389893 704.054525375366 625.741912841797 612.608528137207 663.873470306396 679.971336364746 763.425979614258 693.05834197998 736.130953788757 626.846710205078 750.925424098969 807.608055114746 782.066223144531 845.195556640625 931.41764831543 1341.1091003418 1397.04941558838 746.483675003052 687.512622833252 637.046005249023 711.131797790527 840.248540878296 926.374237060547 1153.08595275879 1123.87482452393 823.290840148926
631.299697875977 837.574203491211 723.108993530273 631.789867401123 566.486068725586 694.139248847961 590.046127319336 613.896926879883 651.359813690186 727.810321807861 643.724775314331 774.581535339355 726.184013366699 578.316123962402 580.673881530762 628.108535766602 487.954193115234 456.168273925781 623.832695007324 634.848876953125 708.956632614136 705.523670196533 527.222457885742 508.705871582031 599.689323425293 653.855850219727 640.452224731445 700.49617767334 928.301818847656 744.359502792358 781.307151794434 762.746170043945 586.720901489258 671.137512207031 730.39835357666 706.093524932861 688.086502075195 782.262832641602 826.564418792725 880.551597595215 666.112129211426 711.6337890625 738.158926010132 843.061261534691 756.306959152222 678.129318237305 988.836639404297 1023.89798736572 992.290641784668 823.656795501709
