simdem/realisation7.asc
NCOLS 350 
NROWS 171 
XLLCORNER 152620 
YLLCORNER 418050 
CELLSIZE 100 
NODATA_value -9999 
[rows 22 to 43 of 171, columns 250 to 299 of 350]
815.186707496643 794.026386737823 754.482177734375 900.082183837891 844.909324645996 728.726974487305 1039.83874130249 1038.56178283691 940.317024230957 696.131660461426 845.443695068359 682.152080535889 932.300628662109 872.109375 671.94334602356 775.349594116211 857.279257774353 743.584033548832 587.80778503418 616.394058227539 704.305089950562 760.076095581055 755.274261474609 727.053726196289 917.927040100098 930.471557617188 888.406845092773 819.41259431839 858.87321472168 955.702095031738 791.649131774902 -9999 -9999 -9999 -9999 -9999 -9999 -9999 -9999 -9999 -9999 -9999 -9999 -9999 -9999 -9999 -9999 -9999 -9999 -9999
832.721216201782 587.650466918945 740.392311096191 716.889945983887 749.378353118896 779.362182617188 889.647594451904 1117.78897857666 1194.35614013672 1003.27912521362 1079.3979845047 803.050033569336 903.60302734375 913.542465209961 752.962200164795 790.605850219727 1045.89687347412 930.258720397949 847.134483337402 833.01392364502 722.125174999237 827.845886230469 845.679824829102 778.279983520508 773.324203491211 956.303161621094 814.319358825684 827.423498153687 793.419090270996 690.827423095703 526.06941986084 988.418661117554 864.762264251709 889.098442077637 -9999 -9999 -9999 -9999 -9999 -9999 -9999 -9999 -9999 -9999 -9999 -9999 -9999 -9999 -9999 -9999
682.929504394531 1152.22322845459 1043.51664733887 824.0673828125 704.682373046875 710.348045349121 933.555732727051 990.916984558105 1021.94867706299 923.590049743652 734.551071166992 975.840351104736 1024.06351852417 770.393421173096 696.424499511719 769.366195678711 834.586479187012 776.919540405273 973.224555969238 1004.12791442871 830.438737869263 968.150360107422 889.997528076172 613.052833676338 720.106323242188 829.143859863281 993.288650512695 876.436519622803 893.873346328735 666.093505859375 850.60933303833 927.924840927124 729.705793380737 733.244255065918 885.582688331604 989.118937492371 769.224349975586 -9999 -9999 -9999 -9999 -9999 -9999 -9999 -9999 -9999 -9999 -9999 -9999 -9999
818.294450759888 815.473663330078 758.507678985596 730.379005432129 768.971895217896 977.373229980469 957.032760620117 939.804132461548 958.422687530518 950.36915397644 816.915069580078 961.565069198608 883.339172363281 1021.11923980713 847.529647827148 754.36344909668 862.513519287109 805.811603546143 966.835739135742 995.056259155273 996.881298065186 980.384452819824 1037.5687713623 1065.23416137695 671.076202392578 765.365101337433 1112.27774047852 885.968196868896 814.421039581299 699.520568847656 531.660903930664 903.916012763977 888.360580444336 741.360725402832 992.022888183594 825.424522399902 692.812698364258 766.408184051514 756.463889122009 627.951766967773 677.964935302734 -9999 -9999 -9999 -9999 -9999 -9999 -9999 -9999 -9999
907.710857391357 856.115768432617 740.135559082031 737.236686706543 777.308685302734 831.356967926025 622.112594604492 785.035698413849 927.27108001709 912.998756408691 899.785083770752 1013.03483581543 976.737945556641 1203.4356842041 682.592071533203 833.366333007812 1046.95998382568 955.023197174072 1001.62591552734 975.17212677002 757.540298461914 857.229290008545 1064.33606815338 1038.06034851074 829.434593200684 1075.19458770752 961.675510406494 1042.47983551025 1034.67841339111 805.483779907227 591.971450805664 741.841644287109 931.610214233398 743.555969238281 654.1565284729 909.952632904053 598.653884887695 751.722187042236 761.982741951942 622.926605224609 538.531967163086 749.347712516785 976.778900146484 1001.70589828491 1102.28378677368 -9999 -9999 -9999 -9999 -9999
836.650295257568 872.498027801514 974.690017700195 980.654304504395 977.23331451416 894.533279418945 1106.80387878418 760.741325378418 985.937438964844 981.58219909668 914.863903045654 806.44828414917 685.435333251953 2080.01387786865 889.315460205078 824.192642211914 806.623859405518 1005.48091125488 997.674499511719 970.550621032715 932.427513122559 880.679534912109 761.376750946045 1085.77513122559 1043.38125991821 1075.15392637253 994.074714183807 982.2503490448 962.564314782619 827.776237487793 654.022491455078 1104.8977355957 948.236038208008 707.896476745605 761.012130737305 660.354953765869 834.691635131836 725.54362487793 780.121307373047 849.69019317627 794.696872711182 730.595447540283 1005.69178009033 994.33130645752 943.216033935547 875.959144592285 794.561172485352 740.701675415039 746.644916534424 879.566340446472
851.319770812988 889.890830993652 971.302742004395 1047.81639099121 1092.38471984863 844.03399848938 777.163795471191 742.095172151923 704.378540039062 722.16471862793 786.387619018555 781.31672668457 570.809661865234 1790.74995422363 712.004989624023 807.971231460571 945.531814575195 839.498527526855 978.172119140625 972.736610412598 1078.32732391357 760.297151565552 882.291576385498 1019.4339389801 1006.75105285645 884.907467842102 1060.80616760254 938.490169525146 1102.92485809326 1087.47874450684 974.322025299072 941.94567489624 1036.89932632446 769.21940612793 831.619598388672 703.796455383301 814.324142456055 717.540435791016 623.672821044922 811.514629364014 858.874816894531 750.842758178711 727.477771759033 920.90828704834 997.372268676758 1053.44134521484 1077.88154602051 834.123920440674 780.747296333313 917.044120788574
800.330556869507 982.699234008789 911.341461181641 1016.89253234863 839.072897434235 896.09602355957 789.232758402824 737.563598632812 754.941305160522 803.367713928223 781.966091156006 624.886489868164 1044.85919189453 534.357421875 671.980880737305 890.804094314575 892.919118881226 1008.4405670166 917.796235263348 806.802368164062 751.87181854248 944.813949584961 1120.45359420776 1053.39894104004 1067.70237731934 1517.01876068115 906.410608291626 1143.06758880615 1018.99314117432 1118.90126037598 1004.4136505127 977.03736114502 1054.96298551559 791.221488952637 939.698959350586 1063.14778137207 933.167907714844 925.952499389648 776.752502441406 720.023498535156 833.798393249512 927.367797851562 833.492305755615 918.764247894287 849.202766418457 920.998016357422 722.029121398926 596.104652404785 552.914115905762 757.993259429932
774.887551307678 824.430173873901 837.080268859863 785.915496826172 875.667304992676 819.160129547119 850.779064178467 814.805782318115 782.228084564209 693.261772155762 713.079620361328 616.97184753418 1385.82229614258 525.766906738281 674.891868591309 905.857551574707 1005.98440551758 805.11457824707 790.832511901855 745.021362304688 896.481616973877 827.282445907593 860.09631729126 837.504228591919 719.780784606934 895.668757915497 861.18717956543 777.939086914062 611.582107543945 750.525497436523 993.430854797363 1218.33374214172 914.256298065186 1041.53924560547 978.805130004883 865.189796447754 919.379959106445 909.34105682373 946.220848560333 1037.43181610107 872.388561248779 891.095393180847 914.265171051025 960.466417729855 866.05989074707 903.242111206055 833.390213012695 561.725952148438 592.376739501953 868.691287994385
802.318904876709 757.999244689941 799.311836242676 711.57234954834 849.572540283203 725.829883575439 709.050956726074 750.947177886963 765.34033203125 775.212244987488 720.758319854736 1146.36494445801 765.224601745605 651.841995239258 723.807525634766 861.206340789795 742.698150634766 747.415718078613 774.046112060547 695.118560791016 697.665985107422 739.265121459961 737.003982543945 880.576530456543 901.10262298584 968.181396484375 762.670991897583 858.378692626953 743.463996887207 870.862632751465 904.206512451172 783.954975128174 876.201946258545 957.935699462891 1010.85240936279 896.400371551514 822.703506469727 794.885684967041 837.75952911377 1288.20092010498 942.061557769775 1006.15654373169 998.243017673492 817.045059204102 794.632415771484 771.034690856934 796.96167755127 700.241180419922 741.478073120117 975.282989501953
696.760595321655 747.73641204834 866.884212493896 812.862239837646 783.311752319336 766.5244140625 699.772583007812 647.56022644043 832.671184539795 756.625965118408 820.561475753784 1475.54715156555 714.850440979004 840.299987792969 774.621335983276 785.174759864807 635.084808349609 665.721832275391 737.826652526855 733.580039978027 721.421607971191 763.593941688538 769.178684234619 905.57763671875 889.004768371582 938.193435668945 993.53547668457 834.201553344727 776.008581161499 848.006038665771 840.21692609787 940.595390319824 917.717819213867 904.893199920654 834.726322650909 1072.4914855957 858.224599838257 710.890045166016 779.799354553223 797.262321472168 737.457176208496 846.538806915283 1004.29551696777 1387.52434921265 827.737812042236 677.98779296875 1000.3138217926 1107.18691253662 1054.74908256531 958.642101287842
718.349578857422 702.502772331238 683.946220397949 735.440071105957 747.315160751343 773.168607711792 783.963119506836 710.904090881348 818.458536148071 784.030101776123 1218.50067138672 892.078491210938 779.009306907654 764.783967018127 700.708076477051 935.540390014648 731.266075134277 484.314117431641 519.334045410156 460.928024291992 698.701072692871 746.312093734741 893.71142578125 899.375259399414 691.709285736084 830.982032775879 863.27562713623 818.670761108398 830.587837219238 915.882690429688 834.36932182312 862.579053878784 895.521636962891 877.874420166016 1049.18971252441 819.260533332825 787.175973892212 795.545564651489 779.898910522461 808.24893283844 675.965469360352 707.445510864258 874.849442481995 868.140762329102 1410.25263834 632.036354064941 827.678169250488 754.269992828369 999.664943695068 1009.6150970459
823.14072227478 717.100368499756 665.240257263184 678.939987182617 770.359116792679 794.920501708984 834.994174957275 759.795793533325 875.683334350586 1203.00712585449 761.126510620117 815.668571472168 750.756902694702 739.663467407227 866.392097473145 1085.55544281006 1133.89733886719 592.190231323242 644.785873413086 638.466506958008 714.565330505371 646.763565063477 656.508209228516 818.69803237915 674.27653503418 560.560180664062 683.455017089844 760.472511291504 802.850937366486 763.743858337402 676.221984863281 719.804290771484 958.060173034668 1040.0821685791 848.323181152344 841.269935548306 871.421543121338 678.256782531738 720.455474853516 789.04222536087 705.216888427734 887.958423614502 796.402462005615 812.613990783691 800.900436401367 1259.5581741333 886.701134204865 1136.42150115967 1036.55882644653 970.672119140625
758.048198699951 694.44873046875 681.920051574707 638.43936920166 685.62996673584 861.897880554199 841.240177154541 787.249035835266 852.577865600586 812.257514953613 799.20964050293 764.273591995239 819.958309173584 630.278915405273 590.11653137207 927.185432434082 761.45556640625 761.819961547852 627.347229003906 511.109405517578 644.898086547852 667.257064819336 646.795776367188 665.800621032715 816.197978019714 678.881256103516 797.141881942749 703.822944641113 822.9196434021 966.261245727539 865.815738677979 713.461387634277 924.856048583984 824.591214030981 841.620838165283 902.640396118164 812.997974395752 699.928771972656 770.976348876953 553.145629882812 614.509872436523 740.517471313477 675.408554077148 696.23754119873 676.763854980469 757.560180664062 804.813636779785 1419.3123755455 1072.28337860107 985.304718017578
655.576171875 659.674682617188 624.557479858398 595.517425537109 643.982315063477 844.150634765625 902.889030456543 859.208915710449 1058.70622253418 810.842849731445 727.860008239746 749.53849697113 658.039855957031 803.358514785767 1422.99768066406 802.564506530762 617.404922485352 880.62516784668 965.239242553711 700.216384887695 739.852005004883 790.702392578125 564.816864013672 609.119125366211 684.68187713623 782.177795410156 706.742134094238 761.327043533325 888.561668395996 1002.97808837891 887.517959594727 829.500719070435 764.397071838379 648.661270141602 766.516906738281 732.776649475098 682.387466430664 741.783699035645 701.392936706543 633.96159362793 597.681793212891 587.340042114258 553.158142089844 867.951824188232 774.749549865723 904.809242248535 962.314533233643 776.520736694336 904.561511993408 977.139266967773
574.12385559082 729.701393127441 674.324501037598 564.040756225586 628.16870880127 785.417339324951 797.510486602783 919.015926361084 762.586000442505 781.122509002686 770.270038604736 749.941589355469 789.968780517578 974.143566131592 1230.16812896729 868.138252422214 627.427307128906 740.268730163574 1386.83284759521 776.70679473877 748.813827514648 617.357040405273 677.091751098633 730.625183105469 800.091709196568 674.258903503418 677.478019714355 604.490295410156 769.506072998047 864.336029052734 800.973566055298 737.155202865601 900.103992462158 681.994323730469 660.746383666992 715.812690734863 776.793895721436 675.110656738281 789.670907974243 826.026874542236 716.80118560791 524.628326416016 740.813034057617 846.163551330566 948.200180053711 846.004275798798 923.61457157135 797.772167205811 861.130210876465 843.53392791748
783.805179595947 748.239793777466 749.721257209778 684.145862579346 625.322677612305 657.382965087891 707.324607849121 744.398740768433 683.961456298828 715.052192687988 1464.99890136719 915.762105941772 1236.92105674744 996.191963195801 772.895629882812 846.189474105835 824.29606628418 1427.80941772461 722.878879547119 1294.84173583984 1122.2692565918 797.463172912598 685.648056030273 858.678482055664 902.456558227539 721.574531555176 671.39892578125 651.357421875 827.902679443359 697.587539672852 771.72501373291 697.49348449707 696.951431274414 701.761154174805 684.988418579102 726.764587402344 761.584182739258 830.190626144409 872.684867858887 652.893295288086 746.089637756348 799.929037094116 826.429515838623 875.120494842529 914.657150268555 997.411178588867 954.414482116699 901.056973934174 933.202991485596 756.265243530273
734.036738395691 789.14624786377 702.855087280273 674.866523742676 504.811798095703 664.016258239746 704.163688659668 711.477365493774 670.471042633057 564.404800415039 598.193969726562 809.436279296875 854.053913116455 1366.07651138306 992.842712402344 965.323143005371 707.856735229492 706.918060302734 820.594326019287 872.069438934326 891.110664367676 743.44570350647 803.593141555786 688.221633911133 758.364040374756 789.320952415466 818.102626800537 846.210102081299 838.865186691284 920.786993980408 765.721054077148 838.10902261734 814.283885002136 783.019400596619 828.325284481049 793.794086456299 768.672080993652 777.724147796631 931.218353271484 801.982460021973 738.199897766113 811.310207366943 835.121142625809 965.46085357666 920.85920715332 928.92839050293 916.988574981689 757.097564697266 896.505122184753 894.902179718018
707.017095565796 652.947673797607 691.216781616211 595.728271484375 623.020721435547 658.185409545898 732.104593753815 662.849132537842 681.676345825195 597.505905151367 699.077239990234 771.145851135254 795.550834655762 932.729104042053 868.142469406128 1171.1557559967 798.608783721924 1047.07441139221 699.007827758789 716.238265991211 785.255515098572 875.777702331543 725.787742614746 720.965286254883 755.842511177063 821.430585861206 701.161125183105 636.986099243164 713.811569213867 828.941543579102 818.965476989746 704.679985046387 814.00390625 864.108032226562 744.464393615723 882.773811340332 754.801856994629 805.005187988281 750.451850891113 712.786674499512 1043.28817749023 751.498085021973 915.791618347168 801.40856552124 718.810760498047 801.794226646423 808.045729637146 775.403461456299 958.475028991699 963.012893676758
661.423412322998 620.998512268066 706.34130859375 852.854263305664 758.795379638672 848.675640106201 779.744564056396 516.591110229492 473.355621337891 659.451904296875 1011.2516040802 902.820236206055 543.936576843262 659.852661132812 659.160125732422 993.201522827148 799.436717987061 855.4123878479 894.518600463867 688.58846282959 869.664253234863 876.926277160645 685.487403869629 644.212661743164 719.246063232422 736.562961578369 690.463905334473 634.847427368164 860.081741333008 753.439483642578 1185.33921813965 865.631271362305 908.920955657959 899.485824584961 727.306365966797 818.672943115234 924.383575439453 921.466201782227 855.919368743896 781.511497497559 1033.32276916504 894.451248168945 826.102058410645 840.332251429558 769.771766662598 748.286338806152 937.835166931152 963.129737854004 967.041290283203 878.254967212677
492.624450683594 700.191212654114 786.68200302124 718.895454406738 741.398475646973 715.200263977051 733.104947090149 704.933444976807 642.205604553223 587.325088500977 962.058013916016 1377.8592338562 713.033199310303 679.223564147949 714.710657119751 751.132186412811 706.3583984375 927.745098114014 685.203712463379 685.049476623535 700.177444458008 728.552883148193 711.160999298096 694.604560852051 708.959510803223 775.019536972046 763.505218505859 672.872573852539 647.994812011719 818.976295471191 644.981506347656 750.080657958984 989.395401000977 952.735160827637 774.456855773926 731.54948425293 851.695816040039 1139.5418548584 812.64822769165 1137.68690490723 803.510673522949 749.83568572998 707.341598510742 778.450912475586 758.699554443359 747.982543945312 931.974731445312 929.951820373535 921.600524902344 884.580308914185
749.81563949585 618.704170227051 606.014595031738 626.819931030273 688.228729248047 766.480283737183 731.056386947632 731.610778808594 702.635175704956 751.901634216309 765.402908325195 823.813491821289 866.515045166016 606.953918457031 727.124925613403 860.36555480957 914.523040771484 734.547234296799 592.910217285156 842.864700317383 771.595455169678 721.989826202393 710.104652404785 679.871940612793 709.662372589111 712.693386077881 919.74169921875 638.517578125 710.204452514648 1197.80523896217 740.977378845215 586.619239807129 852.358743667603 784.779872894287 823.186672210693 817.283805847168 948.043640136719 941.298044204712 800.822120666504 845.066286921501 841.776123046875 806.075727462769 793.419306755066 772.511196136475 886.785861968994 669.004501342773 774.380065917969 922.836204528809 893.178398132324 931.94668674469
