simdem/realisation60.asc
NCOLS 350 
NROWS 171 
XLLCORNER 152620 
YLLCORNER 418050 
CELLSIZE 100 
NODATA_value -9999 
[rows 88 to 109 of 171, columns 200 to 249 of 350]
619.788398742676 615.317970275879 620.282203674316 673.245515823364 677.12813949585 551.223838806152 644.950368881226 718.770454406738 727.71573638916 620.940281391144 674.966751098633 630.387395620346 704.323055267334 807.20637512207 797.396209716797 705.247016906738 706.197357177734 689.883299320936 684.60410118103 716.501304626465 772.148864746094 709.993030548096 838.152618408203 749.79239654541 713.258407592773 711.374919891357 720.313938140869 783.258934020996 630.701293945312 734.666542053223 610.60135269165 549.918342590332 606.976139068604 630.571487903595 671.076856613159 627.482164859772 821.77912902832 622.464321136475 706.256996154785 721.860525131226 637.709594726562 677.433647155762 664.134521484375 872.543603897095 796.35232925415 744.871410369873 874.486755371094 947.620356082916 973.208702087402 935.600250244141
660.975894927979 586.481101989746 416.004425048828 455.763031005859 613.489406585693 514.964721679688 767.449722290039 633.925151824951 571.756912231445 711.477661132812 723.219039916992 730.040176391602 853.306396484375 637.855473741889 610.375469207764 654.999368667603 611.897300720215 528.218566894531 560.626884460449 672.464096426964 651.687569141388 637.070482254028 768.732231140137 579.844375610352 719.090515136719 660.175693511963 822.549392700195 737.239009857178 673.643448829651 819.000335693359 731.28010559082 638.703541755676 661.773016929626 690.865787506104 662.657421112061 775.783126831055 684.523323059082 676.777786254883 618.325485229492 651.680778503418 719.454915046692 805.436044692993 685.890411376953 828.145023584366 796.261728286743 724.097618103027 891.861885070801 1106.08839416504 1086.4358291626 901.322601318359
535.95036315918 941.570640563965 405.02783203125 386.250366210938 504.508697509766 587.12801361084 618.915870666504 662.486877441406 497.258056640625 573.938789367676 774.56608581543 677.63423538208 682.664295196533 621.97203874588 777.723327636719 725.183029174805 535.724296569824 423.954574584961 619.70751953125 689.461025238037 577.889083862305 640.889499664307 644.500980377197 586.461463928223 685.464004516602 722.860897064209 854.599502563477 806.294548034668 576.927528381348 718.450412750244 639.475858688354 758.832550048828 668.16495513916 623.678447723389 688.321296691895 701.820472717285 676.014293670654 578.603393554688 630.909538269043 696.111461639404 798.100082397461 804.152057647705 766.829095840454 843.184005737305 734.809653282166 691.262260258198 689.049058914185 936.57751083374 891.253389358521 794.349445343018
538.255958557129 399.969055175781 452.521850585938 413.991592407227 583.72696685791 619.732872009277 674.285816192627 706.642692565918 589.096656799316 607.548572540283 677.96626663208 653.815837860107 678.236946105957 651.191307067871 677.017284393311 820.278961181641 715.779739379883 607.053161621094 689.120059967041 673.145650863647 490.031875610352 530.112075805664 769.055206298828 790.417114257812 677.566073417664 625.173622131348 738.174705028534 710.155010223389 674.463264465332 615.288101196289 645.876064300537 760.502599716187 691.836128234863 695.26830291748 666.163257598877 651.656349182129 508.655288696289 546.076179504395 690.305673599243 794.646606445312 768.589349746704 754.263601303101 722.02197265625 942.809005737305 800.046730041504 593.553825378418 538.186264038086 793.820495605469 985.46195602417 851.525251835585
667.883583068848 608.925844192505 593.503410339355 463.217346191406 632.434127807617 628.462858200073 601.446659088135 590.735748291016 599.616798400879 794.5205078125 618.952548980713 660.290641784668 616.244653940201 657.338115692139 772.727981567383 581.749565124512 668.095722198486 708.296524047852 720.217376708984 726.398376464844 594.393009185791 651.685377120972 784.43968963623 833.253463745117 734.639232635498 708.347845077515 785.839599609375 767.858467102051 590.259315490723 690.474954605103 665.06040763855 824.752265930176 771.537979125977 594.528518676758 658.933683395386 699.872531890869 681.631713867188 719.485458374023 503.858657836914 544.888298034668 633.216294765472 686.691555023193 522.925933837891 687.733684539795 748.299903869629 707.138618469238 628.939287185669 735.39269733429 876.121276855469 960.185523986816
617.705796480179 757.969608306885 723.334725379944 577.282863616943 525.519393920898 973.781845092773 425.035415649414 407.278350830078 540.343330383301 566.651832580566 627.1987221241 609.60888671875 652.3522605896 711.616729736328 732.768867492676 704.908615112305 727.829521179199 676.356136322021 704.299839019775 739.290618896484 780.269241333008 586.39374256134 701.873920440674 674.759300231934 895.398559570312 719.181575775146 823.818923950195 573.41633605957 592.585380554199 592.532752990723 711.37378692627 746.811447143555 776.093818664551 560.54866027832 627.977333068848 763.279054641724 716.12925863266 844.570907592773 737.279342651367 804.27653503418 740.650901794434 649.886005401611 597.30931186676 655.654493331909 668.614520072937 683.446265697479 668.195537567139 769.627746582031 770.054500579834 864.831607818604
713.122089385986 613.282402038574 844.197410583496 744.941165924072 576.676128387451 694.012413024902 640.889205932617 686.987098693848 689.51583480835 518.508255004883 472.576950073242 756.075805664062 724.358772277832 634.501098632812 610.985342025757 676.511562347412 703.586395263672 708.116073608398 669.585161209106 870.917114257812 833.455917358398 657.699493408203 587.038648605347 731.974334716797 726.285708904266 752.943005561829 771.245964050293 621.438449859619 596.920845031738 590.207954406738 797.368026733398 747.454296112061 882.899490356445 704.071004867554 724.680932998657 819.549868106842 610.363670349121 675.114059925079 779.413082122803 742.563512802124 696.849519729614 679.604448318481 652.418619155884 651.063039779663 631.544456481934 771.854228973389 769.021682739258 709.643013000488 717.652865886688 647.789291381836
639.072835922241 651.788595199585 770.484107971191 793.022067070007 841.289688110352 554.807174682617 595.402534484863 602.521331787109 695.04178237915 813.082946777344 734.152114868164 749.848937988281 772.106552124023 609.475331306458 620.115467071533 820.64013671875 637.44787979126 698.740100860596 670.122564315796 725.388778686523 680.118482589722 702.249037742615 614.525810241699 369.806823730469 796.048408508301 709.781998634338 609.462692260742 697.037179946899 822.39990234375 727.450939178467 634.836643218994 736.885068893433 748.808097839355 694.855592727661 671.265731811523 759.213756561279 724.66722869873 764.741024017334 803.451278686523 706.551843643188 709.301543712616 750.748653411865 682.9875831604 717.687770366669 919.121322631836 781.819404602051 669.041696548462 585.19556427002 622.374938964844 695.161239624023
704.19942855835 721.094924926758 874.400192260742 973.344024658203 818.92883682251 656.084880828857 485.632568359375 670.374153137207 741.575119018555 654.58080124855 690.370738983154 685.125184059143 650.465173244476 581.331233978271 581.29842376709 669.335262298584 668.104473114014 656.501415252686 676.090385437012 703.663345336914 583.250755310059 778.43546295166 803.060890197754 841.666595458984 639.829711914062 518.909797668457 549.002807617188 658.664331436157 777.273582458496 679.132591247559 634.549049377441 662.383465766907 700.146839141846 792.735763549805 704.158091545105 731.685726165771 773.178806304932 768.21427154541 752.42066192627 634.442031860352 721.998618125916 808.655334472656 708.227583885193 714.926739692688 740.992496013641 778.372395038605 663.963043212891 440.121368408203 512.814788818359 676.69038772583
716.920104980469 730.268615722656 717.743257522583 863.520484924316 883.510498046875 872.503326416016 615.008152008057 1003.09717011452 650.873027801514 669.728157639503 647.520782470703 650.961179733276 730.36449432373 552.438270568848 558.257286071777 567.347534179688 704.772346496582 595.292568206787 495.872085571289 685.708812713623 605.917140960693 617.690738677979 507.85578918457 683.352108001709 791.434768676758 839.23120880127 652.045440673828 685.914402008057 556.301689147949 550.207405090332 370.814849853516 593.664436340332 622.780712127686 714.414485931396 543.111751556396 687.922079086304 733.501536369324 686.600462913513 591.161483764648 720.578260421753 705.55472946167 616.959136962891 741.631183624268 609.888252258301 725.733951568604 813.23469543457 807.621753692627 566.860321044922 885.055969238281 619.487602233887
615.00212097168 455.086807250977 716.394334793091 861.086204528809 720.193881988525 793.098697662354 634.476036071777 498.770980834961 512.648811340332 614.15079498291 584.010665893555 567.417572021484 585.603561401367 609.699039459229 591.198402404785 609.869720697403 594.014163970947 590.730617523193 624.048758506775 726.426689147949 762.169692993164 604.115962982178 626.610717773438 569.296112060547 653.140613555908 895.963531494141 675.646591186523 658.104198455811 623.449462890625 692.225253939629 601.535926818848 695.605966567993 642.002376556396 652.875023603439 590.168418884277 800.664329528809 624.673212051392 531.793060302734 549.892623901367 666.459760665894 736.485939025879 610.822334289551 701.152429580688 718.015251159668 578.361297607422 842.449390411377 797.68395614624 845.923122406006 730.234481811523 802.713775634766
850.080896377563 646.766292572021 790.642318725586 849.605682373047 733.569531440735 753.772083282471 663.72583770752 720.113162994385 683.508804321289 553.368270874023 567.860321044922 576.662254333496 569.163883209229 659.852409362793 753.359802246094 640.33911895752 668.703771591187 639.390341758728 698.104454040527 611.706100463867 680.264772415161 829.02392578125 530.06233215332 702.920936584473 813.445663452148 665.149703979492 920.641456604004 759.848007202148 547.048461914062 478.121292114258 667.7370262146 603.65446472168 640.991550445557 706.412071228027 668.155406951904 712.855335235596 654.115505218506 529.956359863281 721.807182312012 675.711722373962 680.742488861084 606.611671447754 663.045120239258 581.067855834961 691.692039489746 648.429824829102 851.502056121826 1001.68076705933 937.778247833252 943.469123840332
723.013031005859 856.387756347656 721.570327758789 805.853828430176 827.325172424316 729.124586105347 570.072570800781 660.667778015137 633.492393493652 528.519500732422 666.361596107483 742.22078704834 698.28763961792 711.253267288208 852.165420532227 696.219699859619 568.924995422363 574.996398925781 709.545104980469 714.769912719727 621.563991546631 698.701812744141 600.553750991821 967.876243591309 655.773281097412 679.212605476379 972.56266784668 791.458723068237 785.338302612305 1337.14418435097 1293.228931427 682.864818572998 573.870880126953 666.065591812134 675.114261627197 790.124855041504 828.547805786133 645.007755279541 740.745185852051 713.340885639191 765.763175964355 743.091060638428 786.151278495789 599.325248718262 764.299392700195 951.993595123291 1097.18684387207 839.085893630981 941.829307556152 782.21347618103
791.463895797729 723.15159009397 631.090909957886 783.380756378174 822.170585632324 820.982780456543 755.381683349609 688.535202026367 693.895401000977 927.157188415527 625.680316925049 814.844970703125 760.575889587402 693.255563735962 869.195297241211 873.55347442627 653.982199668884 610.242374420166 755.33211517334 691.654403686523 691.957382202148 773.358291625977 674.862659454346 738.250982284546 698.639686584473 826.586109161377 657.921939849854 628.986129760742 579.709762573242 601.628227233887 767.308204650879 694.316155433655 555.060836791992 1035.96752929688 734.977951049805 828.34782409668 1161.63993835449 961.410629272461 661.800178527832 888.759303927422 976.107715606689 587.547805786133 805.966369628906 539.644515991211 567.02326965332 582.175079345703 716.735488891602 1094.74416303635 1547.18193054199 782.037076950073
865.203193664551 797.841595649719 619.653663635254 554.517951965332 673.428100585938 899.693832397461 819.243839263916 807.769680500031 603.993560791016 635.760406494141 970.415229797363 606.743801116943 709.770622253418 602.858177185059 752.676456451416 761.738189697266 605.640007019043 621.355327606201 609.522102355957 612.350288391113 650.705213546753 787.657897949219 665.34007358551 584.373847961426 642.793518066406 722.136543273926 620.750743865967 643.912603378296 663.733695983887 604.797958374023 585.448867797852 621.808704376221 511.075942993164 529.07536315918 406.163635253906 472.167083740234 483.58024597168 1063.53359603882 519.347244262695 620.861282348633 596.992721557617 660.597877502441 1228.31446647644 650.597839355469 984.643402099609 691.577224731445 586.112426757812 929.076473236084 1023.67749023438 937.586624145508
786.684463500977 729.964492797852 675.150268554688 550.478042602539 716.467414855957 753.614393830299 717.324371337891 810.603204727173 765.263240814209 705.636322021484 895.160575866699 930.135101318359 547.913375854492 507.235290527344 685.69668006897 666.454466819763 662.332282066345 786.357208251953 824.912406921387 538.623390197754 630.91956281662 536.429588317871 676.321517944336 705.101257324219 790.701278686523 660.361415863037 669.70253944397 727.921882629395 718.799171447754 808.957916259766 744.907402038574 589.588577270508 551.185661315918 520.023742675781 634.043228149414 476.872329711914 879.546836853027 959.573776245117 837.877056121826 647.464519500732 789.500717163086 818.410385131836 1041.50120544434 698.923244476318 955.376243591309 959.005195617676 596.224273681641 1037.11194610596 830.676940917969 1441.58773422241
-9999 747.018501281738 658.199413299561 559.563213348389 633.855712890625 792.611137390137 701.131504058838 723.870574951172 986.318023681641 687.38138961792 822.158363342285 1129.90055847168 657.546570777893 564.09228515625 657.365282058716 435.95378112793 524.457580566406 644.064912796021 575.074201144278 564.337726593018 544.153190612793 594.62279510498 647.946533203125 1035.8593711853 963.295218467712 659.481598138809 625.171310424805 572.22972869873 679.784315109253 684.85255241394 823.028045654297 770.600456237793 561.90209197998 470.474334716797 979.040920257568 553.704460144043 510.166595458984 655.524127006531 682.57301235199 655.649703979492 655.692291259766 841.744758605957 837.820049285889 799.458457946777 850.143611907959 1117.65786552429 715.644653320312 834.699531555176 621.786026000977 927.9638671875
-9999 905.103225708008 670.864967346191 638.498208999634 622.940341949463 789.427900314331 768.038154602051 757.384575366974 845.968338012695 761.711589813232 914.974784851074 832.607810974121 644.456596374512 571.047500610352 581.253746032715 577.681270599365 433.26350402832 506.272190093994 723.948181152344 775.736724853516 633.448726654053 641.416326522827 674.261985778809 548.893333435059 894.680709838867 575.688674926758 627.803266525269 523.725517272949 451.946319580078 657.379544973373 656.102854728699 712.894016265869 566.818016052246 563.005767822266 1325.55587768555 628.807977676392 628.876323699951 574.99348449707 603.208656311035 761.121543884277 702.930616378784 696.140026092529 920.448379516602 942.556289672852 1006.84677124023 749.528755187988 951.006523132324 787.924514770508 639.948921203613 513.543029785156
-9999 -9999 721.920104980469 571.101371765137 612.575084686279 657.980239868164 731.144012451172 851.224510192871 846.734447479248 727.447128295898 646.183036804199 643.628707885742 712.749740600586 585.984001159668 704.061267852783 609.832355499268 653.787750244141 522.216230392456 559.690444946289 599.326725006104 594.69620513916 587.099918365479 561.871200561523 474.540756225586 682.968410491943 554.045463562012 576.258934020996 486.017532348633 505.45231628418 715.849956512451 660.842123687267 743.691932678223 609.150688171387 471.030548095703 862.857620239258 633.150441169739 573.91259765625 471.317642211914 559.959365844727 618.145637512207 572.201179504395 583.061004638672 832.775573730469 992.918960571289 866.655174255371 725.802677154541 633.054626464844 540.803146362305 767.093551635742 696.979965209961
-9999 -9999 1037.12205696106 900.691577911377 498.621398925781 592.149131774902 681.036392211914 823.403953552246 732.018266677856 762.049589157104 884.824569702148 620.275825500488 646.142133712769 571.062812805176 664.84468460083 640.268760681152 546.51070523262 569.828022003174 550.450273513794 461.570724487305 519.279552459717 631.419486999512 482.624122619629 541.942832946777 517.481475830078 648.875396728516 736.90934753418 399.883697509766 496.222473144531 552.359642028809 544.837959289551 577.15616607666 551.642517089844 533.910720825195 600.659580230713 634.544832229614 557.568008422852 763.837841033936 609.017372131348 747.025708198547 762.632629394531 872.694868087769 923.878768920898 1011.70552062988 847.649152755737 843.842407226562 840.32333946228 744.01912689209 695.415649414062 541.581237792969
-9999 -9999 -9999 891.671783447266 633.624702453613 621.039897918701 842.79069519043 764.388769388199 759.877649784088 639.3844871521 604.059484481812 563.789909362793 626.13440322876 811.312057495117 617.299502372742 795.201446533203 541.800943374634 571.831497430801 524.35913848877 556.741812705994 478.401695251465 443.588516235352 453.933456420898 1345.83877563477 428.874618530273 498.860198974609 650.087493896484 520.706344604492 491.613876342773 532.366989135742 704.931045532227 560.580215454102 650.360322952271 573.608428955078 595.724021911621 581.314514160156 600.524562835693 617.006507873535 679.862853050232 505.682807922363 716.532112121582 744.767539978027 746.676498889923 694.684898376465 603.611801147461 699.15397644043 744.883964538574 560.698104858398 455.387664794922 861.797424316406
-9999 -9999 -9999 880.757904052734 548.042762756348 499.749603271484 869.844917297363 742.471839904785 733.664051055908 945.61003112793 616.34986114502 686.429252624512 680.455213546753 713.035938262939 616.148628234863 674.002784729004 549.196910858154 504.417747497559 601.486769676208 700.306755065918 416.401611328125 626.119655609131 488.866920471191 824.420114517212 535.140850067139 520.954940795898 513.638702392578 627.367931365967 677.367395877838 612.470623016357 539.876281738281 526.216957092285 641.289766311646 529.800384521484 650.916158676147 1047.43162155151 667.401573181152 645.51798248291 653.311660766602 566.120071411133 764.835968017578 649.71418762207 787.284217834473 871.456352233887 673.435791015625 1235.72596740723 740.40446472168 694.649536132812 1060.30129241943 962.992818832397
