simdem/realisation64.asc
NCOLS 350 
NROWS 171 
XLLCORNER 152620 
YLLCORNER 418050 
CELLSIZE 100 
NODATA_value -9999 
[rows 44 to 65 of 171, columns 150 to 199 of 350]
581.710647583008 645.171455383301 459.254600524902 403.840225219727 485.504531860352 560.920105457306 468.975143432617 506.548694610596 592.484321594238 541.082490757108 483.864311218262 523.279846191406 610.895500183105 521.8284740448 616.094340801239 607.448070526123 580.85474395752 517.78360748291 575.452407836914 541.304037094116 473.12882232666 504.181056976318 316.352905273438 452.203109741211 441.615539550781 575.805235385895 547.957851409912 507.067153930664 483.37345123291 600.095890045166 613.373916625977 629.589447021484 602.994369506836 671.587703704834 562.413787841797 561.618515014648 752.375198364258 781.729354858398 842.484497070312 687.230560302734 526.035831451416 488.113182067871 452.71964263916 774.595386505127 789.143592834473 591.928156852722 570.634712219238 520.270782470703 1141.91652679443 1169.9372215271
429.354606628418 504.446669578552 536.486790090799 448.915649414062 517.596164703369 462.151992797852 521.188884735107 505.920257568359 584.903198242188 553.894373416901 528.837738037109 747.388153076172 710.844253540039 658.303253173828 673.125289916992 664.801376342773 528.698854446411 421.620574951172 496.998672485352 481.736030578613 446.645835876465 592.215377807617 506.05103302002 435.202247619629 494.713508605957 558.684291124344 629.280517578125 571.825888156891 441.410705566406 604.14300775528 617.047573544085 601.846610069275 581.646786689758 665.617835998535 833.174583435059 554.783760070801 609.03809928894 625.554056406021 675.812767028809 571.27368927002 575.158236503601 592.582998275757 531.290882110596 701.465209960938 608.313773155212 605.769202232361 509.730751037598 578.936082959175 728.45987701416 958.594512939453
604.425834655762 689.782272338867 478.972133636475 474.722345352173 551.895439147949 503.14469909668 503.799486160278 584.212970733643 578.875038146973 395.341171264648 463.273475646973 660.346206665039 599.086595535278 621.907028198242 721.018295288086 621.795822143555 544.736939668655 581.573749542236 477.742900848389 662.853805541992 644.458595275879 399.029861450195 419.148246765137 519.859008789062 424.822479248047 499.449703216553 528.225706100464 588.97961807251 550.838907241821 627.393676757812 664.401374816895 549.902724981308 586.355262756348 474.51448059082 641.583553314209 567.992381334305 501.308822631836 537.47664642334 477.540908813477 598.104555130005 592.966859817505 559.209688186646 492.624977111816 649.874774932861 633.032775878906 599.210006713867 455.332107543945 570.957410812378 638.060241699219 730.195205688477
566.974666595459 435.978569030762 447.522277832031 382.462745666504 572.783756256104 547.060333251953 447.882171630859 620.321487426758 468.45393371582 459.82209777832 624.930557250977 710.619689941406 712.18620300293 695.574638366699 769.16584777832 799.243240356445 751.275054931641 491.870182037354 512.121631622314 585.6764793396 691.601455688477 446.492607116699 513.271759033203 620.217082977295 533.936206817627 560.453195571899 623.135864257812 596.1223487854 508.753837585449 543.874660491943 560.823915481567 608.904441833496 463.227951049805 455.016212463379 554.654955387115 509.496532440186 401.260696411133 483.089767456055 481.345680236816 499.165016174316 634.66716003418 545.326910018921 491.589576721191 511.062057495117 596.179481506348 524.445381164551 571.802352905273 590.386901855469 553.900203704834 584.2145819664
453.757957458496 556.750625610352 510.977880477905 544.153095245361 613.981674194336 611.329444885254 583.705966949463 654.256301879883 596.380588531494 652.35131072998 625.074951171875 680.410781860352 650.23120880127 700.714263916016 830.095672607422 819.173110961914 573.69454574585 518.185054779053 488.680019378662 498.624267578125 478.394332885742 459.917907714844 502.36824798584 585.685539245605 538.241889953613 590.4748878479 641.678100585938 633.587226867676 481.926727294922 508.626804351807 520.907211303711 420.306503295898 550.3405418396 426.537994384766 411.80012512207 379.537216186523 468.243675231934 525.422420501709 499.324447631836 591.113126754761 579.409153938293 487.923797607422 609.261917114258 531.263912200928 568.174618244171 622.623607635498 740.590972900391 564.226203918457 596.727345466614 495.010936737061
440.646598815918 436.592662811279 556.597259521484 591.483070373535 602.369609832764 533.123867511749 508.341661453247 519.39829158783 526.067529678345 590.921592712402 722.530364990234 630.102039337158 533.739486694336 652.601593017578 657.690605163574 784.535522460938 686.244033813477 536.208099365234 576.888854980469 476.794250488281 511.727527618408 552.871124267578 629.578987360001 669.515815734863 673.103210449219 599.66134262085 588.062900543213 619.054958343506 520.600410461426 692.787658691406 546.078350067139 561.763034820557 529.435441493988 462.364593505859 445.841354370117 440.958480834961 486.450971603394 488.094993591309 567.335761070251 554.368398189545 559.469835281372 557.235378742218 623.503646850586 488.821823120117 502.717220306396 546.289901733398 660.790988922119 607.76628112793 536.609970092773 585.604208469391
407.731269836426 470.247352600098 547.336235046387 561.474123001099 489.053123474121 549.657689571381 578.305643081665 582.007762908936 500.245632171631 549.884071350098 539.783306121826 572.192253112793 513.858688354492 626.615116119385 694.412094116211 566.740074157715 527.066673278809 651.016799926758 611.346939086914 536.416122436523 483.395050048828 422.939453125 544.705795288086 657.56432723999 617.901378631592 540.308406829834 480.689918518066 502.774494171143 629.3994140625 641.619029998779 577.19330406189 628.621963500977 533.470031738281 615.898284912109 465.752342224121 539.188129425049 332.478286743164 505.91174697876 481.779434204102 502.513538360596 453.65852355957 554.245485305786 546.472330510616 543.785403251648 475.173004150391 559.320621490479 712.586608886719 564.468379259109 648.453815460205 591.377156257629
502.34547996521 463.164794921875 498.989902496338 634.14478302002 454.254516601562 517.064022064209 536.348853111267 506.377304077148 574.632545471191 540.026666641235 560.736686706543 363.607620239258 519.537738800049 587.668540000916 672.769241333008 664.925506591797 353.103530883789 541.131011962891 615.244325637817 628.641334533691 532.414932250977 530.053070068359 689.302093505859 678.720186233521 655.781091690063 724.091406941414 662.603534698486 640.092765808105 519.375305175781 633.941711425781 740.784164428711 588.01448059082 588.901844024658 565.835912704468 499.315357208252 501.55143737793 500.535472869873 572.179751396179 527.57385635376 430.449447631836 542.855989456177 525.299789428711 667.255447387695 689.542442321777 601.570823669434 580.527034521103 567.938810348511 671.15739440918 572.863952636719 573.952571868896
625.036071777344 445.546279907227 448.940956115723 541.721959590912 470.855445861816 415.962936401367 547.773543357849 623.258712768555 447.721748352051 534.786739349365 571.24888420105 610.274974822998 576.693610191345 693.454788208008 719.412628173828 658.108968734741 524.992210388184 559.087593078613 502.38738822937 782.45645904541 654.322875976562 605.357343673706 634.023609161377 436.601654052734 418.890632629395 681.699230194092 851.31583404541 650.399105072021 539.087699890137 596.68715763092 752.938980102539 546.899695396423 508.865009307861 552.315004378557 473.458366394043 489.554267883301 492.926483154297 525.421913146973 555.787721633911 532.736724853516 519.715087890625 609.373233795166 635.578422546387 631.80717086792 610.006061553955 653.571922302246 620.884695053101 463.975769042969 612.482000350952 585.659386873245
496.971298217773 421.183639526367 496.567043304443 529.676836013794 558.205810546875 557.505535125732 469.474365234375 454.27416229248 307.280960083008 507.429195404053 444.393074035645 554.097525477409 703.29305267334 567.53081703186 591.150774002075 564.496354341507 564.501777648926 474.505058288574 673.630491256714 725.737884521484 533.860481262207 612.905332565308 536.118232727051 510.978363037109 640.189594268799 705.974452972412 701.073947906494 761.873863220215 579.448577880859 575.162087321281 556.680332183838 591.71248626709 546.99169254303 518.050392150879 569.034605979919 458.571990966797 618.057121276855 533.156936645508 384.79606628418 571.778615966439 513.32389831543 765.784957885742 750.495620727539 677.542617797852 619.274261474609 615.584182739258 638.352855682373 577.045562744141 456.671798706055 653.283355712891
506.08162689209 511.722427368164 484.681831359863 472.139945983887 501.897094726562 563.135439872742 495.031814575195 475.061943054199 412.52587890625 411.20133972168 473.358909606934 659.461090087891 681.18285369873 409.841384887695 525.024364471436 552.174421310425 527.462543487549 451.268264770508 407.306701660156 488.740325927734 559.813701629639 578.333900809288 506.90242767334 615.767906188965 519.380210876465 593.908538818359 812.655456542969 710.486976623535 703.40682220459 545.236366271973 574.305606842041 490.935791015625 368.120880126953 438.115913391113 516.530620574951 437.482620239258 367.260726928711 555.164211273193 551.845314025879 633.501426696777 554.617328166962 638.903797149658 711.38907623291 670.296157836914 591.343193054199 492.451026916504 536.133712768555 363.875274658203 575.882396697998 637.67582321167
367.575134277344 474.633171081543 535.947773456573 384.587371826172 548.23832988739 538.931705474854 650.93293762207 500.771759033203 434.055641174316 626.619430541992 555.130537033081 656.839385986328 566.685727894306 521.240871429443 637.356369018555 612.104881286621 633.309127807617 699.86222076416 655.839736938477 650.715667724609 521.347389221191 511.982257843018 591.806810379028 594.886932373047 528.267906188965 701.386768341064 875.651832580566 737.483009338379 604.825008392334 669.754943847656 648.759399414062 548.300627708435 529.431137084961 553.452696323395 534.736003875732 527.159015655518 518.332160949707 504.056655883789 373.84553527832 544.733135223389 473.237037658691 541.814605712891 683.740882873535 626.774436950684 540.14542388916 535.57120513916 585.746906280518 624.55277633667 552.494831085205 567.832569122314
687.112258911133 520.345516204834 449.52677154541 523.469631195068 660.434501647949 558.132222652435 507.398731231689 498.951469421387 541.078542709351 466.861030578613 558.741814136505 504.843368530273 616.579780578613 545.891326904297 660.613952636719 665.331497192383 774.348388671875 749.624328613281 815.788543701172 620.961894989014 545.864345550537 464.297149658203 394.376541137695 602.534934997559 543.998115539551 483.158180236816 860.593147277832 720.036697387695 718.062522888184 617.97158908844 561.248615264893 712.35814666748 534.387971878052 641.615188598633 723.441223144531 712.356201171875 457.484642028809 465.776336669922 565.58863067627 533.108009338379 564.911926269531 580.102990150452 524.986625671387 638.135816335678 521.4228515625 583.996198654175 614.56437921524 584.133926391602 564.062026977539 616.555835723877
660.814956665039 480.544418334961 538.420370101929 574.584495544434 566.258273601532 380.352935791016 406.32275390625 449.125091552734 489.601058959961 568.282516002655 618.280323028564 567.439826965332 460.865158081055 550.78453540802 597.974720001221 651.444633483887 602.421341896057 518.171859741211 734.427383422852 599.227586269379 529.724258422852 420.933929443359 565.747043609619 526.193229675293 574.43887424469 597.273432731628 565.172431945801 751.960928916931 744.28137588501 674.303730010986 643.159591674805 751.79695892334 589.503612518311 617.420166015625 631.72767829895 680.980178833008 590.249924659729 595.950235366821 567.907735824585 700.723976135254 664.076332092285 623.515087127686 448.965553283691 522.984748840332 481.603904724121 458.039855957031 502.166000366211 609.967477798462 616.018414497375 644.618228912354
695.772308349609 709.405395507812 708.238563537598 521.788982391357 449.419761657715 511.289527893066 400.738555908203 532.03987121582 614.377645492554 562.111545562744 551.131025314331 444.011260986328 565.192813873291 671.943000793457 685.345222473145 495.058952331543 550.984121322632 446.86003112793 514.89818572998 578.466793060303 624.409214019775 670.26220703125 606.975700378418 610.446189880371 571.882205963135 520.272071838379 657.607095718384 625.323220252991 704.632759094238 888.257537841797 695.385768890381 691.429275512695 731.631900787354 661.915287971497 736.013689041138 623.750141143799 617.284148931503 536.122421264648 564.320713043213 704.775917053223 646.393726348877 618.02195930481 458.414932250977 513.217704772949 567.172092437744 625.002927303314 593.191558837891 724.971565246582 606.519386291504 504.740242004395
688.609069824219 598.30952835083 633.832504272461 542.914657592773 427.499160766602 463.074287414551 550.826800346375 513.33472442627 465.552337646484 533.654521942139 419.521438598633 430.51789855957 498.555992126465 691.521942138672 818.28076171875 614.894271850586 623.444225311279 508.282474517822 570.42578804493 530.93977355957 419.001846313477 701.879257202148 646.159194946289 646.71439743042 620.795190393925 615.665315628052 568.970100402832 589.824667453766 635.309720993042 741.92960357666 594.770355224609 596.086650848389 656.286983907223 695.998331069946 685.976117134094 568.267181396484 504.408752441406 497.773574829102 584.704223632812 561.62283706665 641.314418792725 670.437744140625 654.151525497437 576.921913146973 640.544322967529 452.448699951172 524.790382385254 660.477386474609 672.86595916748 448.102966308594
504.133659362793 368.831451416016 597.393080711365 454.803619384766 421.712158203125 454.51969909668 530.522521972656 516.465267181396 474.70475769043 411.938751220703 378.196243286133 591.905073165894 636.609130859375 738.778106689453 773.19596862793 568.886679649353 542.457800865173 706.096237182617 615.182426452637 677.233436584473 584.636751651764 688.130958557129 554.071069717407 749.651672363281 755.269607543945 533.660545349121 509.266204833984 525.954391479492 704.116691589355 568.643135070801 536.232688903809 644.249069213867 755.550308227539 663.677856445312 727.413619995117 658.413723945618 671.999855041504 741.557014465332 585.577266693115 548.261108398438 713.306774139404 798.741806030273 693.939609527588 686.806838035583 638.656608581543 650.446734666824 589.535068511963 566.832042694092 574.025508880615 691.282651901245
515.055110931396 438.896301269531 352.084609985352 463.808715820312 374.422409057617 328.865112304688 507.652713775635 480.127487182617 533.358493804932 481.34188079834 487.739463806152 672.293098449707 697.604026794434 696.454551696777 659.647415161133 743.13249206543 501.797428131104 434.018844604492 598.632726669312 626.327392578125 621.846397399902 603.997077941895 576.92209815979 762.077438354492 851.781600952148 489.329971313477 521.43822479248 511.170402526855 626.799446105957 568.190284729004 803.475738525391 576.62767791748 778.916435241699 767.240180969238 797.834106445312 609.615243911743 621.060086250305 744.964141845703 654.521827697754 716.547119140625 629.441617012024 677.328620910645 826.146743774414 825.318905591965 735.421245574951 566.878852844238 725.218643188477 605.024929046631 580.120826721191 748.000373840332
483.895446777344 420.437637329102 422.753433227539 585.317371368408 415.267211914062 383.585830688477 398.285095214844 253.429779052734 385.776062011719 549.022092819214 401.781005859375 666.928176879883 755.178314208984 720.786193847656 760.563949584961 530.808132171631 481.785919189453 540.103630304337 458.29044342041 598.767816543579 555.236618995667 645.754981994629 622.717655181885 653.698539733887 524.743682861328 629.520939350128 669.442501068115 589.431650400162 710.462493896484 741.036865234375 591.425251483917 648.644096374512 569.22020816803 650.233635902405 702.373985290527 756.170127868652 504.95858001709 447.106002807617 677.246635437012 518.459594726562 539.612022399902 794.509353637695 657.653133392334 768.761539459229 808.568580627441 607.12134552002 676.173984527588 781.252380371094 654.37878036499 689.345848083496
540.019120693207 505.541210174561 431.314796447754 454.565307617188 466.326850891113 477.597602844238 517.21378326416 445.470375061035 434.291198730469 423.096664428711 475.46654510498 532.457977294922 601.06090927124 663.320098876953 789.745834350586 573.40602684021 556.68998336792 566.256934165955 604.527854919434 565.128963947296 623.659019470215 624.079524993896 571.07545375824 599.150001525879 668.970100402832 706.531490325928 589.752103805542 578.971212387085 536.164497375488 573.615352630615 589.021384239197 737.327438354492 720.590515136719 621.437210083008 643.064018249512 627.646216392517 595.11741065979 595.453918457031 616.049395084381 545.605293273926 690.983341217041 661.641216278076 732.052429199219 594.991291046143 595.091633319855 715.669723510742 658.065006256104 747.305603027344 672.232879638672 558.008975982666
513.978828430176 577.642334461212 680.97087097168 657.647529602051 504.877822875977 581.491884231567 590.126909255981 629.853584289551 686.983955383301 650.851203918457 618.146991729736 603.555978775024 617.753841400146 619.992338180542 662.372451782227 593.181715011597 576.861869812012 563.079425811768 561.567136764526 500.50394821167 490.584426879883 643.910697937012 608.3244972229 610.968711853027 606.056516647339 688.792518615723 671.994724273682 628.168162345886 493.532974243164 519.131439208984 567.672442436218 681.852111816406 669.045230865479 591.71054649353 581.284118652344 589.894487380981 548.218944549561 490.326812744141 557.839790344238 530.34130859375 561.52027130127 726.147789001465 669.202730178833 658.374984741211 611.747619628906 554.682006835938 706.61402130127 661.766952514648 660.799083709717 483.834716796875
577.348587036133 597.420139312744 598.118106842041 445.228935241699 475.102020263672 516.409378051758 554.868363618851 547.267482250929 554.732652187347 609.386817932129 576.670251846313 560.393285751343 515.191593170166 591.567384719849 650.616470336914 560.582914352417 472.582099914551 597.776233673096 657.635292053223 514.199062347412 494.567581176758 486.749298095703 734.643310546875 656.839881896973 536.047004699707 703.861488342285 765.007202148438 609.966464996338 580.941198348999 522.039611816406 442.725143432617 610.14123916626 545.082763671875 566.832939147949 576.534944534302 632.746223449707 640.444942474365 557.033176422119 598.565296173096 611.245406150818 607.701812744141 820.81787109375 711.458534240723 692.664512634277 581.294006347656 679.631175994873 601.795093536377 634.958683013916 552.653984069824 565.825645446777
