simdem/realisation87.asc
NCOLS 350 
NROWS 171 
XLLCORNER 152620 
YLLCORNER 418050 
CELLSIZE 100 
NODATA_value -9999 
[rows 88 to 109 of 171, columns 200 to 249 of 350]
654.59245300293 682.23365020752 712.894008636475 701.547479629517 655.598350048065 673.622943878174 565.103271484375 782.010375976562 646.791023254395 731.322746276855 640.713092803955 770.209732055664 667.135523796082 625.401336669922 582.546974182129 702.554832458496 750.506622314453 742.259674072266 650.039291381836 622.798023223877 560.072456359863 747.461944580078 638.015658378601 879.53840637207 679.06268787384 586.059303283691 769.044532775879 780.449020385742 675.183566093445 839.889602661133 726.695640563965 624.762559175491 816.627334594727 641.430387496948 755.636917114258 639.03001499176 534.069404602051 656.869850158691 714.17297744751 689.282096862793 705.68235206604 763.034721374512 782.670036315918 711.651260375977 679.338935852051 656.574508666992 776.737895965576 886.123085021973 886.360357284546 970.832214355469
481.808303833008 645.430614471436 609.478233337402 675.655669331551 674.656543076038 706.312805175781 637.247468948364 550.507041931152 660.782978057861 614.472990036011 505.555725097656 647.064798355103 738.296661376953 713.881225585938 673.357997894287 672.41251373291 665.014638900757 659.931389868259 662.020900726318 767.943382263184 402.953323364258 546.424468994141 676.160457491875 649.387126922607 719.448902130127 615.646297454834 743.65943145752 747.348342895508 623.266826629639 843.399063110352 673.607608795166 705.859230041504 708.387989044189 672.767986297607 456.730697631836 462.859161376953 590.91032409668 508.537117004395 625.23299407959 660.30689239502 635.646697998047 749.151720046997 779.193302154541 844.539665222168 789.318620681763 663.610586643219 692.491798400879 937.411500930786 1032.0135383606 851.33235168457
551.794548034668 966.324737548828 514.91015625 624.213531494141 639.868194580078 706.516067504883 556.030738830566 561.686836242676 567.815208435059 611.812923431396 615.813716888428 522.105560302734 540.619583129883 638.295834541321 703.197891235352 656.781284332275 672.493633270264 738.36865234375 714.584632873535 705.414649963379 534.513809204102 582.191116333008 645.60129737854 643.520314216614 652.836375236511 752.756767272949 756.525619506836 668.065460205078 725.298194885254 701.918031692505 876.23893737793 724.872344970703 741.378646850586 656.560989379883 655.023139953613 700.814903259277 553.863792419434 706.332191467285 666.77091217041 549.01887512207 635.743064880371 869.615226745605 806.945949554443 809.192249298096 816.867851257324 617.482795715332 632.707099914551 838.810493469238 918.154977798462 792.86893081665
451.082763671875 526.632839202881 558.961334228516 629.260675430298 567.25870513916 691.924127578735 531.819442749023 547.522155761719 658.324989318848 594.284664154053 705.180969238281 693.486026763916 611.535211086273 616.931938171387 652.871208190918 538.77995300293 558.38020324707 752.105606079102 660.389280319214 665.638613700867 642.767588376999 709.521312713623 602.121368408203 704.634511947632 715.636589050293 779.635940551758 670.159099578857 662.306806385517 689.178665161133 665.392423152924 695.511585235596 846.600509643555 684.814399719238 703.93424987793 663.822163581848 664.530691146851 732.067054748535 700.206287384033 609.316497802734 587.174728393555 642.498611450195 638.829902648926 793.622554779053 682.461715698242 710.496950149536 621.500198364258 681.267323493958 820.102424621582 975.429569244385 908.603420257568
662.457901000977 529.617485046387 561.82251739502 663.258674621582 602.397972106934 723.82096862793 728.249984741211 571.144149780273 605.850770950317 674.084949493408 713.750675201416 727.419494628906 676.438095092773 638.906051635742 759.504699707031 616.33659362793 595.07735824585 757.238342285156 742.942680358887 637.640254497528 685.112117767334 648.543594360352 743.840003967285 811.812294006348 766.915023803711 709.979921340942 593.773559570312 574.999328613281 553.176223754883 512.504913330078 645.707416534424 877.878265380859 734.890464782715 710.648719787598 674.870116233826 631.889640808105 705.075466156006 704.954811096191 495.985809326172 580.759543418884 601.412971496582 624.985893249512 702.557990074158 659.639724731445 606.417263031006 739.188629150391 713.434928894043 842.532981872559 822.302118301392 920.468544006348
625.056801795959 605.604476928711 716.572969436646 625.538468360901 490.294166564941 972.160057067871 520.080520629883 523.427864074707 602.435848236084 575.29866027832 634.976793766022 645.379911422729 649.893810272217 635.978370666504 725.183250427246 594.154640197754 598.914703369141 644.244199752808 685.821746826172 652.004371643066 540.340621948242 484.441856384277 708.599627494812 763.390632629395 843.712554931641 577.023315429688 794.716003417969 606.566230773926 558.723411560059 482.357025146484 604.502479553223 723.378116607666 748.397001862526 803.860160827637 920.464828491211 781.88524055481 828.777114868164 860.800201416016 674.640541911125 722.15841293335 664.073910236359 573.386070251465 534.511901855469 501.752563476562 680.609931945801 799.216972351074 510.853820800781 911.891250610352 986.804611206055 813.087026119232
705.580902099609 717.068041801453 672.081985473633 648.068771362305 483.510223388672 775.358222961426 844.533679962158 618.689707756042 563.146057128906 636.41289627552 502.170768737793 543.553077697754 661.578884124756 588.932903289795 777.951126098633 632.728417396545 755.961578369141 734.272834777832 651.834486246109 514.096008300781 643.703941345215 540.951629638672 520.204010009766 802.891195774078 754.229940414429 732.679828643799 613.42456817627 648.802316665649 722.020881652832 617.658576965332 571.719055175781 741.172786712646 675.103073120117 622.52702331543 856.155090332031 825.084070205688 675.770961761475 515.308792114258 671.219257354736 702.349658966064 685.271503448486 633.34513092041 548.677139282227 582.31901550293 627.712860107422 782.272071838379 663.201522827148 729.467483520508 878.010299682617 818.944818496704
605.087879180908 667.591720581055 764.633270263672 758.912372589111 689.918171882629 597.654209136963 555.958938598633 704.195985794067 668.453756809235 641.914183139801 621.205987930298 679.260396957397 551.080497741699 700.840370178223 714.010246276855 748.083518981934 672.993293762207 835.086990356445 663.526628494263 462.257369995117 694.804644584656 754.951271057129 852.084106445312 591.534760981798 808.496948242188 625.954711914062 758.140350341797 785.222152709961 572.195922851562 640.769847869873 619.601467132568 781.70433807373 598.639053344727 735.770626068115 825.369812011719 701.268707275391 776.258472442627 628.059440612793 757.802215576172 735.662982940674 792.098007202148 599.188995361328 538.623901367188 539.793411254883 752.047191619873 992.568084716797 760.945861816406 707.336791992188 836.109321594238 738.812469482422
671.53964805603 573.262908935547 772.359561920166 738.218851327896 785.880283355713 697.802915930748 568.513816833496 473.208480834961 752.386199951172 598.514987945557 667.600122451782 776.363975524902 653.882244110107 646.569499969482 726.681457519531 776.623626708984 666.371837615967 620.92486333847 625.05760383606 398.455551147461 561.567832946777 684.908029556274 743.802947998047 722.493453979492 685.906234741211 662.267276763916 731.548049926758 672.843101739883 552.352615356445 532.029861450195 617.599128723145 573.910842895508 521.85285949707 666.153972625732 714.805302619934 828.524120330811 720.342063903809 540.474639892578 813.924034118652 831.874298095703 768.291786193848 633.296485900879 700.747552871704 620.21891784668 785.777416229248 761.215858459473 713.436832904816 680.725463867188 721.805439472198 626.583122253418
319.664367675781 577.097923278809 714.839530944824 847.606468200684 830.863170623779 565.111053466797 635.876098632812 946.425525665283 542.910377502441 703.67268371582 604.587108612061 740.587280273438 839.224487304688 747.956809997559 765.05126953125 680.297508239746 762.95085144043 585.018703460693 738.739334106445 792.404777526855 612.982204437256 630.668594360352 437.910003662109 624.80717086792 598.848899841309 718.541719913483 666.700973510742 676.667488098145 527.329086303711 511.286949157715 703.741432189941 742.862510681152 601.301849365234 633.007125854492 675.27303314209 578.933479309082 589.186508178711 648.580883026123 725.910596847534 812.163589477539 802.941371917725 628.309524536133 707.359907150269 794.36457824707 881.404495239258 768.221180915833 749.930509567261 786.831714630127 958.92635679245 636.358589172363
640.022438049316 468.547050476074 636.577758789062 906.307281494141 839.557830810547 701.064361572266 647.068536758423 760.917045593262 628.838495254517 530.833984375 718.404567718506 683.876281738281 756.576278686523 839.281799316406 837.922225952148 662.069755554199 637.906287908554 717.121696472168 848.313262939453 666.089862823486 595.44913482666 567.222518920898 498.673767089844 616.990756988525 744.544258117676 705.088836669922 727.778095245361 619.911056518555 817.087532043457 680.386626243591 719.098659515381 756.241149902344 727.35425567627 628.805215835571 531.211410522461 470.034652709961 475.730484008789 626.554088592529 686.393281459808 757.676025390625 626.406879425049 731.370231628418 613.531578063965 742.584075927734 694.766548156738 927.512466430664 844.922248840332 910.786331176758 810.393295288086 790.169523715973
781.043281555176 517.52173614502 787.929431915283 826.676147460938 805.618667602539 809.702779769897 716.742414474487 809.134674072266 681.584411621094 632.045700073242 592.195732116699 611.593549966812 691.826316833496 749.274276733398 730.27853012085 654.271988391876 703.123886108398 703.136451721191 741.613212585449 655.777025222778 664.326375007629 727.377662658691 622.092853546143 581.305473327637 661.699497699738 749.259672641754 948.367698669434 905.964552879333 737.936340332031 593.55744934082 562.977111816406 692.621226072311 660.582246780396 463.068237304688 476.974533081055 487.393035888672 591.726272583008 657.239614486694 654.824802398682 658.161521911621 612.140502929688 824.224479675293 679.399158477783 665.715340614319 713.889877319336 627.489807128906 794.550123214722 1169.73316192627 1088.79648590088 1061.2280960083
733.540138244629 698.944366455078 600.463438034058 831.475189208984 808.888214111328 816.788642883301 748.743688583374 836.156410217285 757.32544708252 665.272827148438 767.229385375977 747.096565246582 622.317974090576 635.119750976562 719.851857185364 780.015838623047 472.243209838867 512.663223266602 687.032909393311 652.964071273804 656.700839519501 719.389335632324 619.013404846191 842.484771728516 597.709442138672 532.494445800781 1090.09003067017 809.606014370918 944.037139892578 1180.09693908691 1262.90529632568 637.380569458008 655.238300323486 462.827041625977 545.471099853516 664.699584960938 952.743762969971 730.532566070557 674.651374816895 749.563743591309 827.800048828125 739.438579559326 819.704391479492 632.131317138672 844.409408569336 1015.9113547802 1103.24971961975 825.519187927246 1008.48396682739 758.246875762939
794.672229766846 681.546409606934 602.302101135254 747.950693130493 840.793304443359 738.378131866455 807.367715835571 830.238315582275 956.438842773438 1012.1794090271 605.81908416748 581.466903686523 739.095504760742 813.380111694336 818.471336364746 763.717628479004 573.462760925293 588.679336547852 735.06812286377 506.917694091797 613.260471343994 712.488574981689 571.842594146729 663.79615020752 479.485816955566 861.835624694824 633.438949584961 657.527156829834 755.460319519043 625.424652099609 415.246734619141 575.407508850098 590.812576293945 1040.75637817383 811.455932617188 775.145538330078 1234.11399650574 1225.51428222656 754.819150447845 1031.65878295898 1042.75534820557 674.721009731293 730.890028476715 613.354965209961 624.02067565918 750.617126464844 779.886856079102 997.303283691406 1523.33827972412 719.478700637817
771.990894317627 741.698852539062 653.946674346924 693.105625152588 792.186580657959 722.436124801636 800.242294311523 856.081024169922 909.483375549316 834.923599243164 974.486267089844 634.620759963989 684.090538740158 737.19185256958 706.908789634705 577.11890411377 731.303932189941 660.369624137878 692.055530548096 682.63366317749 608.231533050537 602.324195861816 667.196481227875 472.898712158203 651.319999694824 638.235112190247 485.052780151367 619.642524719238 585.421867370605 519.575271606445 600.763343811035 473.447616577148 474.22737121582 552.715553283691 664.676490783691 671.003385543823 661.057056665421 1080.91335964203 669.811235427856 707.466948509216 620.54923248291 671.806421279907 1050.56369018555 503.993560791016 1078.02516174316 757.617095947266 738.240042686462 971.866104125977 946.098438262939 744.316457748413
741.344051361084 869.625049591064 688.40746307373 666.732575893402 710.841812133789 703.784210205078 644.007217407227 735.977249145508 940.260696411133 849.55432510376 780.672356128693 929.709606170654 715.700553894043 714.184371948242 736.161148071289 694.229835510254 686.188587188721 776.174690246582 698.151556968689 708.857315063477 600.731544494629 613.791837692261 562.021628379822 575.777519226074 703.524139404297 656.098655223846 658.620549917221 653.864977836609 600.127544403076 573.608833312988 628.279594421387 605.880157470703 540.282775878906 553.066772460938 682.977340698242 638.498725891113 987.505952835083 966.708915710449 883.382718086243 587.632713317871 669.718360900879 724.779134511948 986.369560241699 591.475601196289 875.211547851562 1042.27147197723 751.034916877747 1182.14148330688 846.120258331299 1363.69108963013
-9999 624.144050598145 657.392974853516 507.509559631348 540.85774230957 800.381328582764 662.440452575684 713.99250793457 855.150211334229 831.02368927002 679.920402526855 997.650886535645 565.759567260742 755.885414123535 630.215058803558 706.250923156738 822.275192260742 632.660737037659 459.208374023438 539.537605285645 575.831581115723 593.498527526855 547.964935302734 927.141464233398 803.831771850586 656.96810118109 621.425678253174 746.996864318848 746.044158935547 698.630409240723 602.734756469727 617.754058837891 602.349906921387 570.205642700195 856.956329345703 665.839784264565 578.181396484375 644.410297393799 558.011535644531 626.436317443848 701.05419921875 751.675724029541 662.158340454102 527.93815612793 724.94953918457 1167.71165847778 681.080757141113 763.498382568359 753.468229293823 970.922288894653
-9999 765.714302062988 690.718660354614 483.506332397461 527.166427612305 694.36141204834 655.107803344727 783.027250289917 893.78173828125 815.990808486938 791.103958912194 756.589458942413 625.510948181152 615.452026367188 684.616527557373 587.132503509521 611.07954788208 709.053726196289 488.178436279297 544.905158996582 583.567665100098 592.309303283691 552.648895263672 543.606239318848 1038.38268327713 546.929359436035 441.374389648438 564.471130371094 631.181105613708 603.434429168701 481.541610717773 541.007423400879 602.226741790771 528.492156982422 1135.26931762695 617.503978729248 595.663040161133 609.393768310547 765.609062194824 662.280002593994 677.127784729004 645.811653137207 624.697830200195 615.069717407227 711.844169616699 731.242183685303 1044.20679092407 817.128837585449 715.313482284546 624.282295227051
-9999 -9999 824.530109405518 636.302715301514 661.091787099838 665.089935302734 645.309471130371 911.946624755859 866.812149047852 898.282821655273 667.781425476074 652.711658477783 731.695014953613 543.292297363281 605.393520355225 547.28563785553 489.734767913818 542.181483745575 584.874145507812 753.356605529785 612.720718383789 529.531356811523 564.645172119141 553.593673706055 689.028267860413 548.083885192871 519.424850463867 659.038540363312 524.578826904297 471.232818603516 441.764709472656 468.653060913086 461.06721496582 503.050445556641 849.067287445068 667.76501083374 642.483367919922 546.305839538574 609.507930755615 562.922309875488 620.283668518066 748.626480102539 675.783470153809 677.765357971191 689.00609588623 691.587921142578 737.546920776367 689.532421112061 823.662368774414 651.448654174805
-9999 -9999 1252.62330627441 959.887273550034 620.998317718506 637.652105331421 572.004211425781 621.895248413086 715.426189422607 628.003997802734 968.602485656738 611.619262695312 615.517444610596 530.881546020508 673.301322937012 536.275985717773 378.070266723633 533.08674621582 568.572175711393 609.400623321533 563.431686401367 571.131595134735 531.119430541992 576.239570617676 411.308853149414 654.521987915039 574.332855224609 521.361831665039 530.666473388672 502.611846923828 488.535003662109 473.744567871094 621.589900970459 568.171821594238 764.316017150879 741.335876464844 719.413286209106 811.318640589714 702.280282974243 668.270797729492 838.043045043945 845.531356811523 683.576187133789 861.198989868164 771.598220825195 913.854192733765 783.015306472778 852.329191207886 899.365905761719 735.529876708984
-9999 -9999 -9999 605.990158081055 647.727220058441 567.664276123047 685.553894042969 807.239852905273 783.10618019104 633.711410522461 599.865634918213 589.668869018555 667.443983078003 598.175010681152 628.45499420166 485.171157836914 438.226165771484 622.252197265625 594.263404846191 483.371139526367 539.176172733307 645.709884643555 653.674293518066 1480.03590393066 553.015197753906 482.891067504883 391.328857421875 460.935012817383 556.310264587402 518.015182495117 748.360107421875 509.331649780273 613.934047698975 526.027236938477 611.988544464111 685.926742553711 546.319648742676 723.309899330139 709.301067352295 637.655418395996 652.945693969727 753.175449371338 525.752029418945 776.850994110107 674.747329711914 921.279403686523 695.351409912109 636.766937255859 659.829437255859 1137.10544204712
-9999 -9999 -9999 670.840202331543 515.824775695801 677.245107650757 653.431549072266 729.47900390625 649.772300720215 951.063720703125 618.755981445312 741.531923294067 765.082344055176 570.799659729004 613.053867340088 625.340992927551 588.329061031342 581.069281578064 777.408248901367 717.135681152344 739.856971740723 643.183269500732 650.931526184082 778.289321899414 523.786087036133 514.829696655273 649.853933334351 542.759162902832 593.30615234375 581.61979675293 700.608470916748 588.139129638672 609.794589996338 579.37198638916 595.462600708008 940.194519042969 584.338363647461 811.247329711914 841.485763549805 790.755187988281 665.92712688446 657.376831054688 596.406188964844 768.162567138672 605.025451660156 1127.35037231445 718.062438964844 976.90510559082 1217.0719833374 1052.14804840088
