simdem/realisation100.asc
NCOLS 350 
NROWS 171 
XLLCORNER 152620 
YLLCORNER 418050 
CELLSIZE 100 
NODATA_value -9999 
[rows 22 to 43 of 171, columns 100 to 149 of 350]
560.419996261597 741.335861206055 771.991027832031 597.651508331299 584.626113891602 440.784637451172 627.219078063965 584.293930053711 677.961345672607 700.319179534912 978.864200592041 607.62463760376 605.758622407913 1013.55257034302 748.065469264984 522.861404418945 640.109985351562 575.324462890625 580.872657775879 666.07056427002 1002.16778564453 863.740043640137 417.088638305664 444.686553955078 576.033720016479 527.693336486816 501.791748046875 595.497039794922 505.908065795898 426.209732055664 585.101425170898 763.571243286133 699.081726074219 708.87264251709 607.186556577682 578.496814727783 557.134704589844 596.581058502197 704.542297363281 732.706748962402 499.231307983398 568.668571472168 590.556581497192 602.278550028801 617.995895385742 605.838106155396 677.136173248291 630.498886108398 577.588027954102 639.564833402634
535.41934967041 695.677093505859 647.266056060791 582.803653717041 520.531402587891 748.563400268555 353.722290039062 633.038909912109 689.978008270264 675.127136230469 1694.43863296509 557.186065673828 686.025382041931 1288.51073455811 755.909881591797 747.658313751221 1026.72729587555 502.707214355469 653.092391967773 422.458633422852 816.831196784973 535.714859008789 1088.00035095215 1013.39782714844 589.443923950195 634.261123657227 492.127395629883 542.056034088135 435.508560180664 373.71028137207 552.439384460449 684.324333190918 582.746305465698 603.869728088379 629.458474159241 639.225014686584 585.42262840271 721.553092956543 735.393989562988 699.842849731445 660.567558288574 636.02924156189 532.012252807617 569.134746551514 415.506271362305 591.42036819458 581.800773620605 517.773834228516 624.671747207642 640.463235855103
627.713264465332 718.939651489258 496.64591217041 499.083602905273 375.488494873047 753.936248779297 540.32625579834 623.941543579102 483.117874145508 637.08539390564 637.001976013184 995.237815856934 836.31014251709 717.444808959961 602.735774993896 668.178565979004 615.698753356934 553.888671875 551.251419067383 753.012321472168 759.656127929688 558.855548858643 482.481475830078 580.406589508057 754.322418212891 658.414100646973 476.100166320801 488.898612976074 497.120185852051 474.094871520996 578.976351261139 630.017044067383 687.469055175781 766.510288238525 668.751167297363 535.429336547852 571.221004486084 594.485572814941 673.211795806885 816.508026123047 646.086543083191 612.028994560242 741.402923583984 684.205406188965 504.300197601318 574.991245269775 546.946437835693 581.181044101715 496.35774230957 557.780097961426
614.231662750244 569.929489135742 639.489395141602 556.852676391602 566.389236450195 593.209991455078 908.835693359375 1144.10192489624 652.947386026382 956.343421936035 1001.15487098694 896.510726928711 953.313301086426 815.876441955566 785.215690612793 1220.05382537842 647.685920715332 571.74723815918 450.195808410645 692.234603881836 1353.0623626709 448.121292114258 564.166519165039 513.746368408203 732.624767303467 603.581352233887 519.852973937988 511.093669891357 477.545776367188 588.138324737549 625.222145080566 578.317622184753 576.876728057861 797.800070762634 702.085954666138 535.937324523926 549.130558013916 658.660022735596 585.357385635376 575.53165435791 557.333915710449 658.484111785889 724.165588378906 536.946311950684 545.90743637085 456.16242980957 494.131980895996 624.621620178223 698.909721374512 568.279262542725
660.363899230957 570.563629150391 836.805738568306 605.874853134155 606.706619262695 460.372207641602 585.482452392578 764.774805232882 1066.42720794678 671.053409576416 611.766387939453 785.123847961426 878.288372039795 621.853866577148 881.542457580566 1182.52493286133 604.343925476074 792.960369110107 720.728057861328 407.739349365234 1016.66932678223 628.678550720215 644.881858825684 585.789021492004 540.087238311768 760.218910217285 478.936668395996 655.216789245605 479.439449310303 666.287612915039 640.453514099121 546.097059249878 580.242504119873 368.528274536133 399.337265014648 573.818374633789 706.034149169922 658.258125305176 534.541229248047 661.190437316895 560.839117050171 681.834808349609 615.216541290283 488.538162231445 414.180618286133 502.488304138184 487.683387756348 566.461116552353 573.321866989136 604.2155418396
558.558268547058 556.384914398193 555.819946289062 336.621612548828 966.278747558594 1178.75657653809 781.19207572937 713.678810119629 662.429180145264 920.697708129883 559.746932983398 716.21212387085 741.550064086914 611.989261627197 654.514270782471 1077.0453414917 1406.33692169189 396.43196105957 519.056991577148 603.682571411133 583.757348060608 527.93586730957 643.570098876953 558.456466674805 657.347457885742 517.883003234863 499.358722686768 528.878267288208 470.04638671875 616.723056793213 594.287525177002 562.66349029541 558.850502967834 410.797912597656 452.636909484863 616.437591552734 750.644470214844 665.197364807129 636.975883483887 706.839950561523 638.965797424316 584.120968818665 585.98755645752 505.71569442749 506.837875366211 507.992488861084 540.439187049866 588.846067428589 557.462985694408 534.981132507324
513.022006988525 960.988059997559 576.265091896057 570.664894104004 481.21745300293 627.168724060059 563.424619674683 559.930196762085 811.458901882172 611.054843902588 692.522964477539 655.424907684326 582.008053779602 730.976146697998 959.136810779572 538.733337402344 537.803398132324 879.094085693359 948.649444580078 519.482490539551 596.244823455811 513.56664276123 514.440967559814 556.412014007568 575.645854949951 576.239147186279 516.800670623779 462.029418945312 470.298645019531 552.814567565918 533.428996086121 524.130928039551 572.652899116278 445.963912963867 594.397396087646 630.931011199951 637.604377746582 541.309875488281 609.048675537109 638.468578338623 569.011649131775 617.130153656006 486.639930725098 587.475288391113 472.635902404785 540.259784698486 578.648027420044 640.445991516113 569.712207794189 508.578468322754
341.299407958984 432.565055847168 511.352741241455 434.461318969727 456.014770507812 393.250442504883 717.594635009766 586.287590026855 766.207939147949 519.198219299316 892.077476501465 686.795818328857 875.519737243652 1034.88249588013 872.536008834839 482.534934997559 398.654815673828 466.99967956543 434.166275024414 350.275131225586 447.591865539551 613.825336456299 505.055568695068 565.009922027588 542.02073764801 646.780908584595 583.825550079346 537.689529418945 551.83186340332 534.143425941467 493.830619812012 489.492431640625 501.676658630371 527.758363246918 484.693096160889 635.623924255371 643.535430908203 528.060097694397 569.406917572021 503.435516357422 427.190505981445 566.172514438629 570.614513397217 619.34383392334 554.699741363525 706.133712768555 518.231494903564 627.967353820801 579.69762802124 556.235405921936
768.211082458496 388.247367858887 418.698509216309 652.991958618164 670.06859588623 512.429077148438 650.056694030762 526.179145812988 526.043983459473 762.091171264648 685.674640655518 436.263031005859 588.672454833984 724.228317260742 560.159767150879 1011.90232658386 518.575126647949 564.423767089844 482.296478271484 518.329137802124 613.808429718018 555.697826385498 601.502150416374 479.043350219727 497.990417480469 1607.45310211182 390.352813720703 547.565671920776 575.133758544922 411.023872375488 494.893932342529 572.38013458252 461.55793762207 358.125305175781 385.62873840332 596.111492156982 487.246238708496 648.85559463501 506.058959960938 483.953914642334 516.956611633301 501.302829742432 564.367033004761 451.864685058594 621.265838623047 576.326942443848 535.906935691833 674.797927856445 604.785617828369 459.391326904297
385.435943603516 490.69261932373 541.902654647827 491.407974243164 1287.11103272438 561.1021900177 596.237267494202 468.998279571533 587.216598510742 508.280044555664 568.415782928467 802.298137664795 668.205696105957 470.979049682617 633.700275421143 729.097667694092 720.556632995605 508.983840942383 557.767397880554 546.716102600098 646.556091308594 586.046199798584 541.259084701538 387.713745117188 299.472320556641 459.513687133789 485.531444549561 462.179447174072 506.130486011505 541.798435211182 603.827568054199 519.270793914795 361.382736206055 304.327026367188 371.773681640625 328.354095458984 305.084899902344 400.019256591797 534.452049732208 625.221946716309 550.848358154297 566.659858703613 568.736499786377 693.43196105957 569.431673049927 506.229532241821 656.404281616211 573.613021850586 601.335643768311 562.468053817749
435.690505981445 431.227104187012 608.771896362305 587.822814941406 538.336051940918 650.660049438477 691.874618530273 1022.35166168213 1066.24708557129 546.277095794678 622.860832214355 741.887634277344 725.035125732422 439.764106750488 698.065742492676 584.810703277588 405.703392028809 430.965751647949 665.598373413086 619.963264465332 774.440765380859 594.6247215271 423.075912475586 370.511962890625 354.887603759766 612.472732543945 499.361081123352 499.637355804443 468.484777450562 563.43550491333 580.520988464355 588.945434570312 520.111814498901 284.630126953125 433.062194824219 465.97652053833 488.085788726807 443.547332763672 405.24340057373 506.393923997879 551.720272064209 730.57014465332 634.409790039062 529.52214050293 429.391548156738 504.170660018921 572.10860824585 584.051712036133 459.387901306152 595.474662780762
528.919778823853 555.872478485107 661.88264465332 494.334969878197 597.689521789551 526.853393554688 558.317085266113 611.537353515625 536.454727172852 666.510902404785 803.135192871094 441.658843994141 630.05135345459 865.302127838135 588.167816162109 555.940357208252 570.635181427002 494.890663146973 412.299354553223 516.458214759827 598.706237792969 561.274124145508 526.906252861023 470.136112213135 538.706832885742 471.486030101776 578.975196838379 426.35245513916 507.591897010803 434.93879699707 521.125583648682 599.041717529297 565.351501464844 578.460472106934 552.447156906128 491.386974334717 498.578882217407 512.956619262695 577.794544219971 528.390356063843 567.671989440918 588.543769836426 509.515919685364 514.052293393761 564.038299560547 508.98476600647 522.593849182129 671.095672607422 550.58028459549 507.20682144165
650.92561340332 624.823028564453 626.506744384766 455.145362854004 481.837837219238 584.812622070312 477.250392436981 397.09156036377 512.080222129822 490.261940002441 575.481983184814 509.30802154541 554.681846618652 435.645057678223 473.86434173584 536.156967163086 514.274899482727 479.333381652832 324.336837768555 493.605154037476 681.699630737305 548.346813201904 490.368396759033 453.083713531494 704.903884887695 531.392208099365 406.722122192383 481.598209381104 482.93859577179 527.257888793945 599.297538757324 421.794776916504 523.497570037842 464.011434555054 558.157886505127 598.44514465332 438.487648010254 483.060585021973 470.826694488525 596.951919555664 374.580513000488 585.002227783203 477.409780502319 576.487216949463 520.492061138153 487.016002655029 555.788343429565 623.759925842285 563.491087436676 625.324680328369
578.655601501465 698.768096923828 527.258178710938 569.938583374023 523.539325714111 284.708511352539 405.663444519043 518.118398666382 553.393062591553 481.078903198242 502.287757873535 491.231575012207 600.420791625977 578.770004272461 489.633436203003 591.876983642578 457.92910194397 529.248945236206 482.773822069168 454.352973937988 542.21314239502 470.380342483521 349.235580444336 498.182636409998 566.927436828613 511.902879714966 492.402923583984 532.620574951172 618.165802001953 676.072937011719 629.246322631836 475.885396718979 353.790878295898 606.170799255371 498.646814346313 441.942302703857 645.767883300781 578.054000854492 596.407585144043 589.397018432617 491.076875686646 577.976768493652 506.70258140564 533.696732521057 563.323890686035 569.056930541992 663.006118774414 577.713846206665 525.075706481934 738.339218139648
558.339462280273 603.582641601562 518.795753479004 427.520076751709 454.412796020508 392.811836242676 499.020593643188 531.756450653076 499.744052886963 530.481323242188 499.205617904663 521.570333480835 556.697525024414 554.578071594238 436.123859405518 527.188495635986 482.888164520264 395.183410644531 385.030838012695 440.842529296875 472.507015228271 434.897609710693 452.214332580566 497.756748199463 474.241786658764 467.997045993805 362.160827636719 429.257032394409 445.927005767822 468.975642204285 468.491125106812 472.510564088821 525.905464172363 450.943256378174 444.718425750732 398.292610168457 563.652389526367 473.854871749878 567.982421875 484.495914459229 430.580558776855 427.989326477051 359.943756103516 590.520469665527 500.553669929504 599.527633666992 683.071975708008 444.590744018555 501.072532653809 594.28666305542
475.153325557709 347.875694274902 305.832458496094 499.100353240967 418.225509643555 450.28784942627 589.523307800293 546.42805480957 553.74747467041 424.258987426758 541.678009033203 512.480734348297 502.316741943359 476.59218454361 532.487911224365 531.01558303833 638.400909423828 440.251259803772 375.870056152344 357.831352233887 416.627542495728 436.340881347656 421.823148727417 466.913367271423 474.030916213989 447.349589347839 523.404621124268 434.836055755615 550.282341003418 555.479774475098 434.184001922607 469.01257610321 419.851348876953 486.252897262573 559.078506469727 470.49405670166 430.330303192139 495.516801834106 507.513187408447 483.427869796753 594.13207244873 365.318313598633 328.997695922852 481.476818084717 485.431415557861 636.214958190918 535.010584831238 510.013454437256 434.513214111328 554.83553314209
381.559349060059 516.492256164551 480.271545410156 462.091264724731 472.766028404236 451.018196105957 504.06259727478 538.945648193359 628.759048461914 371.858665466309 562.532707214355 622.715713500977 486.444408416748 394.814361572266 543.459251403809 610.40446472168 442.898648023605 428.00779914856 347.943359375 308.067352294922 386.326454162598 459.280888557434 461.841310501099 502.364059448242 478.475891113281 520.799411773682 541.632438659668 624.954284667969 539.347785949707 572.46923828125 507.182624816895 479.620855808258 480.159214556217 502.00687789917 527.663791656494 516.0439453125 472.774211883545 573.567817687988 614.671813964844 377.269546508789 312.117462158203 457.15470123291 568.066501617432 481.91817855835 515.61340379715 463.610256195068 504.691875457764 527.064577102661 529.687620162964 495.420211791992
406.70189666748 429.091144561768 612.531616210938 527.11385345459 471.571335792542 464.403694152832 371.052856445312 435.021152496338 414.743606567383 395.710609436035 377.589683532715 472.283829689026 393.070343017578 347.87873840332 455.878664016724 513.452865600586 455.628333091736 399.635234832764 399.563243865967 474.989198446274 431.592252731323 412.167915344238 506.179534912109 681.1416015625 434.400506973267 492.547027587891 522.55347442627 580.854553222656 580.232765197754 597.847076416016 576.163131713867 570.845344543457 417.647647857666 554.408164978027 495.765235900879 465.026005744934 535.09886932373 500.699313163757 479.402339935303 510.305358886719 312.007522583008 274.686737060547 452.517906188965 441.880081176758 496.445261001587 507.278800964355 578.747531890869 565.378982543945 488.115673065186 635.107448577881
561.357238769531 423.028066635132 534.999031066895 500.184597015381 559.216323852539 506.97829246521 416.18864440918 510.103523254395 516.643928527832 538.802192687988 479.067034721375 533.158000946045 556.106582641602 346.233276367188 358.595893859863 433.486646652222 491.484312534332 486.895219802856 611.753112792969 477.875900268555 490.813516616821 514.180250167847 457.843091964722 535.921913146973 496.111326217651 428.247455596924 469.304024219513 556.33812713623 444.936780929565 500.760822296143 536.562561035156 653.40559387207 518.756908416748 549.64527130127 462.912264823914 471.220207214355 579.135459899902 455.611763000488 477.84045791626 375.272956848145 471.89154624939 488.832378387451 474.267599105835 485.002208709717 464.533157348633 469.747863769531 455.111251831055 569.539184570312 486.776023864746 594.026786804199
510.995056152344 534.02108001709 320.211097717285 415.911945819855 509.224109649658 500.327272415161 505.814212799072 621.68473815918 528.798294067383 451.099752426147 479.152889251709 511.891540527344 405.904174804688 456.066741943359 311.144393920898 386.203483581543 470.031051635742 560.947975158691 654.917510986328 502.028963088989 537.40803527832 433.423742294312 423.98376083374 409.07071685791 451.300064086914 452.820767521858 376.008438110352 431.169921875 363.92325592041 489.797954559326 544.35164642334 536.023490905762 601.305702209473 585.253211975098 488.705425262451 461.341743469238 503.625160217285 496.661431312561 461.748886108398 537.628347873688 409.950569152832 399.835205078125 434.575042724609 486.855676651001 595.066543579102 591.429126739502 513.182521820068 614.244979858398 555.991546630859 557.442322731018
518.792167663574 435.511317491531 361.107139587402 444.996494293213 579.299980163574 640.076843261719 565.956733703613 455.575413107872 416.070766448975 480.923385620117 543.904136657715 516.504730224609 434.924934387207 435.592531204224 384.57209777832 334.771911621094 351.513534545898 389.83211517334 496.791038513184 416.554512023926 482.969834089279 323.871856689453 461.50475692749 358.589950561523 460.496655464172 546.366973876953 484.520139694214 371.891807556152 506.428192138672 498.523374557495 431.413101196289 508.110992431641 537.965919494629 500.403162002563 433.160015106201 483.336692810059 596.967170715332 534.546897888184 489.981201171875 548.24845123291 482.850162506104 485.383648872375 460.71710395813 535.017245769501 573.1330909729 496.815106391907 535.480030059814 475.851383209229 482.568290710449 483.26346206665
525.707710266113 470.639276504517 378.568382263184 501.883186340332 560.912315368652 560.562767028809 563.381172180176 507.385402679443 458.396088600159 499.621688842773 460.707300186157 369.388496398926 447.643340110779 391.451103210449 344.043960571289 459.573030471802 459.085315704346 480.487812042236 388.650291442871 562.550216674805 552.253089904785 396.623054504395 512.507015228271 576.180213928223 556.880485534668 594.419723510742 501.468766212463 625.331726074219 505.698226928711 413.976211547852 488.655547618866 453.111011505127 489.471055984497 420.360221862793 563.415054321289 522.730918884277 447.523384094238 485.745411872864 322.94221496582 507.067713499069 515.810912489891 427.215461730957 554.850898742676 441.562511444092 589.542091369629 663.5693359375 542.646556854248 401.826370239258 555.87606048584 543.419273376465
