simdem/realisation23.asc
NCOLS 350 
NROWS 171 
XLLCORNER 152620 
YLLCORNER 418050 
CELLSIZE 100 
NODATA_value -9999 
[rows 0 to 21 of 171, columns 100 to 149 of 350]
-9999 -9999 -9999 -9999 -9999 -9999 -9999 -9999 -9999 -9999 -9999 -9999 -9999 -9999 -9999 -9999 -9999 -9999 -9999 -9999 -9999 -9999 -9999 -9999 -9999 -9999 -9999 -9999 -9999 -9999 -9999 -9999 -9999 -9999 -9999 -9999 -9999 -9999 -9999 -9999 -9999 -9999 -9999 -9999 -9999 -9999 765.030780792236 816.380638122559 641.972412109375 581.472099304199
-9999 -9999 -9999 -9999 -9999 -9999 -9999 -9999 -9999 -9999 -9999 -9999 -9999 -9999 -9999 -9999 -9999 -9999 -9999 -9999 -9999 -9999 -9999 -9999 -9999 -9999 -9999 -9999 -9999 -9999 -9999 -9999 -9999 -9999 -9999 -9999 -9999 -9999 -9999 -9999 760.645984649658 731.021308898926 755.743843078613 788.395439147949 688.310157775879 777.08793258667 730.163228034973 631.724374771118 531.045421600342 385.511154174805
-9999 -9999 -9999 -9999 -9999 -9999 -9999 -9999 -9999 -9999 -9999 -9999 -9999 -9999 -9999 -9999 -9999 -9999 -9999 -9999 -9999 -9999 -9999 -9999 -9999 -9999 -9999 -9999 -9999 -9999 -9999 -9999 -9999 -9999 -9999 -9999 -9999 715.013072967529 807.22985458374 590.191589355469 555.222877502441 764.397397756577 737.458099365234 765.725524902344 601.662828445435 581.097564697266 600.107196807861 591.380851745605 520.694744110107 544.738830566406
-9999 -9999 -9999 -9999 -9999 -9999 -9999 -9999 -9999 -9999 -9999 -9999 -9999 -9999 -9999 -9999 -9999 -9999 -9999 -9999 -9999 -9999 -9999 -9999 -9999 -9999 -9999 -9999 -9999 -9999 -9999 -9999 -9999 -9999 786.306694030762 800.928552627563 614.239624023438 541.559509277344 637.156398773193 684.820671081543 604.129409790039 757.296478271484 677.453433036804 655.937211990356 928.062942504883 716.958839416504 671.978672027588 742.778486728668 775.088691711426 539.270112037659
-9999 -9999 -9999 -9999 -9999 -9999 -9999 -9999 -9999 -9999 -9999 -9999 -9999 -9999 -9999 -9999 -9999 -9999 -9999 -9999 -9999 -9999 -9999 -9999 -9999 -9999 -9999 -9999 -9999 -9999 -9999 -9999 703.742121219635 596.351570129395 552.888229370117 701.396104812622 551.286529541016 566.893249511719 584.493049621582 431.691268920898 481.075408935547 578.302345275879 634.99446105957 672.197805404663 704.420176446438 786.279411315918 703.096347808838 850.763038635254 726.851405620575 858.195297241211
-9999 -9999 -9999 -9999 -9999 -9999 -9999 -9999 -9999 -9999 -9999 -9999 -9999 -9999 -9999 -9999 -9999 -9999 -9999 -9999 -9999 -9999 -9999 -9999 -9999 -9999 -9999 -9999 -9999 -9999 798.48966217041 639.446075439453 607.85595035553 645.559230804443 599.184788227081 768.419593811035 659.967185974121 574.8125 544.667190551758 567.910438537598 615.932769775391 653.288677215576 679.292197465897 701.335243225098 921.487831115723 920.806503295898 872.878059387207 921.920738220215 801.276336669922 783.014995574951
-9999 -9999 -9999 -9999 -9999 -9999 -9999 -9999 -9999 -9999 -9999 -9999 -9999 -9999 -9999 -9999 -9999 -9999 -9999 -9999 -9999 -9999 -9999 -9999 -9999 -9999 -9999 571.496648788452 647.891750335693 646.985977172852 687.20662689209 658.357429504395 701.501113891602 647.106586456299 645.982757568359 560.586093902588 729.75018119812 739.730155944824 608.645164489746 726.951614379883 650.516098022461 746.593162536621 828.128540039062 746.674385070801 753.556831359863 831.863250732422 1060.96601486206 1151.78942108154 1048.21099853516 1043.08951377869
-9999 -9999 -9999 -9999 -9999 -9999 -9999 -9999 -9999 -9999 -9999 -9999 -9999 -9999 -9999 -9999 -9999 -9999 -9999 -9999 -9999 -9999 -9999 -9999 885.340362548828 644.355743408203 701.579360961914 505.43741607666 582.060394763947 602.552799224854 627.192527770996 502.757385253906 595.842319488525 384.571014404297 555.407691955566 583.186742782593 708.336086273193 722.339084625244 704.065723419189 702.881011962891 681.490188598633 760.086303710938 841.030382156372 792.91357421875 937.948806762695 1096.6222076416 1141.80056762695 1235.8002166748 954.465474128723 1172.47972553968
-9999 -9999 -9999 -9999 -9999 -9999 -9999 -9999 -9999 -9999 -9999 -9999 -9999 -9999 -9999 -9999 -9999 -9999 -9999 -9999 -9999 -9999 657.589664459229 725.493012070656 618.666263997555 551.915367126465 550.208045959473 611.130745887756 564.669744491577 490.51921081543 524.700386047363 465.272186279297 565.736380577087 448.36360168457 532.51042175293 564.779203414917 559.760478973389 683.093866348267 712.368797779083 855.980007171631 896.722713470459 611.19116973877 734.289196014404 872.705799102783 743.095882415771 1139.60908508301 767.029933929443 741.548686981201 694.129247665405 617.177926182747
-9999 -9999 -9999 -9999 -9999 -9999 -9999 -9999 -9999 -9999 -9999 -9999 -9999 -9999 -9999 -9999 -9999 -9999 -9999 1128.63955307007 683.266792297363 677.448337554932 701.208068847656 651.49690246582 435.988143920898 398.190185546875 502.402114868164 608.175610542297 521.784755706787 701.995094299316 559.015073776245 528.416839599609 486.202201843262 492.472221374512 511.212509155273 538.804443359375 484.522346496582 528.614082336426 560.004814147949 770.684238433838 621.266471862793 637.030815124512 729.463665008545 698.659091949463 748.942039489746 682.462984085083 823.950500488281 704.626403808594 635.428413391113 725.1174659729
-9999 -9999 -9999 -9999 -9999 -9999 -9999 -9999 -9999 -9999 -9999 -9999 -9999 -9999 -9999 -9999 -9999 1066.17814445496 1105.01204109192 982.513595581055 721.846969604492 653.006727218628 653.636184692383 552.094667434692 582.702239990234 601.255844116211 460.542633056641 592.616409301758 597.125122070312 636.017200469971 672.697507381439 505.190269470215 535.891193389893 614.280120849609 403.482696533203 395.989593505859 580.845811843872 671.536125183105 612.66943359375 738.757625579834 728.151397705078 710.307174682617 972.151611328125 896.412536621094 753.819519042969 761.849075317383 583.502449035645 479.841842651367 671.566097259521 706.749000549316
-9999 -9999 -9999 -9999 -9999 -9999 -9999 -9999 -9999 -9999 -9999 -9999 -9999 -9999 569.587322235107 880.695510864258 773.001834869385 978.075483322144 948.02746963501 995.302974700928 1133.19943237305 688.201221466064 466.876167297363 446.411666870117 558.412986755371 546.327812194824 553.062065124512 598.19660949707 605.07527923584 634.376377105713 665.780277252197 494.952445983887 532.066982269287 550.717130661011 634.66987991333 632.816268920898 626.867248535156 583.316446304321 488.763290405273 717.709739685059 635.379901885986 659.824998855591 619.906322479248 655.497365951538 664.363876461983 677.021371841431 615.206760406494 537.277297973633 775.151977539062 638.366504669189
-9999 -9999 -9999 -9999 -9999 -9999 -9999 -9999 -9999 -9999 -9999 -9999 806.04695892334 734.770529270172 536.161529541016 724.223850727081 639.043825149536 673.046028137207 839.041458129883 897.321075439453 1024.78311538696 565.909984588623 560.230911254883 441.530227661133 621.831367492676 775.559942483902 616.39289855957 612.009010314941 595.054634094238 678.877848386765 418.183197021484 507.760177612305 407.27123260498 524.231143951416 533.737327575684 431.601013183594 689.237197875977 538.825309753418 649.01253080368 631.867206573486 594.717094421387 667.963214874268 730.88801574707 794.229461669922 665.486632347107 586.56778717041 621.22624206543 733.687370300293 712.146938323975 634.629524230957
-9999 -9999 -9999 -9999 -9999 -9999 -9999 -9999 -9999 -9999 785.632931232452 740.659450531006 666.114303588867 805.710647583008 663.716659545898 492.316337585449 572.521717071533 632.186773300171 505.159957885742 492.963584899902 619.851676940918 559.765087127686 568.194938659668 590.78882598877 651.991161346436 727.033193588257 726.122639656067 775.041168689728 710.584846496582 531.250713348389 452.422386169434 519.852759361267 460.074197769165 473.104991912842 546.593864440918 484.585266113281 615.817615509033 568.808471679688 684.925525665283 603.600273728371 687.423768997192 682.771078109741 639.968982696533 595.04899597168 655.543578386307 546.968681335449 683.526889801025 691.191059112549 579.415010452271 647.232158660889
848.876976013184 765.475877761841 664.680015563965 610.610664367676 706.647933959961 470.648612976074 561.180867195129 546.8039727211 650.040840148926 566.418022155762 774.55362701416 653.893173217773 557.101623535156 628.121424742043 688.439647674561 639.148532867432 552.752395629883 486.054748535156 400.044021606445 596.057434797287 551.402667999268 667.17458152771 592.45679473877 556.828857421875 585.430709838867 646.68571472168 804.792221069336 777.240245819092 673.680149555206 681.57177734375 580.852241516113 539.716419219971 499.804443359375 629.16081237793 618.987190246582 667.668769836426 689.911731719971 611.237360954285 534.312370300293 827.38826751709 709.002319335938 632.000679016113 444.999816894531 575.177085876465 490.924209594727 500.933860778809 593.848834991455 638.555637359619 525.310638427734 725.615369796753
791.537178039551 697.889961242676 666.922248840332 504.953620910645 689.352912902832 410.520374298096 348.689834594727 430.961866378784 530.45581817627 482.481954574585 615.60572052002 760.799446105957 583.848567962646 663.30366897583 628.682995796204 636.131469726562 493.980697631836 512.339454650879 583.590721130371 567.054237365723 648.70724105835 699.323218345642 545.657295227051 680.599632263184 581.278205871582 730.582305908203 684.674694061279 580.833427429199 623.281394958496 673.829277038574 503.121619701385 608.973056793213 587.504875183105 475.979209899902 663.983551025391 802.179428100586 772.09481048584 693.582942962646 650.42219543457 632.696586608887 658.485049724579 619.261623382568 350.455703735352 416.411239624023 515.690338134766 1133.75883483887 1049.75067138672 832.220375061035 680.869155883789 558.523537635803
534.992134094238 696.290601730347 717.6252784729 665.408668518066 571.348693847656 354.180854797363 392.833488464355 344.776390075684 479.473087310791 667.693141937256 634.416067123413 383.480812072754 427.743099212646 621.122629165649 433.652709960938 673.51782989502 655.752136230469 695.343002319336 728.240100860596 833.186592102051 532.488159179688 1046.9800491333 500.195411682129 653.513391494751 559.754852294922 703.074272155762 704.712753295898 767.927303314209 524.08748626709 743.066848754883 793.733673095703 673.286359786987 644.056949615479 827.509569168091 673.609523773193 797.775550842285 715.05233001709 645.786407470703 582.315910339355 708.252704620361 799.878067016602 555.556831359863 650.578414916992 782.894691467285 547.754776000977 574.548400878906 585.474494934082 697.885292053223 622.000123023987 577.343597412109
683.396263122559 704.084632873535 624.343862533569 595.554190635681 695.77392578125 638.074478149414 852.590755224228 976.41194152832 592.3596534729 724.713203430176 678.76273727417 435.411151885986 373.426742553711 547.063095092773 633.154823303223 539.628112792969 670.395233154297 715.561973571777 413.417045593262 796.63174200058 673.789390563965 751.696329116821 648.239311218262 653.084766387939 641.263271331787 662.983139038086 714.290893554688 723.416414260864 731.231010437012 565.472763061523 726.032287597656 742.190612792969 575.796321868896 523.128379821777 578.792514801025 1100.98928833008 617.683444976807 511.636726379395 614.453660964966 685.340381622314 1223.0291519165 598.120529174805 472.979141235352 382.372161865234 576.523704528809 703.257366657257 753.555941581726 572.004043579102 414.779525756836 494.886810302734
600.081123352051 738.580764770508 1043.96574783325 527.236167907715 743.19689655304 619.052875518799 782.259002685547 1069.00745010376 513.018531799316 708.7786693573 703.366504669189 585.997802734375 645.080394744873 593.060607910156 428.430473327637 712.120639801025 708.554531097412 703.895522356033 532.284244537354 813.916473388672 618.824432373047 682.747596740723 597.647964477539 686.817014694214 519.299003601074 434.741149902344 525.335303008556 665.197341918945 1168.76647949219 740.686325073242 688.815022945404 749.116466522217 1058.70068359375 968.608383178711 609.295593261719 985.528549194336 933.371765136719 799.799407958984 476.210113525391 634.776021957397 495.777778625488 468.873725891113 493.648773193359 625.701900482178 743.625205993652 653.780136108398 663.348556518555 670.026256561279 520.612045288086 513.294715881348
753.318457603455 799.976715087891 1211.16775894165 598.171348571777 849.012585759163 807.697448730469 1033.55914306641 1294.13732147217 1039.32126617432 608.579193115234 844.615272521973 858.524368286133 797.190216064453 899.699821472168 487.812931060791 1141.20792341232 679.102759361267 611.795379638672 309.488342285156 749.949615478516 701.589141845703 654.692546844482 542.485626220703 550.30037689209 1213.90160369873 1260.09546661377 854.446788787842 596.503593444824 620.585098266602 488.645126342773 399.918395996094 538.170791625977 586.425599098206 469.108108520508 528.506546020508 1119.68357849121 505.302398681641 686.355145454407 740.966354370117 570.172645568848 573.502601623535 609.166652679443 582.658920288086 729.982177734375 638.986042022705 644.993557929993 684.468063354492 544.639583587646 675.188404083252 583.581127166748
754.918959379196 564.025924682617 536.817916870117 621.730229377747 501.758804321289 836.843292236328 797.736679077148 646.473537445068 1037.07968139648 779.360969543457 701.11411190033 1077.46095275879 810.122337341309 994.643739700317 1067.00820922852 1153.86465167999 1137.06820678711 1145.78057098389 588.142105102539 466.298614501953 761.183769226074 334.667083740234 928.192291259766 269.126220703125 532.234924316406 1293.85625839233 664.851142883301 719.581367492676 526.723171234131 480.195831298828 506.529487609863 451.881126403809 555.551128387451 629.432405471802 781.4111328125 757.892059326172 643.503412246704 689.303506851196 681.784446716309 663.599657058716 832.708511352539 775.770156860352 502.498611450195 532.444763183594 682.081024169922 799.284873962402 758.491394042969 677.466907501221 677.711231231689 580.251979827881
471.86043548584 609.009625434875 480.053619384766 585.615146636963 613.934608459473 909.004221916199 527.271408081055 852.805099487305 707.448195457458 737.015405654907 774.104846954346 925.658870697021 592.139083862305 690.833427429199 521.204895019531 2269.79270553589 1275.66764450073 703.023651123047 588.854519844055 838.099502563477 847.509742736816 406.658843994141 406.368896484375 749.834045410156 1050.18243408203 1587.44112586975 1068.25796890259 911.893852233887 722.497314453125 626.741855621338 664.599159240723 599.998629570007 700.131126403809 654.024545669556 771.433303833008 687.683212280273 815.125305175781 679.103225708008 687.903130166233 707.94225692749 675.739058971405 640.097681045532 462.643829345703 464.622924804688 590.093061447144 654.358227789402 612.228351593018 687.735008239746 551.475002288818 612.412101745605
