simdem/realisation53.asc
NCOLS 350 
NROWS 171 
XLLCORNER 152620 
YLLCORNER 418050 
CELLSIZE 100 
NODATA_value -9999 
[rows 110 to 131 of 171, columns 200 to 249 of 350]
-9999 -9999 -9999 911.175338745117 745.210517883301 513.473030090332 547.486572265625 687.142616271973 729.248020172119 1106.82983589172 754.737770080566 765.87540435791 689.876706123352 705.722179412842 760.79467010498 727.133674621582 893.210502624512 518.422897338867 716.609237670898 606.57505607605 539.743934631348 463.427474975586 627.36743927002 560.082088470459 560.173210635781 524.556335449219 674.935064315796 646.493721008301 695.574287414551 756.837959289551 819.970581054688 630.383949279785 496.010528564453 620.078216552734 764.838424682617 637.039600372314 661.563297271729 717.36705493927 532.746036529541 532.557949066162 618.579441070557 523.752471923828 613.266662597656 646.814788818359 1097.62727355957 642.288299560547 883.484039306641 1149.75897979736 801.052375793457 879.04948425293
-9999 -9999 -9999 -9999 999.017547607422 808.072547912598 707.937906265259 806.776866912842 747.151885986328 718.114212036133 555.53670501709 607.699684143066 626.216125488281 714.479555368423 646.588603973389 751.265548706055 724.900115966797 643.256197929382 573.804347991943 595.364700317383 465.555313110352 627.694393157959 1300.19322967529 446.612274169922 536.841606140137 647.464992523193 847.972808837891 682.584049224854 667.523264884949 718.233627319336 621.321123123169 648.88550567627 496.650756835938 519.932037353516 672.121908664703 573.349517822266 778.847913742065 660.388771057129 483.270935058594 609.458114624023 678.169448852539 604.728797912598 597.23063659668 829.695266723633 535.44758605957 653.5966796875 852.736145019531 1015.19366455078 595.712860107422 715.800003051758
-9999 -9999 -9999 -9999 933.560569763184 764.611667633057 763.597206115723 783.7848944664 663.867492675781 682.132548332214 761.132177352905 768.106826782227 688.987458229065 865.605407714844 745.733467102051 739.9794921875 607.45450592041 615.63835144043 572.547134399414 622.955766677856 536.175582885742 689.369125366211 535.943908691406 580.062301635742 627.84557723999 513.164649963379 736.790233612061 766.181198120117 632.436344146729 791.931114196777 523.631126403809 650.661071777344 449.695266723633 590.143096923828 552.594108581543 612.319862365723 643.644744873047 682.119720458984 685.918838500977 735.706653594971 780.182983398438 679.884948730469 675.065259933472 902.904663085938 642.658866882324 815.553749084473 972.688850402832 726.927108764648 640.642578125 498.310455322266
-9999 -9999 -9999 -9999 -9999 946.319541931152 750.281858444214 526.443115234375 572.611801147461 700.601375579834 1321.16187286377 748.95121383667 684.396259307861 850.602828979492 735.766048431396 812.549240112305 560.994041442871 667.192825317383 609.423332214355 516.451904296875 623.055805206299 1033.36643791199 593.600944519043 630.153722763062 545.054084777832 546.833610534668 741.677211761475 662.450138092041 675.05899143219 616.913162231445 604.447272062302 670.363018035889 679.817386627197 563.748321533203 521.565872192383 640.782238006592 638.599925994873 719.087648391724 780.387147903442 811.235145568848 965.664901733398 786.271579742432 737.165969848633 794.805339813232 889.402095794678 678.394821166992 841.769523620605 1254.69205474854 655.142684936523 750.110702514648
-9999 -9999 -9999 -9999 -9999 845.530237197876 682.667984008789 566.646263122559 559.156204223633 745.421240359545 1052.23004150391 780.782989501953 693.636539459229 670.904493331909 633.986373901367 673.08832359314 631.087188720703 583.096641540527 540.35285949707 475.21826171875 1219.95002365112 573.615447998047 583.688491821289 594.91166305542 621.440200686455 578.267929077148 659.736415863037 715.829546928406 730.034761428833 740.560946166515 699.615155696869 659.066139221191 759.536651611328 768.915382385254 721.270610809326 710.29776763916 606.02564239502 567.731948852539 718.379165768623 748.709537506104 758.000884371868 775.894737243652 771.954776763916 742.937753200531 822.809910774231 692.007659912109 797.393325805664 800.760276794434 546.892822265625 608.625411987305
-9999 -9999 -9999 -9999 -9999 1002.86219787598 862.88582611084 591.433197021484 735.98176574707 836.406089782715 865.4410572052 575.083190917969 565.376983642578 492.613250732422 682.12596988678 636.179405212402 668.884269714355 711.526258468628 605.062400817871 1075.67233276367 610.019828796387 542.699005126953 602.946189880371 691.525661468506 799.995071411133 787.844779968262 666.708194732666 816.549415588379 904.538665771484 777.265106201172 654.325450897217 591.19149017334 686.939071655273 763.22550201416 764.337936401367 816.451705932617 659.821080207825 636.948630571365 752.793594360352 731.297739028931 489.690185546875 861.09842979908 746.461071014404 974.796159744263 712.897613525391 770.607265472412 647.634986877441 691.88387298584 709.085914611816 588.774490356445
-9999 -9999 -9999 -9999 -9999 -9999 868.47448348999 996.49333190918 862.354797363281 740.195640563965 755.180685043335 697.414260864258 521.788681030273 672.088989257812 673.672740936279 855.786529541016 725.249598503113 767.628360748291 745.52241897583 577.576759338379 531.363174438477 570.420791625977 690.031471252441 639.031887054443 776.279003143311 641.57194519043 700.959650993347 853.909774780273 848.873840332031 695.555130004883 667.426517486572 659.973922729492 547.314544677734 654.089923858643 690.92427444458 574.218124389648 645.527965545654 524.146179199219 533.38362121582 664.307342529297 671.393074035645 892.273315429688 790.754051208496 860.32593536377 1098.54745483398 956.334190368652 870.313079833984 1118.45879364014 783.457504272461 853.066596984863
-9999 -9999 -9999 -9999 -9999 -9999 868.425716400146 1415.51467132568 1399.11254119873 750.869583129883 758.524642944336 828.744705200195 1094.03103303909 731.99186706543 767.397420883179 840.512107849121 625.558044433594 656.809719085693 1140.50494384766 596.591133117676 648.214012145996 751.503082275391 659.616128921509 719.690940856934 732.674487560987 692.391086578369 666.418647766113 718.050922393799 705.484811782837 654.784427642822 833.199062347412 805.121406555176 644.094039916992 986.943696498871 901.048164367676 936.086168289185 942.495376586914 745.955011367798 673.002756118774 648.012256622314 639.615821838379 647.133666992188 599.839599609375 699.43034362793 603.788909912109 705.087112426758 767.490090370178 880.657238006592 1119.23910188675 782.008417129517
-9999 -9999 -9999 -9999 -9999 -9999 -9999 921.666767120361 845.59965133667 750.899943351746 788.937629699707 690.090370178223 628.449775695801 913.317571640015 746.643020629883 383.074127197266 537.272644042969 1314.76797485352 484.100540161133 539.380935668945 694.468951702118 768.916893005371 777.373458862305 822.305221557617 832.140113830566 804.30785369873 752.047603607178 980.009124755859 873.478050231934 724.928844451904 661.41007232666 845.244407653809 719.561683654785 879.425604820251 778.115333557129 875.83470916748 1027.0241394043 956.333015441895 1126.30999946594 557.661972045898 663.03458404541 685.057697296143 744.989597320557 585.314331054688 742.604934692383 670.859287261963 620.889549255371 712.131280899048 828.20386505127 584.162826538086
-9999 -9999 -9999 -9999 -9999 -9999 -9999 -9999 858.930219650269 884.092678070068 714.599178314209 565.53059387207 640.776931762695 682.87329864502 551.242401123047 532.863739013672 1290.30517578125 646.686279296875 619.70524597168 675.038192749023 635.120864868164 668.249984741211 717.765350341797 596.084533691406 698.226371765137 632.786483764648 715.246477127075 620.455940246582 703.897186279297 496.937683105469 595.230144500732 742.516975402832 538.208168029785 814.024185180664 760.384246826172 784.21044921875 971.414264678955 834.209487915039 865.413269042969 840.575424194336 725.840056419373 810.905433654785 684.611469268799 592.161193847656 560.722686767578 561.186859130859 547.820953369141 569.748050689697 660.846092224121 490.956886291504
-9999 -9999 -9999 -9999 -9999 -9999 -9999 -9999 -9999 1170.41026306152 1257.51655578613 1072.61111450195 529.916206359863 590.256942749023 619.056976318359 645.934783935547 888.587905883789 762.18843460083 666.37580871582 808.984004974365 646.097801208496 842.943832397461 691.460556030273 598.839538574219 716.123725891113 871.622528076172 561.53426361084 373.186874389648 527.878753662109 585.25638961792 517.816558837891 644.42505645752 478.783279418945 438.895774841309 742.693740844727 760.01766204834 749.362937927246 762.012580871582 868.09481048584 900.240627288818 1102.02563476562 661.413635253906 820.006652832031 812.195938110352 627.841049194336 576.954051971436 647.724096298218 453.223388671875 612.574794769287 512.14168548584
-9999 -9999 -9999 -9999 -9999 -9999 -9999 -9999 -9999 -9999 1084.62375640869 558.066780090332 630.682899475098 552.118072509766 486.761001586914 594.101501464844 693.494323730469 579.21696472168 777.630111694336 757.317217826843 702.961532592773 798.5244140625 810.578979492188 725.846466064453 1100.23226976395 864.739990234375 502.191766738892 567.534194946289 760.899841308594 785.907291412354 754.390508651733 674.616472244263 568.741962432861 538.958109855652 669.963745117188 691.100692749023 794.326454162598 748.095458984375 745.471542358398 998.65970993042 878.767959594727 624.47290802002 642.692329406738 793.319923400879 693.976852416992 550.513801574707 483.957061767578 714.178268432617 654.197080612183 750.1923828125
-9999 -9999 -9999 -9999 -9999 -9999 -9999 -9999 -9999 -9999 -9999 1299.9309387207 1102.88675689697 1005.89032936096 519.848358154297 498.755630493164 676.25318145752 568.778732299805 607.357696533203 639.817306518555 801.204238414764 740.300903320312 796.732192993164 583.571891784668 925.395965576172 721.835113525391 926.099269390106 982.528354644775 880.898620605469 799.541233062744 854.156381607056 899.563426971436 811.794548034668 717.475131988525 686.133548736572 773.171440124512 781.571670532227 901.404190063477 819.516792297363 928.410701751709 954.890047073364 742.207262039185 780.193561553955 609.109233856201 625.41760635376 614.299217224121 638.300414085388 782.515289306641 702.923760890961 860.138916015625
-9999 -9999 -9999 -9999 -9999 -9999 -9999 -9999 -9999 -9999 -9999 -9999 979.227500915527 1101.8556137085 608.388793945312 466.700302124023 408.364990234375 579.367813110352 583.852890014648 660.443572998047 697.752088546753 712.9375 465.180374145508 624.35033416748 746.910866737366 925.970726013184 858.800901412964 751.381362915039 817.278419494629 796.128688812256 811.685028076172 757.687454223633 891.012908935547 745.380928993225 782.434078216553 553.079948425293 864.990131378174 893.749309539795 934.803329467773 835.385258197784 681.968154907227 849.266784667969 883.688217163086 725.976219177246 712.800710678101 683.503202438354 661.225128173828 662.289470672607 686.096082687378 767.529804229736
-9999 -9999 -9999 -9999 -9999 -9999 -9999 -9999 -9999 -9999 -9999 -9999 -9999 -9999 631.782363891602 665.499725341797 745.061889648438 1035.23676109314 558.84153842926 515.787811279297 651.412109375 628.517845153809 395.205810546875 459.891716003418 674.577987670898 746.526448249817 689.153160095215 819.564605712891 711.116348266602 783.141204833984 797.956718444824 745.19132232666 684.005889892578 666.945640563965 714.287622451782 639.349266052246 887.419887542725 1054.9956817627 919.815757751465 1142.56031036377 1098.75035095215 1121.05443191528 605.780948638916 578.252906799316 792.168838500977 623.962219238281 712.073580741882 767.040473937988 648.299880981445 747.932599067688
-9999 -9999 -9999 -9999 -9999 -9999 -9999 -9999 -9999 -9999 -9999 -9999 -9999 -9999 -9999 -9999 -9999 1000.69689178467 719.14900970459 519.585494995117 813.473482131958 794.378789901733 595.071655273438 601.029037475586 583.300186157227 731.137073516846 524.962814331055 643.988031208515 771.604515075684 875.444068908691 638.758399963379 721.183324813843 820.561182022095 707.327865600586 667.654563903809 513.860176086426 654.943775177002 967.511869430542 828.545748710632 610.936771392822 657.538223266602 1150.40445709229 594.438541412354 785.413208007812 669.658535003662 687.671173095703 691.647846221924 497.149353027344 601.304748535156 726.314670562744
-9999 -9999 -9999 -9999 -9999 -9999 -9999 -9999 -9999 -9999 -9999 -9999 -9999 -9999 -9999 -9999 -9999 -9999 -9999 -9999 663.663146972656 876.895761489868 904.994453430176 808.196601867676 673.70622253418 726.963256835938 717.902244567871 787.541275978088 954.045837402344 819.382961273193 806.43955039978 885.623718261719 711.225101470947 833.023971557617 801.358016967773 517.147598266602 623.337760925293 906.138187408447 808.510147094727 758.506538391113 766.378868103027 829.867149353027 721.388053894043 654.260528564453 779.736713409424 800.886993408203 636.435348510742 587.977149963379 443.014114379883 699.734857559204
-9999 -9999 -9999 -9999 -9999 -9999 -9999 -9999 -9999 -9999 -9999 -9999 -9999 -9999 -9999 -9999 -9999 -9999 -9999 -9999 -9999 -9999 -9999 -9999 -9999 905.469492673874 1059.11071777344 1004.58027648926 1018.03742980957 917.893740653992 1015.04296875 923.752159118652 786.647876739502 733.4033203125 726.481834411621 873.054485321045 878.729804992676 702.486587524414 662.475318908691 766.190682411194 700.207702636719 991.211630821228 624.006362915039 667.160934448242 796.418357849121 704.816333770752 610.982864379883 598.590866088867 609.817161560059 634.363357543945
-9999 -9999 -9999 -9999 -9999 -9999 -9999 -9999 -9999 -9999 -9999 -9999 -9999 -9999 -9999 -9999 -9999 -9999 -9999 -9999 -9999 -9999 -9999 -9999 -9999 -9999 -9999 -9999 -9999 874.638851165771 887.933601379395 963.560329437256 997.548706054688 842.201530456543 1002.43246459961 811.861824035645 780.094867706299 879.404674530029 727.584003448486 631.141933441162 681.744092941284 846.880981445312 793.302742004395 1030.72283935547 838.632308959961 684.918062210083 686.272122383118 589.388748168945 644.642227172852 706.426372528076
-9999 -9999 -9999 -9999 -9999 -9999 -9999 -9999 -9999 -9999 -9999 -9999 -9999 -9999 -9999 -9999 -9999 -9999 -9999 -9999 -9999 -9999 -9999 -9999 -9999 -9999 -9999 -9999 -9999 -9999 -9999 1239.93954467773 942.159650802612 812.698287963867 895.82315826416 740.45701789856 838.981153488159 619.059156417847 589.515411376953 635.576553344727 1000.3095703125 801.755401611328 824.252578735352 906.889923095703 869.255416870117 843.513946533203 695.636117935181 563.05940246582 667.91478729248 652.655937194824
-9999 -9999 -9999 -9999 -9999 -9999 -9999 -9999 -9999 -9999 -9999 -9999 -9999 -9999 -9999 -9999 -9999 -9999 -9999 -9999 -9999 -9999 -9999 -9999 -9999 -9999 -9999 -9999 -9999 -9999 -9999 -9999 650.434776306152 865.73699760437 882.602003097534 774.237312316895 603.83625793457 765.944560050964 525.30810546875 699.578727722168 884.055000305176 807.090446472168 863.769241333008 674.658716201782 890.564834594727 799.200843811035 739.25598526001 762.330856323242 718.736640930176 777.832523345947
-9999 -9999 -9999 -9999 -9999 -9999 -9999 -9999 -9999 -9999 -9999 -9999 -9999 -9999 -9999 -9999 -9999 -9999 -9999 -9999 -9999 -9999 -9999 -9999 -9999 -9999 -9999 -9999 -9999 -9999 -9999 -9999 -9999 954.765983581543 905.80906867981 713.791885375977 558.24633026123 560.729309082031 667.625801086426 791.098712921143 866.307741165161 766.267932891846 737.742477416992 838.527572631836 836.658737182617 775.689796447754 639.157791137695 704.879939079285 664.760765075684 991.225479125977
