simdem/realisation11.asc
NCOLS 350 
NROWS 171 
XLLCORNER 152620 
YLLCORNER 418050 
CELLSIZE 100 
NODATA_value -9999 
[rows 0 to 21 of 171, columns 100 to 149 of 350]
-9999 -9999 -9999 -9999 -9999 -9999 -9999 -9999 -9999 -9999 -9999 -9999 -9999 -9999 -9999 -9999 -9999 -9999 -9999 -9999 -9999 -9999 -9999 -9999 -9999 -9999 -9999 -9999 -9999 -9999 -9999 -9999 -9999 -9999 -9999 -9999 -9999 -9999 -9999 -9999 -9999 -9999 -9999 -9999 -9999 -9999 696.12638092041 725.039741516113 550.113121032715 613.08715057373
-9999 -9999 -9999 -9999 -9999 -9999 -9999 -9999 -9999 -9999 -9999 -9999 -9999 -9999 -9999 -9999 -9999 -9999 -9999 -9999 -9999 -9999 -9999 -9999 -9999 -9999 -9999 -9999 -9999 -9999 -9999 -9999 -9999 -9999 -9999 -9999 -9999 -9999 -9999 -9999 857.133567810059 626.078491210938 630.666061401367 498.643630981445 550.292877197266 689.067932128906 763.586013793945 659.996807098389 493.181846618652 353.394134521484
-9999 -9999 -9999 -9999 -9999 -9999 -9999 -9999 -9999 -9999 -9999 -9999 -9999 -9999 -9999 -9999 -9999 -9999 -9999 -9999 -9999 -9999 -9999 -9999 -9999 -9999 -9999 -9999 -9999 -9999 -9999 -9999 -9999 -9999 -9999 -9999 -9999 673.15145111084 694.139434814453 661.17943572998 650.222163200378 720.718116760254 728.160552978516 708.773864746094 642.57611656189 712.032554626465 630.173124313354 439.900390625 562.669900655746 542.16646194458
-9999 -9999 -9999 -9999 -9999 -9999 -9999 -9999 -9999 -9999 -9999 -9999 -9999 -9999 -9999 -9999 -9999 -9999 -9999 -9999 -9999 -9999 -9999 -9999 -9999 -9999 -9999 -9999 -9999 -9999 -9999 -9999 -9999 -9999 756.478949546814 719.539886474609 732.388900756836 541.920722961426 562.928924560547 536.897212982178 607.730373382568 645.190370559692 654.492610931396 665.555322647095 656.494899749756 596.285640716553 556.227249145508 661.004135131836 575.332870483398 441.29931640625
-9999 -9999 -9999 -9999 -9999 -9999 -9999 -9999 -9999 -9999 -9999 -9999 -9999 -9999 -9999 -9999 -9999 -9999 -9999 -9999 -9999 -9999 -9999 -9999 -9999 -9999 -9999 -9999 -9999 -9999 -9999 -9999 629.346893310547 532.159637451172 529.111778259277 491.444900512695 665.946033477783 664.343074798584 563.070327758789 502.001251220703 409.68815612793 481.794372558594 580.007179260254 721.349834442139 706.410606145859 729.710289001465 552.347229003906 708.582206726074 701.737421035767 759.613433837891
-9999 -9999 -9999 -9999 -9999 -9999 -9999 -9999 -9999 -9999 -9999 -9999 -9999 -9999 -9999 -9999 -9999 -9999 -9999 -9999 -9999 -9999 -9999 -9999 -9999 -9999 -9999 -9999 -9999 -9999 648.416580200195 601.817556381226 608.888924598694 478.567420959473 386.242965698242 601.739791870117 752.407684326172 730.04712677002 664.549802780151 814.320617675781 654.950771331787 631.250190734863 586.318069458008 709.39176940918 909.09220123291 770.778480529785 814.548383951187 886.315101623535 821.340217113495 674.514625549316
-9999 -9999 -9999 -9999 -9999 -9999 -9999 -9999 -9999 -9999 -9999 -9999 -9999 -9999 -9999 -9999 -9999 -9999 -9999 -9999 -9999 -9999 -9999 -9999 -9999 -9999 -9999 627.393814086914 820.853118896484 657.026290893555 676.02082824707 623.937309265137 565.876029968262 589.779183864594 524.932441711426 494.767738342285 622.676742553711 593.850090026855 644.993194580078 663.08373260498 735.821880340576 791.521100997925 738.304817199707 660.154296875 652.126871109009 759.446269989014 1077.31519317627 1040.69275665283 856.765319824219 1021.53600072861
-9999 -9999 -9999 -9999 -9999 -9999 -9999 -9999 -9999 -9999 -9999 -9999 -9999 -9999 -9999 -9999 -9999 -9999 -9999 -9999 -9999 -9999 -9999 -9999 762.648994445801 648.978561401367 631.423205375671 528.978515625 580.113100290298 677.40013885498 615.862071990967 547.878810882568 591.319569587708 788.005187988281 700.433792114258 597.80280995369 601.493202209473 721.095127105713 645.524984359741 738.463672637939 869.666816711426 798.970977783203 838.875080108643 658.292175292969 787.559680938721 953.416397094727 1156.29244995117 988.018913269043 818.808807373047 989.258529663086
-9999 -9999 -9999 -9999 -9999 -9999 -9999 -9999 -9999 -9999 -9999 -9999 -9999 -9999 -9999 -9999 -9999 -9999 -9999 -9999 -9999 -9999 629.747756958008 724.672749578953 731.201950073242 526.043769836426 779.403823852539 716.014892578125 590.799496650696 621.39323425293 525.901958465576 589.900074958801 537.552021026611 709.892013549805 759.190444946289 679.063346862793 615.7219581604 903.952941894531 729.289545059204 810.475056409836 1016.99055099487 739.664821624756 752.430233001709 764.638492584229 695.673712730408 1111.85333251953 745.244091033936 687.327980041504 756.669692993164 586.42786026001
-9999 -9999 -9999 -9999 -9999 -9999 -9999 -9999 -9999 -9999 -9999 -9999 -9999 -9999 -9999 -9999 -9999 -9999 -9999 1154.38909912109 763.97961807251 758.682039260864 687.150560379028 661.050994873047 648.36408996582 507.737656593323 652.811100006104 552.865287780762 531.684574127197 464.508453369141 658.877876281738 591.730052947998 561.701697349548 741.208480834961 866.396240234375 616.498043060303 678.979637145996 717.101684570312 632.107909202576 718.203370094299 809.041488647461 799.756683349609 720.329139709473 684.789779901505 712.941570281982 673.476982116699 762.363700866699 757.453735351562 717.706253051758 736.331392288208
-9999 -9999 -9999 -9999 -9999 -9999 -9999 -9999 -9999 -9999 -9999 -9999 -9999 -9999 -9999 -9999 -9999 1106.05441665649 987.974494934082 961.667915344238 475.82844543457 483.212051391602 638.715297698975 570.960513114929 607.75390625 789.362869262695 737.72193145752 672.946108818054 813.072601318359 677.959620714188 600.430465698242 524.936359405518 678.825904846191 696.475616455078 629.483253479004 511.148769378662 614.864831924438 652.024299621582 662.896049499512 762.073165893555 766.061958312988 696.704414367676 657.862129211426 693.55385684967 693.365301132202 701.823945045471 631.257049560547 672.123511910439 750.141670227051 691.142925262451
-9999 -9999 -9999 -9999 -9999 -9999 -9999 -9999 -9999 -9999 -9999 -9999 -9999 -9999 659.694625854492 704.151911735535 651.355461120605 883.108306884766 939.615650177002 991.991514205933 903.866302490234 536.416297912598 496.817276000977 729.801078796387 887.472137451172 909.907470703125 741.857807159424 674.633568763733 714.744354248047 653.105094909668 599.741928100586 483.873825073242 616.743427276611 686.972969055176 632.142742156982 556.003188610077 555.590128183365 637.685409545898 574.931312561035 736.757457733154 626.18628692627 688.674693584442 713.366832733154 811.441070556641 775.569122314453 844.5244140625 691.425170898438 623.897575378418 714.18017578125 800.367156982422
-9999 -9999 -9999 -9999 -9999 -9999 -9999 -9999 -9999 -9999 -9999 -9999 767.632986068726 838.05069732666 546.516296386719 711.251282691956 579.278240203857 548.2919921875 923.729602813721 879.014602661133 961.127584457397 580.279211044312 536.787643432617 547.751441955566 719.625671386719 982.317184448242 856.109931945801 660.108182907104 684.430797100067 737.434993743896 579.352932929993 606.910610198975 458.045156478882 644.992973327637 711.364181518555 397.850341796875 473.640594482422 730.337181091309 639.443905830383 766.498207092285 667.842403411865 647.250507354736 616.82453918457 813.003982543945 659.199213504791 833.506439208984 727.721992492676 590.259155273438 623.001892089844 652.048294067383
-9999 -9999 -9999 -9999 -9999 -9999 -9999 -9999 -9999 -9999 814.850940704346 744.930564880371 842.922668457031 712.279050827026 545.386283874512 575.547031402588 525.335746765137 569.541690826416 592.57567024231 466.591217041016 530.719039916992 522.927322387695 487.720420837402 563.681518554688 501.580596923828 751.885216712952 770.823398590088 764.193884849548 931.665191650391 716.748229980469 675.599311828613 535.432275772095 434.567705154419 411.657480239868 709.765914916992 517.914283752441 407.88200378418 629.329277038574 510.321502685547 570.109378814697 613.043964385986 457.482543945312 545.145706176758 591.787837982178 507.342758178711 775.459091186523 727.27912902832 533.209487915039 473.521339416504 582.454574584961
518.153244018555 548.543884277344 683.417419433594 791.886283874512 781.016857147217 591.428050994873 500.490116119385 428.288093566895 446.529693603516 428.814680099487 620.183212280273 710.79181098938 765.629898071289 724.971244812012 590.923931121826 566.819915771484 563.415458679199 452.197631835938 506.524856567383 555.059658050537 546.952404022217 623.646995544434 686.258770942688 613.596061706543 629.751693725586 739.320516586304 776.522243499756 600.859657287598 721.123954772949 604.307250976562 628.232208251953 682.760551452637 560.687520980835 485.81579208374 588.938122749329 681.192730903625 636.888408660889 627.331753730774 600.013753890991 595.164649963379 479.736953735352 372.587097167969 380.348770141602 588.935150146484 595.232532501221 624.583280563354 561.182376861572 575.919340133667 533.19909286499 698.579975128174
660.188919067383 696.207954406738 874.055351257324 634.791334152222 700.247310638428 488.678806304932 496.603366851807 408.226650238037 426.03214263916 371.551002502441 712.142160415649 597.01000213623 565.89461517334 678.433494567871 579.36967086792 522.474983215332 500.307907104492 494.739013671875 745.05171585083 757.261192321777 836.139953613281 544.154632568359 590.651136398315 811.326019287109 581.901382446289 703.136070251465 743.242340087891 678.634887695312 562.732129096985 619.015886306763 688.439147949219 627.252046585083 649.210563659668 423.102619171143 482.237903594971 832.527893066406 696.370460510254 690.584362030029 627.901330947876 540.952095031738 510.844039916992 596.148860931396 526.356113433838 606.632652282715 647.967063903809 1171.68817138672 949.799653053284 828.958992004395 740.590957641602 763.387680053711
613.299191474915 701.992053985596 782.742736816406 742.304962158203 706.618614196777 543.39134979248 635.158630371094 534.540588378906 388.804046630859 564.317867279053 507.019309997559 470.701564788818 488.433097839355 510.12321472168 615.538630485535 540.673950195312 491.23876953125 693.332576751709 847.380950927734 865.984283447266 768.583847045898 1297.45094299316 589.685598373413 677.457556247711 560.274475097656 732.176414489746 548.373147249222 556.990585327148 486.650066375732 630.28483581543 675.893491744995 631.63005065918 650.126961708069 762.31640625 697.279235839844 775.71800994873 645.19255065918 631.634689331055 559.053085327148 571.715034484863 607.982822418213 507.140045166016 693.943084716797 718.001770019531 510.393814086914 601.337348937988 680.300979614258 668.990287780762 611.500898361206 634.356321334839
566.918132781982 674.284924030304 668.924285888672 664.741672515869 639.969741821289 860.511917114258 1024.52429199219 1152.33000946045 609.071663856506 612.659966468811 542.879150390625 429.076629638672 510.666332244873 747.857529520988 798.060352325439 687.692335128784 719.125905990601 809.073738098145 469.874580383301 734.071655273438 639.978363037109 762.872406005859 710.866088867188 726.225772857666 674.097947597504 558.067665100098 499.140113830566 685.56957244873 700.492435455322 584.858472824097 604.975246429443 651.33854675293 611.546087265015 566.91480255127 397.119201660156 1161.89644622803 598.71395111084 441.374633789062 671.740707397461 620.814807891846 1232.76893615723 621.458755493164 517.049072265625 415.521347045898 536.744132995605 547.120727539062 696.69458770752 513.127151489258 703.87776184082 441.563186645508
773.654769897461 781.087799072266 980.603637695312 441.585952758789 596.015289306641 676.216309547424 812.20235824585 1116.31930017471 643.866111755371 726.757998943329 738.479320526123 612.527839660645 732.075988769531 811.387969970703 623.246353149414 768.233238220215 705.650066375732 720.678293228149 508.897556304932 687.678718566895 701.472593307495 810.756240844727 797.624801635742 758.040885925293 546.753351211548 392.842422485352 435.213821411133 600.516784667969 1231.74622344971 889.378215789795 716.926246643066 903.494132995605 1139.07160949707 1044.68609237671 732.626747131348 963.737182617188 870.431396484375 955.353482723236 646.18708896637 564.590538024902 576.036920748651 515.063026428223 648.418090820312 428.995712280273 552.183799743652 515.06526184082 579.775680541992 707.176422119141 589.945762634277 542.209808349609
821.263313293457 797.774681091309 1205.62267971039 592.303352355957 715.812591552734 821.494995117188 1012.77032089233 1277.26391601562 1029.6150894165 729.832168102264 844.743278503418 887.916275024414 975.434147834778 1076.09158325195 675.675872802734 1235.03150177002 702.677326202393 659.441226959229 404.221282958984 875.549377441406 706.214569091797 679.992399215698 612.759918212891 635.485858917236 1157.16319274902 1123.37002563477 712.858428955078 646.227308273315 584.121656417847 511.805198669434 507.482753753662 561.606285095215 655.281875610352 637.01459312439 553.483596801758 1071.53517150879 511.30419921875 589.673446655273 586.761932373047 619.789726257324 654.213822364807 533.778373718262 733.20677947998 609.442544937134 709.492004394531 633.796478033066 657.504848480225 605.807104110718 725.557846069336 676.963481903076
713.005859375 493.162605285645 692.381660461426 601.522583007812 523.664077758789 721.81884098053 873.449071884155 754.39762878418 1035.39046478271 682.054564476013 694.045599423349 1052.40871334076 675.088626861572 940.391830444336 1191.03642272949 1197.81067276001 1229.19205188751 1080.57330322266 603.983337402344 601.085329055786 775.938285827637 297.891525268555 1076.67385101318 335.823760986328 351.738067626953 1013.27209472656 536.902946472168 670.502815246582 569.432258605957 494.393737792969 507.232822418213 568.495203971863 583.545808792114 546.28621673584 540.25129699707 639.526596069336 556.797996520996 730.675308227539 751.110515594482 571.928901672363 704.564422607422 735.081120491028 677.825286865234 580.088356018066 604.94481086731 592.558616638184 572.740707397461 500.354461669922 478.449249267578 359.174835205078
693.446830749512 614.366186141968 593.716693878174 450.40754699707 601.032181739807 897.215292811394 765.25439453125 862.490215301514 730.800006866455 756.535137176514 744.219129562378 875.809160232544 630.179767608643 690.213371276855 498.10969543457 2331.43412971497 1118.81939697266 742.064071655273 630.745059967041 973.211894989014 724.379867553711 348.711395263672 345.484191894531 780.193420410156 879.720520019531 1431.14643859863 948.244125366211 783.51685333252 507.313110351562 626.419536590576 569.738899230957 677.363342285156 625.824861526489 569.723949432373 661.993078231812 726.679008483887 648.544179916382 659.923836946487 759.538467407227 748.28914642334 716.986373901367 644.088989257812 582.334453582764 587.305755615234 581.409843444824 613.550006866455 624.780809402466 548.705711364746 526.91764831543 481.4990234375
