simdem/realisation12.asc
NCOLS 350 
NROWS 171 
XLLCORNER 152620 
YLLCORNER 418050 
CELLSIZE 100 
NODATA_value -9999 
[rows 88 to 109 of 171, columns 200 to 249 of 350]
720.960054397583 754.858631134033 824.077621459961 699.113882064819 636.354549407959 639.517411708832 625.671158790588 697.897884368896 525.360397338867 568.163005828857 601.386089801788 477.055862426758 654.580100059509 653.880785942078 597.297718048096 634.613527297974 728.908210754395 731.42147064209 664.486057281494 598.34139251709 705.720832824707 610.997402191162 773.294448852539 616.299201965332 627.712387084961 748.481407165527 697.974546432495 785.74781036377 689.363500595093 746.453987121582 548.510925292969 569.809642791748 631.667036056519 610.146373748779 615.094612121582 634.042331695557 656.144594192505 545.489555358887 554.948959350586 649.809059143066 733.526707649231 823.61855506897 963.857391357422 1033.87696838379 819.804496765137 686.443368911743 705.609043121338 852.74626159668 904.304389953613 893.388359069824
607.518341064453 768.903305053711 739.165203094482 780.320693969727 754.916709899902 562.99870300293 491.243133544922 719.126457214355 629.257455825806 609.470190048218 625.594782829285 566.472305297852 585.054794311523 616.260833740234 668.277406692505 634.360532432795 722.674934387207 774.171646118164 736.286708831787 647.015003204346 741.970687866211 706.056755065918 700.721124649048 531.694869995117 673.346304059029 732.015773773193 663.406365394592 677.212594985962 700.280544281006 658.620985507965 596.269817352295 718.381546020508 669.357496261597 592.359889984131 607.201785087585 720.281639099121 536.589767456055 568.736465454102 615.40616607666 861.931922912598 741.317463874817 836.318363189697 766.501692771912 1017.60404968262 786.490238189697 694.660087585449 749.12490272522 944.407041549683 1032.69892692566 822.491678237915
634.841957092285 1037.45927619934 659.815853118896 568.627243041992 713.116485595703 710.867195129395 752.113182067871 714.956558227539 709.146881103516 679.516395568848 568.4697265625 743.854080200195 571.688282012939 631.01452755928 662.84824180603 633.140358433127 638.586476802826 607.750286102295 617.485328674316 660.069437503815 651.687704801559 669.468172073364 621.288070678711 651.724932074547 716.443649291992 739.642852783203 619.505844116211 724.958400726318 648.738622665405 705.636522293091 688.044902801514 605.173107147217 606.871468961239 560.343555450439 482.494384765625 460.165573120117 490.72590637207 609.437656402588 749.33336353302 784.429756164551 784.278343200684 749.050473213196 803.343664169312 888.661981582642 744.833187580109 589.886604309082 573.269226074219 827.50821685791 1026.71173095703 851.38069152832
562.112972736359 457.125549316406 502.496154785156 576.382095336914 686.86475944519 635.287919998169 609.804512023926 612.870933532715 690.715301513672 590.963108062744 606.868427276611 642.726446151733 715.975608825684 792.279388427734 558.638885498047 554.347969055176 702.554214477539 637.047533035278 560.141189575195 672.217479705811 573.739753723145 618.451541900635 694.173790931702 712.481151580811 686.764838293195 697.499382019043 805.607887268066 824.193969726562 694.097652435303 670.793119907379 741.607513427734 816.48804473877 600.509538650513 604.988021850586 689.545112609863 581.28161239624 557.167724609375 443.484390258789 468.357620239258 793.006332397461 813.27010345459 691.759262084961 891.011932373047 989.514236450195 868.002258300781 555.730018615723 620.906787872314 620.304504394531 966.731243133545 983.533920288086
574.679874420166 521.369766235352 529.854522705078 503.027381896973 463.87239074707 692.630729675293 590.176914215088 563.369033813477 616.781017303467 682.130489349365 730.80509185791 700.238357543945 729.748947143555 663.76736831665 605.664598464966 626.784957885742 596.209537506104 608.521739959717 596.289127349854 655.973281860352 637.095908164978 508.702499389648 755.654857635498 655.842441558838 665.388889312744 736.761306762695 874.458869934082 781.568695068359 671.670916557312 695.693290710449 579.969223022461 713.122350215912 573.978713989258 625.634212493896 635.420774459839 613.915302276611 633.778371810913 487.880935668945 486.287467956543 468.364601135254 792.377304077148 805.622489929199 769.791454315186 855.735466003418 649.178933143616 671.709964752197 561.232803344727 618.62272644043 922.378829956055 1036.30955505371
465.552719116211 615.951942443848 715.129638671875 670.535118103027 594.040077209473 1109.69827270508 597.874662399292 523.619148254395 586.669486999512 759.939392089844 682.317596435547 736.068878173828 621.206513404846 676.101619720459 618.404623270035 534.863159179688 560.834281921387 574.252101898193 526.807464599609 775.133361816406 664.25915145874 611.958341598511 683.850742340088 793.038475036621 752.595991134644 664.373941421509 742.457433223724 715.049907684326 772.811813354492 588.042945861816 605.201019287109 534.854690551758 642.271430969238 656.609085083008 666.78849029541 752.624396324158 725.87917137146 509.730758666992 582.809005737305 701.061160087585 721.757583618164 577.080020904541 562.253391265869 678.308187484741 643.780736923218 630.715179443359 570.634017944336 730.194641113281 843.046493530273 809.645074367523
647.421036243439 737.522315979004 748.134177684784 793.26261138916 730.82787322998 720.064119338989 749.682205200195 553.999397277832 664.024711608887 549.112747192383 568.992095947266 666.625629425049 537.39469909668 616.398154139519 694.334632873535 530.046653747559 586.614646911621 596.716423034668 478.605026245117 541.463668823242 715.906571388245 707.707466125488 594.367956161499 863.327651977539 797.324203491211 762.30163154006 644.399555206299 692.560965538025 692.045890808105 512.340347290039 608.194458007812 566.353256225586 576.620727539062 651.264808654785 707.416679382324 711.161628723145 739.097755432129 549.937507629395 550.390518188477 710.385705947876 606.187431335449 698.05962562561 607.248817443848 683.760612487793 656.621307373047 740.427183449268 624.613773345947 563.463073730469 704.120315551758 752.763217926025
607.408645629883 508.433067321777 650.227584838867 886.899238586426 793.634841918945 664.877599716187 548.475547790527 599.254112243652 579.162284851074 572.325927734375 631.735286712646 778.816452026367 702.796577453613 770.696563720703 520.377090454102 568.151309967041 530.327102661133 660.450662612915 589.954254150391 639.372664928436 773.782447814941 729.651275634766 680.099914550781 604.68039894104 626.007682800293 792.215423583984 807.145149230957 713.712917327881 569.574409484863 656.574000358582 590.773239135742 668.289646148682 674.77819442749 650.1748046875 718.120822906494 840.129192352295 722.793045043945 520.425979614258 547.22428894043 551.054885864258 607.585113525391 719.652397155762 804.609596252441 665.808334350586 885.509902954102 849.353088378906 662.452394485474 602.10481262207 697.863220214844 662.37056350708
645.698575973511 631.894836954772 777.514329910278 734.368725776672 786.127738952637 779.030448913574 568.147953033447 659.307292938232 728.447780609131 537.574119567871 691.354080200195 811.689315795898 823.820678710938 780.161163330078 790.159561157227 739.726921081543 553.251167297363 593.97486114502 511.071670532227 486.286605834961 549.109153747559 673.544173240662 681.004955291748 613.41423034668 564.647163391113 659.556133270264 790.030899047852 766.887054443359 742.797672271729 664.384944915771 532.008102416992 551.761161804199 762.920539855957 620.92692565918 559.642669677734 594.093170166016 657.35285949707 485.069274902344 532.01008605957 622.401214599609 830.323936462402 713.607889175415 795.501884460449 655.14497756958 727.613718032837 812.844802856445 742.720825195312 558.258819580078 633.054382324219 612.877937316895
577.722692131996 717.295097351074 717.17820930481 747.95924949646 921.008605957031 672.744777679443 671.015022277832 963.188396453857 477.583831787109 565.821838378906 703.364269256592 849.029632568359 867.610656738281 728.962448120117 777.174072265625 725.618804931641 623.16982293129 541.087409973145 547.340110778809 750.176803588867 595.223964691162 684.579674720764 559.218864440918 703.878978729248 533.57950592041 715.50298500061 583.029968261719 751.289176940918 825.338516235352 596.58016204834 508.125114440918 583.804641723633 625.832671165466 471.855621337891 459.358520507812 607.398323059082 541.771926879883 548.219116210938 560.369552612305 590.569023132324 699.897644042969 775.959674835205 655.078964233398 671.205402374268 789.310913085938 777.821071624756 691.709247589111 520.892303466797 799.9501953125 701.106452941895
728.485076904297 533.061080932617 853.002517700195 793.359401702881 649.554008483887 645.998313903809 635.672185897827 658.009765625 654.37198638916 714.827198028564 716.177597045898 635.527045965195 747.481468200684 709.747673034668 745.631874084473 626.432794570923 581.773628234863 574.141342163086 667.493747711182 578.696582794189 641.996261119843 595.081909179688 708.766998291016 876.084594726562 803.25862121582 784.587560653687 648.719543457031 773.991813659668 792.782615661621 779.698844909668 711.866640090942 543.021743774414 646.635430335999 657.063301563263 612.733932495117 597.686531066895 529.265129089355 609.353466033936 711.384918212891 763.492568969727 632.341602325439 550.625274658203 592.553825378418 690.886295318604 746.71560382843 773.829742431641 671.259376525879 716.411560058594 728.39767074585 745.092525482178
867.953815460205 635.999709129333 858.964920043945 823.266014099121 699.745189666748 619.570556640625 614.198097229004 711.189338684082 686.525810241699 645.056058883667 587.510948181152 529.364715576172 631.492367744446 720.710029602051 756.453750610352 648.092304348946 582.487266540527 709.769790649414 736.581871032715 613.6012840271 617.03125 660.946851730347 596.802097320557 698.199615478516 724.018569946289 826.884048461914 960.7760887146 814.390075683594 621.555541992188 609.618461608887 684.437347412109 574.838279724121 697.999797821045 527.615898132324 532.17643737793 606.081047058105 551.665069580078 639.259304046631 596.634223937988 716.403608322144 736.336904525757 726.72384262085 680.068866729736 738.573699951172 726.8161277771 657.044212341309 667.078582763672 797.422470092773 803.868698120117 985.90233039856
864.823265075684 882.920372009277 705.024757385254 774.174476623535 819.529563903809 609.038452148438 583.096343994141 754.190949440002 693.082878112793 573.192901611328 733.421764373779 529.607467651367 561.21028137207 595.371246337891 719.162482261658 681.433090209961 748.698951721191 773.739196777344 729.113983154297 758.708061218262 662.419138908386 712.523994445801 575.452947616577 815.58275604248 749.049156188965 744.952781677246 978.159881591797 582.026275634766 817.140884399414 1103.8731842041 1164.00759887695 735.562957763672 720.109340667725 653.84162902832 651.10669708252 645.813461303711 916.047821044922 728.626211166382 639.674453735352 776.220756530762 766.586730957031 822.391403198242 851.198207855225 764.184234619141 920.27498626709 941.5107421875 1076.37733078003 777.796089172363 983.372413635254 848.536548614502
813.688405990601 620.956253051758 645.539820671082 789.428562164307 736.317975997925 734.485649108887 709.153503417969 737.437919616699 719.274040222168 1131.01873016357 675.632234096527 512.393783569336 525.444747924805 526.152770996094 630.888946533203 738.457815170288 749.476905822754 738.503631591797 738.638877868652 668.505157470703 785.694152832031 715.044589996338 594.890747070312 769.31245803833 545.907306671143 765.982100963593 644.156959533691 597.855751037598 521.584899902344 659.351963043213 632.471874237061 569.659515380859 542.231857299805 1077.21415710449 706.554077148438 703.706939697266 1172.42337036133 1141.70420074463 772.057200431824 968.252105712891 877.368236541748 675.386662721634 683.7467918396 735.582109451294 727.16047668457 740.446929931641 888.218320846558 1065.61753845215 1484.53802871704 749.116786241531
861.853164672852 702.867279052734 549.488647460938 567.640098571777 816.209857940674 802.813552856445 813.550235748291 836.188310623169 903.997627258301 804.194690704346 1137.00595474243 519.563552856445 611.435737609863 660.143131256104 705.576212406158 691.853992909193 626.613746643066 689.947032928467 569.615829467773 691.733745574951 731.963005065918 497.958374023438 600.166728973389 674.610389709473 756.885932922363 645.274980783463 679.691734313965 643.490640640259 717.75675201416 640.30228805542 664.450572967529 646.037296295166 563.753532409668 590.066619873047 601.498092651367 757.045959472656 643.807140350342 1138.88935852051 656.78702545166 664.245861053467 691.543858528137 832.366455078125 1107.71634674072 523.142639160156 1025.08534240723 757.965263366699 602.665161132812 743.154083251953 913.810653686523 667.318618774414
683.018075942993 867.494644165039 631.489379882812 562.291557312012 831.937881469727 943.482818603516 674.882843017578 711.465324401855 880.862075805664 888.398948669434 863.418449401855 873.906127929688 762.263641357422 762.954864501953 681.779356002808 665.551577568054 760.676704406738 750.484531402588 654.731815338135 499.400676727295 621.525701165199 512.521018981934 564.751173019409 629.861335709691 791.230823516846 637.576169967651 629.969068527222 487.276641845703 685.600580215454 726.799793243408 670.032045695931 665.716969013214 586.725570678711 651.570255279541 817.109144210815 675.618209838867 942.664373397827 1009.98471260071 938.412643432617 715.594338417053 780.550300598145 712.957364082336 1068.87087059021 660.688987731934 902.482498168945 944.584274291992 891.189971923828 1027.14489746094 828.3415184021 1327.78963470459
-9999 614.356758117676 647.825054168701 516.521942138672 615.780090332031 783.132656097412 763.833738327026 824.018306732178 847.252246856689 756.647489547729 770.395882606506 1079.26272058487 648.530730724335 769.068740844727 647.628665924072 624.34743976593 692.08963394165 626.149240493774 494.669563293457 564.256942749023 518.090286254883 550.837753295898 615.078642845154 1044.18974304199 845.70964050293 641.905650138855 474.147598266602 484.439239501953 652.151178359985 775.98365020752 701.633186340332 640.347799301147 495.779891967773 612.303997039795 1121.84602355957 720.243392944336 651.586278915405 595.975410461426 612.995674133301 680.916488647461 720.633962154388 624.25643157959 733.780685424805 710.902420043945 712.221588134766 1159.75070381165 729.498079299927 891.162384033203 691.266723632812 923.592981338501
-9999 546.457550048828 722.208435058594 587.69248008728 711.384777069092 854.612350463867 752.845945358276 623.815567016602 813.106778144836 827.286294937134 875.777770996094 766.817637681961 618.839363098145 657.709415435791 723.816287994385 706.303184509277 658.491981506348 598.782928466797 518.08895111084 583.570507049561 480.288635253906 619.86402130127 650.915565490723 677.41951751709 1016.4278049469 579.199287414551 437.632019042969 559.341835021973 568.90209197998 688.737552642822 593.979549407959 680.061840057373 537.910667419434 752.365905761719 1252.24836540222 596.466136932373 566.545249938965 642.555145263672 732.437320709229 758.527709960938 634.573684692383 777.683868408203 667.191635131836 657.124519348145 765.130376815796 843.764125823975 859.212966918945 782.40255355835 866.715240478516 750.594329833984
-9999 -9999 636.842819213867 623.844734191895 542.111946105957 745.983806610107 689.022872924805 715.802406311035 847.132503509521 734.531852722168 687.10521697998 670.87667798996 540.716194152832 670.751823425293 681.642993927002 567.937354564667 599.516990661621 667.230560302734 549.518508911133 590.5680809021 460.024276733398 500.772644042969 653.884172439575 668.355323791504 634.185806274414 607.680240631104 505.591064453125 495.725967407227 554.369720458984 535.641777038574 594.26441192627 603.043743133545 559.04419708252 666.673582077026 826.938017368317 622.063047647476 626.314880371094 589.351608276367 662.148774623871 572.24528503418 654.54887008667 677.145111083984 783.188095092773 788.205389022827 707.415283203125 636.420417785645 763.472513198853 630.212730407715 739.078002929688 746.082893371582
-9999 -9999 910.54508972168 904.570308685303 595.466606140137 587.104377746582 645.845405578613 687.6201171875 651.724655151367 655.223724365234 949.645919799805 627.401630401611 694.83683013916 747.697898864746 622.994997024536 626.160709381104 653.169242858887 573.625453948975 610.571620941162 474.482925415039 346.790512084961 646.061614990234 576.659076690674 791.019454956055 589.956480145454 581.832870483398 458.855712890625 485.189254760742 680.856231689453 673.672906398773 569.625640869141 604.840465545654 454.120315551758 548.999000549316 649.726980209351 601.984573364258 662.986427307129 720.129539489746 647.244644165039 616.48217010498 738.228378295898 774.907608032227 722.042472839355 862.462219238281 701.164840698242 712.782653808594 692.512191772461 636.25244140625 900.162567138672 827.396541595459
-9999 -9999 -9999 802.470821380615 642.004224777222 475.645736694336 789.761489868164 853.716491699219 779.701761245728 599.031097412109 496.17155456543 579.947151184082 631.800714492798 702.682075500488 787.611206054688 785.841613769531 675.950424194336 472.64697265625 467.697776794434 434.303909301758 541.917109727859 622.658634185791 586.609666824341 1270.37995910645 612.727169036865 589.117774963379 682.786104679108 633.066177368164 732.48575592041 757.343444824219 761.567153930664 621.419281005859 623.152767181396 568.473091125488 554.716903686523 596.697402954102 459.345077514648 587.745651245117 671.528610229492 742.410461425781 756.420333862305 801.0010638237 608.236541748047 744.038566589355 502.609436035156 768.670402526855 744.016654968262 489.848876953125 661.279647827148 1269.04325866699
-9999 -9999 -9999 652.30541229248 602.098540306091 601.979942321777 756.273322105408 737.352100372314 814.425155639648 1112.25312042236 733.080585479736 731.671457290649 624.674459457397 760.39672088623 735.314140319824 667.158924102783 546.045722961426 592.64936542511 542.016761779785 594.438962936401 675.251541137695 647.469821929932 652.897842407227 787.990894317627 518.68062210083 591.782760620117 652.656888961792 702.814403533936 611.382583618164 723.578453063965 601.564056396484 516.430679321289 575.752540588379 540.935317993164 449.926361083984 936.660079956055 576.990646362305 544.140884399414 601.270652770996 637.779055595398 589.946311950684 735.439392089844 680.197212219238 902.109390258789 718.075225830078 1169.54650878906 747.866973876953 752.462760925293 1206.55207824707 1068.68897247314
