simdem/realisation85.asc
NCOLS 350 
NROWS 171 
XLLCORNER 152620 
YLLCORNER 418050 
CELLSIZE 100 
NODATA_value -9999 
[rows 22 to 43 of 171, columns 200 to 249 of 350]
623.558090209961 672.033862113953 767.310035705566 660.940147399902 577.122833251953 694.863561630249 748.882911682129 713.59370803833 674.771843910217 676.585938692093 512.020111083984 445.343002319336 575.17179107666 694.242204666138 657.936876296997 677.092961072922 545.73543548584 695.866443634033 719.9997215271 744.037590026855 715.305351257324 775.784507751465 702.321897506714 621.21333694458 634.274703979492 692.463881492615 719.578607559204 678.811205863953 737.807033538818 744.782476425171 771.046535491943 819.636169433594 725.731045126915 692.511085510254 825.710983276367 750.845092773438 833.745044708252 732.142311096191 826.79479598999 782.13898897171 772.184580802917 771.809650421143 719.931171417236 959.794082641602 884.599792480469 1369.9712677002 786.239032745361 802.749828338623 857.971470832825 824.606971740723
633.148696899414 660.544132232666 718.774356842041 683.015326499939 740.800971984863 659.833248615265 715.564952850342 810.666961669922 775.476066589355 684.157493591309 692.042675018311 610.388710021973 632.739646911621 558.191833496094 537.258895874023 641.556697845459 613.78311920166 570.443466186523 698.537559509277 708.072566986084 765.902984619141 671.861298561096 730.516025543213 648.783123016357 629.762203216553 745.031865604222 768.582418441772 690.490856170654 751.35311126709 798.258750915527 707.732860565186 711.773115158081 641.737945556641 709.374210357666 705.767036437988 674.20467376709 821.995803833008 700.291702270508 741.236129760742 660.777229309082 825.387502670288 822.478832244873 744.677799224854 838.556526184082 836.598993301392 946.125556945801 1016.73049926758 1134.8715057373 835.213672637939 1324.42882537842
732.235816955566 533.017303466797 651.364147186279 830.889945983887 648.030216217041 743.622161865234 804.323196411133 871.432373046875 762.183303833008 696.591289520264 647.257984161377 623.015529632568 663.403582572937 705.365895748138 476.89045715332 618.295473098755 657.401458740234 634.114706039429 642.643107891083 557.480430603027 631.240447998047 526.028213500977 696.352504730225 754.426811218262 728.819458007812 719.599397659302 708.680355072021 814.641235351562 582.162078857422 623.30952835083 711.04215669632 736.112340405583 784.069385528564 846.29337310791 768.679546356201 666.442008972168 736.8502368927 856.06640625 822.910049438477 747.777139663696 715.95002746582 773.055820465088 765.401096343994 806.376738548279 892.840911865234 927.041213989258 1044.02754211426 958.280746459961 940.303863525391 646.793312072754
553.92887878418 667.158493995667 624.587862014771 679.097316741943 669.939659118652 561.078590393066 675.97541809082 729.460357666016 696.820411682129 815.140693664551 720.653739929199 415.801315307617 611.754821777344 603.437875747681 407.000747680664 442.361137390137 865.79606628418 672.453994750977 705.502601623535 561.414581298828 668.539785385132 559.195365905762 671.585203170776 687.949504852295 619.989192962646 591.302124023438 678.704261779785 698.168922424316 731.995800018311 693.511598587036 740.934152603149 841.044761657715 730.366527557373 811.053031921387 803.660842895508 796.597309112549 746.049520492554 822.60311126709 902.370574951172 716.648273468018 859.197769165039 842.472663879395 761.627330780029 757.667675018311 856.989475250244 878.392004013062 858.322907447815 818.883476257324 865.178852081299 949.734687805176
717.987159729004 542.669548034668 677.158527374268 635.842670440674 424.009414672852 587.16588973999 685.710342407227 739.058746337891 475.296188354492 673.275497436523 476.52751159668 562.088508605957 560.216823577881 660.058784484863 466.589302062988 602.540639877319 751.503746032715 677.544990539551 582.111450195312 418.514419555664 750.752643585205 623.39937210083 604.182773590088 667.777147769928 589.674903869629 634.925704956055 744.621190071106 494.94221496582 522.910827636719 547.771591186523 574.573913574219 809.309997558594 739.016632080078 758.045204162598 728.91831278801 697.061183929443 727.269276618958 747.846000671387 747.795709609985 919.904510498047 799.426071166992 819.551918029785 819.920293807983 844.999835968018 738.946296691895 766.343048095703 731.10986328125 878.958602905273 900.785465240479 932.144378662109
615.444223403931 625.201335906982 552.091018676758 503.671142578125 657.879302978516 654.259159088135 713.648803710938 552.108497619629 661.786277770996 529.147338867188 616.683926105499 519.823783874512 654.6500903368 546.021416664124 475.847797393799 539.394689917564 443.819885253906 514.158145904541 557.381572723389 527.738140106201 652.998083114624 683.53787612915 739.348098754883 595.475875854492 667.404224395752 722.199523925781 802.480522155762 534.240371704102 501.218872070312 646.585159301758 594.184783935547 641.835891723633 704.360063552856 746.696245193481 681.598922729492 866.667343139648 842.147796630859 766.113384246826 758.831609725952 721.271368026733 763.2338514328 826.420909881592 997.338684082031 939.277191162109 799.993564605713 704.636337280273 814.146236419678 902.453914642334 827.211925029755 947.920944213867
667.488967895508 527.886486053467 595.941415309906 603.364572525024 649.305992126465 568.856298446655 565.617141723633 689.149391174316 735.000503540039 677.438659667969 582.007351875305 535.777938842773 614.114177703857 628.116798400879 551.261587142944 464.648948669434 521.723045349121 442.020141601562 533.426639556885 636.434951782227 730.917602539062 650.444484710693 737.13996887207 599.102180480957 621.874195098877 691.266757965088 856.356460571289 614.309906005859 640.668613433838 603.300415039062 505.001190185547 651.859214782715 722.752885818481 760.369930267334 887.654083251953 809.940292358398 790.906585693359 700.637676239014 645.760261535645 707.960487365723 647.489471435547 794.850290298462 789.679740905762 824.241847991943 757.858367919922 700.598136901855 877.140247344971 855.285181045532 844.35179901123 804.425401210785
499.714241027832 566.882662177086 660.886894226074 671.44554901123 596.680179595947 613.654266357422 514.956718444824 631.275161743164 719.038696289062 663.132400512695 606.410931587219 698.535707473755 634.307929039001 685.664611816406 419.593368530273 277.473892211914 408.215980529785 549.366970062256 445.073768615723 570.284927368164 778.383941650391 823.219497680664 644.630445480347 685.108871459961 631.173049926758 799.922424316406 798.366279602051 723.047294616699 698.614286422729 681.014936447144 645.539402008057 807.988807678223 817.511154174805 702.140479803085 745.730903625488 936.893463134766 744.002388000488 707.685172080994 707.535234451294 771.509582519531 772.19570350647 704.609642028809 744.346786499023 834.696632385254 693.196250915527 839.64351272583 887.892654418945 848.732219696045 897.638870239258 823.747215270996
589.307813644409 500.828506469727 530.561126708984 609.970569610596 563.820594787598 516.669342041016 380.820983886719 503.236297607422 801.79638671875 639.958717346191 612.766437530518 565.063760757446 596.374130249023 477.811416625977 377.588829040527 421.055793762207 375.476715087891 452.017250061035 637.721328735352 642.830085754395 571.750480651855 636.744581669569 715.66788482666 724.432914733887 714.680126190186 716.689613342285 674.869946956635 695.649250030518 788.299690246582 717.163600921631 794.006378173828 651.766448974609 566.141326904297 745.578807830811 599.711326599121 874.659454345703 811.046905517578 675.02116394043 607.449104309082 577.866744995117 591.554306030273 611.262649536133 787.458152770996 717.374794006348 791.243011474609 783.732945919037 843.066963195801 833.252746582031 943.856758117676 946.546203613281
619.156814575195 465.601715087891 437.191268920898 673.236663818359 573.848445892334 627.500030517578 531.89330291748 580.663253903389 703.63875579834 558.58313369751 594.801846027374 656.570816040039 580.065950393677 614.254573822021 478.478561401367 318.6884765625 434.45002746582 439.356521606445 479.09748840332 537.56649017334 626.985346317291 587.875583648682 703.576080322266 684.754312515259 666.31300163269 782.75855255127 620.747272491455 647.632341861725 647.734154224396 691.411682128906 705.45804977417 763.307739257812 650.870822906494 748.138801574707 729.920967102051 771.728965759277 814.472503662109 772.661277770996 750.07502746582 629.013816833496 727.168442726135 712.02173614502 704.930114746094 717.745655059814 775.241966247559 873.934646606445 795.906707286835 929.83373260498 890.924507141113 882.08846282959
657.649429321289 471.502601623535 504.600708007812 610.509559631348 516.090919494629 690.359024047852 612.135143280029 552.770166397095 716.548583984375 594.111607551575 619.545906066895 705.400779724121 666.231395721436 586.501747131348 413.616767883301 410.676094055176 443.525444030762 535.443119049072 439.451126098633 424.583488464355 610.291835784912 527.328437805176 714.251808166504 654.605527281761 580.568374633789 645.206794261932 650.005307435989 650.128008842468 625.774391174316 598.930519104004 737.346786499023 697.653215408325 753.616058349609 714.429981231689 656.258319854736 716.735218048096 763.307815551758 836.848777770996 669.691482543945 731.655663967133 639.48526763916 598.251876831055 633.037773132324 644.027648925781 653.537673950195 824.306262969971 715.636142730713 908.800872802734 770.223175048828 832.243240356445
619.885902404785 461.634468078613 642.004425048828 457.339492797852 499.782958984375 548.233329772949 472.522727966309 695.564910888672 607.518154144287 497.715789794922 698.130210876465 676.660247802734 644.576515197754 726.485305786133 486.293174743652 354.355606079102 451.441986083984 449.56201171875 747.908088684082 701.609424591064 602.432367324829 554.786346435547 751.136558532715 632.32594203949 674.333011627197 531.681732177734 584.434585571289 693.699489593506 613.718948364258 621.126876831055 761.270751953125 698.344762802124 739.303760528564 673.801469802856 641.631881713867 762.199951171875 684.735963821411 623.449485778809 530.480880737305 586.591033935547 570.727325439453 593.890289306641 703.698909759521 730.127896308899 754.888827323914 839.024852752686 789.904106140137 891.363327026367 869.545433044434 899.244445800781
579.223747253418 651.743759155273 606.901180267334 581.739508152008 440.607971191406 511.817321777344 541.459991455078 687.590536117554 425.394973754883 613.90544128418 599.416777133942 450.167320251465 690.986446380615 693.959156036377 559.31075668335 349.115386962891 491.022087097168 559.930397033691 617.983066558838 726.984344482422 603.051671981812 623.064308166504 711.570667266846 654.478417396545 639.150662779808 653.051273345947 576.471076965332 680.399585723877 625.992803573608 639.784774780273 663.948240756989 741.917499542236 712.172199249268 647.55592918396 619.961631774902 751.16040802002 676.643239974976 604.221618652344 602.290542602539 460.553405761719 630.332099914551 734.037713527679 690.539066314697 649.433128356934 694.060615539551 826.642700195312 587.237930297852 741.298542022705 679.545967102051 767.723148345947
475.196517944336 429.252471923828 596.909339904785 643.34326171875 472.495986938477 418.046005249023 467.807899475098 528.748197555542 486.840179443359 499.97811126709 443.715515136719 329.282379150391 633.486694335938 772.434928894043 776.248397827148 431.750801086426 492.4140625 555.142463684082 573.43692779541 534.207817077637 658.199508666992 628.448413848877 662.336643218994 711.835273742676 588.77872467041 655.467041015625 673.735628128052 454.832290649414 625.687915802002 621.188541412354 739.085918426514 786.035751342773 833.28874206543 594.381896972656 724.210670471191 695.482794761658 747.65279006958 774.354839324951 746.168902397156 543.617034912109 512.588592529297 740.506597518921 703.498863220215 749.582298278809 736.71404838562 699.896957397461 761.229376792908 596.980377197266 827.453941345215 645.418167114258
563.940530776978 573.570886611938 578.987174510956 470.250785827637 442.300994873047 550.924598693848 523.533195495605 531.391620635986 651.086761474609 516.220905303955 532.653388977051 1025.57832336426 527.494590759277 615.691228866577 869.833770751953 616.526556015015 576.823234558105 479.568252563477 477.723571777344 616.511173129082 699.123653411865 644.834745407104 787.476943969727 578.395092010498 616.807918310165 672.073268890381 719.741500854492 617.479616165161 673.066913604736 698.351547241211 559.752998352051 663.736484527588 782.3916015625 655.422465324402 718.150932312012 669.332311630249 756.571487426758 773.817611694336 796.536148071289 621.245346069336 724.37676858902 683.939735412598 693.939617156982 797.577861785889 776.436862945557 837.087295532227 774.675994873047 734.748365163803 616.462821960449 741.597670555115
550.363449931145 470.84285736084 582.484706878662 497.053092956543 508.61597442627 531.229881286621 699.163780212402 476.075881958008 486.046348571777 646.174091339111 420.408065795898 931.162994384766 698.056930541992 961.255508422852 612.896901130676 618.733327865601 566.240093231201 630.60085105896 559.73388671875 548.534477233887 578.817680358887 639.387404918671 618.562390565872 551.376724243164 573.926326751709 507.135276794434 433.477645874023 615.526924133301 693.941928863525 686.079732894897 583.244903564453 705.129014968872 793.78556060791 705.482048034668 749.096038818359 642.930015563965 647.446067810059 648.791665077209 660.599006652832 775.286262512207 777.859233856201 812.801391601562 909.250350952148 747.12840461731 914.86750793457 840.910751342773 694.656181335449 657.973304748535 747.606712341309 782.593822479248
554.713302612305 620.459991455078 615.181945800781 708.721481323242 524.641353607178 409.766571044922 619.223339080811 536.171619415283 734.115859985352 603.493895530701 453.618743896484 384.413360595703 518.525161743164 690.368499755859 738.58171081543 573.57816696167 557.63151550293 642.102088928223 547.956848144531 722.207084655762 567.973014831543 550.098258972168 685.895858764648 602.92554473877 466.25715637207 595.640380859375 549.979400634766 699.412376403809 679.58327293396 612.442001342773 602.199005126953 700.405090332031 935.915832519531 831.403945922852 705.221250534058 661.518346786499 598.561424255371 564.630424499512 634.430107116699 666.184362411499 769.414253234863 759.431938171387 828.130241394043 737.945185661316 734.389106750488 616.226348876953 487.026565551758 620.536895751953 730.735043525696 915.796691894531
623.443958282471 544.962936401367 502.90172958374 622.614402770996 650.497108459473 622.485145568848 561.651208877563 430.545913696289 548.819110870361 508.767791748047 595.470831871033 482.135154724121 674.483901977539 645.144790649414 558.13729095459 476.428207397461 630.920761108398 586.371229171753 563.838077545166 580.271648406982 570.178607940674 511.99243927002 668.660041809082 654.824737548828 599.301622390747 686.288305282593 609.344646453857 599.457912445068 805.182601928711 714.190692901611 659.787742614746 748.73184967041 707.619617462158 657.100118637085 654.156560897827 727.876399993896 608.249851226807 603.683662414551 748.576595306396 695.178938865662 683.863583564758 724.090255618095 665.33683013916 666.449626922607 610.948577880859 688.535045623779 440.954559326172 676.078620910645 606.267799377441 692.83793258667
610.609722137451 560.534829378128 544.972946166992 505.432456970215 510.191249847412 602.343502044678 553.010933876038 576.044074058533 471.332801818848 476.213218688965 670.557670593262 673.781196594238 676.083854675293 613.27987909317 588.158435821533 420.176788330078 525.413703918457 620.347234725952 578.121109008789 683.273460388184 509.061027526855 543.867393493652 482.693313598633 625.33987903595 562.425834655762 760.630653381348 669.511589050293 681.940340042114 715.62117767334 702.768352508545 693.958103179932 675.565679550171 586.055564880371 774.890838623047 732.392929077148 644.54955291748 487.351776123047 731.968639373779 659.72435760498 567.27059173584 782.133720397949 780.556060791016 712.593005716801 587.358001708984 821.01318359375 682.015357971191 601.984725952148 642.421058654785 720.214164733887 672.935642242432
452.241195678711 589.195304870605 444.793762207031 462.59342956543 442.306777954102 615.319808959961 564.696774959564 581.879867076874 635.045738220215 497.294403076172 597.99084186554 664.060157775879 446.565399169922 599.193006515503 594.01894068718 475.617225646973 569.977266311646 452.856895446777 598.254115104675 640.162635803223 608.399833679199 585.972646713257 606.540069580078 641.314907073975 780.019134521484 651.745384216309 493.40299987793 733.664367675781 593.015892028809 652.009429931641 744.561393737793 782.11547088623 640.323591113091 625.80562210083 764.869041442871 556.064010620117 540.657821655273 545.721099853516 658.500095367432 592.937568664551 707.248419284821 820.486915588379 831.758796691895 633.663398742676 709.885912179947 664.950220108032 807.388061523438 645.457778930664 728.21280670166 681.706289291382
623.288154602051 625.77025604248 387.874572753906 401.109313964844 464.220092773438 582.896944999695 640.368118286133 714.494812011719 645.136672973633 471.150436401367 478.72191619873 523.85481262207 527.931987762451 639.63830280304 516.098148345947 658.021806716919 606.344606399536 614.237588882446 669.131454467773 636.602897644043 632.50048828125 507.503242492676 545.930145263672 635.283920288086 543.16024017334 709.739181518555 605.880590438843 626.601593971252 642.064845561981 672.110950469971 821.630172729492 666.03867816925 574.253486633301 601.848834991455 608.122509002686 722.464557647705 701.330436706543 654.466119766235 658.061943054199 714.60619354248 548.084930419922 685.261751413345 600.525405883789 604.385261535645 723.404315948486 674.656250476837 679.039921760559 707.111377716064 714.465362548828 719.186721801758
602.631217956543 649.080383300781 454.586822509766 403.515625 576.777208328247 650.595733642578 604.786088943481 611.65295791626 732.840576171875 564.503502845764 696.243614196777 590.2192735672 565.62335395813 632.557800292969 644.068572998047 691.36351776123 661.055973052979 557.26522064209 495.571113586426 586.342673063278 552.565620422363 595.240745544434 650.835395812988 757.890502929688 623.989624977112 611.217858791351 757.791213989258 583.026062011719 624.515649795532 689.117988586426 709.410606384277 631.837451934814 698.604948043823 725.907718658447 721.522026062012 781.588912963867 715.652683258057 649.518047332764 558.432815551758 514.849075317383 531.116363525391 547.998046875 626.800678253174 694.202930450439 721.458339691162 770.197467803955 632.929920196533 660.676809310913 862.400238037109 745.769737243652
