simdem/realisation16.asc
NCOLS 350 
NROWS 171 
XLLCORNER 152620 
YLLCORNER 418050 
CELLSIZE 100 
NODATA_value -9999 
[rows 88 to 109 of 171, columns 250 to 299 of 350]
899.44534277916 859.439376831055 926.541060447693 931.660278916359 985.497833251953 839.942779041827 465.132476806641 548.437385559082 559.310729980469 769.274353027344 857.967758178711 521.977493286133 497.89729309082 838.095321655273 763.011856079102 871.561904907227 750.443483352661 762.201004981995 795.473983764648 579.366992950439 667.246927261353 889.754337310791 488.887939453125 534.843955993652 665.923627853394 685.019004821777 691.684072494507 837.151607513428 707.340400695801 888.776390075684 676.163146972656 694.183072090149 797.108062744141 550.398178100586 693.160305023193 764.616905212402 718.360167264938 657.701103210449 621.290977478027 564.768585205078 619.290435791016 607.093887329102 600.508979797363 822.973190307617 499.892639160156 731.81517791748 716.222480773926 695.966148376465 697.18871307373 608.786117553711
787.505125045776 944.822158813477 1008.1847820282 877.390029907227 870.685980796814 896.86986541748 686.654792785645 723.440002441406 533.515029907227 809.217178344727 603.060256958008 781.015579223633 826.212310791016 767.81907081604 865.140966415405 850.620552062988 609.468887329102 650.032165527344 872.184089660645 699.601185798645 513.170143127441 407.609802246094 504.237228393555 687.764775276184 558.295425415039 702.833934783936 636.606391906738 650.285163879395 719.353858947754 709.098350524902 699.443009376526 841.587059020996 807.099376678467 577.698219299316 607.97819519043 655.086153030396 899.112380981445 614.107189178467 634.470603942871 632.198829650879 1310.89665985107 435.753524780273 691.508213043213 712.364456176758 663.88835144043 720.306617736816 740.790496826172 716.070686340332 720.907859802246 690.908935546875
838.554803848267 899.377227783203 686.768249511719 1017.41929626465 897.356285095215 733.545962810516 897.203323364258 612.962867736816 647.236335754395 595.600746154785 748.675987243652 852.68359375 593.023162841797 789.112312316895 625.450347900391 792.680982112885 488.696624755859 648.5530128479 628.548027038574 737.847984313965 690.954132080078 607.630744934082 569.103813171387 803.708354949951 1054.03619384766 909.042572021484 795.284639358521 717.606590270996 685.617797851562 679.171585083008 734.637743711472 873.326261520386 723.163455963135 685.215042114258 738.007709503174 828.919143676758 698.613224029541 675.524552166462 700.05969619751 633.357000350952 813.999893188477 374.933898925781 544.689468383789 504.108108520508 597.832702636719 666.135620117188 994.713897705078 859.32213973999 789.456979751587 1001.36827850342
843.516883850098 799.669121742249 945.281433105469 898.815319061279 1133.98723983765 1267.80090332031 763.10178232193 742.811386629939 838.87580871582 706.870170593262 718.551399230957 702.464553833008 603.065002441406 658.976593017578 775.176035881042 673.079650878906 781.660507202148 527.599700927734 726.869697570801 748.468021392822 772.724962234497 680.151039123535 688.436386108398 790.555816650391 955.777633666992 876.492050170898 955.964569091797 764.673149108887 809.442840576172 1336.49257659912 803.970882415771 738.315240859985 805.420703887939 643.845817565918 660.441677093506 691.463245391846 622.377147674561 649.742927312851 641.830587387085 581.451591491699 949.091796875 888.666595458984 482.879943847656 645.455055236816 705.461240768433 583.296173095703 841.101295471191 707.405334472656 1037.39009857178 1206.7046661377
736.493072509766 813.600766181946 870.731452941895 1043.16830444336 1113.95694732666 887.467166900635 1155.22148513794 603.350341796875 796.230178833008 780.204734802246 906.56711769104 978.410436630249 803.82453918457 563.463989257812 639.315612792969 1085.05874633789 712.308748245239 808.634376525879 711.57564163208 741.282886505127 642.026313781738 781.430733680725 766.805957794189 880.002750396729 884.80583190918 861.400779724121 828.965263366699 797.38395690918 878.357597351074 990.175392150879 828.936195373535 786.653490066528 891.341438293457 822.208232879639 664.053707122803 529.296417236328 598.384857177734 715.146629333496 727.754707336426 645.997016906738 365.269836425781 1042.82269287109 454.063262939453 746.748642444611 740.942371368408 701.363258838654 716.340110778809 759.114421844482 925.436904907227 706.93147277832
831.574873924255 838.802253723145 865.500610351562 1076.28566741943 967.857039451599 861.700035095215 766.424247741699 865.980537414551 814.596427202225 1190.62696838379 1023.85687255859 877.259214401245 737.820907592773 942.522613525391 987.172988891602 633.298706054688 701.50288772583 715.002670288086 896.865043640137 946.054901123047 823.855415344238 819.643283843994 788.308779716492 753.517978668213 666.027297973633 797.424660682678 963.815399169922 1071.95129394531 710.948303222656 853.779907226562 790.781944274902 882.221168041229 764.672950744629 915.110717773438 786.955467224121 808.680267333984 768.335933685303 785.956157684326 689.827520847321 817.416496276855 611.552787780762 1270.85089111328 540.755706787109 623.017181396484 555.334503173828 650.719223022461 751.338157653809 706.625213623047 816.643775939941 881.359466552734
712.197509765625 901.611068725586 886.926002502441 968.490844726562 960.22647857666 766.982276916504 749.26424407959 780.700232505798 767.385652542114 829.533134460449 1009.07716941833 930.582225799561 773.829544067383 714.242553710938 811.057220458984 735.5232629776 658.629680633545 826.525733947754 730.397403717041 718.656537055969 917.297073364258 654.443141937256 606.882781982422 711.890640258789 592.215057373047 944.340805053711 632.334075927734 809.211547851562 732.319747924805 850.073181152344 920.005172729492 668.877838134766 677.086700439453 883.737922668457 685.268112182617 785.743797302246 790.108619689941 817.253471374512 738.337009429932 683.770963668823 762.967002868652 632.039367675781 581.797073364258 558.138519287109 591.104675292969 514.14892578125 452.045349121094 607.597686767578 722.555908203125 902.392730712891
817.265810012817 843.222381591797 901.99963593483 895.49524307251 838.630292892456 808.657186508179 1154.71589183807 897.645957946777 789.623176574707 931.285934448242 824.032989501953 1276.65106582642 949.512966156006 597.706085205078 704.362518310547 1046.33415603638 933.839038848877 661.996932983398 888.754266738892 858.5234375 807.405742645264 774.850814819336 860.065879821777 942.486656188965 982.265594482422 1132.89082336426 818.499145507812 715.397583007812 732.558204650879 716.43090057373 1438.41088867188 592.801971435547 609.683807373047 799.709899902344 808.570934295654 811.097610473633 745.576507568359 831.086158752441 896.784894943237 790.587149620056 683.86243057251 698.289086341858 1072.34605407715 672.229125976562 588.146926879883 501.441482543945 1021.12913513184 527.490325927734 439.659927368164 989.940940856934
847.876190185547 986.393051147461 887.65291595459 979.611175537109 996.915113449097 969.473812103271 760.840911865234 886.161962509155 1225.72019195557 887.135063171387 716.291915893555 645.498737335205 717.454222679138 733.446784973145 772.359039306641 768.256423950195 729.400737762451 715.16227722168 881.589202880859 1078.07883834839 1099.83599472046 1249.04806518555 1171.00283813477 749.769088745117 989.803787231445 694.352676391602 469.366088867188 529.901580810547 675.958404541016 1228.1852722168 556.362640380859 671.271072387695 588.036636352539 909.437034606934 1118.50175476074 803.41374206543 579.310150146484 623.321685791016 872.808540344238 808.043327331543 643.555389404297 630.380020141602 997.003402709961 633.924545288086 777.196411132812 527.006988525391 504.610107421875 535.929504394531 578.736396789551 1046.05245876312
630.861053466797 727.326820373535 826.867578029633 918.726943969727 915.993011474609 909.255434989929 939.725450515747 858.196136951447 1259.23585510254 1290.7477722168 853.644895553589 799.865112304688 1481.91334152222 913.573928833008 672.607986450195 498.582946777344 642.297088623047 682.126853942871 747.872776031494 842.29972076416 805.530771255493 940.618350028992 543.956085205078 495.789276123047 562.485458374023 868.947570800781 739.707763671875 536.057800292969 523.537658691406 778.645965576172 677.105285644531 1391.54106140137 1247.58833312988 806.491889953613 720.635955810547 708.507934570312 813.153643608093 708.624606132507 670.668212890625 725.919521331787 705.280876159668 704.929240226746 896.484252929688 1381.81146240234 674.036972045898 754.367568969727 604.042556762695 677.422340393066 631.911010742188 673.664909362793
676.99095916748 1309.64192962646 1078.89670181274 798.016368865967 725.102500915527 833.03709602356 864.972793579102 1164.5587310791 690.241363525391 937.085433959961 905.899520874023 876.054857254028 770.040976524353 801.692016601562 623.140312194824 710.218978881836 738.898864746094 765.764898300171 605.923439025879 777.603177070618 777.177314758301 728.695381164551 843.802474975586 785.402221679688 413.787414550781 1015.60871887207 1620.22811889648 950.613311767578 1126.44094848633 596.025192260742 917.690246582031 524.263977050781 729.828277587891 1037.97515869141 768.183532714844 803.486061096191 760.053871154785 808.113897323608 623.218376159668 588.0224609375 771.875997781754 708.140435218811 787.341522216797 674.279479980469 641.548648834229 774.650787353516 789.075923919678 831.333473205566 795.051961898804 1127.17171859741
748.493623733521 682.494659423828 1176.28192138672 552.841232299805 583.309997558594 850.646148681641 1347.52367401123 1169.65132141113 700.89826965332 935.724788665771 754.066833496094 1039.40542602539 1197.07958984375 1113.81700897217 899.569625854492 1037.33000946045 951.671783447266 728.287824630737 722.472957611084 743.056797027588 1172.91240692139 895.246444702148 864.352272033691 630.325775146484 1270.56182861328 930.78678894043 830.692596435547 1307.10885620117 1227.93798828125 608.420349121094 962.454574584961 993.934074401855 683.391830444336 1114.66849327087 798.710800170898 948.589004516602 705.30948638916 706.483383178711 546.187576293945 521.331520080566 488.591598510742 464.211944580078 713.310836791992 1170.3157119751 1418.6923828125 777.229221343994 664.34814453125 837.358909606934 778.21870803833 830.362348556519
1288.08704566956 669.772888183594 611.477340698242 665.788932800293 562.902038574219 1052.82613372803 896.715454101562 945.750015258789 738.36385345459 800.907028198242 1002.96152877808 761.260917663574 869.636360168457 1016.66319274902 892.998905181885 694.429901123047 608.566497802734 533.719741821289 700.057159423828 671.552017211914 1298.09119606018 1451.71295833588 862.684169769287 921.473617553711 800.208362579346 1239.34992980957 767.509796142578 617.637969970703 1382.88607788086 645.466278076172 1126.34214019775 844.366176605225 794.376312255859 788.004905700684 870.898849487305 835.806322097778 623.997299194336 696.732208251953 491.257568359375 451.344985961914 663.292360305786 626.272979736328 721.283126831055 750.04207611084 947.40128326416 596.023002624512 806.775108337402 906.065475463867 828.330785751343 850.095161437988
658.448112487793 685.678657531738 925.98543548584 730.648628234863 736.680736541748 975.951438903809 931.675670623779 862.218788146973 875.905075073242 841.116104125977 740.409233093262 1181.57437896729 953.549140930176 862.203861236572 955.036521911621 605.574783325195 704.332870483398 1016.80880737305 690.440399169922 787.872520446777 1393.01806640625 911.059005737305 1285.07526016235 791.564563751221 790.837364196777 941.514907836914 1204.34906005859 1705.2483215332 821.481544494629 1237.47183227539 932.047798156738 867.93478000164 874.200996398926 714.908843994141 769.148124694824 809.450386047363 589.430328369141 644.894241333008 619.183303833008 612.601566314697 324.036987304688 408.22354888916 641.210027694702 778.311824798584 1071.20745182037 750.587181091309 709.093811035156 747.0234375 712.589946746826 840.308715820312
899.593482971191 1113.4222869873 845.529319763184 663.30842590332 766.184651851654 647.520523071289 743.580078125 886.040878295898 761.709213256836 1519.98989868164 707.20401763916 1230.96299362183 1064.41271114349 806.879440307617 724.68798828125 968.502769470215 730.584392547607 622.206558227539 1605.65356445312 881.774375915527 1017.55569458008 1125.6656036377 1065.29783630371 1277.58730697632 951.686393737793 786.884902954102 760.990814208984 1688.95166778564 1157.39588165283 833.730018615723 882.083839416504 1453.27116632462 847.699844360352 798.997352600098 848.745939254761 796.870338439941 691.754379272461 738.634460449219 555.41332244873 552.763078689575 457.385711669922 523.53237247467 625.557746887207 806.488464355469 683.480445861816 744.430122375488 699.99711227417 749.899505615234 759.01993560791 742.080612182617
759.595153808594 1264.02376556396 1072.49167633057 712.726501464844 1226.49098205566 837.737030029297 1008.09955596924 810.310409545898 754.960105895996 981.866081237793 946.473062515259 929.64986038208 870.094745635986 991.248333930969 831.089237213135 780.846145629883 1209.96816444397 860.534481048584 877.537933349609 942.210220336914 813.673322677612 1111.21894836426 1100.79534912109 1252.24948120117 789.64087677002 807.817657470703 871.499221801758 730.170318603516 548.416168212891 711.335357666016 1128.23564147949 1167.49906158447 616.779739379883 752.509338378906 823.033416748047 884.700430870056 862.122611999512 856.918902873993 727.368427276611 569.042846679688 739.480560302734 683.419555664062 567.355674743652 672.610542297363 730.638130187988 646.41397857666 770.40040397644 827.264137268066 818.30334854126 781.814483642578
998.821029663086 724.797973632812 1015.54600143433 716.349113464355 721.50337600708 899.751258850098 607.850463867188 708.121734619141 866.878195285797 1133.73578643799 1065.62746429443 943.670188903809 980.097106933594 1334.43850708008 1052.07777786255 970.983184814453 874.181415557861 1044.18196868896 890.38014793396 996.373146057129 794.507827758789 1213.89811325073 956.531551361084 817.46471786499 842.916236877441 739.307495117188 992.890853881836 767.975555419922 1465.65971374512 1405.72468566895 1223.88876342773 759.248764038086 853.776557922363 828.442276000977 840.623863220215 919.56024646759 863.836462020874 1010.84857177734 862.747497558594 799.636219024658 780.986740112305 640.314212799072 601.87947845459 741.53345489502 925.17121887207 1291.82664489746 895.996765136719 740.983170509338 651.25562286377 824.43888092041
695.853309631348 564.848007202148 600.216293334961 850.911868274212 867.671362876892 1106.06524276733 655.64680480957 773.15950012207 845.072078704834 949.200325012207 995.583969116211 1255.18812888861 1493.32563376427 1068.90074920654 1087.69372558594 973.20002746582 835.261405944824 802.618911743164 1235.30194091797 1198.91472244263 761.433990478516 910.114154815674 1206.76130281389 1371.79644775391 1087.60091018677 844.310066223145 930.091770172119 878.608936309814 870.684845924377 745.499572753906 680.106216430664 804.645065307617 815.022779464722 781.892837524414 908.826385498047 866.904579162598 1059.74896240234 1017.39071655273 904.946369171143 833.794292449951 917.148502826691 780.631155014038 581.155166625977 613.548332214355 775.879707336426 979.519203186035 733.499855041504 805.131057739258 839.437614440918 706.236282348633
730.675735473633 834.357917785645 1296.73068237305 1044.77717590332 1091.00410461426 1131.34238433838 1014.91738128662 1108.00696563721 1957.95651245117 623.770431518555 1345.87258529663 685.627868652344 1277.39081573486 962.209820747375 1140.81356811523 1011.57941818237 809.595108032227 710.496734619141 758.309616088867 889.59644985199 820.897193908691 922.506195068359 824.776309967041 873.685253143311 867.876689910889 714.420150756836 877.318534851074 932.816444396973 815.076747894287 790.081535339355 725.785766601562 775.518989562988 904.148910522461 794.512102127075 802.64782333374 956.199569702148 966.714897155762 796.978385925293 824.490333557129 959.244689941406 912.396961212158 771.975351333618 516.69319152832 626.529731750488 701.28108215332 586.27262878418 804.049320220947 849.387336730957 813.597991943359 696.768283843994
747.741302490234 915.731101989746 778.822479248047 735.933540344238 1080.63813781738 1386.26593399048 1662.71887779236 1038.49569702148 700.793350219727 820.377725601196 1219.96406936646 824.359226226807 858.122336387634 959.223847389221 912.64917755127 1188.01641845703 1043.34678649902 901.388961791992 762.568294525146 730.375072479248 944.876678466797 771.853012084961 871.708213806152 890.023242950439 722.633804321289 898.192405700684 697.576957702637 804.94393157959 926.645751953125 914.682514190674 831.365814208984 834.845918655396 726.921974182129 710.691692352295 683.459259033203 731.807182312012 962.751167297363 910.005592346191 805.851542234421 981.113906860352 921.862266540527 720.613636016846 653.374683380127 481.834449768066 655.956756591797 678.812917709351 864.353881120682 641.174110412598 807.02127456665 807.613861083984
593.558624267578 1079.49348449707 1146.79628753662 946.299745559692 1209.25518798828 888.777099609375 1008.44477748871 1419.63259124756 1391.52752685547 801.825135946274 766.418560028076 1175.45587158203 834.661525726318 1197.28527450562 1196.90704345703 979.35277557373 1063.37442541122 959.2493019104 1616.4494934082 1361.92082881927 914.298027038574 796.396347045898 863.07043838501 853.610691070557 757.383804321289 806.496223449707 813.113899230957 757.105016708374 762.666551589966 1046.46094512939 867.968517303467 921.75955581665 908.804828643799 745.215948104858 764.381805419922 706.495483398438 863.587827205658 823.496704101562 665.478828430176 594.465110778809 772.477184295654 797.287773132324 812.759452819824 712.891878128052 527.17462348938 430.252296447754 724.454986572266 734.255931854248 884.295001983643 1053.98487854004
748.653086662292 830.301002502441 801.480928421021 957.001777648926 1212.5196685791 985.519523620605 692.534454345703 1278.27593588829 1673.98291015625 828.227550506592 1145.91146850586 731.804016113281 948.22093963623 883.001035690308 1127.0951385498 1268.42084503174 1000.14999389648 944.861908197403 1040.80102539062 1041.69709014893 1127.80014038086 933.13801574707 966.428596496582 626.035308837891 695.654357910156 972.331604003906 976.092002868652 884.042980194092 876.948127746582 1000.35153198242 869.99426651001 783.410783648491 938.519927978516 719.538360595703 716.127517700195 774.628425598145 759.500190734863 864.160972595215 1010.34281158447 865.424873352051 802.675926208496 784.610776901245 801.679340362549 675.279632568359 671.514303207397 610.734336853027 650.956672668457 858.858665466309 913.631985664368 899.466583251953
