simdem/realisation15.asc
NCOLS 350 
NROWS 171 
XLLCORNER 152620 
YLLCORNER 418050 
CELLSIZE 100 
NODATA_value -9999 
[rows 44 to 65 of 171, columns 50 to 99 of 350]
666.628890991211 599.662826538086 673.641136169434 739.554866790771 395.496425628662 379.319816589355 587.103744506836 614.206233978271 675.682083129883 459.948463439941 895.454578399658 413.588050842285 452.163070678711 482.706083297729 540.954753875732 522.672306060791 451.174373626709 521.276969909668 420.923381328583 447.797681808472 462.154769897461 466.78364944458 350.042106628418 453.395732879639 343.505554199219 431.231033325195 520.885894775391 473.844436645508 263.694427490234 433.26201915741 457.087253570557 383.135967254639 381.435779571533 447.557753562927 442.144355773926 402.385734558105 490.992435455322 474.60173034668 241.192230224609 432.015851974487 581.002593994141 633.761672973633 486.228336334229 428.275743484497 422.875839710236 621.085998535156 473.125785827637 381.30965423584 452.462070465088 477.357303619385
603.849792480469 412.703216552734 542.659072875977 751.028656005859 468.627540588379 475.104667663574 682.293823242188 671.877128601074 562.835418701172 749.140716552734 544.792934417725 518.078905105591 485.207839623094 538.922657012939 688.827941894531 560.838386535645 479.313623428345 358.182151794434 477.731735229492 435.680254936218 495.529556274414 524.461318969727 444.352462768555 546.014419555664 469.149284362793 430.256336212158 424.448113918304 519.654479980469 381.038925170898 423.044922202826 367.192821502686 491.999557495117 480.973224639893 425.794273853302 459.887363433838 406.076412200928 368.536506652832 437.915297031403 398.186588287354 555.68424987793 497.874458312988 613.520141601562 464.600067138672 339.01490020752 453.011777877808 495.748894691467 393.934215545654 421.958086967468 476.898296356201 591.049530029297
535.88313293457 249.870422363281 264.636260986328 335.042121887207 453.257164001465 534.061527252197 665.067066192627 566.58390045166 724.837657928467 613.631549835205 562.295722961426 495.436729431152 397.784049987793 442.472476959229 541.705215454102 502.535873413086 341.766059875488 358.866966247559 410.144928455353 501.093788146973 480.273811340332 545.858200073242 445.941875457764 531.436790466309 584.318283081055 567.777587890625 495.734672546387 391.019023656845 402.979787826538 402.952856063843 477.943634033203 493.338417053223 348.034172058105 389.757457733154 282.104843139648 349.157409667969 318.863594055176 368.237686157227 358.696804046631 549.40788269043 567.959083557129 414.443271636963 488.680274963379 293.219146728516 420.27493429184 388.10200881958 392.760837554932 388.37686920166 496.440391540527 644.157302856445
556.449607849121 404.482475280762 241.197814941406 362.13037109375 268.178184509277 392.10546875 923.668487548828 632.182052612305 461.407043457031 488.978483200073 368.111557006836 427.655563354492 377.433181762695 414.273456573486 631.543395996094 641.911514282227 490.384212493896 308.07649230957 420.761577606201 424.169898986816 315.424842834473 481.895301818848 494.134101867676 592.505310058594 440.045402526855 419.483749389648 485.767648696899 514.283378601074 433.99297618866 436.435603141785 406.648908615112 657.694686889648 478.044086456299 409.618068695068 333.557586669922 284.591384887695 355.958076477051 394.395160675049 490.983016967773 597.196990966797 452.042774200439 497.015392303467 377.823097229004 273.323486328125 390.710477828979 479.191543579102 479.29468536377 444.802934646606 456.577981948853 377.968887329102
528.65246963501 590.144424438477 328.277946472168 418.962188720703 378.162910461426 504.217338562012 485.329728126526 554.138290405273 599.216293334961 526.298904418945 492.053895950317 391.085861206055 506.425384521484 443.199363708496 474.58691740036 440.735370635986 416.870742797852 536.4443359375 393.595764160156 458.235076904297 511.994537353516 411.854819059372 474.506408691406 578.257659912109 458.030921936035 478.28360748291 503.833976745605 442.752670288086 437.404742240906 561.876098632812 502.812301635742 504.987579345703 500.295618057251 329.309906005859 419.940521240234 463.634021759033 366.848983764648 379.432956695557 482.334156036377 602.967086791992 496.169086456299 377.480995178223 399.196750640869 322.544609069824 381.680500030518 345.191200256348 360.517189025879 511.99263381958 431.700611114502 242.104721069336
668.498046875 471.412628173828 437.411502838135 347.499481201172 585.51739692688 456.163854598999 601.358001708984 531.612510681152 623.945724487305 524.325000762939 364.171974182129 475.806709289551 356.424713134766 449.039649963379 414.062431335449 519.337471008301 355.851146697998 396.317662239075 383.542778015137 434.431308746338 506.418029785156 275.340667724609 460.484645843506 411.307441711426 563.36962890625 462.64022064209 373.081951141357 425.961883068085 579.266784667969 461.808717727661 381.191074371338 343.057716369629 411.571479797363 277.864273071289 354.468368530273 397.775241851807 570.222839355469 461.851047515869 474.914905548096 326.299797058105 404.275074005127 429.228065490723 441.769550800323 479.548000335693 456.91263961792 423.356630325317 480.03731918335 394.141998291016 325.769775390625 401.449760437012
376.247645020485 478.495398819447 564.65608215332 947.876457214355 467.998275756836 427.652542114258 628.923294067383 567.643615722656 534.848777770996 494.070562362671 270.907592773438 489.541213989258 524.932884216309 482.508390426636 421.443731307983 441.731244087219 308.460716247559 450.03963470459 286.862983703613 294.366729736328 401.294389724731 397.101921081543 501.555740356445 493.111396789551 378.109027862549 471.96417427063 445.687294006348 432.608139038086 569.553009033203 445.494340896606 357.413932800293 446.710054397583 513.10205078125 365.61009979248 458.745334625244 464.462509155273 538.593627929688 431.459827423096 336.757217407227 383.03438949585 559.808029174805 385.500202178955 398.140948295593 662.591445922852 503.800267696381 532.418464660645 540.407867431641 318.778335571289 237.911880493164 384.178550720215
747.071769714355 444.480361938477 459.355546951294 309.522705078125 472.528579711914 271.808624267578 497.636387825012 481.117603302002 459.718945503235 392.536647796631 385.280158996582 348.366264343262 425.877554558218 488.907371520996 390.707096099854 424.442248344421 437.858830451965 467.463920593262 360.520347595215 390.321256637573 518.070510864258 543.099884033203 426.876817703247 419.453258991241 494.129699707031 479.946960449219 438.861398220062 365.860675811768 465.06563949585 468.554004669189 436.374452590942 457.34061050415 489.306976318359 319.265213012695 454.299976348877 332.981712341309 314.624496459961 277.876907348633 301.507675170898 258.978393554688 448.961859226227 575.422340393066 445.270221710205 426.076893806458 396.639148712158 490.240798950195 425.402336120605 413.855704009533 300.59854888916 323.806312561035
597.701156616211 299.775329589844 999.184337615967 646.302993774414 454.022621154785 400.804481506348 450.840267181396 433.712097167969 376.46068572998 414.933746337891 526.280052185059 461.005680084229 501.619169235229 322.487358093262 431.538850784302 438.907389163971 469.455829620361 408.82343006134 434.551568508148 391.716687202454 452.867218017578 548.247573852539 469.771327972412 481.141952514648 336.86156463623 346.746650695801 463.097324371338 343.326927185059 421.082753181458 478.030487060547 426.372066497803 408.234923362732 464.007316589355 418.24910736084 393.912851333618 273.61116027832 234.790466308594 347.803588867188 212.115158081055 259.289016723633 416.156097412109 487.56867980957 392.556571960449 518.815139770508 490.862159729004 443.391139984131 416.99307346344 431.67018699646 474.765991210938 374.645797729492
626.078340053558 399.596252441406 506.241077423096 640.11576461792 586.984691619873 395.39436340332 369.816589355469 385.548751831055 412.845687866211 407.351165771484 495.750072479248 435.956035614014 375.862091064453 474.063865661621 399.445386886597 308.433242797852 354.891605377197 343.829879760742 418.81507062912 435.271318435669 306.611633300781 459.021282196045 518.608871459961 526.973197937012 543.790019989014 492.289413452148 428.417469978333 630.03759765625 336.827178955078 261.920806884766 328.219146728516 273.184425354004 375.951690673828 382.132791519165 360.748733520508 370.985404968262 223.914047241211 273.458892822266 232.702407836914 348.306537628174 364.466403961182 419.938282012939 449.433135986328 398.648873329163 418.836842536926 426.2784948349 476.321830749512 498.860984802246 549.370529174805 497.686317443848
762.114669799805 599.534896850586 459.670471191406 686.610187530518 452.351570129395 530.075370788574 450.105159759521 426.396797180176 439.277439117432 451.488040924072 436.888548135757 521.369693756104 398.218060493469 517.118919372559 319.675750732422 420.881035804749 262.140411376953 326.538539886475 469.415798187256 389.34991645813 606.736953735352 614.967407226562 450.771869659424 744.006675720215 713.476364135742 351.280097961426 327.278839111328 285.418701171875 235.361190795898 311.693435668945 211.451293945312 257.779495239258 322.385360717773 278.221519470215 321.047966003418 348.257972717285 361.679775238037 404.374244689941 290.828956604004 337.021465301514 441.632617950439 458.158596038818 351.398101806641 412.800912797451 425.834409713745 404.290901184082 376.914241790771 496.757598876953 529.418121337891 461.965072631836
748.09797668457 1215.32344818115 559.564189910889 660.597602844238 562.902156829834 422.350654602051 467.914393901825 425.795108795166 450.442609906197 435.549761533737 394.255577087402 370.2060546875 324.563598632812 406.49903678894 505.578964233398 498.308868408203 472.711776733398 426.702201366425 347.026634216309 408.471554756165 468.183410644531 648.595260620117 400.694480895996 541.20295715332 496.672653198242 587.220901489258 399.055337905884 315.179576873779 419.935886383057 292.816757202148 239.299789428711 198.327850341797 346.880352020264 417.174472808838 394.705902576447 294.060333251953 239.897277832031 317.45792388916 425.409900665283 529.255447387695 359.063304901123 480.14820098877 394.037373542786 500.803268432617 360.358180999756 406.546320915222 479.545509338379 388.466125488281 356.399887084961 412.501655578613
522.652099609375 605.404001235962 734.575988769531 723.453578948975 636.273078918457 476.549018859863 470.000633239746 432.804161071777 508.989814758301 530.771255493164 455.328826904297 325.349990844727 291.882598876953 413.519045829773 480.64298248291 617.74235534668 549.123687744141 382.268970489502 497.270523071289 522.390617370605 484.594032287598 665.100509643555 291.435073852539 377.986701011658 519.503509521484 391.278465270996 281.369815826416 412.981292724609 245.625007629395 332.535690307617 153.266464233398 337.86217880249 152.288696289062 325.778127670288 330.552749633789 279.253387451172 256.393692016602 437.169784545898 634.980728149414 693.215179443359 364.403190612793 383.391839981079 433.895004272461 382.713514328003 335.458366394043 493.742988586426 252.114242553711 307.955535888672 365.261405944824 413.542778015137
587.961944580078 461.960090637207 604.310832977295 496.26655960083 591.573154449463 644.748260498047 646.63712310791 482.828430175781 445.584186553955 431.739619791508 421.711709976196 333.51587677002 343.029968261719 435.475141525269 522.415870666504 560.396636962891 517.279502868652 398.049108028412 295.181564331055 447.261306762695 367.837062835693 442.764699935913 353.019590139389 419.195243835449 553.368911743164 553.287261962891 489.275985717773 340.317073822021 343.166677474976 272.227180480957 287.907543182373 300.298480987549 302.91593170166 326.702289581299 363.086116790771 328.634750366211 376.982604980469 504.91136932373 432.069862365723 542.605102539062 479.471969604492 388.183999061584 478.327079772949 380.289226531982 426.023380756378 464.889492034912 400.498266220093 291.632797241211 429.524834156036 456.029346466064
452.018836975098 466.548683166504 585.308753967285 539.691951751709 568.241010665894 717.960159301758 640.641723632812 361.810745239258 429.691667556763 443.347244262695 370.954853057861 355.552589416504 237.669952392578 353.286045074463 522.888931274414 490.659896850586 676.672439575195 474.990119934082 339.112403869629 347.69563293457 269.938323974609 356.331001102924 379.714847564697 448.662727355957 428.235237121582 435.874603271484 341.315479755402 363.279495239258 324.996208190918 185.296844482422 286.180641174316 375.778793334961 360.385522842407 340.60765838623 216.613021850586 319.833961486816 518.589546203613 547.610977172852 479.650100708008 529.952362060547 366.545280456543 573.915969848633 578.450042724609 414.010970512405 498.150169372559 349.442138671875 356.431549072266 471.024490356445 361.380683898926 429.780055999756
504.985261917114 472.816032409668 594.054347991943 654.930610656738 615.001535415649 609.788816452026 514.791321754456 465.40260219574 438.635482549667 412.423803329468 437.271545410156 437.829086303711 401.650012969971 510.529510498047 499.619735717773 466.15641784668 609.926284790039 525.333831787109 323.558948516846 344.508392333984 269.588562011719 226.489532470703 393.321269989014 410.915431976318 420.218902587891 361.112567901611 410.785327911377 270.928359985352 132.772872924805 318.236423492432 290.294227600098 300.809879302979 374.399357795715 221.779907226562 254.223762512207 306.756652832031 330.147213459015 475.599319458008 516.156616210938 432.596446990967 394.322295188904 385.4641456604 357.330863952637 488.009017944336 501.436401367188 381.263244628906 416.889693260193 304.279037475586 323.637275695801 295.25855255127
471.480373382568 519.900611877441 470.03662109375 543.036144256592 822.608123779297 715.804225921631 504.876899719238 664.761474609375 489.379413604736 344.973587036133 321.69758605957 392.099910736084 419.437034606934 369.141332626343 458.745903015137 412.56365776062 467.145904541016 360.133827209473 248.966888427734 415.28588104248 341.313462972641 330.042781829834 337.601879119873 472.717544555664 344.603346824646 319.50216293335 219.811309814453 411.506598472595 263.158309936523 341.786064147949 374.107258796692 315.84415435791 289.458084106445 258.352676391602 295.152801513672 248.529556274414 291.526802062988 350.851696014404 367.083072662354 395.052711963654 385.645860671997 112.687805175781 346.315868377686 374.507984161377 509.604927062988 420.023753166199 465.442157745361 322.712158203125 332.285057067871 272.410430908203
400.090576171875 379.604232788086 485.66609954834 637.510604858398 631.514520645142 530.835945129395 611.5661277771 545.635135650635 554.386619567871 435.346466064453 297.511596679688 431.173294067383 360.559217453003 469.400367736816 299.044204711914 562.554351806641 476.141826629639 270.488090515137 278.968521118164 221.447631835938 331.572776794434 473.533042907715 378.495700359344 377.991348743439 405.641410827637 434.726264953613 440.049728393555 412.37467956543 227.604141235352 417.971237182617 266.042625427246 327.125282287598 316.062866210938 313.419052124023 436.366436004639 347.089515686035 235.423278808594 469.597797393799 410.409573554993 401.574836730957 280.940521240234 338.370811462402 346.878067016602 390.728939056396 415.406446456909 575.297561645508 408.045464515686 433.445913314819 460.199077606201 444.325281143188
513.117168426514 427.605560302734 435.234451293945 762.826736450195 646.317707061768 712.069038391113 522.957862854004 444.440620422363 465.442223548889 445.957162857056 373.054969787598 251.38410949707 345.382213592529 291.69815826416 367.291088104248 458.519493103027 393.944440841675 317.672576904297 362.402561187744 358.084796905518 364.187940597534 270.091576099396 372.720892906189 428.924819946289 400.74532699585 352.641246795654 351.071564674377 254.637321472168 305.11043548584 316.510864257812 329.485935211182 275.19246673584 341.744163513184 357.096404075623 380.45108795166 371.350883483887 261.45044708252 300.950393676758 509.166435241699 441.012129306793 434.685377120972 419.134400367737 442.495412826538 483.700534820557 443.137722492218 391.379730224609 478.210472106934 565.117568969727 463.956089019775 506.179828643799
482.451438903809 399.901275634766 485.392158508301 614.569477081299 684.354553222656 475.969925880432 370.313816070557 300.093368530273 418.638370513916 425.563705444336 470.097160339355 397.500717163086 366.504914283752 278.330154418945 391.109796524048 486.763626098633 445.410224914551 430.637516021729 437.089988708496 403.652484893799 380.349393844604 427.123497009277 571.580917358398 413.256954193115 403.702528953552 256.89599609375 228.865112304688 204.186996459961 337.877460479736 287.747581481934 231.856414794922 279.249656677246 236.182907104492 506.824768066406 371.738523483276 486.796745300293 413.303066253662 379.714824676514 534.864044189453 456.903022766113 409.21558380127 410.235460281372 383.093502044678 344.87939453125 302.674774169922 467.904205322266 474.522415161133 436.146681308746 399.919471740723 345.985412597656
753.713989257812 552.005834579468 449.500350952148 667.816198348999 463.440208435059 606.89232635498 473.676562309265 447.633512496948 474.98751449585 577.9765625 520.068618774414 430.743167877197 291.392074584961 434.128860473633 371.504040718079 355.93309211731 375.516112327576 384.303621292114 477.789497375488 356.697575569153 326.698337554932 397.828848838806 575.213760375977 469.20133972168 372.137386322021 206.647659301758 241.067764282227 326.184234619141 355.576179504395 284.655738830566 260.989959716797 457.14818572998 532.953048706055 549.337844848633 390.399562835693 452.516799926758 314.245376586914 217.348861694336 327.287208557129 560.148330688477 463.215454101562 422.295866966248 332.726707458496 431.342465400696 444.047748565674 433.898100852966 430.436407089233 362.389823913574 385.939979553223 369.014129638672
650.067543029785 423.942749023438 368.198600769043 495.042701721191 517.133605957031 518.861282348633 418.484344482422 343.417526245117 344.261722564697 481.426414489746 441.660167694092 418.200716018677 207.568862915039 349.669462680817 388.248067855835 298.431533813477 377.221884727478 501.169006347656 512.70100402832 434.141830444336 410.217679023743 513.740516662598 476.771629333496 398.203323364258 346.729873657227 204.232437133789 413.511116027832 425.403476715088 436.948684692383 333.025722503662 392.467164158821 460.869148254395 402.557717323303 500.383720397949 647.20703125 519.419219970703 238.025329589844 303.243003845215 377.12287902832 337.616050720215 387.034420013428 346.10977935791 412.104137420654 394.439823150635 594.609024047852 459.830316543579 411.748760223389 503.127983093262 371.511688232422 335.711708068848
