simdem/realisation48.asc
NCOLS 350 
NROWS 171 
XLLCORNER 152620 
YLLCORNER 418050 
CELLSIZE 100 
NODATA_value -9999 
[rows 66 to 87 of 171, columns 50 to 99 of 350]
478.974643707275 412.204071044922 495.328950881958 463.087282419205 531.611473083496 512.945823669434 376.995216369629 244.962265014648 473.592880249023 320.93514251709 410.186847686768 254.296852111816 335.529672622681 293.821292877197 195.62174987793 287.307014465332 330.533091068268 217.681243896484 311.06681060791 309.860664367676 404.053113937378 227.485488891602 339.045581817627 295.72248840332 312.526206970215 341.042282104492 341.309879302979 366.298071861267 466.110557556152 365.661375999451 412.174266815186 526.365615844727 443.539772033691 356.682006835938 302.578567504883 444.467439651489 389.330800831318 450.306663513184 259.090393066406 316.041717529297 441.322929382324 224.785949707031 310.87109375 303.360687255859 416.001792907715 490.544929504395 460.302594184875 667.112289428711 443.535949707031 405.258247375488
527.130628585815 475.611413955688 486.390853881836 498.007015228271 478.39973449707 382.869414329529 525.769248962402 180.745315551758 308.492462158203 432.419001102448 319.746692657471 308.038711547852 164.69075012207 179.498901367188 192.694458007812 211.359550476074 274.838066101074 196.34748840332 412.571304321289 344.975969314575 329.274379730225 259.887763977051 133.39469909668 220.971054077148 329.622428894043 328.824802398682 593.49201965332 478.835754394531 487.374641418457 440.698337554932 383.017289161682 356.620826721191 357.976642608643 347.663745880127 346.103691101074 279.755180358887 319.891021728516 494.804092407227 465.48450088501 453.408731460571 525.324142456055 467.639923095703 457.950016021729 368.204032897949 488.931579589844 521.623146057129 477.95924949646 515.807319641113 561.297386169434 353.786987304688
392.357513427734 377.185356140137 455.358150392771 428.295851945877 468.548679351807 436.28059387207 240.704864501953 196.686706542969 292.277000427246 330.91663980484 269.239456176758 398.485260009766 222.17219543457 221.871032714844 158.856964111328 181.045288085938 313.207286834717 425.396926879883 384.381804466248 173.312973022461 292.81241607666 301.529998779297 188.979263305664 409.370649337769 313.110000610352 325.082595825195 450.158573150635 550.38737487793 427.17081451416 432.228187561035 348.36442565918 508.089370727539 405.786874771118 337.317962646484 387.790075302124 260.264862060547 321.546669006348 388.61355304718 360.307231903076 371.310443878174 503.217475891113 556.448715209961 354.56494140625 479.693283081055 471.98010635376 429.448373794556 369.135238647461 567.513542175293 570.958076477051 505.076847076416
454.82893371582 397.823799133301 355.421249389648 389.252586364746 395.175998687744 328.008438110352 337.691596984863 293.256889343262 256.487762451172 177.264343261719 350.769377708435 355.018439292908 418.030168533325 477.717674255371 357.729883670807 215.029769897461 307.417274475098 540.907836914062 369.668383598328 368.272943973541 130.655624389648 327.173603057861 382.152095973492 538.606781005859 410.651905059814 481.504272460938 332.841678619385 390.895792961121 439.036693572998 418.016506195068 476.268508911133 539.148666381836 484.437393188477 395.079072952271 432.899929046631 392.175384044647 427.902746200562 439.514465332031 265.940307617188 339.109329223633 388.712520599365 340.835861206055 289.473922729492 385.407459259033 464.863924026489 191.197296142578 403.949035644531 440.000520706177 499.874683380127 427.7995262146
322.508666992188 269.1064453125 416.542012691498 372.878952026367 360.668041229248 403.85520362854 410.875854492188 290.702522277832 236.496231079102 402.012126922607 365.866749286652 487.725021362305 532.95344543457 515.861770629883 326.739252090454 267.092742919922 324.966835021973 355.370014190674 460.058815002441 383.864418983459 298.316055297852 370.25435256958 450.310409545898 437.18864440918 328.8662109375 412.200193405151 326.010475158691 358.92421913147 338.072769165039 428.129610061646 400.674502372742 483.699821472168 470.47193145752 455.96683883667 351.930488586426 476.257102966309 457.821388244629 416.785619735718 400.631072998047 539.530128479004 417.823121070862 372.964008331299 297.940292358398 308.085174560547 374.940856933594 299.539978027344 429.466920852661 524.402019500732 555.292167663574 411.711368560791
397.605686187744 303.399826049805 551.474884033203 317.320693969727 236.1708984375 241.754608154297 463.188179016113 229.226806640625 322.871341705322 340.099813461304 256.182739257812 375.491077423096 487.861175537109 471.686447143555 556.935653686523 388.29764175415 458.713134765625 228.397163391113 309.775314331055 311.865592956543 289.44734954834 474.287315368652 376.853378295898 327.1393699646 408.022066116333 446.105411529541 456.874919891357 308.107246398926 365.47779083252 494.48755645752 409.622782945633 371.642518043518 408.07245349884 377.053955078125 445.013816833496 428.730487823486 395.374404907227 357.618850708008 345.717361450195 394.692749023438 455.374134063721 491.953689575195 482.887645721436 337.749496459961 383.092414855957 413.415985107422 602.27507019043 512.582397460938 400.871273040771 420.178279876709
315.181503295898 399.087659835815 348.114311218262 413.928987503052 367.378791809082 343.155269622803 421.056823730469 297.2600440979 307.296298980713 332.533816337585 333.017036437988 309.347482681274 308.78258895874 306.10387802124 206.248352050781 431.291564941406 334.525630950928 335.837345123291 332.930004119873 407.510937690735 417.764183044434 273.151580810547 349.267189025879 336.446388244629 347.647733688354 535.817337036133 417.174840927124 320.266494750977 401.410005569458 393.333359003067 436.497787475586 233.622665405273 350.432334899902 476.258293151855 553.048477172852 435.23203754425 436.467353820801 380.453330993652 296.969833374023 490.474067687988 424.89844417572 502.23804473877 569.240882873535 449.161443710327 226.529525756836 371.813575744629 568.709266662598 474.113371357322 575.00333404541 304.213027954102
319.236030578613 394.482490539551 416.745011329651 345.221685409546 418.771987915039 409.767372131348 459.834251403809 287.48327255249 318.026401519775 357.023038387299 418.761890411377 333.867168426514 347.626286745071 463.902671813965 278.221572875977 317.629745483398 318.69393157959 278.57152557373 384.679962158203 338.513576507568 288.328132629395 243.488731384277 392.250345230103 534.08854675293 366.314334392548 365.005407333374 309.701553344727 167.260665893555 403.724630355835 404.993835449219 368.260322570801 322.58984375 337.766235351562 437.428256988525 370.37978553772 415.430320739746 281.777465820312 452.205955505371 470.919788360596 398.549434661865 431.84056854248 421.396059036255 478.47039604187 449.277537345886 263.861267089844 348.493881225586 361.565139770508 433.91614151001 472.020557403564 383.88484954834
376.098445892334 339.525039672852 401.57190990448 340.097873687744 396.275302886963 342.110380172729 443.882164001465 432.322113037109 278.187240600586 481.511344909668 305.552982330322 389.256729125977 386.217742919922 389.165285110474 319.887325286865 108.385223388672 305.602119445801 379.361661911011 348.853580474854 355.7119140625 267.352210998535 224.805236816406 291.799201965332 388.665427207947 465.349807739258 399.357875823975 264.229736328125 335.194683074951 324.465297698975 348.340431213379 324.0234375 253.398849487305 381.836804389954 326.916519165039 486.87735748291 368.535818099976 457.643745422363 399.940765380859 408.710010528564 452.094079971313 344.647560119629 393.55485534668 550.690841674805 462.430004119873 389.125053405762 472.387601852417 441.190505981445 411.658378601074 416.456634521484 472.986282348633
366.752059936523 485.894794464111 401.938081741333 483.248386383057 412.064273834229 318.95348739624 448.59610748291 451.10506439209 496.424331665039 395.778495788574 574.64680480957 295.151847839355 372.191640853882 304.768451690674 247.497528076172 247.867500305176 245.707412719727 355.283864974976 361.30694103241 293.16234588623 367.446730613708 136.177825927734 291.660522460938 310.604652404785 460.120170593262 428.479164123535 423.435695648193 211.315887451172 347.694715499878 441.982837677002 317.86205291748 232.479507446289 351.037818908691 349.503959655762 319.816444396973 502.444114685059 331.70622253418 405.875846862793 342.113510131836 579.272613525391 385.568664550781 493.062826156616 535.53190612793 505.083927154541 311.374389648438 393.464126586914 408.603149414062 341.946228027344 330.431625366211 770.005912780762
558.913463592529 508.271759033203 487.762084960938 425.666046142578 452.786018371582 321.120532989502 334.923858642578 466.043975830078 473.109870910645 364.813051223755 444.042991638184 407.240440368652 295.583469390869 247.356658935547 408.56759262085 319.239547729492 338.340454101562 308.875152587891 298.928756713867 316.661327362061 327.983074188232 382.677925109863 341.797534942627 199.280624389648 262.883903503418 411.84200668335 287.60962677002 193.23063659668 261.193649291992 370.098081588745 363.841777801514 260.446624755859 427.742427825928 418.914155960083 391.803777694702 464.337203979492 444.982841968536 443.02559196949 403.52318572998 497.219703674316 504.119432449341 490.52112197876 405.531749725342 384.954772949219 516.489078521729 484.408990859985 551.320159912109 711.795425415039 496.659965515137 480.292510986328
366.352157592773 582.374877929688 382.03002166748 442.094627380371 462.428960800171 343.342498779297 280.207817077637 390.938098907471 383.732465744019 410.380321502686 441.893460512161 340.180114746094 343.928386688232 389.400840759277 441.291435241699 396.229961395264 368.252323150635 263.172782897949 261.020706176758 331.842922210693 464.690757751465 440.34024810791 385.982097625732 390.769137382507 420.976951599121 434.248439788818 397.495880126953 287.396583557129 290.556739807129 293.243682861328 272.46369934082 401.663877725601 471.513023376465 326.734149932861 375.714889526367 417.612609863281 410.96470451355 441.305112838745 549.139503479004 525.98526763916 417.928916931152 439.056507110596 381.760837554932 378.424842834473 339.743827819824 732.443457603455 507.549308776855 782.318435311317 409.642616271973 582.298133850098
456.741863250732 588.687774658203 425.103012084961 475.628105163574 341.363052368164 412.343313217163 417.28747177124 326.935409545898 409.470003128052 424.661231994629 373.648109793663 333.555015563965 354.000046730042 437.901206970215 465.772857666016 495.917861938477 422.827117919922 330.746223449707 331.416367530823 329.287178039551 377.479412078857 508.516723632812 457.168121337891 431.71017074585 365.512545585632 363.804666519165 519.995269775391 383.25520324707 470.749626159668 246.949340820312 258.368316650391 387.950912475586 527.708938598633 335.747413635254 209.837356567383 387.021385192871 404.768817901611 443.409324645996 463.844736099243 448.714614868164 421.664413452148 555.675758361816 454.956932067871 745.950375080109 669.460876464844 806.397071838379 385.867889404297 420.678741455078 560.276700973511 620.740016937256
342.776550769806 379.972820281982 330.412939548492 419.610910415649 530.926315307617 473.387603759766 364.316562652588 382.823072433472 350.054382324219 335.867845535278 280.329116821289 210.540405273438 178.594741821289 501.323104858398 412.206443786621 358.090631961823 304.491218566895 265.442939758301 338.66381072998 338.13250541687 175.853820800781 192.871673583984 318.590335845947 439.753391265869 417.575348854065 332.996116638184 431.878475189209 426.726825714111 441.530624389648 366.451225280762 336.643569946289 445.296787261963 441.287136077881 325.77904510498 245.738754272461 269.433547973633 320.217163085938 434.524742126465 613.011581420898 611.607025146484 357.465927124023 388.698348999023 785.252635955811 616.239894866943 547.931274414062 646.025228500366 664.141189575195 455.784492492676 549.117804050446 673.114151000977
402.093109130859 325.058776855469 300.271308898926 366.607341766357 277.044174194336 345.962131500244 282.214309692383 297.43480682373 270.680801391602 144.98063659668 168.013900756836 207.093246459961 262.833206176758 215.800933837891 286.078125 309.889476776123 312.115772247314 325.722332000732 400.778261184692 307.891410827637 369.522192955017 180.991760253906 339.479648590088 381.112629652023 528.78173828125 446.12682723999 420.903903961182 410.02254486084 386.806265830994 503.7177734375 457.62073135376 392.186628341675 439.039487838745 488.109889984131 454.979461669922 404.51383972168 215.634185791016 479.428600311279 555.436752319336 502.361880421638 453.481231689453 356.547729492188 629.654510498047 318.308624267578 510.454469203949 368.282348632812 708.887237548828 578.246118545532 589.006824493408 598.461162567139
249.198112487793 307.684967041016 423.551094055176 388.718052625656 317.916351318359 308.373802185059 311.78694152832 189.161834716797 166.660064697266 218.045608520508 228.565734863281 250.705238342285 283.375350952148 304.961128234863 362.444362640381 405.780990600586 355.630933761597 298.649559020996 328.832080841064 359.854900360107 238.817588806152 358.705433279276 357.344270706177 415.050492286682 363.867855072021 486.085586547852 384.494942545891 338.87971496582 400.076616287231 359.147743225098 318.300285339355 292.169067382812 365.314567565918 361.629150390625 424.175785064697 467.549221992493 494.213007926941 477.39737701416 432.136722564697 617.025287628174 763.901649475098 409.101211547852 545.252044677734 546.567474365234 361.967330932617 385.254455566406 285.766067504883 630.524795532227 559.502696990967 592.46257019043
376.908635139465 307.612407684326 329.129111051559 412.566139221191 377.451964378357 363.904503822327 472.897644042969 109.279510498047 257.658050537109 208.765472412109 282.598648071289 201.451293945312 227.543838500977 366.205666542053 373.912502288818 466.122253417969 559.802810668945 485.951965332031 356.034128189087 331.279594421387 399.341821670532 424.014347076416 414.636232376099 392.6252784729 397.142771244049 282.493232727051 401.278038144112 305.698905944824 400.739106655121 400.211894273758 377.052642822266 386.861427307129 474.766092300415 432.946151733398 450.629893779755 496.192401885986 535.080181121826 531.957855224609 576.997482299805 443.83122253418 437.92219543457 333.191383361816 247.636032104492 413.314361572266 544.663070678711 526.510141372681 535.783113479614 513.135644555092 594.757797241211 523.955087661743
448.46019744873 427.820941925049 182.00260925293 441.833213806152 362.152182340622 357.478817939758 344.096695423126 190.674346923828 213.339660644531 279.21452331543 306.232015609741 270.700645446777 317.840396881104 368.129172325134 430.160804748535 437.087928771973 328.496871948242 506.193664550781 495.981903076172 485.27180480957 520.710556030273 452.057762145996 527.912124633789 386.549472808838 516.439743041992 278.637603759766 351.852973937988 376.654594421387 447.256423950195 397.328874111176 509.83723449707 390.498291015625 519.631072998047 581.731338500977 572.433586120605 537.273452758789 461.562057495117 531.246353149414 471.186981201172 543.856689453125 439.821704864502 430.669597625732 460.508167266846 274.081390380859 574.409482955933 657.22989654541 714.097015380859 643.30139541626 691.168975830078 719.653755187988
360.421112060547 375.101692199707 368.26335811615 452.74422454834 351.644269943237 204.967956542969 192.28776550293 383.301849365234 338.450458526611 300.835510253906 283.935806274414 324.625785827637 337.158229827881 438.211235046387 488.616744995117 319.398990631104 342.660354614258 405.555824279785 315.19059753418 479.537521362305 363.911684989929 433.365062713623 374.484134078026 384.827905654907 406.881134986877 328.942359924316 318.567932128906 285.75764465332 447.777713775635 518.109298706055 348.746871948242 420.418873786926 331.550331115723 503.393726348877 538.000839233398 548.570526123047 708.502366065979 535.924434661865 519.439456939697 476.228607177734 478.255922317505 568.118309020996 645.629806518555 486.641426086426 697.204322814941 769.616241455078 775.579467773438 623.484275341034 680.125419616699 732.24983215332
448.804336547852 451.08430480957 412.200040817261 525.947784423828 296.079402923584 321.291021347046 116.367080688477 194.059646606445 368.239366531372 319.949295043945 369.534233093262 359.852489471436 337.507517814636 438.009269714355 348.841760158539 360.812912940979 403.767141342163 590.971710205078 315.506294250488 328.748020172119 450.878219604492 423.401371002197 431.373237609863 375.013349533081 438.161331176758 403.030330849811 360.199020385742 383.361568450928 537.15251159668 385.352825164795 229.298889160156 303.303161621094 346.143249511719 500.192386627197 541.091758728027 544.954246520996 643.72314453125 529.036945343018 676.972663879395 598.923828125 584.342178344727 601.76086345315 533.322891235352 514.550354003906 561.011554718018 -9999 -9999 1008.38346099854 788.594207763672 935.79873085022
396.634242534637 399.993396282196 440.408924102783 384.09748339653 259.556999206543 266.813140869141 223.477737426758 303.44425201416 366.232458591461 331.046766281128 415.573509216309 332.93585395813 275.64306640625 321.916572570801 250.912521362305 389.03023147583 523.387893676758 461.633247375488 356.952065944672 326.071220397949 326.874263763428 454.215686798096 444.490882873535 443.108108520508 370.535022735596 424.904808044434 366.661026000977 315.970077514648 419.281833648682 335.140785217285 194.850051879883 337.052978515625 402.593338012695 392.617401123047 376.122207641602 892.572597503662 682.291839599609 516.094211578369 587.30012512207 605.526107788086 645.218006134033 683.483638763428 -9999 -9999 -9999 -9999 -9999 -9999 -9999 -9999
369.418270111084 517.358467102051 380.730491638184 566.231552124023 321.12712097168 237.468765258789 334.367446899414 316.145709991455 103.015182495117 324.094141960144 344.316030025482 305.816460132599 320.256290435791 410.359294891357 274.53116607666 202.065780639648 462.191253662109 317.449390411377 445.488075256348 291.829696655273 214.656753540039 359.163415908813 371.4469871521 431.447647094727 350.781562805176 339.603076934814 408.56872677803 347.090667724609 271.967010498047 409.7141456604 244.48210144043 420.62073802948 435.861457824707 292.648162841797 466.793268680573 551.602651596069 646.255905151367 668.19807434082 505.060544967651 613.570795059204 708.828804016113 -9999 -9999 -9999 -9999 -9999 -9999 -9999 -9999 -9999
