simdem/realisation69.asc
NCOLS 350 
NROWS 171 
XLLCORNER 152620 
YLLCORNER 418050 
CELLSIZE 100 
NODATA_value -9999 
[rows 66 to 87 of 171, columns 200 to 249 of 350]
702.496910095215 731.647453308105 664.257829666138 606.419757843018 610.838268280029 727.076915740967 662.784152984619 674.092672348022 632.860050201416 578.697387695312 589.954303741455 536.562721252441 718.822929382324 720.868026733398 708.965888977051 668.306262969971 562.117576599121 518.82006072998 546.699058532715 577.93705368042 547.974815368652 624.117359161377 723.648490905762 652.096425056458 637.332499504089 806.058776855469 512.825798034668 572.580326080322 694.932792663574 568.729267120361 534.42463684082 615.098297119141 738.931427001953 775.453186035156 657.08394241333 555.411315917969 602.992774963379 670.447132110596 543.97338104248 822.640274047852 662.526588439941 561.14005279541 686.202327728271 602.194416999817 488.671813964844 541.523086547852 507.380752563477 651.16930770874 706.191871643066 621.895999908447
723.284637451172 631.451197624207 693.597137451172 801.652542114258 670.519092559814 570.053131103516 539.30982208252 561.382392883301 719.026504516602 578.549621582031 703.693809509277 656.863780975342 694.510776519775 553.969299316406 471.701759338379 645.426528930664 592.41809463501 625.723390579224 634.395144462585 753.185775756836 684.864683151245 569.968692779541 582.074222564697 568.42914390564 701.820953369141 808.682235717773 652.643821716309 664.642074584961 559.557376861572 703.522857666016 595.333416461945 723.06600189209 830.647476196289 717.199356079102 818.409965515137 771.424940824509 778.176490783691 662.239185333252 686.96467590332 735.008827209473 689.014778137207 653.071983337402 490.817794799805 516.270729064941 608.62290763855 602.595169067383 738.635948181152 586.377328872681 727.00484085083 628.659107208252
510.16552734375 613.042343139648 702.960201263428 737.837364196777 638.86493062973 540.015907287598 414.907028198242 497.173492431641 670.588701248169 688.971996307373 647.890882492065 668.471912384033 676.276772499084 659.422926902771 610.95813369751 669.162612915039 672.740234375 660.755832672119 632.883731842041 721.718467712402 664.855024337769 680.418991088867 550.623317718506 582.140991210938 611.094817399979 623.23755645752 598.753977775574 594.232757568359 500.749969482422 514.595962524414 818.104461669922 858.443153381348 701.380676269531 673.356842637062 569.878868103027 573.97883605957 658.215900421143 795.643997192383 688.404266357422 739.633255004883 587.459857940674 586.049247741699 648.681282043457 608.797885894775 654.863235473633 618.249852180481 680.2613697052 579.555137634277 688.571891784668 679.832328796387
676.656604766846 611.243755340576 634.463851213455 384.168090820312 580.882049560547 718.116058349609 654.778610229492 743.062049865723 628.335536003113 781.211547851562 699.248352050781 816.231094360352 720.700531005859 769.432647705078 771.158966064453 583.984237670898 682.862197875977 610.625242233276 630.955751419067 774.919631958008 717.499759674072 800.753845214844 713.242881774902 554.547744750977 667.189628601074 669.270042419434 567.803024291992 648.604169845581 570.695117950439 489.951889038086 670.988933563232 574.047386169434 651.077350616455 741.625381469727 746.8899269104 514.304580688477 506.893707275391 615.354810714722 771.953056335449 591.397407531738 555.779426574707 599.814395904541 619.029903411865 683.469291687012 620.21179485321 614.456806182861 640.706848144531 597.423894882202 700.540596008301 636.912986755371
571.305885314941 642.82124042511 407.13557434082 491.043930053711 572.787006378174 612.664168357849 694.538547515869 774.098007202148 676.716022491455 599.468330383301 614.337425231934 889.005844116211 626.564746856689 766.645278930664 736.449478149414 650.353809714317 623.833785057068 557.726266860962 655.113350868225 848.095489501953 781.846725463867 799.915428161621 746.417602539062 857.165115356445 595.322531700134 517.580024719238 648.417621612549 601.252119064331 598.605224609375 585.422222137451 533.750534057617 610.248828276992 680.097618103027 632.897145271301 757.419689178467 473.214920043945 437.081558227539 574.954406738281 632.919978141785 530.135757446289 553.477394104004 555.64234161377 666.041011810303 771.284820556641 617.711282730103 656.78861618042 671.084518432617 710.325469970703 590.96752166748 628.906871318817
634.209831237793 646.755369186401 569.194671630859 537.398170471191 606.240692138672 595.222797393799 694.142339706421 532.525802612305 583.582290649414 543.534149169922 587.099711894989 519.144035339355 659.12780547142 698.05619430542 669.032695770264 593.864593505859 648.835233688354 644.005207061768 740.736789703369 765.525770187378 755.395530700684 828.546813964844 760.150115966797 685.272174835205 516.521461486816 655.693473815918 601.836987495422 677.612701416016 633.060916900635 542.668132781982 533.502311706543 718.911987304688 645.264915466309 619.525665283203 670.928911209106 603.949638366699 535.492515563965 630.44905090332 799.789688110352 634.781020879745 529.084335327148 621.465452194214 674.283805847168 566.749084472656 584.212327957153 685.273292541504 664.178800582886 736.958442687988 634.757171630859 509.601860046387
620.417593002319 631.051857948303 662.581378936768 695.901985168457 609.554054260254 699.453880310059 547.823020935059 512.763000488281 478.302093505859 512.833465576172 478.698417663574 603.746109008789 556.318702697754 678.004398345947 693.228874206543 587.601711273193 531.544784545898 694.385597705841 849.169372558594 779.55005645752 741.160934448242 826.05989074707 761.44490814209 695.976165771484 540.950805664062 658.94836807251 564.588701248169 568.446420192719 580.270393371582 587.678592681885 546.425727844238 611.565326690674 535.380699157715 531.852355957031 609.309506416321 610.617806434631 568.391496658325 686.892471313477 786.680953979492 829.264739990234 522.799049377441 647.875845551491 667.873977661133 536.718185424805 608.605216026306 583.057929039001 701.35636138916 740.922225952148 602.419494628906 497.251129150391
659.50012588501 651.013551712036 629.466425180435 676.694145202637 533.089782714844 734.845260620117 556.437225341797 563.853988647461 523.276443481445 580.499122619629 512.047805786133 599.640560150146 635.379400253296 531.174491882324 447.965423583984 620.053178787231 705.58765411377 752.788497924805 816.291091918945 876.662945151329 739.832077026367 629.236297607422 659.277163743973 584.311218261719 556.462471008301 588.501457214355 521.697059631348 551.588966369629 555.251605987549 607.758731842041 492.112380981445 661.213184356689 758.445255279541 705.092422485352 618.300498962402 596.144044876099 672.638568878174 623.985235214233 785.101501464844 679.853286743164 579.041664123535 670.244096755981 678.123741149902 570.931221008301 615.60620880127 539.13111114502 646.053840637207 665.782901763916 602.861755371094 579.849258422852
578.09574508667 588.542037963867 667.358985900879 630.748058319092 545.235107421875 648.376766204834 610.211126327515 580.742004394531 651.343547821045 746.607559204102 528.131088256836 586.19221496582 661.899494171143 605.923664093018 733.361343383789 604.625496864319 708.257080078125 656.694796562195 738.751350402832 853.449256896973 839.161800384521 658.169296264648 968.618751525879 797.932806015015 697.190788209438 757.967102050781 616.052962303162 607.138821601868 634.429800033569 450.284133911133 512.561279296875 918.750049591064 688.629936218262 615.10311126709 555.465431213379 682.08203125 658.307422637939 699.605651855469 513.57544708252 579.097152709961 606.548731803894 732.411178588867 637.674191474915 520.031532287598 625.711721420288 534.589134216309 495.185607910156 594.124704360962 660.45240020752 487.304191589355
527.564445495605 563.797096252441 772.360366821289 525.77872467041 575.863090515137 618.753902435303 644.244915008545 654.400821685791 730.884300231934 657.092988014221 614.513210296631 564.460681915283 694.280323028564 581.311408996582 652.626504898071 661.187015533447 624.136165618896 702.525295257568 620.067283630371 740.822370529175 705.538864135742 726.638111114502 791.943618774414 798.640579223633 863.50337600708 829.603500366211 1068.69152259827 720.030843734741 745.523361206055 646.889128386974 708.988830566406 770.171323776245 590.290721774101 665.353429794312 619.221874237061 683.712127685547 639.450598716736 737.83570098877 667.727745056152 582.462898254395 610.248830795288 660.416164398193 632.607927322388 524.358489990234 554.876327514648 476.522247314453 478.800765991211 661.86979675293 652.964672088623 456.461181640625
611.636050224304 684.06307220459 652.873062133789 575.446510314941 567.924709320068 656.773414611816 592.131851196289 742.475410461426 750.157402038574 646.835243225098 680.068813323975 682.256725311279 715.169563293457 691.056586265564 571.489189147949 612.532325744629 581.849294662476 724.533639907837 802.352005004883 536.330154418945 671.757957458496 638.654365539551 632.384117126465 655.120277404785 793.136041641235 794.779006958008 782.017194747925 779.469799041748 734.640983581543 641.253246307373 1216.98020410538 563.93563079834 650.752975463867 602.649431228638 584.658042907715 737.020622253418 616.375495910645 760.046508789062 577.177459716797 586.234512329102 528.344528198242 685.365467071533 681.953289031982 587.437099456787 599.545351028442 613.283365249634 576.498630523682 599.40954208374 679.295841217041 565.213233947754
531.088607788086 650.480907440186 548.678215026855 573.173698425293 650.6861743927 663.837631225586 743.233558654785 643.371369063854 645.979137420654 627.948852539062 550.712509155273 610.235160827637 555.418273925781 538.682609558105 678.940158843994 694.454566955566 735.520515441895 649.50626373291 1010.35498809814 780.876113891602 731.173454284668 776.4398021698 619.883308410645 781.26012802124 766.529235839844 889.566589355469 679.861129760742 863.27815246582 976.87712097168 876.61368560791 812.304389953613 762.681022644043 686.726234436035 715.787769317627 796.884368896484 641.688244819641 561.861595153809 582.367683410645 631.745054244995 580.791625976562 659.185709953308 663.437522888184 801.604904174805 722.9814453125 673.028778076172 609.840633869171 651.674034118652 565.284286499023 582.538967132568 520.985527038574
637.297054290771 643.755115509033 494.256423950195 604.706793546677 671.705093383789 693.886779785156 627.849901556969 627.018462181091 741.754455566406 698.01845741272 479.702331542969 567.156517028809 432.147399902344 547.982299804688 486.351699829102 571.04993057251 588.424659729004 685.93514251709 852.072631835938 951.320693969727 821.56893157959 1033.54003143311 710.094501495361 721.92248916626 741.028671264648 737.261878967285 824.436897277832 929.836053848267 1236.36721801758 1243.34133911133 784.341850280762 751.525505065918 743.730693817139 707.605812072754 789.440582275391 722.989479064941 739.010627746582 694.924463272095 655.795261859894 717.707817077637 653.905975341797 613.200645446777 594.85343170166 740.538101196289 626.435481667519 675.30094909668 567.511711120605 574.439392089844 632.54009437561 575.068649291992
529.777214050293 630.552108764648 629.395891189575 511.972984313965 617.059707999229 585.5764503479 608.236575126648 583.1877784729 699.167644500732 656.530197143555 718.254737854004 735.867202758789 569.300300598145 680.024429321289 665.634194374084 639.725655078888 562.341285705566 701.603790283203 681.57287979126 695.930122375488 749.647399902344 976.926574707031 811.43443107605 835.956834793091 894.029975891113 790.107438802719 673.739940643311 771.533153533936 1322.56492614746 1154.74304199219 1186.66093444824 953.56573009491 909.467124938965 895.038703918457 779.786437988281 664.955700397491 541.29956817627 645.787666320801 561.292083740234 727.390705108643 747.979782104492 488.574890136719 581.684314727783 576.496589660645 522.138214111328 612.84317779541 493.632934570312 514.870658874512 680.420684814453 594.116554260254
661.015274047852 656.924217224121 640.015067100525 521.256118774414 541.934188842773 704.067077636719 626.326262950897 509.043060302734 559.018692016602 757.184234619141 840.534729003906 730.224662780762 556.55200958252 637.594087600708 720.998764038086 748.853702545166 817.953384399414 745.924896240234 615.95972442627 629.129962921143 703.138404846191 771.917053222656 695.689769744873 642.75218963623 682.062076568604 732.462265491486 871.200965881348 738.007831573486 626.752258300781 738.130737304688 962.005927085876 1174.13927841187 1064.2106577158 1021.79557800293 1254.27777862549 760.626492500305 655.361487388611 660.69602394104 632.3996925354 690.27876663208 678.07124042511 730.479488372803 655.79620552063 660.64529800415 606.675918579102 524.511848449707 591.825878143311 605.995323181152 512.80534362793 651.440050125122
488.481719970703 625.724348068237 541.553085327148 670.309032440186 640.283220291138 638.060050487518 611.185596466064 640.791131973267 602.290274381638 675.854411125183 771.021377563477 732.738235473633 554.604537963867 667.132942199707 544.24299621582 658.570953369141 703.113075256348 745.470489501953 584.31827545166 542.558532714844 713.969650268555 665.343229293823 613.702770233154 641.475614547729 427.068328857422 740.732749938965 790.34726190567 817.630178451538 796.549644470215 658.284545898438 639.818523406982 1094.86331176758 904.490985870361 1156.56638336182 1054.17764282227 1100.22953796387 862.948364257812 792.818176269531 712.163249969482 656.444784164429 665.77435874939 731.942390441895 622.156796455383 621.000109672546 543.258804321289 632.461332321167 633.585634231567 652.984169006348 610.302755355835 685.20210647583
630.918745040894 694.202415466309 682.919452667236 661.946365356445 526.528297424316 553.981758117676 585.323600769043 515.273910522461 636.83506155014 609.062076568604 642.57674407959 666.50171661377 662.357355117798 758.295989990234 660.856412887573 598.734085083008 713.161556243896 738.020004272461 611.925439834595 591.623714447021 618.237419128418 636.193041801453 623.524347305298 624.84895324707 747.762130737305 679.279682159424 716.092577934265 644.808090209961 728.74031829834 609.744270324707 786.284496307373 877.747840881348 945.477951049805 1316.73950958252 991.047679901123 1362.19485473633 717.86749458313 735.825183868408 698.898096084595 654.840400695801 751.237579345703 623.615396499634 653.366485595703 625.511978149414 520.093467712402 624.495333194733 584.83512878418 612.534777641296 555.232620239258 560.599685668945
542.380088806152 689.036991119385 781.583213806152 543.839454650879 529.888458251953 473.001617431641 453.050018310547 500.368965148926 616.005966186523 608.440895080566 739.930080413818 829.319076538086 704.822067260742 650.358144760132 804.597381591797 742.126243591309 660.651851654053 635.30098348856 589.375202178955 594.658615112305 586.063575744629 551.886032104492 632.59629535675 621.084108352661 677.582613945007 696.004661560059 533.641899108887 584.141380310059 572.106399536133 692.846328735352 708.78885269165 729.749433517456 1011.66941833496 1349.97914886475 1116.44596862793 1213.91014099121 1089.43968963623 788.175247192383 725.604759693146 515.231708526611 664.318402051926 602.227111816406 764.253551483154 756.248722076416 696.300048828125 618.104930877686 623.741960525513 599.365510940552 629.256262779236 556.339393615723
584.988067626953 691.471834182739 801.171752929688 722.195350646973 470.114486694336 523.579284667969 569.939533233643 592.140842437744 514.397148132324 647.772021055222 787.194549560547 706.742851257324 645.596139907837 752.096176147461 704.205215454102 780.085891723633 580.181747436523 693.909069061279 713.846214294434 671.683708190918 682.670227050781 703.492950439453 639.809012413025 589.082790374756 680.369132518768 700.699962615967 608.735498428345 640.860311508179 623.989025115967 682.306976318359 584.847160339355 689.836982727051 923.382053375244 748.710647583008 1143.63688659668 1163.2410736084 852.933670043945 830.103886127472 639.242050170898 603.471488952637 778.710458040237 775.812175750732 765.527742385864 799.767700195312 929.248569488525 1101.19026184082 1103.73075389862 1070.93804168701 573.252372741699 567.518821716309
615.770683288574 706.480529785156 718.625568389893 671.260240316391 533.533622741699 523.988235473633 604.731079101562 551.173774719238 616.710433959961 574.796222686768 783.780380249023 651.731506347656 645.936462402344 833.40348815918 663.486642837524 600.527210235596 570.926979064941 576.474697113037 651.018963813782 586.793193817139 555.721817016602 518.630760192871 648.738541603088 544.804931640625 668.351608276367 643.391386985779 649.024940490723 685.698561668396 603.956594467163 609.614902496338 649.394088745117 656.034870147705 765.991828918457 622.054794311523 875.714111328125 783.684085845947 637.643333435059 685.739059448242 451.494125366211 628.566825866699 543.008071899414 427.016204833984 716.035537719727 742.416481018066 862.390625 838.981191635132 890.151473999023 1011.03651332855 887.730972290039 552.592506408691
781.291381835938 754.320610046387 640.82054901123 637.907647132874 558.288619995117 509.41535949707 590.86011505127 621.34411072731 443.02099609375 562.506237030029 679.778865814209 727.089401245117 706.564891815186 714.620712280273 610.820911407471 631.968639373779 649.475072383881 652.90895986557 571.96488571167 610.845859527588 692.460735321045 745.698516845703 629.58468580246 729.88444519043 617.072948455811 675.729604721069 511.949920654297 841.173896789551 698.714878082275 680.059572219849 636.484281539917 591.510913848877 722.180421829224 566.100860595703 680.596408843994 675.86775970459 567.843627929688 600.776924133301 597.536422729492 721.481575012207 728.697135925293 620.832000732422 707.931640625 804.455198287964 667.203704833984 980.363067626953 923.582069396973 927.422348022461 725.554763793945 712.968511581421
666.748188018799 716.786285400391 567.57763671875 695.768394470215 554.921493530273 642.448528289795 640.23344039917 579.658500671387 614.930232524872 551.228355407715 592.368221282959 551.174171447754 646.997653961182 521.521484375 736.397186279297 702.112148284912 695.855477452278 598.301765441895 704.610950469971 526.839248657227 782.489822387695 680.756797790527 621.413053512573 567.518714904785 560.969352722168 707.080514907837 584.356811523438 764.221572875977 1189.1976981163 665.212202548981 651.45629119873 607.293910980225 606.082038879395 605.554967880249 718.080806732178 709.447206497192 767.85888671875 738.341361999512 757.896293640137 681.801870346069 627.143646240234 578.778335571289 703.127136230469 846.814559936523 760.645559310913 936.371788024902 875.181182861328 1111.93909645081 931.731426239014 1051.03425598145
