simdem/realisation80.asc
NCOLS 350 
NROWS 171 
XLLCORNER 152620 
YLLCORNER 418050 
CELLSIZE 100 
NODATA_value -9999 
[rows 110 to 131 of 171, columns 200 to 249 of 350]
-9999 -9999 -9999 749.529426574707 716.850528717041 614.320936203003 743.748443603516 841.975730895996 694.539680480957 1088.75957393646 790.109565734863 497.760787963867 558.066703796387 599.100509643555 470.634628295898 530.156723022461 698.853797912598 531.654937744141 553.707626342773 593.803712844849 464.708511352539 517.605682373047 643.164394378662 668.046161651611 489.003913879395 504.990692138672 603.973266601562 569.910293579102 711.803874969482 660.616727828979 583.574600219727 454.794708251953 624.940807342529 606.401340484619 637.30725479126 799.439231872559 728.968006134033 819.007431030273 532.687065124512 609.929378509521 640.135807037354 587.713203430176 683.106750488281 728.518135070801 1231.15106964111 841.910499572754 982.003993988037 1225.33232307434 640.564262390137 746.823547363281
-9999 -9999 -9999 -9999 871.87092590332 761.383369445801 778.518936157227 731.834938049316 738.296691894531 863.296368598938 656.364953041077 566.972343444824 459.281158447266 520.66438293457 394.949554443359 535.592391967773 473.72265625 540.835243225098 623.096082687378 634.126317620277 618.95157623291 619.065843582153 1281.72175598145 564.999309539795 632.10237121582 741.058792114258 536.579658508301 623.819816589355 726.651966094971 604.829140663147 584.455852508545 632.615524291992 618.232429504395 677.658935546875 770.691879272461 714.4045753479 786.628582000732 886.261520385742 690.065292358398 540.250541687012 766.521352767944 652.729389190674 593.987075805664 960.009052276611 623.136512756348 975.999549865723 1119.90107345581 994.689296722412 655.374549865723 784.812881469727
-9999 -9999 -9999 -9999 906.354949951172 746.015197753906 645.729019165039 758.355337142944 738.640613555908 764.184303283691 805.377750396729 775.234580993652 563.245086669922 498.897186279297 478.722763061523 527.307281494141 565.976539611816 729.24910736084 773.555328369141 552.420051574707 655.413363456726 657.031158447266 533.593811035156 608.825058817863 598.274254083633 581.230644226074 689.060241699219 627.386985778809 644.85037612915 622.076278686523 626.932977676392 705.689086914062 614.874256134033 728.865478515625 743.240531921387 723.758708953857 694.313896179199 898.011138916016 764.540662765503 716.41854095459 706.46460723877 672.864646911621 732.245769500732 819.965621948242 515.124839782715 913.61988067627 1064.47456467152 958.813743591309 733.610420227051 586.660003662109
-9999 -9999 -9999 -9999 -9999 807.414316177368 702.830274581909 646.992687225342 784.071514129639 854.425407409668 1255.39555740356 736.055901527405 679.778528213501 521.425399780273 553.535591125488 595.133811950684 561.78498840332 735.233894348145 602.662994384766 521.404403686523 651.384606838226 1104.83880233765 778.618545532227 709.012107849121 661.404003143311 738.353004455566 810.101165771484 718.573024749756 594.524780273438 665.650356292725 773.228973388672 676.610275268555 655.805503845215 621.072849273682 682.926334381104 712.894058227539 685.281288146973 683.083993911743 720.554920196533 608.643493652344 838.285496711731 771.993679046631 875.553344726562 699.221534729004 957.176696777344 809.070738554001 824.924354553223 1218.47959136963 701.334022521973 770.947769165039
-9999 -9999 -9999 -9999 -9999 699.171615600586 747.686544418335 620.991403579712 680.79907989502 760.81153011322 1167.58583450317 751.705331325531 680.801376342773 695.129904747009 696.597142219543 641.844425201416 611.483558654785 671.526666879654 594.791725158691 585.721618652344 1235.04429244995 616.342830657959 683.668748855591 620.354251861572 761.969131469727 714.9765625 685.814047813416 843.950042724609 810.194274902344 898.409408569336 872.042846679688 623.713775634766 551.236724853516 593.081878662109 675.246650695801 619.826644897461 656.169284820557 682.224895477295 735.971127510071 590.51106262207 717.68815612793 868.721099853516 809.445283651352 812.034912109375 813.699304103851 707.321197509766 767.651580810547 776.736991882324 592.010787963867 588.420349121094
-9999 -9999 -9999 -9999 -9999 887.082072257996 781.842831134796 645.751739501953 612.786708831787 729.037948608398 742.745620727539 674.613361358643 598.480850219727 553.853317260742 837.729690551758 781.13208770752 867.998886108398 673.039615631104 649.469152450562 1071.98199462891 563.94873046875 633.377815246582 690.055376052856 623.610084533691 759.214797973633 787.961040496826 695.552410125732 655.559722900391 718.250705003738 677.098587036133 898.656402587891 800.625823974609 674.618549346924 623.431816101074 603.77668762207 522.858688354492 616.655109405518 764.555290222168 734.229988098145 706.357402801514 589.703405380249 861.845230221748 639.705104827881 945.338207244873 739.878837585449 594.592468261719 626.834358215332 669.816818237305 727.251770019531 793.170011520386
-9999 -9999 -9999 -9999 -9999 -9999 903.516483306885 863.693119049072 640.219711303711 530.787017822266 741.255512237549 832.156430244446 551.81169128418 581.332366943359 829.194602966309 713.14497756958 785.704566955566 840.258392333984 739.047710418701 557.970222473145 595.217807769775 694.740482330322 658.252647399902 651.600328445435 778.884632110596 831.549774169922 654.153324127197 641.118713378906 687.783668518066 757.355278015137 747.387313842773 743.102096557617 619.140014648438 620.454154968262 673.404296875 552.436874389648 607.803939819336 792.650573730469 629.062801361084 719.825331687927 660.011772155762 800.976452827454 612.222351074219 745.263794898987 1021.53244781494 1081.88768386841 945.702178955078 930.793190002441 788.535331726074 930.805286407471
-9999 -9999 -9999 -9999 -9999 -9999 987.600234985352 1418.72443199158 1234.57664108276 726.67822265625 688.847724914551 670.31941986084 931.794387817383 675.266822814941 674.236000061035 790.696352005005 636.463905334473 731.702865600586 1076.48612976074 535.679763793945 612.912544250488 628.830753326416 698.010488510132 725.688095092773 674.787708282471 918.539901733398 642.193580627441 754.688056945801 652.750633239746 685.904008865356 787.947290658951 715.037368774414 667.615795135498 935.895782470703 860.773727416992 770.972061157227 817.756042480469 705.336505889893 610.106758117676 905.015228271484 742.949729919434 799.689804077148 699.845764160156 863.287216186523 689.731388092041 802.681262969971 744.233823776245 836.108154296875 1065.47285079956 769.252777814865
-9999 -9999 -9999 -9999 -9999 -9999 -9999 868.048843383789 826.30460357666 739.187536239624 625.716205596924 679.059913635254 703.246772766113 810.501350402832 719.224960327148 428.965301513672 474.979888916016 1184.04577636719 777.564228057861 737.986005783081 721.666027069092 688.188919067383 789.132194519043 779.782382965088 734.410181045532 778.522006988525 776.984714508057 1096.28735256195 883.316738128662 758.527620315552 648.876252248883 813.500331878662 625.889031648636 857.804286956787 875.843929290771 979.840866088867 837.715797424316 1002.81301498413 1063.41492462158 817.701293945312 800.786399841309 836.423767089844 829.795383453369 739.20618057251 833.892992019653 804.017791748047 769.759056091309 725.297168731689 736.456205159426 683.197196960449
-9999 -9999 -9999 -9999 -9999 -9999 -9999 -9999 803.891374588013 839.071271896362 660.950386047363 529.748565673828 563.211380004883 690.175216674805 563.245452880859 380.97998046875 1237.16522216797 593.274291992188 710.152862548828 876.68962097168 719.997753143311 816.829551696777 690.893043518066 867.622940063477 725.097496032715 686.63568687439 584.495788574219 664.484000921249 955.702781677246 665.623818397522 329.76985168457 412.616470336914 581.247863769531 761.30924987793 762.341018676758 643.943008422852 920.191123962402 816.624984741211 983.60037612915 1016.33673858643 819.269172668457 746.07905292511 856.682373046875 674.236125946045 588.84366607666 668.66397857666 575.822158813477 514.278358459473 632.962860107422 617.089004516602
-9999 -9999 -9999 -9999 -9999 -9999 -9999 -9999 -9999 1388.59311676025 1284.94988441467 1107.44891357422 462.970748901367 663.773323059082 697.015098571777 477.294494628906 780.331115722656 730.150199890137 716.223720550537 665.477081298828 716.990943908691 707.805400848389 696.565998077393 725.35823059082 598.893692016602 916.471076965332 591.752561569214 532.381387710571 917.249465942383 647.014799118042 399.374786376953 452.312355041504 475.887519836426 607.597274780273 914.390155792236 878.442697525024 998.941757202148 855.476715087891 983.095693588257 966.220042943954 1203.70370864868 651.133239746094 790.12255859375 861.355880737305 471.776962280273 514.624977111816 669.97127532959 528.030292510986 626.359386444092 599.364944458008
-9999 -9999 -9999 -9999 -9999 -9999 -9999 -9999 -9999 -9999 1100.97351074219 655.540747642517 598.052879333496 708.184951782227 565.657913208008 562.290908813477 605.138122558594 712.423488616943 610.297241210938 557.536743164062 852.793022155762 820.576667785645 775.547542572021 761.168024301529 914.968109130859 757.097602844238 456.616767883301 585.710105895996 755.544498443604 639.433654785156 629.747863769531 449.473266601562 567.430391311646 547.729047894478 868.896347045898 973.902389526367 892.952465057373 848.879119873047 811.44465637207 1009.58697128296 834.225952148438 564.275695800781 713.544910430908 727.584922790527 456.491226196289 415.704483032227 558.375499725342 553.115329742432 664.602920532227 656.590167045593
-9999 -9999 -9999 -9999 -9999 -9999 -9999 -9999 -9999 -9999 -9999 1118.18621826172 1090.62881851196 985.132561683655 378.471725463867 617.45770072937 686.234878540039 736.851531982422 692.844215393066 581.794494628906 900.304573059082 789.640604019165 755.293132781982 707.642520904541 890.097732543945 672.421768188477 877.380554199219 1024.12187957764 649.669639587402 648.016960144043 727.107147216797 804.780822753906 806.126007080078 813.586265563965 847.944519042969 892.414939880371 922.310005187988 851.411770820618 969.161338806152 969.959823608398 898.382141113281 653.049133300781 729.410957336426 493.338653564453 441.225997924805 570.356903076172 553.03018951416 674.931022644043 604.637428283691 642.97437286377
-9999 -9999 -9999 -9999 -9999 -9999 -9999 -9999 -9999 -9999 -9999 -9999 986.725234985352 1317.66765594482 538.209945678711 504.619567871094 601.452480316162 602.024131774902 520.733451843262 623.098083496094 601.680244445801 690.597445487976 653.031526565552 539.746506690979 764.55478477478 682.602188110352 858.140193939209 796.722312927246 754.071678161621 805.70524597168 890.194786071777 1042.40002441406 801.5104637146 704.699558258057 774.868848800659 619.666790008545 880.213550567627 849.488910675049 844.021494150162 872.008312225342 816.575634002686 996.925857543945 905.62818145752 617.03475189209 622.319152832031 709.723890781403 748.134521484375 747.490634918213 681.997900009155 700.070838928223
-9999 -9999 -9999 -9999 -9999 -9999 -9999 -9999 -9999 -9999 -9999 -9999 -9999 -9999 775.953605651855 611.317810058594 625.563814163208 1024.6304769516 538.611002922058 526.13680267334 472.735900878906 573.198665142059 511.136413574219 584.92268371582 760.643756866455 756.825183868408 820.616096496582 885.771392822266 844.010028839111 875.848717689514 799.432552337646 897.39701461792 688.791229248047 851.57234954834 779.356800079346 626.21312713623 855.001001358032 869.029754638672 874.938583374023 1111.59324645996 1044.37818336487 1193.42456245422 600.74743270874 655.044086456299 779.425441741943 764.185447692871 924.068542480469 774.789417266846 850.686248779297 755.758500576019
-9999 -9999 -9999 -9999 -9999 -9999 -9999 -9999 -9999 -9999 -9999 -9999 -9999 -9999 -9999 -9999 -9999 1018.37394714355 746.273496627808 587.875534057617 769.515991210938 639.155700683594 752.372007369995 891.570533752441 854.048851013184 857.060874938965 836.401489257812 735.721656799316 796.137981414795 755.944850921631 726.354206085205 669.065467834473 937.876960754395 898.448757171631 755.983699798584 546.419540405273 712.002954006195 895.609104156494 877.445209503174 624.364166259766 492.582633972168 1076.00548934937 686.883731842041 785.617050170898 673.512397766113 675.880695343018 826.080947875977 665.34694480896 635.441116333008 715.243984222412
-9999 -9999 -9999 -9999 -9999 -9999 -9999 -9999 -9999 -9999 -9999 -9999 -9999 -9999 -9999 -9999 -9999 -9999 -9999 -9999 835.397872924805 754.039390563965 717.691757202148 880.573945045471 886.161445945501 986.757507324219 779.64678144455 859.8740234375 784.963319778442 792.700227737427 921.951232910156 733.361454963684 703.652942657471 886.937973022461 868.746955871582 735.510124206543 813.229316711426 936.917945861816 946.00700378418 717.51501083374 619.265716552734 799.809242248535 706.131645202637 739.118103027344 664.977317810059 734.649066925049 638.459079742432 550.500823974609 599.992088317871 638.325763702393
-9999 -9999 -9999 -9999 -9999 -9999 -9999 -9999 -9999 -9999 -9999 -9999 -9999 -9999 -9999 -9999 -9999 -9999 -9999 -9999 -9999 -9999 -9999 -9999 -9999 1094.29554748535 1056.01513671875 912.091956138611 958.783924102783 986.909210205078 993.865371704102 756.814205169678 671.676147460938 612.910285949707 768.069259643555 821.984617233276 1163.86247253418 786.770046234131 779.139234542847 754.551685035229 660.52498960495 997.789140224457 729.262870788574 632.855072021484 552.114791870117 699.084758281708 638.396636962891 503.880218505859 588.357788085938 545.323837280273
-9999 -9999 -9999 -9999 -9999 -9999 -9999 -9999 -9999 -9999 -9999 -9999 -9999 -9999 -9999 -9999 -9999 -9999 -9999 -9999 -9999 -9999 -9999 -9999 -9999 -9999 -9999 -9999 -9999 879.819137573242 993.465614318848 996.525161743164 809.408145904541 723.345325469971 663.002433776855 652.865859985352 784.693607330322 880.133815765381 664.201499938965 750.497253417969 625.996690750122 689.019693374634 730.03102684021 657.049110412598 739.785068511963 691.442268371582 604.10521697998 631.060066223145 630.834411621094 574.097869873047
-9999 -9999 -9999 -9999 -9999 -9999 -9999 -9999 -9999 -9999 -9999 -9999 -9999 -9999 -9999 -9999 -9999 -9999 -9999 -9999 -9999 -9999 -9999 -9999 -9999 -9999 -9999 -9999 -9999 -9999 -9999 1096.92124176025 925.832220315933 876.957766532898 776.41180229187 682.707778930664 598.603210449219 523.017044067383 701.964887619019 516.230884552002 870.142360687256 589.152885437012 580.051498413086 755.213871002197 627.181739807129 709.181177139282 674.379574775696 771.164192199707 646.990295410156 651.651100158691
-9999 -9999 -9999 -9999 -9999 -9999 -9999 -9999 -9999 -9999 -9999 -9999 -9999 -9999 -9999 -9999 -9999 -9999 -9999 -9999 -9999 -9999 -9999 -9999 -9999 -9999 -9999 -9999 -9999 -9999 -9999 -9999 777.565492630005 924.61209487915 875.17541885376 810.86469078064 825.360084533691 620.223693847656 629.292815208435 750.735198974609 898.381576538086 683.538246154785 593.82950592041 524.738418579102 659.696033477783 669.141006469727 595.78343963623 680.926716446877 759.234199523926 757.946220397949
-9999 -9999 -9999 -9999 -9999 -9999 -9999 -9999 -9999 -9999 -9999 -9999 -9999 -9999 -9999 -9999 -9999 -9999 -9999 -9999 -9999 -9999 -9999 -9999 -9999 -9999 -9999 -9999 -9999 -9999 -9999 -9999 -9999 912.979280471802 1029.45877075195 836.884552001953 552.979537963867 585.99683380127 734.602916717529 837.757591247559 981.949096679688 787.244785308838 739.194137573242 680.029388427734 667.321369171143 771.75089263916 602.577514648438 656.725406646729 718.632246017456 800.520191192627
