simdem/realisation87.asc
NCOLS 350 
NROWS 171 
XLLCORNER 152620 
YLLCORNER 418050 
CELLSIZE 100 
NODATA_value -9999 
[rows 88 to 109 of 171, columns 50 to 99 of 350]
269.123649597168 262.799179077148 488.699047088623 436.441767692566 372.343371391296 318.477075576782 411.379024505615 426.045486450195 214.633193969727 169.026077270508 317.418684005737 271.347602844238 321.163803100586 268.462379455566 331.23751449585 288.376571655273 323.88053894043 377.117159366608 459.738807678223 412.781982421875 415.829793930054 336.317802429199 406.070832252502 440.288089752197 317.852210998535 278.52416229248 258.025054931641 493.459609985352 440.583703041077 310.097518920898 391.417053222656 472.644330024719 517.247997283936 414.811256408691 535.168325424194 611.840274810791 731.251800537109 574.862167358398 731.778060913086 491.419853210449 503.996391296387 -9999 -9999 -9999 -9999 -9999 -9999 -9999 -9999 -9999
432.73101234436 395.741458892822 434.144485473633 567.370635986328 414.195055007935 471.57409286499 307.74401473999 248.362075805664 410.177940368652 216.012031555176 299.899765014648 350.773662567139 379.471704483032 245.369766235352 134.532073974609 362.470235824585 311.4372215271 352.365049362183 426.285995483398 467.92830657959 414.121028900146 411.08379650116 445.032318115234 479.329399108887 510.55492401123 446.871835708618 255.533203125 381.631664276123 454.934574127197 457.782794952393 455.070633888245 525.386379241943 386.56316947937 459.733658909798 652.650470733643 657.786125183105 682.822814941406 583.209114074707 715.234985351562 580.509275436401 -9999 -9999 -9999 -9999 -9999 -9999 -9999 -9999 -9999 -9999
684.588607788086 453.312936782837 416.795791625977 506.602451324463 531.618263244629 502.383857727051 290.57869720459 337.786247253418 189.98210144043 220.427230834961 274.470771789551 324.455699920654 270.495445251465 419.642757415771 354.320056915283 321.758911132812 385.31628036499 482.14087677002 472.689666748047 543.806259155273 531.02075958252 401.147127151489 368.472667694092 237.543594360352 263.226058959961 428.043406486511 474.780776977539 343.11417388916 472.273727416992 524.557647705078 515.225040435791 543.784454345703 498.617191314697 576.386474609375 871.837961196899 612.226161956787 550.141044616699 574.79566192627 588.011805534363 482.624320983887 -9999 -9999 -9999 -9999 -9999 -9999 -9999 -9999 -9999 -9999
475.689893722534 841.661624908447 467.917133331299 426.651718139648 484.680774688721 383.89234161377 392.493753433228 374.965347290039 117.831817626953 98.83984375 341.467464447021 408.324275970459 328.375263214111 205.30973815918 389.752550601959 344.076625823975 357.930540084839 425.349084854126 462.172519683838 388.365048408508 564.777694702148 465.685649871826 496.837997436523 452.179340362549 443.698825836182 412.833220481873 562.982192993164 499.804351806641 473.11466217041 454.400337219238 482.794647216797 409.227684020996 386.113967895508 444.606689453125 730.310363769531 543.28472328186 638.898300170898 606.497673034668 705.367599487305 -9999 -9999 -9999 -9999 -9999 -9999 -9999 -9999 -9999 -9999 -9999
225.95711517334 431.250929832458 720.21572303772 467.554428100586 423.387159347534 362.465545654297 316.271041870117 372.702144622803 223.297134399414 237.141143798828 344.022884368896 373.93731880188 467.424835205078 355.452831268311 447.083408355713 502.703239440918 444.093112945557 552.647659301758 428.37647819519 517.396797180176 437.284346580505 494.621170043945 440.259288787842 434.834400177002 569.257583618164 361.712112426758 431.430101394653 458.014856338501 550.638023376465 492.086687088013 324.627777099609 415.204196929932 408.76042175293 638.644435882568 723.454849243164 779.051849365234 598.150062561035 690.570045471191 783.586380004883 -9999 -9999 -9999 -9999 -9999 -9999 -9999 -9999 -9999 -9999 -9999
235.134696960449 415.727653503418 391.877090454102 743.626342773438 233.175437927246 322.724609375 398.472213745117 287.611541748047 211.848098754883 276.235374450684 246.5830078125 393.025763750076 387.313429832458 439.511085510254 364.182233810425 541.306884765625 445.896320343018 401.236968040466 450.461734771729 464.739513397217 458.403955459595 535.382774353027 286.028289794922 402.920143127441 339.098617553711 244.776672363281 300.278259277344 374.325160980225 515.469966888428 623.613433837891 465.616645812988 326.313598632812 634.018878936768 720.485042154789 700.17204284668 683.922470092773 639.345550537109 586.058750152588 768.930023193359 -9999 -9999 -9999 -9999 -9999 -9999 -9999 -9999 -9999 -9999 -9999
373.512542724609 413.849700927734 341.973037719727 242.801040649414 552.358856201172 450.07283782959 401.767475128174 225.906372070312 164.13703918457 179.792419433594 361.109447479248 335.137474060059 352.713012695312 421.051723480225 413.688306570053 493.475090026855 480.917785644531 468.338535308838 345.042213439941 499.075798034668 412.077318191528 491.620834350586 479.787256240845 342.08097076416 388.486392974854 525.419090270996 391.485130310059 441.77938079834 613.730422973633 489.63756942749 527.102359771729 506.455753326416 410.358856201172 488.147003173828 581.571895599365 529.60107421875 448.255958557129 616.08284163475 -9999 -9999 -9999 -9999 -9999 -9999 -9999 -9999 -9999 -9999 -9999 -9999
205.253311157227 199.211708068848 226.1630859375 456.942755937576 340.109382629395 317.859275817871 480.328036308289 395.536781311035 239.22770690918 286.133880615234 375.463096618652 357.083335876465 343.516609191895 413.547632217407 347.488185882568 410.281953334808 415.135011196136 462.025440216064 308.06420135498 294.70930480957 464.519290924072 502.757667541504 584.769149780273 376.477272033691 397.707572937012 486.882532119751 406.479919433594 508.047904968262 596.312759399414 411.933433532715 363.555183410645 354.890319824219 478.023309707642 343.750900268555 320.198547363281 443.523002624512 442.575256347656 470.782440185547 -9999 -9999 -9999 -9999 -9999 -9999 -9999 -9999 -9999 -9999 -9999 -9999
192.731437683105 109.487609863281 210.973983764648 384.793106079102 545.827180862427 439.742164611816 386.544998168945 394.406364440918 507.916259765625 195.464538574219 371.805728912354 404.956527709961 493.255867004395 302.261070251465 393.088952064514 518.426277160645 407.575745582581 363.145935058594 357.195823669434 392.233020782471 287.982223510742 257.012283325195 458.91347694397 457.304626464844 285.901412963867 361.847595214844 462.54344367981 449.109529495239 557.848358154297 508.503845214844 491.789451599121 328.351119995117 266.745513916016 357.606597900391 528.703594207764 472.808570861816 324.52229309082 439.731430053711 -9999 -9999 -9999 -9999 -9999 -9999 -9999 -9999 -9999 -9999 -9999 -9999
55.9090270996094 194.840805053711 291.412490844727 603.605487823486 536.575567245483 477.707012176514 418.072998046875 540.095317840576 298.54317855835 391.975006103516 414.832790374756 469.07555770874 438.450212001801 451.043159484863 386.846799850464 514.643280029297 517.092971801758 420.343740463257 422.803112030029 327.225746154785 265.945022583008 625.342300415039 400.22713470459 475.043117523193 528.381839752197 342.198017120361 430.912906646729 391.114143371582 465.29383546114 530.859191894531 432.827186584473 416.530555725098 816.674243927002 755.100618362427 664.718566894531 425.932758331299 616.540760040283 -9999 -9999 -9999 -9999 -9999 -9999 -9999 -9999 -9999 -9999 -9999 -9999 -9999
567.255850315094 85.8200988769531 505.100967407227 708.146987915039 647.284599304199 549.512700557709 545.234445095062 507.074443817139 455.857810974121 389.412776947021 520.28475189209 369.868095397949 455.302968978882 456.521192550659 341.196868896484 443.123291015625 464.258001327515 341.000007629395 395.043029785156 577.812286376953 522.711463928223 501.583557128906 452.976234436035 484.075492858887 472.100810050964 837.490383148193 414.697170257568 424.853398323059 276.247192382812 737.275341033936 584.93900680542 609.968321800232 521.980010986328 479.511238098145 398.238056182861 393.893013000488 549.184238433838 -9999 -9999 -9999 -9999 -9999 -9999 -9999 -9999 -9999 -9999 -9999 -9999 -9999
500.431686401367 393.569458007812 334.939056396484 561.993629455566 694.645240783691 665.327087402344 557.914570569992 583.085626363754 532.570976257324 303.733551025391 417.411674499512 473.22744178772 472.594908952713 388.037071228027 422.78104019165 371.057281494141 124.625549316406 178.962509155273 612.673023223877 501.213416099548 612.261749267578 569.456775665283 479.762817382812 631.301910400391 600.359275817871 543.55034661293 762.233070373535 513.45728302002 542.899269104004 638.524658203125 514.849815368652 774.158874511719 676.519616603851 593.510047912598 478.255250930786 412.854377746582 538.429985046387 -9999 -9999 -9999 -9999 -9999 -9999 -9999 -9999 -9999 -9999 -9999 -9999 -9999
441.604064941406 413.082000732422 453.738418579102 349.828720092773 535.389228820801 599.944078445435 576.91174697876 470.679374694824 616.900983810425 495.044410705566 428.957153320312 589.512981414795 555.715341567993 529.910049438477 344.286594390869 335.414058685303 207.176361083984 454.459373474121 491.899429321289 494.176197052002 615.514770507812 627.134902954102 522.4427318573 591.936979293823 570.856857299805 474.812957763672 403.930358886719 458.579742431641 596.974632263184 471.814437866211 399.087371826172 517.283660888672 537.981868743896 529.919864654541 476.795566558838 470.230773925781 585.216926574707 -9999 -9999 -9999 -9999 -9999 -9999 -9999 -9999 -9999 -9999 -9999 -9999 -9999
433.213031768799 540.635164260864 565.643814086914 539.908699035645 453.640090942383 554.423950195312 570.497211456299 642.706621170044 587.907787322998 565.892139434814 571.196754455566 575.94017791748 869.494028091431 434.1147108078 546.128486633301 711.819312095642 529.21821975708 473.849311828613 516.174470901489 563.263942718506 444.67896270752 530.704895019531 507.247344970703 609.84698677063 504.075260162354 478.317848205566 388.767562866211 327.033554077148 471.185317993164 557.315032958984 521.665771484375 500.797096252441 429.178333282471 478.611944198608 473.666381835938 421.572845458984 -9999 -9999 -9999 -9999 -9999 -9999 -9999 -9999 -9999 -9999 -9999 -9999 -9999 -9999
302.582908630371 507.447441101074 597.367214202881 651.784713745117 779.115440368652 639.345599234104 628.783880233765 596.410507202148 693.760154724121 535.903022766113 717.884605407715 592.730026245117 502.924697875977 615.853662490845 364.422698974609 541.446224212646 500.251848220825 402.54825592041 483.2158203125 479.894668579102 405.161514282227 435.899307250977 501.070739746094 575.471570014954 613.146148681641 558.421216011047 497.943954467773 389.387725830078 477.690078735352 435.905654907227 649.979347229004 567.870765686035 575.644200801849 687.931182861328 509.835067749023 -9999 -9999 -9999 -9999 -9999 -9999 -9999 -9999 -9999 -9999 -9999 -9999 -9999 -9999 -9999
245.895782470703 308.5032787323 525.1420545578 558.10132598877 542.741325378418 517.365045547485 556.943156242371 621.035925865173 707.973064422607 600.14673614502 522.405843734741 360.179218292236 202.574920654297 405.183441162109 497.541160583496 521.264394879341 442.54655456543 356.117233276367 419.554786682129 448.039100646973 496.485679626465 503.143585205078 480.59693145752 498.633674621582 601.629648208618 698.467933654785 658.780349731445 412.869426727295 412.419784545898 409.262756347656 532.286144256592 673.627029418945 617.871620178223 520.228340148926 -9999 -9999 -9999 -9999 -9999 -9999 -9999 -9999 -9999 -9999 -9999 -9999 -9999 -9999 -9999 -9999
629.684188842773 408.790424346924 320.774569034576 380.795539855957 296.28303527832 313.381927490234 465.053767681122 511.636659622192 379.949890136719 448.695793151855 512.729083061218 545.112844467163 503.52463722229 609.524131774902 606.657417297363 620.836303710938 549.886215686798 440.509716033936 645.987319946289 537.906082868576 471.102638244629 576.378238677979 507.316360473633 601.561464309692 397.212432861328 562.908344268799 499.652603149414 380.879730224609 459.130033016205 603.228942871094 584.042340040207 639.872161865234 516.627471923828 -9999 -9999 -9999 -9999 -9999 -9999 -9999 -9999 -9999 -9999 -9999 -9999 -9999 -9999 -9999 -9999 -9999
-9999 427.359771728516 939.237693786621 306.712631225586 221.983383178711 577.785232543945 447.038249969482 298.104125976562 322.470588684082 357.391828536987 493.878799438477 528.571113586426 435.918275356293 513.920593261719 533.977981567383 368.846378326416 369.438621520996 394.116388320923 420.738105773926 281.619995117188 330.140853881836 439.528001070023 504.015533447266 430.21635055542 385.185531616211 419.014915466309 537.210796356201 601.858421325684 465.723841309547 777.887954711914 737.856399536133 602.0128865242 -9999 -9999 -9999 -9999 -9999 -9999 -9999 -9999 -9999 -9999 -9999 -9999 -9999 -9999 -9999 -9999 -9999 -9999
-9999 -9999 -9999 -9999 702.115753173828 716.333053588867 556.868755340576 317.503448486328 793.791997909546 971.960845947266 528.373086929321 480.939491271973 446.501335144043 470.022693634033 380.977787017822 258.977386474609 461.401416301727 42.9275531768799 5.18069839477539 479.11767578125 528.461536407471 469.639560699463 355.981216430664 483.168682098389 489.803863525391 322.252853393555 453.943298339844 511.973419189453 610.954696655273 537.551247596741 -9999 -9999 -9999 -9999 -9999 -9999 -9999 -9999 -9999 -9999 -9999 -9999 -9999 -9999 -9999 -9999 -9999 -9999 -9999 -9999
-9999 -9999 -9999 -9999 -9999 -9999 -9999 -9999 -9999 853.385871887207 680.84136390686 502.568290710449 470.856140136719 509.514263153076 490.8073387146 418.214233398438 554.966149806976 66.0142946243286 22.259391784668 644.981786727905 686.950511932373 506.695983886719 599.544992446899 591.710136413574 634.557531356812 613.85319519043 562.974937438965 408.956436157227 -9999 -9999 -9999 -9999 -9999 -9999 -9999 -9999 -9999 -9999 -9999 -9999 -9999 -9999 -9999 -9999 -9999 -9999 -9999 -9999 -9999 -9999
-9999 -9999 -9999 -9999 -9999 -9999 -9999 -9999 -9999 -9999 -9999 -9999 -9999 -9999 -9999 -9999 631.345916748047 665.553359985352 623.883941650391 620.067565917969 899.862778663635 945.463695526123 1039.75128173828 950.995673179626 958.913864135742 -9999 -9999 -9999 -9999 -9999 -9999 -9999 -9999 -9999 -9999 -9999 -9999 -9999 -9999 -9999 -9999 -9999 -9999 -9999 -9999 -9999 -9999 -9999 -9999 -9999
-9999 -9999 -9999 -9999 -9999 -9999 -9999 -9999 -9999 -9999 -9999 -9999 -9999 -9999 -9999 -9999 -9999 -9999 -9999 -9999 -9999 -9999 -9999 -9999 -9999 -9999 -9999 -9999 -9999 -9999 -9999 -9999 -9999 -9999 -9999 -9999 -9999 -9999 -9999 -9999 -9999 -9999 -9999 -9999 -9999 -9999 -9999 -9999 -9999 -9999
