simdem/realisation97.asc
NCOLS 350 
NROWS 171 
XLLCORNER 152620 
YLLCORNER 418050 
CELLSIZE 100 
NODATA_value -9999 
[rows 110 to 131 of 171, columns 200 to 249 of 350]
-9999 -9999 -9999 932.872688293457 684.75677408278 520.912368774414 566.109008789062 666.803329467773 696.233489990234 901.277938842773 712.507136642933 603.310485839844 616.819705963135 701.118619918823 644.465091705322 656.445329666138 883.204490661621 743.793663024902 635.027841567993 585.404396057129 628.366813778877 681.330451965332 708.209710597992 654.516326904297 544.922637939453 637.667705535889 660.67534828186 601.52237701416 666.783643245697 825.71745300293 784.203254699707 724.211406707764 652.881429672241 634.593158721924 771.599548339844 803.402610778809 629.019920349121 568.186447143555 506.73233795166 520.645900726318 535.573196411133 556.716514587402 642.948844909668 777.066883087158 1285.66951370239 791.998893737793 934.347099304199 1145.32244873047 696.911657333374 937.123880386353
-9999 -9999 -9999 -9999 756.091003417969 639.867500305176 603.194541931152 745.431835174561 685.225250244141 875.218835830688 582.536224365234 682.451599121094 643.476356506348 738.032337188721 625.473575592041 569.287170410156 724.558959960938 697.826507568359 608.067974090576 664.355796813965 686.214492797852 627.341096878052 1492.88752746582 571.490829467773 655.631591796875 656.231307983398 695.665664672852 611.016067504883 526.793731689453 695.398170471191 596.516458511353 715.061103820801 704.694934844971 744.405429840088 637.122360229492 634.964351654053 626.562408447266 627.328338623047 531.348014831543 419.288635253906 762.81590461731 470.930587768555 439.969482421875 812.377838134766 698.095294952393 990.471557617188 978.582374572754 905.060642242432 661.564117431641 867.708808898926
-9999 -9999 -9999 -9999 864.722427368164 593.06681060791 623.709693908691 673.543045043945 689.230110168457 649.980587005615 648.232437133789 664.449012756348 679.132303237915 562.366958618164 506.983947753906 417.128997802734 548.727165222168 674.529502868652 571.533760070801 651.43433380127 718.901569366455 656.470703125 550.154266357422 473.588592529297 539.222064971924 677.172233581543 687.438241958618 712.99019241333 547.22428894043 795.037086486816 578.069164276123 620.79271697998 632.502021789551 658.629119873047 567.737121582031 618.664497375488 591.416084289551 694.394508361816 715.829551696777 719.390625 695.147109985352 486.643341064453 543.961608886719 908.374778747559 556.727436065674 968.223941802979 1067.03651332855 845.463577270508 735.128845214844 839.478302001953
-9999 -9999 -9999 -9999 -9999 842.426139831543 661.484813690186 656.136129379272 741.660214662552 746.091124534607 1242.35039329529 729.120940208435 562.038879394531 698.860998153687 543.301010131836 655.573986053467 548.770729064941 637.476781845093 634.618812561035 636.159669876099 671.877787590027 957.642219543457 490.02294921875 541.589973449707 498.100830078125 752.611259460449 722.206123948097 663.613763809204 722.836807250977 580.644218444824 595.049755573273 608.718948364258 769.718143463135 659.901105880737 706.20156288147 603.907745361328 440.190246582031 657.189044952393 854.768325805664 750.237934112549 908.060829162598 683.865646362305 621.560821533203 712.53857421875 721.02018737793 836.580505371094 1011.43328094482 1236.51057434082 589.611770629883 793.183227539062
-9999 -9999 -9999 -9999 -9999 762.016319274902 741.81615447998 578.050361633301 760.397277832031 783.535549163818 1111.17350959778 757.546664237976 790.721321105957 707.331045150757 478.481185913086 492.51936340332 564.794357299805 527.929977416992 508.27587890625 647.669166564941 1264.47776412964 654.530086517334 645.182422637939 504.490386962891 514.881927490234 788.942764282227 875.974807739258 795.129333496094 752.764019012451 726.107462882996 612.238929748535 586.411697387695 763.621963500977 634.998138427734 465.085159301758 475.528549194336 499.06477355957 734.358263015747 702.474666595459 728.69690322876 744.197179794312 802.563903808594 675.372970581055 615.589111328125 711.116363525391 597.863372802734 876.350685119629 866.900157928467 705.442617416382 636.292404174805
-9999 -9999 -9999 -9999 -9999 952.964832305908 868.595993041992 787.793395996094 782.262954711914 784.438541412354 659.362869262695 766.08717918396 797.539901733398 786.205680847168 727.873802185059 597.369369506836 625.121253967285 612.323616027832 494.169189453125 1232.75879096985 605.374248504639 666.958249092102 823.578018188477 629.460390090942 493.755828857422 722.032344818115 802.317375183105 699.813038825989 613.650543212891 685.610506057739 679.68829536438 507.129837036133 670.700729370117 609.521789550781 559.91618347168 645.770683288574 706.992454528809 621.014316558838 911.320404052734 986.792114257812 747.75301361084 805.116394042969 553.02880859375 1030.34576416016 660.980003356934 746.201133728027 714.522634506226 736.990406036377 737.038661956787 600.785537719727
-9999 -9999 -9999 -9999 -9999 -9999 861.540452957153 931.691337585449 936.296981811523 677.268566131592 772.605054855347 906.119964599609 806.137588500977 843.157669067383 718.564675331116 659.508186340332 442.766174316406 552.631805419922 727.492480278015 660.652509689331 632.863388061523 632.047054290771 592.988395690918 656.253602981567 624.602188110352 817.106887817383 711.784951001406 681.812191009521 681.723052978516 640.347732543945 605.44132232666 610.546653747559 589.889099121094 723.247203826904 771.081010818481 588.79320526123 677.22089099884 656.720680236816 765.269653320312 877.442489624023 894.660339355469 809.11501121521 841.346481323242 589.917251586914 801.760498046875 725.65185546875 951.455780029297 800.951721191406 769.333122253418 810.889892578125
-9999 -9999 -9999 -9999 -9999 -9999 823.98690032959 1449.16230773926 1380.85559844971 688.984806060791 708.445167541504 809.464763641357 1099.21873903275 783.408218383789 699.95051574707 718.758052825928 585.891250610352 581.41040802002 1120.3208694458 617.980255126953 718.615982055664 737.611320495605 611.946647644043 754.568176269531 760.762516021729 687.101531982422 693.71120262146 678.484127044678 606.341720581055 826.232223510742 830.156448364258 747.158971786499 687.278511047363 984.803712368011 1041.29537963867 931.436288833618 870.045997619629 624.622131347656 596.446586608887 637.929039001465 747.199304580688 833.574127197266 676.340560913086 630.541641235352 476.035797119141 454.664398193359 710.028255462646 849.213638305664 1147.42096710205 825.717014312744
-9999 -9999 -9999 -9999 -9999 -9999 -9999 1031.78012084961 911.369873046875 824.137893676758 640.357894897461 765.487597465515 772.503572463989 881.688255310059 744.826065063477 415.060699462891 552.542327880859 1433.11428070068 574.344360351562 593.373023986816 735.790012359619 696.310371398926 603.003814697266 752.010799884796 676.647094726562 756.673337936401 668.587726593018 1240.80290222168 865.441379785538 805.424098968506 584.568367004395 625.039413452148 648.5205078125 815.092163085938 913.62739944458 906.643939971924 800.844329833984 922.298568725586 1034.0319519043 677.276793479919 697.806510522962 682.270221710205 755.362030029297 751.229200363159 818.557642459869 747.345344543457 705.167404651642 610.868850708008 651.698661804199 704.428358078003
-9999 -9999 -9999 -9999 -9999 -9999 -9999 -9999 767.61449432373 768.348091125488 808.936660766602 742.518135070801 723.332933425903 691.152122497559 516.507873535156 384.287780761719 1301.28201293945 681.821792602539 666.800590515137 675.031219482422 719.574619293213 697.768188476562 689.550491333008 771.11515045166 699.2799949646 681.504648208618 739.494169235229 689.952760696411 810.715091705322 654.834775924683 549.947336196899 595.871063232422 579.294738769531 902.340789794922 879.070358276367 703.090621948242 918.490253448486 924.615489959717 882.828712463379 1041.39852905273 757.988624572754 715.451444625854 796.949981689453 738.172451019287 871.701217651367 662.638851165771 654.341598510742 540.894134521484 763.823110580444 551.482201576233
-9999 -9999 -9999 -9999 -9999 -9999 -9999 -9999 -9999 1315.64747929573 1265.02626037598 1122.88762664795 577.697536468506 669.438674926758 510.540618896484 555.879760742188 937.259780883789 675.559959411621 750.311600446701 807.771731376648 690.524684906006 759.090351104736 730.634781837463 809.347373962402 807.899482727051 822.617898344994 465.333923339844 535.655832290649 635.481346130371 529.135276794434 713.024635314941 412.36897277832 352.342239379883 372.877471923828 707.417282104492 646.888336181641 769.71085357666 880.864660263062 681.631774902344 888.385681152344 1125.54864883423 739.635432481766 720.183654785156 795.372633934021 685.103233337402 617.933347702026 730.310501098633 715.857818603516 630.850914001465 539.511606216431
-9999 -9999 -9999 -9999 -9999 -9999 -9999 -9999 -9999 -9999 1017.25496912003 705.405326843262 575.219011306763 615.16397857666 488.446701049805 694.317077636719 710.180366516113 700.444869995117 786.96501159668 642.359008789062 787.014545440674 712.567096710205 754.74227142334 731.4583568573 1197.43124389648 1002.92315673828 444.868774414062 426.483551025391 771.035026550293 679.427017211914 762.772636413574 734.526374816895 429.703735351562 498.702365875244 747.698028564453 726.535308837891 640.319091796875 893.92667555809 770.336059570312 752.2451171875 817.811904907227 666.164821624756 774.151447296143 986.185943603516 756.347869873047 743.193367004395 598.045701980591 576.791374206543 523.101417541504 585.966888427734
-9999 -9999 -9999 -9999 -9999 -9999 -9999 -9999 -9999 -9999 -9999 1151.12054824829 1139.8172416687 930.449520111084 469.700523376465 535.299423217773 796.017593383789 714.413528442383 651.014297485352 641.95189666748 773.968894958496 827.002780914307 702.895795822144 578.670051574707 1002.10930800438 819.304710388184 972.969734191895 931.549779891968 928.336181640625 823.433364868164 898.016002655029 764.575317382812 711.076705932617 841.203987121582 782.872150421143 751.360404968262 751.093849182129 780.025909423828 768.0888671875 804.528106689453 916.032936096191 663.493698120117 740.445083618164 643.440719604492 597.215370178223 687.501214981079 564.74112701416 726.141437530518 719.557344436646 688.816905975342
-9999 -9999 -9999 -9999 -9999 -9999 -9999 -9999 -9999 -9999 -9999 -9999 1138.42118835449 1225.32447743416 615.456172943115 587.194128036499 776.847534179688 638.881860733032 569.868782043457 632.059532165527 632.642646789551 688.42361831665 575.477489471436 482.925231933594 708.519641876221 794.347911834717 861.913175582886 691.927255630493 829.084976196289 791.375427246094 863.522535324097 956.349891662598 700.092639923096 841.26424407959 764.705379486084 596.631011009216 671.457977294922 807.159851074219 861.177135467529 833.538562774658 751.656585693359 880.670608878136 770.782234191895 636.404328346252 556.937210083008 644.250541687012 716.508518218994 775.606895446777 759.723583221436 835.351947784424
-9999 -9999 -9999 -9999 -9999 -9999 -9999 -9999 -9999 -9999 -9999 -9999 -9999 -9999 719.216455459595 788.015846252441 642.777302742004 997.110832214355 476.440002441406 695.293853759766 463.594779968262 593.106347084045 609.25242805481 529.13805770874 716.596979141235 693.282863616943 850.959098815918 750.714831352234 856.489488601685 806.307929992676 779.030822753906 854.184249401093 716.192752838135 687.306755065918 535.98713684082 511.251693725586 888.933246612549 902.16527557373 681.607070922852 1047.36109733582 1116.08642196655 1122.30821228027 549.384323120117 665.84343791008 721.35350227356 689.257230758667 767.867328643799 745.710117340088 764.774662017822 815.373031616211
-9999 -9999 -9999 -9999 -9999 -9999 -9999 -9999 -9999 -9999 -9999 -9999 -9999 -9999 -9999 -9999 -9999 1057.18810272217 717.709281921387 622.518501281738 725.167411804199 800.576000213623 836.00394821167 744.454090118408 716.02611541748 664.714874267578 580.776020050049 606.950042724609 584.901458740234 671.442436218262 706.621551513672 629.807563781738 789.272777557373 826.311702728271 669.864074707031 577.608026504517 678.140905380249 907.724224090576 705.945770263672 499.208343505859 560.615186691284 1091.39136695862 731.917793273926 705.545372009277 599.626670837402 621.336837768555 669.121059417725 730.294811248779 690.81270980835 759.66015625
-9999 -9999 -9999 -9999 -9999 -9999 -9999 -9999 -9999 -9999 -9999 -9999 -9999 -9999 -9999 -9999 -9999 -9999 -9999 -9999 776.344055175781 865.40721321106 913.691955566406 979.343940734863 868.561500549316 880.154561758041 834.329593658447 789.910354614258 540.487457275391 655.887557983398 693.649642944336 655.760437011719 751.426296234131 823.174850463867 811.374893188477 757.394744873047 654.26383972168 668.786376953125 838.195785522461 661.385653734207 728.217105865479 776.859468460083 597.423320770264 750.048991203308 742.419832229614 643.710266113281 642.172107696533 599.705680847168 554.969177246094 707.492616653442
-9999 -9999 -9999 -9999 -9999 -9999 -9999 -9999 -9999 -9999 -9999 -9999 -9999 -9999 -9999 -9999 -9999 -9999 -9999 -9999 -9999 -9999 -9999 -9999 -9999 929.912618637085 951.56623840332 829.423690795898 797.750556945801 819.329849243164 843.205574035645 760.013000488281 770.965389251709 556.83536529541 701.488948822021 926.876724243164 941.572204589844 715.318237304688 658.443328857422 784.220935821533 797.603576660156 1231.40647888184 625.784400939941 773.03470993042 702.053057193756 560.434844970703 651.061950683594 576.853660583496 497.31770324707 576.70068359375
-9999 -9999 -9999 -9999 -9999 -9999 -9999 -9999 -9999 -9999 -9999 -9999 -9999 -9999 -9999 -9999 -9999 -9999 -9999 -9999 -9999 -9999 -9999 -9999 -9999 -9999 -9999 -9999 -9999 911.089241027832 918.775766372681 866.277893066406 976.560241699219 743.978909671307 719.337826728821 721.444729804993 842.377925872803 999.482490539551 624.464248657227 621.716312408447 812.967300415039 852.106002807617 791.443603515625 686.341762542725 601.013298034668 759.743339538574 664.004833221436 722.483725547791 505.289047241211 580.941665649414
-9999 -9999 -9999 -9999 -9999 -9999 -9999 -9999 -9999 -9999 -9999 -9999 -9999 -9999 -9999 -9999 -9999 -9999 -9999 -9999 -9999 -9999 -9999 -9999 -9999 -9999 -9999 -9999 -9999 -9999 -9999 1250.9098739624 1043.67348480225 911.254816055298 691.885787963867 746.362337112427 923.754196166992 660.583710670471 747.552522659302 466.831726074219 870.449920654297 788.649185180664 780.224349975586 682.450933456421 660.252223968506 741.689296722412 649.292718887329 610.754058837891 640.726867675781 507.882995605469
-9999 -9999 -9999 -9999 -9999 -9999 -9999 -9999 -9999 -9999 -9999 -9999 -9999 -9999 -9999 -9999 -9999 -9999 -9999 -9999 -9999 -9999 -9999 -9999 -9999 -9999 -9999 -9999 -9999 -9999 -9999 -9999 776.030335426331 892.253064632416 808.086929321289 550.34521484375 715.429809570312 868.610321044922 601.643657684326 456.473999023438 877.167213439941 767.065616607666 610.388679504395 495.405654907227 630.524284362793 717.0390625 632.483459472656 667.234059333801 611.043418884277 730.258191108704
-9999 -9999 -9999 -9999 -9999 -9999 -9999 -9999 -9999 -9999 -9999 -9999 -9999 -9999 -9999 -9999 -9999 -9999 -9999 -9999 -9999 -9999 -9999 -9999 -9999 -9999 -9999 -9999 -9999 -9999 -9999 -9999 -9999 694.385864257812 934.251945495605 871.899353027344 818.387145996094 624.948539733887 786.023290634155 749.783338069916 909.5573387146 754.072784423828 694.029973983765 575.388671875 600.557693481445 692.90927696228 653.268184661865 667.293502807617 724.450498580933 749.433433532715
