simdem/realisation30.asc
NCOLS 350 
NROWS 171 
XLLCORNER 152620 
YLLCORNER 418050 
CELLSIZE 100 
NODATA_value -9999 
[rows 44 to 65 of 171, columns 250 to 299 of 350]
849.097198486328 789.493064880371 810.988779067993 708.393854141235 609.229011535645 758.211181163788 748.356685638428 657.911643981934 642.782096862793 734.952638626099 679.269142150879 769.028842926025 676.65210723877 925.575988769531 803.93371963501 810.415420532227 770.477323532104 809.519027709961 905.903305053711 832.126659393311 740.783493041992 761.611081123352 638.378623962402 763.495293140411 701.109127044678 844.513591766357 754.211639404297 803.82014465332 703.420547485352 639.322158813477 682.155624389648 817.817188262939 869.40539264679 820.678565979004 735.384635925293 851.456015586853 693.053024291992 866.12158203125 821.169853210449 826.800857543945 826.486269712448 834.577667236328 800.085666179657 835.49742603302 926.285835266113 970.479827880859 961.324066162109 804.241584777832 722.213348388672 774.201393127441
633.396194458008 719.639808654785 589.172798156738 682.537132263184 825.583351135254 836.788276672363 782.030029296875 687.706077575684 649.367973327637 645.81298828125 690.685668945312 882.739181518555 831.712600708008 747.712508320808 745.925643205643 746.470851898193 682.488456726074 815.718856811523 810.837282180786 756.766201019287 875.119750976562 720.295551300049 708.114276885986 711.201637268066 748.373039245605 599.782989501953 734.858894348145 744.390916824341 659.331008911133 855.134674072266 980.579006195068 847.792413711548 742.712921142578 652.505096435547 604.158142089844 705.627304077148 839.919509887695 720.955551147461 1375.35817337036 908.698844909668 872.676296234131 1034.88752746582 864.079605102539 872.026101589203 1020.88775634766 854.307943820953 881.746948242188 768.705467224121 874.685417175293 803.328308105469
706.228118896484 787.604621887207 719.352327346802 731.45302772522 718.702369689941 765.28279876709 731.427499294281 630.182609558105 652.628616333008 692.484287261963 668.436824798584 778.863628387451 858.125694274902 717.726457595825 706.225208282471 739.872755050659 814.033843994141 810.368980407715 762.048263549805 759.995182275772 759.237508773804 695.490734100342 750.160105705261 639.706619262695 583.814041137695 1200.95085144043 742.103828430176 1018.36065673828 1245.1249537468 673.824111938477 985.371273040771 674.084945678711 667.292205810547 684.559020996094 1123.8796005249 1491.43222045898 1233.11241722107 843.522729873657 1252.88605499268 1383.84049224854 889.958824157715 718.418869018555 942.109741210938 911.930015563965 1166.26362609863 1091.34819030762 1348.33672332764 827.121776580811 881.405980110168 855.276557922363
768.440032958984 765.720527648926 895.5810546875 742.36323928833 643.378528594971 713.114345550537 682.894050598145 736.587631225586 689.666191101074 713.571293830872 828.550956726074 766.326313018799 793.001972198486 691.023052215576 624.270111083984 773.203535079956 744.635038375854 679.272956848145 769.708718776703 825.991088867188 629.140129089355 708.662185668945 733.041474699974 755.232204437256 496.036804199219 933.254058837891 584.977966308594 1135.91025161743 995.593917369843 1424.39600753784 823.080780029297 776.105621337891 650.039093017578 1095.84525299072 806.398811340332 863.301422119141 1330.5721244812 895.077377319336 1144.57488250732 943.833511352539 733.27515411377 715.154716491699 1429.58804321289 1034.79124069214 909.895729064941 1096.05680847168 886.176519393921 944.26789855957 894.905636787415 1047.17297363281
734.823534011841 746.657717704773 606.724937438965 630.120719909668 636.42170715332 602.781257629395 579.588439941406 700.239002227783 713.348950386047 596.186592102051 600.305541992188 605.175354003906 591.549026489258 709.635040283203 670.092147827148 664.528770446777 746.221177101135 745.201274335384 798.155364990234 727.750835418701 793.464942932129 717.707960128784 714.136001586914 738.142784118652 685.751281738281 548.040130615234 616.764801025391 855.700569152832 885.40306854248 1149.20042991638 1367.26517820358 824.144128799438 846.091979980469 844.970710754395 812.100261688232 650.53955078125 1115.71424865723 812.670187950134 1656.65592956543 1001.27352905273 763.990753173828 831.827604293823 1170.69382476807 841.411435365677 805.895233154297 954.760780334473 925.49402141571 1994.58135986328 968.301895141602 902.799743652344
646.73624420166 716.975428104401 549.931106567383 676.671897888184 607.833183288574 639.644592285156 642.175926208496 708.069680690765 557.75065612793 554.740188598633 589.98323059082 633.278160095215 687.656230926514 673.669689178467 687.381652832031 719.196202278137 731.937509298325 740.411750793457 862.416122436523 736.810761451721 810.286308288574 546.420791625977 592.14192199707 708.429798126221 740.379611968994 1089.601146698 820.373481750488 774.049217224121 676.951278686523 783.392181396484 811.191841125488 837.515785217285 843.146751403809 726.203666687012 1288.44901275635 747.87540435791 694.251281738281 859.261360168457 829.175575256348 638.898345947266 845.201232910156 910.979652881622 997.899070739746 1086.68590545654 612.281158447266 749.226600646973 862.70467376709 966.177337646484 958.210548400879 824.577754437923
566.164352416992 624.106384277344 693.327685832977 629.433448791504 661.618072509766 778.100540161133 741.797634124756 670.243896484375 641.47013092041 669.640923500061 693.631572723389 639.733001708984 759.844814300537 644.287002563477 784.475109100342 722.222524642944 716.164184570312 730.615214109421 664.447071075439 565.554107666016 717.307651519775 649.848861694336 653.295372009277 666.406318664551 747.518238067627 700.72607421875 756.531631469727 727.872253417969 681.828941345215 770.639530181885 1084.71841430664 807.725936889648 553.440643310547 731.959442138672 845.75993347168 799.248975753784 663.56803894043 1356.77725982666 898.110191345215 897.149696350098 1072.34725952148 897.945022583008 727.899276733398 868.482688903809 782.763397216797 876.081123352051 983.763107299805 1183.04662132263 1017.66926193237 694.655624389648
484.249740600586 655.934078216553 552.668258666992 612.318153381348 732.177081346512 767.613754272461 802.161682128906 791.791938781738 863.428482055664 563.263153076172 645.746810913086 572.382949829102 425.506774902344 663.369167327881 647.829238891602 637.299873352051 702.808086395264 733.928203582764 672.42134475708 627.501564025879 772.989747047424 747.274471282959 621.573120117188 673.962440490723 753.783475875854 850.869255065918 846.730316162109 762.026885986328 711.410736083984 756.512664794922 998.760772705078 957.040634155273 853.343872070312 1112.50207519531 957.669067382812 825.084602355957 664.323272705078 933.25443649292 844.769309997559 948.410495758057 929.636922836304 890.425479888916 736.943359375 782.603637695312 776.036575317383 701.684478759766 972.227531433105 684.510696411133 793.739685058594 913.538352966309
849.665969848633 593.975692749023 653.452560424805 729.390693664551 811.569801330566 637.881278991699 863.983062744141 814.169631958008 735.196285247803 680.819358825684 658.108299255371 704.407727718353 487.689956665039 643.646881103516 522.34602355957 572.902923583984 656.124702453613 758.151754379272 739.557596206665 753.222280979156 629.29248046875 626.596588134766 552.83659362793 548.656967163086 736.343322753906 812.167053222656 779.449111938477 737.67147064209 747.636016845703 862.141212463379 561.331420898438 738.433204650879 817.837158203125 1094.19671630859 684.591079711914 777.634494781494 1020.3084564209 581.736068725586 999.739599227905 972.925813674927 875.578502655029 819.31135559082 715.33642578125 536.667572021484 589.91032409668 757.734928131104 1212.6445350647 825.843456268311 866.167011260986 703.723052978516
469.857559204102 748.930633544922 715.821655273438 689.234193325043 751.504592895508 732.406604766846 680.991651535034 791.373359680176 672.07165813446 787.364597320557 1234.30922317505 714.159917831421 640.545715332031 664.025279998779 828.959526062012 983.535079956055 644.29891204834 664.70133972168 696.649578094482 1569.29522705078 820.989639282227 656.96361541748 524.036285400391 1334.104637146 800.035484313965 751.302433013916 699.576034545898 602.167434692383 784.464978218079 821.074604034424 724.113594055176 916.409194946289 831.278213500977 863.771392822266 586.640579223633 1113.09126281738 774.032836914062 890.507064819336 788.189895629883 893.459030151367 1305.20530223846 848.702651977539 703.262969970703 729.410972595215 770.879724502563 691.677223205566 764.173709869385 706.759590148926 859.177852630615 728.065315246582
681.697033882141 659.68627166748 638.084930419922 711.485134124756 871.972099304199 940.21964263916 671.465183258057 645.157938480377 639.786712646484 713.802616119385 691.715381622314 1377.90875244141 860.937651634216 1168.95809173584 962.166374206543 1696.96230506897 497.432922363281 670.335815429688 862.756355285645 545.056945800781 554.883010864258 418.884460449219 575.945846557617 870.204914093018 665.259170532227 765.089721679688 739.142646789551 682.821258544922 713.831939697266 732.772132873535 767.959003448486 741.88237953186 1165.4803352356 726.776229858398 831.981323242188 728.250595092773 1228.44885253906 698.445648193359 839.579696178436 842.303821563721 872.40714263916 931.219734191895 705.729476928711 797.652496337891 875.42204284668 829.501121044159 762.087707519531 688.242782592773 680.031097412109 693.297698974609
573.793319702148 562.617286682129 603.730438232422 631.879039764404 728.551216125488 820.582366943359 590.303848266602 1193.73751831055 724.315662384033 853.523147583008 710.885375976562 694.419017791748 874.23291015625 813.768548965454 654.199478149414 1518.47330474854 684.783149719238 1226.99560546875 826.311194896698 556.213165283203 1224.62536621094 996.228515625 1659.79690551758 778.463760375977 949.096115112305 1243.16593933105 689.305068969727 677.653839111328 705.46923828125 737.243553161621 936.838302612305 811.851226806641 827.993301391602 698.61051940918 920.672729492188 682.386642456055 1134.13661956787 1004.05377960205 1034.85557556152 1318.09092712402 1344.89261245728 974.743919849396 1450.96393585205 819.005311727989 761.030120849609 790.454078674316 795.344667434692 647.284194946289 603.493316650391 530.112548828125
743.095909118652 650.729402542114 719.804454803467 695.240468025208 744.691284179688 660.966901779175 709.867938995361 641.212585449219 567.255004882812 807.817329406738 839.662521362305 827.90567779541 914.651878356934 991.182342529297 669.089973449707 776.255890846252 855.943435668945 611.997985839844 662.806800842285 731.270706176758 563.816757202148 518.40771484375 1855.81398010254 1883.35971069336 811.491720199585 793.306648254395 919.230476379395 860.492126464844 856.964248657227 862.48998260498 725.843532562256 857.386268615723 793.488065719604 990.684387207031 630.141342163086 653.57453918457 622.328163146973 1030.89825057983 1058.67446899414 1267.84546089172 687.814613342285 827.661598205566 729.067756652832 618.309112548828 781.463844299316 957.972160339355 803.466564178467 565.023193359375 455.389923095703 701.236145019531
829.47541809082 713.52144241333 631.215396881104 709.698757171631 787.918876647949 701.087907791138 645.899927139282 627.907791137695 618.24479675293 782.879470825195 871.462951660156 633.878974914551 610.766803741455 590.213386535645 575.580520629883 612.365077972412 571.721054077148 680.185897827148 735.185287475586 713.296138763428 684.134880065918 652.475440979004 1185.36195755005 587.946350097656 732.782928466797 823.355796813965 864.581352710724 903.70906829834 918.642532348633 837.196201324463 869.450654983521 855.300601959229 826.561332702637 960.037956237793 981.032907485962 1401.82167053223 924.310256958008 895.107849121094 798.271763801575 865.430099487305 837.092262268066 898.886108398438 656.777328491211 725.597885131836 830.998323440552 904.9521484375 931.784278869629 662.755981445312 328.728607177734 697.9970703125
717.777313232422 601.733303070068 673.088737487793 724.388893127441 669.519655227661 702.714553833008 710.30761051178 720.727420806885 640.616865158081 714.180517196655 755.34538269043 649.08190536499 589.993453979492 560.37907409668 668.728006362915 629.961772918701 653.121097564697 800.281303405762 628.802799224854 687.226287841797 865.165046691895 784.906799316406 1066.2115020752 455.930053710938 1000.08822631836 705.374938964844 855.733581542969 814.67068862915 847.813987731934 845.919921875 787.099174499512 721.798501968384 873.591960906982 974.587609291077 687.296524047852 689.914962768555 787.926570892334 896.2942237854 890.465225219727 967.818733215332 862.220890045166 836.792537689209 788.421089172363 667.983207702637 745.033164978027 811.940051078796 829.104774475098 760.318267822266 817.828948974609 1853.73547363281
730.381034851074 677.145471572876 701.952739715576 628.107055664062 662.754543304443 589.09831237793 666.156929016113 682.900457382202 581.407821655273 704.589435577393 767.872108459473 806.297134399414 687.714471817017 542.888305664062 563.162841796875 728.150314331055 683.081100463867 685.360032081604 727.401863098145 1059.59461784363 750.277473449707 826.904117584229 734.513469696045 656.815155029297 878.56799697876 739.959438323975 762.394424438477 888.74361038208 858.916786193848 718.507774353027 833.954781532288 614.311790466309 777.23610496521 859.163963317871 653.682151794434 661.885818481445 728.851818561554 831.868208885193 903.821315765381 841.308881759644 685.085472106934 766.434188842773 857.210144042969 699.366523742676 720.331130981445 775.143005371094 682.947250366211 628.002227783203 1284.14334106445 1383.70028686523
778.030784606934 659.388234943151 725.149085998535 595.47367477417 594.540557861328 607.207984924316 578.961540222168 748.361003875732 678.608732700348 745.595565795898 688.248839378357 786.454811096191 709.725184440613 568.46898651123 801.888374328613 794.069671630859 678.948280334473 741.321727752686 722.684881210327 569.466094970703 1021.22090148926 1107.21197509766 690.972246170044 685.53475189209 582.512069702148 734.326072692871 935.965025901794 895.829040527344 810.133731842041 787.669673919678 717.303932189941 718.90537071228 758.557163238525 731.278903007507 690.827991485596 840.685562133789 868.181411743164 818.789825439453 1012.35591888428 666.349700927734 701.86287689209 684.748680114746 587.248977661133 693.838165283203 689.420516967773 806.537637710571 623.693801879883 581.1220703125 682.635803222656 1212.28436279297
689.05970954895 672.425321578979 571.653030395508 615.430160522461 588.165481567383 621.202304840088 741.750625610352 971.376953125 722.770353317261 578.830261230469 677.74832868576 749.12378692627 785.621040344238 619.833534240723 717.668800354004 723.477878570557 807.748062133789 601.089454650879 728.072685241699 594.121131896973 582.044586181641 618.972625732422 711.160732269287 825.903022766113 737.392706871033 661.351615905762 758.629951477051 879.226829528809 717.348703861237 1100.30549240112 690.594947814941 675.430683135986 716.244210243225 764.471542358398 651.093406677246 707.15912437439 746.531585693359 890.68132019043 754.17590045929 643.67374420166 585.702163696289 576.528060913086 649.155647277832 728.138973236084 748.104700088501 746.507511138916 768.859315872192 749.693351745605 716.42847442627 683.48503112793
706.238582611084 788.736404418945 626.560009002686 623.916152954102 644.531352996826 753.538566589355 706.349273681641 852.387451171875 767.426727294922 675.989598274231 574.612091064453 600.796714782715 621.119552612305 703.328804016113 777.184814453125 798.397247314453 678.109865188599 751.716960906982 715.916743278503 724.411054611206 790.183307647705 669.952354431152 752.764003753662 692.719860076904 798.295974731445 675.894603729248 677.14123916626 787.02405166626 915.505065917969 726.996269226074 734.057451248169 717.859194755554 774.923278808594 661.164695739746 558.551452636719 732.390908241272 815.589965820312 730.478775024414 797.100620269775 787.977798461914 620.572105407715 740.60066986084 746.701324462891 827.799175262451 775.883895039558 833.665340423584 688.244239807129 688.006614685059 715.572803497314 661.073135375977
616.731967926025 708.733417510986 678.974569320679 628.691905975342 585.221649169922 684.330177307129 720.424270629883 732.832294464111 722.800811767578 848.566024780273 572.721641540527 698.370721817017 629.50057220459 693.227722167969 785.496673583984 716.789226531982 726.868019104004 852.070404052734 662.238822937012 700.387620925903 624.639785766602 670.408065795898 870.458908081055 716.121559143066 667.053928375244 639.11173248291 695.011671066284 714.193525314331 805.361734390259 645.035087585449 796.320030212402 794.623725891113 852.018539428711 625.791244506836 736.212272644043 674.873805999756 757.295183181763 676.197277069092 683.816413879395 735.486775398254 768.468602180481 884.967887878418 745.751096725464 791.969581604004 766.090235710144 680.223175048828 785.689505577087 730.507968902588 706.652809143066 745.086427688599
503.842864990234 608.507965087891 711.048358917236 746.417854309082 708.390636444092 677.236234664917 689.792245864868 690.876598358154 674.406620979309 660.016704559326 653.363264083862 540.887313842773 758.22681427002 714.576496124268 812.630912780762 631.456169128418 582.620018005371 731.730319976807 660.040187835693 842.624122619629 638.78694152832 741.478912353516 783.886329650879 694.36206817627 675.896629333496 583.548065185547 649.621391296387 643.060188293457 867.547058105469 644.842430114746 698.409268379211 825.235214233398 784.252197265625 677.791072845459 697.281524658203 663.506332397461 719.360800743103 681.122692108154 730.239467382431 658.839195251465 759.547242164612 709.609775543213 954.826400756836 808.911266326904 725.936088562012 728.051845550537 758.131237030029 820.68070602417 755.641412734985 869.187034606934
572.297256469727 581.504081726074 654.923052787781 587.936599731445 802.30940246582 710.320812225342 780.06526184082 593.754211425781 625.274875640869 738.053302764893 620.207832336426 657.727380752563 764.500953674316 711.879726409912 687.337778091431 778.701950073242 592.809097290039 636.1881980896 657.719974517822 676.07520866394 733.732429504395 696.841276049614 742.237445831299 782.449996948242 695.001190185547 714.592254638672 795.848808288574 756.929553985596 842.575691223145 694.049140930176 763.058822631836 725.650369644165 762.773517608643 668.340747833252 726.36759185791 505.404113769531 711.166061401367 734.649109840393 636.004730224609 633.71321105957 730.18488407135 775.475828170776 858.903656005859 877.715042114258 779.423691749573 739.751907348633 751.909625053406 661.33177947998 696.641532897949 774.140720367432
