simdem/realisation99.asc
NCOLS 350 
NROWS 171 
XLLCORNER 152620 
YLLCORNER 418050 
CELLSIZE 100 
NODATA_value -9999 
[rows 88 to 109 of 171, columns 50 to 99 of 350]
285.095848083496 365.37735748291 380.406700134277 366.628871917725 177.271408081055 221.212211608887 394.580753326416 354.054468154907 364.795475006104 247.772041320801 280.183101654053 261.946765899658 332.803819656372 342.869785308838 296.772926330566 295.291282653809 276.384742736816 429.446338653564 331.423164367676 328.774303436279 345.062866210938 316.487976074219 342.492900848389 490.340057373047 620.738388061523 300.638961791992 331.398666381836 402.221948623657 432.247870564461 410.851161956787 388.809013366699 469.381151199341 537.672662734985 488.183161258698 508.398544311523 447.810104370117 602.592041015625 581.330619812012 455.114742279053 587.429025650024 573.585308074951 -9999 -9999 -9999 -9999 -9999 -9999 -9999 -9999 -9999
326.496795654297 237.364364624023 398.215888977051 459.262716293335 527.735565185547 438.203351974487 467.036651611328 232.236038208008 315.079360961914 356.695659637451 271.13659286499 320.299921989441 414.147571563721 351.143357276917 264.395606994629 447.499084472656 361.339931488037 449.717041015625 376.420610427856 464.090637207031 421.049839019775 398.538959741592 366.514743804932 369.207197189331 355.428943634033 379.658435821533 340.440216064453 450.004400253296 414.991073608398 509.603286743164 548.899932861328 459.305498123169 366.410015106201 515.81717300415 600.916170120239 639.170322418213 536.626529693604 561.879653930664 520.210716247559 556.64013671875 -9999 -9999 -9999 -9999 -9999 -9999 -9999 -9999 -9999 -9999
778.163993835449 516.533222198486 323.991958618164 479.367893218994 425.959951877594 496.497909545898 363.191341400146 405.709730237722 252.509994506836 340.139550209045 356.553221702576 482.437644958496 407.42862701416 168.83415222168 352.150461196899 328.719081878662 389.595731735229 471.030616760254 314.286087036133 288.551475524902 504.137626647949 460.938247680664 424.645922660828 505.827423095703 423.980592727661 315.937217712402 221.453094482422 460.901861190796 439.001316070557 519.059844970703 493.961212158203 487.579008102417 555.21134185791 401.730091094971 762.893890380859 578.465512752533 475.92095375061 550.388946533203 556.259624481201 630.589483261108 -9999 -9999 -9999 -9999 -9999 -9999 -9999 -9999 -9999 -9999
556.055015563965 841.045948028564 455.921349048615 385.31861114502 467.804912567139 405.191033363342 424.73211479187 372.076801300049 325.330955505371 424.870578765869 363.143496513367 374.926871061325 414.754642486572 288.286468505859 419.217346191406 434.802265167236 333.450672149658 416.856435775757 378.818500518799 204.96647644043 280.130340576172 446.846633911133 456.255142211914 370.134090423584 327.376373291016 431.358129501343 417.636396884918 488.846878051758 498.33039855957 440.277069091797 471.596795558929 351.758995056152 344.035034179688 496.088121414185 727.016235351562 615.826118469238 486.235419273376 522.058403015137 626.473405838013 -9999 -9999 -9999 -9999 -9999 -9999 -9999 -9999 -9999 -9999 -9999
298.275310516357 510.671585083008 601.169296264648 413.480585098267 512.714282989502 382.829795837402 357.641212463379 338.549728393555 377.792253494263 437.975040435791 340.10472869873 402.155178070068 483.912155151367 503.820930480957 330.969421386719 449.604816436768 366.16069984436 324.040493011475 473.817718505859 493.813682556152 450.923683166504 387.480861663818 508.225593566895 503.742630004883 365.171691894531 406.918857574463 493.395362854004 569.079803466797 495.322076797485 450.538890838623 298.595825195312 391.915996551514 500.83095741272 458.232620239258 661.347297668457 690.913383483887 436.902809143066 540.688911437988 604.15512752533 -9999 -9999 -9999 -9999 -9999 -9999 -9999 -9999 -9999 -9999 -9999
379.951431274414 523.548782348633 376.926654815674 796.907418727875 288.984951019287 418.556129455566 390.135612487793 453.110048294067 225.30549621582 393.318821907043 239.928070068359 353.532928466797 522.524452209473 428.971244812012 409.229574203491 416.341388702393 365.735137939453 470.273513793945 470.388832092285 340.075736999512 345.739967346191 491.427925109863 520.277252197266 284.665878295898 355.885780334473 392.197849273682 470.255662918091 400.612396240234 531.483169555664 552.624633789062 525.985969543457 461.486538887024 586.578842163086 790.737670898438 675.259346008301 543.684879302979 415.156524658203 566.524490356445 549.612007141113 -9999 -9999 -9999 -9999 -9999 -9999 -9999 -9999 -9999 -9999 -9999
324.867576599121 423.611167907715 456.481674194336 528.782241821289 735.322601318359 417.466648101807 424.514421463013 363.456199645996 339.709396362305 395.912574768066 393.77136516571 456.398017883301 358.082233428955 433.465179443359 405.931391239166 460.847328186035 528.172035217285 303.046211242676 437.931642532349 379.239692687988 545.667686462402 513.634506225586 477.803056716919 325.030281066895 297.429306030273 416.279273986816 462.021509170532 549.435569763184 410.015960693359 530.254848480225 654.759002685547 673.3017578125 571.821815490723 791.34326171875 755.407287597656 684.536117553711 694.122543334961 587.904901504517 -9999 -9999 -9999 -9999 -9999 -9999 -9999 -9999 -9999 -9999 -9999 -9999
348.035214424133 298.98197555542 299.601873397827 408.840118408203 320.686943054199 183.306686401367 484.18114566803 358.595390319824 396.021755218506 382.36153793335 576.463241577148 379.274280548096 448.63870382309 379.168620109558 366.465087890625 473.584518432617 415.855700492859 326.302528381348 381.970283508301 386.386985778809 355.054016113281 431.694023609161 546.655616760254 648.041458129883 487.756108760834 538.501884460449 425.920112609863 590.718551635742 449.220634460449 537.095119476318 687.347747802734 575.512878417969 707.75325012207 709.6484375 686.537994384766 651.425437927246 429.927536010742 508.851715087891 -9999 -9999 -9999 -9999 -9999 -9999 -9999 -9999 -9999 -9999 -9999 -9999
255.153923034668 212.465328216553 259.817956924438 180.214424133301 534.050307750702 496.832569122314 466.117202758789 589.405944824219 407.110673904419 360.155448913574 454.648906707764 516.035552978516 430.133186340332 363.376142501831 415.595107078552 426.274248123169 524.162651062012 555.687858581543 413.683980941772 444.132914066315 471.173969268799 256.246932983398 393.150764465332 493.389754295349 510.539581298828 565.719665527344 574.047103881836 490.369180679321 502.573246002197 595.871536254883 433.59175491333 617.070495605469 666.967193603516 745.594680786133 527.998748779297 649.929550170898 502.138408660889 632.589708328247 -9999 -9999 -9999 -9999 -9999 -9999 -9999 -9999 -9999 -9999 -9999 -9999
275.835869550705 215.94705581665 147.345268249512 524.161743164062 539.795064926147 565.603668212891 644.608688354492 463.275177001953 406.148319244385 512.022842407227 462.804463386536 599.120529174805 497.892009735107 465.675369262695 421.54332447052 328.240623474121 495.855560302734 424.350048065186 392.14136505127 504.282890319824 453.555782318115 714.87328338623 345.054153442383 487.661579608917 508.129291534424 442.639888763428 577.25511932373 400.900665283203 526.01672744751 513.800704956055 550.437477111816 520.910331726074 815.342739105225 832.266761779785 580.128520965576 623.551727294922 588.890971183777 -9999 -9999 -9999 -9999 -9999 -9999 -9999 -9999 -9999 -9999 -9999 -9999 -9999
541.705158233643 209.333042144775 481.661125183105 505.862991333008 455.209144592285 566.988348007202 565.418250083923 529.27758026123 523.464366912842 515.091262817383 621.468688964844 450.959912776947 400.856233596802 450.650350570679 452.693675994873 442.601993560791 432.974255442619 362.735687255859 417.352806091309 556.310005187988 612.481910705566 470.897392272949 601.18342590332 408.858047485352 350.076904296875 686.337562561035 531.847610473633 470.001426696777 459.319120407104 683.363982200623 538.594512939453 689.330909729004 605.870254039764 641.935131072998 409.19384765625 500.365863800049 525.341815948486 -9999 -9999 -9999 -9999 -9999 -9999 -9999 -9999 -9999 -9999 -9999 -9999 -9999
510.991241455078 655.356201171875 364.374908447266 560.122165679932 613.471343994141 639.163246154785 594.983131408691 605.235303878784 673.585441589355 582.328536987305 537.590434789658 528.494445800781 592.431823730469 523.659042358398 482.212814331055 359.938385009766 298.258453369141 378.87895154953 604.585723876953 430.34203338623 584.367721557617 506.186698913574 452.504295349121 422.580841064453 497.450244903564 530.762946128845 823.981632232666 782.081405639648 592.99393081665 616.28076171875 654.996639251709 684.139731407166 639.213565826416 430.200588226318 449.438667297363 486.873489379883 685.667045593262 -9999 -9999 -9999 -9999 -9999 -9999 -9999 -9999 -9999 -9999 -9999 -9999 -9999
655.386375427246 752.711196899414 551.396286010742 543.386242866516 671.548851013184 634.861963272095 635.012115478516 567.990293502808 677.906448364258 634.321954727173 496.256797790527 656.557815551758 612.233528137207 348.003639221191 258.91968536377 313.933151245117 477.339661836624 515.466987609863 303.127792358398 529.535526275635 464.597175598145 380.616394042969 434.40746307373 592.990447998047 576.846887588501 545.777959823608 672.450820922852 708.980598449707 743.865539550781 704.680641174316 633.515270233154 459.178802490234 521.882038116455 662.020454406738 393.281433105469 561.775344848633 519.309883117676 -9999 -9999 -9999 -9999 -9999 -9999 -9999 -9999 -9999 -9999 -9999 -9999 -9999
466.162818908691 652.580581665039 696.957981109619 598.48038482666 495.565238952637 599.61083984375 597.637481689453 645.016843795776 604.232488632202 727.014945983887 641.017316102982 598.013517379761 888.929489135742 428.635349273682 387.233604431152 590.009475708008 559.428812026978 541.348174571991 434.800483703613 442.899276733398 637.131607055664 592.450631141663 661.141876220703 603.293212890625 584.84218788147 601.359104156494 614.991920471191 474.831718444824 627.555686950684 624.288897514343 618.69303894043 574.300183683634 563.507232666016 578.612030029297 728.04581451416 612.424270629883 -9999 -9999 -9999 -9999 -9999 -9999 -9999 -9999 -9999 -9999 -9999 -9999 -9999 -9999
430.816818237305 457.130790710449 713.558631896973 642.319408416748 609.112297058105 547.538688659668 660.462434768677 642.865469932556 528.384429931641 662.760166168213 654.738634109497 614.517303466797 613.310260772705 577.952583312988 401.328647613525 569.124179840088 627.911590576172 520.100828170776 518.024387359619 382.156463623047 601.684505462646 643.518585205078 634.775257110596 551.117046356201 609.688822746277 541.746963500977 589.903688430786 629.526126861572 589.137599945068 416.139755249023 445.120040893555 534.37903213501 705.476516723633 560.961990356445 569.468334197998 -9999 -9999 -9999 -9999 -9999 -9999 -9999 -9999 -9999 -9999 -9999 -9999 -9999 -9999 -9999
325.817405700684 510.383865356445 734.294464111328 542.234329223633 440.654396057129 398.69051361084 552.708627700806 645.992839813232 669.614925384521 579.663475036621 612.794746398926 371.736354827881 278.584503173828 289.428146362305 366.621734619141 634.006141662598 661.038009643555 725.82844543457 526.312161445618 485.142063140869 640.055419921875 560.502161026001 674.644844055176 529.076675415039 572.180616378784 479.874374389648 504.597270965576 428.06823348999 445.8177318573 450.775094985962 522.397769927979 581.48677957058 636.891761779785 629.121225357056 -9999 -9999 -9999 -9999 -9999 -9999 -9999 -9999 -9999 -9999 -9999 -9999 -9999 -9999 -9999 -9999
667.225440979004 282.568374633789 396.166679382324 241.392021179199 341.532398223877 449.300998687744 491.756256103516 606.476898193359 503.395378112793 567.93896484375 572.362941741943 409.675331115723 386.73063659668 374.617172241211 410.338600158691 606.547210693359 699.82177734375 577.747489929199 551.355500221252 596.325710296631 591.785907745361 498.463733673096 581.755304336548 693.562858581543 378.928405761719 446.449485778809 401.922916412354 388.693298339844 350.008934020996 546.007720947266 550.649833679199 639.572776794434 611.454029083252 -9999 -9999 -9999 -9999 -9999 -9999 -9999 -9999 -9999 -9999 -9999 -9999 -9999 -9999 -9999 -9999 -9999
-9999 478.792533874512 962.647089004517 398.425228118896 321.142168045044 728.784729003906 443.307430267334 491.687973022461 503.867065429688 495.764617919922 476.385864257812 351.907890319824 235.244415283203 245.85319519043 248.694412231445 555.925598144531 578.171234130859 366.088953018188 358.975128173828 297.099609375 394.945190429688 362.669692993164 449.21656703949 437.268898010254 431.421882629395 472.820838928223 447.78902053833 503.044019699097 464.694989323616 668.974647521973 467.82869720459 588.763131141663 -9999 -9999 -9999 -9999 -9999 -9999 -9999 -9999 -9999 -9999 -9999 -9999 -9999 -9999 -9999 -9999 -9999 -9999
-9999 -9999 -9999 -9999 622.086349487305 905.400535583496 518.376659393311 420.839117050171 871.962707519531 880.759479522705 510.067653656006 431.408996582031 414.806144714355 353.72721862793 300.626640319824 459.546768188477 499.881771087646 -136.592254638672 -6.77012634277344 445.984321594238 503.899593353271 479.904108047485 454.692893981934 417.477447509766 311.347015380859 222.807373046875 453.283203125 618.525741577148 458.039035797119 525.858932495117 -9999 -9999 -9999 -9999 -9999 -9999 -9999 -9999 -9999 -9999 -9999 -9999 -9999 -9999 -9999 -9999 -9999 -9999 -9999 -9999
-9999 -9999 -9999 -9999 -9999 -9999 -9999 -9999 -9999 914.558438777924 658.080434203148 575.031063079834 495.557373046875 492.930610656738 292.306457519531 404.583694458008 451.962615966797 -41.2664947509766 89.5621204376221 514.83763885498 643.509436011314 657.677322387695 573.937572479248 575.698246002197 447.035873413086 443.102645874023 618.491973876953 550.695327758789 -9999 -9999 -9999 -9999 -9999 -9999 -9999 -9999 -9999 -9999 -9999 -9999 -9999 -9999 -9999 -9999 -9999 -9999 -9999 -9999 -9999 -9999
-9999 -9999 -9999 -9999 -9999 -9999 -9999 -9999 -9999 -9999 -9999 -9999 -9999 -9999 -9999 -9999 483.631164550781 792.420204162598 778.087768554688 685.584854125977 943.903602600098 903.743804931641 846.65161895752 889.090118408203 885.58122253418 -9999 -9999 -9999 -9999 -9999 -9999 -9999 -9999 -9999 -9999 -9999 -9999 -9999 -9999 -9999 -9999 -9999 -9999 -9999 -9999 -9999 -9999 -9999 -9999 -9999
-9999 -9999 -9999 -9999 -9999 -9999 -9999 -9999 -9999 -9999 -9999 -9999 -9999 -9999 -9999 -9999 -9999 -9999 -9999 -9999 -9999 -9999 -9999 -9999 -9999 -9999 -9999 -9999 -9999 -9999 -9999 -9999 -9999 -9999 -9999 -9999 -9999 -9999 -9999 -9999 -9999 -9999 -9999 -9999 -9999 -9999 -9999 -9999 -9999 -9999
