simdem/realisation33.asc
NCOLS 350 
NROWS 171 
XLLCORNER 152620 
YLLCORNER 418050 
CELLSIZE 100 
NODATA_value -9999 
[rows 44 to 65 of 171, columns 200 to 249 of 350]
760.465229034424 875.266983032227 675.063270568848 561.826211571693 521.757102966309 552.767542868853 791.822036743164 696.084182739258 656.915327072144 754.179920196533 752.355754852295 589.63151550293 655.979574203491 730.913116455078 496.29598236084 479.911247253418 564.370933532715 697.68660736084 635.239833831787 500.972839355469 523.996719360352 524.293891906738 593.897596716881 497.720848083496 695.636749267578 690.501914978027 595.459565162659 569.255523681641 587.988479614258 601.623912811279 473.652877807617 664.219934940338 1175.8380241394 649.20082616806 718.367012023926 683.611316680908 779.714569091797 828.661804199219 688.694159030914 579.296119689941 683.451459884644 738.937662124634 767.228668212891 714.791351318359 640.315498352051 803.08861541748 755.565719604492 800.238624572754 811.495262145996 774.554794311523
1255.31094360352 1688.85870361328 1147.15690612793 883.278545379639 730.93798828125 941.281772613525 807.933081626892 816.613697052002 780.124008178711 731.887264251709 747.520160675049 693.735123634338 627.74755859375 944.336532592773 681.433973312378 808.386184692383 613.697402954102 573.563648223877 616.251272439957 635.499084472656 469.59928894043 572.530254364014 656.211502075195 485.711120605469 488.058448791504 586.957298278809 664.035629272461 631.877534866333 581.877105712891 484.491760253906 549.687431335449 703.105003356934 610.312400817871 610.315307617188 773.376106262207 511.493774414062 739.908208847046 626.848342895508 748.1533203125 666.077926635742 572.022674560547 623.231517791748 684.351543426514 641.546566009521 693.036554813385 749.975399017334 696.019883275032 734.209609985352 717.912626266479 783.845855712891
821.869079589844 1115.33325195312 1521.91686820984 1214.73497772217 719.785915374756 616.203643798828 599.062950134277 643.356414794922 518.952659606934 691.012802124023 459.865814208984 554.129817962646 702.152446746826 886.834037780762 681.261520385742 660.170669555664 1341.64361572266 719.90284538269 601.925261497498 586.02835559845 559.413200378418 551.843105316162 648.904220581055 540.362159729004 578.141387939453 546.87028503418 544.345756530762 535.35258102417 649.3726978302 570.208610534668 632.334515571594 765.147216796875 592.807041168213 622.773202896118 779.235816955566 596.222503662109 726.530982971191 659.147975444794 609.384635925293 645.422039031982 630.604610443115 801.249198913574 630.847400665283 559.822967529297 717.589218139648 651.2419090271 676.778345108032 620.506187438965 777.583511352539 688.647218704224
700.181838989258 740.821060180664 823.007740020752 1278.36143064499 792.126358032227 513.926971435547 677.960006713867 683.871862411499 505.670974731445 381.696960449219 453.798133850098 568.568012237549 644.828384399414 707.952850341797 772.272861480713 938.898021697998 1128.32582092285 1873.07173156738 1429.11345863342 665.214859008789 569.307130813599 625.464664459229 566.958076477051 668.636260986328 772.306671142578 672.988254547119 636.460407912731 521.689239501953 709.221641540527 682.38606262207 723.531921386719 613.396795272827 666.545834541321 605.036529541016 653.452318191528 721.48913192749 666.852524518967 452.147384643555 623.0578956604 745.762584686279 678.236023172736 619.978065490723 598.676483154297 560.224243164062 610.388450622559 736.529453277588 700.681237220764 613.232986450195 663.182624816895 716.096054077148
599.547296047211 670.789489746094 674.378833770752 586.25959777832 552.280872344971 684.949311256409 635.237841501832 756.914478302002 556.939888000488 515.438522338867 701.391952514648 685.807975769043 577.021214008331 507.19327545166 655.303157806396 621.41862487793 1100.53806400299 1299.59852600098 945.846176147461 806.712905883789 810.310104370117 628.936558961868 558.228012084961 575.657051086426 695.925819396973 686.013053894043 623.634429454803 743.744323730469 711.894622802734 689.520999908447 702.211536407471 649.870292663574 526.453247070312 640.22785949707 749.661415100098 544.887504577637 502.631195068359 528.432373046875 669.42355132103 613.086921691895 702.567386627197 927.021781921387 701.239631652832 445.526809692383 471.394485473633 613.625762939453 719.795776367188 726.855155944824 626.666465759277 734.62202835083
472.195266723633 468.919715881348 638.26774597168 634.932529449463 642.216171264648 585.891759872437 684.334907531738 703.098344802856 686.765434265137 626.693179130554 628.518531799316 700.230545043945 536.262535095215 552.933307766914 701.97777557373 791.70938873291 914.784061431885 1116.67889404297 1807.72798919678 1560.60618019104 849.29744720459 833.601537704468 838.180618286133 707.98314666748 587.374114990234 623.960454940796 644.456930160522 526.641044616699 709.336463928223 659.831491470337 650.859157562256 626.208863258362 758.136619567871 749.891387939453 802.492416381836 766.555610656738 780.5458984375 604.624366760254 606.16463470459 722.275161743164 667.7291431427 699.990550994873 708.387706756592 1030.88779449463 967.453285217285 1059.27541351318 880.515070915222 708.024247169495 798.496865272522 592.825271606445
531.86393737793 559.078161239624 710.273490905762 618.182765960693 674.647422790527 518.047908782959 507.02978515625 611.57067489624 808.310211181641 578.738174438477 648.995727539062 627.781364440918 543.580002784729 466.760749816895 607.531890869141 662.895144462585 823.34038734436 1038.13119506836 1508.24513626099 1643.18645477295 957.678955078125 826.219619750977 663.944026947021 638.854591369629 576.33618927002 661.574897766113 638.738311767578 641.523817062378 749.701141357422 658.56371307373 555.480438232422 588.271945953369 609.540218353271 841.954467773438 826.424850463867 721.232257843018 695.159973144531 589.141700744629 531.158020019531 746.196834564209 675.047668457031 674.428952693939 623.772064208984 738.519508361816 1247.10777282715 1306.63640499115 868.028419494629 748.91662311554 600.968933105469 749.643768310547
604.789083480835 646.287780761719 535.313850402832 651.252906799316 707.920829772949 715.452987670898 751.065696716309 586.224024772644 696.801940917969 718.528430938721 829.802047729492 603.865579605103 598.354526519775 512.462818145752 390.986663818359 510.984359741211 545.486190795898 913.470321655273 1367.69310092926 1434.91192626953 1459.39582824707 842.703575134277 616.637612342834 543.94295501709 610.772625923157 674.580657958984 498.971099853516 455.481964111328 681.939750671387 671.002330780029 639.355599880219 727.946403503418 735.67138671875 630.766262054443 604.462699890137 629.586204528809 806.309112548828 575.409622192383 347.298736572266 606.748748779297 677.997916221619 603.397041320801 579.501037597656 683.431389808655 1033.53751754761 649.834785461426 967.402114868164 1166.23963928223 656.601547241211 783.797592163086
608.32608795166 673.187042236328 727.212746143341 684.292134284973 744.422836303711 689.553909301758 897.160247802734 799.485420227051 707.128288269043 910.241760253906 861.889663696289 598.023488044739 597.655291557312 531.61646270752 541.951477050781 488.54768371582 518.324142456055 794.393787384033 957.138668060303 1569.53084182739 2039.457862854 1262.50586807728 687.182425498962 564.404979705811 678.869369506836 581.346801757812 433.200210571289 413.103561401367 549.754165649414 640.019710540771 637.399319648743 618.387941360474 614.655208587646 784.510452270508 638.567615032196 551.014549255371 902.538772583008 618.102458953857 553.160911560059 610.107013702393 736.96363067627 671.487837582827 650.093076705933 736.05152130127 580.374801635742 707.441993713379 762.361072301865 574.321075439453 1118.44371795654 931.085632324219
574.232805430889 702.625694274902 605.358955383301 761.568305969238 687.099098205566 650.53115272522 669.831836700439 640.996955871582 659.635147094727 814.024955749512 618.061546325684 734.858604431152 639.054725646973 509.626777648926 483.449096679688 493.845893859863 479.658508300781 783.670013427734 845.258697509766 1001.07440090179 1261.43466186523 1405.83790588379 1688.03316497803 922.174217224121 642.932430267334 460.79150390625 551.349899291992 489.751571655273 635.983901977539 641.807708740234 604.158039093018 674.470569610596 671.628612518311 700.063484191895 526.365280151367 594.162540435791 792.239204406738 741.382400512695 800.460098266602 607.496997833252 551.754524230957 653.969869613647 633.573989868164 572.966178894043 539.82169342041 713.243103027344 588.829292297363 824.879425048828 994.90909576416 572.048095703125
544.436084747314 624.625610351562 654.942956924438 715.878929138184 619.621580123901 590.778366088867 573.635508060455 662.139831542969 861.04248046875 846.019058227539 653.86450958252 803.368453979492 613.796421051025 573.06859588623 475.257820129395 466.680374145508 538.35120010376 584.590502738953 536.057601928711 633.945190429688 998.279121398926 1430.18367004395 1678.30059432983 915.955316543579 762.889389038086 385.373825073242 516.647575378418 503.763168334961 588.286033630371 675.897071838379 707.551856994629 604.033014297485 627.528671741486 588.992477416992 542.241027832031 764.382057189941 721.203407287598 751.557434082031 830.848709106445 739.25114440918 648.335159301758 594.580574035645 728.63069152832 707.027206420898 754.738475799561 720.492893218994 705.521999359131 638.185974121094 602.302227020264 604.942092895508
596.34095954895 581.576816558838 563.80774307251 586.053451538086 483.782096862793 566.201921463013 677.108173370361 611.08286857605 645.134719848633 743.295053482056 782.097625732422 576.942377090454 551.681134223938 672.848754882812 611.752116203308 453.064826965332 606.763288497925 679.540565490723 642.637325286865 691.888271331787 901.58854675293 1127.14311218262 1280.44096374512 1467.20355987549 882.655179977417 452.829010009766 515.659172058105 493.48030090332 497.136917114258 715.663566589355 647.748146057129 551.63777923584 634.279423713684 743.314094543457 669.862510681152 710.405395507812 701.559539794922 637.625162124634 666.788372039795 722.230110168457 685.454730987549 704.819309234619 661.426326751709 651.138391256332 750.304016113281 674.962802886963 727.857273101807 663.374801635742 664.615724563599 694.679856300354
717.483100891113 538.908866882324 421.17024230957 605.677017450333 682.022403717041 766.66047668457 737.424880981445 627.637938499451 599.839553833008 644.573959350586 723.630752563477 780.32886505127 538.823249816895 765.897247314453 751.631927490234 689.474384307861 778.472276687622 815.25076675415 739.551281929016 700.765647888184 817.879356384277 1043.14852142334 1343.4525604248 1053.99139213562 921.697898864746 725.484001159668 562.273391723633 643.265880584717 514.995193481445 623.058130264282 559.443134307861 597.944888949394 682.816902160645 765.139526367188 682.990005493164 595.870838165283 617.349688529968 636.799382686615 567.418800354004 697.68106842041 778.114868164062 729.742092132568 777.785919189453 772.039678573608 605.978549957275 635.926432609558 642.93892288208 626.210117340088 730.974271774292 627.981292724609
579.394598007202 630.71314239502 574.32755279541 508.313331604004 745.065612792969 626.567817687988 590.304416894913 689.101726531982 648.889381408691 673.794833421707 765.146380901337 647.281982421875 697.456678390503 657.821466445923 684.816715240479 600.822036743164 664.506851196289 749.751770019531 624.559112548828 844.581975460052 849.655223846436 902.602916717529 950.049613952637 947.515159606934 836.645015716553 532.394691467285 652.760543823242 729.70890045166 651.251670837402 663.457290649414 679.097534179688 761.423515319824 803.336471557617 652.804401397705 811.222763061523 617.969651222229 694.442642211914 760.340194702148 609.767934799194 688.533107757568 747.401443481445 741.967887878418 671.264400482178 729.796077728271 582.114517211914 644.815723896027 740.571929931641 769.1044921875 643.29355096817 776.871124267578
652.251174926758 474.532669067383 678.35786819458 699.979488372803 855.949645996094 712.580871582031 512.992851257324 533.069641113281 693.918252944946 664.176370620728 673.831123352051 875.629898071289 761.679138183594 677.01566696167 697.440032958984 781.675033569336 726.904098510742 739.696357727051 702.845611572266 766.398735046387 824.015678405762 994.54377746582 1095.78564453125 1029.77151489258 636.333782196045 492.218078613281 508.034477233887 497.907516479492 541.922943115234 554.146331787109 553.161535263062 927.720292568207 749.113708496094 622.566226959229 576.018779754639 504.705207824707 566.985412597656 645.524715423584 740.626579284668 631.221494197845 756.556350708008 741.01749420166 620.940963745117 697.693241119385 760.3486328125 662.51322555542 696.213314056396 656.887183904648 731.074798583984 656.059906959534
460.254013061523 356.189270019531 519.516822814941 632.850289583206 747.192489624023 666.946796417236 618.467081069946 555.251396179199 624.031063079834 643.411016464233 607.901794433594 822.55541229248 596.509666442871 573.994445800781 538.175811767578 669.544519424438 867.334045410156 697.823886871338 791.156827926636 849.731407165527 881.541316986084 868.798782348633 922.193748474121 785.205528259277 597.651527404785 609.396960258484 637.665064811707 664.278232574463 519.95198059082 439.215759277344 796.519920349121 852.94282913208 787.109804153442 705.141296386719 533.562057495117 436.195159912109 613.004642486572 563.110816955566 563.070720672607 584.455785751343 715.696403503418 741.676928520203 668.715301513672 684.531234741211 698.593307495117 727.785999298096 638.905561447144 728.470092773438 699.877662658691 729.519504547119
536.598472595215 546.843559265137 642.7085313797 604.680408477783 510.866500854492 575.299613952637 665.408937454224 654.475608825684 635.41720199585 688.629249572754 573.510070800781 508.840911865234 566.101333618164 476.853927612305 556.225601196289 633.898246765137 729.19215708971 657.5221824646 641.014373779297 811.684761047363 819.979383468628 811.304433822632 683.519653320312 667.27105140686 588.058597564697 621.631568908691 710.748809814453 698.353675842285 692.080360412598 750.260757446289 663.963119506836 620.959919929504 676.094856262207 565.728996276855 577.626884460449 841.812437772751 751.561529159546 519.045928955078 541.521759033203 532.067314147949 618.673040390015 646.790413856506 561.398651123047 550.5950050354 634.130222320557 678.172595977783 681.044926643372 637.554494857788 659.031145095825 694.872634887695
631.941167831421 614.764125585556 469.300430297852 460.932647705078 605.919695854187 784.663368225098 673.677370071411 697.749320983887 662.705707550049 729.460952758789 526.028900146484 578.975749969482 465.426620483398 590.382987976074 610.776969909668 717.144844055176 761.250764846802 788.740180969238 658.385734558105 866.09139251709 891.247146606445 818.303817749023 725.753959655762 606.102939605713 525.817153930664 570.722915649414 629.777500152588 648.104640960693 541.482646942139 891.682456970215 564.479419708252 495.706764221191 564.807994842529 599.537307739258 603.837631225586 658.141410827637 785.765167236328 766.715421676636 646.311790466309 658.022068023682 643.159038543701 725.351097106934 693.637580871582 622.552995681763 735.719146728516 681.520622253418 569.378059387207 644.70525932312 802.236968994141 732.262832641602
725.94548034668 497.331855773926 416.152236938477 494.509887695312 562.59733581543 517.60807800293 716.169158935547 783.837982177734 731.894523620605 589.550094604492 598.765615463257 501.971817016602 624.414416313171 609.477447509766 723.885580539703 761.205989837646 778.207298278809 656.436424255371 602.439244270325 664.812732696533 650.410482406616 687.111019134521 811.674163818359 586.172286987305 431.36572265625 515.563835144043 619.231532812119 653.978771209717 632.852467536926 835.787792205811 583.50901222229 681.410545349121 618.415932655334 746.026512145996 672.48943901062 606.769065856934 761.342964172363 1110.88154792786 1128.03945922852 758.724498748779 708.945465087891 621.847046375275 649.170166969299 620.908308029175 688.525389671326 665.074998855591 545.340461730957 699.596740722656 677.627578735352 658.834753513336
684.189311981201 612.518615722656 490.160797119141 728.970855712891 657.902105331421 744.380043029785 729.486328125 691.616081237793 604.517650604248 616.021757125854 551.17399597168 787.858917236328 604.822555541992 665.406993865967 644.127758026123 788.913478851318 551.938484191895 594.770961761475 632.289002895355 515.561019897461 391.098236083984 624.293609619141 694.177097320557 584.121931791306 536.062957763672 657.706954956055 794.50065612793 812.374771118164 616.353357315063 656.141336917877 531.509490966797 672.047089576721 760.269744873047 756.296966552734 740.747917175293 544.109329223633 623.396564483643 982.684749603271 569.433158874512 676.041473388672 746.03458404541 703.571617126465 690.550773620605 570.26594543457 674.6584815979 641.157518386841 699.953964233398 683.52702331543 566.873207092285 591.553482055664
657.183385848999 858.641120910645 728.687362670898 683.310779571533 730.623168945312 751.260292053223 828.745468139648 674.765182495117 576.119831085205 459.49870300293 526.507392883301 614.957353591919 703.567710876465 743.750839233398 570.535026550293 745.186061859131 610.80517578125 805.369438171387 586.989276885986 486.166107177734 580.999694824219 659.933215141296 721.840084075928 543.009887695312 663.965923309326 582.268177986145 615.187465667725 581.062217712402 517.282440185547 534.315368652344 635.856071472168 723.882890701294 670.31481552124 674.751312255859 776.659637451172 643.360427856445 668.075443267822 923.204116821289 767.992828369141 511.172233581543 696.693435668945 696.698446273804 677.842283725739 768.383209228516 605.466313362122 683.16695022583 608.311504364014 697.787635803223 679.259883880615 772.421531677246
604.765445709229 609.364109039307 604.369152069092 642.365386486053 724.549766540527 674.740627288818 752.820755004883 532.420547485352 443.825134277344 471.320018768311 599.723194122314 749.894012451172 680.330814361572 722.111396789551 746.071815490723 716.017768859863 756.231727600098 758.318862915039 576.15355682373 598.418737411499 695.098373413086 645.599411010742 654.866523742676 737.461967468262 634.723152637482 623.905446231365 669.791053771973 541.012893676758 653.677822113037 657.373142242432 694.094872951508 721.980379104614 692.845191955566 688.741622924805 511.946449279785 1065.13232421875 933.52166557312 741.274787902832 631.927085876465 673.163795471191 654.661960601807 660.393441200256 647.49404668808 629.077381134033 606.669411659241 555.482406616211 658.403144836426 736.363121032715 635.740723133087 563.628860473633
