simdem/realisation95.asc
NCOLS 350 
NROWS 171 
XLLCORNER 152620 
YLLCORNER 418050 
CELLSIZE 100 
NODATA_value -9999 
[rows 44 to 65 of 171, columns 200 to 249 of 350]
993.69921875 684.903884887695 473.117118835449 536.194683074951 545.135980606079 506.913513183594 600.857406616211 719.495098114014 604.609580993652 691.266761779785 593.441635131836 549.00611114502 552.13883972168 706.383407592773 677.037117004395 683.243812561035 559.590183258057 675.401268005371 859.706817626953 601.671190261841 795.277572631836 766.084381103516 615.505500793457 692.351821899414 495.745506286621 639.880676269531 500.734085083008 779.137435913086 730.603523254395 651.862855911255 604.898698806763 731.679298400879 1140.33009719849 606.600135803223 555.283554077148 726.465660095215 721.831039428711 580.361030578613 620.459426879883 677.033619880676 603.464698791504 663.190761566162 683.144893944263 678.689270019531 708.231899023056 791.491325378418 639.238021850586 690.885418891907 588.716850280762 634.337562561035
1215.70506286621 1496.3699798584 1148.10243225098 979.988777160645 737.926704406738 980.337429046631 710.046142578125 670.266502380371 676.988891601562 567.66389465332 728.187858581543 548.294448852539 574.338203430176 1139.48905944824 897.69612121582 925.65319442749 768.267366409302 651.60710144043 683.405830383301 597.622227191925 653.539619445801 684.971664428711 590.948060035706 424.991744995117 581.430360794067 617.3017578125 709.782691955566 700.989265441895 673.604789733887 643.755365371704 587.224548339844 620.887199401855 778.447128295898 776.332763671875 597.352386474609 748.652236938477 707.887806892395 796.087188720703 570.130157470703 670.462966918945 695.436862945557 686.892944335938 692.472757577896 809.593910217285 650.20686340332 667.195957183838 670.204912185669 685.464080572128 736.364696502686 629.596054077148
680.587966918945 1007.66818237305 1664.94378662109 1142.25796890259 581.326454162598 677.699186325073 664.759506225586 701.480730056763 533.013740539551 643.381188392639 559.540996551514 543.177852630615 677.969305038452 945.602111816406 785.088069915771 827.75262260437 1370.53582763672 693.757781982422 552.835163116455 692.357513427734 826.985397338867 732.749038696289 795.054809570312 526.27857208252 519.428001403809 616.42861366272 599.511638641357 518.247924804688 553.832817077637 404.515518188477 569.332527160645 668.10408782959 690.05778503418 652.821671009064 591.145332336426 638.623249053955 646.203731536865 527.731170654297 707.871946334839 621.955268859863 783.461380004883 608.2744140625 722.836200714111 839.678298950195 597.804206848145 675.832666397095 758.518814086914 811.152381896973 690.823635101318 766.242233276367
561.779077529907 663.618537902832 855.295022964478 1283.40777206421 903.589164733887 705.264503479004 690.044166564941 750.521675109863 490.241882324219 459.811752319336 413.595550537109 518.563262939453 591.146455764771 566.913146972656 764.775981903076 972.445452690125 1118.23094177246 1883.20899200439 1387.68960952759 803.861045837402 650.651054382324 705.209953308105 625.566432476044 553.177845001221 486.908279418945 594.867105484009 530.850090026855 435.943176269531 566.960350036621 607.231199264526 717.858026504517 548.476089477539 591.115798950195 610.305629730225 666.923725128174 694.98038482666 608.247646331787 621.921043395996 650.791879653931 780.430046081543 731.594902038574 752.071067810059 605.762390136719 556.887413024902 759.459762573242 818.945587158203 699.377393722534 725.626556396484 797.292289733887 798.452133178711
792.757522583008 641.935180664062 586.99201965332 533.333724975586 677.603965759277 707.536949157715 724.237533569336 814.597053527832 628.426973342896 396.932357788086 470.504341125488 673.655937194824 506.353126525879 541.307594299316 734.207984924316 766.607892036438 989.748046875 1379.28466796875 1137.39623260498 832.211380004883 757.598320007324 615.19587802887 580.363304138184 587.795455932617 557.259292602539 647.473043441772 657.802917480469 642.32497215271 771.790390014648 724.701759338379 619.58176612854 571.240821838379 566.870246887207 728.98250579834 708.112548828125 646.447218894958 590.17993927002 686.823389053345 599.653793334961 713.723098754883 593.124168395996 807.621589660645 605.628509521484 618.926601409912 732.09175491333 709.26612663269 680.590767860413 737.12423324585 752.062110900879 721.74568939209
744.067153930664 610.778213500977 520.514389038086 693.520584106445 620.986476898193 671.039306640625 646.449939727783 611.123329162598 575.551727294922 569.435485839844 541.553312301636 714.120986938477 612.312995910645 388.728134155273 626.541550159454 747.58674621582 785.304649353027 1236.05208969116 1951.46965408325 1670.19886779785 864.186042785645 760.668849945068 627.431308746338 489.079925537109 496.374092102051 742.917343139648 677.939842224121 560.932369232178 747.292114257812 702.993209838867 648.458950042725 580.798759460449 619.97204208374 660.795422554016 633.96074962616 718.042236328125 630.274585723877 715.428882598877 604.140472412109 661.130023956299 582.251419067383 697.993341445923 619.657730102539 1039.33301544189 1025.94125747681 1142.51499176025 988.047409057617 748.273899078369 767.838064193726 740.687789916992
730.228538513184 674.318786621094 580.392053604126 608.069036483765 726.19953918457 720.363540649414 436.701522827148 531.230319976807 822.25609588623 611.153957366943 538.416839599609 586.04369354248 459.004600524902 346.76643371582 588.85525894165 707.039306640625 829.844032287598 1024.70401000977 1648.49920654297 1850.85688018799 977.450736999512 825.090408325195 542.782318115234 523.673957824707 614.914211273193 682.651901245117 597.458298683167 757.076797485352 794.907699584961 640.146243095398 679.623662948608 725.8994140625 545.239364624023 549.036415100098 822.467025756836 891.336196899414 624.534439086914 671.08288359642 749.799514770508 695.72261595726 725.977195739746 617.910221099854 621.067970275879 549.544464111328 1143.97246170044 1488.8936920166 846.648468971252 764.457572937012 636.352149963379 707.956939697266
732.716522216797 818.916366577148 649.972121238708 678.59126663208 653.688014984131 741.726089477539 731.548583984375 678.910934448242 637.96369934082 647.359792709351 647.937776565552 592.661487579346 674.455947875977 608.744644165039 615.313293457031 772.730850219727 626.124912261963 879.341461181641 1461.76358795166 1469.56925201416 1458.95798492432 834.827529907227 513.517333984375 502.667304992676 467.547958374023 554.541584014893 606.332383155823 796.692794799805 735.064270019531 629.274086892605 625.527195453644 689.451431274414 672.513132095337 684.832496643066 765.858215332031 709.159557342529 680.344758987427 795.592254638672 820.68611907959 744.049011230469 673.108713150024 762.158599853516 662.796472549438 505.04052734375 963.312509536743 748.861850738525 1016.39643913507 1306.20459747314 706.633743286133 817.927642822266
598.792091369629 637.149532318115 758.889820098877 647.158100128174 726.008125305176 698.867279052734 870.195648193359 791.4700050354 651.604221343994 736.270944595337 752.364372253418 674.603691101074 666.986534118652 646.406337738037 401.472183227539 505.628154754639 653.913705825806 820.506537914276 998.11604142189 1669.78923416138 2085.79878997803 1181.02695465088 595.726593017578 567.179473876953 583.50058555603 414.538009643555 620.514839172363 663.589908599854 703.822319030762 759.139694213867 633.083601951599 587.737682342529 654.902721405029 697.971446990967 707.072738647461 682.962078094482 716.63557434082 726.072555541992 682.380867004395 681.195362091064 775.636932373047 750.936447143555 756.102516174316 552.500686645508 692.472198486328 582.941040039062 611.324020385742 601.364967346191 945.466278076172 845.756256103516
700.424125671387 533.722927093506 644.00043296814 590.194137573242 604.932495117188 582.766895294189 723.446853637695 731.558387756348 587.211258172989 624.881645202637 578.995994567871 626.872922897339 617.293376922607 672.709129333496 466.001182556152 515.645248413086 525.223289489746 646.824256896973 883.135200500488 1019.54661369324 1206.94420623779 1154.18061828613 1596.85324192047 862.213549971581 588.803985595703 597.893901824951 650.907218933105 723.661949157715 713.368812561035 643.031700134277 598.49528503418 658.994956970215 635.185866832733 674.715908050537 700.240459442139 585.211124420166 695.018983840942 601.078502655029 695.062858581543 619.934970855713 534.613723754883 739.240715026855 628.700792312622 670.65643119812 690.044040679932 683.984031677246 471.722244262695 744.122619628906 936.024185180664 329.68408203125
600.055345535278 734.879035949707 718.298370361328 651.190360069275 564.390727996826 636.701921463013 647.020301818848 657.456672668457 604.148284912109 643.909202575684 595.312786102295 623.014148712158 611.606559753418 491.205909729004 534.242576599121 464.899795532227 538.195140838623 582.634339332581 604.253232955933 644.709609985352 635.886596679688 1154.9002456665 1492.14462280273 774.172584533691 970.112670898438 515.981895446777 623.021869659424 667.594055175781 669.596740722656 588.529770851135 723.56657409668 621.926266826689 729.966796875 592.596893310547 618.129048347473 747.952568054199 575.779655456543 721.114965438843 777.762313842773 726.501335144043 505.000839233398 729.308052062988 515.330184936523 592.305988311768 672.726024627686 683.53471827507 538.052772521973 704.586627960205 726.976402282715 699.551154136658
523.466300964355 592.102458953857 690.264717102051 776.51530456543 735.300231933594 669.13232421875 693.276695251465 636.986114501953 568.670707702637 636.199150085449 720.444934844971 697.883071899414 742.005111694336 652.712173461914 570.242107391357 519.305847167969 544.092933654785 808.484191894531 485.684623718262 588.002708435059 604.185440063477 880.743041992188 1143.69213008881 1279.31826019287 874.343518733978 562.667129516602 519.224174499512 640.744995117188 721.341773986816 577.461757659912 608.835985183716 602.648588180542 669.639053344727 602.217098236084 646.811422348022 528.786415100098 574.113353729248 660.433988571167 723.80680847168 676.923797607422 563.918258666992 731.519844055176 694.393330574036 549.843788146973 689.824882507324 494.887725830078 714.167827606201 705.422897338867 617.147956848145 693.41148853302
652.639785766602 568.294425964355 590.663107872009 571.824676513672 577.636360168457 532.611839294434 581.959403991699 707.73851776123 708.472464561462 605.782302856445 778.351122379303 806.476921081543 706.801856994629 657.433452606201 745.358734130859 562.494522094727 756.931587219238 735.296472549438 701.762626647949 620.163299560547 728.134765625 951.28031539917 1216.69763565063 1054.86428451538 753.856460571289 532.604370117188 622.442234516144 557.460506439209 603.905463218689 653.265697479248 491.057006835938 743.705612182617 648.96809387207 612.001279830933 523.306358337402 573.249309539795 532.766258239746 747.29125213623 666.215049743652 718.549362182617 670.135717391968 731.434871673584 668.814289093018 758.415814250708 651.385549068451 628.600025177002 864.725631713867 673.324738502502 763.256038665771 529.715103149414
645.897430419922 595.526710510254 625.804182052612 469.31657409668 366.393997192383 455.69482421875 546.0383644104 696.425305366516 622.065231323242 448.228790283203 794.149534225464 804.62915802002 662.016563415527 714.615009307861 612.373830795288 830.515579223633 763.373666763306 741.150695800781 993.292892456055 697.852096557617 659.835510253906 799.042938232422 988.299171447754 876.460842132568 764.409790039062 606.358949661255 561.557289123535 593.719608306885 600.147528663278 582.933004379272 510.804054260254 699.091735839844 687.561210632324 660.15340423584 703.974975585938 521.153984069824 541.616401672363 605.272609710693 656.617033004761 607.685724258423 609.612372398376 660.249135017395 642.04224395752 572.742683410645 691.604549646378 583.996116638184 645.256277084351 706.68775177002 769.033157348633 683.642383575439
824.802032470703 650.69642162323 644.35486125946 631.166912078857 643.421485900879 727.578903198242 631.245053768158 633.350722312927 613.852161407471 467.362899780273 676.658344268799 681.548873901367 661.161293029785 710.533901691437 491.744369506836 718.47954750061 834.238159179688 779.420555114746 866.781341552734 684.825439453125 664.81672668457 852.901617050171 973.147346496582 884.31396484375 495.216598510742 619.517032027245 614.685318946838 541.532249450684 590.527969360352 549.212718963623 472.236930847168 858.915878295898 629.198844909668 664.526520013809 741.040534973145 478.387268066406 490.052627563477 407.530944824219 654.93270111084 521.633605957031 636.318660736084 635.514423370361 521.179580688477 581.584228515625 646.006551742554 655.849597930908 559.260284423828 769.919227600098 737.036277770996 726.190879821777
756.150291442871 625.941828250885 549.447715759277 544.427360534668 648.029479980469 717.583564758301 725.344383239746 618.005298614502 602.538192749023 645.949598312378 649.087696075439 752.596261978149 842.284042358398 518.784530639648 633.498832702637 729.314559936523 655.953109741211 733.554914474487 823.871788024902 763.600692749023 886.737842559814 702.142936706543 803.410469055176 778.413566589355 649.1744556427 622.564468383789 630.737253904343 649.629161834717 573.312957763672 542.133541107178 979.156883239746 800.369965076447 880.567092895508 772.732955932617 593.128944396973 680.015365600586 457.290679931641 545.500598907471 586.688102722168 562.09143447876 709.410865783691 696.008808135986 634.953669846058 547.234329223633 480.727523803711 636.322296142578 537.187652587891 688.256032705307 710.725788116455 880.880798339844
652.397659301758 640.874444961548 623.109858512878 624.455123901367 625.929231643677 803.465698242188 710.396911621094 842.263854980469 665.018494129181 610.788715362549 656.449485301971 693.480411529541 618.951026916504 597.983200073242 685.134256362915 841.905349731445 743.707563400269 658.254898071289 756.682075500488 810.827068328857 818.088502883911 777.012812614441 593.259182929993 576.94059753418 473.070892333984 504.085815429688 583.260245800018 638.370571136475 586.761512756348 710.529754638672 747.619819641113 753.862686157227 660.131118774414 591.895141601562 585.481349945068 732.876365661621 603.627586364746 571.333492279053 688.292449951172 623.052424430847 625.728936195374 581.528945922852 600.863479614258 519.653160095215 602.345783233643 541.967620849609 522.401092529297 511.766799926758 612.093065261841 761.300437927246
677.207633972168 676.509204864502 539.614921569824 630.63321685791 505.362854003906 668.230606079102 667.031639099121 682.680223464966 557.264541625977 419.65446472168 688.830154418945 571.221179962158 543.045265197754 716.432081222534 726.322345733643 799.526289224625 771.552431106567 637.865455627441 807.006549835205 803.428375244141 761.838090896606 553.167335510254 570.22827911377 683.939655303955 623.589069366455 533.086944580078 530.51685333252 398.574310302734 490.24893951416 683.029495239258 673.554397583008 668.185882568359 595.363322257996 585.893844604492 601.748157501221 596.127265930176 788.746528625488 936.337188720703 748.413663864136 523.912078857422 553.77392578125 509.814041137695 582.787796020508 668.915218353271 676.610916137695 668.094253540039 646.504426956177 640.456534385681 663.642656326294 748.521591186523
759.552864074707 642.137519836426 499.045791625977 602.474700927734 554.701400756836 593.904964447021 647.144697189331 624.847652077675 564.539360046387 713.278419494629 651.898777008057 623.026470184326 594.152885437012 601.056127548218 817.063591003418 806.137664794922 764.342907905579 663.374370574951 608.375301063061 585.457025527954 668.280914306641 679.194953918457 663.285137176514 613.305931091309 599.480910301208 599.786703586578 598.214183807373 665.358853816986 602.64115524292 735.791999816895 521.899101257324 517.483924865723 632.484745025635 602.615005493164 647.962887763977 676.629605293274 798.03279876709 1063.33903503418 1040.02757453918 656.459896087646 679.671634674072 656.724136352539 668.004778862 565.026710510254 673.686090171337 746.324935913086 740.674499511719 810.688812255859 719.599800109863 771.671508789062
525.555480957031 576.685661315918 518.835464477539 707.377708435059 551.198829650879 692.560531616211 753.074203491211 608.720300674438 703.52197265625 566.662391662598 562.354698181152 526.847221374512 600.093414306641 585.418216705322 688.726101875305 781.995780944824 637.752319335938 551.279438018799 575.89635848999 601.117668151855 640.528001308441 627.764051437378 554.658111572266 519.190139770508 590.727524757385 518.39485168457 691.16321182251 531.848495483398 498.263656616211 425.766983032227 559.60066986084 565.23518371582 626.603458404541 546.177734375 519.800247192383 641.808671951294 489.373458862305 877.608997344971 608.428175479174 657.184108734131 532.182075500488 605.601071357727 530.25154876709 685.660758972168 545.971488952637 471.629302978516 640.689488649368 591.26672744751 600.235443115234 527.875579833984
634.432988166809 662.384468078613 663.953099250793 644.598895668983 634.04877948761 783.628005981445 837.908432006836 870.36051940918 627.05002784729 542.770492553711 530.452507019043 373.972839355469 463.507415771484 534.707550048828 495.08666229248 720.330799102783 553.336666107178 828.852691650391 634.14617729187 536.943473815918 628.834118366241 604.918678283691 592.945686340332 527.714797973633 817.224472045898 590.546772003174 645.127906799316 582.54825592041 526.861976623535 577.092163085938 552.916137695312 420.211547851562 541.049209594727 588.016498565674 633.513966560364 575.920783996582 521.503593444824 811.805980682373 637.156295776367 656.476547241211 509.109672546387 763.36739730835 704.351198196411 638.065774917603 614.373430728912 637.518684983253 673.976249694824 643.6343562603 470.349731445312 509.764785766602
653.35918712616 769.590744018555 710.004318237305 587.186687469482 619.529445648193 657.98282623291 670.134666442871 583.514518737793 628.976962089539 490.456581115723 617.3948802948 567.320098876953 608.203825950623 576.586944580078 573.742805480957 598.56770324707 623.492484092712 512.454284667969 608.089328765869 651.558469772339 545.458507537842 710.669174194336 681.245643615723 667.405937194824 776.797302246094 711.03084564209 667.450859069824 598.161659240723 425.623611450195 584.168128967285 561.041030883789 777.316177368164 634.796409606934 610.087524414062 587.59156036377 807.324600219727 815.943664550781 691.638784408569 727.181800842285 789.564086914062 554.557235717773 654.573852539062 629.457088470459 613.825588226318 565.961982727051 548.899635314941 736.869735717773 690.70337677002 684.073776245117 632.325023651123
