simdem/realisation45.asc
NCOLS 350 
NROWS 171 
XLLCORNER 152620 
YLLCORNER 418050 
CELLSIZE 100 
NODATA_value -9999 
[rows 22 to 43 of 171, columns 50 to 99 of 350]
-9999 -9999 -9999 -9999 -9999 -9999 -9999 -9999 -9999 509.134841918945 728.067626953125 527.055389404297 668.604116439819 751.165031433105 519.964084625244 480.144246101379 492.64674949646 590.368188858032 736.598258972168 661.766262531281 545.286193847656 572.660766601562 634.652295589447 612.982002258301 834.004667282104 760.61417388916 651.343256950378 550.247695922852 652.214870452881 573.759168624878 615.496349334717 603.426633358002 533.274978637695 506.837944030762 548.530807495117 613.295597076416 509.026988983154 471.689819335938 441.765640258789 427.098609924316 516.067679405212 551.265095710754 1005.87104034424 675.60863494873 455.177963256836 517.010093688965 525.623756408691 739.089099884033 537.237716674805 1424.75058174133
-9999 -9999 -9999 -9999 -9999 -9999 -9999 -9999 824.983337402344 704.141746520996 682.238595962524 639.597705841064 734.074779510498 372.347660064697 348.677452087402 489.580696105957 525.870147705078 674.746936798096 666.755004882812 648.191829681396 603.474487304688 723.832641601562 666.821029663086 709.01575088501 758.418022155762 500.109748840332 431.681869506836 535.431720733643 380.65705871582 625.451473236084 585.15544128418 476.176609039307 438.154350280762 528.185623168945 472.636596679688 606.227325439453 435.829284667969 896.744415283203 763.910263061523 1231.1692199707 853.483749389648 536.985763549805 388.240203857422 479.56714630127 586.481239318848 593.662510871887 513.914337158203 682.220670700073 529.862770080566 1162.0651473999
-9999 -9999 -9999 -9999 -9999 -9999 -9999 914.351684570312 763.445739746094 854.860069274902 577.263526916504 629.471141815186 611.89387512207 452.420892715454 418.837303161621 552.471618652344 650.875923156738 595.127738952637 481.468032836914 603.436771392822 749.124351501465 652.005877494812 559.254262924194 600.865692138672 704.001472473145 570.672760009766 612.350674629211 534.820276260376 632.568393707275 1256.06966018677 766.438873291016 673.373031616211 690.305883407593 479.683052062988 711.03978729248 561.746170043945 634.373435020447 745.158760070801 578.447908401489 614.135833740234 581.362333297729 575.13301050663 555.876405715942 445.047798156738 500.867713928223 521.195846557617 479.68936920166 431.405464172363 483.3076171875 1038.80206298828
-9999 -9999 -9999 -9999 -9999 -9999 776.904846191406 537.172607421875 670.975433349609 647.797912597656 500.425231933594 692.393253326416 458.227638244629 596.955778121948 378.853851318359 651.749174118042 514.530319213867 601.175020217896 434.866966247559 636.839363098145 777.306800842285 807.093460083008 605.895252227783 612.967580080032 582.335785865784 461.518371582031 546.024495124817 1051.33078765869 711.543212890625 715.959300994873 556.960525512695 515.647735595703 614.808723449707 740.853103637695 602.304313659668 449.453704833984 643.436147689819 604.344835788012 632.564140319824 645.466495513916 591.706285476685 430.508888244629 482.097290039062 536.55179977417 568.816177368164 458.41813659668 395.957931518555 314.60986328125 511.445068359375 803.676082611084
-9999 -9999 -9999 -9999 -9999 595.427276611328 540.310668945312 226.685272216797 274.301666259766 450.530151367188 344.653656005859 442.040466308594 686.993091583252 684.53910446167 696.573226928711 673.587064266205 359.426284790039 467.00138092041 481.665954589844 489.397262573242 679.462300300598 515.683086395264 562.528463363647 587.624452590942 588.484097480774 633.884902954102 710.330291748047 789.564338684082 919.799446105957 666.73868560791 439.551818847656 432.409515380859 572.30785369873 541.650520324707 445.873153686523 632.765830993652 577.00868711248 547.36323261261 576.355668902397 589.620695114136 380.003387451172 522.079574584961 388.867279052734 585.294183731079 558.033873558044 498.47497177124 490.506240844727 597.12438583374 635.566410064697 712.494960784912
-9999 -9999 -9999 -9999 421.537185668945 592.455955505371 342.317428588867 420.096748352051 448.628726959229 627.448843002319 467.145385742188 611.738670349121 606.561311721802 521.213668823242 615.451076507568 774.113679885864 439.921272277832 453.738807678223 624.869647979736 562.400022983551 464.504577636719 397.716064453125 562.7616147995 1014.71769332886 990.93581199646 665.854141235352 753.043567657471 796.920608520508 800.377899169922 655.12914276123 470.735885620117 505.160278320312 580.336790084839 524.35124206543 620.81067276001 733.832794189453 789.606140136719 676.695243835449 538.191131591797 584.510123252869 373.816711425781 535.007844924927 534.276568412781 508.698616027832 685.383506774902 599.065790176392 423.869087219238 569.054912567139 509.749526977539 590.779285430908
-9999 -9999 -9999 1125.73086929321 639.530982971191 415.142959594727 640.37149810791 533.337713241577 579.786529541016 601.454902648926 633.370750427246 701.947429656982 526.925689697266 471.538223266602 657.328605651855 682.938613891602 757.518699645996 703.069030761719 526.37864112854 451.015319824219 406.961868286133 451.291809082031 782.571632385254 481.75813293457 514.561515808105 701.848320007324 622.199206352234 736.528915405273 534.007193088531 475.142242431641 556.283920288086 608.20100402832 566.70340681076 516.885246276855 596.375772476196 711.480911254883 547.448715209961 431.930603027344 571.41855430603 566.390140533447 391.382659912109 550.348445415497 493.020191192627 460.065887451172 666.911697387695 511.096784591675 478.617256164551 517.609813690186 425.595703125 597.595848083496
-9999 -9999 781.760749816895 1188.51957988739 372.531921386719 237.963165283203 452.06901550293 425.766540527344 613.240644454956 801.644454956055 679.92306804657 673.469390869141 659.327056884766 867.595138549805 640.243431091309 614.770538330078 669.597671508789 684.855339050293 918.796962738037 488.398986816406 1082.66445922852 469.67724609375 517.001728057861 403.328979492188 434.429626464844 569.24781036377 509.874877929688 714.853561401367 597.759086608887 544.535060882568 748.291641235352 795.43977355957 574.498476028442 397.565322875977 409.710174560547 457.295707702637 404.642356872559 551.683485031128 706.520614624023 572.006858825684 490.719536542892 420.226707458496 475.294496536255 288.860076904297 459.883182525635 589.782485961914 516.220514535904 493.867641448975 600.856590270996 724.346237182617
-9999 -9999 679.09422492981 967.716102600098 1075.74207210541 500.838424682617 588.488140106201 394.942962646484 606.799022197723 768.011085510254 632.823117256165 507.039628982544 710.911228179932 793.396430969238 659.581436157227 587.771125793457 635.229163706303 623.849704742432 764.576843261719 534.721794128418 419.554214477539 523.18505859375 408.246841430664 545.412902832031 467.542234897614 526.410369873047 573.080764770508 584.451393127441 571.322174072266 547.127128601074 570.250419616699 484.359404951334 517.828750610352 442.108228683472 374.389083862305 512.200736999512 419.274585723877 636.335090637207 580.843631744385 412.07740020752 410.238021850586 465.342178344727 390.456474304199 434.761360168457 417.068382263184 499.425936698914 522.139598846436 564.724094390869 553.972023010254 684.335144042969
-9999 620.83376121521 640.664215087891 490.316909790039 517.704170227051 487.216522216797 533.523933410645 663.090393066406 783.139282226562 609.760515213013 687.267349243164 751.987060546875 680.787787556648 772.136558532715 620.907646179199 532.369102478027 480.108428955078 597.09098815918 393.459274291992 625.444664001465 592.930492401123 477.425277709961 350.14697265625 517.82905960083 627.201019287109 508.367166519165 496.744510650635 497.986480712891 526.286952972412 612.931259155273 619.849761962891 451.049701690674 398.653987884521 375.311653137207 404.513889312744 342.130523681641 530.30997467041 498.462425231934 586.480598449707 267.563690185547 295.041931152344 349.69482421875 428.692108154297 363.897811889648 347.64875793457 491.058338165283 422.22713470459 454.972240447998 508.349016189575 460.250137329102
519.862899780273 628.444904327393 636.009106636047 555.639892578125 511.217636108398 447.556991577148 595.965734243393 645.380241394043 772.33617401123 686.680858612061 793.559509277344 817.816925048828 751.193695068359 699.814064025879 637.825609207153 498.165367126465 485.444370269775 598.26749420166 477.26322555542 523.617770195007 523.09349822998 551.120628356934 454.795604228973 437.996282577515 590.740524291992 471.93522143364 459.778473854065 532.195182800293 593.391616821289 644.970611572266 487.932688236237 426.943271636963 361.643005371094 447.267777442932 508.963237762451 399.330062866211 399.911323547363 671.022521972656 520.893325805664 459.769425868988 334.205261230469 335.311172485352 317.767532348633 441.54402923584 353.714408874512 500.96794128418 408.217041015625 542.092809677124 562.657827377319 538.822630882263
479.646255493164 531.624977111816 550.864576458931 595.717418670654 569.730047225952 641.885631561279 643.732845306396 697.041961669922 650.433209359646 613.117183685303 687.651569366455 595.736963272095 486.097900390625 421.240942001343 682.124961853027 692.556564331055 566.111307144165 588.047294616699 538.60368347168 553.377429962158 444.346858978271 334.991592407227 295.481048583984 342.765357971191 463.875078201294 478.128635406494 439.981460571289 482.59764790535 303.95524597168 511.358283996582 325.611213684082 393.258972167969 413.47677230835 511.597900390625 410.367301940918 413.526016235352 528.031051635742 594.742546081543 577.940818786621 426.27028465271 425.445095062256 584.729789733887 413.488586425781 384.871742248535 509.464555740356 470.580236434937 390.065116882324 448.531021118164 477.876734733582 493.845529556274
602.563190937042 505.079492092133 504.663382768631 609.039306640625 533.951557159424 638.427959442139 585.327960968018 370.966011047363 672.012825012207 741.557640075684 752.280685424805 685.741264343262 469.098011016846 657.638416290283 620.403549194336 846.589859008789 451.33016204834 632.997116088867 482.727058410645 495.983961105347 494.646858215332 444.228461623192 413.885160446167 384.106971740723 445.47699546814 281.385131835938 415.178955078125 390.069862365723 478.13108921051 456.867683410645 489.783725738525 442.297717094421 439.03221321106 398.310935974121 432.796089172363 554.210987091064 580.360794067383 500.404323577881 654.032501220703 491.768367767334 389.15934753418 540.273401975632 561.76545715332 485.232088088989 384.382705688477 479.525105595589 447.248365402222 484.679867744446 310.730529785156 672.581283569336
487.821508407593 515.470428466797 546.041496276855 515.486461639404 529.613977432251 611.856523513794 469.357887268066 944.472328186035 637.437387466431 742.589248657227 614.920883178711 481.025508880615 492.966499328613 572.614810943604 553.765579223633 594.629737854004 502.992082595825 416.222579956055 420.932487487793 618.999435424805 562.312370300293 476.447807312012 386.621452331543 430.464950561523 370.357433319092 357.76180267334 554.580223083496 414.152725219727 425.995307922363 540.444549560547 438.010879516602 336.402214050293 427.79026222229 353.957252502441 352.114166259766 610.778091430664 632.8125 671.745590209961 610.994400024414 406.793815612793 364.401634216309 507.662943840027 380.039352416992 418.192024230957 434.512226104736 401.43879699707 447.596832275391 616.843322753906 548.568618774414 553.745536804199
586.723850250244 640.608539581299 564.967956542969 563.73804473877 650.965744018555 555.82222366333 562.939182281494 783.008188247681 706.859312534332 891.805587768555 444.915635585785 488.892448425293 442.983749389648 542.624006271362 515.264748573303 598.699638366699 505.787077903748 429.020011901855 524.106809616089 445.336803436279 314.40771484375 255.843673706055 323.090469360352 413.266979217529 354.021446228027 304.910820007324 469.958168029785 563.70677947998 520.850425720215 631.062057495117 426.338237762451 270.620864868164 302.258605957031 375.926979064941 263.551147460938 458.716797351837 560.323593139648 671.659698486328 549.913291931152 481.31717300415 410.693321228027 449.979827880859 508.191711425781 421.25825881958 423.753471374512 340.840026855469 357.943962097168 574.498115539551 492.01568543911 438.720771789551
569.135887145996 481.479629516602 538.842172622681 679.627670288086 607.053966522217 513.845664978027 443.280227661133 548.052919387817 777.73120880127 846.104568481445 549.386840820312 634.805107116699 416.308891296387 670.568855285645 586.889492034912 509.737836122513 512.760486602783 463.668411254883 343.374965667725 576.426597595215 427.335515022278 379.023765563965 448.583574295044 453.929607391357 483.120330810547 364.374313354492 270.185745239258 476.9918384552 455.914428710938 460.085298538208 552.757225036621 442.777725219727 427.322525024414 418.550716400146 377.899196624756 320.726089477539 425.241724014282 515.53031539917 618.408355712891 421.92356300354 423.994297027588 559.59300994873 528.56982421875 501.43236541748 437.432426452637 315.312057495117 490.648874282837 485.127470016479 467.191220283508 427.931411743164
431.768280029297 399.101234436035 387.482299804688 592.759447097778 476.776187896729 426.457846164703 473.978778839111 1065.30731201172 1015.17134666443 1184.93738555908 555.823762893677 622.753273010254 419.333419799805 521.021162986755 418.420051574707 378.96076965332 558.091125488281 476.566246986389 362.73946762085 634.142456054688 478.228332519531 379.865127563477 489.432395935059 411.699117660522 414.015570640564 412.846815109253 229.450592041016 314.96150970459 335.992614746094 380.906791687012 420.080008506775 380.735187530518 445.075996398926 353.000137329102 361.655517578125 418.781435012817 400.440814971924 452.804268836975 506.050601959229 452.558233261108 565.000129699707 597.889785766602 407.829379081726 428.713734745979 416.752883911133 398.594024658203 416.514915466309 491.3581199646 465.575053095818 369.310173034668
374.62149810791 251.234725952148 522.928321838379 714.604766845703 424.164379119873 491.543609619141 470.84871673584 540.281513214111 580.939842224121 622.975639343262 567.71017074585 633.890556335449 457.805969238281 442.914978027344 492.614870548248 426.801357269287 522.876026153564 308.011505126953 421.447937011719 506.775512695312 475.146503448486 303.080963134766 392.728282928467 467.132858276367 389.386974334717 352.031028747559 324.466896057129 350.749523162842 443.828424453735 423.706098556519 300.039001464844 323.59725189209 323.47688293457 311.485717773438 422.78169631958 441.353996276855 457.046023368835 415.280155181885 393.83784866333 568.609077453613 620.644561767578 545.866470336914 493.004062652588 509.371025085449 483.392473220825 473.342348098755 431.923095703125 381.108982086182 419.068607330322 321.93546295166
331.057464599609 487.427230834961 678.953247070312 617.345336914062 657.679046630859 266.390335083008 475.846591949463 692.823310852051 662.773475646973 670.518303871155 677.938461303711 656.610740661621 495.489177703857 522.030681371689 340.582855224609 433.197246551514 387.846130371094 385.791618347168 296.139663696289 378.09105682373 448.213733196259 346.569770812988 362.985721588135 515.059814453125 526.138130187988 483.503524780273 380.102035522461 455.772081375122 508.098606109619 386.954383850098 356.41939163208 350.143898010254 449.723376750946 339.647247314453 486.234504699707 354.593002319336 316.373870849609 268.029525756836 427.042186737061 580.773628234863 552.89111328125 327.823692321777 375.742370605469 560.548950195312 527.492851257324 453.090413093567 453.879001617432 513.431106567383 454.272478103638 388.422222137451
423.559410095215 581.543556213379 498.872100830078 502.602584838867 602.048385620117 391.956619262695 401.836738586426 659.358847618103 770.602550506592 1013.51765441895 578.932052612305 555.666107177734 595.782760620117 569.653537750244 512.368347167969 462.902452468872 394.778182983398 457.122508049011 490.520652770996 448.951236248016 375.438377380371 493.181049346924 561.348854064941 481.706310272217 261.013031005859 455.499285697937 439.1637840271 506.439476013184 446.761779785156 407.41868019104 264.161270141602 337.34635925293 361.02254486084 215.575119018555 409.947671413422 260.294616699219 423.3473072052 332.424057006836 495.434188842773 456.965857982635 367.603355407715 488.249861001968 457.131736755371 539.983947753906 442.225473761559 413.053525924683 478.091796875 491.993274688721 524.791458129883 444.912601470947
514.972839355469 744.018951416016 619.644439697266 645.833831787109 427.602149963379 369.05354309082 511.790824890137 619.213645935059 506.438514709473 666.498046875 688.736145019531 604.162628173828 547.688343048096 541.732559680939 359.865325927734 403.09789276123 385.731811523438 442.197256088257 485.333190917969 540.728996276855 309.49919128418 511.720314025879 493.136455535889 466.187915802002 439.177539825439 372.530330657959 429.769816398621 418.726243972778 444.464399337769 340.345497131348 257.699371337891 359.575119018555 299.064491271973 296.887939453125 297.162742614746 417.930213332176 399.86742401123 441.834497928619 428.605942726135 425.844276428223 420.248678207397 560.29020357132 443.720894813538 527.041046142578 608.345657348633 450.583990097046 506.319183349609 352.574577331543 337.698333740234 483.997501373291
362.2001953125 613.234558105469 569.501571655273 663.768508911133 457.004875183105 385.344463348389 543.284046173096 519.481207847595 582.787350654602 446.408027648926 550.072616577148 591.133979797363 510.664497375488 560.95104598999 490.253591537476 446.061023712158 529.025924682617 369.925216674805 494.83309173584 527.454643249512 415.468109130859 432.273734092712 397.574407577515 412.305312156677 415.282463222742 423.179605484009 352.456787109375 391.760251998901 402.26398563385 348.084403991699 483.808471679688 324.456787109375 303.496658325195 318.08179473877 417.356374740601 441.106019973755 426.328046441078 550.174987792969 554.58430480957 386.421653747559 420.88038444519 574.90539932251 523.513011932373 439.694036483765 334.170272827148 544.580627441406 672.780288696289 611.338973999023 446.208341836929 368.905723571777
