simdem/realisation24.asc
NCOLS 350 
NROWS 171 
XLLCORNER 152620 
YLLCORNER 418050 
CELLSIZE 100 
NODATA_value -9999 
[rows 66 to 87 of 171, columns 100 to 149 of 350]
466.647795677185 502.184242248535 528.262870788574 342.292015075684 458.814518332481 549.114196777344 582.095405578613 493.08962059021 440.135375976562 512.294200897217 353.619995117188 329.935989379883 330.981399536133 401.964527130127 496.877098083496 401.694557189941 357.460578918457 348.385757446289 430.953144073486 478.380883812904 365.110481262207 530.856449127197 441.784572601318 340.032554626465 470.96102142334 359.560470581055 565.852527618408 414.231231689453 307.410171508789 350.756408691406 387.765502929688 484.380531311035 521.320523262024 588.011531829834 528.439628601074 512.260913848877 487.616130828857 444.885780334473 485.844375610352 591.480289459229 479.147766113281 533.282381057739 480.117965698242 451.100624084473 552.240497589111 639.765602111816 488.976543426514 561.26863861084 660.624641418457 548.372456073761
438.753728866577 365.477516174316 433.495193481445 392.562721252441 576.186614990234 657.046310424805 593.825462341309 417.106960296631 465.647613525391 465.285077095032 267.2919921875 483.339628219604 466.234720230103 586.519264221191 482.977536678314 554.970115661621 584.112937927246 436.19836807251 494.419284820557 429.791557312012 493.622694909573 546.5475730896 442.647026062012 442.021369934082 472.081438064575 457.319122314453 435.96704864502 544.275791168213 456.185626983643 485.832542419434 429.002075195312 545.682876586914 670.200325012207 636.103721618652 523.313694000244 547.430782318115 460.250259399414 465.386642456055 573.780174255371 662.321250915527 531.227130889893 503.876544952393 501.000980377197 448.86449432373 607.692611694336 646.772674560547 478.20023727417 463.614311218262 555.415381908417 439.602836608887
325.46688079834 354.270080566406 277.947601318359 405.683200836182 708.227249145508 649.978805541992 434.958484649658 425.197593688965 432.5758934021 538.096405029297 359.338844299316 452.017135620117 583.131286621094 639.739440917969 646.543243408203 653.446929931641 643.636016845703 554.415748596191 580.929183959961 448.287300109863 380.64315032959 444.610481262207 486.271423101425 486.28706741333 438.81734085083 391.834861755371 296.260589599609 536.888550758362 473.416812896729 632.259368896484 496.111110687256 470.460868835449 480.714241027832 490.505813598633 526.919498443604 673.254920959473 617.737632751465 414.646728515625 516.490730285645 627.908134460449 637.759502410889 620.031806945801 544.658369064331 565.714616775513 678.635444641113 515.191455841064 541.656141281128 614.994361877441 586.473644256592 536.995904922485
476.704376220703 381.059936523438 399.747051239014 462.859060645103 486.14715385437 561.678199768066 712.029968261719 411.408044815063 390.298080444336 404.237426757812 342.009544372559 449.523906707764 529.438674926758 548.181129455566 531.62614440918 590.730667114258 581.140235900879 496.324295043945 374.048316955566 341.134292602539 209.750152587891 359.162803649902 515.954969406128 568.627410888672 365.179809570312 349.152984619141 399.068412780762 408.024940490723 653.588111877441 472.044692993164 448.169395446777 563.520755767822 413.774780273438 561.388938903809 590.951513290405 609.20329284668 564.628788471222 675.574203491211 638.123588562012 523.565460205078 428.095558166504 483.03955078125 601.784502029419 502.966888427734 606.387878417969 583.16622543335 541.471216201782 548.937036514282 687.598983764648 812.526428222656
425.449668884277 427.714942932129 488.771355986595 442.63466835022 542.130752563477 611.025756835938 578.518898010254 474.726993709803 517.824329376221 506.63928604126 377.53263092041 432.962375640869 574.10684967041 522.374320983887 587.262893676758 461.802713394165 490.280022621155 530.038913726807 410.390655517578 427.487724304199 414.139213562012 527.232074737549 410.837074279785 432.279800415039 546.429210662842 460.434925079346 468.990020751953 575.389053344727 518.786457061768 499.765995025635 450.81275177002 370.558975219727 362.285064697266 513.299509048462 646.200569152832 716.12589263916 686.242538452148 456.521614074707 603.835594177246 474.725028991699 493.490684509277 413.868011474609 470.072601318359 483.829261779785 597.400298118591 540.870754241943 509.042816162109 547.716150283813 564.208089828491 647.24870300293
581.47638130188 404.87565612793 456.92622756958 402.644729614258 375.69115447998 288.202819824219 441.260633468628 503.612831115723 461.300224304199 466.595555305481 560.050109863281 498.164270401001 452.976146697998 532.938217163086 565.099433898926 495.279958724976 496.885860443115 576.12419128418 299.033828735352 441.536315917969 511.932762145996 608.987579345703 628.308227539062 488.251001358032 402.050582885742 543.180980682373 520.560644507408 529.982974529266 508.223638534546 600.447257995605 487.658187866211 653.501670837402 437.062126159668 557.712858200073 492.22119140625 547.437629699707 702.425018310547 712.442886829376 703.66886138916 623.195678710938 525.986450195312 449.190780639648 541.498294830322 557.233596801758 632.296871185303 713.438606262207 592.591335296631 565.7056889534 469.116424560547 555.480766296387
371.57893371582 283.866363525391 361.352584838867 471.800859451294 397.972595214844 309.562118530273 441.517578125 432.887489318848 448.262512683868 484.802549362183 465.964098453522 484.813395023346 550.982040405273 511.757433891296 443.993492126465 609.279174804688 515.729648590088 364.761352539062 341.478988647461 463.734504699707 532.517549514771 657.100051879883 677.469497680664 426.266639709473 386.65160369873 472.616107940674 503.084752082825 487.419364929199 650.358795166016 501.690502166748 660.792091369629 551.731007575989 571.618532180786 535.509853363037 465.617599487305 915.360210418701 633.579849243164 924.856231689453 1077.77265930176 717.336497306824 739.108442306519 570.202171325684 635.568145751953 604.720161437988 525.447315216064 811.050628662109 488.107849121094 555.385339736938 513.784461975098 420.924392700195
414.324165344238 482.29723739624 347.629302978516 458.115571022034 449.003484725952 483.795641899109 331.112930297852 609.213851928711 566.306251525879 562.906234741211 571.651374816895 575.003814697266 454.086084365845 394.444480895996 346.518920898438 467.21675491333 520.760580062866 430.001762390137 314.011795043945 479.319627761841 495.369924545288 712.255493164062 593.414115905762 470.731769561768 434.469177246094 555.588165283203 355.550979614258 501.530376434326 407.728324890137 451.342323303223 488.409038543701 447.947010040283 665.940139770508 926.047798156738 800.71187210083 672.296875 387.792068481445 753.16236114502 794.358051300049 668.057910919189 593.028060913086 423.027016878128 545.881362915039 454.325344085693 383.657600402832 429.3671875 670.68962097168 409.62239074707 559.24314647913 567.337881088257
522.587183594704 537.004968643188 434.602874755859 369.136947631836 330.897613525391 396.776321411133 285.499557495117 352.672058105469 474.944591522217 389.022483825684 519.131351470947 536.135154724121 484.225451469421 374.315940856934 516.047912597656 572.932479858398 426.492790222168 422.354717254639 431.049209594727 378.018394470215 529.114501953125 516.321731567383 486.370732784271 615.372093200684 458.874397277832 470.068511962891 446.766914367676 564.139808654785 473.280143737793 502.827796936035 410.147010803223 397.505310058594 593.345970153809 782.367736816406 618.917989730835 638.125522613525 361.502746582031 600.868858337402 741.787548065186 580.236072540283 594.586750030518 406.598167419434 402.17350769043 302.696426391602 428.874666213989 353.17357635498 340.598892211914 397.129379272461 917.402610778809 475.449279785156
527.169786691666 362.921493530273 427.104621887207 384.147430419922 498.526978492737 396.280578613281 512.476356506348 409.453247070312 495.538690567017 479.707750320435 450.552833557129 544.950416564941 464.099067687988 285.396438598633 476.515908241272 462.45344543457 393.312568664551 427.086631774902 469.508117675781 463.741640090942 530.357696533203 554.309543609619 557.937286376953 490.160118103027 513.723805427551 461.33028793335 468.796531677246 587.284820556641 428.867698669434 357.563827514648 591.831136703491 486.872520446777 590.836526870728 586.249620437622 661.686082839966 556.544311523438 403.855648040771 700.641839027405 629.318908691406 673.679763793945 635.150072097778 413.473034858704 399.281265258789 295.381774902344 342.368637084961 285.123977661133 440.186935424805 421.104904174805 448.684722900391 630.377998352051
696.717414855957 629.465799331665 470.405384063721 457.906753540039 337.311614990234 500.093355178833 308.826629638672 420.754013061523 540.294761657715 560.746421813965 533.749633789062 467.938484668732 433.964681625366 458.464017868042 509.76441192627 388.855171203613 495.093276023865 453.113193511963 461.900520324707 441.456695556641 587.915451049805 569.905239105225 540.779258728027 526.961895942688 518.113157272339 342.672592163086 459.920108795166 612.146018981934 572.49291229248 466.276359558105 455.949203491211 390.975700378418 453.066417694092 683.871551513672 506.545654296875 631.192396640778 507.170272827148 755.928730010986 868.76350402832 764.529777526855 480.758880615234 443.412794113159 447.754814147949 558.150726318359 496.701797485352 736.546676635742 832.035522460938 558.279996395111 578.637924194336 723.290809631348
454.626586914062 488.546325683594 510.981178283691 772.120330810547 549.050533294678 516.899948120117 380.922248840332 547.425853729248 587.019241333008 500.701401233673 568.237098693848 530.752128601074 546.058029174805 467.902824401855 487.43595123291 440.751720428467 361.355392456055 611.992546081543 399.721244812012 501.990028381348 440.963829040527 593.156402587891 488.806718826294 659.427505493164 442.292877197266 442.800094604492 480.533737182617 452.968612670898 585.96533203125 434.114883422852 414.461288452148 435.525638103485 449.09556388855 412.369495391846 523.291450500488 583.90828704834 558.720596313477 782.484970092773 677.429169654846 630.750003814697 396.707260131836 459.466671943665 511.466503143311 456.422300815582 462.797186285257 561.666613817215 801.329544067383 449.862986326218 478.747829437256 483.240379333496
551.537168502808 396.002861022949 436.956314086914 529.671985626221 677.209594726562 694.026151657104 501.613354682922 630.163223266602 623.008598327637 540.461452484131 354.374053955078 743.068283081055 350.835403442383 416.590873718262 411.377838134766 349.719436645508 392.865783691406 545.908615112305 489.834349632263 471.779894828796 502.125175476074 596.043792724609 611.535270690918 554.388416290283 550.189659118652 452.59684753418 378.942184448242 618.441482543945 563.258974075317 314.700317382812 307.581253051758 475.936695098877 374.493434906006 429.27453660965 433.60014629364 694.184700012207 470.456630706787 740.571578979492 762.63752746582 485.023536682129 534.572105407715 568.449760437012 557.729011535645 411.609786987305 418.82861328125 423.609848022461 305.411819458008 421.948337554932 412.333066940308 625.566165924072
588.348259985447 535.526803970337 556.729423522949 538.887159347534 627.845019340515 468.443771362305 883.758678436279 761.540237426758 639.573364257812 567.06286239624 494.805418014526 486.994033813477 455.050792694092 440.151786804199 394.436706542969 537.457935333252 540.764961242676 529.76583480835 433.858898162842 432.188888549805 575.020988464355 530.454875946045 627.727668762207 566.86372756958 434.610458374023 491.882303237915 466.163955688477 574.573499679565 386.844398498535 473.701942443848 363.124603271484 323.887252807617 294.335678100586 300.38166809082 463.207181930542 675.012001037598 787.513549804688 676.664199829102 800.78515625 623.866706848145 499.346318244934 520.804462432861 473.740669250488 673.577026367188 668.126647949219 523.620788574219 419.5452003479 317.461166381836 558.453277587891 545.998316764832
691.839141845703 425.760101318359 501.256683349609 632.813959121704 566.846824645996 612.211883544922 567.205684661865 867.718368530273 459.425468444824 578.457614898682 422.461029052734 402.585174560547 470.033802032471 453.472358703613 554.916120529175 595.000686645508 634.319259643555 520.611656188965 386.946548461914 527.028532028198 436.157615661621 458.036750793457 646.964347839355 491.5090675354 605.163162231445 584.697771072388 642.508941650391 500.020771026611 403.911209106445 373.025703430176 385.381271362305 401.23681640625 246.921829223633 320.765197753906 589.690150260925 554.1012840271 701.664558410645 624.464639663696 790.528305053711 845.364212036133 511.176712036133 387.911743164062 349.205276489258 592.196706771851 711.005187988281 597.837194442749 476.824855804443 539.309226989746 509.182754516602 418.593185424805
646.100824356079 469.785369873047 485.606941223145 573.766361236572 621.899410247803 674.304077148438 522.224033355713 546.998542785645 672.665748596191 527.25687789917 503.180830955505 425.23070526123 410.865272521973 289.419967651367 357.206832885742 599.064437866211 524.70832824707 611.642166137695 524.076982498169 596.048133850098 714.857513427734 415.282234191895 510.401119232178 491.363759994507 609.384429931641 494.275623321533 535.053871154785 425.482666015625 378.28588104248 394.415004730225 224.259216308594 333.713829040527 311.853164672852 537.153865814209 550.868988037109 559.392166137695 712.624412536621 787.186248779297 590.344347000122 761.396179199219 637.108345031738 499.698928833008 484.197257995605 693.014469146729 834.993492126465 623.612861633301 582.695892333984 477.277076721191 607.390968322754 564.205986022949
441.840446472168 527.551162719727 560.49245262146 524.972946166992 534.908004760742 633.305633544922 696.387322425842 671.375015258789 625.236846923828 558.19762802124 545.763576507568 484.91028213501 358.064804077148 373.091613769531 513.707233428955 624.697830200195 670.230545043945 493.011940002441 607.557441711426 488.717019081116 421.022499084473 514.474236607552 470.724491119385 472.27433013916 534.889585494995 750.361587524414 543.178844451904 390.130501747131 529.514228820801 548.118072509766 521.246520996094 541.92162322998 595.713250160217 576.68862247467 544.24764251709 508.490196228027 503.969055175781 674.659393310547 645.511417388916 850.302871704102 814.09211730957 817.453094482422 842.647644042969 731.955368041992 661.072486877441 700.463851928711 586.817821502686 844.720260620117 719.024139404297 672.265476226807
508.545229911804 405.381805419922 460.949321746826 620.784112930298 623.688894271851 531.07266998291 706.781150817871 821.713165283203 628.59527015686 627.783094406128 573.663707733154 434.84481048584 527.328102111816 382.72046661377 376.580039978027 455.682712554932 506.452335357666 476.409700393677 560.970413208008 337.168182373047 439.115547180176 548.706874847412 557.523345947266 609.018463134766 670.777885437012 566.359457969666 490.964073181152 543.835418701172 550.336349487305 539.09122467041 527.872543334961 583.770576372743 492.890037536621 409.204391479492 263.801361083984 380.163391113281 495.336767196655 593.530258178711 613.702049255371 756.973892211914 665.101078033447 782.351783752441 619.767082214355 645.413696289062 466.724914550781 612.233779907227 648.138259887695 842.35693359375 862.597457885742 826.66951751709
678.940268039703 627.995594024658 551.108436584473 420.109558105469 558.332622528076 573.05387878418 617.840549468994 706.025856018066 546.349708557129 823.512474060059 401.472946166992 433.588607788086 623.733421325684 572.587860107422 294.491226196289 482.282283782959 498.243342638016 560.116943359375 582.345657348633 512.679767608643 492.355744361877 524.764127731323 453.187240600586 474.926513671875 515.728702545166 529.199546813965 489.867706298828 529.95532989502 595.390090942383 623.190795898438 602.356691360474 626.382747650146 629.933742523193 572.421837806702 291.353927612305 425.380242347717 517.309656262398 592.608375549316 613.63459777832 703.18376159668 608.527641296387 763.329620361328 712.687606811523 600.157066345215 592.747200012207 595.752513885498 670.067543029785 949.765670776367 729.681118011475 476.054397583008
555.021026611328 688.537296295166 645.877687454224 641.999382019043 544.548952102661 362.180633544922 584.579851150513 489.995956420898 560.352210998535 412.310668945312 467.299453735352 446.69739151001 608.813575744629 468.204292297363 542.364379882812 456.130859375 572.140274047852 573.164474487305 417.163917541504 521.032884597778 647.38916015625 587.041206359863 502.999195575714 383.863586425781 439.73161315918 541.451982498169 534.653244018555 398.219177246094 553.040466308594 514.504737854004 595.780389785767 627.355880737305 666.828330993652 403.017716407776 501.829696655273 374.228038787842 519.713047802448 448.542854309082 675.863952636719 737.143432617188 614.079360961914 637.431968688965 873.525375366211 1185.82481384277 983.752655029297 619.317695617676 645.539772033691 746.174797058105 673.096488952637 476.395698547363
617.316518783569 790.102382659912 740.609039306641 660.333590269089 614.751672744751 574.426105499268 464.682353973389 528.953643798828 542.915863037109 470.714195251465 683.557357788086 630.002380371094 657.841888427734 509.18429851532 481.085947036743 532.930515289307 457.174392700195 475.491033554077 407.964691162109 521.495679855347 644.241516113281 578.39624786377 565.297775268555 493.482671737671 507.905691146851 386.319435119629 554.958145141602 654.225715637207 721.989624023438 512.204109191895 545.495410919189 642.551330566406 650.804252624512 582.102508544922 576.092361450195 441.319231033325 402.271438598633 520.29906463623 665.867797851562 614.976749420166 625.483184814453 704.733383178711 856.562286376953 1032.15333557129 859.936187744141 665.282825469971 732.555068969727 522.280265808105 707.203948974609 531.023763656616
-9999 -9999 854.922607421875 886.106508255005 624.82586479187 608.140390396118 505.998123168945 518.208585739136 539.484924316406 684.517547607422 461.197677612305 637.240493774414 614.058670043945 481.608238220215 558.895556271076 430.244651794434 343.724395751953 456.133983612061 683.502395629883 591.835418701172 556.519493103027 542.089351654053 438.334480285645 432.954483032227 530.362640380859 542.938842773438 523.061107635498 612.555685520172 770.474132537842 485.73518371582 388.775177001953 635.715297698975 606.790313720703 659.647918701172 492.218894958496 476.180023193359 572.557723999023 647.353607177734 622.742099761963 619.093788146973 713.350402832031 694.5081615448 824.436357498169 961.414329528809 811.4873046875 596.596801757812 748.17308807373 -9999 -9999 -9999
