simdem/realisation36.asc
NCOLS 350 
NROWS 171 
XLLCORNER 152620 
YLLCORNER 418050 
CELLSIZE 100 
NODATA_value -9999 
[rows 22 to 43 of 171, columns 50 to 99 of 350]
-9999 -9999 -9999 -9999 -9999 -9999 -9999 -9999 -9999 538.342956542969 505.409301757812 613.426345825195 741.509754180908 808.814643859863 644.928359985352 533.834365844727 479.319764614105 525.399398803711 579.630805969238 609.473026275635 527.241027832031 532.807823181152 673.628353118896 648.051773548126 820.905197143555 569.073654174805 690.179864883423 695.56568145752 683.305305480957 753.881301879883 547.996147155762 671.278671264648 732.022796630859 759.175170898438 700.002082824707 628.272038936615 617.682907104492 546.09899520874 557.876117706299 493.275177001953 511.753945350647 429.396644592285 977.682067871094 600.546821594238 638.338064193726 568.30853843689 580.230463981628 601.255218505859 574.960123062134 1406.40014648438
-9999 -9999 -9999 -9999 -9999 -9999 -9999 -9999 801.102767944336 419.8857421875 445.290832519531 520.436325073242 687.205634593964 481.26879119873 438.840286254883 574.335582971573 754.548034667969 726.300895690918 622.3739785254 632.870719909668 572.04972076416 719.172012329102 609.650094032288 728.451822280884 606.059440612793 508.286254882812 564.011379241943 568.521982192993 547.290508270264 567.793637752533 462.530723571777 499.796232223511 470.248306274414 595.093748092651 574.759203195572 646.269691467285 535.635675430298 920.299812316895 693.795776367188 1151.08722496033 785.819774627686 529.518486022949 374.598480224609 385.062576293945 552.554096221924 648.550666809082 605.54580783844 637.239692687988 561.903670310974 1203.00634765625
-9999 -9999 -9999 -9999 -9999 -9999 -9999 914.475982666016 843.870048522949 866.228302001953 381.7080078125 475.991363525391 654.182647705078 282.448684692383 445.83177947998 682.232208251953 622.118271827698 577.145141601562 596.306259155273 625.623138427734 588.30704498291 644.590155601501 538.051834106445 696.123905181885 585.473365783691 539.292304992676 657.863597869873 582.905059814453 601.122428894043 1087.62773895264 617.285743713379 599.556659698486 586.687156677246 592.302297592163 780.273096084595 737.238178253174 646.466064453125 596.973503112793 678.122436523438 564.879692077637 476.817779541016 526.903797149658 457.611099243164 449.82445526123 557.612524032593 619.848224639893 601.875659942627 493.500217437744 639.62801361084 1148.79836273193
-9999 -9999 -9999 -9999 -9999 -9999 578.962524414062 666.114898681641 768.025253295898 809.077178955078 448.093688964844 520.04727935791 545.895767211914 390.165908813477 420.512748718262 599.641189575195 660.410972595215 604.051586151123 496.784057617188 612.530258178711 713.725967407227 751.186538696289 628.697105407715 565.973175048828 558.335399627686 504.728790283203 527.033596038818 1063.90937805176 669.170753479004 674.208076477051 751.387264728546 679.11311006546 787.698101043701 872.101921081543 749.856311798096 712.527492523193 661.311477661133 581.764579772949 495.256866455078 607.462694168091 598.1568775177 617.684455871582 497.861030578613 511.619457244873 605.525543212891 621.154232025146 549.887426376343 617.96263885498 723.101654052734 867.510299682617
-9999 -9999 -9999 -9999 -9999 692.292121887207 403.778411865234 396.430938720703 530.341747283936 660.256443023682 513.474029541016 580.587814331055 679.423454284668 538.961654663086 652.136755943298 549.216888427734 467.686813354492 664.058006286621 523.256523132324 412.226898193359 575.19482421875 546.580107688904 656.237586975098 598.023231506348 536.899635314941 626.532470703125 588.559448242188 672.737152099609 818.381156921387 688.239227294922 640.51375579834 655.256714820862 631.946098327637 719.936592102051 740.763187408447 696.541971206665 546.021381378174 432.823226928711 481.950958251953 473.697593688965 499.544830322266 572.865600347519 570.13534450531 593.41051864624 529.357147216797 347.725311279297 520.444919586182 642.403713226318 684.955490112305 604.470428466797
-9999 -9999 -9999 -9999 582.925264358521 581.114288330078 314.609634399414 346.792083740234 579.356483459473 678.478660583496 523.840103149414 642.636100769043 474.497970581055 573.71167755127 577.470905303955 642.145874023438 539.848384857178 536.007839202881 479.643203735352 473.862815856934 444.719741821289 663.106559753418 619.504219055176 1041.47044754028 813.767211914062 662.275756835938 577.08903503418 477.04443359375 656.757766723633 542.122802734375 687.368621826172 597.229419708252 674.696968078613 596.723094940186 597.51220703125 603.65735244751 484.11247253418 396.5361328125 437.962768554688 522.754119873047 510.121959686279 462.389190673828 605.815036773682 608.376609802246 520.366645812988 644.613182067871 528.882135391235 566.545362472534 564.575616836548 486.998733520508
-9999 -9999 -9999 1058.94590759277 501.534332275391 544.79341506958 372.414154052734 437.239700317383 754.198463439941 754.889106750488 788.3193359375 473.751434326172 392.573623657227 514.439224243164 479.761962890625 367.095626831055 793.78759765625 626.910329818726 496.73363494873 514.89387512207 494.445755004883 374.432762145996 941.450347900391 582.407699584961 635.677127838135 601.802887916565 612.028005599976 629.71865272522 562.519943237305 587.493473052979 531.775766849518 588.253639221191 667.032508850098 605.706519365311 622.167610168457 540.799427032471 537.068614959717 472.756439208984 469.746841430664 378.914047241211 473.083602905273 675.93489074707 581.566349029541 489.893030166626 542.784385681152 647.789993286133 556.606109619141 437.047813415527 461.855163574219 520.932067871094
-9999 -9999 622.027458190918 1039.80180358887 429.226312637329 429.385969161987 484.171478271484 383.607315063477 702.944622039795 868.532928466797 722.997344970703 492.834350585938 411.42268371582 555.916427612305 662.361434936523 541.215229034424 710.335990905762 610.140712738037 937.777240753174 480.550033569336 1179.08070755005 630.175401687622 470.921043395996 495.144004821777 541.56396484375 574.514945983887 464.138305187225 696.391777038574 487.957413673401 439.168365478516 548.226396560669 632.504167556763 578.42146396637 583.320087432861 499.330066680908 481.83931350708 524.363151073456 588.796569824219 454.502975463867 546.696975708008 490.067829847336 627.619766235352 596.495918273926 571.273651123047 567.048133850098 434.780982971191 474.651962280273 456.07649230957 424.28239440918 851.88842010498
-9999 -9999 765.879283905029 1134.59173965454 1208.48489379883 466.931834220886 632.11114692688 627.574653625488 745.215774536133 833.950378417969 643.192838668823 400.44091796875 518.756301879883 584.85334777832 652.395793914795 607.710956573486 667.798677444458 477.135848999023 707.323165893555 389.11247253418 530.957503795624 732.369277954102 450.944114685059 573.883712768555 533.735046386719 291.073348999023 457.068722724915 616.091751098633 410.648048400879 487.959028244019 371.513053894043 513.438680648804 557.995750427246 529.599987030029 434.831075668335 422.523429870605 522.320960998535 527.784578323364 523.006258010864 570.62744140625 495.992607116699 574.112205505371 474.374714851379 518.708959579468 560.968406677246 594.002502441406 550.803504943848 594.991485595703 436.327789306641 682.463439941406
-9999 724.207588195801 725.873856544495 648.745063781738 700.001777648926 688.898849487305 573.753471374512 749.825000762939 812.849922180176 846.199508666992 661.372701644897 566.614990234375 673.180048942566 637.425985336304 632.912414550781 699.78736114502 574.563584327698 489.374723434448 322.131927490234 396.591934204102 458.075103759766 515.567546844482 435.472026824951 569.262664794922 496.574184417725 539.144306182861 539.864219665527 370.088081359863 394.391204833984 481.801825523376 359.486793518066 557.877151489258 432.886869430542 524.101287841797 392.172492980957 488.168760299683 555.265625 536.489395141602 469.941612243652 444.068138122559 492.41617757082 631.291488647461 414.570816040039 339.453460693359 400.197647094727 579.333000183105 571.826293945312 584.215980529785 512.652810096741 469.588417053223
525.097923278809 472.876159667969 619.186858415604 702.566787719727 579.702682495117 646.158676147461 592.492396831512 659.114547729492 675.786869049072 644.352121353149 615.209949493408 778.442405700684 755.912261962891 597.952610731125 610.240734100342 487.949867248535 573.624744415283 617.791831970215 501.454890727997 375.800796508789 374.859878540039 446.643648147583 491.414619445801 565.491729736328 569.21728515625 480.018057823181 390.602745056152 457.497986793518 477.421125411987 434.574180603027 327.132263183594 509.653991699219 367.719436645508 507.265605926514 569.72966003418 682.98942565918 440.699950695038 518.589817047119 469.628341674805 486.089807510376 453.250054359436 487.286972045898 377.124114990234 393.453056335449 431.64617729187 703.549911499023 755.540710449219 827.641036987305 625.590721130371 560.870775222778
471.671142578125 470.641151428223 480.869621276855 625.666548728943 669.37882232666 682.076675415039 713.490356445312 682.591682434082 647.287947893143 618.3193359375 719.499949455261 618.687057495117 599.78964471817 364.803535461426 450.923736572266 448.367612838745 650.407066345215 534.444283485413 534.367198944092 483.735361099243 340.986373901367 395.183486938477 574.017272949219 529.02326965332 551.00260925293 487.437637329102 542.98388671875 588.819648742676 533.276412963867 394.175498962402 366.175712585449 440.996685028076 464.606514930725 442.63311958313 639.018203735352 568.279693603516 542.009567260742 494.219356536865 442.808507919312 361.41641998291 318.288589477539 458.922515869141 442.243339538574 488.513906002045 592.863021850586 529.419818878174 581.508033752441 672.514007568359 684.556030273438 680.244247436523
448.652145385742 510.514699459076 593.014892578125 566.634181976318 745.051818847656 761.325218200684 598.146236419678 441.864956855774 577.209579467773 723.686779022217 673.68236541748 667.166931152344 627.285827636719 514.383399963379 456.754535675049 659.868120193481 561.240943908691 555.640455245972 597.211250305176 487.052386283875 422.098030090332 496.966361999512 463.903818130493 529.416633605957 626.508850097656 387.921539306641 472.319246292114 477.700330734253 442.965124130249 475.153034210205 405.369277954102 465.122484207153 436.17797088623 408.426399230957 513.88969039917 547.82483291626 549.291389465332 410.713638305664 366.667434692383 323.273895263672 411.813400268555 492.849708557129 439.6198387146 413.530506134033 361.802291870117 477.699868619442 654.441192626953 586.484680175781 659.802169799805 638.12678527832
402.651359558105 526.045864105225 626.650329589844 707.368286132812 557.467296600342 666.64994430542 480.833156585693 671.803359985352 509.30345916748 611.846748352051 506.890895843506 500.768829345703 506.591716766357 487.84073638916 616.085922241211 582.170913696289 533.846389770508 552.610290527344 595.42456817627 418.380752563477 390.657402038574 449.079475402832 433.630472183228 448.40180015564 528.638832092285 515.13020324707 407.848365783691 499.101276397705 377.423854827881 486.473678588867 388.16325378418 333.856506347656 583.773498535156 540.165641784668 415.591583251953 461.640145301819 379.54606628418 410.12943649292 426.945337295532 322.612953186035 432.427928924561 551.661945343018 464.956400871277 443.788759231567 439.105634689331 473.761902809143 543.351844787598 400.086769104004 534.03369140625 643.377426147461
592.65259552002 682.178153991699 536.841342926025 710.027236938477 597.14280128479 685.795822143555 565.634952545166 805.849987030029 619.999610900879 712.74755859375 404.878574371338 582.827861785889 537.278218269348 514.490970611572 465.280464172363 436.840324401855 398.774871826172 465.068092346191 611.162132263184 522.913764953613 361.359848022461 254.98291015625 626.5205078125 479.976676940918 415.828365325928 281.886169433594 314.687019348145 493.048419952393 461.171831130981 520.8515625 399.539310455322 510.345153808594 434.794298171997 454.527361869812 398.55375289917 305.445388793945 424.199066162109 387.297370910645 330.145263671875 461.668382644653 332.460464477539 357.639476776123 365.782554626465 502.72492980957 535.401512145996 541.743522644043 530.775077819824 624.498977661133 572.54564666748 546.34602355957
608.202621459961 572.273635864258 372.763000488281 546.424919128418 610.437824249268 524.163181304932 664.341567993164 580.565277099609 690.671005249023 605.995994567871 399.822898864746 539.028762817383 434.145690917969 671.927207946777 456.672409057617 470.564144134521 453.934417724609 584.068244934082 505.709991455078 501.77010345459 472.32067489624 487.255584716797 487.97806930542 412.243007659912 366.051628112793 357.201499938965 342.924263000488 577.017127990723 474.65357208252 518.451789855957 463.391563415527 462.796020507812 442.040084838867 398.428863525391 404.380069732666 466.967399597168 349.439819335938 426.466842651367 442.534900665283 471.022054672241 361.074165344238 318.750350952148 399.812219619751 476.49232673645 556.300170898438 352.953826904297 455.641904354095 448.554797172546 497.782203674316 384.166381835938
678.712120056152 440.727390289307 425.094467163086 599.725597381592 488.200946807861 385.301807403564 534.652278900146 958.143257141113 972.378616333008 974.260772705078 629.361194610596 448.103630065918 454.131374359131 588.174861907959 615.379234313965 415.611000061035 331.821884155273 589.930137634277 390.594650268555 369.145179748535 413.132251739502 473.620830535889 480.6572265625 320.431114196777 414.485185623169 401.54126739502 376.500902175903 476.948112487793 508.459259033203 487.553554534912 466.578346252441 367.793502807617 419.006071090698 425.628037452698 377.205497741699 365.653968811035 250.827133178711 541.048431396484 445.157161712646 528.589393615723 483.713376998901 502.09440612793 365.925682067871 383.738967895508 402.894222259521 457.637439727783 579.286193847656 602.538650512695 435.371042251587 330.904296875
487.196730136871 423.875675201416 566.777022361755 795.122045993805 368.0563621521 404.002994537354 385.11759185791 546.398334503174 491.619422912598 552.606582641602 513.537544250488 566.864988327026 587.626327514648 497.334965229034 525.678070068359 564.257415771484 635.802490234375 524.923126220703 365.568992614746 287.714385986328 579.685111999512 431.328054428101 465.865114212036 352.969863891602 392.388076782227 377.85604095459 313.090156555176 511.94474029541 451.873229980469 462.970764160156 427.626878738403 478.027355194092 520.823387145996 556.13264465332 437.751933813095 408.846095085144 203.744049072266 541.052131652832 486.69411277771 473.860841751099 452.387202739716 556.246965408325 583.305618286133 418.356031417847 436.947872161865 359.520553588867 475.72020816803 574.525344848633 414.579044342041 327.765785217285
420.815063476562 665.031472206116 800.20728302002 813.868133544922 550.721389770508 276.446334838867 457.757478713989 559.493522644043 588.3064661026 689.727634429932 545.898286819458 459.56135559082 551.867748260498 488.530517578125 600.227607727051 544.051151275635 525.126571655273 475.192752838135 408.776935577393 606.815231323242 639.680160522461 428.000358581543 253.636154174805 344.795639038086 460.459369659424 467.808288574219 407.589486122131 508.214859008789 445.706043481827 458.278312683105 486.364067077637 418.734577655792 491.989646911621 434.077666386962 350.161628723145 305.516159057617 221.579299926758 354.451522827148 422.859708786011 425.694265365601 385.84708404541 421.235782623291 469.568028450012 376.748245239258 435.041532516479 385.86107635498 516.011425018311 361.834823608398 384.00407409668 380.07638168335
600.216514587402 641.25785446167 596.279541015625 708.942390441895 802.155776977539 352.404510498047 458.902439117432 591.764442443848 689.63468170166 1061.52310943604 500.980537414551 714.137603759766 445.690032958984 362.14794921875 588.407703399658 611.514617919922 475.054154396057 551.879440307617 454.274384498596 415.936080932617 567.285797119141 603.778121948242 353.787162780762 403.668731689453 343.962837219238 451.946427345276 414.811882972717 358.337879180908 442.848413467407 383.70018196106 403.3662109375 431.108955383301 434.140428543091 414.512487411499 396.830591201782 350.381061553955 446.49324131012 393.722686767578 389.963661193848 452.763551950455 379.356536865234 457.403427124023 364.833145141602 369.353073120117 365.290863037109 323.524436950684 294.398834228516 237.138244628906 285.463165283203 392.347459793091
909.896598815918 1015.44024658203 770.427669525146 907.058235168457 582.444236755371 343.974029541016 430.640686035156 623.867668151855 586.325578689575 575.878410339355 564.218433380127 645.886787414551 551.424962997437 461.417327880859 394.995590209961 616.616203308105 519.280342102051 469.552298545837 378.677848815918 444.739223718643 615.573867797852 630.075622558594 414.132751464844 435.921836853027 389.59042930603 514.562652587891 496.900291442871 347.661071777344 352.217041015625 284.027648925781 405.782089233398 403.887386322021 520.09041595459 442.861755371094 331.279205322266 398.294054031372 422.020109176636 450.515074729919 392.561283111572 519.526344299316 347.717041015625 615.116367340088 322.141891479492 236.687698364258 332.420219421387 277.637298583984 222.802841186523 345.057441711426 419.09203338623 232.905334472656
844.863845825195 1074.66128540039 837.999740600586 800.819139003754 426.073240280151 319.743911743164 360.563781738281 487.805006027222 618.929693222046 581.091529846191 704.905967712402 621.240516662598 536.922424316406 421.139701843262 348.961227416992 526.615356445312 506.555370330811 554.602874755859 384.184577941895 382.411396026611 535.067115783691 489.441967010498 569.119003295898 425.447088241577 472.530494689941 374.493675231934 371.730289459229 305.659767150879 475.422622680664 332.002502441406 542.450897216797 494.817501068115 478.923057556152 363.145004272461 420.39543056488 341.914680480957 373.198295593262 308.468215942383 373.637680053711 363.419898986816 405.402030944824 528.624681472778 263.799697875977 363.920398712158 295.714248657227 211.668792724609 273.14079284668 404.456024169922 324.898414611816 366.820083618164
