simdem/realisation40.asc
NCOLS 350 
NROWS 171 
XLLCORNER 152620 
YLLCORNER 418050 
CELLSIZE 100 
NODATA_value -9999 
[rows 44 to 65 of 171, columns 150 to 199 of 350]
524.38228225708 615.514518737793 545.371431112289 532.359800338745 471.187271118164 476.08366394043 485.465368270874 554.220699310303 657.134422302246 616.441307067871 647.938461303711 634.0719871521 604.562068939209 555.408541202545 598.326441764832 601.977699279785 612.499176025391 626.546653747559 561.53201675415 556.862415313721 493.541185379028 561.377033233643 590.367832183838 572.835464477539 557.117358207703 763.389907836914 594.313182830811 509.536170959473 596.317363739014 472.608535766602 652.37623500824 572.415390014648 479.193862915039 579.83659362793 751.787582397461 722.133186340332 662.370993614197 714.760294914246 606.141571044922 424.913314819336 365.442581176758 465.214370727539 554.25549697876 765.389755249023 826.135783672333 609.624454498291 555.618469238281 587.656608581543 1074.64501953125 1127.57118988037
501.305690765381 665.217376708984 615.415786743164 435.355129241943 530.013362884521 625.063377380371 638.015243530273 505.633636474609 539.59043815732 578.912134170532 474.249084472656 536.778923034668 514.411808013916 640.861511230469 669.064338684082 555.338421583176 533.746124267578 514.231252670288 601.430324554443 659.284805297852 665.483612060547 575.985233306885 517.731634140015 483.622852325439 633.945083618164 671.839195251465 622.091194152832 435.499084472656 534.943445205688 510.851890563965 528.377967834473 469.990531921387 445.622947692871 543.37712097168 795.077667236328 676.386819839478 627.525536298752 523.22632598877 371.809875488281 456.814086914062 337.589141845703 455.50471496582 546.409839630127 584.577920913696 648.535247802734 400.631378173828 608.209617614746 651.488059997559 743.118553161621 969.208587646484
481.979110717773 436.784706115723 584.289764404297 406.453033447266 449.499313354492 428.259101867676 578.087661743164 554.343799591064 691.574569702148 750.872451782227 541.637233734131 435.322540283203 449.477012634277 593.96284866333 618.778366088867 455.189224243164 521.470708847046 543.037221908569 551.770021438599 559.259471893311 539.484162330627 464.332473754883 374.958602905273 593.931209564209 644.315078735352 525.144104003906 467.813873291016 533.110634803772 615.119716644287 395.053436279297 497.949432373047 577.443656921387 727.656951904297 783.210342407227 590.19288611412 573.151934862137 579.25207901001 400.964767456055 504.398956298828 617.998732566833 538.411947250366 433.629287719727 509.105476379395 575.776821136475 684.487548828125 656.483371734619 547.801570892334 629.70711517334 656.302360534668 693.989845275879
425.904731750488 428.917007446289 480.306846618652 359.135833740234 618.511650085449 576.709953308105 465.941497802734 628.85026550293 678.994354248047 623.375190734863 566.981107711792 521.783779144287 494.173980712891 525.982074737549 502.95955657959 548.786285877228 654.059669494629 445.346145629883 427.25040435791 538.88960647583 444.975212097168 404.072738647461 459.210571289062 553.895978927612 601.71337890625 539.716916799545 643.24951171875 642.504997253418 712.341552734375 495.217540740967 600.937572479248 638.397720336914 638.378311157227 634.157501220703 553.124858856201 539.479575157166 626.38249206543 629.720702171326 615.982527732849 541.304172515869 567.757932782173 475.620063781738 495.489700317383 528.627922058105 585.147844314575 669.09574508667 815.807800292969 669.461921691895 703.411720275879 564.230949401855
336.471130371094 357.3994140625 420.057838439941 404.687088012695 548.06854724884 454.117813110352 530.948031902313 463.085517883301 671.092208862305 701.374435424805 576.984971523285 549.626321792603 565.389103889465 536.932666778564 665.434759140015 582.974075317383 465.354553222656 487.622596740723 468.232955932617 501.01008605957 399.739471435547 507.652519226074 444.236785888672 591.774641036987 541.721876144409 669.132415771484 704.616088867188 679.856079101562 602.235527038574 516.828096389771 681.134262084961 518.803359985352 441.419219970703 554.91750960052 651.887725830078 530.647337913513 502.453125 593.077625274658 439.077545166016 565.154784679413 641.921836853027 438.594329833984 539.23511505127 521.603816986084 549.864061355591 700.555160522461 769.67733001709 724.794357299805 679.583000183105 681.125602722168
350.762145996094 345.16569519043 516.843605995178 541.440795898438 549.816340446472 544.827127456665 458.620780944824 352.915679931641 526.486503601074 751.804016113281 697.620574951172 561.469094276428 578.20844244957 644.243377685547 692.897773742676 632.216728210449 628.432453155518 719.842796325684 743.675489425659 491.278526306152 497.51025390625 551.945365905762 643.339945793152 631.639362335205 349.929412841797 455.372398376465 490.46395111084 571.382870674133 732.723037719727 630.646438598633 579.489452362061 511.785943984985 489.653415679932 559.208818435669 485.392623901367 591.071235656738 478.979274749756 566.929389953613 472.605278015137 655.516555786133 469.278373718262 439.595817565918 506.474040985107 489.995555877686 434.197937011719 566.753639698029 703.654121398926 593.9299223423 702.246292114258 696.054580688477
317.989776611328 381.090850830078 435.839836120605 467.551391601562 538.210432052612 494.166801452637 417.632781982422 330.470993041992 503.873512268066 690.115631103516 722.191696166992 623.629413604736 518.74292755127 593.438940048218 666.043144226074 631.181898117065 651.052951812744 688.420318603516 666.072559356689 565.727781295776 591.752010345459 660.123001098633 832.946166992188 607.488014221191 564.508529663086 589.130086898804 553.305553436279 558.90181851387 675.066215515137 667.123107910156 600.938346862793 531.770593643188 504.74825668335 503.598289489746 445.85424041748 354.960021972656 628.155303955078 554.581362724304 719.591018676758 618.010181427002 557.225727304816 629.749496459961 521.985855102539 386.735153198242 561.195209503174 611.184295654297 589.200766563416 619.626773834229 768.434478759766 617.46607208252
545.778211593628 532.788530051708 506.02635383606 528.092109680176 512.300340652466 556.88869702816 415.835906982422 431.940498352051 487.536853790283 622.976894378662 609.942247390747 630.431419372559 685.624740600586 579.798371970654 623.710851669312 695.812705993652 484.676372528076 526.048023223877 497.015838623047 749.912662506104 470.439270019531 541.593299865723 637.317650794983 643.025093078613 667.558145046234 846.53279876709 573.147705078125 693.533164978027 669.73055267334 643.493209838867 647.939933776855 535.93571805954 539.7658213377 635.618957519531 490.567558288574 568.689870834351 533.097496449947 580.588684082031 691.504051208496 574.849619865417 388.590911865234 520.705760955811 544.574337005615 482.784156799316 500.059867858887 691.811515808105 620.885475158691 751.304214477539 655.214561462402 556.901824951172
541.006902694702 615.248504638672 562.810694694519 517.81063079834 439.377685546875 482.640586853027 409.587478637695 455.770927429199 497.176296234131 652.769607543945 622.512031555176 577.214260101318 538.441524505615 603.625001907349 484.259994506836 693.095497131348 708.328079223633 506.474273681641 541.020526885986 699.782423019409 705.159217834473 576.562591552734 570.825674057007 453.722366333008 486.64965057373 663.450450897217 656.117179870605 658.035963058472 716.163208007812 606.059816360474 514.013786315918 546.052560806274 593.840618133545 723.962921142578 644.573181152344 527.438179016113 557.708132743835 687.503387451172 616.147888183594 607.301679611206 581.130659103394 641.344360351562 387.889419555664 461.280860900879 393.52751159668 656.173271179199 530.125797271729 510.591674804688 627.681835174561 649.222152709961
655.088439941406 557.678020477295 612.040657043457 498.773143768311 354.770584106445 459.869987487793 439.810897827148 605.903903961182 585.962593078613 644.744445800781 663.014183044434 593.96658706665 619.728240966797 572.653326511383 440.770851135254 599.60737991333 687.214019775391 584.009057998657 647.889927864075 506.63175201416 529.835494995117 534.656867980957 488.990211486816 587.933737277985 693.432876586914 702.987640380859 439.555068969727 427.119537353516 709.788757324219 628.154148101807 429.661163330078 438.542556762695 433.892196655273 623.224849700928 605.301872253418 666.668914794922 507.819221496582 546.794313430786 543.063219070435 662.167449951172 652.08464050293 644.229339599609 625.713195800781 526.308982849121 526.659729003906 533.015731811523 411.144866943359 553.329349517822 659.556953430176 606.4778175354
523.672264099121 514.258640289307 572.416118621826 485.859474182129 456.564605712891 539.42183303833 566.416595458984 614.70972442627 583.528104782104 506.004165649414 449.081260681152 613.758110046387 615.347709655762 556.561920166016 619.849979400635 464.48624420166 544.309009552002 654.75553894043 568.091890335083 529.09460067749 572.938480377197 638.109718322754 621.480381011963 661.916633605957 640.268251419067 657.49773979187 505.238098144531 499.322311401367 562.448780059814 640.389125823975 459.577087402344 441.39990234375 457.644500732422 569.252507209778 568.006419658661 514.484191894531 621.370719909668 701.645561218262 569.355541229248 625.665534973145 516.261894226074 480.410133361816 603.639911174774 588.225674271584 665.686729431152 640.694650650024 611.83393239975 486.046379089355 645.220056533813 487.57054901123
426.572280883789 502.545166015625 581.902225494385 675.728988647461 590.341114044189 510.394081115723 490.125865936279 397.228637695312 568.786041259766 523.690082550049 565.396602630615 578.125550270081 399.962890625 489.906211853027 660.274482727051 636.628040313721 556.414707183838 554.529243469238 514.114597320557 490.60440826416 632.499660491943 620.40062713623 693.57788848877 739.641143798828 617.330850601196 707.457660675049 639.585395812988 628.822872161865 531.618293762207 518.879028320312 577.596496105194 513.45662689209 579.52578496933 533.446781158447 525.502311706543 556.188648223877 479.738494873047 645.121204376221 601.639796257019 470.190696716309 593.236189842224 603.670150518417 680.995582580566 612.534502267838 664.036911010742 653.591644287109 592.051858901978 485.587181091309 575.232309341431 603.334526062012
567.329326629639 484.936847686768 520.517345428467 528.562387466431 531.08797454834 488.575092315674 469.554893493652 580.190130710602 563.81192111969 546.473562240601 705.037933349609 469.677192687988 529.764919281006 481.450965881348 565.560254335403 566.68404006958 535.201709747314 576.598908424377 595.168556690216 542.516304016113 759.435256958008 766.169311523438 653.808898925781 773.190589904785 698.216987609863 602.720540046692 699.721527099609 594.277866363525 597.749973297119 558.706142425537 549.168739318848 546.411033630371 555.664232254028 608.823894500732 707.304489135742 557.6471118927 500.184532165527 651.700283050537 751.408172607422 673.1181640625 509.849647521973 502.575035095215 722.399932861328 754.436531066895 694.738945007324 678.993362426758 577.582633972168 506.487213134766 527.63224029541 520.231674194336
639.142440795898 466.243141174316 454.112968444824 422.256164550781 529.133575439453 484.467761993408 591.28946852684 466.254203796387 557.869437217712 704.355682373047 662.30623626709 650.462600708008 680.031745910645 697.414047241211 497.271682739258 522.277912139893 552.627910614014 598.250510215759 712.724609375 703.832527160645 812.869888305664 844.015808105469 585.998427629471 672.571708679199 674.329864501953 652.783882141113 706.268936157227 799.887908935547 533.365127563477 696.514476776123 603.301090240479 748.163379669189 669.282272338867 680.611175537109 546.829784393311 584.470272541046 513.226097106934 655.355560302734 545.544246673584 595.470804691315 658.763061523438 455.863571166992 557.442894935608 737.363388061523 681.400268554688 676.36644744873 561.86669921875 534.526420593262 555.250175476074 605.087166786194
636.052513122559 484.799102783203 442.429641723633 503.250099182129 516.219123840332 556.479860305786 509.298160552979 711.135864257812 660.687080383301 728.8505859375 629.972259521484 548.205043792725 641.485359191895 660.49055480957 557.200730323792 558.586601257324 511.363372802734 584.605149388313 517.941467285156 644.449115753174 833.963836669922 678.345726013184 486.497039794922 560.580835342407 557.441576004028 684.357376098633 737.692100524902 743.714218139648 624.705251693726 719.329923629761 579.026248931885 636.468204140663 685.64358997345 769.581535339355 733.929152727127 667.394908905029 677.675750732422 531.882835388184 563.020084381104 583.474395751953 639.47963142395 621.176396369934 661.530055999756 707.641380310059 735.53116607666 644.805002212524 588.237432479858 568.641372680664 504.436737060547 525.629066467285
577.865112304688 537.035846710205 493.009223937988 600.325717926025 557.151775360107 507.734199523926 500.321304321289 587.326705932617 476.788276672363 583.425948619843 639.449752807617 611.163139343262 550.841171264648 609.455505371094 395.309478759766 492.278831481934 526.534938812256 582.966778755188 571.504078537226 675.00471496582 697.150382995605 652.69295501709 658.140777587891 585.686571121216 592.910581588745 544.271545410156 668.263580322266 544.938491821289 753.686248779297 696.422080993652 558.681304931641 585.698539733887 632.95482635498 693.704015731812 601.603103637695 528.314239501953 704.366687774658 479.61051940918 486.85334777832 561.167858123779 644.821228027344 522.480697631836 679.4983253479 639.357271194458 615.245185852051 672.16255569458 759.656280517578 590.448692321777 455.752586364746 414.418151855469
490.874099731445 575.310131072998 513.90943145752 639.230911254883 628.04833984375 707.76416015625 647.036422729492 592.57183265686 587.292037963867 562.93713259697 545.515650749207 527.894969940186 393.835494995117 571.056603431702 638.468490600586 449.966613769531 545.184133529663 631.873146057129 526.914226531982 553.754287719727 571.063523292542 684.267967224121 529.291324615479 669.547103881836 607.205892562866 620.564303398132 583.19645690918 590.602041244507 627.061498641968 557.263366699219 536.057342529297 632.250519752502 719.253772735596 656.156703948975 755.980857849121 704.452625274658 620.615843772888 525.380554199219 612.680715560913 692.295547485352 653.465770721436 808.2978515625 683.59196472168 727.677490234375 654.587934494019 709.00426864624 672.983654022217 649.683164596558 552.995750427246 594.05167388916
594.493282318115 567.311744689941 469.387954711914 463.699256896973 587.338417053223 772.324142456055 704.96858215332 611.420635223389 555.616888999939 438.989868164062 626.945960998535 732.138961791992 528.649230957031 389.95002746582 407.65869140625 473.331321716309 396.801498413086 436.170562744141 486.100654602051 532.948280334473 543.444904327393 445.078948974609 512.227874755859 698.960464477539 592.758861541748 514.809364318848 624.692428588867 624.618349075317 654.333030700684 400.002655029297 494.468505859375 595.290748596191 578.594734191895 631.357516288757 627.21773481369 648.350654602051 510.92919921875 674.013488769531 776.462646484375 556.864799499512 541.318809509277 480.29426574707 562.026107788086 950.000328063965 791.237670898438 622.846256256104 588.698699951172 598.583787918091 642.866836547852 570.110664367676
596.254550933838 635.4638671875 542.084079742432 517.432022094727 593.844360351562 794.333679199219 697.648406982422 504.499675750732 587.714652061462 582.414758682251 461.467575073242 505.478103637695 435.79451751709 410.409652709961 471.198402404785 522.576881408691 519.051107406616 530.078022956848 526.627328872681 580.746823310852 433.392211914062 486.830863952637 404.456359863281 498.165863037109 494.647018432617 482.063629150391 634.010814547539 649.815868377686 685.126426696777 521.534996032715 593.478713989258 626.475730895996 505.984634399414 707.776332855225 763.24373626709 593.346923828125 447.474800109863 600.678601264954 576.096004486084 748.660034179688 545.050727844238 549.942558288574 672.36198425293 828.173782348633 793.108934402466 565.966812133789 646.64546585083 679.180778503418 601.319622039795 659.381238222122
557.760290145874 646.15550994873 510.94743347168 444.179267883301 651.387939453125 504.625316619873 539.685340881348 514.974235534668 635.218265533447 572.907833099365 528.983715057373 518.356201171875 508.413711547852 542.624319076538 521.198749542236 636.572875976562 569.066944122314 627.284103393555 509.082355499268 579.140546798706 543.403789520264 543.001956939697 451.455871582031 412.203125 500.978370666504 650.062235355377 562.639961242676 602.475317001343 671.87419128418 566.245780944824 630.323978424072 555.701122283936 506.06649017334 552.380046844482 642.560710906982 670.313961029053 568.315567016602 654.552406311035 615.399027824402 480.383285522461 631.426898479462 696.484287261963 584.832542419434 622.057763576508 652.515956878662 679.370265960693 505.741058349609 686.274749755859 568.278457641602 395.174362182617
519.417263031006 567.703438043594 527.541124343872 559.500519752502 517.695489883423 508.753650665283 391.875045776367 443.396636962891 640.349010467529 636.557552337646 540.72279548645 614.965885162354 537.031379699707 580.73025894165 617.323364257812 671.32462310791 515.115724563599 463.635246276855 553.485197067261 547.684219360352 518.932193756104 516.281448364258 489.859970092773 641.89656829834 649.708114624023 556.667001724243 551.514266967773 550.122398376465 528.246170043945 591.511597633362 555.520011901855 684.163505554199 582.367279052734 502.440811157227 560.820392608643 528.066390991211 497.105400085449 465.293090820312 651.024669647217 673.869853973389 520.499992370605 654.89186668396 643.498605728149 591.534004211426 615.849187850952 615.670463323593 523.605781555176 614.974159240723 797.778594970703 594.499706268311
525.369582176208 625.422073364258 718.644470214844 631.284484863281 515.689182281494 532.451436042786 571.290065765381 564.311370849609 569.231344223022 463.70654296875 497.74291229248 598.632630348206 628.890312194824 464.818496704102 593.287973403931 540.156141281128 486.761383056641 415.322738647461 335.626373291016 506.531749725342 525.877502441406 583.243981361389 611.967872619629 662.504013061523 629.825374603271 571.428709030151 670.559814453125 737.181091308594 638.106437683105 494.463241577148 616.594427108765 615.025924682617 610.530032157898 636.448959350586 744.220062255859 478.144226074219 467.195053100586 611.403994083405 527.993537902832 462.175918579102 648.816563606262 717.305679321289 705.331062316895 609.720348149538 606.415035247803 652.751502990723 726.101181030273 687.631195068359 646.781442642212 698.456401824951
