simdem/realisation49.asc
NCOLS 350 
NROWS 171 
XLLCORNER 152620 
YLLCORNER 418050 
CELLSIZE 100 
NODATA_value -9999 
[rows 0 to 21 of 171, columns 150 to 199 of 350]
633.903213500977 590.252967834473 849.533905029297 -9999 -9999 -9999 -9999 -9999 -9999 -9999 -9999 -9999 -9999 -9999 -9999 -9999 -9999 -9999 -9999 -9999 -9999 -9999 -9999 -9999 -9999 -9999 -9999 -9999 -9999 -9999 -9999 -9999 -9999 -9999 -9999 -9999 -9999 -9999 -9999 -9999 -9999 -9999 -9999 -9999 -9999 -9999 -9999 -9999 -9999 -9999
611.621674537659 720.057361602783 912.253402709961 761.309725761414 708.092395782471 467.731460571289 551.299324035645 -9999 -9999 -9999 -9999 -9999 -9999 -9999 -9999 -9999 -9999 -9999 -9999 -9999 -9999 -9999 -9999 -9999 -9999 -9999 -9999 -9999 -9999 -9999 -9999 -9999 -9999 -9999 -9999 -9999 -9999 -9999 -9999 -9999 -9999 -9999 -9999 -9999 -9999 -9999 -9999 -9999 -9999 -9999
564.329887390137 563.615282058716 691.257434844971 697.427980422974 649.398859024048 581.366149902344 550.47469329834 488.877487182617 805.784605026245 808.704544067383 815.571290969849 892.737907409668 961.774475097656 875.516670227051 -9999 -9999 -9999 -9999 -9999 -9999 -9999 -9999 -9999 -9999 -9999 -9999 -9999 -9999 -9999 -9999 -9999 -9999 -9999 -9999 -9999 -9999 -9999 -9999 -9999 -9999 -9999 -9999 -9999 -9999 -9999 -9999 -9999 -9999 -9999 -9999
614.956809997559 639.640144348145 682.166226387024 746.571563720703 669.973274111748 629.373001098633 577.210456848145 953.764810085297 932.501602172852 969.380664825439 830.019603729248 796.109328269958 811.005836486816 706.626903533936 486.646827697754 588.195678710938 821.158499717712 882.756351470947 913.287258148193 949.291687011719 775.428924560547 866.677724838257 846.36167049408 884.019348144531 718.495811462402 727.040962219238 706.484855651855 502.407562255859 666.910533905029 635.14111328125 818.450849533081 820.451438903809 874.783426389098 794.872024536133 975.333084106445 -9999 -9999 -9999 -9999 -9999 -9999 -9999 -9999 -9999 -9999 -9999 -9999 -9999 -9999 -9999
1064.59859275818 692.258639335632 773.448509216309 906.355048179626 981.069068908691 929.726226806641 826.42497253418 930.996440887451 957.247499465942 880.994812011719 1047.70712661743 779.617149353027 746.815715789795 694.390419006348 538.421304702759 528.050249099731 733.446994781494 968.395431518555 838.989860534668 789.649871826172 902.859497070312 916.605186462402 887.800313949585 728.897724151611 694.98462677002 801.264561653137 608.249710083008 689.175392150879 707.955128192902 818.35856628418 758.080284118652 830.79557800293 734.28271484375 640.043640136719 700.281452655792 654.669830322266 671.971866607666 566.737976074219 768.57559967041 918.335227966309 496.781066894531 607.922206878662 620.780654907227 443.730392456055 663.952713012695 568.401077270508 694.345542907715 591.361221313477 690.387069702148 876.170714855194
1029.69725036621 614.615684509277 782.192276000977 1057.10554122925 1156.58618354797 1193.9906463623 985.184555053711 877.915718078613 982.283103942871 845.426727294922 956.224853515625 665.262320041656 678.947599411011 423.696800231934 700.631240844727 493.937900543213 670.817852020264 712.82103729248 772.908545166254 550.509887695312 741.607336044312 713.785882949829 768.765872001648 581.905654907227 454.849624633789 545.320388793945 649.419974327087 698.543464660645 519.188377380371 670.115501403809 600.23796081543 749.638916015625 747.387306213379 832.04280090332 764.119434356689 706.007568120956 833.461624145508 814.905113220215 866.431827068329 861.4626121521 831.830210208893 422.673751831055 594.589630126953 547.698974609375 562.480644226074 589.829376220703 734.493057250977 630.281034469604 693.844749450684 795.731435775757
1279.77944946289 1204.60781097412 942.11743927002 860.387060165405 855.204177856445 836.3017578125 976.905818939209 871.546691894531 967.858474731445 943.702865600586 1113.03685951233 605.195724487305 522.175354003906 398.91251373291 743.814409255981 848.358932495117 661.054840087891 729.895502090454 700.589797973633 679.954223632812 796.263450622559 684.561431884766 662.187965393066 534.55940246582 633.494033813477 724.921192169189 661.130283355713 677.240459442139 613.190412521362 736.58321762085 659.617874145508 629.350830078125 603.210090637207 653.302299499512 733.450580596924 882.753787994385 927.137229919434 780.824111938477 809.360855102539 797.598487854004 892.893299102783 809.725046157837 639.889230728149 592.319175720215 795.40461730957 798.849304199219 662.675479650497 755.480125427246 703.427719593048 834.290252685547
1127.51902008057 801.960450172424 734.585559844971 761.746310591698 922.235710144043 950.413597106934 755.437744140625 790.368423461914 913.064270019531 907.172805786133 837.934280395508 721.45414352417 797.728639125824 682.459182739258 906.065093994141 979.115036010742 758.847103118896 736.045440673828 678.163269042969 760.510472774506 914.34937286377 843.95964050293 707.95671081543 779.207345753908 690.488567352295 548.089782714844 646.206686019897 746.378204345703 617.831890106201 759.839881896973 743.878893852234 682.002185821533 622.823127746582 718.613403320312 742.714824676514 759.67892074585 920.77108001709 844.350587844849 741.306838989258 798.199447631836 915.428779602051 879.39697265625 711.100967407227 889.236804962158 966.545074462891 932.804122924805 911.377012252808 781.025737762451 730.313305616379 737.637805938721
730.158843994141 682.278522491455 543.313415527344 697.755165100098 895.247108459473 643.887741088867 868.531478881836 807.552215576172 850.139358520508 874.861083984375 652.092803955078 791.820338249207 686.926501274109 772.598899841309 944.272903442383 762.159973144531 955.772415161133 790.500814437866 746.335220336914 864.557293176651 1048.83654212952 1043.46765136719 825.118797302246 889.768648147583 630.186904907227 727.351837158203 709.794845581055 802.774152755737 743.200151443481 757.55061340332 868.065256118774 737.606018066406 851.073448181152 940.416076660156 769.040979385376 910.49402141571 952.427988052368 738.324234008789 853.12907409668 827.301010131836 913.61255645752 838.191232681274 750.381072998047 759.401145935059 847.05504989624 934.934810638428 759.812103271484 682.44709777832 806.739265441895 772.862809181213
752.534858703613 696.746204376221 723.672443389893 655.550752639771 627.989994049072 663.743270874023 455.20866394043 523.037017822266 511.319076538086 577.231857299805 527.989898681641 736.186098098755 614.114646911621 647.097465515137 956.845222473145 1161.19557189941 1137.8570098877 755.534242630005 929.072769165039 809.234359741211 1145.03667449951 1010.22873687744 1203.38460350037 1281.16611909866 779.680446624756 700.124801635742 675.33309173584 906.03401184082 826.839019775391 613.414695739746 857.996343612671 846.76397895813 951.505828857422 914.745407104492 774.93613243103 905.990163803101 831.604804992676 840.082969665527 766.719787597656 888.525619506836 780.887519836426 695.217468261719 814.562511444092 789.324062347412 1040.77110290527 1015.05197525024 1070.48058319092 915.28161239624 881.334156036377 809.691913604736
692.019658923149 713.412526130676 866.246780395508 703.743265151978 585.390922546387 414.930236816406 491.089797973633 475.752090454102 542.832733154297 476.581588745117 536.325958251953 630.026298522949 572.263751983643 752.446674585342 763.252296447754 1110.09679031372 1047.20240783691 665.524917602539 1135.89796447754 665.011917114258 1017.36486816406 941.625839233398 795.313443660736 1102.22076416016 964.604776382446 1121.30120682716 588.65990447998 669.989501953125 682.510307312012 603.256839752197 837.556266784668 834.490386962891 613.327926635742 585.373779773712 711.723442077637 886.675331115723 922.318641662598 748.548683166504 773.134124755859 711.149200439453 514.235107421875 535.454330444336 779.023414611816 925.203968048096 752.4748878479 1220.64052867889 1155.43826293945 1447.75564575195 1398.40938568115 984.080200195312
663.48281288147 778.720718383789 903.260681152344 705.94181060791 695.455821990967 475.740310668945 437.312927246094 508.87459564209 669.513454437256 462.448669433594 347.827423095703 457.739883422852 479.365036010742 988.908061981201 995.132385253906 804.975147247314 807.473183631897 787.317699432373 851.735221862793 588.566513061523 462.617340087891 1021.74108886719 733.83683013916 885.17414855957 906.788227081299 806.878280639648 1342.77883148193 1269.81314849854 1187.5583114624 1232.31056499481 1274.40058135986 922.052551269531 779.411567687988 455.53002166748 511.529991149902 771.54369354248 891.136184692383 592.160774230957 509.640525817871 581.329597473145 814.419122695923 698.857002258301 807.312873840332 663.371501922607 724.204509735107 698.881532669067 820.859424591064 795.053102970123 1101.33634567261 945.990592956543
514.599166870117 388.863250732422 668.486642122269 668.811145782471 797.747024536133 800.068019866943 631.359186172485 353.751892089844 546.267913818359 498.785522460938 624.28385925293 518.503524780273 1250.07223892212 744.171676635742 865.567810058594 841.454574584961 669.489978790283 769.847007751465 991.388145446777 688.213760375977 574.029663085938 913.749557495117 561.860504150391 861.391798257828 771.00008392334 740.556121826172 1037.48393249512 1372.2580909729 752.827938079834 939.405387878418 1170.26207733154 869.71404838562 749.391555786133 655.531904220581 779.633087158203 986.753112792969 940.225021362305 695.545156478882 734.930879592896 714.763700485229 904.488357543945 983.872955322266 769.610828399658 719.373947143555 734.436767578125 583.107040405273 698.398109436035 739.242351531982 669.189826965332 871.992710113525
430.815231323242 559.606719970703 513.430198669434 1226.03978729248 914.96964263916 1072.93422317505 904.329048156738 645.55989074707 541.593109130859 625.178726196289 657.826454162598 704.153644561768 669.843912124634 563.857810974121 885.003978729248 716.388000488281 891.057769775391 551.482887268066 883.097702026367 802.717674255371 799.572763442993 713.03450012207 922.574279785156 742.308135986328 907.370010375977 826.737533569336 838.472694396973 650.023849487305 809.912528991699 659.167709350586 1008.26379394531 642.632316589355 583.530910491943 561.01139831543 553.86164855957 817.597524642944 822.965799331665 817.68155670166 634.425537109375 655.744499206543 716.605663061142 728.103052139282 715.934852600098 647.472526550293 693.111198425293 618.382331848145 747.104667663574 622.605072021484 788.110122680664 785.971168518066
1069.06365966797 521.776817321777 551.287693023682 698.398963928223 557.353454589844 490.008804321289 688.632229804993 527.911880493164 645.234712600708 789.204021453857 689.14019203186 586.615020751953 650.576690673828 544.625854492188 1015.12028503418 653.1568775177 654.247909545898 682.632026672363 794.123580932617 763.264116287231 781.305930137634 703.045227050781 813.010467529297 721.852722167969 597.971939086914 690.640296936035 898.093872070312 952.0814037323 625.429290771484 430.145538330078 521.90966796875 683.585357666016 1102.70213317871 715.630310058594 730.052719116211 635.528717041016 795.538036346436 853.47998046875 507.609268188477 618.575435638428 664.383068084717 871.462547302246 796.119897842407 686.69282245636 592.323268890381 639.000202178955 660.238960266113 541.662879943848 950.135146141052 678.681838989258
534.019565582275 434.555740356445 476.105484008789 573.922313690186 514.134536743164 476.822952270508 610.090240478516 594.427665710449 759.719825744629 725.600433349609 625.415016174316 590.938913345337 723.390375137329 1184.18970870972 570.304321289062 874.468528747559 809.833229064941 835.286010742188 872.208225250244 1318.08062362671 1178.39387512207 884.2421875 1336.8277015686 802.072498321533 892.048981666565 701.976684570312 979.954948425293 993.842698097229 829.329620361328 647.102325439453 605.58854675293 648.650054931641 814.484437346458 730.141654014587 691.371036529541 742.015777587891 752.120826721191 812.72700881958 858.534790039062 607.670753479004 565.96280670166 624.643981933594 667.844614028931 597.556304931641 662.455588459969 742.165641784668 702.485540390015 583.444175720215 710.002277374268 631.917900085449
583.560428619385 641.639095306396 605.788465023041 514.599182128906 581.677505493164 478.796081542969 476.26513671875 627.004177093506 898.667602539062 760.659759521484 759.117980957031 738.663284301758 1632.30885314941 1486.61919784546 697.984466552734 596.035308837891 579.531555175781 726.870532989502 725.678206443787 762.128799438477 1206.79092407227 586.38875579834 782.644561767578 709.990846633911 807.497043609619 741.133857727051 1887.60305786133 1101.51192569733 824.812271118164 547.245986938477 904.769233703613 656.959594726562 667.548759460449 1205.47727966309 650.799545288086 777.828907012939 848.059043884277 1088.0888376236 1295.03917312622 502.531402587891 548.541885375977 720.141605377197 707.671185731888 775.833411216736 1148.17073440552 797.485794067383 806.99963760376 687.63480758667 734.810531616211 679.344169616699
753.859039306641 761.219360351562 638.09913444519 511.595085144043 499.871459960938 663.276374816895 617.209402084351 527.158660888672 701.843338012695 722.63049697876 733.014122009277 804.867538452148 736.696929931641 674.177968025208 457.035614013672 711.536590576172 638.484527587891 659.438297271729 535.497085571289 648.001041412354 794.584991455078 730.184277534485 710.248962402344 711.712127685547 756.546836853027 992.246612548828 725.596839904785 828.390508651733 790.621118545532 853.417335510254 641.160247802734 869.727890014648 975.445323944092 733.106781005859 981.939004898071 780.138618469238 743.888031005859 693.263911962509 752.240966796875 786.23836517334 660.352851867676 722.73805141449 785.167163848877 662.772476196289 743.577548980713 522.600311279297 594.130500793457 793.841430664062 1199.21395874023 697.964889526367
665.484828948975 544.545280456543 616.350957155228 515.085052490234 628.616606712341 555.315689086914 856.906463623047 750.779296875 561.813415527344 571.019645690918 618.690355300903 702.918270111084 777.393707275391 772.633449554443 570.803649902344 1075.80662155151 1148.98222351074 1088.45483398438 755.884300231934 772.513191223145 690.325031280518 645.895172119141 1021.67253112793 499.293563842773 897.498474121094 642.519195556641 724.185262680054 843.233722686768 641.620742797852 846.738704681396 759.454250335693 747.729839324951 708.192268371582 801.160606384277 679.528465270996 1407.89370155334 693.336245536804 781.008308410645 756.263107299805 1191.78271484375 685.17723107338 843.694351196289 927.202787399292 1021.30046367645 1084.10511779785 1062.70932006836 671.932846069336 631.892086029053 604.865352630615 595.531339645386
544.534980773926 584.255338668823 674.65584564209 601.287642478943 468.448883056641 516.339019775391 581.377365112305 435.050216674805 609.570938110352 555.520622253418 727.926406860352 583.869445800781 600.861804962158 648.442485809326 602.489028930664 645.395012378693 565.569797515869 715.018185138702 599.965995788574 548.323425292969 727.687484741211 757.88745880127 757.10620880127 878.415843963623 938.704586446285 705.255920410156 819.629661560059 955.868766784668 836.079307556152 780.06432723999 647.175338745117 721.115516662598 830.077430725098 741.45393371582 786.736248970032 810.877317428589 701.662948608398 747.484733581543 798.019943237305 726.068775177002 683.451133728027 727.461402893066 971.988204956055 666.397216796875 550.196792602539 635.891052246094 667.551345825195 677.555765151978 687.92950630188 515.656837463379
525.87850189209 505.164260864258 592.79859161377 513.581123352051 430.323532104492 588.245250701904 619.827178955078 503.614349365234 1309.31597328186 571.505477905273 489.872833251953 632.76261138916 640.474400520325 631.473345994949 616.646640777588 672.12557220459 573.789329528809 592.207427978516 565.991729736328 684.542846679688 743.069152832031 686.151695251465 776.009019851685 935.030076980591 968.074289321899 814.763488769531 739.12378692627 766.982246398926 739.673835754395 803.859802246094 621.910346984863 612.89404296875 745.382843017578 674.698078870773 724.437637329102 720.484825134277 686.803649902344 743.540489196777 755.879737854004 538.566558837891 628.554466247559 824.730514526367 1327.35974121094 613.141098022461 621.505542755127 1159.09434509277 622.70809173584 547.041778564453 881.432769775391 977.504264831543
597.746479034424 582.835857391357 612.692092895508 586.338508605957 539.485877990723 456.77522277832 895.52685546875 672.007705688477 646.035303115845 498.154342651367 599.18274307251 731.703948974609 678.756229400635 1115.77452087402 695.363379955292 600.627922058105 827.541717529297 721.000461578369 951.523849487305 662.487319946289 787.50048828125 1391.54496574402 1026.73183441162 765.370492219925 570.242523193359 992.358390808105 873.338230133057 609.955780029297 1635.48743271828 702.060539245605 666.49999114871 676.191371917725 514.52823638916 605.648307800293 712.333599090576 713.096866607666 585.486724853516 685.922985076904 773.39351272583 657.332832336426 693.969850540161 526.441802978516 695.302558898926 644.201408863068 726.921524047852 1233.99885368347 642.628414154053 401.605438232422 591.468818664551 687.697034835815
