simdem/realisation88.asc
NCOLS 350 
NROWS 171 
XLLCORNER 152620 
YLLCORNER 418050 
CELLSIZE 100 
NODATA_value -9999 
[rows 88 to 109 of 171, columns 0 to 49 of 350]
-9999 -9999 -9999 -9999 -9999 -9999 -9999 -9999 -9999 -9999 -9999 -9999 -9999 -9999 -9999 -9999 -9999 423.782644271851 457.027603149414 370.933563232422 243.318084716797 391.055236816406 340.188751220703 471.040298461914 532.659538269043 743.576629638672 664.773254394531 325.120059967041 724.632160186768 600.186981201172 478.444290161133 426.221599578857 541.967136383057 425.831665039062 499.678175926208 471.835460662842 550.757125854492 815.445533752441 750.049308776855 718.892541885376 627.887100219727 629.08575630188 297.12797498703 361.176040649414 345.365463972092 335.349937677383 393.432273864746 528.253143310547 600.17342376709 320.580108642578
-9999 -9999 -9999 -9999 -9999 -9999 -9999 -9999 -9999 -9999 -9999 -9999 -9999 -9999 -9999 -9999 -9999 449.181825399399 486.895515441895 406.286102294922 270.685729980469 387.54118347168 290.255401611328 460.065185546875 457.799964904785 821.834506988525 735.535369873047 1092.32236862183 718.822456359863 598.59440612793 299.979724884033 517.729835510254 176.232284545898 319.923683166504 491.151580810547 550.776893615723 502.860290527344 587.435111999512 768.056060791016 888.544158935547 746.49787902832 608.297481536865 525.984558105469 404.002506256104 333.25244140625 358.5845079422 423.338745117188 460.689155578613 479.755035400391 425.535171508789
-9999 -9999 -9999 -9999 -9999 -9999 -9999 -9999 -9999 -9999 -9999 -9999 -9999 -9999 -9999 -9999 528.859130859375 573.970512390137 286.82442855835 321.074010848999 585.330276489258 373.04305267334 636.203346252441 454.757755279541 527.996223449707 552.180955410004 721.370651245117 599.741676330566 521.696197509766 277.555213928223 371.024234771729 429.480270385742 281.37540435791 622.977899551392 595.091417312622 595.657466888428 690.788192749023 553.153985023499 561.689071178436 672.344657897949 330.070818901062 390.47114944458 629.772686004639 415.586296081543 440.023078918457 440.128570556641 348.239318847656 305.593448638916 388.943466186523 422.879196166992
-9999 -9999 -9999 -9999 -9999 -9999 -9999 -9999 -9999 -9999 -9999 -9999 -9999 -9999 -9999 -9999 424.490112304688 417.444267272949 375.079330444336 427.244003295898 622.962303161621 609.911749839783 572.595420837402 453.136489868164 601.033403396606 513.221652984619 620.950973510742 596.375871658325 588.530740737915 352.335723876953 513.945846557617 295.738632202148 379.421745300293 410.469520568848 673.791275024414 591.441963195801 528.332000732422 646.877679824829 625.508628845215 230.089643478394 169.624656677246 330.956432342529 440.728145599365 248.052528381348 457.457386016846 199.549663543701 302.041679382324 330.38011932373 378.45157623291 359.239082336426
-9999 -9999 -9999 -9999 -9999 -9999 -9999 -9999 -9999 -9999 -9999 -9999 -9999 -9999 -9999 573.568953514099 514.196678161621 491.07755947113 588.933776855469 546.604347229004 704.135757446289 707.015197753906 514.449001312256 841.528029441833 521.405017852783 688.235343933105 571.917670249939 326.806945800781 539.452388763428 563.318710327148 479.38493347168 687.933303833008 607.34114074707 437.571617126465 618.79402923584 570.844268798828 700.713289260864 750.323684692383 687.877354621887 300.493118286133 259.659601211548 182.288429260254 257.545722961426 62.3326153755188 415.549461364746 309.900924682617 291.990207672119 210.013008117676 495.436897277832 365.441162109375
-9999 -9999 -9999 -9999 -9999 -9999 -9999 -9999 -9999 -9999 -9999 -9999 -9999 -9999 -9999 497.520362854004 482.852814674377 369.83228302002 512.342853546143 562.520431518555 695.528137207031 444.335886001587 851.552963256836 782.961002349854 714.335815429688 568.606960296631 560.918085813522 291.716903686523 324.749435424805 458.648593366146 292.55525970459 380.667327880859 459.882053375244 358.95817565918 613.751167297363 571.27547454834 721.759929656982 658.714576721191 807.058639526367 153.20987701416 181.631629943848 244.920886993408 284.463173627853 156.978031158447 124.157814025879 161.808883666992 291.714260101318 308.244472503662 348.133148193359 430.806175231934
-9999 -9999 -9999 -9999 -9999 -9999 -9999 -9999 -9999 -9999 -9999 -9999 -9999 -9999 409.492324829102 404.325523376465 402.919548034668 289.404327392578 505.630802154541 482.578491210938 652.532180786133 573.728294372559 578.095739364624 788.445053100586 552.171318054199 569.422545433044 460.466857910156 305.915939331055 296.174224853516 368.19500541687 646.925445556641 377.422636985779 434.346267700195 369.215850830078 326.667739868164 703.784439086914 656.21888589859 582.647926330566 -9999 -9999 246.625972747803 229.41136932373 181.240467071533 259.58277130127 220.061984062195 331.165141105652 543.927276611328 764.104431152344 423.685859680176 370.566139221191
-9999 -9999 -9999 -9999 -9999 -9999 -9999 -9999 -9999 -9999 -9999 -9999 -9999 -9999 512.310432434082 355.315689086914 445.529449462891 398.871627807617 581.186668395996 688.697486877441 552.417377471924 778.441688537598 516.68620300293 792.259429931641 563.645984649658 488.479690551758 646.834306716919 673.920568466187 651.208015441895 490.65852355957 653.260643005371 287.148206710815 289.918972015381 482.622406005859 429.842750549316 -9999 -9999 -9999 -9999 -9999 -9999 -9999 186.651920318604 159.222496032715 217.242595672607 288.406745910645 515.922897338867 833.174942016602 342.414897918701 315.224145889282
-9999 -9999 -9999 -9999 -9999 -9999 -9999 -9999 -9999 -9999 -9999 -9999 -9999 554.259212493896 470.817459106445 432.840347290039 656.462463378906 354.758651733398 519.858642578125 676.250854492188 760.413284301758 783.973617553711 1031.86928367615 590.921954154968 588.400747805834 590.47415971756 466.023941040039 633.386397361755 847.468955993652 797.198140144348 432.83642578125 388.406684875488 497.107841491699 432.129867553711 448.547248840332 -9999 -9999 -9999 -9999 -9999 -9999 -9999 -9999 148.091743469238 341.261528015137 404.02864074707 465.750137329102 473.022186279297 655.764755249023 262.333059310913
-9999 -9999 -9999 -9999 -9999 -9999 -9999 -9999 -9999 -9999 -9999 -9999 -9999 585.969237327576 338.529205322266 453.613086700439 368.356826782227 347.83512878418 392.85294342041 694.333637237549 659.520038604736 435.195665359497 602.681518554688 542.910938262939 667.689735412598 685.545082092285 580.52479839325 509.076118469238 663.895923614502 741.176126480103 397.96103477478 411.785954475403 441.654932022095 489.860675811768 -9999 -9999 -9999 -9999 -9999 -9999 -9999 -9999 -9999 -9999 238.10230410099 314.029388427734 256.734274864197 257.570183753967 558.969802856445 194.133865356445
-9999 -9999 -9999 -9999 -9999 -9999 -9999 -9999 -9999 -9999 -9999 -9999 530.298746109009 466.659421920776 485.916511058807 452.520774841309 751.394241333008 636.362770080566 680.853499412537 644.48637008667 692.620590209961 414.839202404022 385.576782226562 496.875770568848 706.959541320801 643.397453308105 507.867233276367 569.71802520752 695.234153747559 665.313018798828 492.473423302174 455.457893371582 431.448097705841 -9999 -9999 -9999 -9999 -9999 -9999 -9999 -9999 -9999 -9999 -9999 286.022754669189 404.005828857422 295.826306343079 423.774887084961 359.113731384277 619.135219573975
-9999 -9999 -9999 -9999 -9999 -9999 -9999 -9999 -9999 -9999 -9999 461.571283340454 462.964012145996 500.438957214355 565.309173583984 335.506950378418 671.569351196289 780.531566619873 791.262741088867 749.579452514648 531.6682472229 990.714488983154 419.759887695312 517.111647367477 666.785858154297 568.161659240723 673.085487365723 831.727142333984 534.204120635986 538.889179229736 571.646606445312 410.594139099121 492.102478802204 -9999 -9999 -9999 -9999 -9999 -9999 -9999 -9999 -9999 -9999 -9999 -9999 287.693431854248 226.331153869629 218.20076751709 296.714357376099 539.63037109375
-9999 -9999 -9999 -9999 -9999 -9999 -9999 -9999 -9999 -9999 -9999 567.693794250488 436.335072040558 693.183349609375 502.599952697754 408.129571557045 685.632308959961 809.47688293457 762.791191101074 578.05984210968 424.492454528809 492.008514404297 441.037719726562 547.535636901855 561.016403198242 658.832908630371 753.524791717529 627.914169311523 551.173219680786 346.448295593262 491.049468994141 273.89289855957 -9999 -9999 -9999 -9999 -9999 -9999 -9999 -9999 -9999 -9999 -9999 -9999 -9999 369.288856506348 247.22932434082 300.983413696289 299.493659973145 521.269454956055
-9999 -9999 -9999 -9999 -9999 -9999 -9999 -9999 -9999 -9999 456.356925964355 512.289962768555 437.80738067627 521.459854125977 383.252505302429 502.791763305664 582.970108032227 828.903533935547 764.720672607422 672.266662597656 601.031890869141 508.999580383301 474.47038269043 484.488845825195 648.747200012207 724.924931049347 564.778511047363 576.253342866898 373.641582489014 364.043113708496 330.768547058105 -9999 -9999 -9999 -9999 -9999 -9999 -9999 -9999 -9999 -9999 -9999 -9999 -9999 -9999 -9999 441.631721496582 365.550231933594 130.750198364258 320.820934295654
-9999 -9999 -9999 -9999 -9999 -9999 -9999 -9999 -9999 -9999 480.643180847168 352.722991943359 453.730259895325 352.637963294983 468.470977783203 511.23716545105 666.365315437317 471.358602523804 567.302835464478 651.122535705566 646.444519042969 635.735687255859 612.704681396484 480.943748474121 459.583248138428 341.805892944336 505.251865386963 472.950271606445 85.3287811279297 6.96713256835938 -9999 -9999 -9999 -9999 -9999 -9999 -9999 -9999 -9999 -9999 -9999 -9999 -9999 -9999 -9999 -9999 -9999 535.215656280518 398.409350395203 335.387531280518
-9999 -9999 -9999 -9999 -9999 -9999 -9999 -9999 -9999 575.911727905273 428.517808914185 403.089977264404 294.679183959961 344.342936992645 411.119777679443 622.038078308105 531.251949310303 644.899562835693 580.577146530151 1185.01220703125 552.422245025635 442.609840393066 538.385185241699 598.071353912354 178.766250610352 322.301429748535 331.472839355469 301.534378051758 190.817026138306 19.0428161621094 -9999 -9999 -9999 -9999 -9999 -9999 -9999 -9999 -9999 -9999 -9999 -9999 -9999 -9999 -9999 -9999 -9999 -9999 475.42847442627 551.205528259277
-9999 -9999 -9999 -9999 -9999 -9999 -9999 -9999 505.042221069336 428.188420295715 447.349123001099 406.404472351074 368.770034790039 134.752731323242 342.431707143784 356.307952880859 471.269287109375 530.237602233887 477.514621734619 703.367080688477 570.16383266449 427.933372497559 602.160823822021 159.151290893555 303.996963500977 245.823638916016 217.15535736084 247.376405715942 49.5863189697266 -9999 -9999 -9999 -9999 -9999 -9999 -9999 -9999 -9999 -9999 -9999 -9999 -9999 -9999 -9999 -9999 -9999 -9999 -9999 -9999 982.376174926758
-9999 -9999 -9999 -9999 -9999 -9999 -9999 -9999 490.429958343506 560.770057678223 371.189643859863 425.986902236938 453.817690372467 495.24702835083 522.039588928223 483.645280838013 542.201364040375 604.681335449219 921.266174316406 410.856224060059 543.631903409958 521.987417221069 696.415885925293 228.64038848877 132.344100952148 216.857925415039 134.610824584961 245.637948989868 -9999 -9999 -9999 -9999 -9999 -9999 -9999 -9999 -9999 -9999 -9999 -9999 -9999 -9999 -9999 -9999 -9999 -9999 -9999 -9999 -9999 -9999
-9999 -9999 -9999 -9999 -9999 -9999 -9999 344.697235107422 470.871612548828 471.055976867676 485.941459655762 422.108865737915 385.61255645752 539.288403511047 423.839897155762 459.410228729248 505.449337005615 810.984725952148 550.021064758301 469.577529907227 386.42377281189 592.068571090698 462.215301513672 302.321773529053 100.066192626953 234.158886909485 153.910873413086 229.902063369751 -9999 -9999 -9999 -9999 -9999 -9999 -9999 -9999 -9999 -9999 -9999 -9999 -9999 -9999 -9999 -9999 -9999 -9999 -9999 -9999 -9999 -9999
-9999 -9999 -9999 -9999 -9999 -9999 298.350036621094 441.911074638367 503.986381530762 620.824310302734 491.627410888672 521.921600341797 704.19905090332 596.503871917725 443.770648956299 402.198669433594 464.049800872803 601.87993812561 405.991779327393 425.032165527344 344.375910609961 421.986755371094 383.586280822754 288.92692565918 265.897380828857 144.347206115723 60.4649353027344 -9999 -9999 -9999 -9999 -9999 -9999 -9999 -9999 -9999 -9999 -9999 -9999 -9999 -9999 -9999 -9999 -9999 -9999 -9999 -9999 -9999 -9999 -9999
-9999 -9999 -9999 -9999 335.91039276123 426.869035720825 418.660011291504 178.972362905741 313.453994750977 613.585052490234 492.997024536133 676.033538818359 674.806289672852 434.822715759277 326.474166870117 390.340866088867 508.113632202148 354.637950897217 383.56396484375 349.247604370117 530.169331550598 628.657386779785 159.533436775208 157.56729888916 119.508735656738 179.478889465332 -9999 -9999 -9999 -9999 -9999 -9999 -9999 -9999 -9999 -9999 -9999 -9999 -9999 -9999 -9999 -9999 -9999 -9999 -9999 -9999 -9999 -9999 -9999 -9999
81.2553558349609 62.5457611083984 161.779983520508 291.852493286133 352.359893798828 398.091854095459 491.888973236084 450.158407762647 274.661430358887 597.47932434082 613.482028961182 555.689960479736 674.82341003418 559.104930877686 510.815649032593 611.686714172363 716.424468994141 288.368606567383 335.659552097321 541.60210943222 456.177200317383 192.555824279785 218.259658813477 164.321029663086 168.101989746094 89.4658737182617 -9999 -9999 -9999 -9999 -9999 -9999 -9999 -9999 -9999 -9999 -9999 -9999 -9999 -9999 -9999 -9999 -9999 -9999 -9999 -9999 -9999 -9999 -9999 -9999
