simdem/realisation78.asc
NCOLS 350 
NROWS 171 
XLLCORNER 152620 
YLLCORNER 418050 
CELLSIZE 100 
NODATA_value -9999 
[rows 88 to 109 of 171, columns 0 to 49 of 350]
-9999 -9999 -9999 -9999 -9999 -9999 -9999 -9999 -9999 -9999 -9999 -9999 -9999 -9999 -9999 -9999 -9999 522.453620910645 395.775089263916 305.367266654968 322.611566543579 444.70524597168 488.474475860596 570.551151275635 566.115432739258 702.085678100586 564.827793121338 357.018814699724 709.725074768066 295.268966674805 320.825489044189 486.880874633789 683.151161193848 426.350509643555 521.706268310547 489.516742706299 484.235294342041 759.025602340698 819.703674316406 845.114898681641 837.426574707031 733.813850402832 340.235286712646 214.119771957397 487.585021972656 359.276187896729 503.353766441345 429.712585449219 569.693356513977 259.054397583008
-9999 -9999 -9999 -9999 -9999 -9999 -9999 -9999 -9999 -9999 -9999 -9999 -9999 -9999 -9999 -9999 -9999 500.481624603271 491.098876953125 216.417984008789 279.268142700195 457.809448242188 423.227292060852 506.508985519409 487.913642883301 746.643856048584 693.743682861328 1011.45666885376 506.21516418457 476.97932434082 331.282272338867 551.628467559814 459.344596862793 490.108127593994 602.37174987793 645.233001708984 652.333381652832 681.455826759338 836.20622253418 704.354942321777 786.922058105469 696.675792694092 593.305507659912 375.901020050049 443.199501037598 392.375003814697 704.197845458984 601.993263244629 376.681854248047 357.194869995117
-9999 -9999 -9999 -9999 -9999 -9999 -9999 -9999 -9999 -9999 -9999 -9999 -9999 -9999 -9999 -9999 547.947727203369 604.118181228638 415.250717163086 426.964500427246 552.02970123291 532.656608581543 555.598100662231 473.827695846558 631.830585479736 555.886556267738 570.864418029785 313.121429443359 472.19769859314 320.180393218994 252.205368041992 485.294502258301 363.736591339111 588.193164825439 715.312400817871 585.972690582275 696.047660827637 571.554188251495 574.082445144653 538.304786682129 376.825901031494 460.645637512207 749.850440979004 407.751552581787 330.963096618652 433.903793334961 588.397689819336 481.898513793945 436.505172729492 303.65990447998
-9999 -9999 -9999 -9999 -9999 -9999 -9999 -9999 -9999 -9999 -9999 -9999 -9999 -9999 -9999 -9999 570.584362030029 434.37952041626 496.773106575012 505.793939590454 593.331214904785 688.990661621094 571.388935089111 480.372601985931 602.103950500488 538.148048400879 409.209381103516 519.184356689453 618.151735305786 353.823497772217 704.00048828125 440.367336273193 396.355804443359 361.999557495117 784.146759033203 630.267021179199 764.34245300293 643.010786056519 562.469385147095 159.343605041504 162.120307922363 283.297821044922 354.08225440979 99.4964294433594 498.531589508057 207.182636260986 338.243789672852 396.4013671875 543.764022827148 354.261425018311
-9999 -9999 -9999 -9999 -9999 -9999 -9999 -9999 -9999 -9999 -9999 -9999 -9999 -9999 -9999 499.728393554688 479.286315917969 414.928321838379 452.00813293457 479.406997680664 642.763726234436 787.867156982422 676.266189575195 892.67582321167 556.631034851074 610.801078796387 421.451538085938 442.388008117676 812.269790649414 697.422229766846 763.328815460205 814.595668792725 586.75163269043 326.353656768799 643.382726669312 801.041610717773 730.053741455078 583.908576965332 512.592163085938 249.142640113831 184.202976226807 290.600885868073 367.816833496094 -37.669059753418 373.38045501709 355.372917175293 321.136039733887 420.371124267578 577.088592529297 292.667364120483
-9999 -9999 -9999 -9999 -9999 -9999 -9999 -9999 -9999 -9999 -9999 -9999 -9999 -9999 -9999 676.13111114502 387.44563293457 378.713623046875 299.932373046875 412.013134002686 528.079845428467 544.115478515625 820.30012512207 837.390495300293 948.552116394043 428.518211364746 430.432891845703 333.428367614746 565.158534526825 540.2421875 488.469932556152 518.943023681641 422.444398880005 388.00471496582 702.500221252441 817.600433349609 710.680419921875 593.444831848145 607.357070922852 245.780585289001 195.694717407227 149.492858886719 92.1218109130859 170.613985061646 279.290153503418 408.514724731445 372.067558288574 335.309394836426 441.099945068359 395.331077575684
-9999 -9999 -9999 -9999 -9999 -9999 -9999 -9999 -9999 -9999 -9999 -9999 -9999 -9999 521.854667663574 433.181686401367 436.85131072998 437.478168487549 350.403297424316 287.818756103516 569.829803466797 706.601135253906 599.10013961792 775.8219871521 549.424448013306 553.473487854004 483.164855957031 320.084159851074 406.613929748535 439.020858764648 563.822670936584 318.275959014893 307.449836730957 380.413696289062 455.76912689209 679.424722671509 647.107395172119 558.750373840332 -9999 -9999 196.557525634766 92.6376342773438 -51.0205993652344 84.5034332275391 184.735618591309 326.899362802505 555.212516784668 482.913581848145 351.188501358032 317.806930541992
-9999 -9999 -9999 -9999 -9999 -9999 -9999 -9999 -9999 -9999 -9999 -9999 -9999 -9999 654.987453460693 520.117754995823 480.890907287598 500.288232803345 384.700752258301 596.039468765259 483.836730957031 705.685585021973 478.224670410156 706.445808410645 683.907989501953 619.173192977905 642.562500953674 652.178351402283 719.623811721802 644.540334701538 469.647277832031 222.091484069824 293.538080215454 283.324951171875 376.601524353027 -9999 -9999 -9999 -9999 -9999 -9999 -9999 145.378089904785 145.285438537598 183.021083831787 322.436485290527 400.283123016357 572.333184719086 350.394340515137 396.093200683594
-9999 -9999 -9999 -9999 -9999 -9999 -9999 -9999 -9999 -9999 -9999 -9999 -9999 571.94784784317 581.060283660889 565.282695770264 599.650619506836 235.702342987061 359.232066392899 458.930167675018 690.077331542969 747.337593078613 1027.48915100098 550.125226974487 605.177640914917 696.087776184082 590.498390197754 637.197443008423 865.187744140625 799.352849006653 565.427551269531 478.785934448242 305.87956237793 35.1922760009766 254.58814239502 -9999 -9999 -9999 -9999 -9999 -9999 -9999 -9999 214.166221618652 229.611317634583 178.085586547852 203.859703063965 409.12971496582 530.308963775635 217.025505065918
-9999 -9999 -9999 -9999 -9999 -9999 -9999 -9999 -9999 -9999 -9999 -9999 -9999 680.421531677246 604.970642089844 497.35865020752 197.359557986259 339.533309936523 502.053100585938 729.930351257324 717.220138549805 532.190650939941 788.331680297852 606.176063537598 488.887077331543 513.984764099121 619.756042480469 458.272720336914 445.747817993164 786.719830513 453.901704788208 378.719959259033 401.028493881226 452.962938308716 -9999 -9999 -9999 -9999 -9999 -9999 -9999 -9999 -9999 -9999 195.037662506104 126.424217224121 119.379501342773 188.446823120117 420.133778572083 161.221458435059
-9999 -9999 -9999 -9999 -9999 -9999 -9999 -9999 -9999 -9999 -9999 -9999 491.679721832275 530.480270385742 503.352979660034 357.605255126953 601.701995849609 493.136383056641 773.407814025879 785.17529296875 627.997533798218 418.229019165039 548.892959594727 441.086585998535 420.807388305664 573.074911117554 592.018089771271 629.691047668457 571.30143737793 521.574485778809 449.145263671875 456.980335235596 378.996658325195 -9999 -9999 -9999 -9999 -9999 -9999 -9999 -9999 -9999 -9999 -9999 275.550086975098 138.222198486328 195.380325317383 80.3296203613281 330.428741455078 495.32347869873
-9999 -9999 -9999 -9999 -9999 -9999 -9999 -9999 -9999 -9999 -9999 613.634811401367 433.998504638672 479.114223480225 446.330020904541 347.811996459961 537.902267456055 598.464546203613 571.862182617188 792.824508666992 714.398468017578 969.247661590576 601.452457427979 487.3844871521 694.225776672363 598.046312332153 588.282577514648 640.707492828369 552.177898406982 409.495025634766 349.970825195312 309.592300415039 450.614990234375 -9999 -9999 -9999 -9999 -9999 -9999 -9999 -9999 -9999 -9999 -9999 -9999 83.4346008300781 134.33024597168 250.063137054443 283.902471542358 589.499370574951
-9999 -9999 -9999 -9999 -9999 -9999 -9999 -9999 -9999 -9999 -9999 465.463557243347 346.19261932373 344.058151245117 319.073631286621 404.975129127502 403.02335357666 521.545623779297 617.61096572876 605.789493560791 585.792640686035 602.532161712646 578.004028320312 623.322052001953 637.443622589111 619.571364402771 647.655868530273 426.642852783203 415.159622192383 465.744144439697 296.701690673828 383.534065246582 -9999 -9999 -9999 -9999 -9999 -9999 -9999 -9999 -9999 -9999 -9999 -9999 -9999 384.078369140625 268.048881530762 356.771663665771 311.379989624023 497.617956161499
-9999 -9999 -9999 -9999 -9999 -9999 -9999 -9999 -9999 -9999 527.748054504395 348.475601196289 287.007843017578 383.495620727539 319.187507629395 526.366245269775 659.113931655884 433.71760559082 490.449752807617 496.850280761719 369.815734863281 492.531280517578 570.840886116028 574.027275562286 546.818809509277 729.140535473824 549.731979370117 579.785863399506 369.025604248047 367.913330078125 486.963344573975 -9999 -9999 -9999 -9999 -9999 -9999 -9999 -9999 -9999 -9999 -9999 -9999 -9999 -9999 -9999 521.300773620605 496.904228210449 453.026657104492 626.065155029297
-9999 -9999 -9999 -9999 -9999 -9999 -9999 -9999 -9999 -9999 431.376480102539 463.288774490356 503.664825439453 318.794317245483 433.364387512207 560.507209777832 660.234593868256 288.946655273438 567.29712677002 384.094543457031 442.80640411377 496.265724182129 586.901717185974 487.576690673828 344.41650390625 378.534324645996 575.988536834717 370.464061737061 247.01997756958 267.056259155273 -9999 -9999 -9999 -9999 -9999 -9999 -9999 -9999 -9999 -9999 -9999 -9999 -9999 -9999 -9999 -9999 -9999 669.771072387695 695.342376708984 536.160537719727
-9999 -9999 -9999 -9999 -9999 -9999 -9999 -9999 -9999 492.973575592041 391.783946990967 402.387981414795 328.021112442017 205.759231567383 398.406398773193 555.108421325684 534.062128067017 643.102676391602 414.843078613281 911.093490600586 496.932443618774 613.736038208008 592.566251754761 498.643196105957 197.427185058594 295.247146606445 358.070463180542 106.543525695801 153.958671569824 239.838748931885 -9999 -9999 -9999 -9999 -9999 -9999 -9999 -9999 -9999 -9999 -9999 -9999 -9999 -9999 -9999 -9999 -9999 -9999 605.432830810547 595.557388305664
-9999 -9999 -9999 -9999 -9999 -9999 -9999 -9999 567.984016418457 476.739612579346 371.390701293945 400.018005371094 340.399917602539 235.090231895447 375.595413208008 515.222869873047 485.464036941528 651.787620544434 261.042709350586 412.833877563477 613.78173828125 509.142044067383 582.07839512825 258.860160827637 304.63843536377 287.762557983398 255.069823265076 146.15941619873 168.571155548096 -9999 -9999 -9999 -9999 -9999 -9999 -9999 -9999 -9999 -9999 -9999 -9999 -9999 -9999 -9999 -9999 -9999 -9999 -9999 -9999 988.583358764648
-9999 -9999 -9999 -9999 -9999 -9999 -9999 -9999 330.27001953125 442.488256454468 420.901665687561 526.041191101074 467.518808364868 541.724961280823 452.663970947266 417.752571105957 519.314321517944 495.720973968506 850.263248443604 441.348888397217 483.575267791748 468.825317382812 565.716972351074 208.121242523193 348.722348213196 278.214557647705 235.661539077759 330.888324737549 -9999 -9999 -9999 -9999 -9999 -9999 -9999 -9999 -9999 -9999 -9999 -9999 -9999 -9999 -9999 -9999 -9999 -9999 -9999 -9999 -9999 -9999
-9999 -9999 -9999 -9999 -9999 -9999 -9999 421.166194915771 421.937733650208 534.182281494141 487.692008972168 552.281326293945 442.319798469543 564.399765014648 506.236717700958 428.712142944336 593.457580566406 545.18872833252 606.315208435059 369.327960968018 413.786041259766 605.166069030762 133.000595092773 208.551681518555 212.332401275635 142.705009460449 198.277130126953 183.85327911377 -9999 -9999 -9999 -9999 -9999 -9999 -9999 -9999 -9999 -9999 -9999 -9999 -9999 -9999 -9999 -9999 -9999 -9999 -9999 -9999 -9999 -9999
-9999 -9999 -9999 -9999 -9999 -9999 221.885513305664 500.526611328125 505.778553009033 451.647546201944 583.942993164062 529.212623596191 526.779401779175 590.578887939453 582.537704467773 413.83765411377 433.711792826653 572.821426391602 400.770914077759 424.284172058105 362.703607559204 696.550872802734 311.443534851074 176.08048248291 179.326850891113 271.563907623291 108.308380126953 -9999 -9999 -9999 -9999 -9999 -9999 -9999 -9999 -9999 -9999 -9999 -9999 -9999 -9999 -9999 -9999 -9999 -9999 -9999 -9999 -9999 -9999 -9999
-9999 -9999 -9999 -9999 437.027555465698 173.200042724609 245.76594543457 104.335083007812 222.308258056641 453.945515275002 643.649139404297 714.213165283203 582.105346679688 578.801452636719 548.764991760254 513.594669342041 522.023506164551 284.399353027344 295.408332824707 404.486061096191 559.352646827698 754.243240356445 234.507923126221 46.0046520233154 -15.8759231567383 218.603820800781 -9999 -9999 -9999 -9999 -9999 -9999 -9999 -9999 -9999 -9999 -9999 -9999 -9999 -9999 -9999 -9999 -9999 -9999 -9999 -9999 -9999 -9999 -9999 -9999
473.771423339844 447.036483764648 350.819114685059 480.895175933838 410.252593994141 344.335929870605 285.455276489258 379.702629089355 313.135467529297 479.213012695312 693.319534301758 662.862411499023 584.592132568359 358.781707763672 427.988670349121 542.283226013184 762.853492736816 180.852645874023 235.632926940918 612.926239013672 589.239421844482 334.091941833496 189.478843688965 87.4116916656494 95.8304214477539 24.7941703796387 -9999 -9999 -9999 -9999 -9999 -9999 -9999 -9999 -9999 -9999 -9999 -9999 -9999 -9999 -9999 -9999 -9999 -9999 -9999 -9999 -9999 -9999 -9999 -9999
