simdem/realisation43.asc
NCOLS 350 
NROWS 171 
XLLCORNER 152620 
YLLCORNER 418050 
CELLSIZE 100 
NODATA_value -9999 
[rows 66 to 87 of 171, columns 50 to 99 of 350]
476.851573944092 529.022842407227 449.132953643799 553.036201477051 565.370941162109 616.292892456055 422.955052375793 332.41234588623 510.310066223145 444.375644683838 266.183059692383 217.240524291992 256.074371337891 387.023036956787 282.354393005371 301.884315490723 102.817993164062 203.768569946289 272.020515441895 419.276344299316 436.403553009033 384.99848985672 457.266143798828 403.117835998535 407.142583847046 329.928844451904 293.740226745605 355.85076713562 503.739944458008 384.908072471619 420.575384140015 504.735664367676 421.146869659424 411.038685083389 345.607154846191 263.671768188477 460.475326538086 391.626491546631 365.55729675293 423.606004714966 270.986328125 293.984069824219 455.954467773438 352.989669799805 373.015525817871 399.415187835693 557.529029846191 492.096710205078 330.849304199219 407.613574981689
615.011543273926 654.538513183594 493.822311401367 471.884567260742 441.767641067505 482.405120849609 428.078619003296 446.791046142578 469.12589263916 467.328252792358 282.642250061035 284.364158630371 429.803359985352 476.634010314941 457.828010559082 344.743906021118 267.951889038086 290.981643676758 309.520484924316 371.734019517899 434.601409912109 395.224028587341 406.131046295166 441.857204437256 358.08224105835 389.07769203186 273.004379272461 289.250534057617 376.669324874878 490.982833862305 558.626876831055 525.030006408691 617.581085205078 440.47696685791 193.00749206543 279.957481384277 474.224197387695 478.230644226074 342.308616638184 385.284484863281 446.440490722656 481.887367248535 343.84782409668 367.25138092041 369.898078918457 484.990623474121 483.318897247314 363.379791259766 600.094970703125 443.371750831604
582.199836730957 671.403839111328 540.703475952148 514.790466308594 412.986108779907 391.378926694393 513.441444396973 342.583173751831 510.190338134766 370.562698364258 276.797584533691 369.66381072998 256.721389770508 220.232528686523 306.247074127197 399.002639770508 433.948699951172 373.282482147217 338.461624145508 210.552169799805 216.023056030273 325.966857910156 427.230411529541 365.264516830444 342.133728027344 280.918785095215 453.937133789062 393.212755203247 380.090426445007 348.358497619629 391.705115795135 517.067375183105 521.245277404785 458.86848449707 260.450576782227 304.853637695312 369.476711273193 465.905570983887 489.188911437988 406.658832550049 390.301643371582 479.922543525696 533.838386535645 431.823090076447 534.372787475586 533.765838623047 500.889507293701 370.206283569336 422.009716033936 463.130337953568
514.434684753418 487.003306388855 398.966590881348 538.322486877441 513.060935974121 390.460223197937 379.731175065041 410.129154205322 374.105770111084 419.728477478027 282.065818786621 364.703567504883 418.199167251587 315.812606811523 337.33777141571 486.006546020508 399.308769226074 492.595092773438 394.007989883423 235.473220825195 384.933200836182 389.222541093826 310.111763000488 290.602760314941 345.667236328125 285.195320129395 325.49299621582 390.253772735596 219.944519042969 366.468276977539 416.624413490295 335.747886657715 411.004469394684 280.910583496094 428.104740142822 425.232032775879 291.334510803223 469.339614868164 483.630958557129 363.190326690674 374.643413543701 469.267139434814 609.381240844727 473.122825622559 461.648765563965 592.890724182129 644.227127075195 535.769950866699 484.675054550171 535.319229125977
523.253772735596 541.601318359375 505.611198425293 490.726928710938 493.50700378418 391.718021392822 499.220840454102 413.669006347656 411.046615600586 513.676071166992 408.565765380859 561.540328979492 515.362968444824 242.33634185791 284.890979766846 366.79786491394 412.277463912964 381.928101539612 407.682556152344 411.352966308594 436.796684265137 351.666767120361 324.523254394531 369.895546913147 460.789497375488 376.196983337402 384.840146064758 441.390205383301 344.871810913086 368.023975372314 281.400382995605 442.64274597168 245.19075012207 397.625993728638 523.621955871582 477.754096984863 365.427501678467 345.51477432251 417.445091247559 393.986614227295 363.285015106201 411.102369308472 464.211429595947 548.705665588379 541.920509338379 421.268924713135 626.573791503906 473.45011806488 601.906494140625 627.296264648438
366.458000183105 414.841459274292 643.490112304688 598.951614379883 419.591722488403 382.904494762421 390.778397083282 329.280206680298 466.473007202148 387.493083953857 309.550106048584 453.978477478027 478.828033447266 353.068291664124 360.725135803223 439.489326477051 601.336685180664 402.966262817383 495.219146728516 606.498901367188 356.815704345703 349.320743560791 330.334011077881 446.402229309082 452.587051391602 534.500854492188 393.113655090332 465.255355834961 449.217269897461 491.289161682129 431.492437362671 333.580951690674 511.485275268555 425.034044265747 391.461324691772 420.108476638794 480.304927825928 313.747192382812 353.261093139648 350.610992431641 412.342184066772 386.735038757324 352.112823486328 420.961948394775 439.367170333862 376.449935913086 565.474662780762 691.143951416016 676.183013916016 589.934020996094
495.758079528809 328.457672119141 530.451171875 343.238178253174 471.34688949585 371.146408557892 423.815433502197 355.885155916214 308.885898590088 387.815536499023 344.556780338287 312.12949180603 378.287557601929 366.67639541626 328.474014282227 418.129898071289 505.924133300781 433.365707397461 585.05729675293 573.362106323242 356.516956329346 367.024517059326 313.488357543945 383.246881484985 332.46049118042 315.649631500244 487.342445373535 497.503356933594 490.966865539551 407.404852867126 403.971572875977 451.509742736816 446.277954101562 546.613647460938 464.953140258789 363.287414550781 401.035264968872 387.898178100586 450.081813812256 397.991191864014 513.266731262207 530.357955932617 513.441608428955 444.298048496246 389.63264465332 444.644172668457 468.966917514801 598.974403381348 648.263549804688 648.013275146484
535.102188110352 422.210878372192 500.755493164062 474.530456542969 452.75659942627 432.302742004395 487.85279083252 385.685180664062 322.466569900513 381.693502426147 182.62321472168 153.730453491211 368.49861907959 497.257736206055 422.562892913818 444.560256958008 333.083992004395 388.068964004517 348.005815505981 341.639114379883 319.879367828369 387.461818695068 433.288696289062 413.286689758301 329.205562591553 398.56233215332 376.0020570755 397.761589050293 476.578178405762 389.76177406311 469.681900024414 385.507357597351 572.7021484375 454.637306213379 447.891387939453 319.47917175293 238.771392822266 283.650894165039 339.586868286133 310.064804077148 527.88427734375 458.354002952576 462.351577758789 294.602722167969 436.665435791016 414.642833709717 526.609043121338 424.074420928955 454.711059570312 621.348731994629
440.619464874268 461.519775390625 398.619276046753 382.569924294949 392.990205764771 367.484069824219 444.541946411133 377.813327789307 273.185974121094 384.109725952148 232.781585693359 225.224319458008 384.728748321533 360.07207429409 416.149059295654 379.9064412117 504.602439880371 384.009176254272 326.059375762939 377.740201950073 415.514888763428 239.311935424805 169.629287719727 239.517929077148 438.631549835205 370.004999160767 397.173526763916 470.21647644043 454.058647155762 534.03157043457 604.795074462891 502.741249084473 389.510465621948 360.672340393066 326.133666992188 291.951042175293 302.804946899414 412.375443458557 398.404937744141 252.593978881836 339.92219543457 472.344213485718 386.827987670898 389.349868774414 472.947092652321 283.031951904297 360.579849243164 445.77360534668 464.740104675293 606.058441162109
507.191365242004 453.308078765869 407.86206817627 546.846282958984 454.159057617188 560.282211303711 604.350296020508 481.174812316895 410.350959777832 294.10054397583 277.13175201416 369.471829891205 399.549999237061 300.484703063965 399.555702209473 461.937828063965 336.804405212402 398.416091918945 334.564685821533 455.505523681641 354.666830062866 353.020890235901 280.308097839355 287.727561950684 432.217884063721 290.597450256348 338.530445098877 381.96200466156 432.264030456543 489.431106567383 596.665557861328 541.237380981445 455.259567260742 307.432922363281 500.665000915527 345.702087402344 411.309081077576 414.914897918701 397.854030609131 257.463928222656 235.602767944336 449.585712432861 409.823776245117 373.517875671387 432.442058563232 304.635833740234 303.839492797852 414.846294403076 521.905144691467 839.151275634766
756.809555053711 415.032535552979 380.131465911865 426.347995758057 418.848313212395 413.541778564453 457.019424438477 426.577671051025 430.846122741699 356.711071014404 376.101232528687 337.059568405151 439.691444396973 431.427772521973 405.846920013428 317.748226165771 407.625261306763 415.691478729248 434.116092681885 413.606128692627 501.324432373047 348.892305374146 65.5099487304688 207.601943969727 444.390960693359 351.33899307251 262.268188476562 456.774208068848 424.792892456055 349.154109954834 574.277801513672 447.749851226807 510.645309448242 412.164355754852 351.921443939209 370.435039520264 339.61270904541 443.366881489754 460.871780395508 374.543151855469 292.656875610352 465.505869865417 359.20484161377 370.075973510742 451.64776468277 412.802337646484 525.289077758789 931.109039306641 598.573197364807 684.512645721436
442.28013253212 518.604877471924 469.131317138672 427.867122650146 531.36429977417 388.467863082886 427.213542938232 445.986755371094 445.655242919922 507.456466674805 580.076797485352 454.275398254395 464.472679138184 370.07497215271 319.172241210938 434.932731628418 449.48316192627 430.84468460083 511.58219909668 274.595985412598 372.592734336853 336.127738952637 289.157516479492 181.97624206543 344.808645248413 261.794212341309 295.706062316895 431.721965789795 307.537147521973 460.319412231445 452.410213470459 413.196712493896 480.795265197754 410.180130004883 502.362312316895 504.581325531006 503.496421813965 506.021751403809 406.226165771484 394.732391357422 518.767803192139 506.724529266357 583.368743896484 440.039668083191 454.386523246765 731.336953639984 628.950740814209 909.826629638672 553.700721740723 594.826065063477
450.97966003418 473.759460449219 449.532859802246 594.450668334961 430.453965187073 402.304997444153 401.278900146484 288.272315979004 337.057750701904 595.030029296875 446.722129821777 461.01481628418 417.195865631104 260.575813293457 371.202434688807 411.80738067627 298.829319000244 358.360573291779 356.296233177185 432.812320709229 384.858547210693 426.892711639404 394.993497848511 322.480712890625 393.009691238403 291.33617401123 551.848434448242 377.910620689392 346.446762084961 339.678588867188 426.472291946411 477.256309509277 439.353429794312 396.158508300781 451.967789649963 442.910720825195 530.862434387207 608.617790222168 490.466472864151 527.22553062439 514.068852901459 638.223571777344 406.669828414917 623.977592468262 671.540084838867 778.943225860596 508.148849487305 425.53796005249 589.724765777588 543.228141784668
385.454486846924 286.986545562744 452.937088012695 452.834293365479 347.091674804688 444.751679420471 275.140068054199 221.100997924805 437.951789855957 323.050411224365 385.185440063477 446.491134643555 342.32831287384 288.42552947998 374.159326553345 304.455627441406 431.498706817627 261.934120178223 385.292881667614 273.14379119873 224.705642700195 415.510551452637 359.79431438446 418.186321258545 389.554309844971 336.668590545654 386.103550195694 360.215980529785 277.055046081543 445.22403717041 302.626319885254 439.269119262695 463.801235198975 338.667411804199 333.554328918457 300.642456054688 503.879103660583 562.714385986328 555.53556060791 534.224658966064 653.588836669922 539.540575027466 751.184257507324 338.213790893555 499.117042541504 588.030029296875 659.503467559814 526.116184234619 641.941680908203 634.577112197876
631.747428894043 423.265844345093 329.518444061279 348.839557647705 389.443611621857 410.349739074707 273.806030273438 366.71423625946 343.74949669838 408.347904205322 410.971954345703 409.128837585449 333.852642059326 321.011882781982 300.949279785156 430.33655166626 406.797679901123 270.499801635742 364.733064651489 240.222702026367 301.446487426758 360.109289169312 368.187099456787 458.9609375 363.846302032471 289.292137145996 254.014724731445 367.097705841064 460.674266815186 362.681133270264 463.179508209229 418.726139068604 533.296051025391 492.465061187744 367.183746337891 494.785999298096 346.406036376953 301.723968505859 505.296245574951 509.647530555725 515.986850738525 456.140075683594 814.745143890381 385.332176208496 413.512138366699 506.616086125374 680.745193481445 578.023357391357 491.227325439453 547.593755245209
358.991817474365 417.388282775879 387.325351715088 401.425459861755 346.667388916016 238.713684082031 425.64123916626 530.52229309082 446.447998046875 360.0775847435 468.799011230469 423.566246032715 323.418079376221 137.072235107422 324.108814239502 381.276943206787 425.382266998291 360.027234077454 461.54443359375 411.622310638428 422.275234222412 311.045600891113 366.441045761108 450.284955978394 340.814914703369 444.764305114746 434.099792480469 513.34090423584 236.20149230957 219.816299438477 329.707176208496 338.385711669922 378.953792572021 610.176971435547 489.324867248535 476.572026371956 388.390419006348 421.504150390625 387.036979675293 583.218117594719 853.795205116272 561.377540588379 778.152168273926 690.980628967285 498.265664100647 490.354483604431 441.771713256836 590.42845916748 561.446674346924 496.436285018921
411.047233581543 349.337930679321 426.163238525391 381.118322372437 302.81022644043 216.928512573242 404.182369232178 356.422710418701 355.476957321167 323.778324127197 386.700328826904 255.026008605957 253.691535949707 242.247711181641 315.426406860352 418.514106750488 427.063087463379 268.143608093262 292.368522644043 331.56357383728 355.298175811768 392.777307510376 334.562648773193 320.103851318359 328.650650024414 413.472587585449 440.951606750488 454.934947967529 457.603443145752 436.15599822998 372.899398803711 373.673519134521 468.500070571899 424.119411468506 552.023704528809 375.686630249023 489.311996459961 572.323849201202 838.005432128906 778.113250732422 686.850006103516 505.182083129883 534.651565551758 522.197134017944 625.410217285156 493.056570529938 394.835815429688 586.887069702148 492.60924911499 356.144927978516
428.432058334351 359.344670295715 344.367901325226 330.701701164246 236.806358337402 205.519180297852 297.742706298828 427.377998352051 362.178573608398 193.796035766602 232.903793334961 229.855773925781 143.972763061523 245.341850280762 410.291622161865 323.827911376953 275.80542755127 397.573806762695 328.100772857666 384.347578048706 400.044488191605 534.300964355469 378.086987495422 368.498386383057 406.969246864319 405.796208381653 413.750692367554 402.782437324524 495.608688354492 233.839294433594 471.681732177734 415.178556442261 566.349746704102 465.851051330566 379.75218963623 337.717590332031 518.072452545166 869.852508544922 775.685607910156 760.077590942383 696.858139038086 695.913024902344 432.144035339355 485.876712799072 716.288688659668 598.615541815758 637.554927825928 676.34549331665 618.299285411835 673.958419799805
343.224601745605 404.56297942996 270.020156860352 224.29322052002 276.458183288574 198.124801635742 295.661012649536 419.813369750977 331.25804901123 262.094871520996 294.834690093994 247.219909667969 217.752593994141 364.943745613098 437.286972045898 233.491691589355 349.563906788826 351.667854309082 357.193879127502 405.619564056396 454.72233581543 522.940383911133 540.423187255859 353.580795288086 330.9677734375 361.767852783203 375.597232818604 431.533353805542 460.465156555176 559.0576171875 483.363395690918 450.678087234497 641.583618164062 297.357833862305 398.106910705566 504.954500198364 670.260141372681 729.270141601562 737.41455078125 740.097320556641 644.514633178711 494.701095581055 516.013214111328 412.7294921875 662.00764465332 569.980438232422 622.706929445267 605.047343254089 591.067462921143 771.874206542969
537.723373413086 402.626138687134 307.134178161621 284.240829467773 399.456642150879 382.35036277771 263.891304016113 181.794303894043 180.905822753906 281.619522094727 362.288499832153 342.2668800354 290.006958007812 326.976318359375 347.963765621185 441.88387298584 179.22233581543 397.812557220459 431.098320007324 364.749256134033 489.763763427734 482.741493225098 517.40007019043 405.637154579163 319.004386901855 305.413414001465 424.897319793701 357.905899047852 347.618095397949 417.459324836731 330.824226379395 322.537223815918 600.768325805664 471.828208684921 402.558353424072 409.763153076172 534.368082046509 705.651092529297 641.870185852051 734.983154296875 582.040916442871 558.968692779541 672.8200340271 557.439491271973 503.705513000488 -9999 -9999 914.973468780518 694.428607940674 770.454666137695
423.257381439209 426.777614593506 285.710548400879 450.571449279785 419.124225616455 461.607788085938 290.418342590332 96.9387054443359 175.788223266602 197.06575012207 295.843742370605 295.485698699951 349.475340604782 464.817665100098 353.376108169556 404.864971160889 439.850227355957 376.787841796875 444.429481506348 372.947390556335 415.930206298828 429.696338653564 484.235763549805 384.351260662079 325.519905090332 387.956508636475 322.507286071777 364.665748596191 405.810146331787 317.842811584473 354.580070495605 426.549385786057 547.44359588623 448.127000808716 423.610240936279 699.695068359375 632.389762878418 705.190460205078 590.47452545166 664.98388671875 667.645618438721 650.836233139038 -9999 -9999 -9999 -9999 -9999 -9999 -9999 -9999
421.781908988953 435.913394927979 342.862930297852 489.364349365234 378.855039954185 450.049682617188 308.013954162598 -4.25689697265625 209.863845825195 158.817901611328 166.3916015625 218.075950622559 316.770097732544 296.756767272949 338.919384241104 309.369064331055 329.552272796631 340.908866882324 343.338441848755 333.26583480835 374.747232437134 331.350910186768 457.177165985107 484.678466796875 469.649543762207 426.064060211182 368.401069641113 569.035552978516 409.177528381348 416.833751678467 273.973754882812 411.614770889282 515.258679389954 382.805183410645 484.2419090271 555.498226165771 590.911511421204 797.322845458984 664.379730224609 589.011900901794 758.035095214844 -9999 -9999 -9999 -9999 -9999 -9999 -9999 -9999 -9999
