simdem/realisation98.asc
NCOLS 350 
NROWS 171 
XLLCORNER 152620 
YLLCORNER 418050 
CELLSIZE 100 
NODATA_value -9999 
[rows 132 to 153 of 171, columns 250 to 299 of 350]
904.335517883301 807.752822875977 800.153135299683 730.603889465332 812.233766555786 768.541069030762 642.281879425049 625.86905670166 717.931636810303 900.018112182617 740.391768932343 686.160148620605 858.678085327148 780.540496826172 803.753770828247 904.322128295898 670.967685699463 752.468668937683 846.673047780991 537.61457824707 541.648681640625 525.701919555664 659.983474731445 650.429086685181 657.566623687744 670.060216903687 726.402587890625 593.612205505371 623.359506607056 726.214309692383 749.147094726562 741.03385925293 651.053501486778 692.680561065674 483.961334228516 406.253280639648 473.953125 533.261795043945 551.349609375 871.525150299072 1047.751953125 1294.11155700684 1009.81346130371 1137.4555273056 971.597896575928 895.256576538086 925.583303451538 812.433673858643 1000.47657775879 880.280670166016
837.64041519165 769.71238899231 777.070529937744 855.211387634277 620.047348022461 537.154186248779 549.712295532227 625.648693084717 684.46849822998 747.1213722229 693.760292053223 846.459533691406 862.531837463379 849.425300598145 701.870323181152 811.051322937012 750.616432189941 940.368028640747 1048.44452667236 600.1826171875 423.309265136719 697.775131225586 545.274795532227 597.314315795898 634.872062683105 771.680824279785 694.688095092773 672.842170715332 703.9866065979 797.68586730957 615.330984115601 644.676074028015 644.394950866699 598.487533569336 591.999164581299 502.347381591797 338.473663330078 564.758476257324 700.064916610718 588.255889892578 563.292999267578 969.441329956055 1206.61129760742 1221.72881317139 1061.33130073547 936.592845916748 1034.21276855469 781.74542427063 835.215957641602 806.046737670898
764.005554199219 897.986282348633 831.305324554443 715.24271774292 540.231407165527 550.806953430176 626.283638000488 688.301071166992 578.578430175781 741.123580932617 776.905899047852 795.647541046143 853.230735778809 737.586822509766 739.267835617065 791.459201812744 796.997261047363 861.861175537109 949.644189357758 735.038097381592 811.683715820312 837.28059387207 595.182319641113 593.226463317871 707.718935489655 905.544464111328 795.514175415039 748.175071716309 642.432765007019 688.682010650635 600.026817321777 532.316192626953 601.940757751465 581.235908508301 598.820762634277 574.443557739258 613.529312133789 687.66854763031 575.456115722656 574.172927856445 757.906349182129 864.849182128906 790.226509094238 842.707191467285 883.184453964233 715.962173461914 879.334066390991 778.501388549805 826.080543518066 835.280780792236
697.382690429688 718.251535415649 776.12622833252 755.57844543457 774.15348815918 768.956924438477 751.82006072998 827.650779724121 755.902275085449 835.351945877075 758.879264831543 893.9328956604 887.925025939941 841.488990783691 731.175705909729 822.070907592773 779.972646713257 739.505799531937 730.568065643311 861.848152160645 791.211236000061 692.593776702881 683.805097579956 750.933403015137 659.184249043465 655.259250640869 671.820137023926 715.244720458984 678.968955993652 580.533924102783 644.775341033936 529.911178588867 595.676277160645 596.121730804443 621.309852600098 693.699909210205 631.582515239716 656.510139465332 545.051818847656 676.716365814209 736.233457565308 704.884143829346 663.714681625366 473.143753051758 630.885353088379 814.739616394043 735.822830200195 796.09001159668 758.070495605469 963.993659973145
701.034076690674 735.867179870605 785.139251708984 800.672760009766 767.67546081543 831.856388092041 825.048374176025 815.529783248901 857.801986694336 841.685081481934 833.719638824463 818.851150512695 741.284080505371 774.625825881958 894.183074951172 645.51912689209 786.249952316284 755.190887451172 743.518716812134 700.184074401855 828.553251266479 712.963171005249 747.518390655518 860.846878051758 817.708023071289 838.470108032227 848.072647094727 628.476282119751 650.054840087891 535.861366271973 550.02906036377 490.113540649414 780.220764160156 611.816600799561 620.094108581543 598.913562774658 535.709060668945 552.448303222656 574.52123260498 698.618011772633 779.060668945312 665.70011138916 679.764165878296 516.250640869141 510.43017578125 719.764282226562 859.235189437866 867.077152252197 958.813919067383 810.51488494873
721.986991882324 708.105768203735 734.899366378784 756.11536026001 787.145565986633 952.260894775391 911.516616821289 826.818817138672 737.074352264404 814.201820373535 902.685516357422 777.108715057373 720.50199508667 756.499481201172 641.154029846191 760.997024536133 671.608745574951 855.166652679443 787.387626647949 756.829322814941 649.808877944946 806.139472961426 752.225353240967 691.288101196289 736.670265197754 800.670349121094 743.566703796387 710.260848999023 729.126258850098 648.538137435913 664.550855636597 821.631217956543 655.459072113037 726.393825531006 727.905662536621 651.806262969971 532.304290771484 570.306091308594 570.850082397461 672.767910003662 773.180011749268 716.592952728271 590.136123657227 557.211059570312 718.530716896057 706.489116668701 956.082717895508 952.605056762695 869.150699615479 846.992385864258
825.761444091797 665.32691192627 798.756980895996 953.70703125 808.200668334961 897.925491333008 806.622333526611 824.255565643311 768.204556465149 779.23505115509 744.124599456787 675.790313720703 709.796894073486 727.934936523438 657.761184692383 615.916084289551 606.498504638672 799.154541015625 668.918334960938 751.086599349976 698.476072311401 730.584018707275 732.75319480896 665.479078292847 562.357543945312 671.986335754395 757.292846679688 865.568786621094 772.017295837402 660.050828933716 662.212099075317 668.460775375366 706.195350646973 730.172588348389 639.593017578125 643.91259765625 754.528541564941 700.938715457916 643.637672424316 768.158725738525 796.268280029297 614.23127746582 542.554397583008 563.875595092773 567.246017456055 661.487142562866 814.691719055176 881.30126953125 839.787000656128 620.119346618652
719.789751052856 682.674331665039 722.303611755371 797.15532040596 883.65990447998 855.95531463623 823.284997940063 771.028740882874 771.587938308716 776.403259277344 676.180198669434 809.530736923218 617.937759399414 779.662994861603 818.510822296143 840.034492492676 756.939955532551 826.135383605957 709.170450210571 899.512329101562 731.094818115234 529.505340576172 594.079483032227 726.46176981926 775.415857315063 728.379615783691 864.398391723633 843.851539611816 792.622665405273 547.948013305664 671.576268672943 809.562202453613 648.510284423828 767.762199401855 687.755494117737 670.118258476257 730.038509368896 816.603492736816 674.088893890381 535.122375488281 551.926681518555 650.236373901367 580.598045349121 666.953804016113 790.564456939697 911.547561645508 763.89786529541 781.687896728516 760.413673400879 885.383399963379
729.174728393555 763.57738494873 724.369361877441 899.064300537109 848.433925628662 782.493158340454 699.129325866699 810.327507019043 764.870944976807 704.058158874512 709.182739257812 831.798782348633 720.53763961792 747.335674285889 806.393407821655 833.110759735107 915.949699401855 846.919593811035 830.202499389648 649.262535095215 781.569816589355 749.52734375 597.889129638672 672.998893737793 793.245935440063 705.627849578857 858.787288665771 883.977210998535 648.144605636597 701.920631408691 682.056579589844 651.397975921631 707.036197662354 629.956047058105 634.062538146973 610.316387176514 659.337672233582 751.140644073486 607.026916503906 581.639526367188 633.649570465088 741.382452011108 693.974707603455 789.414630889893 833.817764282227 856.726913452148 674.276294708252 649.391429901123 571.971145629883 631.243217468262
704.676839828491 795.440705299377 667.496841430664 726.908653259277 748.701446533203 672.170425415039 671.316787719727 806.329696655273 805.221005439758 691.455810546875 879.096054077148 826.747413635254 644.362014770508 752.639251708984 641.545913696289 862.318723678589 932.438873291016 878.096214294434 796.355777740479 730.810620307922 606.639457702637 535.916870117188 649.142593383789 731.645126342773 819.512229919434 746.026988983154 691.253395080566 919.930585861206 775.020650863647 775.94650042057 726.116316795349 692.233684539795 648.057857513428 675.697940826416 626.16520690918 647.397136688232 761.32608795166 825.780212402344 675.417755126953 545.177368164062 708.759331703186 788.721965789795 786.333560943604 784.430358886719 692.905239105225 618.392601013184 737.447867393494 663.730611801147 599.59285736084 613.453857421875
878.234092712402 902.185089111328 1197.45886230469 767.183151245117 766.487686157227 696.050842285156 655.150375366211 617.662498474121 795.804371833801 733.225532531738 831.934479951859 675.809616088867 843.164028167725 827.628831863403 796.709796905518 923.344299316406 853.238487243652 877.104682922363 898.088158607483 669.270439147949 781.262908935547 487.788330078125 633.959579467773 862.033828735352 675.480602264404 721.270626068115 760.512086868286 787.081126213074 717.437873840332 749.156095981598 821.666046142578 891.595397949219 567.418167114258 597.560577392578 891.26789855957 798.149856567383 861.379852294922 756.830444335938 656.187963485718 580.312393188477 694.414131164551 734.538562774658 705.20774936676 673.145952224731 599.671546936035 639.022399902344 618.192108154297 670.793609619141 899.293106079102 831.636001586914
751.310684204102 758.906951904297 1139.36893463135 706.400094985962 741.051464080811 545.419769287109 619.182342529297 807.808258056641 632.90071105957 699.713386535645 718.42643737793 720.822086334229 727.659523010254 827.746248245239 864.036460876465 900.774406433105 900.80876159668 926.246192932129 1062.40480041504 715.759189605713 685.061653137207 774.271537780762 667.938865661621 761.491460800171 781.286116600037 666.279783248901 793.782892227173 964.724212646484 763.001747131348 795.146572113037 848.95662689209 803.350341796875 697.66378569603 738.61701965332 750.157375335693 790.370597839355 770.913330078125 698.565324783325 580.208503723145 702.588063716888 720.055002212524 665.301204681396 744.576023101807 854.792343139648 728.318361282349 655.452415466309 635.877571105957 713.610834121704 808.416202545166 857.929351806641
549.522445678711 692.586320400238 777.592082977295 733.433996200562 823.651947021484 510.444381713867 535.36767578125 724.671463012695 678.39126086235 752.145168304443 913.912982940674 691.949729919434 736.53076171875 749.30753326416 967.585922241211 933.921928405762 947.799423217773 969.67845916748 919.42155456543 832.500340461731 812.584901809692 847.215965270996 780.696506500244 818.718227386475 734.041328430176 696.142597198486 756.226959228516 855.160499572754 821.471920013428 916.607284545898 818.625260353088 814.307092666626 790.46395111084 600.062576293945 656.857490539551 725.415205955505 696.871202468872 639.253410339355 783.065944671631 840.334968566895 730.346078872681 616.459510803223 651.56209564209 812.398498535156 797.703880310059 796.693862915039 707.507616043091 788.292835235596 621.587005615234 775.326648712158
-9999 -9999 -9999 912.42036819458 839.491186141968 876.785930156708 727.463481903076 677.456809997559 713.958320617676 681.413173675537 823.0085105896 749.546728134155 956.671691894531 1016.48579406738 981.688140869141 941.399528503418 976.906005859375 957.517616271973 951.851005554199 902.87903213501 863.427349090576 862.299346923828 815.345913887024 675.565628051758 783.395042419434 698.97185754776 723.030581951141 839.476028442383 738.737659454346 823.229404449463 800.958620071411 796.940842628479 907.31916809082 773.163390636444 658.842372894287 872.414459228516 759.996809005737 835.77462387085 808.517433166504 880.264122009277 792.083105802536 699.109474182129 727.904756546021 722.388842582703 744.34019947052 650.310859680176 761.544723510742 733.027942895889 710.78698348999 836.606155395508
-9999 -9999 -9999 -9999 -9999 -9999 963.379264831543 743.314682006836 718.761699676514 777.044106960297 673.679499149323 684.316171646118 817.715641021729 955.285503387451 838.572412490845 909.101001739502 808.916799545288 915.712554931641 884.687561035156 823.702529907227 856.422735452652 733.982513427734 1005.75820922852 819.19026184082 843.746426343918 707.184715270996 787.834766387939 865.339004516602 833.892791748047 898.427963256836 911.651725769043 922.020393371582 930.265243530273 898.494598388672 725.564819335938 791.767646789551 833.66254234314 849.9934425354 903.329776763916 922.735399246216 880.231035232544 699.68775177002 776.582622528076 701.883131027222 737.88143157959 701.762662887573 592.26441192627 745.237067222595 706.022487640381 789.671083450317
-9999 -9999 -9999 -9999 -9999 -9999 -9999 -9999 -9999 822.614574432373 709.15047454834 705.753955841064 813.533008575439 753.330230712891 661.945846557617 695.531776428223 1004.33729553223 869.918546676636 944.849243164062 894.931518554688 856.018199920654 829.50904083252 1056.03588867188 1004.61570739746 856.21488571167 779.755102157593 699.657135009766 883.225173950195 848.065457344055 1011.81701660156 862.942384004593 855.476081848145 789.079933166504 815.520584106445 845.878936767578 698.758927345276 707.75869178772 661.986423492432 726.66512298584 741.676528930664 716.204425811768 571.735473632812 593.186317443848 624.39208984375 802.661975860596 852.812210083008 703.054401397705 762.710945129395 856.046447753906 665.390098571777
-9999 -9999 -9999 -9999 -9999 -9999 -9999 -9999 -9999 -9999 -9999 848.836624145508 696.142562866211 652.040603637695 581.398345947266 655.317123413086 781.681005477905 1337.48319625854 875.559658050537 747.139945983887 993.588020324707 965.284231185913 1121.0972442627 1033.37884521484 918.271842956543 797.242847442627 775.375232696533 805.41691160202 785.53272819519 922.263078689575 830.622467041016 833.129276275635 619.614990234375 729.380531787872 766.343420028687 666.678424835205 738.110919952393 773.676414489746 732.024211883545 651.542972564697 694.546653747559 797.690147399902 716.752078056335 651.336578369141 702.613849639893 857.773574829102 873.042961120605 730.361671447754 841.312980651855 665.667289733887
-9999 -9999 -9999 -9999 -9999 -9999 -9999 -9999 -9999 -9999 -9999 -9999 890.03663444519 761.480149269104 620.627388000488 534.312271118164 696.575965881348 1382.3790473938 1132.2919921875 1092.41111755371 1006.85531616211 1144.63410592079 1107.32042694092 1115.00020217896 964.076507568359 660.55729675293 659.300582885742 757.210952758789 782.906269073486 873.597059249878 841.797657012939 723.423919677734 764.733085632324 719.837228775024 666.65007019043 527.775695800781 649.982284545898 696.619483947754 693.854114532471 651.477500915527 782.280071258545 862.533042907715 870.593147277832 658.54931640625 702.679206848145 749.52179813385 713.23371887207 716.252643585205 787.54270362854 762.229226112366
-9999 -9999 -9999 -9999 -9999 -9999 -9999 -9999 -9999 -9999 -9999 -9999 884.890241622925 819.146858215332 799.765829086304 715.413248062134 627.881774902344 859.751968383789 907.847087860107 740.884407043457 823.558475494385 943.07666015625 956.48046875 943.757835388184 961.358215332031 980.364166259766 1172.68189239502 683.718078613281 822.843353271484 772.431335449219 883.621824264526 849.150314331055 827.781294822693 812.818492889404 812.182064056396 807.685981750488 791.41234266758 692.0908203125 692.794540405273 709.290283203125 762.728136062622 728.059988021851 793.633025169373 745.631784439087 869.8798828125 860.19075012207 672.403038024902 662.941337585449 695.393272399902 871.338050842285
-9999 -9999 -9999 -9999 -9999 -9999 -9999 -9999 -9999 -9999 -9999 -9999 -9999 986.546157836914 1029.42764282227 959.304000854492 649.851943969727 699.674171447754 944.724864959717 843.633241653442 913.660362243652 723.896987915039 736.360103607178 986.293716430664 871.838977813721 861.316223144531 794.313299179077 795.282485961914 730.064548492432 630.547348022461 1004.48893737793 697.23038482666 807.832265853882 813.427272796631 814.964225769043 827.780747890472 778.860275268555 801.74499130249 777.290134429932 748.90408706665 870.518424987793 754.002715110779 755.554828643799 757.348211288452 645.602088928223 699.810966491699 846.302886962891 814.853500366211 832.393268585205 781.938368916512
-9999 -9999 -9999 -9999 -9999 -9999 -9999 -9999 -9999 -9999 -9999 -9999 -9999 -9999 917.169143676758 737.000617980957 766.708915710449 638.573226928711 828.525840759277 820.110286712646 939.962203979492 832.458740234375 952.389881134033 860.614044189453 962.10481262207 867.851608276367 605.591888427734 913.997497558594 782.087738037109 779.911827087402 793.767214298248 773.531299591064 660.980751037598 704.600337982178 817.698707580566 929.219100952148 902.05424118042 886.770904541016 993.621475219727 817.570353507996 779.00447845459 780.520179748535 837.329522609711 724.991676330566 878.202362060547 896.154747009277 824.703987121582 762.786144256592 793.208563804626 884.559753417969
-9999 -9999 -9999 -9999 -9999 -9999 -9999 -9999 -9999 -9999 -9999 -9999 -9999 -9999 920.318008422852 775.695275306702 561.42138671875 695.497039794922 805.462917327881 835.973052978516 901.559401273727 969.774757385254 834.062135696411 751.039276123047 1006.93159484863 925.560913085938 794.631591796875 838.166698932648 804.962856292725 858.113845825195 980.924682617188 717.768402099609 1054.57364082336 706.966415405273 784.935371398926 952.271255493164 768.756945490837 794.66524887085 850.781105041504 825.303158283234 715.750549316406 780.155628204346 768.700218200684 761.859992980957 836.976475000381 940.936416625977 922.633735656738 843.269164562225 818.893144607544 904.748466491699
