simdem/realisation62.asc
NCOLS 350 
NROWS 171 
XLLCORNER 152620 
YLLCORNER 418050 
CELLSIZE 100 
NODATA_value -9999 
[rows 44 to 65 of 171, columns 150 to 199 of 350]
513.006521224976 443.573905944824 445.363021850586 575.236749649048 468.56770324707 536.662490844727 464.172248840332 567.996406555176 692.685424804688 498.271453857422 575.399515151978 568.108347892761 459.426155090332 346.821426391602 463.627746582031 518.445159912109 664.473114013672 564.298207759857 559.710476875305 493.933141708374 607.286422729492 519.764808654785 470.068328857422 500.179832458496 524.360916137695 634.12873840332 494.503868103027 577.512780249119 327.140914916992 596.154293060303 578.967834472656 759.475151062012 651.01100730896 527.398864746094 629.729705810547 640.426747322083 681.352341175079 803.682281494141 680.956069946289 495.888862609863 598.46170425415 609.007892608643 480.621162414551 836.743135929108 904.0478515625 698.012428283691 675.393733978271 735.874813079834 1135.61737060547 1217.23725128174
390.409271240234 423.389122009277 501.398826599121 599.357070922852 535.004211425781 713.405136108398 633.717239379883 608.858776092529 549.104376792908 592.996566772461 549.508249282837 485.819137573242 571.594337105751 524.427028656006 435.709609985352 570.862651824951 534.664909362793 516.945096969604 419.390335083008 502.964496612549 449.620346069336 632.729927062988 570.903135299683 662.080383300781 579.980472564697 557.43572884798 582.197376251221 560.355724334717 406.990020751953 556.197174072266 565.370845794678 607.678194046021 627.21842956543 715.711452484131 771.607200622559 546.049140930176 531.58975982666 683.808525085449 780.757537841797 558.683906555176 691.888122558594 540.940446853638 569.293973326683 666.971481323242 736.024841308594 695.467163085938 709.685768127441 703.059104919434 593.265998840332 955.749221801758
463.366130828857 570.098628997803 638.256774902344 571.288467407227 539.722694396973 723.730041503906 634.909400939941 612.370323181152 567.227763652802 595.825622558594 392.468688964844 473.980857849121 497.761085510254 601.926971435547 596.657367706299 497.908531188965 692.403884887695 540.14604473114 488.390727996826 511.329763412476 642.711532592773 599.751693725586 728.029861450195 622.359237670898 618.604232788086 575.224884033203 556.011829853058 585.008586883545 534.73140335083 524.620861053467 535.783866882324 556.79385471344 641.477214813232 649.331596374512 443.666122436523 442.731262207031 644.013050079346 693.004943847656 728.637802124023 606.714831113815 529.691875457764 501.084426879883 527.976264953613 577.30859375 564.034437179565 700.347015380859 645.681259155273 786.679870605469 587.877379417419 622.82678604126
600.73388671875 603.539207458496 548.499097824097 506.055610656738 730.479843139648 527.699877738953 473.475681304932 548.501108169556 502.271934509277 580.580589294434 417.200576782227 396.175399780273 419.174987792969 572.126552820206 517.05054473877 575.306531906128 621.953243255615 523.036510467529 600.265411376953 572.551977157593 565.138809204102 686.745834350586 763.566467285156 648.412796020508 657.179351806641 527.698443412781 667.237167358398 428.686058044434 558.902185440063 516.920581817627 573.541395187378 715.303558349609 708.442398071289 451.682159423828 399.381210327148 466.113609313965 560.579975128174 576.953521728516 592.017119407654 531.036298751831 525.170787811279 443.484817504883 522.977451324463 583.735093951225 450.6328125 580.229927062988 678.240188598633 647.448890686035 670.546813964844 826.062591552734
552.77773475647 506.382617950439 579.599063873291 522.66355574131 578.280208587646 519.164539337158 600.001384735107 456.134185791016 495.108837127686 651.445915222168 492.549278259277 569.496506154537 525.657146453857 519.779579162598 586.035415649414 704.366806030273 629.311460494995 600.882511138916 612.60228729248 546.919946670532 528.465631484985 667.957778930664 615.782318115234 551.338068008423 629.18187713623 619.996292114258 508.716316223145 484.342697143555 450.125366210938 404.381393432617 586.960540771484 574.579360961914 437.115753173828 465.998550415039 531.210752010345 367.60368347168 427.233276367188 612.354225158691 439.99193572998 493.202690124512 482.423263549805 533.343399047852 510.722450256348 557.762683868408 568.320298194885 619.63180065155 662.737143158913 635.238464355469 785.245574951172 711.697998046875
477.306442260742 387.789268493652 484.60865020752 488.652130126953 561.849048614502 513.707494735718 538.075078964233 435.487953186035 364.49430847168 632.679466247559 575.620950698853 521.028697967529 571.062636375427 553.890810012817 522.25749206543 675.722408294678 710.410652160645 708.767894744873 752.917156219482 681.572563171387 514.640033721924 653.976045608521 639.268448829651 615.739407777786 434.713302612305 568.673157691956 558.979085922241 391.599090576172 447.60555267334 442.853019714355 392.931243896484 435.368759155273 390.032699584961 427.059181213379 325.621978759766 332.23942565918 412.854049682617 409.982498168945 573.367869377136 686.158584594727 550.624447822571 457.777763366699 530.852685928345 361.470336914062 521.887588500977 568.373055458069 808.11669921875 750.333389282227 727.615936279297 827.593902587891
505.219265937805 524.275541305542 497.684734344482 568.166965484619 387.25846862793 473.425849914551 484.847606658936 543.293521642685 579.62260055542 472.829803466797 551.536163330078 634.352256774902 558.532917022705 507.696804046631 484.36457824707 515.131553649902 578.224332809448 688.506530761719 718.423694550991 758.18977355957 496.60555267334 530.236843109131 664.432945251465 680.440851211548 700.750991821289 559.456309318542 578.264122486115 461.439445495605 495.523109436035 489.400611877441 453.653167724609 445.200714111328 380.861602783203 341.148574829102 502.944759368896 357.013320922852 466.943817138672 600.349243164062 592.643547058105 682.476295471191 639.147994995117 497.415298461914 530.734509468079 569.080701828003 533.070449829102 437.107406616211 545.129371643066 616.046600341797 679.728385448456 812.401611328125
570.422199249268 602.75057220459 505.538751602173 511.021871566772 426.033226013184 419.926147460938 439.845077514648 488.598083496094 577.211709976196 569.025489330292 578.630477905273 602.596755981445 623.991024017334 581.357663393021 603.629166603088 714.144691467285 486.93745803833 510.75479888916 614.085411071777 709.66655921936 725.38801574707 601.729154586792 536.165115356445 603.52677154541 769.3486328125 809.030982971191 747.060350418091 568.557632446289 639.305950164795 641.823753356934 514.612552642822 487.665462493896 383.492263793945 377.646957397461 394.495422363281 451.654586791992 464.156761169434 506.146270751953 661.096626281738 650.509056091309 659.2724609375 522.353958129883 477.018829345703 510.322486877441 426.269287109375 611.368114471436 595.355978965759 507.580574035645 552.693386077881 715.106903076172
480.876670837402 551.687408447266 507.78271484375 432.506362915039 469.252449035645 415.544868469238 413.783889770508 614.97981262207 614.736824035645 619.996356964111 659.739189147949 620.360961914062 576.433592796326 597.487648487091 545.572423934937 657.711500167847 586.583908081055 621.623888015747 600.848915100098 583.881736755371 577.653709411621 619.955873966217 407.032287597656 563.113285064697 488.800857543945 612.849380493164 745.308987677097 621.694911956787 465.330375671387 654.704261779785 544.631655693054 472.680969238281 501.98034286499 494.702655792236 485.66877746582 428.648681640625 693.259796142578 555.739910960197 636.589160919189 780.447113037109 727.877807617188 543.056911468506 426.367095947266 456.42073059082 429.479461669922 517.475433349609 423.981826782227 571.541152954102 665.605539321899 678.646858215332
488.46605682373 578.678413391113 580.716407775879 581.477596282959 565.69979095459 455.670890808105 663.648048400879 658.557006835938 643.408683776855 624.091613769531 565.171875476837 685.282211303711 633.387409210205 595.36446762085 509.004360198975 569.132901668549 550.798007965088 690.23511505127 826.134658813477 663.326034545898 639.056049346924 560.098611831665 557.062339782715 383.129699707031 560.476615905762 679.667045593262 765.149284362793 712.971992492676 442.986068725586 509.779624938965 617.089504241943 414.493041992188 476.878593444824 404.257202148438 552.730879664421 584.453777313232 615.609512329102 572.754870414734 627.632774353027 556.104537963867 588.920639038086 622.02379989624 570.449872016907 408.779373168945 358.144393920898 480.62085723877 444.81135559082 514.898147583008 584.854976177216 493.331901550293
614.598045349121 618.885078430176 463.452812194824 494.133491516113 530.011501312256 535.400867462158 579.3890209198 574.899928092957 561.819489002228 573.588269233704 458.836402893066 678.504096984863 762.16618347168 635.697254180908 604.355281829834 506.452178955078 432.383590698242 641.811134338379 769.7685546875 538.293296813965 576.907529830933 643.67943572998 680.33228302002 469.756675720215 620.955889225006 603.319301605225 664.219955563545 576.509651184082 619.999782161205 498.844017028809 417.104904174805 460.615158081055 448.22021484375 551.574341773987 472.569747924805 551.999865055084 548.531309604645 618.935192108154 738.501472473145 639.321601867676 507.238208770752 426.021621704102 658.443874359131 559.724700927734 330.738861083984 307.929992675781 567.406394958496 466.30224609375 664.441719055176 400.243392944336
478.993560791016 629.868774414062 599.164451599121 502.94264793396 476.96558380127 498.364036560059 442.550407409668 487.62393951416 665.0498046875 579.063673019409 506.194000244141 683.129035949707 619.172348022461 600.476894378662 483.209533691406 451.111404418945 580.358553886414 788.902969360352 579.705481529236 530.615673065186 477.288208007812 395.530838012695 542.841388702393 539.663887023926 500.185882568359 674.438934326172 697.56591796875 511.338485717773 631.013454675674 551.23136138916 532.796131134033 508.788787841797 607.404296875 676.667060852051 578.017765045166 526.702686309814 545.271820068359 638.24100112915 632.36669921875 646.434391021729 636.155033111572 678.130851745605 587.341490745544 618.127776145935 456.636825561523 580.078624725342 518.798267364502 506.916549682617 646.538475036621 712.593612670898
539.668108940125 534.970067977905 549.036854982376 478.969581604004 442.852165222168 538.940041542053 422.415374755859 440.888427734375 731.613128662109 560.199194908142 674.405776977539 540.164988517761 555.815733909607 529.171123504639 542.210052490234 377.898620605469 607.63133430481 684.230117797852 632.599197387695 470.58332824707 371.115478515625 400.4140625 417.508041381836 582.446624755859 536.722480773926 597.488107442856 568.818374633789 539.539398193359 502.257049560547 441.784957885742 619.457489013672 615.237656593323 575.392721176147 564.210823059082 618.09627532959 655.844764709473 582.752416610718 472.630065917969 650.420641899109 679.581588745117 546.139659881592 671.430213928223 659.828800201416 706.985481262207 687.649208068848 514.961540222168 571.835899353027 538.543807983398 673.170597076416 562.295497894287
607.23412322998 459.153762817383 409.233581542969 380.446517944336 511.587158203125 482.072360992432 446.496047973633 501.229202270508 508.854038238525 650.528076171875 610.51113319397 679.974311828613 566.934275150299 532.931510925293 629.942127227783 483.778121948242 506.662590026855 611.438488006592 680.14900970459 547.816345214844 444.223434448242 346.674240112305 515.026435852051 413.394943237305 580.266224861145 553.423358917236 464.864074707031 565.375991821289 597.675338745117 672.510894775391 664.371163189411 618.807655334473 559.660655975342 413.628280639648 693.58358001709 762.237213134766 540.30443572998 579.95609664917 593.757814407349 662.939002990723 685.998275756836 649.969806671143 580.555763244629 559.102363586426 576.311126708984 499.476585388184 543.165412902832 692.167701721191 706.897926330566 682.853950500488
461.544822692871 639.297513961792 505.953170776367 423.655014038086 396.4306640625 340.66081237793 249.914825439453 495.89478302002 629.313165664673 749.386108398438 543.063348770142 690.365943908691 605.568815231323 579.892035484314 448.529037475586 444.029014587402 458.48371887207 493.155670166016 618.350816309452 531.546730041504 555.548076629639 599.602336883545 598.188358306885 629.421443939209 601.580858230591 559.343475341797 577.176563262939 577.419673919678 626.879472732544 727.519150733948 673.181415557861 531.293258666992 576.756523132324 658.253285288811 758.81950378418 604.194667816162 491.101699829102 562.704458236694 652.58402633667 580.877346038818 444.068969726562 634.02495765686 647.270385742188 452.404220581055 544.77717590332 653.17573928833 538.173881530762 671.234638214111 613.646181493998 555.234615325928
469.63606262207 475.69701385498 557.50364112854 449.36848449707 411.308303833008 530.176555633545 566.926947116852 514.091011047363 524.250049591064 673.894302368164 540.260315895081 553.261470794678 596.756950378418 529.047607421875 510.755233764648 640.638633728027 609.339130401611 547.723123550415 575.726956605911 537.879737854004 605.450600862503 584.57431602478 627.007429122925 687.164581298828 643.806407928467 520.090019226074 564.712364196777 670.770286560059 696.465847015381 542.878890991211 677.036110877991 556.001670837402 739.391983032227 718.519714355469 770.662727355957 729.69945526123 630.982336044312 700.429550170898 572.536170959473 702.86986541748 672.155388832092 697.325469970703 572.229091644287 578.76823425293 635.978647232056 600.797527313232 637.251673698425 586.113182067871 547.551778793335 566.120449066162
597.665803909302 460.035781860352 665.977466583252 522.537526130676 565.514614105225 628.481803894043 631.799980163574 568.43414068222 625.77437210083 545.385825157166 530.80094909668 463.255958557129 576.218800544739 515.280307769775 583.188961982727 694.908309936523 653.800872802734 637.834899902344 478.73787689209 565.558994293213 616.356903076172 683.393775939941 623.940551757812 712.586250305176 624.776592254639 569.910083770752 577.453239440918 567.347610473633 659.7216796875 602.80020904541 570.805503845215 709.39599609375 663.268304347992 720.115409851074 780.965469360352 665.876636505127 542.824974060059 644.117137908936 715.690940856934 578.396293640137 738.174785614014 686.291526794434 652.070387363434 616.142505645752 635.454971313477 663.192095756531 673.50802230835 652.344532012939 625.099489092827 573.339515686035
577.148242950439 477.867126464844 608.734767913818 616.303695678711 580.035362243652 540.471979618073 449.494422912598 576.763566970825 608.119037628174 605.841201782227 655.072326660156 631.031562805176 483.979309082031 503.943565368652 561.161757946014 726.668197631836 671.903831481934 634.475593566895 455.325759887695 530.077156066895 687.017852783203 544.625923156738 610.617139816284 603.232032775879 682.674213409424 715.949310302734 651.694332122803 615.270799636841 605.70959854126 465.248588562012 685.574047088623 649.541971206665 658.151135444641 640.867457747459 680.206150054932 577.0948138237 530.542121887207 617.084980010986 727.296562194824 670.749124526978 656.501964569092 558.354114532471 626.457416534424 782.141635894775 688.099750518799 599.475620269775 656.056804656982 673.272033691406 764.895469665527 678.912181854248
480.978973388672 403.277603149414 580.357688903809 560.658427238464 485.926681518555 503.0075340271 555.547287464142 639.786262512207 603.162395477295 660.358505249023 660.694801330566 686.839691162109 670.341659545898 529.058963775635 567.184365153313 597.767467498779 702.115936279297 602.553516387939 563.672183990479 480.635330200195 594.049474716187 682.71509552002 671.46622467041 593.705774307251 582.834873199463 665.103233337402 639.197199821472 614.697460174561 784.526153564453 646.105621337891 554.06946182251 611.878042221069 578.639525413513 623.725284576416 631.555753707886 605.774894714355 538.403011322021 588.850939750671 666.644023895264 577.037216186523 608.137474060059 445.388824462891 560.317100524902 623.735473632812 782.533355712891 678.250574111938 598.135366439819 677.213314056396 644.332439422607 680.229906082153
434.711311340332 460.552757263184 611.345397949219 572.690979003906 557.97108745575 507.018379211426 621.851287841797 523.845474243164 633.245906829834 545.49356842041 477.671928405762 678.184783935547 656.495140075684 547.448062896729 628.205127716064 551.685907363892 552.727239131927 607.461750030518 641.202964782715 536.342712402344 666.14714050293 531.737106323242 640.355857849121 655.395889282227 496.601745605469 579.527496337891 556.787696838379 568.334749221802 650.025917053223 776.233901977539 584.057698249817 529.485820770264 580.742708206177 606.555992126465 703.519760131836 625.87478351593 615.649138689041 675.06371307373 464.057022094727 520.302452087402 526.501289367676 573.731323242188 569.386161804199 639.051571846008 524.803619384766 697.809921264648 697.095970153809 635.979390382767 531.179870605469 475.689888000488
551.680266946554 527.73356628418 613.950675964355 628.425361633301 612.382900238037 720.814697265625 616.900493621826 649.409278869629 597.686040878296 602.551982879639 552.016901016235 472.444343566895 654.429977416992 613.543545722961 551.671543121338 530.171077728271 570.685083389282 554.238829672337 712.189300537109 611.245239257812 569.790786266327 523.443420410156 725.24870300293 767.302978515625 631.793228149414 448.260314941406 580.508502960205 650.812313079834 609.697296142578 563.089490890503 518.205997467041 627.462951660156 688.766220092773 562.50004196167 646.212070465088 662.509342193604 621.237627983093 602.96166229248 573.816123962402 622.372579574585 655.584024429321 606.74160194397 576.123405456543 531.569770812988 577.185569763184 679.121063232422 589.875951766968 460.35034942627 512.595321655273 452.58805847168
681.088989257812 703.015090942383 576.936159133911 563.692249298096 577.023681640625 657.297088623047 570.263975143433 460.866920471191 545.089420557022 609.077930450439 524.936237335205 593.675527572632 572.724933624268 579.78994846344 544.759090423584 590.882946014404 491.31424331665 533.280065536499 567.312576055527 628.466087341309 599.107082366943 608.938335418701 475.585433959961 615.060123443604 602.595592498779 603.967524290085 665.503303527832 505.848670959473 553.494777679443 570.084023475647 646.816459655762 495.956024169922 671.343284606934 611.314015388489 521.448776245117 600.745854854584 645.955150604248 594.437334060669 750.865447998047 898.074432373047 776.147537231445 609.182664871216 514.103370666504 661.862113952637 721.990478515625 622.456386089325 621.200156211853 605.893552780151 460.471115112305 597.648895263672
