simdem/realisation98.asc
NCOLS 350 
NROWS 171 
XLLCORNER 152620 
YLLCORNER 418050 
CELLSIZE 100 
NODATA_value -9999 
[rows 110 to 131 of 171, columns 250 to 299 of 350]
945.882761001587 640.581314086914 754.476432800293 624.087364196777 1200.87699890137 896.231048583984 808.136173248291 1029.06420898438 771.807739257812 785.19255065918 775.92297744751 818.266044616699 1108.09638142586 931.98860168457 934.955902099609 855.294548034668 1073.38428497314 1218.52082824707 786.968353271484 758.695861816406 705.550064086914 837.176544189453 1069.82006454468 1070.76403045654 1013.25067138672 1008.15482139587 729.79753112793 808.343643188477 883.970832824707 696.664947509766 824.883422851562 838.964919567108 850.208660125732 803.781384468079 806.83576965332 847.122426986694 1086.33697509766 963.634910583496 1027.37056732178 924.10221862793 862.240112304688 759.911720275879 757.271279335022 719.669876098633 522.938049316406 622.621246337891 678.613838195801 595.575057983398 730.52197265625 736.101420640945
825.283264160156 512.481246948242 440.623062133789 774.148132324219 613.353820800781 579.264694213867 670.264495849609 1316.08067274094 389.368682861328 697.692729949951 718.242762565613 846.908584594727 909.635391235352 722.512062072754 857.651802062988 814.131015777588 726.608123779297 934.744422912598 918.415510177612 752.502517700195 1212.78739929199 1020.42356491089 1055.63511276245 739.689437866211 1005.74964904785 1536.03977966309 827.771808624268 898.523204803467 939.32283782959 610.24348449707 757.466156005859 735.324951171875 929.83024597168 795.935478448868 872.959999084473 931.73363494873 1144.17181396484 1113.42277526855 857.964064598083 868.679719924927 782.344549179077 763.819803237915 819.128687858582 736.914661407471 883.963394165039 869.400115966797 941.004592895508 671.687391281128 817.34451675415 911.463237762451
913.259559631348 931.717086791992 771.837127685547 764.298027038574 1063.47151947021 913.359786987305 860.935512542725 907.974563598633 832.91068649292 1002.59099006653 740.165189743042 653.662559509277 972.968214988708 1176.35880279541 1385.17922973633 1051.80522918701 889.960014343262 808.38106918335 976.059265136719 963.836433410645 838.707973480225 710.981567382812 1271.31287384033 1154.24906158447 1033.31608581543 1104.68323516846 1010.08689880371 1125.76531982422 974.824741363525 798.65064239502 848.254817962646 833.822952270508 828.101524353027 960.432392120361 841.170509338379 1052.63990783691 1068.37390899658 916.114479064941 718.445281982422 550.606399536133 758.869819641113 649.807188034058 782.096828460693 916.455270767212 948.808784484863 761.039966583252 724.546113967896 782.794116973877 821.461494445801 959.961936950684
700.204454421997 871.530187606812 689.799186706543 716.211151123047 955.123703122139 1357.41592407227 981.433517456055 730.596778869629 780.331321716309 679.770362854004 644.966110229492 702.440847396851 702.025840759277 762.566963195801 957.316497802734 872.161117553711 810.209409713745 742.536052703857 791.167095184326 690.679801940918 699.371322631836 888.294904708862 883.809171676636 897.692832946777 993.196517944336 1010.37142944336 1047.08013916016 1044.95578765869 1300.22274017334 1231.8116607666 748.590972900391 761.931686401367 916.642740249634 899.681526184082 678.044466018677 813.001766204834 903.845031738281 487.731918334961 542.579742431641 504.240776062012 603.322826385498 587.306934356689 710.603759765625 897.403175354004 603.932693481445 651.147048950195 590.223125457764 839.502422332764 798.033283233643 807.773399353027
906.207374572754 1213.61363220215 1323.16970062256 634.878967285156 639.193916320801 863.480758666992 2141.03527069092 810.872589111328 1261.95108032227 1167.33940124512 749.071176528931 660.212016105652 715.621843099594 699.69592666626 722.98401260376 948.389949798584 887.75726890564 658.648788452148 816.26042175293 707.772178649902 594.588180541992 906.765419006348 865.396781921387 768.492473602295 787.196898460388 651.246597290039 914.88618183136 1155.04501342773 1123.41969299316 1255.60040664673 869.954071044922 952.189289093018 913.515808105469 880.74755859375 674.441780090332 619.552872180939 617.407447338104 603.492050170898 500.626831054688 686.160167694092 735.172156572342 637.266006469727 678.019325256348 779.2409324646 628.508262634277 637.929504394531 509.260917663574 826.825439453125 759.766555786133 963.625213623047
762.315483093262 913.903427124023 724.220138549805 659.305595397949 672.681381225586 1123.29925537109 632.552978515625 631.960098266602 737.963684082031 863.318557739258 647.497329711914 661.261722564697 754.322368621826 650.327451705933 657.691814422607 761.565310716629 657.684226989746 748.878051757812 728.137771606445 563.008224487305 703.284477233887 894.116819381714 802.664623260498 792.540397644043 720.951954364777 722.529151916504 724.727897644043 977.376800537109 1157.67463684082 1787.0294418335 1100.60335350037 837.892757415771 679.614013671875 757.65650177002 757.594215393066 728.008080482483 602.240440368652 806.077697753906 631.321960449219 720.717675149441 667.502792358398 817.143669128418 768.243759155273 845.883438110352 772.799461364746 533.796234130859 653.216812133789 707.725358963013 524.306205749512 761.229164123535
746.145263671875 1293.43048095703 687.508224487305 767.446388244629 1345.09338760376 615.681640625 617.35627746582 1233.20436859131 492.389617919922 960.754463195801 1025.84341049194 642.181373596191 637.801310122013 626.592617034912 603.088790893555 672.443008422852 620.971000671387 763.211433410645 758.703193664551 691.874465942383 664.733276367188 726.132392883301 922.200332641602 834.043936252594 829.565479278564 854.595794677734 891.540115356445 1035.46231079102 1094.48101806641 1010.20518112183 1096.46340179443 805.236961364746 865.838964819908 616.736610412598 735.930362701416 1139.92409133911 1343.87278723717 1753.85882568359 1625.26977539062 987.6044921875 920.747665405273 874.117450714111 747.29238319397 607.626823425293 748.366726875305 711.228538513184 681.844306945801 735.629686355591 701.400050163269 505.836631774902
568.271209716797 1016.61587524414 795.380181312561 820.767351150513 1083.89111709595 866.385437011719 844.850311279297 382.77734375 610.669052124023 801.884460449219 803.562438964844 658.567489624023 592.123908996582 439.501892089844 568.201232910156 703.274661064148 683.505401611328 675.785705566406 651.818487167358 734.798408508301 490.739837646484 644.981986999512 908.049156188965 998.421234130859 886.798336029053 757.682716369629 929.173433303833 970.679977416992 983.839508056641 796.526859283447 533.304443359375 1030.25382232666 775.15274810791 697.906005859375 849.609939575195 753.188636779785 933.074451446533 1146.65113067627 1563.59086608887 2137.43124389648 1391.59469604492 1031.35330581665 1017.5256652832 727.701358795166 654.323593139648 777.374053955078 817.693801879883 840.82266998291 696.467790603638 808.440902709961
752.275283813477 927.136959075928 699.011016845703 866.373569488525 1161.83885955811 759.214202880859 1189.34102630615 512.89990234375 593.818511962891 689.078506469727 660.641204833984 762.059555053711 634.174942016602 451.359237670898 571.865409851074 763.405284881592 601.734558105469 814.378084659576 842.377906799316 960.726364135742 769.010636329651 725.819862365723 751.188735961914 742.391675710678 855.886726379395 891.456894874573 921.200654029846 811.797603607178 712.765869140625 633.535888671875 1788.77648925781 2906.34136962891 796.638153076172 811.241394042969 1001.50555419922 823.720611572266 1026.84163093567 1232.71325683594 1149.59945297241 1147.82297515869 1108.02228784561 1306.53730773926 1248.31672668457 1295.86365127563 1322.93386745453 916.301898956299 1151.13793945312 927.877990722656 1059.51962280273 815.120216369629
647.497589111328 520.611526489258 654.671787261963 614.921112060547 859.466384887695 1101.48628997803 865.146186828613 627.430480957031 1011.70092773438 643.196487426758 631.907302856445 809.256126403809 663.645118713379 781.390613555908 573.0947265625 683.456445217133 677.971950531006 691.651277542114 891.06217956543 932.912857055664 826.415021896362 967.036392211914 771.558265686035 775.416442871094 803.914093017578 962.020057678223 878.661224365234 969.721504211426 775.984409332275 584.11735534668 675.767517089844 2207.95725250244 861.190011978149 789.370750427246 1031.13687515259 1264.00291061401 1127.86092758179 1109.85034942627 1625.85488510132 1213.08832168579 1218.94805908203 1206.30855560303 1184.79553222656 1104.5112991333 1501.46165680885 1647.83306121826 1319.60687255859 1540.41032409668 1579.76950073242 1078.80169677734
565.297773361206 544.292772293091 563.455884933472 536.274350643158 1080.43350219727 876.729034423828 813.072578430176 794.436744689941 709.354934692383 620.778671264648 773.778583526611 725.617721557617 656.366455078125 667.373481750488 718.11266708374 615.91854095459 704.069834470749 607.357025146484 539.378829956055 719.130584716797 948.202331542969 835.729633331299 842.710990905762 837.882133483887 829.378448486328 889.619567871094 630.424491882324 855.871541976929 762.775184631348 680.748199462891 631.088790893555 733.758197784424 873.667942047119 773.276268005371 926.118412017822 1130.06410217285 929.551856994629 914.696039199829 1332.43322753906 1035.22029495239 1244.36285400391 1204.18997192383 1159.26615905762 1055.77603912354 1264.02006959915 1271.63388061523 1277.5520401001 1271.4225769043 1451.5339050293 1703.13177490234
745.875015258789 844.314224243164 482.981002807617 577.085357666016 561.665013313293 475.745498657227 632.752885818481 685.442445039749 790.40470123291 679.88733291626 654.689529418945 756.355899810791 826.602005004883 802.411092758179 703.694427490234 722.995281219482 508.965469360352 568.387802124023 587.911560058594 598.932487487793 734.08553314209 772.459519386292 882.858444213867 959.476821899414 729.239256858826 741.680850744247 946.469612121582 846.103122711182 875.019847869873 713.478210449219 654.932952880859 695.200046539307 779.399394989014 777.827249526978 999.291168212891 1065.01432800293 1069.78553771973 963.263673782349 867.493362426758 852.510009765625 1216.74142074585 1407.55358505249 986.759868621826 879.626664400101 1517.41607666016 1288.75339508057 1094.79356527328 1134.69937133789 1289.63380432129 1433.29405975342
789.42000579834 844.665512084961 676.145029067993 599.744606018066 738.221237182617 496.562355041504 515.899349212646 490.655624389648 700.365005493164 793.617137908936 682.257026672363 753.324722290039 724.074798583984 442.387619018555 701.69010925293 675.673572540283 794.380628585815 722.403678894043 736.712539672852 702.832555770874 548.298599243164 717.399879455566 768.326700210571 994.02018737793 795.429903030396 836.738834381104 592.288391113281 733.968723297119 835.408515930176 884.546632766724 744.898979187012 718.212295532227 700.017686843872 829.652694702148 973.380928039551 1264.77716064453 1033.83729553223 930.677543640137 748.140037536621 814.794298171997 839.955238342285 970.712083816528 977.149742126465 901.726714372635 1037.18452453613 1176.83459472656 1077.07079315186 1115.46002197266 1032.23889160156 1034.44172668457
755.210430145264 875.101196289062 727.145161628723 631.997283935547 736.69584274292 772.854957580566 644.337062835693 556.537635803223 573.402923583984 706.591247558594 563.728012084961 607.458541870117 1037.739402771 655.690292358398 1204.17208480835 806.988772392273 665.434020996094 812.912094116211 687.383262634277 760.925075531006 636.503128051758 696.154375076294 802.377918243408 907.436111450195 604.699417114258 602.098278045654 652.253303527832 744.092079162598 869.260368347168 807.647247314453 701.483749389648 794.050857543945 684.515113830566 774.671198368073 976.95866394043 1071.04246520996 993.398513793945 852.245170593262 817.715335845947 686.567031860352 650.50944519043 717.905868530273 806.972240447998 736.381858825684 817.63614654541 971.093444824219 932.621084213257 965.697471618652 894.748146057129 860.617828369141
850.917694091797 763.876480102539 878.185600280762 597.374923706055 791.975723266602 723.834806442261 663.970260620117 620.487691879272 563.360977172852 606.47386932373 639.140686035156 655.493270874023 649.567504882812 762.781295776367 1612.54089355469 824.104843139648 837.628768920898 847.058982849121 681.10375213623 686.7014503479 759.294174194336 659.738636016846 712.235661029816 837.111282348633 715.569274902344 568.630485534668 665.251800537109 866.539767742157 777.48698425293 813.891586303711 687.103393554688 910.693862915039 928.320678710938 899.157737731934 900.820335388184 907.528114318848 902.409774780273 938.868209838867 786.662034988403 873.216651916504 928.564712524414 747.22830581665 738.012355804443 741.28199005127 613.914566040039 841.071315765381 709.360950469971 753.977546691895 791.741772204638 818.249481201172
836.020385742188 757.005823135376 682.181007385254 612.972534179688 662.119140625 733.995916366577 659.309936523438 557.087982177734 589.868682861328 604.510131835938 716.917722702026 622.504913330078 1032.07437133789 956.475509643555 830.992321014404 819.873405456543 763.950160980225 770.772158622742 712.190418243408 1169.73469543457 596.490997314453 625.082672119141 638.912124633789 810.791463851929 785.273624420166 645.117568969727 440.248657226562 708.505168914795 814.79380607605 767.561861991882 804.681137084961 824.57072365284 968.569499969482 696.968482971191 696.529579162598 659.532493591309 756.471918106079 755.453683853149 793.925009727478 795.832660675049 769.680829763412 855.066383361816 674.515686035156 748.522148132324 775.597801208496 856.390197753906 695.291702270508 758.738166809082 766.787693023682 821.48802947998
936.741218566895 696.079393386841 562.196426391602 593.634063720703 721.026542663574 617.497222900391 665.02615737915 711.428617477417 650.327068328857 636.004222869873 652.732370376587 1280.77696990967 654.885055541992 905.721324920654 1137.12956237793 860.882835388184 960.914398193359 827.001998901367 1068.76281738281 498.910385131836 563.821838378906 758.610916137695 615.414825439453 866.019508361816 808.655082702637 747.586326599121 795.88402557373 749.672389984131 787.146835327148 846.828842163086 753.105270385742 797.2888879776 882.942375183105 793.896419525146 672.458137512207 543.308181762695 775.749635696411 790.59916305542 756.497753143311 779.767828941345 780.739585876465 702.175609588623 676.594245910645 738.288482666016 758.472835540771 552.730560302734 709.292236328125 852.287670135498 824.65930557251 799.460628509521
837.753692626953 616.09944152832 654.148811340332 683.580219268799 685.479125976562 671.854248046875 666.160633087158 751.638610839844 729.754592895508 687.790596008301 592.862613677979 673.843780517578 511.882438659668 1143.89567565918 843.283531188965 702.046936035156 877.154579162598 1020.32855224609 699.199275970459 670.362903594971 707.279675483704 757.275413513184 595.293899536133 758.190502166748 686.296008110046 677.880444526672 714.679079055786 659.038203239441 755.824007034302 753.976222991943 810.764587402344 787.136447906494 889.450187683105 753.630788803101 750.413639068604 845.162628173828 851.853199005127 783.49196434021 934.863250732422 893.3303565979 755.704990386963 872.492797851562 759.176410675049 767.08354640007 624.75553894043 653.781860351562 688.810653686523 925.658379554749 976.696838378906 934.485076904297
846.677722930908 684.470199584961 727.849807739258 711.302995681763 803.837772369385 752.777160644531 717.899673461914 798.722221374512 539.214744567871 480.109634399414 546.131134033203 788.494537353516 678.71911239624 666.357917785645 657.265512466431 815.806344985962 639.128158569336 722.025676727295 769.283798217773 725.523027420044 710.622348308563 648.831813812256 573.241096496582 691.030596256256 773.978733062744 790.311012268066 814.543106079102 627.536407470703 715.723731994629 748.755481243134 854.119323730469 827.796939849854 969.578689575195 868.113655090332 846.857938528061 858.999493598938 1001.61476135254 895.246643066406 777.732437133789 1104.53395652771 707.921119689941 756.276538848877 862.758117675781 661.16357421875 710.729751586914 810.997291564941 774.398948669434 751.385429382324 1088.42681884766 886.615280151367
753.530694276094 830.34757232666 755.396903991699 568.770584106445 740.567352294922 722.649841308594 657.908798217773 655.537961959839 506.985595703125 613.989469528198 632.902046203613 762.983627319336 736.701975822449 766.946117401123 785.602672576904 791.376792907715 799.998588562012 688.590087890625 862.349227905273 730.879325866699 592.31925201416 599.881561279297 653.961496353149 769.399787902832 739.297210693359 808.789726257324 701.031154632568 602.982955932617 533.309921264648 666.756057739258 593.086532592773 806.367557525635 894.083959579468 660.593948364258 786.567111968994 951.328110694885 928.535907745361 789.485191345215 760.415634155273 905.237182617188 971.485000610352 1070.57791137695 745.186164855957 809.82356262207 743.040328979492 946.518496513367 764.326389253139 725.740379333496 712.933982849121 912.797904968262
779.555479049683 746.223931312561 752.94135093689 644.38843536377 662.712875366211 787.128089904785 653.926746368408 606.283762931824 634.691448688507 700.621253967285 833.623527526855 796.800231933594 681.257637023926 693.304828643799 729.794605255127 647.568466186523 602.66975402832 693.678798675537 780.697074890137 767.885425567627 700.179985046387 735.70775604248 672.232049942017 777.649673461914 645.156860351562 687.208114624023 910.67366027832 792.183389663696 793.912368774414 953.507781982422 813.090263366699 767.276802062988 773.077926635742 867.695938110352 757.29248046875 662.505569458008 622.216186523438 925.211460113525 999.047958374023 973.399303436279 1071.95375227928 1333.2963180542 999.948379516602 700.443084716797 778.387359619141 944.804105758667 868.536895751953 768.657133102417 735.633039474487 911.064094543457
748.855241775513 826.076091766357 680.034507751465 675.791358947754 699.333511352539 668.979343414307 579.368690490723 735.553314208984 722.627159118652 811.153381347656 725.165230751038 733.754473209381 854.241691589355 766.463275909424 982.271072387695 871.825592041016 585.308074951172 690.230075836182 664.13729095459 703.389984130859 593.031524658203 708.88111281395 719.291681289673 647.631359100342 756.666717529297 700.967250775546 838.729949951172 717.216413497925 764.499176025391 724.677257537842 828.232681274414 691.290626525879 803.706604003906 645.260433673859 554.200698852539 489.588775634766 613.650550842285 746.051330566406 955.745319366455 1153.99549865723 1109.68629074097 1254.38854980469 1049.69555187225 897.649688720703 849.42972946167 843.410436630249 744.113800048828 733.473966598511 866.886623382568 980.187041282654
