simdem/realisation49.asc
NCOLS 350 
NROWS 171 
XLLCORNER 152620 
YLLCORNER 418050 
CELLSIZE 100 
NODATA_value -9999 
[rows 0 to 21 of 171, columns 100 to 149 of 350]
-9999 -9999 -9999 -9999 -9999 -9999 -9999 -9999 -9999 -9999 -9999 -9999 -9999 -9999 -9999 -9999 -9999 -9999 -9999 -9999 -9999 -9999 -9999 -9999 -9999 -9999 -9999 -9999 -9999 -9999 -9999 -9999 -9999 -9999 -9999 -9999 -9999 -9999 -9999 -9999 -9999 -9999 -9999 -9999 -9999 -9999 571.022216796875 613.053161621094 609.537971496582 671.084873199463
-9999 -9999 -9999 -9999 -9999 -9999 -9999 -9999 -9999 -9999 -9999 -9999 -9999 -9999 -9999 -9999 -9999 -9999 -9999 -9999 -9999 -9999 -9999 -9999 -9999 -9999 -9999 -9999 -9999 -9999 -9999 -9999 -9999 -9999 -9999 -9999 -9999 -9999 -9999 -9999 747.385885238647 707.771522521973 741.215782165527 648.491460800171 557.101474761963 551.563919067383 650.600509643555 647.824339151382 556.670540809631 490.736980438232
-9999 -9999 -9999 -9999 -9999 -9999 -9999 -9999 -9999 -9999 -9999 -9999 -9999 -9999 -9999 -9999 -9999 -9999 -9999 -9999 -9999 -9999 -9999 -9999 -9999 -9999 -9999 -9999 -9999 -9999 -9999 -9999 -9999 -9999 -9999 -9999 -9999 886.509628295898 724.72815322876 673.809255599976 747.857475280762 763.801369428635 760.191953659058 610.49390411377 619.484524250031 553.193210601807 570.532131195068 474.809463500977 702.13671875 674.222778320312
-9999 -9999 -9999 -9999 -9999 -9999 -9999 -9999 -9999 -9999 -9999 -9999 -9999 -9999 -9999 -9999 -9999 -9999 -9999 -9999 -9999 -9999 -9999 -9999 -9999 -9999 -9999 -9999 -9999 -9999 -9999 -9999 -9999 -9999 774.896343231201 838.017038345337 1022.69943237305 737.960357666016 645.356101989746 486.784957885742 521.491470336914 592.523551940918 574.418388366699 556.833419799805 672.362075805664 477.721817016602 498.461944580078 706.648952484131 671.200870513916 560.991733551025
-9999 -9999 -9999 -9999 -9999 -9999 -9999 -9999 -9999 -9999 -9999 -9999 -9999 -9999 -9999 -9999 -9999 -9999 -9999 -9999 -9999 -9999 -9999 -9999 -9999 -9999 -9999 -9999 -9999 -9999 -9999 -9999 625.422294616699 578.201370239258 620.418617248535 753.13525390625 753.664352416992 708.167974606156 708.779384613037 604.611848831177 544.765913009644 533.805953979492 549.495971679688 552.13899230957 586.58470916748 724.688049316406 750.057037353516 773.144721984863 581.642059326172 716.391335725784
-9999 -9999 -9999 -9999 -9999 -9999 -9999 -9999 -9999 -9999 -9999 -9999 -9999 -9999 -9999 -9999 -9999 -9999 -9999 -9999 -9999 -9999 -9999 -9999 -9999 -9999 -9999 -9999 -9999 -9999 716.856216430664 738.476943969727 540.753463745117 648.636043548584 532.459606170654 603.337730407715 793.670204162598 689.787498474121 758.063621520996 682.527188777924 592.253814697266 534.014739990234 534.412628173828 703.104911804199 719.269645690918 846.256958007812 839.465860366821 917.900909423828 765.306884765625 621.71703338623
-9999 -9999 -9999 -9999 -9999 -9999 -9999 -9999 -9999 -9999 -9999 -9999 -9999 -9999 -9999 -9999 -9999 -9999 -9999 -9999 -9999 -9999 -9999 -9999 -9999 -9999 -9999 652.602012634277 641.500270843506 590.205369949341 538.528263092041 567.826561927795 440.679214477539 629.043560028076 479.825553894043 560.384002685547 605.115180969238 610.844459533691 733.320400238037 842.257511138916 668.624938964844 687.441909790039 704.078117370605 633.088012695312 537.217620849609 643.998481750488 1034.54673194885 1105.0027256012 972.433597564697 1006.3745880127
-9999 -9999 -9999 -9999 -9999 -9999 -9999 -9999 -9999 -9999 -9999 -9999 -9999 -9999 -9999 -9999 -9999 -9999 -9999 -9999 -9999 -9999 -9999 -9999 729.848108708858 692.572959899902 599.021898269653 722.980453491211 667.899978637695 563.004809379578 507.594055175781 387.402160644531 384.3046875 611.338047981262 499.68497467041 617.067115783691 678.47954416275 517.088500976562 592.598037719727 806.756225585938 752.009792327881 717.82396697998 728.926025390625 820.906433105469 843.463376045227 1113.11731719971 1109.50794219971 1082.9703001976 881.768779754639 1203.54347419739
-9999 -9999 -9999 -9999 -9999 -9999 -9999 -9999 -9999 -9999 -9999 -9999 -9999 -9999 -9999 -9999 -9999 -9999 -9999 -9999 -9999 -9999 723.969249725342 656.696479797363 531.771774291992 684.353141784668 693.630409240723 606.439652442932 545.67751121521 751.860809326172 562.523230552673 402.010284423828 433.384902954102 542.49348449707 786.047225952148 634.503959655762 614.460834503174 493.069595336914 703.447002887726 868.798114776611 964.894067764282 667.098442077637 683.479236602783 772.045673370361 726.833385467529 1046.23042297363 776.431995391846 628.578079223633 756.067630767822 647.376382827759
-9999 -9999 -9999 -9999 -9999 -9999 -9999 -9999 -9999 -9999 -9999 -9999 -9999 -9999 -9999 -9999 -9999 -9999 -9999 950.820175170898 628.26392364502 663.967971801758 571.556465148926 701.886299133301 519.145824670792 651.348434448242 575.982261657715 717.50545501709 603.033100128174 664.358840942383 591.311304092407 549.703945159912 278.449768066406 626.608959197998 652.239204406738 582.88250309974 607.704790115356 628.337139129639 649.800727844238 621.111549377441 607.134468078613 665.710054397583 633.60083770752 672.552483558655 685.910457611084 697.225260257721 608.079360961914 630.086250305176 648.301708221436 688.582704544067
-9999 -9999 -9999 -9999 -9999 -9999 -9999 -9999 -9999 -9999 -9999 -9999 -9999 -9999 -9999 -9999 -9999 909.709503173828 999.521697998047 941.80241394043 578.253936767578 438.568023681641 545.092855453491 564.277008056641 465.543632507324 703.763826370239 742.161972045898 634.326011657715 766.053001403809 831.565719604492 703.916084289551 406.923614501953 422.262619018555 452.901275634766 461.593795776367 479.373001098633 665.383720397949 616.711223602295 653.087364196777 832.127151489258 627.036239624023 652.371490478516 664.341335296631 681.857108786702 866.181503295898 750.126811981201 666.676720499992 799.706123352051 665.963018417358 610.383817672729
-9999 -9999 -9999 -9999 -9999 -9999 -9999 -9999 -9999 -9999 -9999 -9999 -9999 -9999 696.429641723633 704.206337928772 810.612449645996 1048.37895202637 1045.3677520752 879.106781005859 961.202922821045 617.95156288147 561.984976768494 520.605560302734 626.370021820068 739.633613586426 711.021156311035 593.915969848633 678.480494439602 703.57169342041 640.518634796143 534.544090270996 445.911628723145 467.256675720215 530.613475799561 550.280936479568 778.327026367188 715.816940307617 645.716445922852 676.548398017883 750.097393035889 626.868881225586 718.623123168945 632.417510986328 579.030975341797 677.738464355469 740.957313537598 779.882385253906 693.117084503174 699.034534454346
-9999 -9999 -9999 -9999 -9999 -9999 -9999 -9999 -9999 -9999 -9999 -9999 831.944000244141 598.267562866211 719.586296081543 812.662040710449 689.811752319336 797.948516845703 1104.31777954102 1077.47226715088 1115.39081573486 663.498710632324 741.050552368164 676.218856811523 638.577072143555 773.536666691303 716.381629943848 496.800415039062 547.7666015625 666.554693222046 600.026840209961 710.450866699219 328.141426086426 496.735481262207 407.744323730469 531.843126296997 517.453289031982 740.749000549316 564.670944213867 595.090034484863 749.756923675537 738.545291900635 762.720596313477 621.932880401611 602.756763458252 556.521339416504 611.836206436157 718.406448364258 587.394065856934 625.215253829956
-9999 -9999 -9999 -9999 -9999 -9999 -9999 -9999 -9999 -9999 939.658950805664 839.110961914062 708.43342590332 671.550815582275 729.388397216797 688.981864929199 665.149055480957 734.723419189453 765.612106323242 514.248710632324 457.193161010742 642.489845275879 702.490875244141 742.622924804688 709.290204048157 754.656695365906 747.964502811432 896.210289001465 565.771583557129 609.064517974854 537.57709312439 552.079582214355 454.36912727356 485.685371398926 556.248868942261 704.817001342773 487.021713256836 656.537384033203 642.166525840759 501.63208770752 719.857875823975 660.241291582584 798.780319213867 734.798446655273 512.841552734375 609.772569656372 596.028015136719 639.053130149841 533.326881408691 533.835060119629
657.039001464844 754.151174545288 599.201675415039 714.865658283234 689.141681671143 552.058219432831 514.928024291992 615.134910583496 514.553127288818 453.195870280266 645.964141845703 755.60099029541 654.024388313293 560.755126953125 640.075097084045 623.689979076385 675.545093536377 698.359420776367 634.264667510986 569.074247360229 553.751823425293 734.946254730225 629.546188354492 617.761657714844 732.188377380371 646.928260803223 730.680602073669 797.464202880859 787.358863830566 611.604690551758 528.198848724365 646.82396697998 567.039649963379 557.796127319336 516.176635742188 671.610596776009 640.457580566406 568.924030303955 598.073539733887 744.345458984375 674.655987739563 695.739189147949 690.62077331543 593.452178955078 505.542068481445 592.137432098389 646.353984832764 720.608428955078 512.225746154785 606.59587097168
516.135726928711 740.576496124268 736.011568069458 593.258094787598 551.891006469727 426.318819046021 294.068984985352 561.429153442383 361.765609741211 310.036437988281 658.407548904419 766.027359008789 498.165313720703 566.732551574707 564.977119445801 602.785133361816 779.314346313477 677.976982116699 797.341064453125 569.075836181641 840.298141479492 776.789337158203 585.56383895874 728.601474761963 690.674110412598 630.342777729034 626.010913848877 634.333198547363 602.339279174805 609.868082523346 587.198616027832 569.65256690979 532.583465337753 535.116889953613 620.080223083496 747.933291435242 749.460708618164 811.08659362793 635.285942077637 629.862043380737 747.81591796875 721.270164489746 621.256351470947 549.927886962891 646.733242034912 1155.89684295654 783.634887695312 729.705442428589 661.122970581055 495.858131408691
563.296535491943 747.266052246094 657.716722011566 622.719820022583 555.321075439453 486.164367675781 316.727905273438 326.391937255859 448.86146402359 554.950546264648 613.092292785645 402.771492004395 577.65242767334 585.031429290771 602.409250259399 734.860102176666 832.786231994629 781.51086807251 828.983734130859 794.040697097778 646.430206298828 1094.66061019897 370.229095458984 612.497482299805 774.744979858398 694.758125305176 463.026321411133 810.424209594727 547.956031799316 630.053243637085 629.616903305054 661.948337554932 664.204738616943 805.322834014893 724.721374511719 661.076599121094 711.651802062988 662.410224914551 665.307472229004 717.388294219971 853.80224609375 719.520065307617 896.016143798828 916.547155380249 570.432678222656 661.008575439453 712.747398376465 659.126486778259 613.498295783997 582.343723297119
539.31774520874 725.716491699219 766.079124450684 587.540004730225 695.894981384277 702.757747650146 888.618915557861 1032.75631713867 543.931114196777 606.455971717834 497.137725830078 459.955399513245 443.815155029297 720.021295547485 793.430995941162 629.392040252686 724.486614227295 782.338293075562 514.428002178669 694.485572814941 642.89559173584 669.770469665527 483.521255493164 678.253630280495 730.892127990723 604.640726089478 531.729766845703 715.501134872437 676.945375442505 556.68603515625 681.31063079834 692.381191253662 671.117748260498 588.800750732422 704.062019348145 1111.09219360352 511.570739746094 518.38028717041 620.847124099731 720.182266235352 1332.90819549561 882.019462585449 709.874458312988 650.416744232178 677.461313247681 832.119537353516 785.979000091553 649.473825931549 601.969230651855 556.874053955078
697.64701461792 607.640296936035 1254.9778137207 538.517459869385 754.02839422226 603.371139526367 775.705749511719 947.171691894531 650.120492935181 622.059051513672 668.344650268555 684.310334205627 466.776596069336 659.771530151367 363.624984741211 604.806777954102 599.794845581055 652.337200164795 658.794822692871 766.2272605896 839.252838134766 718.802145004272 510.746490478516 517.73518371582 528.695935249329 535.158603668213 555.898914337158 651.056442260742 1199.65368652344 770.647888183594 661.508012771606 886.273307800293 1227.22909545898 1082.71241378784 729.74080657959 951.259674072266 936.251525878906 845.905258178711 626.720123291016 586.421424865723 619.347877502441 618.517429351807 581.641369819641 515.41918182373 659.136810302734 744.30606842041 657.801410675049 592.344932556152 578.281482696533 618.029926300049
964.662551879883 800.340377807617 1230.91789245605 609.714904785156 836.27813243866 843.958877563477 986.468360900879 1164.24933242798 919.034717559814 765.615245819092 872.260887145996 904.581932067871 865.917350769043 964.985105514526 444.235740661621 1046.04180908203 415.378219604492 523.521270751953 593.112602233887 1013.47322845459 718.154083251953 655.180820465088 407.619842529297 575.427383422852 1245.61925125122 1094.80792236328 736.022483825684 717.232830047607 611.830188751221 599.278764724731 503.634029388428 454.632171630859 437.686935424805 530.743957519531 519.863677978516 1110.9514465332 455.051895141602 466.250366210938 668.776865497231 619.991855621338 606.487644195557 616.022891998291 682.769058227539 603.713968276978 589.157009124756 551.295791625977 542.500274658203 536.974109649658 615.244235992432 680.606315612793
870.563316345215 630.058082580566 508.217422485352 610.927571944892 764.786193847656 843.240020751953 1002.6519317627 689.762504577637 935.215793609619 801.36092376709 722.827836990356 879.800674438477 644.667274475098 994.368844985962 1042.18888092041 1040.26152801514 1059.06483459473 1129.02997589111 540.947143554688 614.759517669678 741.320098876953 288.792861938477 913.381134033203 368.422027587891 528.833320617676 1044.33215332031 485.851440429688 715.836296081543 544.024031639099 601.645862579346 471.197059631348 517.826816558838 516.72388458252 560.205200195312 459.790603637695 716.282257080078 656.35507774353 643.107900619507 592.151374816895 616.163654327393 554.826461791992 722.926991142333 698.815753936768 510.763366699219 500.716796875 629.588832855225 521.339057922363 557.336196899414 637.92035484314 520.065277099609
580.645473241806 609.059770584106 601.075351715088 709.656661987305 628.129404067993 809.643684387207 594.499118804932 920.032207489014 799.809005737305 724.563932418823 674.988403320312 768.612808227539 502.363510131836 716.752948760986 429.449493408203 2166.8138885498 1057.16184997559 706.364990234375 443.203094482422 888.886627197266 755.666259765625 339.989227294922 173.513916015625 755.403442382812 1123.73021697998 1646.69800949097 981.322677612305 1023.49789428711 628.103675842285 621.041324615479 536.111213684082 574.8353099823 577.311723709106 526.805870056152 651.251148223877 594.353448867798 684.03214263916 630.979110717773 529.092391967773 536.072418212891 571.275665283203 664.666675567627 628.005096435547 525.912582397461 529.211959838867 496.746688842773 671.75435256958 519.920936584473 532.545776367188 580.512870788574
