simdem/realisation50.asc
NCOLS 350 
NROWS 171 
XLLCORNER 152620 
YLLCORNER 418050 
CELLSIZE 100 
NODATA_value -9999 
[rows 66 to 87 of 171, columns 50 to 99 of 350]
541.231142044067 562.883186340332 335.558197021484 378.373321533203 441.797432184219 341.766136169434 417.650760889053 230.448211669922 352.109939575195 506.879425048828 509.250534057617 315.329086303711 266.416435241699 312.458305358887 295.024345397949 331.089275360107 509.539459228516 366.935602426529 158.528060913086 343.462345123291 346.858602523804 316.591987609863 435.760864257812 345.396327972412 489.169662475586 292.247673034668 375.717109680176 397.831090927124 263.342994689941 228.363235473633 421.921602249146 353.583755493164 389.57629776001 339.059494018555 352.428634643555 351.479278564453 406.75093460083 359.004398345947 520.114799499512 412.571676254272 455.730515480042 369.883689880371 385.668514251709 463.341981887817 442.332715988159 409.012470245361 280.547592163086 327.572959899902 321.289413452148 384.577629089355
531.322662353516 411.15714263916 493.581737518311 390.665958404541 486.361167907715 384.612847328186 411.269237518311 420.361736297607 413.358055114746 378.779232025146 385.855461120605 337.95108795166 208.312728881836 486.096473693848 335.587478637695 186.731048583984 257.419929504395 385.467374801636 398.156147003174 474.180267333984 462.58381652832 293.68384552002 416.765512466431 382.728404521942 519.969680786133 600.686935424805 430.303783416748 335.410884857178 339.058410644531 272.659858703613 353.57172203064 423.602735519409 291.124404907227 422.247198104858 372.648357391357 415.283823013306 308.007659912109 365.260992050171 362.349781036377 522.900505065918 516.487113952637 550.415496826172 447.028979301453 474.362726211548 466.369080543518 402.607608795166 385.346076965332 413.737609863281 510.623733520508 484.478437423706
377.86402130127 543.027183532715 460.866640090942 244.897491455078 418.187530517578 370.958065032959 514.392379760742 449.301292419434 331.737407684326 315.42476272583 484.372650146484 299.305847167969 366.087104797363 369.235089302063 237.825424194336 287.358917236328 425.738399505615 396.995536804199 448.963180541992 442.514457702637 457.63835144043 399.054109573364 392.431009054184 339.536682128906 545.976150512695 545.29231262207 391.777611732483 553.701034545898 421.926815032959 271.437194824219 352.756580352783 523.710243225098 541.594291687012 491.102066040039 534.168151855469 459.701347351074 254.837585449219 384.81192779541 315.936576843262 400.074388504028 567.617736816406 497.786697387695 483.579483032227 474.679401397705 425.655475616455 352.26335144043 228.98095703125 239.884429931641 430.860954284668 427.078937530518
417.079292297363 420.008525848389 585.462036132812 341.708541870117 492.282936096191 376.929841041565 355.330240249634 288.791175842285 329.083225727081 271.819801330566 461.840370178223 297.25687789917 442.816745758057 304.59606552124 365.405267715454 363.615594863892 408.22137260437 451.027238845825 329.29553604126 448.338409423828 464.648338317871 327.588958740234 440.755401611328 439.749282836914 505.980804443359 337.392719268799 457.135330200195 394.179509162903 481.037719726562 429.492156982422 430.93479347229 407.558433532715 433.248853683472 549.095153808594 476.032806396484 443.567192077637 355.748737335205 282.74870300293 441.716503143311 392.349164962769 531.242080688477 455.189140319824 601.029220581055 415.912046432495 446.121381282806 353.017036437988 136.056060791016 278.126419067383 390.19800567627 407.782375335693
461.239010810852 434.892065048218 554.3251953125 578.867095947266 440.669006347656 251.240447998047 265.380378723145 395.707248687744 337.281213760376 409.307804107666 299.788051605225 226.575607299805 403.324257850647 347.150460243225 445.947296142578 376.398502349854 402.827896118164 426.087493896484 394.137277603149 455.07413482666 505.296852111816 493.793609619141 444.488288879395 473.501808166504 375.829526901245 274.473411560059 249.283020019531 312.676666259766 371.40677022934 380.722713470459 351.754638671875 489.319480895996 437.494804382324 338.889312744141 500.102615356445 556.536270141602 451.403251647949 461.750091552734 418.944900035858 398.240322113037 509.588363647461 441.98118686676 517.51106262207 384.904647827148 435.710929870605 406.953559875488 304.808792114258 256.83674621582 313.347457885742 419.056991577148
475.580749511719 431.384932518005 382.692111968994 557.433868408203 584.508743286133 433.951580047607 337.038055419922 437.106628417969 429.721038818359 330.570875167847 396.461887359619 330.692674636841 203.815879821777 361.328895568848 507.780464172363 381.661500930786 563.912399291992 482.63606262207 370.719379425049 507.822677612305 479.913032531738 434.726306915283 425.967678070068 244.476402282715 452.959205627441 500.722984313965 447.016056060791 500.718238830566 513.339584350586 383.046512365341 469.721099853516 458.911422729492 436.234199523926 435.842470169067 522.650382995605 542.595443725586 609.345153808594 441.7956199646 453.947645187378 252.400817871094 398.313282012939 496.860893249512 498.767673492432 402.091289520264 466.308367729187 368.95930480957 460.46323299408 426.019227981567 310.197662353516 349.883567810059
355.122756958008 439.02192401886 437.981178283691 365.07400894165 581.400299072266 381.743285179138 345.62558555603 251.238052368164 291.266357421875 230.639808654785 299.734703063965 323.115274429321 383.928632736206 329.252372741699 285.214538574219 361.213472366333 334.44580078125 388.145090103149 398.076025009155 408.935020446777 435.9248046875 355.311031341553 394.573194503784 347.036060333252 443.022758483887 363.830410003662 641.752731323242 537.354568481445 419.194498062134 307.466995239258 413.085926055908 482.88501739502 376.980390548706 434.457874298096 360.506954193115 263.586029052734 405.842150688171 550.778160095215 588.415542602539 535.47331237793 472.110164642334 476.667699813843 399.518341064453 395.757350921631 452.204745292664 446.894095420837 465.953554153442 411.042133331299 243.53857421875 340.275451660156
364.810272216797 442.128566741943 501.273048400879 406.615205764771 491.236785888672 477.373397827148 363.78252530098 416.670227050781 218.048782348633 290.738746643066 281.873733520508 435.748199462891 450.163116455078 502.874710083008 437.773376464844 373.874267578125 397.415691375732 291.471473693848 440.499954223633 421.947261810303 415.182228088379 434.54126739502 469.023651123047 380.681910514832 348.340713500977 308.169097900391 364.424258232117 424.486751556396 421.819744110107 299.083885192871 389.117349624634 471.852890014648 290.733825683594 354.981016159058 288.88907623291 195.545745849609 546.119400024414 552.009483337402 634.027313232422 504.848197937012 362.207748413086 399.490337371826 372.204368591309 300.227432250977 427.148635864258 497.358200073242 591.230674743652 605.846328735352 519.752857208252 528.466117858887
212.485305786133 502.56436920166 340.55521774292 405.689210891724 373.606687068939 406.290866851807 488.472549438477 557.309387207031 372.393445968628 356.009754180908 353.735566139221 413.73323059082 287.226886749268 422.971866607666 423.913597106934 392.752124786377 434.035037994385 341.068977355957 217.71875 368.180251479149 366.070883274078 390.459926605225 431.35319519043 133.977294921875 346.453243255615 379.431354522705 331.14820098877 312.277633666992 201.752029418945 378.561196565628 303.748603820801 381.051305770874 380.17807674408 400.552111625671 395.415972709656 448.7174949646 422.516379356384 493.107818603516 504.280292510986 522.618041992188 470.337821960449 421.44474029541 379.110054016113 363.948822021484 426.829811096191 466.061946868896 427.092575073242 445.338531494141 585.30534362793 622.588714599609
292.420333862305 391.864555358887 486.583637237549 473.365676879883 318.95121383667 290.73681640625 381.828777313232 415.149440765381 331.789506912231 333.085266113281 356.280363798141 477.078117370605 485.928451538086 322.373466491699 405.459007263184 427.926582336426 386.815653800964 308.111209869385 294.325050354004 274.135536193848 334.245700836182 507.553436279297 533.813110351562 446.870185852051 380.657932281494 479.479232788086 558.208862304688 324.425365447998 341.112621307373 534.392959594727 338.438282012939 309.899513244629 278.475006103516 395.472386837006 472.561058044434 403.805022239685 395.868858337402 398.593967437744 378.26350402832 365.288970947266 423.060688018799 441.250473022461 287.316345214844 433.298446655273 319.838623046875 434.291679382324 401.950157165527 422.109230041504 535.757320404053 692.349792480469
409.491821289062 185.513092041016 259.212799072266 423.203590393066 406.326743125916 318.574272155762 268.123672485352 432.075138092041 453.368240356445 344.9789686203 403.391674041748 397.358812332153 421.465591430664 357.829950332642 481.740829467773 500.538375854492 363.260469436646 374.056041717529 238.851623535156 235.151916503906 325.135704040527 432.689414978027 520.94172668457 525.539001464844 372.444120407104 577.897232055664 367.100066184998 359.568303346634 506.599563598633 552.003036499023 388.217676401138 330.25415802002 442.775745391846 471.337390899658 455.119995117188 400.376056671143 337.407066345215 410.248912811279 339.486862182617 384.798538208008 384.425796508789 521.550628662109 585.050552368164 392.981243133545 444.868195533752 385.241775512695 524.837249755859 757.679306030273 514.675033569336 585.639896392822
227.388717651367 369.932258605957 308.299205780029 386.458600997925 547.286865234375 405.272920608521 385.971944093704 448.878059387207 370.086822509766 299.156875610352 473.795104980469 503.154510498047 435.915061950684 375.143918991089 441.423866271973 369.673053741455 330.332668304443 304.011749267578 380.804624080658 460.918434143066 213.876205444336 551.325302124023 405.763656616211 283.771469116211 347.464628219604 336.150497436523 361.432285308838 340.093360900879 424.892158508301 522.769195556641 314.436851501465 432.011682510376 454.299648284912 476.481391906738 414.975452423096 389.542549133301 453.843477249146 392.46032333374 322.422622680664 384.16032409668 345.559387207031 546.943851470947 435.623885154724 350.912155151367 485.710945129395 697.851259231567 513.859436035156 819.009590148926 555.234443664551 741.637313842773
399.417945861816 264.353157043457 284.611297607422 460.346458435059 561.192001342773 355.040828704834 291.305953979492 311.357948303223 396.575885772705 299.14860534668 365.471747398376 354.776005744934 320.561962127686 430.287322998047 499.239242553711 277.834999084473 396.120880126953 316.962299346924 297.885070800781 390.951930999756 347.111228466034 380.781669855118 363.755478858948 397.992378234863 408.488842010498 598.628631591797 499.436676025391 273.912780761719 379.721030235291 358.877445220947 331.947814941406 399.587384223938 385.960781097412 411.456100463867 597.559707641602 512.207438468933 409.594749450684 475.973922729492 454.364643096924 258.247695922852 331.837432861328 451.797485351562 404.838159561157 561.152450561523 469.767532348633 605.57625579834 441.09273147583 597.613189697266 636.766891479492 645.054087638855
290.141674041748 287.226119995117 256.434097290039 313.298530578613 541.485565185547 451.054437637329 385.715004920959 388.488777160645 286.819892883301 354.419292449951 458.199256896973 275.358901977539 396.106979370117 490.013534545898 429.264038085938 352.507041931152 311.171516418457 349.133016586304 300.072708129883 320.193893432617 397.992532730103 392.085071563721 333.341606140137 379.746942043304 458.698726654053 415.433364868164 415.109962463379 457.431728363037 454.489418029785 401.347847253084 387.68465423584 436.045684814453 380.671844482422 521.018600463867 447.314350962639 582.431755065918 415.583457946777 510.131317138672 470.282797813416 361.864898681641 355.883529663086 446.431358337402 673.365982055664 511.916934967041 483.918487548828 621.854846954346 544.40837097168 494.539360046387 537.005954742432 617.490985870361
536.839836120605 373.501089096069 408.72793006897 450.882228851318 461.158538818359 497.413185119629 431.916145324707 424.315162658691 433.247993469238 390.561527252197 447.450233459473 333.604177474976 339.888568878174 440.096519470215 353.766189575195 298.674415588379 330.099613189697 304.377342224121 218.071701049805 305.29044342041 400.565731048584 457.737205505371 423.329814910889 398.880544662476 350.834880828857 418.836814880371 419.544961929321 532.29167175293 434.864017486572 383.834025859833 404.484927713871 347.478488922119 392.627574920654 333.206802368164 541.005603790283 399.750213623047 377.946975708008 463.879486083984 419.834217071533 385.838279724121 409.361778259277 459.268920898438 744.623878479004 343.265182495117 612.868637084961 607.938301086426 634.093784332275 599.330875396729 624.912437438965 511.556022644043
132.988876342773 170.870254516602 343.006686210632 386.99909055233 366.636556625366 365.071709513664 321.202617645264 250.052024841309 279.523956298828 380.233127593994 387.055134773254 355.678747177124 416.88557434082 308.832397460938 308.331573486328 140.134384155273 379.17977142334 370.964332580566 440.877021789551 330.102722167969 402.368144989014 463.167282104492 510.973449707031 537.714584350586 467.205535888672 321.812881469727 283.028221130371 472.025806427002 429.5036277771 481.24641418457 381.328279495239 314.188781738281 436.970847606659 342.502853393555 313.206069946289 333.424240112305 350.288131713867 401.728912353516 345.976791381836 414.350708007812 791.879093170166 459.238227844238 645.235900878906 732.467826485634 454.704627990723 403.815383911133 488.637796401978 459.18888092041 628.956680297852 370.317977905273
154.820388793945 149.245025634766 192.872222900391 396.538234710693 369.201854288578 323.34334564209 449.3030128479 400.79047203064 295.76978302002 360.770248889923 319.731748580933 419.091094970703 456.423950195312 432.363948822021 408.522983551025 358.992164850235 360.882391929626 381.830662727356 375.709362030029 584.992614746094 379.494253635406 389.317625045776 400.090410232544 415.383213996887 461.146842956543 358.07453918457 186.578720092773 394.647520542145 371.109264373779 394.597244262695 466.010719299316 530.087478637695 407.40404510498 396.467193603516 388.475162506104 317.991577148438 492.144037425518 530.000686645508 596.658569335938 742.413917541504 720.443313598633 386.900131225586 377.879257202148 437.891605377197 430.715431213379 447.730155944824 454.505065917969 566.245914459229 799.308807373047 678.530792236328
331.638648986816 184.487197875977 222.416595458984 299.798170089722 329.51460647583 441.628082275391 317.59531211853 297.779468536377 261.011703491211 239.043609619141 269.240303039551 473.872978210449 451.995506286621 400.951698303223 378.292440414429 433.301681518555 422.52392578125 346.484205245972 352.519460678101 448.179039001465 460.908824920654 410.166996002197 437.227592468262 513.066886901855 528.833404541016 285.251258850098 325.562103271484 417.138537168503 177.085250854492 303.484992980957 570.183700561523 581.360290527344 453.441549301147 526.890960693359 331.644760131836 538.248748779297 555.342515945435 674.696974754333 622.448747634888 563.591208457947 344.819229125977 399.50171661377 445.792766571045 502.736840248108 672.374145507812 585.666090965271 720.439918518066 614.880233407021 719.991104125977 564.012634277344
418.477127075195 396.094674110413 350.888519287109 248.888557434082 350.065841674805 378.300369262695 335.739038467407 268.358116149902 301.972602844238 274.248237609863 177.863647460938 196.453125 384.488286972046 361.314826011658 475.712944030762 401.503620147705 307.486171722412 348.994254112244 360.362700939178 399.757440567017 296.488540649414 413.206546783447 244.351806640625 292.634140014648 337.367835998535 496.705009460449 351.655158996582 282.795547485352 347.581481933594 309.251937866211 359.853904724121 173.958938598633 376.647857666016 413.42813873291 375.234840393066 343.100662231445 626.866073608398 606.083415985107 607.866481781006 562.415015697479 371.020294189453 561.154624938965 608.456954628229 598.296805381775 652.496988296509 650.382919311523 733.367088317871 650.611156463623 556.189231872559 435.069000244141
331.499912261963 452.41089630127 411.260322570801 442.653549194336 267.765243530273 353.072522781789 305.378706932068 176.260208129883 349.871412277222 347.662071228027 256.990432739258 177.887237548828 340.502878189087 436.557342529297 557.657653808594 268.870788574219 396.081073760986 405.121417999268 343.56556892395 319.328338623047 283.291961669922 343.6171875 308.457389831543 338.060871124268 393.601571083069 491.951515197754 393.075777053833 299.684623718262 399.742809295654 279.153869628906 329.411323547363 262.212539672852 396.377105712891 477.761504650116 420.413776397705 373.873947143555 583.309608459473 625.460357666016 529.828731536865 531.390968322754 529.74337387085 658.772644042969 685.585220336914 613.354570865631 675.808773040771 -9999 -9999 956.915370941162 481.665603637695 815.555145263672
413.426403045654 408.866597652435 384.665658950806 345.082942962646 419.979553222656 312.918434143066 312.427158355713 313.568119049072 371.558975458145 413.222877502441 236.03141784668 307.168146133423 165.741775512695 412.266460418701 341.74295425415 399.49813079834 276.323654174805 346.532871246338 385.10170173645 413.658023834229 371.233984947205 458.375122070312 378.310983657837 426.772060394287 341.324584960938 429.517084121704 406.602711677551 450.918300628662 355.99235534668 339.918159484863 324.36604309082 342.166725158691 463.336826086044 351.147178649902 434.556480407715 756.14005279541 716.156921386719 611.119518280029 388.781227111816 504.089230537415 609.372670292854 588.85733795166 -9999 -9999 -9999 -9999 -9999 -9999 -9999 -9999
465.391662597656 447.665740966797 361.147197723389 365.206659317017 541.250823974609 367.62922668457 398.320728302002 365.501319885254 415.38786315918 302.740020751953 302.800617218018 239.086845397949 278.829273223877 325.429649353027 223.002059936523 443.069274902344 293.988182067871 352.944495201111 349.33536529541 383.145318508148 499.707565307617 468.649154663086 515.68936920166 404.849114894867 354.210540771484 463.838668823242 418.383532524109 408.470817565918 413.431657791138 399.562866210938 377.573822021484 464.370204925537 398.403732299805 424.467525482178 437.973892211914 619.490562438965 580.378524065018 488.203910827637 273.484848022461 567.587923049927 547.407028198242 -9999 -9999 -9999 -9999 -9999 -9999 -9999 -9999 -9999
