simdem/realisation15.asc
NCOLS 350 
NROWS 171 
XLLCORNER 152620 
YLLCORNER 418050 
CELLSIZE 100 
NODATA_value -9999 
[rows 44 to 65 of 171, columns 200 to 249 of 350]
943.388320922852 881.566467285156 677.843955993652 608.063865661621 505.345237731934 598.831436157227 667.333517074585 740.246053338051 704.761358261108 749.909049987793 711.3930311203 668.699566841125 568.225006103516 683.668167114258 467.934745788574 559.052337646484 530.566345214844 619.778450012207 628.216976165771 546.845012664795 628.913200378418 566.009143829346 574.217958450317 668.659790039062 665.064701080322 544.870323181152 565.570209503174 722.439044952393 778.846061706543 605.945858001709 691.677131652832 708.777992248535 1292.22212219238 679.993232727051 837.241424560547 628.956523895264 528.958938598633 612.898612976074 755.363151550293 749.551761627197 791.44889831543 727.441806793213 762.917526245117 669.435195922852 692.704294204712 663.396820068359 700.699966430664 676.626962661743 643.929714202881 685.023873329163
1174.30310058594 1700.57545471191 1036.28227806091 822.766273498535 804.8212018013 1027.46954345703 792.234943389893 747.639886856079 833.611961364746 746.631511688232 818.181491851807 771.786682128906 640.639781951904 1031.76438999176 754.200748443604 1017.41700744629 799.589336395264 625.520075082779 663.267158508301 604.996826171875 590.173071861267 540.473937988281 520.049709320068 658.118171691895 617.3330078125 693.224517822266 610.0680103302 573.865116119385 608.000316143036 625.686780929565 681.193836212158 656.019631385803 784.765922546387 628.667722702026 711.451782226562 621.99702835083 624.33918762207 626.174407958984 570.410713195801 706.001230239868 743.920028686523 740.038986206055 721.226991653442 656.551040649414 655.965721130371 708.820066452026 712.902223587036 674.474146842957 653.08638381958 794.731986999512
679.54044342041 1053.02931213379 1594.51280212402 1105.92344915867 727.127061843872 709.841768264771 697.443742752075 742.677499771118 564.120962142944 651.616054534912 500.325157165527 575.338415622711 744.684425354004 832.835773468018 904.606674194336 920.016967773438 1368.32579803467 576.756256103516 538.828914642334 572.730396270752 561.971580505371 413.14208984375 524.966667175293 592.00617980957 595.597564697266 616.103385925293 707.277420043945 639.583812713623 592.627605438232 478.040084838867 618.383131027222 671.285089492798 590.048770904541 706.733322143555 756.28923034668 688.441387176514 822.514617919922 634.322540283203 522.667098999023 605.645683288574 789.043098449707 710.407673835754 637.686838150024 671.605749130249 642.648567199707 666.060260772705 736.936637878418 744.557319641113 753.172652959824 846.511917114258
400.819473266602 581.942691802979 976.808670043945 1229.75429153442 893.759048461914 638.206071853638 649.692459106445 749.168758392334 724.429145812988 626.704998016357 574.529266357422 553.143667221069 545.688135147095 666.443231582642 717.611391067505 974.955522537231 1208.17906951904 1867.71210479736 1214.87562561035 522.715515136719 377.938720703125 505.148956298828 578.806591033936 612.038382291794 552.20149230957 647.73356628418 631.83191204071 675.157020568848 659.217628479004 596.94979095459 600.303367614746 665.985280990601 711.495491027832 633.968916416168 621.070957183838 677.067161560059 724.030624389648 674.742186546326 711.515224456787 717.638845920563 564.009033203125 623.926815032959 564.641250610352 579.664100646973 659.795906066895 669.336436271667 673.251477241516 661.689945220947 679.431449890137 744.506340026855
485.857200622559 578.544646978378 781.325649261475 751.497261047363 770.26106262207 621.201637268066 516.38313293457 627.002571105957 630.979961395264 504.62720489502 432.206817626953 524.753894805908 668.066352844238 564.703768730164 719.820892333984 827.054252624512 1144.40785980225 1266.15026855469 969.879501342773 704.33544921875 543.483642578125 617.018202781677 643.015033721924 504.546051025391 647.655000686646 752.370956420898 820.322387695312 635.159618377686 615.546552658081 756.670883178711 695.553897857666 565.877670288086 593.808601379395 730.558837890625 684.610298156738 712.138149261475 652.435932159424 750.692398071289 676.290818214417 601.79810333252 347.527374267578 795.838928222656 728.195831298828 707.167104721069 674.545572757721 602.75350189209 563.977867126465 559.928833007812 650.567111968994 762.371673583984
526.612098693848 668.428268432617 628.146862030029 697.995086669922 655.850654602051 731.020446777344 706.478439331055 713.258602142334 733.18537902832 655.317304611206 621.500919342041 581.518455505371 441.359893798828 582.91042137146 792.410949707031 700.046937942505 793.975296020508 1151.59188079834 1770.77406311035 1430.62710571289 774.508720397949 851.591957092285 639.76692199707 542.709915161133 609.395861744881 853.228576660156 789.971160888672 678.116340637207 678.37589263916 629.095020294189 767.004425048828 691.307712554932 621.935592651367 638.418610572815 637.222267627716 727.528663635254 646.126712799072 681.260159492493 672.45929312706 620.986892700195 635.459259033203 644.72416305542 717.868072509766 1208.10098266602 1103.30880737305 919.065780639648 871.816257476807 603.632263183594 698.751472473145 849.152809143066
519.787506103516 578.394963145256 626.914901733398 631.1110496521 610.629024505615 533.582509994507 746.294448852539 646.292156219482 696.612644195557 654.68678188324 675.129013061523 648.51717376709 420.159591674805 701.817764282227 587.278926849365 813.291137695312 758.438739776611 1095.71628904343 1498.01279067993 1695.74266815186 749.383438110352 757.218846321106 670.841250449419 584.626976013184 546.026138305664 518.776962280273 550.252429962158 712.233673095703 539.444557189941 638.68190574646 771.547874450684 733.417167663574 529.086372375488 647.823889732361 667.829460144043 560.597457885742 794.565330505371 613.47034072876 626.403106689453 653.942684173584 625.8766040802 653.307754516602 692.774639129639 794.310508728027 1112.61980819702 1292.23474884033 867.679188728333 661.832649230957 615.213790893555 787.313545227051
587.042985439301 687.754280090332 692.128700256348 680.208480834961 682.424369812012 594.595527648926 822.230484008789 567.329034805298 566.338668823242 652.440002441406 729.801399230957 682.970909118652 496.126647949219 553.914247512817 551.205330848694 636.234107971191 800.767951965332 827.021301269531 1283.23223114014 1331.91983222961 1220.49261474609 618.374786376953 572.761054992676 551.111240386963 602.030631279573 555.645690917969 723.058578491211 702.002952575684 644.361736297607 455.294296264648 573.128429412842 674.276178359985 629.905222892761 629.716918945312 649.723459243774 546.944221496582 595.841514587402 563.92919921875 608.170028686523 639.632564544678 617.014530181885 659.523685455322 746.074447631836 715.813388824463 884.825485229492 556.041015625 1006.85736274719 1163.33905029297 611.938110351562 794.620819091797
432.929550170898 503.083961486816 715.422225952148 746.837215423584 679.784931182861 726.368629455566 995.262771606445 795.51717376709 548.437286376953 702.949756622314 810.157295227051 638.238582611084 577.895887374878 704.016120910645 561.681100845337 474.630462646484 561.038703918457 757.827529907227 836.046844482422 1425.24594116211 1859.48275756836 988.601654052734 631.567573547363 586.673976898193 557.697917938232 517.842964172363 565.45911026001 621.623118400574 617.527322769165 634.011422157288 740.223342895508 646.09112739563 585.735389709473 710.704723358154 607.012718200684 532.528816223145 540.390007019043 657.012644529343 491.135467529297 586.968273162842 703.432865142822 799.102752685547 659.929843902588 705.702589035034 591.675819396973 692.489898681641 668.230361938477 519.55712890625 950.85498046875 888.255767822266
548.688133239746 582.196257591248 589.144607543945 461.184555053711 517.563179016113 642.376436233521 764.024261474609 702.156837463379 505.730979919434 634.548896789551 591.788757324219 729.604888916016 596.372422218323 552.274078369141 457.937652587891 425.458618164062 461.800765991211 676.519243240356 766.284210205078 937.540596008301 1116.78005981445 1235.39031982422 1604.81734085083 944.656661987305 676.109395980835 572.167495727539 608.841899037361 603.2072057724 550.310218811035 557.596641540527 560.247673034668 665.6083984375 804.788269042969 564.917556762695 653.804216384888 514.120391845703 526.623657226562 484.033996582031 602.766098022461 692.214191436768 690.637638092041 687.177505493164 715.463447570801 691.674198150635 608.305885314941 682.593132019043 557.597396850586 769.66194152832 754.779632568359 341.197692871094
527.494758605957 733.159217834473 648.458040237427 479.647674560547 466.478088378906 792.482818603516 640.508926391602 623.468166708946 771.469566345215 670.434131622314 637.485256195068 641.351003170013 522.529159545898 567.291412353516 572.88583946228 640.198154449463 609.129776000977 551.508277893066 515.429222106934 801.803123474121 868.841918945312 1182.45454788208 1560.6095199585 940.000923156738 797.025611877441 508.901679992676 650.037338256836 551.202354431152 606.073639631271 450.864456176758 424.602737426758 602.491859436035 593.279094696045 563.896446228027 566.907585144043 492.18440246582 599.617362976074 762.574214935303 678.58123588562 666.101182460785 732.368186950684 629.547868728638 651.591678887606 599.212089538574 724.329009771347 674.96416759491 702.074478149414 470.269653320312 617.288108825684 555.373840332031
577.82088470459 682.240791320801 637.33975982666 524.072723388672 542.123680114746 770.567367553711 762.126449584961 592.685436248779 657.508255004883 768.834033966064 694.199541091919 749.628814697266 612.339164733887 658.558193206787 640.392978668213 640.613254547119 637.264945983887 807.90901184082 630.31224822998 593.522399902344 749.720571517944 924.250095367432 1099.23473358154 1277.84205627441 732.659332275391 519.741729736328 561.785778045654 452.554626464844 548.79655456543 600.867505550385 534.64298248291 547.864562988281 517.232025146484 590.429817199707 552.254615783691 636.480571746826 573.328895568848 732.439491271973 650.818230628967 689.810573577881 609.68874168396 723.195686340332 724.936180114746 655.688131332397 769.668571472168 735.297889709473 590.29727935791 610.200592041016 633.222869873047 733.244338989258
477.950637817383 563.734642028809 534.88402557373 487.327255249023 556.191040039062 606.842979431152 549.870796203613 568.299278259277 684.123700141907 641.91268157959 823.131927490234 837.598907470703 702.323150634766 585.093923568726 647.422664642334 778.542846679688 743.968633651733 814.662769317627 672.37996673584 768.64427947998 879.676614284515 826.759941101074 1211.60922813416 1223.16119384766 746.089920043945 574.740219116211 629.529356956482 596.469966888428 679.421142578125 574.264911651611 634.535972595215 536.69624710083 609.852262496948 562.906471252441 483.612106323242 652.707529067993 602.503129959106 703.040103912354 665.277446746826 640.163137435913 761.670593261719 772.701545715332 708.017845153809 836.398582458496 746.671653747559 670.665740966797 629.909643173218 539.712631225586 715.23927116394 724.81563949585
511.042190551758 571.713256835938 549.017562866211 571.426971435547 592.933609008789 604.566223144531 481.829750061035 640.433475494385 600.093292236328 570.445861816406 828.442890167236 879.393699645996 705.118398666382 688.042821884155 591.725212097168 648.242444813251 764.109823226929 764.10001373291 818.540699005127 842.974245071411 896.231292724609 838.543314933777 949.582088470459 1059.44955444336 844.5556640625 632.116666793823 540.423122406006 633.717588424683 528.040542602539 600.011635780334 573.904430389404 503.999099731445 388.468322753906 604.952659606934 537.60432434082 539.880294799805 445.760894775391 671.854797363281 769.893997192383 730.045616149902 637.872638702393 692.822597503662 904.802719116211 725.35075378418 714.289579391479 543.342575073242 617.589763641357 619.498413085938 636.077904701233 790.11597442627
523.447273254395 579.353256225586 550.904312133789 680.094156265259 651.494094848633 565.034362792969 644.572486877441 605.489906311035 654.513919830322 614.5680103302 621.037284851074 777.309501647949 720.751281738281 888.509338378906 683.059734344482 756.498977661133 787.659034729004 953.420028686523 784.234729766846 807.169969320297 900.16064453125 899.626113891602 1034.39120483398 845.040706634521 669.343784332275 610.201302051544 451.953674316406 614.470698595047 665.114322662354 538.18041229248 479.123672485352 776.657089233398 513.665176391602 645.488519668579 608.62446975708 470.896331787109 509.100074768066 595.794904708862 708.539840698242 739.829460144043 632.816802978516 639.982529640198 735.819185256958 778.360130310059 768.588638305664 557.708992004395 570.018989562988 692.688510894775 710.323753356934 707.641067504883
661.220567703247 642.035451889038 657.738912582397 793.140045166016 596.213130950928 651.738333702087 595.262042999268 603.716674804688 600.816291809082 680.097803115845 603.825859069824 839.035003662109 736.145500183105 782.80029296875 825.03434753418 729.718368530273 739.904148101807 758.0456199646 871.274536132812 859.924026489258 854.866762161255 947.305725097656 982.510696411133 712.131507873535 627.528141021729 555.519866943359 611.452892303467 655.72594833374 786.636535644531 556.140151977539 755.350936889648 885.434043884277 804.04007101059 727.519660949707 680.4404104352 647.294914245605 554.126609802246 639.823024749756 654.973152160645 685.857650756836 662.237499237061 717.687726974487 574.709178924561 631.396867752075 595.559030532837 592.654510498047 535.080894470215 725.372295379639 762.334365844727 683.695223808289
614.135484695435 646.889722824097 604.735126495361 737.908882141113 600.37829208374 557.378318786621 657.184750556946 715.74089050293 723.716415405273 611.020851135254 670.270487785339 583.936988830566 809.624000549316 876.075973510742 786.406852722168 902.683288574219 776.515647888184 652.537498474121 614.24925994873 701.453971862793 751.609077453613 757.213153839111 641.048877716064 738.403854370117 712.165596008301 642.473752975464 599.093680381775 602.912555575371 522.632759094238 770.711029052734 768.470775604248 723.409034729004 703.917137145996 478.182327270508 637.765823364258 703.586578369141 681.632419586182 580.30179977417 673.432067871094 669.469207763672 654.132534980774 648.655153274536 593.980682373047 669.59521484375 690.877647399902 571.260902404785 710.619533538818 673.825477600098 540.712814331055 517.654479980469
574.603256225586 681.078018188477 481.802688598633 594.430969238281 523.432418823242 648.276023864746 731.87833404541 735.716300964355 730.857810974121 572.371764183044 666.778856277466 661.456840515137 552.012359619141 672.598759651184 728.411371231079 874.609085083008 644.266296386719 610.068572998047 632.639717102051 833.677461624146 838.595878601074 623.598510980606 601.676689147949 753.608879089355 652.229238033295 638.791195869446 574.548931121826 607.933919906616 540.282886505127 808.348425626755 796.803619384766 696.127326965332 671.803596496582 542.479057312012 673.039091110229 701.252907752991 747.186416625977 837.1086769104 694.639446258545 570.69059753418 529.014114379883 688.443031311035 752.442085266113 707.576713562012 641.320770263672 549.902061462402 587.818355560303 625.38022685051 749.433601379395 625.125915527344
624.092092514038 798.10563659668 596.453720092773 605.892511367798 566.34875869751 607.08434677124 653.814224243164 709.496528625488 603.752012252808 620.849143505096 633.051231861115 503.595878601074 610.278236627579 574.223052978516 632.122177124023 841.764148712158 667.237197875977 597.843927383423 678.564712524414 566.284488677979 638.164465904236 543.098831176758 612.704828262329 591.482662200928 630.085906982422 500.977577209473 558.295146942139 679.343168258667 674.000867843628 866.973823547363 683.285446166992 802.237121582031 793.330963134766 681.540908813477 629.769884109497 657.388620376587 735.588042259216 1077.96845531464 1032.79499816895 483.748077392578 582.718620300293 620.296650409698 701.408435821533 654.030881881714 704.268577575684 619.852643966675 633.035435199738 661.387786865234 721.037155151367 731.333290100098
734.969718933105 754.815391540527 594.527917861938 592.276306152344 708.754699707031 559.619132995605 631.385135650635 675.743083953857 498.047149658203 634.127866744995 558.593574523926 702.302764892578 777.087310791016 713.538558959961 676.196142196655 666.67529296875 521.866058349609 725.384231567383 734.247566223145 699.29956817627 703.965057373047 641.585949420929 598.435855865479 708.517318725586 653.396881103516 541.119895935059 667.174507141113 662.245845794678 608.532709121704 638.195571899414 617.994407653809 703.792282104492 878.410293579102 692.411846160889 685.545324325562 694.85818862915 623.313186645508 873.54370880127 443.987579345703 485.577011108398 569.721416473389 484.285263061523 629.362159490585 575.397678375244 586.714340209961 675.999591827393 634.52597951889 645.089056015015 740.911460876465 555.191246032715
578.664276123047 627.212608337402 630.008739471436 623.294691085815 580.362648010254 590.60721206665 683.655591964722 596.333065032959 720.941482543945 505.559371948242 575.207492828369 681.850704193115 686.37618637085 678.094409942627 592.958641052246 631.280921936035 503.590286254883 674.608058929443 610.872259140015 627.273448944092 662.295282363892 596.766635894775 662.999814987183 749.646896362305 629.131616592407 628.16463470459 321.192138671875 632.876546859741 627.405036449432 554.154304504395 633.455604553223 728.580497741699 822.453811645508 729.273063659668 656.951137542725 814.683334350586 571.934669494629 874.567571640015 634.423610687256 544.960731506348 679.776294708252 601.048126220703 648.893924713135 469.765716552734 515.283424377441 588.368110656738 652.887882232666 724.499183654785 662.980093002319 735.981826782227
737.327919006348 561.131556510925 654.06831818819 590.133472442627 660.158601760864 707.667518615723 684.389091491699 611.996965408325 605.65806388855 549.884887695312 641.756281137466 446.466064453125 630.75469493866 724.789909362793 565.910659790039 547.563896179199 578.19457244873 698.390117645264 663.776985168457 791.914138793945 598.274607658386 648.748050689697 735.089134216309 620.512951850891 694.960762023926 548.952003479004 555.053028106689 550.375961303711 757.729614257812 754.381759643555 710.448198318481 641.493431091309 639.53784942627 644.751881599426 672.329048156738 975.038581848145 992.593872070312 799.609992980957 678.099266052246 568.650806427002 635.522904396057 701.768749237061 707.922119140625 706.741992950439 654.752140045166 642.418468475342 567.912788391113 692.324478149414 623.193374156952 650.207426965237
