simdem/realisation39.asc
NCOLS 350 
NROWS 171 
XLLCORNER 152620 
YLLCORNER 418050 
CELLSIZE 100 
NODATA_value -9999 
[rows 66 to 87 of 171, columns 200 to 249 of 350]
691.166244506836 621.527275085449 539.996681213379 741.557502746582 668.167234420776 709.055946350098 639.938262939453 600.419727325439 550.50659942627 693.892086029053 592.092672348022 483.338157653809 660.581336975098 656.544700622559 573.268310546875 566.281898498535 490.530914306641 674.320167541504 590.159358978271 428.559448242188 650.58874464035 648.964870452881 746.246253967285 656.219665527344 704.561916351318 747.602256774902 673.704658508301 567.608528137207 678.754878997803 590.14546585083 594.688803672791 633.011093139648 710.317993164062 504.740409851074 604.9231300354 429.781799316406 639.414344787598 632.290019989014 703.377510070801 614.001184463501 642.318661212921 581.24645614624 626.682278633118 691.668487548828 667.78946685791 864.452072143555 598.41353225708 620.838959217072 655.388557195663 741.722274780273
640.387385368347 711.720497131348 685.806777954102 614.487619400024 629.828436851501 683.905494689941 727.596366882324 651.472472667694 677.748414993286 670.054613113403 632.973627090454 636.031843185425 717.876350402832 562.009819030762 457.810718536377 365.917388916016 438.678367614746 608.920307040215 687.111907958984 795.019474029541 691.891132354736 549.530235290527 601.952605247498 652.990535736084 561.408676147461 769.758415222168 618.32691860199 635.965438842773 524.789833068848 646.600606918335 452.889892578125 671.938098907471 758.355491638184 694.34135055542 808.583549499512 699.021064758301 675.145706176758 611.836502075195 685.814708709717 523.028274536133 643.343360900879 710.741485595703 708.434310913086 621.095943927765 570.659366607666 834.518020629883 609.982849121094 631.621934890747 652.001630783081 628.08092880249
597.41487121582 627.055286407471 626.405954360962 671.052762985229 618.173631668091 643.56952047348 626.214649200439 698.074249267578 793.618316650391 704.104179382324 639.0844373703 547.634727478027 493.453414916992 614.496753692627 591.689949035645 372.704925537109 493.427513122559 594.692747116089 647.427126169205 435.175109863281 618.802755355835 675.993324279785 551.25318145752 572.471794128418 439.196914672852 509.966705322266 601.836086273193 639.651514053345 637.178623199463 648.335906028748 592.991401672363 750.570566177368 657.303926467896 710.906909942627 668.149715423584 785.852203369141 781.028373718262 840.734985351562 652.620956420898 727.807121276855 579.672023773193 649.272727966309 648.50899887085 596.296648025513 684.346389770508 592.813655853271 594.201168060303 609.183208465576 692.46834564209 634.2523624897
625.558798789978 664.329105377197 664.817358016968 606.352118492126 571.661617279053 617.196618080139 454.281021118164 620.690919876099 612.363586425781 633.372638702393 652.360774993896 516.041931152344 583.917976379395 716.525173187256 692.302603244781 540.186805725098 670.5751953125 745.14005279541 492.24348449707 627.951572418213 628.518978118896 730.547912597656 628.493337631226 420.406280517578 400.398742675781 576.549713134766 529.519958496094 566.97624206543 446.725280761719 456.265441894531 616.376860141754 576.568515777588 610.10120010376 695.263843536377 704.268575668335 627.825187683105 673.3542137146 655.037783622742 705.606967926025 667.257877349854 585.737850189209 609.029258728027 661.368501663208 593.664100646973 593.225090026855 693.334270477295 665.456119537354 640.232964515686 684.985996246338 650.419808864594
692.345703125 533.531372070312 644.908912658691 677.437103271484 665.677707672119 694.850532531738 567.678070068359 549.167541503906 619.094509124756 665.120042800903 765.129508972168 616.421875 658.109062194824 731.187568664551 638.72279548645 525.155204772949 560.993370056152 477.426071166992 461.504852294922 592.835952758789 762.594245910645 627.151824951172 559.548812866211 663.204472541809 395.771347045898 314.065399169922 627.788184165955 569.278522491455 466.787139892578 527.066162109375 460.139678955078 550.251804351807 595.233810424805 570.806232452393 594.507789611816 713.768981933594 669.166374206543 683.692798614502 594.984485626221 703.775810241699 668.301258087158 665.688413619995 684.460468292236 570.024059295654 650.994815826416 605.762279987335 668.323108673096 667.876401901245 767.850158691406 836.224136352539
548.61669921875 606.828015327454 689.948238372803 754.596923828125 782.858383178711 616.340522766113 618.428081512451 641.287614822388 646.080959320068 660.361012935638 734.430313110352 790.823303222656 719.642742156982 699.426933288574 621.159586906433 453.98503112793 661.475429534912 625.96817779541 699.114292144775 778.483505249023 652.489501953125 697.689062833786 592.674520492554 499.804977416992 582.200378417969 535.72388458252 515.745628356934 619.558282375336 590.437971115112 594.411606550217 636.540035486221 690.428516387939 489.220458984375 708.476026535034 508.262939453125 644.244741439819 642.140089035034 732.076766967773 797.756790161133 573.22554397583 567.77437210083 658.437019348145 621.426530361176 580.190158843994 605.355009734631 704.472198486328 581.855548858643 682.620514839888 723.357479095459 674.801818847656
555.716114044189 667.036659240723 626.705472946167 672.984994888306 552.584686279297 545.328002929688 432.013961791992 630.653636932373 686.30454826355 737.565658569336 702.917594909668 883.643997192383 798.55290222168 643.787195205688 657.334787368774 552.593139648438 580.865905761719 691.759041309357 773.606990814209 958.854927062988 695.782096862793 706.970924377441 688.9069480896 589.248817443848 679.497482299805 546.635520935059 674.42854309082 649.236305236816 657.789577484131 619.160621643066 633.373785018921 564.964599609375 507.027069091797 712.074295043945 621.561184883118 573.60619354248 588.177722930908 609.712443351746 607.768421888351 544.614044189453 606.651245117188 603.372928619385 490.201232910156 643.661484956741 638.907627105713 581.53466796875 577.328063964844 614.68953704834 750.636489868164 686.466613769531
639.653156280518 544.777816772461 643.594633102417 482.13134765625 624.180576324463 605.63366317749 566.229064941406 657.123572349548 719.97318649292 743.586524963379 848.462249755859 760.57283782959 718.744621276855 714.984321594238 527.559921264648 626.405080795288 703.084880828857 747.7512550354 804.523216247559 826.564754486084 661.717254638672 792.75347328186 637.386148452759 589.089630126953 558.537017822266 504.95223236084 625.048801422119 665.234337806702 773.861282348633 661.106155395508 556.863594055176 485.771057128906 670.668563842773 587.656646728516 542.464544296265 557.73120880127 518.691017150879 472.047332763672 661.460640907288 605.606976985931 603.013854980469 642.566137909889 613.868961334229 536.800628662109 609.483207702637 618.848903656006 533.132362365723 547.94229888916 719.261184692383 725.551475524902
599.627802848816 650.245101928711 558.65673828125 482.331970214844 653.546411514282 615.737602233887 644.734926223755 670.019908905029 761.601406097412 693.071480751038 714.917255401611 641.482364654541 695.509674072266 577.335891723633 626.733792304993 703.751525878906 751.495254516602 785.388542175293 740.121728897095 848.909936904907 784.548614501953 974.418510437012 1238.80966186523 854.101198196411 699.206449508667 693.856834411621 526.565795898438 580.736583709717 612.896469116211 694.71216583252 432.27392578125 887.654392242432 641.513787984848 667.723846435547 739.253227233887 614.245928764343 437.064849853516 491.378631591797 547.719100952148 462.83317565918 532.275177001953 691.059310913086 573.20832824707 549.925338745117 520.971122741699 491.658401489258 765.484512329102 642.363500595093 651.341386795044 652.316860198975
475.91145324707 742.554641723633 703.374725341797 686.502174377441 676.725490570068 691.473205566406 561.987174987793 673.276824951172 671.763752937317 730.575752258301 692.417495727539 598.55782699585 638.044240951538 585.281097412109 723.857959747314 842.498504638672 570.195398330688 580.886867523193 638.018505096436 852.23853302002 650.821416988969 806.377834320068 946.209594726562 810.324058532715 811.758870124817 828.813152313232 995.491279602051 651.274864196777 685.000591278076 679.068420410156 537.787208557129 847.616413116455 457.318435668945 547.913139343262 762.899971008301 583.180938720703 560.712059020996 568.654964447021 575.406883239746 574.671943664551 524.364646911621 524.033142089844 601.163602828979 605.047700881958 683.230834960938 571.731143951416 625.475860595703 726.571113586426 597.524972915649 597.621510505676
562.364994049072 667.458999633789 641.713844299316 767.414962768555 606.747579574585 659.584270477295 551.599418640137 802.87272644043 811.575424194336 820.618110656738 697.898918151855 641.908185005188 556.190658569336 604.638229370117 650.756666183472 699.88610458374 559.734222412109 525.805740356445 629.242401123047 684.945802688599 633.794761657715 657.424179077148 737.265115737915 816.897399902344 781.225002288818 663.758636474609 741.676429748535 801.093172073364 804.034427642822 502.79638671875 1231.22709941864 743.734886169434 488.892723083496 570.964515686035 695.770881652832 479.204116821289 532.013160705566 582.647796630859 700.030570983887 640.466671466827 512.025100708008 554.167045593262 538.722465515137 649.889011383057 677.193286895752 672.098384857178 559.301406860352 587.105340957642 774.752395629883 599.042196273804
532.359550476074 712.552406311035 866.694946289062 706.213081359863 678.030143737793 683.127449035645 618.403656005859 640.012941837311 807.403244018555 763.359222412109 746.467361450195 638.633751869202 662.131784439087 614.198949813843 562.648956298828 596.425228118896 577.972038269043 420.793502807617 820.512714385986 748.48844909668 745.18314743042 850.247730255127 767.903964996338 735.27254486084 677.812194824219 658.218353271484 681.390682220459 909.716949462891 1056.13612556458 870.350368499756 835.600250244141 832.319389343262 806.310211181641 778.607383728027 781.030609130859 762.182350158691 691.210514068604 604.72091293335 526.65950012207 639.399182319641 528.168395996094 623.161546707153 637.137132406235 610.325387001038 660.796875 635.778545379639 616.752471208572 561.546905517578 581.30392074585 683.28674697876
541.472366333008 562.180820465088 682.118751525879 588.03099822998 729.58317565918 618.09571480751 523.108352661133 700.192817687988 747.866539001465 738.751146316528 642.01319694519 583.267074584961 647.37491774559 632.078302383423 552.070930480957 504.557907104492 602.498018026352 583.460159301758 672.79652094841 727.004211425781 901.409209251404 894.321681976318 746.319373905659 659.617652893066 728.161200046539 854.100860595703 820.014030456543 802.274101257324 1202.82599163055 1210.49294948578 843.338050842285 761.004920959473 775.185244560242 872.022018432617 817.054748535156 735.871894836426 783.007865905762 648.327870368958 642.506004333496 624.021226882935 639.247550964355 645.709569454193 570.359184265137 504.188766479492 644.774145126343 620.228140354156 771.483001708984 667.535697937012 455.537704467773 782.509078979492
661.408981323242 433.91162109375 581.838317871094 620.040939331055 647.113353729248 633.599500656128 603.239433288574 718.444732666016 741.926910400391 571.982223510742 628.76469039917 539.153076171875 640.842170715332 650.853322982788 676.065925598145 672.895956039429 797.243637084961 701.398323059082 440.397735595703 788.63084602356 662.428291320801 740.950622558594 699.547424316406 775.472751617432 900.232360839844 835.686214447021 606.938812255859 744.01379776001 1238.02296066284 1141.04689788818 1165.75095367432 952.992243766785 887.195615768433 859.94372177124 786.953605651855 779.550277709961 686.134189605713 626.011322021484 665.721430778503 631.878204345703 605.237983703613 666.857315063477 667.046604156494 649.447612762451 588.245178222656 636.630109786987 735.332275390625 751.387214660645 775.120986938477 829.55680847168
608.785254180431 684.457885742188 525.741249084473 697.640182495117 604.166376113892 430.292617797852 634.067337989807 740.967811584473 805.030059814453 647.819240570068 693.447298049927 571.434478759766 448.089202880859 612.160659790039 732.41569519043 768.991714477539 700.805253982544 636.711624145508 546.55485534668 562.848274230957 542.369873046875 538.879783630371 685.980527877808 880.779312133789 673.800486087799 799.393321990967 787.241716384888 757.082096099854 761.608798980713 833.310182094574 1007.59883117676 1371.20751953125 1263.62626647949 1073.59111022949 1302.80653381348 783.671033859253 661.465119600296 547.140380859375 663.462228775024 679.426161766052 617.952625274658 652.91063117981 683.680707931519 683.123203277588 690.321227073669 614.141054153442 598.473031044006 620.249088287354 707.20832824707 661.883993148804
799.679077148438 652.310069084167 659.466228485107 621.72526705265 732.498016357422 647.795694351196 537.562309265137 732.685836791992 696.091697692871 775.922607421875 732.866226196289 807.118843078613 643.511293172836 613.332740783691 701.365463256836 705.713968276978 677.59906578064 575.415199279785 640.311654090881 554.23314666748 509.347930908203 668.019380569458 519.575424194336 673.909156799316 776.643646240234 804.704902648926 896.12712097168 731.071601867676 766.728889465332 820.794345855713 658.784637451172 1037.56364440918 896.288909912109 1187.39366149902 1221.20085144043 1104.51435852051 610.851470947266 638.152996063232 751.488151550293 686.458654403687 726.432926177979 604.841361999512 540.00643157959 661.289497375488 719.448132514954 530.945236206055 600.086120605469 623.87967300415 623.233797669411 654.284747123718
778.00318145752 643.36624121666 750.510047912598 885.723175048828 534.585868835449 695.944732666016 630.885099411011 632.988676071167 666.463325500488 499.784576416016 705.792867660522 728.36344909668 681.887817382812 677.833892822266 682.81007194519 739.391738891602 745.879241943359 656.213449478149 610.682319641113 618.347587585449 580.250926971436 644.940454006195 619.786535263062 688.727533340454 719.048095703125 687.34407043457 716.857393264771 666.74292755127 810.260164260864 666.042650222778 821.250295221806 700.184707641602 862.206684112549 1415.22180175781 1124.61534118652 1439.05767822266 730.942663669586 660.945081710815 665.615871906281 629.300933837891 593.029850006104 550.211791992188 658.166481018066 520.828399658203 541.014976501465 464.609466552734 595.692726135254 805.067459106445 754.233856201172 716.986625671387
748.644981384277 740.310707092285 840.767562866211 839.634338378906 666.644313812256 649.287967681885 769.914779663086 595.012155532837 574.71263885498 613.168081283569 695.786043167114 681.528110027313 668.521965026855 623.007930755615 621.168739318848 643.03053188324 590.077266693115 580.54963684082 591.387321472168 559.621536254883 797.051300048828 593.848407745361 648.319067120552 522.177658081055 605.097938537598 760.727123260498 646.964614868164 666.176317214966 744.433895111084 714.957801818848 621.232261657715 595.629844665527 914.799997329712 1371.04690551758 1154.47203063965 1101.89730072021 1097.97273254395 851.223608016968 592.171714782715 510.423625946045 625.035190582275 562.202392578125 738.591082572937 735.224949836731 678.107509613037 623.824895858765 619.093677520752 712.9990234375 678.92297744751 708.181037902832
747.449508666992 656.843267440796 698.231140136719 590.115818023682 617.987112402916 716.137901306152 652.603393554688 647.17234992981 572.117568969727 605.595020294189 779.372146606445 728.076190948486 649.18090057373 762.110687255859 706.183010101318 652.373253822327 675.691776275635 755.564727783203 700.458744049072 673.160974502563 671.010036468506 560.029335021973 549.318000793457 655.088019371033 731.952964782715 503.626342773438 632.924537181854 610.63440322876 715.959476470947 717.825067281723 688.65082359314 760.833336830139 804.984329223633 1003.98812866211 1187.2099609375 942.093589782715 831.046192169189 814.514854431152 763.32251739502 699.890670776367 622.951431274414 632.178428649902 777.511940002441 764.1682472229 961.435024261475 1009.9932975769 1113.36156463623 920.666763305664 643.451137542725 787.409164428711
798.956420898438 708.490119934082 675.13743686676 537.65837097168 522.673568725586 636.194576263428 561.280555725098 546.204242706299 597.999481201172 584.492839813232 683.683540344238 788.956611633301 684.32593536377 834.096969604492 817.531814575195 728.968528747559 652.190238952637 702.936676025391 667.463596343994 559.8427734375 496.447891235352 549.483993530273 640.014625549316 589.080207824707 826.558135986328 659.039337735623 841.755355834961 710.131828308105 478.98161315918 687.166131973267 726.196823120117 746.339286804199 784.988216400146 766.021173477173 741.857702255249 791.557392120361 682.79891872406 682.531143188477 637.949081420898 712.613945007324 509.893859863281 521.031158447266 661.715455055237 674.044212341309 800.341070175171 878.955387115479 1042.64596557617 1025.94603157043 1018.44634628296 518.229476928711
820.970169067383 654.077625274658 666.75928401947 607.106651306152 427.349670410156 645.424549102783 717.605621337891 625.55784702301 588.404006958008 551.841651916504 567.56755065918 608.746627807617 771.753616333008 849.943130493164 794.036087036133 750.438957214355 626.633205413818 804.837661743164 661.601367950439 707.920227050781 727.860130310059 575.408386230469 579.281326293945 609.775287628174 684.124294281006 678.955974578857 746.298774719238 814.121376037598 482.704742431641 613.302097320557 606.316749572754 698.51916885376 666.385637283325 662.208281517029 548.949264526367 873.144599914551 778.357948303223 643.44261932373 717.581405282021 649.6884765625 766.834674835205 492.067687988281 722.106739044189 839.060169219971 804.72354888916 902.941464424133 975.661346435547 991.528491020203 913.969100952148 687.563792586327
636.002193450928 555.60661315918 651.257516860962 633.467515945435 553.101982116699 631.443367958069 791.462417602539 781.585739135742 738.829742431641 560.427108764648 500.021133422852 680.028717041016 717.718746185303 652.244213104248 845.34065246582 657.446928024292 798.284042358398 685.724158763885 738.911643981934 707.522575378418 666.882978439331 622.349800109863 612.160804748535 714.716903686523 663.231416702271 658.748474121094 749.759574890137 780.474143981934 985.582244873047 639.288806915283 567.699310302734 614.740755081177 580.178642272949 568.49341583252 637.240570068359 731.784934997559 587.817687988281 623.724069595337 611.13680267334 656.826789855957 745.597869873047 664.046867370605 769.101240158081 892.410583496094 810.802223205566 951.476387023926 898.901960372925 1235.26884460449 1072.55438232422 988.585716247559
