simdem/realisation82.asc
NCOLS 350 
NROWS 171 
XLLCORNER 152620 
YLLCORNER 418050 
CELLSIZE 100 
NODATA_value -9999 
[rows 22 to 43 of 171, columns 50 to 99 of 350]
-9999 -9999 -9999 -9999 -9999 -9999 -9999 -9999 -9999 572.100090026855 588.674392700195 708.168546676636 698.912057876587 729.867694854736 441.22767829895 508.62186050415 536.512535095215 547.41919708252 672.538241863251 635.589080810547 554.171241760254 589.046203613281 659.78172492981 694.703285217285 783.762702941895 734.788871765137 651.488464355469 596.04748916626 621.189891815186 705.990882873535 693.018524169922 552.90832901001 668.149864196777 676.805519104004 541.702896118164 676.768943786621 465.470436096191 455.779190063477 456.299407958984 471.076026916504 530.075605392456 446.853103637695 1077.24084472656 624.139495849609 540.805122375488 619.288627624512 518.167144775391 664.23490524292 526.322269439697 1232.82495117188
-9999 -9999 -9999 -9999 -9999 -9999 -9999 -9999 864.12654876709 627.351522445679 681.83399772644 721.742641448975 679.538206338882 435.531032562256 525.644985198975 620.892604827881 621.65111541748 644.238133907318 732.042182922363 707.168441772461 598.880722045898 732.031799316406 585.013022422791 664.619152069092 758.86353302002 601.357591629028 560.415836334229 455.592864990234 394.201095581055 589.767711639404 595.432983398438 673.25212097168 582.441553115845 689.150779724121 573.528774261475 644.09423828125 437.250228881836 790.427673339844 732.796890258789 1170.48393392563 833.817142486572 555.631286621094 520.94771194458 595.757626533508 532.446979522705 630.282108306885 517.746208190918 549.669311523438 395.45915222168 1199.17182922363
-9999 -9999 -9999 -9999 -9999 -9999 -9999 896.284683227539 834.663597106934 1004.15312194824 613.386129379272 631.69340801239 570.782447814941 361.220764160156 644.189659118652 773.254898071289 640.8818359375 616.824631690979 801.918518066406 743.593772888184 577.653823852539 684.48477935791 443.825988769531 725.556091308594 765.996757507324 562.989658355713 560.217597961426 593.529346466064 566.839560747147 1171.02500534058 633.521266937256 587.301734924316 591.969123840332 484.127502441406 773.113800048828 672.270357131958 583.108341217041 656.699842453003 669.178256988525 694.498458862305 686.85432434082 590.368474006653 623.501468658447 590.534778594971 453.492095947266 473.921524047852 501.56664276123 386.565017700195 475.101299285889 1033.08549308777
-9999 -9999 -9999 -9999 -9999 -9999 850.877143859863 534.524353027344 667.395751953125 948.51263833046 736.911735534668 724.765472412109 481.594962596893 583.745909690857 504.946849822998 471.679931640625 621.992681860924 644.96040725708 544.500867843628 662.171375274658 664.370946884155 746.324859619141 436.873191833496 615.618642181158 595.843559265137 482.501304626465 510.012722015381 1056.43505096436 751.068754196167 873.691673278809 669.957885742188 596.374542236328 643.821426391602 914.700523376465 469.179885864258 560.220008850098 589.969959259033 436.644821166992 601.924572467804 562.131370544434 560.055360794067 544.000953674316 435.688316345215 467.125869750977 643.172512054443 517.372932434082 462.698379516602 464.920509338379 424.375564575195 585.425842285156
-9999 -9999 -9999 -9999 -9999 650.254020690918 478.671569824219 210.261566162109 352.541687011719 577.202186584473 726.321426391602 768.621589660645 758.18690776825 513.618041992188 580.442222595215 638.413116455078 548.486789703369 491.818008422852 575.424978256226 509.809944152832 678.392067909241 549.391346931458 498.238334655762 421.319747924805 437.49479675293 575.021209716797 660.11710357666 684.391387939453 998.987785339355 635.38695526123 496.610443115234 452.039367675781 592.76171875 598.627731323242 638.579189300537 451.760284423828 414.895111083984 490.094375610352 574.49517250061 510.336639404297 538.627793312073 444.228004455566 543.838001251221 520.341194152832 575.95333480835 511.820528030396 429.573394775391 556.912427902222 518.824722290039 519.898452758789
-9999 -9999 -9999 -9999 459.646743774414 549.256561279297 455.021472930908 392.625076293945 396.250778198242 599.061729431152 680.114521026611 634.397773742676 617.179934501648 555.226821899414 497.99829864502 682.107460021973 420.815807342529 584.093143463135 597.776208877563 555.906085968018 562.523574829102 635.67317199707 567.862972259521 996.265281319618 857.727920532227 588.704162597656 597.638999938965 682.141494750977 915.331466674805 687.163673400879 537.001617431641 617.003192901611 525.367706298828 636.174293518066 580.531326293945 467.679672241211 481.859298706055 509.178680419922 537.851623535156 612.093901634216 448.855316162109 478.165885925293 430.085342407227 659.247947692871 620.392265319824 506.117988586426 561.418491363525 610.016660690308 510.122924804688 547.553123474121
-9999 -9999 -9999 1012.5191192627 433.177108764648 418.455825805664 471.996612548828 314.875289916992 599.442821502686 546.69758605957 607.859146118164 598.401329040527 442.775650024414 484.114181518555 591.206100463867 560.531196594238 731.366470336914 740.526412963867 702.494018554688 533.749685287476 568.066875457764 597.895790100098 825.208053588867 577.434898376465 521.800346374512 546.891342163086 659.998397827148 623.821825027466 674.702911376953 605.049194335938 522.759629130363 487.589889526367 649.489837646484 581.962261199951 457.777000427246 570.474649429321 488.098190307617 539.978010177612 556.355484008789 388.553512573242 502.751407623291 474.12141418457 549.817867279053 504.290046691895 494.765575408936 410.751174926758 542.112755298615 421.564231872559 334.517211914062 466.515472412109
-9999 -9999 674.19352722168 1115.31591796875 370.394515991211 435.742349624634 465.752349853516 462.415714263916 697.459331512451 679.175632476807 641.378597259521 647.372947692871 617.706253051758 805.963581085205 616.181373596191 591.438761711121 762.922821044922 690.785152435303 1032.71929931641 750.371284484863 1297.84317779541 593.90728187561 593.965480804443 473.439353942871 513.467120170593 403.927368164062 373.355567932129 477.00659942627 373.800437927246 457.568321228027 441.067405700684 680.327476501465 680.899711608887 372.738479614258 425.251052856445 475.098037719727 523.543940544128 611.355651855469 551.355985641479 461.100509643555 607.899276733398 597.318870544434 556.502937316895 626.116455078125 566.839626312256 532.409597396851 446.586120605469 515.77081489563 350.838806152344 725.376571655273
-9999 -9999 805.809051513672 1179.51815795898 1076.23054695129 380.286903381348 607.488375663757 482.19952583313 548.06713104248 777.205909729004 538.559257507324 485.014123916626 819.640510559082 658.407068252563 695.055681884289 649.795450568199 622.951280593872 621.191261291504 972.513275146484 661.536888122559 539.715768814087 572.919010639191 515.214946746826 600.672035217285 480.15531539917 375.991119384766 413.102649688721 484.178449630737 484.481384277344 411.204967498779 330.776908874512 436.939567565918 549.237419128418 453.813781738281 413.606452941895 469.374346733093 559.579696655273 501.71004486084 505.493602752686 494.554353713989 503.517297744751 648.274551391602 559.584205627441 503.464748322964 673.457122802734 579.22354888916 407.337692260742 498.097255706787 480.726707458496 556.154098510742
-9999 790.144729614258 899.593490600586 717.362533569336 717.78409576416 631.448645591736 590.160470962524 721.63965177536 703.364262580872 649.036816596985 710.564750671387 667.178562164307 806.190635681152 745.02027130127 496.192573547363 660.000056266785 443.293594360352 530.759534835815 533.031613349915 667.40119934082 591.593566894531 640.470474243164 668.774322509766 585.30394744873 575.86742401123 417.236213684082 438.240644454956 470.740077018738 459.046963691711 380.329803466797 519.043407440186 513.517692565918 636.85546875 531.295852661133 538.731414794922 493.410514831543 513.797462463379 453.175203800201 424.685073852539 508.338134765625 550.206569671631 546.282122612 548.088596343994 452.889839172363 528.587646484375 557.836566925049 502.700490951538 527.087261199951 577.48136138916 563.292194366455
608.062216520309 689.590015411377 779.339157104492 609.927380561829 613.805587291718 638.375926971436 570.994159698486 652.233692169189 480.529754638672 695.825759887695 699.721130371094 713.370491027832 701.252588272095 645.874504089355 732.259307861328 718.899337768555 550.933740615845 610.041244506836 574.057098388672 548.994937896729 642.641586303711 680.828674316406 584.392585754395 666.297943115234 505.122177124023 541.073997497559 510.138042449951 557.499870300293 468.70112991333 505.280119895935 481.629346251488 443.586387634277 549.85578918457 459.545288085938 435.043254852295 424.514461517334 356.329475402832 530.15319442749 479.640148162842 509.608451843262 444.464693069458 472.271289825439 486.813797950745 368.665321350098 388.542778015137 601.93244934082 567.806024551392 640.820358276367 574.583053588867 636.473648071289
683.50341796875 598.018501281738 536.958419799805 496.341804504395 476.533081054688 499.32836151123 594.076148986816 576.42741394043 651.162399932742 716.008052825928 680.143218994141 595.302736282349 604.103247880936 460.259272575378 548.849639892578 477.072463989258 605.341865539551 573.488162994385 561.229084014893 550.614532470703 631.557006835938 556.129280090332 469.990810394287 529.751678466797 469.644104003906 560.835563659668 464.939099788666 502.205991744995 453.169651031494 572.072288513184 511.408020019531 529.171051025391 474.482148170471 504.922916412354 488.36763381958 430.962455749512 391.116058349609 531.090274810791 457.736879348755 483.600034713745 462.532476425171 563.50443649292 507.615776062012 352.603485107422 437.983654022217 479.779024139047 526.808040618896 529.513835906982 538.956974029541 489.526968717575
588.710878372192 559.309791564941 555.613056182861 500.603248596191 554.80816078186 610.974956512451 504.280242919922 296.699554443359 685.564376831055 672.271106719971 568.820934295654 509.948829650879 590.05534362793 557.564403533936 481.873743057251 595.493114471436 351.19172668457 492.454593658447 621.507247924805 519.180828094482 489.179439544678 462.765064239502 485.48371887207 443.711133956909 383.726860046387 450.134309768677 438.099231719971 402.929244995117 540.001708984375 465.187774658203 505.215209960938 449.670791625977 328.561683654785 339.141120910645 416.792461395264 456.430034637451 473.647545933723 439.685363769531 443.399720191956 499.649940490723 454.202621459961 545.405003547668 424.767211914062 339.209518432617 443.136590957642 546.974647521973 492.811290740967 481.418765068054 414.017791748047 540.479801177979
534.327545166016 511.406732559204 409.246803283691 480.90625 451.274131774902 632.332620620728 539.39478969574 700.106338500977 486.905204772949 495.858703613281 628.708930969238 492.143447875977 579.265906333923 479.481292724609 465.1357421875 395.841598510742 377.595863342285 369.175231933594 482.871221542358 465.951200485229 385.20320892334 465.1372423172 402.783885955811 378.511688232422 314.448417663574 479.678955078125 462.255647659302 428.221981048584 417.061555862427 432.702531814575 585.00016784668 546.833595275879 455.617926597595 376.984756469727 412.689136505127 516.074222564697 517.019241333008 487.705364227295 686.657150268555 366.7119140625 504.226314544678 397.291435241699 314.116149902344 450.025687217712 436.727546691895 554.698501586914 642.317108154297 611.172744750977 515.654655456543 500.726625442505
632.989258050919 512.656600952148 314.96044921875 505.165292263031 602.765788078308 558.338706970215 527.642990112305 690.464340209961 599.182914733887 673.182624816895 325.887817382812 560.57510137558 446.055534362793 607.725299835205 549.669448852539 491.096809387207 419.600463867188 438.57576751709 419.061698913574 403.506385803223 305.51350402832 253.605056762695 397.636116027832 373.02709197998 342.05655670166 345.80004119873 430.831532716751 310.000091552734 445.570446968079 348.880218505859 291.063171386719 410.155890464783 355.796493530273 460.332992553711 315.981811523438 501.730461120605 464.780751228333 581.303939819336 703.303405761719 472.228719711304 421.152189254761 443.504013061523 505.328559875488 472.466823577881 390.837238311768 445.658515453339 507.926086425781 444.943901062012 547.803535461426 440.922954559326
646.920864105225 460.077880859375 503.652201652527 569.353771209717 622.685241699219 489.118019998074 424.031532287598 420.713195800781 647.909454345703 589.202568054199 376.163734436035 681.779870986938 543.627313375473 699.091186523438 511.822275161743 437.75806427002 469.240821838379 397.623001098633 374.207580566406 441.627027511597 437.616015911102 493.047912597656 484.899242401123 504.83190536499 428.966158390045 594.345474243164 376.351089477539 383.392547607422 247.847579956055 365.055614471436 336.291107177734 276.683532714844 345.147148132324 288.262664794922 289.367874145508 398.923545837402 487.97550201416 612.050567626953 538.44873046875 392.119171142578 341.578308105469 384.635719299316 392.196075439453 397.69119644165 434.692909240723 463.128246307373 424.095783233643 420.051986694336 432.925352096558 412.472793579102
385.948959350586 338.728958129883 570.971664428711 615.928230285645 475.267669677734 364.442573547363 475.622333526611 994.068748474121 967.493270874023 998.952117919922 449.27237701416 351.502243041992 368.753463745117 693.312576293945 633.25089263916 513.517395973206 480.204273223877 481.25262260437 340.36604309082 361.827568054199 419.700729370117 449.606580734253 405.725051879883 415.393190383911 442.317876815796 443.191507339478 388.097810745239 352.185203552246 443.636528015137 389.150291442871 488.964836120605 380.79536819458 447.218978881836 295.521026611328 288.33561706543 456.047614097595 390.161289215088 468.852474212646 470.880435168743 386.512321472168 442.67418384552 477.300605773926 418.885727882385 518.91455078125 403.482364654541 453.560478210449 388.354125976562 398.413791656494 598.104049682617 482.485065460205
304.820617675781 278.291000366211 602.274772644043 785.094596862793 366.935817718506 438.27330493927 436.283368110657 733.382202148438 621.075891494751 754.316329956055 400.178298950195 422.323211669922 428.631271362305 525.217266082764 496.342113316059 421.637313842773 494.475843429565 450.789767861366 489.742172241211 490.571296691895 433.58430480957 410.320281982422 445.715427398682 427.00812625885 346.1064453125 443.286392211914 320.421356201172 254.207382202148 403.776100158691 334.715057373047 486.280883789062 501.531387329102 397.23258972168 322.307266235352 516.282249450684 502.542808532715 395.186656951904 474.009956359863 388.681228637695 456.303791046143 607.195602416992 581.286212921143 511.014518737793 495.931732177734 497.970893859863 603.679656982422 513.141716003418 538.054542541504 590.048431396484 519.13493347168
323.689163208008 346.53662109375 571.267730712891 641.313610076904 615.491432189941 321.441963195801 404.712203979492 664.98405790329 648.080017089844 673.125088691711 542.969848632812 486.37024307251 374.608367919922 472.092746734619 510.589632987976 479.701644897461 526.064384460449 461.59777712822 434.92128944397 310.255447387695 406.282424926758 547.537948608398 300.54125213623 290.848640441895 433.029739379883 342.650764465332 337.153129577637 366.769920349121 454.518384933472 435.102619171143 516.795623779297 472.929462432861 515.376289367676 479.881114959717 359.951934814453 379.093681335449 424.598056793213 474.97883605957 525.023040771484 506.276584625244 498.924102783203 488.307228088379 458.310726165771 497.369373321533 531.389053344727 500.171077728271 477.238531112671 608.326705932617 524.136611938477 455.373252868652
310.848205566406 337.868255615234 481.5849609375 597.349899291992 603.669372558594 506.430717468262 377.331108093262 528.626525878906 814.83288192749 1170.59808349609 449.164085388184 427.737152099609 336.944305419922 538.411504745483 471.871459960938 393.516510009766 545.274398803711 429.785306930542 487.87865447998 341.427452087402 347.849609375 364.535041809082 568.658218383789 334.161399841309 364.978393554688 381.236972808838 435.498224258423 324.636383056641 338.988800048828 472.86939239502 377.377799987793 450.802156448364 440.753402709961 365.509120941162 352.022159576416 301.072402954102 431.412845134735 526.450294494629 424.734846115112 586.144546508789 484.127687454224 533.96895980835 445.678676843643 477.093852996826 387.170890808105 485.198764801025 353.030479431152 439.131025791168 462.911779403687 360.492279052734
758.456005096436 709.756240844727 636.608642578125 597.505966186523 469.207843780518 547.176651000977 727.979843139648 645.600257873535 653.165035247803 554.745777130127 419.623458862305 419.439529418945 481.805061340332 447.945014953613 438.887870788574 477.176025390625 445.99921476841 479.854822158813 494.275821685791 369.66658782959 450.103354454041 502.666198730469 524.530303955078 505.761772155762 444.664670944214 532.878387451172 445.469297409058 499.682723999023 326.337364196777 365.961433410645 498.509410858154 418.357685089111 473.838256835938 412.040292739868 508.496391296387 436.380935668945 350.268821716309 503.109397888184 323.245094299316 478.373748779297 492.106101989746 598.773803710938 494.09294128418 470.829303741455 303.135238647461 359.330261230469 335.986976623535 406.926116943359 428.46923160553 613.755447387695
543.85005569458 740.341735839844 697.028091430664 630.053863525391 210.924392700195 484.625129699707 727.010604858398 717.01628112793 743.783248901367 404.587738037109 470.104202270508 519.556160926819 546.484928131104 467.990879058838 460.646648406982 367.555541992188 473.610120773315 398.80277633667 439.20060634613 352.976425170898 415.170156478882 494.075950622559 372.769065856934 405.511310577393 357.48509979248 580.684799194336 633.262359619141 521.085891723633 307.690284729004 213.810348510742 344.327529907227 355.874893188477 441.154530525208 456.551254272461 351.336502075195 383.532894134521 359.693374633789 443.637216567993 360.138641357422 582.063827514648 425.947457313538 552.460346221924 569.394760131836 509.023513793945 440.668087005615 526.836265563965 263.527008056641 345.840217590332 491.457126617432 446.285284638405
