simdem/realisation61.asc
NCOLS 350 
NROWS 171 
XLLCORNER 152620 
YLLCORNER 418050 
CELLSIZE 100 
NODATA_value -9999 
[rows 22 to 43 of 171, columns 100 to 149 of 350]
680.577301025391 615.037105560303 722.742462158203 718.585784912109 803.677940368652 439.870315551758 663.660339355469 755.188945770264 738.269423484802 660.072303771973 858.167068481445 563.562561035156 625.482660293579 956.821122169495 637.83576965332 398.296630859375 666.858963012695 695.932312011719 597.864044189453 675.770072937012 948.369964599609 796.350357055664 300.603881835938 387.311965942383 395.34716796875 464.160202026367 508.392036437988 525.637029647827 691.729125976562 499.930976867676 710.555809020996 792.972473144531 709.007942199707 592.972396850586 702.936264038086 697.850238800049 595.421934127808 709.613342285156 556.824012756348 567.140869140625 591.538433074951 597.58394241333 427.325790405273 553.116306304932 640.895619988441 659.266799926758 576.589420318604 585.99475479126 590.967796325684 607.619644165039
514.927021026611 739.737594604492 699.118843078613 567.865745544434 482.229614257812 802.710189819336 546.853897094727 607.638191223145 537.946563720703 541.434432983398 1650.01489362493 688.324621200562 767.223258972168 1159.49764251709 600.205139160156 614.833908081055 825.987487792969 459.168960571289 616.487121582031 561.141891479492 774.64868927002 455.838775634766 1143.60850524902 933.336318969727 588.345909118652 705.123251914978 492.486236572266 495.404174804688 482.607093811035 499.804618835449 602.191625595093 518.519683837891 531.549781799316 666.457262039185 532.593620300293 641.146751880646 475.077713012695 636.32368183136 794.662796020508 779.010292053223 601.511667251587 494.753433227539 488.223709106445 677.952323913574 638.524978637695 648.098365783691 656.938255310059 557.413539886475 505.619331359863 607.939363002777
454.315521240234 495.078521728516 689.192527770996 563.900482177734 533.269454956055 789.754364013672 518.654403686523 748.292867660522 343.986633300781 404.601348876953 735.367864608765 977.06616973877 596.690139770508 701.916870117188 588.167957305908 672.210693359375 517.448867797852 586.583488464355 715.598195075989 760.022575378418 792.528671264648 571.644613265991 515.860382080078 593.720592498779 820.704685211182 585.499008178711 432.129760742188 405.448593139648 425.829345703125 490.172470092773 505.887901306152 570.920838356018 606.803210258484 609.16862487793 573.627639770508 553.204010009766 530.698417663574 457.367706298828 648.013259887695 694.37663269043 541.439659118652 505.353736877441 548.58366394043 583.190649032593 540.741302490234 564.163333892822 556.09395980835 412.023803710938 449.125198364258 544.392929077148
523.15474319458 535.408048629761 759.110321044922 438.301544189453 444.234832763672 591.950668334961 896.740409851074 1045.49614334106 535.786598205566 868.737098693848 937.500827789307 919.883047103882 940.298614501953 787.788467407227 799.48152923584 1026.82348632812 686.121294498444 439.42497253418 421.002975463867 738.561256408691 1462.54733657837 608.011611938477 560.165172576904 483.564193725586 499.25602722168 504.279106140137 398.785278320312 460.598701477051 516.637111663818 630.92529296875 434.962699890137 546.618270874023 658.354385375977 763.056427001953 745.705617904663 630.63362121582 493.92407989502 570.88130569458 503.758117675781 612.627544343472 672.531074523926 526.464073181152 632.048999786377 556.974662780762 565.494988441467 547.265460968018 479.224990844727 393.152694702148 449.227844238281 616.354160308838
480.402984619141 542.323997735977 822.037669181824 448.656646728516 562.109588623047 498.612998962402 633.469610691071 834.616493225098 1232.18216705322 666.98365020752 631.146820068359 785.569602966309 824.550727844238 520.210159301758 956.014938354492 1092.22048187256 690.0654296875 615.622131347656 508.243591308594 492.826271057129 1025.86351013184 716.360038280487 702.210321426392 486.11701965332 432.453353881836 666.948753356934 426.568222045898 386.693099975586 525.945164680481 579.886800050735 604.159385681152 611.8219871521 432.670806884766 521.018405914307 524.298698425293 483.76146697998 547.772407531738 416.008148193359 518.340976715088 653.283387959003 661.926322937012 603.496305465698 613.987316131592 596.014080047607 531.733642578125 566.495923995972 468.190551757812 521.622081756592 521.209075927734 493.341705322266
434.14136505127 502.637367248535 575.77054977417 549.085887908936 1022.70040893555 1262.38731384277 806.571266412735 684.148643493652 745.392436981201 766.123260498047 581.152786254883 593.343139648438 639.631790161133 579.793697357178 595.028739929199 1145.77276086807 1405.20791339874 561.00183391571 429.449340820312 733.3017578125 425.768142700195 651.750564575195 666.582870483398 638.625877380371 746.544082641602 513.157684326172 488.431274414062 465.823593139648 582.889568328857 671.539260864258 674.001342773438 578.641666412354 645.603492736816 510.044727325439 524.998706817627 490.840171813965 590.399134635925 550.680442810059 465.859024047852 568.937309265137 485.080772399902 607.567897796631 568.658220291138 502.312652587891 580.882682800293 580.020460128784 536.272754669189 549.655047416687 399.976989746094 535.022270202637
408.595306396484 825.911460876465 533.435123443604 544.72225189209 396.52880859375 597.441070556641 545.902019500732 647.550476074219 803.847891807556 503.836402893066 750.529602050781 449.671783447266 389.193450927734 653.793991088867 861.891822814941 519.51097869873 531.516426086426 828.385665893555 1039.75074768066 420.441879272461 499.4521484375 581.26265335083 535.571784973145 575.604474067688 596.820960998535 574.830900192261 535.334525108337 460.977821350098 553.223648071289 567.26029586792 652.48152923584 599.139562606812 483.803024291992 462.311988830566 546.182020187378 666.581481933594 509.014217376709 593.968925476074 550.876554489136 527.88646697998 298.069808959961 550.708737373352 397.271774291992 608.860816955566 654.667327880859 637.957511901855 581.471237182617 571.482627868652 555.849155902863 675.754104614258
500.04231262207 590.689346313477 564.373109817505 494.047988891602 435.687561035156 602.019606590271 626.832424163818 599.657108306885 634.409774780273 551.215934753418 999.362212181091 536.839286804199 765.524524688721 780.437866210938 738.680419921875 456.370681762695 579.245379447937 469.426704406738 464.241897583008 384.914916992188 421.508377075195 490.654678344727 638.124504089355 551.148303985596 503.513866424561 642.505080223083 552.368431091309 430.191459655762 625.735404968262 509.94983959198 698.106582641602 507.337959289551 659.988494873047 565.116920471191 480.454872131348 458.192863464355 451.264503479004 507.06056022644 523.886507034302 478.073402404785 539.135032653809 568.112021446228 523.946464538574 645.028335571289 498.034523010254 499.39896774292 613.906955718994 504.421653747559 562.121894836426 607.452011108398
601.351226806641 464.245956420898 480.136238098145 568.535003662109 695.729640960693 599.847396850586 552.245462417603 623.66446018219 554.883262634277 832.985195159912 685.46076965332 431.640106201172 441.796920776367 762.720882415771 588.311873435974 849.3984375 444.610717773438 354.242233276367 466.682472229004 407.153335571289 499.108139038086 645.524024963379 531.593803405762 649.853546142578 699.390115737915 1749.3390045166 473.913505554199 531.171535491943 509.168121337891 464.371097564697 572.607002258301 648.477966308594 528.21150970459 604.489372253418 465.262390136719 427.898765563965 466.41194152832 594.517809391022 479.211631774902 551.462290763855 505.310657501221 565.592269897461 524.828235626221 578.2236328125 531.895802497864 450.404266357422 555.849824428558 582.361591339111 574.514255523682 621.662986755371
513.031692504883 408.34741973877 440.628150939941 433.953384399414 1236.4489402771 431.639907836914 573.997608184814 463.269897460938 740.609412193298 489.093307495117 547.320358276367 681.164916992188 535.747161865234 614.85217666626 703.693405151367 754.448120117188 536.532817840576 505.869287490845 446.314422607422 479.477489471436 537.471685409546 630.546859741211 574.359058380127 501.555679321289 633.693351745605 554.811038970947 455.25838470459 414.402809143066 536.825277328491 625.973556518555 517.14443397522 443.011405944824 638.152702331543 614.288558959961 486.269855499268 426.540435791016 380.064010620117 404.197494506836 403.848304748535 449.889350891113 514.133827209473 469.177536010742 401.669738769531 543.326782226562 307.750732421875 460.349044799805 433.838340759277 560.102359771729 562.664392948151 610.436752319336
474.102127075195 354.008987426758 605.432815551758 475.501998901367 538.384719848633 597.138425827026 437.19637298584 890.813232421875 1091.51155090332 629.717830657959 668.837280273438 558.446655273438 687.585849761963 573.84049987793 771.142349243164 536.841794967651 603.713798522949 483.29097366333 597.061496734619 539.566617012024 532.457059860229 733.092102050781 610.368347167969 586.059135437012 683.090148925781 372.717102050781 499.814592838287 585.456909179688 459.737632751465 416.401580810547 360.299362182617 421.639450073242 514.809637069702 674.521026611328 565.589050292969 439.572059631348 406.845779418945 532.712128639221 444.224494934082 442.140808105469 389.259239196777 423.770317077637 483.424175262451 406.221633911133 372.108535766602 388.085861206055 580.025249481201 599.41166305542 509.34400177002 572.53006362915
447.458690643311 529.32480430603 546.008571624756 460.153831481934 367.386497497559 352.183708190918 483.388615131378 498.701229095459 737.634838104248 596.779159545898 647.041469573975 409.636108398438 631.473358154297 707.646240234375 461.758857727051 450.82954788208 540.963438034058 452.474494934082 668.445953369141 609.539085388184 604.89501953125 632.105667114258 474.746677398682 557.355625152588 426.635047912598 517.847068786621 605.506370544434 495.839914321899 496.269426345825 476.855037689209 568.354187011719 527.247890472412 369.191970825195 492.444007873535 667.0546875 559.50309753418 476.55436706543 544.769355773926 348.13410949707 553.683444976807 357.940307617188 524.217421531677 374.306701660156 420.181190490723 350.36262512207 475.082939147949 578.88655090332 676.680610656738 506.434150695801 417.575660705566
484.039219856262 527.061016082764 580.14412689209 461.312971115112 441.27823638916 334.267868041992 354.305358886719 419.185203552246 602.24365234375 580.021820068359 336.186920166016 384.964401245117 461.82975769043 507.170056223869 505.182452201843 413.297157287598 363.958419799805 359.766616821289 525.006747245789 526.16529083252 512.002861499786 441.656784057617 506.823018550873 486.471748352051 381.039413452148 429.482151031494 461.879875183105 366.925933837891 404.607093811035 465.514812469482 501.199007987976 524.360889434814 444.528774261475 508.576807022095 566.41686630249 600.54899597168 470.009128570557 619.266914367676 532.268360137939 503.439963340759 538.649562835693 681.698593139648 564.779067993164 589.521018981934 523.478294849396 482.776348114014 581.076293945312 601.010738372803 675.56721496582 476.426254272461
474.757958889008 611.986373901367 618.876174926758 479.218625664711 425.158946990967 365.731872558594 372.680618286133 470.944786071777 572.033988952637 562.765430450439 642.578544616699 436.270767211914 452.872581481934 459.190302848816 469.818111419678 493.506576538086 551.10636138916 596.087745666504 647.643798828125 668.262115478516 600.116249084473 419.36213684082 494.292206764221 470.021657943726 338.997573852539 358.284309387207 486.71000289917 485.490083694458 421.391372680664 552.082057952881 526.710678100586 481.934194803238 468.495487213135 534.442695617676 590.382186889648 690.162902832031 491.612213134766 671.857727050781 505.97447013855 553.068599700928 672.569381713867 733.424575805664 540.723159790039 520.825778648257 637.748107910156 611.427978515625 577.230110168457 533.822121620178 617.201652526855 520.166458129883
513.179656982422 554.867317199707 562.694259643555 578.119941711426 452.5771484375 375.034759521484 543.895004272461 543.222484588623 565.440185546875 456.365844726562 480.320845603943 394.861259460449 406.320301055908 507.727321624756 409.966156005859 537.961032867432 516.034046173096 583.322967529297 517.60954284668 502.837104797363 408.737632751465 601.99626159668 461.653230667114 493.130789756775 426.211048126221 400.025802612305 345.117454528809 375.900688171387 536.078178405762 439.657852172852 338.3251953125 298.524047851562 441.174781799316 545.871292114258 570.546661376953 586.160942077637 566.916301727295 440.8701171875 645.554183959961 615.325653076172 492.179282426834 563.77462387085 694.047912597656 495.272682189941 552.1702003479 557.184854507446 506.663397789001 554.289093017578 670.841369628906 588.018291473389
454.503787994385 567.365653991699 533.495567321777 397.239418029785 403.013053894043 407.882125854492 495.648731231689 492.330814361572 371.926795959473 344.888397216797 344.059524536133 337.354583740234 431.8232421875 573.082252502441 428.82901763916 419.322471618652 357.261833190918 586.691070556641 484.919467926025 379.501907348633 363.263900756836 383.563804626465 481.606937408447 444.139957427979 475.860324859619 341.349449157715 424.629013061523 480.946071624756 471.581945419312 483.432168006897 279.914413452148 440.179542541504 495.566585540771 597.771194458008 535.360816955566 467.700361251831 568.463035583496 591.637809753418 556.872756958008 544.259117126465 377.832885742188 515.088525414467 519.150402069092 555.01619720459 477.025699615479 451.405578613281 576.549011230469 541.575261592865 610.962066650391 428.236602783203
558.247024536133 743.534118652344 583.461753845215 542.894821166992 520.04753112793 357.253677368164 338.477340698242 354.180267333984 413.083526611328 252.767318725586 322.435012817383 330.969268798828 481.960050582886 497.451717376709 184.586944580078 341.272216796875 422.27038192749 459.36359500885 373.775924682617 512.961902618408 399.854354858398 498.308668136597 483.84453868866 513.987548828125 359.74877166748 435.263534545898 543.725440979004 493.9248046875 421.050838470459 341.834503173828 383.300384521484 507.779371261597 473.830412864685 515.587646484375 667.667984008789 516.619289398193 522.965838432312 460.745510101318 633.816635131836 354.419235229492 532.933223724365 601.32430267334 506.851462841034 433.387756347656 666.03742980957 562.49337387085 657.410507202148 492.173118591309 614.526607513428 552.606819152832
528.926376342773 614.745208740234 518.167015075684 423.317264556885 399.794540405273 474.820915222168 381.15552520752 340.251998901367 533.160633087158 387.993980407715 358.657653808594 522.504829406738 491.362815856934 392.209785461426 269.98779296875 410.328247070312 415.729724884033 360.779891967773 397.922515869141 449.519981384277 372.184501647949 422.948593139648 693.412734985352 606.008674621582 316.92512512207 453.301092147827 477.533689498901 436.243597984314 541.342533111572 441.345333099365 374.881652832031 351.02172088623 383.966201782227 445.298517227173 448.056503295898 422.936683654785 435.144275665283 556.639556884766 613.301513671875 481.679723739624 422.034797668457 586.06379699707 515.907545089722 608.30891418457 667.869476318359 564.952526092529 629.915496826172 646.361175537109 694.844131469727 593.006559848785
454.142670631409 571.791862487793 468.553574562073 379.970741271973 291.405654907227 408.370254516602 465.105207443237 394.055732727051 549.583038330078 586.519027709961 536.399620056152 467.342092514038 524.368282318115 425.030109405518 428.459705352783 503.46692276001 514.803812026978 646.176315307617 510.885206222534 431.242805480957 503.412715911865 577.878143310547 732.073471069336 495.801195144653 518.633590698242 465.509351730347 447.981882095337 460.159391403198 506.314601898193 546.138496398926 405.645858764648 379.920051574707 336.423858642578 444.032661437988 534.772514343262 453.851453781128 419.610992431641 496.04324221611 578.353118896484 433.327968597412 488.429859161377 575.375381469727 522.64164352417 627.593795776367 547.460794448853 721.630981445312 488.348384857178 506.079959869385 610.589096069336 490.701999664307
329.430480957031 339.09008026123 272.456954956055 383.073062896729 442.62624168396 439.904727935791 413.631816864014 581.348991394043 537.771697998047 390.292060852051 460.884238921106 533.484985351562 435.627208709717 341.487884521484 353.092300415039 527.280448913574 494.065263271332 517.198043823242 472.9940148592 541.737373352051 508.003612518311 551.259750366211 553.259063720703 490.490320205688 488.022353649139 326.995277404785 402.299461364746 410.92350769043 568.920379638672 455.219230651855 405.903930664062 438.791435241699 453.575302124023 460.463374137878 556.272979736328 497.312950134277 509.607707977295 478.6861743927 389.464500427246 442.83797454834 643.044532775879 412.212677001953 548.65926361084 529.103586196899 538.65630531311 619.84090423584 489.762546539307 440.138870239258 542.048711299896 627.135345458984
222.117080688477 362.235397338867 484.895530700684 405.824880123138 476.635364532471 373.751518249512 493.5846824646 519.808567047119 519.418083190918 422.598707199097 368.684066772461 388.004951477051 526.00931930542 355.764228820801 388.907096862793 485.576919555664 585.561073303223 563.321220397949 539.372344970703 497.263959884644 527.011417388916 480.334189414978 385.503311157227 500.761329650879 451.671895980835 386.239395141602 371.686660766602 541.82345199585 476.918652772903 495.952771663666 576.837112426758 523.292339324951 503.31322479248 592.645553588867 546.814300537109 441.439315795898 432.760234832764 567.005592346191 456.25178527832 618.244346618652 626.426918029785 499.552132129669 469.296995162964 595.532833099365 561.41276550293 581.080307006836 488.630353927612 494.591352462769 517.342843770981 536.00250593503
337.539619445801 354.023712158203 446.240020051599 456.745603561401 551.529052734375 536.668182373047 422.781248092651 372.374443054199 443.095668315887 392.233383178711 485.358547210693 535.142097473145 473.50864315033 464.781805515289 470.273580551147 418.233814239502 491.334095954895 461.959386825562 547.48876953125 611.593872070312 512.957401275635 548.459297180176 481.557638168335 429.9430809021 520.467826843262 448.644298553467 408.349830627441 539.171619415283 446.437129974365 510.764904022217 566.304992675781 573.006340026855 585.271034240723 551.615371704102 590.554229736328 375.34659576416 371.843971252441 526.224893569946 426.146636962891 463.899482727051 462.246089935303 481.749333381653 537.625486373901 587.376609802246 556.69478225708 605.240417480469 566.719081878662 401.968276977539 514.336493015289 556.019269943237
