simdem/realisation60.asc
NCOLS 350 
NROWS 171 
XLLCORNER 152620 
YLLCORNER 418050 
CELLSIZE 100 
NODATA_value -9999 
[rows 66 to 87 of 171, columns 100 to 149 of 350]
457.29480150342 380.941516876221 480.824533462524 518.729721069336 477.93913269043 574.091209411621 409.448017120361 527.205200195312 385.044502258301 518.107311248779 551.259605407715 575.318702697754 511.680881500244 451.293353676796 538.316970825195 479.710783988237 553.816200256348 512.362564086914 471.937369346619 542.226737976074 460.411096572876 427.491653442383 577.608024597168 606.412017822266 482.737638473511 482.409929275513 511.266617774963 454.176021575928 361.253463745117 578.889953613281 431.355834960938 577.169384002686 477.489234924316 686.512565612793 681.279624938965 549.709523677826 564.667516708374 563.664038479328 543.45521736145 617.192581176758 372.756759643555 518.327533721924 444.267417907715 342.263885498047 501.858787536621 436.418495178223 451.916984558105 450.400810241699 465.030578613281 513.576210021973
384.208335876465 317.663482666016 413.732902526855 411.341163635254 439.359348297119 455.837413787842 392.596939086914 411.59992980957 511.524436950684 355.301239013672 421.641407012939 483.094698905945 601.667762756348 468.409515380859 528.058322906494 600.162208557129 548.796340942383 530.779903411865 447.951601982117 500.30241394043 444.709259033203 606.883720397949 614.478179931641 583.459510803223 523.496643066406 448.822357177734 446.904144287109 430.385284423828 494.913465499878 594.052322387695 565.403137207031 358.594650268555 525.140850067139 506.088485717773 640.318832397461 608.017067333683 608.216442108154 657.304788589478 754.867736816406 624.423110961914 477.442939758301 576.595930099487 607.787284851074 554.190526366234 393.688461303711 438.872177124023 524.935159683228 372.819610595703 436.822036743164 398.226898193359
378.301986694336 346.062675476074 396.283912658691 478.561094284058 470.792950630188 503.621864318848 492.334398269653 408.349052429199 379.691650390625 412.12034034729 464.449728727341 451.546310424805 519.432056427002 604.015281677246 562.813102722168 452.382225036621 529.086250305176 674.197677612305 551.009498596191 664.536361694336 552.695854187012 471.606439590454 651.837341308594 590.689987182617 451.132671356201 395.097732543945 406.787292480469 499.859537124634 558.027473449707 660.109893798828 553.709419250488 515.273344039917 506.336093902588 369.25813293457 563.870750427246 688.044998168945 692.403190612793 627.709735870361 595.81601524353 608.075047492981 472.471260070801 619.900535583496 562.999341607094 634.431797027588 405.317138671875 390.542495727539 514.78536605835 311.618057250977 400.915222167969 485.646598815918
483.250211715698 533.111373901367 395.293746948242 484.686380386353 475.207604408264 488.000482559204 421.792682647705 382.494258880615 376.998397827148 475.982406616211 403.46028137207 473.628108263016 478.161365509033 495.362926483154 392.252433776855 357.358039855957 368.443321228027 321.142013549805 538.567810058594 551.821388244629 485.692102432251 533.976791381836 517.906831741333 458.137580871582 465.801271438599 349.221252441406 447.937339782715 593.408958435059 482.457191467285 586.346458435059 368.752059936523 601.172102928162 446.001655578613 533.755569458008 518.748359680176 599.632242202759 586.629977226257 692.776329040527 567.235097885132 406.240432739258 505.748474121094 588.447690963745 595.630954742432 467.229759216309 531.428062438965 648.056266784668 608.482501983643 452.456993103027 399.790740966797 485.726211547852
441.858619689941 464.093072891235 394.291015625 539.250785827637 300.665191650391 452.04128074646 551.283546447754 411.420341491699 393.627563476562 439.910768508911 458.393718719482 356.160354614258 530.09400177002 377.02335357666 437.7375831604 491.61501789093 496.49631690979 513.400024414062 548.623245239258 470.092272758484 495.684165716171 605.849662780762 516.904758453369 434.741218566895 338.252716064453 488.412305831909 458.480072021484 539.300790786743 616.152359008789 582.84741973877 515.572601288557 592.322566986084 479.848373413086 369.570007324219 557.671508789062 519.537895202637 608.108085632324 658.317939758301 526.379287719727 558.473927259445 533.966770172119 473.874351501465 469.826057434082 492.055824279785 467.618217468262 410.229690551758 486.339721679688 550.82767868042 491.190826416016 545.250091552734
548.389680862427 606.802936553955 503.585901260376 405.333595275879 382.842140197754 515.269592285156 552.32933807373 365.195816040039 529.394844055176 521.901969909668 553.974670410156 531.616275787354 441.400468826294 409.740196228027 398.505821228027 469.641926765442 576.867294311523 398.440460205078 543.559955596924 485.335218429565 424.985195159912 417.67497253418 545.281162261963 585.366477966309 421.79615020752 412.532379150391 362.018798828125 568.310070037842 709.435256958008 428.773078918457 638.844909667969 568.502603530884 450.86882019043 552.348955154419 558.794607639313 615.642639160156 611.852283477783 668.180770874023 599.614944577217 569.590887069702 562.791343688965 562.408773422241 513.653717041016 475.969268798828 599.312222480774 530.176803588867 502.737678527832 619.141063690186 481.038536071777 493.631805419922
480.419622421265 515.311159133911 470.767721176147 414.343772888184 449.69144821167 346.40665435791 547.54398727417 367.39697265625 375.133773803711 445.243949890137 584.048942565918 450.675970077515 421.017112731934 320.274291992188 218.873901367188 411.117973327637 422.121124267578 394.49796295166 392.666542053223 416.866943359375 489.179567337036 359.861099243164 388.03589630127 498.077507019043 570.906814575195 564.389762878418 534.433145523071 484.749622344971 519.146473705769 547.740743637085 537.038021087646 503.100696563721 541.483247756958 661.723075866699 523.931755065918 973.559684753418 581.842887878418 882.023239135742 933.557731628418 628.839149475098 619.431304931641 510.162919998169 691.075233459473 596.639995574951 526.522735595703 811.763900756836 607.141515731812 583.567338943481 530.565944671631 510.186946868896
380.459594726562 492.337178230286 558.064758300781 339.125617980957 554.033653259277 479.881616994739 405.089408874512 343.345603942871 267.655181884766 413.444995880127 434.203527450562 486.024431228638 465.249303340912 392.691879272461 330.028594970703 413.335006713867 458.248882293701 433.268203735352 399.716850280762 383.366195678711 468.341571331024 451.318878173828 534.051006317139 492.65788269043 572.2092628479 640.478057861328 618.689933776855 604.430961608887 449.822967529297 486.464115142822 584.462066650391 539.566478729248 537.093460083008 784.25611114502 685.668762207031 581.469177246094 470.299633026123 783.235217094421 704.266483306885 570.541454315186 620.570526123047 490.825241088867 567.652450561523 590.253295898438 566.868347167969 499.741081237793 670.702560424805 459.351387023926 501.312782287598 541.223014831543
595.322952270508 398.049430847168 513.311059951782 495.961902618408 555.49063873291 561.433135986328 403.017250061035 448.761289596558 407.061794281006 394.586967468262 368.414352416992 416.563245773315 471.539188325405 447.725170135498 477.885268211365 427.771377563477 612.962699890137 583.891227722168 447.509014129639 410.003479003906 596.229942321777 589.319671630859 515.276082992554 495.79679775238 565.59338760376 616.815307617188 593.96598815918 701.587646484375 523.310577392578 449.949501037598 587.548156738281 288.912445068359 670.645282745361 681.600433349609 426.561645507812 522.587455749512 316.314346313477 730.949745178223 653.109169006348 582.889739990234 590.674026489258 446.41788482666 539.190307617188 416.320032119751 428.88171672821 404.010555267334 574.002322852612 600.692199707031 977.679752349854 561.935218811035
568.33960723877 557.927188873291 542.81880569458 666.131454467773 732.068695068359 522.333282470703 373.239410400391 375.714881896973 306.343505859375 464.03603219986 496.562631607056 459.236980438232 413.170341491699 418.018978118896 430.041706085205 619.634353637695 670.513031005859 609.286956787109 521.253660202026 516.880805969238 485.656639099121 643.537612915039 449.908313751221 453.130020141602 468.662590026855 543.607778549194 596.129814147949 591.357215881348 441.875885009766 395.971740722656 507.127944946289 455.524314880371 577.871654510498 689.47038269043 519.56201171875 516.284103393555 302.050170898438 705.470416069031 425.536926269531 513.679702758789 619.934963226318 472.684627532959 577.246162414551 376.32080078125 495.90926361084 485.441879272461 432.904960632324 431.222274780273 440.112045288086 408.793762207031
834.55924987793 732.372039794922 481.957543373108 592.032669067383 680.616195678711 557.319297790527 395.745635986328 429.371566772461 458.364852905273 310.898406982422 523.878017425537 485.879134178162 413.152122497559 417.291450500488 508.715135574341 615.637710571289 634.937515258789 609.708198547363 540.12228012085 559.016952514648 629.228538513184 553.583667755127 454.092260360718 579.648769378662 499.858869552612 521.368738174438 662.378387451172 498.976888656616 396.220153808594 363.931274414062 431.975509643555 376.30298614502 569.368148803711 750.475372314453 804.65771484375 537.471473693848 361.295539855957 593.607612609863 544.678482055664 593.6396484375 547.661170959473 385.543609619141 407.693298339844 470.164315700531 504.963813781738 675.83315372467 753.14799118042 409.321395874023 380.646881103516 460.732818603516
718.826568603516 503.334175109863 528.194068908691 963.636833190918 489.03781414032 649.901657104492 506.699775695801 489.212001204491 554.232273101807 522.570676803589 528.781246185303 444.836692810059 484.790533065796 350.944747924805 509.752610132098 632.314651489258 618.583786010742 533.718940734863 590.571685791016 421.126029968262 582.543167114258 689.264434814453 686.529632568359 487.381896972656 511.577964782715 476.246959686279 576.328441619873 649.375839233398 619.133125305176 371.352615356445 417.17601776123 385.861534118652 440.630065917969 560.73307800293 631.823881149292 714.997177124023 471.746868133545 430.829193115234 538.454345703125 587.106086730957 364.365760803223 313.653366088867 313.896896362305 451.446517944336 434.738477706909 666.554809570312 620.072257995605 352.96475982666 387.024124145508 477.382049560547
566.655432701111 478.541530609131 392.731155395508 522.526000976562 628.994326591492 850.454345703125 737.125701904297 542.098497390747 636.20475769043 693.082000732422 601.695747375488 876.920202255249 528.515287399292 473.99145105388 588.716697692871 633.749954223633 614.973663330078 630.00065612793 474.78070640564 611.970672607422 520.641691207886 483.478704452515 388.272079467773 463.537677764893 475.83415222168 539.411182403564 740.528411865234 697.841949462891 490.088005065918 479.751708984375 394.851196289062 396.061004638672 323.106369018555 331.650550842285 523.705863952637 701.13703918457 482.974342346191 449.211074829102 502.041938781738 492.258155822754 401.064735412598 348.175888061523 312.817031860352 327.092224121094 447.077188491821 574.3310546875 510.881332397461 353.812507629395 351.850151062012 619.417598724365
511.359619140625 448.943954467773 485.61128616333 426.827087402344 534.168960571289 540.953464508057 660.567535400391 453.951354980469 595.620193481445 612.958145141602 601.77001953125 603.123928070068 525.936689376831 679.930328369141 489.828797340393 549.866424560547 517.986824035645 446.429664611816 449.686548233032 560.00415802002 441.893035888672 559.937408447266 445.13501739502 458.375228881836 555.434598922729 505.664207458496 565.742858886719 533.20318031311 413.344058990479 519.054420471191 504.772857666016 517.111301422119 410.632186889648 495.22505569458 532.126678466797 709.850868225098 637.028430938721 663.206573486328 601.339787721634 687.35230255127 529.537670135498 345.862442016602 363.805107116699 551.156085968018 529.58634185791 580.340751647949 418.537281036377 297.995193481445 398.462326049805 497.06111907959
337.607879638672 559.683515548706 539.58277130127 622.836378097534 569.144842147827 583.722511291504 529.847358703613 718.215938568115 500.11588716507 436.386573791504 345.214935302734 457.385841369629 568.915504455566 707.096572875977 625.496063232422 623.767654418945 581.503410339355 576.638675689697 602.343704223633 514.336344718933 425.370330810547 449.737152099609 461.942283630371 540.652096033096 513.866691589355 415.200469970703 421.988418579102 284.311996459961 392.267921447754 357.842338562012 384.985992431641 510.002508163452 591.719757080078 566.390785217285 735.167938232422 665.848541259766 704.738174438477 743.464508056641 612.996069908142 659.445629119873 483.514904022217 452.312698364258 387.277206420898 522.040412902832 551.80228805542 533.227027893066 460.299270629883 184.499450683594 340.754035949707 564.29347038269
347.234802246094 527.179145812988 461.609436035156 654.316074371338 704.639652252197 644.387945175171 540.585264205933 640.213708877563 460.594749450684 535.678270339966 486.508060455322 402.516166687012 430.271209716797 512.176019668579 587.097351074219 554.065788269043 570.118019104004 509.817404747009 551.464107513428 442.580665588379 348.503753662109 465.595706939697 633.622406005859 451.179368019104 617.074508666992 472.92244720459 496.529052734375 355.153984069824 510.296688079834 398.647891998291 421.216069221497 550.738090515137 641.504379272461 675.664535522461 602.159207582474 646.178073883057 576.360870361328 726.492034912109 669.150634765625 584.465534210205 582.534996032715 624.617385864258 678.005828857422 679.715654373169 655.631641387939 544.182434082031 494.165191650391 409.516582489014 558.180802583694 654.929901123047
295.217987060547 455.599365234375 554.191793441772 517.143852233887 461.987945556641 462.79313659668 723.568912506104 653.720993041992 481.195018768311 438.021266937256 552.270181655884 483.638843536377 449.009391784668 663.608200073242 539.642192840576 452.633094787598 624.624565124512 473.399927139282 461.25560760498 404.778266906738 298.330078125 436.174362182617 424.789405822754 561.883695602417 510.979724884033 606.599514007568 557.481410980225 339.748649597168 597.504384279251 608.235090255737 677.127861022949 707.483871459961 813.105178833008 592.961552619934 647.574165344238 551.063205718994 561.391376495361 653.522758483887 821.211334228516 749.870742797852 794.314819335938 641.018989562988 620.747925758362 666.273571014404 541.726127624512 650.815727233887 576.640729904175 796.475636482239 618.107425689697 771.561737060547
449.472122192383 363.785400390625 405.981811523438 565.964605331421 685.271881103516 587.935857772827 626.600475311279 742.76936340332 659.115306854248 766.192077636719 629.260795593262 589.484062194824 717.507064819336 670.104782104492 523.083190917969 417.04207611084 618.730941772461 459.507160186768 331.814559936523 299.816833496094 430.585220336914 456.086460113525 463.871559143066 455.819892883301 535.869602203369 726.396774291992 515.095775604248 791.886680603027 610.437582969666 686.779472351074 640.229095458984 680.64811706543 680.25415802002 669.846267700195 486.530723571777 454.466194152832 531.822377204895 584.126396179199 659.444274902344 690.694000244141 511.787162780762 682.041931986809 524.162712097168 533.025141000748 576.00659942627 461.653656005859 384.105171203613 743.726097106934 922.989471435547 765.055092811584
535.94792175293 579.17015838623 535.566307067871 400.902603149414 448.709487915039 455.601211547852 574.974292755127 739.926040649414 807.620758056641 948.359237670898 712.773986816406 644.8076171875 782.792175292969 548.561550140381 437.968524932861 493.409279823303 446.435703277588 475.081520080566 479.26652431488 581.842994689941 460.220249176025 533.381855010986 613.970252990723 602.304916381836 519.533080101013 649.157020568848 683.760635375977 515.204902648926 522.196132659912 556.636749267578 597.083909988403 690.153755187988 697.721244812012 696.768905639648 439.487924575806 418.282947182655 492.002269744873 459.913917541504 542.180389404297 502.513425827026 531.252195358276 449.362701416016 613.636932373047 497.11653137207 507.477636814117 608.311973571777 729.239311218262 754.084060668945 563.820106506348 569.832553863525
433.225021362305 629.861282348633 568.720809936523 497.333251953125 449.479064941406 450.843448638916 566.921829223633 648.806983947754 657.437339782715 736.282981872559 639.278762817383 569.254989624023 663.339797973633 585.413398742676 518.443998336792 469.354496002197 428.511100769043 512.565490722656 534.181392669678 591.486312866211 591.596366882324 568.182510375977 577.972213745117 523.193731307983 496.431777477264 642.839408874512 687.229431152344 641.057220458984 392.176229476929 432.121882855892 717.627059936523 698.100105285645 676.771675109863 446.252010345459 414.325164318085 344.476783752441 417.22827911377 519.521745622158 462.616481781006 548.993291854858 558.500354766846 530.511131286621 760.576713562012 923.027881622314 777.526901245117 620.763610839844 579.88597869873 632.742473840714 488.556991577148 516.221468448639
484.396781921387 631.056396484375 516.139701843262 449.132308959961 547.214199066162 535.329250335693 468.998603820801 501.124252319336 615.260200977325 628.14282989502 769.862319946289 622.632942199707 505.764375686646 554.203409194946 608.209144592285 573.630508422852 440.494426727295 578.106369018555 459.581146240234 470.305702209473 632.077278137207 449.496280670166 458.074859619141 584.931114196777 591.268829345703 609.765228271484 593.386474609375 557.788360595703 506.68846321106 479.645118713379 619.707202911377 718.5075340271 527.632022857666 486.19548034668 418.497148513794 303.727035522461 484.933319091797 504.687591552734 467.197441101074 430.814376831055 608.19983291626 537.359939575195 654.059471130371 947.724822998047 728.377624511719 663.501152038574 664.533241271973 674.972995758057 660.659736633301 478.231842041016
-9999 -9999 529.515640258789 766.4755859375 617.562467575073 497.362564086914 481.867309570312 508.112178623676 812.180923461914 763.796417236328 658.979957580566 579.540180206299 520.670269489288 486.69100189209 608.699314117432 698.088302612305 664.292922973633 442.748626708984 422.286392211914 448.034225463867 513.441369533539 563.93187713623 541.810411453247 518.932116985321 533.682058334351 473.982772827148 571.596946716309 607.557431340218 735.151968002319 592.60807800293 550.013465881348 614.497488021851 766.928268432617 618.407432556152 467.710433959961 360.369060516357 492.832069396973 353.300384521484 284.283477783203 483.618705749512 656.527701377869 662.209043502808 751.853607177734 1032.36103820801 813.084663391113 695.27453994751 697.952289581299 -9999 -9999 -9999
