simdem/realisation50.asc
NCOLS 350 
NROWS 171 
XLLCORNER 152620 
YLLCORNER 418050 
CELLSIZE 100 
NODATA_value -9999 
[rows 88 to 109 of 171, columns 50 to 99 of 350]
507.631202697754 506.164169311523 519.991882324219 472.153759002686 516.488220214844 303.290405273438 346.683811187744 201.777679443359 407.179069519043 347.334550857544 316.489551544189 279.673496246338 298.769344329834 376.017707824707 318.957721710205 233.522918701172 244.71745300293 368.419526100159 401.576135635376 284.045211791992 332.635917663574 487.452743530273 564.43603515625 550.642456054688 558.033752441406 487.103981018066 479.098667144775 313.27978515625 499.94034576416 472.965984344482 531.991500854492 501.484607696533 652.924407958984 480.882328987122 443.172828674316 481.756774902344 681.186546325684 418.904956817627 402.188980102539 610.420341491699 666.994190216064 -9999 -9999 -9999 -9999 -9999 -9999 -9999 -9999 -9999
426.91132569313 343.264602661133 339.964233398438 351.647575378418 484.717010498047 581.20588684082 312.0212059021 319.482883453369 404.896076202393 342.934100151062 423.179168701172 347.103094100952 314.235294342041 284.335678100586 291.754844665527 287.209754943848 316.291686058044 390.580018997192 490.375556945801 377.260115623474 335.776304244995 331.052017211914 518.80802154541 428.50005531311 495.762512207031 555.576080322266 519.552978515625 477.118759155273 432.828224539757 413.168825149536 430.453426361084 386.085372924805 365.015293121338 432.833879470825 603.083752632141 613.391658782959 627.710540771484 389.446701049805 597.525225162506 564.439491271973 -9999 -9999 -9999 -9999 -9999 -9999 -9999 -9999 -9999 -9999
762.960090637207 469.927853107452 415.071437835693 307.205993652344 392.344902038574 358.997005462646 330.845268249512 393.314199447632 381.741725623608 363.284096717834 288.08065032959 290.011413574219 424.101654052734 350.320767402649 310.174598693848 228.851531982422 373.812312364578 440.700416564941 467.685508728027 386.377555847168 390.707333564758 402.437505722046 389.438344955444 478.102905273438 455.033351898193 571.981048583984 476.144912719727 427.971504807472 461.715400695801 399.402523040771 375.53205871582 282.500625610352 392.134353637695 410.98316192627 913.030532836914 651.770973205566 581.345611572266 497.883005142212 628.986169815063 629.232980728149 -9999 -9999 -9999 -9999 -9999 -9999 -9999 -9999 -9999 -9999
355.936187744141 874.693495750427 288.265884399414 186.44465637207 385.208240509033 324.670028686523 379.565048217773 428.299252510071 433.777725219727 406.115600585938 430.278350830078 350.930511474609 248.087997436523 388.479199409485 432.646690368652 362.983703613281 336.973247528076 494.212547302246 424.440990447998 261.688629150391 206.070877075195 391.753002166748 339.045684814453 441.654518127441 475.184597015381 384.55793762207 397.467830657959 348.894882202148 469.895847320557 457.682146072388 266.101455688477 352.970497131348 410.946353912354 558.91100692749 776.767110824585 544.103681564331 515.091285705566 526.767612457275 607.376398086548 -9999 -9999 -9999 -9999 -9999 -9999 -9999 -9999 -9999 -9999 -9999
148.77409362793 455.977733612061 786.394683837891 499.342834472656 574.919540405273 356.048362731934 513.966400146484 473.399929046631 412.257834196091 518.71346282959 407.109781265259 332.618068695068 379.459617614746 441.687244415283 281.419403076172 308.32723236084 345.77624130249 384.047790527344 324.05094909668 236.884262084961 275.442077636719 342.20238494873 314.330474853516 466.101524353027 351.922035217285 513.800399780273 485.142398834229 510.499168395996 434.695533752441 394.616554260254 483.343036651611 347.649467468262 501.530271530151 699.518260955811 515.268859863281 475.105140686035 527.107918739319 681.078678131104 681.154697418213 -9999 -9999 -9999 -9999 -9999 -9999 -9999 -9999 -9999 -9999 -9999
350.906433105469 446.938316345215 408.763130187988 840.726108551025 320.833690643311 448.2106590271 470.604110717773 571.258911132812 564.555480957031 472.987693786621 386.718356847763 378.938758850098 360.437236785889 320.61597442627 358.081789016724 375.254044532776 383.348892211914 445.247478485107 358.424976348877 416.60666179657 263.846099853516 344.869941711426 487.501747131348 564.377700805664 465.509677886963 329.895332336426 476.165735244751 356.259429931641 459.674991607666 467.806341171265 642.715057373047 548.580718994141 615.757949829102 618.008407592773 479.28889465332 388.368103027344 430.259246826172 585.392181396484 688.781616210938 -9999 -9999 -9999 -9999 -9999 -9999 -9999 -9999 -9999 -9999 -9999
392.838432312012 434.276824951172 408.140873908997 173.459213256836 623.820241928101 562.864128112793 501.255863189697 572.106658935547 497.099159240723 360.142684936523 318.104385375977 381.363103866577 328.628273010254 361.701657295227 325.568321228027 496.337715148926 522.411834716797 643.848083496094 366.444164276123 315.738929748535 253.083114624023 452.073843002319 368.876106262207 506.99813079834 444.110062599182 295.863265991211 524.222732543945 438.385669708252 445.364524841309 530.385375976562 613.272598266602 671.193283081055 539.564880371094 501.223999023438 447.067047119141 504.68278503418 520.42512345314 517.777671813965 -9999 -9999 -9999 -9999 -9999 -9999 -9999 -9999 -9999 -9999 -9999 -9999
384.113670349121 407.410682678223 420.038581848145 329.168731689453 331.960502624512 309.118560791016 506.750259399414 555.63028717041 450.353721618652 520.4931640625 414.432537078857 374.193389892578 549.563842773438 454.211547851562 440.990249633789 564.918014526367 510.32275390625 440.796764373779 636.679458618164 549.98225402832 417.363693237305 462.631191253662 521.881446838379 470.820830345154 391.440910339355 486.118505477905 308.508483886719 419.307147979736 600.953109741211 519.554668426514 621.793090820312 541.27961730957 518.13427734375 580.852003097534 339.425918579102 591.435468673706 676.506210327148 659.54264831543 -9999 -9999 -9999 -9999 -9999 -9999 -9999 -9999 -9999 -9999 -9999 -9999
279.855050086975 249.765679836273 440.344924926758 138.188888549805 371.257675170898 318.30517578125 441.571784973145 455.295042037964 495.048843383789 466.889823913574 520.453308105469 512.612768173218 520.120491027832 482.87060546875 440.26851272583 506.219146728516 491.236968994141 583.141448974609 572.170837402344 531.239677429199 403.342144012451 346.680152893066 423.256645202637 491.382131576538 389.191535949707 434.1985206604 399.737838745117 458.375480651855 565.163703918457 721.9208984375 672.010269165039 504.122116088867 433.85192489624 541.600286483765 513.317657470703 591.213376045227 571.843570709229 813.031021118164 -9999 -9999 -9999 -9999 -9999 -9999 -9999 -9999 -9999 -9999 -9999 -9999
34.1898956298828 220.189907073975 327.779327392578 357.723266601562 387.367263793945 397.458862304688 489.266159057617 517.796455383301 451.755836486816 535.074668884277 552.742202758789 637.139251708984 516.277053833008 487.391910552979 514.993469238281 448.697616577148 454.026824951172 473.1692237854 483.558664321899 332.566528320312 303.064056396484 796.060619354248 376.061538696289 414.152969360352 492.23445892334 228.086029052734 345.500984191895 589.291938781738 654.123916625977 568.948181152344 507.651462554932 528.547443389893 894.212024688721 789.101264953613 525.862777709961 436.013404846191 564.535177230835 -9999 -9999 -9999 -9999 -9999 -9999 -9999 -9999 -9999 -9999 -9999 -9999 -9999
477.977615356445 265.88090467453 629.265270233154 504.012344360352 448.242485046387 266.306365966797 443.668190002441 477.781356811523 652.124565124512 468.538860321045 651.854278564453 529.882316589355 575.087371826172 491.563285827637 328.751403808594 310.923324584961 470.432098388672 472.654987335205 448.164398193359 297.862930297852 407.20182800293 520.280780792236 485.210380554199 509.182182312012 350.36595916748 740.488922119141 390.879280090332 459.505435943604 418.602394104004 785.517913818359 568.387861251831 643.633399963379 647.054851531982 538.896606445312 418.070316314697 296.536041259766 508.318725585938 -9999 -9999 -9999 -9999 -9999 -9999 -9999 -9999 -9999 -9999 -9999 -9999 -9999
606.804056167603 604.672721862793 443.081085205078 465.463180541992 606.281661987305 480.027114868164 362.16194152832 522.653644561768 652.686264038086 616.193603515625 678.040115356445 619.563690185547 472.716526180506 484.054647445679 434.011919498444 396.422700881958 437.735500335693 510.676414489746 584.154501914978 496.850160598755 371.427185058594 361.155990600586 582.798225402832 644.287559509277 650.417037963867 639.149024963379 893.761299133301 685.584136962891 785.029525756836 682.656974315643 629.221815109253 711.049625396729 578.646598815918 334.493225097656 379.576713562012 346.789108276367 562.929363250732 -9999 -9999 -9999 -9999 -9999 -9999 -9999 -9999 -9999 -9999 -9999 -9999 -9999
486.312408447266 529.695030212402 610.41655921936 485.234580993652 508.155830383301 417.793502807617 504.71321105957 650.727970123291 728.259979248047 758.715866088867 871.737396240234 546.168908163905 506.896621704102 434.268443107605 171.419494628906 353.366235733032 453.883050918579 538.41922712326 691.524169921875 623.685157775879 470.759086608887 519.288007736206 569.631607055664 663.455192565918 623.65892791748 711.274017333984 544.930981129408 650.193082809448 763.922569274902 728.102691650391 642.312219619751 526.050643920898 652.941604614258 380.68537902832 352.799041748047 511.348846435547 506.821311950684 -9999 -9999 -9999 -9999 -9999 -9999 -9999 -9999 -9999 -9999 -9999 -9999 -9999
229.366256713867 467.549392700195 583.464351654053 583.70650100708 530.521196365356 617.91432762146 595.973537445068 671.748905181885 839.742584228516 615.609594345093 570.427551269531 469.900451660156 899.714694976807 400.720500946045 487.771921157837 615.397682189941 589.800128936768 612.988121032715 491.558235168457 658.92525100708 535.582969665527 682.301948547363 548.285985946655 660.928649902344 470.033760070801 627.662788391113 485.122001647949 621.001281738281 601.132024765015 641.892398834229 556.548248291016 574.352098792791 465.87147808075 420.357574462891 517.595771789551 560.685758590698 -9999 -9999 -9999 -9999 -9999 -9999 -9999 -9999 -9999 -9999 -9999 -9999 -9999 -9999
264.146764755249 426.732372283936 502.922050476074 626.287117004395 624.645450592041 669.340143203735 712.652313232422 730.24471282959 624.91121673584 625.569555282593 565.554512023926 510.40510559082 693.296619415283 625.057460784912 432.067848205566 561.542837142944 634.554992675781 582.44116973877 587.892044067383 584.780559539795 569.12134552002 557.966288089752 584.313745498657 516.321136474609 385.118896484375 618.020858764648 547.217084884644 566.429890453815 640.362228393555 475.572685241699 402.790878295898 449.751752853394 438.370559692383 510.883033752441 559.074554443359 -9999 -9999 -9999 -9999 -9999 -9999 -9999 -9999 -9999 -9999 -9999 -9999 -9999 -9999 -9999
423.77400970459 367.703945159912 468.086967468262 581.822067260742 509.361217498779 561.149074554443 565.607946634293 536.480049133301 623.555271148682 622.831705093384 392.487617492676 343.040157318115 483.01587677002 514.257491111755 564.701253890991 453.149948120117 406.209030151367 539.437233924866 555.083556175232 519.035538196564 663.480422973633 626.537086486816 587.425065994263 505.81519317627 437.419570922852 526.580253601074 506.344657897949 365.576820373535 296.138565063477 389.760437011719 331.438034057617 551.194509506226 504.354141235352 638.909133911133 -9999 -9999 -9999 -9999 -9999 -9999 -9999 -9999 -9999 -9999 -9999 -9999 -9999 -9999 -9999 -9999
709.770538330078 517.86799621582 302.353322982788 405.329036712646 444.490142822266 442.228908538818 310.160400390625 445.990203857422 459.429671287537 356.419967651367 404.005783081055 460.89884185791 439.861991882324 492.72583770752 438.150508880615 470.285659790039 439.676559448242 460.942337989807 579.466259002686 509.09114074707 538.139354705811 500.507907867432 563.075938820839 594.453488349915 437.515197753906 413.880271911621 316.568161010742 508.729465484619 411.051734924316 403.03392791748 492.552619934082 438.939697265625 587.803718566895 -9999 -9999 -9999 -9999 -9999 -9999 -9999 -9999 -9999 -9999 -9999 -9999 -9999 -9999 -9999 -9999 -9999
-9999 466.695594787598 1087.94864654541 504.295558929443 416.478218078613 766.536514759064 405.519322395325 259.45255279541 273.487426757812 360.438716888428 273.087020874023 441.398971557617 473.747722625732 350.915267944336 253.521697998047 265.036697387695 523.247200012207 438.052955627441 447.540916442871 279.18424987793 309.166625976562 258.010772705078 599.439758300781 387.840423583984 323.924011230469 465.405467987061 329.540328979492 420.888496398926 495.501815795898 660.589042663574 533.4365234375 500.066429138184 -9999 -9999 -9999 -9999 -9999 -9999 -9999 -9999 -9999 -9999 -9999 -9999 -9999 -9999 -9999 -9999 -9999 -9999
-9999 -9999 -9999 -9999 766.853823661804 831.549030303955 584.071487426758 373.8977394104 867.234397888184 863.675685882568 581.128574371338 579.90990447998 669.304718017578 549.164253234863 439.172517776489 290.356185913086 433.528535842896 138.312919616699 -17.8003997802734 438.960403442383 539.299143314362 362.637115478516 529.154135704041 516.81310749054 465.244834899902 339.81330871582 596.668436050415 530.007236480713 385.426780700684 539.262121200562 -9999 -9999 -9999 -9999 -9999 -9999 -9999 -9999 -9999 -9999 -9999 -9999 -9999 -9999 -9999 -9999 -9999 -9999 -9999 -9999
-9999 -9999 -9999 -9999 -9999 -9999 -9999 -9999 -9999 934.986105918884 685.436832427979 551.582805633545 718.633148193359 581.097400665283 448.037118911743 560.645101428032 527.539316177368 179.654396057129 -55.0107116699219 523.833984375 732.2880859375 774.942581176758 732.615493774414 580.08670425415 603.108018875122 636.686367988586 669.324084997177 636.618089675903 -9999 -9999 -9999 -9999 -9999 -9999 -9999 -9999 -9999 -9999 -9999 -9999 -9999 -9999 -9999 -9999 -9999 -9999 -9999 -9999 -9999 -9999
-9999 -9999 -9999 -9999 -9999 -9999 -9999 -9999 -9999 -9999 -9999 -9999 -9999 -9999 -9999 -9999 527.906173706055 813.574520111084 793.682518005371 740.337921142578 966.289600372314 1082.27630615234 888.639850616455 920.028951644897 950.64549446106 -9999 -9999 -9999 -9999 -9999 -9999 -9999 -9999 -9999 -9999 -9999 -9999 -9999 -9999 -9999 -9999 -9999 -9999 -9999 -9999 -9999 -9999 -9999 -9999 -9999
-9999 -9999 -9999 -9999 -9999 -9999 -9999 -9999 -9999 -9999 -9999 -9999 -9999 -9999 -9999 -9999 -9999 -9999 -9999 -9999 -9999 -9999 -9999 -9999 -9999 -9999 -9999 -9999 -9999 -9999 -9999 -9999 -9999 -9999 -9999 -9999 -9999 -9999 -9999 -9999 -9999 -9999 -9999 -9999 -9999 -9999 -9999 -9999 -9999 -9999
