simdem/realisation69.asc
NCOLS 350 
NROWS 171 
XLLCORNER 152620 
YLLCORNER 418050 
CELLSIZE 100 
NODATA_value -9999 
[rows 88 to 109 of 171, columns 250 to 299 of 350]
949.215633392334 975.46196269989 976.745601654053 876.774124145508 745.239067077637 780.356925964355 563.218650817871 652.624185919762 574.21036529541 715.152526855469 853.623908996582 614.083366394043 613.467029571533 873.830879211426 810.514335632324 934.068008422852 646.709014892578 672.269020080566 734.321332931519 545.955581665039 589.655422210693 711.663452148438 557.269058227539 483.045013427734 460.108032226562 606.419338226318 578.050666809082 704.350776672363 712.420059204102 763.772427618504 709.105714797974 699.227606773376 758.378513336182 675.303478240967 577.131408691406 594.157791137695 577.546813964844 566.882553100586 629.063323974609 675.981338500977 811.186614990234 610.417251586914 645.248466491699 908.70157623291 417.681228637695 765.009605407715 664.658554077148 719.766292572021 634.340682983398 656.689025878906
809.71781501174 898.446308135986 1073.73586654663 933.726663589478 881.479091644287 980.022232055664 717.563301086426 741.867695808411 579.762168884277 801.329689025879 633.124382019043 794.938537597656 855.680229187012 745.295860290527 734.867813110352 795.627136230469 567.457344055176 650.056381225586 852.383888244629 652.938522338867 483.370452880859 411.863021850586 533.745727539062 521.943084716797 519.439422607422 569.004737854004 677.890357971191 612.822212219238 693.838045120239 709.600688934326 724.179858207703 798.129500865936 771.014947891235 646.014724731445 719.97395324707 840.757385253906 740.104830272496 580.084693908691 589.328643798828 388.73095703125 1123.02871704102 565.279441833496 722.559881687164 713.12321472168 579.636596679688 691.887237548828 809.031985521317 895.070487976074 764.452220916748 806.911628723145
712.701301574707 700.39404296875 871.570404052734 1105.79359436035 1024.61087703705 837.359649658203 850.693756103516 538.656692504883 629.556392669678 538.025451660156 788.898532867432 888.890533447266 821.73698425293 840.506851196289 721.43147277832 804.260950088501 586.778991699219 657.419502258301 649.315174102783 597.645736694336 617.859527587891 646.466045379639 553.276969909668 605.353881835938 636.220199584961 793.134121894836 710.226280212402 724.164649963379 775.749414920807 722.069885253906 758.80548286438 796.064197540283 664.416732788086 735.902462005615 702.667501360178 798.14387512207 736.009796142578 739.827995300293 456.184616088867 446.733093261719 731.837707519531 470.883071899414 653.190845489502 599.199913024902 612.723449707031 647.937576293945 1075.66469573975 771.055152893066 741.242965698242 899.650161743164
839.258979797363 792.928750276566 762.255779266357 905.225242614746 1228.95587539673 1395.79029083252 705.237770080566 801.562397003174 684.156196594238 816.994214057922 696.615631103516 731.778915405273 725.232040405273 777.783994674683 700.608512878418 559.868667602539 726.143730163574 640.682590484619 708.981872558594 704.629570007324 760.670231819153 814.27388381958 692.335609436035 800.571996688843 754.321656703949 892.859855651855 970.984306335449 992.425140380859 996.394023895264 1213.43267440796 729.886486053467 767.341926574707 675.479362487793 676.279571533203 899.60954284668 884.984313964844 603.583793640137 688.678470611572 623.272727966309 464.51530456543 878.267822265625 1054.63055419922 571.453918457031 706.460632324219 589.021781921387 562.943450927734 797.619575500488 750.610332489014 1070.63552284241 1219.62515258789
1013.58563232422 798.822003424168 891.527801513672 1052.04507446289 1061.21837234497 1008.82284545898 1097.37886428833 660.375366210938 777.61536026001 831.207546234131 862.263648986816 930.059261322021 806.269134521484 525.968887329102 721.104270935059 1203.10606193542 699.373180389404 676.649948120117 675.698109865189 821.63818359375 773.943643569946 770.575630187988 778.713893890381 869.715801239014 717.820692062378 787.134900212288 970.698020935059 798.152725219727 786.833831787109 1001.65340805054 838.929206848145 908.527534484863 950.195693969727 882.966606140137 823.572204589844 683.642671585083 615.850135803223 636.803657531738 685.246726989746 485.281997680664 212.135559082031 1022.33615112305 506.797561645508 589.087005615234 685.417755126953 666.708469390869 709.488174438477 724.011131286621 614.960678100586 622.114105224609
852.04789352417 819.316520690918 896.684680938721 1014.25399589539 940.59561920166 1031.06047058105 781.720786094666 815.467801094055 901.274841308594 1255.3796081543 912.980442047119 673.685348510742 719.017059326172 991.527954101562 1078.70854187012 647.958686828613 667.898010253906 753.485336303711 770.004766941071 749.512217521667 801.75191116333 859.266670227051 733.175827026367 844.429302215576 776.898906707764 685.069549560547 891.450988769531 1024.68023681641 604.857818603516 660.421234130859 778.550689697266 931.264934539795 968.654319763184 1018.41679382324 843.632739067078 636.177978515625 825.900453567505 697.77282333374 739.487258911133 493.599548339844 296.643615722656 1167.06640625 628.259796142578 686.793716430664 598.993896484375 702.101089477539 587.076187133789 633.641738891602 762.363952636719 929.815521240234
628.553558349609 892.983757019043 1101.5104675293 1007.52872824669 882.09965133667 885.644466400146 751.846992492676 735.554225921631 782.556630134583 866.083549499512 1041.54954528809 941.577285766602 663.236404418945 863.959335327148 856.643646240234 777.003955841064 813.003807067871 722.120113372803 744.634391784668 907.882034301758 808.509811401367 665.695106506348 675.799945831299 807.139928817749 761.527109146118 1238.07870483398 853.760875701904 810.313415527344 684.88703918457 878.760696411133 909.856666564941 829.218975067139 918.241264343262 1131.44255065918 889.379100799561 663.481353759766 824.144958496094 680.003768920898 766.011014938354 624.019439697266 473.972045898438 595.345443725586 611.659378051758 466.982803344727 698.185207366943 705.081161499023 576.890686035156 642.086364746094 635.605224609375 845.623268127441
797.649482250214 682.904541015625 891.065519809723 1039.85427856445 959.961112976074 771.628337860107 1141.88836956024 725.876739501953 730.043731689453 1008.01027393341 794.946212768555 1258.4495010376 893.464553833008 577.094024658203 704.27783203125 1066.35554504395 936.390850067139 661.53653717041 1088.70028686523 1027.74067687988 948.536926269531 858.924346923828 831.555866241455 1052.04451370239 1100.98851203918 1305.45918560028 1024.2267074585 870.888118743896 586.951263427734 726.117744445801 1559.40000915527 858.15271282196 928.646593093872 879.831329345703 958.54093170166 875.651489257812 794.564399719238 866.346988677979 808.917552947998 866.310665130615 697.805372238159 689.663806915283 1176.86880493164 514.607040405273 647.951774597168 644.218700408936 1262.27892208099 755.669496536255 545.164398193359 1032.22148132324
944.207237243652 1095.56152534485 832.924491882324 892.299224853516 1037.6851348877 964.192089080811 977.230621337891 775.688613891602 1301.77451324463 851.373275756836 743.449994087219 706.634977340698 761.685626983643 525.098449707031 677.881172180176 859.46565246582 655.227401733398 714.561309814453 846.998645782471 1105.40466308594 1149.44404602051 1452.33800888062 1259.29052734375 655.452499389648 960.056381225586 796.423397064209 615.876724243164 514.563110351562 525.475646972656 1362.88931274414 718.145133972168 723.724227905273 600.142227172852 970.047517776489 1249.32782018185 1069.90188598633 911.825714111328 793.175313949585 969.627685546875 829.78002166748 710.891300201416 685.224407196045 895.138854980469 476.324569702148 831.432601928711 747.848899841309 737.013633728027 641.060218811035 614.623697280884 1063.98993110657
662.312484741211 734.130493164062 752.136772155762 822.531372070312 760.157049179077 989.748924255371 909.832641601562 825.175586700439 1319.80186271667 1224.5888671875 884.790287971497 733.216751098633 1338.7527923584 1057.38954943419 784.667705535889 642.398330688477 711.103935241699 635.716842651367 819.891994476318 959.359268188477 941.077865600586 909.894994735718 614.17610168457 406.601745605469 562.587173461914 935.618118286133 844.794052124023 517.66552734375 463.166656494141 788.617279052734 581.726821899414 1436.98669433594 1211.2473449707 729.224334716797 817.653919219971 843.133899211884 849.931575775146 599.825042724609 813.758708953857 704.674457550049 762.581703186035 607.304756164551 850.473159790039 1577.74528503418 607.000396728516 678.347763061523 586.394287109375 683.048248291016 835.115238189697 742.091022491455
702.114372253418 1312.86325836182 1245.09796905518 707.129272460938 760.844770431519 912.853816986084 949.411739349365 1150.63510131836 743.67578125 812.449968338013 938.32772064209 934.255805969238 720.910179138184 751.852127075195 533.976577758789 784.790267944336 806.545677185059 827.12565612793 775.954578399658 727.596691131592 784.575988769531 800.013751983643 832.323471069336 783.498291015625 486.260498046875 1077.59478759766 1563.09741210938 788.150939941406 1179.39721679688 516.739898681641 1058.5927028656 734.160469055176 866.207483291626 971.744491577148 850.921714782715 913.889274597168 703.600204467773 746.488655090332 769.796854019165 761.607219696045 662.349296569824 536.354339599609 856.445281982422 574.363708496094 398.335571289062 542.685821533203 788.243019104004 876.914840698242 713.081192016602 1182.80454325676
753.480832099915 800.41752243042 1415.51201584935 775.108549118042 833.959854125977 696.61994934082 1289.27056884766 1254.02377891541 889.28217124939 1069.71497344971 863.321182250977 1122.94881248474 1260.03293609619 1007.90217590332 886.125823974609 963.567138671875 1050.08061218262 611.248718261719 769.392434120178 611.49674987793 1136.65845489502 641.644668579102 773.837051391602 456.325012207031 1256.02593994141 898.04997253418 732.712280273438 1084.80087280273 1139.88952636719 707.958480834961 893.605346679688 1048.92426013947 791.081207275391 964.815063476562 683.845565795898 864.652976036072 649.349517822266 705.440078735352 739.124895095825 560.484878540039 556.847221374512 619.030671596527 713.422508239746 1022.53245544434 1248.63238525391 590.938766479492 808.088851928711 868.679580688477 792.963710784912 707.092987060547
1238.72473526001 735.363388061523 789.914852142334 686.01734161377 710.323951721191 1177.6471414566 823.534722328186 1121.56527328491 777.027690887451 886.104347229004 1005.30003738403 824.353105545044 965.662454605103 1025.45767211914 840.809501647949 695.703689575195 587.699981689453 373.500671386719 584.731201171875 795.325790405273 1204.5339050293 1371.48043060303 686.751251220703 887.177993774414 720.459350585938 1248.56167602539 714.935745239258 689.994995117188 1223.75421142578 614.229934692383 991.777648925781 821.522804260254 929.29167175293 891.642093658447 663.295181274414 870.364602088928 772.422019004822 691.637161254883 673.453994750977 493.115646362305 625.781810760498 690.543655395508 775.844247832894 689.998229980469 692.801696777344 614.557464599609 821.555137634277 1009.93434143066 816.418298780918 856.108715057373
628.631614685059 721.746810913086 863.011901855469 646.008453369141 814.747501373291 1144.25884628296 1050.18241119385 1166.89924621582 941.635575294495 916.81339263916 796.353851318359 1022.33238220215 806.333724975586 824.214760780334 998.359405517578 675.134262084961 669.374588012695 1107.12892150879 691.339553833008 885.98755645752 1391.35385131836 640.882049560547 1217.42544555664 731.113716125488 701.306182861328 994.534194946289 1158.48236083984 1657.63497924805 714.437240600586 1191.92109680176 965.967529296875 842.653537750244 1010.59410858154 884.64807510376 840.792264938354 816.874172210693 644.76220703125 653.310607910156 717.146076202393 652.297437667847 495.803485870361 657.437034606934 594.101776123047 774.216262817383 1064.34454107285 569.752639770508 571.632247924805 783.571113586426 776.957974851131 765.483068466187
721.499382019043 1024.94981384277 676.236022949219 634.589065551758 796.411531448364 792.791491508484 1002.62673950195 1198.54750061035 825.066131591797 1485.13297271729 912.526573181152 1256.93412780762 1031.55419540405 803.765106201172 846.907705307007 896.337249755859 706.869606018066 546.656112670898 1455.42723083496 781.072330474854 871.61429977417 751.558288574219 776.894912719727 1149.58613586426 925.080276489258 636.136108398438 751.767456054688 1666.1185836792 943.306549072266 675.334823608398 862.146240234375 1488.66655731201 1101.97328948975 1016.71839904785 918.101642608643 826.025291442871 742.244987487793 628.442459106445 671.085254669189 656.43074798584 512.849575042725 618.531768798828 522.184317588806 703.616008758545 762.518947601318 624.158264160156 655.509239196777 786.934646606445 679.140441894531 739.47435760498
638.493240356445 1124.76707458496 964.135345458984 612.132675170898 1160.90432739258 915.358238220215 1130.36191558838 1005.94824981689 1000.86683654785 1026.11375427246 971.92459487915 887.199264526367 840.884368896484 977.7216796875 826.921394348145 749.081932067871 1051.99342346191 686.026000976562 605.716598510742 890.774566650391 846.693383932114 861.344453811646 854.038681030273 1026.30812072754 774.047813415527 899.620414733887 974.414794921875 742.666816711426 523.118835449219 662.100662231445 1092.79864501953 1284.25161933899 869.705537796021 969.495239257812 893.32949256897 890.103353500366 979.8127784729 813.334342956543 707.33861541748 709.525074005127 667.699066162109 569.594543457031 689.49292755127 739.420151948929 854.081611633301 689.940994262695 793.968372344971 801.662010192871 667.407852172852 706.868347167969
969.010543823242 572.204055786133 667.352081298828 442.729644775391 634.671569824219 826.221160888672 825.905788421631 866.829345703125 951.198036193848 1161.23751831055 1032.74713897705 822.38415145874 921.31925201416 1184.30472183228 1059.5280418396 1034.82898330688 802.077629089355 968.911349058151 713.826110839844 793.110778808594 695.284194946289 1137.1487159729 928.903736114502 711.371746063232 973.653266906738 951.050792694092 1105.74091243744 643.084991455078 1380.1061706543 1327.296875 1204.77807617188 765.009155273438 910.786233901978 947.570404052734 868.891368865967 993.838981628418 868.018869400024 955.378603935242 873.932907104492 838.333969116211 872.957412719727 677.364967346191 613.68448638916 685.838237762451 901.280563354492 1139.72911834717 967.113739013672 800.33629989624 849.553649902344 775.657669067383
581.465591430664 670.766548156738 646.810272216797 724.345397949219 798.321666717529 902.516464233398 695.297584533691 960.618997573853 906.008006273769 1085.41599273682 1135.60691833496 1210.56712722778 1512.52955818176 988.918226242065 940.588577508926 927.488910675049 987.806221008301 971.541736602783 1121.80736732483 1147.86696624756 705.692268371582 905.448890686035 1075.18962097168 1206.6236114502 1182.56107330322 944.744511842728 848.765663146973 788.272968292236 927.379650115967 768.33846282959 856.950228691101 782.769958496094 869.668853759766 929.711006164551 807.842746734619 874.609071135521 820.370594024658 882.420701026917 927.879018783569 918.538780212402 811.021934509277 721.606176376343 655.249029159546 700.793321609497 781.649203449488 1030.29787540436 796.645412445068 859.152814865112 885.226642608643 749.191482543945
663.337814331055 954.641866922379 1459.46342420578 904.06160736084 965.734802246094 845.906448364258 919.746995925903 1174.95881587267 1998.51982879639 766.524972915649 1391.6750831604 766.740406036377 1084.78949737549 1008.07498550415 771.800888061523 993.785863876343 780.541397094727 819.169528961182 890.447971343994 1033.99438476562 918.988680362701 991.335800170898 831.61547088623 880.043785095215 760.938148498535 749.455196380615 859.024906158447 807.590545654297 824.7470703125 957.54564666748 863.622339248657 794.129373550415 879.070907592773 810.060617446899 814.412971496582 935.704696655273 916.580918550491 743.752202033997 731.663536071777 776.646339416504 670.009658813477 618.577346801758 713.195219993591 802.916328430176 858.500583648682 725.454917907715 698.711639404297 845.196935653687 938.832216739655 597.678131103516
901.595703125 1051.03492164612 988.744934082031 736.184463500977 824.3505859375 1289.72570800781 1674.73351478577 989.109832763672 796.913269042969 834.683641433716 1343.33267211914 892.08291053772 874.740158557892 956.44322681427 737.555114746094 1061.0732383728 855.919612884521 1125.08882904053 940.920989990234 899.256744384766 1208.53773498535 910.919854260981 825.455973625183 820.185857772827 799.583024978638 1067.51095581055 743.05912399292 657.237144470215 741.305511474609 897.255681991577 912.896239280701 901.249885559082 811.25372505188 886.134346008301 723.112880706787 844.846111297607 974.941547393799 962.484970092773 795.801147937775 885.030097961426 660.193176269531 608.509727478027 654.14155960083 690.679557800293 757.172931671143 625.128154754639 734.407928466797 741.706382155418 767.13041305542 946.015502929688
720.11625289917 1346.69248962402 1263.53276443481 1006.48321533203 994.289268493652 1065.35403442383 960.680110931396 1408.14279174805 1567.86477470398 662.780136108398 868.005043029785 1378.03370666504 999.03254699707 1180.27061462402 1045.84218597412 967.305648803711 1121.72058105469 1012.7760925293 1670.66242980957 1339.0883769989 1119.85639953613 769.981292724609 778.212158203125 887.984363555908 886.669151306152 978.742477416992 948.468872070312 821.880542755127 792.319242954254 952.658987045288 954.252099990845 967.249450683594 949.821510314941 836.069671630859 902.200041532516 991.101593017578 946.120643615723 881.519256591797 770.303527832031 676.723712921143 787.754741668701 830.097625732422 699.662010192871 701.891116142273 514.449047088623 541.911028862 662.544242858887 732.711277008057 1015.42437744141 957.690963745117
798.258792877197 719.636856079102 871.472576141357 1075.32083129883 1391.98526763916 1054.47388648987 819.836254119873 1053.71726989746 1591.79144287109 816.443885803223 1294.21788024902 875.469839096069 1113.49654388428 879.386355400085 1098.46976470947 1173.86592292786 1030.07010650635 957.832485198975 1190.05667114258 1125.6379070282 1188.81719970703 868.314903259277 973.986671447754 835.448631286621 895.641983032227 874.410724639893 1055.92330932617 915.316722869873 761.089775085449 786.088043212891 974.463043212891 870.059280395508 704.433288574219 718.683364868164 786.194496154785 870.951747894287 937.305877685547 877.565864562988 927.073028564453 703.360034942627 763.05898475647 774.647758483887 861.671875 694.049073457718 634.911687850952 589.967620849609 794.62896156311 877.117790222168 942.569375991821 920.536125183105
