simdem/realisation64.asc
NCOLS 350 
NROWS 171 
XLLCORNER 152620 
YLLCORNER 418050 
CELLSIZE 100 
NODATA_value -9999 
[rows 88 to 109 of 171, columns 250 to 299 of 350]
1013.17977142334 963.499748706818 992.602649688721 993.010723114014 777.177284240723 779.92387008667 590.125747680664 567.182250976562 719.776180267334 714.107154846191 750.141593933105 625.246726989746 599.465103149414 900.343559265137 779.159931182861 914.897197723389 684.160842895508 686.683334350586 650.160713195801 576.66682434082 646.950691223145 834.199119567871 696.464332580566 546.918228149414 624.159156799316 675.411346435547 626.281776428223 745.075801849365 558.719131469727 686.732322692871 675.854362487793 742.686305999756 855.741851806641 753.150550842285 828.977188110352 669.444709777832 710.119113922119 635.45182800293 750.923377990723 646.213958740234 710.012031555176 632.116882324219 570.096740722656 901.112007141113 568.448028564453 686.236602783203 765.522678375244 594.032028198242 718.863876342773 728.740226745605
946.277984619141 849.456792831421 1078.44570541382 897.956115722656 911.806941986084 727.311447143555 566.015701293945 666.515998840332 384.599914550781 788.036514282227 816.860885620117 738.442092895508 822.540328979492 737.380573272705 749.187423706055 770.422988891602 665.388452529907 543.122146606445 774.867725372314 713.02067232132 733.405319213867 625.209877967834 712.1611328125 539.15348815918 628.988834381104 734.324699401855 750.787490844727 678.253318309784 730.31050491333 809.201133728027 748.397060394287 694.243309020996 769.521059989929 609.687980651855 662.072250366211 597.733505249023 746.748678684235 650.661052703857 703.196719646454 587.11653137207 1292.20416259766 791.079483032227 696.267137527466 768.682022094727 902.651763916016 792.337245941162 876.335510253906 741.77961730957 687.688262939453 749.512474060059
756.68871307373 898.985404968262 838.981709957123 964.523071289062 931.752822875977 734.161363065243 843.365356445312 700.408897399902 641.558647155762 622.543174743652 743.677116394043 890.316802978516 650.894332885742 813.766860961914 843.938327789307 767.441482543945 443.257614135742 558.574478149414 669.926204681396 730.427810668945 737.005327224731 701.006002426147 659.196112632751 722.471067428589 794.208458900452 911.222465515137 742.393814086914 658.009811401367 721.894268035889 720.955253601074 747.010180473328 849.040742874146 681.431373596191 719.408020019531 610.826049804688 662.159869194031 715.597442626953 608.87491607666 600.020042419434 667.707730293274 853.592132568359 594.724563598633 724.524503707886 672.092833518982 970.633361816406 780.067611694336 1075.60704421997 602.725921630859 659.484893798828 1023.26615142822
737.052581787109 731.798393249512 775.758716583252 971.095336914062 1223.77090644836 1312.06369400024 744.702537536621 666.840690612793 781.87788772583 810.904648780823 795.077141284943 623.846725463867 609.043243408203 614.969329833984 647.062812805176 646.459526062012 763.925124526024 678.015456199646 811.111841201782 761.397611618042 673.50798034668 776.8260846138 760.561992645264 636.060760498047 749.566112041473 953.36116027832 911.36572265625 778.60604095459 941.583581924438 1319.82391357422 706.058967590332 655.894981384277 742.255908966064 706.966697692871 700.359508514404 718.331691741943 568.25089263916 634.60014629364 670.10822725296 628.164733886719 889.718566894531 948.550476074219 677.207110404968 646.941856384277 723.337001800537 771.974967956543 848.144237518311 697.6787109375 987.562561035156 1234.09057617188
919.640625 831.992809295654 818.771415710449 923.170169830322 894.781913757324 923.027376174927 1224.35974121094 703.451873779297 746.310264587402 964.12183380127 904.436983108521 788.475006103516 719.928436279297 619.598297119141 791.589834213257 993.424407958984 682.498870849609 604.209533691406 655.218301773071 741.705949783325 720.698329925537 809.554237365723 850.48755645752 657.930923461914 610.712951660156 776.351516723633 814.366821289062 861.952045440674 908.929163455963 1043.98259592056 812.734527587891 830.559284210205 772.396188855171 733.357669830322 648.516258239746 656.120922088623 637.30525970459 542.04133605957 697.044640541077 652.044616699219 414.65869140625 1103.3203125 694.556921005249 745.062826633453 635.100860595703 651.55850982666 740.521945953369 739.737777709961 784.597736358643 589.434127807617
746.799598693848 872.842544555664 934.544761657715 996.24920296669 957.21089553833 986.433868408203 866.32234954834 768.318382263184 855.465377807617 1051.03245162964 810.634902954102 696.274353027344 663.03076171875 1061.19749450684 1188.51650619507 558.274368286133 635.099311828613 684.898317337036 777.186536312103 778.380422592163 610.495834350586 726.008483886719 743.725326538086 649.157760620117 677.159553527832 819.022102355957 999.800582885742 1046.96572875977 593.510009765625 878.411720275879 820.1549949646 892.604210853577 794.243495941162 767.730110168457 821.628910064697 803.902450561523 758.751243591309 638.674003601074 482.412551879883 614.857635498047 535.673599243164 1209.56033325195 626.544021606445 706.26335144043 647.087608337402 718.796981811523 739.031609535217 718.884376525879 692.118270874023 1028.15446472168
808.454742431641 938.917327880859 1062.40204620361 909.656646728516 1009.90396881104 771.879913330078 775.973690032959 733.285720825195 762.768972396851 639.310775756836 888.04744720459 831.569931030273 639.880233764648 955.842964172363 1102.71949386597 616.597373962402 732.285856246948 876.378852844238 765.98522233963 733.279462993145 602.374221801758 680.986709594727 771.832916259766 799.01025390625 806.168518066406 1180.36292076111 795.522998809814 855.900604248047 549.266693115234 913.742446899414 1036.06528091431 928.581890106201 848.551723480225 1078.73854064941 750.967262268066 766.597839355469 833.254121780396 762.284820556641 540.628677368164 642.506252288818 610.4501953125 735.115319252014 716.038764953613 532.524215698242 694.97932434082 646.03010559082 586.897308349609 673.077896118164 709.062423706055 860.911975860596
800.325333595276 847.671867370605 933.421813964844 985.061594009399 860.655333518982 827.357434034348 1065.797996521 876.575820922852 738.830833435059 802.468338012695 551.893997192383 1205.93426513672 932.246627807617 734.834159851074 718.11540222168 866.981246948242 900.614738464355 870.290664672852 951.70344543457 917.112533569336 786.864023208618 893.771835327148 781.257431030273 998.446636199951 1008.16957092285 1177.34368896484 972.449371337891 764.029541015625 792.900242805481 802.974502563477 1626.55049610138 869.131674766541 1010.35364532471 869.484531402588 705.141128540039 834.75611114502 926.18824005127 1045.6930847168 865.98601436615 752.715312957764 595.366485595703 665.794715881348 1268.99605178833 538.345977783203 544.115386962891 643.945835113525 1213.2554397583 795.487724304199 636.453966140747 919.513442993164
737.228866577148 1061.81308364868 1041.47309112549 849.841438293457 1111.77307128906 1016.5461730957 810.451137542725 775.073768615723 1240.3428401947 847.266716003418 543.968566894531 606.062606811523 757.549873352051 773.395914077759 803.478771209717 903.911918640137 819.069873809814 846.26651763916 768.674392700195 1197.16915893555 1169.20973968506 1248.5012512207 1282.31786346436 630.370162963867 954.206008911133 621.80110168457 692.904853820801 784.331769943237 839.92945098877 1573.48918151855 788.388662338257 824.072605133057 871.802005767822 912.355033874512 1333.80545806885 966.96463394165 928.612316131592 906.705642700195 964.609024047852 803.80500793457 714.10835647583 617.70467376709 1100.66468048096 559.886840820312 866.546394348145 750.06409072876 654.777351379395 821.295074462891 573.94938659668 952.613372802734
706.797996520996 739.022277832031 673.821472167969 881.793651580811 809.175928115845 1004.24041748047 971.200771331787 770.790138244629 1269.83968353271 1291.10708618164 842.567440032959 780.106227874756 1492.17028808594 988.182174682617 770.047252655029 579.70426940918 659.04914855957 630.381317138672 749.712917327881 997.728332519531 823.356007814407 853.943313598633 620.609039306641 603.613555908203 578.71501159668 943.426849365234 811.091461181641 607.501266479492 749.71110534668 994.283012390137 730.126174926758 1378.98097229004 1419.26022720337 777.846786499023 806.492774963379 733.907218933105 870.953800201416 847.993011474609 766.829333782196 767.184501647949 832.419506072998 669.245449066162 815.832824707031 1459.40969848633 690.216293334961 840.592052459717 638.035705566406 692.38977432251 854.134243011475 699.882308959961
739.077430725098 1382.24770355225 1011.93374633789 685.745529174805 851.919765472412 872.828701972961 1063.82427978516 1199.77261352539 814.877582550049 871.858097076416 836.832326412201 852.150932312012 766.230505943298 736.60807800293 550.483047485352 714.225509643555 825.206008911133 753.278680801392 693.378429412842 827.399219512939 792.189384460449 706.241432189941 773.919647216797 770.210998535156 339.262390136719 992.888763427734 1661.62536621094 911.294311523438 1331.92211914062 677.478202819824 931.141418457031 754.435317993164 759.537017822266 1037.41982269287 694.278121948242 755.830101013184 883.16967010498 634.326812744141 777.573165893555 760.101959228516 773.944255709648 724.767430305481 877.848297119141 586.530029296875 449.824920654297 447.108642578125 616.141967773438 724.686631202698 811.100717544556 1110.72071075439
716.910186767578 802.336936950684 1335.45914459229 575.204330444336 669.65843963623 904.238649368286 1476.43570709229 1178.28113555908 798.468994140625 1012.55262184143 883.495681762695 1257.32875823975 1314.76432991028 1013.13471984863 821.343872070312 942.632431030273 964.410690307617 564.690551757812 582.110229492188 783.661109924316 1059.92730712891 743.154090881348 771.554962158203 566.822601318359 1260.78289794922 939.284866333008 857.005355834961 1180.99780273438 1193.13906860352 647.882690429688 833.239288330078 908.322143554688 773.161987304688 904.14860534668 822.676908493042 861.901961326599 849.667701721191 708.354637145996 841.21263885498 577.425868988037 682.270784854889 527.685050964355 607.923385620117 983.40869140625 1238.26803588867 663.511241912842 575.232131958008 813.245853424072 818.486639022827 772.284339904785
1335.50667572021 846.021896362305 502.746246337891 665.683631896973 824.650974273682 1171.94888782501 832.042797207832 1143.66329956055 900.621696472168 878.810085296631 995.897895812988 996.616622924805 981.601000070572 1004.78355407715 908.438739776611 740.525894165039 684.300979614258 549.835845947266 693.688301086426 805.324264526367 1280.84510803223 1564.3921661377 809.102012634277 817.77294921875 754.114082336426 1175.18916320801 742.060104370117 753.653282165527 1304.41360473633 694.949371337891 925.231872558594 813.026809692383 909.201614379883 874.86509513855 751.728446960449 827.875991821289 754.191123962402 770.294628143311 735.178573608398 647.506629943848 652.506452560425 733.716979980469 693.636741638184 854.555923461914 880.140084266663 696.119142532349 697.974628448486 725.546173095703 817.236203551292 723.791450500488
889.432357788086 860.564918518066 933.754364013672 881.798965454102 814.319412231445 1203.53070831299 1030.94002532959 1100.21485137939 919.093270301819 815.665672302246 798.359068870544 1119.0706615448 1039.66108703613 840.786968111992 1119.20414733887 772.056680679321 710.352005004883 1020.84973144531 745.991134643555 856.478294372559 1343.68745040894 739.412117004395 1245.71775054932 683.650207519531 797.018089294434 852.834426879883 1214.90729522705 1658.56814575195 654.807006835938 1214.4386138916 824.576278686523 768.991088867188 939.135864555836 941.094352722168 773.231719970703 923.517429351807 849.656211853027 830.700174331665 866.648506164551 903.91960144043 653.759864807129 549.009227752686 534.762130737305 817.659057617188 1022.62192153931 837.898056030273 760.322814941406 834.794843673706 927.825973510742 723.198554992676
939.239189147949 1218.3600769043 855.003929138184 701.023330688477 700.727584838867 870.004119873047 850.067860603333 1164.67350006104 938.232524871826 1727.53109741211 841.658294677734 1297.37962722778 1074.31976318359 836.520086288452 779.196746826172 869.468521118164 700.105171203613 550.944869995117 1431.5453338623 836.423937320709 936.797304153442 864.698638916016 882.71875 1322.84113407135 904.653198242188 716.948822021484 800.305763244629 1544.42115783691 1027.11256408691 695.699920654297 800.425933837891 1376.60726928711 1090.91661071777 917.653709411621 831.835704803467 946.122634887695 710.48112487793 977.886444091797 875.697372436523 714.967025756836 726.420837402344 342.289581298828 438.334907531738 679.590251922607 789.666976928711 881.040046691895 781.902423858643 926.278366088867 906.976623535156 775.470680236816
794.911193847656 1435.09481811523 1247.70629882812 776.893494129181 1218.06423950195 947.930629730225 1132.56094741821 895.095747947693 881.241174697876 923.746765136719 927.063921451569 990.331855773926 956.209140777588 920.009162902832 876.388734817505 852.733475208282 1134.73027038574 709.825386047363 824.624664306641 961.079193115234 915.768989562988 1070.17135620117 885.12148475647 1000.03001403809 712.943878173828 728.458190917969 1004.65757751465 667.215911865234 540.753692626953 674.587203979492 1202.67384719849 1116.75910949707 845.584410667419 860.158565044403 813.852127075195 843.931709289551 1098.02360534668 933.803039550781 916.989044189453 813.75569152832 660.050346374512 405.060806274414 567.125999450684 591.381988525391 792.457839250565 779.243068695068 760.394050598145 800.848148345947 848.145286560059 803.424760818481
1224.4898147583 751.933932304382 967.375378608704 869.299247741699 767.65740776062 1047.21463775635 937.190589904785 931.630470275879 952.009201049805 1058.544506073 974.989891052246 866.701871871948 901.80192565918 1248.60992145538 1009.52299594879 1071.04575490952 896.996381759644 968.001371383667 858.868624210358 997.733451843262 787.312450408936 1121.87182998657 843.864540100098 841.1923828125 748.882217407227 757.885513305664 805.152252197266 748.11442565918 1377.91979980469 1474.17444610596 1315.62350845337 895.430477261543 848.982021331787 810.851066589355 835.144954681396 889.234998703003 780.831665039062 1036.90180206299 871.767387390137 724.809121131897 826.161865234375 378.247512817383 523.00163269043 563.184364318848 658.70027923584 1202.34658145905 810.183372497559 824.628898620605 692.76908493042 871.413397073746
798.971487998962 808.825706481934 876.008346557617 820.706399917603 739.999633789062 1100.08572387695 778.114356994629 806.377624511719 914.654885292053 1101.85474395752 928.353675842285 1203.07379150391 1481.71243953705 935.553552627563 769.607559204102 854.65637588501 836.009521484375 891.727130889893 1122.8611125946 1209.07802963257 760.318630218506 899.485015869141 1195.32628536224 1173.31103515625 954.279357910156 860.056793212891 817.789497375488 691.101852416992 963.358947753906 818.656143188477 946.618934631348 947.208860397339 780.49941444397 718.175048828125 859.916881561279 825.956592559814 759.725250244141 1008.88204193115 984.649864196777 854.374062538147 984.389236450195 713.305000305176 693.625816345215 669.678870201111 823.747165679932 1131.97289276123 874.726623535156 1010.70455932617 1068.29141235352 978.806289672852
864.352208137512 1099.02461242676 1595.10746765137 1099.67678833008 1118.54447937012 1009.38566589355 823.834533691406 1155.61264419556 2039.60913419724 833.988464355469 1255.44114685059 843.200084686279 1169.54204940796 866.570014953613 955.432302474976 1150.95217895508 921.808521270752 825.686779022217 921.169303894043 857.17399597168 943.250648498535 1129.3943862915 738.129867553711 747.812454223633 751.154640197754 751.560535430908 884.112640380859 820.11199760437 888.268123626709 863.7151222229 878.040812969208 923.767807006836 806.588489532471 835.253814697266 873.898289680481 870.902339935303 984.227424621582 728.522869348526 718.923362731934 861.890918731689 848.398226737976 779.269872665405 654.715171813965 729.620515823364 922.963745117188 733.154052734375 862.110008239746 917.478210449219 993.051094055176 800.776763916016
844.256782531738 1053.38691711426 951.259742736816 931.183166503906 975.17360496521 1310.82349395752 1646.64101600647 1177.84894752502 994.822334289551 791.881443023682 1093.60653686523 720.317672729492 970.151176452637 931.784233093262 929.384986877441 1148.44835281372 830.040351867676 910.318199157715 751.232494354248 896.836311340332 1261.43489074707 1084.21463012695 745.121528625488 753.897529602051 768.90389251709 933.584320068359 864.073364257812 684.2638463974 841.174369812012 947.952735900879 1044.42916870117 931.165084838867 861.358793258667 802.769439697266 698.825576782227 665.863098144531 914.891336679459 762.958969116211 870.81266784668 898.443183898926 944.212829589844 701.522769927979 701.684295654297 588.611042976379 680.363101959229 628.802589416504 841.177850723267 814.502159118652 947.051696777344 753.125036716461
604.395751953125 1177.53998565674 1167.04772186279 794.654891967773 1012.70639801025 901.438552856445 999.111884355545 1488.12236022949 1500.84464645386 733.10774230957 621.747787475586 1285.46558380127 954.344802856445 1140.97452449799 1109.73476028442 1084.37590026855 1193.09873962402 912.118543624878 1671.87675094604 1554.50720214844 1024.70122528076 1022.77940368652 835.36118221283 711.400939941406 758.920585632324 826.462287902832 707.822418212891 849.474639892578 633.679748535156 896.063289642334 1051.35340118408 979.51252746582 979.468200683594 874.59400177002 896.651438713074 773.349269866943 848.002483844757 807.104835510254 845.302474975586 791.744522094727 984.641189575195 893.26037478447 835.715042114258 699.454783439636 645.946144104004 607.898445129395 800.009986877441 798.996644973755 861.800499916077 1098.42897796631
733.727739334106 541.453247070312 766.567066192627 981.591331481934 1158.89810943604 890.697128295898 667.084060668945 1162.71255493164 1546.1634979248 681.470092773438 1078.60917663574 809.119117736816 882.632965087891 713.033477783203 978.159212589264 1281.05519104004 1049.75918579102 1023.58954620361 1270.72549819946 1131.40287399292 1283.01557731628 861.568588256836 1007.99235534668 788.327308654785 780.099105834961 790.926490783691 812.671913146973 752.077781677246 724.313613891602 855.769554138184 949.996086120605 869.204856872559 853.603573799133 854.841858863831 894.48804473877 718.572402954102 828.413500785828 811.769186019897 1059.61485290527 761.052753448486 630.693695068359 761.05163192749 785.949435710907 717.039663314819 803.152374267578 681.778195858002 799.722604751587 980.549873352051 951.675573348999 977.555793762207
