simdem/realisation74.asc
NCOLS 350 
NROWS 171 
XLLCORNER 152620 
YLLCORNER 418050 
CELLSIZE 100 
NODATA_value -9999 
[rows 0 to 21 of 171, columns 150 to 199 of 350]
756.275543212891 829.827239990234 878.115745544434 -9999 -9999 -9999 -9999 -9999 -9999 -9999 -9999 -9999 -9999 -9999 -9999 -9999 -9999 -9999 -9999 -9999 -9999 -9999 -9999 -9999 -9999 -9999 -9999 -9999 -9999 -9999 -9999 -9999 -9999 -9999 -9999 -9999 -9999 -9999 -9999 -9999 -9999 -9999 -9999 -9999 -9999 -9999 -9999 -9999 -9999 -9999
765.161926269531 728.195190429688 788.102006912231 713.379013061523 762.234797477722 686.310613632202 643.408353805542 -9999 -9999 -9999 -9999 -9999 -9999 -9999 -9999 -9999 -9999 -9999 -9999 -9999 -9999 -9999 -9999 -9999 -9999 -9999 -9999 -9999 -9999 -9999 -9999 -9999 -9999 -9999 -9999 -9999 -9999 -9999 -9999 -9999 -9999 -9999 -9999 -9999 -9999 -9999 -9999 -9999 -9999 -9999
535.576838493347 653.313957214355 769.608657836914 684.688018798828 733.470497131348 784.127136230469 589.151916503906 689.636659622192 764.455638885498 743.601139068604 705.633079528809 790.740258693695 977.582412719727 1001.88302612305 -9999 -9999 -9999 -9999 -9999 -9999 -9999 -9999 -9999 -9999 -9999 -9999 -9999 -9999 -9999 -9999 -9999 -9999 -9999 -9999 -9999 -9999 -9999 -9999 -9999 -9999 -9999 -9999 -9999 -9999 -9999 -9999 -9999 -9999 -9999 -9999
550.157110214233 558.190329551697 698.55104637146 593.300880432129 651.888488769531 842.703857421875 585.566833496094 1013.34476089478 873.507743835449 825.40461730957 758.143360137939 764.076101303101 974.802291870117 778.272172927856 598.474925994873 463.91943359375 794.837739944458 892.010772228241 880.83672618866 846.107460021973 934.105819702148 881.47029876709 846.304575920105 742.911689758301 727.333301544189 664.244209289551 743.876354217529 820.243858337402 658.554206848145 832.855611801147 767.742267608643 807.472812652588 801.658897399902 867.281779289246 855.958171844482 -9999 -9999 -9999 -9999 -9999 -9999 -9999 -9999 -9999 -9999 -9999 -9999 -9999 -9999 -9999
1104.43976974487 641.575531005859 638.16520690918 946.088626861572 1031.65413665771 1081.30278396606 1028.06231689453 988.645210266113 1017.58233261108 1030.08054924011 1053.47732543945 551.640037536621 957.977890014648 820.437294006348 720.451522827148 611.254192352295 673.539608001709 793.841454982758 924.181533813477 675.105752944946 874.955574035645 889.314029693604 752.157936096191 654.019683837891 733.578262329102 688.314178466797 738.707536697388 732.757289886475 528.962341308594 720.83895111084 792.540103912354 920.049167633057 719.945510864258 603.545211791992 657.579193115234 806.128761291504 690.801822662354 645.466133117676 924.904792785645 902.578683853149 602.806003570557 712.471584320068 662.249589443207 643.235166549683 685.943511962891 848.855392456055 811.057109832764 774.392882347107 778.870676040649 797.45149230957
993.874183654785 686.376314163208 872.335418701172 1088.55072021484 1099.30787658691 977.821075439453 936.667057991028 962.340218544006 1036.82706069946 841.018157958984 829.697204589844 498.957672119141 615.567047119141 463.993053436279 697.915395736694 671.58763885498 672.336025238037 777.773345947266 710.816188812256 697.239723205566 655.059265136719 570.693817138672 624.773666381836 611.025337219238 672.917192459106 635.9827003479 426.083312988281 512.724243164062 477.996948242188 526.103179931641 620.409118652344 847.623764038086 952.103851318359 672.778747558594 613.048408508301 782.336059570312 858.400146484375 972.970687866211 949.230484008789 843.826595306396 797.870616912842 539.019287109375 415.020706176758 521.897521972656 619.66822052002 786.164726257324 840.341796875 681.297475814819 825.633544921875 582.963455200195
1141.02511882782 1237.8448638916 796.116313934326 748.860984802246 935.396858215332 924.981758117676 899.865081787109 859.845291137695 846.801666259766 903.860107421875 815.086364746094 518.038497924805 616.468719482422 573.830745697021 685.32315826416 799.934875488281 694.20389175415 675.3542137146 728.158790588379 761.704219341278 617.946235656738 642.231117248535 710.00842666626 606.293144226074 756.080505371094 660.202749252319 470.319961547852 598.368671417236 490.7568359375 598.716003417969 623.625747680664 814.080749511719 725.354103088379 566.691566467285 637.950454711914 969.610229492188 980.663467407227 881.841644287109 1111.43252563477 881.775268435478 783.440803527832 649.657699584961 423.39404296875 557.560813903809 651.80922794342 725.493988037109 611.827541351318 797.636459350586 788.520614624023 752.224523544312
1290.64714050293 859.575347900391 644.588150024414 617.270004272461 992.191394805908 918.521011352539 944.360908508301 718.973937988281 847.272186279297 808.804077148438 916.317184448242 675.507598876953 880.348159790039 626.140464782715 863.368011474609 883.277736663818 797.085273742676 534.964263916016 781.988809585571 694.665565490723 955.922549247742 1007.47289466858 777.62820649147 771.453113555908 665.987632751465 767.297210693359 713.756622314453 743.182716369629 587.52857208252 806.666957855225 677.946220397949 650.438972473145 619.327911376953 610.590385437012 666.877990722656 940.704467773438 899.591579437256 940.290397644043 1064.9909362793 996.62816619873 717.889198303223 588.922714233398 630.520233154297 740.707420349121 752.108741760254 741.239349365234 870.223468780518 834.860992431641 793.706581115723 655.91136932373
744.204345703125 797.110710144043 744.002502441406 739.230393409729 1024.45297241211 703.428100585938 895.766128540039 755.380798339844 898.553497314453 941.881088256836 795.331371307373 814.45382976532 655.554523468018 844.132083892822 838.190902709961 740.8932762146 753.218193054199 732.813079833984 829.69762802124 906.257740020752 1233.51667785645 1126.75519037247 877.548076987267 823.467632293701 777.64359664917 796.393129348755 776.601966977119 981.043731689453 788.172780036926 888.437741279602 867.291967391968 708.394012451172 687.473815917969 794.168486818671 792.207063674927 924.283065319061 1012.96543884277 940.534208297729 991.398380279541 941.712768554688 928.025844097137 702.011749267578 606.10173034668 696.494750976562 788.051296234131 787.552230834961 939.250701904297 826.635272979736 549.480407714844 653.300231933594
604.114238739014 711.347395658493 632.644077301025 606.159645080566 615.918544769287 730.357604980469 292.892211914062 462.363876342773 576.123481750488 615.731674194336 571.486099243164 791.834297180176 667.591995239258 871.474060058594 1032.81494140625 978.555236816406 964.575286865234 678.637859344482 947.598701477051 993.326477050781 1141.9201965332 1036.80738830566 1142.48265838623 1070.1788482666 802.670185089111 874.638900756836 809.59676361084 723.801678776741 739.921939849854 646.482973098755 885.643516540527 869.125434875488 700.19469833374 606.223510742188 720.242282867432 831.153617858887 939.782525062561 954.604425907135 953.238340377808 980.049368377775 789.855171203613 717.754020690918 712.78205871582 790.640789031982 941.109791994095 922.046680450439 859.73454284668 971.820724487305 853.859130859375 864.728728055954
651.650077819824 665.828659057617 710.788829803467 568.947654724121 496.967422485352 491.02033996582 519.866325378418 460.694358825684 529.771270751953 538.637954711914 618.713134765625 667.703517913818 568.05012512207 780.549295425415 556.815536499023 1007.56931304932 992.511337280273 827.882591247559 1193.01920509338 980.988311767578 1202.42042541504 1044.35749053955 647.349945068359 1029.15080833435 916.655643463135 1199.12335205078 606.256683349609 684.866279602051 619.328425228596 524.445892333984 695.726417541504 646.520881652832 549.0244140625 366.356399536133 607.435188293457 712.943565368652 790.138191223145 763.482528686523 799.427345275879 816.060924530029 628.534885406494 494.718170166016 697.396133422852 873.923263549805 709.149917602539 1157.86559295654 873.542274475098 1289.73340034485 1272.40835952759 856.325210571289
697.078075408936 663.341662883759 709.14764213562 648.907218933105 489.498123168945 486.254943847656 530.465240478516 572.657735824585 608.426170349121 631.951228141785 462.153755187988 595.957843780518 600.808692932129 1011.75750923157 829.445672035217 683.995029449463 701.520385742188 746.291625976562 976.136707305908 733.462596893311 672.680267333984 1018.86497497559 716.90486907959 822.283890724182 878.029592514038 797.453149795532 1344.5139541626 1276.79487228394 988.782493591309 1227.58267211914 1274.24938964844 842.201198577881 565.03125 350.606811523438 483.151039123535 713.9011926651 688.639663696289 693.945831298828 565.888534545898 578.355270385742 799.033029556274 788.825150489807 846.140155792236 682.684316635132 635.854808807373 669.738983154297 632.584564208984 811.104588508606 1126.72422027588 895.102897644043
707.551734924316 625.991346359253 732.096977233887 613.550691604614 561.487396240234 611.283813476562 694.995933532715 696.750244140625 760.55297088623 751.578125 723.102996826172 580.268379211426 1205.71183776855 825.647369384766 904.659688949585 438.988891601562 625.247524261475 878.066528320312 988.222248077393 667.536415100098 726.736843109131 905.102035522461 572.740844726562 761.76619720459 832.235967636108 844.906007766724 1163.4730758667 1413.23111343384 647.588897705078 859.940856933594 1055.84062194824 789.605621337891 629.502014160156 598.774391174316 620.369102478027 744.343654632568 873.139524459839 841.209594726562 856.591461181641 775.541412353516 695.674118041992 676.900165557861 704.419342041016 710.335640907288 773.347229003906 808.656669616699 657.068672180176 696.019805908203 780.218585968018 799.282651901245
563.936851501465 440.237854003906 652.404949188232 1186.88859272003 1030.41381835938 1104.51315307617 813.530349731445 551.598350524902 654.295377731323 636.245338439941 602.497749328613 658.364085197449 530.511444091797 580.957679748535 834.753135681152 527.609840393066 636.645606994629 614.950813293457 753.321071624756 700.084362030029 781.975780487061 692.273452758789 888.702560424805 758.055023193359 728.105819702148 855.579727172852 844.645805358887 766.044464111328 777.658752441406 548.339721679688 944.321105957031 583.566116333008 488.913307189941 573.616744995117 715.443027496338 823.132713317871 923.587944030762 836.118782043457 665.926753997803 811.781539916992 750.319301605225 636.660079956055 767.748888015747 793.084098815918 743.323727607727 696.492349624634 654.61930847168 946.991216182709 1161.5877532959 1040.24423217773
1113.26229476929 704.363746643066 588.447687625885 652.024059295654 569.428901672363 577.111019134521 621.573951721191 608.20601272583 659.086778879166 698.89623260498 576.618362426758 517.205017089844 544.347686767578 654.469417572021 1003.78746032715 604.200439453125 515.037460327148 565.437931060791 925.758983612061 920.567306518555 739.455680847168 766.073432922363 944.911724090576 751.237889289856 783.482223510742 726.312744140625 1125.17643737793 1017.06934356689 857.385528564453 523.539047241211 545.133178710938 998.679050445557 1152.92436218262 633.697616577148 743.854339599609 791.500770568848 732.25728225708 663.19359588623 601.92885017395 843.499069213867 762.426963806152 691.771434783936 730.906360626221 842.842956542969 745.608001708984 654.111789703369 760.962211847305 550.079986572266 938.067904472351 606.235221862793
676.005599975586 647.84646987915 582.959741592407 583.870391845703 590.75341796875 566.088760375977 667.340309143066 836.564880371094 616.13610458374 570.553146362305 588.327590942383 490.833740234375 390.874267578125 1120.72605895996 656.584564208984 847.681259155273 647.617172241211 878.698989868164 765.844570159912 1335.93972015381 1299.49606323242 999.232849121094 1387.31283187866 763.637744903564 904.95409488678 819.491718292236 1112.77274703979 1041.23962402344 910.040967941284 839.794416427612 734.596477508545 684.261100769043 735.923706054688 671.392860412598 605.982940673828 797.835764408112 747.008972167969 693.132949829102 692.006530761719 747.236434936523 782.060394287109 838.353561401367 710.239985466003 532.608123779297 665.266275286674 696.466064453125 558.992126464844 609.211658477783 759.735069274902 611.260246276855
511.52751159668 519.096282958984 563.404651641846 642.642108917236 550.193626403809 559.891136169434 690.796741485596 620.100593566895 782.533935546875 650.79691696167 620.760486602783 570.446432113647 1433.27360534668 1409.50707244873 721.202583312988 763.208374023438 603.33137512207 502.220458984375 648.15372467041 740.326950073242 1163.84171295166 803.37727355957 876.585948944092 577.712799072266 671.012054443359 755.696060180664 1902.23247909546 1120.80057430267 966.448459625244 634.901718139648 714.272262573242 650.222480773926 710.771914958954 1272.55993843079 806.427659988403 786.481472015381 654.247436523438 817.611724853516 1321.00902557373 783.506973266602 712.8088722229 854.393569946289 818.946548461914 839.164165496826 1149.34063339233 678.003814697266 694.902450561523 569.161560058594 645.923461914062 792.277370452881
419.761245727539 564.809345245361 602.444773674011 604.200526237488 543.928482055664 661.702892303467 671.166297912598 607.70337677002 701.514965057373 731.140274047852 787.292419433594 624.34627532959 660.902603626251 659.687147140503 579.56526184082 769.195648193359 575.950531005859 437.901306152344 545.123153686523 605.49585723877 704.424799919128 736.753484725952 832.118995666504 828.827486991882 691.909362792969 978.7978515625 687.719360351562 797.249092102051 736.863899230957 754.436996459961 628.868240356445 862.63410949707 967.137836456299 781.118530273438 1075.36107635498 711.608452796936 573.737243652344 628.053123474121 679.522119998932 805.127655029297 683.562767028809 789.192092895508 858.323020935059 767.460998535156 722.353446960449 691.592790603638 575.273864746094 691.729271888733 1090.17967987061 734.105094909668
702.262130737305 611.114562988281 558.539932250977 546.175064086914 547.245758056641 738.494186401367 1206.39637756348 932.190921783447 724.057518005371 639.657604217529 695.454727172852 680.72144317627 803.614952087402 667.193798065186 482.618392944336 873.819366455078 1019.2548828125 1044.14848327637 758.100105285645 779.877994537354 722.569269180298 739.915821075439 1027.21398162842 683.904300689697 1124.9311580658 683.71848487854 704.979118347168 640.58186340332 760.11891412735 917.271074295044 778.332942962646 765.034563064575 738.384346008301 696.617603302002 770.196342468262 1567.31504821777 673.350771903992 559.273635864258 685.41798210144 995.538108825684 803.930709838867 945.287548065186 836.519325256348 978.632598876953 926.118545532227 1098.34262084961 704.205474853516 579.841987609863 576.445625305176 469.406616210938
622.14991569519 717.308517456055 487.961479187012 529.140846252441 649.367879867554 648.335355758667 867.480369567871 586.530265808105 635.773963928223 661.428877353668 886.079153060913 722.328369140625 621.850028991699 621.197242736816 709.987125396729 643.907564163208 622.392357826233 653.853462219238 600.046340942383 542.234924316406 725.038551330566 783.183185577393 627.992462158203 770.005439758301 993.766658782959 881.366256713867 818.033187866211 888.071380615234 913.014976501465 844.261817932129 762.715902328491 735.830390930176 828.174942016602 728.220394134521 801.840671539307 767.610462188721 640.49517250061 646.936517715454 737.083812713623 695.819589614868 719.076816558838 437.200073242188 821.380638122559 627.130702495575 551.117248535156 543.471038818359 732.437057495117 561.607955932617 743.281867980957 541.715339660645
550.139041900635 528.569122314453 541.658424377441 498.243873596191 649.866756439209 622.43828868866 727.05936050415 819.410552978516 1315.18914985657 715.346565246582 624.862628936768 764.538247108459 643.641839027405 531.565826416016 639.20043182373 644.278210639954 560.634098052979 640.041442871094 801.758842468262 865.145011901855 849.802291870117 534.745849609375 555.758514404297 730.726898193359 817.307144165039 1046.42090606689 910.116386413574 726.625099182129 597.802024841309 857.871292114258 770.384414672852 707.570659637451 683.680772781372 731.883453369141 653.146757125854 662.80804681778 749.969385147095 691.210887908936 782.38404083252 591.854667663574 688.081731438637 881.604241371155 1113.12571716309 570.374481201172 640.046062469482 1165.99405288696 588.587059020996 529.797874450684 829.976165771484 939.270767211914
526.79044342041 538.763320922852 606.266565322876 562.375900268555 697.321300506592 652.828549861908 1038.53376707435 730.556785583496 649.833044052124 616.133955001831 594.019969940186 753.605434417725 648.531145095825 1096.35196685791 704.337542533875 666.38049697876 774.139038085938 521.536529541016 993.336456298828 725.253875732422 801.93180847168 1242.89064025879 1055.09830856323 617.824829101562 485.987274169922 859.08381652832 778.849487304688 873.880477905273 1608.16445922852 708.625183105469 809.156036376953 720.817154884338 629.49291229248 708.505012512207 655.276277780533 600.74528503418 539.607788085938 568.761596679688 727.413927555084 673.715637207031 743.373413085938 703.187424182892 709.207093238831 716.943588256836 709.784324645996 1228.2601852417 533.901344299316 610.903357505798 785.094367980957 811.119483947754
