simdem/realisation83.asc
NCOLS 350 
NROWS 171 
XLLCORNER 152620 
YLLCORNER 418050 
CELLSIZE 100 
NODATA_value -9999 
[rows 0 to 21 of 171, columns 150 to 199 of 350]
559.158470153809 599.767837524414 784.378852844238 -9999 -9999 -9999 -9999 -9999 -9999 -9999 -9999 -9999 -9999 -9999 -9999 -9999 -9999 -9999 -9999 -9999 -9999 -9999 -9999 -9999 -9999 -9999 -9999 -9999 -9999 -9999 -9999 -9999 -9999 -9999 -9999 -9999 -9999 -9999 -9999 -9999 -9999 -9999 -9999 -9999 -9999 -9999 -9999 -9999 -9999 -9999
722.264007568359 728.945835113525 884.549949645996 826.915409088135 951.083587646484 776.048309326172 698.505264282227 -9999 -9999 -9999 -9999 -9999 -9999 -9999 -9999 -9999 -9999 -9999 -9999 -9999 -9999 -9999 -9999 -9999 -9999 -9999 -9999 -9999 -9999 -9999 -9999 -9999 -9999 -9999 -9999 -9999 -9999 -9999 -9999 -9999 -9999 -9999 -9999 -9999 -9999 -9999 -9999 -9999 -9999 -9999
697.561676025391 687.562400817871 728.367527008057 760.795211791992 914.18229675293 892.879211425781 661.30876159668 662.125992774963 744.323791503906 735.684272766113 713.222770690918 748.916416168213 882.291448831558 791.835075378418 -9999 -9999 -9999 -9999 -9999 -9999 -9999 -9999 -9999 -9999 -9999 -9999 -9999 -9999 -9999 -9999 -9999 -9999 -9999 -9999 -9999 -9999 -9999 -9999 -9999 -9999 -9999 -9999 -9999 -9999 -9999 -9999 -9999 -9999 -9999 -9999
574.931255340576 565.352147817612 733.539207458496 682.46359539032 731.392436981201 794.666000366211 638.281478881836 780.915542602539 932.008995056152 945.286422729492 737.560691833496 783.934660434723 653.173217773438 662.442985534668 473.015327453613 540.305847167969 896.090217590332 1125.69309997559 946.057312011719 853.04598236084 891.954917907715 933.227630615234 941.449287414551 863.77326965332 882.492279052734 789.60620880127 798.568912506104 680.191368103027 824.224922180176 970.893493652344 999.408096313477 865.314576387405 817.517978668213 852.222075462341 673.530548095703 -9999 -9999 -9999 -9999 -9999 -9999 -9999 -9999 -9999 -9999 -9999 -9999 -9999 -9999 -9999
1073.18243789673 584.359046936035 671.968307495117 928.219349861145 1058.82113265991 978.651069641113 756.030166625977 778.584671020508 944.14013671875 930.764228820801 847.665084838867 516.199813842773 780.045463085175 724.712398529053 470.456100463867 399.113677978516 631.335578918457 942.940902709961 910.525039672852 652.022172927856 890.891036987305 952.718681335449 940.803375244141 989.879455566406 861.397232055664 852.631576538086 905.943008422852 768.075294494629 688.4772605896 956.329071044922 874.406425476074 926.052822113037 810.338069915771 741.931083679199 614.2919921875 730.508447647095 603.711296081543 534.988586425781 835.732200622559 1054.22608947754 820.775115966797 652.444457530975 616.037078857422 715.030899047852 692.852416992188 796.352088928223 800.969158172607 722.627410888672 752.404903411865 773.341247558594
962.155487060547 515.097686767578 793.897036552429 1139.65042877197 1330.3459777832 1020.12707901001 784.218383789062 776.44059753418 885.686637878418 967.956474304199 809.361770629883 384.626495361328 489.102035522461 468.550930023193 579.953659057617 504.488636016846 577.69580078125 861.562610626221 747.930946350098 690.841957092285 739.236615180969 798.737350463867 928.414947509766 826.279205322266 882.75520324707 887.621459960938 904.683731079102 668.944596290588 732.579574584961 759.751571655273 760.870878219604 847.015144348145 783.034286499023 694.809532165527 651.279750823975 603.435897827148 773.784126281738 906.910545349121 944.671463012695 993.114517211914 772.163993835449 539.305023193359 483.852294921875 623.228096008301 696.471382141113 795.682846069336 759.524726867676 608.830574035645 581.041748046875 700.07405090332
1069.89081573486 1134.25848197937 843.598246574402 834.1850502491 1002.17793941498 848.937805175781 825.204650878906 807.959259033203 964.599609375 983.200675964355 940.082244873047 746.474042892456 516.308029174805 304.481231689453 572.50178527832 614.030380249023 832.891265869141 723.190515518188 786.596494674683 795.586717605591 772.125915527344 787.839241027832 805.315525054932 701.828435897827 786.916885375977 830.735504150391 777.930282592773 649.015421867371 541.696273803711 736.062808990479 619.825790405273 788.268997192383 613.899223327637 660.473693847656 673.125316619873 750.354721069336 870.8375415802 868.786483764648 812.511806488037 918.966060638428 802.015542984009 692.618087768555 433.325790405273 534.460174560547 615.972011566162 795.115341186523 609.976852416992 624.949970245361 606.307769775391 747.977798461914
1150.50149965286 721.709678649902 902.260475158691 800.75651550293 817.258071899414 819.825973510742 724.07421875 732.25846862793 853.569107055664 842.583114624023 868.85888671875 581.613357543945 735.791778564453 528.483810424805 672.559188842773 880.705848693848 748.11464881897 755.042987823486 736.38543510437 758.871775150299 980.779214859009 967.297981262207 738.536491394043 692.571975708008 750.427085876465 755.918090820312 779.612312316895 746.569747924805 722.378093719482 828.11967086792 839.400985717773 739.834648609161 631.413948059082 685.97417640686 678.57187461853 758.419910430908 787.583526611328 677.259323120117 749.123428344727 790.8212890625 714.145629882812 602.12776184082 577.185775756836 645.454132080078 745.474411010742 861.995018959045 941.337718963623 735.985628128052 742.910538673401 669.226409912109
659.795082092285 573.103240966797 750.904556274414 802.938419342041 963.379257202148 643.969772338867 862.444442749023 784.648498535156 883.306655883789 931.344848632812 717.898071289062 638.098739624023 731.801380157471 720.61376953125 767.424209594727 731.997547149658 863.129272460938 904.02042388916 882.323190689087 951.204048156738 1203.96321105957 1296.54817199707 946.844741821289 848.461385726929 649.580291748047 824.74845123291 848.916732788086 919.698867797852 839.194763183594 938.763107299805 959.483489990234 819.465745925903 742.458660125732 874.044708251953 867.995239257812 1021.83233642578 887.254516601562 1038.21223449707 852.874465942383 891.697128295898 713.671295166016 759.519981384277 684.430892944336 772.066497802734 703.831924438477 732.004241943359 887.598321914673 800.391330718994 610.855812072754 772.911655426025
664.558435440063 735.73436164856 574.833976745605 597.686080932617 681.799600601196 730.807075500488 558.272789001465 547.309234619141 510.325759887695 575.498519897461 738.167188644409 727.015995025635 521.796447753906 696.385599136353 867.859081268311 1036.89279174805 1098.89964675903 726.032295227051 1082.94438934326 925.177619934082 1052.09483337402 1156.99464225769 1286.70287322998 1266.1156129837 748.564588546753 902.665328979492 705.280658721924 714.78790473938 742.521509170532 633.185697555542 937.368118286133 792.699066162109 800.395622253418 771.211862564087 814.267292022705 948.920505523682 1030.30962371826 936.392629623413 924.593086242676 862.78254699707 706.425659179688 830.946332931519 820.7424659729 840.938539266586 905.409679412842 1126.52937316895 1084.95180511475 963.838600158691 710.199974060059 849.526557922363
619.89395904541 618.828811645508 623.251434326172 632.289615631104 677.979613304138 541.961074829102 549.306037902832 404.398254394531 610.181617736816 579.764125823975 659.600856781006 771.879783630371 445.388595581055 728.118406295776 704.069972991943 984.050445556641 1092.58966350555 825.318790435791 1244.54445075989 924.619194030762 1017.73728179932 897.306716918945 789.915331840515 1095.09167098999 869.269050598145 1041.30863952637 668.826727867126 594.021783828735 616.931732416153 645.496803283691 787.068382263184 720.1457862854 784.529556274414 731.664855957031 780.755302429199 762.398250579834 748.543395996094 676.969833374023 719.798645019531 750.074203491211 608.119667053223 647.230968475342 849.039893627167 936.339136123657 723.530006408691 1166.19562149048 931.182464599609 1268.09461116791 1205.15892791748 1013.86871337891
604.044609069824 619.515117645264 700.794950962067 647.121086120605 586.447826385498 591.345497131348 595.560210704803 600.435689926147 666.29642868042 604.2669506073 629.941547393799 589.582328796387 612.802852630615 947.565277099609 770.259311676025 755.59725189209 754.826354980469 747.341499328613 813.778427124023 601.535079956055 593.970352172852 1115.64958190918 854.778739929199 794.981080055237 868.852045059204 734.699275970459 1269.63359689713 1188.34163665771 1040.34126663208 1195.80926895142 1174.24202728271 746.18909072876 841.983154296875 532.798625946045 638.89741897583 818.468574523926 809.258972167969 581.123504638672 437.538223266602 726.513599395752 791.792654037476 713.193740844727 646.635375976562 594.2451171875 685.185251235962 755.035305023193 868.943450927734 807.055020809174 1129.34033203125 1018.57366943359
659.160351753235 588.042853355408 734.795539855957 645.381507873535 763.696357727051 815.335033416748 642.388179779053 726.836853027344 647.915655136108 612.634063720703 757.701820373535 609.831493377686 1145.59533691406 830.257171630859 826.982086181641 660.114208221436 526.754425048828 680.953598022461 1017.48712062836 734.647663116455 707.633735656738 869.354644775391 659.630645751953 958.249038696289 681.06143951416 719.117149353027 1034.65800476074 1308.91841125488 572.927291870117 827.921676635742 1078.51040649414 899.217185974121 840.286094665527 607.846641540527 732.570442199707 1003.52995300293 1034.95120239258 767.454643249512 603.522026062012 637.928722381592 710.765674591064 691.315567016602 621.888488769531 589.155822753906 520.359466552734 789.110237121582 690.912700653076 707.538139343262 728.787790298462 910.856704711914
553.229400634766 617.869041442871 535.061241149902 1225.66129684448 1025.55422210693 1102.1684627533 987.015159606934 603.826454162598 620.208126068115 531.429718017578 672.490779876709 582.57982635498 629.089530944824 501.869293212891 883.718788146973 467.458694458008 324.795989990234 420.748565673828 673.285522460938 653.007637023926 719.252388000488 654.912605285645 905.832656860352 758.292068481445 771.067180633545 908.600755691528 758.119956970215 772.017478942871 785.372039794922 647.225738525391 1034.45230102539 656.838691711426 544.069259643555 571.594619750977 634.843650817871 994.968078613281 918.262718200684 758.122129440308 655.941200256348 637.236938476562 709.417691230774 721.822336196899 718.228233337402 731.100206971169 744.64940071106 635.490455627441 695.251388549805 906.834011077881 829.159408569336 788.063331604004
1106.53368854523 507.647308349609 582.090403556824 744.188804626465 777.157073974609 765.266777038574 592.46257019043 540.839538574219 673.801222801208 688.651008605957 690.102682113647 781.02465057373 697.92422580719 607.697380065918 1091.58097839355 490.061141967773 406.079254150391 390.703918457031 643.545349121094 580.095764160156 747.054012298584 790.527080535889 842.733245849609 798.276084899902 690.070465087891 703.489860534668 835.057205200195 739.937606811523 854.311172485352 521.694274902344 573.730285644531 923.838096618652 1226.58052062988 555.158416748047 736.850143432617 750.864280700684 786.259870529175 869.267738342285 574.091972351074 626.120468139648 653.36438369751 634.807464599609 674.727630615234 573.608993530273 676.123743057251 701.381492614746 787.365514755249 623.877944946289 843.653282165527 746.955995559692
782.166000366211 620.473100662231 605.54859495163 579.513355255127 601.806529998779 796.919769287109 768.211715698242 593.329429626465 660.904612541199 626.755348205566 681.032587051392 748.649932861328 847.405349731445 1210.86030960083 572.508819580078 725.766677856445 696.149547576904 859.469711303711 676.539001464844 1184.90460968018 1062.13398742676 1079.44989448786 1211.64405822754 546.96305847168 678.034790039062 780.782425880432 975.490211486816 864.916038513184 730.034301757812 828.757989883423 842.262321472168 672.881317138672 713.595420837402 758.495790481567 675.004249572754 651.913269042969 705.691806793213 823.698764801025 661.751319885254 600.40013885498 633.758464813232 636.116344451904 632.017784118652 617.987606048584 632.90354347229 662.057939819992 742.239227294922 736.506713867188 749.156496047974 709.666659355164
635.275835990906 598.77419257164 630.702362060547 536.923728942871 665.250411987305 647.342260360718 597.933437347412 684.119178771973 655.848804473877 634.251140594482 713.360767364502 698.744804382324 1597.60496520996 1463.19882965088 686.020484924316 669.281478881836 713.182090759277 680.533363342285 536.269973754883 542.876190185547 1058.88725280762 540.120971679688 676.114242553711 480.363815307617 508.386291503906 673.629020690918 1891.01173782349 1043.85235595703 911.30020904541 690.661022186279 939.859062194824 572.866012573242 672.514940261841 1280.77192306519 967.691772460938 737.91548538208 758.522989749908 1184.74578094482 1198.87169647217 714.586849212646 729.551536560059 615.488189697266 657.406066894531 812.07922744751 1171.61524951458 674.73575592041 819.558395385742 687.242399215698 631.191329956055 701.068017959595
789.74853515625 534.011344909668 578.835601806641 522.455909729004 565.701850891113 594.72745513916 677.700382232666 719.903099060059 836.063812255859 544.487319946289 654.681903362274 484.03751373291 643.130416870117 637.040096282959 471.029174804688 850.339263916016 505.763336181641 506.360321044922 477.493621826172 455.468368530273 678.213243484497 633.748390197754 613.918319702148 610.972747802734 615.358703613281 1011.53525543213 777.122100830078 908.855995178223 863.118873596191 958.37752532959 794.210689544678 946.409934163094 835.536117553711 686.98918223381 1054.97757720947 772.41975402832 656.25918006897 643.337493896484 640.157878875732 719.06696844101 614.575754165649 656.796417236328 747.380017280579 713.321563720703 764.768874168396 656.274158477783 583.566635131836 703.97775888443 1105.22358703613 808.160396575928
732.502464294434 664.464874267578 680.687774658203 591.384160995483 676.507667541504 606.405181586742 1264.56875610352 1048.15208435059 758.515663146973 707.0422706604 645.96998333931 609.94864654541 820.916526794434 754.092021942139 594.881034851074 1032.66714477539 1074.08798217773 1145.91972351074 846.626491546631 803.000877380371 643.071598052979 711.636566162109 977.754844665527 591.142181396484 1091.72846150398 611.739459991455 715.916458129883 801.926563262939 752.441102743149 904.10092830658 819.19996881485 771.014902114868 572.909675598145 559.60001373291 682.321447372437 1401.83198547363 713.761535644531 724.25235748291 565.401466369629 1045.63423442841 815.901840209961 876.193788528442 885.598167419434 960.919891357422 950.888977050781 1047.17784118652 640.381378173828 712.241653442383 628.162655830383 662.291408538818
597.70121884346 564.341823577881 608.813286066055 644.530818939209 896.942901611328 731.788307189941 913.34676361084 731.599746704102 655.365438461304 592.080276489258 828.486450195312 682.954214096069 814.506759643555 738.816003799438 710.906534194946 638.727766394615 502.827613830566 735.106232643127 572.993339538574 592.200820922852 771.15661239624 673.641723632812 718.701553344727 641.67350769043 706.049850463867 642.622817993164 726.628608703613 975.282367706299 954.048277854919 735.183157444 732.084480285645 764.431111097336 920.367658615112 626.151332855225 913.486846923828 889.580680847168 655.139157146215 691.425466537476 611.181198120117 623.04029083252 706.926070213318 567.712909698486 908.33310508728 532.638916015625 623.418237686157 486.333877563477 697.580093383789 545.317855834961 721.250453948975 590.681793212891
609.461078643799 513.817008972168 579.481689453125 556.786897659302 697.769134521484 678.096153259277 625.091796875 750.246536254883 1278.98176956177 604.584815979004 656.198019981384 688.364501953125 585.103805541992 545.064796447754 618.115268707275 586.722583770752 558.431823730469 783.646892547607 786.075164794922 804.925521850586 774.587127685547 599.372985839844 708.920043945312 765.05322265625 847.844779968262 884.555809020996 785.383563995361 679.119902610779 604.035018920898 768.179248809814 836.754531860352 744.175065040588 607.593276977539 710.172164916992 783.442047119141 641.439256668091 732.636156082153 799.759857177734 679.998716135975 637.513412475586 685.411736011505 970.734443664551 1240.45414543152 454.987518310547 677.920070171356 1152.1280708313 693.461757183075 660.923225402832 804.94261932373 1021.13784408569
595.676574707031 654.223276138306 552.59912109375 610.584098815918 566.449073791504 718.015937805176 969.780235290527 566.241504669189 651.207580566406 547.174385070801 655.490097999573 806.781105995178 491.720245361328 1060.05297088623 635.688537597656 730.279958724976 1098.96990966797 808.987045288086 1142.07704257965 786.143852233887 675.942443847656 1279.82460021973 959.344146728516 699.771957397461 518.460189819336 865.623306274414 746.161323547363 768.902370452881 1620.598944664 573.803718566895 632.571559906006 813.411422729492 583.996922969818 689.507545471191 648.085463523865 574.472259521484 529.394577026367 545.438682556152 767.276229858398 816.033958435059 752.358999252319 841.591827392578 609.078910827637 525.99462890625 583.31209564209 1173.91597747803 719.457695007324 643.947324752808 841.365966796875 707.201950073242
