simdem/realisation5.asc
NCOLS 350 
NROWS 171 
XLLCORNER 152620 
YLLCORNER 418050 
CELLSIZE 100 
NODATA_value -9999 
[rows 44 to 65 of 171, columns 250 to 299 of 350]
731.630241394043 776.634208679199 845.845008850098 715.493525028229 778.898010253906 890.682434082031 707.448881149292 638.455116271973 667.284141540527 712.960735321045 743.604555130005 838.12149810791 768.650772094727 782.196166992188 798.247882843018 807.932598114014 826.250823974609 750.534341096878 751.090728759766 867.576148986816 726.815210342407 782.557468414307 609.868103027344 723.724994659424 777.069835662842 802.393625259399 978.52091217041 644.216033935547 763.395141601562 890.918930053711 876.615612030029 854.136064529419 727.256103515625 817.641387939453 757.322071075439 870.919635772705 729.812320709229 929.109578609467 860.839107513428 898.224655151367 680.910446166992 768.559703826904 750.178195953369 782.273490905762 983.706497192383 932.437477111816 948.031272888184 981.665191650391 801.812601089478 780.871101379395
687.533229827881 777.932647705078 695.515333175659 715.764673858881 752.088466644287 705.451580047607 638.308120727539 733.384004592896 837.051704406738 806.333541870117 739.275074005127 678.882225036621 709.650784492493 764.628206253052 850.704299926758 867.848609924316 590.891387939453 716.579641342163 814.547660827637 874.271278381348 777.34016418457 730.010347366333 740.800012588501 701.310646057129 909.661296844482 747.798080444336 773.035221099854 801.651071548462 889.250137329102 1104.791015625 1041.43753814697 786.643577575684 902.273323059082 721.2236328125 698.465591430664 784.980079650879 954.202809333801 860.53630065918 1511.09429168701 1053.42537307739 791.86669921875 1149.37336730957 812.987678527832 850.438993453979 846.891355514526 1000.16098022461 1041.26768493652 982.15673828125 900.901126861572 820.183876037598
772.201522827148 794.048454284668 731.364818572998 757.80606842041 773.931282043457 799.907875061035 760.351989746094 842.389862060547 925.468673706055 885.74755859375 676.28108215332 685.182563781738 716.348297119141 722.141632080078 750.162413597107 756.805672645569 699.528671264648 808.624794006348 956.061454772949 725.262002944946 605.493637084961 632.126106262207 667.17520904541 765.226070404053 854.166465759277 1287.09455871582 700.044982910156 1254.98735809326 1360.92802429199 781.242668151855 905.305517196655 772.21434211731 880.258295059204 717.77815246582 1074.68916320801 1528.16938781738 1326.61949157715 829.202680587769 1480.30027770996 1422.87335968018 816.471618652344 785.010848999023 1033.67097854614 809.360553741455 1038.93123245239 1048.40228271484 1527.73705673218 932.997047424316 937.352367401123 750.074676513672
632.918304443359 784.14266204834 761.813972473145 807.844482421875 770.180679321289 801.481185913086 664.837833404541 680.484462738037 844.893768310547 744.52537727356 701.266124725342 814.142448425293 660.078201293945 660.486248016357 689.703231811523 698.973724365234 748.13991355896 744.600635528564 818.06872177124 802.482028961182 745.748857498169 690.577239990234 705.931982040405 834.774826049805 593.942855834961 903.7734375 697.820434570312 1056.95193481445 1034.5998916626 1404.44580841064 930.025434970856 787.187019348145 834.272369384766 1209.9528503418 825.641067504883 1155.64003753662 1321.45169258118 871.264701843262 1246.33086395264 1059.21305704117 764.426891326904 723.22093963623 1120.67813110352 807.874923706055 920.347389221191 958.898319244385 809.393257141113 834.666934967041 957.738014221191 821.317420959473
694.425182342529 706.299247741699 745.035625457764 814.975044250488 782.640129089355 807.448829650879 653.047981262207 625.241607666016 696.577789306641 838.095977783203 876.18864440918 679.079246520996 678.403388977051 786.243000030518 788.961761474609 719.069561004639 649.030296325684 886.577072143555 741.62105846405 729.520462036133 747.035091400146 712.126049041748 923.853759765625 861.624008178711 778.162563800812 602.154693603516 566.853408813477 845.049289703369 619.65559387207 1033.41409301758 1249.90231323242 684.802032470703 868.029201507568 920.720279693604 875.473121643066 868.83374786377 1189.50335976481 917.877998352051 1788.75772857666 1072.34189224243 801.355506896973 709.202003479004 1045.90171051025 852.792770385742 742.263916015625 944.336975097656 811.527099609375 1868.67309570312 672.140747070312 849.667350769043
614.994354248047 708.191096127033 751.28702545166 799.456474304199 804.801834106445 716.583758831024 650.590244293213 654.373443603516 645.846092224121 630.927993774414 741.674394607544 672.310699462891 601.012542724609 696.908084869385 700.752382278442 657.61018371582 721.787600517273 784.324348449707 735.562822341919 775.245681762695 739.49921888113 766.944869995117 893.689804077148 846.183624267578 868.592742919922 1079.20596313477 782.274841308594 936.011726379395 850.539215087891 833.025789260864 899.135303497314 883.27352142334 774.159912109375 689.715492248535 1493.52416992188 744.027351379395 808.381261825562 787.896896362305 1011.65915679932 678.039909362793 815.415573120117 899.066084861755 938.069236755371 1051.79476833344 700.450531005859 776.864097595215 677.087585449219 769.643035888672 672.688491821289 800.431436538696
662.007545471191 659.618556976318 690.909494876862 734.013656616211 881.853927612305 759.711559295654 631.364837646484 740.727489471436 623.138366699219 634.503322601318 707.428608894348 629.817066192627 613.60432434082 710.435398101807 744.573243141174 690.531206130981 668.932910919189 647.486892700195 756.126667022705 763.614429473877 691.578742980957 825.584560394287 870.3134765625 734.929840087891 817.269109725952 727.917675018311 865.790412902832 967.209351062775 648.178970336914 871.844501495361 1173.67254638672 988.530517578125 642.772430419922 777.530853271484 923.453939437866 797.552059173584 814.914091587067 1257.25028419495 898.364822387695 1171.224609375 1268.78554534912 841.706909179688 773.153385162354 885.4453125 833.309547424316 885.127814292908 891.677270889282 1146.78417205811 1055.77579593658 805.005158424377
412.474395751953 479.245498657227 648.001365661621 685.903560638428 730.713916063309 744.965435028076 784.167091369629 648.266952514648 579.632751464844 657.679862976074 710.188652992249 752.932680606842 725.941844940186 743.045587539673 643.236213684082 677.613464355469 590.614059448242 684.985786437988 758.195812225342 675.352199554443 816.027709960938 707.458869934082 637.270950317383 623.842025756836 887.270286560059 937.210426330566 907.796340942383 743.298728942871 644.927230834961 772.337707519531 1070.35805511475 972.256576538086 782.364227294922 1257.4344329834 1104.11923599243 908.645010948181 740.882957458496 877.878904342651 882.972766876221 964.449466705322 1030.92044067383 893.475387573242 912.117713928223 913.737300872803 900.311117172241 831.006852149963 1035.69116210938 745.128219604492 918.115379333496 946.63591003418
689.407562255859 352.13232421875 664.71639251709 597.752380371094 632.15230178833 622.148963928223 684.660001754761 772.080863952637 687.472244262695 751.810461044312 702.476709365845 585.38215637207 763.870548248291 743.455326080322 701.492950439453 720.096323013306 779.495586395264 944.28874206543 669.095668792725 755.12037563324 853.131980895996 728.566547393799 805.81957244873 593.096649169922 701.27661895752 868.418106079102 793.538208007812 730.085792541504 695.997711181641 763.307693481445 544.860198974609 607.762344360352 757.14794921875 1228.05706787109 661.973892211914 706.458106994629 1037.624168396 585.680557250977 955.778125762939 1008.41388702393 883.52982711792 871.120666503906 946.036720275879 826.961555480957 745.723167419434 901.139488220215 1247.90804481506 770.857574462891 906.779232025146 896.269409179688
456.220031738281 862.17520904541 806.203247070312 674.472482681274 630.240135192871 606.390342712402 757.749500274658 809.751609802246 746.72961807251 801.073448181152 1139.75868225098 691.826282501221 672.104919433594 679.251811981201 742.547790527344 1028.35307312012 745.758497238159 642.639236450195 704.219680786133 1517.61943054199 996.623378753662 645.0927734375 643.273483276367 1186.29501342773 780.850738525391 697.609664916992 711.42650604248 853.088634490967 635.388641357422 783.439809799194 815.696956634521 891.068481445312 643.072387695312 670.974395751953 427.692901611328 1196.14070129395 876.586395263672 751.361999511719 672.696746826172 662.618072509766 1121.79388427734 837.372619628906 824.379415512085 827.591598510742 853.759185791016 785.175703048706 831.615337371826 772.449813842773 922.883926391602 873.938274383545
507.448699951172 660.481979370117 643.204109191895 665.398701667786 729.028741836548 836.935953140259 627.755531311035 505.054275512695 726.569789886475 725.583511352539 820.641647338867 1499.67503547668 761.366264343262 1013.70520019531 1004.67676544189 1565.13732910156 480.955322265625 790.355895996094 911.541835784912 670.350639343262 537.932983398438 394.388397216797 476.791778564453 695.650604248047 715.184753417969 765.128684997559 784.232481479645 846.856826782227 686.380981445312 752.97974395752 628.869918823242 707.082908630371 1072.45417022705 748.491806030273 829.707946777344 934.299018859863 1236.75799560547 731.382781982422 676.707443237305 707.077850341797 972.427555084229 795.060844421387 750.910642623901 863.0986328125 945.098907470703 819.679745674133 789.637996673584 888.117803573608 801.887706756592 835.233173370361
562.713356018066 704.060125350952 826.650131225586 710.557186126709 704.722392082214 756.274108886719 710.551410675049 1161.38626098633 630.982604980469 780.567962646484 701.731121063232 720.634906768799 662.223579406738 683.547904968262 680.36780166626 1660.52954483032 692.181930541992 1202.29620361328 706.210983276367 618.542419433594 1270.65621948242 943.511596679688 1602.35153198242 900.574630737305 1041.82245635986 1136.33323669434 761.069835662842 718.927265167236 759.963138580322 693.659362792969 978.989477157593 731.378589630127 766.444024324417 785.148746490479 1037.26000976562 655.714660644531 1053.10311889648 920.577590942383 607.421295166016 1198.63202667236 1332.14645004272 826.590408325195 1445.09032440186 770.210720062256 766.579540252686 801.57884979248 781.447936058044 736.570816040039 707.398178100586 663.780715942383
726.709545135498 690.088221549988 706.378025054932 553.272964477539 717.589660644531 677.504375934601 645.179431915283 606.523986816406 599.884300231934 671.585214614868 708.240413665771 676.626045227051 812.450914382935 716.21524810791 826.206199645996 762.836402416229 967.855533599854 694.542602539062 680.795722961426 684.200309753418 658.174423217773 511.243438720703 1688.6164855957 1902.49673461914 849.176922798157 813.30485534668 789.213714599609 805.254710197449 768.624353408813 772.018062591553 823.04508972168 823.710834503174 786.016506195068 811.028701782227 645.915939331055 768.79051399231 570.093170166016 985.62971496582 844.094497680664 1150.53393554688 684.265327453613 782.719665527344 731.340221405029 843.137020111084 826.911219596863 963.082946777344 807.837484359741 728.456855773926 432.805786132812 789.907623291016
608.307662963867 719.174724578857 694.897043228149 557.501937866211 585.378684997559 653.060691833496 649.937213897705 595.997215270996 623.96312713623 617.713291168213 650.107263565063 562.555068969727 772.586082458496 820.700607299805 768.603157043457 665.47244644165 659.78955078125 682.93334197998 853.440183639526 667.855781555176 747.774444580078 747.437688827515 1221.43262863159 594.747917175293 740.74617767334 794.365272521973 709.702239990234 616.02326965332 662.856491088867 772.015701293945 762.348846435547 799.53028678894 695.046340942383 863.592002868652 918.119155883789 1367.38347601891 869.192071914673 831.425888061523 703.21085357666 576.728744506836 582.578094482422 984.001113891602 937.634017944336 926.343276977539 982.568389892578 865.17350769043 789.515604019165 728.121276855469 340.974029541016 819.121276855469
774.562034606934 616.805187225342 708.937253713608 617.695022583008 686.921042203903 595.919914245605 706.837803840637 762.975082397461 602.678588867188 652.063411712646 616.588836669922 621.291534423828 759.376850128174 835.710708618164 839.984313964844 651.566576004028 587.368713378906 727.533602714539 727.214561462402 611.937149047852 771.295318603516 685.835338592529 1062.07122039795 589.041595458984 1055.43656158447 758.565994262695 851.513557434082 617.27490234375 698.650901794434 811.087684631348 769.040458679199 582.671051025391 602.054977416992 955.859426498413 601.949188232422 825.087726593018 928.269760131836 895.9172706604 814.469027042389 778.70450592041 904.914682388306 864.805515289307 996.305252075195 677.645698547363 849.198108673096 915.047286987305 866.727996826172 721.069892883301 821.397186279297 1940.14489746094
674.544730186462 637.585750579834 546.405990600586 642.727714538574 763.33194732666 711.890716552734 613.780349731445 618.510246276855 733.60177230835 583.843635559082 627.787292480469 678.854386329651 699.59276008606 675.655776977539 659.635326385498 685.375972747803 713.011194229126 627.701148986816 664.396141052246 926.022216796875 571.848983764648 787.417900085449 704.787033081055 740.029804229736 796.107036590576 700.351745605469 671.898456573486 731.480415344238 653.89518737793 615.478729248047 719.374389648438 554.812942504883 505.363861083984 773.100070238113 746.060138463974 715.275003433228 698.558525085449 768.583938598633 911.584785461426 910.073692321777 736.542320251465 933.099716186523 715.07999420166 777.646145373583 771.152694702148 703.451530456543 851.280944824219 735.33988571167 1298.34814453125 1571.85366821289
586.643920898438 668.239332199097 546.124710083008 618.862743377686 708.718402862549 663.325408935547 590.71891784668 486.451156616211 636.212429046631 618.50399017334 739.561870574951 723.734951019287 838.042694091797 750.423511505127 639.184825897217 731.963527679443 777.490135192871 674.119953155518 709.664276599884 742.05590057373 1083.9645690918 1049.33596801758 633.57893371582 565.969284057617 593.297988891602 714.498596191406 860.34268951416 773.388771057129 692.769920349121 826.737617492676 661.658302307129 694.851093292236 492.110946655273 598.129615783691 671.535659790039 687.877258300781 661.293533325195 734.798416614532 1102.43576908112 659.019264221191 776.912100791931 927.977279663086 999.331161499023 687.61270904541 778.478873729706 650.300415039062 692.124450683594 677.53840637207 676.029418945312 1412.90746879578
611.060314178467 646.942023992538 655.114141464233 694.055504798889 600.03889465332 764.277404785156 687.42156124115 575.720306396484 552.922180175781 614.881809234619 676.283983230591 786.938354492188 778.2138671875 785.027328491211 856.354293823242 752.913074493408 684.197727203369 648.965255737305 621.536643981934 699.138747215271 698.070643424988 667.824920654297 663.514938354492 651.068515777588 689.36323928833 745.090370178223 756.866847991943 713.71452331543 682.884088516235 1122.30536651611 818.697792053223 694.894393920898 558.290069580078 733.124885082245 793.660987854004 797.12219619751 833.93660736084 719.947128295898 460.087249755859 590.707183837891 688.32107925415 855.344039916992 863.439956665039 902.91374206543 834.441558837891 749.848140716553 729.655502319336 745.252517700195 652.302719116211 674.769638061523
718.495094299316 703.877128601074 774.678901672363 720.189956665039 700.173385620117 810.393295288086 651.345500946045 601.340782165527 526.365859985352 695.307030677795 779.700912475586 760.17839050293 605.456573486328 653.468517303467 645.841556549072 653.085094451904 765.991714477539 632.169139862061 679.731397628784 750.795803070068 740.919448852539 569.104187011719 626.092803955078 518.532104492188 718.32689666748 837.773559570312 784.779880523682 689.191188812256 827.279079437256 904.591361999512 766.432788848877 681.79341506958 650.143829345703 615.068519592285 807.32950592041 840.170333862305 796.321403503418 659.751441955566 673.474426269531 645.262229919434 821.229774475098 832.698516845703 754.55432510376 805.831483840942 810.122798919678 676.198677062988 738.452812194824 828.3703956604 698.438705444336 778.566597700119
741.145774841309 741.350593566895 768.191787719727 724.405284881592 781.519226074219 727.555992126465 630.138021469116 572.713790893555 718.458040237427 686.552460670471 788.154891967773 703.417085647583 697.89722442627 584.308654785156 491.887924194336 667.914741516113 625.534454345703 731.208343505859 480.891845703125 765.865859985352 676.117321014404 622.568748474121 503.127090454102 523.439758300781 671.477451324463 569.776107788086 637.464668273926 752.889782905579 733.208606719971 784.949234008789 703.720687866211 759.33512878418 730.60115814209 781.001159667969 733.691591262817 866.647186279297 841.265594482422 774.330352783203 685.083122253418 829.346572875977 734.859085083008 790.43208694458 777.671061515808 698.127830505371 829.369358062744 775.31379699707 950.375244140625 751.25332069397 831.272506713867 814.770111083984
594.334014892578 711.842388153076 653.678424835205 691.162797927856 764.376091003418 700.332832336426 679.686842918396 576.27660369873 589.515846252441 613.101852416992 628.772029876709 722.970733642578 652.180595397949 744.750007629395 803.575355529785 721.070236206055 553.164581298828 679.716246604919 516.715881347656 654.384971618652 627.12572479248 674.614952087402 649.01700592041 559.305358886719 737.8812084198 672.010326385498 629.926116943359 725.779867172241 666.967777252197 729.304228782654 621.792068481445 579.299194335938 612.080101013184 841.356315612793 888.514862060547 862.639938354492 828.260726928711 764.9270362854 599.304992675781 682.230987548828 704.23657989502 681.528549194336 725.547542572021 673.499244689941 888.556900024414 932.868194580078 844.258186340332 693.042366027832 724.660343170166 789.405113220215
587.303104400635 681.880870819092 694.724998474121 530.795333862305 632.198013305664 575.755798339844 659.336452484131 599.735618591309 669.380352497101 829.025680541992 649.600648880005 690.715052604675 729.992214202881 645.639316558838 705.045913696289 669.840247154236 645.585603713989 635.221729278564 648.596269607544 596.096588134766 657.230109214783 604.55005645752 675.972583770752 663.754940032959 717.971410751343 707.454698562622 695.561082839966 746.960746765137 719.948059082031 709.884271621704 622.572937011719 594.835815429688 750.015741348267 767.154243469238 812.470252990723 765.596736907959 693.304679870605 687.735130310059 643.172340393066 789.13835144043 723.12237739563 783.921607971191 642.13166809082 703.231327056885 804.674240112305 950.969360351562 844.784408569336 863.68098449707 714.57536315918 784.494371175766
