simdem/realisation59.asc
NCOLS 350 
NROWS 171 
XLLCORNER 152620 
YLLCORNER 418050 
CELLSIZE 100 
NODATA_value -9999 
[rows 22 to 43 of 171, columns 150 to 199 of 350]
647.054851531982 678.032253265381 639.711147546768 625.602435112 724.082695007324 605.769735813141 546.698276519775 503.416114807129 605.851940155029 602.712379455566 509.528701782227 538.656814575195 939.699962615967 688.19700050354 765.268455505371 674.115619659424 989.640796661377 779.089086532593 415.938018798828 560.255264282227 405.084686279297 487.221771240234 677.422775268555 743.789445877075 669.473960876465 577.756912231445 869.66877746582 576.140441894531 635.337985992432 571.535835266113 511.101226806641 635.983291625977 785.138473510742 676.09105682373 673.716190338135 574.584930419922 547.010536193848 467.375213623047 515.422241210938 646.645360946655 590.044891357422 663.922481536865 694.945484161377 642.997543334961 561.551605224609 620.491287231445 508.701675415039 597.288352966309 759.572456359863 672.327697753906
644.9814453125 682.796524047852 782.587173461914 701.484107971191 579.460552215576 597.315377831459 541.480945587158 522.398170471191 558.301612854004 595.87353515625 524.547714233398 566.161956787109 646.735771179199 755.698880195618 666.750055909157 841.863830566406 797.923332214355 1001.54110336304 725.363617062569 589.380889892578 526.400146484375 324.847778320312 590.736618041992 693.617622375488 644.911178588867 643.664180755615 868.867065429688 681.746154785156 700.401992797852 685.484941065311 568.894247055054 505.290390014648 712.206031799316 660.507320404053 741.580223083496 660.839479446411 631.038352966309 454.399658203125 500.501129150391 625.724910736084 723.700282096863 530.203842163086 673.016166687012 655.250166893005 731.96510887146 723.94563293457 685.316349029541 717.846757888794 770.001487731934 659.584341049194
504.6640625 603.312000274658 640.570190429688 710.322067260742 650.204864501953 614.250096559525 684.542221069336 615.386258602142 457.27262878418 376.666961669922 513.697616577148 738.627029895782 980.524604797363 847.119287967682 630.799908638 1302.8138885498 718.972175598145 524.906112670898 681.971460342407 656.958610534668 642.204849243164 584.051010131836 640.033252716064 588.659759521484 681.453489303589 570.626068115234 610.661842346191 535.338562011719 532.686767578125 528.262016296387 538.75505065918 628.69556427002 543.949493408203 661.964228153229 534.224075317383 568.960540771484 672.886520385742 570.815605163574 601.078407287598 522.240875244141 723.632978439331 686.505696773529 592.526824951172 659.615736961365 665.98846244812 627.136107206345 792.089653015137 721.274541854858 755.955760955811 752.447345733643
573.858966827393 596.655075550079 505.561157226562 838.267288208008 670.944393157959 708.670433044434 619.66637802124 600.081284999847 523.056411743164 433.645797729492 469.557067871094 756.681411743164 1252.58948516846 752.737159729004 822.11531829834 740.063671112061 657.321227908134 1045.92389774323 594.801834106445 785.446022033691 872.968505859375 844.788696289062 541.892272949219 567.743766784668 608.86572265625 463.408599853516 589.070297241211 658.921600341797 572.227546691895 473.279098510742 525.055877685547 525.043670654297 529.566192626953 501.303680419922 528.485382080078 565.193412780762 651.320684432983 609.094774246216 607.12776184082 611.991989135742 667.036201477051 897.522537231445 612.75203704834 670.359246015549 694.438938140869 776.999534606934 748.723640441895 753.896751403809 642.925735473633 625.371967315674
567.043676376343 594.198747634888 610.143157958984 682.090557098389 737.127304077148 711.813076019287 682.065704345703 655.70336151123 544.705307006836 564.310794830322 601.313891172409 560.501522064209 676.225364685059 673.565540313721 527.78849029541 662.913520812988 697.79061126709 738.054901123047 546.024795532227 574.989013671875 532.57096862793 579.434432983398 598.001052856445 578.292388916016 666.401378631592 615.138290405273 705.232666015625 472.857955932617 459.859878540039 377.360412597656 524.766708374023 465.367584228516 516.223403930664 379.263809204102 625.886984825134 734.893241882324 764.366683959961 807.524124145508 813.471160888672 601.373447418213 494.077697753906 683.454844474792 700.179393768311 631.530109405518 647.927997589111 649.677665710449 718.012348651886 744.846138000488 630.390808105469 655.54469203949
628.149963378906 549.893148422241 525.640506744385 629.008193969727 780.212707519531 722.207290649414 790.16682434082 713.228569030762 576.587013244629 453.648956298828 449.139694213867 600.22534942627 580.765686035156 665.345775604248 535.293609619141 545.259628295898 744.162292480469 585.807891845703 481.644317626953 747.403472900391 570.821502685547 717.276657104492 603.725563049316 606.734802246094 598.153381347656 876.452262878418 517.734848022461 595.959747314453 641.30230140686 466.472839355469 522.601150512695 668.110343933105 541.862243652344 524.728675842285 762.027305603027 799.439613342285 717.932922363281 731.486206054688 633.386348724365 814.57056427002 773.410827636719 667.191652297974 665.893719673157 619.285396575928 625.019325256348 696.098987579346 648.000123262405 725.483901977539 674.272155761719 549.495346069336
704.172012329102 538.404720306396 514.212707519531 614.462551116943 579.381853103638 616.634033203125 634.869186401367 586.712080001831 488.415733337402 459.244171142578 575.06071472168 1017.95806884766 603.9560546875 708.984260559082 665.829681396484 1172.42825889587 534.607627868652 866.938995361328 469.485733032227 698.802352905273 770.291862487793 710.251609802246 613.456014633179 634.62931060791 550.309600830078 691.671543121338 638.09103012085 744.516143798828 477.580596923828 588.923351287842 583.542781829834 602.581750869751 575.713260650635 478.628677368164 667.681217193604 745.435432434082 646.901550292969 671.877643585205 470.008941650391 427.27001953125 752.546104431152 1059.07816314697 736.585739135742 669.737139701843 627.668266296387 606.847345352173 584.743408203125 713.581512451172 607.660856246948 507.832969665527
599.098663330078 601.821823120117 534.930278778076 517.067337036133 513.402194976807 539.576316833496 601.797443389893 602.714191436768 618.242256164551 508.30916595459 473.29768371582 936.860061645508 866.360048294067 1021.99023199081 865.212936401367 881.438041687012 590.43123626709 517.909286499023 645.776530265808 584.656131744385 965.235698699951 729.910041809082 599.982551574707 772.502952575684 601.05970954895 470.935974121094 676.074153900146 737.313381195068 551.968463897705 585.555335998535 634.979169845581 630.538408279419 509.608345031738 567.916221618652 497.72526550293 543.681346893311 715.027381896973 624.667885780334 627.492958068848 629.723854064941 754.394508361816 885.336898803711 823.672592163086 604.453269958496 581.545528411865 604.387306213379 494.018707275391 618.271342039108 536.883880615234 504.724784851074
652.032073974609 599.469123840332 605.686374664307 632.593933105469 690.966720581055 636.277565002441 636.696975708008 596.136528015137 590.474293231964 661.806751251221 587.903564453125 931.114189147949 1048.22194290161 712.552543640137 778.447689056396 615.88362121582 554.609214782715 451.060211181641 561.258710861206 796.568861961365 782.710166931152 649.891284942627 594.157382965088 638.134953260422 637.343444824219 579.105476379395 701.790153503418 696.497840881348 708.184677124023 637.206916809082 590.116236209869 592.11314201355 701.953796386719 600.017930984497 628.558052062988 622.703708648682 632.630071640015 710.762908935547 599.627250671387 631.090023040771 786.436264038086 774.910179138184 597.218036651611 620.411653518677 459.736129760742 500.297142028809 535.448791503906 536.666374206543 480.603691101074 549.001752853394
631.814788818359 648.703094482422 681.813858032227 641.679420471191 584.414165496826 630.06526184082 703.418029785156 609.401702880859 570.462252616882 667.543920516968 621.949325561523 596.300338745117 898.041021347046 613.663835525513 632.166612625122 626.023717880249 573.503238677979 655.832080841064 660.545890808105 496.172401428223 649.103363037109 557.879568099976 513.434757232666 569.022384643555 585.23809337616 558.278255462646 726.997737884521 662.437412261963 695.934112548828 463.310111999512 497.722625732422 622.989402770996 651.636360168457 675.13126373291 745.977447509766 756.871841430664 711.341621398926 696.845458984375 718.117401123047 693.240203857422 696.312328338623 733.038858413696 581.544822692871 738.870101928711 473.530639648438 580.202873706818 520.985874176025 596.46680355072 588.503993988037 575.040997505188
636.547035217285 588.316659927368 666.732215881348 566.221530437469 530.459318161011 583.047124862671 668.917350769043 557.710415840149 740.148452758789 582.926403045654 653.206771850586 598.017498016357 523.31371307373 568.348604202271 482.786979675293 591.087300360203 627.374603271484 586.136785507202 609.864036560059 649.028411865234 612.217468261719 537.524471282959 466.422256469727 439.525184631348 519.495639801025 618.853763580322 698.244857788086 552.898780822754 514.480140686035 662.752975463867 568.595867156982 576.95246887207 617.657222747803 559.953093528748 681.585342407227 628.512149810791 683.794448852539 575.381621360779 590.667728424072 601.58268404007 612.485359191895 688.897198021412 569.158785820007 520.629085540771 534.269973754883 619.335018157959 514.262271881104 494.399909973145 324.617462158203 481.132446289062
621.329460144043 504.42879486084 487.734825134277 518.61116027832 429.984878540039 496.932678222656 609.099502563477 632.716144561768 706.878968238831 602.454750061035 514.222801208496 540.832920074463 588.945042610168 548.764289855957 588.963539827615 548.594722747803 617.582954406738 591.544068694115 674.747177124023 561.360654830933 468.763771057129 523.181335449219 473.763084411621 485.171699523926 545.703939437866 625.750553131104 596.547401428223 459.154983520508 500.006175994873 549.534545898438 692.937385559082 635.591388702393 631.756340026855 583.386224746704 670.872032165527 606.053161621094 579.442850112915 596.487163543701 621.232391357422 523.756134033203 562.142206192017 557.944728851318 478.969551086426 586.141307830811 581.430572509766 558.547232627869 643.188354492188 497.3720703125 304.579010009766 324.701538085938
548.475746154785 404.93244934082 503.688787460327 484.740348815918 481.090957641602 660.665306091309 730.403686523438 576.486073970795 577.201266288757 398.18879699707 385.78466796875 687.975479125977 513.100120544434 574.400996208191 625.456642150879 508.033786773682 680.516693115234 610.456447601318 513.224170684814 561.631991744041 493.93888092041 578.94185590744 409.870864868164 604.878246307373 646.907844543457 691.754272460938 564.271196365356 467.365272521973 438.682678222656 468.439453125 582.478429794312 534.060070991516 495.522613525391 555.650922775269 583.821038007736 548.245477676392 654.65380859375 599.344462394714 557.069360733032 471.559257507324 530.746381759644 504.753711700439 632.896415710449 571.050043106079 720.695625305176 578.287200927734 535.15154838562 555.151763916016 552.569145202637 608.100463867188
450.344123840332 579.945514678955 486.740886688232 558.461374759674 585.05982208252 761.184707641602 623.066887378693 655.251792907715 624.639629364014 489.855125427246 483.674942016602 462.836433410645 594.045436859131 338.401718139648 616.478530883789 639.834785461426 514.682481765747 566.228086471558 560.620649337769 626.56022644043 525.51792049408 538.826526641846 388.123046875 520.407890319824 685.896423339844 610.885765075684 575.673961639404 597.90567779541 404.550659179688 522.220527648926 548.139855861664 527.35217666626 440.105155944824 437.600433349609 499.056907653809 541.869697570801 638.349962234497 582.071262359619 690.073928833008 529.031784057617 514.124893188477 558.118252754211 670.709529876709 679.213970184326 1264.19393920898 621.045555114746 488.840599060059 542.756953239441 633.817810058594 637.267875671387
481.837509155273 630.410247802734 522.52152633667 607.775955200195 665.925155639648 671.664352416992 571.545664787292 490.936408996582 440.600341796875 542.13404083252 597.570240020752 475.553665161133 520.095869064331 529.703378677368 614.629608154297 552.396865844727 562.290625572205 682.3408203125 669.000915527344 684.859817504883 605.56086730957 428.757568359375 443.622817993164 579.477796554565 711.094375610352 512.115528106689 421.904113769531 790.139709472656 470.069320678711 525.094879150391 534.658546447754 722.925659179688 573.604445457458 588.226020231843 501.094627380371 527.626064300537 476.901840209961 715.051780700684 672.572395324707 578.347284317017 598.89771270752 562.708186864853 617.236248016357 559.093837738037 1064.51089477539 514.153007507324 557.794936954975 638.020538330078 509.879257202148 489.42854309082
477.894996643066 539.761371612549 432.528091430664 568.388135433197 631.414665222168 585.936382293701 554.393291950226 429.26350402832 489.488670349121 593.51088142395 489.203735351562 494.281829833984 560.990791320801 547.562380254269 646.117156982422 643.260154724121 599.976989746094 589.559272766113 619.796981811523 536.134231567383 605.009960174561 378.42951965332 526.52561044693 549.262493133545 622.164978027344 549.135288238525 559.858386993408 612.135303497314 959.828341722488 537.794415950775 508.847900390625 710.019233703613 619.612989425659 663.846019744873 476.637870788574 430.704315185547 447.487152099609 502.21883392334 587.246747970581 589.870975494385 478.121543884277 433.482513427734 539.057847976685 593.388206481934 585.132083892822 541.695510864258 599.024467468262 663.847465515137 525.643535614014 501.238616943359
654.563285827637 650.723541259766 477.329544067383 650.533432006836 583.17986869812 646.587734222412 631.539637595415 514.693992614746 512.777198791504 605.745800018311 477.685317993164 636.199546813965 617.804672241211 625.148746490479 659.224678039551 641.660636901855 476.095840454102 663.569961547852 584.767143249512 555.536443710327 557.358585357666 499.906944274902 621.497180938721 531.974071264267 549.843771934509 589.948680877686 500.148056030273 700.660202026367 766.749198913574 535.322494506836 579.320714950562 561.630504608154 732.36181640625 744.823257446289 668.690521240234 524.413001775742 464.751098632812 458.579818725586 642.738433837891 582.008850097656 467.651641845703 454.62296295166 482.721313476562 524.877901077271 549.943899869919 491.916450500488 644.300300598145 520.771783828735 600.064552307129 437.897323608398
765.995697021484 676.974418640137 541.395292282104 662.794136047363 467.681930541992 478.830696105957 619.803115844727 423.951324462891 602.560274124146 533.372624397278 491.939521789551 621.791019439697 574.299047470093 593.312997817993 407.666534423828 614.807807922363 678.480590820312 652.373649597168 603.323848724365 586.28434753418 510.710914611816 500.855533599854 476.684440612793 507.554481506348 317.627647399902 570.088867425919 423.690078735352 519.14813041687 626.189865112305 794.961196899414 447.443702697754 491.904006958008 681.646774291992 625.484390258789 529.846964359283 561.746183395386 521.642327308655 572.256080627441 566.110401153564 529.790994644165 641.950159072876 458.487327575684 531.230361223221 495.786022186279 569.753307342529 459.44815826416 555.793725967407 483.711395263672 587.601043701172 637.541160583496
497.706825256348 616.993858337402 644.994239807129 613.581703186035 566.221701860428 513.975128173828 605.428466796875 564.17042350769 489.504055023193 559.362785339355 496.67951965332 514.592987060547 662.472244262695 510.384071350098 492.544052124023 486.794059753418 577.103688240051 641.818054199219 602.384679794312 565.988800048828 517.412376403809 501.446102142334 474.583946228027 549.442565202713 522.590423583984 502.625511169434 584.191355705261 711.875558853149 488.651412963867 565.691476821899 630.477546691895 434.270797729492 515.056301116943 549.381692886353 524.009017944336 496.886806488037 560.966287612915 350.127288818359 420.054656982422 401.925155639648 502.477138519287 559.347387313843 474.684238433838 500.933010101318 587.243125915527 502.969032287598 549.281085968018 458.453521728516 613.913330078125 463.948539733887
533.865921974182 410.891098022461 512.779760360718 543.917615056038 344.812789916992 606.968852996826 647.453483581543 627.488216400146 632.411712646484 727.150314331055 613.359796524048 523.139858484268 431.701248168945 396.040382385254 395.279983520508 447.403038024902 527.055671691895 506.806091308594 618.731819152832 532.095510482788 521.925128936768 554.17490196228 530.794282913208 567.913354873657 568.326904296875 534.748259544373 560.890177488327 564.046447753906 744.601699829102 716.798645019531 533.26414680481 450.972564697266 525.193228721619 475.648307800293 473.204879760742 509.742798805237 559.704746246338 522.452850341797 473.465606689453 402.940353393555 360.514755249023 434.170944213867 459.588981628418 473.963661193848 367.196792602539 438.159873962402 408.968048095703 582.138240814209 549.015964984894 550.179786682129
621.016723632812 647.059371948242 618.027954101562 358.788284301758 325.472106933594 541.849581718445 543.95926618576 682.457885742188 707.881790161133 582.236886978149 523.276878356934 441.17084312439 401.035781860352 455.507877349854 346.087936401367 434.098251342773 376.358612060547 522.521206140518 689.630645751953 523.597570419312 548.708358764648 597.431617736816 408.439804077148 503.283477783203 512.380561828613 465.064338684082 405.851165771484 551.227294921875 634.092819213867 684.824420928955 510.263809204102 507.738052368164 422.38858795166 415.469024658203 428.91089630127 525.574186325073 503.117483139038 475.888820648193 465.516593933105 408.267631530762 283.585983276367 451.428726196289 552.448806762695 538.104723930359 434.512100219727 509.163179397583 486.580207824707 355.933563232422 437.098854064941 486.664497375488
501.904967308044 493.477737426758 483.245277404785 422.943237304688 479.620025634766 515.634433746338 540.995478630066 602.58459854126 640.907615661621 486.773546218872 608.642723083496 504.445079803467 460.151809692383 422.723770141602 625.523406982422 596.779262542725 599.677249908447 631.376243591309 638.383316040039 527.987099766731 668.327590942383 612.333641052246 460.964653015137 528.244335174561 514.821098327637 456.78784942627 375.705078125 383.187362670898 622.725412368774 574.115791320801 723.689732074738 600.464111328125 557.420547485352 623.95140838623 611.695924758911 452.223609924316 650.723091125488 577.95126247406 533.720993041992 464.292434692383 409.513671875 490.410354614258 705.234756469727 643.734397888184 581.304862976074 511.352470397949 574.623023986816 539.015930175781 401.306533813477 543.102275848389
