simdem/realisation28.asc
NCOLS 350 
NROWS 171 
XLLCORNER 152620 
YLLCORNER 418050 
CELLSIZE 100 
NODATA_value -9999 
[rows 44 to 65 of 171, columns 150 to 199 of 350]
601.853439331055 712.027740478516 717.602142333984 523.996955871582 406.294586181641 409.383697509766 443.5634765625 562.856967926025 654.2578125 641.013618469238 636.384414672852 489.035873413086 718.067169189453 551.329883337021 468.475479125977 384.036544799805 524.291984558105 574.233329772949 586.044158935547 483.881744384766 432.38005065918 453.563148498535 625.427467346191 662.93824005127 578.946748733521 463.276573181152 575.032537460327 650.401969909668 615.671028137207 445.500289916992 533.081726074219 590.428428649902 741.110195159912 781.213890075684 770.6618309021 712.837646484375 616.171062469482 712.527460098267 727.037668228149 644.65765953064 626.651382446289 603.40502166748 680.521965026855 774.53959274292 776.572425842285 481.253707885742 650.917320251465 452.193130493164 1039.41104125977 1178.00736999512
470.372659683228 623.19165802002 523.755326271057 524.534034729004 570.849418640137 514.548854827881 481.492847442627 497.517265319824 759.843368530273 730.914947509766 660.834434509277 460.20970916748 452.073341369629 495.36111831665 383.921051025391 441.81729888916 624.224555969238 552.145234107971 613.084777832031 424.937171936035 552.534181594849 545.557664871216 565.20969581604 541.482382893562 533.713970184326 520.398372650146 680.065437316895 619.664844512939 581.162311553955 512.874717712402 516.274505615234 651.925987243652 539.588455200195 705.035781860352 608.349815368652 596.105411529541 649.686479568481 529.815361022949 658.787878036499 612.045582771301 585.747171401978 577.261816978455 608.695819854736 622.3479347229 510.857467651367 412.188674926758 483.376747131348 502.456787109375 672.684627532959 925.48112487793
316.239486694336 532.50245141983 470.123664855957 343.756698608398 361.432273864746 530.232027888298 540.884176254272 555.26882648468 677.251976013184 517.170909881592 577.912673950195 486.31436920166 515.417190551758 622.437759399414 646.428153991699 555.216045379639 440.720016479492 431.016731262207 450.587409973145 494.256767272949 579.719078063965 623.188873291016 612.935989379883 620.417350769043 706.522079467773 588.350025177002 538.738649368286 574.119596481323 626.33890914917 553.561453819275 616.616319656372 612.945098876953 596.519260406494 477.735961914062 480.216682434082 608.510749816895 678.020401000977 585.383317947388 395.692001342773 541.286582946777 503.081321716309 550.163251876831 502.380973815918 574.887590408325 360.190490722656 501.418701171875 643.769863128662 614.885480880737 550.987567901611 582.235998153687
473.305141448975 394.656051635742 359.394958496094 270.091232299805 433.482093811035 478.892311096191 494.913969039917 679.985641479492 602.182487487793 492.400722503662 647.367698669434 532.830493927002 515.557117462158 575.637511253357 568.629608154297 461.111511230469 508.90705871582 476.26180267334 437.686737060547 557.012366771698 636.013366699219 627.582023620605 598.064029693604 748.917282104492 609.351108551025 630.226135253906 574.698858261108 501.147834777832 494.228939056396 597.941791534424 686.753799438477 592.56799697876 484.752655029297 540.346302032471 486.069969177246 698.709457397461 653.896118164062 563.383590698242 566.910720825195 590.644941329956 568.102897047997 531.920631408691 475.29906463623 620.088039398193 596.617156982422 619.998865127563 589.082998275757 686.31169128418 750.72331237793 626.180633544922
480.786525726318 449.773452758789 355.726486206055 341.294952392578 539.505472183228 605.249320983887 687.820755004883 727.893829345703 607.599464416504 589.551354408264 624.490016937256 662.495750427246 545.835342407227 545.65697479248 666.439420700073 713.72985458374 438.323059082031 404.709838867188 537.053354263306 549.262170791626 521.527248382568 577.90968132019 646.934959411621 585.716667175293 500.493831634521 614.899616241455 533.089931488037 606.407020568848 635.847640991211 583.059600830078 608.721893310547 666.567520141602 713.415771484375 522.259090423584 603.801849365234 606.628288269043 612.050109863281 524.766857147217 552.111671924591 496.349433898926 671.254203796387 557.278372764587 519.16471862793 585.868178844452 508.060066223145 664.914535522461 719.762725830078 613.466338157654 518.298408508301 583.236326217651
474.044208526611 417.591941833496 609.164115905762 551.972364425659 461.193496704102 557.8245677948 627.979698181152 666.040954589844 552.664460301399 576.457287788391 639.165748596191 661.179290771484 496.7626953125 513.189239501953 610.75578212738 622.558723449707 670.395162582397 563.428329467773 608.895050048828 601.70575428009 455.272880554199 611.661593437195 630.554114341736 732.041786193848 630.946708679199 550.945201873779 574.237335681915 446.349868774414 515.50562286377 478.309928894043 411.491798400879 743.296371459961 781.427627563477 706.974563598633 580.27844619751 654.169151306152 439.207069396973 521.683288574219 559.659948587418 598.961887359619 529.139486312866 582.134443283081 548.512381076813 517.546611785889 444.988868713379 584.782775878906 631.426448822021 594.779439926147 431.904266357422 410.107467651367
442.115699768066 566.519248962402 550.950525283813 532.093552947044 514.974210739136 536.467847824097 426.403182983398 642.34521484375 601.20291519165 610.593116760254 639.574317932129 666.953689575195 717.12141418457 675.696807861328 518.354606628418 621.109188079834 587.686778068542 589.748697280884 661.762516021729 467.511650085449 516.126678466797 501.847305297852 728.844301223755 706.230725288391 719.125091552734 666.660751342773 499.127510070801 558.403455018997 554.882391929626 656.025482177734 505.748916625977 469.924476623535 576.562814712524 553.391767501831 530.900382995605 606.942478179932 585.812515258789 582.167163848877 556.518912315369 453.455154418945 515.944793701172 586.85786819458 537.898373603821 693.755416870117 660.684875488281 604.213836669922 677.309661865234 497.834518432617 533.392471313477 227.63037109375
473.63943862915 406.009178161621 520.354625225067 508.846984863281 625.781478881836 497.910850524902 477.854988098145 545.056997299194 599.884941101074 503.212139129639 728.750915527344 725.672073364258 727.992828369141 541.85737991333 674.596305847168 604.751155853271 615.691886901855 635.781795501709 621.609278678894 575.149993896484 423.299179077148 573.511287689209 609.214317321777 642.378898620605 506.78190612793 706.43723487854 665.381687164307 601.463719367981 593.496282577515 497.581462860107 663.096855163574 429.293281555176 438.095924377441 586.258708953857 469.260269165039 609.097454071045 586.417976379395 502.469032287598 424.759872436523 301.39306640625 423.561965942383 647.121070861816 437.857528686523 637.21227645874 621.248886108398 735.014511108398 808.129943847656 669.77615737915 416.382385253906 392.168869018555
469.334121704102 386.163269042969 521.354318618774 715.557662963867 587.496631622314 508.385391235352 404.976486206055 572.173138618469 742.774871826172 608.949314117432 616.274892807007 626.96475982666 697.646942138672 585.036478996277 576.424340248108 544.306671142578 581.070858001709 712.394454956055 530.020681381226 560.255813598633 752.734748840332 665.27991104126 580.87101650238 561.734184265137 507.711208343506 557.172943115234 827.675636291504 719.932991027832 596.92160987854 530.762237548828 596.504329681396 602.624694824219 595.619827270508 580.296541213989 518.729892730713 476.243385314941 489.587173461914 416.923690795898 361.021728515625 495.627517700195 492.243980407715 598.213796615601 649.404457092285 584.283339738846 459.860382080078 679.28963470459 682.431030273438 617.619983673096 544.437004089355 599.951402664185
492.379531860352 563.495136260986 622.712791442871 657.178230285645 480.621170043945 452.853309631348 638.313568115234 704.25276184082 561.363370895386 651.82926940918 668.325378417969 640.178375244141 642.989749908447 634.646556854248 575.087485313416 589.643615722656 497.62255859375 660.149871826172 805.516159057617 726.706481933594 558.143760681152 509.052391052246 624.762607574463 527.642505645752 554.015106201172 664.899929046631 811.184143066406 754.069778442383 518.508766174316 525.563369750977 472.592834472656 521.511678695679 546.883367061615 529.836631774902 625.554412841797 583.965873718262 411.668243408203 484.773590087891 524.088386535645 452.875350952148 545.602617263794 744.959030151367 559.125316619873 540.466949462891 659.15113067627 546.13081741333 639.371662139893 624.453504562378 676.726722717285 627.375617980957
484.365768432617 628.548667907715 656.601455688477 542.330129146576 557.470478057861 480.999519348145 448.531455993652 594.008483886719 625.528877258301 618.404964447021 624.712188720703 695.734069824219 702.507965087891 583.845035552979 473.672393798828 567.021410942078 498.16552734375 595.331267356873 595.547773361206 651.382907867432 543.966091156006 497.206413269043 573.392089366913 467.014953613281 508.352317810059 653.130659103394 647.875679016113 741.515159606934 537.211944580078 643.376388549805 658.059448242188 545.267114639282 417.774185180664 579.265769958496 548.196634292603 505.651123046875 476.187080383301 561.991285324097 723.483322143555 593.51967716217 644.168876647949 586.660667419434 621.394649505615 485.504463195801 526.625183105469 450.191589355469 616.354712486267 492.031646728516 455.456741333008 634.371391296387
529.527678489685 561.624744415283 476.419425964355 532.168287158012 433.075225830078 445.339530944824 436.679374694824 679.004409790039 590.393882751465 513.820148468018 673.859176635742 648.018165588379 593.117420196533 523.845512390137 539.225252151489 574.61424446106 483.925575256348 451.789672851562 534.528022766113 611.938724517822 629.181789398193 431.052589416504 555.393215179443 532.737159729004 523.051116943359 581.57585144043 712.087783813477 533.04613494873 566.964431762695 537.754112243652 551.471012115479 506.271286010742 556.858848571777 553.180931091309 519.061794281006 397.068740844727 555.902574539185 560.784505844116 618.703750610352 594.464760392904 536.707084655762 596.408117294312 472.575256347656 597.335498809814 489.09888458252 605.613823890686 610.665294647217 414.333190917969 619.20902633667 607.390612602234
648.743324279785 573.82852935791 575.538726806641 447.772537231445 445.4833984375 434.563491821289 564.542460680008 511.894638061523 473.586807250977 470.936882019043 491.04273223877 520.128002166748 602.778245925903 596.187343597412 548.625425338745 510.468154907227 493.556427001953 575.910917282104 640.637538909912 437.824829101562 352.552093505859 467.676223754883 519.470668792725 529.150650024414 766.093978881836 620.044725418091 810.739442825317 675.469678878784 725.737770080566 634.228403091431 674.720520019531 518.9150390625 498.873847961426 488.137634277344 514.784591674805 562.144643783569 729.314346313477 680.107322692871 648.977773666382 539.650867462158 627.953018188477 537.539939880371 676.215721130371 693.578311920166 691.775497436523 532.621353149414 613.177596688271 530.133239746094 672.464324951172 683.020248413086
438.644515991211 575.135210037231 549.988696336746 454.581909179688 482.024757385254 485.542934417725 571.489128112793 513.84204864502 548.189847946167 593.475978851318 589.184017658234 559.507749557495 546.96915435791 769.186019897461 530.052459716797 551.229181289673 567.178331375122 580.201002120972 546.855464935303 561.734489440918 429.826782226562 462.507057189941 539.426578521729 716.029998779297 755.854095458984 722.512794494629 795.322189331055 698.992076873779 670.597723007202 619.358463287354 619.157028198242 571.526779174805 537.021301269531 649.056518554688 541.584648132324 714.809066772461 605.82114982605 489.338134765625 443.424499511719 644.028789520264 571.69988822937 631.056022644043 531.080268859863 563.041698455811 610.283905029297 570.647381782532 601.179469108582 642.519975662231 595.384452819824 607.128240585327
461.447860717773 479.840576171875 456.111251831055 332.747924804688 441.70938873291 533.697406768799 504.222373962402 623.320987701416 670.78694152832 776.034057617188 594.425931930542 560.752908706665 549.153156280518 628.548137664795 594.36961555481 593.88498878479 623.862949371338 687.514778137207 667.879524230957 585.634210586548 525.918121337891 459.856704711914 642.933036804199 833.804016113281 629.105960845947 621.150079727173 796.544387817383 684.186111450195 588.85221862793 694.326972961426 759.205093383789 709.06640625 728.18696975708 652.408391952515 624.687919616699 619.623031616211 645.576885223389 409.00065612793 504.885955810547 814.573287963867 667.627819061279 537.915802001953 599.883457183838 613.813297748566 630.555060386658 654.532855987549 557.240104675293 545.189712524414 451.818176269531 533.893585205078
640.80061340332 456.419075012207 358.73698425293 531.585193634033 431.495010375977 584.558535575867 636.81861114502 670.911033630371 582.322703361511 545.203790664673 513.723190307617 737.986862182617 584.857643008232 634.133232116699 543.835151672363 509.606437683105 615.829154968262 547.461320877075 572.371012359858 525.653182983398 470.32746887207 562.84086227417 658.815288543701 564.497184753418 634.881643295288 596.551407575607 520.301834106445 650.055114746094 670.255362510681 801.0947265625 769.755325317383 650.791873931885 675.192127227783 662.845253944397 735.710990905762 700.315528869629 733.434867858887 491.665199279785 462.701721191406 751.171905517578 826.949890136719 627.922410964966 564.935451507568 594.001890182495 533.230155944824 534.209259033203 630.415567874908 601.431053161621 405.363983154297 481.987976074219
742.484146118164 571.522494792938 645.687526702881 463.851913452148 423.018592834473 483.56468963623 621.028781890869 620.445156097412 539.978530883789 470.326042175293 486.65811920166 624.662216186523 568.111322402954 502.700057983398 722.333099365234 531.439498901367 661.87272644043 573.88470864296 664.019470214844 604.315006256104 537.316356658936 432.573532104492 547.954454421997 448.551132202148 560.595962524414 561.960670471191 691.264366149902 591.017198562622 693.828559875488 637.773186683655 686.498210906982 636.874089241028 664.612362384796 659.314933776855 658.640162467957 668.590507507324 706.741424560547 703.484985351562 670.181468963623 601.140144348145 675.890448570251 799.188133239746 689.540927886963 668.940333366394 709.032936096191 859.662734985352 638.541511058807 620.849578380585 551.202018737793 665.584109306335
616.853897094727 474.22624206543 577.112768173218 496.589851379395 476.178936004639 522.229099273682 558.679001808167 526.003761291504 382.26594543457 447.982925415039 505.986633300781 573.001242898521 601.213279724121 620.022369384766 635.932632446289 701.282913208008 606.889324188232 591.77766418457 608.373514175415 634.334442138672 659.411270141602 559.457143783569 649.639801025391 574.825370788574 546.188087463379 590.522714614868 600.749989509583 602.320793151855 609.105125427246 469.44522857666 583.823638916016 729.993133544922 619.82222366333 659.965496063232 724.830810546875 605.6123046875 599.331967353821 699.40941619873 727.604995727539 739.303909301758 662.504753112793 737.276252746582 663.24017906189 1032.85925292969 802.705955505371 701.878318786621 567.36251449585 574.643016815186 573.875648498535 569.107696533203
676.628005981445 542.349960327148 469.563850402832 609.494792938232 609.986782073975 652.524925231934 547.376566171646 530.541176319122 546.156282424927 477.909049987793 587.204517364502 627.285785675049 704.40739440918 753.213851928711 590.686311721802 634.80493927002 542.186303138733 563.677690505981 426.849639892578 529.065849304199 689.593894958496 595.601104736328 746.143493652344 719.619842529297 593.043939590454 640.593938827515 565.40616607666 672.988868713379 610.917232513428 532.535919189453 579.616497039795 671.38990020752 630.78524017334 738.844429016113 770.885437011719 602.450492858887 532.244804382324 429.50862121582 688.11865234375 768.087600708008 706.855476379395 804.29362487793 737.089553833008 662.236545562744 858.115882873535 598.088195800781 599.102642059326 634.341104030609 664.508323669434 716.227420806885
535.491962432861 477.336566925049 449.847061157227 512.261600494385 493.282176971436 676.196174621582 729.543655395508 594.400466918945 578.315716505051 692.712646484375 494.877212524414 651.096473693848 652.011047363281 613.685939788818 552.525169372559 538.733202934265 537.296369552612 535.587512969971 603.901691436768 561.905575752258 583.874427318573 529.226543426514 647.901908874512 738.217086791992 602.282232284546 583.197708129883 597.053213298321 692.624961853027 729.693519592285 602.136599063873 640.824226379395 650.899444580078 556.372932434082 514.384201049805 687.61018371582 614.465757191181 645.306327819824 627.547141075134 562.005054473877 777.694580078125 634.269852638245 733.502868652344 695.144378662109 657.827293395996 555.512283325195 475.675262451172 698.90991973877 681.184978485107 731.685249328613 729.087051391602
413.353759765625 473.629043579102 491.313999176025 596.536407470703 437.036346435547 412.603363037109 542.912038803101 541.817789077759 691.12126159668 643.29224395752 451.482139587402 504.722579956055 599.124820709229 678.759399414062 568.457903862 666.930801391602 575.793169021606 583.384689331055 542.610569000244 556.54930973053 369.541625976562 467.688552856445 623.470714569092 566.160453796387 698.334800720215 531.072067260742 538.129325866699 526.154396057129 678.309204101562 681.071189880371 525.186332702637 480.98934173584 480.986488342285 394.86296081543 566.901638031006 672.66446685791 775.925979614258 560.76819229126 603.526929855347 611.035276412964 683.185153961182 570.943260192871 731.65503692627 686.790382385254 734.030128479004 503.752563476562 560.081207275391 604.88484954834 865.348876953125 627.851667404175
571.754653930664 366.51350402832 426.905120849609 452.269317626953 321.034591674805 377.79997253418 483.308578491211 607.079692840576 664.374366760254 607.351356506348 530.153903961182 456.729141235352 547.475249290466 685.12287902832 689.945594787598 571.070339202881 649.694290161133 586.329471588135 651.643478393555 610.457462310791 402.704772949219 525.6662940979 703.955337524414 567.021250724792 561.036248207092 549.036403656006 546.011362075806 476.08422088623 614.153956413269 626.531204223633 587.550542831421 576.199287891388 679.778045654297 556.278156280518 522.564292907715 643.937030792236 658.516902923584 644.818210601807 558.714862823486 701.845558166504 644.605111598969 726.397994995117 739.270095825195 618.502922058105 607.673654556274 459.696411132812 651.213421821594 683.486968994141 517.400207519531 650.596075057983
