simdem/realisation97.asc
NCOLS 350 
NROWS 171 
XLLCORNER 152620 
YLLCORNER 418050 
CELLSIZE 100 
NODATA_value -9999 
[rows 66 to 87 of 171, columns 100 to 149 of 350]
515.983791351318 526.573791503906 399.72318649292 443.22430229187 431.816333770752 424.934864044189 488.032052993774 484.334758758545 544.014938354492 451.484401702881 356.691955566406 454.1292989254 390.141387939453 503.443332672119 397.965881347656 531.861164093018 633.199447631836 629.87434387207 543.193222045898 284.422576904297 440.575212478638 418.735038757324 516.720283508301 438.000411987305 425.125503540039 507.891204833984 626.008483886719 514.837880373001 622.370788574219 567.790069580078 514.710092544556 440.50415802002 410.841590881348 357.160064697266 426.27717590332 491.981567382812 643.234565734863 612.134532928467 577.683468341827 519.990818023682 566.286931991577 491.542457580566 596.893867492676 583.665370941162 499.199192047119 357.098709106445 523.30023765564 661.415260314941 588.04500579834 551.700355172157
442.285718917847 316.086807250977 456.395000457764 488.83899307251 512.620380401611 493.426815032959 488.143321990967 438.382106781006 564.575706481934 457.6985206604 268.229827880859 273.388610839844 382.926490783691 448.622131347656 442.91711807251 491.118612289429 469.869557380676 408.202606201172 556.151458740234 623.245239257812 435.611915588379 322.042388916016 537.88862991333 492.483445286751 451.408885955811 686.642761230469 582.861072540283 577.007095336914 637.622848510742 619.492797851562 557.411327362061 515.890518188477 370.012115478516 473.833740234375 500.610122680664 619.057982444763 535.873359680176 529.211128234863 482.23974609375 490.523056030273 528.905368804932 572.747543334961 676.789321899414 676.550277709961 531.327830314636 554.570369720459 521.801778793335 473.088920593262 543.988686561584 426.110740661621
444.357569038868 289.300109863281 435.180345714092 533.038047790527 350.129531860352 397.948455810547 391.998237609863 410.273578643799 476.100041627884 340.518020629883 368.933120727539 444.317520141602 319.177856445312 471.85782623291 324.264038085938 436.275497436523 488.752977371216 520.254177093506 627.775299072266 522.101100921631 452.165351867676 452.312324523926 498.967121124268 647.250549316406 539.455146789551 619.127624511719 669.802551269531 552.313226699829 417.439994812012 600.528781890869 537.104919433594 545.48657989502 558.549824476242 542.660139083862 490.897323608398 445.794830322266 520.728134155273 524.623352050781 567.713832378387 567.945487976074 588.126671791077 496.239185333252 592.89328956604 575.998330116272 496.990798950195 538.150382995605 560.881773471832 381.879974365234 544.285978317261 595.531848907471
393.598136901855 364.711212158203 421.545028686523 440.499086380005 457.59023809433 380.473747253418 364.605354309082 312.46183013916 425.745449066162 384.823081970215 426.532859802246 510.856128692627 383.089241027832 452.229031085968 294.260299682617 451.362049102783 407.81413269043 362.872680664062 502.009128570557 579.428169250488 449.266683578491 409.55615234375 516.155241012573 583.146507263184 630.876174926758 553.165378570557 503.263964653015 490.183109283447 426.885566711426 470.075531005859 607.612106323242 638.706186294556 582.784057617188 595.646178722382 415.496063232422 587.041200637817 501.372512817383 595.257717132568 492.3957862854 553.371751785278 661.801567077637 539.439544677734 404.477172851562 495.243560791016 428.062377929688 544.127258300781 541.586944580078 456.530044555664 538.428447723389 576.570683002472
527.984790802002 477.436279773712 470.820180892944 484.874866485596 382.324142456055 376.025382995605 433.920253753662 311.281997680664 513.298473358154 490.974542617798 388.132972717285 342.583877563477 348.072341918945 228.264236450195 338.454895019531 470.521716594696 497.177244186401 422.604637145996 384.435501098633 397.718505859375 453.948028564453 530.208225250244 631.862258911133 537.887512207031 504.925967693329 590.668273925781 555.153591156006 535.770235061646 453.565727233887 593.493469238281 562.545066833496 582.343276977539 583.354602813721 413.97339630127 498.863731384277 515.801902770996 646.342704772949 458.289932250977 507.37279510498 575.51487827301 556.236749649048 511.369937896729 511.105209350586 637.050498962402 530.439586639404 651.853874206543 564.908496856689 534.691903591156 616.174779891968 527.673919677734
661.310989379883 495.42414855957 445.971984863281 402.136138916016 401.828475952148 510.67268371582 452.048890113831 501.449873924255 455.859703063965 462.848457336426 408.584327697754 393.36107635498 403.783218383789 554.731014251709 401.976715087891 365.117477416992 329.106353759766 354.254531860352 415.6240234375 454.791458129883 516.375461578369 500.89231300354 567.711380004883 513.168661117554 580.554397583008 523.483129501343 514.142713546753 563.640476226807 513.047585487366 594.114730834961 600.213039398193 626.947059631348 679.615386962891 493.67276763916 556.97562456131 648.242240905762 744.8466796875 637.068672180176 564.180271148682 495.519058227539 565.648504257202 369.689712524414 567.570537567139 436.302291870117 556.409702301025 542.1689453125 536.041061401367 710.5244140625 565.980987548828 630.688301086426
579.080223083496 592.505561828613 410.584922790527 460.768636703491 444.067230224609 482.70809173584 488.280045688152 369.214950561523 414.948303222656 572.051200866699 386.253021240234 494.706684112549 379.174606323242 366.054336547852 483.607470273972 306.249252319336 313.768814086914 399.270881652832 442.435169219971 507.18098449707 317.521011352539 402.575523376465 354.438339233398 548.506954193115 452.695529937744 607.758476257324 600.810249328613 475.602031707764 452.776550292969 407.718170166016 461.098556518555 588.083375930786 692.462371826172 737.99267578125 672.689208984375 1110.32418823242 613.810188293457 991.241180419922 804.617443084717 638.713409423828 756.572845220566 381.135360717773 615.698272705078 478.852931976318 471.474021911621 821.859085083008 640.301624298096 537.294460296631 476.613555908203 690.639755249023
615.432548522949 493.912598609924 491.223796844482 431.580696105957 469.945145845413 530.178295135498 660.822174072266 487.532039642334 350.362060546875 467.113945484161 498.272743225098 466.201557159424 331.943649291992 346.332656860352 531.024375915527 578.862434387207 429.157783508301 385.326515197754 370.266784667969 342.123550415039 263.856414794922 380.383079528809 503.572704792023 515.418165266514 648.371994018555 614.755638122559 478.144287109375 487.103351593018 455.51932144165 505.872449874878 381.20002746582 456.60200881958 586.282141685486 905.123802185059 638.300468444824 722.236619710922 584.563648223877 874.780654907227 691.477005004883 642.314060211182 631.831262588501 400.604612350464 473.991016149521 481.2024269104 452.684083938599 506.920433044434 818.525924682617 427.289016723633 598.146556854248 531.47407913208
627.359901428223 558.269939422607 466.264331817627 443.236904144287 435.763732910156 546.509185791016 530.14656829834 460.37903881073 340.095932006836 579.325325012207 637.686660766602 561.564872741699 362.947288513184 356.614524841309 537.306446075439 578.96989440918 581.013484954834 559.018508911133 460.926828384399 345.904067993164 416.635696411133 499.081892967224 549.919651031494 455.563182830811 555.281581878662 656.963623046875 719.688064575195 637.379119873047 499.540573120117 486.837432861328 447.917991638184 457.738315582275 643.037864685059 619.350158691406 652.440370559692 602.39751625061 357.535888671875 565.923164367676 642.734607696533 446.936370849609 743.28150177002 431.473125457764 617.26106262207 600.213134765625 495.032176971436 423.569597244263 431.787506103516 454.895835876465 914.415328979492 560.990039825439
612.932769775391 507.445348739624 563.424671173096 353.062377929688 433.607089996338 420.863616943359 449.699733734131 540.522048950195 472.578062534332 628.806335449219 496.359493255615 530.500038146973 452.360542297363 388.162910461426 590.997451782227 452.693588256836 393.191513061523 532.181303024292 479.015495300293 305.450469970703 415.695167541504 514.300062179565 478.167016029358 467.255382537842 537.519514083862 688.469024658203 731.788864135742 732.198257446289 549.493629455566 482.161640167236 585.695337295532 526.489511966705 341.572418212891 392.177810668945 640.391669750214 645.272577285767 405.600187301636 689.688316106796 673.897176742554 614.406051635742 755.322525024414 447.262975692749 517.430770874023 490.1428565979 396.528575897217 376.757347106934 363.260528564453 356.031021118164 500.855089187622 660.272636413574
913.185684204102 639.298145294189 424.11408996582 413.893241882324 401.157081604004 355.012359619141 420.112426757812 579.396659851074 547.582698822021 406.275970458984 552.802825927734 472.534805417061 404.958179473877 395.045677185059 424.439182281494 434.821636199951 348.803253173828 433.100608825684 433.038368225098 464.410400152206 580.006698608398 535.558103561401 492.563642501831 500.15563583374 676.475616455078 687.857360839844 726.368621826172 673.174621582031 450.616760253906 474.030250549316 478.741891860962 399.349346160889 373.726928710938 596.627222061157 645.10697555542 638.83291721344 441.547574996948 746.527240753174 681.095820426941 646.084537506104 702.55740737915 521.770095825195 580.958030700684 538.545669555664 437.51393699646 611.350475311279 689.291145324707 541.327153205872 538.637982845306 719.238868713379
706.420593261719 650.239265441895 611.545121192932 756.031623840332 465.904762268066 319.327728271484 459.001132011414 598.643661499023 452.692066192627 519.203476905823 584.63556098938 576.360748291016 444.769369125366 431.981288909912 515.077080249786 445.824352264404 363.684089660645 452.58024597168 448.098873138428 434.223731994629 397.487419128418 461.587635040283 367.61100769043 511.398742049932 628.861465454102 720.299377441406 660.059478759766 679.443435668945 568.849746704102 534.44605255127 502.555253386497 525.536163330078 471.572635650635 541.471168518066 633.685060501099 573.700500488281 380.031036376953 606.354919433594 669.584857940674 745.444221496582 564.389511108398 586.559303283691 421.701259613037 449.990211486816 238.051132202148 404.329605102539 684.472047805786 538.341667175293 388.470722198486 653.019386291504
465.632385253906 476.966453552246 458.554016113281 550.734209060669 615.004759073257 599.241256713867 397.63060760498 292.34635925293 453.46976852417 509.391495704651 507.572340488434 832.72260093689 558.363891601562 404.958221435547 469.544662475586 540.101623535156 501.097455024719 558.852691650391 458.229434967041 435.965515136719 515.756953716278 485.21685218811 330.305938720703 506.67217874527 514.581384658813 645.08455657959 632.940925598145 602.071929931641 509.267448425293 457.825080871582 480.353729248047 451.881679534912 347.448028564453 547.63045501709 350.178283691406 492.651412963867 412.370204925537 653.671615600586 610.350927352905 551.862754821777 561.507942199707 494.539011001587 442.621223449707 410.848583221436 376.474800109863 421.52453994751 339.476852416992 477.961469650269 381.512763977051 630.402759552002
684.263641357422 517.709339618683 535.950719833374 483.511573791504 406.121109008789 597.927193284035 726.263702392578 429.894691467285 456.607604980469 371.141372680664 452.026344299316 566.82684135437 473.331371307373 428.125587463379 438.835151672363 550.527549743652 326.404251098633 408.244804382324 514.918251037598 518.596409797668 560.780113220215 466.377880096436 338.311141967773 499.202920913696 573.913814544678 500.863916397095 643.858856201172 614.646926879883 389.016353607178 406.732192993164 596.510597229004 360.276626586914 414.105476379395 331.080497741699 191.32014465332 456.318435668945 619.923475265503 659.359382629395 725.46654510498 547.605560302734 413.802925109863 482.68848502636 370.344055175781 478.237716674805 557.329948425293 400.791934967041 380.605888366699 447.772388458252 304.76579284668 488.882205963135
691.60669708252 564.361944198608 590.984661102295 508.848342895508 509.941589355469 544.942527770996 547.049133300781 699.843238830566 530.537273406982 629.76229095459 507.894379615784 533.462875366211 373.696426391602 460.493041992188 320.337188720703 527.871906280518 320.242492675781 597.892795562744 466.91947555542 491.495953559875 496.238134384155 506.050230026245 581.898220062256 508.512706756592 501.237384796143 615.244941711426 606.900127410889 438.134530544281 356.364791870117 353.80590057373 458.479637145996 404.696334838867 384.844299316406 332.714248657227 427.843627929688 503.327857971191 593.096022605896 587.462201118469 587.455317497253 431.994094848633 381.933807373047 519.431007385254 376.417671203613 504.595054626465 509.479888916016 535.178276062012 427.146102905273 487.919952392578 428.683290481567 375.866134643555
549.566604614258 521.221351623535 530.779056549072 626.620132446289 656.617430686951 670.191402435303 690.017868041992 808.620162963867 639.521339416504 600.085052490234 462.461624145508 463.983577728271 484.038095474243 481.189884185791 259.023010253906 555.073654174805 453.69104385376 646.397483825684 439.809539794922 492.621816635132 533.592938423157 518.806394577026 525.83136844635 416.323322296143 702.750610351562 627.623558044434 694.888290405273 432.228977203369 297.408752441406 484.56534576416 406.118455886841 464.899326324463 315.493576049805 314.381896972656 413.808853149414 497.609008789062 547.295574188232 546.8200340271 512.380882263184 538.366058349609 556.429481506348 267.507263183594 502.694061279297 624.819274902344 628.866683959961 578.753059387207 424.130462646484 341.694488525391 428.645812988281 614.367330551147
399.724014282227 473.475212097168 602.692230224609 616.940032958984 485.66576385498 607.129120826721 738.409126281738 866.582916259766 679.574325561523 525.214014053345 475.788951873779 393.827590942383 300.944839477539 513.814952850342 491.389205932617 492.848630189896 587.64444732666 512.418604850769 512.718112945557 424.588508605957 441.299999237061 426.624496459961 303.585815429688 498.220947265625 487.323593139648 505.251571655273 464.865203857422 245.204299926758 505.150375366211 543.49104309082 559.869106292725 621.294502258301 572.091634750366 478.586227416992 447.956787109375 445.487411499023 601.151378393173 470.356979370117 466.882431030273 677.26021194458 578.083667755127 640.013214111328 725.384803771973 591.514144897461 509.448539733887 592.022696018219 570.743606567383 936.285705566406 563.119506835938 542.607788085938
409.450172424316 436.546455383301 471.553914070129 487.303482055664 564.088558197021 641.961856842041 628.486518859863 647.247146606445 545.951988220215 572.843452453613 490.904983520508 368.949493408203 474.667484283447 384.038185119629 553.70923614502 453.670711517334 698.071044921875 537.478225708008 722.07258605957 474.372453689575 522.89605140686 633.746200561523 520.860271453857 442.571800231934 487.829536437988 632.830261230469 578.924592971802 786.561866760254 473.122825622559 568.049182891846 603.522526264191 600.46325302124 587.043982744217 624.817573547363 473.879974365234 520.073717355728 386.09375 311.507400512695 403.685859680176 634.639335632324 502.659233093262 588.989677429199 538.24989938736 615.983940124512 621.308944702148 613.951629638672 613.661026000977 713.68140411377 872.775123596191 835.729999542236
548.933624267578 579.974128723145 783.488960266113 461.90648651123 505.299101352692 673.534324645996 623.685290336609 582.045114517212 578.135210037231 823.548179626465 577.722347259521 478.484558105469 400.438743591309 499.354622840881 594.908737182617 434.89916229248 511.037544250488 598.228302001953 585.593078613281 656.470443725586 627.761489868164 523.725454330444 591.161346435547 449.747840881348 604.497222900391 763.528732299805 545.819048881531 575.654026985168 398.343673706055 471.344076156616 667.710746765137 591.794563770294 644.109161376953 716.594787597656 493.876365661621 455.007183074951 513.370410919189 410.147331237793 451.070365905762 487.021650314331 487.138668060303 525.141120910645 584.681479215622 682.033874511719 515.556194543839 413.51294708252 670.152870178223 847.550712585449 746.932373046875 599.726435661316
611.368057250977 718.577934265137 708.749217987061 635.247528076172 440.821762084961 496.829969406128 539.214027404785 601.285358428955 630.314838409424 630.580190181732 544.14564704895 491.710945129395 533.04015827179 515.7542989254 548.145904541016 544.583251953125 461.317672729492 559.090232849121 657.936584472656 625.422866821289 725.24836730957 540.935440063477 486.849411010742 475.061532974243 468.292488098145 664.677352905273 535.258659362793 471.964027404785 286.617538452148 499.295669555664 602.870244979858 375.732162475586 593.921299934387 386.931289672852 529.554008483887 649.972930908203 446.257568359375 555.492626190186 549.670745849609 533.186543464661 418.349021911621 574.825756072998 708.330158233643 1058.54026031494 717.071670532227 496.816719055176 563.88512802124 628.810706019402 558.631002426147 515.358006954193
421.696350097656 733.729818820953 736.416259765625 616.092910766602 464.422134399414 572.71704864502 383.421081542969 593.032787322998 575.545780181885 670.066337585449 628.817823410034 452.306640625 575.061798095703 649.709365844727 627.05110168457 401.940879821777 648.328811645508 468.86255645752 555.762104034424 589.683036804199 596.88786315918 606.500213623047 561.749534606934 457.880706787109 622.571395874023 566.344795227051 467.030883789062 401.221527099609 480.446933746338 327.434043884277 626.534523010254 827.447448730469 709.225959777832 479.743209838867 503.348731994629 514.527755737305 557.856134414673 527.403244018555 551.459599494934 647.779525756836 585.641725540161 578.007374763489 871.742492675781 1031.30223846436 798.560695648193 705.581016540527 802.05290222168 634.145729064941 591.892733573914 402.637107849121
-9999 -9999 681.031692504883 871.061725378036 620.017004013062 450.402084350586 520.296829223633 482.621370315552 609.951684951782 701.897384643555 543.234701156616 426.367156982422 468.675159454346 598.849067687988 538.432447433472 466.149398803711 524.373887062073 506.520845413208 562.229526519775 481.35259437561 509.811978340149 617.541000366211 553.111137390137 528.115790367126 506.988886833191 407.442314147949 404.821502685547 520.409523010254 565.266067504883 502.557121276855 454.994636535645 659.440795898438 588.315437316895 637.873970031738 440.015222549438 484.323928833008 492.028732299805 441.54808807373 581.805509567261 471.275512695312 620.220394134521 727.932609558105 797.082664489746 1037.2522354126 965.021961212158 761.512672424316 808.06436920166 -9999 -9999 -9999
