simdem/realisation4.asc
NCOLS 350 
NROWS 171 
XLLCORNER 152620 
YLLCORNER 418050 
CELLSIZE 100 
NODATA_value -9999 
[rows 66 to 87 of 171, columns 200 to 249 of 350]
762.47216796875 740.273017883301 728.419410705566 709.763652801514 664.298227310181 745.335189819336 649.551021575928 756.725975036621 796.686630249023 647.060863494873 676.200485229492 729.316665649414 699.092147827148 581.868434906006 583.315710067749 495.097991943359 591.798534393311 627.631398200989 609.154013633728 668.398529052734 591.768989562988 513.00756072998 678.308284759521 746.137741088867 544.153709411621 773.326126098633 630.090850830078 665.777187347412 639.025911331177 583.918144226074 629.656364440918 667.848888397217 811.795623779297 773.657211303711 484.304428100586 468.629302978516 542.359848022461 495.923065185547 526.245231628418 549.257225036621 615.374132156372 685.857093811035 614.519041061401 557.971607208252 482.147644042969 701.856491088867 679.252082824707 587.783882141113 750.896377563477 686.481674194336
648.690994262695 765.117530822754 576.878204345703 707.88525390625 652.778690338135 798.269760131836 772.145553588867 685.338935852051 740.352806091309 632.042888641357 594.024147033691 620.787161827087 598.543529510498 449.201019287109 547.617900848389 602.470853567123 461.097732543945 503.963325500488 579.350429534912 830.854083538055 741.848556518555 594.544551849365 578.545684814453 560.247528076172 614.952825546265 540.236724853516 654.80627822876 608.650977134705 577.179220199585 635.528151988983 513.575828552246 563.628517150879 685.256317138672 717.752151489258 657.130752563477 453.486358642578 521.773315429688 562.176551818848 508.983795166016 604.86559677124 542.444869995117 759.904190063477 750.345886230469 683.300319671631 530.23999786377 626.765354156494 745.618209838867 611.815302848816 660.960229873657 649.245000272989
734.065437316895 709.668113708496 692.383880615234 651.089732170105 542.698875427246 837.576599121094 648.788879394531 590.705047607422 616.4709815979 596.484527587891 608.576515197754 656.366761207581 626.796764373779 547.151634216309 675.409456253052 573.127435684204 437.52946472168 645.252801895142 598.340663909912 678.15612411499 597.947814941406 649.098217010498 572.031227111816 670.450881958008 599.107271194458 471.935173034668 446.863479614258 600.218711853027 532.102005004883 637.996154725552 570.706878662109 661.677352905273 700.188369750977 637.881572723389 638.285587608814 532.488967895508 529.610412597656 503.247146606445 645.292285919189 694.000671386719 591.071914672852 546.834289550781 696.036682128906 519.556861877441 597.274768829346 817.997940063477 697.013740539551 582.96516418457 704.24308013916 620.292210578918
747.919891357422 720.766670227051 602.529987335205 601.850791931152 642.437827110291 767.491363525391 713.026885986328 645.08172750473 583.695301055908 574.917659759521 668.290793657303 695.384582519531 669.028523445129 513.651229858398 647.366752624512 521.205322265625 710.565719604492 632.778938293457 717.526168823242 650.720943450928 781.430374145508 745.709991455078 630.528604507446 537.599578857422 504.83731842041 465.951522827148 514.164253234863 659.063582897186 664.875190734863 626.637279987335 577.500099182129 730.710403442383 692.471435546875 695.019283294678 835.341690063477 599.153938293457 601.415893554688 663.23325920105 603.020812988281 619.876022338867 586.861354827881 587.4739112854 533.655059814453 561.86882019043 591.850180625916 805.630157470703 598.651342391968 603.801595687866 675.787509918213 676.125310897827
630.279692649841 715.778968811035 745.128295898438 714.156921386719 606.560956954956 628.651240587234 609.552467346191 638.904239654541 630.98900604248 665.884155273438 593.980247497559 710.319902420044 598.456775665283 630.178460121155 635.122644424438 678.361223220825 661.173114776611 648.915237426758 675.56512260437 515.676544189453 832.595481872559 737.473742485046 745.343902587891 762.352188110352 625.518657684326 563.966464996338 500.955513000488 654.118268966675 650.038071632385 671.634452819824 672.552013397217 560.798240661621 571.924293518066 596.101425170898 720.584590911865 612.680284500122 688.706520080566 693.289073944092 669.776931762695 632.831956863403 591.376152038574 650.786394119263 669.01810836792 788.516799926758 715.877731323242 525.099899291992 658.990938186646 628.924308776855 717.395614624023 671.008716583252
679.028701782227 688.170356750488 651.026787042618 762.572174072266 727.320404052734 663.607843399048 746.728324890137 603.281269073486 845.597793579102 826.204406738281 606.476722717285 832.962356567383 745.43872833252 650.144834041595 618.818502426147 595.807142734528 600.304864883423 822.209518432617 726.424369812012 654.639343261719 755.051216125488 842.047485351562 603.515719413757 634.925542831421 736.329856872559 657.239730834961 675.026756286621 637.346698760986 483.872360229492 627.280338287354 623.630064964294 663.386303901672 590.940656661987 671.764177322388 516.634841918945 627.887057304382 621.162992477417 667.170055389404 559.100914001465 617.071592330933 582.551866531372 657.016166687012 596.251934051514 639.635883331299 712.646125793457 542.685852050781 645.230801582336 705.303316116333 882.940765380859 672.378341674805
648.370685577393 606.970458984375 686.953220367432 601.093349456787 557.78882598877 723.814147949219 803.699493408203 668.087169647217 694.010416030884 692.544357299805 691.332862854004 774.936561584473 732.88427734375 760.035148620605 688.326301574707 700.481666564941 626.919727325439 836.845123291016 956.499359130859 862.341526031494 942.699737548828 794.236948013306 792.996292114258 694.028800964355 559.993515014648 656.875232696533 572.327178001404 623.167591094971 642.491727828979 577.013935089111 554.311210632324 654.289483070374 559.378330230713 583.248401641846 590.319156646729 576.68208694458 610.01681137085 483.339981079102 578.299213409424 592.348617553711 664.1904296875 664.141021728516 612.08558177948 670.760681152344 590.198026657104 578.253507614136 535.104286193848 616.575912475586 767.200912475586 656.83246421814
647.753648757935 624.328534722328 548.782608032227 637.65242767334 565.980983734131 624.838231682777 707.541213989258 659.369459152222 720.779003143311 685.090091705322 691.126419067383 681.856903076172 675.000242233276 750.882392883301 506.35408782959 698.366828918457 624.121417999268 775.009613037109 800.015129089355 1003.22861480713 982.22297668457 841.248317718506 742.276565551758 546.547706604004 569.175640106201 572.281940460205 673.64395904541 722.091567993164 605.281005859375 536.556785583496 487.733444213867 591.931829452515 777.65544128418 569.041584014893 593.819131851196 574.565937995911 620.222391009331 550.107643127441 576.72639465332 532.151145935059 482.10546875 525.981758117676 345.904876708984 553.765235900879 779.819786071777 650.374551773071 509.415870666504 687.255908966064 688.573246002197 526.373390197754
588.62814617157 582.526126861572 617.219560146332 575.178176879883 734.803092956543 672.864452362061 610.657102584839 628.15225982666 746.014762878418 645.35982131958 621.25838470459 515.55891418457 651.97679567337 600.768196105957 632.269528388977 573.66291809082 563.693664550781 706.464107513428 769.869869232178 705.664756774902 792.953987121582 942.860809326172 1027.14763259888 784.807121276855 630.297721862793 638.198364257812 637.9806432724 594.688515663147 618.590280532837 534.671802520752 597.566967010498 752.788787841797 582.2197265625 613.931292533875 629.173793315887 703.576362609863 625.14183473587 474.732543945312 695.165565490723 444.344802856445 302.712158203125 394.748260498047 407.522445678711 602.149349212646 716.422889709473 717.167724609375 766.75399017334 719.275588989258 666.532810211182 536.001480102539
522.061508178711 514.173362731934 619.119732379913 670.200168609619 657.896347045898 614.470024585724 633.739396810532 690.131740570068 595.179313659668 578.139541625977 600.888957977295 512.47053527832 714.898620605469 739.556488037109 716.322341918945 709.758941650391 629.272983551025 605.594310760498 682.234565734863 740.974090576172 699.580261230469 751.110994338989 739.875883102417 566.87353515625 676.827194213867 674.140777587891 1111.40501785278 722.62079334259 594.127586364746 578.340972900391 604.751065731049 779.653154373169 522.832107543945 781.522064208984 623.816009521484 674.964904785156 591.383594512939 717.978309631348 629.101628303528 544.806335449219 569.456314086914 504.327110290527 722.83406829834 620.648918867111 719.28401184082 681.585914611816 519.672012329102 525.00065612793 500.090476989746 571.802955627441
574.976936340332 661.170768737793 794.705032348633 630.790311813354 614.303241252899 641.936731338501 585.338386535645 737.653480529785 475.970016479492 701.802279472351 721.59854888916 673.386470794678 813.963348388672 684.063372537494 675.521881341934 668.304653167725 709.123382568359 794.229644775391 802.41104888916 614.980072021484 615.568954467773 742.84540271759 700.696472167969 645.27864074707 794.183723449707 665.716865539551 707.278060913086 852.210916519165 696.835151672363 603.508317947388 1146.72988128662 737.973503112793 562.207702636719 672.718902587891 619.270732402802 571.223304748535 564.575592041016 636.71547794342 579.526702880859 689.975940704346 576.482971191406 689.571723937988 701.024230957031 652.617534637451 745.95979309082 756.375274658203 723.326072692871 562.771152496338 655.132297515869 560.558429718018
644.733680725098 652.248188018799 757.812149047852 511.200798034668 572.333236694336 562.542015075684 611.388032913208 602.999652862549 579.918914794922 686.102356910706 579.436248779297 651.649078249931 724.238388061523 675.873432159424 611.328636169434 713.745376586914 588.725006103516 639.815692901611 801.474678039551 713.581314086914 606.630432128906 771.74090385437 671.48140335083 817.84384393692 705.167495727539 715.838554382324 805.406120300293 811.454574584961 1011.62551116943 904.780437469482 777.018463134766 815.386993408203 763.460136413574 692.283271789551 627.545442581177 620.76033782959 707.841125488281 732.969657897949 650.040430545807 594.884704589844 616.286720275879 670.832735061646 585.735092163086 615.325756072998 637.304485321045 623.208022117615 618.203874588013 610.729619979858 670.52774810791 535.867630004883
628.452865600586 567.103614807129 576.965240478516 596.872759819031 685.299957275391 561.948802947998 601.655405044556 662.283124923706 624.090198516846 599.841636657715 668.300538122654 739.670356750488 693.221328735352 621.08228302002 749.527114868164 893.01806640625 645.053604125977 618.242971420288 582.026168823242 684.029899597168 920.907821655273 933.811778068542 659.581535339355 602.842658996582 697.449081420898 744.533576965332 747.195449829102 930.147035598755 1126.02530670166 1298.96647644043 856.747100830078 708.966773986816 812.21240234375 905.438949584961 589.777202606201 619.788904190063 653.501107215881 622.63111114502 607.142177581787 646.529933094978 738.035818099976 763.93090057373 594.750984191895 633.276237487793 754.925598144531 687.737213134766 566.830383300781 600.953956604004 668.528614044189 696.830448150635
850.791809082031 538.150428771973 503.763000488281 612.067397117615 642.456756591797 649.152637481689 568.429386138916 654.112199783325 594.727760314941 695.805159568787 646.487306594849 624.194379806519 699.275802612305 761.623046875 700.819633483887 761.758972167969 797.705688476562 618.582447052002 520.693267822266 795.812014937401 656.800754547119 676.854354858398 777.714414596558 585.505737304688 828.01443862915 889.399200439453 795.055763244629 794.300143778324 1091.84478759766 1081.23885917664 1095.8872140646 821.745933532715 919.371913909912 891.509704589844 835.085601806641 647.889101028442 694.01749420166 588.835350036621 535.231559753418 730.322998046875 708.941556930542 584.397426605225 638.884096622467 733.307678222656 644.082330703735 620.695205688477 704.65828704834 693.85710144043 629.243062973022 641.294742584229
627.215589523315 667.502529144287 602.154891967773 561.863945007324 531.819816589355 677.71329498291 561.147369384766 649.76127910614 710.846179962158 765.195274353027 597.087089538574 725.633235931396 606.72117805481 488.870666503906 640.737075805664 739.52661895752 819.99983215332 729.963897705078 591.771118164062 589.113571166992 682.74271774292 722.343421936035 629.016704559326 556.31575012207 598.742477416992 683.822086334229 845.12232208252 839.277885437012 722.340446472168 699.994583129883 1003.8392829895 1344.89537811279 1004.09206390381 970.94757270813 1286.57737731934 977.994720458984 724.221736907959 677.483444213867 598.025928497314 724.494663238525 652.956348419189 660.331533432007 741.201164245605 634.100366592407 677.063323974609 488.629196166992 642.739395141602 722.242301940918 684.688591003418 653.094799041748
608.928691864014 682.703395843506 507.963409423828 590.972351074219 564.753528594971 571.347023010254 703.211235046387 718.237915039062 738.171966552734 750.277389526367 727.579582214355 676.013174057007 522.909912109375 588.853229522705 599.481914520264 708.509351730347 690.643329620361 657.142440319061 697.459331512451 516.654693603516 595.55567741394 483.244323730469 402.267242431641 399.501846313477 601.647789001465 596.266220092773 640.763290405273 758.288158416748 764.485420227051 660.841018676758 722.045919418335 1028.16097259521 970.126899719238 1214.23309326172 1071.72131347656 1080.04193115234 763.364105224609 742.113410949707 689.340313911438 743.041976928711 541.767379760742 640.074611663818 562.084484100342 572.962963104248 642.808570861816 525.409606933594 751.641387939453 691.035158157349 668.844612121582 613.486848831177
619.26245880127 673.477849960327 548.2197265625 522.044052124023 509.070152282715 597.843477249146 752.797630310059 680.756175994873 681.755558013916 665.35814666748 712.581037521362 650.338108062744 604.433612823486 555.265274047852 660.787877559662 640.237228870392 689.691291809082 688.909992218018 742.270378112793 621.477336883545 572.249687194824 542.818061828613 576.619285583496 653.063049316406 612.396842956543 760.022060394287 665.333190917969 490.670059204102 610.511932373047 693.498411178589 822.003693580627 804.907444000244 971.925628662109 1314.52680206299 1073.63008880615 1354.76542663574 821.413520812988 598.813232421875 665.022263050079 710.144872665405 600.477069854736 559.379669189453 718.670600891113 595.736526489258 600.31381893158 600.57999420166 792.78825378418 588.351711273193 539.98295211792 672.552642822266
582.702217102051 515.478302001953 541.691146850586 529.51318359375 539.700080871582 590.629619598389 554.297233581543 760.012252807617 658.92223739624 724.591163635254 587.38306427002 582.22339630127 459.518966674805 528.069641113281 493.46711730957 573.451404571533 608.152172088623 638.353933334351 634.711970329285 556.224250793457 643.548961162567 556.991195678711 686.350143432617 591.0634765625 758.704666137695 708.990480422974 583.261436462402 563.08943939209 596.918304443359 767.608853816986 809.36555480957 788.57022857666 1201.23291015625 1298.54219055176 1027.02590179443 1105.26776123047 973.302938461304 827.627822875977 691.404792785645 588.58984375 765.689826965332 738.083114624023 737.137203216553 869.857032775879 676.670997619629 550.675651550293 583.952247619629 592.490962982178 533.832046508789 777.318099975586
646.960681915283 517.307281494141 583.63565826416 680.651664733887 693.90340423584 610.558345794678 615.468442440033 760.106887817383 581.997604370117 538.494743347168 718.751087188721 634.752599716187 595.138580322266 604.897148132324 646.532663345337 560.137245178223 625.251468658447 647.484901428223 548.98755645752 656.825403213501 632.342392921448 534.270217895508 649.884893417358 636.802100658417 695.773288249969 604.370487213135 570.837562561035 479.242279052734 603.841041564941 612.155723571777 836.238464355469 815.507293701172 993.21947479248 922.993698120117 1056.60840988159 1097.8583984375 904.939834594727 743.692443847656 794.728805541992 792.510871887207 841.085800170898 656.910255432129 787.511508464813 907.541923522949 987.845634460449 905.030685424805 1086.55984306335 835.956604003906 659.57343006134 685.8313164711
632.272180557251 613.669048309326 646.818689346313 611.985801696777 745.07258605957 572.387142181396 527.608467102051 707.892242431641 689.747245788574 603.660934448242 722.905250549316 588.49747467041 592.833721160889 553.67399597168 602.001949310303 632.889371871948 639.408796310425 507.540893554688 536.511367797852 756.32657623291 766.919311523438 566.160026550293 694.124568939209 724.652465820312 647.288138866425 605.441108703613 642.639801025391 586.059669494629 543.252998352051 715.625686645508 626.174949645996 864.218902587891 831.474298477173 753.303236961365 740.783950805664 740.149061203003 771.119613647461 908.652473449707 763.029838562012 858.028106689453 860.106826782227 588.233837127686 548.047500610352 657.133411407471 814.644145727158 761.16854095459 883.786399841309 856.197952270508 1067.00611305237 572.172805786133
663.901128768921 673.909487724304 579.098373413086 552.435394287109 637.100898742676 688.550239562988 605.684663772583 541.194793701172 491.571258544922 688.486320495605 723.383926391602 636.491193771362 759.121078491211 560.04216003418 534.257225036621 615.327953338623 621.077640533447 613.174434661865 462.353866577148 576.987930297852 722.7412109375 679.032688140869 596.202289581299 726.461097717285 528.223258972168 628.020738601685 692.157096862793 705.362297058105 652.884179592133 741.543411254883 594.389423370361 654.936722278595 649.582908630371 655.112724304199 634.854259490967 708.002838134766 767.095428466797 743.097093582153 848.197875976562 912.985328674316 848.313190460205 778.869384765625 627.714576721191 794.364297866821 713.46418762207 869.839189529419 963.790939331055 948.283416748047 953.455900192261 625.603679656982
680.951409339905 653.155252456665 660.083572387695 714.191791534424 661.995401382446 605.640977859497 721.93367767334 623.066756248474 583.195688247681 654.720434188843 831.486450195312 778.222763061523 666.629513025284 733.904998779297 549.445945739746 538.327766418457 644.30065536499 732.935531616211 551.150703430176 562.066757202148 712.883026123047 559.257698059082 578.244369506836 649.047998428345 689.929683685303 761.73974609375 649.506079673767 765.932344436646 1182.59824156761 871.320892333984 741.608100891113 601.475360870361 588.871265411377 601.863857269287 558.48560333252 629.834644317627 621.27631598711 629.014850616455 770.847454071045 696.583377838135 664.969921112061 731.00221824646 706.695388793945 750.516063690186 665.355438232422 751.076774597168 994.102531433105 1141.15255355835 1116.61445617676 975.854927062988
