simdem/realisation21.asc
NCOLS 350 
NROWS 171 
XLLCORNER 152620 
YLLCORNER 418050 
CELLSIZE 100 
NODATA_value -9999 
[rows 66 to 87 of 171, columns 50 to 99 of 350]
543.377462387085 442.127101898193 418.39839553833 432.222492218018 380.227764129639 415.684524536133 485.836860656738 348.97981262207 425.210859537125 416.057823181152 344.212837219238 284.109489440918 328.687526702881 351.78626537323 288.105628967285 255.798561096191 158.749938964844 296.853851318359 382.413288116455 354.283145904541 484.229072570801 419.078113555908 293.583679199219 223.870666503906 270.084228515625 224.184387207031 390.361174583435 473.547157287598 343.338752746582 389.962946891785 457.691425323486 489.174377441406 404.369596481323 420.138993263245 461.847579956055 479.522563934326 348.043464660645 320.436454772949 516.382911682129 581.266448974609 570.824501037598 473.127632141113 388.915702819824 384.088470458984 486.108943939209 422.31424331665 344.907928466797 466.309505462646 444.633617401123 354.682487487793
540.995849609375 428.731605529785 430.804184913635 373.858474731445 370.351890563965 479.073585510254 518.462272644043 510.528564453125 349.003965377808 293.811004638672 299.930870056152 355.276020050049 358.174618721008 375.321970939636 501.870567321777 374.070957183838 302.54535484314 293.780548095703 374.21674156189 450.640846252441 492.818267822266 467.166534423828 454.680656433105 443.436492919922 362.565923690796 462.243743896484 494.737609863281 383.941087961197 472.336929321289 427.561462402344 501.945541381836 524.056823730469 341.524002075195 375.2585105896 473.631439208984 386.247648239136 410.755032062531 237.002304077148 365.998355865479 517.681739807129 467.928436279297 431.485719680786 469.899242401123 406.36116027832 406.479114532471 371.393585205078 342.306663513184 382.353759765625 367.954299926758 295.775009155273
509.808698654175 635.579437255859 477.994606018066 448.968318939209 324.799133300781 463.434600830078 394.084748268127 361.17631816864 382.833612442017 109.152542114258 300.893238067627 357.309608459473 311.446743011475 355.981557130814 378.958148002625 276.99153137207 298.883682250977 288.59595489502 395.308252334595 463.427124023438 523.59765625 557.717864990234 477.822448730469 477.098571777344 316.408634185791 399.682828903198 434.346984863281 375.791622161865 243.308952331543 386.999422073364 335.80980682373 391.782914161682 449.428512573242 421.206020355225 431.536041259766 385.911031723022 398.239236354828 427.098684310913 356.58874130249 478.351913452148 362.739116668701 449.335487365723 458.125247001648 395.876392364502 437.233790874481 463.194421768188 324.222763061523 429.997585296631 439.422607421875 441.702125549316
416.178760528564 534.258766174316 531.799140930176 458.228275299072 356.605205535889 496.770240783691 442.762245178223 272.981742858887 215.69123840332 418.688812255859 347.610306739807 307.8720703125 455.347190856934 481.879051208496 303.562461853027 307.12410736084 433.283031463623 545.241569519043 539.545364379883 449.577743530273 402.231330871582 564.033569335938 530.035202026367 482.604270935059 325.073974609375 308.54320526123 430.729568481445 338.301155090332 173.109100341797 382.873936653137 374.826623916626 438.289817810059 424.862461090088 507.951683044434 415.961361885071 283.352630615234 397.599980533123 562.934005737305 545.159873962402 254.662826538086 424.901406288147 359.741348266602 399.799270629883 469.007402420044 376.946502685547 394.345016479492 449.729817390442 410.350914001465 439.216077804565 622.458099365234
476.90717124939 380.000778198242 471.449787139893 301.92601776123 470.692604064941 491.261611938477 380.98254108429 247.58829498291 404.881290435791 487.095443725586 432.467956542969 381.704694271088 489.863471984863 372.988161087036 295.700645446777 340.376965522766 437.158866882324 409.288240432739 426.226753234863 403.09838104248 299.166328430176 402.284671574831 425.924362182617 432.388217926025 452.712497711182 391.945222377777 322.795707702637 320.140190124512 464.551712036133 397.567465782166 350.628883361816 392.434459447861 366.936363101006 401.541247367859 367.651514053345 516.588394165039 387.080753326416 448.714214324951 475.746383666992 498.285552978516 576.906875610352 447.264259338379 507.42658996582 515.554767608643 483.324415206909 461.302383422852 528.978874206543 479.783498764038 580.854194641113 549.683349609375
476.949844360352 492.758335113525 422.902365446091 433.98010635376 497.970283508301 444.687850952148 407.61187171936 429.387962341309 421.359573364258 405.633960723877 347.756422042847 400.623481750488 372.908229827881 247.612915039062 442.880780220032 233.671020507812 299.799171447754 246.692863464355 295.692317962646 410.877443313599 452.470512390137 461.731857299805 375.147514343262 441.454292297363 502.024307250977 491.31941986084 454.347774505615 531.696563720703 426.151193618774 495.288528442383 567.341461181641 433.391952514648 470.933113098145 549.156188964844 505.911499023438 467.424926757812 461.758419036865 644.063217163086 611.109085083008 570.740341186523 407.555450439453 513.448471069336 418.58345413208 404.303508758545 543.417083740234 493.634330749512 639.949264526367 584.64811706543 546.116119384766 521.34578704834
534.496704101562 380.842208862305 484.325050354004 446.263832092285 514.73265838623 529.530868530273 355.205804824829 449.164115905762 456.416038513184 379.945995330811 356.24285697937 459.248153686523 373.622514724731 164.043685913086 281.739540100098 369.093765735626 442.894119262695 210.247192382812 230.226837158203 517.574485778809 407.284038543701 389.365949630737 479.340423583984 473.200820922852 477.296295166016 341.556442260742 485.354461669922 276.637634277344 421.252471923828 541.899856567383 510.923385620117 318.573501586914 363.562026977539 422.474723815918 408.393466949463 508.737831115723 433.364080429077 495.690502166748 636.145629882812 431.594261646271 380.634754180908 384.791446685791 399.111358642578 507.55005645752 481.091533660889 494.419773101807 549.374145507812 517.681621551514 564.312316894531 606.695892333984
517.46102142334 504.966125488281 398.910542488098 384.435314178467 455.722862243652 457.002128601074 506.761810302734 433.812393188477 328.806303024292 411.989322662354 514.494201660156 433.493988037109 385.852794647217 374.60021686554 324.760608673096 359.018069267273 242.017593383789 215.12336730957 307.997909545898 473.103950500488 383.984739303589 376.59339427948 353.215733528137 465.750801086426 475.979484558105 271.474967956543 316.798793792725 198.047637939453 307.126617431641 521.907089233398 400.504795074463 327.314460754395 464.841041564941 364.244546890259 445.237838745117 429.807537078857 418.806327819824 380.819152832031 433.612102031708 441.569022655487 618.060241699219 331.86058807373 522.610778808594 535.976150512695 566.035224914551 507.082206726074 468.662605285645 426.457099914551 430.882789611816 667.598388671875
373.468162536621 411.764043807983 385.576276779175 411.020500183105 386.368381500244 406.902755737305 314.370376586914 405.127563476562 389.916177749634 426.295055389404 510.30241394043 308.496917724609 281.920566558838 278.80558013916 273.747024536133 350.602960586548 338.569602966309 240.172103881836 229.458053588867 345.592418670654 373.889506340027 465.798309326172 375.875687599182 459.794456481934 378.614103555679 464.182685852051 310.588066101074 315.791877746582 312.677932739258 327.383880615234 418.253921508789 377.847678422928 406.254543304443 513.015823364258 386.449209213257 432.944561004639 455.545425415039 519.079734802246 477.283435821533 489.379348754883 589.670806884766 410.680366516113 406.333297729492 491.2571144104 539.837951660156 521.95832824707 637.477325439453 578.537757873535 528.471120834351 618.543647766113
463.010631561279 408.606523513794 474.234973907471 442.900616645813 294.701103210449 214.177383422852 287.38720703125 372.676067113876 367.970951080322 453.96932220459 359.775206908584 458.380767822266 393.286235809326 300.09451675415 283.415641784668 239.816902160645 315.193725585938 239.517135620117 338.274425506592 349.538504600525 283.647521972656 470.03589630127 356.988564491272 353.866607904434 364.680338859558 396.189220428467 228.593856811523 312.460773468018 436.466621398926 378.922087669373 367.834358215332 308.191589355469 368.841163635254 301.160118103027 444.455425262451 449.198581695557 434.887384414673 516.671371459961 370.293754577637 430.041893005371 568.719329833984 281.176361083984 289.904220581055 421.735729217529 288.645034790039 530.776958465576 548.878704071045 468.600503444672 454.560222625732 848.504879951477
541.177001953125 324.52986907959 377.765037536621 301.249084472656 317.894401550293 248.27872467041 459.151229858398 394.116119384766 294.348854064941 308.675411224365 433.977752685547 366.036714673042 393.316543579102 456.13395690918 367.657785415649 368.518763422966 458.332214355469 401.994289398193 333.732276916504 394.076763153076 336.995651245117 257.237449645996 269.395057678223 476.557960510254 406.604202270508 431.143238067627 376.209036827087 455.857269287109 507.67204284668 457.474754333496 265.967796325684 347.274082183838 341.591201782227 313.788589477539 346.520660400391 522.90665435791 521.318428039551 584.705825805664 483.946987628937 595.462028503418 603.189727783203 504.50520324707 459.175975799561 390.345165252686 481.375696182251 514.056659698486 671.960609674454 972.889045715332 336.520263671875 477.84407043457
437.539525032043 475.954862114042 391.371374130249 367.673296928406 552.199981689453 426.304816246033 313.716812133789 367.232575654984 343.65430355072 354.343748092651 366.999954223633 373.343734741211 310.96293258667 380.749730110168 420.3405418396 470.048843383789 285.850624084473 464.982109069824 408.449142456055 397.991781234741 382.765775680542 449.197273254395 316.671451568604 397.401401519775 499.293441772461 419.946968078613 436.810935974121 424.94730758667 395.168649673462 361.026802062988 385.158320903778 430.005403518677 403.680181652308 265.773742675781 431.177353382111 384.239280700684 392.266990661621 470.050141334534 527.915054321289 576.483253479004 681.421936035156 595.440444946289 407.672949790955 302.48503112793 363.55989074707 731.735139369965 425.541976928711 750.811546325684 361.949256896973 638.628284454346
534.740467071533 325.745849609375 393.999729156494 404.54120349884 388.69234085083 412.964906692505 298.108108520508 318.447555541992 444.621658325195 410.824035644531 440.532318115234 300.625144958496 224.361068725586 285.35587310791 329.353130340576 356.719332456589 296.818138122559 336.91558265686 410.277214050293 484.277740478516 292.186672210693 426.340534210205 483.051742553711 497.282455444336 450.318534851074 290.832527160645 487.688133239746 489.317253112793 342.662921905518 495.473457336426 525.064605712891 506.022438049316 447.277194976807 443.807411193848 387.367553710938 209.069305419922 281.742752075195 441.14379119873 434.259113311768 455.078689575195 507.652223587036 593.986106872559 453.69056892395 755.849599838257 530.267013549805 683.182102203369 427.151920318604 493.922027587891 418.434799194336 648.784625053406
361.285167694092 451.949668884277 452.03540802002 449.922607421875 554.227615356445 462.474647521973 201.051910400391 257.585754394531 178.799545288086 187.443710327148 352.648748397827 315.365901947021 385.309169769287 284.9921875 363.402274847031 326.095657348633 359.062333106995 275.798980712891 458.500907897949 333.524448394775 260.060890197754 267.923736572266 409.978530883789 357.656265258789 380.295104980469 356.678688049316 251.802520751953 393.202205181122 371.252660751343 327.915748596191 342.445007324219 443.151657104492 434.693548202515 464.914657592773 442.340752124786 333.291984558105 281.404281616211 493.256976127625 451.337728500366 353.596649169922 379.598724365234 397.984535217285 861.225734710693 642.823051452637 565.7727394104 573.085433959961 520.220108032227 258.1220703125 380.42366027832 452.390335083008
481.539562225342 408.988537788391 387.652738571167 419.913657188416 360.284954071045 228.804931640625 111.543319702148 186.764053344727 326.378295898438 301.575763702393 428.619140625 538.899856567383 232.841110229492 295.854446411133 415.309211730957 340.372131347656 396.247200012207 528.312561035156 533.136260986328 351.485499382019 160.410385131836 249.628601074219 346.900197982788 337.563125610352 345.833625793457 476.602828979492 487.976753234863 431.211116790771 517.838737487793 390.610116958618 341.01042175293 461.564079284668 535.327011108398 413.815343856812 465.116516113281 323.98030090332 276.121078491211 332.605514526367 480.095882415771 603.095367431641 607.939743041992 528.604522705078 887.142116546631 421.838466644287 604.959129333496 322.684661865234 444.664794921875 480.810997009277 369.518402099609 455.185424804688
332.751872062683 445.429695129395 267.969776153564 281.534042358398 339.441761016846 222.685958862305 216.690689086914 297.352230072021 271.939491271973 458.601234436035 332.460437774658 334.991491794586 313.773777008057 277.749610900879 236.405632019043 421.207672119141 333.716831207275 302.060634613037 518.804809570312 368.239042103291 316.046119689941 242.464744567871 488.908103942871 378.841567993164 293.087348937988 581.829727172852 420.613647460938 502.72827911377 390.886100769043 539.453079223633 341.750621795654 361.398050308228 488.618106842041 444.729649543762 480.206261634827 313.887023925781 312.206512451172 331.430648803711 410.614196777344 603.241258621216 712.411003112793 452.813316345215 746.59771156311 579.138320922852 601.825309753418 453.373104095459 448.323211669922 456.258075714111 410.127243041992 387.56120300293
512.039672851562 379.744403839111 320.908363342285 136.502899169922 249.639961242676 338.920383453369 342.813091278076 198.560531616211 329.158367156982 324.462553024292 337.561202049255 302.359214782715 188.478057861328 313.902378082275 173.678756713867 263.909271240234 367.563382148743 338.253566741943 461.768081665039 426.461639404297 397.907218933105 378.006624698639 315.813140869141 258.715621948242 340.018749237061 410.265298843384 284.680892944336 388.560116767883 418.981515884399 418.779258728027 338.172191619873 356.423873901367 482.827262878418 580.889266967773 447.098015248775 309.775451660156 388.105293273926 494.623680114746 859.280128479004 546.761276245117 464.709861755371 421.012977600098 418.881393432617 415.032096862793 541.066951751709 498.517278194427 496.35101890564 494.172161102295 387.280807495117 331.21418762207
434.01961517334 282.341018676758 237.770637512207 175.445007324219 359.234267234802 316.384288787842 295.705093383789 277.744125366211 206.595008850098 319.43713760376 245.036643981934 291.263885498047 262.642440795898 289.068908691406 289.431274414062 158.799682617188 371.957197189331 332.604984283447 498.707458496094 405.87423324585 324.020568847656 406.317810058594 260.311813354492 305.547348022461 287.314437866211 246.754547119141 462.062324523926 380.446483612061 496.276100158691 397.992369413376 325.148822784424 404.69321346283 310.211364746094 400.255233764648 369.730438232422 450.453104019165 493.3356590271 665.024099349976 709.575759887695 559.88855266571 456.48934173584 575.469757080078 678.383346557617 463.193538665771 560.834091186523 565.81499671936 525.400054931641 621.382356643677 370.6484375 420.027816772461
335.059101104736 304.183563232422 294.947765350342 264.305992126465 368.765060514212 236.150955200195 295.283295631409 143.123947143555 229.803634643555 287.436019897461 133.240188598633 265.814140319824 281.916618347168 448.924270629883 344.788838863373 333.227256774902 430.800445556641 403.168949127197 409.207706451416 367.39706325531 422.958778381348 308.650871276855 215.823226928711 231.2197265625 298.795608520508 276.43034362793 329.043106079102 383.277307510376 300.144027709961 375.941747665405 385.386991500854 407.604385375977 444.291269779205 432.075729370117 366.340721130371 560.507095336914 643.666675567627 625.271545410156 573.115182638168 551.071696043015 487.815395355225 593.083961486816 710.347747802734 670.848854064941 576.957592010498 664.866081237793 553.924346923828 583.452312469482 564.079147338867 389.562561035156
404.854265213013 362.366195678711 397.563964366913 419.77172088623 413.311069488525 278.439552307129 160.846252441406 138.912948608398 354.325740814209 352.662460327148 124.648651123047 144.661468505859 243.638343811035 308.970039367676 215.157363891602 392.064212799072 426.958488464355 480.489585876465 358.944937705994 374.554695129395 338.581565856934 358.610330581665 209.862747192383 333.39875793457 359.959434509277 410.999317169189 490.784591674805 453.986698150635 384.516025543213 418.592789173126 518.044723510742 409.445362091064 595.399673461914 513.74089050293 392.062110900879 448.886857032776 609.013576507568 675.445655822754 464.849555969238 343.909599304199 438.778820037842 630.642448425293 684.224327087402 531.530685424805 636.176944732666 -9999 -9999 766.248764038086 522.883712768555 746.988845825195
353.594085693359 442.057250976562 481.439674377441 534.314758300781 439.13623046875 224.087837219238 417.146697998047 438.447296142578 473.960784912109 271.224937438965 270.289451599121 233.53897857666 378.188066482544 380.398994445801 349.629158616066 319.837490081787 480.341644287109 451.678199768066 424.07933807373 306.376594543457 328.231967926025 344.568572998047 229.016082763672 392.635730564594 410.845252513885 358.096248626709 342.923789978027 387.501735687256 449.525356292725 471.617321014404 461.716281890869 486.895172119141 572.982070922852 488.437545776367 386.381172180176 849.021980285645 537.627784729004 518.011199951172 480.169415950775 415.313507080078 579.363233566284 674.645126342773 -9999 -9999 -9999 -9999 -9999 -9999 -9999 -9999
473.346199035645 370.100908279419 528.090316772461 491.917938232422 555.748962402344 387.310466766357 370.440521240234 268.314321517944 401.285751342773 201.206115722656 337.396726608276 248.708225250244 414.660034179688 350.725405216217 261.542358398438 425.364524841309 474.059646606445 290.605949401855 373.865880012512 377.665688514709 314.939140319824 192.911666870117 331.726631164551 320.862197875977 385.462860107422 357.965049743652 392.125413894653 315.586975097656 380.714233398438 508.109180450439 419.997619628906 520.269966125488 658.694885253906 477.511932492256 546.483467102051 512.178634643555 627.22554397583 524.438896179199 447.500175476074 613.794103622437 526.864585876465 -9999 -9999 -9999 -9999 -9999 -9999 -9999 -9999 -9999
