simdem/realisation4.asc
NCOLS 350 
NROWS 171 
XLLCORNER 152620 
YLLCORNER 418050 
CELLSIZE 100 
NODATA_value -9999 
[rows 66 to 87 of 171, columns 50 to 99 of 350]
321.235458374023 482.841877937317 507.518161773682 526.438255310059 473.499774932861 370.905765533447 343.860778808594 448.608585357666 366.840286254883 413.675682067871 308.202621459961 408.252826690674 304.521541595459 198.886367797852 252.006660461426 182.508605957031 337.120740771294 293.689910888672 460.302261352539 364.565524935722 336.901473999023 505.962257385254 436.306465148926 407.008850097656 320.565273284912 369.442556381226 308.624526977539 289.43514251709 397.435394287109 388.684566497803 476.881042480469 327.913566589355 219.089172363281 274.407012939453 294.321319580078 417.755167961121 420.943798065186 440.500112533569 453.478149533272 463.511907577515 407.697196960449 364.922203063965 511.780601501465 526.199867248535 478.437976837158 358.809951782227 391.702392578125 507.443607330322 485.686977386475 388.534820556641
306.983459472656 412.707252502441 400.062217712402 565.436973571777 432.620246887207 453.398048400879 377.677879333496 209.105194091797 289.245742797852 423.600063323975 274.694778442383 342.541631698608 230.174835205078 419.729675292969 287.381011962891 249.567779541016 306.010257720947 395.361173629761 358.117303609848 377.313365459442 212.513565063477 233.1376953125 361.257699966431 349.191558837891 407.507299423218 496.053283691406 337.125175476074 309.971450805664 442.649005889893 410.261211395264 505.429702758789 372.28883934021 460.472602844238 371.302837371826 305.08464050293 261.14665222168 300.189277648926 439.738216400146 516.575347900391 361.517421722412 392.472568511963 624.884155273438 517.923515319824 596.500244140625 537.799026489258 553.126647949219 448.949194431305 484.44995880127 457.284990310669 493.077033996582
360.428298950195 393.47087097168 447.773885250092 463.845840454102 521.160018920898 326.312034606934 341.252628326416 222.964508056641 211.253921508789 271.117057800293 426.021087646484 322.582233428955 401.143688201904 308.824192047119 250.46654510498 326.497619628906 187.545333862305 325.048865318298 375.960866928101 267.793678283691 182.197708129883 237.604614257812 378.515727996826 409.123435974121 497.164031982422 456.097671508789 339.889797210693 380.392272949219 469.949867248535 436.895431518555 477.691383361816 467.710426330566 447.090932846069 450.948375701904 393.920205116272 475.749969482422 506.469444274902 346.463012695312 441.865745544434 374.87321472168 403.947322845459 543.198760986328 576.578735351562 590.409362792969 587.430770874023 602.975540161133 569.403884887695 549.625907897949 484.321359634399 533.140914916992
428.507926940918 460.723868370056 506.69161605835 358.307739257812 377.072143554688 428.269309997559 291.828979492188 466.953002929688 258.296730041504 285.818855285645 328.503215789795 199.787475585938 304.034294128418 300.208374023438 226.052795410156 215.500549316406 355.941944122314 397.183025360107 398.426975250244 261.982055664062 224.018035888672 456.342208862305 554.420806884766 464.41837310791 373.882102966309 308.623229980469 422.96960067749 391.170090675354 414.971389770508 415.320199966431 458.024925231934 570.692047119141 492.19450378418 458.776355743408 447.175308227539 460.018203735352 363.627986907959 452.75806427002 392.85938835144 335.44229888916 445.530769348145 558.179130554199 451.824648857117 437.825754165649 427.760731697083 661.818481445312 599.908111572266 468.612894058228 284.604598999023 477.021560668945
493.513471603394 417.333236694336 452.000867843628 375.025321960449 411.741460800171 455.996154785156 367.434728503227 365.409387588501 304.524448394775 391.127254486084 347.357137680054 362.046226501465 295.378883361816 281.27991104126 235.451789855957 190.8388671875 309.901954650879 465.226264953613 380.548303604126 233.69352722168 377.504549026489 570.114212036133 556.644149780273 262.480522155762 417.788299560547 373.671144485474 406.78186416626 434.282657623291 472.323211669922 427.219524383545 424.807064056396 488.998603820801 312.126152038574 353.075801849365 306.372680664062 419.057569503784 358.723766326904 317.851539611816 254.097290039062 388.793823242188 337.314834594727 315.392913818359 377.63147354126 441.974533081055 517.159645080566 446.652534484863 377.550254821777 262.242645263672 384.295143127441 393.526962280273
525.324234008789 507.821830749512 457.666339874268 431.10548210144 415.124656677246 459.942451477051 423.216732025146 447.910293579102 394.395919799805 258.755676269531 360.79805803299 476.504112243652 259.586112976074 281.323432922363 427.7465903759 193.609008789062 447.157157897949 387.492176055908 400.636009216309 445.892974853516 452.418689727783 524.076156616211 434.346885681152 328.886856079102 431.415050506592 320.965232849121 447.488338470459 476.238914489746 489.707992553711 381.981760025024 345.811943054199 284.389297485352 365.878009796143 273.158889770508 306.280448913574 422.292680740356 463.17261505127 405.87633895874 402.198909759521 350.543045043945 415.580078125 417.918605804443 306.123062133789 424.201694488525 545.431549072266 435.361860275269 490.046407699585 380.732780456543 493.555810928345 341.177345275879
355.619270324707 475.847263336182 558.996765136719 468.710006713867 486.748565673828 476.830932617188 432.91081237793 435.139755249023 417.163597106934 528.533721923828 409.433444976807 375.322311401367 381.759725570679 255.388893127441 427.863426208496 408.103023529053 447.824119567871 473.462036132812 420.83810043335 392.67281794548 381.756160736084 515.867340087891 325.422138214111 343.850648880005 381.6123046875 343.621667861938 459.674095153809 378.600395202637 447.954803466797 381.057590484619 222.705902099609 12.1329345703125 275.667778015137 250.319320678711 373.297210693359 436.651364803314 465.917457580566 436.209059715271 433.998131752014 392.126426696777 408.887483596802 482.418601989746 398.69393157959 455.707342624664 402.905841827393 360.802581787109 414.843528747559 568.796890258789 599.032897949219 520.228965759277
372.997859954834 405.784915089607 407.475868225098 340.704734802246 437.117660522461 429.878871917725 358.593650341034 446.375823974609 296.553451538086 429.853927612305 357.859832286835 382.407905578613 431.61376953125 490.91455078125 383.58148765564 500.218734741211 433.475875854492 585.000381469727 448.947616577148 381.561174869537 342.835544586182 334.95724105835 251.68342590332 364.873268127441 324.110122680664 219.285827636719 365.214087486267 458.507537841797 383.630111217499 456.53971862793 352.711132049561 185.338485717773 238.135665893555 332.159278869629 471.838233947754 456.396617889404 438.486637115479 439.077676773071 416.26958656311 382.227832794189 421.695394515991 400.621459960938 470.728116989136 507.745315551758 503.782974243164 506.45685005188 537.455799102783 508.244850158691 565.020072937012 486.555063247681
345.107643127441 330.812889099121 351.261081695557 391.640139579773 402.066623687744 357.799386024475 450.134857177734 492.11555480957 380.601648330688 468.281600952148 342.179472923279 285.729019165039 459.769729614258 509.063568115234 625.313720703125 510.745620727539 387.295669555664 383.376810073853 418.914932250977 450.724075317383 443.935195922852 522.541778564453 332.380290985107 426.585540771484 324.728034973145 378.562143325806 368.003463745117 247.17317199707 244.937545776367 330.753768920898 348.932964324951 289.469093322754 397.459386825562 430.213361740112 533.840515136719 471.332572937012 526.512596130371 431.800681114197 472.811740875244 453.07802438736 491.508983612061 389.657844543457 511.29451751709 466.411037445068 567.09366607666 574.456924438477 444.381999969482 533.0412940979 466.517269134521 413.164237976074
542.932487487793 390.145542144775 421.268315315247 427.279648184776 396.01145362854 460.783676147461 265.545883178711 390.563892364502 334.455814361572 449.824241638184 437.635353088379 454.504676818848 286.784088134766 267.959083557129 414.416393280029 404.66926574707 427.197017669678 427.856838226318 442.413520812988 333.209211349487 301.163414001465 368.80948972702 284.483955383301 266.395286560059 379.054907798767 279.265998840332 413.670642852783 286.166793823242 347.127561569214 355.687767028809 282.653343200684 283.670684814453 392.073128342628 448.700000762939 541.787490844727 463.235885620117 493.134651184082 581.816909790039 367.949798583984 503.834171295166 401.216865539551 526.540279388428 508.012516021729 518.289440155029 507.322811126709 638.949951171875 528.772325515747 427.159740447998 464.239868164062 700.66325378418
550.298866271973 421.146800994873 247.001998901367 398.989729881287 581.65397644043 536.919387817383 436.41389465332 366.881903171539 365.63603925705 316.41721534729 364.272337436676 358.989936828613 322.771968841553 363.271257400513 414.126369476318 373.409371852875 383.424287319183 479.816940307617 480.918167114258 499.881294250488 472.698928833008 221.618202209473 302.917308807373 456.307884216309 389.581703186035 224.866790771484 386.683572769165 291.986434936523 375.015977859497 215.650329589844 388.59356880188 328.94115447998 423.737846374512 456.906127929688 453.910461425781 369.91939163208 402.119251251221 352.426139831543 489.157049179077 446.450727462769 433.810981750488 506.447826385498 534.863121032715 480.416797637939 483.457077026367 603.239532470703 814.492156982422 934.913276672363 618.825534820557 638.308197498322
429.569279670715 459.19734954834 456.019454956055 428.10375213623 440.650241851807 481.048889160156 333.740386962891 346.670671463013 309.773860931396 399.219144821167 325.322532653809 316.740268707275 342.51508808136 481.73331451416 484.799835205078 272.387214660645 188.0029296875 396.948403358459 452.641738891602 405.638210296631 295.016952514648 404.808815002441 387.08851146698 370.312103271484 219.536590576172 302.050323486328 389.967308998108 306.91202545166 270.715278625488 312.244567871094 410.680871963501 427.431861877441 371.573238372803 459.401702880859 515.723106384277 407.606250762939 413.946960449219 303.314086914062 444.784034729004 557.366752624512 379.023895263672 411.802955627441 402.448001861572 355.007095336914 424.935125350952 793.931365966797 656.986259460449 777.342506885529 625.284973144531 520.181976318359
524.531272888184 544.637588500977 365.471870422363 534.916053771973 326.389122009277 413.684993743896 328.629859924316 160.329452514648 433.345203399658 414.864986419678 396.208499908447 254.43953704834 304.165344238281 373.17965066433 476.096855163574 419.649612426758 318.048080444336 400.217021942139 429.828285217285 343.058570861816 390.11506652832 495.249076843262 437.818168640137 303.227951049805 334.642707824707 452.410629272461 459.294357299805 431.004516601562 424.592018127441 409.43045425415 461.393630981445 410.690466880798 476.594036102295 498.542892456055 530.130172729492 611.623062133789 499.203304290771 471.285903930664 502.69149684906 387.212821960449 494.128015518188 590.173309326172 472.488094329834 681.87557220459 554.832408905029 803.037963867188 510.875705718994 465.344020366669 644.799942016602 553.232055664062
392.377281188965 417.245719909668 353.826187133789 357.887020111084 419.301557540894 495.980567932129 361.511473655701 447.399383544922 523.33512878418 502.556060791016 490.948265075684 337.168209075928 388.449691772461 462.209663391113 385.546882629395 455.312316894531 385.500757217407 328.54602265358 460.260925292969 388.12788772583 476.050109863281 319.938711166382 324.929988861084 493.074684143066 422.283450126648 333.974216461182 482.578689575195 467.525062561035 445.908115386963 442.822319030762 385.409680366516 310.861549377441 381.609264373779 571.540466308594 455.086693286896 516.861587524414 427.964569091797 477.478635311127 416.690402984619 475.836029052734 586.874954223633 647.63028717041 1020.29208374023 638.640647888184 602.450256824493 654.235359191895 499.379333496094 662.575698852539 660.014892578125 602.726764678955
528.999247550964 411.022565841675 317.692794799805 427.370487213135 442.499996185303 391.743359565735 268.8984375 277.415229797363 397.314598083496 602.156265258789 381.002397537231 295.588363647461 410.781856536865 498.969390869141 553.976303100586 485.987037658691 513.347259521484 339.69554901123 487.046859741211 486.062347412109 535.285675048828 499.216575622559 451.113723754883 480.441413879395 411.815774917603 355.916648864746 391.166491270065 274.166656494141 300.018730163574 530.572982788086 471.926910400391 361.896728515625 390.745365142822 590.608383178711 603.962608337402 528.45881652832 397.502021789551 453.703544616699 453.756052017212 563.76095199585 537.753024578094 488.164306640625 861.44947052002 462.196721076965 490.452476501465 494.635056495667 678.11510848999 783.31770324707 628.245254516602 507.830188751221
327.219818115234 431.916366577148 194.47883605957 284.837348937988 501.407180786133 426.387531280518 470.377899169922 270.155418395996 446.628707885742 504.522583007812 469.55330657959 376.668357849121 458.390365600586 483.364135742188 360.763774633408 298.839900970459 400.416542053223 274.713272094727 299.374801635742 527.593307495117 440.562873840332 445.872619628906 400.140869140625 351.082221984863 363.032653808594 160.571823120117 182.003051757812 121.943359375 219.227462768555 418.161289215088 469.089286804199 181.527954101562 451.161937713623 511.78165435791 448.00471496582 548.24739074707 342.707229614258 400.100799560547 373.293312072754 485.520416259766 797.285842895508 428.894226074219 728.212043523788 711.849531173706 554.288963317871 481.629002571106 652.188751220703 673.336456298828 406.33528137207 452.505760192871
296.29997253418 301.854125976562 245.015281677246 288.254470825195 341.89959526062 374.199396669865 457.354679107666 465.926109313965 502.757568359375 444.924255371094 359.448991775513 407.62028503418 419.283847808838 388.008437156677 460.153091430664 442.559288024902 360.62616443634 506.215057373047 461.31795501709 253.337600708008 421.2184715271 461.289985656738 466.611610412598 304.486038208008 414.62034034729 495.728958129883 300.396621704102 387.617770195007 212.671829223633 365.423290252686 429.657262802124 588.711486816406 558.255889892578 519.342655181885 333.741401672363 477.254365921021 581.402328491211 582.001759529114 556.796844482422 619.275617599487 555.990030288696 425.889499664307 326.519439697266 594.739479064941 500.734326601028 515.841638565063 464.287014007568 614.605812072754 506.879285812378 446.3447265625
449.048107147217 307.287395477295 207.989044189453 194.287033081055 399.127578735352 337.546606063843 324.274663925171 605.629318237305 606.3427734375 469.074165344238 255.744148254395 319.081302642822 406.697700500488 370.501695632935 432.229690551758 461.950096130371 347.266321182251 458.338027954102 375.754721522331 325.269481658936 484.220138549805 324.348159790039 381.842878341675 412.503223419189 476.013229370117 336.035980224609 448.489849090576 444.48889541626 248.291854858398 358.557559967041 389.537572860718 554.702941894531 574.413619995117 491.13424217701 353.017906188965 432.607692718506 481.116992950439 622.353012084961 473.290725708008 543.358310699463 515.522974014282 470.621750831604 492.921984672546 654.990447998047 624.973836898804 458.608856201172 506.311798095703 524.552490234375 487.057861328125 582.01086807251
395.109432220459 345.689918518066 295.7702293396 253.820518493652 438.852508544922 243.95157623291 284.577146530151 450.989921569824 500.735488891602 307.884666442871 317.5260887146 206.319961547852 293.763259887695 345.440507888794 450.365859985352 477.981636047363 370.663856506348 367.496018409729 384.927659988403 378.175197124481 330.646125793457 287.057266235352 321.996643066406 397.510514259338 488.421813964844 477.52613067627 445.570945739746 419.895702362061 324.953346252441 310.077949523926 446.763168334961 519.080543518066 578.64079284668 462.258770942688 396.42845916748 503.890815734863 597.994178771973 554.061344146729 502.163436889648 580.948825836182 518.372619628906 608.097846984863 681.382957458496 651.322238922119 557.405052185059 508.878295898438 482.046020507812 534.74292755127 603.98498916626 533.337409973145
443.360336303711 374.847952842712 364.733875274658 393.360118865967 413.022922515869 382.286659240723 236.144104003906 286.4887342453 352.013265609741 363.453506469727 276.48450088501 292.900505065918 425.429183959961 401.801029205322 502.574066162109 461.171417236328 403.433526992798 508.898239135742 539.710632324219 415.708923339844 337.606662750244 229.432922363281 252.336738586426 437.937519073486 435.071899414062 528.488288879395 426.722635269165 500.521125793457 384.649934768677 336.230987548828 377.046020507812 390.855606079102 493.350875854492 515.081676483154 475.30313873291 338.614120483398 545.482214927673 426.864898681641 431.490570068359 453.149977326393 602.554458618164 698.102165222168 629.954943656921 535.460990905762 499.978759765625 -9999 -9999 867.969738006592 520.6220703125 949.055160522461
452.746402740479 446.306632995605 400.19882774353 312.449516296387 374.83296918869 226.198287963867 318.683673858643 364.677305221558 390.288722991943 415.597114562988 260.79768371582 216.783752441406 309.765258789062 404.280445098877 386.170909881592 367.077296257019 379.839462280273 478.921424865723 502.042022705078 352.561322212219 400.3160572052 408.339012145996 414.983037948608 419.74754524231 459.292263031006 530.050018310547 522.691345214844 389.55001449585 477.969753265381 532.200088500977 355.686134338379 369.17741394043 457.500819206238 498.589500427246 346.754028320312 912.317028045654 526.265022277832 573.44998216629 390.696662902832 455.282649993896 710.696762084961 702.39241027832 -9999 -9999 -9999 -9999 -9999 -9999 -9999 -9999
498.627365112305 411.871485710144 388.823225021362 467.721321105957 350.405067443848 335.504694461823 357.73609828949 238.671539306641 333.339741230011 409.777160644531 408.746887207031 310.308824539185 331.761235952377 280.454704284668 399.987838745117 357.448262691498 328.194343566895 411.31649017334 490.005645751953 442.18531036377 380.595830440521 474.785423278809 515.15406036377 420.185396194458 482.907783508301 391.430352210999 492.983459472656 492.750961303711 526.43383026123 524.642791748047 412.603803634644 425.348378181458 429.640693664551 431.854907989502 394.057807922363 509.125431060791 576.5691408813 678.061225891113 407.474792480469 668.694602966309 511.328086853027 -9999 -9999 -9999 -9999 -9999 -9999 -9999 -9999 -9999
