simdem/realisation2.asc
NCOLS 350 
NROWS 171 
XLLCORNER 152620 
YLLCORNER 418050 
CELLSIZE 100 
NODATA_value -9999 
[rows 88 to 109 of 171, columns 50 to 99 of 350]
272.666595458984 336.76342010498 483.532752990723 464.937690734863 245.276382446289 394.021076202393 347.876680374146 256.23477935791 264.715751647949 220.570281982422 341.642152786255 327.054924488068 334.992835998535 446.446830749512 446.094459533691 324.208137512207 199.083114624023 288.81510925293 258.350952148438 369.917244434357 315.87467956543 287.245132446289 291.474769592285 424.014472671784 498.863693237305 373.041393280029 365.076442718506 515.100051879883 567.471878051758 587.1435546875 435.068467140198 512.033790588379 428.922225952148 406.310722351074 355.728134155273 443.637466430664 463.30445098877 484.946762561798 500.487407565117 535.874580383301 616.238496303558 -9999 -9999 -9999 -9999 -9999 -9999 -9999 -9999 -9999
442.353500366211 461.139204025269 605.324035644531 399.435188293457 406.136966705322 548.530120849609 305.792304992676 323.959697723389 191.898101806641 203.947311401367 238.846870422363 87.1928558349609 302.667907714844 320.323787689209 350.660661697388 304.235595703125 299.699554443359 235.245819091797 372.706182479858 462.595489501953 413.848491668701 437.290061950684 561.459625244141 413.501321792603 454.382171630859 433.607236862183 317.546783447266 344.202445983887 471.410816192627 514.628967285156 660.442672729492 566.337287902832 312.984024047852 398.192653656006 612.509880006313 519.440845489502 470.602844238281 475.044567108154 480.324356079102 568.992797851562 -9999 -9999 -9999 -9999 -9999 -9999 -9999 -9999 -9999 -9999
808.903778076172 589.484474182129 473.978588581085 462.441438674927 402.773056030273 581.1123046875 414.651588439941 277.599807739258 232.265533447266 277.396606445312 390.856338500977 333.000890731812 383.098074913025 259.946655273438 220.923553466797 347.383453369141 380.928939342499 410.672910690308 338.058456420898 417.328695297241 425.126333236694 426.346618652344 352.672954559326 387.939441680908 380.38561630249 408.627451896667 467.581466674805 364.848327636719 394.769033432007 370.328109741211 531.726486206055 403.488891601562 454.5446408391 362.329536437988 730.182495117188 399.376449584961 354.371864318848 374.511459350586 414.103881835938 512.26830291748 -9999 -9999 -9999 -9999 -9999 -9999 -9999 -9999 -9999 -9999
493.646091461182 858.136713027954 468.098438262939 416.45280456543 474.068618774414 466.615310668945 563.275009155273 442.89700460434 347.978385925293 372.612959384918 441.414855957031 527.052642822266 336.685733795166 337.668380737305 239.178100585938 320.546844482422 527.004302978516 427.35347366333 243.011703491211 346.229251861572 416.298783302307 390.054275512695 319.056785583496 411.789001941681 305.983863830566 364.853614807129 510.406265258789 380.138957977295 316.583290100098 466.566666603088 504.331157684326 398.841209411621 473.339558124542 523.93700170517 566.739349365234 479.466667175293 308.708312988281 429.881690979004 514.716758728027 -9999 -9999 -9999 -9999 -9999 -9999 -9999 -9999 -9999 -9999 -9999
238.203422546387 469.768268585205 681.674596786499 452.638416290283 381.537757873535 436.895801544189 426.3450050354 368.24055480957 346.243804931641 371.764921188354 509.688652038574 460.027481079102 388.756517410278 402.52583026886 403.81484413147 344.068977355957 323.831024169922 366.522842407227 388.060512542725 346.404632568359 335.558326721191 314.012115478516 413.489306330681 435.689910888672 436.008411407471 345.599212646484 373.34107208252 448.148406982422 402.601402282715 525.942436218262 637.526870727539 450.909103035927 472.335136413574 550.64347076416 526.973487854004 538.652126312256 519.770306944847 755.997848510742 606.279969215393 -9999 -9999 -9999 -9999 -9999 -9999 -9999 -9999 -9999 -9999 -9999
334.094465255737 358.57320022583 327.561215043068 842.686225891113 155.871994018555 451.908599853516 378.902229309082 320.770683288574 313.383476257324 452.824703216553 423.59215927124 417.284009933472 238.898178100586 379.341783761978 420.977188110352 466.727592468262 303.533111572266 350.620800018311 289.568962097168 436.46274805069 517.559104919434 185.654205322266 237.743728637695 383.457012176514 304.558364868164 285.529434204102 402.015789031982 453.656888961792 429.341728210449 408.876091003418 555.413665771484 568.446807861328 589.808204650879 701.852125167847 578.13791847229 608.242647171021 595.002540588379 667.358127593994 644.632669448853 -9999 -9999 -9999 -9999 -9999 -9999 -9999 -9999 -9999 -9999 -9999
317.925442695618 371.035106658936 363.904857635498 393.686971664429 551.365119934082 478.656378746033 424.611143112183 378.743812561035 413.102509260178 388.465759277344 512.436943054199 520.686782836914 341.796226501465 326.679565429688 587.692993164062 543.243011474609 424.667135238647 365.685802459717 365.79065322876 402.590547561646 231.958740234375 245.226196289062 256.407257080078 138.9833984375 224.074157714844 327.124649047852 411.718393325806 519.274982452393 521.256553649902 461.247868061066 394.578720092773 653.22811126709 502.422191619873 474.220603942871 534.30052947998 455.28271484375 539.166427612305 597.440570831299 -9999 -9999 -9999 -9999 -9999 -9999 -9999 -9999 -9999 -9999 -9999 -9999
410.006355285645 310.363988876343 199.109237670898 293.703338623047 240.50959777832 399.141498565674 504.695484161377 580.950775146484 413.686695814133 438.205371856689 477.742116928101 398.312990188599 482.733726501465 355.199342727661 486.374458312988 579.421310424805 437.960205078125 403.863357752562 418.833935260773 554.194793701172 375.772541046143 257.26789855957 240.560516357422 249.135986328125 297.466217041016 505.327793598175 483.943137168884 318.015579223633 376.254692077637 461.80749130249 485.039327144623 491.841187000275 430.268905639648 501.36376953125 348.161193847656 423.555374145508 340.913024902344 507.151756286621 -9999 -9999 -9999 -9999 -9999 -9999 -9999 -9999 -9999 -9999 -9999 -9999
213.475578308105 259.247541189194 255.889339447021 46.9652557373047 537.287957191467 416.455390930176 580.384132385254 567.798690795898 371.25802230835 522.919242858887 383.546977996826 386.247901916504 385.181579589844 439.800445556641 444.681888580322 450.963691711426 457.732467651367 394.77465057373 379.141414642334 438.867078781128 355.896530151367 342.989486694336 449.495471954346 373.999649047852 392.315214157104 421.94083404541 558.999847412109 457.354018211365 462.505567550659 439.736055374146 493.914932250977 474.760725975037 424.89831161499 452.635437011719 549.409177780151 543.668506622314 450.685897827148 551.730525970459 -9999 -9999 -9999 -9999 -9999 -9999 -9999 -9999 -9999 -9999 -9999 -9999
199.463684082031 329.534400939941 204.779277801514 548.699164390564 551.488506317139 479.104877471924 504.398975372314 723.764572143555 373.502879142761 261.932556152344 300.869171142578 450.905060768127 513.974494934082 571.088470458984 530.944244384766 303.449729919434 447.654676437378 512.808647155762 452.146317481995 338.881481170654 433.293902158737 689.471557617188 496.451035499573 498.228120326996 423.234085083008 368.656885147095 501.291669845581 513.879360198975 388.864395141602 420.174311161041 577.012191772461 571.163909912109 900.789131164551 665.926498413086 474.200378417969 383.444404602051 598.815461158752 -9999 -9999 -9999 -9999 -9999 -9999 -9999 -9999 -9999 -9999 -9999 -9999 -9999
541.129428863525 352.302879333496 530.551971435547 485.763961791992 551.311773300171 454.013679504395 543.414012908936 492.689483642578 451.98006439209 340.413650512695 423.730758666992 492.162143707275 561.016662597656 461.796859741211 484.595806121826 403.302158355713 458.369590759277 518.932632446289 265.957595825195 409.933507919312 597.237121582031 498.209671020508 569.304298400879 472.951698303223 378.877944946289 883.196319580078 517.411212921143 394.511581420898 368.61547088623 577.983261108398 556.390380859375 702.958801269531 562.56428527832 544.003795623779 287.708511352539 356.558601379395 535.219226837158 -9999 -9999 -9999 -9999 -9999 -9999 -9999 -9999 -9999 -9999 -9999 -9999 -9999
720.799163818359 554.732841491699 438.840629577637 567.496610641479 530.731636047363 546.834331512451 598.084911346436 658.898216247559 604.522495269775 413.915412902832 478.640815734863 521.705324172974 454.874216079712 326.087669372559 428.609587669373 465.310073852539 544.776565551758 381.49623966217 591.616916656494 482.747232437134 545.040370941162 598.585716247559 463.185111999512 437.826950073242 455.02027130127 390.230178833008 811.122900009155 583.777442932129 533.524551391602 523.980377197266 536.77074432373 619.420280456543 664.272715568542 512.045703887939 473.055795669556 399.394355773926 489.730110168457 -9999 -9999 -9999 -9999 -9999 -9999 -9999 -9999 -9999 -9999 -9999 -9999 -9999
558.976238250732 640.676780700684 478.158760070801 502.774101257324 609.87896156311 534.164772033691 590.709397315979 719.47053527832 621.06792640686 655.118179321289 622.47278881073 398.730590820312 531.78364944458 426.900735855103 325.224933624268 413.985580444336 499.320880889893 530.867847561836 507.942485809326 502.124897003174 441.464744567871 710.253555297852 438.498908996582 326.661880493164 457.410987854004 480.914863586426 479.655899047852 678.93571472168 549.200775146484 595.878467559814 492.056121826172 666.785009384155 540.318710327148 532.628147125244 461.455577850342 539.19889831543 407.149780273438 -9999 -9999 -9999 -9999 -9999 -9999 -9999 -9999 -9999 -9999 -9999 -9999 -9999
409.184476852417 533.963836669922 564.884315490723 751.897094726562 650.631759643555 574.829349517822 680.189590454102 622.846409797668 683.61743927002 461.064361572266 658.768653869629 565.143775939941 682.687454223633 364.610252380371 419.943950653076 644.42162322998 522.931934356689 422.715423583984 437.950576782227 549.19832611084 568.244533538818 729.356964111328 609.95919418335 542.697582244873 398.334396362305 498.409057617188 490.811935424805 524.881618499756 501.99698638916 519.608444213867 576.182922363281 461.934043884277 468.483576774597 519.995543479919 691.878532409668 687.493545532227 -9999 -9999 -9999 -9999 -9999 -9999 -9999 -9999 -9999 -9999 -9999 -9999 -9999 -9999
380.515487670898 525.27258682251 697.457740783691 669.462600708008 754.854698181152 706.387725830078 704.117290496826 667.013153076172 745.51904296875 622.324695587158 584.051124572754 598.970993041992 627.845867156982 659.961030960083 452.223606109619 553.088582992554 539.63400554657 412.396507263184 524.793748855591 451.999000549316 583.605949401855 646.243507385254 689.970085144043 611.624950408936 676.228477478027 578.320271492004 458.585906982422 473.162292480469 570.527643680573 413.534423828125 339.46435546875 387.666557312012 511.709274291992 625.322891235352 634.348501205444 -9999 -9999 -9999 -9999 -9999 -9999 -9999 -9999 -9999 -9999 -9999 -9999 -9999 -9999 -9999
564.230560302734 309.604627609253 502.161075592041 539.107013702393 519.399253845215 603.263961791992 713.743881225586 530.54126739502 664.776416391134 634.257608413696 541.582431793213 349.242946624756 443.296985626221 400.13175201416 560.578527450562 488.916679382324 273.722625732422 362.165664672852 455.370719909668 537.10745716095 610.399604797363 451.509292602539 502.820732116699 594.37061882019 667.691055297852 675.631874084473 562.346294879913 458.148364067078 466.858423233032 423.62003326416 322.740631103516 533.356472015381 609.615823745728 452.901000976562 -9999 -9999 -9999 -9999 -9999 -9999 -9999 -9999 -9999 -9999 -9999 -9999 -9999 -9999 -9999 -9999
831.000843048096 388.432987213135 411.66349029541 466.611427307129 497.674156188965 588.623641967773 543.108879089355 634.086616516113 382.313316345215 460.631814002991 436.495384216309 455.185096740723 467.913707733154 527.77786386013 450.222240447998 331.800323486328 445.814514160156 481.550135612488 681.983901977539 645.823486328125 511.284362792969 499.02173614502 452.56282043457 661.972808837891 401.979209899902 531.477441310883 483.845464706421 451.995257377625 384.560646057129 418.486709594727 618.133155822754 567.549600601196 602.707654863596 -9999 -9999 -9999 -9999 -9999 -9999 -9999 -9999 -9999 -9999 -9999 -9999 -9999 -9999 -9999 -9999 -9999
-9999 480.534172058105 988.608355998993 534.358238220215 335.216756820679 881.527374267578 429.251998901367 241.007583618164 294.437438964844 529.382614135742 354.562294006348 338.58878326416 269.970123291016 471.991916656494 429.469085693359 227.751373291016 324.927719116211 380.592478752136 426.518616676331 370.206161499023 408.674198150635 383.570045471191 509.355163574219 439.076282501221 534.679363250732 550.188232421875 633.06266784668 525.365447998047 342.303695678711 592.549800872803 590.173163414001 608.726243019104 -9999 -9999 -9999 -9999 -9999 -9999 -9999 -9999 -9999 -9999 -9999 -9999 -9999 -9999 -9999 -9999 -9999 -9999
-9999 -9999 -9999 -9999 608.816528320312 806.799171447754 532.651336669922 353.111778259277 801.935466766357 759.242374420166 564.410522937775 514.450773239136 503.233467102051 492.125930786133 377.965629577637 390.188148498535 400.51570892334 7.42483520507812 107.702987670898 577.632865905762 569.325452804565 453.673999786377 481.491149902344 496.651096343994 512.560406684875 524.805717468262 606.909227371216 498.895202636719 415.468212127686 543.464908599854 -9999 -9999 -9999 -9999 -9999 -9999 -9999 -9999 -9999 -9999 -9999 -9999 -9999 -9999 -9999 -9999 -9999 -9999 -9999 -9999
-9999 -9999 -9999 -9999 -9999 -9999 -9999 -9999 -9999 819.139595031738 549.503456115723 656.844661712646 556.556127548218 514.13777923584 510.70133972168 585.371044158936 683.149307250977 100.952276229858 15.1223907470703 560.830841064453 547.48412322998 561.44397354126 440.920639038086 617.115246772766 547.30712890625 497.045669555664 730.329357147217 690.508697509766 -9999 -9999 -9999 -9999 -9999 -9999 -9999 -9999 -9999 -9999 -9999 -9999 -9999 -9999 -9999 -9999 -9999 -9999 -9999 -9999 -9999 -9999
-9999 -9999 -9999 -9999 -9999 -9999 -9999 -9999 -9999 -9999 -9999 -9999 -9999 -9999 -9999 -9999 723.171516418457 1047.2601776123 859.512645721436 818.378692626953 818.385704040527 888.728084564209 839.622940063477 789.712768554688 779.877227783203 -9999 -9999 -9999 -9999 -9999 -9999 -9999 -9999 -9999 -9999 -9999 -9999 -9999 -9999 -9999 -9999 -9999 -9999 -9999 -9999 -9999 -9999 -9999 -9999 -9999
-9999 -9999 -9999 -9999 -9999 -9999 -9999 -9999 -9999 -9999 -9999 -9999 -9999 -9999 -9999 -9999 -9999 -9999 -9999 -9999 -9999 -9999 -9999 -9999 -9999 -9999 -9999 -9999 -9999 -9999 -9999 -9999 -9999 -9999 -9999 -9999 -9999 -9999 -9999 -9999 -9999 -9999 -9999 -9999 -9999 -9999 -9999 -9999 -9999 -9999
