simdem/realisation100.asc
NCOLS 350 
NROWS 171 
XLLCORNER 152620 
YLLCORNER 418050 
CELLSIZE 100 
NODATA_value -9999 
[rows 44 to 65 of 171, columns 200 to 249 of 350]
832.130430221558 821.968460083008 550.893342971802 561.328001379967 693.737213134766 546.653586387634 662.994443893433 766.444189071655 606.211433410645 729.869753599167 720.885955810547 636.672481536865 586.423721313477 635.654357910156 631.657466888428 579.369542121887 626.780717849731 602.742331504822 533.719902038574 592.132858276367 676.774070739746 576.931203842163 702.757171630859 520.363342285156 584.021615982056 639.729486465454 513.390823364258 551.759460449219 621.878631591797 685.224769592285 695.200927734375 811.913604736328 1259.86894607544 743.472152709961 873.217056274414 651.685194015503 696.074653625488 597.351844787598 643.895862579346 632.891456604004 751.311210632324 732.138345718384 600.821907043457 719.828378677368 762.311599731445 620.48477935791 555.708038330078 560.231857299805 583.344085693359 636.069484710693
1206.4461517334 1639.54772949219 1160.07626342773 889.329692840576 814.243500709534 1127.4542388916 799.675104141235 756.251955032349 641.366142272949 684.037015914917 699.840881347656 642.192726135254 578.76188659668 891.031402587891 613.299186706543 952.354309082031 715.166292190552 730.531921386719 758.070907592773 657.596485137939 687.206497192383 577.066013336182 621.022548675537 646.342872619629 634.030101776123 540.001251220703 609.041688919067 561.897171020508 680.450698852539 679.102237701416 600.809871673584 616.204383850098 875.344573974609 629.447906494141 748.407272338867 718.689281463623 680.359020233154 640.713672637939 699.982849121094 702.738007545471 650.585182189941 668.385032653809 694.455062627792 652.966207504272 646.511856079102 671.639167785645 682.185234069824 643.298080444336 692.044301986694 665.663429260254
669.717594146729 1058.4852142334 1637.68368530273 1188.2113494873 611.152816772461 795.951972961426 829.311477661133 758.68571472168 662.416107177734 631.580303609371 487.402381896973 670.942649841309 590.212642669678 813.485042095184 922.857604980469 881.869472503662 1363.09136199951 834.903297424316 534.853908538818 513.347213745117 506.392639160156 654.261611938477 723.592025756836 539.273193359375 506.028007507324 580.81941986084 662.133140563965 731.431610107422 708.553276062012 606.729513168335 489.53254699707 651.006738066673 838.486282348633 500.833236694336 664.604304790497 757.792320251465 674.640209197998 755.489067077637 658.362596511841 724.225746154785 639.118839263916 685.806294441223 655.033177375793 775.995849609375 677.633129119873 657.790706634521 701.000094890594 826.561264038086 668.393142700195 705.108853816986
629.66446685791 679.669937133789 953.420524597168 1354.23474884033 822.795227050781 726.318778991699 817.563381195068 706.274507015944 637.886428833008 688.97045135498 484.962310791016 611.472742080688 588.224150657654 636.755514264107 886.959121704102 1026.8228187561 1149.71929931641 1825.26525878906 1298.30729675293 579.686172485352 450.472030639648 553.99967956543 532.15958404541 523.781585693359 461.553298950195 590.018026351929 507.941101074219 662.856716156006 539.311019897461 620.221784591675 589.882766723633 581.945571899414 763.19287109375 610.701992034912 733.487686157227 595.74373626709 698.653402328491 627.384086608887 669.102548122406 783.692192077637 605.39136505127 492.679321289062 729.172275543213 864.09880065918 651.733131408691 663.613075256348 709.652624130249 667.28099822998 595.700759887695 646.673122406006
560.621068954468 554.436466217041 722.819603919983 635.444606781006 672.024589538574 631.857479095459 624.695449829102 794.226173400879 648.586810112 556.198259234428 617.835781097412 564.763821959496 626.179527282715 522.777030944824 676.857925415039 849.404159545898 1150.82007598877 1309.22280883789 1015.14205932617 879.658760070801 676.84089756012 477.116348266602 689.328994750977 527.035224914551 540.172698974609 515.515441894531 563.93143081665 653.713953018188 753.378364562988 628.854266166687 568.284324645996 569.579818725586 729.157844543457 592.942527770996 695.852237701416 652.05198764801 561.014297485352 666.595811843872 615.172855377197 680.816496372223 538.621681213379 792.886779785156 716.413215637207 751.750282287598 639.208511352539 630.10474395752 630.883121490479 620.746643066406 612.208824157715 737.01974105835
602.223552703857 703.582572937012 574.705913543701 627.231643676758 673.026817321777 748.478622436523 722.469187736511 661.944179534912 638.235960006714 746.858276367188 692.600273132324 667.386764526367 600.425796508789 549.164791226387 655.276720046997 694.201608657837 870.54792881012 1326.51995849609 1938.49885940552 1512.96083831787 864.517181396484 911.267799377441 502.996871948242 492.578277587891 452.991287231445 440.111114501953 536.416679382324 514.383888244629 720.407135009766 636.861392021179 641.033979415894 632.13214302063 677.947589874268 643.878848075867 770.174835205078 563.979057312012 552.373825073242 596.824401855469 614.78441619873 608.638595581055 663.357988357544 582.310501098633 557.695091247559 1032.21475601196 1022.13060379028 962.638153076172 694.143356323242 782.172492980957 701.833480834961 606.146377563477
756.766036987305 645.984199523926 625.948041915894 556.838268280029 515.899238586426 541.897950172424 699.110191345215 634.227508544922 733.167960166931 749.457809448242 700.034698486328 558.489891529083 427.360244750977 633.964363098145 495.859302520752 565.329811096191 737.808891296387 1123.65424537659 1625.82389068604 1713.16846466064 945.927627563477 705.211971282959 533.215454101562 591.437613487244 612.157279968262 683.433303833008 690.474067687988 582.781642913818 626.780590057373 699.538902282715 669.632913589478 593.457763671875 698.033725738525 758.790519714355 796.388046264648 733.531623840332 646.66584777832 688.373964309692 611.204319000244 532.471984863281 631.892631530762 762.584434509277 640.955074310303 700.110652923584 1081.4616856575 1303.53030586243 831.842872619629 786.809120178223 626.621482849121 685.726791381836
712.473968505859 809.28694152832 652.882990837097 548.290328979492 529.444725036621 420.034683227539 729.429534912109 670.627494812012 569.799747467041 653.945301055908 681.553556442261 588.467780590057 583.482135772705 619.251117706299 518.405769348145 424.711471557617 557.133163452148 965.275493144989 1397.75566291809 1292.19233703613 1400.74898838997 846.920181274414 555.292625427246 536.149017333984 608.273931026459 663.176528930664 565.442337036133 601.541095733643 554.396591186523 704.223686218262 611.775611877441 551.65113067627 641.332812309265 656.707124233246 785.254180908203 605.407592773438 634.611347198486 560.154296875 571.974639892578 544.392822265625 564.621620178223 688.85928440094 696.803077697754 627.262004852295 1026.48839569092 640.827491760254 885.118865966797 1251.48114776611 655.644393920898 671.113708496094
644.432205200195 550.765783309937 841.662757873535 777.511276245117 605.917640686035 534.029960632324 710.035507202148 908.15251159668 774.01106262207 964.346389770508 785.888130187988 732.798446655273 530.740142822266 640.157482147217 535.471939086914 406.955520629883 495.400238037109 805.253147125244 930.184425354004 1620.30371904373 2032.80420398712 1431.95431518555 704.016362309456 663.526531219482 708.861137390137 757.533843994141 586.92594909668 652.78636932373 613.095277786255 556.930015563965 587.561065673828 598.599403381348 679.000583648682 630.249601364136 506.265121459961 569.657318115234 539.232688903809 513.419204711914 486.650054931641 627.133729934692 701.451881408691 644.887765884399 644.61450958252 567.690093994141 663.166073799133 602.114013671875 582.922866821289 596.076637268066 1031.54148864746 878.764129638672
563.64843082428 482.54859161377 798.73908996582 627.40661239624 592.661832809448 524.29451751709 603.980445861816 749.617042541504 711.403175354004 879.874557495117 751.789958953857 518.541374206543 590.469608306885 480.681045532227 541.874675750732 575.549555540085 577.80260848999 612.016918182373 917.151270389557 1002.7207660675 1461.31649780273 1361.01261711121 1705.53328704834 843.094982147217 738.181934356689 626.265201568604 602.582555294037 576.080242156982 616.356828689575 640.188892364502 597.190359115601 662.362125396729 568.878768920898 632.696412503719 665.039466381073 726.563674926758 755.243873596191 704.660129547119 545.756996154785 595.727752685547 531.135108947754 549.75609588623 545.226570129395 599.403289794922 677.421772003174 754.474988937378 622.249794006348 811.343971252441 861.84065246582 302.186279296875
567.431570053101 707.807479858398 641.843784332275 631.313854217529 583.030877113342 720.174217224121 588.412233352661 665.848602294922 749.173557281494 756.242635726929 587.373035907745 564.628288269043 653.131529808044 661.240509033203 689.480079650879 696.938667297363 578.004020690918 616.703205108643 544.263275146484 735.612609863281 997.788551330566 1241.32985305786 1721.77126312256 842.1291847229 913.553451538086 506.18563079834 449.031677246094 536.268501281738 648.923477172852 527.011215209961 602.061611175537 678.47749710083 482.910949707031 635.248142123222 716.897972106934 675.112013101578 668.887056350708 654.136245727539 528.57746887207 636.733549118042 660.109662532806 686.12460899353 667.017339706421 546.203567504883 580.896301269531 743.670703887939 665.198893070221 614.370166778564 611.479965209961 574.860977172852
721.714462280273 598.5495262146 563.862125396729 513.910507202148 438.156051635742 504.453895568848 687.023769378662 678.199012756348 813.856674194336 891.861480712891 645.042852401733 665.601699829102 631.692764282227 655.351833343506 684.564308166504 570.272442817688 698.365180969238 678.18425655365 554.955581665039 595.840469360352 766.688389062881 1154.66949462891 1273.69938659668 1432.3395690918 822.7292137146 550.597785949707 663.840923309326 441.003067016602 589.290870666504 676.811630249023 554.174118041992 544.974594116211 426.445343017578 578.694095611572 621.959500312805 623.328073978424 534.124954223633 522.346740722656 675.109748840332 632.456105709076 698.291160583496 586.811454772949 547.699752807617 660.825133323669 595.347503662109 659.183748722076 615.354965209961 667.74530506134 618.434047698975 590.123123168945
623.830638408661 676.30891418457 584.539894104004 526.358047485352 467.294830322266 706.574356079102 644.191853523254 568.491592407227 690.399612188339 715.599188804626 831.327503204346 614.758224487305 771.918518066406 745.11946105957 745.57506942749 717.406570136547 847.337951660156 689.229530334473 758.072660923004 945.135139465332 978.830940246582 1010.93964385986 1267.36926269531 1043.26584148407 751.485176086426 499.623176574707 545.854858398438 519.127471923828 656.738876342773 777.819564819336 624.101921081543 545.654205322266 513.869277954102 469.865997314453 631.169088363647 634.340257644653 683.263824462891 610.28929901123 654.633293151855 668.275081634521 582.18741607666 738.576133728027 564.741943359375 791.816207885742 675.132966995239 577.046813964844 595.506980895996 617.492553710938 728.419441223145 594.317756652832
551.252239227295 600.419033050537 607.589414596558 490.955474853516 606.986787796021 803.655059814453 701.389999389648 829.796371459961 796.519325256348 528.594223022461 638.312072753906 755.862134933472 685.72274017334 719.188205718994 695.090866088867 681.38512802124 838.151214599609 963.706039428711 753.753856658936 812.208362579346 778.576728820801 827.058788299561 962.054042816162 890.627196311951 661.516151428223 587.831565856934 468.771957397461 507.50203704834 463.782165527344 612.458942890167 633.647506713867 607.770397186279 485.000259399414 592.547601699829 647.501062393188 646.108583450317 678.762203216553 694.954170227051 655.45539855957 721.878959655762 534.551879882812 816.382171630859 792.781707763672 800.665100097656 738.865104675293 586.488929748535 624.261966705322 516.039138793945 606.698707580566 730.729602813721
567.877597808838 580.897979736328 679.819721221924 537.567359924316 767.52808380127 772.653060913086 594.401313781738 620.160301208496 723.854034423828 570.938850402832 697.145347595215 561.173080444336 688.215042114258 793.339599609375 782.946960449219 588.799987792969 797.430160522461 885.963001251221 756.050191879272 723.92741394043 841.901294708252 926.330093383789 977.824897766113 857.066661834717 631.545256614685 632.75519657135 589.779437065125 486.084327697754 579.829277038574 612.225374221802 565.811473846436 964.586864471436 657.248435974121 693.374877929688 786.961532592773 724.261764526367 631.745464801788 609.795042991638 627.523212432861 681.407005310059 662.259838104248 729.895942687988 805.45435333252 767.335479736328 747.551803588867 623.516180992126 675.770080566406 538.153945922852 455.047836303711 698.738059997559
539.437461853027 526.942176818848 701.494918823242 637.993455886841 699.18737411499 685.81872177124 579.997909545898 659.063667297363 757.649703979492 644.458236694336 625.420101165771 790.649345397949 670.898494720459 671.006441116333 635.726013183594 597.228317260742 712.869204998016 647.158676147461 812.183361053467 811.050588667393 937.435043334961 909.671630859375 903.625406265259 754.741607666016 705.00813293457 620.269561767578 720.686744689941 653.029151916504 452.908996582031 625.365036010742 859.916578292847 711.285469055176 705.166412353516 737.670387268066 638.516227722168 783.995834350586 661.1650390625 684.059066772461 555.642040252686 788.550735473633 676.626899719238 805.230049133301 649.559390068054 529.682991027832 605.369619369507 732.019386291504 744.048942565918 632.201293945312 569.169204711914 615.190757751465
510.482818603516 536.199584960938 650.451028823853 578.99779510498 782.854827880859 787.674362182617 671.304597854614 686.18431854248 776.985458374023 619.509811401367 557.526329040527 703.32453918457 717.560381412506 643.772003173828 612.344398498535 701.87576675415 576.650390625 680.639291763306 750.226306915283 728.317237854004 849.173015594482 874.308609008789 479.702705383301 601.685436248779 714.202568054199 611.986171007156 741.877777099609 580.844518661499 454.692779541016 715.301422119141 726.813903808594 609.967130661011 629.741985321045 627.784113883972 496.663955688477 717.812271118164 671.211280822754 539.361351013184 684.065784454346 700.241859436035 603.532474517822 671.060428619385 567.294143676758 527.033973693848 580.296440124512 804.141220092773 716.601928710938 584.74698638916 636.20490694046 651.485566616058
550.811981201172 536.389701843262 462.140686035156 710.694785118103 742.514762878418 841.22297668457 716.156295776367 676.189432144165 730.282928466797 543.205856323242 700.81233215332 508.145820617676 578.614700317383 553.168914794922 716.04833316803 759.719207763672 737.200634002686 778.061798095703 850.731582641602 886.82963180542 837.341403961182 535.302276611328 482.212936401367 597.81489944458 647.942340373993 736.257713317871 678.425743103027 613.524543762207 499.196144104004 605.083084106445 497.394348144531 546.006385803223 677.591903686523 680.102069854736 561.271873474121 615.693717956543 837.960830688477 784.252862453461 728.548536300659 400.497497558594 474.634750366211 718.98136138916 657.353538513184 528.498260498047 608.181454658508 589.95630645752 676.71671295166 711.377624511719 680.167919158936 707.222106933594
411.220413208008 562.68620300293 701.563282012939 576.96501159668 730.445129394531 796.314010620117 629.511011600494 761.099060058594 659.564926147461 728.522651672363 584.328990936279 619.335131168365 618.102161407471 609.624725341797 687.426477432251 957.570785522461 809.896362304688 640.181432723999 544.545852661133 504.821502685547 425.864074707031 565.318820953369 579.050579071045 600.974601745605 725.334716796875 673.559432983398 628.841443061829 697.783199310303 636.460793495178 739.296951293945 553.43049621582 556.991382598877 472.906311035156 474.549453735352 620.074434280396 579.734596252441 593.151382446289 1106.22262001038 1059.23323440552 723.7375664711 529.046279907227 500.53532409668 604.935195922852 636.397978067398 514.034027099609 521.7939453125 687.055198669434 788.203231811523 749.581932067871 739.418487548828
666.065982818604 794.02897644043 713.580810546875 617.345575332642 574.477756500244 714.24681854248 702.07035446167 664.887706756592 777.42707824707 751.057685852051 719.824028015137 660.383804321289 839.138000488281 682.902313232422 793.477882385254 815.113731384277 569.022842407227 566.236164093018 566.727214813232 469.633834838867 486.846252441406 568.026664733887 541.664505004883 651.567886352539 512.102989196777 604.281147003174 665.861270904541 758.77725982666 830.720397949219 591.917404174805 789.315284729004 700.847762107849 645.292018890381 557.271644592285 518.841079711914 735.911514282227 700.420547485352 884.942222595215 562.062007904053 621.304932594299 592.977031707764 520.748176574707 672.517864227295 728.632431030273 682.342105865479 597.749715805054 623.506237983704 702.81477355957 650.592540740967 624.228681564331
670.608682632446 816.266487121582 661.1854596138 743.507888793945 612.316032409668 688.247966766357 646.458923339844 741.671813964844 652.467421531677 635.332317352295 659.00777053833 644.852398276329 743.08992767334 796.81037902832 657.838489532471 668.257541656494 705.605361938477 648.081893920898 541.448394775391 361.624435424805 531.686149597168 730.551902770996 677.230439186096 517.774223327637 651.745105743408 511.183967590332 563.14143371582 838.261138916016 651.440265655518 671.39440536499 716.955418586731 937.616149902344 648.074934005737 639.586420059204 822.387405395508 759.343147277832 661.490854263306 844.81763458252 681.924395084381 597.314586639404 638.624086380005 697.93871307373 799.937843322754 688.496627807617 567.776859283447 673.913139343262 524.756408691406 657.459374427795 664.899305343628 539.835891723633
609.567611694336 626.991939544678 621.325656890869 634.221996307373 551.553596496582 612.350986480713 577.433731079102 563.542106628418 571.265411376953 515.388305664062 619.242116928101 584.005039215088 631.646152496338 597.912384033203 601.107725143433 609.857707977295 690.333648681641 560.352180480957 548.967483520508 411.387359619141 613.178829193115 786.861785888672 714.927322387695 519.881011962891 606.209911346436 693.239540100098 642.041538238525 517.685829162598 535.606597900391 706.163404464722 773.13793182373 750.492301940918 709.959396362305 585.795124053955 680.090488433838 951.086116790771 970.550025939941 694.776142120361 517.077323913574 728.285652160645 752.96696472168 609.773780822754 704.944839477539 651.742352485657 502.03946685791 641.330408096313 500.320198059082 605.646858215332 664.409030914307 696.722110748291
