simdem/realisation83.asc
NCOLS 350 
NROWS 171 
XLLCORNER 152620 
YLLCORNER 418050 
CELLSIZE 100 
NODATA_value -9999 
[rows 22 to 43 of 171, columns 250 to 299 of 350]
794.285070419312 879.614334106445 858.183876037598 962.567260742188 919.108565807343 951.808403015137 1065.25475645065 828.259704589844 889.217126369476 715.273784637451 774.902268886566 619.526309967041 723.751705169678 712.122661590576 737.090915679932 695.979888916016 876.446979522705 750.207651615143 617.039512634277 798.353800773621 732.302463531494 680.103642463684 648.882099151611 775.835739135742 794.162738800049 659.887405395508 880.826293945312 992.994369506836 804.375312805176 888.730442047119 856.948318481445 -9999 -9999 -9999 -9999 -9999 -9999 -9999 -9999 -9999 -9999 -9999 -9999 -9999 -9999 -9999 -9999 -9999 -9999 -9999
772.322338104248 627.098358154297 677.775253295898 800.284634590149 869.793022155762 805.011924743652 776.635375976562 936.482383728027 1055.55060625076 948.192746162415 1002.15724182129 722.939117431641 781.637344360352 796.027732849121 735.664180755615 741.971298217773 827.015975952148 693.016983032227 618.249900817871 809.004192352295 784.384872436523 651.526836395264 651.556903839111 568.40198135376 686.566837310791 803.386535644531 868.86946105957 982.029190063477 942.194702148438 770.830031394958 576.064716339111 983.598482131958 952.44425201416 754.570198059082 -9999 -9999 -9999 -9999 -9999 -9999 -9999 -9999 -9999 -9999 -9999 -9999 -9999 -9999 -9999 -9999
697.309070587158 1256.16050243378 1202.00984573364 697.699935913086 816.234214231372 633.026634216309 746.344612121582 929.114555358887 997.320785522461 957.493087768555 908.266319274902 1112.61082458496 955.26029586792 707.897102355957 633.552780151367 885.860726833344 892.05632019043 852.9719145298 919.32262802124 838.911842346191 786.960880279541 913.838859558105 864.736785888672 639.240497589111 716.923027038574 787.660354614258 764.096939086914 990.705322265625 1003.89636230469 788.85408782959 935.885105133057 966.876075744629 922.383880615234 840.008911132812 1001.7894744873 993.167056560516 936.344299316406 -9999 -9999 -9999 -9999 -9999 -9999 -9999 -9999 -9999 -9999 -9999 -9999 -9999
856.032093048096 939.595100402832 907.365226745605 812.971199035645 769.872877120972 890.986190795898 1034.13049316406 910.6457862854 938.342987060547 955.692474365234 935.000373840332 927.358890533447 885.295738220215 778.692108154297 904.558364868164 979.668983459473 880.024280548096 813.368537902832 827.468738555908 873.743461608887 907.060886383057 1062.11215209961 977.613082885742 1015.82265472412 894.387908935547 729.721565246582 639.184967041016 960.362655639648 987.162071228027 904.853439331055 655.323266983032 857.290435791016 712.988822937012 752.926940917969 950.161598205566 1092.08700561523 773.576597213745 776.973151445389 801.208301544189 685.132041931152 834.745258331299 -9999 -9999 -9999 -9999 -9999 -9999 -9999 -9999 -9999
723.300094604492 777.155029296875 907.587749481201 849.82918548584 816.940559387207 950.77613067627 841.837135314941 921.056259155273 861.725273132324 806.761908531189 865.507694244385 1170.02027130127 980.376235961914 1189.85478210449 871.438529968262 772.355377197266 901.315864562988 799.227066040039 801.733337402344 832.046913146973 819.144153594971 950.717811584473 1181.65753936768 1188.7713470459 1038.77493286133 979.613542199135 784.474899291992 1027.30657196045 1020.32447052002 889.490695953369 607.558807373047 691.81706237793 681.264831542969 588.700794219971 461.112319946289 999.58723449707 844.021644592285 791.733421325684 809.906394958496 929.575714111328 804.173366546631 830.962257385254 1136.35995483398 902.576133728027 986.146774291992 -9999 -9999 -9999 -9999 -9999
852.520458221436 860.525465011597 897.036842346191 919.378387451172 974.404632568359 776.681182861328 991.876281738281 741.834274291992 858.230514526367 882.490226745605 921.585521697998 706.831130981445 574.394165039062 2052.27641296387 801.440338134766 798.702438354492 566.521118164062 705.527313232422 873.778839111328 806.940475463867 898.191539764404 918.174999237061 890.105613708496 1070.40294075012 1076.49285316467 1022.60816955566 919.796806335449 1111.49327087402 1036.62752532959 764.442244052887 737.803352355957 779.582290649414 762.879417419434 482.177017211914 568.128942489624 625.00478553772 1010.32137298584 946.553039550781 846.49667596817 881.707298278809 883.41877746582 838.457565307617 989.359432220459 987.889720916748 944.030798912048 1034.73654937744 989.726951599121 771.312623977661 706.331970214844 915.039741516113
802.220238685608 832.526860237122 788.366424560547 729.477104187012 780.054153442383 786.514633178711 623.630432128906 699.034931182861 804.883924484253 747.115028381348 824.270573377609 671.45458984375 637.425247192383 1810.01336669922 632.064880371094 681.027313232422 745.581359863281 682.991859436035 771.361343383789 883.043502807617 977.640643119812 903.222610473633 928.586486816406 1091.0913734436 1150.94784545898 887.444430828094 1036.5090637207 1072.54890441895 1096.80714416504 940.021602630615 901.063766479492 958.840671539307 1128.56385040283 679.881559371948 725.877676010132 645.335964202881 931.735126495361 911.76124382019 848.736219406128 910.955200195312 856.854934692383 709.063903808594 759.931251525879 823.77486038208 1044.15911865234 1039.52366638184 1099.77445983887 858.731224060059 709.001113891602 603.775482177734
704.060134887695 749.133056640625 765.73494720459 778.365280151367 705.012283325195 875.604385375977 723.764984130859 735.321353912354 757.670685768127 882.946483612061 757.854545593262 461.115264892578 1025.66818237305 505.105895996094 724.415451049805 811.440761566162 808.583782196045 809.011692047119 953.212020874023 803.801464080811 815.351369857788 868.613952636719 860.814453125 942.041191101074 1009.30457305908 1519.47925567627 936.648590862751 1118.86859893799 982.238849639893 1050.49127864838 817.993404388428 838.866683959961 1165.81609344482 794.047691345215 900.660335540771 1044.37245559692 1081.35894012451 1026.60748291016 884.939598083496 892.451992034912 777.283025741577 839.691734313965 945.197540283203 952.637786865234 895.997192382812 836.141437530518 664.775024414062 670.142059326172 516.610111236572 799.398844718933
692.971153259277 670.92854309082 748.786685943604 981.254371643066 841.995723724365 763.608521461487 759.917163848877 872.547309875488 945.507171630859 764.101795196533 601.787490844727 457.085662841797 1274.63513183594 576.280960083008 653.511825561523 636.59846496582 844.389831542969 735.938888549805 842.57982635498 793.912817001343 872.727544784546 616.785781860352 851.083372116089 791.789070129395 804.754347801208 940.386714935303 882.458572387695 847.574552536011 772.260879516602 939.232650756836 902.057211875916 1161.38542938232 1002.35287475586 990.760354995728 1003.0553894043 946.529930114746 1062.74897003174 1014.1646900177 912.548645019531 853.46061706543 805.66040802002 918.106494903564 814.842449188232 946.844450950623 880.733539581299 815.696292877197 755.795913696289 477.184768676758 498.046722412109 915.137916326523
776.608631134033 660.731658935547 735.92516708374 878.621078491211 907.375549316406 845.148704528809 720.522701263428 785.197810411453 827.644361495972 799.900705337524 863.597068786621 1059.75997924805 859.740568161011 764.285562515259 729.030075073242 754.310020446777 733.646286010742 843.3154296875 849.76455116272 886.243476867676 799.938943862915 558.463592529297 832.019924163818 871.635040283203 867.06534576416 739.911933898926 733.935363769531 803.808046340942 838.061559677124 867.054140090942 894.921451568604 804.000610351562 906.987716674805 986.394035339355 995.540046453476 1028.88205718994 859.161344408989 856.210490226746 1020.32026672363 1355.72172927856 935.077949523926 1052.64339447021 983.357027053833 823.521392822266 904.25462937355 759.975722312927 632.670288085938 586.665588378906 749.820381164551 950.946403503418
762.818782806396 759.072633743286 727.881072998047 739.620368003845 791.721584320068 854.194274902344 736.787746429443 735.364582061768 800.193391799927 770.724046707153 867.734100341797 1477.31310081482 843.167526245117 751.262685775757 708.521713256836 650.019943237305 834.309482574463 819.926490783691 730.669082641602 587.232925415039 632.362945556641 687.181991577148 677.801986694336 818.676948547363 769.261419296265 774.342124938965 835.578733444214 856.637992858887 780.19367980957 680.670928955078 812.090217590332 813.491784453392 860.100757598877 840.830085754395 790.187454223633 948.736473083496 790.925342559814 916.538589477539 863.382755279541 805.125827789307 745.215538024902 792.819183349609 946.027100086212 1463.22977828979 927.361812591553 845.905666351318 997.296339035034 1124.33671569824 1128.98883056641 988.513414382935
836.545402526855 671.522724151611 706.954257965088 779.71583366394 901.086059570312 878.555267333984 747.050258636475 754.654842376709 768.720058441162 812.710814714432 1203.83544921875 900.867095947266 911.184448242188 700.068450927734 729.958309173584 878.317726135254 867.228424072266 771.139072418213 743.959667444229 507.612503051758 703.291282653809 508.565490722656 686.957542419434 746.244789123535 768.139154434204 848.538383483887 857.103973388672 686.864334106445 710.251369476318 846.262508392334 829.813369750977 832.616819381714 843.158172607422 810.73667049408 782.819683074951 857.572998046875 950.038757324219 896.070190429688 910.877792358398 781.046630859375 855.805606842041 881.33039855957 879.200865745544 901.206115722656 1308.96806335449 714.852359771729 800.785598754883 678.798980712891 1009.38463973999 1043.34090417624
649.027359008789 755.643105506897 925.796890258789 848.428871154785 831.626064300537 819.632286071777 631.589599609375 760.612379074097 613.906784057617 1156.52225112915 731.94243305549 621.510833740234 717.815162658691 865.317741394043 734.50231552124 981.247392579913 992.759567260742 813.722922325134 862.833477020264 923.427886962891 848.18762588501 670.462949752808 747.610279083252 865.24095916748 838.84253692627 762.638083934784 642.629241943359 907.072052001953 932.765930175781 840.96146774292 1016.72378540039 772.729507446289 717.350120544434 877.830078125 857.241844177246 940.834007263184 877.872947692871 886.611427307129 881.813583374023 898.588607788086 1016.53251647949 912.675220489502 833.04506444931 821.567401885986 804.366695404053 1278.48619842529 1002.12487030029 1156.32217407227 1084.55948829651 980.468963623047
597.722351074219 664.540756225586 743.654628753662 861.655555725098 857.253982543945 837.619644165039 778.717416763306 818.881385803223 613.607284545898 719.827296972275 769.54202747345 701.740097045898 661.198631286621 736.316835403442 702.560127258301 858.996061086655 948.631461143494 863.307819366455 903.314590454102 961.180114746094 850.148612976074 834.319274902344 680.587013244629 822.893543243408 840.258028030396 786.831431388855 780.558311462402 833.920909881592 872.931732177734 832.371280670166 932.642295837402 926.795883178711 785.837794303894 814.954876899719 932.83145904541 894.88317489624 881.457733154297 851.133197784424 914.011024475098 678.137184143066 692.507888793945 670.905944824219 701.05517578125 729.77449798584 790.915508270264 946.400936126709 904.081530570984 1351.81302642822 1064.57692146301 863.948303222656
679.850410461426 800.19250869751 833.773998260498 845.63688659668 855.674171447754 857.278205871582 778.906438589096 696.052505493164 822.18440246582 720.958309173584 714.366600036621 715.992095947266 702.672718048096 737.714668273926 1298.10740856081 731.459045410156 690.352279663086 1099.66941070557 1293.06230163574 993.674461364746 754.474681854248 824.711483001709 773.791877746582 749.483451843262 672.902732849121 865.547199249268 769.655006408691 906.617889404297 884.410461425781 943.123504638672 935.670150756836 744.054100036621 771.01452255249 718.921955108643 681.952407836914 806.379795074463 796.6487159729 743.538986206055 865.985092163086 800.522340774536 775.699203491211 762.028373718262 643.762893676758 835.918145179749 842.347505569458 802.20922088623 834.672477722168 737.578193664551 1012.40148544312 1123.5620765686
632.722183227539 797.105743408203 827.334571838379 769.333431243896 762.955207824707 766.828236579895 686.782783508301 974.15486907959 683.724750518799 656.397239685059 758.395272254944 755.891571044922 811.988737106323 914.464477539062 996.698883056641 684.073226928711 500.598724365234 908.19068145752 1508.87538909912 912.068153381348 889.586502075195 725.390838623047 857.717819213867 739.699577331543 750.733638763428 689.973793029785 878.264495849609 895.510124206543 881.516014099121 934.959617614746 858.58812713623 758.311742067337 819.771493911743 587.494766235352 684.900344848633 830.255422592163 804.793657302856 808.293599128723 867.680858612061 791.380950927734 762.189510345459 840.569036483765 860.600309371948 845.215423583984 699.472045898438 801.929149627686 824.671768188477 913.502243041992 976.455093383789 999.036666870117
710.466438293457 720.776906967163 811.955101013184 791.025733947754 790.425659179688 796.870746612549 714.775650024414 852.828666687012 822.06226348877 759.198919296265 1215.63965606689 904.999629974365 1063.56811523438 1093.05660629272 753.483169555664 750.98983001709 716.479614257812 1687.6077747345 864.776382446289 1410.10639953613 1426.52796173096 906.730871200562 757.347857356071 743.753059387207 748.56616973877 756.126319885254 743.27481842041 851.3212890625 1025.08526611328 884.233863830566 863.386459350586 799.371123313904 840.553554534912 815.271835327148 889.131210327148 698.346870422363 738.445343017578 775.913711547852 962.139999389648 819.514675140381 726.506805419922 763.597675323486 849.873729705811 761.552314758301 815.13228225708 940.75074005127 808.261856079102 903.471154212952 983.690002441406 867.753843307495
835.323608398438 813.698219299316 786.326839447021 777.616348266602 644.914215087891 709.83158493042 718.8166847229 707.929262161255 753.032821655273 815.072296142578 885.225494384766 862.598867416382 726.905746459961 1418.62686920166 1021.3018951416 853.120452880859 733.941284179688 645.544143676758 922.958793640137 911.834928393364 939.801597595215 768.395356416702 696.221641540527 807.830642700195 747.988452911377 859.753704071045 751.033306121826 675.85026550293 867.144666671753 942.332260131836 817.269927978516 758.120712280273 924.653732299805 780.388572692871 865.988224029541 817.09680223465 723.023056030273 756.699279785156 703.176536560059 800.925888061523 626.791152954102 861.345200538635 860.151865005493 758.225715637207 768.884140014648 784.028129577637 746.470893859863 801.209095001221 856.299188613892 891.36559677124
793.528915405273 774.03698348999 827.612503051758 767.767845153809 719.963356137276 692.831718444824 598.180755615234 663.628646850586 644.891563415527 734.012017250061 857.172580718994 835.764099121094 760.263786315918 791.588928222656 847.902778625488 1077.12161254883 718.715770721436 1016.24753570557 720.23900604248 756.722440719604 734.144847869873 745.430938720703 618.697128295898 711.495986938477 684.358558654785 869.687118530273 675.258209228516 669.148902893066 728.423904418945 599.737747192383 763.473526000977 740.831123352051 958.819346666336 863.870651245117 803.664697647095 853.642738342285 822.109149932861 939.046722412109 744.814552307129 706.265808105469 997.29997253418 826.483977079391 835.595932006836 755.256805419922 812.661312103271 800.478826522827 942.832740783691 848.837065696716 877.68350982666 1014.30604553223
855.152206420898 885.799697875977 817.338973045349 722.7255859375 765.713195800781 725.817558288574 694.743001937866 735.418779850006 647.592781066895 752.299362182617 933.197147369385 767.682434082031 481.37922668457 597.492980957031 820.177261352539 861.756408691406 784.984710693359 746.8525390625 961.606700897217 782.166568756104 730.615821838379 758.589714050293 706.052875518799 756.708089828491 793.505405426025 688.332916259766 681.899543762207 735.215686798096 911.548873901367 791.169555664062 1245.38876342773 824.419930458069 977.139511108398 857.437688827515 809.244693756104 864.295433044434 1125.2534866333 838.278736114502 900.380645751953 806.373161315918 1041.94075775146 726.963935852051 856.719856262207 825.010387420654 863.645210266113 984.322875976562 914.032150268555 970.028625488281 786.163730621338 857.599153518677
744.625122070312 701.906935691833 861.923011779785 669.890769958496 849.182846069336 747.711277008057 695.070949554443 696.954906463623 606.725730895996 652.703338623047 840.760223388672 1168.84521484375 539.1337890625 780.671756744385 760.080230712891 752.245717048645 653.460472106934 834.291549682617 833.86918258667 731.04355430603 735.136028289795 817.291301727295 764.132150173187 743.616453170776 660.235565185547 645.80354309082 788.800727844238 629.655136108398 710.254262924194 866.445384979248 769.036790847778 902.339225769043 988.042938232422 707.261337280273 705.503067016602 858.080095291138 839.028842926025 1079.94493484497 896.105525970459 1329.7042427063 948.672149658203 945.325294494629 908.356948852539 903.627002716064 1005.00062561035 1027.91355895996 955.063552856445 945.5478515625 810.503488540649 779.022766113281
695.079288482666 679.549785614014 617.196350097656 716.052537202835 675.847454071045 777.074436187744 642.292213439941 619.656280517578 556.161407470703 823.113143920898 880.209428787231 735.336700439453 752.231582641602 761.56588602066 840.210914611816 805.066425323486 851.758018493652 729.111548900604 782.699666976929 862.74853515625 767.450622558594 659.805213928223 877.41088104248 780.593236923218 716.423809051514 704.674282073975 934.203277587891 843.999583244324 659.635879516602 1197.93848407269 790.091352462769 611.415756225586 856.339460372925 592.975845336914 770.533744812012 904.793071746826 851.262592315674 870.493465423584 812.439800262451 977.353073120117 982.452087402344 883.476409912109 817.969011306763 954.966094970703 845.881860733032 979.24592590332 951.793342590332 1041.80712890625 882.620973587036 842.297271728516
