simdem/realisation45.asc
NCOLS 350 
NROWS 171 
XLLCORNER 152620 
YLLCORNER 418050 
CELLSIZE 100 
NODATA_value -9999 
[rows 66 to 87 of 171, columns 150 to 199 of 350]
432.625518798828 466.7158203125 585.445266723633 529.092121124268 489.886077880859 485.486679077148 608.517463684082 547.812326908112 573.38790678978 473.385711669922 370.004699707031 551.576620101929 608.497001647949 663.807830810547 721.393356323242 482.647476196289 336.366714477539 480.631858825684 549.773035049438 678.300445556641 637.599578857422 739.751892089844 551.670394897461 614.548385620117 574.891474246979 645.12574005127 658.093399047852 742.617645263672 636.63455581665 631.052061080933 655.012683868408 769.203277587891 754.484039306641 652.170406341553 616.254913330078 701.931045532227 655.852981567383 561.490337371826 720.830604553223 659.012630462646 605.669142007828 542.574104309082 603.802284240723 728.885879516602 581.425258636475 570.055885314941 746.703147888184 631.115219116211 765.744262695312 828.462493896484
541.048303127289 497.220680236816 677.263526916504 419.664840698242 543.584890604019 358.897399902344 586.492824554443 487.422828674316 482.625793457031 555.526017189026 637.703048706055 541.170944213867 549.687941551208 541.962047576904 548.877705574036 588.685741424561 549.860383987427 480.760635375977 446.469871520996 480.051132202148 606.997556686401 665.486793518066 732.943878173828 641.264175415039 758.182022094727 788.436248779297 712.10514831543 474.601707458496 519.680690765381 529.310180664062 673.743560791016 595.833047866821 584.557186126709 664.338623046875 696.237197875977 788.444885253906 675.158081054688 559.367664337158 680.640983581543 551.436225891113 482.659774780273 508.627868652344 590.612487792969 736.003677368164 667.865206718445 625.542831420898 653.604740142822 688.292795181274 727.371131896973 786.472259521484
497.710189819336 630.231285095215 558.33695101738 536.735966682434 351.982208251953 343.599243164062 544.577267408371 532.845350265503 661.590797424316 684.179252624512 507.564750671387 461.126205444336 540.441391944885 397.91667175293 535.080165863037 480.233329772949 524.199523925781 611.210872650146 490.335681915283 488.485778808594 572.881103515625 766.570022583008 623.701671600342 702.574584960938 746.698486328125 805.483444213867 696.19409942627 581.514003276825 563.230600357056 541.168838500977 603.086040496826 576.822082519531 435.409912109375 523.344573974609 724.513465881348 621.373967170715 588.144460678101 850.895751953125 650.511737823486 543.207471847534 648.107353210449 678.405921936035 570.538291931152 690.974426269531 762.319717407227 640.297674179077 606.571491241455 678.360084533691 734.138526916504 665.277442932129
694.237884521484 624.909049987793 584.947498321533 634.85033416748 485.476367950439 583.294303894043 674.873603820801 581.356714248657 589.54629278183 639.444679260254 482.889167785645 533.233408927917 470.521392822266 502.429920196533 543.595666885376 341.45475769043 359.740936279297 520.465129852295 556.53334236145 449.670928955078 646.442375183105 698.438705444336 621.139495849609 563.567741751671 570.014351844788 481.998558044434 545.943315505981 534.171993255615 606.844738006592 572.203304290771 641.507286071777 571.098754882812 509.224334716797 629.278789520264 626.56559753418 705.31413269043 637.064186096191 763.25505065918 520.398849487305 714.310447692871 596.09947013855 609.315685689449 716.782829284668 647.496272087097 741.588920593262 730.615119934082 556.582801818848 618.197868824005 629.600119113922 651.548105239868
588.854164123535 618.437076568604 589.125957489014 699.127059936523 457.849327087402 612.338798522949 597.837661743164 553.589237213135 678.876663208008 558.67599105835 532.067638397217 516.722923278809 299.110275268555 565.417791366577 570.161037445068 473.059692382812 604.26554107666 602.12836265564 575.454403877258 515.644046783447 578.023509979248 621.345626831055 545.907287597656 660.970478057861 603.89656829834 670.16675567627 527.656394958496 573.036766052246 736.293365478516 735.993255615234 666.714828491211 504.069305419922 441.432327270508 551.229541778564 674.787490844727 608.05428314209 656.259231567383 454.615158081055 464.634323120117 526.674339294434 550.046112060547 531.283081054688 443.363082885742 574.896944046021 704.104766845703 779.571014404297 666.09005689621 652.709343910217 609.890243530273 678.931858062744
560.719110488892 587.613925933838 435.849685668945 584.773632049561 653.793739318848 535.75018119812 609.213348388672 510.0791015625 451.210754394531 523.244913101196 608.083686828613 389.683532714844 601.462181091309 562.745137214661 592.534782409668 617.639972686768 651.758773803711 605.279418945312 596.499929428101 539.774757385254 539.775840759277 495.633735656738 664.244956970215 391.268844604492 583.22060585022 682.456817626953 561.720676422119 631.79662322998 622.423557281494 632.996738433838 542.569339752197 596.127122879028 560.574333190918 602.754457473755 562.909873962402 480.921562194824 791.000747680664 504.697319030762 536.54655456543 558.395313262939 495.327926635742 638.959193229675 520.843544006348 491.704376220703 654.461154937744 633.829171180725 578.487476348877 751.802291870117 563.396087646484 650.817584991455
530.781845092773 345.157073974609 429.487640380859 586.511379241943 574.986444473267 619.379302978516 542.270026773214 546.640199661255 395.020446777344 568.991529464722 407.014541625977 487.175872802734 421.092971801758 522.532318115234 503.396213531494 570.974925994873 548.139743804932 536.593208312988 640.080429077148 662.422618865967 499.365211486816 711.273124694824 476.779968261719 511.084915161133 531.825134277344 678.392227172852 646.292087554932 597.021892547607 579.085693359375 648.76736831665 507.103710174561 608.515749454498 570.154417991638 567.582671254873 504.861907958984 692.899993896484 682.905788421631 646.97826385498 617.040727615356 570.788249492645 540.740898132324 480.069717407227 410.936706542969 502.414031982422 587.640412330627 605.728567123413 720.230941772461 727.652252197266 663.548183441162 781.164749145508
589.126010894775 467.148445129395 374.08122253418 449.848327636719 612.923583984375 715.865036010742 657.103073120117 569.432586669922 542.376177787781 430.857086181641 406.696975708008 543.315782546997 606.77518081665 599.8190574646 504.305694580078 555.475580215454 488.046043395996 496.964363098145 646.582260131836 608.368778705597 661.564617156982 712.517349243164 711.192699432373 647.031429290771 654.041011810303 672.829963684082 547.661979675293 617.394355654716 610.628963470459 700.294525146484 576.364424705505 507.998146057129 535.700263977051 522.576667785645 558.075853347778 672.767707824707 484.721748352051 684.019340515137 589.845353543758 555.393115997314 565.990774154663 576.443266868591 662.904121398926 613.587696075439 670.402984619141 639.582319259644 657.081943511963 588.146142959595 651.220386505127 710.482666015625
606.608329772949 392.074203491211 408.572326660156 525.349731445312 525.533281326294 607.143882751465 637.725593566895 581.94935798645 526.005882263184 630.362804412842 530.25474357605 523.076240539551 506.905174255371 550.596606969833 596.153852462769 631.085250854492 602.118476867676 506.478416442871 659.019630432129 524.048477172852 506.83479309082 674.600872039795 513.670516967773 662.437545776367 549.900016784668 621.451530456543 606.844005584717 643.38659286499 685.860649108887 694.866271972656 633.296497344971 571.559520721436 549.611431121826 534.587463378906 596.709489345551 507.332214355469 626.093521118164 565.527992248535 520.082206726074 426.706176757812 453.518966674805 563.167179107666 645.690441131592 570.122480392456 613.786834716797 531.431716918945 585.750001907349 580.046560287476 534.292320251465 628.675333023071
771.840888977051 520.88313293457 581.257753372192 552.313345432281 504.855690002441 519.410640716553 648.550422668457 600.964172363281 613.694286346436 559.746236801147 482.53246307373 592.37154006958 434.112823486328 394.716644287109 475.753700256348 539.545120239258 513.535369873047 517.687484741211 538.780151367188 563.030933380127 511.594223022461 515.100852966309 518.085662841797 481.243362426758 629.111114501953 575.727819442749 531.61888885498 508.676567077637 613.680003643036 702.782218933105 527.319919586182 561.884300231934 368.822036743164 476.67423248291 583.992923736572 557.321453094482 602.469079971313 606.158905029297 523.748245239258 542.845252990723 704.10703587532 627.789638519287 393.446868896484 562.325344085693 633.143718719482 542.942222595215 597.825677156448 624.494037628174 608.999189376831 776.663482666016
718.219818115234 596.922378540039 604.121780395508 924.308877944946 652.014022827148 463.796661376953 658.856880187988 638.510566711426 723.746826171875 599.906303405762 423.628036499023 352.658126831055 382.371429443359 499.07413482666 561.265117645264 527.402030944824 434.651596069336 659.903678894043 536.944213867188 613.652875423431 681.722133636475 663.859195709229 616.747722625732 494.726684570312 575.220245361328 542.119720458984 495.15950012207 583.774410247803 637.271074295044 602.524825453758 488.891616821289 477.207916259766 483.750267028809 560.220865249634 496.537780761719 430.460601806641 526.929252624512 580.428660869598 528.478137969971 490.522804260254 755.061149597168 523.826583862305 520.064544677734 557.408752441406 582.467720031738 658.661895751953 564.490989685059 597.634737968445 619.370635032654 623.940544128418
595.813203811646 614.972499847412 654.834161758423 663.551223754883 573.721523284912 503.529602050781 502.808673858643 589.090087890625 562.51415348053 560.506803512573 539.362594604492 377.463821411133 495.942207336426 464.414810180664 572.193139076233 670.41771697998 693.016139984131 664.024875640869 685.049777984619 705.120933532715 493.812438964844 578.049961090088 544.366859436035 580.579963684082 820.076068878174 790.343641281128 542.76106262207 569.181987762451 591.359163284302 561.183319091797 502.355743408203 640.72688293457 432.422088623047 598.044821739197 533.798858642578 604.873746871948 631.111162185669 657.886577606201 663.654293060303 567.827198028564 666.015617370605 667.901016235352 732.817535400391 526.949600219727 598.452935695648 557.595119476318 581.428471565247 513.915969848633 488.878265380859 540.683670043945
550.202116966248 482.066261291504 571.517852783203 653.473556518555 640.79935836792 490.616432189941 450.671989440918 640.708541870117 563.052295684814 664.362510681152 766.124816894531 536.974914550781 699.010879516602 572.420788198709 519.20777130127 735.815155029297 706.029937744141 705.985809326172 525.573165893555 671.315958023071 626.212713241577 601.375822067261 482.977104187012 552.81218957901 749.05827331543 747.510635375977 645.951705932617 626.000757217407 662.183917999268 524.793190002441 670.476101875305 704.870597839355 626.118099212646 677.514579772949 523.856941223145 598.738176584244 532.02893447876 596.427772521973 621.360668182373 582.55665230751 639.627330780029 619.427522063255 637.521976470947 713.900825500488 479.900177001953 549.308921813965 507.248115539551 615.177812576294 598.615180969238 549.745193481445
671.416633605957 408.421062469482 676.759712219238 750.879959106445 701.971108913422 505.458305358887 665.237071990967 565.530334472656 639.82252073288 624.902041435242 606.688035964966 545.963409423828 590.329759597778 550.004932403564 733.910781860352 792.475051879883 725.763450622559 820.587356567383 655.881784677505 638.655457019806 627.687908172607 565.329055786133 675.25804901123 558.313716888428 545.924263000488 752.137756347656 730.679290771484 823.205978393555 729.709175109863 691.670551300049 559.513557434082 653.771015167236 760.459342956543 775.21794128418 672.040344238281 684.810104370117 595.039963722229 548.699314117432 509.77751159668 633.955600738525 696.57266998291 559.857582092285 506.893417358398 616.639608383179 499.62523651123 530.634315490723 609.882472038269 677.26050567627 696.321571350098 683.159992218018
669.566917419434 507.141510009766 581.333576202393 751.2004737854 580.088787078857 661.94987487793 552.173709869385 442.355926513672 698.982788085938 686.330974578857 540.372295379639 635.416309356689 685.713737487793 1080.51397705078 936.794891357422 726.585075378418 609.089092254639 767.228286743164 532.445209503174 541.890586853027 625.271682739258 469.089874267578 445.264419555664 368.750625610352 508.259254455566 680.921527862549 717.037574768066 796.123046875 717.802558898926 671.789016723633 550.987808227539 569.843036651611 614.796662330627 707.599849700928 536.260498046875 513.891105651855 537.476715087891 571.949110031128 555.933555603027 576.739669799805 664.886100769043 461.816223144531 519.514129638672 584.707693099976 497.403472900391 701.384330749512 685.450927734375 647.59252166748 623.213312149048 576.958339691162
719.934516906738 756.235092163086 739.831008911133 908.879196643829 626.702266693115 719.058589935303 657.793048858643 417.688842773438 483.426528930664 522.849723815918 677.991422891617 931.825119018555 731.198913574219 994.529670715332 754.491912841797 800.898551940918 792.730934143066 806.990604400635 650.088802337646 609.283840179443 650.063876152039 608.630400657654 476.582855224609 566.463502883911 737.072074890137 895.917053222656 708.758312225342 714.215888977051 755.196723937988 689.103813171387 607.564193725586 697.41760635376 723.317779541016 649.305688858032 633.406154155731 629.163509368896 407.600616455078 535.417984008789 637.928993225098 569.173431396484 577.382942199707 463.506759643555 606.70515537262 531.953544616699 612.659729003906 741.722846984863 757.155311584473 628.040790557861 590.929901123047 537.179412841797
699.267696380615 621.490154266357 624.757022857666 818.269947052002 692.931083679199 783.204113006592 749.349406242371 611.77912902832 583.21875 1055.69424057007 693.557518005371 658.274559020996 750.963882446289 528.515602111816 503.886444091797 704.816589355469 718.910598754883 702.357006072998 723.79606628418 600.622596740723 524.950904846191 705.614067077637 663.104309082031 655.17667388916 726.743545532227 725.954875946045 749.030975341797 778.869750976562 831.317047119141 553.767154693604 604.663864135742 639.266007900238 647.630546569824 748.351577758789 620.42148399353 573.310256958008 510.10880279541 606.965526580811 474.564849853516 604.549534440041 631.755464553833 690.967063903809 563.807266235352 612.686412811279 554.668388366699 598.244674682617 612.952556610107 632.999813079834 554.665519714355 572.649307250977
518.27611541748 578.221923828125 712.135360717773 583.373245239258 657.635147094727 798.40153503418 524.663333892822 786.403484344482 499.898513793945 898.637680053711 469.834991931915 439.29126739502 588.458595275879 477.379940509796 536.482528686523 545.765472412109 617.383622169495 573.634006500244 643.155992507935 934.398876190186 632.090274810791 496.954723358154 437.28173828125 476.108367919922 594.706604003906 753.414001464844 714.047050476074 728.216033935547 781.947937011719 813.645629882812 616.57017993927 756.255996704102 612.529972553253 612.214128494263 596.037752151489 579.236186981201 614.999215304852 534.497856140137 572.76070022583 518.430000305176 750.993850708008 710.235252380371 670.878698348999 585.619384765625 617.946285247803 577.224578857422 601.356174468994 534.884048461914 768.457054138184 629.971588134766
574.355533599854 573.854732513428 520.515872955322 452.793754577637 518.568840026855 707.575256347656 514.517944335938 654.399303436279 425.121185302734 490.445770263672 531.669326782227 710.345901489258 842.682830810547 749.453010559082 656.19041633606 617.79349899292 573.706634521484 374.269912719727 516.250232696533 1032.65268707275 818.782196044922 673.759231567383 933.962181091309 913.669525146484 586.052467346191 750.772483825684 747.679718017578 642.914909362793 721.145797729492 628.823276519775 465.460723876953 593.906534194946 661.958424925804 678.169509887695 575.624809265137 520.164794921875 732.593719482422 448.438079833984 581.729907989502 430.720626831055 620.925930023193 682.497732162476 580.802471160889 521.938903808594 501.8642578125 591.800567626953 769.437461853027 803.606063842773 728.987480163574 717.772384643555
505.789841175079 600.717849731445 676.745948791504 692.731948852539 745.984985351562 616.988433837891 486.021801948547 460.196197509766 501.719299316406 650.849639892578 780.629470825195 654.898208618164 786.591425895691 717.446754455566 714.958312988281 722.433053016663 592.41609954834 571.983963012695 522.558265686035 827.733478546143 614.486795425415 438.757984161377 775.605480194092 764.935134887695 1127.2177734375 644.634521484375 526.60969543457 560.472579956055 613.733215332031 474.065372467041 534.878995895386 621.044382989407 618.309730529785 675.836775302887 530.649925231934 649.238028526306 647.94314956665 571.563194274902 663.374561309814 480.544647216797 485.444595336914 590.049369812012 532.707763671875 658.555678844452 612.163898468018 546.192939758301 567.15306854248 657.896077156067 579.412567138672 501.253509521484
503.316761016846 693.152168273926 867.634201049805 762.266677856445 -9999 -9999 -9999 -9999 -9999 -9999 -9999 -9999 -9999 -9999 -9999 741.540023803711 660.499893188477 651.958045959473 587.824111938477 523.918685913086 598.025211334229 662.531726837158 517.07608795166 602.452903747559 830.741577148438 630.969970941544 991.326721191406 676.236406326294 618.250747680664 945.308634757996 513.972328186035 588.209476470947 622.162204742432 691.181127548218 668.357949256897 618.437922477722 589.754379272461 611.863470077515 624.160082817078 578.748497009277 587.363994598389 642.422210693359 660.727709054947 647.384741783142 675.296973228455 635.122917175293 612.885787963867 615.514789581299 637.273731231689 680.795328140259
-9999 -9999 -9999 -9999 -9999 -9999 -9999 -9999 -9999 -9999 -9999 -9999 -9999 -9999 -9999 -9999 -9999 -9999 634.189384460449 674.034408569336 662.789726257324 654.368354797363 715.498519897461 625.711616516113 669.618316650391 558.141786575317 667.461713790894 703.180130004883 642.000583648682 543.254467010498 463.432159423828 977.982528686523 598.838283538818 752.662330627441 817.381057739258 632.429584503174 565.387802124023 743.217399597168 622.616031646729 644.207099914551 749.382923126221 746.349960327148 749.111587524414 727.402481079102 830.772735595703 657.293958157301 764.753456115723 798.894027709961 657.909740447998 655.246799230576
