simdem/realisation32.asc
NCOLS 350 
NROWS 171 
XLLCORNER 152620 
YLLCORNER 418050 
CELLSIZE 100 
NODATA_value -9999 
[rows 132 to 153 of 171, columns 250 to 299 of 350]
778.434674263 660.663940429688 704.646270751953 823.648700714111 763.476791381836 588.288192749023 557.648895263672 492.605361938477 621.693035125732 817.986845016479 862.46484375 707.738880157471 665.648071289062 535.35107421875 556.487594604492 713.203163146973 687.668258666992 759.283512592316 874.145864486694 746.883266448975 856.953231811523 808.686943054199 794.219787597656 612.546524047852 547.087051391602 716.529644012451 761.697631835938 743.907245635986 623.246934890747 638.437498092651 505.606658935547 607.883010864258 634.202192306519 740.943496704102 549.192047119141 589.553424835205 638.15366268158 614.611473083496 618.56413269043 794.192611694336 841.855911254883 955.468826293945 900.143253326416 1234.23972320557 1024.14216709137 918.028955459595 821.935317993164 835.293628692627 1005.72482299805 945.497634887695
616.576110839844 662.947204589844 798.127326965332 752.653282165527 648.043090820312 502.986724853516 563.020946502686 509.508590698242 722.4215965271 798.500101089478 659.894369125366 728.986930847168 789.390659332275 693.433296203613 581.293090820312 667.003845214844 743.399066925049 900.12749671936 1022.80422210693 734.505290031433 707.098314285278 738.110433578491 658.567901611328 663.110717773438 656.628845214844 828.66178894043 750.110313415527 758.297874450684 668.580793380737 621.926651000977 580.544281005859 705.4248046875 570.176433563232 660.708869218826 564.050361633301 526.594680786133 488.295654296875 557.672836303711 539.523681640625 655.83750629425 568.411972045898 802.748222351074 971.322830200195 1214.26140594482 1028.76195144653 914.294536590576 1009.88033294678 711.109588623047 845.889427185059 908.164898395538
835.150001525879 742.865684509277 719.519416809082 661.494270324707 626.44033575058 559.582876205444 599.509552001953 641.047622680664 702.030220031738 783.425265550613 667.023277282715 762.991919517517 757.05114364624 730.715570449829 625.536476135254 752.581175804138 796.086204528809 892.362396240234 1128.19958496094 652.515411376953 669.451210021973 725.929654121399 642.816082000732 764.339332580566 727.934520721436 726.028575897217 810.683883666992 746.558441162109 746.345741271973 686.763568878174 651.393397212029 672.680314064026 616.248031616211 595.048915863037 597.222366333008 575.427185058594 542.055824279785 796.747589111328 684.385511398315 767.974418640137 642.662616729736 565.658164978027 588.398162841797 754.405754089355 944.411338806152 796.891677856445 737.697036743164 826.204128265381 851.729286193848 924.780666351318
633.187957763672 659.812187194824 564.014755249023 635.600257873535 617.056065559387 785.038650512695 746.675357818604 786.720402956009 731.206954956055 943.033569335938 772.018125534058 796.661155700684 716.389698028564 743.290172100067 680.696113586426 656.625640869141 742.254029273987 674.406520843506 793.997997283936 762.694320678711 765.314248085022 810.887683868408 623.345077514648 670.489921569824 700.422325134277 736.962303161621 623.171684265137 784.170806884766 824.36067199707 813.671997070312 652.139741182327 473.188095092773 416.46418762207 466.748229980469 607.165245056152 593.40119934082 556.231491088867 683.912258148193 744.629161834717 675.370649337769 666.55432510376 662.109150648117 607.995506286621 545.962921142578 670.531272888184 864.482902526855 783.051223754883 805.398632049561 945.429874420166 833.970069885254
642.020401000977 619.403274536133 647.411708831787 628.907942652702 531.116989135742 831.336017608643 830.251943826675 721.160217285156 620.248123168945 756.008190155029 817.630056381226 728.634269714355 583.83854675293 774.824642181396 767.630153656006 761.215739250183 751.541362762451 801.51526927948 773.758011341095 716.278537750244 905.428215026855 696.576531052589 585.171005249023 655.550228118896 644.41895866394 712.851451873779 702.661602020264 668.758457183838 752.498222351074 740.109619140625 621.461177825928 490.896835327148 461.798202514648 613.241764068604 505.58024597168 441.209442138672 611.944190979004 727.384399414062 785.658493041992 650.929279327393 702.778396129608 635.343635559082 589.28239440918 559.107681274414 751.996250152588 813.581070899963 941.78475189209 893.280101776123 905.429306030273 951.188343048096
690.857574462891 669.056709289551 634.725746154785 687.428779602051 950.736923217773 937.631576538086 865.700553894043 739.582139968872 596.826721191406 670.593376159668 691.331024169922 834.481033325195 639.191467285156 696.89190864563 715.524084091187 757.732418060303 721.47985458374 733.917976379395 819.066795349121 669.637699127197 688.035659790039 746.251392364502 668.547916412354 646.050931930542 535.773681640625 600.913375854492 566.946739196777 697.226387023926 659.36668586731 693.514196395874 641.336360931396 717.122471809387 573.636291503906 636.365207672119 533.738235473633 664.989894866943 784.417892456055 883.127105712891 711.520702362061 785.060493469238 696.65732383728 763.855018615723 648.807289123535 701.984199523926 633.126655578613 609.71146774292 917.80118560791 944.40258026123 890.549152374268 765.795341491699
729.868946075439 759.019950866699 758.649421215057 737.667812347412 898.620132446289 857.037467956543 759.950660705566 587.107864379883 752.87792301178 706.503700256348 654.841255187988 749.571668624878 758.299675941467 871.613948822021 628.158569335938 613.404449462891 553.289108276367 633.152847290039 745.945059776306 815.492965698242 647.619869232178 702.031467437744 694.865550994873 685.293225288391 691.399700164795 587.207496643066 653.724314212799 609.198364257812 776.068656921387 570.736434936523 672.32065486908 654.203420639038 664.293274402618 584.303741455078 670.298896789551 804.591690063477 689.656585693359 744.85326385498 748.100486755371 835.770629882812 829.029861450195 695.41967010498 749.614791870117 708.670788556337 797.241859436035 643.80530166626 652.098075866699 825.30362701416 940.449447631836 743.949898123741
600.280960083008 684.56615447998 781.160933732986 914.585273742676 862.867214202881 907.516510009766 766.091520309448 770.17120552063 728.757884979248 712.451278686523 667.618347167969 814.07154083252 821.134632110596 826.898132324219 914.892303466797 712.153877258301 649.620216369629 806.401702880859 615.419143676758 613.946441650391 761.959930419922 573.317558288574 675.790664672852 769.759456634521 750.751749396324 761.766422271729 602.860019683838 716.845322430134 755.376594543457 599.85668182373 603.912132263184 702.649742126465 721.824901580811 594.638404846191 632.973514556885 625.255489349365 557.902099609375 740.263744354248 673.732841491699 688.247211456299 666.527805328369 672.344409942627 636.254795074463 745.746463775635 683.81330871582 743.669067382812 675.009145975113 671.319664001465 902.853950500488 710.723564147949
702.701538085938 781.086035251617 826.941028118134 843.218288421631 848.59167098999 807.696120500565 808.629194259644 741.414360046387 775.456550598145 660.831512451172 678.382034301758 796.747479915619 726.916921615601 726.969703674316 751.172382354736 634.132690429688 696.122360229492 765.567985534668 737.606101989746 740.298580169678 688.85717010498 668.538543701172 681.761497497559 795.4719581604 737.674242019653 844.073554992676 784.168544769287 841.362693786621 653.055734634399 726.656836122274 728.307249069214 691.382657051086 671.597053527832 570.27758026123 600.462287902832 545.11531829834 519.34423828125 641.625328063965 578.865577697754 599.683944702148 679.651865959167 757.519309997559 741.755466461182 886.087265014648 621.694923400879 614.28678894043 656.374677658081 746.489551544189 820.277473449707 786.183139801025
682.155097961426 849.083106994629 865.04568862915 949.467918395996 869.632495880127 806.878592014313 924.998023986816 754.400726318359 766.849689483643 613.154113769531 694.123733520508 861.937454223633 863.003143310547 688.516235351562 763.494607925415 797.632663726807 502.275390625 723.946060180664 749.454151153564 765.63875579834 637.233993530273 779.86442565918 668.512664794922 523.384735107422 746.558544635773 583.700805664062 717.771980285645 895.851170539856 807.873258590698 910.845855712891 871.528778076172 783.421516418457 832.282676696777 705.310878753662 653.410015106201 575.50350189209 604.517112731934 609.437652587891 535.516021728516 497.854629516602 700.536875724792 925.920471191406 788.737693786621 762.568622589111 863.823211669922 701.502799987793 691.373645782471 731.84642791748 788.067733764648 794.869441986084
708.613014221191 806.536458015442 1231.58271789551 914.270149230957 932.296012878418 782.523223876953 795.623342514038 664.507213592529 929.649200439453 784.666379928589 828.502512514591 779.877883911133 898.935371398926 873.600860595703 927.489059448242 795.578628540039 916.272109985352 818.648707866669 925.794689178467 762.595050811768 718.954212188721 713.197261810303 834.724990844727 738.755380630493 636.266777038574 525.221740722656 728.686737060547 773.377067565918 873.412162780762 826.610580444336 809.457641601562 885.372055053711 821.236610412598 846.895179748535 830.775360107422 710.287323951721 563.326072692871 554.869338989258 551.352188110352 659.860973358154 707.021078109741 699.702784061432 719.010185718536 696.80115032196 787.449661254883 754.264434814453 628.897918701172 639.94905090332 586.385894775391 690.759145736694
621.512062072754 628.769828796387 1055.01189899445 764.325057983398 748.153328895569 753.776964187622 781.044511795044 1008.65292835236 760.391452789307 764.705471038818 728.512962341309 726.840473175049 851.151271820068 1014.03785705566 960.267700195312 866.249755859375 894.578475952148 792.350158691406 876.86669588089 827.82844543457 717.984384536743 660.448659896851 747.835353851318 764.926042556763 654.353881835938 533.107879638672 755.259828567505 916.717742919922 869.21248626709 733.142398834229 891.215255737305 737.470947265625 801.533111572266 807.416748046875 903.135375976562 875.517364501953 703.436328887939 593.015739440918 671.334707260132 511.122299194336 670.984825134277 678.748805999756 750.762554168701 735.43616104126 751.628623962402 771.294483184814 715.741364002228 736.873955130577 760.955718040466 738.823741912842
553.707489013672 639.559314727783 780.363883972168 770.208064079285 717.633007049561 722.770599365234 775.758995056152 894.164191663265 718.711936950684 773.213541030884 956.51088142395 759.858293533325 860.955093383789 815.703113555908 837.134468078613 780.14582824707 807.703300476074 857.091623783112 740.10831451416 869.029266357422 730.19966506958 659.677886962891 791.723495483398 880.297248840332 826.175457000732 480.917144775391 670.949947357178 821.297073364258 849.846076965332 891.823822021484 764.273956298828 754.104610443115 717.534435272217 718.770805358887 761.446208953857 905.846893310547 727.41407585144 590.023101806641 755.71368598938 682.772674560547 531.563018798828 715.35950088501 760.791305541992 712.311014175415 735.179218769073 717.975978851318 689.176788330078 714.515310287476 718.116268157959 704.035419464111
-9999 -9999 -9999 810.10986328125 1006.22654724121 847.836126327515 756.160109519958 702.437149047852 489.664474487305 624.475425720215 804.754829406738 705.816883087158 894.014875173569 916.843061447144 934.069374084473 791.100746154785 766.754287719727 939.043815612793 894.965156555176 938.052421569824 665.263702392578 791.373352050781 943.941268920898 944.721015930176 904.496894836426 575.280227661133 681.433673858643 615.76481628418 732.65580368042 780.81073141098 855.686653137207 720.91886138916 725.318984985352 781.952628135681 685.901933670044 637.05632019043 662.049652099609 704.98371887207 855.142225265503 783.637954711914 803.472499847412 747.937267303467 676.447189331055 632.41796875 698.200649261475 748.157733917236 773.7663230896 877.009750366211 823.753562927246 833.117172241211
-9999 -9999 -9999 -9999 -9999 -9999 753.472450256348 880.841423988342 717.317897796631 727.689617156982 456.502105712891 558.423866271973 607.627212524414 920.047763824463 822.521633148193 795.741706848145 640.337463378906 769.383399963379 890.659465789795 921.665168762207 873.735365867615 935.983604431152 978.353691101074 919.913505554199 856.774089813232 726.159884214401 778.429389953613 786.317161560059 792.427581787109 773.753255844116 831.609489440918 835.153533935547 660.616966247559 728.769214630127 761.84327507019 797.470108032227 843.424701690674 776.39776802063 890.857120513916 991.47989654541 736.118789672852 886.353393554688 688.076740264893 704.364614486694 703.587833404541 624.155456542969 559.684661865234 735.872066736221 873.147171020508 853.413703918457
-9999 -9999 -9999 -9999 -9999 -9999 -9999 -9999 -9999 845.857730865479 777.525740861893 689.99779510498 832.551773548126 768.701210021973 844.528869628906 898.87060546875 1123.65099143982 875.651122093201 919.191230773926 690.502838134766 747.437850952148 830.998401641846 841.135284423828 779.891937255859 996.107551574707 859.290031433105 776.503536224365 655.345405578613 842.68824672699 849.231362819672 920.447017669678 688.916191101074 599.668586730957 723.524419784546 735.693408966064 740.396797180176 819.316123962402 731.658769607544 643.37979888916 624.473480224609 717.697877883911 569.459411621094 740.088190078735 649.664611816406 772.047021865845 712.992002487183 692.047103881836 535.276412963867 667.962440490723 744.375234603882
-9999 -9999 -9999 -9999 -9999 -9999 -9999 -9999 -9999 -9999 -9999 748.630615234375 824.524024963379 807.483463287354 732.810710906982 750.213829040527 863.385654449463 1359.50148773193 801.64270401001 730.243087768555 926.815673828125 948.66604590416 823.735900878906 831.940895080566 958.869232177734 788.238109588623 699.977626800537 774.206157684326 814.404501914978 912.102359771729 827.670162200928 776.125328063965 747.695545196533 771.846378326416 774.521027565002 771.751873016357 809.543395996094 578.193023681641 739.679637908936 660.534362792969 787.410766601562 612.549491882324 723.309399843216 827.534576416016 810.70093536377 720.095277786255 662.152336120605 685.150268554688 668.618560791016 812.946273803711
-9999 -9999 -9999 -9999 -9999 -9999 -9999 -9999 -9999 -9999 -9999 -9999 943.128532409668 797.634080886841 691.808039665222 799.799209594727 802.585800170898 1483.1492767334 1201.24482822418 1138.36241912842 1074.8355255127 1364.34381103516 1199.16999053955 945.816528320312 728.507751464844 650.003623962402 718.90274810791 755.810592651367 792.828573226929 785.918640136719 717.55689239502 684.620620727539 829.502393722534 808.74165725708 713.691028594971 781.783248901367 674.691429138184 551.68376159668 708.974700927734 866.641647338867 626.254676818848 684.527545928955 738.117719650269 795.989906311035 804.756923675537 805.551071166992 687.291660308838 793.300628662109 683.564277648926 739.831632614136
-9999 -9999 -9999 -9999 -9999 -9999 -9999 -9999 -9999 -9999 -9999 -9999 945.847465515137 741.08947467804 940.513610839844 659.940053939819 704.47243309021 821.803421020508 716.865493774414 801.528680801392 902.542518615723 939.945434570312 1028.67778015137 886.019496917725 787.226276397705 818.690156936646 1118.48765563965 715.317962646484 823.959487915039 977.158108174801 919.376926422119 935.539441108704 813.002004146576 741.00511932373 791.316862106323 874.579643249512 696.413215637207 744.992817878723 635.728645324707 776.963958740234 763.802976608276 697.61612701416 595.046722412109 746.778600692749 754.503854751587 891.59098815918 828.391181945801 742.00171661377 706.059417724609 813.671844482422
-9999 -9999 -9999 -9999 -9999 -9999 -9999 -9999 -9999 -9999 -9999 -9999 -9999 793.027961730957 800.656547546387 798.524631500244 649.333351135254 669.834732055664 899.602533340454 857.836610794067 867.043372154236 925.607494354248 908.636352539062 801.151638031006 895.458824157715 718.220039367676 660.325302124023 893.893089294434 808.997924804688 915.760566711426 992.340393066406 577.186187744141 799.663272857666 855.960998535156 836.813453674316 849.253797531128 799.685333251953 832.513693809509 891.987907409668 851.994384765625 796.25039768219 746.1911277771 681.516860961914 776.062315940857 505.278045654297 765.660199165344 774.060815811157 781.772275924683 813.513296127319 757.085781097412
-9999 -9999 -9999 -9999 -9999 -9999 -9999 -9999 -9999 -9999 -9999 -9999 -9999 -9999 744.14310836792 657.210174560547 637.827621459961 714.646911621094 953.161037445068 833.026718139648 867.024080276489 947.382167816162 974.451095581055 791.545497894287 751.810642242432 592.44603729248 690.564445495605 970.45378112793 891.894844055176 830.213275909424 821.821716308594 823.95484161377 632.833953857422 838.027648925781 830.541687011719 788.513429641724 937.789887428284 762.372032165527 735.257377624512 833.728410720825 972.891021728516 778.109489440918 903.213680267334 826.737279891968 712.228698730469 752.280166625977 872.01717376709 803.859388589859 789.339586257935 751.408039093018
-9999 -9999 -9999 -9999 -9999 -9999 -9999 -9999 -9999 -9999 -9999 -9999 -9999 -9999 906.573673248291 761.201937675476 634.084335327148 753.273254394531 947.189033508301 927.732433319092 1061.91572570801 825.999397277832 907.206909179688 943.890090942383 903.917598724365 883.098987579346 898.307716369629 937.621147155762 796.695533752441 858.789394378662 835.848819732666 924.8046875 1193.2677154541 903.068222045898 849.953422546387 851.143836975098 849.289825439453 885.541625976562 765.533296585083 884.68017578125 984.684280395508 900.203285217285 781.342380523682 834.710208892822 784.304996490479 761.078994750977 831.248247146606 997.419570922852 801.806707382202 678.334701538086
