simdem/realisation66.asc
NCOLS 350 
NROWS 171 
XLLCORNER 152620 
YLLCORNER 418050 
CELLSIZE 100 
NODATA_value -9999 
[rows 44 to 65 of 171, columns 200 to 249 of 350]
869.538711547852 1017.16552734375 677.14981842041 554.941779613495 699.417739868164 707.796768188477 677.024211227894 844.31795501709 721.524410247803 799.385231018066 660.423538208008 525.84895324707 721.858623504639 716.076015472412 702.367004394531 606.980428695679 472.50984954834 520.073890686035 617.525260925293 717.577514648438 649.375316619873 515.031524658203 581.055157661438 652.02855682373 678.742813110352 788.531387329102 645.083114624023 909.149536132812 833.509750366211 613.589637756348 541.498313903809 621.491325378418 1144.12802886963 691.188159942627 816.043243408203 645.022392272949 677.73631477356 676.347410202026 600.234794616699 460.022735595703 559.66194152832 695.566795349121 575.059883117676 707.103782653809 790.320358276367 689.45476436615 738.397674560547 833.849517822266 556.766250610352 629.1806640625
1180.10180664062 1523.81629562378 1053.92711925507 958.548645019531 1053.17359924316 1070.28805541992 788.077157974243 817.652236938477 769.72819519043 749.211643218994 813.95831489563 636.852226257324 676.666980743408 1058.86492061615 874.334686279297 978.367713928223 730.522406578064 552.773910522461 557.295879364014 568.734024047852 673.051849365234 678.781547546387 466.681823730469 610.225912094116 636.570877075195 527.346977233887 748.640129089355 690.105133056641 662.339595794678 614.092124938965 402.185516357422 524.981750488281 651.649425506592 681.454229354858 495.529815673828 505.348068237305 623.916320800781 674.95701789856 562.656433105469 612.196380615234 574.791259765625 578.272323608398 610.785301208496 617.720848083496 713.173715591431 672.604402542114 608.549957275391 524.205291748047 738.591117858887 702.815016120672
553.850158691406 845.678039550781 1669.00508117676 1328.66738891602 808.082450866699 649.814571380615 692.585609436035 659.809154510498 711.006645202637 705.912521362305 608.720643997192 522.909439086914 722.247970581055 893.749786376953 901.811828613281 911.214210510254 1435.82794308662 744.482339859009 547.006797790527 562.504676818848 618.283087730408 630.680725097656 637.482191085815 640.15071105957 506.310134887695 634.646201133728 684.221408843994 683.588691711426 513.343528747559 481.435562133789 484.78532409668 707.81001663208 615.910284042358 649.813374757767 639.588092803955 582.232681274414 615.045280456543 616.012817382812 606.071113586426 708.514711380005 649.513824462891 616.648590087891 563.630126953125 664.935726165771 670.594704627991 829.684539794922 633.821311950684 571.141273498535 696.075206756592 712.658336997032
492.532188415527 551.936817169189 933.059219360352 1256.80928611755 981.44506072998 726.198432922363 787.212211608887 603.918731689453 589.435020446777 470.869316101074 457.666839599609 658.94962310791 594.364957809448 614.908475875854 684.87650680542 950.953262329102 1305.95502471924 1780.85961914062 1242.88928222656 547.052429199219 539.254619598389 606.378282546997 568.061576843262 619.619528770447 637.799228668213 575.280170440674 689.113990783691 727.365982055664 621.011335372925 673.516830444336 669.817026138306 806.961807250977 706.885116577148 581.712951660156 766.284469604492 642.898370742798 728.42444229126 496.852691650391 677.42073392868 703.320956230164 626.75248336792 583.485885620117 535.410003662109 661.480051040649 659.17587852478 665.295150756836 648.575996398926 380.674774169922 592.655731201172 608.815155029297
530.8977394104 476.588088989258 815.92301940918 693.911529541016 729.527130126953 647.040182113647 744.584831237793 841.687324523926 492.231567382812 431.391670227051 595.850381851196 610.107414245605 424.530700683594 543.635961532593 632.905069351196 683.650421142578 990.759574890137 1374.46899414062 1120.66638565063 978.283926963806 635.094879150391 521.125984191895 607.786948680878 576.518508911133 561.100151062012 638.268151283264 716.360427856445 646.211360931396 451.804580688477 679.903430938721 633.007005691528 715.758037567139 813.391723632812 847.689849853516 660.36957359314 547.697067260742 733.82054901123 586.090347290039 581.492195129395 711.477224349976 667.217396736145 723.296203613281 564.518165588379 656.02544593811 625.299434661865 574.382164001465 616.569137573242 498.914596557617 576.552963256836 765.726320743561
495.978458404541 584.483523607254 727.448135375977 713.834083557129 823.940277099609 829.281494140625 744.609889984131 686.119183540344 705.716896057129 672.221908569336 725.985336303711 540.314331054688 539.518997192383 448.582321166992 563.468063354492 665.081356048584 705.48405456543 1312.92365264893 1823.36289215088 1640.86330795288 831.378729462624 839.582412719727 703.498435974121 652.028022766113 559.101127624512 565.892066955566 570.096942901611 618.133644104004 717.21174621582 614.728199005127 712.699447631836 588.016590118408 706.241981506348 811.802368164062 577.642639160156 633.056831359863 789.683586120605 698.536455154419 546.015686035156 576.398124694824 526.189208984375 613.011619567871 610.11030960083 989.28150177002 909.213516235352 784.032165527344 681.194778442383 614.461318969727 592.386337280273 604.172264099121
585.787954330444 588.601540565491 651.175148010254 510.781356811523 617.576354980469 639.194061279297 597.622905254364 596.436123847961 863.323196411133 779.063804626465 830.886352539062 639.517707824707 504.224838256836 444.458740234375 487.802696228027 607.163887023926 738.899921417236 1181.80392456055 1586.59381484985 1836.38550567627 881.864060401917 761.286434173584 572.591659545898 586.475425720215 564.225082397461 522.57088470459 624.880256652832 545.499771118164 730.175857543945 718.638404846191 574.693290710449 635.718409061432 556.605857849121 542.989555358887 687.260951280594 693.630734443665 790.082458496094 870.297103881836 691.346618652344 779.269592285156 646.000959396362 729.105644226074 555.275833129883 632.113368988037 919.83430480957 1204.3184967041 864.378126144409 636.991264343262 570.03385925293 713.646621704102
651.882385253906 718.188484191895 584.750583648682 686.634689331055 607.387136220932 656.10033416748 706.215671539307 638.318477630615 705.208236694336 820.215621948242 844.59814453125 585.453899741173 471.432312011719 491.846992492676 655.626983642578 533.439334869385 629.994915008545 924.167705535889 1309.28713989258 1319.37326812744 1380.79500579834 833.856601715088 612.121973991394 463.167938232422 448.989990234375 609.143280506134 564.795127868652 719.493751525879 702.473243713379 670.235401153564 641.205415725708 677.864719390869 593.398620605469 665.609399795532 555.054672241211 630.094472885132 685.117963790894 617.295709609985 696.290916442871 577.801727294922 590.690803527832 639.942169189453 719.097846984863 673.408958435059 1040.8261756897 635.862289428711 862.520217895508 1132.01344299316 709.293487548828 836.501525878906
513.504188537598 543.085102081299 747.837831497192 664.178352355957 627.278493881226 557.52458190918 803.120289802551 769.248731613159 700.446590423584 863.381629943848 773.562881469727 649.166652679443 607.947859764099 546.687393188477 590.585138320923 534.463745117188 504.625999450684 864.358306884766 951.981826782227 1575.40291595459 1914.89414215088 1259.18383407593 588.374580383301 537.544715881348 525.782135009766 600.638529777527 560.468601226807 604.417127132416 621.532712936401 647.702495574951 555.712013244629 595.510597229004 669.771541595459 662.792903900146 601.517875671387 639.695397675037 607.487216949463 715.830585479736 673.378950119019 629.300181388855 690.560745239258 650.273429870605 746.606307983398 677.094507694244 647.647744178772 686.745132446289 708.036087036133 508.981414794922 1068.37170410156 908.403076171875
638.595996856689 596.164613723755 720.282176971436 548.596649169922 489.285354614258 526.183532714844 645.956359863281 714.3720703125 666.403503417969 704.763549804688 733.345355987549 697.198249816895 730.516914367676 693.785789489746 600.81268119812 566.061719894409 592.735019683838 725.230422973633 849.038558959961 1065.28449249268 1369.71248626709 1298.39734268188 1494.08557128906 945.539413452148 700.009214758873 644.660867214203 772.855834960938 602.734312057495 542.881797790527 513.217987060547 591.917327880859 702.122047424316 570.942367553711 605.268648147583 615.598079681396 471.628723144531 725.316638946533 737.650054931641 546.349365234375 714.711101531982 563.768859863281 618.09733581543 674.978981018066 629.005784988403 583.52791595459 734.367584228516 534.248931884766 814.83381652832 908.168121337891 350.492706298828
662.733436584473 707.8935546875 652.377365112305 558.192504882812 523.040229797363 592.868087768555 670.307968139648 533.234100341797 838.302001953125 656.724685668945 521.578071594238 777.584945678711 658.444228172302 694.863204956055 640.762405395508 568.10131072998 540.367780685425 541.769714355469 691.814342498779 794.751214981079 923.099578857422 1096.93482971191 1489.49118041992 913.921235084534 896.152214050293 596.059524536133 783.288787841797 598.537763118744 542.422416687012 517.203941345215 480.52961730957 588.405384063721 613.635663032532 685.176887512207 692.012348175049 727.025047302246 753.08487701416 860.236923217773 683.363196372986 777.134742736816 731.593566894531 664.308026790619 717.169479370117 679.094379425049 607.451461791992 648.404796600342 630.89123916626 489.023910522461 468.706909179688 500.43229675293
530.64981842041 593.169925689697 627.669359207153 668.693374633789 599.09125316143 564.919260025024 745.803810119629 565.198959350586 651.235118865967 846.30632019043 814.532379150391 604.044593811035 508.411785125732 699.691955566406 699.193511962891 647.642242431641 694.271492004395 751.462013244629 553.049049377441 681.320899963379 570.658355712891 895.294281005859 1024.46168518066 1415.76794052124 1004.34034729004 831.349960327148 622.595336198807 616.772644042969 543.571472167969 496.36311340332 603.931705474854 697.126686096191 711.183494567871 797.450988769531 782.253509521484 579.340148925781 590.31307220459 696.069934844971 657.359910964966 765.307907104492 597.413417816162 578.958015441895 696.82025718689 717.823738098145 802.619110107422 738.304748535156 613.743564605713 678.98582649231 616.559688568115 619.180030822754
547.321418762207 617.461402893066 657.316856384277 582.25235748291 580.176605224609 634.917901515961 711.91382598877 687.373313903809 704.712067604065 788.052665710449 848.341003417969 704.529898643494 622.209842681885 595.848279953003 723.022777557373 735.591020584106 837.170440673828 797.471431732178 728.688407897949 768.819805145264 865.089743614197 790.910415649414 1161.73971939087 957.904884338379 818.686773300171 672.795848846436 704.914649963379 652.75333404541 692.197555541992 725.048065185547 558.541320800781 602.446849822998 767.1552734375 730.145950317383 728.921279907227 655.112770080566 398.374969482422 613.197912216187 693.241386413574 552.386585235596 647.637815475464 605.497127532959 722.819313049316 832.252685546875 762.181167602539 623.154806137085 621.942977905273 592.593605041504 711.195952892303 734.106025695801
656.81103515625 752.290534973145 629.033569335938 586.665464401245 620.627869129181 689.017486572266 666.996711730957 667.066201210022 635.025863647461 678.225613594055 855.832984924316 765.762333869934 751.095621109009 641.250900268555 614.582065582275 766.438171386719 796.875843048096 1016.67097473145 776.131034851074 858.006977081299 911.784950256348 822.5361328125 875.369630813599 833.517951965332 807.465646743774 729.628227233887 676.327644348145 673.941970825195 562.019172668457 675.956573486328 728.431861877441 558.694580078125 596.703472137451 618.952446460724 750.619560241699 546.707786560059 528.80525970459 566.262275695801 672.406188964844 591.692001342773 509.434959411621 720.790267944336 879.801055908203 767.977615356445 676.828826904297 691.214855194092 658.76845407486 628.490058898926 661.100006103516 749.494422912598
733.691757202148 658.415311813354 669.899482727051 521.558517456055 713.189147949219 747.724365234375 569.904167175293 680.060943603516 647.046270370483 618.010046005249 681.620666503906 738.813770294189 855.245712280273 728.408771514893 696.480293273926 833.808570861816 728.061932086945 785.469905853271 803.45970916748 850.041297912598 882.26745223999 787.035274505615 1005.19119262695 929.936714172363 621.445748806 702.884628295898 644.10232925415 553.188415527344 595.069249153137 599.290720939636 566.700142860413 871.220069885254 657.90012550354 589.637413024902 774.66796875 691.61856842041 482.407562255859 564.474327087402 592.016809463501 520.170700073242 641.075178146362 711.099113464355 768.556205749512 847.968948364258 676.329090118408 680.252140045166 673.512748718262 642.195356369019 605.34379196167 663.783668518066
720.542579650879 675.794513702393 611.280795097351 619.408008575439 556.350654602051 658.143522262573 695.751407623291 567.639984130859 526.662368774414 481.314147949219 651.616092681885 712.570615768433 812.152770996094 739.070663452148 739.9173412323 780.513381958008 648.768196105957 589.486259460449 774.691864967346 728.783622741699 811.232584953308 845.391590118408 877.853271961212 743.788627624512 696.87964630127 521.191947937012 636.938658714294 636.403867721558 475.584442138672 630.629981994629 886.165588498116 838.602348327637 754.754432678223 739.633766174316 565.778274536133 711.749835968018 564.14835357666 523.014869689941 564.654346466064 522.836441040039 540.934593200684 683.10835647583 655.746126174927 541.615341186523 627.920677661896 739.786781311035 658.688109278679 640.829322814941 627.465112686157 692.159336090088
657.794454574585 716.823028564453 708.390907287598 670.388734817505 526.175636291504 646.440851211548 588.010822296143 586.535957336426 596.23900604248 729.888465881348 615.403034210205 703.971565246582 789.076873779297 598.374099731445 659.478385925293 906.042037963867 865.934097290039 647.236022949219 725.860525608063 724.743721008301 818.103750228882 732.993579864502 666.592384338379 696.323776245117 639.403831481934 654.793174743652 657.49974822998 664.501407623291 564.806522369385 846.853446960449 880.117340087891 624.690009236336 401.04850769043 492.391830444336 541.435760498047 787.935092926025 729.097362995148 636.442539215088 459.145690917969 438.509262084961 481.912139892578 591.241603851318 494.158157348633 574.382129669189 663.423263549805 653.842992782593 687.017272949219 737.754684448242 549.345367431641 667.853402137756
507.139091491699 452.805572509766 617.6013879776 694.173393249512 597.490577697754 586.799575805664 588.142238616943 632.729564666748 782.634292602539 767.068222045898 599.272495269775 529.36604309082 552.105239868164 628.643115997314 626.108589172363 794.583271741867 785.292060852051 731.282395839691 704.584697723389 860.067281723022 898.046531677246 550.422355651855 696.981845855713 630.236505508423 637.51584815979 615.939261436462 585.939041137695 686.405838012695 586.819192886353 826.009560585022 499.632476806641 572.602375030518 607.951189875603 579.972557067871 469.213073730469 631.85228729248 790.383079528809 736.280796051025 579.429275512695 526.846138000488 615.011329650879 458.971145629883 473.606842041016 548.036712646484 594.424961090088 623.227470636368 725.146125793457 798.837371826172 744.537750244141 680.596446990967
543.476936340332 555.116840362549 619.063159942627 676.138690948486 579.214889526367 480.169082641602 610.096112251282 727.724128723145 791.498641967773 744.729537963867 817.469589233398 677.662147521973 664.223258972168 616.31472492218 618.710861206055 849.116287231445 757.22456330061 625.81777715683 746.691467285156 630.020391464233 655.57466506958 482.676422119141 502.662376403809 584.967258453369 527.050659179688 561.427551269531 572.671272277832 618.135280609131 594.718257904053 774.258054733276 568.581985473633 588.053956985474 615.437870025635 573.817451477051 624.06957244873 682.216294288635 702.961702346802 1018.67197418213 922.290618896484 619.996955871582 459.435760498047 462.808822631836 549.877540588379 625.40381526947 639.809127807617 685.580467224121 774.17951965332 817.996551513672 730.554832458496 743.828628540039
557.974754333496 471.592376708984 586.273601531982 587.42639541626 474.265319824219 676.945613861084 776.064254760742 844.934799194336 755.559226989746 766.707069396973 541.939735412598 592.519409179688 655.340780258179 667.504947662354 673.163976669312 846.458808898926 661.257751464844 505.175079345703 594.0016746521 492.493759155273 617.872592926025 531.243476867676 541.630462646484 475.499992370605 569.867063522339 533.269840240479 634.615795135498 571.329856872559 728.557312011719 735.53288269043 610.126777648926 770.538589477539 735.708759307861 581.288116455078 557.238891601562 528.362213134766 593.595855712891 810.018363952637 558.723110198975 568.561336517334 479.287582397461 476.975952148438 500.679443359375 442.772506713867 572.71195602417 619.868349075317 668.80936050415 721.019386291504 688.393291473389 716.028823852539
548.399780273438 690.507499694824 613.896980285645 583.658847808838 565.132972717285 607.976165771484 624.115695953369 729.357231140137 765.932266235352 832.993408203125 683.848957061768 668.754383087158 715.227256774902 660.859115600586 653.569736480713 749.605026245117 696.668235778809 636.773452758789 475.303833007812 469.557891845703 721.533409118652 600.584815979004 540.357681274414 576.814748764038 544.415233612061 632.885864257812 657.946464538574 677.67844581604 617.705988883972 632.426000595093 726.320104598999 707.098156452179 651.526527404785 662.214756011963 603.173316955566 539.325553894043 564.502479553223 876.482151031494 565.012802124023 568.961067199707 632.504396915436 751.732139587402 559.04573059082 388.838027954102 582.967132568359 631.744585037231 717.955070495605 695.230506896973 704.858722686768 816.627456665039
722.342781066895 528.147026062012 619.619251251221 607.080238342285 524.951515197754 674.326965332031 621.625106811523 618.940519332886 629.32959318161 566.109325408936 734.177963256836 726.642074584961 665.931049346924 570.98713684082 557.368003845215 586.23034286499 664.533178329468 741.09627532959 634.263524532318 597.732460021973 510.967063903809 472.441177368164 469.281921386719 708.813682556152 659.237602233887 677.09342956543 654.469017028809 609.86549949646 672.584278106689 739.560203552246 589.774795532227 687.579794883728 574.209945678711 590.715869903564 596.428014755249 702.222610473633 950.518287658691 626.178733825684 492.380805969238 465.695266723633 618.617598295212 613.43384552002 564.535820007324 660.28419303894 549.104110717773 675.462322235107 622.867829725146 677.453405380249 783.5361328125 751.388977050781
