simdem/realisation79.asc
NCOLS 350 
NROWS 171 
XLLCORNER 152620 
YLLCORNER 418050 
CELLSIZE 100 
NODATA_value -9999 
[rows 88 to 109 of 171, columns 200 to 249 of 350]
706.498994827271 597.695831298828 663.669454574585 737.717044830322 706.107933044434 558.753211975098 818.761260986328 640.159035682678 687.082901000977 626.166244983673 580.330461502075 645.726154327393 665.757002830505 675.980080604553 492.090881347656 597.0774269104 633.947154998779 709.924030303955 719.613214492798 778.006698608398 768.66609954834 666.250526309013 670.480039596558 688.123176574707 820.080993652344 716.062831878662 650.966507911682 496.108810424805 631.113353729248 637.97830581665 687.59782409668 673.94665145874 777.544013977051 611.668571472168 617.595779418945 542.654899597168 552.541076660156 617.221946716309 946.308746337891 769.67858505249 713.033182144165 818.175840377808 884.321689605713 864.54355430603 655.234298706055 699.071036338806 912.799713134766 1153.72470092773 1062.62336730957 976.149436950684
589.59252166748 629.698249816895 685.531902313232 679.276559829712 670.222877502441 822.042388916016 784.519577026367 624.257953643799 632.260050058365 680.105701446533 672.445201873779 607.124540328979 719.776779174805 668.405696868896 674.334480285645 609.409717559814 589.276191711426 542.103637695312 760.586769104004 706.860485076904 772.523452758789 675.984313964844 622.595764160156 659.973829269409 733.81449508667 762.594062805176 667.91600227356 522.277099609375 549.30940246582 689.949981689453 676.375699996948 686.141468048096 656.833910942078 619.626003265381 588.413097381592 685.440170288086 545.207901000977 634.41478729248 643.272598266602 807.388469696045 786.184135437012 821.191783905029 776.375467300415 824.054966747761 851.40096282959 762.885856628418 878.063751220703 1179.9634552002 1052.70612120628 901.405120849609
505.470977783203 848.915985107422 584.82740020752 543.705276489258 604.981418609619 779.035980224609 627.6253490448 749.875350952148 593.494979858398 669.183099746704 639.141340255737 570.356491088867 624.975808620453 705.314956665039 635.151837348938 631.787874817848 636.24619436264 520.225387573242 626.475368499756 661.253707885742 632.745666503906 743.706844329834 641.309032440186 687.321830749512 738.160484313965 592.79859161377 522.061172485352 534.198348999023 682.854239463806 639.516613006592 656.831573486328 618.258528709412 532.729080200195 617.68376159668 545.026000976562 575.29158782959 637.605832099915 596.058368682861 672.730239868164 753.566984176636 684.725940704346 757.884954571724 860.139869689941 825.054454803467 796.498893737793 766.710792541504 784.290824890137 1078.35014343262 961.482898712158 945.316230773926
426.193145751953 471.805557250977 454.78141784668 552.69701385498 612.043300628662 670.888292312622 584.960762023926 532.740524291992 691.948181152344 670.297872543335 673.04400062561 579.35408782959 559.562511444092 657.802167892456 618.203330993652 679.751045227051 593.176303863525 634.344657897949 569.729797363281 628.946741104126 741.337074279785 763.219665527344 662.967060089111 681.586153507233 747.400329589844 588.127494812012 496.79460144043 660.83814394474 647.532983779907 606.959243774414 676.744802474976 719.177095413208 569.366668701172 624.024304389954 580.449249267578 500.297897338867 586.178817749023 504.254592895508 485.744598388672 668.979385375977 837.549880981445 786.583889007568 941.582389831543 857.785472869873 758.555410385132 499.572891235352 635.245613098145 704.079635620117 940.871416091919 832.846992492676
580.260746002197 527.225173950195 526.094520568848 663.602828979492 630.473987579346 768.12654876709 608.457185745239 619.103731155396 579.641525268555 674.606803894043 472.934158325195 458.587524414062 549.603172302246 587.410219192505 636.514764934778 691.403671264648 490.592819213867 700.679649353027 709.508632659912 720.965187072754 709.782958984375 712.151174545288 715.423547744751 649.664070129395 580.692016601562 784.514663696289 763.128714323044 547.626426696777 600.261932373047 649.005924224854 631.900863647461 715.809101104736 754.151954650879 590.457801818848 696.462675094604 601.204513549805 521.356948852539 662.388475894928 724.723739624023 597.381926774979 653.764889717102 793.568370819092 758.116596221924 791.924407958984 634.261497497559 492.468933105469 582.330039978027 732.2624168396 792.578971862793 1053.89683532715
508.30689239502 694.432843923569 751.774217605591 619.547973632812 653.260612487793 998.0341796875 531.154159545898 517.158584594727 586.673000335693 724.335872650146 532.080520629883 647.251461029053 728.894203186035 781.009490966797 637.646955490112 729.743988037109 678.471729278564 698.166976928711 691.572023391724 661.748083114624 611.554052352905 608.770900726318 725.946711063385 740.037096977234 638.373558044434 699.711496353149 722.063087463379 723.79439163208 633.464227676392 630.570817947388 737.124458312988 606.188545227051 855.24617767334 599.429397583008 737.280168533325 738.082099914551 709.875278234482 656.736865997314 692.569700241089 719.089914321899 565.265563964844 605.833507537842 635.813100814819 684.255645751953 555.616477966309 562.230598449707 516.783264160156 690.042121887207 770.712669372559 789.055389404297
676.118877410889 694.155344009399 648.666862487793 762.052612304688 701.159942626953 714.344512939453 642.212188720703 553.465888977051 694.059322357178 580.475086212158 630.247440338135 782.680969238281 641.552904129028 743.201461791992 828.013549804688 734.930473327637 740.350921630859 608.781826019287 704.793304443359 748.402877807617 782.394176483154 696.806709289551 632.744926452637 906.710174560547 811.469604492188 821.923229217529 720.67186164856 591.28742980957 599.869232177734 627.746845245361 735.918067932129 729.101779468358 787.207374572754 645.861484527588 619.462554931641 844.56640625 617.006240844727 623.986713409424 648.935501098633 485.188354492188 735.202735900879 686.572793960571 694.777173995972 612.431064605713 685.582693099976 693.70246887207 529.929611206055 594.556148529053 600.546913146973 731.218055725098
644.045024871826 509.310012817383 715.854535102844 828.995666503906 747.846775054932 529.948631286621 580.377876281738 557.487373352051 697.825355529785 659.488027572632 753.262985229492 705.798055648804 626.199166297913 639.798151016235 702.409271240234 783.614044189453 588.348276138306 567.87825012207 692.720928192139 734.415542602539 772.265487670898 744.150096893311 790.735015869141 725.952713012695 716.812435150146 697.124881744385 555.570327758789 689.625255584717 706.575824737549 779.06079864502 858.959579467773 659.338802337646 697.722204208374 595.751205444336 769.923164367676 820.412197113037 827.509214401245 623.23819732666 663.354965209961 587.549537658691 462.915283203125 545.869888305664 638.532020568848 656.148345947266 821.892793655396 652.971969604492 559.183578491211 641.892658233643 665.3173828125 554.221862792969
673.160400629044 426.068084716797 842.182807922363 629.069236755371 785.755828857422 580.182197570801 470.744293212891 693.644221305847 707.716590881348 782.178825378418 685.346282958984 633.209365844727 624.049610137939 680.393642425537 547.220893859863 684.221076965332 617.755495548248 609.293177604675 430.735595703125 641.518198013306 760.826965332031 607.605041503906 777.8235206604 811.086608886719 623.494472503662 603.333948373795 662.1178855896 705.579158782959 763.524368286133 890.102752685547 748.128257751465 737.81294631958 658.431363582611 612.692665100098 617.174217224121 862.901107788086 673.729934692383 673.987155914307 591.687629699707 608.201721191406 571.179306030273 520.113037109375 592.840255737305 587.403038024902 701.519996643066 784.276718139648 643.404384613037 609.075775146484 507.833023071289 590.850341796875
494.358711242676 541.340133666992 709.410591125488 717.115257263184 860.267471313477 735.895195960999 585.980964660645 929.235809326172 532.755416870117 566.424011230469 609.151271820068 567.994682312012 647.913675785065 752.708000183105 604.899087905884 583.708915710449 565.792049407959 621.417936325073 631.4445977211 606.398624420166 482.334930419922 614.060604095459 647.535182952881 681.279108047485 638.391661167145 742.846172332764 498.807731628418 755.224380493164 699.046062469482 713.186660766602 554.046882629395 608.828563690186 635.443792819977 594.126518249512 514.775337219238 674.661001205444 629.586692810059 753.29691696167 670.448776245117 826.38939666748 639.3515625 541.047088623047 656.900459289551 714.063165187836 721.529169082642 633.400100708008 693.488658905029 707.42523765564 918.615951538086 525.670883178711
764.082412719727 505.808372497559 760.591377258301 687.39236831665 748.763840198517 801.851127624512 611.090724945068 501.819473266602 520.576210021973 803.439819335938 696.405128479004 590.154178619385 711.955467224121 670.714914321899 644.2305996418 626.82878780365 576.848697662354 718.08154296875 656.056652069092 627.802595615387 581.795593261719 689.983142852783 670.882152557373 741.055313110352 763.961700439453 727.750576019287 772.20166093111 774.786697387695 687.518280506134 765.024917602539 645.520801544189 697.836408615112 692.827442169189 688.769676208496 604.181690216064 530.468673706055 691.401885986328 687.661228179932 657.445936203003 714.164138793945 718.035545349121 673.570003509521 645.845520019531 710.28653717041 790.48099899292 777.532011508942 661.928482055664 634.410934448242 748.246612548828 682.163414001465
644.973022460938 556.32829284668 671.135372161865 748.450409889221 736.160461187363 812.135690689087 678.886756896973 597.530746459961 854.805183410645 555.070793151855 574.938148498535 486.675048828125 564.745536804199 612.706474304199 711.144296646118 627.451236724854 693.344619750977 628.654922962189 616.792667388916 649.864090561867 635.355630874634 639.942856788635 677.619915008545 663.773846626282 701.871112823486 794.485546112061 1027.04683589935 867.667026519775 587.675964355469 510.720657348633 580.844169616699 662.572746276855 724.395065307617 689.281650543213 592.667701721191 639.699829101562 697.71678352356 748.951416015625 704.256178855896 590.66178894043 665.91820526123 714.080286979675 670.75798034668 617.458351135254 786.630414962769 741.134482383728 845.345161437988 931.358474731445 759.4814453125 914.39087677002
748.016487121582 657.183120727539 567.512222290039 785.510795593262 763.873727798462 811.570137023926 847.505104064941 744.537360668182 723.590799331665 584.047721862793 529.573440551758 656.370387077332 667.381536483765 554.758163452148 689.701019287109 731.399328231812 637.873655319214 549.834861755371 576.300369262695 584.65482711792 694.966194152832 677.962890625 591.555369377136 858.926002502441 610.542091369629 661.891366958618 1075.00271606445 799.389654159546 932.342636108398 1206.18547058105 1235.97981262207 741.191013336182 659.710773468018 583.175857543945 589.73161315918 701.991149902344 856.604187011719 640.496734619141 668.988887786865 714.25467300415 727.624520301819 694.407907485962 712.622718811035 681.41685295105 828.704696655273 1008.83305072784 965.168121337891 705.954605102539 931.970760345459 831.07287979126
816.063681125641 664.342151641846 531.141593933105 734.756023406982 720.273769378662 730.660043716431 778.129107475281 724.563861846924 690.003288269043 937.142639160156 638.611190795898 723.351860046387 643.302793502808 603.921440124512 703.323630332947 752.428925037384 699.881973266602 622.228424072266 491.098846435547 771.388824462891 702.87532043457 652.835543632507 600.486297607422 646.082481384277 542.55436706543 759.495047569275 694.042462348938 716.729387283325 658.919048309326 652.933280944824 658.312942504883 622.960998535156 583.656021118164 1051.18737792969 858.583541870117 852.705894470215 1151.04838562012 1002.72081756592 840.071319580078 880.944550037384 834.221923828125 579.94409942627 586.70719909668 628.81591796875 757.132211685181 848.078952789307 631.322082519531 892.330718994141 1383.55753326416 716.013679504395
906.948089599609 860.084850311279 595.173324584961 695.479835510254 680.282409667969 624.93864440918 614.164443969727 820.69123506546 777.771781921387 864.059539794922 995.502151489258 632.208915710449 561.900032043457 680.073005616665 809.453170776367 687.078025817871 642.230449676514 636.731636047363 647.773094415665 659.629190444946 657.970272064209 564.029960632324 664.836900949478 681.209728240967 693.356323480606 692.233779907227 754.558372497559 628.021564483643 584.08821105957 596.394744873047 608.060920715332 569.212059020996 367.965606689453 464.847610473633 760.806690216064 585.15128326416 699.519016265869 1132.98233795166 757.571098327637 655.954402923584 541.357177734375 526.390182495117 1154.90912628174 489.569854736328 1033.51873779297 702.518966674805 773.023305892944 763.69465637207 940.518951416016 600.160903930664
782.278999328613 779.843032836914 632.115127563477 492.862228393555 526.050445556641 538.47004699707 658.859359741211 805.125595569611 846.616718292236 952.22004699707 832.227649688721 859.155364990234 553.355865478516 683.405982971191 643.752864837646 697.868991851807 653.775236606598 754.990245819092 804.120620727539 518.734413146973 588.762714385986 526.421291351318 504.768989562988 591.59289932251 874.551651000977 732.517135620117 692.874599456787 686.793254852295 497.828598022461 645.61901473999 621.702590942383 547.346672058105 648.266572952271 532.717514038086 756.592269897461 558.716110229492 1040.33644866943 1059.40316772461 922.66321182251 679.297569274902 543.348327636719 612.865905761719 948.165435791016 586.896301269531 1000.29705810547 1005.35664367676 819.036415100098 1065.83668518066 790.762361526489 1369.49795150757
-9999 488.382873535156 447.677368164062 406.162109375 460.818313598633 693.260803222656 748.837545394897 822.605697631836 820.12010383606 800.738014221191 879.475326538086 1125.18857955933 721.431747436523 629.227066040039 552.27262878418 717.654235839844 753.830375671387 638.70415019989 658.422286987305 645.65397644043 651.262022018433 697.005760192871 591.26936340332 950.688055038452 806.919235229492 584.691040039062 545.811477661133 618.188481330872 637.543704986572 700.17663192749 690.108539581299 606.245990753174 704.60391998291 662.012937307358 990.670558929443 629.281444549561 801.11808013916 660.133727550507 593.999290466309 668.809373855591 633.094398498535 576.88346862793 713.482940673828 620.910049438477 792.305498600006 1005.25994873047 705.804039001465 872.133522033691 687.404323577881 926.846254348755
-9999 521.391754150391 440.830291748047 303.578552246094 349.112976074219 628.906311035156 629.14591217041 761.028684139252 819.91628742218 783.873569488525 808.565315246582 770.376239299774 682.28789305687 698.435565948486 700.787971496582 696.599418640137 594.042301177979 653.563293457031 715.121185302734 582.072666168213 671.022346496582 510.811508178711 634.425926208496 647.524662733078 963.435829162598 544.60050201416 590.91194152832 764.194396972656 708.216156005859 721.23571395874 556.615905761719 606.705284118652 658.357482910156 660.973051071167 1170.75565338135 677.006378173828 674.354362487793 722.592502593994 814.132751464844 757.252563476562 591.945877075195 668.283988952637 708.610343933105 619.472183227539 700.501861572266 658.192443847656 1057.56247711182 740.833908081055 664.52693939209 664.995029449463
-9999 -9999 567.78889465332 543.451751708984 540.895622253418 638.23900604248 567.621368408203 719.752548217773 871.827312469482 753.759216308594 745.778329849243 656.239049911499 516.765396118164 686.147068023682 761.527687072754 470.188362121582 453.282279968262 671.419387817383 657.264263153076 680.259777069092 566.488372802734 528.959915161133 590.242546081543 539.490245819092 691.122880935669 653.503505706787 634.678887367249 691.209354400635 559.535995483398 646.446380138397 572.480987548828 628.420558929443 653.033636033535 559.957290649414 850.357629776001 597.572374343872 698.254447937012 758.549278259277 705.604057312012 650.339973449707 652.998336791992 818.770866394043 655.087097167969 791.782678604126 632.961410522461 809.490909576416 805.138690948486 634.745758056641 774.300247192383 665.857284545898
-9999 -9999 973.286399841309 842.804840087891 555.615379333496 598.835464477539 659.134643554688 643.928611755371 637.668563842773 598.457885742188 1077.61035466194 641.112575531006 578.271095275879 545.634399414062 584.087036132812 654.892738342285 531.437055587769 707.2431640625 676.876243591309 640.576759338379 368.220397949219 407.494598388672 434.992500305176 633.483409881592 541.48486328125 597.401306152344 570.73462677002 656.842405080795 586.423439025879 743.105209350586 632.014392852783 571.912406921387 667.305131196976 578.851844787598 642.842821121216 631.861595153809 631.114723205566 801.91833782196 754.355863571167 579.392379760742 780.258270263672 884.106183052063 815.773307800293 766.153350830078 846.610275268555 1016.16919708252 730.94270324707 776.281600952148 818.77961730957 645.681854248047
-9999 -9999 -9999 680.472801208496 473.66357421875 589.226448059082 716.905227661133 630.378936767578 669.022102355957 614.844108581543 586.312076568604 587.711524963379 745.260215759277 676.009296417236 701.423858642578 782.192108154297 556.203004837036 572.673706412315 496.743942260742 541.316564559937 498.838409423828 466.675827026367 589.146152496338 1428.94886398315 673.638359069824 596.445991516113 554.464477539062 671.432591438293 687.541788101196 704.038123130798 847.103165626526 689.121969223022 496.282821655273 582.547431945801 633.957790374756 717.604187011719 481.147872924805 702.504583358765 542.224105834961 621.843232154846 749.274486541748 726.264854431152 725.804901123047 752.143402099609 630.499053955078 691.791580200195 731.363632202148 658.086082458496 629.924667358398 1125.01236724854
-9999 -9999 -9999 631.349143981934 504.63387298584 565.368698120117 669.388748168945 855.386451721191 610.582138061523 1028.09676742554 498.874282836914 486.318054199219 811.365951538086 713.118877410889 740.078147888184 649.268436431885 531.193202972412 533.969257354736 599.784534454346 541.09419631958 514.108489990234 578.969455718994 506.770126342773 770.974983215332 547.495950698853 452.528244018555 424.961395263672 623.911842346191 697.706184387207 672.40473985672 659.881311416626 634.002466201782 608.80260848999 603.628475189209 549.88355255127 948.011703491211 608.716087341309 607.945152282715 515.605804443359 577.492904663086 561.806869506836 508.938339233398 575.984130859375 888.944381713867 691.043121337891 1030.44384765625 696.525436401367 762.544570922852 954.493667602539 1056.72412109375
