simdem/realisation35.asc
NCOLS 350 
NROWS 171 
XLLCORNER 152620 
YLLCORNER 418050 
CELLSIZE 100 
NODATA_value -9999 
[rows 88 to 109 of 171, columns 200 to 249 of 350]
695.499526143074 769.680702209473 737.136810302734 717.224166870117 838.360946655273 825.550750732422 624.374695777893 609.324731826782 584.042449951172 623.825478076935 486.803245544434 560.413505554199 673.976405143738 738.227088928223 698.298351287842 820.722625732422 785.049354553223 571.378173828125 692.80063867569 838.079925537109 705.314449310303 716.099235534668 689.956237792969 684.747528076172 663.099855780602 611.860260009766 691.584880828857 691.414220809937 865.672256469727 603.361778259277 572.818252563477 630.893374443054 703.713302612305 631.990376472473 577.905250549316 641.070103645325 662.58526802063 600.787906646729 518.774230957031 441.528625488281 615.536506652832 807.629877090454 838.42826795578 872.856750488281 694.76778793335 727.425329208374 803.691337585449 877.35684967041 809.684677124023 858.368429660797
596.394599914551 735.783658981323 765.840370178223 647.976364135742 691.67137336731 755.94709777832 606.06392288208 684.816188812256 659.769050598145 702.468803405762 617.372039794922 539.042411804199 446.953491210938 702.804336547852 627.580829620361 722.299171447754 669.081426620483 575.586601257324 581.745483398438 682.567203521729 679.90153503418 715.116844177246 720.234203338623 693.354846954346 608.020889282227 712.555110931396 678.34751367569 623.155754089355 781.653007507324 696.975891113281 668.994604110718 673.739608764648 606.138828277588 652.101936340332 694.047828674316 561.954627990723 631.916574478149 485.556587219238 621.776107788086 531.738006591797 772.467792510986 850.53581237793 691.601921081543 866.980503082275 841.91276550293 738.574508666992 673.083549499512 899.714790344238 1049.04960167408 782.762880325317
658.689755439758 1015.58782577515 738.715038299561 704.806032180786 731.840202331543 547.932640075684 462.387344360352 607.188388824463 604.088172912598 598.275123596191 714.674530029297 652.879614830017 635.927460193634 641.658435821533 711.360717773438 569.694381713867 545.090957641602 674.567890167236 729.695442199707 591.779205322266 473.251953125 772.805244445801 634.401634216309 617.508209228516 626.292137145996 671.542797088623 624.067008972168 616.133277893066 641.006862640381 669.196474075317 580.658096313477 595.068801879883 477.929656982422 451.638687133789 645.839584350586 710.10865020752 636.250051498413 601.779228210449 769.470903396606 778.094882965088 640.636962890625 876.149269104004 733.418281555176 915.987564086914 909.690216064453 624.141914367676 667.177604675293 910.536844968796 1058.14863586426 703.467559814453
538.333385467529 524.025653839111 570.672721862793 613.268142700195 707.037448883057 540.447135925293 625.989427566528 550.205436706543 636.86528635025 565.486724853516 660.031174659729 692.961410522461 536.671417236328 643.856760025024 688.157039642334 605.393136978149 583.557777404785 542.762573242188 579.535831451416 759.679328918457 639.837249040604 563.980102539062 753.376098632812 775.607902526855 724.538402557373 665.485686302185 685.011642456055 617.419666290283 684.642852783203 812.540390014648 789.851776123047 677.399024963379 521.641189575195 570.556465148926 637.672782897949 710.512496948242 663.607492446899 583.39444732666 681.023998260498 704.156272888184 727.092748641968 854.15648651123 797.221601486206 899.706436157227 757.981601715088 584.289344787598 699.372667312622 763.868276596069 958.564739227295 851.906476870179
687.513854980469 588.661018371582 614.626570701599 684.985984802246 653.101411819458 606.182460784912 667.453142166138 552.38842010498 752.160682678223 790.890487670898 885.676223754883 631.485362052917 579.797393798828 522.182739257812 704.003883361816 678.862964630127 564.77352142334 775.153297424316 781.522659301758 723.66911315918 581.756912231445 598.257247924805 763.9651222229 749.127071380615 820.691329956055 715.986661911011 739.926523208618 543.648597717285 688.968414306641 587.251953125 807.58895111084 846.75520324707 684.532400131226 692.512989044189 623.646789550781 770.204132080078 754.608001708984 675.432600021362 542.667007446289 548.043617248535 656.768623352051 916.423126220703 805.463996887207 667.67049407959 591.273849487305 645.766335487366 758.170143127441 752.999779701233 827.919284820557 953.994911193848
629.130738258362 673.19248008728 744.59196472168 739.907669067383 573.720691680908 1168.98265075684 669.324516296387 707.105850219727 808.14729309082 730.50350189209 716.914009094238 638.804857254028 604.919686317444 494.000144958496 644.290050506592 694.622604370117 646.8997631073 620.200016021729 719.783149719238 867.099700927734 673.117862701416 700.942535400391 693.790245056152 761.952056884766 776.56721496582 554.588500976562 693.402877807617 504.042678833008 498.380325317383 618.108207702637 666.914673805237 779.893562316895 793.681453704834 789.306011199951 634.907066345215 770.534349441528 637.549125671387 614.261451721191 493.510589599609 537.68327331543 659.823772266507 653.347900390625 506.822647094727 607.301586151123 600.665596008301 733.848503112793 662.950972557068 782.05762386322 833.060230255127 857.38614654541
674.617296218872 607.950828552246 841.040176391602 797.236480712891 644.718910217285 866.704284667969 895.955924987793 560.989349365234 733.710441589355 777.648742675781 575.288932800293 604.649406433105 442.841751098633 562.027439117432 636.953278541565 482.089294433594 626.774273872375 693.917171478271 635.547653198242 771.732192993164 645.758728027344 696.77657699585 526.98657989502 774.033164978027 678.539680480957 752.287659645081 673.716100692749 649.242944717407 703.738536834717 622.733963012695 610.202346801758 715.319315910339 767.46900177002 679.840538740158 648.813323974609 773.15894317627 621.802543640137 515.498901367188 646.522476196289 593.923370361328 691.944993972778 792.313262939453 681.11189365387 698.32049369812 616.933578491211 701.493515014648 645.152341842651 549.771469116211 623.808181762695 718.125526428223
692.722288131714 694.849105834961 823.483825683594 894.839477539062 748.457008361816 688.0426902771 657.250668048859 581.020172119141 550.553764343262 577.200660705566 530.399108886719 620.523506164551 559.605354309082 624.359465032816 653.836364746094 669.232128143311 513.513458251953 649.814453601837 670.538097381592 664.21222114563 626.955413818359 802.264221191406 833.436561584473 598.724339008331 645.366962432861 853.140060424805 688.007825136185 686.684837341309 580.366142272949 677.839954376221 475.495941162109 807.219100952148 780.70679473877 742.964160919189 746.189839377999 842.736377716064 767.420616149902 583.612480163574 468.956283569336 720.319564819336 782.763336181641 870.616622924805 804.417709350586 815.452339172363 788.332439422607 762.256435394287 489.006393432617 640.69518661499 728.449424743652 673.571220397949
730.441562652588 679.46639251709 867.087287902832 884.090728759766 751.332048892975 576.200180053711 580.804161071777 685.180797576904 688.725814819336 572.610359191895 556.622047424316 570.197906494141 653.394480705261 606.003192901611 713.616004943848 657.554586410522 487.696548461914 681.825374603271 646.664855241776 688.296863555908 660.744467735291 816.904098510742 846.42350769043 759.057884216309 581.21467590332 630.029472351074 670.025650024414 720.088050842285 712.510107040405 676.724044799805 587.98348236084 659.344787597656 731.505783081055 821.316497802734 634.81517791748 805.920178413391 782.890083312988 755.924072265625 590.881156921387 672.484968185425 834.650032043457 887.09553527832 900.597290039062 675.986644744873 790.645431518555 771.973569869995 692.095180511475 604.075393676758 551.138595581055 699.076309204102
721.311950683594 717.68977355957 836.053291320801 773.805274963379 643.342926025391 629.300216674805 613.059017181396 1100.85837554932 528.150100708008 675.137140274048 686.041109085083 588.406627655029 662.482545852661 741.412780761719 789.311828613281 645.538461685181 753.697906494141 636.864410400391 614.191669464111 853.609130859375 779.03588104248 802.203071594238 712.266937255859 660.509752035141 576.935897827148 646.499206542969 534.022888183594 593.203037261963 579.523044586182 508.130409240723 621.587305784225 649.105280399323 690.534938812256 797.915405273438 717.853141784668 752.474430084229 753.30392074585 588.547370910645 533.525039672852 643.27953338623 795.418529510498 756.648815155029 650.296562194824 780.364608764648 785.643142700195 692.594696044922 719.945224761963 715.609011650085 1054.40129089355 676.291404724121
805.182022094727 631.427108764648 685.056407928467 690.041759490967 602.366134643555 849.536827087402 787.752113342285 935.596954345703 687.141906738281 702.893749237061 685.053963661194 559.989318847656 471.38899230957 820.4541015625 699.104412078857 632.439344406128 563.362602233887 624.739570617676 569.069068908691 824.620269775391 822.688201904297 647.675776481628 689.421962738037 658.56565117836 698.649169921875 799.15397644043 695.037086486816 716.889110565186 515.229293823242 437.983963012695 776.008964538574 766.829368591309 596.370155334473 691.893032073975 857.181045532227 852.660079956055 663.885824203491 643.015781402588 597.230522155762 599.54606628418 714.193626403809 702.159210205078 585.602592468262 650.899486541748 767.396872520447 816.207271575928 758.323781967163 925.911685943604 794.320018768311 668.996978759766
845.262380599976 616.537106513977 754.445869445801 692.068649291992 658.350158691406 662.464248657227 762.537881851196 848.971397399902 915.702423095703 650.78392791748 600.144004821777 560.253429412842 617.744738578796 782.513542175293 775.772308349609 654.823778152466 532.035385131836 638.146906852722 564.431327819824 624.964433670044 614.231384277344 704.746444702148 688.538356781006 551.062644958496 519.347915649414 746.448488235474 1038.94791030884 808.788414001465 524.643859863281 573.500274658203 691.048886299133 804.748802185059 716.380359649658 644.740648269653 703.46223449707 849.237014770508 752.258979797363 675.335889339447 690.357013583183 628.675811767578 635.520782470703 680.527172088623 671.051197052002 577.91471862793 617.603744506836 557.150634765625 670.538192749023 1082.64300918579 1066.78514862061 1018.54728841782
689.181045532227 809.027577400208 695.564331054688 721.696096420288 623.501724243164 703.176876068115 831.427833557129 743.518316984177 618.019485473633 731.272403717041 535.157699584961 518.736450195312 716.636817932129 930.142822265625 787.491847991943 796.413757324219 686.403600692749 598.032386779785 622.797713279724 557.836578369141 508.423156738281 694.258834838867 614.107339859009 830.428077697754 615.856254577637 614.554611206055 1141.33734130859 729.607353210449 876.015533447266 1285.12450027466 1310.43487358093 708.428093910217 725.172510147095 593.040657043457 687.536464691162 774.818195343018 994.554787397385 611.276084899902 693.811217308044 766.542575836182 731.227460861206 774.550136566162 736.618148803711 558.940490722656 816.251205444336 974.086486816406 1019.85660552979 841.334874153137 942.517974853516 760.041706085205
816.200067996979 676.589740753174 644.304172039032 710.525218963623 658.876518249512 801.719974517822 859.11905670166 839.460720062256 713.19766998291 842.461608886719 664.950500488281 659.699678421021 765.114852905273 816.453140258789 802.907821655273 902.672668457031 542.869331359863 610.991237640381 650.174409866333 582.42692565918 643.289856910706 728.795837402344 593.136013031006 688.158868789673 566.876731872559 661.684913635254 570.418807983398 585.681831359863 550.451232910156 603.538017272949 564.795066833496 611.013359069824 501.661407470703 1028.20315551758 792.502334594727 874.731063842773 1246.93697357178 1062.47095108032 772.878091812134 1031.5555267334 1023.18499755859 712.396717071533 604.025665283203 474.774047851562 638.267776489258 948.551086425781 1004.88272094727 1036.05239486694 1440.06925296783 718.449554443359
872.594718933105 814.288245677948 755.098491668701 748.725387573242 923.28662109375 796.32251739502 772.984163284302 859.955089569092 872.874809265137 675.646835327148 1108.30653953552 567.543884277344 647.859706878662 654.344043731689 673.899265289307 766.279136657715 688.052454948425 739.233123779297 743.122566223145 723.365249633789 579.51872253418 624.977300643921 596.963729858398 597.021415710449 615.382522583008 548.54515838623 515.737670898438 670.461193799973 487.719512939453 509.963668823242 633.778907775879 597.145439147949 481.341705322266 590.545211791992 703.372440338135 607.504386901855 648.428502082825 993.834358215332 669.951251983643 728.492803573608 758.736740112305 705.966773986816 1085.98135375977 531.041625976562 997.440902709961 935.016593933105 820.31706237793 918.051636695862 1126.85481262207 730.951734542847
741.069229125977 775.149349212646 897.88671875 645.971841812134 915.898941040039 919.8828125 787.427690505981 837.668155670166 914.341659545898 647.916763305664 527.392364501953 632.324523925781 478.058456420898 609.356056213379 678.025522232056 681.804582595825 864.140289306641 797.587944030762 846.857666015625 477.814460754395 546.526573181152 579.078215122223 454.603416442871 476.030227661133 832.665585279465 573.215560913086 624.973232269287 616.930465698242 638.547861099243 687.470003128052 689.395397186279 688.960597991943 653.304233551025 656.837335586548 838.325611114502 675.401202201843 956.853507995605 1003.57503509521 930.714485168457 796.658874511719 790.938655853271 756.459461212158 851.071044921875 397.039123535156 937.603378295898 1027.57339096069 741.477151870728 1085.84130859375 848.064289093018 1295.13794708252
-9999 719.705354690552 626.673721313477 584.016633987427 659.107298672199 815.663925170898 689.108055114746 702.557106018066 732.343181610107 586.774383544922 551.368103027344 939.50358581543 512.912673950195 626.351894378662 631.427179336548 636.832433700562 608.331039428711 656.078941345215 569.717426776886 561.133987426758 535.666946411133 563.505226135254 501.160842895508 897.86474609375 920.369857788086 530.084175109863 453.479995727539 567.82922744751 664.024688720703 710.949745178223 620.910694122314 618.661514282227 778.949333190918 693.016300201416 839.282577514648 584.044906616211 627.036125183105 661.455089092255 683.06939291954 695.995777606964 695.832801818848 728.547261238098 795.248506546021 642.788475036621 689.316711425781 1105.21992492676 744.956427574158 737.979507446289 746.49069160223 895.53751373291
-9999 868.424896240234 754.960136413574 608.145166397095 659.445932865143 875.334686279297 620.933258056641 774.90619468689 823.949222564697 703.427513122559 609.622894287109 676.86483001709 560.874496459961 615.633922576904 585.449111938477 631.892005510628 448.02392578125 384.568252563477 459.690185546875 634.737935066223 662.65219783783 699.542797088623 643.929298400879 692.424369812012 1078.90422439575 540.013336181641 565.958755493164 600.432312011719 636.515024185181 647.190454483032 678.511657714844 609.845035552979 597.868766784668 584.413391113281 1100.08233642578 461.289733886719 587.86922454834 576.087867736816 777.667198181152 607.541481018066 567.784805297852 570.620956420898 798.933145523071 743.335424423218 696.536338806152 660.588943481445 984.569263458252 713.880428314209 698.819065093994 648.063758850098
-9999 -9999 704.752304077148 567.721534729004 601.666397094727 727.40763092041 839.501327514648 821.333198547363 789.085338592529 814.057475566864 664.533050537109 659.931903839111 608.624897003174 515.589599609375 669.6771068573 597.775817871094 544.678745746613 410.260848999023 682.337291717529 605.35669708252 656.453968048096 570.664413452148 669.953507184982 640.295291900635 666.962926864624 524.658706665039 696.756900787354 466.762069702148 558.705841064453 612.411125183105 788.761154174805 641.334613800049 569.49365234375 436.982803344727 620.335891723633 323.229949951172 706.409385681152 706.759212493896 679.923921585083 572.25260925293 598.326889038086 632.327568054199 534.224639892578 644.443832397461 841.494644165039 748.561924695969 660.128227233887 554.653854370117 778.969924926758 694.01676940918
-9999 -9999 1034.52791976929 877.307464599609 643.033109664917 753.832679748535 745.779281616211 581.9912109375 712.641220092773 604.139404296875 1003.53221893311 621.37015914917 663.194669723511 572.198364257812 696.038185119629 483.83235168457 406.897705078125 459.769195556641 687.837852478027 684.738555908203 607.064498901367 492.774505615234 575.169898986816 661.676655441523 498.958183288574 674.813377380371 788.425941467285 611.915424346924 646.019823074341 784.524826049805 594.072444915771 632.748975753784 485.790832519531 475.397521972656 196.181365966797 559.36742401123 715.072254180908 815.282702445984 701.433155059814 673.330989837646 772.997756958008 774.659210205078 785.980033874512 821.760475158691 843.752338409424 814.296951293945 702.160102844238 681.858093261719 870.293884277344 739.032974243164
-9999 -9999 -9999 737.12321472168 773.631141662598 832.995910644531 798.594654083252 956.738967895508 870.480590820312 698.185022354126 541.825622558594 716.61743927002 829.956039428711 672.026900291443 580.955787658691 604.541027069092 432.642883300781 514.178867340088 596.895809173584 702.216369628906 458.352180480957 518.141372680664 330.612503051758 1423.24983215332 522.303169250488 570.559097290039 767.699478149414 733.325813293457 581.948112487793 731.855323791504 762.492317199707 648.54508972168 569.744743347168 574.16463470459 461.129837036133 704.612205505371 496.134719848633 632.595695495605 621.043655395508 580.279125213623 705.555534362793 701.89924621582 742.7916431427 692.645278930664 677.21736907959 672.982238769531 655.541290283203 639.219841003418 670.735794067383 1160.5839881897
-9999 -9999 -9999 646.918609619141 611.16570609808 686.996322631836 752.353629112244 802.015922546387 850.431396484375 987.876441955566 640.389236450195 724.973501205444 722.387199401855 625.607288360596 596.352825164795 535.29150390625 459.523773193359 485.210098266602 559.226192474365 554.04065322876 490.879577636719 512.818206787109 502.046775817871 804.099948883057 589.716975212097 680.323978424072 598.910736083984 608.086006164551 508.869537353516 693.76831817627 447.335647583008 592.630695343018 621.811485290527 645.955014228821 483.414245605469 911.116577148438 423.542907714844 697.498580932617 521.962921142578 675.696165084839 557.49299621582 603.477874755859 808.418849945068 964.718158721924 642.471099853516 1182.24206542969 787.172508239746 823.702922821045 1125.23350954056 917.521881103516
