simdem/realisation84.asc
NCOLS 350 
NROWS 171 
XLLCORNER 152620 
YLLCORNER 418050 
CELLSIZE 100 
NODATA_value -9999 
[rows 132 to 153 of 171, columns 250 to 299 of 350]
806.874180793762 827.930305480957 753.682983398438 800.755128860474 950.466461181641 767.192817687988 624.017570495605 774.955627441406 850.297973632812 830.893894195557 786.962001800537 782.764556884766 671.378707885742 748.588339090347 666.170745849609 671.796501159668 750.585201263428 780.08020401001 844.664821267128 818.236404418945 804.462547302246 701.575132369995 711.108169078827 739.362850189209 685.49866104126 715.253871917725 589.902412414551 776.989402770996 737.494262695312 616.274921417236 763.640327453613 706.128997802734 608.725845336914 618.522834777832 637.193927764893 567.071815490723 587.997203826904 608.152069091797 639.847496032715 861.032527923584 970.448620796204 1034.23119354248 911.058113098145 1242.84037017822 904.762710571289 890.003284454346 895.187610626221 716.145812988281 764.878036499023 1034.4552116394
808.036832809448 692.539710998535 685.359222412109 758.053047180176 812.933807373047 610.926637649536 593.408534049988 662.461939811707 819.50902557373 770.719590902328 728.5537109375 853.477592468262 720.500858306885 659.983741760254 650.578338623047 652.651329040527 764.001106262207 873.847190856934 1083.89920043945 785.055683135986 635.945945739746 677.651111602783 708.901252746582 690.644802093506 579.895668029785 672.474826812744 597.463191986084 639.387601852417 734.783477783203 660.400592088699 672.185741424561 688.474803924561 422.871963500977 560.209495544434 656.701222419739 669.219223976135 659.670854568481 681.27819442749 614.735717773438 564.655944824219 640.25757598877 766.803115844727 1096.81563186646 1144.09576225281 1082.95393180847 961.564479827881 957.028198242188 600.915512084961 808.482421875 967.542293548584
869.478469848633 1029.84510803223 847.894962310791 734.340576171875 643.514505386353 560.395683288574 649.707242965698 819.79655456543 740.194393157959 841.218379974365 715.20304107666 758.302551269531 576.917785644531 487.108306884766 647.785552978516 808.023124694824 862.964820861816 787.900870323181 957.721719741821 691.425888061523 534.78727722168 573.385513305664 766.526565551758 702.980207443237 582.297149658203 725.600666046143 791.552169799805 730.305374145508 585.59969329834 683.576782226562 675.219762802124 621.068439483643 631.504337310791 652.13865852356 692.185817718506 620.498355865479 529.713333129883 563.464141845703 589.946823120117 585.849182128906 605.628845214844 654.778288841248 627.667629241943 750.566146850586 629.748901367188 734.489288330078 719.195495605469 653.56672668457 853.793458938599 796.823089599609
804.043781280518 819.231536865234 977.077880859375 771.938858032227 622.240948677063 619.922185897827 820.620491027832 617.977874755859 685.488632202148 701.827339172363 870.092979431152 908.195014953613 670.011306762695 529.82942199707 661.935558319092 738.096323013306 755.933435812593 602.590850830078 858.615516662598 775.054264068604 582.059707641602 727.628301620483 742.444862365723 800.910743713379 658.974262833595 669.997131347656 710.542182922363 775.884017944336 847.058074951172 668.33517074585 715.795902252197 435.434829711914 669.444567203522 658.897065162659 690.35425567627 556.917266845703 483.408142089844 505.920303344727 678.879230737686 633.572105407715 582.24397277832 628.559730529785 558.518943786621 538.538162231445 606.857200622559 673.428909301758 757.141746520996 699.125259399414 795.809394836426 973.628040313721
531.810028076172 860.683898925781 910.583038330078 811.412948608398 874.941284179688 768.323117256165 790.767166137695 700.135070800781 807.334757804871 764.35839176178 822.948654174805 732.761339187622 473.153228759766 698.491653442383 709.031303405762 701.21378326416 570.414474487305 754.807056427002 815.636379241943 657.61856842041 811.238648891449 740.279712677002 709.613226413727 690.67577958107 715.639217376709 722.205070495605 800.119171142578 820.294250488281 764.347496032715 528.219032287598 641.961832046509 461.398818969727 566.800842285156 633.745090484619 672.42068195343 604.275501251221 615.82389831543 586.993865966797 577.417129516602 731.407821655273 617.756225585938 669.702070236206 595.55150604248 563.895866394043 573.082077026367 528.797760009766 775.509693145752 806.47509765625 860.703214645386 1017.66633605957
750.743913650513 648.353614807129 685.309217453003 824.44352722168 745.532688140869 794.788622617722 708.462020874023 820.632381439209 808.522590637207 796.126659393311 820.21280670166 759.33362197876 764.509191513062 796.392372131348 820.34228515625 644.399147033691 569.359146118164 653.758255004883 535.600234985352 652.36198425293 537.763931274414 698.153763055801 715.133539676666 548.672630310059 674.684757232666 714.621608734131 611.603412628174 712.038368225098 596.186653137207 688.719017028809 655.72212600708 582.972717285156 686.277820587158 559.837226867676 631.704797744751 737.783905029297 603.433486938477 658.524948120117 689.484358787537 712.319213867188 816.202224731445 658.435939788818 737.7425365448 702.243370056152 508.625457763672 512.865203857422 769.619415283203 1020.83340454102 921.126991271973 802.065851211548
763.390545845032 826.07551574707 870.168319702148 936.944274902344 751.192558288574 676.287071228027 683.939018249512 716.266445159912 836.083625793457 880.50170135498 873.721176147461 804.844829559326 784.11496925354 888.381381988525 718.491115570068 690.380928039551 699.317492485046 680.599990844727 526.484909057617 563.276870727539 424.995727539062 632.030288696289 698.822326660156 853.25764465332 737.333000183105 647.491157531738 612.72998046875 601.726280212402 565.259147644043 545.599380493164 698.555541038513 630.256046295166 551.946426391602 612.121807098389 681.337970733643 680.159050941467 602.014667510986 638.882671356201 849.192443847656 825.575981140137 723.065412521362 723.991535186768 770.281631469727 674.629264831543 643.011962890625 439.811721801758 642.87967300415 737.425166130066 666.779357910156 756.710035324097
518.210952758789 847.398651123047 719.899486541748 756.937633514404 735.896087646484 641.519943237305 678.286323547363 508.291839599609 785.135314941406 910.86173248291 783.371805906296 794.345821380615 779.023207426071 832.472846984863 980.837837219238 785.256130218506 629.707489013672 795.421005249023 619.77131652832 480.836822509766 571.267623901367 579.221710205078 792.115538597107 946.730682373047 840.173347473145 693.944250106812 638.288269042969 739.963569641113 689.413909912109 540.05729675293 618.851188659668 764.701759338379 599.395614624023 507.370834350586 575.434776306152 575.139022827148 489.978988647461 700.215955734253 687.875259399414 695.588338851929 637.27668762207 770.46936416626 615.887229919434 647.956016540527 635.834587097168 708.574697494507 567.669715881348 590.919692993164 707.282279968262 719.367134094238
632.028198242188 715.485145568848 750.669448852539 755.239158630371 786.67816734314 765.870281219482 573.216201782227 622.967468261719 789.983276844025 707.666679382324 677.641616821289 847.365161895752 948.574111938477 890.510406494141 822.117059707642 781.850542068481 790.44713973999 902.138154983521 616.459930419922 598.858192443848 624.553871154785 719.1712474823 695.799465179443 804.138412475586 788.630464553833 730.830207824707 721.026107788086 804.803391456604 571.060356140137 682.929397583008 747.315475463867 737.946601867676 720.213509559631 614.492897033691 500.064239501953 592.591079711914 567.572807312012 632.822372436523 597.757820129395 607.246353149414 745.581634521484 713.995025038719 611.955360412598 658.186889648438 619.679168701172 802.323329925537 635.597579956055 716.808591842651 724.595638751984 790.896476745605
681.057048797607 762.425144195557 625.794647216797 701.442970275879 823.905101776123 749.488815307617 710.927757263184 800.217460632324 875.885520935059 899.267967224121 636.289978027344 822.952514648438 892.490745544434 970.589477539062 865.778289794922 878.773403167725 874.718933105469 700.496170043945 707.259086608887 697.103538513184 691.147398948669 680.879406929016 681.544815063477 835.378974914551 838.013137817383 791.796181201935 841.596118927002 862.154972076416 653.020462036133 862.433975219727 730.992727279663 778.144386291504 925.870254516602 703.593460083008 675.942363739014 664.555393218994 550.27954864502 651.138671875 695.583282470703 659.462738037109 714.088717155159 759.386131286621 745.834661483765 607.978034973145 747.872212409973 663.30037689209 734.291062355042 834.793807983398 688.105304718018 825.699813842773
732.703754425049 637.800140380859 1063.37415313721 513.346557617188 730.682258605957 837.277788639069 715.159866333008 621.444257736206 750.6584815979 804.587136030197 815.492856025696 780.724578857422 880.274826049805 945.984970092773 803.497988462448 823.283066272736 869.873641967773 848.214876174927 908.802109718323 813.715827941895 685.662349700928 635.816928863525 679.167963027954 700.209846496582 817.570587158203 902.219924926758 860.381675720215 846.953620910645 626.751800537109 676.964294433594 674.467926025391 656.774663925171 678.071413040161 764.389980316162 715.396020889282 622.408126831055 644.773759841919 635.792728424072 749.401107788086 793.425636291504 694.692667007446 718.992641448975 700.078273773193 631.066749572754 694.719469070435 804.714775085449 647.553493499756 725.963731765747 794.343170166016 709.56937122345
595.73583984375 584.368949890137 955.567977905273 628.001838684082 634.236663818359 650.247215270996 676.336906433105 879.091377258301 743.157821655273 872.155723571777 874.098571777344 865.224952697754 820.724977970123 1025.16519165039 759.565902709961 682.349182128906 661.78288269043 699.495483398438 860.469072341919 752.531644821167 765.347131729126 757.581680297852 744.831485748291 804.328857421875 789.060456454754 645.09765625 848.530822753906 772.695058822632 606.246429443359 633.255462646484 803.655006408691 766.193344116211 717.567726135254 808.20841217041 565.226593017578 602.756233215332 803.983741760254 623.007949829102 688.436266899109 781.737480163574 752.105613708496 765.044166564941 794.94905090332 648.59253692627 686.879539489746 814.948699951172 657.542324066162 696.428699493408 751.653257519007 798.470260620117
584.937446594238 601.435394287109 699.607398986816 676.694320678711 632.733352661133 559.051315307617 503.057800292969 751.846267700195 696.475965499878 924.528472900391 1075.0524520874 776.792020797729 864.595783233643 890.839263916016 897.700317382812 853.087651252747 720.926116943359 779.917747497559 835.463640213013 864.103420257568 683.357040405273 716.340938568115 794.125885009766 759.960662841797 778.223704338074 801.462478637695 795.982238769531 800.386731147766 916.548294067383 915.559097290039 808.991072773933 770.19063949585 737.335962295532 604.92310333252 602.737716674805 651.835456848145 667.892650604248 579.166481018066 769.80637550354 869.647270202637 739.825122833252 679.80738067627 646.314117431641 680.499820709229 839.927757263184 707.296766281128 755.618951797485 569.660552978516 682.082153320312 770.526964187622
-9999 -9999 -9999 725.061889648438 776.48070526123 749.753211975098 750.738008499146 621.533554077148 671.467987060547 656.230922698975 904.152051925659 752.589858055115 874.617761611938 825.703048706055 854.018961191177 912.89427947998 912.531639099121 1093.49671936035 903.310234069824 783.555225372314 831.636352539062 929.95930480957 831.217936351895 862.039143562317 896.351596832275 791.748497009277 814.113349914551 759.730899810791 707.505851745605 844.16820526123 836.149379730225 762.070119857788 706.862060546875 819.318161010742 638.14338684082 582.3115234375 662.896377563477 733.651237487793 912.527626037598 740.359142303467 854.928108215332 755.855484008789 669.098289489746 663.930755615234 695.26944732666 766.591449737549 743.274257659912 638.195358276367 605.974700927734 819.892200469971
-9999 -9999 -9999 -9999 -9999 -9999 872.972504377365 822.526596069336 780.168252468109 755.269960403442 712.289112091064 665.118718624115 804.605760574341 933.20077085495 921.811420440674 853.049048900604 948.471771240234 827.879102706909 864.369369506836 942.31742477417 936.699607849121 867.930675506592 848.625143051147 781.456871032715 857.212232589722 844.575149536133 958.479629516602 782.788314819336 811.919826507568 802.237808227539 805.680271148682 834.468460083008 660.948997497559 685.186233520508 695.198101043701 813.720504760742 771.91918182373 801.535788059235 804.068881988525 979.683975219727 884.702014923096 667.005546569824 574.891082763672 742.060824394226 696.518362998962 763.681701660156 625.123359680176 624.798233032227 737.403450012207 772.028494358063
-9999 -9999 -9999 -9999 -9999 -9999 -9999 -9999 -9999 901.858798980713 863.616836547852 901.024993896484 964.809432983398 823.365693092346 816.261631011963 849.509078979492 1232.92660522461 936.47624206543 1018.2120141983 740.564651489258 680.832489013672 776.769386291504 866.912215232849 857.011794090271 1032.75802612305 1008.83219909668 908.717422485352 861.848770141602 878.541397094727 938.025856018066 880.885068893433 831.937530517578 668.877593994141 754.370143890381 867.985626220703 826.660095214844 697.423940658569 670.028804779053 615.465148925781 711.71472454071 701.607917785645 731.791515350342 595.691825866699 763.942604064941 547.683868408203 735.776568412781 720.578569412231 553.571701049805 723.287750244141 728.384483337402
-9999 -9999 -9999 -9999 -9999 -9999 -9999 -9999 -9999 -9999 -9999 1005.61199951172 918.138442993164 793.803169250488 765.368522644043 723.852333068848 909.147666931152 1445.19486999512 819.226228237152 707.258392333984 914.030899047852 852.548606872559 837.621974945068 920.099877357483 883.854319572449 747.010706424713 769.426349639893 798.572645187378 937.727142333984 977.597305297852 950.384666442871 765.047847747803 722.924840927124 759.818128585815 871.209526062012 789.173336029053 711.658588409424 681.057038068771 748.454250335693 668.410568237305 807.456245422363 656.972091674805 626.108337402344 686.170700073242 656.933906555176 665.165756225586 646.273796081543 746.742704153061 717.771339416504 687.360816955566
-9999 -9999 -9999 -9999 -9999 -9999 -9999 -9999 -9999 -9999 -9999 -9999 995.77579498291 953.516891479492 777.416534423828 649.383415222168 727.928874969482 1478.19062042236 1170.9912405014 1145.69441795349 1078.74859619141 1076.97802734375 1086.6980342865 1152.27401733398 844.988167762756 816.409313201904 757.155368208885 922.79719543457 927.921463012695 844.171737670898 812.909523963928 815.36819922924 978.037048339844 737.811929702759 915.07975769043 646.379005432129 664.402492523193 688.071964263916 834.580406188965 695.000986099243 789.856281280518 617.438018798828 739.150337219238 600.54345703125 709.923271179199 725.864591598511 657.888084411621 579.451477050781 817.083335876465 678.26505279541
-9999 -9999 -9999 -9999 -9999 -9999 -9999 -9999 -9999 -9999 -9999 -9999 965.370323181152 742.169404983521 888.822784423828 639.718612670898 684.462852478027 718.673942565918 1004.23432922363 933.072227478027 836.694043159485 899.693855285645 1003.99548339844 900.715263366699 855.477272033691 1012.45016479492 1197.37624359131 733.632732391357 1020.93995666504 1010.94750213623 787.071487426758 910.603607177734 824.508803844452 799.642978668213 653.290504455566 740.492721557617 667.524124145508 815.473236083984 866.643218994141 864.712219238281 723.351585388184 677.289184570312 787.48733997345 726.833465576172 725.795314788818 686.43155670166 688.238689422607 728.932926177979 801.98401260376 712.103775024414
-9999 -9999 -9999 -9999 -9999 -9999 -9999 -9999 -9999 -9999 -9999 -9999 -9999 888.82901763916 941.183532714844 805.551464080811 655.382354736328 704.399594306946 991.720489501953 984.522575378418 845.766014099121 1023.7017364502 870.464630126953 946.045570373535 698.704887390137 704.833480834961 725.587947845459 875.664657592773 727.301601409912 822.343130111694 1122.53409147263 950.123443603516 813.083616256714 766.641889572144 629.9248046875 764.874652862549 827.139991760254 790.092102050781 840.283710479736 894.373291015625 879.286697387695 856.979217529297 758.910113334656 733.849590301514 721.754993438721 776.978532791138 818.963777542114 767.112497329712 772.080421447754 824.548961639404
-9999 -9999 -9999 -9999 -9999 -9999 -9999 -9999 -9999 -9999 -9999 -9999 -9999 -9999 813.140724182129 814.263874053955 816.833870887756 775.957443237305 976.574954986572 947.711982727051 962.328926086426 880.703305244446 946.845254898071 818.637676239014 730.947196960449 626.674301147461 574.941802978516 986.970901489258 947.620910644531 666.931625366211 839.420364379883 699.012741088867 813.218585968018 716.089218139648 725.51153755188 859.655059814453 966.358753204346 879.796588897705 853.260398864746 812.761355161667 764.266960144043 779.319816589355 757.860282897949 821.810926437378 869.592071533203 1010.25827026367 935.098129272461 931.964141845703 946.078384399414 809.017049789429
-9999 -9999 -9999 -9999 -9999 -9999 -9999 -9999 -9999 -9999 -9999 -9999 -9999 -9999 966.984764099121 798.734699249268 646.30192565918 690.423736572266 891.006217956543 983.886840820312 936.336986541748 804.70174407959 787.800674438477 824.607452392578 825.461601257324 821.752601623535 850.038738250732 893.493259429932 862.280151367188 812.925607681274 962.052795410156 838.075679779053 903.083892822266 782.242619037628 860.365997314453 872.550994873047 973.480361938477 846.836212158203 786.837862968445 838.586441993713 864.452869415283 838.493772983551 790.997444152832 891.688377380371 894.417129516602 1004.72551727295 1041.66799926758 906.475814819336 967.995529174805 922.730209350586
