simdem/realisation60.asc
NCOLS 350 
NROWS 171 
XLLCORNER 152620 
YLLCORNER 418050 
CELLSIZE 100 
NODATA_value -9999 
[rows 110 to 131 of 171, columns 250 to 299 of 350]
979.332971572876 596.980224609375 761.670219421387 766.600448608398 1222.27923583984 1060.580701828 802.344787597656 1178.08840942383 726.798126220703 814.493270874023 783.202529907227 999.524284362793 1081.51441955566 1025.87135314941 924.008171081543 837.887413024902 1014.09900331497 1096.78463363647 852.484680175781 1002.90596288443 891.230604171753 978.02294921875 1123.55665874481 1111.61944007874 1131.08089447021 841.909103393555 644.185806274414 830.502355575562 956.389019012451 1009.6756439209 943.543609619141 907.134811401367 774.385124206543 853.015399932861 893.731876373291 932.339595794678 914.030628204346 808.559600830078 821.274024963379 753.939300537109 672.791389465332 664.876588821411 740.672211647034 940.009429931641 648.772846221924 657.772346496582 765.473299026489 643.889526367188 850.46496963501 609.347198486328
865.769546508789 550.402694702148 630.624658584595 896.355734825134 820.26880645752 818.343223571777 770.576023101807 1244.84641265869 495.986663818359 595.442901611328 580.742462158203 826.167953491211 946.976707458496 724.999954223633 978.104888916016 908.634002685547 885.092025756836 933.526563644409 920.389747619629 1021.37030792236 1418.05717468262 1070.71696472168 1034.71454620361 891.783054351807 980.617813110352 1302.17654418945 939.552459716797 786.110000610352 1010.79679107666 789.888278961182 826.721424102783 770.130241394043 895.487976074219 900.840309143066 1082.51867675781 1006.09397125244 1096.52649307251 1012.77761077881 857.995008945465 855.738956451416 630.198608398438 768.677177011967 874.726737976074 785.665628433228 790.298439025879 852.036148071289 735.512580871582 712.092674255371 742.719909667969 715.992614746094
817.933364868164 1011.00264167786 922.858180999756 808.526223421097 1146.51762390137 823.305082321167 837.796423912048 942.068801879883 882.947024345398 909.543785095215 669.203453063965 768.509132385254 1072.49018096924 1058.54597091675 1335.74384307861 923.428646087646 789.608270168304 667.802101135254 822.718996047974 986.931129455566 909.472667694092 767.600593566895 1235.93518233299 923.65657043457 1147.73950576782 993.94246673584 837.023376464844 906.030014038086 875.62219619751 897.140024185181 819.466259002686 959.298877716064 881.549495697021 956.124034881592 849.284591674805 1091.48741149902 920.950923919678 744.536109924316 718.258464813232 722.337303161621 705.733955383301 706.40954208374 712.367740631104 902.12105178833 892.638553619385 707.774467468262 688.63875579834 868.588060379028 631.730346679688 763.339408874512
535.294631958008 921.542530059814 734.801322937012 819.151321411133 996.973892211914 1323.47473144531 792.473859786987 832.796669006348 758.967514038086 655.528900146484 573.000762939453 618.967994689941 697.5387134552 739.202621459961 889.252212524414 838.29956817627 657.673965454102 694.089584350586 768.855589568615 722.67765045166 874.818416595459 905.08368730545 977.836456298828 905.06742477417 953.875217437744 1058.97928237915 900.772079467773 922.520648956299 1390.91137313843 1237.90264892578 942.951027393341 932.099658966064 976.849899291992 980.929321289062 806.683441162109 1045.6787109375 913.389804840088 638.733922958374 660.946701049805 798.552886962891 692.311107635498 548.978179931641 606.103839874268 723.55118560791 719.670547485352 673.093364715576 642.836879730225 761.910491943359 811.464782714844 843.39208984375
729.783706665039 1257.74989795685 1338.75427246094 867.713851928711 652.699691772461 753.853372573853 2107.75010871887 813.946493148804 1248.19076538086 1190.25199508667 765.152346491814 640.286457061768 758.898853302002 640.8948097229 762.348373413086 1021.89466667175 872.687235832214 732.200424194336 623.427947998047 613.176116943359 705.417709350586 909.031036376953 875.739784240723 756.500926971436 923.074768066406 789.822978973389 976.573265075684 944.645542144775 1207.47799682617 1275.52241516113 961.908090591431 946.281158447266 707.153648376465 760.00669670105 707.466613769531 765.92333984375 615.645426750183 690.726303100586 647.864654541016 545.629531860352 725.379496097565 577.462799072266 722.252523064613 843.791625976562 764.22798538208 800.314575195312 726.126014709473 676.131820678711 679.021141052246 849.108954429626
720.969085693359 980.134658813477 770.489135742188 758.619581222534 724.661605834961 1182.8271484375 775.021984100342 800.622011184692 900.755565643311 916.893100619316 618.307540893555 533.812591552734 652.86457824707 677.131348609924 822.069122314453 893.861190795898 730.079446792603 818.539471626282 717.867088317871 623.980888366699 834.064483642578 928.588315963745 804.8434715271 823.418910980225 867.708145141602 833.492263793945 760.996994018555 957.298500061035 1186.25875091553 1683.89891934395 1088.86084842682 835.410919189453 450.455993652344 640.281387329102 815.453430175781 918.056137084961 645.389663696289 566.31379699707 611.772552490234 696.594411849976 754.345876693726 638.733062744141 774.940696716309 806.877330780029 794.377819061279 806.596282958984 727.130271911621 746.101023674011 771.266006469727 841.157287597656
719.996307373047 1167.17791748047 635.141952514648 853.653718948364 1305.1287689209 726.226982116699 750.974025726318 1216.83460998535 638.477279663086 950.206123352051 971.760704040527 755.156148910522 606.800453186035 639.231857299805 721.354446411133 819.474174499512 742.967205047607 604.404121398926 714.570449829102 807.2386469841 667.660064697266 701.595031738281 904.823028564453 923.879005432129 787.461592674255 774.575501918793 862.26838684082 850.149167299271 893.153690338135 941.027576446533 1104.07870483398 798.740993499756 709.075881958008 556.254272460938 745.42911529541 1237.05860900879 1264.96688842773 1737.48972320557 1601.97464752197 975.567489624023 882.601867675781 757.936103820801 641.801666259766 745.759267807007 729.137908935547 645.074920654297 598.822570800781 626.944999694824 822.560516357422 689.409767150879
539.430404663086 996.820098876953 760.007316589355 596.610549926758 951.80005645752 568.923858642578 903.080230712891 516.53450012207 576.548461914062 808.956069946289 844.942428588867 734.756195068359 617.981117248535 611.182680130005 772.526229858398 760.403568267822 831.989860534668 763.787996292114 656.796124458313 779.289642333984 547.367431640625 781.895112991333 714.035339355469 815.573572158813 848.236742019653 907.639751434326 953.089084625244 966.782943725586 913.473098754883 563.55615234375 543.192443847656 995.416568756104 949.060020446777 917.130851745605 1088.64089584351 925.617782592773 1021.52859115601 1218.98922729492 1560.2338104248 2249.88177490234 1397.37408447266 1046.53946685791 857.996797561646 689.938903808594 732.675367355347 715.166077613831 692.180461883545 852.627792358398 742.275848388672 701.844413757324
802.42603302002 943.465888977051 875.074462890625 720.746856689453 968.794082641602 509.338043212891 1213.32903671265 742.130531311035 791.112022399902 713.725357055664 665.249923706055 744.589248657227 694.033447265625 661.851390838623 806.11833190918 821.045593261719 648.093318939209 832.149797439575 755.26872253418 872.068134307861 772.517459869385 619.897449493408 718.382298111916 709.67208480835 859.432708740234 861.224439620972 1077.00761413574 881.790748596191 758.924942016602 497.097091674805 1810.81289672852 2852.80152130127 779.088363647461 903.076820373535 1208.0758934021 917.226161956787 1018.07120132446 1112.36394500732 1135.16649627686 1190.89801025391 1127.8505821228 1406.38388061523 1198.65165328979 1428.84677124023 1327.30720710754 1061.1372756958 987.270690917969 946.799041748047 1027.12094116211 799.070617675781
599.357038497925 608.338520050049 676.46150970459 672.274021148682 830.629920959473 963.94987487793 803.006340026855 1001.63031005859 1177.11922454834 698.516399383545 559.705017089844 729.525085449219 646.689559936523 771.023426055908 754.642204284668 715.001522064209 629.211898803711 775.350372314453 940.870414733887 883.183488845825 797.736670017242 745.877758026123 695.685304641724 744.099449157715 865.26350402832 838.905788421631 785.200653076172 847.867609977722 795.585172176361 630.376647949219 669.02579498291 2157.52808380127 715.345634460449 864.295112609863 1045.28991889954 1275.29160308838 1124.25039672852 1066.42374420166 1733.24465942383 1327.31504058838 1098.93214416504 1162.43376159668 1111.63496398926 1161.305809021 1613.69885253906 1683.76539611816 1195.20634460449 1670.41900634766 1656.3798828125 1062.37875366211
611.423374176025 624.976196289062 561.436527252197 531.49578410387 843.525329589844 817.087104797363 812.980854034424 934.972915649414 787.669921875 550.030197143555 715.626205444336 660.239196777344 652.672561645508 702.521427154541 719.26526927948 685.672937393188 755.784610748291 844.077667236328 735.679527282715 716.130424499512 709.463897705078 695.997894287109 693.816368103027 724.417909622192 677.204587936401 775.409553527832 708.057443618774 854.509874343872 909.042165756226 928.864685058594 831.254905700684 771.084533810616 682.833892822266 784.753173828125 885.020301818848 970.941206336021 1079.77359771729 1024.75283050537 1391.5863494873 1239.1275177002 1296.22167205811 1162.79837417603 1071.91032361984 945.58967590332 1279.65928840637 1308.23382568359 1188.99262619019 1236.45848083496 1410.29061889648 1713.1890411377
564.772155761719 633.647262573242 713.189071655273 405.739898681641 439.776596069336 487.68159866333 553.214881896973 607.552917480469 542.86116027832 518.269546508789 641.692420959473 677.800666809082 755.851043701172 756.444549560547 625.403854370117 684.605571746826 624.572338104248 852.750915527344 714.043321609497 660.132719039917 797.156179428101 806.25085067749 714.981887817383 791.679983377457 768.599126815796 611.509506225586 857.295490264893 753.199264526367 853.94913482666 1010.46757507324 871.774002075195 928.854248046875 633.686248779297 690.065002441406 916.90096282959 1102.31747436523 1050.84001159668 1123.58988952637 951.788022994995 1019.19807052612 1311.18601226807 1274.63760375977 1096.16220092773 778.818267822266 1306.87888336182 1236.90797233582 1118.23899841309 1190.57887268066 1221.12689208984 1435.82981872559
674.472873687744 625.55647277832 542.106948852539 675.486785888672 687.424570083618 512.059589385986 568.714262008667 622.398788452148 631.166023254395 476.708282470703 761.851009368896 648.71598815918 728.026840209961 496.901481628418 666.827774047852 565.783386230469 829.779767990112 857.917938232422 636.01526260376 664.529449462891 661.886783599854 694.928596496582 601.421722412109 826.627655029297 831.270286560059 978.236572265625 746.275791168213 669.973320007324 843.160018920898 938.636573791504 942.164131164551 1007.46678161621 745.699398040771 896.214172363281 1095.89855957031 1237.37057495117 962.350784301758 894.633003234863 780.364358901978 1038.78384399414 978.571380615234 970.704523086548 931.894924163818 933.870908737183 924.690843582153 1105.72072601318 1012.2445526123 970.472383499146 1006.62060546875 1125.1516494751
856.653945922852 812.396591186523 793.759948730469 516.822967529297 576.024269104004 579.391494750977 690.944187164307 649.025493621826 671.314888000488 748.264162063599 790.559060096741 704.79914855957 985.705520629883 666.419319152832 953.50422668457 793.936585307121 728.080408096313 690.814352035522 786.657646179199 638.485565185547 653.207321166992 605.873809814453 815.94412612915 792.026935577393 718.308000564575 671.419737815857 683.315460205078 714.040214538574 746.830612182617 786.731994628906 832.846584320068 838.416667938232 814.223964691162 747.309894561768 1020.4793548584 1139.94552612305 1066.07962036133 792.147031784058 796.604928135872 883.574089050293 772.806146621704 830.163664102554 846.848480224609 921.625419616699 827.817083358765 878.441104888916 921.288843631744 949.542578697205 799.149083137512 923.114135742188
835.650680541992 827.72868347168 897.55623626709 549.557662963867 509.033218383789 426.449005126953 701.736465454102 722.652267456055 658.740394592285 697.780344009399 830.141436576843 779.577396392822 671.827102661133 625.501342773438 1372.56536483765 660.406425476074 726.93946647644 838.018890380859 819.888580322266 539.911918640137 678.518045425415 638.961654663086 788.356979370117 748.588571548462 726.631790161133 636.756057739258 795.811127185822 734.276245117188 731.663291931152 843.925514221191 869.566792011261 1122.54011535645 1036.69110107422 781.433837890625 978.144882202148 891.07816696167 944.023056030273 910.555389404297 776.041883468628 784.847492218018 683.011337280273 769.006209135056 763.130854606628 800.239356040955 913.274597167969 885.70881652832 753.757389068604 874.263570785522 717.953620910645 787.435518264771
703.539739608765 854.500022888184 873.293548583984 737.757430553436 562.245544433594 637.594085693359 579.347686767578 598.082969665527 427.254898071289 446.707000732422 751.673951148987 598.111282348633 974.391510009766 838.79045009613 755.565858840942 680.53784942627 676.535339355469 881.545059204102 887.308578491211 1123.46192932129 684.264558792114 515.637145996094 646.000007629395 898.266876220703 896.074020385742 731.723342895508 662.213522911072 642.502517700195 715.080848693848 806.015544891357 892.595428466797 975.435653686523 970.33618927002 808.020832061768 940.107528686523 846.863021850586 897.638244628906 881.342727661133 846.87109375 695.823902130127 717.350028991699 612.434967041016 631.376129150391 821.592432022095 828.650793075562 979.920295715332 961.60986328125 772.197145462036 715.574508666992 718.367790222168
875.297817230225 713.768091201782 742.720775604248 785.968036651611 671.71068572998 607.436126708984 721.577224493027 669.987735748291 626.885459899902 615.481633663177 628.070959091187 1218.60916137695 670.569122314453 729.537399291992 915.783088684082 688.014488220215 633.855270385742 660.651069641113 1235.15928649902 624.633018493652 706.94899725914 625.276012420654 489.144882202148 587.315216064453 783.364749908447 736.11262512207 753.225784301758 766.581031799316 781.723587036133 784.926425218582 774.499927520752 840.230285644531 837.081634521484 930.842681884766 804.157619476318 664.928581237793 756.090970039368 768.14799118042 622.120651245117 642.952331542969 659.020439147949 711.476551055908 734.874656677246 724.540863037109 719.087516784668 726.872894287109 909.389217376709 784.319080352783 704.846923828125 814.662147521973
736.165683746338 678.152477264404 731.811563491821 645.045616149902 730.70726776123 799.069864273071 790.776149749756 623.160591125488 640.337024688721 668.171577453613 555.296806335449 502.738616943359 583.99605178833 1216.49678468704 815.806464195251 633.385208129883 567.113998413086 923.962129116058 766.404041290283 692.121644973755 745.3440990448 646.188575744629 568.424255371094 709.439539909363 609.551193237305 624.489265441895 613.449104309082 717.322303771973 808.378707885742 652.016242980957 686.803146362305 680.91397857666 841.741399765015 792.592927932739 762.306186676025 630.644149780273 713.876571655273 796.951860904694 744.024276733398 754.974586486816 648.406036376953 816.891389846802 765.75675201416 638.057479858398 782.025634765625 540.18669128418 669.931205749512 832.939895629883 690.181991577148 933.559856414795
860.285175323486 622.192687988281 611.139114379883 665.450675964355 640.809188842773 680.812271118164 741.223339080811 679.011497497559 473.508819580078 540.912162780762 611.124229431152 651.078804016113 804.4462890625 731.784403800964 561.27318572998 653.834701538086 545.090934753418 804.245800018311 691.079719305038 575.606414794922 622.407066345215 666.718117713928 601.389419555664 756.863883972168 680.173442840576 590.145462036133 684.282114028931 727.307315826416 598.611232757568 633.796363830566 646.389724731445 746.358045578003 887.713851928711 643.652046203613 807.828620910645 914.687484741211 1030.61088562012 839.142223358154 811.529273986816 1092.33084487915 777.537246704102 715.369651794434 779.442428588867 842.729709625244 905.318717956543 675.808731079102 639.128555297852 721.190711975098 963.417198181152 883.770488739014
793.104354858398 715.771427154541 884.270233154297 902.902603149414 837.985198974609 748.702434539795 645.840858459473 654.065645217896 604.10262298584 439.521484375 637.349739074707 628.753311157227 795.824424743652 654.178672790527 698.452186584473 826.507041931152 758.299498170614 753.975932121277 728.450359344482 711.192375183105 723.601819992065 755.915718078613 689.116037368774 778.571098327637 634.911392211914 631.30924987793 592.489273071289 715.505219459534 761.528114318848 728.534378051758 605.6357421875 832.252197265625 991.44970703125 805.53776550293 901.340232849121 1086.10646057129 932.770973205566 966.547050476074 1027.83885955811 896.367630004883 845.296752929688 917.206253051758 874.113334655762 888.989570617676 844.938774108887 922.308025360107 753.614184379578 745.388803482056 815.617816925049 1015.25785827637
892.231689453125 746.156740188599 890.820449829102 1047.61712646484 944.942001342773 775.306186676025 759.587127685547 619.641746997833 717.468955993652 528.814697265625 641.252403259277 676.499153137207 738.084215641022 636.668731689453 740.156905531883 734.030815124512 609.348236083984 711.372509002686 824.970916748047 875.577575683594 771.047050476074 797.194480895996 734.776878356934 750.916584014893 653.997543334961 690.306289672852 691.524005889893 857.404411315918 842.789855957031 680.696571350098 633.006870269775 828.022994995117 727.914107322693 956.58193397522 1031.58882141113 850.888647079468 882.845367431641 998.610360145569 1161.84811401367 906.715698242188 929.489105224609 1161.30448913574 1123.53094863892 670.649963378906 886.040550231934 969.877967834473 821.638534545898 724.311361312866 625.672019958496 917.410957336426
860.266204833984 774.346194267273 938.895721435547 1040.25674438477 983.210876464844 832.483055114746 699.532562255859 634.396873474121 717.455303192139 699.329416275024 718.146452009678 782.52294921875 728.260878562927 831.790390014648 734.203788757324 670.970626831055 623.230072021484 617.091300964355 760.694036483765 905.60816192627 736.437162399292 773.608711242676 754.790649414062 748.338607788086 677.358127593994 708.085041999817 651.999656677246 729.129852294922 547.616516113281 769.67692565918 845.437606811523 759.89054107666 623.180345535278 674.146863937378 761.69303894043 571.03923034668 778.086524963379 855.517405986786 900.205825805664 1048.23146629333 1000.3971862793 1057.19546890259 803.532150268555 950.223129272461 871.065233230591 765.096946716309 967.166595458984 550.562850952148 930.800842285156 960.943664550781
