simdem/realisation86.asc
NCOLS 350 
NROWS 171 
XLLCORNER 152620 
YLLCORNER 418050 
CELLSIZE 100 
NODATA_value -9999 
[rows 88 to 109 of 171, columns 200 to 249 of 350]
721.610038757324 650.139251708984 519.650970458984 712.429088592529 762.722793579102 604.400810241699 632.003456115723 543.253028869629 701.355560302734 665.914287567139 488.520935058594 589.527488708496 590.443145751953 666.465556144714 616.579189300537 696.759689331055 777.220062255859 869.014205932617 802.288398742676 623.886444091797 546.845764160156 722.922122955322 623.091259002686 681.585474014282 716.160629272461 689.284498214722 692.903289794922 710.525428771973 587.581596374512 757.34538269043 633.326856613159 670.172409057617 881.479919433594 731.144584655762 637.722051143646 680.676063537598 589.0085105896 517.029281616211 482.68440246582 629.163391113281 644.937210083008 732.869476318359 760.211708068848 822.943820953369 611.529983520508 621.849197387695 679.927478790283 783.097778320312 809.326522827148 922.555969238281
597.663703918457 612.644836425781 580.023368835449 669.433347225189 665.267737388611 764.576454162598 764.038131713867 749.237525939941 769.290023803711 711.100006103516 656.577213287354 703.046195983887 638.671359062195 620.884492874146 626.257266998291 592.119941711426 673.761222839355 871.159927368164 868.299713134766 628.350894927979 624.505516052246 788.187843322754 578.189414978027 599.244621276855 658.56902885437 817.343780517578 717.663745880127 597.054168701172 555.514442443848 673.676788330078 707.050827026367 667.381523132324 798.34162902832 727.989456176758 702.049377441406 556.93440246582 502.041038513184 525.984825134277 664.870906829834 764.277359008789 558.334182739258 659.763511657715 829.364883422852 865.782493591309 761.978058815002 658.260049343109 757.029959201813 870.420890808105 1035.73735618591 775.427253723145
576.279403686523 911.615859985352 479.462326049805 679.487644195557 755.408912658691 602.214015960693 765.730201721191 731.252830505371 760.967315673828 719.41658782959 613.922435760498 736.554130554199 694.59432220459 637.883267402649 730.329544067383 666.147636413574 835.166961669922 810.580902099609 905.993698120117 771.076820373535 496.461608886719 526.625717163086 624.861396789551 705.740272521973 742.897308349609 654.3909034729 690.461216449738 653.421760559082 612.015186309814 662.521916389465 652.913743019104 576.477161407471 645.289329528809 627.801349639893 539.205432891846 653.203586578369 700.599990844727 797.426239013672 760.957999706268 518.594711303711 633.181053161621 728.830293655396 760.67666053772 864.815217733383 701.581367492676 719.865421295166 747.095851898193 822.042694091797 876.403480529785 845.527770042419
520.85782623291 508.874801635742 639.467957496643 718.481708526611 650.282051086426 715.964900970459 634.349472045898 765.241073608398 701.801094055176 559.167762756348 594.414573669434 695.200553894043 594.96496963501 725.537979125977 868.249160766602 742.005279541016 594.804557800293 677.173908233643 640.373163819313 783.50862121582 567.939682006836 587.003776550293 733.646724700928 760.467002868652 734.961151123047 730.934509277344 684.069175720215 697.037582397461 559.648162841797 668.801854670048 598.829048156738 675.983909606934 502.380493164062 602.561046600342 614.554988861084 665.995988845825 759.017807006836 695.266246795654 715.075892448425 732.143969535828 588.921508789062 768.808612823486 912.435493469238 917.517944335938 737.251934528351 606.961887359619 589.384216308594 669.920547485352 869.819519042969 910.007118225098
602.059719085693 482.550369262695 597.359649658203 572.452959060669 529.072143554688 602.265579223633 615.237600326538 650.498252600431 564.300743103027 475.316543579102 677.638284683228 754.770584106445 608.711344718933 682.623313903809 763.376045227051 632.93871307373 636.232594966888 603.544273376465 575.836730957031 589.512702941895 589.769130706787 682.928988218307 760.540111541748 717.557140350342 783.753158569336 724.575199127197 812.197368621826 615.156467437744 708.191814422607 721.126129150391 607.550407409668 702.016696929932 792.069854736328 756.854370117188 466.747329711914 667.625951766968 724.583038330078 747.939552307129 562.020858764648 557.903053283691 553.81290435791 722.520900726318 696.84677696228 831.362197875977 659.957581758499 609.293369293213 583.356979370117 753.747412204742 857.451122283936 984.734115600586
596.755908966064 535.419250488281 645.906753540039 703.804504394531 514.681825637817 1049.55943965912 629.197326183319 617.6725730896 521.245979309082 689.566402435303 653.950445175171 619.527086257935 641.750150680542 623.601487398148 678.722534179688 609.598499298096 617.518782615662 613.415493011475 687.026561737061 814.506042480469 635.223230838776 589.878132343292 813.850402832031 735.078620433807 782.66287612915 701.732745170593 792.398323059082 730.595993041992 810.757034301758 636.154968261719 548.677345275879 723.11262512207 679.685699462891 701.639707565308 677.406307220459 768.264377593994 770.152732849121 664.747352600098 679.738699436188 646.358787536621 549.540046691895 457.972763061523 767.839996337891 668.308441162109 699.552368164062 501.611419677734 646.536361694336 764.928630828857 769.340549468994 819.625060796738
722.227119445801 714.082243919373 743.289110898972 793.26416015625 569.69214630127 729.163566589355 936.231567382812 738.677436828613 625.99266242981 626.107131004333 705.024139404297 674.04211807251 551.081192016602 633.756180763245 680.504375457764 715.995109558105 671.888626098633 835.791442871094 732.211463928223 818.50537109375 768.18896484375 774.12825012207 695.30443572998 813.848711490631 919.39111328125 792.098905563354 616.027862548828 648.416872024536 662.466695070267 639.242753982544 658.270475387573 729.216532588005 774.508155822754 700.568706512451 691.753761291504 710.114921569824 585.303871154785 605.34114074707 749.666654586792 651.106086730957 639.662445068359 644.20361328125 596.716888427734 732.204574584961 736.724552154541 639.490661621094 527.906341552734 501.093551635742 587.536010742188 787.003829479218
579.11661529541 629.489394426346 1023.82073974609 1015.74479675293 820.889335632324 741.54012298584 714.563571929932 818.999984741211 749.632102966309 708.680488586426 732.30867767334 637.432147979736 636.040565013885 628.836549758911 643.483134269714 602.304447174072 664.100109100342 722.895698547363 580.153697967529 759.262435913086 722.66576385498 740.798988342285 819.321319580078 727.163833618164 654.659847259521 680.728260040283 605.400573730469 728.065135955811 715.431476593018 758.653877258301 712.617862701416 671.890968322754 621.282127380371 648.768028259277 700.95178604126 796.255469322205 793.366413116455 795.21467590332 718.426105499268 595.15616607666 733.067876815796 807.931793212891 975.798477172852 752.081310272217 921.895217895508 851.469478607178 691.456257104874 590.743202209473 735.482757568359 693.318077087402
552.125846862793 675.570106506348 754.311014413834 934.06803894043 879.349792480469 727.80242729187 662.551380157471 743.213382720947 733.073993682861 812.128967285156 656.214366912842 649.806819915771 548.672836303711 569.021110534668 647.502689361572 590.454624176025 662.640914916992 632.700904369354 666.851505279541 661.324557304382 708.860721588135 613.987670898438 747.949380874634 765.629249572754 590.331748962402 585.487083435059 610.086090087891 679.643130540848 665.45073890686 855.987426757812 687.963770866394 734.134017944336 486.179046630859 442.909851074219 605.539039611816 824.612815856934 820.473077774048 754.859657287598 834.602081298828 760.379196166992 971.413467407227 845.674667358398 766.31519317627 644.814605712891 668.104614257812 762.401591300964 660.267490386963 582.896217346191 618.823333740234 641.491836547852
410.147903442383 578.306259155273 663.627166748047 798.927421569824 965.992568969727 760.150077819824 611.104011535645 873.768272399902 534.751998901367 793.265747070312 682.206317901611 585.959064483643 661.468476295471 635.117782592773 689.823593139648 619.568508625031 569.974849700928 680.56729888916 678.026393890381 795.003799438477 686.826992034912 608.046775817871 753.468963623047 621.778915405273 628.619638442993 740.928579330444 602.017541050911 649.100746154785 722.839569091797 646.077926635742 576.76961517334 639.521392822266 494.544509887695 495.719329833984 508.382972717285 695.800639539957 698.233644485474 592.614265441895 747.351272583008 809.738792419434 817.831413269043 633.230049133301 627.752952575684 588.303688049316 688.787055969238 767.163338661194 902.782257080078 706.196678161621 909.071346282959 659.232810974121
756.290302276611 596.425672531128 720.690858840942 831.542587280273 863.524276733398 970.047973632812 767.551246643066 617.704879760742 685.247611999512 514.558441162109 626.38126373291 693.620124816895 673.193023681641 674.337144851685 732.131172180176 507.222198486328 576.064308166504 708.979476928711 656.638633728027 719.93424987793 714.833122253418 736.000549316406 761.578330993652 685.40834236145 615.477180480957 853.701927185059 728.738262176514 601.389381408691 649.11470413208 556.136688232422 521.373153686523 627.447246551514 536.793518066406 578.512840270996 692.38973236084 705.978734016418 535.952178955078 589.694160461426 731.161991119385 604.13117980957 586.614730834961 575.654098510742 613.962135314941 487.708694458008 541.354278564453 741.278484344482 691.843559265137 717.839004516602 707.557640075684 754.754314422607
841.85013961792 706.721115112305 902.308532714844 824.56547164917 804.594268798828 839.902481079102 761.082273483276 611.997627258301 667.59058380127 479.782379150391 566.295249938965 565.944236755371 701.853385925293 735.110931396484 795.551177978516 667.087324142456 586.91374206543 711.548957824707 670.573257446289 624.862684249878 684.652702331543 612.192485809326 684.209053039551 635.632152557373 625.088218688965 694.445316314697 1098.7974319458 908.689322471619 761.173801422119 566.52375793457 621.143203735352 588.49104309082 643.351982116699 574.556549072266 541.868316650391 604.269691467285 564.878784179688 739.971466064453 616.835739135742 582.649574279785 574.301544189453 621.945335388184 638.329803466797 600.783576965332 752.591254234314 714.18211555481 608.462036132812 940.965835571289 825.264755249023 1096.84672546387
843.060562133789 904.085395812988 736.756057739258 739.543898582458 813.112415313721 665.144172668457 691.104160308838 774.62042427063 712.25096321106 631.949974060059 577.673583984375 610.189861297607 674.933364868164 766.234481811523 752.873880386353 746.364297866821 693.977195739746 736.391044616699 805.511337280273 794.699111938477 716.071434020996 650.028938293457 683.045303344727 831.755340576172 737.484317779541 631.872806549072 1138.81681060791 806.186819791794 1072.90564727783 1160.13902282715 1235.58568572998 657.357627868652 579.542938232422 602.279144287109 706.77149772644 636.616729736328 823.419692993164 588.880249023438 600.335205078125 557.398452758789 601.067687988281 583.625183105469 777.460580825806 706.648404121399 867.689720153809 1003.03399658203 971.834976196289 823.579254150391 1082.85646820068 881.564743041992
789.717071533203 637.42845916748 660.354825019836 646.161567687988 719.831127166748 689.771369934082 732.648132324219 768.647653579712 622.03254699707 1055.15459060669 632.747333526611 590.721199035645 569.933326721191 621.321426391602 690.684253692627 770.721200942993 678.507965087891 636.906847000122 589.878513336182 621.343317270279 767.212730407715 769.23868560791 629.020136103034 682.936492919922 614.421719551086 697.817451477051 710.995607376099 715.381362915039 640.023864746094 673.681674957275 523.492477416992 575.132080078125 477.31950378418 1029.63998413086 824.873489379883 827.897232055664 1059.08493041992 983.122924804688 592.326126098633 867.121437072754 708.418640136719 575.368103027344 545.56086730957 514.811508178711 632.308166503906 775.952842712402 781.400344848633 1018.081199646 1277.08682250977 799.174789428711
829.533829689026 926.522911071777 770.337467193604 669.078641891479 713.792064666748 753.413723409176 877.502029418945 822.220234870911 745.411724090576 718.306015014648 1054.67314720154 615.600276947021 628.308685302734 667.513514518738 588.902954101562 662.285690307617 656.299377441406 564.315231323242 516.915771484375 647.320353627205 611.904218673706 641.20565867424 614.952548980713 592.47924041748 691.493585586548 730.154014587402 657.688904523849 588.403350830078 666.287399291992 721.04084777832 636.57592010498 446.749496459961 416.634765625 477.024963378906 597.999816894531 541.782974243164 658.490739345551 993.110641479492 741.036628723145 657.41870880127 598.269958496094 413.238983154297 1006.40689086914 595.948455810547 953.231384277344 778.549629211426 603.915252685547 998.211647033691 886.190124511719 691.875644683838
721.33323097229 834.824436187744 683.881103515625 701.873401641846 720.585502624512 733.357559204102 678.649215698242 815.402688980103 776.858936309814 687.979431152344 861.356460571289 942.459524154663 539.729316711426 487.853042602539 581.51033782959 623.381118774414 560.449172973633 670.265752792358 617.728965759277 465.682319641113 527.936912536621 696.397911071777 664.354949951172 670.000564575195 808.222513198853 733.403091430664 732.188415527344 668.570275306702 776.939849853516 564.537773132324 582.911087036133 473.778671264648 510.404998779297 379.734069824219 751.048873901367 685.93673324585 829.010818481445 968.422306060791 927.189867019653 718.077576637268 732.95374917984 702.947204589844 1050.33972167969 694.702667236328 1012.54735565186 920.136215209961 728.078369140625 1212.79013061523 706.238479614258 1416.61116123199
-9999 762.946063995361 756.03995513916 633.533006668091 597.412559509277 701.17049407959 761.892334580421 803.760374069214 583.16650390625 611.557777404785 799.314926147461 933.506454467773 539.424705505371 586.653076171875 680.89567565918 677.42667388916 640.404836416245 698.810836791992 517.100109100342 579.010814666748 710.985973358154 697.650680541992 647.696434020996 982.486880302429 871.394012451172 608.846046447754 573.318183898926 726.664703369141 569.638221740723 592.735252380371 686.552661895752 489.71711730957 498.921951293945 732.401153564453 910.18383026123 512.108093261719 659.713916778564 531.276016235352 684.240165948868 617.463684082031 667.791687011719 710.218541145325 785.165016174316 733.921298980713 772.686864852905 1030.5749130249 712.669925689697 754.737941741943 760.716711997986 930.912311553955
-9999 748.033471107483 758.778274536133 628.817132949829 626.157295227051 747.22546672821 794.916206359863 744.014003753662 800.185003757477 882.053840637207 627.711654663086 688.763282775879 622.494743347168 724.192676544189 735.285087585449 556.422698974609 513.071483612061 560.583434343338 527.308349609375 612.641949653625 620.039554595947 617.69665145874 732.328515052795 649.070047855377 1039.69945192337 696.295349121094 621.536931991577 757.889823913574 665.28967666626 697.050601959229 681.962442398071 477.460906982422 398.770645141602 518.04133605957 1191.12028884888 534.620536804199 596.739524841309 641.577922821045 663.025356292725 682.597673416138 793.231391906738 702.272979736328 642.240615844727 797.711780548096 749.412014007568 610.785614013672 1170.80706787109 780.402435302734 639.033386230469 612.831398010254
-9999 -9999 874.697189331055 651.26965713501 674.2250623703 651.820602416992 840.967102050781 811.326820373535 831.255937576294 790.771381378174 672.421325683594 591.833671569824 572.246925354004 554.533355712891 673.464588165283 606.199443817139 546.691454410553 479.231552124023 559.654319763184 668.558219909668 675.773946762085 558.258735656738 724.661426544189 570.207815170288 757.623752593994 600.966655731201 646.938010215759 588.01293182373 493.776779174805 540.449913024902 568.612373352051 628.729042053223 604.61812210083 533.21337890625 773.929462432861 578.982788085938 623.796085357666 679.13328742981 722.948154449463 655.773342132568 743.81897354126 713.275991439819 662.109100341797 767.142181396484 645.52165222168 776.277200698853 796.351890563965 666.150451660156 767.901000976562 700.68994140625
-9999 -9999 951.090660095215 925.887786865234 607.394737243652 624.026805877686 686.338562011719 851.48119354248 795.636604309082 708.38020324707 875.712478637695 808.299057006836 589.859039306641 606.051849365234 483.746658325195 549.705308914185 426.639198303223 552.775718688965 533.937725067139 523.019306182861 457.590072631836 656.089179992676 534.650566101074 523.149368286133 648.334098815918 673.250061035156 581.409080505371 509.728439331055 605.168640136719 586.868217468262 650.274797439575 605.858222961426 491.505004882812 602.926647186279 682.344734191895 559.29923248291 682.086589813232 721.299896240234 704.823656082153 706.420560836792 810.049644470215 776.279632568359 842.123700618744 779.120269775391 849.419815063477 828.141845703125 772.41459274292 848.032653808594 901.276306152344 642.875396728516
-9999 -9999 -9999 603.308944702148 616.450508117676 489.968521118164 668.846054077148 753.92450428009 736.656131744385 624.458026885986 534.015487670898 776.081016540527 663.678625583649 638.355484008789 585.907989501953 682.498390197754 522.142955780029 626.987129211426 513.647094726562 564.869415998459 543.951389431953 678.234397888184 624.253639221191 1446.67300605774 617.089939117432 661.24718952179 631.344638824463 597.611534118652 650.175974845886 603.319931030273 768.39818572998 621.728691101074 652.515025138855 591.663299560547 688.978825569153 633.422515869141 658.610321044922 730.875944197178 674.600130081177 635.467840194702 635.526733398438 487.283752441406 497.685607910156 664.044982910156 585.620025634766 694.222579956055 675.268096923828 543.116577148438 599.545211791992 968.681243896484
-9999 -9999 -9999 629.143890380859 468.781845092773 543.49324798584 682.972518920898 734.478931427002 713.462657928467 1016.45880508423 722.211850166321 704.659318447113 642.64208316803 751.616287231445 767.696235656738 624.729167938232 608.839805603027 583.732522964478 581.889097213745 505.986022949219 693.158805847168 688.957069396973 528.821086883545 776.174819946289 498.700004577637 595.283611297607 607.801231384277 538.885543823242 624.720951080322 533.869720458984 799.096557617188 664.904858589172 693.382255554199 619.561130523682 564.81127166748 915.338302612305 561.911972045898 752.74896812439 789.215812683105 693.491539001465 569.675224304199 655.136909484863 501.340576171875 716.216644287109 604.506652832031 1111.99822998047 789.239730834961 691.614074707031 1034.73232269287 767.880126953125
