simdem/realisation49.asc
NCOLS 350 
NROWS 171 
XLLCORNER 152620 
YLLCORNER 418050 
CELLSIZE 100 
NODATA_value -9999 
[rows 66 to 87 of 171, columns 150 to 199 of 350]
509.86209487915 464.59635925293 540.163902282715 570.722332000732 646.4228515625 636.210876464844 602.954490661621 540.278531432152 631.74991607666 529.693447113037 475.532623291016 644.288391113281 400.565689086914 682.081443786621 705.106369018555 696.835357666016 475.65193939209 483.887428283691 531.596172332764 416.959503173828 577.782660961151 505.634765625 556.638022899628 546.701822280884 570.491253614426 614.051040649414 672.167694091797 633.840461730957 436.771865844727 595.829561233521 602.596397399902 448.790100097656 588.485712766647 593.330132961273 610.976685523987 700.538726806641 744.288284301758 820.682342529297 821.475875854492 594.11541557312 623.093843460083 691.584270477295 781.768737792969 762.676612854004 703.856151580811 639.487435489893 686.71907043457 561.527057647705 667.397720336914 785.989807128906
504.454860687256 633.688499450684 567.4005651474 613.855133056641 478.348197937012 621.805656433105 505.994567871094 527.665506362915 447.519973754883 477.137130737305 528.616870880127 622.799320220947 538.478107452393 603.713668823242 649.997436523438 669.439163208008 550.658603668213 500.383674621582 502.146556854248 471.649032592773 537.955654144287 577.926520347595 579.893647193909 501.279644012451 579.627608776093 476.557167053223 543.631002426147 593.001967430115 620.774341583252 600.608759880066 650.983249664307 503.52840423584 701.697982788086 554.411365509033 484.923034667969 662.886768341064 682.669120788574 731.71403503418 648.002830505371 679.634552001953 637.633716583252 640.385036468506 610.501282691956 670.035820007324 687.562528610229 634.104196071625 638.621884346008 526.519088745117 539.841903686523 673.363353729248
603.96842956543 611.208686828613 732.746231079102 612.686401367188 467.832305908203 647.821746826172 543.7691218853 535.316052436829 594.251518249512 642.935077667236 615.71923828125 549.703312397003 682.901260375977 670.760650634766 481.580680847168 452.582763671875 588.631406784058 486.642677307129 488.050323486328 511.81169128418 563.837394714355 615.904193878174 627.27530670166 450.833618164062 659.449981689453 426.916717529297 449.749862670898 602.996520042419 502.531715393066 510.025344848633 496.349227905273 595.625202178955 630.845211029053 428.249465942383 443.536834716797 569.181903839111 701.758010864258 711.30445098877 704.787612915039 565.230376720428 615.151947021484 557.765468597412 553.790588378906 676.011869728565 623.231307983398 618.876434326172 557.72509765625 491.430801391602 614.305265426636 550.675647735596
560.57838511467 560.336166620255 674.913291931152 718.481719970703 549.461968421936 533.348373413086 656.337341308594 506.578624725342 624.646312713623 634.911483764648 607.704154968262 482.864933013916 518.817531585693 492.521049499512 340.013397216797 491.34880065918 489.399143218994 593.47566986084 531.402526855469 518.216320037842 547.55775642395 553.834650039673 677.567901611328 586.813135147095 648.975692749023 468.571029663086 515.701110839844 606.903690338135 505.263313293457 434.530090332031 473.148780822754 514.667350769043 496.357444763184 576.092660903931 738.708023071289 649.991436004639 646.870971679688 657.960834503174 658.772941589355 644.094287872314 683.148742675781 507.137680053711 563.707130432129 692.387260437012 657.864010810852 437.361923217773 568.961399078369 582.483280181885 543.440788269043 621.724324226379
665.814086914062 590.431007385254 527.269533157349 683.831153869629 608.419811248779 672.376068115234 579.932613372803 569.575355529785 515.319639205933 475.744323730469 487.978240966797 454.767227172852 486.146354675293 484.262985229492 507.849334716797 525.050708770752 536.38191986084 567.426244735718 527.657447814941 550.907670974731 511.570175170898 470.218818664551 468.788963317871 467.211837768555 653.973213195801 589.578866958618 506.966983795166 574.099813461304 619.982498168945 581.081954956055 571.661633491516 604.138802528381 576.703107833862 562.925825119019 546.597373962402 623.215625762939 524.780883789062 607.155815839767 578.613297462463 573.405941009521 620.5471534729 588.739987373352 547.782695770264 629.216514587402 633.315711975098 575.476715087891 608.747764587402 609.189147949219 706.894107818604 779.494003295898
617.673248291016 631.728736877441 695.61833190918 560.284132957458 629.700736999512 613.082397460938 695.144104003906 606.456886291504 483.52392578125 547.005989432335 584.603790283203 608.393028259277 443.685615539551 388.101638793945 397.93147277832 497.005195617676 619.362060546875 621.595314025879 458.863426208496 498.437393188477 424.006103515625 679.932746887207 642.871601104736 453.417724609375 520.247108459473 559.07661819458 539.283561706543 665.178649902344 677.004379272461 605.800976991653 631.819477081299 561.605520248413 668.271301269531 582.797966003418 534.719146728516 580.486589550972 538.811508178711 512.579940795898 649.140003204346 576.632396697998 459.071075439453 532.836776733398 563.924423217773 522.828536987305 593.141807556152 537.555458068848 527.925666809082 521.741584777832 592.762577056885 795.372360229492
573.202949523926 454.264556884766 567.379932403564 409.640213012695 709.771270751953 562.077076911926 572.769876480103 508.674440383911 466.966415405273 573.659562110901 500.635581970215 524.539403915405 520.864583969116 371.927215576172 430.581466674805 537.832753658295 626.084739685059 658.625282287598 479.434394836426 505.28165435791 468.401901245117 556.37154006958 543.521381378174 506.529930114746 567.722797393799 482.459403991699 573.984813690186 799.674362182617 701.928009033203 567.392072677612 613.131530761719 559.302680969238 499.18962097168 439.457504272461 526.110008239746 574.578134536743 607.230451583862 442.66015625 546.641822814941 523.488040924072 534.861030578613 631.680633544922 502.64575958252 522.04817199707 583.768868923187 583.348213195801 558.180419921875 576.730533599854 690.770378112793 724.977279663086
631.034721374512 463.633071899414 499.436925888062 478.653656005859 616.79467010498 562.416020870209 604.756317138672 614.721519470215 576.266521453857 523.638317108154 541.66804599762 546.57855796814 476.975120544434 555.407064914703 512.844493865967 634.565673828125 570.314184188843 702.605262756348 503.746620178223 496.181228637695 508.228401184082 573.081356048584 543.391128540039 568.825061798096 732.435241699219 468.086669921875 492.10498046875 609.730204582214 535.175136566162 618.682437896729 522.183563232422 571.894805908203 673.851863861084 607.696989059448 620.3440284729 723.381790161133 685.902130126953 406.786727905273 568.584659576416 588.389695644379 429.930068969727 514.868019104004 545.78885269165 520.132270812988 587.778117179871 640.855147361755 487.534843444824 503.964324951172 603.793738365173 658.110798358917
511.264099121094 454.843681335449 397.188293457031 458.856201171875 494.721591949463 456.880355834961 592.692832946777 700.537445068359 495.885047912598 536.704582214355 585.525835037231 440.947059631348 561.047400474548 554.329167246819 601.669620513916 565.463151931763 581.223345756531 611.212551116943 530.618095397949 583.886800765991 675.450489044189 609.539276123047 514.76611328125 593.394203186035 644.79573059082 592.800768852234 574.433403015137 475.222229003906 606.781444549561 543.824108123779 555.494548797607 535.591709136963 671.681938171387 634.754020690918 796.277160644531 759.866989135742 688.430244445801 570.021635055542 589.462736278772 543.163139343262 478.836982727051 541.194557189941 510.155738830566 555.450168609619 680.635864257812 760.420974731445 604.412191390991 514.495277404785 588.918745040894 623.418467521667
786.743116378784 614.140651702881 493.021827697754 432.572914123535 568.434270083904 491.271659851074 622.645133972168 556.790499687195 542.005744934082 545.128524780273 510.004627227783 605.255681991577 593.069526672363 533.798290252686 720.815673828125 677.686756134033 739.441413879395 579.426431655884 654.613929748535 625.65431022644 562.805934906006 518.616668701172 628.221099853516 654.51485824585 725.398565292358 587.917407035828 662.621788024902 473.578720092773 423.310913085938 468.841415405273 544.296493530273 489.690452575684 587.760459423065 576.053789138794 592.169669151306 679.013824462891 566.045919418335 663.984642028809 635.793678283691 455.018890380859 693.042720794678 455.63835144043 454.516372680664 550.584281921387 583.67134976387 586.818622589111 591.981738090515 585.047653913498 665.875545501709 611.677627295256
671.528721809387 651.158742904663 654.689788818359 783.491058349609 547.924034118652 524.235145568848 595.228635191917 499.04141998291 506.526977539062 677.339088439941 634.613922119141 538.503770828247 477.129661560059 665.65145111084 674.065979003906 652.415157318115 598.886465072632 614.583136558533 669.006690979004 600.394216537476 625.775945663452 579.983734130859 638.483351707458 598.481302261353 722.31757068634 595.689125955105 463.692291259766 470.833999633789 497.190483093262 504.334861755371 673.640731811523 563.715040206909 610.782779693604 415.601013183594 539.180530548096 652.249687194824 653.275798797607 644.972694396973 643.855289459229 571.011824470945 680.778999328613 557.468124389648 554.839946746826 560.081836700439 761.594253540039 523.042953491211 590.983685493469 541.137672424316 610.750382781029 513.843322753906
547.649188995361 680.711685180664 611.231781005859 547.748565673828 636.668418884277 626.622573852539 527.934259414673 502.114219665527 484.876892089844 616.837699890137 729.112930297852 535.666313171387 538.114910125732 516.967948913574 508.996231079102 673.527740478516 595.150924682617 647.699349403381 697.721912384033 672.908288002014 657.963484764099 604.962562561035 673.893022537231 712.834526062012 688.693031311035 561.420837402344 553.782447814941 571.269054412842 653.590183258057 601.885623931885 511.921875 628.806188583374 602.529082298279 634.939239501953 551.12654876709 616.948713302612 628.211050987244 495.307708740234 513.381698608398 669.138481140137 624.251613616943 662.292694091797 604.859561920166 700.804710388184 717.31079864502 606.326229095459 579.222726821899 542.903961181641 646.230056762695 630.289300918579
535.504199981689 528.439918518066 391.425971984863 408.506500244141 548.422843933105 556.000728607178 572.197458267212 624.050327301025 530.654674530029 639.824672698975 519.023944854736 610.576637268066 537.341716766357 497.477798461914 501.723442077637 585.084465026855 506.122955322266 669.832149505615 577.054275512695 766.947746276855 617.217790603638 673.682315826416 727.708633422852 682.647338867188 533.991771697998 593.187370300293 675.890747070312 722.843505859375 715.359687805176 686.538547515869 615.115943908691 648.127361297607 698.255142211914 672.84545135498 596.205797195435 665.230293273926 611.826637268066 442.651107788086 520.259864807129 633.017147064209 623.31217956543 674.339763641357 653.777034759521 587.827347040176 644.075210571289 652.452281951904 574.847211837769 690.769195556641 596.181421279907 706.536605834961
467.987831115723 386.882011413574 533.191665649414 603.643905639648 686.963893890381 518.029563903809 664.590656280518 627.936260223389 609.896076202393 636.540526419878 637.1836977005 520.161895751953 591.038345336914 603.737192153931 825.062455296516 629.380540847778 750.695945739746 691.636090278625 640.754432678223 583.200794219971 671.069751739502 705.115943908691 713.796112060547 508.401875495911 533.116271972656 692.028251647949 713.836303710938 763.923728942871 784.315002441406 649.284440755844 482.500198364258 660.923727035522 734.775447845459 680.930286407471 548.284397125244 581.057132720947 614.048471450806 543.957778930664 597.330913066864 688.233032226562 778.179275512695 723.043884277344 597.775325775146 709.288650512695 645.724098205566 585.7337474823 525.198165893555 609.724187850952 671.437030792236 736.347930908203
646.684593200684 469.82056427002 512.298447608948 816.239543914795 749.453857421875 597.116187095642 706.764923095703 598.782552719116 622.338884353638 522.620162963867 670.85033416748 691.015983581543 672.266750335693 955.464996337891 885.763813018799 682.516399383545 701.046695709229 746.317951202393 631.136127471924 751.029441833496 659.215577125549 570.746223449707 628.787105560303 552.844202637672 600.494341850281 634.481712341309 675.743022918701 682.485336303711 787.019897460938 680.580638885498 609.452472686768 632.085202634335 710.913276672363 657.84593963623 454.38346862793 480.968460083008 460.87971496582 657.505340576172 675.127647399902 652.049537658691 664.587104797363 626.656055450439 631.127376556396 589.472637176514 603.105266734958 470.770919799805 610.11497592926 629.628643035889 676.250247955322 712.187835693359
820.826705932617 841.643615722656 672.925369262695 1084.89367675781 580.257598876953 707.289680480957 603.656112194061 473.999969482422 652.541522979736 690.813175201416 761.189765930176 968.931789398193 636.833671569824 961.929203033447 837.133323669434 866.677322387695 806.884330749512 681.345901489258 677.580417633057 827.334594726562 560.440155029297 654.722932815552 583.765985965729 585.586025238037 669.016860961914 686.663360595703 648.684499025345 716.346145629883 631.365411758423 628.262023925781 617.011766433716 638.197188138962 626.545734405518 621.424708366394 657.360624313354 526.946350097656 562.611469268799 612.760726928711 631.756988525391 669.763702392578 657.512336730957 590.366744995117 682.859580993652 574.464260101318 541.119476318359 593.338680267334 494.36279296875 607.89045715332 752.30940246582 719.576881408691
698.523834228516 701.72127532959 781.520599365234 855.375595092773 808.173502922058 748.551947593689 823.365589141846 908.917053222656 756.33878326416 1081.53065490723 687.339920043945 602.003215789795 752.898239135742 558.842147827148 544.240823745728 574.626001596451 731.420532226562 627.873371124268 757.436706542969 749.830268859863 678.502033233643 760.724670410156 614.836154937744 642.388405799866 711.154846191406 751.414001464844 782.897178649902 738.066047668457 580.442451477051 596.018863677979 479.351181030273 629.628324508667 607.738738059998 518.986541748047 539.640228271484 693.310661315918 576.505647659302 598.441246032715 492.979545593262 588.475147247314 540.737678527832 587.920209884644 578.554573059082 619.668161392212 701.396152496338 738.589057922363 672.265565872192 661.310261249542 669.002529144287 566.012786865234
585.457578659058 705.759986877441 616.428073883057 588.253799438477 716.394409179688 610.553703308105 688.165840148926 907.045234680176 680.704696655273 961.435260772705 501.13205909729 513.543357849121 502.318271636963 430.425285339355 403.579853057861 526.809474945068 592.584675788879 552.787178039551 694.111864089966 1069.23078918457 604.058045387268 460.199398040771 430.305122375488 472.29549407959 748.35799407959 738.559074401855 593.991500854492 684.873966217041 722.587913513184 661.314230918884 515.712066650391 460.716262817383 449.939071655273 715.531295776367 640.347759246826 616.300061225891 645.418773651123 613.509379386902 451.584655761719 720.203727722168 692.698921203613 419.160888671875 575.032981872559 547.549224853516 642.821090698242 753.394927978516 799.297576904297 777.79118347168 656.168533325195 546.493812561035
538.178024291992 578.045520782471 567.684860229492 518.898994445801 415.448755264282 638.616661071777 472.994173049927 663.917583465576 716.600975036621 603.671957015991 642.844043731689 496.798950195312 516.123001098633 570.565849304199 580.684188842773 617.612211227417 446.527542114258 410.92155456543 550.383520126343 1065.58089447021 733.217239379883 577.786927938461 648.058792114258 532.321243286133 646.571264266968 575.01815032959 536.245681762695 578.52326965332 695.168964385986 634.580286026001 526.193244934082 521.27303314209 669.493197441101 669.92246723175 577.748611450195 629.958770036697 549.45679473877 637.56503868103 614.831015110016 525.279365539551 590.275100708008 514.032592773438 598.98469543457 710.132652282715 622.429470062256 589.828735351562 757.014579772949 735.34016418457 595.853141784668 654.853753805161
639.898193359375 698.564010620117 576.730693817139 592.857061386108 693.043426513672 722.685699462891 510.552932739258 502.792602539062 680.949569702148 679.141216278076 724.41873767972 640.816299438477 683.807411193848 660.20531463623 730.215047836304 803.997261047363 654.395038604736 653.353944778442 624.49999165535 851.426986128092 531.734375 434.661556243896 641.762557983398 476.719223022461 877.920562744141 665.753602981567 490.304046630859 734.420076370239 553.542198181152 503.213577270508 446.415367126465 590.039051055908 813.409324645996 803.849044799805 722.98950958252 715.137580871582 652.804203033447 642.736087799072 608.922985076904 745.290634155273 579.994091033936 507.116333007812 639.748342514038 708.307800292969 672.494600296021 827.898635864258 795.763893127441 675.383628845215 713.535007476807 640.473028182983
573.224281311035 662.329238891602 801.594520568848 852.709671020508 -9999 -9999 -9999 -9999 -9999 -9999 -9999 -9999 -9999 -9999 -9999 770.280628204346 752.729417800903 778.064708709717 668.68994140625 614.893136978149 688.152851104736 534.577705383301 557.393539428711 447.196624755859 598.598106384277 623.025981903076 1035.95691537857 675.688520431519 546.213973999023 775.307327270508 336.922927856445 647.811702728271 668.794839859009 751.574676513672 745.971252441406 773.892608642578 585.061408996582 640.526169300079 604.84861946106 633.58775138855 544.80248260498 579.203262329102 544.737365722656 592.587783813477 617.806659698486 843.099731445312 774.992469787598 497.085174560547 747.057655334473 652.220412254333
-9999 -9999 -9999 -9999 -9999 -9999 -9999 -9999 -9999 -9999 -9999 -9999 -9999 -9999 -9999 -9999 -9999 -9999 657.97469329834 723.380634307861 636.298202514648 742.663988560438 743.141544193029 560.249656677246 486.478561401367 493.643527984619 688.734067440033 678.607479095459 513.69401550293 421.020477294922 475.37720489502 1069.32279205322 663.438255310059 731.4541015625 658.941107749939 665.048976898193 681.793380737305 642.002588748932 638.429727554321 619.408321380615 717.813163757324 631.767082214355 667.009852409363 601.839279174805 817.501373291016 826.697113037109 739.799734115601 608.714973449707 686.606444120407 567.250427246094
