simdem/realisation63.asc
NCOLS 350 
NROWS 171 
XLLCORNER 152620 
YLLCORNER 418050 
CELLSIZE 100 
NODATA_value -9999 
[rows 44 to 65 of 171, columns 50 to 99 of 350]
770.676597595215 893.04451751709 821.577688217163 879.659103393555 498.799808502197 490.651050567627 555.670122146606 592.673789978027 704.052642822266 605.03865814209 977.256237030029 582.430877685547 452.559307098389 524.357122421265 483.535750389099 497.880146026611 505.670295715332 557.02384185791 342.504005432129 325.489059448242 388.819076538086 454.884691238403 342.934242248535 274.220184326172 395.429353713989 549.046524047852 541.884689331055 511.250122070312 554.259689331055 595.902923583984 513.475105285645 639.856964111328 514.648620605469 410.475273132324 424.755615234375 531.600296020508 499.578636169434 501.487491607666 293.954536437988 418.836427927017 473.28645324707 606.853958129883 475.827629089355 535.719032287598 461.500400543213 390.410213470459 469.528453826904 501.822257995605 287.303894042969 331.560745239258
641.413246154785 708.200614929199 641.221791267395 812.499193191528 572.947021484375 574.865879058838 738.365341186523 476.570434570312 427.518539428711 771.892547607422 482.100040435791 458.999227523804 539.756923675537 489.956873416901 408.068969726562 453.606138467789 517.709770202637 395.199741363525 273.317474365234 409.385118484497 383.562267303467 383.019424438477 466.337821960449 458.42725944519 467.761505126953 538.857208251953 481.871284484863 452.071212768555 479.785049438477 432.87504196167 371.348770141602 416.999927520752 322.041488647461 433.740573346615 388.481582641602 416.172420501709 386.467578887939 357.19669342041 379.932653427124 336.023445129395 411.521396636963 392.227809906006 457.08801651001 628.623977661133 473.18607711792 576.606590270996 441.882071495056 435.195642948151 405.669008255005 359.841625213623
658.608753204346 377.055877685547 488.342170715332 448.514708518982 446.046783447266 588.173637390137 752.385070800781 523.450233459473 691.948852539062 695.828582763672 617.495429992676 479.243923187256 440.954967498779 363.490768432617 476.890819072723 377.472328186035 291.890060424805 364.344131469727 423.729817867279 423.855907440186 352.375738143921 341.02953338623 487.659660339355 346.79655456543 375.026447296143 465.743576049805 498.238670349121 397.336687088013 397.352684020996 441.562078475952 511.583290100098 311.064476013184 248.038696289062 423.597506642342 479.875942230225 450.887211427093 382.021118164062 411.824321746826 446.816627502441 367.885105133057 470.093033790588 428.173389434814 411.37536907196 532.900047302246 529.004638671875 341.377166748047 348.821823120117 427.102624893188 463.563194274902 411.931335449219
497.941184997559 338.829864501953 426.062437057495 389.033615112305 412.982149124146 396.819229125977 1148.74019622803 745.312198638916 417.337684631348 442.794914245605 573.430515289307 533.3987865448 340.202209472656 485.826236724854 527.717929840088 476.081420898438 344.972473144531 313.143753051758 577.467361450195 437.794281005859 402.096789240837 366.759706497192 422.405534744263 419.438009262085 424.862663269043 436.04419708252 478.485164642334 441.309621810913 258.597198486328 539.227653503418 462.806880950928 581.036331176758 537.613250732422 316.614318847656 534.590370178223 439.113007545471 383.064514160156 424.09930229187 577.009918212891 397.66731262207 463.377806663513 420.072748184204 428.553916931152 534.72819519043 363.035808563232 298.061111450195 438.409523010254 618.321792602539 311.122512817383 367.785537719727
511.548175811768 475.309652328491 331.292701721191 473.786224365234 415.844200134277 598.08483505249 312.690734863281 381.377197265625 486.197761535645 468.07612991333 512.170927405357 631.156074523926 477.089935302734 527.622042655945 487.240281105042 495.824661254883 463.236417770386 457.497838973999 476.439796447754 437.004432678223 458.004417419434 389.519603729248 372.956830978394 429.183916091919 545.470016479492 545.738876342773 404.46004486084 597.361541748047 437.018037796021 351.758972167969 381.189418792725 428.134202957153 455.483207702637 367.841831207275 476.820190429688 351.798690795898 300.014930725098 499.26806640625 432.714148521423 530.630020141602 668.54084777832 504.628391265869 497.912448883057 486.721866607666 409.588335037231 381.272064208984 318.496963500977 317.07194519043 432.689323425293 409.547412872314
587.638694763184 452.588150024414 641.761322021484 472.20946931839 579.47546005249 365.110397338867 457.825038909912 409.795112609863 412.778182983398 551.299098968506 489.017906188965 619.463203430176 542.683906555176 417.639629364014 481.691915512085 565.136726379395 527.295524597168 389.289584159851 416.674924850464 392.328997612 427.077350616455 368.854808807373 338.735549926758 499.328826904297 319.484336853027 420.956786155701 419.568195343018 416.637288570404 487.697784423828 449.764060974121 367.268966674805 388.847755432129 491.248588562012 404.73193693161 401.075428009033 201.032257080078 266.984741210938 367.821701049805 396.180397033691 589.547561645508 550.712455749512 507.440994262695 365.609992980957 338.238380432129 429.720206737518 600.766540527344 408.603099822998 537.860786437988 427.60065728426 515.358840942383
308.410820007324 397.395217895508 543.79541015625 997.265083312988 633.12003326416 492.312620162964 540.864538192749 499.566928863525 360.963012695312 415.692089080811 389.144947052002 284.492752075195 393.314872741699 534.592357635498 482.607788085938 498.449867248535 476.592826843262 426.409521102905 352.873481750488 492.669910430908 279.132827758789 516.567718505859 392.960428237915 478.804882049561 400.782050609589 397.446563720703 339.185882568359 395.855027198792 318.344451904297 361.455917358398 381.06184387207 464.791673064232 279.715240478516 431.080261982977 498.509376525879 358.982234954834 296.55931854248 151.342590332031 386.784446716309 514.217636108398 453.659973144531 488.618068695068 509.717933654785 395.535598754883 365.099029541016 626.590301513672 539.308441162109 573.373794555664 502.710231781006 547.775596618652
672.075672149658 415.825386047363 466.984992980957 492.408645629883 573.044273376465 508.026503562927 480.257454872131 441.96551990509 521.371742248535 540.627830505371 512.085166931152 341.924934387207 368.890693664551 392.201663970947 500.845985412598 566.376739501953 333.400619506836 387.432285308838 342.118698120117 346.41153717041 375.52417755127 443.597679138184 416.393871307373 389.680612564087 445.309522628784 354.011543273926 443.595274925232 481.290992736816 444.754173278809 502.833633422852 366.837036132812 245.280364990234 215.278442382812 425.315546035767 308.975326538086 326.972450256348 270.972351074219 338.526588439941 177.763946533203 431.945279121399 416.283227920532 464.027658462524 483.808784484863 463.380228042603 376.970706939697 487.234275817871 602.859298706055 499.38525390625 440.765306472778 384.949432373047
671.325157165527 492.575317382812 999.083390235901 538.847242355347 541.629845619202 399.944900512695 486.865413665771 464.419661521912 398.001926422119 574.504020690918 583.141860961914 479.943851470947 361.613784790039 370.614223480225 504.650588989258 545.45352935791 295.618469238281 253.882629394531 457.405229568481 255.751998901367 352.072799682617 559.78498840332 456.677663803101 556.581726074219 324.958908081055 357.409210205078 359.923721313477 414.499899864197 432.130697250366 434.470722198486 344.652015686035 374.915531158447 459.381122589111 413.35157585144 445.322917938232 321.233589172363 285.295471191406 253.930068969727 349.118263244629 375.951225280762 496.057312011719 521.928237915039 423.69658100605 395.352993011475 364.108459472656 456.670810699463 353.585582733154 391.089883804321 366.239978790283 364.513885498047
739.518493652344 593.15816116333 411.017913818359 508.1171875 583.198684692383 571.259254455566 547.231506347656 565.525947570801 416.062839508057 442.253741264343 421.071660995483 620.083587646484 290.07054901123 388.715179443359 437.178213119507 395.316808700562 459.050533294678 369.745651245117 367.761520385742 376.267658233643 471.531303405762 333.602989196777 445.759062767029 455.958709716797 484.719848543406 447.659490585327 304.558128356934 355.819366455078 372.584725856781 467.777732849121 395.752163410187 291.246025085449 379.102584838867 315.365463256836 477.492513656616 365.283340454102 428.044746398926 327.525993347168 237.156661987305 435.738506317139 458.401203155518 505.864608764648 530.827850341797 465.44172668457 502.661987304688 347.587074279785 344.694694519043 461.742221832275 251.711303710938 412.377763748169
694.599792480469 644.721633911133 616.457244873047 740.442390441895 631.148063659668 711.807556152344 552.604736328125 462.337746143341 521.800003051758 430.531063079834 428.700109481812 537.775531768799 441.597423553467 373.165510177612 480.06672668457 436.24174118042 345.836395263672 360.887285232544 307.077865600586 294.72974395752 297.600189208984 376.652122497559 398.240193367004 733.162498474121 609.006229400635 594.500686645508 460.481369018555 423.170444488525 285.312370300293 477.755210876465 436.393890380859 319.61060333252 347.949419021606 410.086071491241 386.543426513672 496.218460083008 411.47653055191 272.130836486816 292.81763458252 394.963021278381 462.045192718506 500.934432983398 524.204765319824 369.988819122314 295.66674041748 428.168961524963 470.0224609375 505.336944580078 325.749237060547 349.118675231934
604.507785081863 1239.33066558838 748.031448364258 749.436340332031 663.332656860352 597.703918457031 527.18180847168 636.354995727539 367.679145812988 239.885559082031 407.959663391113 321.277359008789 270.827651977539 288.118286132812 396.014324188232 457.997131347656 478.050800323486 488.375450134277 309.469520568848 326.040267944336 276.889770507812 264.238235473633 445.871162414551 426.080370903015 428.899278640747 452.462627410889 486.171203613281 345.899838447571 421.562587738037 370.623348236084 341.349395751953 388.825580835342 321.299324035645 483.385986328125 313.173652648926 544.451560974121 513.729141235352 379.006509780884 223.564071655273 340.841594696045 488.552383422852 538.301940917969 369.321119308472 352.825931549072 373.145492553711 318.582611083984 510.635261535645 427.126591682434 434.669595718384 442.607070922852
532.203956604004 633.948394775391 516.429550170898 658.939950942993 454.477729797363 459.192741394043 331.938705444336 380.583808898926 374.505264282227 498.688468933105 362.143566131592 378.31618309021 335.689498901367 362.739402770996 422.643184661865 514.643417358398 597.039535522461 574.765365600586 369.157844543457 297.566413879395 477.648975372314 395.37601852417 409.859533309937 344.18314743042 344.019956588745 360.037806510925 199.493606567383 239.630172729492 330.347801208496 427.085754394531 370.662600278854 400.392518997192 238.826736450195 324.551688194275 434.59568977356 481.836151123047 478.937622070312 426.733783721924 270.496398925781 400.132722854614 440.220485687256 412.591269612312 443.438806533813 361.521018981934 324.378173828125 406.528816223145 474.242259979248 498.979591369629 450.91414642334 503.262275695801
606.119762420654 489.000325679779 481.455635070801 539.950514793396 430.167785644531 446.25740814209 389.153289794922 370.843673706055 387.810161590576 412.291206359863 469.688791275024 379.342657089233 305.326843261719 385.794725418091 362.398643493652 345.298244476318 491.388954162598 526.732162475586 526.189575195312 527.650993347168 538.525039672852 416.227710723877 367.074211120605 293.851142883301 260.216278076172 289.476585388184 388.099456787109 210.948921203613 278.336368560791 352.033497810364 417.442245483398 304.01904296875 412.835517883301 413.51259803772 372.760046005249 378.02366733551 460.603782653809 558.420852661133 385.554286956787 350.55680847168 359.938255310059 362.413066864014 488.526428222656 366.073608398438 381.321952819824 339.617935180664 458.865962982178 578.081192016602 575.772445678711 410.930843353271
446.803573608398 571.734567642212 777.268203735352 634.750785827637 465.720153808594 534.459022521973 382.748435974121 310.127731323242 302.848014831543 370.156661987305 320.529441833496 337.211902618408 294.223373413086 408.456132888794 477.753242492676 479.07186126709 362.921440124512 408.233544111252 533.199371337891 502.344871520996 312.727191925049 309.841365814209 317.778201580048 205.789260864258 137.457580566406 333.26765871048 401.054679870605 392.937252044678 477.937828063965 410.838599205017 497.102935791016 388.115406036377 392.830771446228 540.95426940918 533.39909362793 412.809745788574 461.988296508789 503.626266479492 417.091325759888 404.543023109436 480.987113952637 260.384262084961 453.140554428101 343.186431884766 350.382537841797 381.564880371094 606.388809204102 562.641494750977 484.678588867188 436.491165161133
580.320648193359 505.028823852539 632.760324478149 488.275611877441 522.066520690918 458.071365356445 422.790832519531 265.738342285156 257.213134765625 350.769393920898 233.693099975586 290.539619445801 397.575574874878 453.940895080566 403.361979007721 411.867458343506 425.911120414734 453.688837051392 458.213691711426 452.105846405029 303.613006591797 411.963088989258 378.906284332275 343.667894363403 248.343132019043 361.132863998413 328.044940948486 366.648984909058 450.812240600586 439.896331787109 383.63592338562 305.760955810547 242.780654907227 395.530572891235 363.77499294281 376.991374969482 251.884521484375 436.270259857178 327.090400695801 506.024055480957 410.006620883942 301.892639160156 363.302055358887 370.958792686462 340.328392028809 495.608192443848 480.830757141113 528.403221130371 477.690670013428 404.993698120117
363.517364501953 574.552843987942 612.521499156952 441.437118530273 587.239570617676 606.884304046631 649.572151184082 367.979133605957 405.749000549316 362.446495056152 321.054893493652 384.010401308537 412.855621337891 360.728050231934 407.384990692139 434.56360244751 455.683681488037 431.354214668274 336.021514892578 297.095794677734 244.111099243164 351.217720031738 340.832458496094 286.033180236816 464.310356140137 312.495174407959 218.090698242188 337.404403686523 285.909126281738 432.384922027588 429.055122375488 424.248390197754 464.259582519531 423.256519317627 383.20694732666 441.985733032227 303.780158996582 302.341148376465 412.93182182312 450.094886779785 435.725624084473 300.772941589355 321.787170410156 316.305061340332 495.756561279297 632.329605102539 540.554870605469 494.221881866455 467.640962600708 436.088472366333
594.199340820312 554.28626537323 580.526489257812 566.48964881897 707.321151733398 507.734176635742 608.450267791748 466.172348022461 472.323827266693 296.048263549805 298.258407592773 409.047148704529 438.746086120605 348.311309814453 475.070411682129 462.582277774811 422.765631556511 282.215347290039 316.98787689209 292.557312011719 496.524726867676 340.495491027832 520.826965332031 399.865516662598 406.103519439697 177.595138549805 184.51123046875 380.482933998108 295.909156799316 430.842487335205 294.513473510742 318.32266998291 391.741989135742 406.655878067017 442.048240661621 403.979244232178 346.626308441162 435.697050094604 323.585258483887 629.41943359375 422.031105041504 445.294088363647 243.111846923828 417.997517585754 507.662559509277 495.866020202637 498.056022644043 372.464061737061 389.784172058105 410.730052947998
669.324562072754 540.768198013306 484.215606689453 725.987503051758 762.886169433594 628.965877532959 446.362937927246 412.095405578613 416.844730377197 152.750946044922 371.144065856934 322.960227966309 429.772174835205 332.893184661865 388.337823867798 273.546783447266 226.34716796875 326.926563262939 415.41291809082 424.419239044189 383.865365505219 435.072525024414 424.14767074585 356.98983001709 476.437644958496 413.689193725586 438.390396118164 423.333808898926 409.627221107483 420.561164855957 321.103507995605 502.105743408203 222.325744628906 318.969169616699 229.545379638672 346.441892623901 270.646728515625 473.729858398438 469.550773620605 471.672172546387 409.726841688156 392.361404418945 301.154121398926 434.968940734863 430.497737884521 397.552768707275 455.615895986557 466.699426174164 519.049817085266 404.630836486816
732.768188476562 595.566173553467 522.998760223389 560.909321188927 571.940849304199 316.604141235352 163.236114501953 197.499237060547 247.708297729492 222.79248046875 324.331161499023 342.457786560059 286.629379272461 247.469688415527 345.724988937378 420.842067718506 340.810718536377 443.285713195801 363.389081954956 408.925193786621 380.771788358688 520.911087036133 545.937255859375 359.384376525879 429.865345001221 494.582626342773 403.368223190308 321.604309082031 451.603424072266 513.111869812012 290.250869750977 461.740692138672 225.984680175781 344.825754165649 260.437080383301 322.649879455566 245.85432434082 399.187864303589 310.614387512207 361.528709411621 391.695518493652 384.618511199951 539.281204223633 515.203155517578 477.350040435791 291.726654052734 307.256225585938 382.52974319458 294.027572631836 384.807468414307
597.825927734375 692.733749389648 639.002883911133 767.020156860352 593.122676849365 368.445816040039 369.34252166748 355.336853027344 424.242643356323 495.554656982422 373.511150360107 352.965312957764 308.212471008301 404.168655395508 292.497177124023 462.29906463623 360.313291549683 298.150466918945 241.953643798828 321.772619247437 292.391708374023 344.788196563721 507.45906829834 456.333038330078 523.185607910156 366.920040130615 389.978785276413 360.735250473022 382.756673336029 375.998162984848 414.855306625366 293.372650146484 316.283088684082 392.773758411407 346.058074951172 489.445541381836 378.921439170837 223.758346557617 297.827865600586 377.817029953003 369.477386474609 316.018867492676 557.049179077148 457.828191757202 493.015399932861 286.153549194336 241.965423583984 448.088916778564 347.502723693848 405.91499710083
724.857788085938 599.121543884277 555.283073425293 626.83434677124 487.595916748047 545.794044494629 409.908950805664 548.73021697998 466.88143157959 351.705009460449 425.33678150177 420.785148620605 470.644027709961 448.918281555176 497.924133300781 362.340759277344 266.651824951172 347.684299468994 281.939018249512 287.53092956543 408.958374977112 313.86833190918 458.121612548828 308.886615753174 458.255836486816 561.452194213867 437.349418640137 150.873565673828 372.809659004211 274.03539276123 337.425189971924 374.663094520569 366.490455627441 343.912780761719 418.384702682495 433.477376937866 484.594528198242 407.883879184723 281.667144775391 414.783445358276 273.340469360352 197.918792724609 382.763050079346 482.501342773438 504.539680480957 402.002460479736 423.547391891479 473.429439544678 441.554413795471 457.96636390686
