simdem/realisation77.asc
NCOLS 350 
NROWS 171 
XLLCORNER 152620 
YLLCORNER 418050 
CELLSIZE 100 
NODATA_value -9999 
[rows 0 to 21 of 171, columns 200 to 249 of 350]
-9999 -9999 -9999 -9999 -9999 -9999 -9999 -9999 -9999 -9999 -9999 -9999 -9999 -9999 -9999 -9999 -9999 -9999 -9999 -9999 -9999 -9999 -9999 -9999 -9999 -9999 -9999 -9999 -9999 -9999 -9999 -9999 -9999 -9999 -9999 -9999 -9999 -9999 -9999 -9999 -9999 -9999 -9999 -9999 -9999 -9999 -9999 -9999 -9999 -9999
-9999 -9999 -9999 -9999 -9999 -9999 -9999 -9999 -9999 -9999 -9999 -9999 -9999 -9999 -9999 -9999 -9999 -9999 -9999 -9999 -9999 -9999 -9999 -9999 -9999 -9999 -9999 -9999 -9999 -9999 -9999 -9999 -9999 -9999 -9999 -9999 -9999 -9999 -9999 -9999 -9999 -9999 -9999 -9999 -9999 -9999 -9999 -9999 -9999 -9999
-9999 -9999 -9999 -9999 -9999 -9999 -9999 -9999 -9999 -9999 -9999 -9999 -9999 -9999 -9999 -9999 -9999 -9999 -9999 -9999 -9999 -9999 -9999 -9999 -9999 -9999 -9999 -9999 -9999 -9999 -9999 -9999 -9999 -9999 -9999 -9999 -9999 -9999 -9999 -9999 -9999 -9999 -9999 -9999 -9999 -9999 -9999 -9999 -9999 -9999
-9999 -9999 -9999 -9999 -9999 -9999 -9999 -9999 -9999 -9999 -9999 -9999 -9999 -9999 -9999 -9999 -9999 -9999 -9999 -9999 -9999 -9999 -9999 -9999 -9999 -9999 -9999 -9999 -9999 -9999 -9999 -9999 -9999 -9999 -9999 -9999 -9999 -9999 -9999 -9999 -9999 -9999 -9999 -9999 -9999 -9999 -9999 -9999 -9999 -9999
-9999 -9999 -9999 -9999 -9999 -9999 -9999 -9999 -9999 -9999 -9999 -9999 -9999 -9999 -9999 -9999 -9999 -9999 -9999 -9999 -9999 -9999 -9999 -9999 -9999 -9999 -9999 -9999 -9999 -9999 -9999 -9999 -9999 -9999 -9999 -9999 -9999 -9999 -9999 -9999 -9999 -9999 -9999 -9999 -9999 -9999 -9999 -9999 -9999 -9999
393.836212158203 489.473648071289 639.254356384277 585.371131896973 779.725273132324 -9999 -9999 -9999 -9999 -9999 -9999 -9999 -9999 -9999 -9999 -9999 -9999 -9999 -9999 -9999 -9999 -9999 -9999 -9999 -9999 -9999 -9999 -9999 -9999 -9999 -9999 -9999 -9999 -9999 -9999 -9999 -9999 -9999 -9999 -9999 -9999 -9999 -9999 -9999 -9999 -9999 -9999 -9999 -9999 -9999
510.141929626465 435.344863891602 599.20556640625 474.169043064117 785.414001464844 735.517463684082 721.086700439453 783.738403320312 673.219177246094 589.096870422363 -9999 -9999 -9999 -9999 -9999 -9999 -9999 -9999 -9999 -9999 -9999 -9999 -9999 -9999 -9999 -9999 -9999 -9999 -9999 -9999 -9999 -9999 -9999 -9999 -9999 -9999 -9999 -9999 -9999 -9999 -9999 -9999 -9999 -9999 -9999 -9999 -9999 -9999 -9999 -9999
813.071292877197 467.870069265366 611.111480712891 488.939424514771 687.346580505371 694.865428924561 603.258140563965 585.506355285645 463.660219669342 481.318305969238 451.043933868408 486.755634307861 514.934036254883 606.401340484619 646.486042022705 858.400024414062 963.443603515625 744.049850463867 1098.54766845703 955.189755439758 959.930320739746 818.736358642578 796.30931854248 865.195627212524 889.107725143433 1018.75638580322 1088.71145629883 921.355528354645 994.338018417358 883.014724731445 757.995559692383 798.089065551758 738.102746963501 753.840270996094 741.524848937988 665.648391723633 904.730499267578 858.896209716797 700.736083984375 -9999 -9999 -9999 -9999 -9999 -9999 -9999 -9999 -9999 -9999 -9999
785.567436218262 968.075866699219 912.142364501953 919.408294677734 1145.98284912109 1077.28234863281 1130.78059005737 487.789884567261 436.576593399048 423.259323120117 568.509658813477 411.19669342041 507.318920135498 538.297294616699 517.694191932678 577.227523803711 559.053016662598 574.902786254883 871.581228256226 898.817863464355 858.176662445068 766.186622619629 713.865592956543 668.476852416992 787.523962020874 794.933345794678 964.608413696289 883.14672088623 940.467178344727 904.546905517578 859.028499603271 793.449022293091 546.68571472168 678.048843383789 722.222326278687 685.848526000977 924.22135925293 1016.79498291016 825.997043609619 583.965202331543 680.197067260742 1077.61473846436 1118.45167541504 935.04940032959 718.948593139648 -9999 -9999 -9999 -9999 -9999
963.376666069031 960.404712677002 966.12223815918 930.093521118164 1131.36275482178 1185.69927978516 1251.99681091309 1183.25257873535 986.052719116211 626.97403717041 615.827102661133 659.017608642578 333.907241821289 512.210597991943 531.649183273315 413.514751434326 399.11808013916 524.297241210938 930.486251831055 821.045602798462 824.001654778258 534.863006591797 738.592391967773 892.295257568359 813.901730060577 771.651947021484 934.958389282227 911.025604248047 926.863830566406 873.574139118195 720.715698242188 722.269432067871 477.799072265625 699.861465454102 725.671712875366 703.067539215088 1061.79872512817 1234.01975250244 482.641212463379 406.056167602539 630.734916687012 971.265533447266 807.837322235107 916.983864307404 811.766338348389 1441.51948547363 628.287216186523 -9999 -9999 -9999
786.56160736084 669.174255371094 1203.18591308594 1178.98133659363 1146.01215744019 1253.33343505859 1253.78591537476 1206.82137298584 894.127981185913 625.592826843262 610.656204223633 560.48210144043 541.73113822937 409.246185302734 561.313801288605 493.210372924805 583.460494995117 743.091697692871 822.905226230621 844.723648071289 800.436653137207 1040.99471282959 753.321083068848 669.84125328064 889.550071716309 719.551902770996 892.918434143066 743.509407043457 859.691040039062 800.297927856445 719.183738708496 576.494842529297 616.246299743652 636.70707321167 727.952724456787 544.452003479004 589.853197097778 858.483032226562 858.622817993164 482.560546875 607.274215698242 815.373104095459 757.24720287323 924.215362548828 689.87703704834 1146.3943939209 769.23974609375 1322.21156311035 774.22641658783 -9999
982.419555664062 1135.8842010498 1034.00868225098 1051.78217124939 1153.44012451172 1133.15045261383 1233.25046539307 1175.61302185059 1070.86660385132 813.269611358643 757.10945892334 880.23002243042 615.362903594971 576.089515686035 561.671820878983 523.239562988281 655.75715637207 685.079711914062 833.425748825073 925.325866699219 962.960071563721 1042.98344898224 655.812721252441 702.109602928162 758.123868703842 825.12190246582 643.529769897461 736.234901428223 679.469886779785 816.765445709229 793.555780887604 610.400314331055 559.714553833008 590.174621582031 635.613506317139 561.826793670654 608.214225292206 1048.48468780518 1014.49230194092 1051.04745483398 709.915252685547 776.013168334961 768.726229667664 789.161834716797 696.104400634766 700.453140258789 653.565124511719 1213.44152832031 737.435333251953 821.260696411133
832.147672653198 867.726545333862 945.937013626099 801.520195007324 849.204513549805 934.195728302002 752.522506713867 652.839902877808 953.324062347412 780.365905761719 790.079021453857 807.656258583069 787.050312995911 709.155082702637 757.437552452087 649.709716796875 722.965728759766 837.660858154297 836.211181640625 1002.56214141846 1126.4944229126 1137.14279747009 794.398720264435 727.095546722412 837.178218841553 878.995359420776 826.673690795898 793.473579406738 776.180107116699 822.464096069336 864.017826080322 790.374977111816 676.884117126465 615.916275024414 749.291488647461 630.571479797363 640.795272827148 1128.78785705566 1129.93991088867 974.650876998901 744.792320251465 695.727447509766 606.805088043213 1037.83937072754 882.836059570312 758.659294128418 787.950569152832 736.857151031494 801.905708312988 661.095428466797
750.684478759766 719.32889175415 763.953392028809 683.527145385742 619.75431060791 598.079490661621 609.464111328125 804.72180557251 1071.26774597168 825.68790435791 682.778747558594 948.143453598022 804.073919296265 828.434982299805 754.211723327637 1171.12910461426 777.468803405762 674.403366088867 1046.09564208984 1447.14585876465 945.402679443359 1310.07352161407 966.372604370117 625.020355224609 651.507675170898 686.32942199707 680.812896728516 742.2575340271 892.129920959473 774.618942260742 749.950775146484 719.026458740234 874.791572570801 898.319686889648 988.263793945312 917.929840087891 989.598888397217 1001.75172424316 1106.82233047485 985.39022064209 930.357391357422 842.944869995117 488.830520629883 1047.68458557129 1069.1471786499 989.711569786072 1005.08928871155 641.210746765137 698.848014831543 921.495391845703
724.011985778809 809.753555297852 750.640506744385 677.120770692825 651.136779785156 760.736358642578 646.582492828369 891.840492248535 690.138740539551 829.070137023926 1063.99775695801 1107.84272766113 1381.96830749512 771.67663192749 782.349266529083 642.417755126953 735.433699607849 725.836891174316 792.860022544861 1218.54625701904 855.958763122559 823.671867370605 768.862350463867 1071.05162811279 695.141653060913 767.81317949295 730.658279418945 889.820503234863 761.298934936523 704.815017700195 824.622749328613 597.421875 692.384643554688 777.813262939453 744.839019775391 869.788398742676 977.221279621124 1003.87083435059 1102.66209411621 999.912055969238 993.264302253723 1017.62514066696 1097.70305252075 1296.85441589355 1128.39768981934 908.216262817383 887.473281860352 852.218101501465 682.655868530273 960.638671875
630.143943786621 659.301132202148 742.906965255737 792.844650268555 847.856678009033 779.616958618164 668.199897766113 699.742824554443 760.668586730957 733.118579864502 617.407913208008 733.767345428467 769.390613555908 738.967124938965 638.090576171875 759.960224151611 637.063972473145 634.509300231934 770.695816993713 755.066661834717 735.972274780273 759.930006027222 671.499923706055 768.546070098877 835.45272064209 764.60835647583 779.852119445801 849.673425674438 735.653869628906 802.38586807251 737.248924255371 912.897163391113 751.134387969971 762.324935913086 816.726676940918 856.68780875206 930.410903930664 964.802375793457 1023.70365142822 893.400951385498 837.526016235352 854.292900085449 991.23551940918 983.506154060364 1164.78819274902 1120.27872848511 876.260429382324 789.024963378906 823.722754478455 848.021955490112
833.009700775146 789.360349655151 762.861057281494 888.821380615234 947.819915771484 723.695678710938 828.414070129395 717.429079055786 804.114562988281 729.689518928528 924.744647979736 977.387598991394 750.473917007446 752.498488426208 696.079238891602 559.019165039062 717.106847763062 743.995295524597 689.252773284912 737.257526397705 872.986053466797 737.446319580078 757.954036712646 704.083904266357 807.902076721191 802.875995635986 787.615441799164 1376.12347412109 847.476898193359 731.138534545898 851.418327331543 1019.59368896484 773.049987792969 824.341026306152 856.58779335022 808.664947509766 829.661239624023 928.35807800293 809.040237426758 678.849426269531 813.988235473633 894.376697540283 972.605756759644 967.867835998535 915.07982635498 1013.98044919968 986.679168701172 1091.8218460083 765.578842163086 701.881072998047
486.273849487305 491.014434814453 1313.93360137939 790.924278259277 722.096437454224 772.923785209656 701.691938877106 764.254173278809 686.109445571899 741.717361450195 908.399578094482 709.097524642944 734.818441390991 792.141304016113 805.330806732178 594.430541992188 599.535552978516 858.535835266113 784.469078063965 566.683036804199 704.582320213318 769.455207824707 566.986282348633 657.219539642334 573.618492126465 583.405822753906 703.231582641602 634.279609680176 783.772579193115 725.744323730469 1081.56684303284 815.315452575684 639.988426208496 1270.30927276611 674.276382446289 547.134124755859 806.991683959961 877.059524536133 859.409156799316 715.810974121094 655.806449890137 831.887199401855 914.425346374512 741.08910369873 858.597948074341 879.848924636841 904.170745849609 831.942657470703 852.228553771973 827.508583068848
961.334686279297 496.637466430664 1194.46368408203 1159.94170856476 759.775394439697 768.921332597733 708.223972320557 735.452823638916 1034.61350250244 699.485794067383 665.284008026123 694.346420288086 785.509880065918 777.574043273926 725.993726491928 783.804136276245 633.505241394043 589.714302062988 554.613891601562 548.873046875 647.604362487793 815.389808148146 722.533962249756 685.236005783081 589.694808959961 730.811882019043 793.711757659912 916.590942382812 770.44095993042 711.471321105957 768.7058801651 778.796899080276 829.893028259277 762.497031450272 681.993011474609 1169.02728271484 580.536468505859 669.19856262207 808.740203857422 730.738014221191 774.665374755859 859.795101165771 943.496234893799 827.606018066406 750.873741149902 786.951190948486 786.936370849609 726.347152709961 909.554979324341 1100.42994308472
698.73379611969 603.5107421875 762.319660186768 804.148355484009 1268.35446929932 1411.80943489075 878.581060409546 719.091643810272 589.00008392334 741.047080993652 596.715446472168 674.051318645477 540.686248779297 644.893486022949 712.069429397583 593.607757568359 656.822616577148 526.924819946289 562.36499786377 514.809143066406 739.844902038574 671.072932243347 612.122947692871 670.555968046188 634.659633636475 780.713582992554 828.181602478027 869.846954345703 813.49243927002 686.694446563721 719.345008850098 770.088248252869 880.889747619629 710.324646949768 712.277379989624 633.717910766602 692.95272064209 1115.80950927734 657.911888122559 806.389835357666 797.1633644104 745.958894729614 789.322551727295 939.7516746521 774.295560836792 751.58472442627 907.406401634216 831.906965255737 904.416974544525 816.33032989502
594.51146697998 605.673728942871 589.948669433594 600.065093994141 796.180450439453 707.400707244873 726.707176208496 786.716415405273 834.571624755859 772.774375915527 648.52672958374 559.642921447754 702.014183044434 770.565124511719 623.239227294922 680.418384552002 682.197044372559 664.893844604492 722.334831237793 632.495429992676 657.288944244385 462.433166503906 544.509231567383 527.192337036133 671.781989574432 744.667225837708 743.827301502228 779.963493347168 737.038987159729 697.826574325562 750.005759239197 742.453023910522 701.929748535156 649.368148803711 839.331977844238 807.682949066162 813.291652679443 770.415515899658 791.71585559845 1249.11630249023 1427.79470825195 860.49348449707 599.515258789062 676.932067871094 905.598587036133 977.431274414062 897.105812072754 1103.23847198486 1105.40132904053 743.638244628906
725.450584411621 750.874542236328 629.878837585449 567.654090881348 772.357055664062 727.046415328979 649.096313476562 603.178581237793 636.538917541504 715.884002685547 532.845947265625 478.533004760742 615.378299713135 667.6940305233 559.041969299316 666.931629180908 621.950736999512 683.490202903748 687.454236984253 544.420776367188 653.175315856934 531.472534179688 657.097381591797 688.84407377243 689.569225668907 830.396942138672 749.228462219238 728.501553058624 794.954483032227 683.486854553223 595.227798461914 808.716644287109 648.676765441895 849.704307556152 683.582374572754 758.826867103577 892.761589050293 879.262031555176 736.596839904785 899.282897949219 746.360833644867 758.858766555786 610.363616943359 788.406196594238 823.974029541016 798.858554840088 950.915267944336 810.00724029541 912.467727661133 870.184376239777
